# unix_time, cycles_done, cur_path, paths_total, pending_total, pending_favs, map_size, unique_crashes, unique_hangs, max_depth, execs_per_sec
1735633166, 0, 0, 10, 10, 1, 0.01%, 0, 0, 1, 84.12
1735633171, 0, 3, 10, 10, 1, 0.01%, 0, 0, 1, 104.77
1735633176, 0, 4, 10, 9, 0, 0.01%, 0, 0, 1, 100.50
1735633187, 0, 5, 10, 8, 0, 0.01%, 0, 0, 1, 101.78
1735633197, 0, 6, 10, 7, 0, 0.01%, 0, 0, 1, 99.59
1735633207, 0, 7, 10, 6, 0, 0.01%, 0, 0, 1, 101.91
1735633217, 0, 8, 10, 5, 0, 0.01%, 0, 0, 1, 97.34
1735633227, 0, 9, 10, 4, 0, 0.01%, 0, 0, 1, 97.03
1735633237, 1, 0, 10, 3, 0, 0.01%, 0, 0, 1, 95.88
1735633253, 1, 1, 10, 2, 0, 0.01%, 0, 0, 1, 104.89
1735633263, 1, 2, 10, 1, 0, 0.01%, 0, 0, 1, 93.03
1735633273, 1, 3, 10, 0, 0, 0.01%, 0, 0, 1, 104.43
1735633278, 1, 4, 10, 0, 0, 0.01%, 0, 0, 1, 102.84
1735633283, 1, 6, 10, 0, 0, 0.01%, 0, 0, 1, 102.63
1735633288, 1, 7, 10, 0, 0, 0.01%, 0, 0, 1, 101.37
1735633294, 1, 8, 10, 0, 0, 0.01%, 0, 0, 1, 104.87
1735633299, 2, 0, 10, 0, 0, 0.01%, 0, 0, 1, 103.88
1735633304, 2, 1, 10, 0, 0, 0.01%, 0, 0, 1, 101.61
1735633309, 2, 3, 10, 0, 0, 0.01%, 0, 0, 1, 105.02
1735633314, 2, 4, 10, 0, 0, 0.01%, 0, 0, 1, 102.31
1735633319, 2, 6, 10, 0, 0, 0.01%, 0, 0, 1, 104.06
1735633324, 2, 7, 10, 0, 0, 0.01%, 0, 0, 1, 104.84
1735633329, 2, 8, 10, 0, 0, 0.01%, 0, 0, 1, 105.20
1735633334, 3, 0, 10, 0, 0, 0.01%, 0, 0, 1, 104.55
1735633339, 3, 1, 10, 0, 0, 0.01%, 0, 0, 1, 104.57
1735633344, 3, 3, 10, 0, 0, 0.01%, 0, 0, 1, 103.35
1735633349, 3, 4, 10, 0, 0, 0.01%, 0, 0, 1, 101.57
1735633355, 3, 6, 10, 0, 0, 0.01%, 0, 0, 1, 102.95
1735633360, 3, 7, 10, 0, 0, 0.01%, 0, 0, 1, 102.98
1735633365, 3, 8, 10, 0, 0, 0.01%, 0, 0, 1, 103.44
1735633370, 4, 0, 10, 0, 0, 0.01%, 0, 0, 1, 102.02
1735633375, 4, 1, 10, 0, 0, 0.01%, 0, 0, 1, 101.05
1735633380, 4, 3, 10, 0, 0, 0.01%, 0, 0, 1, 102.29
1735633385, 4, 4, 10, 0, 0, 0.01%, 0, 0, 1, 99.26
1735633390, 4, 5, 10, 0, 0, 0.01%, 0, 0, 1, 101.90
1735633395, 4, 7, 10, 0, 0, 0.01%, 0, 0, 1, 102.08
1735633400, 4, 8, 10, 0, 0, 0.01%, 0, 0, 1, 103.16
1735633405, 5, 0, 10, 0, 0, 0.01%, 0, 0, 1, 102.27
1735633410, 5, 1, 10, 0, 0, 0.01%, 0, 0, 1, 101.87
1735633415, 5, 2, 10, 0, 0, 0.01%, 0, 0, 1, 103.26
1735633420, 5, 4, 10, 0, 0, 0.01%, 0, 0, 1, 103.94
1735633425, 5, 5, 10, 0, 0, 0.01%, 0, 0, 1, 102.10
1735633430, 5, 7, 10, 0, 0, 0.01%, 0, 0, 1, 102.41
1735633435, 5, 8, 10, 0, 0, 0.01%, 0, 0, 1, 102.29
1735633440, 5, 9, 10, 0, 0, 0.01%, 0, 0, 1, 103.04
1735633445, 6, 1, 10, 0, 0, 0.01%, 0, 0, 1, 102.94
1735633451, 6, 2, 10, 0, 0, 0.01%, 0, 0, 1, 103.55
1735633456, 6, 4, 10, 0, 0, 0.01%, 0, 0, 1, 102.87
1735633461, 6, 5, 10, 0, 0, 0.01%, 0, 0, 1, 103.40
1735633466, 6, 6, 10, 0, 0, 0.01%, 0, 0, 1, 102.66
1735633471, 6, 8, 10, 0, 0, 0.01%, 0, 0, 1, 102.55
1735633476, 6, 9, 10, 0, 0, 0.01%, 0, 0, 1, 101.67
1735633481, 7, 1, 10, 0, 0, 0.01%, 0, 0, 1, 100.46
1735633486, 7, 2, 10, 0, 0, 0.01%, 0, 0, 1, 103.68
1735633491, 7, 4, 10, 0, 0, 0.01%, 0, 0, 1, 101.11
1735633496, 7, 5, 10, 0, 0, 0.01%, 0, 0, 1, 100.78
1735633502, 7, 6, 10, 0, 0, 0.01%, 0, 0, 1, 103.85
1735633507, 7, 8, 10, 0, 0, 0.01%, 0, 0, 1, 101.02
1735633512, 7, 9, 10, 0, 0, 0.01%, 0, 0, 1, 103.44
1735633517, 8, 1, 10, 0, 0, 0.01%, 0, 0, 1, 103.74
1735633522, 8, 2, 10, 0, 0, 0.01%, 0, 0, 1, 102.98
1735633527, 8, 4, 10, 0, 0, 0.01%, 0, 0, 1, 103.00
1735633532, 8, 5, 10, 0, 0, 0.01%, 0, 0, 1, 102.36
1735633537, 8, 6, 10, 0, 0, 0.01%, 0, 0, 1, 106.80
1735633542, 8, 8, 10, 0, 0, 0.01%, 0, 0, 1, 105.57
1735633547, 8, 9, 10, 0, 0, 0.01%, 0, 0, 1, 103.22
1735633552, 9, 1, 10, 0, 0, 0.01%, 0, 0, 1, 103.46
1735633557, 9, 2, 10, 0, 0, 0.01%, 0, 0, 1, 104.22
1735633562, 9, 4, 10, 0, 0, 0.01%, 0, 0, 1, 102.92
1735633567, 9, 5, 10, 0, 0, 0.01%, 0, 0, 1, 103.23
1735633573, 9, 6, 10, 0, 0, 0.01%, 0, 0, 1, 103.28
1735633578, 9, 8, 10, 0, 0, 0.01%, 0, 0, 1, 103.25
1735633583, 9, 9, 10, 0, 0, 0.01%, 0, 0, 1, 101.86
1735633588, 10, 1, 10, 0, 0, 0.01%, 0, 0, 1, 102.46
1735633593, 10, 2, 10, 0, 0, 0.01%, 0, 0, 1, 99.39
1735633598, 10, 3, 10, 0, 0, 0.01%, 0, 0, 1, 101.54
1735633603, 10, 5, 10, 0, 0, 0.01%, 0, 0, 1, 103.49
1735633608, 10, 6, 10, 0, 0, 0.01%, 0, 0, 1, 102.45
1735633613, 10, 8, 10, 0, 0, 0.01%, 0, 0, 1, 101.99
1735633618, 10, 9, 10, 0, 0, 0.01%, 0, 0, 1, 102.18
1735633623, 11, 1, 10, 0, 0, 0.01%, 0, 0, 1, 102.95
1735633628, 11, 2, 10, 0, 0, 0.01%, 0, 0, 1, 101.92
1735633633, 11, 3, 10, 0, 0, 0.01%, 0, 0, 1, 101.06
1735633638, 11, 5, 10, 0, 0, 0.01%, 0, 0, 1, 101.85
1735633643, 11, 6, 10, 0, 0, 0.01%, 0, 0, 1, 100.25
1735633649, 11, 8, 10, 0, 0, 0.01%, 0, 0, 1, 104.00
1735633654, 11, 9, 10, 0, 0, 0.01%, 0, 0, 1, 102.19
1735633659, 12, 0, 10, 0, 0, 0.01%, 0, 0, 1, 103.06
1735633664, 12, 2, 10, 0, 0, 0.01%, 0, 0, 1, 103.19
1735633669, 12, 3, 10, 0, 0, 0.01%, 0, 0, 1, 102.41
1735633674, 12, 5, 10, 0, 0, 0.01%, 0, 0, 1, 104.57
1735633679, 12, 6, 10, 0, 0, 0.01%, 0, 0, 1, 102.40
1735633684, 12, 8, 10, 0, 0, 0.01%, 0, 0, 1, 101.23
1735633689, 12, 9, 10, 0, 0, 0.01%, 0, 0, 1, 101.49
1735633695, 13, 0, 10, 0, 0, 0.01%, 0, 0, 1, 103.65
1735633700, 13, 2, 10, 0, 0, 0.01%, 0, 0, 1, 101.47
1735633705, 13, 3, 10, 0, 0, 0.01%, 0, 0, 1, 102.80
1735633710, 13, 5, 10, 0, 0, 0.01%, 0, 0, 1, 102.53
1735633715, 13, 6, 10, 0, 0, 0.01%, 0, 0, 1, 101.49
1735633720, 13, 7, 10, 0, 0, 0.01%, 0, 0, 1, 104.65
1735633725, 13, 9, 10, 0, 0, 0.01%, 0, 0, 1, 103.64
1735633730, 14, 0, 10, 0, 0, 0.01%, 0, 0, 1, 101.34
1735633735, 14, 2, 10, 0, 0, 0.01%, 0, 0, 1, 104.29
1735633740, 14, 3, 10, 0, 0, 0.01%, 0, 0, 1, 101.79
1735633745, 14, 4, 10, 0, 0, 0.01%, 0, 0, 1, 103.68
1735633750, 14, 6, 10, 0, 0, 0.01%, 0, 0, 1, 103.98
1735633755, 14, 7, 10, 0, 0, 0.01%, 0, 0, 1, 103.11
1735633761, 14, 9, 10, 0, 0, 0.01%, 0, 0, 1, 101.30
1735633766, 15, 0, 10, 0, 0, 0.01%, 0, 0, 1, 101.83
1735633771, 15, 2, 10, 0, 0, 0.01%, 0, 0, 1, 102.71
1735633776, 15, 3, 10, 0, 0, 0.01%, 0, 0, 1, 105.91
1735633781, 15, 5, 10, 0, 0, 0.01%, 0, 0, 1, 107.17
1735633786, 15, 6, 10, 0, 0, 0.01%, 0, 0, 1, 109.08
1735633791, 15, 7, 10, 0, 0, 0.01%, 0, 0, 1, 106.31
1735633796, 15, 9, 10, 0, 0, 0.01%, 0, 0, 1, 106.34
1735633801, 16, 0, 10, 0, 0, 0.01%, 0, 0, 1, 107.10
1735633806, 16, 2, 10, 0, 0, 0.01%, 0, 0, 1, 105.51
1735633811, 16, 3, 10, 0, 0, 0.01%, 0, 0, 1, 106.25
1735633816, 16, 5, 10, 0, 0, 0.01%, 0, 0, 1, 106.65
1735633821, 16, 6, 10, 0, 0, 0.01%, 0, 0, 1, 104.64
1735633826, 16, 8, 10, 0, 0, 0.01%, 0, 0, 1, 105.03
1735633832, 16, 9, 10, 0, 0, 0.01%, 0, 0, 1, 108.84
1735633837, 17, 1, 10, 0, 0, 0.01%, 0, 0, 1, 109.74
1735633842, 17, 2, 10, 0, 0, 0.01%, 0, 0, 1, 108.17
1735633847, 17, 4, 10, 0, 0, 0.01%, 0, 0, 1, 108.67
1735633852, 17, 5, 10, 0, 0, 0.01%, 0, 0, 1, 107.61
1735633857, 17, 7, 10, 0, 0, 0.01%, 0, 0, 1, 104.54
1735633862, 17, 8, 10, 0, 0, 0.01%, 0, 0, 1, 106.52
1735633867, 18, 0, 10, 0, 0, 0.01%, 0, 0, 1, 106.97
1735633873, 18, 1, 10, 0, 0, 0.01%, 0, 0, 1, 106.52
1735633878, 18, 3, 10, 0, 0, 0.01%, 0, 0, 1, 105.73
1735633883, 18, 4, 10, 0, 0, 0.01%, 0, 0, 1, 107.97
1735633888, 18, 6, 10, 0, 0, 0.01%, 0, 0, 1, 106.98
1735633893, 18, 7, 10, 0, 0, 0.01%, 0, 0, 1, 105.33
1735633898, 18, 9, 10, 0, 0, 0.01%, 0, 0, 1, 107.84
1735633903, 19, 0, 10, 0, 0, 0.01%, 0, 0, 1, 105.49
1735633908, 19, 2, 10, 0, 0, 0.01%, 0, 0, 1, 107.70
1735633913, 19, 3, 10, 0, 0, 0.01%, 0, 0, 1, 108.32
1735633918, 19, 5, 10, 0, 0, 0.01%, 0, 0, 1, 109.91
1735633924, 19, 6, 10, 0, 0, 0.01%, 0, 0, 1, 105.29
1735633929, 19, 8, 10, 0, 0, 0.01%, 0, 0, 1, 108.55
1735633934, 19, 9, 10, 0, 0, 0.01%, 0, 0, 1, 105.89
1735633939, 20, 0, 10, 0, 0, 0.01%, 0, 0, 1, 106.58
1735633944, 20, 2, 10, 0, 0, 0.01%, 0, 0, 1, 107.26
1735633949, 20, 3, 10, 0, 0, 0.01%, 0, 0, 1, 106.82
1735633954, 20, 5, 10, 0, 0, 0.01%, 0, 0, 1, 107.39
1735633959, 20, 6, 10, 0, 0, 0.01%, 0, 0, 1, 106.48
1735633964, 20, 8, 10, 0, 0, 0.01%, 0, 0, 1, 107.62
1735633969, 20, 9, 10, 0, 0, 0.01%, 0, 0, 1, 104.86
1735633974, 21, 1, 10, 0, 0, 0.01%, 0, 0, 1, 105.04
1735633980, 21, 2, 10, 0, 0, 0.01%, 0, 0, 1, 109.69
1735633985, 21, 4, 10, 0, 0, 0.01%, 0, 0, 1, 106.38
1735633990, 21, 5, 10, 0, 0, 0.01%, 0, 0, 1, 106.12
1735633995, 21, 7, 10, 0, 0, 0.01%, 0, 0, 1, 105.27
1735634000, 21, 8, 10, 0, 0, 0.01%, 0, 0, 1, 108.35
1735634005, 22, 0, 10, 0, 0, 0.01%, 0, 0, 1, 108.18
1735634010, 22, 1, 10, 0, 0, 0.01%, 0, 0, 1, 107.66
1735634015, 22, 3, 10, 0, 0, 0.01%, 0, 0, 1, 109.39
1735634020, 22, 4, 10, 0, 0, 0.01%, 0, 0, 1, 106.55
1735634025, 22, 6, 10, 0, 0, 0.01%, 0, 0, 1, 105.00
1735634031, 22, 7, 10, 0, 0, 0.01%, 0, 0, 1, 106.05
1735634036, 22, 9, 10, 0, 0, 0.01%, 0, 0, 1, 106.66
1735634041, 23, 0, 10, 0, 0, 0.01%, 0, 0, 1, 110.29
1735634046, 23, 2, 10, 0, 0, 0.01%, 0, 0, 1, 107.97
1735634051, 23, 3, 10, 0, 0, 0.01%, 0, 0, 1, 106.24
1735634056, 23, 5, 10, 0, 0, 0.01%, 0, 0, 1, 109.91
1735634061, 23, 6, 10, 0, 0, 0.01%, 0, 0, 1, 107.04
1735634066, 23, 8, 10, 0, 0, 0.01%, 0, 0, 1, 107.15
1735634071, 23, 9, 10, 0, 0, 0.01%, 0, 0, 1, 109.58
1735634076, 24, 1, 10, 0, 0, 0.01%, 0, 0, 1, 111.80
1735634081, 24, 2, 10, 0, 0, 0.01%, 0, 0, 1, 106.46
1735634087, 24, 4, 10, 0, 0, 0.01%, 0, 0, 1, 106.27
1735634092, 24, 5, 10, 0, 0, 0.01%, 0, 0, 1, 106.58
1735634097, 24, 7, 10, 0, 0, 0.01%, 0, 0, 1, 111.35
1735634102, 24, 8, 10, 0, 0, 0.01%, 0, 0, 1, 107.93
1735634107, 25, 0, 10, 0, 0, 0.01%, 0, 0, 1, 108.60
1735634112, 25, 1, 10, 0, 0, 0.01%, 0, 0, 1, 105.58
1735634117, 25, 3, 10, 0, 0, 0.01%, 0, 0, 1, 105.17
1735634123, 25, 4, 10, 0, 0, 0.01%, 0, 0, 1, 105.95
1735634128, 25, 6, 10, 0, 0, 0.01%, 0, 0, 1, 107.73
1735634133, 25, 7, 10, 0, 0, 0.01%, 0, 0, 1, 107.52
1735634138, 25, 9, 10, 0, 0, 0.01%, 0, 0, 1, 112.55
1735634143, 26, 0, 10, 0, 0, 0.01%, 0, 0, 1, 109.09
1735634148, 26, 2, 10, 0, 0, 0.01%, 0, 0, 1, 104.56
1735634153, 26, 3, 10, 0, 0, 0.01%, 0, 0, 1, 103.41
1735634158, 26, 4, 10, 0, 0, 0.01%, 0, 0, 1, 104.84
1735634163, 26, 6, 10, 0, 0, 0.01%, 0, 0, 1, 106.86
1735634168, 26, 7, 10, 0, 0, 0.01%, 0, 0, 1, 105.69
1735634173, 26, 9, 10, 0, 0, 0.01%, 0, 0, 1, 108.38
1735634178, 27, 0, 10, 0, 0, 0.01%, 0, 0, 1, 107.03
1735634183, 27, 2, 10, 0, 0, 0.01%, 0, 0, 1, 106.45
1735634188, 27, 3, 10, 0, 0, 0.01%, 0, 0, 1, 109.62
1735634194, 27, 5, 10, 0, 0, 0.01%, 0, 0, 1, 107.38
1735634199, 27, 6, 10, 0, 0, 0.01%, 0, 0, 1, 106.44
1735634204, 27, 8, 10, 0, 0, 0.01%, 0, 0, 1, 103.20
1735634209, 27, 9, 10, 0, 0, 0.01%, 0, 0, 1, 109.44
1735634214, 28, 1, 10, 0, 0, 0.01%, 0, 0, 1, 109.34
1735634219, 28, 2, 10, 0, 0, 0.01%, 0, 0, 1, 108.06
1735634225, 28, 4, 10, 0, 0, 0.01%, 0, 0, 1, 107.33
1735634230, 28, 5, 10, 0, 0, 0.01%, 0, 0, 1, 106.38
1735634235, 28, 7, 10, 0, 0, 0.01%, 0, 0, 1, 106.11
1735634240, 28, 8, 10, 0, 0, 0.01%, 0, 0, 1, 105.59
1735634245, 29, 0, 10, 0, 0, 0.01%, 0, 0, 1, 107.31
1735634250, 29, 1, 10, 0, 0, 0.01%, 0, 0, 1, 107.29
1735634255, 29, 3, 10, 0, 0, 0.01%, 0, 0, 1, 107.65
1735634261, 29, 4, 10, 0, 0, 0.01%, 0, 0, 1, 108.76
1735634266, 29, 6, 10, 0, 0, 0.01%, 0, 0, 1, 108.29
1735634271, 29, 7, 10, 0, 0, 0.01%, 0, 0, 1, 107.90
1735634276, 29, 9, 10, 0, 0, 0.01%, 0, 0, 1, 106.63
1735634281, 30, 0, 10, 0, 0, 0.01%, 0, 0, 1, 108.12
1735634286, 30, 2, 10, 0, 0, 0.01%, 0, 0, 1, 109.13
1735634291, 30, 3, 10, 0, 0, 0.01%, 0, 0, 1, 106.12
1735634296, 30, 5, 10, 0, 0, 0.01%, 0, 0, 1, 108.81
1735634301, 30, 6, 10, 0, 0, 0.01%, 0, 0, 1, 106.59
1735634306, 30, 8, 10, 0, 0, 0.01%, 0, 0, 1, 108.44
1735634312, 30, 9, 10, 0, 0, 0.01%, 0, 0, 1, 107.05
1735634317, 31, 1, 10, 0, 0, 0.01%, 0, 0, 1, 106.95
1735634322, 31, 2, 10, 0, 0, 0.01%, 0, 0, 1, 107.25
1735634327, 31, 3, 10, 0, 0, 0.01%, 0, 0, 1, 106.48
1735634332, 31, 5, 10, 0, 0, 0.01%, 0, 0, 1, 104.50
1735634337, 31, 6, 10, 0, 0, 0.01%, 0, 0, 1, 106.50
1735634342, 31, 8, 10, 0, 0, 0.01%, 0, 0, 1, 110.16
1735634347, 31, 9, 10, 0, 0, 0.01%, 0, 0, 1, 109.35
1735634352, 32, 1, 10, 0, 0, 0.01%, 0, 0, 1, 109.05
1735634357, 32, 2, 10, 0, 0, 0.01%, 0, 0, 1, 105.54
1735634362, 32, 4, 10, 0, 0, 0.01%, 0, 0, 1, 106.49
1735634368, 32, 5, 10, 0, 0, 0.01%, 0, 0, 1, 103.72
1735634373, 32, 7, 10, 0, 0, 0.01%, 0, 0, 1, 105.04
1735634378, 32, 8, 10, 0, 0, 0.01%, 0, 0, 1, 104.48
1735634383, 33, 0, 10, 0, 0, 0.01%, 0, 0, 1, 105.90
1735634388, 33, 1, 10, 0, 0, 0.01%, 0, 0, 1, 105.62
1735634394, 33, 3, 10, 0, 0, 0.01%, 0, 0, 1, 105.03
1735634399, 33, 4, 10, 0, 0, 0.01%, 0, 0, 1, 107.46
1735634404, 33, 6, 10, 0, 0, 0.01%, 0, 0, 1, 107.30
1735634409, 33, 7, 10, 0, 0, 0.01%, 0, 0, 1, 107.43
1735634414, 33, 9, 10, 0, 0, 0.01%, 0, 0, 1, 107.35
1735634419, 34, 0, 10, 0, 0, 0.01%, 0, 0, 1, 108.79
1735634424, 34, 2, 10, 0, 0, 0.01%, 0, 0, 1, 108.25
1735634430, 34, 3, 10, 0, 0, 0.01%, 0, 0, 1, 108.90
1735634435, 34, 5, 10, 0, 0, 0.01%, 0, 0, 1, 108.24
1735634440, 34, 6, 10, 0, 0, 0.01%, 0, 0, 1, 107.29
1735634445, 34, 8, 10, 0, 0, 0.01%, 0, 0, 1, 108.06
1735634450, 34, 9, 10, 0, 0, 0.01%, 0, 0, 1, 108.36
1735634455, 35, 1, 10, 0, 0, 0.01%, 0, 0, 1, 109.83
1735634460, 35, 2, 10, 0, 0, 0.01%, 0, 0, 1, 106.87
1735634465, 35, 4, 10, 0, 0, 0.01%, 0, 0, 1, 107.84
1735634470, 35, 5, 10, 0, 0, 0.01%, 0, 0, 1, 106.28
1735634475, 35, 7, 10, 0, 0, 0.01%, 0, 0, 1, 105.90
1735634481, 35, 8, 10, 0, 0, 0.01%, 0, 0, 1, 105.95
1735634486, 36, 0, 10, 0, 0, 0.01%, 0, 0, 1, 106.42
1735634491, 36, 1, 10, 0, 0, 0.01%, 0, 0, 1, 106.13
1735634496, 36, 2, 10, 0, 0, 0.01%, 0, 0, 1, 107.06
1735634501, 36, 4, 10, 0, 0, 0.01%, 0, 0, 1, 108.00
1735634506, 36, 5, 10, 0, 0, 0.01%, 0, 0, 1, 107.26
1735634511, 36, 7, 10, 0, 0, 0.01%, 0, 0, 1, 106.27
1735634516, 36, 8, 10, 0, 0, 0.01%, 0, 0, 1, 108.35
1735634521, 37, 0, 10, 0, 0, 0.01%, 0, 0, 1, 106.82
1735634526, 37, 1, 10, 0, 0, 0.01%, 0, 0, 1, 107.29
1735634532, 37, 3, 10, 0, 0, 0.01%, 0, 0, 1, 110.87
1735634537, 37, 5, 10, 0, 0, 0.01%, 0, 0, 1, 108.30
1735634542, 37, 6, 10, 0, 0, 0.01%, 0, 0, 1, 106.20
1735634547, 37, 8, 10, 0, 0, 0.01%, 0, 0, 1, 107.85
1735634552, 37, 9, 10, 0, 0, 0.01%, 0, 0, 1, 107.49
1735634557, 38, 0, 10, 0, 0, 0.01%, 0, 0, 1, 105.64
1735634562, 38, 2, 10, 0, 0, 0.01%, 0, 0, 1, 105.39
1735634568, 38, 3, 10, 0, 0, 0.01%, 0, 0, 1, 109.40
1735634573, 38, 5, 10, 0, 0, 0.01%, 0, 0, 1, 109.20
1735634578, 38, 6, 10, 0, 0, 0.01%, 0, 0, 1, 106.00
1735634583, 38, 8, 10, 0, 0, 0.01%, 0, 0, 1, 108.54
1735634588, 38, 9, 10, 0, 0, 0.01%, 0, 0, 1, 108.00
1735634593, 39, 1, 10, 0, 0, 0.01%, 0, 0, 1, 106.68
1735634598, 39, 2, 10, 0, 0, 0.01%, 0, 0, 1, 107.66
1735634603, 39, 4, 10, 0, 0, 0.01%, 0, 0, 1, 106.43
1735634609, 39, 5, 10, 0, 0, 0.01%, 0, 0, 1, 107.67
1735634614, 39, 7, 10, 0, 0, 0.01%, 0, 0, 1, 106.58
1735634619, 39, 8, 10, 0, 0, 0.01%, 0, 0, 1, 106.44
1735634624, 40, 0, 10, 0, 0, 0.01%, 0, 0, 1, 108.18
1735634629, 40, 1, 10, 0, 0, 0.01%, 0, 0, 1, 109.11
1735634634, 40, 3, 10, 0, 0, 0.01%, 0, 0, 1, 107.74
1735634639, 40, 4, 10, 0, 0, 0.01%, 0, 0, 1, 108.46
1735634644, 40, 6, 10, 0, 0, 0.01%, 0, 0, 1, 106.55
1735634649, 40, 7, 10, 0, 0, 0.01%, 0, 0, 1, 105.66
1735634654, 40, 9, 10, 0, 0, 0.01%, 0, 0, 1, 110.58
1735634659, 41, 0, 10, 0, 0, 0.01%, 0, 0, 1, 108.87
1735634664, 41, 2, 10, 0, 0, 0.01%, 0, 0, 1, 110.00
1735634669, 41, 3, 10, 0, 0, 0.01%, 0, 0, 1, 106.91
1735634674, 41, 5, 10, 0, 0, 0.01%, 0, 0, 1, 106.29
1735634679, 41, 6, 10, 0, 0, 0.01%, 0, 0, 1, 104.20
1735634685, 41, 8, 10, 0, 0, 0.01%, 0, 0, 1, 103.69
1735634690, 41, 9, 10, 0, 0, 0.01%, 0, 0, 1, 104.55
1735634695, 42, 1, 10, 0, 0, 0.01%, 0, 0, 1, 106.92
1735634700, 42, 2, 10, 0, 0, 0.01%, 0, 0, 1, 108.92
1735634705, 42, 4, 10, 0, 0, 0.01%, 0, 0, 1, 108.24
1735634710, 42, 5, 10, 0, 0, 0.01%, 0, 0, 1, 107.77
1735634716, 42, 7, 10, 0, 0, 0.01%, 0, 0, 1, 106.96
1735634721, 42, 8, 10, 0, 0, 0.01%, 0, 0, 1, 105.79
1735634726, 43, 0, 10, 0, 0, 0.01%, 0, 0, 1, 107.73
1735634731, 43, 1, 10, 0, 0, 0.01%, 0, 0, 1, 108.55
1735634736, 43, 3, 10, 0, 0, 0.01%, 0, 0, 1, 109.26
1735634741, 43, 4, 10, 0, 0, 0.01%, 0, 0, 1, 106.37
1735634746, 43, 5, 10, 0, 0, 0.01%, 0, 0, 1, 107.92
1735634751, 43, 7, 10, 0, 0, 0.01%, 0, 0, 1, 104.25
1735634756, 43, 8, 10, 0, 0, 0.01%, 0, 0, 1, 104.97
1735634761, 44, 0, 10, 0, 0, 0.01%, 0, 0, 1, 105.49
1735634766, 44, 1, 10, 0, 0, 0.01%, 0, 0, 1, 105.88
1735634771, 44, 3, 10, 0, 0, 0.01%, 0, 0, 1, 108.20
1735634776, 44, 4, 10, 0, 0, 0.01%, 0, 0, 1, 107.03
1735634781, 44, 6, 10, 0, 0, 0.01%, 0, 0, 1, 105.92
1735634786, 44, 7, 10, 0, 0, 0.01%, 0, 0, 1, 105.45
1735634792, 44, 9, 10, 0, 0, 0.01%, 0, 0, 1, 109.76
1735634797, 45, 0, 10, 0, 0, 0.01%, 0, 0, 1, 107.50
1735634802, 45, 1, 10, 0, 0, 0.01%, 0, 0, 1, 105.63
1735634807, 45, 3, 10, 0, 0, 0.01%, 0, 0, 1, 108.65
1735634812, 45, 5, 10, 0, 0, 0.01%, 0, 0, 1, 108.00
1735634817, 45, 6, 10, 0, 0, 0.01%, 0, 0, 1, 107.39
1735634822, 45, 8, 10, 0, 0, 0.01%, 0, 0, 1, 108.84
1735634827, 45, 9, 10, 0, 0, 0.01%, 0, 0, 1, 104.35
1735634832, 46, 1, 10, 0, 0, 0.01%, 0, 0, 1, 109.27
1735634837, 46, 2, 10, 0, 0, 0.01%, 0, 0, 1, 105.91
1735634842, 46, 3, 10, 0, 0, 0.01%, 0, 0, 1, 105.14
1735634848, 46, 5, 10, 0, 0, 0.01%, 0, 0, 1, 108.99
1735634853, 46, 6, 10, 0, 0, 0.01%, 0, 0, 1, 109.50
1735634858, 46, 8, 10, 0, 0, 0.01%, 0, 0, 1, 108.00
1735634863, 46, 9, 10, 0, 0, 0.01%, 0, 0, 1, 108.70
1735634868, 47, 1, 10, 0, 0, 0.01%, 0, 0, 1, 105.86
1735634873, 47, 10, 11, 1, 1, 0.16%, 1, 0, 2, 113.51
1735634878, 47, 10, 12, 2, 1, 0.16%, 2, 0, 3, 114.85
1735634960, 47, 11, 13, 2, 1, 0.16%, 3, 0, 4, 127.72
1735634965, 47, 11, 14, 3, 1, 0.16%, 3, 0, 4, 119.13
1735634996, 47, 11, 15, 4, 1, 0.16%, 3, 0, 4, 115.66
1735635037, 47, 11, 16, 5, 1, 0.17%, 4, 0, 4, 113.31
1735635088, 47, 12, 16, 4, 2, 0.17%, 4, 0, 4, 133.86
1735635108, 47, 12, 17, 5, 2, 0.17%, 4, 0, 5, 116.36
1735635144, 47, 12, 19, 7, 2, 0.17%, 5, 0, 5, 116.70
1735635201, 47, 12, 20, 8, 2, 0.17%, 5, 0, 5, 117.82
1735635252, 47, 12, 23, 11, 2, 0.17%, 5, 0, 5, 116.03
1735635257, 47, 15, 23, 10, 2, 0.17%, 5, 0, 5, 131.58
1735635262, 47, 15, 25, 12, 2, 0.17%, 5, 0, 5, 151.53
1735635288, 47, 15, 26, 13, 2, 0.17%, 5, 0, 5, 124.23
1735635386, 47, 18, 26, 12, 2, 0.17%, 5, 0, 5, 150.14
1735635448, 47, 18, 27, 13, 2, 0.17%, 5, 0, 6, 162.23
1735635463, 47, 21, 27, 12, 1, 0.17%, 5, 0, 6, 165.37
1735635530, 47, 21, 28, 13, 1, 0.17%, 5, 0, 6, 128.70
1735635535, 47, 21, 29, 14, 1, 0.17%, 5, 0, 6, 119.46
1735635540, 47, 23, 29, 13, 1, 0.17%, 5, 0, 6, 127.51
1735635545, 47, 23, 30, 14, 1, 0.17%, 5, 0, 6, 151.65
1735635566, 47, 23, 31, 15, 1, 0.17%, 5, 0, 6, 125.36
1735635653, 47, 23, 32, 16, 1, 0.17%, 5, 0, 6, 148.35
1735635664, 47, 31, 32, 15, 0, 0.17%, 5, 0, 6, 111.88
1735635883, 47, 31, 33, 16, 0, 0.17%, 5, 0, 7, 249.06
1735635889, 47, 31, 34, 17, 0, 0.17%, 6, 0, 7, 217.58
1735635904, 47, 31, 36, 19, 0, 0.17%, 8, 0, 7, 214.23
1735635960, 48, 5, 36, 18, 0, 0.17%, 8, 0, 7, 148.18
1735635965, 48, 10, 36, 18, 0, 0.17%, 8, 0, 7, 139.27
1735635975, 48, 11, 36, 18, 0, 0.17%, 8, 0, 7, 141.00
1735635985, 48, 12, 36, 18, 0, 0.17%, 8, 0, 7, 141.81
1735636020, 48, 13, 36, 18, 0, 0.17%, 8, 0, 7, 162.32
1735636087, 48, 17, 36, 17, 0, 0.17%, 8, 0, 7, 201.43
1735636214, 48, 18, 36, 16, 0, 0.17%, 8, 0, 7, 144.77
1735636245, 48, 23, 36, 16, 0, 0.17%, 8, 0, 7, 147.68
1735636275, 48, 25, 36, 16, 0, 0.17%, 8, 0, 7, 158.14
1735636342, 48, 26, 36, 15, 0, 0.17%, 8, 0, 7, 173.03
1735636414, 48, 29, 36, 14, 0, 0.17%, 8, 0, 7, 175.11
1735636475, 48, 34, 36, 13, 0, 0.17%, 8, 0, 7, 168.83
1735636573, 48, 34, 37, 14, 0, 0.17%, 8, 0, 8, 185.61
1735636634, 49, 10, 37, 13, 0, 0.17%, 8, 0, 8, 158.50
1735636644, 49, 11, 37, 13, 0, 0.17%, 8, 0, 8, 149.20
1735636654, 49, 12, 37, 13, 0, 0.17%, 8, 0, 8, 136.42
1735636685, 49, 15, 37, 13, 0, 0.17%, 8, 0, 8, 139.14
1735636716, 49, 16, 37, 13, 0, 0.17%, 8, 0, 8, 149.00
1735636788, 49, 18, 37, 12, 0, 0.17%, 8, 0, 8, 136.09
1735636819, 49, 23, 37, 12, 0, 0.17%, 8, 0, 8, 154.02
1735636850, 49, 24, 37, 12, 0, 0.17%, 8, 0, 8, 194.29
1735637120, 49, 24, 40, 15, 0, 0.17%, 8, 0, 8, 174.76
1735637135, 49, 25, 40, 14, 0, 0.17%, 8, 0, 8, 159.15
1735637155, 49, 32, 40, 14, 0, 0.17%, 8, 0, 8, 176.34
1735637231, 49, 38, 40, 13, 0, 0.17%, 8, 0, 8, 96.21
1735637745, 50, 10, 40, 12, 0, 0.17%, 8, 0, 8, 135.23
1735637756, 50, 11, 40, 12, 0, 0.17%, 8, 0, 8, 145.64
1735637766, 50, 12, 40, 12, 0, 0.17%, 8, 0, 8, 139.47
1735637781, 50, 18, 40, 12, 0, 0.17%, 8, 0, 8, 159.89
1735637812, 50, 23, 40, 12, 0, 0.17%, 8, 0, 8, 145.75
1735637842, 50, 37, 40, 12, 0, 0.17%, 8, 0, 8, 127.29
1735638077, 51, 10, 40, 11, 0, 0.17%, 8, 0, 8, 155.45
1735638087, 51, 11, 40, 11, 0, 0.17%, 8, 0, 8, 146.51
1735638097, 51, 12, 40, 11, 0, 0.17%, 8, 0, 8, 137.14
1735638118, 51, 18, 40, 11, 0, 0.17%, 8, 0, 8, 139.77
1735638148, 51, 20, 40, 11, 0, 0.17%, 8, 0, 8, 200.45
1735638205, 51, 23, 40, 10, 0, 0.17%, 8, 0, 8, 140.63
1735638236, 51, 27, 40, 10, 0, 0.17%, 8, 0, 8, 186.62
1735638307, 51, 33, 40, 9, 0, 0.17%, 8, 0, 8, 102.29
1735638841, 52, 10, 40, 8, 0, 0.17%, 8, 0, 8, 132.44
1735638851, 52, 11, 40, 8, 0, 0.17%, 8, 0, 8, 133.97
1735638861, 52, 12, 40, 8, 0, 0.17%, 8, 0, 8, 139.00
1735638877, 52, 18, 40, 8, 0, 0.17%, 8, 0, 8, 148.59
1735638907, 52, 19, 40, 8, 0, 0.17%, 8, 0, 8, 164.54
1735638959, 52, 23, 40, 7, 0, 0.17%, 8, 0, 8, 144.27
1735638989, 52, 24, 40, 7, 0, 0.17%, 8, 0, 8, 134.47
1735639010, 52, 28, 40, 7, 0, 0.17%, 8, 0, 8, 186.59
1735639081, 52, 35, 40, 6, 0, 0.17%, 8, 0, 8, 233.06
1735639193, 52, 36, 40, 5, 0, 0.17%, 8, 0, 8, 128.67
1735640081, 53, 10, 40, 4, 0, 0.17%, 8, 0, 8, 136.59
1735640092, 53, 11, 40, 4, 0, 0.17%, 8, 0, 8, 142.36
1735640097, 53, 12, 40, 4, 0, 0.17%, 8, 0, 8, 137.97
1735640117, 53, 18, 40, 4, 0, 0.17%, 8, 0, 8, 136.46
1735640153, 53, 23, 40, 4, 0, 0.17%, 8, 0, 8, 140.25
1735640178, 53, 39, 40, 4, 0, 0.17%, 8, 0, 8, 120.38
1735641022, 54, 10, 40, 3, 0, 0.17%, 8, 0, 8, 138.45
1735641032, 54, 11, 40, 3, 0, 0.17%, 8, 0, 8, 146.30
1735641043, 54, 12, 40, 3, 0, 0.17%, 8, 0, 8, 140.26
1735641063, 54, 18, 40, 3, 0, 0.17%, 8, 0, 8, 129.01
1735641099, 54, 22, 40, 3, 0, 0.17%, 8, 0, 8, 190.17
1735641150, 54, 23, 40, 2, 0, 0.17%, 8, 0, 8, 140.01
1735641176, 54, 24, 40, 2, 0, 0.17%, 8, 0, 8, 176.04
1735641196, 54, 30, 40, 2, 0, 0.17%, 8, 0, 8, 205.02
1735641267, 55, 10, 40, 1, 0, 0.17%, 8, 0, 8, 133.16
1735641277, 55, 11, 40, 1, 0, 0.17%, 8, 0, 8, 139.52
1735641288, 55, 12, 40, 1, 0, 0.17%, 8, 0, 8, 129.75
1735641303, 55, 18, 40, 1, 0, 0.17%, 8, 0, 8, 153.70
1735641333, 55, 23, 40, 1, 0, 0.17%, 8, 0, 8, 144.09
1735641364, 55, 26, 40, 1, 0, 0.17%, 8, 0, 8, 153.69
1735641384, 56, 10, 40, 1, 0, 0.17%, 8, 0, 8, 146.31
1735641395, 56, 11, 40, 1, 0, 0.17%, 8, 0, 8, 132.44
1735641400, 56, 12, 40, 1, 0, 0.17%, 8, 0, 8, 136.42
1735641420, 56, 14, 40, 1, 0, 0.17%, 8, 0, 8, 165.21
1735641532, 56, 18, 40, 0, 0, 0.17%, 8, 0, 8, 139.83
1735641558, 56, 23, 40, 0, 0, 0.17%, 8, 0, 8, 143.97
1735641588, 56, 27, 40, 0, 0, 0.17%, 8, 0, 8, 157.82
1735641609, 57, 8, 40, 0, 0, 0.17%, 8, 0, 8, 142.38
1735641614, 57, 10, 40, 0, 0, 0.17%, 8, 0, 8, 132.19
1735641624, 57, 11, 40, 0, 0, 0.17%, 8, 0, 8, 134.87
1735641629, 57, 12, 40, 0, 0, 0.17%, 8, 0, 8, 147.15
1735641650, 57, 18, 40, 0, 0, 0.17%, 8, 0, 8, 141.32
1735641686, 57, 23, 40, 0, 0, 0.17%, 8, 0, 8, 133.85
1735641716, 57, 24, 40, 0, 0, 0.17%, 8, 0, 8, 191.61
1735641732, 58, 10, 40, 0, 0, 0.17%, 8, 0, 8, 135.83
1735641737, 58, 11, 40, 0, 0, 0.17%, 8, 0, 8, 138.83
1735641742, 58, 12, 40, 0, 0, 0.17%, 8, 0, 8, 135.04
1735641752, 58, 18, 40, 0, 0, 0.17%, 8, 0, 8, 136.90
1735641768, 58, 23, 40, 0, 0, 0.17%, 8, 0, 8, 143.38
1735641783, 58, 30, 40, 0, 0, 0.17%, 8, 0, 8, 152.93
1735641808, 58, 37, 40, 0, 0, 0.17%, 8, 0, 8, 176.05
1735641834, 59, 10, 40, 0, 0, 0.17%, 8, 0, 8, 150.32
1735641839, 59, 11, 40, 0, 0, 0.17%, 8, 0, 8, 146.33
1735641844, 59, 12, 40, 0, 0, 0.17%, 8, 0, 8, 142.59
1735641855, 59, 18, 40, 0, 0, 0.17%, 8, 0, 8, 139.01
1735641870, 59, 21, 40, 0, 0, 0.17%, 8, 0, 8, 151.48
1735641890, 59, 23, 40, 0, 0, 0.17%, 8, 0, 8, 140.13
1735641905, 60, 10, 40, 0, 0, 0.17%, 8, 0, 8, 141.16
1735641911, 60, 11, 40, 0, 0, 0.17%, 8, 0, 8, 138.39
1735641916, 60, 12, 40, 0, 0, 0.17%, 8, 0, 8, 134.09
1735641926, 60, 18, 40, 0, 0, 0.17%, 8, 0, 8, 142.39
1735641941, 60, 23, 40, 0, 0, 0.17%, 8, 0, 8, 140.89
1735641957, 60, 27, 40, 0, 0, 0.17%, 8, 0, 8, 137.92
1735641977, 60, 36, 40, 0, 0, 0.17%, 8, 0, 8, 191.18
1735642013, 61, 10, 40, 0, 0, 0.17%, 8, 0, 8, 142.39
1735642018, 61, 12, 40, 0, 0, 0.17%, 8, 0, 8, 138.63
1735642023, 61, 16, 40, 0, 0, 0.17%, 8, 0, 8, 143.18
1735642049, 61, 18, 40, 0, 0, 0.17%, 8, 0, 8, 135.24
1735642054, 61, 23, 40, 0, 0, 0.17%, 8, 0, 8, 145.42
1735642064, 61, 31, 40, 0, 0, 0.17%, 8, 0, 8, 195.86
1735642090, 62, 10, 40, 0, 0, 0.17%, 8, 0, 8, 131.69
1735642095, 62, 12, 40, 0, 0, 0.17%, 8, 0, 8, 130.82
1735642100, 62, 16, 40, 0, 0, 0.17%, 8, 0, 8, 130.77
1735642121, 62, 18, 40, 0, 0, 0.17%, 8, 0, 8, 131.92
1735642131, 62, 23, 40, 0, 0, 0.17%, 8, 0, 8, 140.86
1735642136, 63, 10, 40, 0, 0, 0.17%, 8, 0, 8, 138.15
1735642141, 63, 12, 40, 0, 0, 0.17%, 8, 0, 8, 136.29
1735642146, 63, 18, 40, 0, 0, 0.17%, 8, 0, 8, 131.30
1735642157, 63, 23, 40, 0, 0, 0.17%, 8, 0, 8, 138.87
1735642162, 63, 27, 40, 0, 0, 0.17%, 8, 0, 8, 152.40
1735642182, 64, 6, 40, 0, 0, 0.17%, 8, 0, 8, 139.69
1735642187, 64, 11, 40, 0, 0, 0.17%, 8, 0, 8, 142.52
1735642193, 64, 12, 40, 0, 0, 0.17%, 8, 0, 8, 134.02
1735642198, 64, 14, 40, 0, 0, 0.17%, 8, 0, 8, 152.19
1735642213, 64, 18, 40, 0, 0, 0.17%, 8, 0, 8, 144.70
1735642223, 64, 23, 40, 0, 0, 0.17%, 8, 0, 8, 142.16
1735642228, 64, 39, 40, 0, 0, 0.17%, 8, 0, 8, 181.47
1735642254, 65, 10, 40, 0, 0, 0.17%, 8, 0, 8, 135.06
1735642259, 65, 12, 40, 0, 0, 0.17%, 8, 0, 8, 137.77
1735642264, 65, 18, 40, 0, 0, 0.17%, 8, 0, 8, 136.43
1735642275, 65, 23, 40, 0, 0, 0.17%, 8, 0, 8, 139.83
1735642280, 66, 10, 40, 0, 0, 0.17%, 8, 0, 8, 140.45
1735642285, 66, 12, 40, 0, 0, 0.17%, 8, 0, 8, 139.14
1735642290, 66, 18, 40, 0, 0, 0.17%, 8, 0, 8, 135.79
1735642300, 66, 23, 40, 0, 0, 0.17%, 8, 0, 8, 152.27
1735642306, 66, 28, 40, 0, 0, 0.17%, 8, 0, 8, 142.07
1735642326, 67, 10, 40, 0, 0, 0.17%, 8, 0, 8, 134.33
1735642332, 67, 12, 40, 0, 0, 0.17%, 8, 0, 8, 137.38
1735642337, 67, 18, 40, 0, 0, 0.17%, 8, 0, 8, 139.30
1735642347, 67, 22, 40, 0, 0, 0.17%, 8, 0, 8, 137.98
1735642368, 67, 23, 40, 0, 0, 0.17%, 8, 0, 8, 141.88
1735642373, 67, 30, 40, 0, 0, 0.17%, 8, 0, 8, 154.70
1735642403, 68, 1, 40, 0, 0, 0.17%, 8, 0, 8, 136.13
1735642408, 68, 10, 40, 0, 0, 0.17%, 8, 0, 8, 144.49
1735642414, 68, 12, 40, 0, 0, 0.17%, 8, 0, 8, 140.11
1735642419, 68, 13, 40, 0, 0, 0.17%, 8, 0, 8, 140.45
1735642439, 68, 18, 40, 0, 0, 0.17%, 8, 0, 8, 138.73
1735642444, 68, 23, 40, 0, 0, 0.17%, 8, 0, 8, 152.22
1735642454, 68, 30, 40, 0, 0, 0.17%, 8, 0, 8, 151.67
1735642485, 69, 11, 40, 0, 0, 0.17%, 8, 0, 8, 146.87
1735642490, 69, 12, 40, 0, 0, 0.17%, 8, 0, 8, 142.01
1735642495, 69, 18, 40, 0, 0, 0.17%, 8, 0, 8, 138.65
1735642500, 69, 21, 40, 0, 0, 0.17%, 8, 0, 8, 149.45
1735642521, 69, 23, 40, 0, 0, 0.17%, 8, 0, 8, 138.69
1735642526, 70, 10, 40, 0, 0, 0.17%, 8, 0, 8, 150.16
1735642531, 70, 12, 40, 0, 0, 0.17%, 8, 0, 8, 138.25
1735642536, 70, 18, 40, 0, 0, 0.17%, 8, 0, 8, 134.85
1735642547, 70, 23, 40, 0, 0, 0.17%, 8, 0, 8, 146.96
1735642552, 70, 26, 40, 0, 0, 0.17%, 8, 0, 8, 149.18
1735642572, 71, 11, 40, 0, 0, 0.17%, 8, 0, 8, 138.96
1735642577, 71, 12, 40, 0, 0, 0.17%, 8, 0, 8, 145.62
1735642582, 71, 15, 40, 0, 0, 0.17%, 8, 0, 8, 138.44
1735642603, 71, 18, 40, 0, 0, 0.17%, 8, 0, 8, 130.03
1735642608, 71, 23, 40, 0, 0, 0.17%, 8, 0, 8, 144.79
1735642618, 72, 11, 40, 0, 0, 0.17%, 8, 0, 8, 144.28
1735642623, 72, 12, 40, 0, 0, 0.17%, 8, 0, 8, 138.11
1735642628, 72, 18, 40, 0, 0, 0.17%, 8, 0, 8, 136.50
1735642638, 72, 20, 40, 0, 0, 0.17%, 8, 0, 8, 145.51
1735642659, 72, 23, 40, 0, 0, 0.17%, 8, 0, 8, 153.12
1735642664, 72, 30, 40, 0, 0, 0.17%, 8, 0, 8, 147.54
1735642695, 73, 11, 40, 0, 0, 0.17%, 8, 0, 8, 137.41
1735642700, 73, 12, 40, 0, 0, 0.17%, 8, 0, 8, 145.28
1735642705, 73, 18, 40, 0, 0, 0.17%, 8, 0, 8, 137.93
1735642710, 73, 23, 40, 0, 0, 0.17%, 8, 0, 8, 143.47
1735642720, 74, 11, 40, 0, 0, 0.17%, 8, 0, 8, 147.46
1735642726, 74, 12, 40, 0, 0, 0.17%, 8, 0, 8, 149.57
1735642731, 74, 18, 40, 0, 0, 0.17%, 8, 0, 8, 143.68
1735642736, 74, 23, 40, 0, 0, 0.17%, 8, 0, 8, 147.26
1735642746, 74, 24, 40, 0, 0, 0.17%, 8, 0, 8, 201.27
1735642761, 75, 10, 40, 0, 0, 0.17%, 8, 0, 8, 144.44
1735642766, 75, 12, 40, 0, 0, 0.17%, 8, 0, 8, 145.04
1735642772, 75, 18, 40, 0, 0, 0.17%, 8, 0, 8, 140.66
1735642782, 75, 23, 40, 0, 0, 0.17%, 8, 0, 8, 145.85
1735642787, 75, 32, 40, 0, 0, 0.17%, 8, 0, 8, 141.14
1735642817, 76, 9, 40, 0, 0, 0.17%, 8, 0, 8, 134.93
1735642822, 76, 11, 40, 0, 0, 0.17%, 8, 0, 8, 135.07
1735642827, 76, 12, 40, 0, 0, 0.17%, 8, 0, 8, 141.12
1735642833, 76, 18, 40, 0, 0, 0.17%, 8, 0, 8, 142.79
1735642838, 76, 23, 40, 0, 0, 0.17%, 8, 0, 8, 141.75
1735642848, 76, 26, 40, 0, 0, 0.17%, 8, 0, 8, 154.55
1735642868, 76, 37, 40, 0, 0, 0.17%, 8, 0, 8, 183.97
1735642894, 77, 10, 40, 0, 0, 0.17%, 8, 0, 8, 154.53
1735642899, 77, 12, 40, 0, 0, 0.17%, 8, 0, 8, 141.12
1735642904, 77, 18, 40, 0, 0, 0.17%, 8, 0, 8, 144.36
1735642914, 77, 23, 40, 0, 0, 0.17%, 8, 0, 8, 130.53
1735642919, 77, 24, 40, 0, 0, 0.17%, 8, 0, 8, 179.17
1735642939, 77, 25, 40, 0, 0, 0.17%, 8, 0, 8, 141.77
1735642955, 78, 10, 40, 0, 0, 0.17%, 8, 0, 8, 140.72
1735642960, 78, 12, 40, 0, 0, 0.17%, 8, 0, 8, 140.53
1735642965, 78, 18, 40, 0, 0, 0.17%, 8, 0, 8, 142.77
1735642975, 78, 23, 40, 0, 0, 0.17%, 8, 0, 8, 153.97
1735642981, 79, 10, 40, 0, 0, 0.17%, 8, 0, 8, 148.38
1735642986, 79, 12, 40, 0, 0, 0.17%, 8, 0, 8, 142.08
1735642991, 79, 18, 40, 0, 0, 0.17%, 8, 0, 8, 141.59
1735643001, 79, 21, 40, 0, 0, 0.17%, 8, 0, 8, 149.50
1735643016, 79, 23, 40, 0, 0, 0.17%, 8, 0, 8, 138.53
1735643027, 80, 10, 40, 0, 0, 0.17%, 8, 0, 8, 137.90
1735643032, 80, 12, 40, 0, 0, 0.17%, 8, 0, 8, 135.26
1735643037, 80, 18, 40, 0, 0, 0.17%, 8, 0, 8, 134.99
1735643047, 80, 23, 40, 0, 0, 0.17%, 8, 0, 8, 144.39
1735643053, 80, 33, 40, 0, 0, 0.17%, 8, 0, 8, 163.99
1735643073, 81, 10, 40, 0, 0, 0.17%, 8, 0, 8, 134.64
1735643078, 81, 12, 40, 0, 0, 0.17%, 8, 0, 8, 136.34
1735643083, 81, 15, 40, 0, 0, 0.17%, 8, 0, 8, 141.67
1735643104, 81, 18, 40, 0, 0, 0.17%, 8, 0, 8, 140.80
1735643114, 81, 21, 40, 0, 0, 0.17%, 8, 0, 8, 137.61
1735643130, 81, 23, 40, 0, 0, 0.17%, 8, 0, 8, 136.32
1735643140, 81, 25, 40, 0, 0, 0.17%, 8, 0, 8, 143.03
1735643161, 82, 11, 40, 0, 0, 0.17%, 8, 0, 8, 142.88
1735643166, 82, 12, 40, 0, 0, 0.17%, 8, 0, 8, 145.26
1735643171, 82, 18, 40, 0, 0, 0.17%, 8, 0, 8, 138.05
1735643176, 82, 23, 40, 0, 0, 0.17%, 8, 0, 8, 148.35
1735643186, 82, 31, 40, 0, 0, 0.17%, 8, 0, 8, 184.42
1735643212, 83, 11, 40, 0, 0, 0.17%, 8, 0, 8, 139.25
1735643217, 83, 12, 40, 0, 0, 0.17%, 8, 0, 8, 139.19
1735643222, 83, 18, 40, 0, 0, 0.17%, 8, 0, 8, 137.67
1735643227, 83, 23, 40, 0, 0, 0.17%, 8, 0, 8, 151.96
1735643237, 83, 38, 40, 0, 0, 0.17%, 8, 0, 8, 183.12
1735643262, 84, 10, 40, 0, 0, 0.17%, 8, 0, 8, 153.57
1735643267, 84, 12, 40, 0, 0, 0.17%, 8, 0, 8, 143.49
1735643273, 84, 18, 40, 0, 0, 0.17%, 8, 0, 8, 139.82
1735643283, 84, 23, 40, 0, 0, 0.17%, 8, 0, 8, 145.47
1735643288, 84, 34, 40, 0, 0, 0.17%, 8, 0, 8, 164.72
1735643309, 85, 5, 40, 0, 0, 0.17%, 8, 0, 8, 136.40
1735643314, 85, 12, 40, 0, 0, 0.17%, 8, 0, 8, 139.15
1735643319, 85, 18, 40, 0, 0, 0.17%, 8, 0, 8, 141.25
1735643329, 85, 22, 40, 0, 0, 0.17%, 8, 0, 8, 144.60
1735643350, 85, 23, 40, 0, 0, 0.17%, 8, 0, 8, 142.38
1735643355, 85, 27, 40, 0, 0, 0.17%, 8, 0, 8, 148.59
1735643376, 85, 29, 40, 0, 0, 0.17%, 8, 0, 8, 151.08
1735643396, 86, 10, 40, 0, 0, 0.17%, 8, 0, 8, 148.68
1735643401, 86, 12, 40, 0, 0, 0.17%, 8, 0, 8, 133.47
1735643406, 86, 18, 40, 0, 0, 0.17%, 8, 0, 8, 137.15
1735643416, 86, 23, 40, 0, 0, 0.17%, 8, 0, 8, 139.65
1735643421, 86, 34, 40, 0, 0, 0.17%, 8, 0, 8, 154.12
1735643441, 87, 10, 40, 0, 0, 0.17%, 8, 0, 8, 149.54
1735643447, 87, 12, 40, 0, 0, 0.17%, 8, 0, 8, 149.42
1735643452, 87, 18, 40, 0, 0, 0.17%, 8, 0, 8, 141.32
1735643462, 87, 23, 40, 0, 0, 0.17%, 8, 0, 8, 147.28
1735643467, 87, 36, 40, 0, 0, 0.17%, 8, 0, 8, 171.74
1735643508, 88, 11, 40, 0, 0, 0.17%, 8, 0, 8, 148.18
1735643513, 88, 13, 40, 0, 0, 0.17%, 8, 0, 8, 144.24
1735643534, 88, 17, 40, 0, 0, 0.17%, 8, 0, 8, 143.27
1735643554, 88, 18, 40, 0, 0, 0.17%, 8, 0, 8, 139.17
1735643565, 88, 23, 40, 0, 0, 0.17%, 8, 0, 8, 137.17
1735643570, 88, 34, 40, 0, 0, 0.17%, 8, 0, 8, 146.75
1735643590, 89, 10, 40, 0, 0, 0.17%, 8, 0, 8, 137.99
1735643595, 89, 12, 40, 0, 0, 0.17%, 8, 0, 8, 138.99
1735643601, 89, 18, 40, 0, 0, 0.17%, 8, 0, 8, 137.22
1735643611, 89, 23, 40, 0, 0, 0.17%, 8, 0, 8, 136.84
1735643616, 90, 10, 40, 0, 0, 0.17%, 8, 0, 8, 137.45
1735643621, 90, 12, 40, 0, 0, 0.17%, 8, 0, 8, 136.07
1735643626, 90, 16, 40, 0, 0, 0.17%, 8, 0, 8, 141.75
1735643646, 90, 18, 40, 0, 0, 0.17%, 8, 0, 8, 133.73
1735643652, 90, 23, 40, 0, 0, 0.17%, 8, 0, 8, 142.30
1735643662, 90, 25, 40, 0, 0, 0.17%, 8, 0, 8, 141.92
1735643682, 91, 10, 40, 0, 0, 0.17%, 8, 0, 8, 140.21
1735643687, 91, 12, 40, 0, 0, 0.17%, 8, 0, 8, 136.22
1735643692, 91, 18, 40, 0, 0, 0.17%, 8, 0, 8, 141.39
1735643703, 91, 23, 40, 0, 0, 0.17%, 8, 0, 8, 138.18
1735643708, 92, 10, 40, 0, 0, 0.17%, 8, 0, 8, 147.86
1735643713, 92, 12, 40, 0, 0, 0.17%, 8, 0, 8, 138.89
1735643718, 92, 18, 40, 0, 0, 0.17%, 8, 0, 8, 139.83
1735643723, 92, 23, 40, 0, 0, 0.17%, 8, 0, 8, 139.71
1735643734, 92, 25, 40, 0, 0, 0.17%, 8, 0, 8, 141.57
1735643754, 92, 31, 40, 0, 0, 0.17%, 8, 0, 8, 178.36
1735643780, 93, 4, 40, 0, 0, 0.17%, 8, 0, 8, 137.23
1735643785, 93, 11, 40, 0, 0, 0.17%, 8, 0, 8, 136.16
1735643790, 93, 12, 40, 0, 0, 0.17%, 8, 0, 8, 142.21
1735643795, 93, 15, 40, 0, 0, 0.17%, 8, 0, 8, 141.80
1735643810, 93, 17, 40, 0, 0, 0.17%, 8, 0, 8, 156.29
1735643831, 93, 18, 40, 0, 0, 0.17%, 8, 0, 8, 153.52
1735643836, 93, 23, 40, 0, 0, 0.17%, 8, 0, 8, 149.44
1735643846, 94, 11, 40, 0, 0, 0.17%, 8, 0, 8, 146.74
1735643851, 94, 12, 40, 0, 0, 0.17%, 8, 0, 8, 146.01
1735643856, 94, 18, 40, 0, 0, 0.17%, 8, 0, 8, 151.21
1735643861, 94, 23, 40, 0, 0, 0.17%, 8, 0, 8, 143.56
1735643872, 94, 31, 40, 0, 0, 0.17%, 8, 0, 8, 198.62
1735643897, 95, 11, 40, 0, 0, 0.17%, 8, 0, 8, 146.10
1735643902, 95, 12, 40, 0, 0, 0.17%, 8, 0, 8, 147.47
1735643907, 95, 18, 40, 0, 0, 0.17%, 8, 0, 8, 139.83
1735643912, 95, 22, 40, 0, 0, 0.17%, 8, 0, 8, 133.78
1735643933, 95, 23, 40, 0, 0, 0.17%, 8, 0, 8, 140.83
1735643938, 96, 10, 40, 0, 0, 0.17%, 8, 0, 8, 132.63
1735643943, 96, 12, 40, 0, 0, 0.17%, 8, 0, 8, 139.01
1735643948, 96, 13, 40, 0, 0, 0.17%, 8, 0, 8, 141.26
