# unix_time, cycles_done, cur_path, paths_total, pending_total, pending_favs, map_size, unique_crashes, unique_hangs, max_depth, execs_per_sec
1735482656, 0, 0, 10, 10, 1, 0.01%, 0, 0, 1, 81.63
1735482661, 0, 2, 10, 10, 1, 0.01%, 0, 0, 1, 104.01
1735482666, 0, 3, 10, 9, 0, 0.01%, 0, 0, 1, 99.44
1735482676, 0, 4, 10, 8, 0, 0.01%, 0, 0, 1, 100.96
1735482687, 0, 5, 10, 7, 0, 0.01%, 0, 0, 1, 102.60
1735482697, 0, 6, 10, 6, 0, 0.01%, 0, 0, 1, 98.35
1735482707, 0, 7, 10, 5, 0, 0.01%, 0, 0, 1, 96.27
1735482717, 0, 8, 10, 4, 0, 0.01%, 0, 0, 1, 95.94
1735482727, 0, 9, 10, 3, 0, 0.01%, 0, 0, 1, 94.62
1735482737, 1, 0, 10, 2, 0, 0.01%, 0, 0, 1, 93.00
1735482748, 1, 1, 10, 1, 0, 0.01%, 0, 0, 1, 101.18
1735482763, 1, 3, 10, 0, 0, 0.01%, 0, 0, 1, 104.64
1735482768, 1, 4, 10, 0, 0, 0.01%, 0, 0, 1, 103.80
1735482773, 1, 5, 10, 0, 0, 0.01%, 0, 0, 1, 100.90
1735482778, 1, 7, 10, 0, 0, 0.01%, 0, 0, 1, 102.56
1735482783, 1, 8, 10, 0, 0, 0.01%, 0, 0, 1, 101.88
1735482788, 2, 0, 10, 0, 0, 0.01%, 0, 0, 1, 103.57
1735482793, 2, 1, 10, 0, 0, 0.01%, 0, 0, 1, 103.93
1735482798, 2, 2, 10, 0, 0, 0.01%, 0, 0, 1, 102.88
1735482804, 2, 4, 10, 0, 0, 0.01%, 0, 0, 1, 103.72
1735482809, 2, 5, 10, 0, 0, 0.01%, 0, 0, 1, 104.01
1735482814, 2, 7, 10, 0, 0, 0.01%, 0, 0, 1, 104.30
1735482819, 2, 8, 10, 0, 0, 0.01%, 0, 0, 1, 101.95
1735482824, 3, 0, 10, 0, 0, 0.01%, 0, 0, 1, 101.26
1735482829, 3, 1, 10, 0, 0, 0.01%, 0, 0, 1, 102.63
1735482834, 3, 2, 10, 0, 0, 0.01%, 0, 0, 1, 103.52
1735482840, 3, 4, 10, 0, 0, 0.01%, 0, 0, 1, 102.12
1735482845, 3, 5, 10, 0, 0, 0.01%, 0, 0, 1, 102.45
1735482850, 3, 7, 10, 0, 0, 0.01%, 0, 0, 1, 102.96
1735482855, 3, 8, 10, 0, 0, 0.01%, 0, 0, 1, 100.99
1735482860, 3, 9, 10, 0, 0, 0.01%, 0, 0, 1, 99.51
1735482865, 4, 1, 10, 0, 0, 0.01%, 0, 0, 1, 103.09
1735482870, 4, 2, 10, 0, 0, 0.01%, 0, 0, 1, 104.70
1735482875, 4, 4, 10, 0, 0, 0.01%, 0, 0, 1, 103.36
1735482880, 4, 5, 10, 0, 0, 0.01%, 0, 0, 1, 103.53
1735482885, 4, 6, 11, 1, 0, 0.16%, 1, 0, 2, 103.57
1735482890, 4, 10, 12, 2, 1, 0.16%, 2, 0, 3, 118.35
1735482977, 4, 11, 13, 2, 1, 0.16%, 3, 0, 4, 134.50
1735483059, 4, 12, 13, 1, 1, 0.16%, 3, 0, 4, 133.45
1735483074, 4, 12, 14, 2, 1, 0.16%, 3, 0, 5, 111.79
1735483089, 4, 12, 15, 3, 1, 0.16%, 3, 0, 5, 112.58
1735483191, 4, 12, 16, 4, 1, 0.16%, 3, 0, 5, 111.61
1735483227, 4, 12, 17, 5, 1, 0.17%, 4, 0, 5, 111.92
1735483242, 4, 12, 18, 6, 1, 0.17%, 4, 0, 5, 115.07
1735483247, 4, 16, 19, 6, 1, 0.17%, 4, 0, 6, 199.60
1735483262, 4, 16, 20, 7, 1, 0.17%, 4, 0, 6, 142.95
1735483268, 4, 16, 21, 8, 1, 0.17%, 4, 0, 6, 139.33
1735483273, 4, 16, 22, 9, 1, 0.17%, 4, 0, 6, 133.30
1735483283, 4, 16, 23, 10, 1, 0.17%, 4, 0, 6, 133.55
1735483304, 4, 16, 24, 11, 1, 0.17%, 4, 0, 6, 135.04
1735483309, 4, 16, 25, 12, 1, 0.17%, 4, 0, 6, 135.37
1735483314, 4, 16, 26, 13, 1, 0.17%, 4, 0, 6, 136.45
1735483319, 4, 16, 28, 15, 1, 0.17%, 4, 0, 6, 134.69
1735483345, 4, 16, 29, 16, 1, 0.17%, 4, 0, 6, 137.75
1735483360, 4, 16, 30, 17, 1, 0.17%, 4, 0, 6, 136.13
1735483386, 4, 16, 31, 18, 1, 0.17%, 4, 0, 6, 116.06
1735483412, 4, 20, 31, 17, 1, 0.17%, 4, 0, 6, 160.38
1735483463, 4, 20, 32, 18, 1, 0.17%, 4, 0, 7, 126.71
1735483535, 4, 21, 32, 17, 0, 0.17%, 4, 0, 7, 189.98
1735483551, 4, 21, 33, 18, 0, 0.17%, 4, 0, 7, 140.57
1735483653, 4, 22, 33, 17, 0, 0.17%, 4, 0, 7, 152.37
1735483699, 4, 22, 34, 18, 0, 0.17%, 4, 0, 7, 149.83
1735483725, 4, 22, 35, 19, 0, 0.17%, 4, 0, 7, 152.37
1735483756, 4, 22, 37, 21, 0, 0.17%, 4, 0, 7, 148.47
1735483771, 4, 23, 37, 20, 0, 0.17%, 4, 0, 7, 200.34
1735483847, 4, 29, 37, 19, 0, 0.17%, 4, 0, 7, 141.12
1735483929, 4, 30, 37, 18, 0, 0.17%, 4, 0, 7, 203.74
1735484011, 4, 32, 37, 17, 0, 0.17%, 4, 0, 7, 184.74
1735484082, 4, 32, 38, 18, 0, 0.17%, 5, 0, 8, 168.74
1735484149, 4, 32, 39, 19, 0, 0.17%, 5, 0, 8, 177.20
1735484164, 4, 34, 39, 18, 0, 0.17%, 5, 0, 8, 179.58
1735484220, 5, 10, 39, 17, 0, 0.17%, 5, 0, 8, 132.16
1735484226, 5, 12, 39, 17, 0, 0.17%, 5, 0, 8, 133.42
1735484231, 5, 19, 39, 17, 0, 0.17%, 5, 0, 8, 144.53
1735484282, 5, 20, 39, 16, 0, 0.17%, 5, 0, 8, 126.47
1735484292, 5, 21, 39, 16, 0, 0.17%, 5, 0, 8, 138.32
1735484298, 5, 24, 39, 16, 0, 0.17%, 5, 0, 8, 130.34
1735484440, 5, 27, 39, 15, 0, 0.17%, 5, 0, 8, 145.18
1735484603, 5, 27, 40, 16, 0, 0.17%, 6, 0, 8, 156.68
1735484691, 5, 28, 40, 15, 0, 0.17%, 6, 0, 8, 168.65
1735485048, 5, 37, 40, 14, 0, 0.17%, 6, 0, 8, 171.29
1735485215, 6, 11, 40, 13, 0, 0.17%, 6, 0, 8, 142.90
1735485221, 6, 12, 40, 13, 0, 0.17%, 6, 0, 8, 139.61
1735485226, 6, 18, 40, 13, 0, 0.17%, 6, 0, 8, 201.00
1735485302, 6, 19, 40, 12, 0, 0.17%, 6, 0, 8, 150.91
1735485307, 6, 20, 40, 12, 0, 0.17%, 6, 0, 8, 137.33
1735485312, 6, 33, 40, 12, 0, 0.17%, 6, 0, 8, 163.20
1735485379, 6, 38, 40, 11, 0, 0.17%, 6, 0, 8, 132.61
1735485678, 6, 39, 40, 10, 0, 0.17%, 6, 0, 8, 216.88
1735485943, 7, 12, 40, 9, 0, 0.17%, 6, 0, 8, 135.64
1735485953, 7, 19, 40, 9, 0, 0.17%, 6, 0, 8, 131.41
1735485958, 7, 20, 40, 9, 0, 0.17%, 6, 0, 8, 132.28
1735485964, 7, 26, 40, 9, 0, 0.17%, 6, 0, 8, 182.37
1735486045, 7, 35, 40, 8, 0, 0.17%, 6, 0, 8, 179.36
1735486106, 8, 11, 40, 7, 0, 0.17%, 6, 0, 8, 126.34
1735486111, 8, 12, 40, 7, 0, 0.17%, 6, 0, 8, 135.20
1735486116, 8, 19, 40, 7, 0, 0.17%, 6, 0, 8, 130.99
1735486121, 8, 20, 40, 7, 0, 0.17%, 6, 0, 8, 131.84
1735486126, 8, 31, 40, 7, 0, 0.17%, 6, 0, 8, 136.41
1735486589, 9, 10, 40, 6, 0, 0.17%, 6, 0, 8, 139.77
1735486595, 9, 12, 40, 6, 0, 0.17%, 6, 0, 8, 132.92
1735486600, 9, 14, 40, 6, 0, 0.17%, 6, 0, 8, 152.55
1735486651, 9, 17, 40, 5, 0, 0.17%, 6, 0, 8, 181.00
1735486712, 9, 19, 40, 4, 0, 0.17%, 6, 0, 8, 153.75
1735486722, 9, 20, 40, 4, 0, 0.17%, 6, 0, 8, 138.79
1735486728, 9, 27, 40, 4, 0, 0.17%, 6, 0, 8, 158.07
1735486733, 10, 3, 40, 4, 0, 0.17%, 6, 0, 8, 145.06
1735486738, 10, 11, 40, 4, 0, 0.17%, 6, 0, 8, 133.31
1735486743, 10, 12, 40, 4, 0, 0.17%, 6, 0, 8, 143.31
1735486748, 10, 19, 40, 4, 0, 0.17%, 6, 0, 8, 142.04
1735486753, 10, 20, 40, 4, 0, 0.17%, 6, 0, 8, 133.73
1735486763, 10, 30, 40, 4, 0, 0.17%, 6, 0, 8, 136.66
1735486768, 11, 12, 40, 4, 0, 0.17%, 6, 0, 8, 132.60
1735486773, 11, 19, 40, 4, 0, 0.17%, 6, 0, 8, 130.92
1735486778, 11, 20, 40, 4, 0, 0.17%, 6, 0, 8, 143.83
1735486788, 12, 12, 40, 4, 0, 0.17%, 6, 0, 8, 134.79
1735486794, 12, 17, 40, 4, 0, 0.17%, 6, 0, 8, 148.42
1735486799, 12, 19, 40, 4, 0, 0.17%, 6, 0, 8, 142.84
1735486804, 12, 20, 40, 4, 0, 0.17%, 6, 0, 8, 140.16
1735486814, 12, 29, 40, 4, 0, 0.17%, 6, 0, 8, 147.48
1735486819, 13, 7, 40, 4, 0, 0.17%, 6, 0, 8, 139.74
1735486824, 13, 12, 40, 4, 0, 0.17%, 6, 0, 8, 140.95
1735486830, 13, 19, 40, 4, 0, 0.17%, 6, 0, 8, 139.50
1735486835, 13, 20, 40, 4, 0, 0.17%, 6, 0, 8, 137.89
1735486845, 13, 24, 40, 4, 0, 0.17%, 6, 0, 8, 155.40
1735486850, 13, 25, 40, 4, 0, 0.17%, 6, 0, 8, 163.64
1735486936, 13, 30, 40, 3, 0, 0.17%, 6, 0, 8, 142.35
1735486941, 13, 36, 40, 3, 0, 0.17%, 6, 0, 8, 196.85
1735487033, 14, 8, 40, 2, 0, 0.17%, 6, 0, 8, 135.51
1735487038, 14, 12, 40, 2, 0, 0.17%, 6, 0, 8, 128.42
1735487043, 14, 17, 40, 2, 0, 0.17%, 6, 0, 8, 139.09
1735487048, 14, 19, 40, 2, 0, 0.17%, 6, 0, 8, 133.63
1735487053, 14, 20, 40, 2, 0, 0.17%, 6, 0, 8, 132.16
1735487064, 14, 26, 40, 2, 0, 0.17%, 6, 0, 8, 150.28
1735487069, 15, 8, 40, 2, 0, 0.17%, 6, 0, 8, 144.22
1735487074, 15, 12, 40, 2, 0, 0.17%, 6, 0, 8, 140.41
1735487079, 15, 19, 40, 2, 0, 0.17%, 6, 0, 8, 135.09
1735487084, 15, 20, 40, 2, 0, 0.17%, 6, 0, 8, 139.93
1735487094, 15, 37, 40, 2, 0, 0.17%, 6, 0, 8, 160.23
1735487099, 15, 38, 40, 2, 0, 0.17%, 6, 0, 8, 156.11
1735487109, 16, 8, 40, 2, 0, 0.17%, 6, 0, 8, 142.10
1735487114, 16, 12, 40, 2, 0, 0.17%, 6, 0, 8, 135.44
1735487120, 16, 19, 40, 2, 0, 0.17%, 6, 0, 8, 137.47
1735487125, 16, 20, 40, 2, 0, 0.17%, 6, 0, 8, 137.24
1735487135, 16, 37, 40, 2, 0, 0.17%, 6, 0, 8, 156.97
1735487140, 17, 11, 40, 2, 0, 0.17%, 6, 0, 8, 135.20
1735487145, 17, 12, 40, 2, 0, 0.17%, 6, 0, 8, 127.87
1735487150, 17, 19, 40, 2, 0, 0.17%, 6, 0, 8, 136.59
1735487155, 17, 20, 40, 2, 0, 0.17%, 6, 0, 8, 133.93
1735487165, 18, 12, 40, 2, 0, 0.17%, 6, 0, 8, 132.84
1735487170, 18, 19, 40, 2, 0, 0.17%, 6, 0, 8, 139.67
1735487176, 18, 20, 40, 2, 0, 0.17%, 6, 0, 8, 137.62
1735487186, 18, 31, 40, 2, 0, 0.17%, 6, 0, 8, 146.66
1735487191, 18, 38, 40, 2, 0, 0.17%, 6, 0, 8, 154.52
1735487201, 19, 0, 40, 2, 0, 0.17%, 6, 0, 8, 125.64
1735487206, 19, 10, 40, 2, 0, 0.17%, 6, 0, 8, 141.51
1735487211, 19, 12, 40, 2, 0, 0.17%, 6, 0, 8, 135.57
1735487216, 19, 14, 40, 2, 0, 0.17%, 6, 0, 8, 131.46
1735487222, 19, 15, 40, 2, 0, 0.17%, 6, 0, 8, 146.72
1735487272, 19, 19, 40, 1, 0, 0.17%, 6, 0, 8, 142.69
1735487278, 19, 20, 40, 1, 0, 0.17%, 6, 0, 8, 147.54
1735487283, 19, 28, 40, 1, 0, 0.17%, 6, 0, 8, 158.46
1735487288, 19, 30, 40, 1, 0, 0.17%, 6, 0, 8, 138.62
1735487293, 20, 11, 40, 1, 0, 0.17%, 6, 0, 8, 136.36
1735487298, 20, 12, 40, 1, 0, 0.17%, 6, 0, 8, 132.99
1735487303, 20, 13, 40, 1, 0, 0.17%, 6, 0, 8, 140.26
1735487360, 20, 19, 40, 0, 0, 0.17%, 6, 0, 8, 132.63
1735487365, 20, 20, 40, 0, 0, 0.17%, 6, 0, 8, 135.00
1735487375, 20, 21, 40, 0, 0, 0.17%, 6, 0, 8, 131.56
1735487380, 21, 11, 40, 0, 0, 0.17%, 6, 0, 8, 123.14
1735487385, 21, 12, 40, 0, 0, 0.17%, 6, 0, 8, 126.06
1735487390, 21, 19, 40, 0, 0, 0.17%, 6, 0, 8, 144.51
1735487395, 21, 20, 40, 0, 0, 0.17%, 6, 0, 8, 146.58
1735487400, 21, 33, 40, 0, 0, 0.17%, 6, 0, 8, 146.13
1735487406, 21, 38, 40, 0, 0, 0.17%, 6, 0, 8, 157.10
1735487416, 22, 3, 40, 0, 0, 0.17%, 6, 0, 8, 152.91
1735487421, 22, 12, 40, 0, 0, 0.17%, 6, 0, 8, 137.44
1735487426, 22, 19, 40, 0, 0, 0.17%, 6, 0, 8, 130.49
1735487431, 22, 20, 40, 0, 0, 0.17%, 6, 0, 8, 133.87
1735487441, 22, 34, 40, 0, 0, 0.17%, 6, 0, 8, 141.48
1735487446, 23, 11, 40, 0, 0, 0.17%, 6, 0, 8, 131.88
1735487451, 23, 12, 40, 0, 0, 0.17%, 6, 0, 8, 139.93
1735487457, 23, 19, 40, 0, 0, 0.17%, 6, 0, 8, 141.52
1735487462, 23, 20, 40, 0, 0, 0.17%, 6, 0, 8, 137.46
1735487467, 24, 11, 40, 0, 0, 0.17%, 6, 0, 8, 144.56
1735487472, 24, 12, 40, 0, 0, 0.17%, 6, 0, 8, 135.33
1735487477, 24, 19, 40, 0, 0, 0.17%, 6, 0, 8, 137.17
1735487482, 24, 20, 40, 0, 0, 0.17%, 6, 0, 8, 140.87
1735487492, 25, 12, 40, 0, 0, 0.17%, 6, 0, 8, 126.29
1735487497, 25, 19, 40, 0, 0, 0.17%, 6, 0, 8, 133.77
1735487502, 25, 20, 40, 0, 0, 0.17%, 6, 0, 8, 141.95
1735487513, 25, 24, 40, 0, 0, 0.17%, 6, 0, 8, 146.87
1735487518, 25, 29, 40, 0, 0, 0.17%, 6, 0, 8, 143.52
1735487528, 26, 11, 40, 0, 0, 0.17%, 6, 0, 8, 141.64
1735487533, 26, 12, 40, 0, 0, 0.17%, 6, 0, 8, 132.02
1735487538, 26, 19, 40, 0, 0, 0.17%, 6, 0, 8, 132.19
1735487543, 26, 20, 40, 0, 0, 0.17%, 6, 0, 8, 134.20
1735487548, 26, 39, 40, 0, 0, 0.17%, 6, 0, 8, 162.38
1735487558, 27, 11, 40, 0, 0, 0.17%, 6, 0, 8, 138.72
1735487563, 27, 12, 40, 0, 0, 0.17%, 6, 0, 8, 140.90
1735487568, 27, 17, 40, 0, 0, 0.17%, 6, 0, 8, 151.29
1735487573, 27, 19, 40, 0, 0, 0.17%, 6, 0, 8, 136.43
1735487578, 27, 20, 40, 0, 0, 0.17%, 6, 0, 8, 136.56
1735487589, 28, 12, 40, 0, 0, 0.17%, 6, 0, 8, 127.34
1735487594, 28, 19, 40, 0, 0, 0.17%, 6, 0, 8, 137.53
1735487599, 28, 20, 40, 0, 0, 0.17%, 6, 0, 8, 139.93
1735487609, 28, 25, 40, 0, 0, 0.17%, 6, 0, 8, 144.49
1735487614, 29, 9, 40, 0, 0, 0.17%, 6, 0, 8, 134.18
1735487619, 29, 12, 40, 0, 0, 0.17%, 6, 0, 8, 131.86
1735487624, 29, 19, 40, 0, 0, 0.17%, 6, 0, 8, 130.26
1735487629, 29, 20, 40, 0, 0, 0.17%, 6, 0, 8, 144.67
1735487640, 30, 12, 40, 0, 0, 0.17%, 6, 0, 8, 132.65
1735487645, 30, 17, 40, 0, 0, 0.17%, 6, 0, 8, 134.39
1735487650, 30, 18, 40, 0, 0, 0.17%, 6, 0, 8, 140.30
1735487660, 30, 19, 40, 0, 0, 0.17%, 6, 0, 8, 134.97
1735487665, 30, 20, 40, 0, 0, 0.17%, 6, 0, 8, 137.10
1735487670, 30, 21, 40, 0, 0, 0.17%, 6, 0, 8, 137.79
1735487681, 30, 33, 40, 0, 0, 0.17%, 6, 0, 8, 153.77
1735487686, 31, 12, 40, 0, 0, 0.17%, 6, 0, 8, 136.52
1735487691, 31, 16, 40, 0, 0, 0.17%, 6, 0, 8, 143.16
1735487701, 31, 19, 40, 0, 0, 0.17%, 6, 0, 8, 137.24
1735487706, 31, 20, 40, 0, 0, 0.17%, 6, 0, 8, 138.69
1735487716, 32, 12, 40, 0, 0, 0.17%, 6, 0, 8, 139.00
1735487727, 32, 19, 40, 0, 0, 0.17%, 6, 0, 8, 138.25
1735487732, 32, 20, 40, 0, 0, 0.17%, 6, 0, 8, 140.24
1735487737, 32, 22, 40, 0, 0, 0.17%, 6, 0, 8, 142.56
1735487742, 32, 24, 40, 0, 0, 0.17%, 6, 0, 8, 153.85
1735487747, 33, 11, 40, 0, 0, 0.17%, 6, 0, 8, 132.75
1735487752, 33, 12, 40, 0, 0, 0.17%, 6, 0, 8, 133.33
1735487757, 33, 19, 40, 0, 0, 0.17%, 6, 0, 8, 140.43
1735487762, 33, 20, 40, 0, 0, 0.17%, 6, 0, 8, 139.93
1735487772, 34, 12, 40, 0, 0, 0.17%, 6, 0, 8, 128.18
1735487778, 34, 19, 40, 0, 0, 0.17%, 6, 0, 8, 132.90
1735487783, 34, 20, 40, 0, 0, 0.17%, 6, 0, 8, 142.61
1735487793, 35, 12, 40, 0, 0, 0.17%, 6, 0, 8, 133.12
1735487798, 35, 19, 40, 0, 0, 0.17%, 6, 0, 8, 130.15
1735487803, 35, 20, 40, 0, 0, 0.17%, 6, 0, 8, 139.82
1735487813, 36, 12, 40, 0, 0, 0.17%, 6, 0, 8, 142.12
1735487823, 36, 18, 40, 0, 0, 0.17%, 6, 0, 8, 151.09
1735487833, 36, 19, 40, 0, 0, 0.17%, 6, 0, 8, 142.42
1735487838, 36, 20, 40, 0, 0, 0.17%, 6, 0, 8, 136.94
1735487848, 36, 35, 40, 0, 0, 0.17%, 6, 0, 8, 136.17
1735487853, 37, 10, 40, 0, 0, 0.17%, 6, 0, 8, 138.90
1735487858, 37, 12, 40, 0, 0, 0.17%, 6, 0, 8, 137.21
1735487864, 37, 19, 40, 0, 0, 0.17%, 6, 0, 8, 141.36
1735487869, 37, 20, 40, 0, 0, 0.17%, 6, 0, 8, 137.24
1735487879, 37, 26, 40, 0, 0, 0.17%, 6, 0, 8, 141.52
1735487884, 37, 35, 40, 0, 0, 0.17%, 6, 0, 8, 142.90
1735487889, 38, 11, 40, 0, 0, 0.17%, 6, 0, 8, 139.30
1735487894, 38, 12, 40, 0, 0, 0.17%, 6, 0, 8, 138.28
1735487899, 38, 19, 40, 0, 0, 0.17%, 6, 0, 8, 137.08
1735487905, 38, 20, 40, 0, 0, 0.17%, 6, 0, 8, 135.60
1735487910, 39, 11, 40, 0, 0, 0.17%, 6, 0, 8, 141.01
1735487915, 39, 12, 40, 0, 0, 0.17%, 6, 0, 8, 141.14
1735487920, 39, 19, 40, 0, 0, 0.17%, 6, 0, 8, 139.80
1735487925, 39, 20, 40, 0, 0, 0.17%, 6, 0, 8, 136.48
1735487930, 40, 0, 40, 0, 0, 0.17%, 6, 0, 8, 133.50
1735487935, 40, 11, 40, 0, 0, 0.17%, 6, 0, 8, 141.89
1735487940, 40, 12, 40, 0, 0, 0.17%, 6, 0, 8, 136.62
1735487945, 40, 19, 40, 0, 0, 0.17%, 6, 0, 8, 136.63
1735487950, 40, 20, 40, 0, 0, 0.17%, 6, 0, 8, 145.63
1735487955, 41, 11, 40, 0, 0, 0.17%, 6, 0, 8, 136.93
1735487961, 41, 12, 40, 0, 0, 0.17%, 6, 0, 8, 127.84
1735487966, 41, 19, 40, 0, 0, 0.17%, 6, 0, 8, 135.68
1735487971, 41, 20, 40, 0, 0, 0.17%, 6, 0, 8, 145.23
1735487976, 41, 33, 40, 0, 0, 0.17%, 6, 0, 8, 134.23
1735487981, 42, 4, 40, 0, 0, 0.17%, 6, 0, 8, 145.09
1735487986, 42, 12, 40, 0, 0, 0.17%, 6, 0, 8, 138.92
1735487991, 42, 19, 40, 0, 0, 0.17%, 6, 0, 8, 132.76
1735487996, 42, 20, 40, 0, 0, 0.17%, 6, 0, 8, 138.64
1735488006, 42, 33, 40, 0, 0, 0.17%, 6, 0, 8, 147.22
1735488011, 42, 39, 40, 0, 0, 0.17%, 6, 0, 8, 144.77
1735488016, 43, 9, 40, 0, 0, 0.17%, 6, 0, 8, 142.00
1735488022, 43, 12, 40, 0, 0, 0.17%, 6, 0, 8, 132.48
1735488027, 43, 19, 40, 0, 0, 0.17%, 6, 0, 8, 136.16
1735488032, 43, 20, 40, 0, 0, 0.17%, 6, 0, 8, 139.96
1735488042, 43, 28, 40, 0, 0, 0.17%, 6, 0, 8, 143.75
1735488047, 44, 12, 40, 0, 0, 0.17%, 6, 0, 8, 133.09
1735488052, 44, 13, 40, 0, 0, 0.17%, 6, 0, 8, 136.80
1735488057, 44, 19, 40, 0, 0, 0.17%, 6, 0, 8, 128.92
1735488062, 44, 20, 40, 0, 0, 0.17%, 6, 0, 8, 132.18
1735488072, 44, 24, 40, 0, 0, 0.17%, 6, 0, 8, 146.32
1735488077, 45, 8, 40, 0, 0, 0.17%, 6, 0, 8, 139.00
1735488083, 45, 12, 40, 0, 0, 0.17%, 6, 0, 8, 131.78
1735488088, 45, 19, 40, 0, 0, 0.17%, 6, 0, 8, 137.11
1735488093, 45, 20, 40, 0, 0, 0.17%, 6, 0, 8, 141.16
1735488103, 46, 11, 40, 0, 0, 0.17%, 6, 0, 8, 145.98
1735488108, 46, 12, 40, 0, 0, 0.17%, 6, 0, 8, 139.15
1735488113, 46, 14, 40, 0, 0, 0.17%, 6, 0, 8, 133.30
1735488118, 46, 19, 40, 0, 0, 0.17%, 6, 0, 8, 140.50
1735488123, 46, 20, 40, 0, 0, 0.17%, 6, 0, 8, 135.44
1735488129, 47, 5, 40, 0, 0, 0.17%, 6, 0, 8, 144.08
1735488134, 47, 12, 40, 0, 0, 0.17%, 6, 0, 8, 132.96
1735488139, 47, 19, 40, 0, 0, 0.17%, 6, 0, 8, 136.09
1735488144, 47, 20, 40, 0, 0, 0.17%, 6, 0, 8, 142.34
1735488154, 48, 11, 40, 0, 0, 0.17%, 6, 0, 8, 142.62
1735488159, 48, 12, 40, 0, 0, 0.17%, 6, 0, 8, 141.25
1735488164, 48, 19, 40, 0, 0, 0.17%, 6, 0, 8, 132.33
1735488170, 48, 20, 40, 0, 0, 0.17%, 6, 0, 8, 133.61
1735488180, 49, 11, 40, 0, 0, 0.17%, 6, 0, 8, 141.21
1735488185, 49, 12, 40, 0, 0, 0.17%, 6, 0, 8, 130.83
1735488190, 49, 17, 40, 0, 0, 0.17%, 6, 0, 8, 138.73
1735488195, 49, 18, 40, 0, 0, 0.17%, 6, 0, 8, 140.19
1735488205, 49, 19, 40, 0, 0, 0.17%, 6, 0, 8, 146.89
1735488211, 49, 20, 40, 0, 0, 0.17%, 6, 0, 8, 149.25
1735488216, 50, 11, 40, 0, 0, 0.17%, 6, 0, 8, 141.58
1735488221, 50, 12, 40, 0, 0, 0.17%, 6, 0, 8, 132.43
1735488226, 50, 19, 40, 0, 0, 0.17%, 6, 0, 8, 128.40
1735488231, 50, 20, 40, 0, 0, 0.17%, 6, 0, 8, 139.10
1735488241, 50, 38, 40, 0, 0, 0.17%, 6, 0, 8, 154.12
1735488252, 51, 12, 40, 0, 0, 0.17%, 6, 0, 8, 132.40
1735488257, 51, 19, 40, 0, 0, 0.17%, 6, 0, 8, 136.04
1735488262, 51, 20, 40, 0, 0, 0.17%, 6, 0, 8, 142.66
1735488272, 52, 11, 40, 0, 0, 0.17%, 6, 0, 8, 134.97
1735488277, 52, 12, 40, 0, 0, 0.17%, 6, 0, 8, 144.88
1735488282, 52, 19, 40, 0, 0, 0.17%, 6, 0, 8, 134.32
1735488287, 52, 20, 40, 0, 0, 0.17%, 6, 0, 8, 135.50
1735488292, 52, 22, 40, 0, 0, 0.17%, 6, 0, 8, 141.14
1735488297, 53, 4, 40, 0, 0, 0.17%, 6, 0, 8, 154.62
1735488302, 53, 12, 40, 0, 0, 0.17%, 6, 0, 8, 136.55
1735488307, 53, 19, 40, 0, 0, 0.17%, 6, 0, 8, 135.53
1735488313, 53, 20, 40, 0, 0, 0.17%, 6, 0, 8, 144.14
1735488323, 54, 12, 40, 0, 0, 0.17%, 6, 0, 8, 136.11
1735488328, 54, 19, 40, 0, 0, 0.17%, 6, 0, 8, 134.22
1735488333, 54, 20, 40, 0, 0, 0.17%, 6, 0, 8, 135.05
1735488343, 54, 23, 40, 0, 0, 0.17%, 6, 0, 8, 147.18
1735488353, 55, 12, 40, 0, 0, 0.17%, 6, 0, 8, 129.69
1735488359, 55, 15, 40, 0, 0, 0.17%, 6, 0, 8, 137.95
1735488364, 55, 19, 40, 0, 0, 0.17%, 6, 0, 8, 132.29
1735488369, 55, 20, 40, 0, 0, 0.17%, 6, 0, 8, 136.48
1735488379, 56, 12, 40, 0, 0, 0.17%, 6, 0, 8, 141.49
1735488384, 56, 19, 40, 0, 0, 0.17%, 6, 0, 8, 138.51
1735488389, 56, 20, 40, 0, 0, 0.17%, 6, 0, 8, 135.06
1735488399, 56, 22, 40, 0, 0, 0.17%, 6, 0, 8, 137.29
1735488404, 56, 35, 40, 0, 0, 0.17%, 6, 0, 8, 139.56
1735488409, 57, 12, 40, 0, 0, 0.17%, 6, 0, 8, 141.49
1735488415, 57, 19, 40, 0, 0, 0.17%, 6, 0, 8, 136.55
1735488420, 57, 20, 40, 0, 0, 0.17%, 6, 0, 8, 134.35
1735488430, 57, 26, 40, 0, 0, 0.17%, 6, 0, 8, 148.67
1735488435, 57, 39, 40, 0, 0, 0.17%, 6, 0, 8, 156.29
1735488440, 58, 2, 40, 0, 0, 0.17%, 6, 0, 8, 135.43
1735488445, 58, 11, 40, 0, 0, 0.17%, 6, 0, 8, 138.57
1735488450, 58, 19, 40, 0, 0, 0.17%, 6, 0, 8, 148.26
1735488461, 58, 20, 40, 0, 0, 0.17%, 6, 0, 8, 143.02
1735488466, 58, 21, 40, 0, 0, 0.17%, 6, 0, 8, 148.27
1735488471, 59, 2, 40, 0, 0, 0.17%, 6, 0, 8, 140.25
1735488476, 59, 12, 40, 0, 0, 0.17%, 6, 0, 8, 135.73
1735488486, 59, 19, 40, 0, 0, 0.17%, 6, 0, 8, 131.77
1735488491, 59, 20, 40, 0, 0, 0.17%, 6, 0, 8, 133.58
1735488496, 59, 21, 40, 0, 0, 0.17%, 6, 0, 8, 146.92
1735488506, 60, 12, 40, 0, 0, 0.17%, 6, 0, 8, 133.48
1735488511, 60, 17, 40, 0, 0, 0.17%, 6, 0, 8, 137.70
1735488516, 60, 19, 40, 0, 0, 0.17%, 6, 0, 8, 136.73
1735488522, 60, 20, 40, 0, 0, 0.17%, 6, 0, 8, 135.02
1735488532, 61, 11, 40, 0, 0, 0.17%, 6, 0, 8, 140.07
1735488537, 61, 12, 40, 0, 0, 0.17%, 6, 0, 8, 136.00
1735488542, 61, 19, 40, 0, 0, 0.17%, 6, 0, 8, 142.42
1735488547, 61, 20, 40, 0, 0, 0.17%, 6, 0, 8, 138.97
1735488552, 61, 23, 40, 0, 0, 0.17%, 6, 0, 8, 145.19
1735488562, 61, 37, 40, 0, 0, 0.17%, 6, 0, 8, 155.24
1735488567, 62, 3, 40, 0, 0, 0.17%, 6, 0, 8, 138.46
1735488572, 62, 12, 40, 0, 0, 0.17%, 6, 0, 8, 134.42
1735488578, 62, 14, 40, 0, 0, 0.17%, 6, 0, 8, 141.79
1735488583, 62, 19, 40, 0, 0, 0.17%, 6, 0, 8, 132.05
1735488588, 62, 20, 40, 0, 0, 0.17%, 6, 0, 8, 138.08
1735488598, 62, 23, 40, 0, 0, 0.17%, 6, 0, 8, 137.94
1735488603, 62, 26, 40, 0, 0, 0.17%, 6, 0, 8, 144.20
1735488613, 62, 29, 40, 0, 0, 0.17%, 6, 0, 8, 150.94
1735488618, 62, 30, 40, 0, 0, 0.17%, 6, 0, 8, 147.35
1735488623, 62, 32, 40, 0, 0, 0.17%, 6, 0, 8, 157.18
1735488634, 62, 38, 40, 0, 0, 0.17%, 6, 0, 8, 164.98
1735488644, 63, 12, 40, 0, 0, 0.17%, 6, 0, 8, 132.98
1735488649, 63, 19, 40, 0, 0, 0.17%, 6, 0, 8, 135.49
1735488654, 63, 20, 40, 0, 0, 0.17%, 6, 0, 8, 135.63
1735488664, 64, 7, 40, 0, 0, 0.17%, 6, 0, 8, 138.99
1735488669, 64, 12, 40, 0, 0, 0.17%, 6, 0, 8, 133.63
1735488674, 64, 19, 40, 0, 0, 0.17%, 6, 0, 8, 134.09
1735488680, 64, 20, 40, 0, 0, 0.17%, 6, 0, 8, 134.88
1735488690, 64, 36, 40, 0, 0, 0.17%, 6, 0, 8, 145.87
1735488695, 65, 11, 40, 0, 0, 0.17%, 6, 0, 8, 146.97
1735488700, 65, 12, 40, 0, 0, 0.17%, 6, 0, 8, 129.67
1735488705, 65, 18, 40, 0, 0, 0.17%, 6, 0, 8, 140.57
1735488710, 65, 19, 40, 0, 0, 0.17%, 6, 0, 8, 137.31
1735488715, 65, 20, 40, 0, 0, 0.17%, 6, 0, 8, 139.58
1735488726, 66, 12, 40, 0, 0, 0.17%, 6, 0, 8, 132.69
1735488731, 66, 14, 40, 0, 0, 0.17%, 6, 0, 8, 141.15
1735488736, 66, 16, 40, 0, 0, 0.17%, 6, 0, 8, 132.14
1735488746, 66, 19, 40, 0, 0, 0.17%, 6, 0, 8, 143.54
1735488751, 66, 20, 40, 0, 0, 0.17%, 6, 0, 8, 140.27
1735488757, 67, 6, 40, 0, 0, 0.17%, 6, 0, 8, 140.79
1735488762, 67, 12, 40, 0, 0, 0.17%, 6, 0, 8, 142.39
1735488767, 67, 19, 40, 0, 0, 0.17%, 6, 0, 8, 135.23
1735488772, 67, 20, 40, 0, 0, 0.17%, 6, 0, 8, 139.68
1735488782, 67, 28, 40, 0, 0, 0.17%, 6, 0, 8, 144.67
1735488787, 67, 35, 40, 0, 0, 0.17%, 6, 0, 8, 143.59
1735488792, 68, 12, 40, 0, 0, 0.17%, 6, 0, 8, 131.67
1735488797, 68, 19, 40, 0, 0, 0.17%, 6, 0, 8, 134.53
1735488802, 68, 20, 40, 0, 0, 0.17%, 6, 0, 8, 139.99
1735488813, 68, 25, 40, 0, 0, 0.17%, 6, 0, 8, 145.81
1735488818, 69, 5, 40, 0, 0, 0.17%, 6, 0, 8, 136.08
1735488823, 69, 12, 40, 0, 0, 0.17%, 6, 0, 8, 132.39
1735488828, 69, 19, 40, 0, 0, 0.17%, 6, 0, 8, 134.10
1735488833, 69, 20, 40, 0, 0, 0.17%, 6, 0, 8, 138.73
1735488843, 69, 21, 40, 0, 0, 0.17%, 6, 0, 8, 139.49
1735488848, 69, 31, 40, 0, 0, 0.17%, 6, 0, 8, 154.98
1735488858, 70, 12, 40, 0, 0, 0.17%, 6, 0, 8, 140.84
1735488869, 70, 19, 40, 0, 0, 0.17%, 6, 0, 8, 138.44
1735488874, 70, 20, 40, 0, 0, 0.17%, 6, 0, 8, 135.80
1735488879, 70, 27, 40, 0, 0, 0.17%, 6, 0, 8, 158.48
1735488889, 71, 12, 40, 0, 0, 0.17%, 6, 0, 8, 138.37
1735488894, 71, 19, 40, 0, 0, 0.17%, 6, 0, 8, 132.24
1735488899, 71, 20, 40, 0, 0, 0.17%, 6, 0, 8, 136.96
1735488909, 71, 29, 40, 0, 0, 0.17%, 6, 0, 8, 137.81
1735488915, 72, 7, 40, 0, 0, 0.17%, 6, 0, 8, 141.50
1735488920, 72, 12, 40, 0, 0, 0.17%, 6, 0, 8, 134.94
1735488925, 72, 19, 40, 0, 0, 0.17%, 6, 0, 8, 143.01
1735488930, 72, 20, 40, 0, 0, 0.17%, 6, 0, 8, 134.72
1735488940, 72, 31, 40, 0, 0, 0.17%, 6, 0, 8, 145.55
1735488945, 73, 11, 40, 0, 0, 0.17%, 6, 0, 8, 134.18
1735488950, 73, 12, 40, 0, 0, 0.17%, 6, 0, 8, 136.76
1735488955, 73, 19, 40, 0, 0, 0.17%, 6, 0, 8, 135.94
1735488960, 73, 20, 40, 0, 0, 0.17%, 6, 0, 8, 137.11
1735488965, 74, 11, 40, 0, 0, 0.17%, 6, 0, 8, 139.14
1735488971, 74, 12, 40, 0, 0, 0.17%, 6, 0, 8, 134.41
1735488976, 74, 19, 40, 0, 0, 0.17%, 6, 0, 8, 135.56
1735488981, 74, 20, 40, 0, 0, 0.17%, 6, 0, 8, 136.84
1735488991, 75, 12, 40, 0, 0, 0.17%, 6, 0, 8, 133.91
1735488996, 75, 19, 40, 0, 0, 0.17%, 6, 0, 8, 133.70
1735489001, 75, 20, 40, 0, 0, 0.17%, 6, 0, 8, 140.41
1735489011, 75, 31, 40, 0, 0, 0.17%, 6, 0, 8, 148.47
1735489016, 76, 11, 40, 0, 0, 0.17%, 6, 0, 8, 140.86
1735489021, 76, 12, 40, 0, 0, 0.17%, 6, 0, 8, 132.61
1735489026, 76, 19, 40, 0, 0, 0.17%, 6, 0, 8, 137.82
1735489031, 76, 20, 40, 0, 0, 0.17%, 6, 0, 8, 139.60
1735489037, 76, 32, 40, 0, 0, 0.17%, 6, 0, 8, 159.24
1735489047, 77, 12, 40, 0, 0, 0.17%, 6, 0, 8, 134.17
1735489052, 77, 19, 40, 0, 0, 0.17%, 6, 0, 8, 129.94
1735489057, 77, 20, 40, 0, 0, 0.17%, 6, 0, 8, 134.96
1735489067, 78, 12, 40, 0, 0, 0.17%, 6, 0, 8, 136.02
1735489073, 78, 13, 40, 0, 0, 0.17%, 6, 0, 8, 135.36
1735489078, 78, 19, 40, 0, 0, 0.17%, 6, 0, 8, 132.86
1735489083, 78, 20, 40, 0, 0, 0.17%, 6, 0, 8, 138.92
1735489093, 79, 12, 40, 0, 0, 0.17%, 6, 0, 8, 134.92
1735489099, 79, 19, 40, 0, 0, 0.17%, 6, 0, 8, 136.80
1735489104, 79, 20, 40, 0, 0, 0.17%, 6, 0, 8, 139.04
1735489114, 80, 12, 40, 0, 0, 0.17%, 6, 0, 8, 133.79
1735489119, 80, 19, 40, 0, 0, 0.17%, 6, 0, 8, 139.98
1735489124, 80, 20, 40, 0, 0, 0.17%, 6, 0, 8, 136.51
1735489134, 81, 11, 40, 0, 0, 0.17%, 6, 0, 8, 135.89
1735489139, 81, 12, 40, 0, 0, 0.17%, 6, 0, 8, 134.55
1735489144, 81, 19, 40, 0, 0, 0.17%, 6, 0, 8, 134.37
1735489149, 81, 20, 40, 0, 0, 0.17%, 6, 0, 8, 134.61
1735489155, 81, 30, 40, 0, 0, 0.17%, 6, 0, 8, 149.51
1735489160, 82, 11, 40, 0, 0, 0.17%, 6, 0, 8, 138.05
1735489165, 82, 12, 40, 0, 0, 0.17%, 6, 0, 8, 133.28
1735489170, 82, 19, 40, 0, 0, 0.17%, 6, 0, 8, 126.67
1735489175, 82, 20, 40, 0, 0, 0.17%, 6, 0, 8, 138.86
1735489185, 83, 12, 40, 0, 0, 0.17%, 6, 0, 8, 131.76
1735489190, 83, 19, 40, 0, 0, 0.17%, 6, 0, 8, 128.51
1735489195, 83, 20, 40, 0, 0, 0.17%, 6, 0, 8, 140.05
1735489206, 84, 12, 40, 0, 0, 0.17%, 6, 0, 8, 134.39
1735489211, 84, 18, 40, 0, 0, 0.17%, 6, 0, 8, 141.50
1735489221, 84, 19, 40, 0, 0, 0.17%, 6, 0, 8, 141.26
1735489226, 84, 20, 40, 0, 0, 0.17%, 6, 0, 8, 139.29
1735489231, 84, 29, 40, 0, 0, 0.17%, 6, 0, 8, 144.34
1735489241, 85, 12, 40, 0, 0, 0.17%, 6, 0, 8, 136.60
1735489246, 85, 19, 40, 0, 0, 0.17%, 6, 0, 8, 141.40
1735489251, 85, 20, 40, 0, 0, 0.17%, 6, 0, 8, 135.01
1735489262, 86, 12, 40, 0, 0, 0.17%, 6, 0, 8, 139.89
1735489267, 86, 13, 40, 0, 0, 0.17%, 6, 0, 8, 139.53
1735489272, 86, 17, 40, 0, 0, 0.17%, 6, 0, 8, 136.98
1735489277, 86, 19, 40, 0, 0, 0.17%, 6, 0, 8, 136.28
1735489282, 86, 20, 40, 0, 0, 0.17%, 6, 0, 8, 141.34
1735489293, 86, 39, 40, 0, 0, 0.17%, 6, 0, 8, 148.35
1735489298, 87, 12, 40, 0, 0, 0.17%, 6, 0, 8, 137.09
1735489303, 87, 13, 40, 0, 0, 0.17%, 6, 0, 8, 131.64
1735489313, 87, 19, 40, 0, 0, 0.17%, 6, 0, 8, 140.78
1735489318, 87, 20, 40, 0, 0, 0.17%, 6, 0, 8, 140.66
1735489323, 87, 31, 40, 0, 0, 0.17%, 6, 0, 8, 158.55
1735489333, 88, 3, 40, 0, 0, 0.17%, 6, 0, 8, 145.21
1735489338, 88, 12, 40, 0, 0, 0.17%, 6, 0, 8, 138.39
1735489344, 88, 19, 40, 0, 0, 0.17%, 6, 0, 8, 133.66
1735489349, 88, 20, 40, 0, 0, 0.17%, 6, 0, 8, 135.12
1735489359, 89, 12, 40, 0, 0, 0.17%, 6, 0, 8, 137.22
1735489364, 89, 19, 40, 0, 0, 0.17%, 6, 0, 8, 130.57
1735489374, 89, 20, 40, 0, 0, 0.17%, 6, 0, 8, 140.41
1735489379, 89, 26, 40, 0, 0, 0.17%, 6, 0, 8, 145.36
1735489390, 90, 11, 40, 0, 0, 0.17%, 6, 0, 8, 137.11
1735489395, 90, 12, 40, 0, 0, 0.17%, 6, 0, 8, 129.16
1735489400, 90, 14, 40, 0, 0, 0.17%, 6, 0, 8, 133.68
1735489405, 90, 19, 40, 0, 0, 0.17%, 6, 0, 8, 133.20
1735489410, 90, 20, 40, 0, 0, 0.17%, 6, 0, 8, 135.51
1735489415, 90, 23, 40, 0, 0, 0.17%, 6, 0, 8, 146.44
1735489426, 91, 12, 40, 0, 0, 0.17%, 6, 0, 8, 139.37
1735489431, 91, 19, 40, 0, 0, 0.17%, 6, 0, 8, 129.47
1735489436, 91, 20, 40, 0, 0, 0.17%, 6, 0, 8, 142.09
1735489446, 91, 36, 40, 0, 0, 0.17%, 6, 0, 8, 151.98
1735489451, 92, 10, 40, 0, 0, 0.17%, 6, 0, 8, 151.39
1735489456, 92, 12, 40, 0, 0, 0.17%, 6, 0, 8, 141.12
1735489461, 92, 19, 40, 0, 0, 0.17%, 6, 0, 8, 141.15
1735489466, 92, 20, 40, 0, 0, 0.17%, 6, 0, 8, 142.04
1735489476, 93, 12, 40, 0, 0, 0.17%, 6, 0, 8, 131.01
1735489487, 93, 19, 40, 0, 0, 0.17%, 6, 0, 8, 139.95
1735489492, 93, 20, 40, 0, 0, 0.17%, 6, 0, 8, 131.29
1735489497, 93, 28, 40, 0, 0, 0.17%, 6, 0, 8, 155.17
1735489502, 94, 0, 40, 0, 0, 0.17%, 6, 0, 8, 143.05
1735489507, 94, 12, 40, 0, 0, 0.17%, 6, 0, 8, 128.03
1735489512, 94, 19, 40, 0, 0, 0.17%, 6, 0, 8, 139.96
1735489517, 94, 20, 40, 0, 0, 0.17%, 6, 0, 8, 130.57
1735489527, 95, 12, 40, 0, 0, 0.17%, 6, 0, 8, 133.06
1735489533, 95, 19, 40, 0, 0, 0.17%, 6, 0, 8, 132.17
1735489538, 95, 20, 40, 0, 0, 0.17%, 6, 0, 8, 144.70
1735489548, 95, 37, 40, 0, 0, 0.17%, 6, 0, 8, 157.85
1735489553, 96, 3, 40, 0, 0, 0.17%, 6, 0, 8, 144.38
1735489558, 96, 11, 40, 0, 0, 0.17%, 6, 0, 8, 140.93
1735489563, 96, 12, 40, 0, 0, 0.17%, 6, 0, 8, 138.42
1735489568, 96, 19, 40, 0, 0, 0.17%, 6, 0, 8, 142.43
1735489573, 96, 20, 40, 0, 0, 0.17%, 6, 0, 8, 137.14
1735489578, 97, 0, 40, 0, 0, 0.17%, 6, 0, 8, 137.38
1735489583, 97, 12, 40, 0, 0, 0.17%, 6, 0, 8, 133.04
1735489588, 97, 16, 40, 0, 0, 0.17%, 6, 0, 8, 139.42
1735489599, 97, 19, 40, 0, 0, 0.17%, 6, 0, 8, 130.93
1735489604, 97, 20, 40, 0, 0, 0.17%, 6, 0, 8, 141.07
1735489609, 98, 11, 40, 0, 0, 0.17%, 6, 0, 8, 134.53
1735489614, 98, 12, 40, 0, 0, 0.17%, 6, 0, 8, 131.85
1735489619, 98, 19, 40, 0, 0, 0.17%, 6, 0, 8, 131.89
1735489624, 98, 20, 40, 0, 0, 0.17%, 6, 0, 8, 137.78
1735489634, 98, 23, 40, 0, 0, 0.17%, 6, 0, 8, 163.16
1735489640, 99, 12, 40, 0, 0, 0.17%, 6, 0, 8, 136.47
1735489645, 99, 19, 40, 0, 0, 0.17%, 6, 0, 8, 141.19
1735489650, 99, 20, 40, 0, 0, 0.17%, 6, 0, 8, 143.65
1735489660, 99, 33, 40, 0, 0, 0.17%, 6, 0, 8, 152.15
1735489665, 100, 12, 40, 0, 0, 0.17%, 6, 0, 8, 145.20
1735489670, 100, 19, 40, 0, 0, 0.17%, 6, 0, 8, 147.01
1735489680, 100, 20, 40, 0, 0, 0.17%, 6, 0, 8, 144.47
1735489685, 100, 32, 40, 0, 0, 0.17%, 6, 0, 8, 159.70
1735489690, 101, 4, 40, 0, 0, 0.17%, 6, 0, 8, 144.07
1735489695, 101, 12, 40, 0, 0, 0.17%, 6, 0, 8, 139.46
1735489701, 101, 13, 40, 0, 0, 0.17%, 6, 0, 8, 141.20
1735489706, 101, 19, 40, 0, 0, 0.17%, 6, 0, 8, 138.28
1735489711, 101, 20, 40, 0, 0, 0.17%, 6, 0, 8, 143.10
1735489721, 101, 35, 40, 0, 0, 0.17%, 6, 0, 8, 140.96
1735489726, 102, 12, 40, 0, 0, 0.17%, 6, 0, 8, 140.43
1735489731, 102, 13, 40, 0, 0, 0.17%, 6, 0, 8, 140.19
1735489741, 102, 19, 40, 0, 0, 0.17%, 6, 0, 8, 135.60
1735489746, 102, 20, 40, 0, 0, 0.17%, 6, 0, 8, 142.82
1735489751, 103, 11, 40, 0, 0, 0.17%, 6, 0, 8, 139.74
1735489756, 103, 12, 40, 0, 0, 0.17%, 6, 0, 8, 138.60
1735489761, 103, 19, 40, 0, 0, 0.17%, 6, 0, 8, 140.30
1735489766, 103, 20, 40, 0, 0, 0.17%, 6, 0, 8, 142.99
1735489771, 103, 27, 40, 0, 0, 0.17%, 6, 0, 8, 160.88
1735489782, 104, 12, 40, 0, 0, 0.17%, 6, 0, 8, 129.98
1735489787, 104, 13, 40, 0, 0, 0.17%, 6, 0, 8, 136.58
1735489792, 104, 19, 40, 0, 0, 0.17%, 6, 0, 8, 129.98
1735489802, 104, 20, 40, 0, 0, 0.17%, 6, 0, 8, 130.70
1735489807, 105, 11, 40, 0, 0, 0.17%, 6, 0, 8, 137.70
1735489812, 105, 12, 40, 0, 0, 0.17%, 6, 0, 8, 139.29
1735489817, 105, 20, 40, 0, 0, 0.17%, 6, 0, 8, 156.10
1735489827, 105, 32, 40, 0, 0, 0.17%, 6, 0, 8, 159.11
1735489832, 105, 39, 40, 0, 0, 0.17%, 6, 0, 8, 149.07
1735489837, 106, 11, 40, 0, 0, 0.17%, 6, 0, 8, 141.81
1735489842, 106, 12, 40, 0, 0, 0.17%, 6, 0, 8, 144.65
1735489848, 106, 19, 40, 0, 0, 0.17%, 6, 0, 8, 134.36
1735489853, 106, 20, 40, 0, 0, 0.17%, 6, 0, 8, 135.62
1735489858, 107, 11, 40, 0, 0, 0.17%, 6, 0, 8, 141.26
1735489863, 107, 12, 40, 0, 0, 0.17%, 6, 0, 8, 132.61
1735489868, 107, 19, 40, 0, 0, 0.17%, 6, 0, 8, 135.96
1735489873, 107, 20, 40, 0, 0, 0.17%, 6, 0, 8, 140.89
1735489878, 107, 35, 40, 0, 0, 0.17%, 6, 0, 8, 140.56
1735489883, 108, 3, 40, 0, 0, 0.17%, 6, 0, 8, 144.06
1735489889, 108, 12, 40, 0, 0, 0.17%, 6, 0, 8, 138.25
1735489894, 108, 19, 40, 0, 0, 0.17%, 6, 0, 8, 134.67
1735489899, 108, 20, 40, 0, 0, 0.17%, 6, 0, 8, 138.79
1735489909, 108, 22, 40, 0, 0, 0.17%, 6, 0, 8, 136.45
1735489914, 108, 32, 40, 0, 0, 0.17%, 6, 0, 8, 147.08
1735489919, 109, 11, 40, 0, 0, 0.17%, 6, 0, 8, 131.76
1735489924, 109, 12, 40, 0, 0, 0.17%, 6, 0, 8, 140.13
1735489930, 109, 19, 40, 0, 0, 0.17%, 6, 0, 8, 138.44
1735489935, 109, 20, 40, 0, 0, 0.17%, 6, 0, 8, 137.76
1735489940, 109, 26, 40, 0, 0, 0.17%, 6, 0, 8, 144.57
1735489950, 110, 9, 40, 0, 0, 0.17%, 6, 0, 8, 138.34
1735489955, 110, 12, 40, 0, 0, 0.17%, 6, 0, 8, 132.57
1735489960, 110, 19, 40, 0, 0, 0.17%, 6, 0, 8, 131.95
1735489966, 110, 20, 40, 0, 0, 0.17%, 6, 0, 8, 139.72
1735489976, 111, 12, 40, 0, 0, 0.17%, 6, 0, 8, 133.09
1735489981, 111, 19, 40, 0, 0, 0.17%, 6, 0, 8, 134.93
1735489986, 111, 20, 40, 0, 0, 0.17%, 6, 0, 8, 142.25
1735489996, 112, 12, 40, 0, 0, 0.17%, 6, 0, 8, 133.23
1735490001, 112, 19, 40, 0, 0, 0.17%, 6, 0, 8, 131.05
1735490006, 112, 20, 40, 0, 0, 0.17%, 6, 0, 8, 127.77
1735490017, 112, 23, 40, 0, 0, 0.17%, 6, 0, 8, 144.38
1735490022, 112, 30, 40, 0, 0, 0.17%, 6, 0, 8, 140.25
1735490027, 113, 11, 40, 0, 0, 0.17%, 6, 0, 8, 141.03
1735490032, 113, 12, 40, 0, 0, 0.17%, 6, 0, 8, 129.34
1735490037, 113, 16, 40, 0, 0, 0.17%, 6, 0, 8, 143.88
1735490047, 113, 19, 40, 0, 0, 0.17%, 6, 0, 8, 134.15
1735490052, 113, 20, 40, 0, 0, 0.17%, 6, 0, 8, 153.92
1735490057, 113, 30, 40, 0, 0, 0.17%, 6, 0, 8, 142.35
1735490063, 113, 32, 40, 0, 0, 0.17%, 6, 0, 8, 155.93
1735490068, 114, 8, 40, 0, 0, 0.17%, 6, 0, 8, 144.02
1735490073, 114, 12, 40, 0, 0, 0.17%, 6, 0, 8, 139.56
1735490078, 114, 18, 40, 0, 0, 0.17%, 6, 0, 8, 145.38
1735490088, 114, 19, 40, 0, 0, 0.17%, 6, 0, 8, 153.16
1735490093, 114, 20, 40, 0, 0, 0.17%, 6, 0, 8, 147.95
1735490098, 115, 11, 40, 0, 0, 0.17%, 6, 0, 8, 146.06
1735490103, 115, 12, 40, 0, 0, 0.17%, 6, 0, 8, 135.80
1735490108, 115, 16, 40, 0, 0, 0.17%, 6, 0, 8, 146.32
1735490114, 115, 19, 40, 0, 0, 0.17%, 6, 0, 8, 146.52
1735490119, 115, 20, 40, 0, 0, 0.17%, 6, 0, 8, 141.40
1735490129, 116, 12, 40, 0, 0, 0.17%, 6, 0, 8, 145.35
1735490134, 116, 19, 40, 0, 0, 0.17%, 6, 0, 8, 137.61
1735490139, 116, 20, 40, 0, 0, 0.17%, 6, 0, 8, 144.11
1735490149, 116, 32, 40, 0, 0, 0.17%, 6, 0, 8, 160.88
1735490154, 116, 38, 40, 0, 0, 0.17%, 6, 0, 8, 148.49
1735490170, 117, 12, 40, 0, 0, 0.17%, 6, 0, 8, 137.05
1735490175, 117, 19, 40, 0, 0, 0.17%, 6, 0, 8, 148.42
1735490180, 117, 20, 40, 0, 0, 0.17%, 6, 0, 8, 141.33
1735490190, 117, 29, 40, 0, 0, 0.17%, 6, 0, 8, 150.28
1735490195, 117, 33, 40, 0, 0, 0.17%, 6, 0, 8, 138.84
1735490200, 118, 4, 40, 0, 0, 0.17%, 6, 0, 8, 146.53
1735490206, 118, 11, 40, 0, 0, 0.17%, 6, 0, 8, 135.25
1735490211, 118, 12, 40, 0, 0, 0.17%, 6, 0, 8, 141.33
1735490216, 118, 14, 40, 0, 0, 0.17%, 6, 0, 8, 139.44
1735490221, 118, 15, 40, 0, 0, 0.17%, 6, 0, 8, 139.74
1735490226, 118, 19, 40, 0, 0, 0.17%, 6, 0, 8, 132.22
1735490231, 118, 20, 40, 0, 0, 0.17%, 6, 0, 8, 139.21
1735490236, 118, 24, 40, 0, 0, 0.17%, 6, 0, 8, 146.21
1735490246, 119, 12, 40, 0, 0, 0.17%, 6, 0, 8, 136.96
1735490251, 119, 19, 40, 0, 0, 0.17%, 6, 0, 8, 137.30
1735490256, 119, 20, 40, 0, 0, 0.17%, 6, 0, 8, 133.96
1735490266, 119, 34, 40, 0, 0, 0.17%, 6, 0, 8, 145.27
1735490271, 120, 11, 40, 0, 0, 0.17%, 6, 0, 8, 138.60
1735490277, 120, 12, 40, 0, 0, 0.17%, 6, 0, 8, 133.05
1735490282, 120, 19, 40, 0, 0, 0.17%, 6, 0, 8, 137.30
1735490287, 120, 20, 40, 0, 0, 0.17%, 6, 0, 8, 138.47
1735490297, 120, 28, 40, 0, 0, 0.17%, 6, 0, 8, 143.29
1735490302, 121, 12, 40, 0, 0, 0.17%, 6, 0, 8, 135.53
1735490307, 121, 19, 40, 0, 0, 0.17%, 6, 0, 8, 133.53
1735490312, 121, 20, 40, 0, 0, 0.17%, 6, 0, 8, 136.12
1735490323, 121, 38, 40, 0, 0, 0.17%, 6, 0, 8, 164.88
1735490333, 122, 12, 40, 0, 0, 0.17%, 6, 0, 8, 144.44
1735490338, 122, 19, 40, 0, 0, 0.17%, 6, 0, 8, 136.08
1735490343, 122, 20, 40, 0, 0, 0.17%, 6, 0, 8, 138.10
1735490353, 123, 12, 40, 0, 0, 0.17%, 6, 0, 8, 139.97
1735490363, 123, 19, 40, 0, 0, 0.17%, 6, 0, 8, 139.82
1735490368, 123, 20, 40, 0, 0, 0.17%, 6, 0, 8, 134.70
1735490373, 124, 11, 40, 0, 0, 0.17%, 6, 0, 8, 133.19
1735490378, 124, 12, 40, 0, 0, 0.17%, 6, 0, 8, 126.56
1735490383, 124, 13, 40, 0, 0, 0.17%, 6, 0, 8, 128.17
1735490389, 124, 19, 40, 0, 0, 0.17%, 6, 0, 8, 140.28
1735490394, 124, 20, 40, 0, 0, 0.17%, 6, 0, 8, 141.48
1735490399, 125, 2, 40, 0, 0, 0.17%, 6, 0, 8, 138.48
1735490404, 125, 12, 40, 0, 0, 0.17%, 6, 0, 8, 134.58
1735490409, 125, 19, 40, 0, 0, 0.17%, 6, 0, 8, 132.44
1735490414, 125, 20, 40, 0, 0, 0.17%, 6, 0, 8, 137.98
1735490424, 125, 32, 40, 0, 0, 0.17%, 6, 0, 8, 162.10
1735490429, 125, 34, 40, 0, 0, 0.17%, 6, 0, 8, 149.19
1735490434, 126, 11, 40, 0, 0, 0.17%, 6, 0, 8, 143.94
1735490439, 126, 12, 40, 0, 0, 0.17%, 6, 0, 8, 134.42
1735490445, 126, 19, 40, 0, 0, 0.17%, 6, 0, 8, 133.26
1735490450, 126, 20, 40, 0, 0, 0.17%, 6, 0, 8, 139.61
1735490460, 127, 11, 40, 0, 0, 0.17%, 6, 0, 8, 138.10
1735490465, 127, 12, 40, 0, 0, 0.17%, 6, 0, 8, 154.58
1735490470, 127, 18, 40, 0, 0, 0.17%, 6, 0, 8, 150.65
1735490475, 127, 19, 40, 0, 0, 0.17%, 6, 0, 8, 136.54
1735490480, 127, 20, 40, 0, 0, 0.17%, 6, 0, 8, 141.42
1735490490, 127, 39, 40, 0, 0, 0.17%, 6, 0, 8, 137.69
1735490495, 128, 12, 40, 0, 0, 0.17%, 6, 0, 8, 136.33
1735490506, 128, 19, 40, 0, 0, 0.17%, 6, 0, 8, 134.93
1735490511, 128, 20, 40, 0, 0, 0.17%, 6, 0, 8, 133.87
1735490516, 129, 11, 40, 0, 0, 0.17%, 6, 0, 8, 138.49
1735490521, 129, 12, 40, 0, 0, 0.17%, 6, 0, 8, 137.04
1735490526, 129, 19, 40, 0, 0, 0.17%, 6, 0, 8, 139.66
1735490531, 129, 20, 40, 0, 0, 0.17%, 6, 0, 8, 135.55
1735490536, 129, 23, 40, 0, 0, 0.17%, 6, 0, 8, 141.32
1735490546, 129, 27, 40, 0, 0, 0.17%, 6, 0, 8, 152.05
1735490551, 129, 29, 40, 0, 0, 0.17%, 6, 0, 8, 148.86
1735490561, 129, 37, 40, 0, 0, 0.17%, 6, 0, 8, 156.18
1735490566, 130, 11, 40, 0, 0, 0.17%, 6, 0, 8, 142.99
1735490571, 130, 12, 40, 0, 0, 0.17%, 6, 0, 8, 133.26
1735490576, 130, 19, 40, 0, 0, 0.17%, 6, 0, 8, 132.83
1735490581, 130, 20, 40, 0, 0, 0.17%, 6, 0, 8, 138.62
1735490587, 130, 34, 40, 0, 0, 0.17%, 6, 0, 8, 140.97
1735490592, 131, 11, 40, 0, 0, 0.17%, 6, 0, 8, 136.13
1735490597, 131, 12, 40, 0, 0, 0.17%, 6, 0, 8, 147.81
1735490602, 131, 17, 40, 0, 0, 0.17%, 6, 0, 8, 142.21
1735490607, 131, 19, 40, 0, 0, 0.17%, 6, 0, 8, 142.71
1735490612, 131, 20, 40, 0, 0, 0.17%, 6, 0, 8, 144.99
1735490617, 131, 36, 40, 0, 0, 0.17%, 6, 0, 8, 152.11
1735490628, 132, 12, 40, 0, 0, 0.17%, 6, 0, 8, 136.91
1735490633, 132, 19, 40, 0, 0, 0.17%, 6, 0, 8, 135.43
1735490638, 132, 20, 40, 0, 0, 0.17%, 6, 0, 8, 137.45
1735490648, 133, 12, 40, 0, 0, 0.17%, 6, 0, 8, 128.86
1735490653, 133, 19, 40, 0, 0, 0.17%, 6, 0, 8, 135.98
1735490658, 133, 20, 40, 0, 0, 0.17%, 6, 0, 8, 141.12
1735490669, 133, 34, 40, 0, 0, 0.17%, 6, 0, 8, 146.97
1735490674, 133, 39, 40, 0, 0, 0.17%, 6, 0, 8, 159.40
1735490679, 134, 3, 40, 0, 0, 0.17%, 6, 0, 8, 142.22
1735490684, 134, 11, 40, 0, 0, 0.17%, 6, 0, 8, 136.64
1735490689, 134, 12, 40, 0, 0, 0.17%, 6, 0, 8, 136.47
1735490694, 134, 19, 40, 0, 0, 0.17%, 6, 0, 8, 134.55
1735490699, 134, 20, 40, 0, 0, 0.17%, 6, 0, 8, 136.15
1735490704, 134, 37, 40, 0, 0, 0.17%, 6, 0, 8, 144.27
1735490715, 135, 11, 40, 0, 0, 0.17%, 6, 0, 8, 137.37
1735490720, 135, 12, 40, 0, 0, 0.17%, 6, 0, 8, 141.90
1735490725, 135, 19, 40, 0, 0, 0.17%, 6, 0, 8, 142.89
1735490730, 135, 20, 40, 0, 0, 0.17%, 6, 0, 8, 136.75
1735490735, 135, 28, 40, 0, 0, 0.17%, 6, 0, 8, 148.62
1735490740, 135, 29, 40, 0, 0, 0.17%, 6, 0, 8, 143.08
1735490750, 135, 30, 40, 0, 0, 0.17%, 6, 0, 8, 143.34
1735490755, 135, 32, 40, 0, 0, 0.17%, 6, 0, 8, 151.94
1735490760, 136, 2, 40, 0, 0, 0.17%, 6, 0, 8, 147.08
1735490766, 136, 12, 40, 0, 0, 0.17%, 6, 0, 8, 137.70
1735490771, 136, 19, 40, 0, 0, 0.17%, 6, 0, 8, 138.34
1735490776, 136, 20, 40, 0, 0, 0.17%, 6, 0, 8, 141.55
1735490786, 137, 12, 40, 0, 0, 0.17%, 6, 0, 8, 134.12
1735490791, 137, 19, 40, 0, 0, 0.17%, 6, 0, 8, 133.32
1735490797, 137, 20, 40, 0, 0, 0.17%, 6, 0, 8, 133.52
1735490807, 137, 24, 40, 0, 0, 0.17%, 6, 0, 8, 152.71
1735490812, 137, 27, 40, 0, 0, 0.17%, 6, 0, 8, 156.81
1735490817, 137, 29, 40, 0, 0, 0.17%, 6, 0, 8, 138.21
1735490827, 138, 12, 40, 0, 0, 0.17%, 6, 0, 8, 140.70
1735490837, 138, 18, 40, 0, 0, 0.17%, 6, 0, 8, 138.54
1735490842, 138, 19, 40, 0, 0, 0.17%, 6, 0, 8, 133.93
1735490847, 138, 20, 40, 0, 0, 0.17%, 6, 0, 8, 136.86
1735490857, 138, 30, 40, 0, 0, 0.17%, 6, 0, 8, 138.36
1735490863, 138, 33, 40, 0, 0, 0.17%, 6, 0, 8, 146.65
1735490868, 139, 12, 40, 0, 0, 0.17%, 6, 0, 8, 143.99
1735490878, 139, 19, 40, 0, 0, 0.17%, 6, 0, 8, 143.06
1735490883, 139, 20, 40, 0, 0, 0.17%, 6, 0, 8, 133.73
1735490888, 139, 22, 40, 0, 0, 0.17%, 6, 0, 8, 144.95
1735490894, 139, 37, 40, 0, 0, 0.17%, 6, 0, 8, 154.85
1735490899, 140, 10, 40, 0, 0, 0.17%, 6, 0, 8, 149.22
1735490904, 140, 11, 40, 0, 0, 0.17%, 6, 0, 8, 136.04
1735490909, 140, 12, 40, 0, 0, 0.17%, 6, 0, 8, 137.74
1735490914, 140, 19, 40, 0, 0, 0.17%, 6, 0, 8, 144.67
1735490924, 140, 20, 40, 0, 0, 0.17%, 6, 0, 8, 147.14
1735490929, 140, 24, 40, 0, 0, 0.17%, 6, 0, 8, 151.53
1735490940, 141, 12, 40, 0, 0, 0.17%, 6, 0, 8, 128.86
1735490945, 141, 19, 40, 0, 0, 0.17%, 6, 0, 8, 129.32
1735490950, 141, 20, 40, 0, 0, 0.17%, 6, 0, 8, 140.49
1735490960, 141, 34, 40, 0, 0, 0.17%, 6, 0, 8, 141.11
1735490965, 142, 11, 40, 0, 0, 0.17%, 6, 0, 8, 141.67
1735490970, 142, 12, 40, 0, 0, 0.17%, 6, 0, 8, 144.23
1735490976, 142, 17, 40, 0, 0, 0.17%, 6, 0, 8, 144.66
1735490981, 142, 19, 40, 0, 0, 0.17%, 6, 0, 8, 146.94
1735490986, 142, 20, 40, 0, 0, 0.17%, 6, 0, 8, 136.41
1735490991, 142, 22, 40, 0, 0, 0.17%, 6, 0, 8, 140.62
1735490996, 142, 29, 40, 0, 0, 0.17%, 6, 0, 8, 144.25
1735491006, 143, 12, 40, 0, 0, 0.17%, 6, 0, 8, 141.86
1735491011, 143, 19, 40, 0, 0, 0.17%, 6, 0, 8, 132.35
1735491016, 143, 20, 40, 0, 0, 0.17%, 6, 0, 8, 135.76
1735491027, 143, 21, 40, 0, 0, 0.17%, 6, 0, 8, 131.66
1735491032, 143, 33, 40, 0, 0, 0.17%, 6, 0, 8, 151.36
1735491037, 144, 11, 40, 0, 0, 0.17%, 6, 0, 8, 143.95
1735491042, 144, 12, 40, 0, 0, 0.17%, 6, 0, 8, 140.77
1735491047, 144, 19, 40, 0, 0, 0.17%, 6, 0, 8, 133.63
1735491052, 144, 20, 40, 0, 0, 0.17%, 6, 0, 8, 130.63
1735491058, 144, 26, 40, 0, 0, 0.17%, 6, 0, 8, 134.36
1735491068, 145, 11, 40, 0, 0, 0.17%, 6, 0, 8, 137.26
1735491073, 145, 12, 40, 0, 0, 0.17%, 6, 0, 8, 140.75
1735491078, 145, 18, 40, 0, 0, 0.17%, 6, 0, 8, 142.14
1735491083, 145, 19, 40, 0, 0, 0.17%, 6, 0, 8, 128.68
1735491088, 145, 20, 40, 0, 0, 0.17%, 6, 0, 8, 136.10
1735491099, 146, 12, 40, 0, 0, 0.17%, 6, 0, 8, 135.64
1735491104, 146, 15, 40, 0, 0, 0.17%, 6, 0, 8, 137.22
1735491109, 146, 19, 40, 0, 0, 0.17%, 6, 0, 8, 133.96
1735491114, 146, 20, 40, 0, 0, 0.17%, 6, 0, 8, 136.20
1735491124, 147, 11, 40, 0, 0, 0.17%, 6, 0, 8, 138.06
1735491130, 147, 12, 40, 0, 0, 0.17%, 6, 0, 8, 128.77
1735491135, 147, 14, 40, 0, 0, 0.17%, 6, 0, 8, 139.09
1735491140, 147, 19, 40, 0, 0, 0.17%, 6, 0, 8, 144.63
1735491145, 147, 20, 40, 0, 0, 0.17%, 6, 0, 8, 134.55
1735491150, 148, 11, 40, 0, 0, 0.17%, 6, 0, 8, 141.30
1735491155, 148, 12, 40, 0, 0, 0.17%, 6, 0, 8, 145.72
1735491160, 148, 19, 40, 0, 0, 0.17%, 6, 0, 8, 145.83
1735491166, 148, 20, 40, 0, 0, 0.17%, 6, 0, 8, 141.56
1735491171, 148, 27, 40, 0, 0, 0.17%, 6, 0, 8, 161.55
1735491176, 149, 11, 40, 0, 0, 0.17%, 6, 0, 8, 148.61
1735491181, 149, 12, 40, 0, 0, 0.17%, 6, 0, 8, 134.96
1735491186, 149, 19, 40, 0, 0, 0.17%, 6, 0, 8, 131.55
1735491191, 149, 20, 40, 0, 0, 0.17%, 6, 0, 8, 133.03
1735491202, 149, 37, 40, 0, 0, 0.17%, 6, 0, 8, 152.64
1735491207, 150, 12, 40, 0, 0, 0.17%, 6, 0, 8, 145.20
1735491212, 150, 13, 40, 0, 0, 0.17%, 6, 0, 8, 146.93
1735491222, 150, 17, 40, 0, 0, 0.17%, 6, 0, 8, 143.70
1735491227, 150, 19, 40, 0, 0, 0.17%, 6, 0, 8, 132.77
1735491232, 150, 20, 40, 0, 0, 0.17%, 6, 0, 8, 142.57
1735491237, 150, 34, 40, 0, 0, 0.17%, 6, 0, 8, 146.00
1735491243, 150, 39, 40, 0, 0, 0.17%, 6, 0, 8, 155.16
1735491248, 151, 12, 40, 0, 0, 0.17%, 6, 0, 8, 135.56
1735491253, 151, 19, 40, 0, 0, 0.17%, 6, 0, 8, 140.69
1735491258, 151, 20, 40, 0, 0, 0.17%, 6, 0, 8, 140.21
1735491268, 152, 12, 40, 0, 0, 0.17%, 6, 0, 8, 137.22
1735491274, 152, 19, 40, 0, 0, 0.17%, 6, 0, 8, 138.39
1735491279, 152, 20, 40, 0, 0, 0.17%, 6, 0, 8, 146.76
1735491289, 152, 27, 40, 0, 0, 0.17%, 6, 0, 8, 158.64
1735491294, 153, 11, 40, 0, 0, 0.17%, 6, 0, 8, 137.18
1735491299, 153, 12, 40, 0, 0, 0.17%, 6, 0, 8, 141.84
1735491304, 153, 19, 40, 0, 0, 0.17%, 6, 0, 8, 133.43
1735491310, 153, 20, 40, 0, 0, 0.17%, 6, 0, 8, 136.40
1735491315, 154, 4, 40, 0, 0, 0.17%, 6, 0, 8, 134.65
1735491320, 154, 11, 40, 0, 0, 0.17%, 6, 0, 8, 136.15
1735491325, 154, 12, 40, 0, 0, 0.17%, 6, 0, 8, 142.38
1735491330, 154, 18, 40, 0, 0, 0.17%, 6, 0, 8, 144.36
1735491336, 154, 19, 40, 0, 0, 0.17%, 6, 0, 8, 136.11
1735491341, 154, 20, 40, 0, 0, 0.17%, 6, 0, 8, 135.13
1735491351, 154, 29, 40, 0, 0, 0.17%, 6, 0, 8, 148.48
1735491356, 154, 30, 40, 0, 0, 0.17%, 6, 0, 8, 144.67
1735491361, 155, 11, 40, 0, 0, 0.17%, 6, 0, 8, 146.61
1735491367, 155, 12, 40, 0, 0, 0.17%, 6, 0, 8, 141.00
1735491372, 155, 19, 40, 0, 0, 0.17%, 6, 0, 8, 137.94
1735491377, 155, 20, 40, 0, 0, 0.17%, 6, 0, 8, 134.38
1735491382, 155, 23, 40, 0, 0, 0.17%, 6, 0, 8, 134.06
1735491393, 155, 28, 40, 0, 0, 0.17%, 6, 0, 8, 142.75
1735491398, 156, 11, 40, 0, 0, 0.17%, 6, 0, 8, 139.37
1735491403, 156, 12, 40, 0, 0, 0.17%, 6, 0, 8, 143.46
1735491408, 156, 19, 40, 0, 0, 0.17%, 6, 0, 8, 140.00
1735491413, 156, 20, 40, 0, 0, 0.17%, 6, 0, 8, 148.92
1735491418, 156, 25, 40, 0, 0, 0.17%, 6, 0, 8, 148.37
1735491428, 156, 26, 40, 0, 0, 0.17%, 6, 0, 8, 141.94
1735491433, 157, 2, 40, 0, 0, 0.17%, 6, 0, 8, 142.23
1735491438, 157, 12, 40, 0, 0, 0.17%, 6, 0, 8, 140.28
1735491449, 157, 19, 40, 0, 0, 0.17%, 6, 0, 8, 135.36
1735491454, 157, 20, 40, 0, 0, 0.17%, 6, 0, 8, 133.76
1735491459, 157, 27, 40, 0, 0, 0.17%, 6, 0, 8, 156.18
1735491469, 157, 36, 40, 0, 0, 0.17%, 6, 0, 8, 152.13
1735491474, 158, 11, 40, 0, 0, 0.17%, 6, 0, 8, 137.51
1735491479, 158, 12, 40, 0, 0, 0.17%, 6, 0, 8, 140.97
1735491485, 158, 19, 40, 0, 0, 0.17%, 6, 0, 8, 141.30
1735491490, 158, 20, 40, 0, 0, 0.17%, 6, 0, 8, 136.88
1735491495, 158, 39, 40, 0, 0, 0.17%, 6, 0, 8, 156.85
1735491500, 159, 11, 40, 0, 0, 0.17%, 6, 0, 8, 139.34
1735491505, 159, 12, 40, 0, 0, 0.17%, 6, 0, 8, 136.45
1735491510, 159, 19, 40, 0, 0, 0.17%, 6, 0, 8, 135.42
1735491516, 159, 20, 40, 0, 0, 0.17%, 6, 0, 8, 138.06
1735491521, 159, 28, 40, 0, 0, 0.17%, 6, 0, 8, 151.11
1735491526, 159, 31, 40, 0, 0, 0.17%, 6, 0, 8, 159.41
1735491536, 160, 11, 40, 0, 0, 0.17%, 6, 0, 8, 141.49
1735491541, 160, 12, 40, 0, 0, 0.17%, 6, 0, 8, 139.23
1735491546, 160, 19, 40, 0, 0, 0.17%, 6, 0, 8, 132.85
1735491552, 160, 20, 40, 0, 0, 0.17%, 6, 0, 8, 145.74
1735491557, 160, 39, 40, 0, 0, 0.17%, 6, 0, 8, 159.70
1735491562, 161, 11, 40, 0, 0, 0.17%, 6, 0, 8, 136.69
1735491567, 161, 12, 40, 0, 0, 0.17%, 6, 0, 8, 134.47
1735491572, 161, 19, 40, 0, 0, 0.17%, 6, 0, 8, 146.70
1735491577, 161, 20, 40, 0, 0, 0.17%, 6, 0, 8, 149.50
1735491582, 162, 11, 40, 0, 0, 0.17%, 6, 0, 8, 144.24
1735491587, 162, 12, 40, 0, 0, 0.17%, 6, 0, 8, 143.97
1735491592, 162, 17, 40, 0, 0, 0.17%, 6, 0, 8, 135.21
1735491598, 162, 19, 40, 0, 0, 0.17%, 6, 0, 8, 122.64
1735491603, 162, 20, 40, 0, 0, 0.17%, 6, 0, 8, 130.69
1735491608, 162, 24, 40, 0, 0, 0.17%, 6, 0, 8, 141.01
1735491618, 162, 26, 40, 0, 0, 0.17%, 6, 0, 8, 147.05
1735491623, 162, 38, 40, 0, 0, 0.17%, 6, 0, 8, 155.35
1735491634, 163, 11, 40, 0, 0, 0.17%, 6, 0, 8, 138.81
1735491639, 163, 12, 40, 0, 0, 0.17%, 6, 0, 8, 136.97
1735491644, 163, 19, 40, 0, 0, 0.17%, 6, 0, 8, 130.95
1735491649, 163, 20, 40, 0, 0, 0.17%, 6, 0, 8, 141.02
1735491654, 163, 26, 40, 0, 0, 0.17%, 6, 0, 8, 141.13
1735491664, 164, 10, 40, 0, 0, 0.17%, 6, 0, 8, 132.14
1735491669, 164, 12, 40, 0, 0, 0.17%, 6, 0, 8, 127.39
1735491675, 164, 18, 40, 0, 0, 0.17%, 6, 0, 8, 139.93
1735491685, 164, 19, 40, 0, 0, 0.17%, 6, 0, 8, 140.37
1735491690, 164, 20, 40, 0, 0, 0.17%, 6, 0, 8, 137.32
1735491695, 165, 11, 40, 0, 0, 0.17%, 6, 0, 8, 140.51
1735491701, 165, 12, 40, 0, 0, 0.17%, 6, 0, 8, 138.15
1735491706, 165, 19, 40, 0, 0, 0.17%, 6, 0, 8, 138.91
1735491711, 165, 20, 40, 0, 0, 0.17%, 6, 0, 8, 139.55
1735491716, 165, 37, 40, 0, 0, 0.17%, 6, 0, 8, 155.03
1735491726, 166, 12, 40, 0, 0, 0.17%, 6, 0, 8, 134.18
1735491731, 166, 19, 40, 0, 0, 0.17%, 6, 0, 8, 135.11
1735491737, 166, 20, 40, 0, 0, 0.17%, 6, 0, 8, 138.42
1735491747, 166, 33, 40, 0, 0, 0.17%, 6, 0, 8, 144.59
1735491752, 167, 12, 40, 0, 0, 0.17%, 6, 0, 8, 133.61
1735491757, 167, 19, 40, 0, 0, 0.17%, 6, 0, 8, 128.15
1735491762, 167, 20, 40, 0, 0, 0.17%, 6, 0, 8, 141.71
1735491773, 167, 35, 40, 0, 0, 0.17%, 6, 0, 8, 140.75
1735491778, 167, 36, 40, 0, 0, 0.17%, 6, 0, 8, 145.14
1735491783, 168, 2, 40, 0, 0, 0.17%, 6, 0, 8, 138.10
1735491788, 168, 10, 40, 0, 0, 0.17%, 6, 0, 8, 128.69
1735491793, 168, 12, 40, 0, 0, 0.17%, 6, 0, 8, 130.74
1735491798, 168, 19, 40, 0, 0, 0.17%, 6, 0, 8, 129.67
1735491803, 168, 20, 40, 0, 0, 0.17%, 6, 0, 8, 135.55
1735491814, 168, 32, 40, 0, 0, 0.17%, 6, 0, 8, 153.67
1735491819, 169, 11, 40, 0, 0, 0.17%, 6, 0, 8, 135.54
1735491824, 169, 12, 40, 0, 0, 0.17%, 6, 0, 8, 135.57
1735491829, 169, 14, 40, 0, 0, 0.17%, 6, 0, 8, 146.95
1735491834, 169, 16, 40, 0, 0, 0.17%, 6, 0, 8, 145.34
1735491839, 169, 19, 40, 0, 0, 0.17%, 6, 0, 8, 137.78
1735491845, 169, 20, 40, 0, 0, 0.17%, 6, 0, 8, 132.81
1735491855, 169, 26, 40, 0, 0, 0.17%, 6, 0, 8, 158.64
1735491860, 169, 34, 40, 0, 0, 0.17%, 6, 0, 8, 133.41
1735491865, 170, 11, 40, 0, 0, 0.17%, 6, 0, 8, 136.34
1735491870, 170, 12, 40, 0, 0, 0.17%, 6, 0, 8, 139.91
1735491875, 170, 19, 40, 0, 0, 0.17%, 6, 0, 8, 128.69
1735491881, 170, 20, 40, 0, 0, 0.17%, 6, 0, 8, 133.50
1735491886, 170, 30, 40, 0, 0, 0.17%, 6, 0, 8, 138.28
1735491891, 170, 39, 40, 0, 0, 0.17%, 6, 0, 8, 149.22
1735491896, 171, 11, 40, 0, 0, 0.17%, 6, 0, 8, 144.11
1735491901, 171, 12, 40, 0, 0, 0.17%, 6, 0, 8, 137.08
1735491906, 171, 18, 40, 0, 0, 0.17%, 6, 0, 8, 144.58
1735491912, 171, 19, 40, 0, 0, 0.17%, 6, 0, 8, 140.21
1735491917, 171, 20, 40, 0, 0, 0.17%, 6, 0, 8, 137.95
1735491927, 171, 34, 40, 0, 0, 0.17%, 6, 0, 8, 135.44
1735491932, 171, 35, 40, 0, 0, 0.17%, 6, 0, 8, 138.34
1735491937, 172, 11, 40, 0, 0, 0.17%, 6, 0, 8, 141.81
1735491942, 172, 12, 40, 0, 0, 0.17%, 6, 0, 8, 129.55
1735491948, 172, 16, 40, 0, 0, 0.17%, 6, 0, 8, 138.76
1735491953, 172, 19, 40, 0, 0, 0.17%, 6, 0, 8, 142.05
1735491958, 172, 20, 40, 0, 0, 0.17%, 6, 0, 8, 145.78
1735491968, 172, 21, 40, 0, 0, 0.17%, 6, 0, 8, 139.47
1735491973, 172, 30, 40, 0, 0, 0.17%, 6, 0, 8, 143.87
1735491978, 172, 31, 40, 0, 0, 0.17%, 6, 0, 8, 142.55
1735491988, 173, 11, 40, 0, 0, 0.17%, 6, 0, 8, 135.56
1735491994, 173, 12, 40, 0, 0, 0.17%, 6, 0, 8, 134.57
1735491999, 173, 19, 40, 0, 0, 0.17%, 6, 0, 8, 136.14
1735492004, 173, 20, 40, 0, 0, 0.17%, 6, 0, 8, 134.73
1735492009, 173, 26, 40, 0, 0, 0.17%, 6, 0, 8, 142.22
1735492020, 173, 28, 40, 0, 0, 0.17%, 6, 0, 8, 145.86
1735492025, 173, 32, 40, 0, 0, 0.17%, 6, 0, 8, 146.80
1735492030, 173, 33, 40, 0, 0, 0.17%, 6, 0, 8, 157.55
1735492035, 173, 38, 40, 0, 0, 0.17%, 6, 0, 8, 176.54
1735492045, 174, 10, 40, 0, 0, 0.17%, 6, 0, 8, 139.15
1735492050, 174, 11, 40, 0, 0, 0.17%, 6, 0, 8, 137.80
1735492055, 174, 12, 40, 0, 0, 0.17%, 6, 0, 8, 142.35
1735492061, 174, 13, 40, 0, 0, 0.17%, 6, 0, 8, 133.64
1735492066, 174, 19, 40, 0, 0, 0.17%, 6, 0, 8, 138.66
1735492071, 174, 20, 40, 0, 0, 0.17%, 6, 0, 8, 136.40
1735492076, 174, 29, 40, 0, 0, 0.17%, 6, 0, 8, 142.40
1735492086, 175, 12, 40, 0, 0, 0.17%, 6, 0, 8, 131.06
1735492091, 175, 19, 40, 0, 0, 0.17%, 6, 0, 8, 133.30
1735492097, 175, 20, 40, 0, 0, 0.17%, 6, 0, 8, 139.64
1735492107, 176, 11, 40, 0, 0, 0.17%, 6, 0, 8, 134.27
1735492112, 176, 12, 40, 0, 0, 0.17%, 6, 0, 8, 132.40
1735492117, 176, 19, 40, 0, 0, 0.17%, 6, 0, 8, 135.65
1735492122, 176, 20, 40, 0, 0, 0.17%, 6, 0, 8, 137.64
1735492127, 176, 31, 40, 0, 0, 0.17%, 6, 0, 8, 152.61
1735492138, 176, 38, 40, 0, 0, 0.17%, 6, 0, 8, 168.50
1735492148, 177, 12, 40, 0, 0, 0.17%, 6, 0, 8, 137.77
1735492153, 177, 19, 40, 0, 0, 0.17%, 6, 0, 8, 137.09
1735492158, 177, 20, 40, 0, 0, 0.17%, 6, 0, 8, 136.67
1735492168, 177, 21, 40, 0, 0, 0.17%, 6, 0, 8, 139.97
1735492174, 178, 11, 40, 0, 0, 0.17%, 6, 0, 8, 139.76
1735492179, 178, 12, 40, 0, 0, 0.17%, 6, 0, 8, 130.93
1735492184, 178, 19, 40, 0, 0, 0.17%, 6, 0, 8, 128.57
1735492189, 178, 20, 40, 0, 0, 0.17%, 6, 0, 8, 137.97
1735492199, 178, 35, 40, 0, 0, 0.17%, 6, 0, 8, 146.86
1735492204, 179, 12, 40, 0, 0, 0.17%, 6, 0, 8, 134.76
1735492210, 179, 19, 40, 0, 0, 0.17%, 6, 0, 8, 131.29
1735492215, 179, 20, 40, 0, 0, 0.17%, 6, 0, 8, 139.83
1735492225, 179, 25, 40, 0, 0, 0.17%, 6, 0, 8, 145.35
1735492230, 180, 11, 40, 0, 0, 0.17%, 6, 0, 8, 131.41
1735492235, 180, 12, 40, 0, 0, 0.17%, 6, 0, 8, 137.85
1735492241, 180, 19, 40, 0, 0, 0.17%, 6, 0, 8, 127.36
1735492246, 180, 20, 40, 0, 0, 0.17%, 6, 0, 8, 133.23
1735492251, 181, 6, 40, 0, 0, 0.17%, 6, 0, 8, 128.04
1735492256, 181, 11, 40, 0, 0, 0.17%, 6, 0, 8, 127.10
1735492261, 181, 12, 40, 0, 0, 0.17%, 6, 0, 8, 133.09
1735492266, 181, 19, 40, 0, 0, 0.17%, 6, 0, 8, 141.77
1735492271, 181, 20, 40, 0, 0, 0.17%, 6, 0, 8, 137.70
1735492277, 181, 35, 40, 0, 0, 0.17%, 6, 0, 8, 143.50
1735492282, 182, 3, 40, 0, 0, 0.17%, 6, 0, 8, 131.88
1735492287, 182, 11, 40, 0, 0, 0.17%, 6, 0, 8, 136.03
1735492292, 182, 12, 40, 0, 0, 0.17%, 6, 0, 8, 142.50
1735492297, 182, 14, 40, 0, 0, 0.17%, 6, 0, 8, 136.92
1735492303, 182, 15, 40, 0, 0, 0.17%, 6, 0, 8, 133.14
1735492308, 182, 19, 40, 0, 0, 0.17%, 6, 0, 8, 134.68
1735492313, 182, 20, 40, 0, 0, 0.17%, 6, 0, 8, 133.08
1735492318, 182, 25, 40, 0, 0, 0.17%, 6, 0, 8, 142.11
1735492328, 182, 35, 40, 0, 0, 0.17%, 6, 0, 8, 149.73
1735492333, 183, 12, 40, 0, 0, 0.17%, 6, 0, 8, 138.77
1735492339, 183, 19, 40, 0, 0, 0.17%, 6, 0, 8, 133.16
1735492344, 183, 20, 40, 0, 0, 0.17%, 6, 0, 8, 133.70
1735492354, 183, 34, 40, 0, 0, 0.17%, 6, 0, 8, 138.68
1735492359, 184, 11, 40, 0, 0, 0.17%, 6, 0, 8, 138.84
1735492364, 184, 12, 40, 0, 0, 0.17%, 6, 0, 8, 132.66
1735492369, 184, 19, 40, 0, 0, 0.17%, 6, 0, 8, 131.54
1735492375, 184, 20, 40, 0, 0, 0.17%, 6, 0, 8, 132.51
1735492385, 184, 35, 40, 0, 0, 0.17%, 6, 0, 8, 132.82
1735492390, 185, 12, 40, 0, 0, 0.17%, 6, 0, 8, 140.12
1735492395, 185, 13, 40, 0, 0, 0.17%, 6, 0, 8, 143.62
1735492405, 185, 19, 40, 0, 0, 0.17%, 6, 0, 8, 135.16
1735492411, 185, 20, 40, 0, 0, 0.17%, 6, 0, 8, 138.02
1735492416, 185, 23, 40, 0, 0, 0.17%, 6, 0, 8, 146.02
1735492426, 186, 12, 40, 0, 0, 0.17%, 6, 0, 8, 140.58
1735492431, 186, 19, 40, 0, 0, 0.17%, 6, 0, 8, 133.40
1735492436, 186, 20, 40, 0, 0, 0.17%, 6, 0, 8, 137.84
1735492447, 187, 12, 40, 0, 0, 0.17%, 6, 0, 8, 140.42
1735492452, 187, 19, 40, 0, 0, 0.17%, 6, 0, 8, 129.15
1735492457, 187, 20, 40, 0, 0, 0.17%, 6, 0, 8, 131.80
1735492467, 188, 12, 40, 0, 0, 0.17%, 6, 0, 8, 130.36
1735492472, 188, 19, 40, 0, 0, 0.17%, 6, 0, 8, 131.85
1735492478, 188, 20, 40, 0, 0, 0.17%, 6, 0, 8, 138.94
1735492488, 188, 25, 40, 0, 0, 0.17%, 6, 0, 8, 146.87
1735492493, 189, 6, 40, 0, 0, 0.17%, 6, 0, 8, 138.84
1735492498, 189, 12, 40, 0, 0, 0.17%, 6, 0, 8, 132.18
1735492503, 189, 19, 40, 0, 0, 0.17%, 6, 0, 8, 134.51
1735492509, 189, 20, 40, 0, 0, 0.17%, 6, 0, 8, 136.21
1735492519, 189, 38, 40, 0, 0, 0.17%, 6, 0, 8, 152.52
1735492529, 190, 11, 40, 0, 0, 0.17%, 6, 0, 8, 142.92
1735492534, 190, 12, 40, 0, 0, 0.17%, 6, 0, 8, 136.10
1735492540, 190, 19, 40, 0, 0, 0.17%, 6, 0, 8, 143.12
1735492545, 190, 20, 40, 0, 0, 0.17%, 6, 0, 8, 129.74
1735492550, 191, 5, 40, 0, 0, 0.17%, 6, 0, 8, 137.42
1735492555, 191, 12, 40, 0, 0, 0.17%, 6, 0, 8, 137.02
1735492560, 191, 19, 40, 0, 0, 0.17%, 6, 0, 8, 134.46
1735492566, 191, 20, 40, 0, 0, 0.17%, 6, 0, 8, 142.05
1735492576, 192, 12, 40, 0, 0, 0.17%, 6, 0, 8, 138.96
1735492581, 192, 18, 40, 0, 0, 0.17%, 6, 0, 8, 146.00
1735492591, 192, 19, 40, 0, 0, 0.17%, 6, 0, 8, 139.33
1735492596, 192, 20, 40, 0, 0, 0.17%, 6, 0, 8, 141.80
1735492601, 192, 34, 40, 0, 0, 0.17%, 6, 0, 8, 141.41
1735492607, 193, 11, 40, 0, 0, 0.17%, 6, 0, 8, 137.04
1735492612, 193, 12, 40, 0, 0, 0.17%, 6, 0, 8, 132.06
1735492617, 193, 19, 40, 0, 0, 0.17%, 6, 0, 8, 132.63
1735492622, 193, 20, 40, 0, 0, 0.17%, 6, 0, 8, 138.26
1735492633, 193, 29, 40, 0, 0, 0.17%, 6, 0, 8, 138.78
1735492638, 193, 33, 40, 0, 0, 0.17%, 6, 0, 8, 149.97
1735492643, 194, 11, 40, 0, 0, 0.17%, 6, 0, 8, 140.31
1735492648, 194, 12, 40, 0, 0, 0.17%, 6, 0, 8, 141.67
1735492653, 194, 17, 40, 0, 0, 0.17%, 6, 0, 8, 148.12
1735492658, 194, 19, 40, 0, 0, 0.17%, 6, 0, 8, 139.62
1735492664, 194, 20, 40, 0, 0, 0.17%, 6, 0, 8, 137.89
1735492669, 194, 30, 40, 0, 0, 0.17%, 6, 0, 8, 135.32
1735492674, 195, 11, 40, 0, 0, 0.17%, 6, 0, 8, 137.59
1735492679, 195, 12, 40, 0, 0, 0.17%, 6, 0, 8, 136.11
1735492684, 195, 13, 40, 0, 0, 0.17%, 6, 0, 8, 134.43
1735492689, 195, 19, 40, 0, 0, 0.17%, 6, 0, 8, 134.07
1735492695, 195, 20, 40, 0, 0, 0.17%, 6, 0, 8, 137.16
1735492705, 195, 27, 40, 0, 0, 0.17%, 6, 0, 8, 157.52
1735492710, 195, 29, 40, 0, 0, 0.17%, 6, 0, 8, 148.50
1735492715, 196, 0, 40, 0, 0, 0.17%, 6, 0, 8, 133.10
1735492720, 196, 12, 40, 0, 0, 0.17%, 6, 0, 8, 131.08
1735492725, 196, 16, 40, 0, 0, 0.17%, 6, 0, 8, 139.17
1735492735, 196, 19, 40, 0, 0, 0.17%, 6, 0, 8, 144.49
1735492740, 196, 20, 40, 0, 0, 0.17%, 6, 0, 8, 138.15
1735492751, 196, 32, 40, 0, 0, 0.17%, 6, 0, 8, 149.72
1735492756, 196, 38, 40, 0, 0, 0.17%, 6, 0, 8, 170.32
1735492766, 197, 11, 40, 0, 0, 0.17%, 6, 0, 8, 137.52
1735492771, 197, 12, 40, 0, 0, 0.17%, 6, 0, 8, 138.43
1735492776, 197, 19, 40, 0, 0, 0.17%, 6, 0, 8, 136.18
1735492781, 197, 20, 40, 0, 0, 0.17%, 6, 0, 8, 130.56
1735492787, 197, 25, 40, 0, 0, 0.17%, 6, 0, 8, 140.42
1735492797, 198, 12, 40, 0, 0, 0.17%, 6, 0, 8, 142.75
1735492802, 198, 19, 40, 0, 0, 0.17%, 6, 0, 8, 130.39
1735492807, 198, 20, 40, 0, 0, 0.17%, 6, 0, 8, 138.72
1735492817, 199, 11, 40, 0, 0, 0.17%, 6, 0, 8, 135.65
1735492823, 199, 12, 40, 0, 0, 0.17%, 6, 0, 8, 138.78
1735492828, 199, 19, 40, 0, 0, 0.17%, 6, 0, 8, 142.34
1735492833, 199, 20, 40, 0, 0, 0.17%, 6, 0, 8, 131.55
1735492838, 200, 11, 40, 0, 0, 0.17%, 6, 0, 8, 133.73
1735492843, 200, 12, 40, 0, 0, 0.17%, 6, 0, 8, 131.13
1735492848, 200, 14, 40, 0, 0, 0.17%, 6, 0, 8, 129.54
1735492853, 200, 19, 40, 0, 0, 0.17%, 6, 0, 8, 130.35
1735492858, 200, 20, 40, 0, 0, 0.17%, 6, 0, 8, 139.35
1735492868, 200, 36, 40, 0, 0, 0.17%, 6, 0, 8, 154.74
1735492873, 201, 11, 40, 0, 0, 0.17%, 6, 0, 8, 145.16
1735492879, 201, 12, 40, 0, 0, 0.17%, 6, 0, 8, 122.34
1735492884, 201, 16, 40, 0, 0, 0.17%, 6, 0, 8, 136.76
1735492889, 201, 19, 40, 0, 0, 0.17%, 6, 0, 8, 133.86
1735492894, 201, 20, 40, 0, 0, 0.17%, 6, 0, 8, 136.15
1735492904, 201, 21, 40, 0, 0, 0.17%, 6, 0, 8, 134.12
1735492909, 201, 25, 40, 0, 0, 0.17%, 6, 0, 8, 139.35
1735492919, 201, 38, 40, 0, 0, 0.17%, 6, 0, 8, 164.72
1735492930, 202, 11, 40, 0, 0, 0.17%, 6, 0, 8, 128.06
1735492935, 202, 12, 40, 0, 0, 0.17%, 6, 0, 8, 137.17
1735492940, 202, 14, 40, 0, 0, 0.17%, 6, 0, 8, 138.83
1735492945, 202, 18, 40, 0, 0, 0.17%, 6, 0, 8, 142.80
1735492950, 202, 19, 40, 0, 0, 0.17%, 6, 0, 8, 133.32
1735492955, 202, 20, 40, 0, 0, 0.17%, 6, 0, 8, 130.71
1735492966, 203, 12, 40, 0, 0, 0.17%, 6, 0, 8, 133.00
1735492971, 203, 19, 40, 0, 0, 0.17%, 6, 0, 8, 137.38
1735492976, 203, 20, 40, 0, 0, 0.17%, 6, 0, 8, 140.61
1735492986, 203, 22, 40, 0, 0, 0.17%, 6, 0, 8, 141.01
1735492991, 204, 11, 40, 0, 0, 0.17%, 6, 0, 8, 133.24
1735492996, 204, 12, 40, 0, 0, 0.17%, 6, 0, 8, 127.75
1735493002, 204, 19, 40, 0, 0, 0.17%, 6, 0, 8, 128.81
1735493007, 204, 20, 40, 0, 0, 0.17%, 6, 0, 8, 136.34
1735493017, 204, 32, 40, 0, 0, 0.17%, 6, 0, 8, 157.08
1735493022, 205, 11, 40, 0, 0, 0.17%, 6, 0, 8, 135.01
1735493027, 205, 12, 40, 0, 0, 0.17%, 6, 0, 8, 134.28
1735493032, 205, 19, 40, 0, 0, 0.17%, 6, 0, 8, 140.58
1735493037, 205, 20, 40, 0, 0, 0.17%, 6, 0, 8, 133.07
1735493042, 205, 31, 40, 0, 0, 0.17%, 6, 0, 8, 145.13
1735493053, 206, 12, 40, 0, 0, 0.17%, 6, 0, 8, 136.85
1735493058, 206, 13, 40, 0, 0, 0.17%, 6, 0, 8, 139.49
1735493063, 206, 19, 40, 0, 0, 0.17%, 6, 0, 8, 135.49
1735493068, 206, 20, 40, 0, 0, 0.17%, 6, 0, 8, 136.33
1735493078, 207, 12, 40, 0, 0, 0.17%, 6, 0, 8, 132.02
1735493083, 207, 19, 40, 0, 0, 0.17%, 6, 0, 8, 133.38
1735493093, 207, 20, 40, 0, 0, 0.17%, 6, 0, 8, 136.24
1735493098, 208, 2, 40, 0, 0, 0.17%, 6, 0, 8, 137.72
1735493103, 208, 12, 40, 0, 0, 0.17%, 6, 0, 8, 138.55
1735493114, 208, 13, 40, 0, 0, 0.17%, 6, 0, 8, 139.56
1735493119, 208, 19, 40, 0, 0, 0.17%, 6, 0, 8, 141.90
1735493124, 208, 20, 40, 0, 0, 0.17%, 6, 0, 8, 141.20
1735493129, 209, 11, 40, 0, 0, 0.17%, 6, 0, 8, 139.92
1735493134, 209, 12, 40, 0, 0, 0.17%, 6, 0, 8, 132.13
1735493139, 209, 19, 40, 0, 0, 0.17%, 6, 0, 8, 133.03
1735493144, 209, 20, 40, 0, 0, 0.17%, 6, 0, 8, 142.45
1735493150, 209, 29, 40, 0, 0, 0.17%, 6, 0, 8, 146.02
1735493160, 210, 12, 40, 0, 0, 0.17%, 6, 0, 8, 130.17
1735493165, 210, 13, 40, 0, 0, 0.17%, 6, 0, 8, 132.15
1735493170, 210, 15, 40, 0, 0, 0.17%, 6, 0, 8, 129.64
1735493175, 210, 19, 40, 0, 0, 0.17%, 6, 0, 8, 135.71
1735493186, 210, 20, 40, 0, 0, 0.17%, 6, 0, 8, 130.50
1735493191, 210, 21, 40, 0, 0, 0.17%, 6, 0, 8, 135.31
1735493201, 210, 39, 40, 0, 0, 0.17%, 6, 0, 8, 145.15
1735493206, 211, 12, 40, 0, 0, 0.17%, 6, 0, 8, 135.45
1735493216, 211, 19, 40, 0, 0, 0.17%, 6, 0, 8, 129.54
1735493222, 211, 20, 40, 0, 0, 0.17%, 6, 0, 8, 138.66
1735493227, 212, 8, 40, 0, 0, 0.17%, 6, 0, 8, 137.28
1735493232, 212, 12, 40, 0, 0, 0.17%, 6, 0, 8, 131.46
1735493237, 212, 19, 40, 0, 0, 0.17%, 6, 0, 8, 135.31
1735493242, 212, 20, 40, 0, 0, 0.17%, 6, 0, 8, 138.95
1735493252, 213, 12, 40, 0, 0, 0.17%, 6, 0, 8, 133.32
1735493258, 213, 19, 40, 0, 0, 0.17%, 6, 0, 8, 134.26
1735493263, 213, 20, 40, 0, 0, 0.17%, 6, 0, 8, 133.79
1735493273, 214, 12, 40, 0, 0, 0.17%, 6, 0, 8, 134.21
1735493278, 214, 19, 40, 0, 0, 0.17%, 6, 0, 8, 133.07
1735493283, 214, 20, 40, 0, 0, 0.17%, 6, 0, 8, 130.89
1735493294, 214, 28, 40, 0, 0, 0.17%, 6, 0, 8, 140.51
1735493299, 215, 12, 40, 0, 0, 0.17%, 6, 0, 8, 138.30
1735493304, 215, 19, 40, 0, 0, 0.17%, 6, 0, 8, 134.84
1735493309, 215, 20, 40, 0, 0, 0.17%, 6, 0, 8, 144.40
1735493319, 216, 11, 40, 0, 0, 0.17%, 6, 0, 8, 135.41
1735493324, 216, 12, 40, 0, 0, 0.17%, 6, 0, 8, 142.84
1735493329, 216, 19, 40, 0, 0, 0.17%, 6, 0, 8, 136.23
1735493335, 216, 20, 40, 0, 0, 0.17%, 6, 0, 8, 134.21
1735493340, 217, 3, 40, 0, 0, 0.17%, 6, 0, 8, 142.23
1735493345, 217, 12, 40, 0, 0, 0.17%, 6, 0, 8, 135.53
1735493350, 217, 19, 40, 0, 0, 0.17%, 6, 0, 8, 134.87
1735493355, 217, 20, 40, 0, 0, 0.17%, 6, 0, 8, 139.25
1735493365, 218, 12, 40, 0, 0, 0.17%, 6, 0, 8, 131.42
1735493370, 218, 19, 40, 0, 0, 0.17%, 6, 0, 8, 136.16
1735493375, 218, 20, 40, 0, 0, 0.17%, 6, 0, 8, 139.88
1735493386, 219, 11, 40, 0, 0, 0.17%, 6, 0, 8, 135.09
1735493391, 219, 12, 40, 0, 0, 0.17%, 6, 0, 8, 129.76
1735493396, 219, 19, 40, 0, 0, 0.17%, 6, 0, 8, 130.28
1735493401, 219, 20, 40, 0, 0, 0.17%, 6, 0, 8, 133.88
1735493411, 220, 12, 40, 0, 0, 0.17%, 6, 0, 8, 130.08
1735493416, 220, 19, 40, 0, 0, 0.17%, 6, 0, 8, 137.30
1735493421, 220, 20, 40, 0, 0, 0.17%, 6, 0, 8, 143.28
1735493432, 220, 29, 40, 0, 0, 0.17%, 6, 0, 8, 138.51
1735493442, 221, 12, 40, 0, 0, 0.17%, 6, 0, 8, 126.57
1735493447, 221, 19, 40, 0, 0, 0.17%, 6, 0, 8, 135.10
