# unix_time, cycles_done, cur_path, paths_total, pending_total, pending_favs, map_size, unique_crashes, unique_hangs, max_depth, execs_per_sec
1735515056, 0, 0, 10, 10, 1, 0.01%, 0, 0, 1, 83.42
1735515061, 0, 4, 10, 10, 1, 0.01%, 0, 0, 1, 105.20
1735515066, 0, 5, 10, 9, 0, 0.01%, 0, 0, 1, 102.05
1735515076, 0, 6, 10, 8, 0, 0.01%, 0, 0, 1, 100.87
1735515086, 0, 7, 10, 7, 0, 0.01%, 0, 0, 1, 99.59
1735515096, 0, 8, 10, 6, 0, 0.01%, 0, 0, 1, 98.35
1735515106, 0, 9, 10, 5, 0, 0.01%, 0, 0, 1, 96.38
1735515117, 1, 0, 10, 4, 0, 0.01%, 0, 0, 1, 94.57
1735515127, 1, 1, 10, 3, 0, 0.01%, 0, 0, 1, 99.06
1735515142, 1, 2, 10, 2, 0, 0.01%, 0, 0, 1, 95.63
1735515153, 1, 3, 10, 1, 0, 0.01%, 0, 0, 1, 95.12
1735515163, 1, 4, 10, 0, 0, 0.01%, 0, 0, 1, 107.37
1735515168, 1, 10, 11, 1, 1, 0.16%, 1, 0, 2, 107.99
1735515173, 1, 10, 12, 2, 1, 0.16%, 2, 0, 3, 115.33
1735515214, 1, 11, 13, 2, 1, 0.16%, 2, 0, 4, 137.28
1735515219, 1, 11, 14, 3, 1, 0.16%, 3, 0, 4, 122.41
1735515285, 1, 12, 14, 2, 1, 0.16%, 3, 0, 4, 135.35
1735515342, 1, 13, 14, 1, 0, 0.16%, 3, 0, 4, 137.62
1735515357, 1, 13, 16, 3, 0, 0.17%, 4, 0, 5, 114.67
1735515362, 1, 13, 17, 4, 0, 0.17%, 4, 0, 5, 114.56
1735515438, 1, 13, 18, 5, 0, 0.17%, 4, 0, 5, 114.67
1735515464, 1, 13, 19, 6, 0, 0.17%, 4, 0, 5, 118.73
1735515499, 1, 14, 19, 5, 1, 0.17%, 4, 0, 5, 118.57
1735515504, 1, 14, 20, 6, 1, 0.17%, 5, 0, 6, 128.25
1735515520, 1, 14, 21, 7, 1, 0.17%, 5, 0, 6, 118.45
1735515540, 1, 14, 22, 8, 1, 0.17%, 5, 0, 6, 116.78
1735515606, 1, 14, 23, 9, 1, 0.17%, 5, 0, 6, 116.61
1735515627, 1, 14, 24, 10, 1, 0.17%, 5, 0, 6, 117.74
1735515658, 1, 14, 27, 13, 1, 0.17%, 5, 0, 6, 124.98
1735515668, 1, 19, 27, 12, 1, 0.17%, 5, 0, 6, 136.47
1735515704, 1, 19, 28, 13, 1, 0.17%, 5, 0, 7, 122.85
1735515714, 1, 20, 28, 12, 0, 0.17%, 5, 0, 7, 189.72
1735515760, 2, 12, 28, 11, 0, 0.17%, 5, 0, 7, 117.81
1735515770, 2, 14, 28, 11, 0, 0.17%, 5, 0, 7, 127.06
1735515780, 2, 17, 28, 11, 0, 0.17%, 5, 0, 7, 196.69
1735515831, 2, 19, 29, 11, 0, 0.17%, 5, 0, 7, 120.62
1735515837, 2, 19, 30, 12, 0, 0.17%, 5, 0, 7, 125.60
1735515842, 2, 19, 32, 14, 0, 0.17%, 5, 0, 7, 137.31
1735515847, 2, 22, 33, 15, 0, 0.17%, 5, 0, 7, 180.90
1735515867, 2, 22, 34, 16, 0, 0.17%, 5, 0, 7, 156.79
1735515918, 2, 28, 34, 15, 0, 0.17%, 5, 0, 7, 128.35
1735515944, 2, 28, 35, 16, 0, 0.17%, 5, 0, 8, 258.60
1735515970, 2, 28, 36, 17, 0, 0.17%, 6, 0, 8, 252.36
1735516132, 2, 28, 37, 18, 0, 0.17%, 6, 0, 8, 145.03
1735516178, 2, 29, 37, 17, 0, 0.17%, 6, 0, 8, 119.08
1735516378, 2, 30, 37, 16, 0, 0.17%, 6, 0, 8, 229.24
1735516556, 2, 30, 38, 17, 0, 0.17%, 6, 0, 8, 165.12
1735516566, 2, 33, 38, 16, 0, 0.17%, 6, 0, 8, 195.05
1735516607, 3, 11, 38, 15, 0, 0.17%, 6, 0, 8, 163.49
1735516612, 3, 12, 38, 15, 0, 0.17%, 6, 0, 8, 162.43
1735516617, 3, 14, 38, 15, 0, 0.17%, 6, 0, 8, 161.45
1735516622, 3, 16, 38, 15, 0, 0.17%, 6, 0, 8, 197.84
1735516647, 3, 19, 38, 14, 0, 0.17%, 6, 0, 8, 161.86
1735516653, 3, 33, 38, 14, 0, 0.17%, 6, 0, 8, 168.29
1735516668, 3, 34, 38, 14, 0, 0.17%, 6, 0, 8, 162.91
1735516719, 3, 37, 38, 13, 0, 0.17%, 6, 0, 8, 167.83
1735516774, 4, 12, 38, 12, 0, 0.17%, 6, 0, 8, 168.36
1735516779, 4, 14, 38, 12, 0, 0.17%, 6, 0, 8, 160.13
1735516784, 4, 19, 38, 12, 0, 0.17%, 6, 0, 8, 158.87
1735516794, 4, 23, 38, 12, 0, 0.17%, 6, 0, 8, 208.97
1735516841, 4, 24, 38, 11, 0, 0.17%, 6, 0, 8, 173.43
1735516948, 4, 27, 38, 10, 0, 0.17%, 6, 0, 8, 171.70
1735516984, 4, 31, 38, 9, 0, 0.17%, 6, 0, 8, 182.39
1735517029, 4, 35, 38, 8, 0, 0.17%, 6, 0, 8, 150.36
1735517207, 5, 12, 38, 7, 0, 0.17%, 6, 0, 8, 156.71
1735517212, 5, 14, 38, 7, 0, 0.17%, 6, 0, 8, 155.56
1735517217, 5, 19, 38, 7, 0, 0.17%, 6, 0, 8, 161.08
1735517222, 5, 26, 38, 7, 0, 0.17%, 6, 0, 8, 172.89
1735517279, 5, 36, 38, 6, 0, 0.17%, 6, 0, 8, 210.21
1735517309, 5, 36, 40, 8, 0, 0.17%, 6, 0, 9, 153.34
1735517365, 6, 11, 40, 7, 0, 0.17%, 6, 0, 9, 146.77
1735517370, 6, 12, 40, 7, 0, 0.17%, 6, 0, 9, 145.16
1735517375, 6, 14, 40, 7, 0, 0.17%, 6, 0, 9, 147.27
1735517380, 6, 19, 40, 7, 0, 0.17%, 6, 0, 9, 146.71
1735517385, 6, 23, 40, 7, 0, 0.17%, 6, 0, 9, 144.37
1735517390, 6, 39, 40, 7, 0, 0.17%, 6, 0, 9, 202.42
1735517466, 7, 11, 40, 6, 0, 0.17%, 6, 0, 9, 154.06
1735517471, 7, 12, 40, 6, 0, 0.17%, 6, 0, 9, 150.90
1735517476, 7, 14, 40, 6, 0, 0.17%, 6, 0, 9, 146.72
1735517482, 7, 15, 40, 6, 0, 0.17%, 6, 0, 9, 167.34
1735517507, 7, 18, 40, 5, 0, 0.17%, 6, 0, 9, 158.75
1735517533, 7, 19, 40, 4, 0, 0.17%, 6, 0, 9, 151.33
1735517538, 7, 21, 40, 4, 0, 0.17%, 6, 0, 9, 182.61
1735517563, 7, 25, 40, 3, 0, 0.17%, 6, 0, 9, 203.73
1735517645, 7, 28, 40, 2, 0, 0.17%, 6, 0, 9, 164.83
1735517655, 7, 32, 40, 2, 0, 0.17%, 6, 0, 9, 178.90
1735517690, 8, 11, 40, 1, 0, 0.17%, 6, 0, 9, 148.78
1735517695, 8, 12, 40, 1, 0, 0.17%, 6, 0, 9, 144.38
1735517700, 8, 19, 40, 1, 0, 0.17%, 6, 0, 9, 145.29
1735517706, 8, 21, 40, 1, 0, 0.17%, 6, 0, 9, 158.43
1735517711, 9, 12, 40, 1, 0, 0.17%, 6, 0, 9, 146.07
1735517716, 9, 19, 40, 1, 0, 0.17%, 6, 0, 9, 149.43
1735517721, 9, 21, 40, 1, 0, 0.17%, 6, 0, 9, 143.29
1735517726, 9, 27, 40, 1, 0, 0.17%, 6, 0, 9, 144.48
1735517731, 9, 38, 40, 1, 0, 0.17%, 6, 0, 9, 202.51
1735517843, 10, 11, 40, 0, 0, 0.17%, 6, 0, 9, 140.62
1735517848, 10, 12, 40, 0, 0, 0.17%, 6, 0, 9, 143.96
1735517853, 10, 18, 40, 0, 0, 0.17%, 6, 0, 9, 148.25
1735517858, 10, 19, 40, 0, 0, 0.17%, 6, 0, 9, 141.90
1735517863, 10, 21, 40, 0, 0, 0.17%, 6, 0, 9, 146.41
1735517869, 10, 32, 40, 0, 0, 0.17%, 6, 0, 9, 154.96
1735517879, 10, 34, 40, 0, 0, 0.17%, 6, 0, 9, 140.42
1735517894, 10, 35, 40, 0, 0, 0.17%, 6, 0, 9, 155.34
1735517904, 11, 11, 40, 0, 0, 0.17%, 6, 0, 9, 149.88
1735517909, 11, 12, 40, 0, 0, 0.17%, 6, 0, 9, 148.86
1735517914, 11, 19, 40, 0, 0, 0.17%, 6, 0, 9, 149.07
1735517919, 11, 21, 40, 0, 0, 0.17%, 6, 0, 9, 151.07
1735517924, 12, 12, 40, 0, 0, 0.17%, 6, 0, 9, 142.94
1735517929, 12, 19, 40, 0, 0, 0.17%, 6, 0, 9, 144.67
1735517935, 12, 21, 40, 0, 0, 0.17%, 6, 0, 9, 149.65
1735517940, 12, 39, 40, 0, 0, 0.17%, 6, 0, 9, 147.19
1735517955, 13, 12, 40, 0, 0, 0.17%, 6, 0, 9, 149.21
1735517960, 13, 19, 40, 0, 0, 0.17%, 6, 0, 9, 143.08
1735517965, 13, 21, 40, 0, 0, 0.17%, 6, 0, 9, 160.82
1735517970, 14, 11, 40, 0, 0, 0.17%, 6, 0, 9, 152.65
1735517975, 14, 12, 40, 0, 0, 0.17%, 6, 0, 9, 140.92
1735517980, 14, 19, 40, 0, 0, 0.17%, 6, 0, 9, 141.66
1735517985, 14, 21, 40, 0, 0, 0.17%, 6, 0, 9, 146.99
1735517990, 15, 12, 40, 0, 0, 0.17%, 6, 0, 9, 149.20
1735517996, 15, 19, 40, 0, 0, 0.17%, 6, 0, 9, 150.55
1735518001, 15, 21, 40, 0, 0, 0.17%, 6, 0, 9, 155.78
1735518006, 15, 33, 40, 0, 0, 0.17%, 6, 0, 9, 156.28
1735518011, 15, 38, 40, 0, 0, 0.17%, 6, 0, 9, 169.60
1735518026, 16, 12, 40, 0, 0, 0.17%, 6, 0, 9, 140.80
1735518031, 16, 15, 40, 0, 0, 0.17%, 6, 0, 9, 150.07
1735518036, 16, 19, 40, 0, 0, 0.17%, 6, 0, 9, 151.92
1735518041, 16, 21, 40, 0, 0, 0.17%, 6, 0, 9, 157.88
1735518046, 16, 30, 40, 0, 0, 0.17%, 6, 0, 9, 164.60
1735518061, 17, 11, 40, 0, 0, 0.17%, 6, 0, 9, 152.11
1735518067, 17, 14, 40, 0, 0, 0.17%, 6, 0, 9, 153.85
1735518072, 17, 19, 40, 0, 0, 0.17%, 6, 0, 9, 154.63
1735518077, 17, 21, 40, 0, 0, 0.17%, 6, 0, 9, 148.13
1735518082, 17, 29, 40, 0, 0, 0.17%, 6, 0, 9, 147.65
1735518097, 18, 2, 40, 0, 0, 0.17%, 6, 0, 9, 150.59
1735518102, 18, 12, 40, 0, 0, 0.17%, 6, 0, 9, 148.54
1735518107, 18, 19, 40, 0, 0, 0.17%, 6, 0, 9, 145.26
1735518112, 18, 21, 40, 0, 0, 0.17%, 6, 0, 9, 146.67
1735518117, 19, 11, 41, 1, 0, 0.17%, 7, 0, 9, 147.21
1735518122, 19, 12, 41, 1, 0, 0.17%, 7, 0, 9, 149.26
1735518127, 19, 19, 41, 1, 0, 0.17%, 7, 0, 9, 157.54
1735518133, 19, 21, 41, 1, 0, 0.17%, 7, 0, 9, 154.02
1735518138, 19, 30, 41, 1, 0, 0.17%, 7, 0, 9, 162.42
1735518148, 19, 32, 41, 1, 0, 0.17%, 7, 0, 9, 157.36
1735518153, 19, 40, 41, 1, 0, 0.17%, 7, 0, 9, 98.89
1735518675, 20, 12, 41, 0, 0, 0.17%, 7, 0, 9, 147.64
1735518680, 20, 19, 41, 0, 0, 0.17%, 7, 0, 9, 148.00
1735518685, 20, 21, 41, 0, 0, 0.17%, 7, 0, 9, 148.60
1735518690, 21, 4, 41, 0, 0, 0.17%, 7, 0, 9, 152.56
1735518696, 21, 12, 41, 0, 0, 0.17%, 7, 0, 9, 148.46
1735518701, 21, 19, 41, 0, 0, 0.17%, 7, 0, 9, 143.52
1735518706, 21, 21, 41, 0, 0, 0.17%, 7, 0, 9, 151.39
1735518711, 21, 38, 41, 0, 0, 0.17%, 7, 0, 9, 158.93
1735518716, 22, 11, 41, 0, 0, 0.17%, 7, 0, 9, 148.14
1735518721, 22, 12, 41, 0, 0, 0.17%, 7, 0, 9, 153.74
1735518726, 22, 19, 41, 0, 0, 0.17%, 7, 0, 9, 143.79
1735518731, 22, 20, 41, 0, 0, 0.17%, 7, 0, 9, 150.57
1735518736, 22, 21, 41, 0, 0, 0.17%, 7, 0, 9, 149.97
1735518741, 22, 33, 41, 0, 0, 0.17%, 7, 0, 9, 157.49
1735518747, 22, 39, 41, 0, 0, 0.17%, 7, 0, 9, 163.76
1735518752, 23, 12, 41, 0, 0, 0.17%, 7, 0, 9, 149.94
1735518757, 23, 19, 41, 0, 0, 0.17%, 7, 0, 9, 151.08
1735518762, 23, 21, 41, 0, 0, 0.17%, 7, 0, 9, 142.40
1735518767, 24, 0, 41, 0, 0, 0.17%, 7, 0, 9, 149.98
1735518772, 24, 12, 41, 0, 0, 0.17%, 7, 0, 9, 151.85
1735518777, 24, 19, 41, 0, 0, 0.17%, 7, 0, 9, 144.23
1735518782, 24, 21, 41, 0, 0, 0.17%, 7, 0, 9, 150.58
1735518787, 24, 29, 41, 0, 0, 0.17%, 7, 0, 9, 154.97
1735518797, 24, 37, 41, 0, 0, 0.17%, 7, 0, 9, 148.03
1735518813, 25, 12, 41, 0, 0, 0.17%, 7, 0, 9, 139.59
1735518818, 25, 19, 41, 0, 0, 0.17%, 7, 0, 9, 155.85
1735518823, 25, 21, 41, 0, 0, 0.17%, 7, 0, 9, 156.17
1735518828, 25, 32, 41, 0, 0, 0.17%, 7, 0, 9, 156.29
1735518833, 26, 12, 41, 0, 0, 0.17%, 7, 0, 9, 147.42
1735518838, 26, 19, 41, 0, 0, 0.17%, 7, 0, 9, 142.92
1735518843, 26, 21, 41, 0, 0, 0.17%, 7, 0, 9, 149.60
1735518848, 27, 11, 41, 0, 0, 0.17%, 7, 0, 9, 152.36
1735518853, 27, 12, 41, 0, 0, 0.17%, 7, 0, 9, 148.51
1735518858, 27, 19, 41, 0, 0, 0.17%, 7, 0, 9, 142.06
1735518864, 27, 21, 41, 0, 0, 0.17%, 7, 0, 9, 147.59
1735518869, 27, 22, 41, 0, 0, 0.17%, 7, 0, 9, 150.95
1735518874, 27, 38, 41, 0, 0, 0.17%, 7, 0, 9, 162.64
1735518879, 28, 9, 41, 0, 0, 0.17%, 7, 0, 9, 148.41
1735518884, 28, 12, 41, 0, 0, 0.17%, 7, 0, 9, 138.11
1735518889, 28, 15, 41, 0, 0, 0.17%, 7, 0, 9, 138.60
1735518894, 28, 19, 41, 0, 0, 0.17%, 7, 0, 9, 147.97
1735518899, 28, 21, 41, 0, 0, 0.17%, 7, 0, 9, 144.70
1735518905, 29, 12, 41, 0, 0, 0.17%, 7, 0, 9, 145.44
1735518910, 29, 19, 41, 0, 0, 0.17%, 7, 0, 9, 143.60
1735518915, 29, 21, 41, 0, 0, 0.17%, 7, 0, 9, 143.32
1735518920, 29, 29, 41, 0, 0, 0.17%, 7, 0, 9, 154.87
1735518930, 30, 12, 41, 0, 0, 0.17%, 7, 0, 9, 153.14
1735518935, 30, 19, 41, 0, 0, 0.17%, 7, 0, 9, 159.36
1735518940, 30, 21, 41, 0, 0, 0.17%, 7, 0, 9, 151.85
1735518945, 31, 11, 41, 0, 0, 0.17%, 7, 0, 9, 152.54
1735518950, 31, 12, 41, 0, 0, 0.17%, 7, 0, 9, 149.71
1735518956, 31, 19, 41, 0, 0, 0.17%, 7, 0, 9, 147.15
1735518961, 31, 21, 41, 0, 0, 0.17%, 7, 0, 9, 151.38
1735518966, 32, 12, 41, 0, 0, 0.17%, 7, 0, 9, 147.12
1735518971, 32, 19, 41, 0, 0, 0.17%, 7, 0, 9, 146.87
1735518976, 32, 21, 41, 0, 0, 0.17%, 7, 0, 9, 147.17
1735518981, 32, 38, 41, 0, 0, 0.17%, 7, 0, 9, 163.45
1735518991, 33, 12, 41, 0, 0, 0.17%, 7, 0, 9, 147.57
1735518996, 33, 13, 41, 0, 0, 0.17%, 7, 0, 9, 145.30
1735519001, 33, 19, 41, 0, 0, 0.17%, 7, 0, 9, 141.99
1735519007, 33, 21, 41, 0, 0, 0.17%, 7, 0, 9, 147.39
1735519012, 33, 26, 41, 0, 0, 0.17%, 7, 0, 9, 154.02
1735519017, 33, 38, 41, 0, 0, 0.17%, 7, 0, 9, 165.90
1735519022, 34, 11, 41, 0, 0, 0.17%, 7, 0, 9, 155.04
1735519027, 34, 12, 41, 0, 0, 0.17%, 7, 0, 9, 155.27
1735519032, 34, 19, 41, 0, 0, 0.17%, 7, 0, 9, 147.76
1735519037, 34, 21, 41, 0, 0, 0.17%, 7, 0, 9, 145.46
1735519042, 34, 35, 41, 0, 0, 0.17%, 7, 0, 9, 147.51
1735519047, 35, 11, 41, 0, 0, 0.17%, 7, 0, 9, 142.48
1735519053, 35, 17, 41, 0, 0, 0.17%, 7, 0, 9, 145.53
1735519058, 35, 19, 41, 0, 0, 0.17%, 7, 0, 9, 148.90
1735519063, 35, 20, 41, 0, 0, 0.17%, 7, 0, 9, 153.91
1735519068, 35, 21, 41, 0, 0, 0.17%, 7, 0, 9, 152.48
1735519073, 36, 9, 41, 0, 0, 0.17%, 7, 0, 9, 152.01
1735519078, 36, 12, 41, 0, 0, 0.17%, 7, 0, 9, 141.06
1735519083, 36, 19, 41, 0, 0, 0.17%, 7, 0, 9, 145.37
1735519088, 36, 21, 41, 0, 0, 0.17%, 7, 0, 9, 146.20
1735519093, 37, 11, 41, 0, 0, 0.17%, 7, 0, 9, 146.69
1735519098, 37, 12, 41, 0, 0, 0.17%, 7, 0, 9, 140.27
1735519104, 37, 19, 41, 0, 0, 0.17%, 7, 0, 9, 138.97
1735519109, 37, 21, 41, 0, 0, 0.17%, 7, 0, 9, 147.93
1735519114, 38, 12, 41, 0, 0, 0.17%, 7, 0, 9, 146.21
1735519119, 38, 19, 41, 0, 0, 0.17%, 7, 0, 9, 150.55
1735519124, 38, 21, 41, 0, 0, 0.17%, 7, 0, 9, 153.26
1735519129, 38, 22, 41, 0, 0, 0.17%, 7, 0, 9, 158.24
1735519134, 39, 11, 41, 0, 0, 0.17%, 7, 0, 9, 148.29
1735519139, 39, 12, 41, 0, 0, 0.17%, 7, 0, 9, 151.67
1735519144, 39, 19, 41, 0, 0, 0.17%, 7, 0, 9, 138.04
1735519150, 39, 21, 41, 0, 0, 0.17%, 7, 0, 9, 148.98
1735519155, 40, 12, 41, 0, 0, 0.17%, 7, 0, 9, 151.91
1735519160, 40, 19, 41, 0, 0, 0.17%, 7, 0, 9, 140.57
1735519165, 40, 21, 41, 0, 0, 0.17%, 7, 0, 9, 156.49
1735519170, 41, 11, 41, 0, 0, 0.17%, 7, 0, 9, 146.67
1735519176, 41, 12, 41, 0, 0, 0.17%, 7, 0, 9, 150.11
1735519181, 41, 19, 41, 0, 0, 0.17%, 7, 0, 9, 148.04
1735519186, 41, 21, 41, 0, 0, 0.17%, 7, 0, 9, 155.39
1735519191, 42, 3, 41, 0, 0, 0.17%, 7, 0, 9, 159.19
1735519196, 42, 12, 41, 0, 0, 0.17%, 7, 0, 9, 152.60
1735519201, 42, 19, 41, 0, 0, 0.17%, 7, 0, 9, 149.02
1735519206, 42, 21, 41, 0, 0, 0.17%, 7, 0, 9, 143.52
1735519211, 42, 22, 41, 0, 0, 0.17%, 7, 0, 9, 151.66
1735519216, 42, 26, 41, 0, 0, 0.17%, 7, 0, 9, 144.08
1735519222, 43, 11, 41, 0, 0, 0.17%, 7, 0, 9, 142.85
1735519227, 43, 12, 41, 0, 0, 0.17%, 7, 0, 9, 149.04
1735519232, 43, 19, 41, 0, 0, 0.17%, 7, 0, 9, 146.85
1735519237, 43, 21, 41, 0, 0, 0.17%, 7, 0, 9, 142.57
1735519242, 44, 12, 41, 0, 0, 0.17%, 7, 0, 9, 145.69
1735519248, 44, 19, 41, 0, 0, 0.17%, 7, 0, 9, 142.92
1735519253, 44, 21, 41, 0, 0, 0.17%, 7, 0, 9, 150.58
1735519258, 44, 32, 41, 0, 0, 0.17%, 7, 0, 9, 149.10
1735519263, 45, 12, 41, 0, 0, 0.17%, 7, 0, 9, 143.96
1735519268, 45, 19, 41, 0, 0, 0.17%, 7, 0, 9, 145.48
1735519273, 45, 20, 41, 0, 0, 0.17%, 7, 0, 9, 147.79
1735519278, 45, 21, 41, 0, 0, 0.17%, 7, 0, 9, 151.34
1735519283, 46, 1, 41, 0, 0, 0.17%, 7, 0, 9, 150.06
1735519288, 46, 12, 41, 0, 0, 0.17%, 7, 0, 9, 146.10
1735519294, 46, 19, 41, 0, 0, 0.17%, 7, 0, 9, 140.76
1735519299, 46, 20, 41, 0, 0, 0.17%, 7, 0, 9, 139.91
1735519304, 46, 21, 41, 0, 0, 0.17%, 7, 0, 9, 153.02
1735519309, 46, 35, 41, 0, 0, 0.17%, 7, 0, 9, 153.62
1735519319, 47, 12, 41, 0, 0, 0.17%, 7, 0, 9, 144.06
1735519324, 47, 13, 41, 0, 0, 0.17%, 7, 0, 9, 146.18
1735519330, 47, 19, 41, 0, 0, 0.17%, 7, 0, 9, 148.35
1735519335, 47, 21, 41, 0, 0, 0.17%, 7, 0, 9, 155.55
1735519340, 47, 24, 41, 0, 0, 0.17%, 7, 0, 9, 153.63
1735519345, 48, 11, 41, 0, 0, 0.17%, 7, 0, 9, 145.84
1735519350, 48, 12, 41, 0, 0, 0.17%, 7, 0, 9, 148.46
1735519355, 48, 15, 41, 0, 0, 0.17%, 7, 0, 9, 158.17
1735519360, 48, 19, 41, 0, 0, 0.17%, 7, 0, 9, 150.60
1735519365, 48, 31, 41, 0, 0, 0.17%, 7, 0, 9, 146.42
1735519381, 49, 11, 41, 0, 0, 0.17%, 7, 0, 9, 148.17
1735519386, 49, 12, 41, 0, 0, 0.17%, 7, 0, 9, 156.18
1735519391, 49, 19, 41, 0, 0, 0.17%, 7, 0, 9, 152.54
1735519396, 49, 21, 41, 0, 0, 0.17%, 7, 0, 9, 149.64
1735519401, 50, 12, 41, 0, 0, 0.17%, 7, 0, 9, 146.71
1735519406, 50, 17, 41, 0, 0, 0.17%, 7, 0, 9, 155.68
1735519411, 50, 19, 41, 0, 0, 0.17%, 7, 0, 9, 155.68
1735519416, 50, 21, 41, 0, 0, 0.17%, 7, 0, 9, 153.89
1735519421, 51, 12, 41, 0, 0, 0.17%, 7, 0, 9, 144.36
1735519426, 51, 19, 41, 0, 0, 0.17%, 7, 0, 9, 146.93
1735519432, 51, 21, 41, 0, 0, 0.17%, 7, 0, 9, 140.97
1735519437, 51, 32, 41, 0, 0, 0.17%, 7, 0, 9, 148.29
1735519442, 52, 11, 41, 0, 0, 0.17%, 7, 0, 9, 158.95
1735519447, 52, 12, 41, 0, 0, 0.17%, 7, 0, 9, 151.12
1735519452, 52, 19, 41, 0, 0, 0.17%, 7, 0, 9, 146.39
1735519457, 52, 21, 41, 0, 0, 0.17%, 7, 0, 9, 150.72
1735519462, 53, 12, 41, 0, 0, 0.17%, 7, 0, 9, 148.56
1735519467, 53, 13, 41, 0, 0, 0.17%, 7, 0, 9, 151.20
1735519473, 53, 16, 41, 0, 0, 0.17%, 7, 0, 9, 148.17
1735519478, 53, 19, 41, 0, 0, 0.17%, 7, 0, 9, 145.38
1735519483, 53, 21, 41, 0, 0, 0.17%, 7, 0, 9, 149.66
1735519488, 53, 24, 41, 0, 0, 0.17%, 7, 0, 9, 164.43
1735519493, 53, 26, 41, 0, 0, 0.17%, 7, 0, 9, 158.23
1735519498, 54, 11, 41, 0, 0, 0.17%, 7, 0, 9, 148.46
1735519503, 54, 12, 41, 0, 0, 0.17%, 7, 0, 9, 147.44
1735519508, 54, 18, 41, 0, 0, 0.17%, 7, 0, 9, 146.54
1735519514, 54, 19, 41, 0, 0, 0.17%, 7, 0, 9, 145.48
1735519519, 54, 20, 41, 0, 0, 0.17%, 7, 0, 9, 152.13
1735519524, 54, 21, 41, 0, 0, 0.17%, 7, 0, 9, 147.03
1735519529, 54, 38, 41, 0, 0, 0.17%, 7, 0, 9, 159.57
1735519534, 55, 12, 41, 0, 0, 0.17%, 7, 0, 9, 146.90
1735519539, 55, 19, 41, 0, 0, 0.17%, 7, 0, 9, 146.17
1735519544, 55, 20, 41, 0, 0, 0.17%, 7, 0, 9, 156.62
1735519549, 55, 21, 41, 0, 0, 0.17%, 7, 0, 9, 147.28
1735519554, 55, 32, 41, 0, 0, 0.17%, 7, 0, 9, 162.84
1735519559, 56, 11, 41, 0, 0, 0.17%, 7, 0, 9, 149.95
1735519565, 56, 12, 41, 0, 0, 0.17%, 7, 0, 9, 147.27
1735519570, 56, 19, 41, 0, 0, 0.17%, 7, 0, 9, 143.73
1735519575, 56, 21, 41, 0, 0, 0.17%, 7, 0, 9, 153.66
1735519580, 57, 12, 41, 0, 0, 0.17%, 7, 0, 9, 146.57
1735519585, 57, 19, 41, 0, 0, 0.17%, 7, 0, 9, 145.20
1735519590, 57, 21, 41, 0, 0, 0.17%, 7, 0, 9, 138.63
1735519595, 57, 24, 41, 0, 0, 0.17%, 7, 0, 9, 149.85
1735519601, 58, 12, 41, 0, 0, 0.17%, 7, 0, 9, 149.15
1735519606, 58, 19, 41, 0, 0, 0.17%, 7, 0, 9, 147.69
1735519611, 58, 21, 41, 0, 0, 0.17%, 7, 0, 9, 153.52
1735519616, 59, 0, 41, 0, 0, 0.17%, 7, 0, 9, 150.08
1735519621, 59, 12, 41, 0, 0, 0.17%, 7, 0, 9, 143.10
1735519626, 59, 19, 41, 0, 0, 0.17%, 7, 0, 9, 135.44
1735519631, 59, 21, 41, 0, 0, 0.17%, 7, 0, 9, 150.11
1735519636, 59, 33, 41, 0, 0, 0.17%, 7, 0, 9, 152.81
1735519641, 59, 36, 41, 0, 0, 0.17%, 7, 0, 9, 157.07
1735519656, 60, 12, 41, 0, 0, 0.17%, 7, 0, 9, 141.88
1735519662, 60, 19, 41, 0, 0, 0.17%, 7, 0, 9, 139.93
1735519667, 60, 21, 41, 0, 0, 0.17%, 7, 0, 9, 144.40
1735519672, 60, 32, 41, 0, 0, 0.17%, 7, 0, 9, 150.21
1735519677, 61, 11, 41, 0, 0, 0.17%, 7, 0, 9, 155.83
1735519682, 61, 12, 41, 0, 0, 0.17%, 7, 0, 9, 148.24
1735519687, 61, 19, 41, 0, 0, 0.17%, 7, 0, 9, 144.76
1735519692, 62, 11, 41, 0, 0, 0.17%, 7, 0, 9, 153.93
1735519697, 62, 12, 41, 0, 0, 0.17%, 7, 0, 9, 143.05
1735519702, 62, 19, 41, 0, 0, 0.17%, 7, 0, 9, 144.49
1735519707, 62, 21, 41, 0, 0, 0.17%, 7, 0, 9, 152.26
1735519712, 63, 12, 41, 0, 0, 0.17%, 7, 0, 9, 143.65
1735519718, 63, 19, 41, 0, 0, 0.17%, 7, 0, 9, 143.07
1735519723, 63, 21, 41, 0, 0, 0.17%, 7, 0, 9, 156.35
1735519728, 63, 31, 41, 0, 0, 0.17%, 7, 0, 9, 152.76
1735519738, 64, 7, 41, 0, 0, 0.17%, 7, 0, 9, 154.85
1735519743, 64, 12, 41, 0, 0, 0.17%, 7, 0, 9, 139.36
1735519748, 64, 19, 41, 0, 0, 0.17%, 7, 0, 9, 148.91
1735519753, 64, 21, 41, 0, 0, 0.17%, 7, 0, 9, 146.78
1735519758, 65, 11, 41, 0, 0, 0.17%, 7, 0, 9, 150.65
1735519763, 65, 12, 41, 0, 0, 0.17%, 7, 0, 9, 149.79
1735519769, 65, 15, 41, 0, 0, 0.17%, 7, 0, 9, 145.11
1735519774, 65, 21, 41, 0, 0, 0.17%, 7, 0, 9, 147.77
1735519779, 65, 29, 41, 0, 0, 0.17%, 7, 0, 9, 149.86
1735519789, 66, 12, 41, 0, 0, 0.17%, 7, 0, 9, 141.90
1735519794, 66, 19, 41, 0, 0, 0.17%, 7, 0, 9, 146.89
1735519799, 66, 21, 41, 0, 0, 0.17%, 7, 0, 9, 147.37
1735519804, 66, 38, 41, 0, 0, 0.17%, 7, 0, 9, 159.85
1735519815, 66, 40, 41, 0, 0, 0.17%, 7, 0, 9, 205.88
1735519830, 67, 11, 41, 0, 0, 0.17%, 7, 0, 9, 152.56
1735519835, 67, 12, 41, 0, 0, 0.17%, 7, 0, 9, 147.64
1735519840, 67, 19, 41, 0, 0, 0.17%, 7, 0, 9, 142.27
1735519845, 67, 21, 41, 0, 0, 0.17%, 7, 0, 9, 147.02
1735519850, 67, 31, 41, 0, 0, 0.17%, 7, 0, 9, 145.70
1735519855, 68, 11, 41, 0, 0, 0.17%, 7, 0, 9, 152.21
1735519861, 68, 12, 41, 0, 0, 0.17%, 7, 0, 9, 149.86
1735519866, 68, 19, 41, 0, 0, 0.17%, 7, 0, 9, 139.96
1735519871, 68, 22, 41, 0, 0, 0.17%, 7, 0, 9, 153.78
1735519876, 68, 30, 41, 0, 0, 0.17%, 7, 0, 9, 158.63
1735519886, 69, 12, 41, 0, 0, 0.17%, 7, 0, 9, 147.58
1735519891, 69, 19, 41, 0, 0, 0.17%, 7, 0, 9, 144.55
1735519897, 69, 21, 41, 0, 0, 0.17%, 7, 0, 9, 152.60
1735519902, 69, 23, 41, 0, 0, 0.17%, 7, 0, 9, 153.27
1735519907, 70, 11, 41, 0, 0, 0.17%, 7, 0, 9, 146.32
1735519912, 70, 12, 41, 0, 0, 0.17%, 7, 0, 9, 145.36
1735519917, 70, 19, 41, 0, 0, 0.17%, 7, 0, 9, 146.71
1735519922, 70, 21, 41, 0, 0, 0.17%, 7, 0, 9, 154.92
1735519927, 70, 27, 41, 0, 0, 0.17%, 7, 0, 9, 156.89
1735519932, 70, 32, 41, 0, 0, 0.17%, 7, 0, 9, 149.11
1735519938, 70, 36, 41, 0, 0, 0.17%, 7, 0, 9, 154.83
1735519943, 71, 4, 41, 0, 0, 0.17%, 7, 0, 9, 149.00
1735519948, 71, 12, 41, 0, 0, 0.17%, 7, 0, 9, 158.00
1735519953, 71, 19, 41, 0, 0, 0.17%, 7, 0, 9, 140.58
1735519958, 71, 21, 41, 0, 0, 0.17%, 7, 0, 9, 154.82
1735519963, 72, 11, 41, 0, 0, 0.17%, 7, 0, 9, 147.01
1735519968, 72, 12, 41, 0, 0, 0.17%, 7, 0, 9, 148.28
1735519974, 72, 19, 41, 0, 0, 0.17%, 7, 0, 9, 143.24
1735519979, 72, 21, 41, 0, 0, 0.17%, 7, 0, 9, 151.26
1735519984, 72, 30, 41, 0, 0, 0.17%, 7, 0, 9, 156.82
1735519989, 73, 12, 41, 0, 0, 0.17%, 7, 0, 9, 147.90
1735519994, 73, 19, 41, 0, 0, 0.17%, 7, 0, 9, 149.96
1735519999, 73, 21, 41, 0, 0, 0.17%, 7, 0, 9, 154.91
1735520004, 73, 38, 41, 0, 0, 0.17%, 7, 0, 9, 161.54
1735520014, 74, 12, 41, 0, 0, 0.17%, 7, 0, 9, 148.18
1735520019, 74, 19, 41, 0, 0, 0.17%, 7, 0, 9, 147.38
1735520024, 74, 20, 41, 0, 0, 0.17%, 7, 0, 9, 149.09
1735520029, 74, 21, 41, 0, 0, 0.17%, 7, 0, 9, 153.53
1735520034, 75, 12, 41, 0, 0, 0.17%, 7, 0, 9, 145.65
1735520039, 75, 16, 41, 0, 0, 0.17%, 7, 0, 9, 151.23
1735520044, 75, 19, 41, 0, 0, 0.17%, 7, 0, 9, 148.14
1735520049, 75, 21, 41, 0, 0, 0.17%, 7, 0, 9, 144.55
1735520055, 76, 11, 41, 0, 0, 0.17%, 7, 0, 9, 140.72
1735520060, 76, 12, 41, 0, 0, 0.17%, 7, 0, 9, 144.62
1735520065, 76, 19, 41, 0, 0, 0.17%, 7, 0, 9, 135.35
1735520070, 76, 21, 41, 0, 0, 0.17%, 7, 0, 9, 152.78
1735520075, 76, 35, 41, 0, 0, 0.17%, 7, 0, 9, 154.14
1735520080, 77, 12, 41, 0, 0, 0.17%, 7, 0, 9, 147.71
1735520085, 77, 19, 41, 0, 0, 0.17%, 7, 0, 9, 154.89
1735520090, 77, 21, 41, 0, 0, 0.17%, 7, 0, 9, 148.07
1735520096, 78, 5, 41, 0, 0, 0.17%, 7, 0, 9, 147.35
1735520101, 78, 12, 41, 0, 0, 0.17%, 7, 0, 9, 140.32
1735520106, 78, 19, 41, 0, 0, 0.17%, 7, 0, 9, 143.07
1735520111, 78, 21, 41, 0, 0, 0.17%, 7, 0, 9, 148.86
1735520116, 78, 31, 41, 0, 0, 0.17%, 7, 0, 9, 150.83
1735520127, 79, 12, 41, 0, 0, 0.17%, 7, 0, 9, 147.05
1735520132, 79, 19, 41, 0, 0, 0.17%, 7, 0, 9, 148.15
1735520137, 79, 21, 41, 0, 0, 0.17%, 7, 0, 9, 153.48
1735520142, 79, 35, 41, 0, 0, 0.17%, 7, 0, 9, 157.26
1735520147, 79, 39, 41, 0, 0, 0.17%, 7, 0, 9, 155.12
1735520157, 80, 12, 41, 0, 0, 0.17%, 7, 0, 9, 151.36
1735520162, 80, 13, 41, 0, 0, 0.17%, 7, 0, 9, 148.57
1735520167, 80, 19, 41, 0, 0, 0.17%, 7, 0, 9, 145.20
1735520172, 80, 21, 41, 0, 0, 0.17%, 7, 0, 9, 144.25
1735520177, 80, 27, 41, 0, 0, 0.17%, 7, 0, 9, 146.22
1735520183, 80, 33, 41, 0, 0, 0.17%, 7, 0, 9, 158.76
1735520188, 81, 12, 41, 0, 0, 0.17%, 7, 0, 9, 145.43
1735520193, 81, 14, 41, 0, 0, 0.17%, 7, 0, 9, 143.66
1735520198, 81, 19, 41, 0, 0, 0.17%, 7, 0, 9, 141.74
1735520203, 81, 21, 41, 0, 0, 0.17%, 7, 0, 9, 153.91
1735520208, 81, 32, 41, 0, 0, 0.17%, 7, 0, 9, 162.34
1735520213, 82, 12, 41, 0, 0, 0.17%, 7, 0, 9, 148.46
1735520218, 82, 18, 41, 0, 0, 0.17%, 7, 0, 9, 150.21
1735520223, 82, 19, 41, 0, 0, 0.17%, 7, 0, 9, 146.72
1735520228, 82, 21, 41, 0, 0, 0.17%, 7, 0, 9, 149.29
1735520233, 83, 7, 41, 0, 0, 0.17%, 7, 0, 9, 148.80
1735520238, 83, 12, 41, 0, 0, 0.17%, 7, 0, 9, 145.91
1735520244, 83, 13, 41, 0, 0, 0.17%, 7, 0, 9, 156.71
1735520249, 83, 19, 41, 0, 0, 0.17%, 7, 0, 9, 154.89
1735520254, 83, 21, 41, 0, 0, 0.17%, 7, 0, 9, 155.83
1735520259, 83, 29, 41, 0, 0, 0.17%, 7, 0, 9, 155.48
1735520264, 83, 33, 41, 0, 0, 0.17%, 7, 0, 9, 155.68
1735520269, 84, 11, 41, 0, 0, 0.17%, 7, 0, 9, 146.22
1735520274, 84, 12, 41, 0, 0, 0.17%, 7, 0, 9, 140.85
1735520279, 84, 13, 41, 0, 0, 0.17%, 7, 0, 9, 141.40
1735520284, 84, 16, 41, 0, 0, 0.17%, 7, 0, 9, 146.16
1735520290, 84, 19, 41, 0, 0, 0.17%, 7, 0, 9, 145.84
1735520295, 84, 21, 41, 0, 0, 0.17%, 7, 0, 9, 142.98
1735520300, 85, 12, 41, 0, 0, 0.17%, 7, 0, 9, 145.16
1735520305, 85, 19, 41, 0, 0, 0.17%, 7, 0, 9, 149.45
1735520310, 85, 21, 41, 0, 0, 0.17%, 7, 0, 9, 152.02
1735520315, 85, 26, 41, 0, 0, 0.17%, 7, 0, 9, 151.63
1735520321, 85, 32, 41, 0, 0, 0.17%, 7, 0, 9, 154.35
1735520326, 85, 34, 41, 0, 0, 0.17%, 7, 0, 9, 143.27
1735520331, 86, 11, 41, 0, 0, 0.17%, 7, 0, 9, 140.81
1735520336, 86, 12, 41, 0, 0, 0.17%, 7, 0, 9, 143.85
1735520341, 86, 19, 41, 0, 0, 0.17%, 7, 0, 9, 129.64
1735520347, 86, 21, 41, 0, 0, 0.17%, 7, 0, 9, 142.69
1735520352, 86, 27, 41, 0, 0, 0.17%, 7, 0, 9, 151.16
1735520357, 87, 12, 41, 0, 0, 0.17%, 7, 0, 9, 148.35
1735520362, 87, 19, 41, 0, 0, 0.17%, 7, 0, 9, 146.94
1735520367, 87, 21, 41, 0, 0, 0.17%, 7, 0, 9, 148.39
1735520372, 87, 39, 41, 0, 0, 0.17%, 7, 0, 9, 156.51
1735520382, 88, 11, 41, 0, 0, 0.17%, 7, 0, 9, 151.12
1735520388, 88, 12, 41, 0, 0, 0.17%, 7, 0, 9, 146.45
1735520393, 88, 19, 41, 0, 0, 0.17%, 7, 0, 9, 147.11
1735520398, 89, 1, 41, 0, 0, 0.17%, 7, 0, 9, 154.23
1735520403, 89, 11, 41, 0, 0, 0.17%, 7, 0, 9, 152.09
1735520408, 89, 12, 41, 0, 0, 0.17%, 7, 0, 9, 149.44
1735520413, 89, 19, 41, 0, 0, 0.17%, 7, 0, 9, 161.25
1735520418, 90, 11, 41, 0, 0, 0.17%, 7, 0, 9, 155.06
1735520423, 90, 12, 41, 0, 0, 0.17%, 7, 0, 9, 149.85
1735520428, 90, 19, 41, 0, 0, 0.17%, 7, 0, 9, 144.49
1735520433, 90, 21, 41, 0, 0, 0.17%, 7, 0, 9, 148.61
1735520438, 90, 25, 41, 0, 0, 0.17%, 7, 0, 9, 150.81
1735520443, 90, 34, 41, 0, 0, 0.17%, 7, 0, 9, 143.46
1735520448, 91, 4, 41, 0, 0, 0.17%, 7, 0, 9, 146.27
1735520453, 91, 11, 41, 0, 0, 0.17%, 7, 0, 9, 147.21
1735520458, 91, 12, 41, 0, 0, 0.17%, 7, 0, 9, 148.03
1735520464, 91, 21, 41, 0, 0, 0.17%, 7, 0, 9, 150.61
1735520469, 92, 11, 41, 0, 0, 0.17%, 7, 0, 9, 154.43
1735520474, 92, 12, 41, 0, 0, 0.17%, 7, 0, 9, 143.38
1735520479, 92, 19, 41, 0, 0, 0.17%, 7, 0, 9, 145.17
1735520484, 92, 21, 41, 0, 0, 0.17%, 7, 0, 9, 146.76
1735520489, 93, 12, 41, 0, 0, 0.17%, 7, 0, 9, 141.45
1735520494, 93, 19, 41, 0, 0, 0.17%, 7, 0, 9, 147.57
1735520499, 93, 21, 41, 0, 0, 0.17%, 7, 0, 9, 147.51
1735520504, 94, 11, 41, 0, 0, 0.17%, 7, 0, 9, 144.12
1735520509, 94, 12, 41, 0, 0, 0.17%, 7, 0, 9, 140.76
1735520514, 94, 13, 41, 0, 0, 0.17%, 7, 0, 9, 146.93
1735520520, 94, 19, 41, 0, 0, 0.17%, 7, 0, 9, 140.93
1735520525, 94, 21, 41, 0, 0, 0.17%, 7, 0, 9, 146.67
1735520530, 94, 28, 41, 0, 0, 0.17%, 7, 0, 9, 157.07
1735520535, 95, 12, 41, 0, 0, 0.17%, 7, 0, 9, 152.75
1735520540, 95, 19, 41, 0, 0, 0.17%, 7, 0, 9, 146.33
1735520545, 95, 21, 41, 0, 0, 0.17%, 7, 0, 9, 151.65
1735520550, 95, 27, 41, 0, 0, 0.17%, 7, 0, 9, 151.27
1735520555, 95, 30, 41, 0, 0, 0.17%, 7, 0, 9, 156.52
1735520560, 96, 11, 41, 0, 0, 0.17%, 7, 0, 9, 146.46
1735520565, 96, 12, 41, 0, 0, 0.17%, 7, 0, 9, 140.06
1735520570, 96, 16, 41, 0, 0, 0.17%, 7, 0, 9, 144.97
1735520576, 96, 19, 41, 0, 0, 0.17%, 7, 0, 9, 148.22
1735520581, 96, 21, 41, 0, 0, 0.17%, 7, 0, 9, 153.46
1735520586, 96, 34, 41, 0, 0, 0.17%, 7, 0, 9, 139.96
1735520591, 96, 36, 41, 0, 0, 0.17%, 7, 0, 9, 152.99
1735520601, 97, 12, 41, 0, 0, 0.17%, 7, 0, 9, 138.23
1735520606, 97, 19, 41, 0, 0, 0.17%, 7, 0, 9, 144.77
1735520611, 97, 21, 41, 0, 0, 0.17%, 7, 0, 9, 145.27
1735520616, 97, 24, 41, 0, 0, 0.17%, 7, 0, 9, 164.17
1735520621, 98, 11, 41, 0, 0, 0.17%, 7, 0, 9, 156.28
1735520627, 98, 12, 41, 0, 0, 0.17%, 7, 0, 9, 146.43
1735520632, 98, 19, 41, 0, 0, 0.17%, 7, 0, 9, 147.52
1735520637, 98, 21, 41, 0, 0, 0.17%, 7, 0, 9, 150.46
1735520642, 98, 27, 41, 0, 0, 0.17%, 7, 0, 9, 155.66
1735520647, 99, 12, 41, 0, 0, 0.17%, 7, 0, 9, 142.69
1735520652, 99, 19, 41, 0, 0, 0.17%, 7, 0, 9, 139.24
1735520657, 99, 21, 41, 0, 0, 0.17%, 7, 0, 9, 152.20
1735520662, 100, 12, 41, 0, 0, 0.17%, 7, 0, 9, 145.14
1735520667, 100, 19, 41, 0, 0, 0.17%, 7, 0, 9, 146.81
1735520672, 100, 21, 41, 0, 0, 0.17%, 7, 0, 9, 146.58
1735520678, 100, 26, 41, 0, 0, 0.17%, 7, 0, 9, 151.19
1735520683, 101, 11, 41, 0, 0, 0.17%, 7, 0, 9, 151.09
1735520688, 101, 12, 41, 0, 0, 0.17%, 7, 0, 9, 145.64
1735520693, 101, 14, 41, 0, 0, 0.17%, 7, 0, 9, 144.97
1735520698, 101, 15, 41, 0, 0, 0.17%, 7, 0, 9, 138.71
1735520703, 101, 19, 41, 0, 0, 0.17%, 7, 0, 9, 137.74
1735520708, 101, 21, 41, 0, 0, 0.17%, 7, 0, 9, 145.48
1735520713, 102, 11, 41, 0, 0, 0.17%, 7, 0, 9, 147.96
1735520719, 102, 12, 41, 0, 0, 0.17%, 7, 0, 9, 151.03
1735520724, 102, 19, 41, 0, 0, 0.17%, 7, 0, 9, 154.14
1735520729, 102, 21, 41, 0, 0, 0.17%, 7, 0, 9, 151.54
1735520734, 102, 29, 41, 0, 0, 0.17%, 7, 0, 9, 156.14
1735520739, 103, 12, 41, 0, 0, 0.17%, 7, 0, 9, 145.45
1735520744, 103, 17, 41, 0, 0, 0.17%, 7, 0, 9, 147.81
1735520749, 103, 19, 41, 0, 0, 0.17%, 7, 0, 9, 147.15
1735520754, 103, 21, 41, 0, 0, 0.17%, 7, 0, 9, 148.23
1735520759, 104, 0, 41, 0, 0, 0.17%, 7, 0, 9, 148.29
1735520764, 104, 11, 41, 0, 0, 0.17%, 7, 0, 9, 151.84
1735520770, 104, 12, 41, 0, 0, 0.17%, 7, 0, 9, 150.00
1735520775, 104, 19, 41, 0, 0, 0.17%, 7, 0, 9, 150.10
1735520780, 104, 21, 41, 0, 0, 0.17%, 7, 0, 9, 150.51
1735520785, 105, 12, 41, 0, 0, 0.17%, 7, 0, 9, 147.11
1735520790, 105, 19, 41, 0, 0, 0.17%, 7, 0, 9, 145.93
1735520795, 105, 21, 41, 0, 0, 0.17%, 7, 0, 9, 147.08
1735520800, 105, 24, 41, 0, 0, 0.17%, 7, 0, 9, 156.27
1735520805, 105, 30, 41, 0, 0, 0.17%, 7, 0, 9, 163.16
1735520810, 106, 10, 41, 0, 0, 0.17%, 7, 0, 9, 141.86
1735520816, 106, 12, 41, 0, 0, 0.17%, 7, 0, 9, 140.96
1735520821, 106, 19, 41, 0, 0, 0.17%, 7, 0, 9, 147.52
1735520826, 106, 21, 41, 0, 0, 0.17%, 7, 0, 9, 147.58
1735520831, 107, 11, 41, 0, 0, 0.17%, 7, 0, 9, 152.60
1735520836, 107, 12, 41, 0, 0, 0.17%, 7, 0, 9, 150.33
1735520841, 107, 21, 41, 0, 0, 0.17%, 7, 0, 9, 147.37
1735520846, 108, 5, 41, 0, 0, 0.17%, 7, 0, 9, 143.65
1735520851, 108, 12, 41, 0, 0, 0.17%, 7, 0, 9, 144.74
1735520857, 108, 13, 41, 0, 0, 0.17%, 7, 0, 9, 142.94
1735520862, 108, 19, 41, 0, 0, 0.17%, 7, 0, 9, 153.50
1735520867, 108, 21, 41, 0, 0, 0.17%, 7, 0, 9, 153.22
1735520872, 108, 33, 41, 0, 0, 0.17%, 7, 0, 9, 156.61
1735520877, 109, 2, 41, 0, 0, 0.17%, 7, 0, 9, 150.98
1735520882, 109, 12, 41, 0, 0, 0.17%, 7, 0, 9, 146.10
1735520887, 109, 19, 41, 0, 0, 0.17%, 7, 0, 9, 149.27
1735520892, 109, 21, 41, 0, 0, 0.17%, 7, 0, 9, 151.36
1735520897, 110, 7, 41, 0, 0, 0.17%, 7, 0, 9, 148.27
1735520902, 110, 12, 41, 0, 0, 0.17%, 7, 0, 9, 142.89
1735520908, 110, 19, 41, 0, 0, 0.17%, 7, 0, 9, 142.46
1735520913, 110, 21, 41, 0, 0, 0.17%, 7, 0, 9, 151.35
1735520918, 110, 38, 41, 0, 0, 0.17%, 7, 0, 9, 163.07
1735520928, 111, 12, 41, 0, 0, 0.17%, 7, 0, 9, 145.06
1735520933, 111, 13, 41, 0, 0, 0.17%, 7, 0, 9, 150.13
1735520938, 111, 19, 41, 0, 0, 0.17%, 7, 0, 9, 154.12
1735520943, 111, 21, 41, 0, 0, 0.17%, 7, 0, 9, 159.03
1735520948, 111, 37, 41, 0, 0, 0.17%, 7, 0, 9, 154.22
1735520953, 112, 11, 41, 0, 0, 0.17%, 7, 0, 9, 147.41
1735520959, 112, 12, 41, 0, 0, 0.17%, 7, 0, 9, 149.64
1735520964, 112, 19, 41, 0, 0, 0.17%, 7, 0, 9, 144.88
1735520969, 112, 21, 41, 0, 0, 0.17%, 7, 0, 9, 142.16
1735520974, 112, 32, 41, 0, 0, 0.17%, 7, 0, 9, 153.86
1735520979, 112, 39, 41, 0, 0, 0.17%, 7, 0, 9, 152.08
1735520984, 113, 4, 41, 0, 0, 0.17%, 7, 0, 9, 150.75
1735520989, 113, 12, 41, 0, 0, 0.17%, 7, 0, 9, 145.12
1735520994, 113, 17, 41, 0, 0, 0.17%, 7, 0, 9, 146.92
1735520999, 113, 19, 41, 0, 0, 0.17%, 7, 0, 9, 142.24
1735521004, 113, 21, 41, 0, 0, 0.17%, 7, 0, 9, 149.51
1735521009, 114, 11, 41, 0, 0, 0.17%, 7, 0, 9, 148.37
1735521014, 114, 12, 41, 0, 0, 0.17%, 7, 0, 9, 150.02
1735521019, 114, 19, 41, 0, 0, 0.17%, 7, 0, 9, 144.28
1735521025, 114, 21, 41, 0, 0, 0.17%, 7, 0, 9, 150.43
1735521030, 114, 34, 41, 0, 0, 0.17%, 7, 0, 9, 147.41
1735521035, 115, 4, 41, 0, 0, 0.17%, 7, 0, 9, 148.36
1735521040, 115, 12, 41, 0, 0, 0.17%, 7, 0, 9, 146.57
1735521045, 115, 19, 41, 0, 0, 0.17%, 7, 0, 9, 150.27
1735521050, 115, 21, 41, 0, 0, 0.17%, 7, 0, 9, 152.64
1735521055, 115, 23, 41, 0, 0, 0.17%, 7, 0, 9, 148.06
1735521061, 116, 5, 41, 0, 0, 0.17%, 7, 0, 9, 152.27
1735521066, 116, 12, 41, 0, 0, 0.17%, 7, 0, 9, 142.02
1735521071, 116, 19, 41, 0, 0, 0.17%, 7, 0, 9, 139.39
1735521076, 116, 21, 41, 0, 0, 0.17%, 7, 0, 9, 144.78
1735521081, 116, 22, 41, 0, 0, 0.17%, 7, 0, 9, 156.05
1735521086, 116, 25, 41, 0, 0, 0.17%, 7, 0, 9, 152.86
1735521091, 116, 38, 41, 0, 0, 0.17%, 7, 0, 9, 165.40
1735521096, 117, 1, 41, 0, 0, 0.17%, 7, 0, 9, 149.72
1735521101, 117, 11, 41, 0, 0, 0.17%, 7, 0, 9, 150.32
1735521106, 117, 12, 41, 0, 0, 0.17%, 7, 0, 9, 143.26
1735521112, 117, 19, 41, 0, 0, 0.17%, 7, 0, 9, 141.48
1735521117, 117, 21, 41, 0, 0, 0.17%, 7, 0, 9, 142.02
1735521122, 118, 11, 41, 0, 0, 0.17%, 7, 0, 9, 146.98
1735521127, 118, 12, 41, 0, 0, 0.17%, 7, 0, 9, 148.07
1735521132, 118, 17, 41, 0, 0, 0.17%, 7, 0, 9, 143.27
1735521137, 118, 19, 41, 0, 0, 0.17%, 7, 0, 9, 146.34
1735521142, 119, 0, 41, 0, 0, 0.17%, 7, 0, 9, 151.21
1735521147, 119, 12, 41, 0, 0, 0.17%, 7, 0, 9, 145.34
1735521153, 119, 18, 41, 0, 0, 0.17%, 7, 0, 9, 152.47
1735521158, 119, 19, 41, 0, 0, 0.17%, 7, 0, 9, 146.84
1735521163, 119, 21, 41, 0, 0, 0.17%, 7, 0, 9, 151.51
1735521168, 120, 11, 41, 0, 0, 0.17%, 7, 0, 9, 152.62
1735521173, 120, 12, 41, 0, 0, 0.17%, 7, 0, 9, 148.08
1735521178, 120, 19, 41, 0, 0, 0.17%, 7, 0, 9, 139.84
1735521183, 120, 21, 41, 0, 0, 0.17%, 7, 0, 9, 150.65
1735521188, 121, 12, 41, 0, 0, 0.17%, 7, 0, 9, 141.42
1735521194, 121, 19, 41, 0, 0, 0.17%, 7, 0, 9, 144.74
1735521199, 121, 21, 41, 0, 0, 0.17%, 7, 0, 9, 153.22
1735521204, 121, 22, 41, 0, 0, 0.17%, 7, 0, 9, 156.48
1735521209, 121, 34, 41, 0, 0, 0.17%, 7, 0, 9, 144.90
1735521214, 122, 3, 41, 0, 0, 0.17%, 7, 0, 9, 150.46
1735521219, 122, 11, 41, 0, 0, 0.17%, 7, 0, 9, 146.18
1735521224, 122, 19, 41, 0, 0, 0.17%, 7, 0, 9, 150.59
1735521229, 122, 21, 41, 0, 0, 0.17%, 7, 0, 9, 148.64
1735521234, 123, 11, 41, 0, 0, 0.17%, 7, 0, 9, 149.68
1735521239, 123, 12, 41, 0, 0, 0.17%, 7, 0, 9, 154.90
1735521244, 123, 19, 41, 0, 0, 0.17%, 7, 0, 9, 144.85
1735521249, 123, 21, 41, 0, 0, 0.17%, 7, 0, 9, 149.28
1735521254, 123, 26, 41, 0, 0, 0.17%, 7, 0, 9, 149.34
1735521259, 123, 29, 41, 0, 0, 0.17%, 7, 0, 9, 148.04
1735521265, 124, 11, 41, 0, 0, 0.17%, 7, 0, 9, 143.93
1735521270, 124, 12, 41, 0, 0, 0.17%, 7, 0, 9, 142.82
1735521275, 124, 21, 41, 0, 0, 0.17%, 7, 0, 9, 152.25
1735521280, 124, 29, 41, 0, 0, 0.17%, 7, 0, 9, 152.39
1735521290, 124, 32, 41, 0, 0, 0.17%, 7, 0, 9, 151.23
1735521295, 125, 11, 41, 0, 0, 0.17%, 7, 0, 9, 152.21
1735521301, 125, 12, 41, 0, 0, 0.17%, 7, 0, 9, 149.93
1735521306, 125, 19, 41, 0, 0, 0.17%, 7, 0, 9, 150.27
1735521311, 125, 21, 41, 0, 0, 0.17%, 7, 0, 9, 143.64
1735521316, 125, 34, 41, 0, 0, 0.17%, 7, 0, 9, 140.59
1735521321, 126, 10, 41, 0, 0, 0.17%, 7, 0, 9, 149.88
1735521326, 126, 12, 41, 0, 0, 0.17%, 7, 0, 9, 148.51
1735521331, 126, 19, 41, 0, 0, 0.17%, 7, 0, 9, 148.02
1735521336, 126, 20, 41, 0, 0, 0.17%, 7, 0, 9, 154.07
1735521341, 126, 21, 41, 0, 0, 0.17%, 7, 0, 9, 153.65
1735521346, 126, 22, 41, 0, 0, 0.17%, 7, 0, 9, 155.87
1735521351, 127, 11, 41, 0, 0, 0.17%, 7, 0, 9, 147.52
1735521356, 127, 12, 41, 0, 0, 0.17%, 7, 0, 9, 140.60
1735521361, 127, 19, 41, 0, 0, 0.17%, 7, 0, 9, 142.02
1735521367, 127, 21, 41, 0, 0, 0.17%, 7, 0, 9, 151.63
1735521372, 128, 12, 41, 0, 0, 0.17%, 7, 0, 9, 146.58
1735521377, 128, 19, 41, 0, 0, 0.17%, 7, 0, 9, 145.68
1735521382, 128, 21, 41, 0, 0, 0.17%, 7, 0, 9, 152.06
1735521387, 128, 38, 41, 0, 0, 0.17%, 7, 0, 9, 162.47
1735521392, 129, 11, 41, 0, 0, 0.17%, 7, 0, 9, 149.05
1735521397, 129, 12, 41, 0, 0, 0.17%, 7, 0, 9, 141.56
1735521402, 129, 14, 41, 0, 0, 0.17%, 7, 0, 9, 147.48
1735521407, 129, 19, 41, 0, 0, 0.17%, 7, 0, 9, 148.43
1735521413, 129, 21, 41, 0, 0, 0.17%, 7, 0, 9, 152.07
1735521418, 129, 40, 41, 0, 0, 0.17%, 7, 0, 9, 160.66
1735521438, 130, 12, 41, 0, 0, 0.17%, 7, 0, 9, 151.83
1735521443, 130, 15, 41, 0, 0, 0.17%, 7, 0, 9, 146.71
1735521448, 130, 19, 41, 0, 0, 0.17%, 7, 0, 9, 144.02
1735521453, 130, 21, 41, 0, 0, 0.17%, 7, 0, 9, 145.86
1735521459, 130, 25, 41, 0, 0, 0.17%, 7, 0, 9, 153.86
1735521464, 131, 12, 41, 0, 0, 0.17%, 7, 0, 9, 144.05
1735521469, 131, 19, 41, 0, 0, 0.17%, 7, 0, 9, 147.24
1735521474, 131, 21, 41, 0, 0, 0.17%, 7, 0, 9, 147.86
1735521479, 132, 11, 41, 0, 0, 0.17%, 7, 0, 9, 152.20
1735521484, 132, 12, 41, 0, 0, 0.17%, 7, 0, 9, 146.74
1735521489, 132, 17, 41, 0, 0, 0.17%, 7, 0, 9, 148.94
1735521495, 132, 21, 41, 0, 0, 0.17%, 7, 0, 9, 142.13
1735521500, 132, 33, 41, 0, 0, 0.17%, 7, 0, 9, 155.91
1735521505, 132, 35, 41, 0, 0, 0.17%, 7, 0, 9, 149.41
1735521515, 133, 12, 41, 0, 0, 0.17%, 7, 0, 9, 142.94
1735521520, 133, 19, 41, 0, 0, 0.17%, 7, 0, 9, 141.54
1735521525, 133, 21, 41, 0, 0, 0.17%, 7, 0, 9, 144.74
1735521530, 134, 11, 41, 0, 0, 0.17%, 7, 0, 9, 150.00
1735521535, 134, 12, 41, 0, 0, 0.17%, 7, 0, 9, 140.15
1735521541, 134, 13, 41, 0, 0, 0.17%, 7, 0, 9, 143.63
1735521546, 134, 19, 41, 0, 0, 0.17%, 7, 0, 9, 146.08
1735521551, 134, 23, 41, 0, 0, 0.17%, 7, 0, 9, 150.42
1735521556, 134, 24, 41, 0, 0, 0.17%, 7, 0, 9, 151.85
1735521561, 135, 11, 41, 0, 0, 0.17%, 7, 0, 9, 150.86
1735521566, 135, 12, 41, 0, 0, 0.17%, 7, 0, 9, 155.62
1735521571, 135, 19, 41, 0, 0, 0.17%, 7, 0, 9, 151.59
1735521576, 135, 21, 41, 0, 0, 0.17%, 7, 0, 9, 148.54
1735521581, 136, 12, 41, 0, 0, 0.17%, 7, 0, 9, 142.02
1735521586, 136, 15, 41, 0, 0, 0.17%, 7, 0, 9, 145.96
1735521592, 136, 18, 41, 0, 0, 0.17%, 7, 0, 9, 148.00
1735521597, 136, 19, 41, 0, 0, 0.17%, 7, 0, 9, 152.01
1735521602, 136, 21, 41, 0, 0, 0.17%, 7, 0, 9, 156.52
1735521607, 137, 12, 41, 0, 0, 0.17%, 7, 0, 9, 151.71
1735521612, 137, 19, 41, 0, 0, 0.17%, 7, 0, 9, 144.04
1735521617, 137, 21, 41, 0, 0, 0.17%, 7, 0, 9, 156.11
1735521622, 138, 11, 41, 0, 0, 0.17%, 7, 0, 9, 146.76
1735521627, 138, 12, 41, 0, 0, 0.17%, 7, 0, 9, 145.76
1735521632, 138, 19, 41, 0, 0, 0.17%, 7, 0, 9, 139.18
1735521638, 138, 21, 41, 0, 0, 0.17%, 7, 0, 9, 158.73
1735521643, 139, 11, 41, 0, 0, 0.17%, 7, 0, 9, 157.89
1735521648, 139, 12, 41, 0, 0, 0.17%, 7, 0, 9, 143.36
1735521653, 139, 19, 41, 0, 0, 0.17%, 7, 0, 9, 141.61
1735521658, 139, 21, 41, 0, 0, 0.17%, 7, 0, 9, 156.15
1735521663, 140, 12, 41, 0, 0, 0.17%, 7, 0, 9, 149.66
1735521668, 140, 19, 41, 0, 0, 0.17%, 7, 0, 9, 144.77
1735521673, 140, 21, 41, 0, 0, 0.17%, 7, 0, 9, 154.47
1735521678, 140, 38, 41, 0, 0, 0.17%, 7, 0, 9, 163.18
1735521689, 141, 12, 41, 0, 0, 0.17%, 7, 0, 9, 147.00
1735521694, 141, 19, 41, 0, 0, 0.17%, 7, 0, 9, 147.84
1735521699, 141, 21, 41, 0, 0, 0.17%, 7, 0, 9, 141.67
1735521704, 142, 11, 41, 0, 0, 0.17%, 7, 0, 9, 141.47
1735521709, 142, 12, 41, 0, 0, 0.17%, 7, 0, 9, 139.50
1735521714, 142, 19, 41, 0, 0, 0.17%, 7, 0, 9, 146.90
1735521719, 142, 21, 41, 0, 0, 0.17%, 7, 0, 9, 149.65
1735521724, 143, 11, 41, 0, 0, 0.17%, 7, 0, 9, 150.97
1735521729, 143, 12, 41, 0, 0, 0.17%, 7, 0, 9, 140.93
1735521735, 143, 19, 41, 0, 0, 0.17%, 7, 0, 9, 144.53
1735521740, 144, 1, 41, 0, 0, 0.17%, 7, 0, 9, 152.31
1735521745, 144, 11, 41, 0, 0, 0.17%, 7, 0, 9, 147.94
1735521750, 144, 12, 41, 0, 0, 0.17%, 7, 0, 9, 151.76
1735521755, 144, 19, 41, 0, 0, 0.17%, 7, 0, 9, 152.20
1735521760, 144, 21, 41, 0, 0, 0.17%, 7, 0, 9, 148.25
1735521765, 144, 35, 41, 0, 0, 0.17%, 7, 0, 9, 154.25
1735521770, 144, 36, 41, 0, 0, 0.17%, 7, 0, 9, 154.13
1735521780, 145, 12, 41, 0, 0, 0.17%, 7, 0, 9, 144.43
1735521786, 145, 15, 41, 0, 0, 0.17%, 7, 0, 9, 150.80
1735521791, 145, 19, 41, 0, 0, 0.17%, 7, 0, 9, 141.54
1735521796, 145, 21, 41, 0, 0, 0.17%, 7, 0, 9, 151.03
1735521801, 145, 25, 41, 0, 0, 0.17%, 7, 0, 9, 158.57
1735521806, 145, 31, 41, 0, 0, 0.17%, 7, 0, 9, 156.43
1735521811, 146, 11, 41, 0, 0, 0.17%, 7, 0, 9, 148.85
1735521816, 146, 12, 41, 0, 0, 0.17%, 7, 0, 9, 137.22
1735521822, 146, 19, 41, 0, 0, 0.17%, 7, 0, 9, 147.40
1735521827, 146, 21, 41, 0, 0, 0.17%, 7, 0, 9, 146.36
1735521832, 146, 38, 41, 0, 0, 0.17%, 7, 0, 9, 154.86
1735521837, 147, 12, 41, 0, 0, 0.17%, 7, 0, 9, 153.65
1735521842, 147, 15, 41, 0, 0, 0.17%, 7, 0, 9, 157.36
1735521847, 147, 19, 41, 0, 0, 0.17%, 7, 0, 9, 144.02
1735521852, 147, 21, 41, 0, 0, 0.17%, 7, 0, 9, 148.05
1735521857, 147, 25, 41, 0, 0, 0.17%, 7, 0, 9, 163.36
1735521862, 148, 11, 41, 0, 0, 0.17%, 7, 0, 9, 153.18
1735521867, 148, 12, 41, 0, 0, 0.17%, 7, 0, 9, 148.13
1735521872, 148, 15, 41, 0, 0, 0.17%, 7, 0, 9, 150.45
1735521877, 148, 19, 41, 0, 0, 0.17%, 7, 0, 9, 152.07
1735521882, 148, 21, 41, 0, 0, 0.17%, 7, 0, 9, 152.63
1735521887, 148, 30, 41, 0, 0, 0.17%, 7, 0, 9, 150.31
1735521893, 148, 31, 41, 0, 0, 0.17%, 7, 0, 9, 147.27
1735521898, 148, 38, 41, 0, 0, 0.17%, 7, 0, 9, 149.53
1735521908, 149, 12, 41, 0, 0, 0.17%, 7, 0, 9, 149.42
1735521913, 149, 19, 41, 0, 0, 0.17%, 7, 0, 9, 152.23
1735521918, 149, 21, 41, 0, 0, 0.17%, 7, 0, 9, 151.57
1735521923, 149, 28, 41, 0, 0, 0.17%, 7, 0, 9, 161.68
1735521928, 150, 12, 41, 0, 0, 0.17%, 7, 0, 9, 151.92
1735521933, 150, 17, 41, 0, 0, 0.17%, 7, 0, 9, 147.09
1735521938, 150, 19, 41, 0, 0, 0.17%, 7, 0, 9, 144.73
1735521944, 150, 21, 41, 0, 0, 0.17%, 7, 0, 9, 140.81
1735521949, 150, 38, 41, 0, 0, 0.17%, 7, 0, 9, 156.20
1735521959, 150, 40, 41, 0, 0, 0.17%, 7, 0, 9, 196.81
1735521974, 151, 11, 41, 0, 0, 0.17%, 7, 0, 9, 149.74
1735521979, 151, 12, 41, 0, 0, 0.17%, 7, 0, 9, 141.32
1735521985, 151, 19, 41, 0, 0, 0.17%, 7, 0, 9, 142.14
1735521990, 151, 21, 41, 0, 0, 0.17%, 7, 0, 9, 143.10
1735521995, 151, 40, 41, 0, 0, 0.17%, 7, 0, 9, 170.56
1735522005, 152, 10, 41, 0, 0, 0.17%, 7, 0, 9, 148.81
1735522010, 152, 12, 41, 0, 0, 0.17%, 7, 0, 9, 150.82
1735522015, 152, 19, 41, 0, 0, 0.17%, 7, 0, 9, 148.07
1735522020, 152, 21, 41, 0, 0, 0.17%, 7, 0, 9, 145.32
1735522025, 153, 11, 41, 0, 0, 0.17%, 7, 0, 9, 150.73
1735522030, 153, 12, 41, 0, 0, 0.17%, 7, 0, 9, 144.62
1735522035, 153, 19, 41, 0, 0, 0.17%, 7, 0, 9, 153.47
1735522040, 153, 21, 41, 0, 0, 0.17%, 7, 0, 9, 144.75
1735522045, 153, 33, 41, 0, 0, 0.17%, 7, 0, 9, 146.90
1735522050, 154, 11, 41, 0, 0, 0.17%, 7, 0, 9, 144.71
1735522056, 154, 12, 41, 0, 0, 0.17%, 7, 0, 9, 143.57
1735522061, 154, 19, 41, 0, 0, 0.17%, 7, 0, 9, 142.22
1735522066, 154, 21, 41, 0, 0, 0.17%, 7, 0, 9, 146.90
1735522071, 154, 24, 41, 0, 0, 0.17%, 7, 0, 9, 158.29
1735522076, 155, 12, 41, 0, 0, 0.17%, 7, 0, 9, 150.90
1735522081, 155, 19, 41, 0, 0, 0.17%, 7, 0, 9, 149.08
1735522086, 155, 21, 41, 0, 0, 0.17%, 7, 0, 9, 143.93
1735522091, 156, 1, 41, 0, 0, 0.17%, 7, 0, 9, 143.67
1735522097, 156, 12, 41, 0, 0, 0.17%, 7, 0, 9, 141.49
1735522102, 156, 19, 41, 0, 0, 0.17%, 7, 0, 9, 147.39
1735522107, 156, 21, 41, 0, 0, 0.17%, 7, 0, 9, 145.13
1735522112, 156, 30, 41, 0, 0, 0.17%, 7, 0, 9, 162.18
1735522122, 156, 34, 41, 0, 0, 0.17%, 7, 0, 9, 150.89
1735522128, 156, 38, 41, 0, 0, 0.17%, 7, 0, 9, 170.49
1735522133, 156, 39, 41, 0, 0, 0.17%, 7, 0, 9, 161.92
1735522143, 157, 12, 41, 0, 0, 0.17%, 7, 0, 9, 149.11
1735522148, 157, 14, 41, 0, 0, 0.17%, 7, 0, 9, 148.67
1735522153, 157, 19, 41, 0, 0, 0.17%, 7, 0, 9, 149.21
1735522158, 157, 21, 41, 0, 0, 0.17%, 7, 0, 9, 147.02
1735522163, 157, 31, 41, 0, 0, 0.17%, 7, 0, 9, 145.11
1735522168, 157, 32, 41, 0, 0, 0.17%, 7, 0, 9, 150.26
1735522173, 158, 4, 41, 0, 0, 0.17%, 7, 0, 9, 148.31
1735522179, 158, 12, 41, 0, 0, 0.17%, 7, 0, 9, 142.03
1735522184, 158, 19, 41, 0, 0, 0.17%, 7, 0, 9, 146.15
1735522189, 158, 21, 41, 0, 0, 0.17%, 7, 0, 9, 144.45
1735522194, 158, 32, 41, 0, 0, 0.17%, 7, 0, 9, 148.98
1735522199, 159, 11, 41, 0, 0, 0.17%, 7, 0, 9, 148.45
1735522204, 159, 12, 41, 0, 0, 0.17%, 7, 0, 9, 146.71
1735522209, 159, 19, 41, 0, 0, 0.17%, 7, 0, 9, 144.45
1735522214, 159, 21, 41, 0, 0, 0.17%, 7, 0, 9, 149.51
1735522219, 160, 12, 41, 0, 0, 0.17%, 7, 0, 9, 149.65
1735522224, 160, 19, 41, 0, 0, 0.17%, 7, 0, 9, 144.15
1735522230, 160, 21, 41, 0, 0, 0.17%, 7, 0, 9, 147.10
1735522235, 161, 10, 41, 0, 0, 0.17%, 7, 0, 9, 155.73
1735522240, 161, 12, 41, 0, 0, 0.17%, 7, 0, 9, 138.51
1735522245, 161, 19, 41, 0, 0, 0.17%, 7, 0, 9, 142.35
1735522250, 161, 21, 41, 0, 0, 0.17%, 7, 0, 9, 145.03
1735522255, 161, 34, 41, 0, 0, 0.17%, 7, 0, 9, 144.11
1735522265, 162, 11, 41, 0, 0, 0.17%, 7, 0, 9, 147.26
1735522271, 162, 12, 41, 0, 0, 0.17%, 7, 0, 9, 150.95
1735522276, 162, 19, 41, 0, 0, 0.17%, 7, 0, 9, 138.67
1735522281, 162, 21, 41, 0, 0, 0.17%, 7, 0, 9, 141.68
1735522286, 162, 29, 41, 0, 0, 0.17%, 7, 0, 9, 153.94
1735522291, 163, 12, 41, 0, 0, 0.17%, 7, 0, 9, 144.09
1735522301, 163, 21, 41, 0, 0, 0.17%, 7, 0, 9, 150.10
1735522306, 163, 38, 41, 0, 0, 0.17%, 7, 0, 9, 150.38
1735522317, 164, 12, 41, 0, 0, 0.17%, 7, 0, 9, 153.86
1735522322, 164, 19, 41, 0, 0, 0.17%, 7, 0, 9, 145.16
1735522327, 164, 21, 41, 0, 0, 0.17%, 7, 0, 9, 146.54
1735522332, 164, 26, 41, 0, 0, 0.17%, 7, 0, 9, 155.10
1735522337, 164, 32, 41, 0, 0, 0.17%, 7, 0, 9, 157.77
1735522342, 164, 39, 41, 0, 0, 0.17%, 7, 0, 9, 158.68
1735522348, 165, 6, 41, 0, 0, 0.17%, 7, 0, 9, 150.91
1735522353, 165, 12, 41, 0, 0, 0.17%, 7, 0, 9, 144.50
1735522358, 165, 19, 41, 0, 0, 0.17%, 7, 0, 9, 147.19
1735522363, 165, 21, 41, 0, 0, 0.17%, 7, 0, 9, 148.46
1735522368, 166, 11, 41, 0, 0, 0.17%, 7, 0, 9, 156.77
1735522373, 166, 12, 41, 0, 0, 0.17%, 7, 0, 9, 153.03
1735522378, 166, 19, 41, 0, 0, 0.17%, 7, 0, 9, 142.13
1735522383, 166, 21, 41, 0, 0, 0.17%, 7, 0, 9, 143.69
1735522388, 166, 33, 41, 0, 0, 0.17%, 7, 0, 9, 155.11
1735522394, 167, 11, 41, 0, 0, 0.17%, 7, 0, 9, 148.06
1735522399, 167, 12, 41, 0, 0, 0.17%, 7, 0, 9, 146.84
1735522404, 167, 19, 41, 0, 0, 0.17%, 7, 0, 9, 140.60
1735522409, 167, 21, 41, 0, 0, 0.17%, 7, 0, 9, 148.86
1735522414, 168, 12, 41, 0, 0, 0.17%, 7, 0, 9, 143.09
1735522419, 168, 19, 41, 0, 0, 0.17%, 7, 0, 9, 145.76
1735522424, 168, 21, 41, 0, 0, 0.17%, 7, 0, 9, 147.61
1735522430, 169, 12, 41, 0, 0, 0.17%, 7, 0, 9, 143.51
1735522435, 169, 19, 41, 0, 0, 0.17%, 7, 0, 9, 149.13
1735522440, 169, 21, 41, 0, 0, 0.17%, 7, 0, 9, 159.11
1735522445, 169, 29, 41, 0, 0, 0.17%, 7, 0, 9, 166.94
1735522455, 169, 34, 41, 0, 0, 0.17%, 7, 0, 9, 155.99
1735522465, 170, 11, 41, 0, 0, 0.17%, 7, 0, 9, 149.60
1735522470, 170, 12, 41, 0, 0, 0.17%, 7, 0, 9, 143.49
1735522476, 170, 16, 41, 0, 0, 0.17%, 7, 0, 9, 145.81
1735522481, 170, 19, 41, 0, 0, 0.17%, 7, 0, 9, 146.88
1735522486, 171, 6, 41, 0, 0, 0.17%, 7, 0, 9, 147.29
1735522491, 171, 12, 41, 0, 0, 0.17%, 7, 0, 9, 142.72
1735522496, 171, 15, 41, 0, 0, 0.17%, 7, 0, 9, 145.98
1735522501, 171, 19, 41, 0, 0, 0.17%, 7, 0, 9, 141.67
1735522507, 171, 21, 41, 0, 0, 0.17%, 7, 0, 9, 147.72
1735522512, 171, 26, 41, 0, 0, 0.17%, 7, 0, 9, 146.64
1735522517, 171, 27, 41, 0, 0, 0.17%, 7, 0, 9, 148.15
1735522522, 171, 29, 41, 0, 0, 0.17%, 7, 0, 9, 151.24
1735522527, 172, 6, 41, 0, 0, 0.17%, 7, 0, 9, 149.86
1735522532, 172, 12, 41, 0, 0, 0.17%, 7, 0, 9, 141.04
1735522537, 172, 19, 41, 0, 0, 0.17%, 7, 0, 9, 148.43
1735522542, 172, 21, 41, 0, 0, 0.17%, 7, 0, 9, 148.99
1735522548, 173, 11, 41, 0, 0, 0.17%, 7, 0, 9, 146.34
1735522553, 173, 12, 41, 0, 0, 0.17%, 7, 0, 9, 150.12
1735522558, 173, 14, 41, 0, 0, 0.17%, 7, 0, 9, 140.19
1735522563, 173, 19, 41, 0, 0, 0.17%, 7, 0, 9, 145.55
1735522568, 173, 21, 41, 0, 0, 0.17%, 7, 0, 9, 150.96
1735522573, 174, 11, 41, 0, 0, 0.17%, 7, 0, 9, 151.34
1735522578, 174, 12, 41, 0, 0, 0.17%, 7, 0, 9, 140.93
1735522583, 174, 19, 41, 0, 0, 0.17%, 7, 0, 9, 142.62
1735522589, 174, 21, 41, 0, 0, 0.17%, 7, 0, 9, 152.25
1735522594, 174, 27, 41, 0, 0, 0.17%, 7, 0, 9, 155.16
1735522599, 175, 12, 41, 0, 0, 0.17%, 7, 0, 9, 150.78
1735522604, 175, 19, 41, 0, 0, 0.17%, 7, 0, 9, 142.96
1735522609, 175, 21, 41, 0, 0, 0.17%, 7, 0, 9, 151.79
1735522614, 175, 32, 41, 0, 0, 0.17%, 7, 0, 9, 148.92
1735522619, 175, 38, 41, 0, 0, 0.17%, 7, 0, 9, 159.87
1735522624, 175, 40, 41, 0, 0, 0.17%, 7, 0, 9, 179.52
1735522634, 176, 12, 41, 0, 0, 0.17%, 7, 0, 9, 154.73
1735522644, 176, 21, 41, 0, 0, 0.17%, 7, 0, 9, 147.53
1735522649, 177, 7, 41, 0, 0, 0.17%, 7, 0, 9, 154.10
1735522655, 177, 12, 41, 0, 0, 0.17%, 7, 0, 9, 142.42
1735522660, 177, 19, 41, 0, 0, 0.17%, 7, 0, 9, 136.81
1735522665, 177, 21, 41, 0, 0, 0.17%, 7, 0, 9, 146.45
1735522670, 177, 27, 41, 0, 0, 0.17%, 7, 0, 9, 151.26
1735522675, 177, 39, 41, 0, 0, 0.17%, 7, 0, 9, 151.43
1735522685, 178, 12, 41, 0, 0, 0.17%, 7, 0, 9, 151.29
1735522690, 178, 19, 41, 0, 0, 0.17%, 7, 0, 9, 154.42
1735522695, 178, 21, 41, 0, 0, 0.17%, 7, 0, 9, 150.29
1735522701, 178, 22, 41, 0, 0, 0.17%, 7, 0, 9, 156.88
1735522706, 178, 35, 41, 0, 0, 0.17%, 7, 0, 9, 159.47
1735522711, 179, 6, 41, 0, 0, 0.17%, 7, 0, 9, 144.61
1735522716, 179, 12, 41, 0, 0, 0.17%, 7, 0, 9, 145.65
1735522721, 179, 17, 41, 0, 0, 0.17%, 7, 0, 9, 148.12
1735522726, 179, 19, 41, 0, 0, 0.17%, 7, 0, 9, 145.67
1735522731, 179, 21, 41, 0, 0, 0.17%, 7, 0, 9, 149.77
1735522736, 179, 22, 41, 0, 0, 0.17%, 7, 0, 9, 160.10
1735522741, 180, 12, 41, 0, 0, 0.17%, 7, 0, 9, 152.94
1735522746, 180, 19, 41, 0, 0, 0.17%, 7, 0, 9, 148.24
1735522752, 180, 21, 41, 0, 0, 0.17%, 7, 0, 9, 149.16
1735522757, 181, 0, 41, 0, 0, 0.17%, 7, 0, 9, 145.74
1735522762, 181, 12, 41, 0, 0, 0.17%, 7, 0, 9, 144.24
1735522767, 181, 19, 41, 0, 0, 0.17%, 7, 0, 9, 147.22
1735522772, 181, 21, 41, 0, 0, 0.17%, 7, 0, 9, 149.86
1735522777, 182, 4, 41, 0, 0, 0.17%, 7, 0, 9, 145.92
1735522782, 182, 12, 41, 0, 0, 0.17%, 7, 0, 9, 145.81
1735522787, 182, 16, 41, 0, 0, 0.17%, 7, 0, 9, 151.12
1735522792, 182, 18, 41, 0, 0, 0.17%, 7, 0, 9, 148.59
1735522798, 182, 19, 41, 0, 0, 0.17%, 7, 0, 9, 144.29
1735522803, 182, 21, 41, 0, 0, 0.17%, 7, 0, 9, 149.46
1735522808, 183, 11, 41, 0, 0, 0.17%, 7, 0, 9, 147.38
1735522813, 183, 12, 41, 0, 0, 0.17%, 7, 0, 9, 141.65
1735522818, 183, 19, 41, 0, 0, 0.17%, 7, 0, 9, 144.57
1735522823, 183, 21, 41, 0, 0, 0.17%, 7, 0, 9, 147.78
1735522828, 183, 32, 41, 0, 0, 0.17%, 7, 0, 9, 149.21
1735522833, 184, 12, 41, 0, 0, 0.17%, 7, 0, 9, 146.74
1735522839, 184, 19, 41, 0, 0, 0.17%, 7, 0, 9, 144.87
1735522844, 184, 21, 41, 0, 0, 0.17%, 7, 0, 9, 148.52
1735522849, 184, 39, 41, 0, 0, 0.17%, 7, 0, 9, 149.77
1735522859, 185, 12, 41, 0, 0, 0.17%, 7, 0, 9, 144.09
1735522864, 185, 19, 41, 0, 0, 0.17%, 7, 0, 9, 146.62
1735522869, 185, 21, 41, 0, 0, 0.17%, 7, 0, 9, 150.85
1735522874, 186, 11, 41, 0, 0, 0.17%, 7, 0, 9, 151.92
1735522880, 186, 12, 41, 0, 0, 0.17%, 7, 0, 9, 144.94
1735522885, 186, 19, 41, 0, 0, 0.17%, 7, 0, 9, 137.86
1735522890, 186, 21, 41, 0, 0, 0.17%, 7, 0, 9, 146.26
1735522895, 187, 12, 41, 0, 0, 0.17%, 7, 0, 9, 146.69
1735522906, 187, 19, 41, 0, 0, 0.17%, 7, 0, 9, 145.40
1735522911, 187, 22, 41, 0, 0, 0.17%, 7, 0, 9, 147.63
1735522916, 187, 23, 41, 0, 0, 0.17%, 7, 0, 9, 141.69
1735522921, 188, 11, 41, 0, 0, 0.17%, 7, 0, 9, 141.76
1735522926, 188, 12, 41, 0, 0, 0.17%, 7, 0, 9, 143.34
1735522931, 188, 19, 41, 0, 0, 0.17%, 7, 0, 9, 140.44
1735522936, 188, 21, 41, 0, 0, 0.17%, 7, 0, 9, 153.65
1735522941, 189, 12, 41, 0, 0, 0.17%, 7, 0, 9, 145.52
1735522946, 189, 16, 41, 0, 0, 0.17%, 7, 0, 9, 145.73
1735522951, 189, 19, 41, 0, 0, 0.17%, 7, 0, 9, 147.52
1735522957, 189, 21, 41, 0, 0, 0.17%, 7, 0, 9, 154.56
1735522962, 189, 31, 41, 0, 0, 0.17%, 7, 0, 9, 151.96
1735522967, 189, 32, 41, 0, 0, 0.17%, 7, 0, 9, 152.34
1735522972, 189, 40, 41, 0, 0, 0.17%, 7, 0, 9, 172.79
1735522982, 190, 11, 41, 0, 0, 0.17%, 7, 0, 9, 160.64
1735522987, 190, 13, 41, 0, 0, 0.17%, 7, 0, 9, 156.58
1735522992, 190, 19, 41, 0, 0, 0.17%, 7, 0, 9, 152.89
1735522997, 190, 21, 41, 0, 0, 0.17%, 7, 0, 9, 151.23
1735523002, 191, 11, 41, 0, 0, 0.17%, 7, 0, 9, 152.06
1735523007, 191, 12, 41, 0, 0, 0.17%, 7, 0, 9, 147.49
1735523013, 191, 19, 41, 0, 0, 0.17%, 7, 0, 9, 146.34
1735523018, 191, 21, 41, 0, 0, 0.17%, 7, 0, 9, 150.06
1735523023, 191, 32, 41, 0, 0, 0.17%, 7, 0, 9, 147.40
1735523028, 192, 12, 41, 0, 0, 0.17%, 7, 0, 9, 144.99
1735523033, 192, 19, 41, 0, 0, 0.17%, 7, 0, 9, 156.32
1735523038, 192, 21, 41, 0, 0, 0.17%, 7, 0, 9, 152.35
1735523043, 193, 11, 41, 0, 0, 0.17%, 7, 0, 9, 147.95
1735523048, 193, 12, 41, 0, 0, 0.17%, 7, 0, 9, 152.42
1735523053, 193, 19, 41, 0, 0, 0.17%, 7, 0, 9, 139.29
1735523059, 193, 21, 41, 0, 0, 0.17%, 7, 0, 9, 147.53
1735523064, 193, 32, 41, 0, 0, 0.17%, 7, 0, 9, 159.63
1735523069, 193, 38, 41, 0, 0, 0.17%, 7, 0, 9, 155.24
1735523079, 194, 12, 41, 0, 0, 0.17%, 7, 0, 9, 149.38
1735523084, 194, 19, 41, 0, 0, 0.17%, 7, 0, 9, 143.62
1735523089, 194, 21, 41, 0, 0, 0.17%, 7, 0, 9, 142.72
1735523094, 194, 24, 41, 0, 0, 0.17%, 7, 0, 9, 155.26
1735523099, 195, 12, 41, 0, 0, 0.17%, 7, 0, 9, 155.33
1735523104, 195, 19, 41, 0, 0, 0.17%, 7, 0, 9, 146.88
1735523110, 195, 21, 41, 0, 0, 0.17%, 7, 0, 9, 147.67
1735523115, 195, 31, 41, 0, 0, 0.17%, 7, 0, 9, 147.96
1735523125, 196, 12, 41, 0, 0, 0.17%, 7, 0, 9, 146.26
1735523130, 196, 19, 41, 0, 0, 0.17%, 7, 0, 9, 143.06
1735523135, 196, 20, 41, 0, 0, 0.17%, 7, 0, 9, 146.82
1735523140, 196, 21, 41, 0, 0, 0.17%, 7, 0, 9, 145.61
1735523145, 197, 1, 41, 0, 0, 0.17%, 7, 0, 9, 153.01
1735523151, 197, 12, 41, 0, 0, 0.17%, 7, 0, 9, 143.67
1735523156, 197, 19, 41, 0, 0, 0.17%, 7, 0, 9, 149.39
1735523161, 197, 21, 41, 0, 0, 0.17%, 7, 0, 9, 153.45
1735523166, 197, 24, 41, 0, 0, 0.17%, 7, 0, 9, 161.40
1735523171, 197, 32, 41, 0, 0, 0.17%, 7, 0, 9, 162.83
1735523176, 198, 11, 41, 0, 0, 0.17%, 7, 0, 9, 151.19
1735523181, 198, 12, 41, 0, 0, 0.17%, 7, 0, 9, 156.39
1735523186, 198, 19, 41, 0, 0, 0.17%, 7, 0, 9, 142.70
1735523191, 199, 11, 41, 0, 0, 0.17%, 7, 0, 9, 147.37
1735523197, 199, 12, 41, 0, 0, 0.17%, 7, 0, 9, 144.36
1735523202, 199, 19, 41, 0, 0, 0.17%, 7, 0, 9, 146.42
1735523207, 199, 21, 41, 0, 0, 0.17%, 7, 0, 9, 154.78
1735523212, 200, 11, 41, 0, 0, 0.17%, 7, 0, 9, 148.51
1735523217, 200, 12, 41, 0, 0, 0.17%, 7, 0, 9, 147.77
1735523222, 200, 19, 41, 0, 0, 0.17%, 7, 0, 9, 148.28
1735523227, 200, 21, 41, 0, 0, 0.17%, 7, 0, 9, 141.83
1735523232, 200, 27, 41, 0, 0, 0.17%, 7, 0, 9, 152.69
1735523237, 201, 12, 41, 0, 0, 0.17%, 7, 0, 9, 145.68
1735523242, 201, 19, 41, 0, 0, 0.17%, 7, 0, 9, 147.11
1735523248, 201, 21, 41, 0, 0, 0.17%, 7, 0, 9, 144.22
1735523253, 202, 11, 41, 0, 0, 0.17%, 7, 0, 9, 148.52
1735523258, 202, 12, 41, 0, 0, 0.17%, 7, 0, 9, 144.92
1735523263, 202, 19, 41, 0, 0, 0.17%, 7, 0, 9, 143.86
1735523268, 202, 21, 41, 0, 0, 0.17%, 7, 0, 9, 152.53
1735523273, 203, 12, 41, 0, 0, 0.17%, 7, 0, 9, 146.31
1735523279, 203, 19, 41, 0, 0, 0.17%, 7, 0, 9, 142.72
1735523284, 203, 21, 41, 0, 0, 0.17%, 7, 0, 9, 145.11
1735523289, 204, 11, 41, 0, 0, 0.17%, 7, 0, 9, 147.52
1735523294, 204, 12, 41, 0, 0, 0.17%, 7, 0, 9, 140.23
1735523299, 204, 19, 41, 0, 0, 0.17%, 7, 0, 9, 144.13
1735523304, 204, 21, 41, 0, 0, 0.17%, 7, 0, 9, 151.74
1735523309, 205, 11, 41, 0, 0, 0.17%, 7, 0, 9, 152.73
1735523314, 205, 12, 41, 0, 0, 0.17%, 7, 0, 9, 141.44
1735523319, 205, 19, 41, 0, 0, 0.17%, 7, 0, 9, 144.26
1735523325, 205, 21, 41, 0, 0, 0.17%, 7, 0, 9, 148.56
1735523330, 205, 33, 41, 0, 0, 0.17%, 7, 0, 9, 152.86
1735523335, 206, 12, 41, 0, 0, 0.17%, 7, 0, 9, 145.31
1735523340, 206, 19, 41, 0, 0, 0.17%, 7, 0, 9, 146.38
1735523345, 206, 21, 41, 0, 0, 0.17%, 7, 0, 9, 151.05
1735523350, 207, 11, 41, 0, 0, 0.17%, 7, 0, 9, 144.05
1735523355, 207, 12, 41, 0, 0, 0.17%, 7, 0, 9, 145.26
1735523360, 207, 17, 41, 0, 0, 0.17%, 7, 0, 9, 140.55
1735523365, 207, 18, 41, 0, 0, 0.17%, 7, 0, 9, 148.04
1735523370, 207, 19, 41, 0, 0, 0.17%, 7, 0, 9, 142.99
1735523376, 207, 21, 41, 0, 0, 0.17%, 7, 0, 9, 150.29
1735523381, 207, 24, 41, 0, 0, 0.17%, 7, 0, 9, 149.90
1735523386, 207, 39, 41, 0, 0, 0.17%, 7, 0, 9, 159.75
1735523391, 208, 11, 41, 0, 0, 0.17%, 7, 0, 9, 156.01
1735523396, 208, 12, 41, 0, 0, 0.17%, 7, 0, 9, 161.76
1735523401, 208, 18, 41, 0, 0, 0.17%, 7, 0, 9, 155.60
1735523406, 208, 19, 41, 0, 0, 0.17%, 7, 0, 9, 146.90
1735523411, 208, 21, 41, 0, 0, 0.17%, 7, 0, 9, 151.92
1735523416, 209, 12, 41, 0, 0, 0.17%, 7, 0, 9, 148.23
1735523421, 209, 19, 41, 0, 0, 0.17%, 7, 0, 9, 144.38
1735523426, 209, 21, 41, 0, 0, 0.17%, 7, 0, 9, 152.77
1735523431, 209, 29, 41, 0, 0, 0.17%, 7, 0, 9, 159.37
1735523437, 209, 36, 41, 0, 0, 0.17%, 7, 0, 9, 145.90
1735523447, 210, 11, 41, 0, 0, 0.17%, 7, 0, 9, 148.59
1735523452, 210, 19, 41, 0, 0, 0.17%, 7, 0, 9, 149.56
1735523457, 210, 21, 41, 0, 0, 0.17%, 7, 0, 9, 142.88
1735523462, 211, 4, 41, 0, 0, 0.17%, 7, 0, 9, 147.71
1735523467, 211, 12, 41, 0, 0, 0.17%, 7, 0, 9, 141.13
1735523472, 211, 17, 41, 0, 0, 0.17%, 7, 0, 9, 149.39
1735523477, 211, 19, 41, 0, 0, 0.17%, 7, 0, 9, 146.58
1735523482, 211, 21, 41, 0, 0, 0.17%, 7, 0, 9, 151.71
1735523487, 212, 12, 41, 0, 0, 0.17%, 7, 0, 9, 152.03
1735523492, 212, 16, 41, 0, 0, 0.17%, 7, 0, 9, 145.14
1735523497, 212, 19, 41, 0, 0, 0.17%, 7, 0, 9, 152.03
1735523502, 212, 21, 41, 0, 0, 0.17%, 7, 0, 9, 154.77
1735523507, 212, 37, 41, 0, 0, 0.17%, 7, 0, 9, 151.77
1735523518, 212, 39, 41, 0, 0, 0.17%, 7, 0, 9, 161.78
1735523523, 213, 11, 41, 0, 0, 0.17%, 7, 0, 9, 150.12
1735523528, 213, 12, 41, 0, 0, 0.17%, 7, 0, 9, 144.39
1735523533, 213, 19, 41, 0, 0, 0.17%, 7, 0, 9, 147.69
1735523538, 213, 21, 41, 0, 0, 0.17%, 7, 0, 9, 145.45
1735523543, 213, 32, 41, 0, 0, 0.17%, 7, 0, 9, 158.50
1735523548, 214, 7, 41, 0, 0, 0.17%, 7, 0, 9, 165.71
1735523553, 214, 12, 41, 0, 0, 0.17%, 7, 0, 9, 150.48
1735523558, 214, 19, 41, 0, 0, 0.17%, 7, 0, 9, 148.14
1735523563, 214, 21, 41, 0, 0, 0.17%, 7, 0, 9, 155.27
1735523568, 214, 28, 41, 0, 0, 0.17%, 7, 0, 9, 160.34
1735523573, 214, 29, 41, 0, 0, 0.17%, 7, 0, 9, 161.53
1735523579, 214, 32, 41, 0, 0, 0.17%, 7, 0, 9, 151.11
1735523584, 214, 38, 41, 0, 0, 0.17%, 7, 0, 9, 152.82
1735523594, 214, 39, 41, 0, 0, 0.17%, 7, 0, 9, 152.81
1735523599, 215, 11, 41, 0, 0, 0.17%, 7, 0, 9, 153.51
1735523604, 215, 12, 41, 0, 0, 0.17%, 7, 0, 9, 152.64
1735523609, 215, 19, 41, 0, 0, 0.17%, 7, 0, 9, 152.01
1735523614, 215, 21, 41, 0, 0, 0.17%, 7, 0, 9, 150.82
1735523619, 215, 22, 41, 0, 0, 0.17%, 7, 0, 9, 153.26
1735523624, 216, 9, 41, 0, 0, 0.17%, 7, 0, 9, 148.05
1735523629, 216, 12, 41, 0, 0, 0.17%, 7, 0, 9, 149.51
1735523634, 216, 15, 41, 0, 0, 0.17%, 7, 0, 9, 144.89
1735523640, 216, 19, 41, 0, 0, 0.17%, 7, 0, 9, 142.57
1735523645, 216, 21, 41, 0, 0, 0.17%, 7, 0, 9, 148.95
1735523650, 216, 39, 41, 0, 0, 0.17%, 7, 0, 9, 158.52
1735523655, 217, 11, 41, 0, 0, 0.17%, 7, 0, 9, 148.51
1735523660, 217, 12, 41, 0, 0, 0.17%, 7, 0, 9, 146.46
1735523665, 217, 19, 41, 0, 0, 0.17%, 7, 0, 9, 151.03
1735523670, 217, 21, 41, 0, 0, 0.17%, 7, 0, 9, 142.97
1735523675, 217, 36, 41, 0, 0, 0.17%, 7, 0, 9, 150.34
1735523680, 218, 11, 41, 0, 0, 0.17%, 7, 0, 9, 157.19
1735523686, 218, 12, 41, 0, 0, 0.17%, 7, 0, 9, 143.32
1735523691, 218, 18, 41, 0, 0, 0.17%, 7, 0, 9, 146.21
1735523696, 218, 19, 41, 0, 0, 0.17%, 7, 0, 9, 140.99
1735523701, 218, 20, 41, 0, 0, 0.17%, 7, 0, 9, 141.74
1735523706, 219, 5, 41, 0, 0, 0.17%, 7, 0, 9, 148.15
1735523711, 219, 12, 41, 0, 0, 0.17%, 7, 0, 9, 142.18
1735523716, 219, 14, 41, 0, 0, 0.17%, 7, 0, 9, 150.87
1735523722, 219, 19, 41, 0, 0, 0.17%, 7, 0, 9, 147.51
1735523727, 219, 21, 41, 0, 0, 0.17%, 7, 0, 9, 147.14
1735523732, 220, 8, 41, 0, 0, 0.17%, 7, 0, 9, 148.92
1735523737, 220, 12, 41, 0, 0, 0.17%, 7, 0, 9, 150.57
1735523742, 220, 18, 41, 0, 0, 0.17%, 7, 0, 9, 152.91
1735523747, 220, 19, 41, 0, 0, 0.17%, 7, 0, 9, 147.02
1735523753, 220, 21, 41, 0, 0, 0.17%, 7, 0, 9, 152.90
1735523758, 220, 30, 41, 0, 0, 0.17%, 7, 0, 9, 157.23
1735523763, 220, 39, 41, 0, 0, 0.17%, 7, 0, 9, 154.11
1735523773, 221, 12, 41, 0, 0, 0.17%, 7, 0, 9, 150.38
1735523778, 221, 19, 41, 0, 0, 0.17%, 7, 0, 9, 150.13
1735523783, 221, 21, 41, 0, 0, 0.17%, 7, 0, 9, 158.30
1735523788, 221, 28, 41, 0, 0, 0.17%, 7, 0, 9, 165.72
1735523793, 221, 37, 41, 0, 0, 0.17%, 7, 0, 9, 155.84
1735523798, 222, 7, 41, 0, 0, 0.17%, 7, 0, 9, 155.07
1735523803, 222, 12, 41, 0, 0, 0.17%, 7, 0, 9, 146.36
1735523808, 222, 16, 41, 0, 0, 0.17%, 7, 0, 9, 152.78
1735523814, 222, 19, 41, 0, 0, 0.17%, 7, 0, 9, 148.30
1735523819, 222, 21, 41, 0, 0, 0.17%, 7, 0, 9, 150.21
1735523824, 222, 26, 41, 0, 0, 0.17%, 7, 0, 9, 155.48
1735523829, 223, 12, 41, 0, 0, 0.17%, 7, 0, 9, 147.00
1735523834, 223, 19, 41, 0, 0, 0.17%, 7, 0, 9, 154.06
1735523839, 223, 21, 41, 0, 0, 0.17%, 7, 0, 9, 149.02
1735523844, 223, 23, 41, 0, 0, 0.17%, 7, 0, 9, 156.30
1735523849, 224, 12, 41, 0, 0, 0.17%, 7, 0, 9, 150.65
1735523854, 224, 14, 41, 0, 0, 0.17%, 7, 0, 9, 151.24
1735523860, 224, 19, 41, 0, 0, 0.17%, 7, 0, 9, 142.07
1735523865, 224, 21, 41, 0, 0, 0.17%, 7, 0, 9, 146.71
1735523870, 224, 23, 41, 0, 0, 0.17%, 7, 0, 9, 154.28
1735523875, 225, 2, 41, 0, 0, 0.17%, 7, 0, 9, 150.05
1735523880, 225, 12, 41, 0, 0, 0.17%, 7, 0, 9, 147.24
1735523885, 225, 19, 41, 0, 0, 0.17%, 7, 0, 9, 151.25
1735523890, 225, 21, 41, 0, 0, 0.17%, 7, 0, 9, 152.36
1735523895, 226, 11, 41, 0, 0, 0.17%, 7, 0, 9, 143.09
1735523900, 226, 12, 41, 0, 0, 0.17%, 7, 0, 9, 151.39
1735523905, 226, 19, 41, 0, 0, 0.17%, 7, 0, 9, 142.51
1735523910, 226, 21, 41, 0, 0, 0.17%, 7, 0, 9, 155.53
1735523915, 226, 25, 41, 0, 0, 0.17%, 7, 0, 9, 149.81
1735523920, 226, 30, 41, 0, 0, 0.17%, 7, 0, 9, 148.77
1735523926, 226, 32, 41, 0, 0, 0.17%, 7, 0, 9, 156.36
1735523931, 226, 33, 41, 0, 0, 0.17%, 7, 0, 9, 153.33
1735523936, 226, 36, 41, 0, 0, 0.17%, 7, 0, 9, 150.88
1735523941, 227, 5, 41, 0, 0, 0.17%, 7, 0, 9, 155.28
1735523946, 227, 12, 41, 0, 0, 0.17%, 7, 0, 9, 140.17
1735523951, 227, 14, 41, 0, 0, 0.17%, 7, 0, 9, 142.38
1735523956, 227, 19, 41, 0, 0, 0.17%, 7, 0, 9, 146.72
1735523962, 227, 21, 41, 0, 0, 0.17%, 7, 0, 9, 148.40
1735523967, 228, 12, 41, 0, 0, 0.17%, 7, 0, 9, 143.65
1735523972, 228, 18, 41, 0, 0, 0.17%, 7, 0, 9, 152.82
1735523977, 228, 19, 41, 0, 0, 0.17%, 7, 0, 9, 150.02
1735523982, 228, 21, 41, 0, 0, 0.17%, 7, 0, 9, 144.97
1735523987, 229, 11, 41, 0, 0, 0.17%, 7, 0, 9, 142.15
1735523992, 229, 12, 41, 0, 0, 0.17%, 7, 0, 9, 140.78
1735523998, 229, 19, 41, 0, 0, 0.17%, 7, 0, 9, 142.69
1735524003, 229, 20, 41, 0, 0, 0.17%, 7, 0, 9, 146.08
1735524008, 229, 21, 41, 0, 0, 0.17%, 7, 0, 9, 150.46
1735524013, 230, 12, 41, 0, 0, 0.17%, 7, 0, 9, 144.99
1735524018, 230, 19, 41, 0, 0, 0.17%, 7, 0, 9, 146.99
1735524023, 230, 20, 41, 0, 0, 0.17%, 7, 0, 9, 157.41
1735524028, 230, 21, 41, 0, 0, 0.17%, 7, 0, 9, 150.98
1735524033, 231, 12, 41, 0, 0, 0.17%, 7, 0, 9, 150.24
1735524038, 231, 14, 41, 0, 0, 0.17%, 7, 0, 9, 147.74
1735524043, 231, 19, 41, 0, 0, 0.17%, 7, 0, 9, 153.48
1735524048, 231, 21, 41, 0, 0, 0.17%, 7, 0, 9, 153.29
1735524053, 231, 22, 41, 0, 0, 0.17%, 7, 0, 9, 156.16
1735524058, 231, 24, 41, 0, 0, 0.17%, 7, 0, 9, 168.41
1735524063, 231, 29, 41, 0, 0, 0.17%, 7, 0, 9, 159.23
1735524068, 232, 11, 41, 0, 0, 0.17%, 7, 0, 9, 144.07
1735524074, 232, 12, 41, 0, 0, 0.17%, 7, 0, 9, 143.94
1735524079, 232, 19, 41, 0, 0, 0.17%, 7, 0, 9, 144.11
1735524084, 232, 21, 41, 0, 0, 0.17%, 7, 0, 9, 147.72
1735524089, 232, 29, 41, 0, 0, 0.17%, 7, 0, 9, 162.40
1735524094, 233, 0, 41, 0, 0, 0.17%, 7, 0, 9, 149.45
1735524100, 233, 12, 41, 0, 0, 0.17%, 7, 0, 9, 142.28
1735524105, 233, 19, 41, 0, 0, 0.17%, 7, 0, 9, 145.42
1735524110, 233, 21, 41, 0, 0, 0.17%, 7, 0, 9, 142.38
1735524115, 233, 31, 41, 0, 0, 0.17%, 7, 0, 9, 145.61
1735524120, 233, 39, 41, 0, 0, 0.17%, 7, 0, 9, 152.00
1735524130, 234, 12, 41, 0, 0, 0.17%, 7, 0, 9, 149.13
1735524135, 234, 19, 41, 0, 0, 0.17%, 7, 0, 9, 145.15
1735524140, 234, 21, 41, 0, 0, 0.17%, 7, 0, 9, 151.15
1735524145, 234, 34, 41, 0, 0, 0.17%, 7, 0, 9, 147.26
1735524151, 234, 36, 41, 0, 0, 0.17%, 7, 0, 9, 154.28
1735524161, 235, 12, 41, 0, 0, 0.17%, 7, 0, 9, 147.25
1735524166, 235, 19, 41, 0, 0, 0.17%, 7, 0, 9, 152.59
1735524171, 235, 20, 41, 0, 0, 0.17%, 7, 0, 9, 162.44
1735524176, 235, 21, 41, 0, 0, 0.17%, 7, 0, 9, 159.93
1735524181, 236, 5, 41, 0, 0, 0.17%, 7, 0, 9, 146.57
1735524186, 236, 12, 41, 0, 0, 0.17%, 7, 0, 9, 148.58
1735524191, 236, 19, 41, 0, 0, 0.17%, 7, 0, 9, 143.86
1735524196, 236, 21, 41, 0, 0, 0.17%, 7, 0, 9, 151.73
1735524201, 236, 28, 41, 0, 0, 0.17%, 7, 0, 9, 158.88
1735524206, 237, 11, 41, 0, 0, 0.17%, 7, 0, 9, 148.61
1735524211, 237, 12, 41, 0, 0, 0.17%, 7, 0, 9, 137.46
1735524216, 237, 19, 41, 0, 0, 0.17%, 7, 0, 9, 145.50
1735524222, 237, 21, 41, 0, 0, 0.17%, 7, 0, 9, 153.72
1735524227, 238, 11, 41, 0, 0, 0.17%, 7, 0, 9, 158.47
1735524232, 238, 12, 41, 0, 0, 0.17%, 7, 0, 9, 147.82
1735524237, 238, 19, 41, 0, 0, 0.17%, 7, 0, 9, 151.85
1735524242, 238, 21, 41, 0, 0, 0.17%, 7, 0, 9, 142.74
1735524247, 238, 24, 41, 0, 0, 0.17%, 7, 0, 9, 153.98
1735524252, 238, 37, 41, 0, 0, 0.17%, 7, 0, 9, 156.38
1735524257, 239, 11, 41, 0, 0, 0.17%, 7, 0, 9, 148.58
1735524262, 239, 12, 41, 0, 0, 0.17%, 7, 0, 9, 145.71
1735524267, 239, 19, 41, 0, 0, 0.17%, 7, 0, 9, 142.35
1735524273, 239, 21, 41, 0, 0, 0.17%, 7, 0, 9, 147.72
1735524278, 239, 25, 41, 0, 0, 0.17%, 7, 0, 9, 152.04
1735524283, 240, 12, 41, 0, 0, 0.17%, 7, 0, 9, 141.96
1735524288, 240, 19, 41, 0, 0, 0.17%, 7, 0, 9, 147.40
1735524293, 240, 21, 41, 0, 0, 0.17%, 7, 0, 9, 153.82
1735524298, 241, 11, 41, 0, 0, 0.17%, 7, 0, 9, 146.11
1735524303, 241, 12, 41, 0, 0, 0.17%, 7, 0, 9, 145.86
1735524309, 241, 14, 41, 0, 0, 0.17%, 7, 0, 9, 145.30
1735524314, 241, 19, 41, 0, 0, 0.17%, 7, 0, 9, 141.56
1735524319, 241, 21, 41, 0, 0, 0.17%, 7, 0, 9, 148.50
1735524324, 241, 29, 41, 0, 0, 0.17%, 7, 0, 9, 152.26
1735524329, 241, 33, 41, 0, 0, 0.17%, 7, 0, 9, 154.82
1735524334, 242, 11, 41, 0, 0, 0.17%, 7, 0, 9, 147.52
1735524339, 242, 12, 41, 0, 0, 0.17%, 7, 0, 9, 150.05
1735524344, 242, 15, 41, 0, 0, 0.17%, 7, 0, 9, 149.54
1735524350, 242, 21, 41, 0, 0, 0.17%, 7, 0, 9, 154.86
1735524355, 242, 28, 41, 0, 0, 0.17%, 7, 0, 9, 158.05
1735524360, 242, 34, 41, 0, 0, 0.17%, 7, 0, 9, 149.32
1735524370, 243, 11, 41, 0, 0, 0.17%, 7, 0, 9, 144.61
1735524375, 243, 12, 41, 0, 0, 0.17%, 7, 0, 9, 153.09
1735524380, 243, 19, 41, 0, 0, 0.17%, 7, 0, 9, 139.99
1735524386, 243, 21, 41, 0, 0, 0.17%, 7, 0, 9, 150.22
1735524391, 244, 12, 41, 0, 0, 0.17%, 7, 0, 9, 141.99
1735524396, 244, 19, 41, 0, 0, 0.17%, 7, 0, 9, 144.31
1735524401, 244, 21, 41, 0, 0, 0.17%, 7, 0, 9, 139.52
1735524406, 244, 32, 41, 0, 0, 0.17%, 7, 0, 9, 148.81
1735524411, 245, 4, 41, 0, 0, 0.17%, 7, 0, 9, 148.58
1735524416, 245, 12, 41, 0, 0, 0.17%, 7, 0, 9, 144.44
1735524421, 245, 19, 41, 0, 0, 0.17%, 7, 0, 9, 139.38
1735524426, 245, 21, 41, 0, 0, 0.17%, 7, 0, 9, 147.30
1735524431, 245, 28, 41, 0, 0, 0.17%, 7, 0, 9, 153.59
1735524437, 246, 12, 41, 0, 0, 0.17%, 7, 0, 9, 144.84
1735524442, 246, 19, 41, 0, 0, 0.17%, 7, 0, 9, 144.47
1735524447, 246, 21, 41, 0, 0, 0.17%, 7, 0, 9, 145.38
1735524452, 247, 5, 41, 0, 0, 0.17%, 7, 0, 9, 146.04
1735524457, 247, 12, 41, 0, 0, 0.17%, 7, 0, 9, 150.11
1735524462, 247, 19, 41, 0, 0, 0.17%, 7, 0, 9, 144.42
1735524467, 247, 21, 41, 0, 0, 0.17%, 7, 0, 9, 150.17
1735524473, 247, 23, 41, 0, 0, 0.17%, 7, 0, 9, 151.56
1735524478, 247, 37, 41, 0, 0, 0.17%, 7, 0, 9, 154.75
1735524483, 248, 11, 41, 0, 0, 0.17%, 7, 0, 9, 147.23
1735524488, 248, 12, 41, 0, 0, 0.17%, 7, 0, 9, 143.81
1735524493, 248, 14, 41, 0, 0, 0.17%, 7, 0, 9, 144.95
1735524498, 248, 19, 41, 0, 0, 0.17%, 7, 0, 9, 149.83
1735524503, 248, 21, 41, 0, 0, 0.17%, 7, 0, 9, 154.39
1735524508, 248, 40, 41, 0, 0, 0.17%, 7, 0, 9, 173.16
1735524514, 249, 11, 41, 0, 0, 0.17%, 7, 0, 9, 155.65
1735524519, 249, 12, 41, 0, 0, 0.17%, 7, 0, 9, 146.21
1735524524, 249, 19, 41, 0, 0, 0.17%, 7, 0, 9, 145.53
1735524529, 249, 22, 41, 0, 0, 0.17%, 7, 0, 9, 155.71
1735524534, 249, 29, 41, 0, 0, 0.17%, 7, 0, 9, 153.27
1735524544, 250, 12, 41, 0, 0, 0.17%, 7, 0, 9, 149.63
1735524550, 250, 19, 41, 0, 0, 0.17%, 7, 0, 9, 146.67
1735524555, 250, 21, 41, 0, 0, 0.17%, 7, 0, 9, 158.47
1735524560, 250, 29, 41, 0, 0, 0.17%, 7, 0, 9, 159.43
1735524565, 250, 35, 41, 0, 0, 0.17%, 7, 0, 9, 150.64
1735524575, 250, 39, 41, 0, 0, 0.17%, 7, 0, 9, 151.82
1735524580, 251, 6, 41, 0, 0, 0.17%, 7, 0, 9, 145.81
1735524585, 251, 12, 41, 0, 0, 0.17%, 7, 0, 9, 146.53
1735524591, 251, 19, 41, 0, 0, 0.17%, 7, 0, 9, 144.83
1735524596, 251, 21, 41, 0, 0, 0.17%, 7, 0, 9, 151.93
1735524601, 252, 11, 41, 0, 0, 0.17%, 7, 0, 9, 148.07
1735524606, 252, 12, 41, 0, 0, 0.17%, 7, 0, 9, 139.10
1735524611, 252, 19, 41, 0, 0, 0.17%, 7, 0, 9, 141.29
1735524616, 252, 21, 41, 0, 0, 0.17%, 7, 0, 9, 155.05
1735524621, 252, 28, 41, 0, 0, 0.17%, 7, 0, 9, 155.44
1735524626, 253, 11, 41, 0, 0, 0.17%, 7, 0, 9, 144.42
1735524631, 253, 12, 41, 0, 0, 0.17%, 7, 0, 9, 144.74
1735524636, 253, 19, 41, 0, 0, 0.17%, 7, 0, 9, 144.65
1735524641, 253, 21, 41, 0, 0, 0.17%, 7, 0, 9, 154.44
1735524647, 254, 11, 41, 0, 0, 0.17%, 7, 0, 9, 147.67
1735524652, 254, 12, 41, 0, 0, 0.17%, 7, 0, 9, 144.46
1735524657, 254, 19, 41, 0, 0, 0.17%, 7, 0, 9, 145.66
1735524662, 254, 21, 41, 0, 0, 0.17%, 7, 0, 9, 150.63
1735524667, 254, 28, 41, 0, 0, 0.17%, 7, 0, 9, 152.18
1735524672, 255, 10, 41, 0, 0, 0.17%, 7, 0, 9, 145.76
1735524677, 255, 12, 41, 0, 0, 0.17%, 7, 0, 9, 139.82
1735524682, 255, 19, 41, 0, 0, 0.17%, 7, 0, 9, 147.59
1735524687, 255, 21, 41, 0, 0, 0.17%, 7, 0, 9, 152.69
1735524693, 256, 11, 41, 0, 0, 0.17%, 7, 0, 9, 147.02
1735524698, 256, 12, 41, 0, 0, 0.17%, 7, 0, 9, 146.07
1735524703, 256, 19, 41, 0, 0, 0.17%, 7, 0, 9, 138.89
1735524708, 256, 21, 41, 0, 0, 0.17%, 7, 0, 9, 146.40
1735524713, 257, 12, 41, 0, 0, 0.17%, 7, 0, 9, 143.70
1735524718, 257, 19, 41, 0, 0, 0.17%, 7, 0, 9, 145.23
1735524723, 257, 21, 41, 0, 0, 0.17%, 7, 0, 9, 149.64
1735524729, 258, 11, 41, 0, 0, 0.17%, 7, 0, 9, 144.77
1735524734, 258, 12, 41, 0, 0, 0.17%, 7, 0, 9, 142.12
1735524739, 258, 19, 41, 0, 0, 0.17%, 7, 0, 9, 140.98
1735524744, 258, 21, 41, 0, 0, 0.17%, 7, 0, 9, 146.80
1735524749, 258, 24, 41, 0, 0, 0.17%, 7, 0, 9, 152.78
1735524754, 258, 39, 41, 0, 0, 0.17%, 7, 0, 9, 152.87
1735524759, 259, 12, 41, 0, 0, 0.17%, 7, 0, 9, 147.91
1735524764, 259, 19, 41, 0, 0, 0.17%, 7, 0, 9, 142.55
1735524770, 259, 21, 41, 0, 0, 0.17%, 7, 0, 9, 144.94
1735524775, 259, 38, 41, 0, 0, 0.17%, 7, 0, 9, 153.72
1735524785, 260, 9, 41, 0, 0, 0.17%, 7, 0, 9, 144.36
1735524790, 260, 12, 41, 0, 0, 0.17%, 7, 0, 9, 144.02
1735524795, 260, 13, 41, 0, 0, 0.17%, 7, 0, 9, 149.08
1735524800, 260, 18, 41, 0, 0, 0.17%, 7, 0, 9, 156.33
1735524805, 260, 19, 41, 0, 0, 0.17%, 7, 0, 9, 144.35
1735524810, 260, 21, 41, 0, 0, 0.17%, 7, 0, 9, 149.40
1735524815, 260, 28, 41, 0, 0, 0.17%, 7, 0, 9, 154.15
1735524820, 261, 3, 41, 0, 0, 0.17%, 7, 0, 9, 153.72
1735524825, 261, 12, 41, 0, 0, 0.17%, 7, 0, 9, 149.49
1735524830, 261, 19, 41, 0, 0, 0.17%, 7, 0, 9, 146.62
1735524835, 261, 21, 41, 0, 0, 0.17%, 7, 0, 9, 144.54
1735524841, 261, 23, 41, 0, 0, 0.17%, 7, 0, 9, 154.89
1735524846, 261, 26, 41, 0, 0, 0.17%, 7, 0, 9, 157.74
1735524851, 262, 11, 41, 0, 0, 0.17%, 7, 0, 9, 148.17
1735524856, 262, 12, 41, 0, 0, 0.17%, 7, 0, 9, 153.55
1735524861, 262, 19, 41, 0, 0, 0.17%, 7, 0, 9, 146.68
1735524866, 262, 21, 41, 0, 0, 0.17%, 7, 0, 9, 146.84
1735524871, 262, 40, 41, 0, 0, 0.17%, 7, 0, 9, 160.49
1735524876, 263, 11, 41, 0, 0, 0.17%, 7, 0, 9, 152.57
1735524881, 263, 12, 41, 0, 0, 0.17%, 7, 0, 9, 155.67
1735524886, 263, 19, 41, 0, 0, 0.17%, 7, 0, 9, 150.04
1735524892, 263, 21, 41, 0, 0, 0.17%, 7, 0, 9, 140.60
1735524897, 263, 34, 41, 0, 0, 0.17%, 7, 0, 9, 143.02
1735524902, 263, 39, 41, 0, 0, 0.17%, 7, 0, 9, 157.48
1735524907, 264, 3, 41, 0, 0, 0.17%, 7, 0, 9, 145.01
1735524912, 264, 41, 42, 1, 1, 0.19%, 8, 0, 9, 143.90
1735524917, 264, 41, 43, 2, 1, 0.19%, 8, 0, 9, 128.80
1735524943, 264, 41, 44, 3, 1, 0.19%, 8, 0, 9, 130.21
1735524994, 265, 11, 44, 2, 0, 0.19%, 8, 0, 9, 144.79
1735524999, 265, 12, 44, 2, 0, 0.19%, 8, 0, 9, 142.98
1735525004, 265, 19, 44, 2, 0, 0.19%, 8, 0, 9, 140.48
1735525009, 265, 21, 44, 2, 0, 0.19%, 8, 0, 9, 147.92
1735525014, 265, 36, 44, 2, 0, 0.19%, 8, 0, 9, 150.41
1735525025, 265, 41, 44, 2, 0, 0.19%, 8, 0, 9, 143.30
1735525040, 265, 41, 46, 4, 0, 0.19%, 8, 0, 9, 129.18
1735525050, 266, 11, 46, 4, 0, 0.19%, 8, 0, 9, 134.63
1735525055, 266, 19, 46, 4, 0, 0.19%, 8, 0, 9, 149.23
1735525060, 266, 21, 46, 4, 0, 0.19%, 8, 0, 9, 139.03
1735525066, 266, 28, 46, 4, 0, 0.19%, 8, 0, 9, 147.50
1735525076, 266, 41, 46, 4, 0, 0.19%, 8, 0, 9, 136.63
1735525086, 266, 41, 47, 5, 0, 0.19%, 8, 0, 9, 131.76
1735525096, 266, 46, 47, 5, 0, 0.19%, 8, 0, 9, 174.77
1735525142, 267, 12, 47, 4, 0, 0.19%, 8, 0, 9, 145.63
1735525147, 267, 19, 47, 4, 0, 0.19%, 8, 0, 9, 145.05
1735525158, 267, 30, 47, 4, 0, 0.19%, 8, 0, 9, 149.66
1735525168, 267, 36, 47, 4, 0, 0.19%, 8, 0, 9, 155.34
1735525178, 267, 41, 47, 4, 0, 0.19%, 8, 0, 9, 140.47
1735525198, 267, 45, 48, 5, 0, 0.19%, 8, 0, 9, 148.38
1735525249, 268, 11, 48, 4, 0, 0.19%, 8, 0, 9, 140.77
1735525255, 268, 12, 48, 4, 0, 0.19%, 8, 0, 9, 151.78
1735525260, 268, 19, 48, 4, 0, 0.19%, 8, 0, 9, 147.68
1735525265, 268, 21, 48, 4, 0, 0.19%, 8, 0, 9, 147.20
1735525270, 268, 23, 48, 4, 0, 0.19%, 8, 0, 9, 153.84
1735525275, 268, 32, 48, 4, 0, 0.19%, 8, 0, 9, 161.10
1735525280, 268, 37, 48, 4, 0, 0.19%, 8, 0, 9, 158.04
1735525290, 268, 41, 48, 4, 0, 0.19%, 8, 0, 9, 141.84
1735525311, 268, 47, 48, 4, 0, 0.19%, 8, 0, 9, 158.79
1735525402, 268, 47, 49, 5, 0, 0.19%, 8, 0, 9, 145.30
1735525611, 269, 12, 49, 4, 0, 0.19%, 8, 0, 9, 147.47
1735525616, 269, 18, 49, 4, 0, 0.19%, 8, 0, 9, 156.36
1735525626, 269, 19, 49, 4, 0, 0.19%, 8, 0, 9, 149.84
1735525631, 269, 21, 49, 4, 0, 0.19%, 8, 0, 9, 149.60
1735525641, 269, 41, 49, 4, 0, 0.19%, 8, 0, 9, 140.46
1735525662, 269, 44, 49, 4, 0, 0.19%, 8, 0, 9, 147.51
1735525708, 270, 11, 49, 3, 0, 0.19%, 8, 0, 9, 148.39
1735525713, 270, 19, 49, 3, 0, 0.19%, 8, 0, 9, 152.17
1735525718, 270, 21, 49, 3, 0, 0.19%, 8, 0, 9, 147.95
1735525728, 270, 43, 49, 3, 0, 0.19%, 8, 0, 9, 158.14
1735525774, 270, 44, 49, 2, 0, 0.19%, 8, 0, 9, 136.19
1735525794, 271, 11, 49, 2, 0, 0.19%, 8, 0, 9, 151.82
1735525799, 271, 19, 49, 2, 0, 0.19%, 8, 0, 9, 147.15
1735525805, 271, 21, 49, 2, 0, 0.19%, 8, 0, 9, 147.76
1735525815, 271, 35, 49, 2, 0, 0.19%, 8, 0, 9, 151.03
1735525820, 271, 44, 49, 2, 0, 0.19%, 8, 0, 9, 139.56
1735525841, 271, 47, 49, 2, 0, 0.19%, 8, 0, 9, 160.47
