# unix_time, cycles_done, cur_path, paths_total, pending_total, pending_favs, map_size, unique_crashes, unique_hangs, max_depth, execs_per_sec
1735762823, 0, 0, 10, 10, 1, 0.01%, 0, 0, 1, 84.30
1735762828, 0, 3, 10, 10, 1, 0.01%, 0, 0, 1, 104.08
1735762833, 0, 4, 10, 9, 0, 0.01%, 0, 0, 1, 100.27
1735762843, 0, 5, 10, 8, 0, 0.01%, 0, 0, 1, 102.04
1735762853, 0, 6, 10, 7, 0, 0.01%, 0, 0, 1, 99.12
1735762864, 0, 7, 10, 6, 0, 0.01%, 0, 0, 1, 96.98
1735762874, 0, 8, 10, 5, 0, 0.01%, 0, 0, 1, 98.80
1735762884, 0, 9, 10, 4, 0, 0.01%, 0, 0, 1, 96.30
1735762894, 1, 0, 10, 3, 0, 0.01%, 0, 0, 1, 96.46
1735762909, 1, 1, 10, 2, 0, 0.01%, 0, 0, 1, 109.30
1735762919, 1, 2, 10, 1, 0, 0.01%, 0, 0, 1, 93.19
1735762930, 1, 3, 10, 0, 0, 0.01%, 0, 0, 1, 104.34
1735762935, 1, 4, 10, 0, 0, 0.01%, 0, 0, 1, 103.41
1735762940, 1, 6, 10, 0, 0, 0.01%, 0, 0, 1, 104.56
1735762945, 1, 7, 10, 0, 0, 0.01%, 0, 0, 1, 103.65
1735762950, 1, 8, 10, 0, 0, 0.01%, 0, 0, 1, 102.64
1735762955, 2, 0, 10, 0, 0, 0.01%, 0, 0, 1, 104.49
1735762960, 2, 1, 10, 0, 0, 0.01%, 0, 0, 1, 104.04
1735762965, 2, 3, 10, 0, 0, 0.01%, 0, 0, 1, 104.43
1735762970, 2, 4, 10, 0, 0, 0.01%, 0, 0, 1, 103.54
1735762975, 2, 6, 10, 0, 0, 0.01%, 0, 0, 1, 104.53
1735762980, 2, 7, 10, 0, 0, 0.01%, 0, 0, 1, 103.42
1735762986, 2, 8, 10, 0, 0, 0.01%, 0, 0, 1, 103.49
1735762991, 3, 0, 10, 0, 0, 0.01%, 0, 0, 1, 105.27
1735762996, 3, 1, 10, 0, 0, 0.01%, 0, 0, 1, 102.78
1735763001, 3, 3, 10, 0, 0, 0.01%, 0, 0, 1, 103.52
1735763006, 3, 4, 10, 0, 0, 0.01%, 0, 0, 1, 102.00
1735763011, 3, 6, 10, 0, 0, 0.01%, 0, 0, 1, 106.73
1735763017, 3, 7, 10, 0, 0, 0.01%, 0, 0, 1, 105.36
1735763022, 3, 9, 10, 0, 0, 0.01%, 0, 0, 1, 101.71
1735763027, 4, 0, 10, 0, 0, 0.01%, 0, 0, 1, 104.86
1735763032, 4, 2, 10, 0, 0, 0.01%, 0, 0, 1, 103.45
1735763037, 4, 3, 10, 0, 0, 0.01%, 0, 0, 1, 103.29
1735763042, 4, 4, 10, 0, 0, 0.01%, 0, 0, 1, 101.51
1735763047, 4, 6, 10, 0, 0, 0.01%, 0, 0, 1, 102.94
1735763052, 4, 7, 10, 0, 0, 0.01%, 0, 0, 1, 103.78
1735763057, 4, 9, 10, 0, 0, 0.01%, 0, 0, 1, 103.80
1735763063, 5, 0, 10, 0, 0, 0.01%, 0, 0, 1, 103.11
1735763068, 5, 2, 10, 0, 0, 0.01%, 0, 0, 1, 103.39
1735763073, 5, 3, 10, 0, 0, 0.01%, 0, 0, 1, 104.65
1735763078, 5, 4, 10, 0, 0, 0.01%, 0, 0, 1, 102.74
1735763083, 5, 6, 10, 0, 0, 0.01%, 0, 0, 1, 103.08
1735763088, 5, 7, 10, 0, 0, 0.01%, 0, 0, 1, 100.40
1735763093, 5, 9, 10, 0, 0, 0.01%, 0, 0, 1, 102.65
1735763098, 6, 0, 10, 0, 0, 0.01%, 0, 0, 1, 103.15
1735763104, 6, 2, 10, 0, 0, 0.01%, 0, 0, 1, 100.69
1735763109, 6, 3, 10, 0, 0, 0.01%, 0, 0, 1, 103.96
1735763114, 6, 4, 10, 0, 0, 0.01%, 0, 0, 1, 102.03
1735763119, 6, 6, 10, 0, 0, 0.01%, 0, 0, 1, 102.80
1735763124, 6, 7, 10, 0, 0, 0.01%, 0, 0, 1, 103.07
1735763129, 6, 9, 10, 0, 0, 0.01%, 0, 0, 1, 104.37
1735763134, 7, 0, 10, 0, 0, 0.01%, 0, 0, 1, 101.82
1735763139, 7, 2, 10, 0, 0, 0.01%, 0, 0, 1, 102.69
1735763144, 7, 3, 10, 0, 0, 0.01%, 0, 0, 1, 102.37
1735763149, 7, 4, 10, 0, 0, 0.01%, 0, 0, 1, 100.25
1735763155, 7, 6, 10, 0, 0, 0.01%, 0, 0, 1, 102.82
1735763160, 7, 7, 10, 0, 0, 0.01%, 0, 0, 1, 103.67
1735763165, 7, 9, 10, 0, 0, 0.01%, 0, 0, 1, 101.20
1735763170, 8, 0, 10, 0, 0, 0.01%, 0, 0, 1, 101.96
1735763175, 8, 2, 10, 0, 0, 0.01%, 0, 0, 1, 101.53
1735763180, 8, 3, 10, 0, 0, 0.01%, 0, 0, 1, 101.78
1735763186, 8, 4, 10, 0, 0, 0.01%, 0, 0, 1, 104.05
1735763191, 8, 6, 10, 0, 0, 0.01%, 0, 0, 1, 103.69
1735763196, 8, 7, 10, 0, 0, 0.01%, 0, 0, 1, 101.60
1735763201, 8, 9, 10, 0, 0, 0.01%, 0, 0, 1, 101.99
1735763206, 9, 0, 10, 0, 0, 0.01%, 0, 0, 1, 100.17
1735763211, 9, 2, 10, 0, 0, 0.01%, 0, 0, 1, 103.38
1735763216, 9, 3, 10, 0, 0, 0.01%, 0, 0, 1, 105.54
1735763222, 9, 4, 10, 0, 0, 0.01%, 0, 0, 1, 102.57
1735763227, 9, 6, 10, 0, 0, 0.01%, 0, 0, 1, 102.13
1735763232, 9, 7, 10, 0, 0, 0.01%, 0, 0, 1, 100.13
1735763237, 9, 9, 10, 0, 0, 0.01%, 0, 0, 1, 102.10
1735763242, 10, 0, 10, 0, 0, 0.01%, 0, 0, 1, 100.81
1735763247, 10, 1, 10, 0, 0, 0.01%, 0, 0, 1, 102.87
1735763252, 10, 3, 10, 0, 0, 0.01%, 0, 0, 1, 103.02
1735763257, 10, 4, 10, 0, 0, 0.01%, 0, 0, 1, 103.38
1735763262, 10, 6, 10, 0, 0, 0.01%, 0, 0, 1, 103.12
1735763267, 10, 7, 10, 0, 0, 0.01%, 0, 0, 1, 102.38
1735763273, 10, 9, 10, 0, 0, 0.01%, 0, 0, 1, 102.71
1735763278, 11, 0, 10, 0, 0, 0.01%, 0, 0, 1, 102.56
1735763283, 11, 1, 10, 0, 0, 0.01%, 0, 0, 1, 102.87
1735763288, 11, 3, 10, 0, 0, 0.01%, 0, 0, 1, 104.13
1735763293, 11, 4, 10, 0, 0, 0.01%, 0, 0, 1, 106.95
1735763298, 11, 6, 10, 0, 0, 0.01%, 0, 0, 1, 106.06
1735763303, 11, 7, 10, 0, 0, 0.01%, 0, 0, 1, 102.25
1735763308, 11, 9, 10, 0, 0, 0.01%, 0, 0, 1, 101.23
1735763314, 12, 0, 10, 0, 0, 0.01%, 0, 0, 1, 100.48
1735763319, 12, 2, 10, 0, 0, 0.01%, 0, 0, 1, 103.31
1735763324, 12, 3, 10, 0, 0, 0.01%, 0, 0, 1, 101.88
1735763329, 12, 4, 10, 0, 0, 0.01%, 0, 0, 1, 101.74
1735763334, 12, 6, 10, 0, 0, 0.01%, 0, 0, 1, 103.32
1735763339, 12, 7, 10, 0, 0, 0.01%, 0, 0, 1, 101.45
1735763344, 12, 9, 10, 0, 0, 0.01%, 0, 0, 1, 102.32
1735763349, 13, 0, 10, 0, 0, 0.01%, 0, 0, 1, 104.70
1735763354, 13, 2, 10, 0, 0, 0.01%, 0, 0, 1, 102.67
1735763360, 13, 3, 10, 0, 0, 0.01%, 0, 0, 1, 104.81
1735763365, 13, 4, 10, 0, 0, 0.01%, 0, 0, 1, 99.86
1735763370, 13, 6, 10, 0, 0, 0.01%, 0, 0, 1, 101.45
1735763375, 13, 7, 10, 0, 0, 0.01%, 0, 0, 1, 103.49
1735763380, 13, 9, 10, 0, 0, 0.01%, 0, 0, 1, 105.85
1735763385, 14, 0, 10, 0, 0, 0.01%, 0, 0, 1, 102.79
1735763390, 14, 2, 10, 0, 0, 0.01%, 0, 0, 1, 102.77
1735763396, 14, 3, 10, 0, 0, 0.01%, 0, 0, 1, 104.71
1735763401, 14, 4, 10, 0, 0, 0.01%, 0, 0, 1, 103.26
1735763406, 14, 6, 10, 0, 0, 0.01%, 0, 0, 1, 102.51
1735763411, 14, 7, 10, 0, 0, 0.01%, 0, 0, 1, 104.09
1735763416, 14, 9, 10, 0, 0, 0.01%, 0, 0, 1, 103.26
1735763421, 15, 0, 10, 0, 0, 0.01%, 0, 0, 1, 101.83
1735763426, 15, 2, 10, 0, 0, 0.01%, 0, 0, 1, 107.07
1735763431, 15, 3, 10, 0, 0, 0.01%, 0, 0, 1, 108.61
1735763436, 15, 5, 10, 0, 0, 0.01%, 0, 0, 1, 108.14
1735763441, 15, 6, 10, 0, 0, 0.01%, 0, 0, 1, 107.13
1735763447, 15, 8, 10, 0, 0, 0.01%, 0, 0, 1, 105.70
1735763452, 15, 9, 10, 0, 0, 0.01%, 0, 0, 1, 106.85
1735763457, 16, 0, 10, 0, 0, 0.01%, 0, 0, 1, 106.70
1735763462, 16, 2, 10, 0, 0, 0.01%, 0, 0, 1, 106.26
1735763467, 16, 3, 10, 0, 0, 0.01%, 0, 0, 1, 107.95
1735763472, 16, 5, 10, 0, 0, 0.01%, 0, 0, 1, 105.90
1735763477, 16, 6, 10, 0, 0, 0.01%, 0, 0, 1, 107.43
1735763482, 16, 8, 10, 0, 0, 0.01%, 0, 0, 1, 107.77
1735763487, 16, 9, 10, 0, 0, 0.01%, 0, 0, 1, 107.87
1735763492, 17, 1, 10, 0, 0, 0.01%, 0, 0, 1, 108.94
1735763498, 17, 3, 10, 0, 0, 0.01%, 0, 0, 1, 107.74
1735763503, 17, 4, 10, 0, 0, 0.01%, 0, 0, 1, 108.29
1735763508, 17, 6, 10, 0, 0, 0.01%, 0, 0, 1, 110.71
1735763513, 17, 7, 10, 0, 0, 0.01%, 0, 0, 1, 108.76
1735763518, 17, 9, 10, 0, 0, 0.01%, 0, 0, 1, 109.38
1735763523, 18, 0, 10, 0, 0, 0.01%, 0, 0, 1, 108.36
1735763528, 18, 1, 10, 0, 0, 0.01%, 0, 0, 1, 106.17
1735763534, 18, 3, 10, 0, 0, 0.01%, 0, 0, 1, 106.83
1735763539, 18, 5, 10, 0, 0, 0.01%, 0, 0, 1, 108.18
1735763544, 18, 6, 10, 0, 0, 0.01%, 0, 0, 1, 109.58
1735763549, 18, 8, 10, 0, 0, 0.01%, 0, 0, 1, 107.95
1735763554, 18, 9, 10, 0, 0, 0.01%, 0, 0, 1, 106.92
1735763559, 19, 1, 10, 0, 0, 0.01%, 0, 0, 1, 109.78
1735763564, 19, 2, 10, 0, 0, 0.01%, 0, 0, 1, 110.35
1735763570, 19, 4, 10, 0, 0, 0.01%, 0, 0, 1, 110.21
1735763575, 19, 5, 10, 0, 0, 0.01%, 0, 0, 1, 107.15
1735763580, 19, 7, 10, 0, 0, 0.01%, 0, 0, 1, 106.46
1735763585, 19, 8, 11, 1, 0, 0.16%, 1, 0, 2, 106.66
1735763590, 19, 10, 11, 1, 1, 0.16%, 1, 0, 2, 116.47
1735763595, 19, 10, 12, 2, 1, 0.16%, 2, 0, 3, 118.35
1735763672, 19, 11, 13, 2, 1, 0.16%, 3, 0, 4, 140.52
1735763724, 19, 11, 14, 3, 1, 0.17%, 4, 0, 4, 115.71
1735763734, 19, 11, 15, 4, 1, 0.17%, 4, 0, 4, 116.95
1735763765, 19, 11, 16, 5, 1, 0.17%, 4, 0, 4, 117.20
1735763791, 19, 11, 17, 6, 1, 0.17%, 4, 0, 4, 119.63
1735763806, 19, 12, 17, 5, 2, 0.17%, 4, 0, 4, 135.63
1735763811, 19, 12, 18, 6, 2, 0.17%, 4, 0, 5, 119.48
1735763827, 19, 12, 19, 7, 2, 0.17%, 4, 0, 5, 117.51
1735763868, 19, 12, 20, 8, 2, 0.17%, 4, 0, 5, 116.77
1735763966, 19, 12, 23, 11, 2, 0.17%, 4, 0, 5, 120.12
1735763971, 19, 12, 24, 12, 2, 0.17%, 4, 0, 5, 123.28
1735763976, 19, 12, 25, 13, 2, 0.17%, 4, 0, 5, 119.90
1735763981, 19, 20, 26, 13, 1, 0.17%, 5, 0, 6, 155.83
1735763986, 19, 20, 27, 14, 1, 0.17%, 5, 0, 6, 139.98
1735764089, 19, 20, 29, 16, 1, 0.17%, 5, 0, 6, 130.59
1735764105, 19, 25, 29, 15, 1, 0.17%, 5, 0, 6, 142.66
1735764110, 19, 25, 30, 16, 1, 0.17%, 5, 0, 7, 156.60
1735764182, 19, 29, 30, 15, 1, 0.17%, 5, 0, 7, 157.16
1735764187, 19, 29, 31, 16, 1, 0.17%, 5, 0, 8, 144.38
1735764306, 20, 1, 31, 15, 0, 0.17%, 5, 0, 8, 123.50
1735764311, 20, 10, 31, 15, 0, 0.17%, 5, 0, 8, 120.35
1735764326, 20, 10, 33, 17, 0, 0.17%, 5, 0, 8, 131.53
1735764331, 20, 12, 33, 17, 0, 0.17%, 5, 0, 8, 124.04
1735764362, 20, 20, 33, 17, 0, 0.17%, 5, 0, 8, 127.57
1735764393, 20, 23, 33, 17, 0, 0.17%, 5, 0, 8, 161.37
1735764433, 20, 23, 34, 18, 0, 0.17%, 5, 0, 8, 150.45
1735764454, 20, 23, 35, 19, 0, 0.17%, 5, 0, 8, 153.68
1735764510, 20, 29, 35, 18, 0, 0.17%, 5, 0, 8, 132.39
1735764541, 20, 32, 35, 18, 0, 0.17%, 5, 0, 8, 126.26
1735764592, 21, 12, 35, 17, 0, 0.17%, 5, 0, 8, 132.60
1735764618, 21, 20, 35, 17, 0, 0.17%, 5, 0, 8, 141.66
1735764654, 21, 26, 35, 17, 0, 0.17%, 5, 0, 8, 135.23
1735764659, 21, 26, 37, 19, 0, 0.17%, 6, 0, 8, 186.63
1735765256, 21, 29, 37, 18, 0, 0.17%, 6, 0, 8, 134.95
1735765272, 21, 29, 38, 19, 0, 0.17%, 6, 0, 8, 141.43
1735765287, 21, 30, 38, 19, 0, 0.17%, 6, 0, 8, 152.85
1735765385, 21, 35, 38, 18, 0, 0.17%, 6, 0, 8, 133.18
1735765913, 21, 36, 38, 17, 0, 0.17%, 6, 0, 8, 130.87
1735766076, 22, 12, 38, 16, 0, 0.17%, 6, 0, 8, 127.56
1735766092, 22, 13, 38, 16, 0, 0.17%, 6, 0, 8, 139.32
1735766143, 22, 15, 38, 15, 0, 0.17%, 6, 0, 8, 158.59
1735766194, 22, 18, 38, 14, 0, 0.17%, 6, 0, 8, 187.99
1735766444, 22, 19, 38, 13, 0, 0.17%, 6, 0, 8, 198.19
1735766496, 22, 20, 38, 12, 0, 0.17%, 6, 0, 8, 136.68
1735766516, 22, 21, 39, 13, 0, 0.17%, 6, 0, 8, 152.10
1735766567, 22, 27, 39, 12, 0, 0.17%, 6, 0, 8, 193.60
1735766629, 22, 29, 39, 11, 0, 0.17%, 6, 0, 8, 145.74
1735766649, 22, 31, 39, 11, 0, 0.17%, 6, 0, 8, 177.56
1735766701, 23, 12, 39, 10, 0, 0.17%, 6, 0, 8, 129.74
1735766711, 23, 14, 39, 10, 0, 0.17%, 6, 0, 8, 146.00
1735766762, 23, 20, 39, 9, 0, 0.17%, 6, 0, 8, 126.67
1735766772, 23, 24, 39, 9, 0, 0.17%, 6, 0, 8, 139.62
1735766859, 23, 29, 39, 8, 0, 0.17%, 6, 0, 8, 136.08
1735766869, 23, 34, 39, 8, 0, 0.17%, 6, 0, 8, 97.05
1735767606, 24, 12, 39, 7, 0, 0.17%, 6, 0, 8, 135.87
1735767616, 24, 16, 39, 7, 0, 0.17%, 6, 0, 8, 147.89
1735767689, 24, 20, 39, 6, 0, 0.17%, 6, 0, 8, 122.67
1735767699, 24, 29, 39, 6, 0, 0.17%, 6, 0, 8, 135.61
1735767709, 24, 32, 39, 6, 0, 0.17%, 6, 0, 8, 138.72
1735767720, 25, 12, 39, 6, 0, 0.17%, 6, 0, 8, 127.85
1735767730, 25, 20, 39, 6, 0, 0.17%, 6, 0, 8, 136.47
1735767740, 25, 29, 39, 6, 0, 0.17%, 6, 0, 8, 128.50
1735767750, 26, 12, 39, 6, 0, 0.17%, 6, 0, 8, 135.09
1735767755, 26, 20, 39, 6, 0, 0.17%, 6, 0, 8, 136.39
1735767760, 26, 28, 39, 6, 0, 0.17%, 6, 0, 8, 154.71
1735767817, 26, 29, 39, 5, 0, 0.17%, 6, 0, 8, 135.39
1735767827, 27, 12, 39, 5, 0, 0.17%, 6, 0, 8, 126.54
1735767832, 27, 20, 39, 5, 0, 0.17%, 6, 0, 8, 133.61
1735767837, 27, 29, 39, 5, 0, 0.17%, 6, 0, 8, 141.08
1735767842, 27, 30, 39, 5, 0, 0.17%, 6, 0, 8, 137.05
1735767873, 27, 38, 39, 5, 0, 0.17%, 6, 0, 8, 215.71
1735767950, 28, 10, 39, 4, 0, 0.17%, 6, 0, 8, 136.38
1735767960, 28, 12, 39, 4, 0, 0.17%, 6, 0, 8, 127.52
1735767965, 28, 20, 39, 4, 0, 0.17%, 6, 0, 8, 133.11
1735767970, 28, 25, 39, 4, 0, 0.17%, 6, 0, 8, 133.06
1735768001, 28, 29, 39, 4, 0, 0.17%, 6, 0, 8, 146.23
1735768006, 28, 33, 39, 4, 0, 0.17%, 6, 0, 8, 237.15
1735768092, 29, 12, 39, 3, 0, 0.17%, 6, 0, 8, 132.09
1735768097, 29, 20, 39, 3, 0, 0.17%, 6, 0, 8, 136.19
1735768103, 29, 22, 39, 3, 0, 0.17%, 6, 0, 8, 207.72
1735768158, 29, 29, 39, 2, 0, 0.17%, 6, 0, 8, 135.01
1735768164, 30, 12, 39, 2, 0, 0.17%, 6, 0, 8, 129.12
1735768169, 30, 20, 39, 2, 0, 0.17%, 6, 0, 8, 135.28
1735768174, 30, 29, 39, 2, 0, 0.17%, 6, 0, 8, 131.98
1735768179, 31, 12, 39, 2, 0, 0.17%, 6, 0, 8, 136.45
1735768184, 31, 20, 39, 2, 0, 0.17%, 6, 0, 8, 137.46
1735768189, 31, 22, 39, 2, 0, 0.17%, 6, 0, 8, 137.81
1735768210, 31, 23, 39, 2, 0, 0.17%, 6, 0, 8, 134.82
1735768230, 31, 28, 39, 2, 0, 0.17%, 6, 0, 8, 147.77
1735768250, 31, 29, 39, 2, 0, 0.17%, 6, 0, 8, 144.03
1735768256, 32, 12, 39, 2, 0, 0.17%, 6, 0, 8, 146.03
1735768261, 32, 17, 39, 2, 0, 0.17%, 6, 0, 8, 164.46
1735768312, 32, 20, 39, 1, 0, 0.17%, 6, 0, 8, 127.58
1735768317, 32, 28, 39, 1, 0, 0.17%, 6, 0, 8, 143.61
1735768338, 32, 29, 39, 1, 0, 0.17%, 6, 0, 8, 139.40
1735768343, 32, 37, 39, 1, 0, 0.17%, 6, 0, 8, 197.87
1735768414, 32, 37, 40, 2, 0, 0.17%, 6, 0, 9, 154.97
1735768490, 33, 12, 40, 1, 0, 0.17%, 6, 0, 9, 147.69
1735768495, 33, 20, 40, 1, 0, 0.17%, 6, 0, 9, 138.60
1735768500, 33, 29, 40, 1, 0, 0.17%, 6, 0, 9, 130.43
1735768506, 34, 11, 40, 1, 0, 0.17%, 6, 0, 9, 137.55
1735768516, 34, 12, 40, 1, 0, 0.17%, 6, 0, 9, 137.94
1735768521, 34, 13, 40, 1, 0, 0.17%, 6, 0, 9, 138.77
1735768541, 34, 20, 40, 1, 0, 0.17%, 6, 0, 9, 123.36
1735768552, 34, 22, 40, 1, 0, 0.17%, 6, 0, 9, 144.98
1735768572, 34, 29, 40, 1, 0, 0.17%, 6, 0, 9, 133.91
1735768577, 35, 12, 40, 1, 0, 0.17%, 6, 0, 9, 130.79
1735768582, 35, 20, 40, 1, 0, 0.17%, 6, 0, 9, 136.09
1735768587, 35, 29, 40, 1, 0, 0.17%, 6, 0, 9, 135.30
1735768592, 36, 12, 40, 1, 0, 0.17%, 6, 0, 9, 125.08
1735768598, 36, 19, 40, 1, 0, 0.17%, 6, 0, 9, 138.23
1735768618, 36, 20, 40, 1, 0, 0.17%, 6, 0, 9, 131.85
1735768623, 36, 29, 40, 1, 0, 0.17%, 6, 0, 9, 135.78
1735768628, 37, 12, 40, 1, 0, 0.17%, 6, 0, 9, 134.71
1735768633, 37, 20, 40, 1, 0, 0.17%, 6, 0, 9, 135.59
1735768639, 37, 25, 40, 1, 0, 0.17%, 6, 0, 9, 132.44
1735768670, 37, 29, 40, 1, 0, 0.17%, 6, 0, 9, 136.54
1735768675, 38, 12, 40, 1, 0, 0.17%, 6, 0, 9, 132.39
1735768680, 38, 20, 40, 1, 0, 0.17%, 6, 0, 9, 142.87
1735768685, 38, 29, 40, 1, 0, 0.17%, 6, 0, 9, 137.32
1735768690, 38, 30, 40, 1, 0, 0.17%, 6, 0, 9, 140.79
1735768721, 39, 2, 40, 1, 0, 0.17%, 6, 0, 9, 134.25
1735768726, 39, 12, 40, 1, 0, 0.17%, 6, 0, 9, 132.96
1735768731, 39, 20, 40, 1, 0, 0.17%, 6, 0, 9, 139.04
1735768736, 39, 28, 40, 1, 0, 0.17%, 6, 0, 9, 154.95
1735768757, 39, 29, 40, 1, 0, 0.17%, 6, 0, 9, 141.50
1735768762, 39, 34, 40, 1, 0, 0.17%, 6, 0, 9, 177.72
1735768782, 40, 12, 40, 1, 0, 0.17%, 6, 0, 9, 132.05
1735768787, 40, 13, 40, 1, 0, 0.17%, 6, 0, 9, 144.86
1735768808, 40, 19, 40, 1, 0, 0.17%, 6, 0, 9, 141.92
1735768824, 40, 20, 40, 1, 0, 0.17%, 6, 0, 9, 134.01
1735768829, 40, 29, 40, 1, 0, 0.17%, 6, 0, 9, 133.27
1735768834, 40, 32, 40, 1, 0, 0.17%, 6, 0, 9, 136.14
1735768844, 41, 11, 40, 1, 0, 0.17%, 6, 0, 9, 124.37
1735768860, 41, 12, 40, 1, 0, 0.17%, 6, 0, 9, 138.47
1735768865, 41, 20, 40, 1, 0, 0.17%, 6, 0, 9, 143.42
1735768870, 41, 29, 40, 1, 0, 0.17%, 6, 0, 9, 133.65
1735768875, 42, 12, 40, 1, 0, 0.17%, 6, 0, 9, 134.68
1735768880, 42, 20, 40, 1, 0, 0.17%, 6, 0, 9, 133.60
1735768885, 42, 24, 40, 1, 0, 0.17%, 6, 0, 9, 146.23
1735768916, 42, 28, 40, 1, 0, 0.17%, 6, 0, 9, 143.58
1735768926, 42, 29, 40, 1, 0, 0.17%, 6, 0, 9, 133.46
1735768932, 42, 38, 40, 1, 0, 0.17%, 6, 0, 9, 148.87
1735768962, 43, 12, 40, 1, 0, 0.17%, 6, 0, 9, 129.98
1735768967, 43, 20, 40, 1, 0, 0.17%, 6, 0, 9, 133.48
1735768973, 43, 29, 40, 1, 0, 0.17%, 6, 0, 9, 132.59
1735768978, 43, 36, 40, 1, 0, 0.17%, 6, 0, 9, 143.36
1735768998, 43, 39, 40, 1, 0, 0.17%, 6, 0, 9, 118.42
1735769507, 43, 39, 41, 2, 0, 0.17%, 7, 0, 10, 201.78
1735769609, 44, 12, 41, 1, 0, 0.17%, 7, 0, 10, 138.25
1735769614, 44, 20, 41, 1, 0, 0.17%, 7, 0, 10, 139.15
1735769619, 44, 29, 41, 1, 0, 0.17%, 7, 0, 10, 142.42
1735769624, 44, 31, 41, 1, 0, 0.17%, 7, 0, 10, 141.97
1735769634, 44, 40, 41, 1, 0, 0.17%, 7, 0, 10, 124.12
1735770127, 45, 12, 41, 0, 0, 0.17%, 7, 0, 10, 130.65
1735770132, 45, 15, 41, 0, 0, 0.17%, 7, 0, 10, 130.50
1735770153, 45, 20, 41, 0, 0, 0.17%, 7, 0, 10, 151.66
1735770158, 45, 29, 41, 0, 0, 0.17%, 7, 0, 10, 145.60
1735770163, 46, 12, 41, 0, 0, 0.17%, 7, 0, 10, 132.75
1735770168, 46, 20, 41, 0, 0, 0.17%, 7, 0, 10, 134.58
1735770174, 46, 24, 41, 0, 0, 0.17%, 7, 0, 10, 143.96
1735770194, 46, 28, 41, 0, 0, 0.17%, 7, 0, 10, 142.18
1735770204, 46, 29, 41, 0, 0, 0.17%, 7, 0, 10, 135.21
1735770209, 47, 12, 41, 0, 0, 0.17%, 7, 0, 10, 127.78
1735770214, 47, 20, 41, 0, 0, 0.17%, 7, 0, 10, 135.20
1735770219, 47, 29, 41, 0, 0, 0.17%, 7, 0, 10, 134.37
1735770225, 47, 33, 41, 0, 0, 0.17%, 7, 0, 10, 153.17
1735770245, 47, 37, 41, 0, 0, 0.17%, 7, 0, 10, 146.45
1735770276, 48, 12, 41, 0, 0, 0.17%, 7, 0, 10, 132.98
1735770281, 48, 15, 41, 0, 0, 0.17%, 7, 0, 10, 137.77
1735770301, 48, 20, 41, 0, 0, 0.17%, 7, 0, 10, 135.47
1735770306, 48, 29, 41, 0, 0, 0.17%, 7, 0, 10, 134.35
1735770312, 49, 12, 41, 0, 0, 0.17%, 7, 0, 10, 137.20
1735770317, 49, 20, 41, 0, 0, 0.17%, 7, 0, 10, 134.22
1735770322, 49, 23, 41, 0, 0, 0.17%, 7, 0, 10, 138.06
1735770342, 49, 29, 41, 0, 0, 0.17%, 7, 0, 10, 144.76
1735770347, 50, 8, 41, 0, 0, 0.17%, 7, 0, 10, 142.96
1735770352, 50, 12, 41, 0, 0, 0.17%, 7, 0, 10, 139.15
1735770358, 50, 20, 41, 0, 0, 0.17%, 7, 0, 10, 133.27
1735770363, 50, 29, 41, 0, 0, 0.17%, 7, 0, 10, 149.20
1735770368, 50, 35, 41, 0, 0, 0.17%, 7, 0, 10, 167.22
1735770383, 51, 2, 41, 0, 0, 0.17%, 7, 0, 10, 142.59
1735770388, 51, 12, 41, 0, 0, 0.17%, 7, 0, 10, 133.89
1735770393, 51, 13, 41, 0, 0, 0.17%, 7, 0, 10, 138.86
1735770414, 51, 20, 41, 0, 0, 0.17%, 7, 0, 10, 132.17
1735770419, 51, 24, 41, 0, 0, 0.17%, 7, 0, 10, 144.67
1735770439, 51, 26, 41, 0, 0, 0.17%, 7, 0, 10, 144.55
1735770460, 51, 29, 41, 0, 0, 0.17%, 7, 0, 10, 152.64
1735770465, 52, 12, 41, 0, 0, 0.17%, 7, 0, 10, 139.33
1735770470, 52, 18, 41, 0, 0, 0.17%, 7, 0, 10, 159.87
1735770491, 52, 20, 41, 0, 0, 0.17%, 7, 0, 10, 135.60
1735770496, 52, 24, 41, 0, 0, 0.17%, 7, 0, 10, 140.63
1735770506, 52, 29, 41, 0, 0, 0.17%, 7, 0, 10, 141.45
1735770511, 52, 30, 41, 0, 0, 0.17%, 7, 0, 10, 145.30
1735770542, 53, 12, 41, 0, 0, 0.17%, 7, 0, 10, 137.21
1735770547, 53, 18, 41, 0, 0, 0.17%, 7, 0, 10, 147.69
1735770567, 53, 20, 41, 0, 0, 0.17%, 7, 0, 10, 127.38
1735770572, 53, 29, 41, 0, 0, 0.17%, 7, 0, 10, 132.16
1735770578, 53, 37, 41, 0, 0, 0.17%, 7, 0, 10, 142.25
1735770608, 54, 0, 41, 0, 0, 0.17%, 7, 0, 10, 131.84
1735770613, 54, 12, 41, 0, 0, 0.17%, 7, 0, 10, 141.99
1735770619, 54, 15, 41, 0, 0, 0.17%, 7, 0, 10, 134.27
1735770639, 54, 20, 41, 0, 0, 0.17%, 7, 0, 10, 147.92
1735770644, 54, 29, 41, 0, 0, 0.17%, 7, 0, 10, 138.53
1735770649, 54, 32, 41, 0, 0, 0.17%, 7, 0, 10, 136.77
1735770654, 55, 1, 41, 0, 0, 0.17%, 7, 0, 10, 123.64
1735770660, 55, 12, 41, 0, 0, 0.17%, 7, 0, 10, 130.82
1735770665, 55, 20, 41, 0, 0, 0.17%, 7, 0, 10, 136.00
1735770670, 55, 27, 41, 0, 0, 0.17%, 7, 0, 10, 150.03
1735770690, 55, 29, 41, 0, 0, 0.17%, 7, 0, 10, 139.09
1735770695, 56, 10, 41, 0, 0, 0.17%, 7, 0, 10, 131.48
1735770705, 56, 11, 41, 0, 0, 0.17%, 7, 0, 10, 132.46
1735770716, 56, 12, 41, 0, 0, 0.17%, 7, 0, 10, 133.14
1735770721, 56, 20, 41, 0, 0, 0.17%, 7, 0, 10, 131.23
1735770726, 56, 29, 41, 0, 0, 0.17%, 7, 0, 10, 135.10
1735770731, 57, 12, 41, 0, 0, 0.17%, 7, 0, 10, 134.07
1735770736, 57, 16, 41, 0, 0, 0.17%, 7, 0, 10, 140.39
1735770757, 57, 19, 41, 0, 0, 0.17%, 7, 0, 10, 146.19
1735770778, 57, 20, 41, 0, 0, 0.17%, 7, 0, 10, 144.03
1735770783, 57, 29, 41, 0, 0, 0.17%, 7, 0, 10, 136.44
1735770788, 57, 34, 41, 0, 0, 0.17%, 7, 0, 10, 168.70
1735770808, 57, 35, 41, 0, 0, 0.17%, 7, 0, 10, 177.83
1735770824, 58, 12, 41, 0, 0, 0.17%, 7, 0, 10, 139.49
1735770829, 58, 20, 41, 0, 0, 0.17%, 7, 0, 10, 140.48
1735770834, 58, 29, 41, 0, 0, 0.17%, 7, 0, 10, 135.44
1735770839, 59, 12, 41, 0, 0, 0.17%, 7, 0, 10, 139.44
1735770844, 59, 20, 41, 0, 0, 0.17%, 7, 0, 10, 134.37
1735770849, 59, 22, 41, 0, 0, 0.17%, 7, 0, 10, 149.28
1735770870, 59, 29, 41, 0, 0, 0.17%, 7, 0, 10, 131.33
1735770875, 59, 38, 41, 0, 0, 0.17%, 7, 0, 10, 137.67
1735770911, 60, 12, 41, 0, 0, 0.17%, 7, 0, 10, 131.87
1735770916, 60, 20, 41, 0, 0, 0.17%, 7, 0, 10, 132.32
1735770921, 60, 29, 41, 0, 0, 0.17%, 7, 0, 10, 137.45
1735770926, 61, 11, 41, 0, 0, 0.17%, 7, 0, 10, 147.03
1735770932, 61, 12, 41, 0, 0, 0.17%, 7, 0, 10, 128.66
1735770937, 61, 14, 41, 0, 0, 0.17%, 7, 0, 10, 139.11
1735770952, 61, 20, 41, 0, 0, 0.17%, 7, 0, 10, 145.88
1735770957, 61, 25, 41, 0, 0, 0.17%, 7, 0, 10, 138.18
1735770978, 61, 29, 41, 0, 0, 0.17%, 7, 0, 10, 149.17
1735770983, 62, 12, 41, 0, 0, 0.17%, 7, 0, 10, 139.84
1735770988, 62, 20, 41, 0, 0, 0.17%, 7, 0, 10, 139.31
1735770993, 62, 29, 41, 0, 0, 0.17%, 7, 0, 10, 135.40
1735770999, 63, 12, 41, 0, 0, 0.17%, 7, 0, 10, 137.78
1735771004, 63, 20, 41, 0, 0, 0.17%, 7, 0, 10, 139.88
1735771014, 63, 32, 41, 0, 0, 0.17%, 7, 0, 10, 144.85
1735771024, 63, 33, 41, 0, 0, 0.17%, 7, 0, 10, 138.99
1735771044, 64, 1, 41, 0, 0, 0.17%, 7, 0, 10, 141.24
1735771050, 64, 12, 41, 0, 0, 0.17%, 7, 0, 10, 131.91
1735771055, 64, 20, 41, 0, 0, 0.17%, 7, 0, 10, 136.57
1735771060, 64, 29, 41, 0, 0, 0.17%, 7, 0, 10, 140.98
1735771065, 64, 38, 41, 0, 0, 0.17%, 7, 0, 10, 154.05
1735771095, 65, 10, 41, 0, 0, 0.17%, 7, 0, 10, 137.36
1735771100, 65, 16, 41, 0, 0, 0.17%, 7, 0, 10, 138.85
1735771126, 65, 28, 41, 0, 0, 0.17%, 7, 0, 10, 147.90
1735771136, 65, 29, 41, 0, 0, 0.17%, 7, 0, 10, 141.93
1735771141, 66, 0, 41, 0, 0, 0.17%, 7, 0, 10, 139.43
1735771147, 66, 12, 41, 0, 0, 0.17%, 7, 0, 10, 132.42
1735771152, 66, 20, 41, 0, 0, 0.17%, 7, 0, 10, 131.83
1735771157, 66, 29, 41, 0, 0, 0.17%, 7, 0, 10, 131.83
1735771162, 67, 12, 41, 0, 0, 0.17%, 7, 0, 10, 131.76
1735771167, 67, 20, 41, 0, 0, 0.17%, 7, 0, 10, 134.21
1735771172, 67, 24, 41, 0, 0, 0.17%, 7, 0, 10, 144.75
1735771183, 67, 25, 41, 0, 0, 0.17%, 7, 0, 10, 145.44
1735771193, 67, 27, 41, 0, 0, 0.17%, 7, 0, 10, 148.04
1735771214, 67, 29, 41, 0, 0, 0.17%, 7, 0, 10, 146.87
1735771219, 67, 31, 41, 0, 0, 0.17%, 7, 0, 10, 142.14
1735771229, 68, 12, 41, 0, 0, 0.17%, 7, 0, 10, 142.22
1735771234, 68, 20, 41, 0, 0, 0.17%, 7, 0, 10, 136.75
1735771239, 68, 26, 41, 0, 0, 0.17%, 7, 0, 10, 165.11
1735771260, 68, 29, 41, 0, 0, 0.17%, 7, 0, 10, 134.59
1735771265, 68, 38, 41, 0, 0, 0.17%, 7, 0, 10, 153.33
1735771290, 69, 12, 41, 0, 0, 0.17%, 7, 0, 10, 143.42
1735771296, 69, 20, 41, 0, 0, 0.17%, 7, 0, 10, 140.18
1735771301, 69, 29, 41, 0, 0, 0.17%, 7, 0, 10, 137.72
1735771306, 70, 1, 41, 0, 0, 0.17%, 7, 0, 10, 137.11
1735771311, 70, 12, 41, 0, 0, 0.17%, 7, 0, 10, 135.03
1735771316, 70, 20, 41, 0, 0, 0.17%, 7, 0, 10, 139.19
1735771321, 70, 21, 41, 0, 0, 0.17%, 7, 0, 10, 137.47
1735771342, 70, 29, 41, 0, 0, 0.17%, 7, 0, 10, 137.00
1735771347, 71, 3, 41, 0, 0, 0.17%, 7, 0, 10, 139.60
1735771352, 71, 12, 41, 0, 0, 0.17%, 7, 0, 10, 134.37
1735771357, 71, 18, 41, 0, 0, 0.17%, 7, 0, 10, 157.70
1735771378, 71, 20, 41, 0, 0, 0.17%, 7, 0, 10, 142.85
1735771383, 71, 29, 41, 0, 0, 0.17%, 7, 0, 10, 146.72
1735771388, 71, 39, 41, 0, 0, 0.17%, 7, 0, 10, 193.58
1735771425, 72, 12, 41, 0, 0, 0.17%, 7, 0, 10, 127.47
1735771430, 72, 20, 41, 0, 0, 0.17%, 7, 0, 10, 136.20
1735771435, 72, 29, 41, 0, 0, 0.17%, 7, 0, 10, 142.09
1735771440, 73, 12, 41, 0, 0, 0.17%, 7, 0, 10, 135.93
1735771445, 73, 20, 41, 0, 0, 0.17%, 7, 0, 10, 136.47
1735771450, 73, 29, 41, 0, 0, 0.17%, 7, 0, 10, 139.09
1735771455, 73, 33, 41, 0, 0, 0.17%, 7, 0, 10, 155.47
1735771476, 74, 12, 41, 0, 0, 0.17%, 7, 0, 10, 133.07
1735771481, 74, 19, 41, 0, 0, 0.17%, 7, 0, 10, 134.99
1735771491, 74, 20, 41, 0, 0, 0.17%, 7, 0, 10, 137.79
1735771496, 74, 21, 41, 0, 0, 0.17%, 7, 0, 10, 132.02
1735771517, 74, 29, 41, 0, 0, 0.17%, 7, 0, 10, 155.81
1735771522, 74, 36, 41, 0, 0, 0.17%, 7, 0, 10, 151.76
1735771542, 74, 39, 41, 0, 0, 0.17%, 7, 0, 10, 188.76
1735771577, 75, 12, 41, 0, 0, 0.17%, 7, 0, 10, 140.55
1735771582, 75, 20, 41, 0, 0, 0.17%, 7, 0, 10, 144.55
1735771587, 75, 29, 41, 0, 0, 0.17%, 7, 0, 10, 138.64
1735771593, 75, 31, 41, 0, 0, 0.17%, 7, 0, 10, 136.25
1735771603, 75, 32, 41, 0, 0, 0.17%, 7, 0, 10, 145.35
1735771608, 75, 39, 41, 0, 0, 0.17%, 7, 0, 10, 187.88
1735771644, 76, 12, 41, 0, 0, 0.17%, 7, 0, 10, 119.45
1735771649, 76, 20, 41, 0, 0, 0.17%, 7, 0, 10, 131.20
1735771654, 76, 26, 41, 0, 0, 0.17%, 7, 0, 10, 165.34
1735771669, 76, 29, 41, 0, 0, 0.17%, 7, 0, 10, 142.14
1735771674, 77, 12, 41, 0, 0, 0.17%, 7, 0, 10, 139.93
1735771679, 77, 19, 41, 0, 0, 0.17%, 7, 0, 10, 145.95
1735771690, 77, 20, 41, 0, 0, 0.17%, 7, 0, 10, 139.27
1735771695, 77, 29, 41, 0, 0, 0.17%, 7, 0, 10, 138.56
1735771700, 78, 12, 41, 0, 0, 0.17%, 7, 0, 10, 132.10
1735771705, 78, 20, 41, 0, 0, 0.17%, 7, 0, 10, 140.98
1735771711, 78, 29, 41, 0, 0, 0.17%, 7, 0, 10, 146.33
1735771716, 79, 12, 41, 0, 0, 0.17%, 7, 0, 10, 135.07
1735771721, 79, 20, 41, 0, 0, 0.17%, 7, 0, 10, 130.56
1735771726, 79, 29, 41, 0, 0, 0.17%, 7, 0, 10, 134.88
1735771731, 80, 12, 41, 0, 0, 0.17%, 7, 0, 10, 139.37
1735771736, 80, 20, 41, 0, 0, 0.17%, 7, 0, 10, 139.08
1735771741, 80, 29, 41, 0, 0, 0.17%, 7, 0, 10, 142.54
1735771747, 81, 12, 41, 0, 0, 0.17%, 7, 0, 10, 136.57
1735771752, 81, 16, 41, 0, 0, 0.17%, 7, 0, 10, 138.21
1735771772, 81, 20, 41, 0, 0, 0.17%, 7, 0, 10, 132.75
1735771777, 81, 29, 41, 0, 0, 0.17%, 7, 0, 10, 133.36
1735771782, 82, 12, 41, 0, 0, 0.17%, 7, 0, 10, 141.99
1735771788, 82, 14, 41, 0, 0, 0.17%, 7, 0, 10, 135.48
1735771808, 82, 20, 41, 0, 0, 0.17%, 7, 0, 10, 129.91
1735771813, 82, 26, 41, 0, 0, 0.17%, 7, 0, 10, 149.64
1735771824, 82, 27, 41, 0, 0, 0.17%, 7, 0, 10, 141.03
1735771844, 82, 29, 41, 0, 0, 0.17%, 7, 0, 10, 141.96
1735771849, 82, 36, 41, 0, 0, 0.17%, 7, 0, 10, 138.65
1735771869, 83, 12, 41, 0, 0, 0.17%, 7, 0, 10, 137.23
1735771875, 83, 20, 41, 0, 0, 0.17%, 7, 0, 10, 141.32
1735771880, 83, 21, 41, 0, 0, 0.17%, 7, 0, 10, 142.95
1735771900, 83, 28, 41, 0, 0, 0.17%, 7, 0, 10, 159.10
1735771905, 83, 29, 41, 0, 0, 0.17%, 7, 0, 10, 141.25
1735771910, 83, 39, 41, 0, 0, 0.17%, 7, 0, 10, 166.20
1735771951, 84, 12, 41, 0, 0, 0.17%, 7, 0, 10, 132.76
1735771957, 84, 20, 41, 0, 0, 0.17%, 7, 0, 10, 132.49
1735771962, 84, 29, 41, 0, 0, 0.17%, 7, 0, 10, 135.87
1735771967, 85, 12, 41, 0, 0, 0.17%, 7, 0, 10, 133.38
1735771972, 85, 13, 41, 0, 0, 0.17%, 7, 0, 10, 146.20
1735771982, 85, 17, 41, 0, 0, 0.17%, 7, 0, 10, 134.21
1735772003, 85, 20, 41, 0, 0, 0.17%, 7, 0, 10, 133.77
1735772008, 85, 22, 41, 0, 0, 0.17%, 7, 0, 10, 138.03
1735772018, 85, 29, 41, 0, 0, 0.17%, 7, 0, 10, 146.10
1735772023, 86, 6, 41, 0, 0, 0.17%, 7, 0, 10, 137.40
1735772028, 86, 12, 41, 0, 0, 0.17%, 7, 0, 10, 145.70
1735772033, 86, 20, 41, 0, 0, 0.17%, 7, 0, 10, 140.73
1735772038, 86, 29, 41, 0, 0, 0.17%, 7, 0, 10, 136.61
1735772044, 87, 12, 41, 0, 0, 0.17%, 7, 0, 10, 132.18
1735772049, 87, 20, 41, 0, 0, 0.17%, 7, 0, 10, 135.88
1735772054, 87, 27, 41, 0, 0, 0.17%, 7, 0, 10, 147.01
1735772064, 87, 29, 41, 0, 0, 0.17%, 7, 0, 10, 133.81
1735772070, 88, 12, 41, 0, 0, 0.17%, 7, 0, 10, 135.59
1735772075, 88, 20, 41, 0, 0, 0.17%, 7, 0, 10, 141.30
1735772080, 88, 29, 41, 0, 0, 0.17%, 7, 0, 10, 140.86
1735772085, 89, 2, 41, 0, 0, 0.17%, 7, 0, 10, 139.11
1735772090, 89, 12, 41, 0, 0, 0.17%, 7, 0, 10, 135.30
1735772095, 89, 20, 41, 0, 0, 0.17%, 7, 0, 10, 137.81
1735772101, 89, 29, 41, 0, 0, 0.17%, 7, 0, 10, 133.16
1735772106, 89, 39, 41, 0, 0, 0.17%, 7, 0, 10, 188.32
1735772142, 90, 11, 41, 0, 0, 0.17%, 7, 0, 10, 139.65
1735772147, 90, 12, 41, 0, 0, 0.17%, 7, 0, 10, 139.16
1735772152, 90, 16, 41, 0, 0, 0.17%, 7, 0, 10, 142.87
1735772157, 90, 18, 41, 0, 0, 0.17%, 7, 0, 10, 146.49
1735772167, 90, 20, 41, 0, 0, 0.17%, 7, 0, 10, 136.59
1735772173, 90, 21, 41, 0, 0, 0.17%, 7, 0, 10, 139.70
1735772183, 90, 25, 41, 0, 0, 0.17%, 7, 0, 10, 135.40
1735772193, 90, 26, 41, 0, 0, 0.17%, 7, 0, 10, 150.76
1735772203, 90, 29, 41, 0, 0, 0.17%, 7, 0, 10, 144.64
1735772209, 90, 31, 41, 0, 0, 0.17%, 7, 0, 10, 136.98
1735772219, 91, 12, 41, 0, 0, 0.17%, 7, 0, 10, 131.97
1735772224, 91, 20, 41, 0, 0, 0.17%, 7, 0, 10, 138.31
1735772229, 91, 29, 41, 0, 0, 0.17%, 7, 0, 10, 136.28
1735772234, 92, 12, 41, 0, 0, 0.17%, 7, 0, 10, 135.02
1735772239, 92, 18, 41, 0, 0, 0.17%, 7, 0, 10, 158.32
1735772249, 92, 20, 41, 0, 0, 0.17%, 7, 0, 10, 135.04
1735772255, 92, 29, 41, 0, 0, 0.17%, 7, 0, 10, 139.65
1735772260, 92, 30, 41, 0, 0, 0.17%, 7, 0, 10, 139.70
1735772275, 93, 12, 41, 0, 0, 0.17%, 7, 0, 10, 136.42
1735772280, 93, 20, 41, 0, 0, 0.17%, 7, 0, 10, 138.64
1735772285, 93, 29, 41, 0, 0, 0.17%, 7, 0, 10, 139.81
1735772291, 93, 32, 41, 0, 0, 0.17%, 7, 0, 10, 139.87
1735772296, 94, 11, 41, 0, 0, 0.17%, 7, 0, 10, 133.07
1735772301, 94, 12, 41, 0, 0, 0.17%, 7, 0, 10, 138.29
1735772306, 94, 20, 41, 0, 0, 0.17%, 7, 0, 10, 139.88
1735772311, 95, 12, 41, 0, 0, 0.17%, 7, 0, 10, 138.98
1735772316, 95, 20, 41, 0, 0, 0.17%, 7, 0, 10, 133.64
1735772321, 95, 27, 41, 0, 0, 0.17%, 7, 0, 10, 142.69
1735772332, 95, 29, 41, 0, 0, 0.17%, 7, 0, 10, 147.78
1735772337, 96, 12, 41, 0, 0, 0.17%, 7, 0, 10, 141.98
1735772342, 96, 20, 41, 0, 0, 0.17%, 7, 0, 10, 144.48
1735772347, 96, 29, 41, 0, 0, 0.17%, 7, 0, 10, 141.57
1735772352, 96, 38, 41, 0, 0, 0.17%, 7, 0, 10, 145.83
1735772367, 97, 0, 41, 0, 0, 0.17%, 7, 0, 10, 143.33
1735772372, 97, 12, 41, 0, 0, 0.17%, 7, 0, 10, 124.03
1735772378, 97, 20, 41, 0, 0, 0.17%, 7, 0, 10, 126.02
1735772383, 97, 27, 41, 0, 0, 0.17%, 7, 0, 10, 140.33
1735772393, 97, 29, 41, 0, 0, 0.17%, 7, 0, 10, 155.38
1735772398, 97, 39, 41, 0, 0, 0.17%, 7, 0, 10, 140.41
1735772439, 98, 12, 41, 0, 0, 0.17%, 7, 0, 10, 142.79
1735772444, 98, 20, 41, 0, 0, 0.17%, 7, 0, 10, 133.08
1735772449, 98, 21, 41, 0, 0, 0.17%, 7, 0, 10, 134.80
1735772459, 98, 25, 41, 0, 0, 0.17%, 7, 0, 10, 133.98
1735772470, 98, 29, 41, 0, 0, 0.17%, 7, 0, 10, 142.86
1735772475, 99, 12, 41, 0, 0, 0.17%, 7, 0, 10, 137.29
1735772480, 99, 20, 41, 0, 0, 0.17%, 7, 0, 10, 140.28
1735772485, 99, 29, 41, 0, 0, 0.17%, 7, 0, 10, 136.65
1735772490, 100, 9, 41, 0, 0, 0.17%, 7, 0, 10, 136.71
1735772496, 100, 12, 41, 0, 0, 0.17%, 7, 0, 10, 134.88
1735772501, 100, 20, 41, 0, 0, 0.17%, 7, 0, 10, 145.01
1735772506, 100, 22, 41, 0, 0, 0.17%, 7, 0, 10, 142.80
1735772516, 100, 25, 41, 0, 0, 0.17%, 7, 0, 10, 136.40
1735772521, 100, 29, 41, 0, 0, 0.17%, 7, 0, 10, 144.67
1735772526, 100, 33, 41, 0, 0, 0.17%, 7, 0, 10, 167.23
1735772542, 101, 12, 41, 0, 0, 0.17%, 7, 0, 10, 132.74
1735772547, 101, 20, 41, 0, 0, 0.17%, 7, 0, 10, 140.56
1735772552, 101, 25, 41, 0, 0, 0.17%, 7, 0, 10, 133.98
1735772557, 101, 29, 41, 0, 0, 0.17%, 7, 0, 10, 134.62
1735772562, 102, 0, 41, 0, 0, 0.17%, 7, 0, 10, 137.20
1735772567, 102, 12, 41, 0, 0, 0.17%, 7, 0, 10, 143.50
1735772573, 102, 15, 41, 0, 0, 0.17%, 7, 0, 10, 134.97
1735772583, 102, 19, 41, 0, 0, 0.17%, 7, 0, 10, 142.17
1735772588, 102, 20, 41, 0, 0, 0.17%, 7, 0, 10, 140.37
1735772593, 102, 29, 41, 0, 0, 0.17%, 7, 0, 10, 128.57
1735772598, 102, 39, 41, 0, 0, 0.17%, 7, 0, 10, 150.68
1735772639, 103, 12, 41, 0, 0, 0.17%, 7, 0, 10, 133.91
1735772644, 103, 20, 41, 0, 0, 0.17%, 7, 0, 10, 132.97
1735772654, 103, 24, 41, 0, 0, 0.17%, 7, 0, 10, 152.30
1735772664, 103, 29, 41, 0, 0, 0.17%, 7, 0, 10, 140.04
1735772669, 104, 12, 41, 0, 0, 0.17%, 7, 0, 10, 139.27
1735772674, 104, 14, 41, 0, 0, 0.17%, 7, 0, 10, 141.73
1735772695, 104, 20, 41, 0, 0, 0.17%, 7, 0, 10, 130.52
1735772700, 104, 26, 41, 0, 0, 0.17%, 7, 0, 10, 158.37
1735772710, 104, 29, 41, 0, 0, 0.17%, 7, 0, 10, 130.00
1735772715, 105, 8, 41, 0, 0, 0.17%, 7, 0, 10, 139.28
1735772720, 105, 12, 41, 0, 0, 0.17%, 7, 0, 10, 136.76
1735772725, 105, 14, 41, 0, 0, 0.17%, 7, 0, 10, 141.17
1735772735, 105, 18, 41, 0, 0, 0.17%, 7, 0, 10, 146.91
1735772745, 105, 20, 41, 0, 0, 0.17%, 7, 0, 10, 134.40
1735772751, 105, 23, 41, 0, 0, 0.17%, 7, 0, 10, 149.64
1735772766, 105, 26, 41, 0, 0, 0.17%, 7, 0, 10, 155.92
1735772771, 105, 29, 41, 0, 0, 0.17%, 7, 0, 10, 141.97
1735772776, 105, 35, 41, 0, 0, 0.17%, 7, 0, 10, 147.00
1735772797, 106, 12, 41, 0, 0, 0.17%, 7, 0, 10, 139.07
1735772802, 106, 20, 41, 0, 0, 0.17%, 7, 0, 10, 145.69
1735772807, 106, 29, 41, 0, 0, 0.17%, 7, 0, 10, 137.65
1735772812, 107, 12, 41, 0, 0, 0.17%, 7, 0, 10, 135.40
1735772817, 107, 15, 41, 0, 0, 0.17%, 7, 0, 10, 133.62
1735772827, 107, 17, 41, 0, 0, 0.17%, 7, 0, 10, 142.50
1735772848, 107, 20, 41, 0, 0, 0.17%, 7, 0, 10, 140.09
1735772853, 107, 29, 41, 0, 0, 0.17%, 7, 0, 10, 143.14
1735772858, 108, 12, 41, 0, 0, 0.17%, 7, 0, 10, 141.73
1735772864, 108, 20, 41, 0, 0, 0.17%, 7, 0, 10, 135.21
1735772869, 108, 29, 41, 0, 0, 0.17%, 7, 0, 10, 138.76
1735772874, 108, 30, 41, 0, 0, 0.17%, 7, 0, 10, 136.64
1735772889, 109, 11, 41, 0, 0, 0.17%, 7, 0, 10, 138.18
1735772895, 109, 12, 41, 0, 0, 0.17%, 7, 0, 10, 130.47
1735772900, 109, 20, 41, 0, 0, 0.17%, 7, 0, 10, 133.76
1735772905, 109, 29, 41, 0, 0, 0.17%, 7, 0, 10, 136.24
1735772910, 110, 12, 41, 0, 0, 0.17%, 7, 0, 10, 144.43
1735772915, 110, 20, 41, 0, 0, 0.17%, 7, 0, 10, 144.79
1735772921, 110, 24, 41, 0, 0, 0.17%, 7, 0, 10, 144.23
1735772926, 110, 29, 41, 0, 0, 0.17%, 7, 0, 10, 131.22
1735772931, 110, 38, 41, 0, 0, 0.17%, 7, 0, 10, 148.58
1735772946, 111, 12, 41, 0, 0, 0.17%, 7, 0, 10, 139.15
1735772951, 111, 20, 41, 0, 0, 0.17%, 7, 0, 10, 139.38
1735772956, 111, 25, 41, 0, 0, 0.17%, 7, 0, 10, 140.16
1735772962, 111, 28, 41, 0, 0, 0.17%, 7, 0, 10, 134.64
1735772967, 111, 29, 41, 0, 0, 0.17%, 7, 0, 10, 134.99
1735772972, 112, 12, 41, 0, 0, 0.17%, 7, 0, 10, 131.96
1735772977, 112, 20, 41, 0, 0, 0.17%, 7, 0, 10, 135.18
1735772982, 112, 29, 41, 0, 0, 0.17%, 7, 0, 10, 140.52
1735772987, 113, 12, 41, 0, 0, 0.17%, 7, 0, 10, 144.79
1735772993, 113, 20, 41, 0, 0, 0.17%, 7, 0, 10, 137.60
1735772998, 113, 29, 41, 0, 0, 0.17%, 7, 0, 10, 142.01
1735773003, 114, 12, 41, 0, 0, 0.17%, 7, 0, 10, 135.90
1735773008, 114, 19, 41, 0, 0, 0.17%, 7, 0, 10, 143.58
1735773013, 114, 20, 41, 0, 0, 0.17%, 7, 0, 10, 129.79
1735773018, 114, 23, 41, 0, 0, 0.17%, 7, 0, 10, 141.97
1735773028, 114, 29, 41, 0, 0, 0.17%, 7, 0, 10, 137.79
1735773034, 115, 12, 41, 0, 0, 0.17%, 7, 0, 10, 142.62
1735773039, 115, 20, 41, 0, 0, 0.17%, 7, 0, 10, 139.43
1735773044, 115, 29, 41, 0, 0, 0.17%, 7, 0, 10, 136.81
1735773049, 115, 33, 41, 0, 0, 0.17%, 7, 0, 10, 152.84
1735773054, 116, 12, 41, 0, 0, 0.17%, 7, 0, 10, 141.57
1735773059, 116, 15, 41, 0, 0, 0.17%, 7, 0, 10, 145.29
1735773069, 116, 20, 41, 0, 0, 0.17%, 7, 0, 10, 143.60
1735773074, 116, 23, 41, 0, 0, 0.17%, 7, 0, 10, 145.81
1735773085, 116, 29, 41, 0, 0, 0.17%, 7, 0, 10, 142.29
1735773090, 117, 11, 41, 0, 0, 0.17%, 7, 0, 10, 137.23
1735773095, 117, 12, 41, 0, 0, 0.17%, 7, 0, 10, 134.09
1735773100, 117, 20, 41, 0, 0, 0.17%, 7, 0, 10, 137.76
1735773105, 117, 22, 41, 0, 0, 0.17%, 7, 0, 10, 146.15
1735773115, 117, 25, 41, 0, 0, 0.17%, 7, 0, 10, 135.05
1735773120, 117, 29, 41, 0, 0, 0.17%, 7, 0, 10, 139.33
1735773126, 118, 12, 41, 0, 0, 0.17%, 7, 0, 10, 138.33
1735773131, 118, 20, 41, 0, 0, 0.17%, 7, 0, 10, 132.38
1735773136, 118, 29, 41, 0, 0, 0.17%, 7, 0, 10, 142.89
1735773141, 119, 12, 41, 0, 0, 0.17%, 7, 0, 10, 143.43
1735773146, 119, 20, 41, 0, 0, 0.17%, 7, 0, 10, 147.97
1735773151, 119, 21, 41, 0, 0, 0.17%, 7, 0, 10, 140.02
1735773162, 119, 22, 41, 0, 0, 0.17%, 7, 0, 10, 143.07
1735773167, 119, 29, 41, 0, 0, 0.17%, 7, 0, 10, 140.36
1735773172, 119, 36, 41, 0, 0, 0.17%, 7, 0, 10, 147.95
1735773192, 120, 12, 41, 0, 0, 0.17%, 7, 0, 10, 136.35
1735773197, 120, 29, 41, 0, 0, 0.17%, 7, 0, 10, 136.42
1735773202, 121, 5, 41, 0, 0, 0.17%, 7, 0, 10, 133.99
1735773208, 121, 12, 41, 0, 0, 0.17%, 7, 0, 10, 138.92
1735773213, 121, 20, 41, 0, 0, 0.17%, 7, 0, 10, 132.81
1735773218, 121, 29, 41, 0, 0, 0.17%, 7, 0, 10, 147.87
1735773223, 122, 10, 41, 0, 0, 0.17%, 7, 0, 10, 134.73
1735773228, 122, 12, 41, 0, 0, 0.17%, 7, 0, 10, 136.61
1735773233, 122, 20, 41, 0, 0, 0.17%, 7, 0, 10, 135.11
1735773238, 122, 29, 41, 0, 0, 0.17%, 7, 0, 10, 137.93
1735773243, 123, 1, 41, 0, 0, 0.17%, 7, 0, 10, 136.98
1735773249, 123, 12, 41, 0, 0, 0.17%, 7, 0, 10, 139.50
1735773254, 123, 22, 41, 0, 0, 0.17%, 7, 0, 10, 144.08
1735773259, 123, 29, 41, 0, 0, 0.17%, 7, 0, 10, 139.63
1735773264, 123, 37, 41, 0, 0, 0.17%, 7, 0, 10, 138.08
1735773300, 124, 20, 41, 0, 0, 0.17%, 7, 0, 10, 137.59
1735773310, 124, 22, 41, 0, 0, 0.17%, 7, 0, 10, 139.25
1735773315, 124, 29, 41, 0, 0, 0.17%, 7, 0, 10, 141.16
1735773320, 124, 30, 41, 0, 0, 0.17%, 7, 0, 10, 142.04
1735773335, 124, 35, 41, 0, 0, 0.17%, 7, 0, 10, 175.99
1735773351, 125, 12, 41, 0, 0, 0.17%, 7, 0, 10, 135.99
1735773356, 125, 20, 41, 0, 0, 0.17%, 7, 0, 10, 131.86
1735773361, 125, 29, 41, 0, 0, 0.17%, 7, 0, 10, 137.60
1735773366, 125, 30, 41, 0, 0, 0.17%, 7, 0, 10, 141.64
1735773372, 126, 12, 41, 0, 0, 0.17%, 7, 0, 10, 144.33
1735773377, 126, 15, 41, 0, 0, 0.17%, 7, 0, 10, 127.43
1735773382, 126, 20, 41, 0, 0, 0.17%, 7, 0, 10, 137.63
1735773387, 126, 29, 41, 0, 0, 0.17%, 7, 0, 10, 139.16
1735773392, 127, 12, 41, 0, 0, 0.17%, 7, 0, 10, 139.42
1735773397, 127, 20, 41, 0, 0, 0.17%, 7, 0, 10, 138.24
1735773402, 127, 29, 41, 0, 0, 0.17%, 7, 0, 10, 134.56
1735773407, 128, 12, 41, 0, 0, 0.17%, 7, 0, 10, 136.69
1735773413, 128, 20, 41, 0, 0, 0.17%, 7, 0, 10, 134.43
1735773418, 128, 22, 41, 0, 0, 0.17%, 7, 0, 10, 144.13
1735773423, 128, 29, 41, 0, 0, 0.17%, 7, 0, 10, 134.24
1735773428, 128, 32, 41, 0, 0, 0.17%, 7, 0, 10, 141.14
1735773433, 128, 33, 41, 0, 0, 0.17%, 7, 0, 10, 147.74
1735773438, 129, 12, 41, 0, 0, 0.17%, 7, 0, 10, 138.69
1735773443, 129, 20, 41, 0, 0, 0.17%, 7, 0, 10, 140.47
1735773449, 129, 29, 41, 0, 0, 0.17%, 7, 0, 10, 139.62
1735773454, 130, 12, 41, 0, 0, 0.17%, 7, 0, 10, 139.05
1735773459, 130, 15, 41, 0, 0, 0.17%, 7, 0, 10, 137.76
1735773464, 130, 20, 41, 0, 0, 0.17%, 7, 0, 10, 136.86
1735773469, 130, 29, 41, 0, 0, 0.17%, 7, 0, 10, 138.13
1735773474, 130, 30, 41, 0, 0, 0.17%, 7, 0, 10, 135.51
1735773485, 131, 12, 41, 0, 0, 0.17%, 7, 0, 10, 137.16
1735773490, 131, 20, 41, 0, 0, 0.17%, 7, 0, 10, 138.46
1735773495, 131, 29, 41, 0, 0, 0.17%, 7, 0, 10, 131.70
1735773500, 132, 12, 41, 0, 0, 0.17%, 7, 0, 10, 133.97
1735773505, 132, 14, 41, 0, 0, 0.17%, 7, 0, 10, 141.98
1735773515, 132, 20, 41, 0, 0, 0.17%, 7, 0, 10, 130.37
1735773521, 132, 29, 41, 0, 0, 0.17%, 7, 0, 10, 129.67
1735773526, 133, 12, 41, 0, 0, 0.17%, 7, 0, 10, 136.05
1735773531, 133, 20, 41, 0, 0, 0.17%, 7, 0, 10, 140.19
1735773536, 133, 29, 41, 0, 0, 0.17%, 7, 0, 10, 137.20
1735773541, 133, 37, 41, 0, 0, 0.17%, 7, 0, 10, 149.95
1735773572, 134, 12, 41, 0, 0, 0.17%, 7, 0, 10, 137.91
1735773577, 134, 20, 41, 0, 0, 0.17%, 7, 0, 10, 137.59
1735773582, 134, 29, 41, 0, 0, 0.17%, 7, 0, 10, 139.57
1735773587, 135, 6, 41, 0, 0, 0.17%, 7, 0, 10, 139.04
1735773592, 135, 12, 41, 0, 0, 0.17%, 7, 0, 10, 139.17
1735773598, 135, 20, 41, 0, 0, 0.17%, 7, 0, 10, 145.88
1735773603, 135, 29, 41, 0, 0, 0.17%, 7, 0, 10, 136.67
1735773608, 135, 30, 41, 0, 0, 0.17%, 7, 0, 10, 140.93
1735773613, 135, 35, 41, 0, 0, 0.17%, 7, 0, 10, 157.11
