# unix_time, cycles_done, cur_path, paths_total, pending_total, pending_favs, map_size, unique_crashes, unique_hangs, max_depth, execs_per_sec
1735126487, 0, 0, 10, 10, 1, 0.01%, 0, 0, 1, 82.73
1735126492, 0, 3, 10, 10, 1, 0.01%, 0, 0, 1, 103.98
1735126497, 0, 4, 10, 9, 0, 0.01%, 0, 0, 1, 102.44
1735126507, 0, 5, 10, 8, 0, 0.01%, 0, 0, 1, 104.32
1735126517, 0, 6, 10, 7, 0, 0.01%, 0, 0, 1, 100.78
1735126527, 0, 7, 10, 6, 0, 0.01%, 0, 0, 1, 99.77
1735126537, 0, 8, 10, 5, 0, 0.01%, 0, 0, 1, 99.56
1735126548, 0, 9, 10, 4, 0, 0.01%, 0, 0, 1, 97.96
1735126558, 1, 0, 10, 3, 0, 0.01%, 0, 0, 1, 94.47
1735126573, 1, 1, 10, 2, 0, 0.01%, 0, 0, 1, 101.92
1735126583, 1, 2, 10, 1, 0, 0.01%, 0, 0, 1, 93.21
1735126594, 1, 3, 10, 0, 0, 0.01%, 0, 0, 1, 101.86
1735126599, 1, 4, 10, 0, 0, 0.01%, 0, 0, 1, 104.80
1735126604, 1, 5, 10, 0, 0, 0.01%, 0, 0, 1, 104.14
1735126609, 1, 7, 10, 0, 0, 0.01%, 0, 0, 1, 100.79
1735126614, 1, 8, 10, 0, 0, 0.01%, 0, 0, 1, 101.59
1735126619, 2, 0, 10, 0, 0, 0.01%, 0, 0, 1, 100.18
1735126624, 2, 1, 10, 0, 0, 0.01%, 0, 0, 1, 101.02
1735126629, 2, 2, 10, 0, 0, 0.01%, 0, 0, 1, 102.31
1735126634, 2, 4, 10, 0, 0, 0.01%, 0, 0, 1, 103.24
1735126639, 2, 5, 10, 0, 0, 0.01%, 0, 0, 1, 100.10
1735126644, 2, 7, 10, 0, 0, 0.01%, 0, 0, 1, 101.04
1735126649, 2, 8, 10, 0, 0, 0.01%, 0, 0, 1, 101.48
1735126654, 2, 9, 10, 0, 0, 0.01%, 0, 0, 1, 103.25
1735126659, 3, 1, 10, 0, 0, 0.01%, 0, 0, 1, 102.41
1735126664, 3, 2, 10, 0, 0, 0.01%, 0, 0, 1, 104.10
1735126669, 3, 4, 10, 0, 0, 0.01%, 0, 0, 1, 102.05
1735126674, 3, 5, 10, 0, 0, 0.01%, 0, 0, 1, 100.54
1735126679, 3, 6, 10, 0, 0, 0.01%, 0, 0, 1, 100.90
1735126685, 3, 8, 10, 0, 0, 0.01%, 0, 0, 1, 103.35
1735126690, 3, 9, 10, 0, 0, 0.01%, 0, 0, 1, 102.66
1735126695, 4, 1, 10, 0, 0, 0.01%, 0, 0, 1, 103.77
1735126700, 4, 2, 10, 0, 0, 0.01%, 0, 0, 1, 100.75
1735126705, 4, 4, 10, 0, 0, 0.01%, 0, 0, 1, 104.10
1735126710, 4, 5, 10, 0, 0, 0.01%, 0, 0, 1, 101.79
1735126715, 4, 6, 10, 0, 0, 0.01%, 0, 0, 1, 101.12
1735126720, 4, 8, 10, 0, 0, 0.01%, 0, 0, 1, 99.58
1735126725, 4, 9, 10, 0, 0, 0.01%, 0, 0, 1, 101.82
1735126730, 5, 1, 10, 0, 0, 0.01%, 0, 0, 1, 103.03
1735126735, 5, 2, 10, 0, 0, 0.01%, 0, 0, 1, 103.15
1735126740, 5, 3, 10, 0, 0, 0.01%, 0, 0, 1, 103.25
1735126745, 5, 5, 10, 0, 0, 0.01%, 0, 0, 1, 102.47
1735126750, 5, 6, 10, 0, 0, 0.01%, 0, 0, 1, 101.74
1735126756, 5, 8, 10, 0, 0, 0.01%, 0, 0, 1, 102.52
1735126761, 5, 9, 10, 0, 0, 0.01%, 0, 0, 1, 102.53
1735126766, 6, 0, 10, 0, 0, 0.01%, 0, 0, 1, 103.52
1735126771, 6, 2, 10, 0, 0, 0.01%, 0, 0, 1, 103.83
1735126776, 6, 3, 10, 0, 0, 0.01%, 0, 0, 1, 99.27
1735126781, 6, 5, 10, 0, 0, 0.01%, 0, 0, 1, 100.31
1735126786, 6, 6, 10, 0, 0, 0.01%, 0, 0, 1, 101.33
1735126791, 6, 7, 10, 0, 0, 0.01%, 0, 0, 1, 103.71
1735126796, 6, 9, 10, 0, 0, 0.01%, 0, 0, 1, 100.89
1735126801, 7, 0, 10, 0, 0, 0.01%, 0, 0, 1, 102.77
1735126806, 7, 2, 10, 0, 0, 0.01%, 0, 0, 1, 104.01
1735126811, 7, 3, 10, 0, 0, 0.01%, 0, 0, 1, 101.81
1735126816, 7, 4, 10, 0, 0, 0.01%, 0, 0, 1, 102.62
1735126821, 7, 6, 10, 0, 0, 0.01%, 0, 0, 1, 102.61
1735126826, 7, 7, 10, 0, 0, 0.01%, 0, 0, 1, 103.69
1735126831, 7, 9, 10, 0, 0, 0.01%, 0, 0, 1, 101.45
1735126837, 8, 0, 10, 0, 0, 0.01%, 0, 0, 1, 102.50
1735126842, 8, 2, 10, 0, 0, 0.01%, 0, 0, 1, 101.25
1735126847, 8, 3, 10, 0, 0, 0.01%, 0, 0, 1, 100.45
1735126852, 8, 4, 10, 0, 0, 0.01%, 0, 0, 1, 105.54
1735126857, 8, 6, 10, 0, 0, 0.01%, 0, 0, 1, 102.81
1735126862, 8, 7, 10, 0, 0, 0.01%, 0, 0, 1, 103.90
1735126867, 8, 9, 10, 0, 0, 0.01%, 0, 0, 1, 103.24
1735126872, 9, 0, 10, 0, 0, 0.01%, 0, 0, 1, 104.84
1735126877, 9, 2, 10, 0, 0, 0.01%, 0, 0, 1, 103.36
1735126882, 9, 3, 10, 0, 0, 0.01%, 0, 0, 1, 102.38
1735126887, 9, 4, 10, 0, 0, 0.01%, 0, 0, 1, 102.85
1735126892, 9, 6, 10, 0, 0, 0.01%, 0, 0, 1, 105.96
1735126897, 9, 7, 10, 0, 0, 0.01%, 0, 0, 1, 107.95
1735126902, 9, 9, 10, 0, 0, 0.01%, 0, 0, 1, 103.95
1735126907, 10, 0, 10, 0, 0, 0.01%, 0, 0, 1, 101.63
1735126913, 10, 2, 10, 0, 0, 0.01%, 0, 0, 1, 106.18
1735126918, 10, 3, 10, 0, 0, 0.01%, 0, 0, 1, 101.88
1735126923, 10, 4, 10, 0, 0, 0.01%, 0, 0, 1, 101.47
1735126928, 10, 6, 10, 0, 0, 0.01%, 0, 0, 1, 101.31
1735126933, 10, 10, 11, 1, 1, 0.16%, 1, 0, 2, 114.94
1735126938, 10, 10, 12, 2, 1, 0.16%, 2, 0, 3, 110.37
1735126999, 10, 10, 13, 3, 1, 0.16%, 3, 0, 3, 101.02
1735127004, 10, 10, 14, 4, 1, 0.17%, 4, 0, 3, 108.09
1735127024, 10, 11, 14, 3, 3, 0.17%, 4, 0, 3, 106.67
1735127055, 10, 11, 15, 4, 3, 0.17%, 4, 0, 4, 110.58
1735127116, 10, 12, 16, 4, 2, 0.17%, 5, 0, 4, 132.92
1735127132, 10, 12, 17, 5, 2, 0.17%, 5, 0, 4, 120.21
1735127208, 10, 13, 17, 4, 2, 0.17%, 5, 0, 4, 134.71
1735127244, 10, 13, 18, 5, 2, 0.17%, 5, 0, 4, 116.20
1735127259, 10, 13, 19, 6, 2, 0.17%, 5, 0, 4, 116.87
1735127362, 10, 13, 21, 8, 2, 0.17%, 5, 0, 4, 126.30
1735127367, 10, 13, 22, 9, 2, 0.17%, 5, 0, 4, 125.06
1735127372, 10, 15, 22, 8, 1, 0.17%, 5, 0, 4, 137.79
1735127423, 10, 15, 23, 9, 1, 0.17%, 5, 0, 5, 120.37
1735127453, 10, 15, 24, 10, 1, 0.17%, 5, 0, 5, 117.09
1735127484, 10, 15, 25, 11, 1, 0.17%, 5, 0, 5, 129.82
1735127494, 10, 15, 27, 13, 1, 0.17%, 5, 0, 5, 133.08
1735127499, 10, 15, 28, 14, 1, 0.17%, 6, 0, 5, 138.83
1735127504, 10, 19, 28, 13, 0, 0.17%, 6, 0, 5, 170.97
1735127591, 10, 20, 28, 12, 0, 0.17%, 6, 0, 5, 112.70
1735127658, 10, 20, 31, 15, 0, 0.17%, 6, 0, 5, 129.43
1735127669, 10, 20, 32, 16, 0, 0.17%, 6, 0, 5, 113.49
1735127674, 10, 22, 32, 15, 0, 0.17%, 6, 0, 5, 152.63
1735127684, 10, 22, 33, 16, 0, 0.17%, 6, 0, 6, 130.14
1735127689, 10, 22, 34, 17, 0, 0.17%, 6, 0, 6, 127.71
1735127797, 10, 28, 34, 16, 0, 0.17%, 6, 0, 6, 172.74
1735127843, 10, 28, 35, 17, 0, 0.17%, 6, 0, 6, 165.29
1735127909, 10, 29, 36, 17, 0, 0.17%, 6, 0, 6, 162.66
1735127975, 10, 29, 37, 18, 0, 0.17%, 7, 0, 6, 136.95
1735127985, 10, 34, 37, 17, 0, 0.17%, 7, 0, 6, 135.72
1735128010, 10, 34, 38, 18, 0, 0.17%, 7, 0, 7, 163.40
1735128045, 10, 34, 39, 19, 0, 0.17%, 7, 0, 7, 164.90
1735128091, 10, 38, 39, 18, 0, 0.17%, 7, 0, 7, 209.57
1735128163, 11, 10, 39, 17, 0, 0.17%, 7, 0, 7, 141.52
1735128173, 11, 11, 39, 17, 0, 0.17%, 7, 0, 7, 131.40
1735128183, 11, 12, 39, 17, 0, 0.17%, 7, 0, 7, 141.71
1735128193, 11, 13, 39, 17, 0, 0.17%, 7, 0, 7, 139.78
1735128209, 11, 15, 39, 17, 0, 0.17%, 7, 0, 7, 142.36
1735128229, 11, 17, 39, 17, 0, 0.17%, 7, 0, 7, 161.75
1735128290, 11, 18, 39, 16, 0, 0.17%, 7, 0, 7, 149.29
1735128362, 11, 30, 39, 15, 0, 0.17%, 7, 0, 7, 202.19
1735128500, 11, 36, 39, 14, 0, 0.17%, 7, 0, 7, 137.64
1735128683, 12, 2, 39, 13, 0, 0.17%, 7, 0, 7, 146.59
1735128688, 12, 10, 39, 13, 0, 0.17%, 7, 0, 7, 138.35
1735128693, 12, 11, 39, 13, 0, 0.17%, 7, 0, 7, 138.54
1735128698, 12, 12, 39, 13, 0, 0.17%, 7, 0, 7, 140.76
1735128703, 12, 13, 39, 13, 0, 0.17%, 7, 0, 7, 145.54
1735128709, 12, 15, 39, 13, 0, 0.17%, 7, 0, 7, 142.29
1735128719, 12, 21, 39, 13, 0, 0.17%, 7, 0, 7, 123.40
1735128942, 12, 27, 39, 12, 0, 0.17%, 7, 0, 7, 134.37
1735129110, 12, 33, 39, 11, 0, 0.17%, 7, 0, 7, 188.89
1735129156, 12, 38, 39, 10, 0, 0.17%, 7, 0, 7, 165.46
1735129187, 13, 10, 39, 10, 0, 0.17%, 7, 0, 7, 131.54
1735129192, 13, 12, 39, 10, 0, 0.17%, 7, 0, 7, 136.69
1735129202, 13, 13, 39, 10, 0, 0.17%, 7, 0, 7, 142.86
1735129208, 13, 14, 39, 10, 0, 0.17%, 7, 0, 7, 174.65
1735129259, 13, 15, 39, 9, 0, 0.17%, 7, 0, 7, 150.00
1735129269, 13, 18, 39, 9, 0, 0.17%, 7, 0, 7, 145.22
1735129300, 13, 25, 39, 9, 0, 0.17%, 7, 0, 7, 142.11
1735129366, 14, 1, 39, 8, 0, 0.17%, 7, 0, 7, 140.63
1735129372, 14, 11, 39, 8, 0, 0.17%, 7, 0, 7, 140.06
1735129377, 14, 13, 39, 8, 0, 0.17%, 7, 0, 7, 134.38
1735129382, 14, 15, 39, 8, 0, 0.17%, 7, 0, 7, 134.38
1735129387, 14, 19, 39, 8, 0, 0.17%, 7, 0, 7, 141.79
1735129408, 15, 10, 39, 8, 0, 0.17%, 7, 0, 7, 133.35
1735129413, 15, 13, 39, 8, 0, 0.17%, 7, 0, 7, 139.68
1735129418, 15, 15, 39, 8, 0, 0.17%, 7, 0, 7, 139.85
1735129423, 15, 16, 39, 8, 0, 0.17%, 7, 0, 7, 143.88
1735129474, 15, 19, 39, 7, 0, 0.17%, 7, 0, 7, 144.84
1735129485, 15, 31, 39, 7, 0, 0.17%, 7, 0, 7, 205.22
1735129556, 15, 37, 39, 6, 0, 0.17%, 7, 0, 7, 185.79
1735129606, 16, 10, 39, 5, 0, 0.17%, 7, 0, 7, 139.48
1735129612, 16, 12, 39, 5, 0, 0.17%, 7, 0, 7, 134.26
1735129617, 16, 15, 39, 5, 0, 0.17%, 7, 0, 7, 137.56
1735129622, 16, 23, 39, 5, 0, 0.17%, 7, 0, 7, 138.12
1735129714, 16, 26, 39, 4, 0, 0.17%, 7, 0, 7, 132.54
1735129968, 16, 38, 39, 3, 0, 0.17%, 7, 0, 7, 151.79
1735129983, 17, 11, 39, 3, 0, 0.17%, 7, 0, 7, 151.95
1735129988, 17, 12, 39, 3, 0, 0.17%, 7, 0, 7, 135.23
1735129993, 17, 15, 39, 3, 0, 0.17%, 7, 0, 7, 140.81
1735129998, 17, 19, 39, 3, 0, 0.17%, 7, 0, 7, 138.13
1735130009, 17, 25, 39, 3, 0, 0.17%, 7, 0, 7, 139.12
1735130029, 17, 27, 39, 3, 0, 0.17%, 7, 0, 7, 147.80
1735130050, 17, 35, 39, 3, 0, 0.17%, 7, 0, 7, 174.20
1735130230, 18, 6, 39, 2, 0, 0.17%, 7, 0, 7, 143.22
1735130235, 18, 11, 39, 2, 0, 0.17%, 7, 0, 7, 138.12
1735130240, 18, 13, 39, 2, 0, 0.17%, 7, 0, 7, 137.21
1735130245, 18, 15, 39, 2, 0, 0.17%, 7, 0, 7, 137.07
1735130250, 18, 17, 39, 2, 0, 0.17%, 7, 0, 7, 144.14
1735130281, 19, 11, 39, 2, 0, 0.17%, 7, 0, 7, 137.00
1735130286, 19, 13, 39, 2, 0, 0.17%, 7, 0, 7, 138.80
1735130291, 19, 15, 39, 2, 0, 0.17%, 7, 0, 7, 137.09
1735130297, 19, 24, 39, 2, 0, 0.17%, 7, 0, 7, 200.35
1735130353, 19, 32, 39, 1, 0, 0.17%, 7, 0, 7, 161.49
1735130399, 20, 10, 39, 0, 0, 0.17%, 7, 0, 7, 149.02
1735130404, 20, 12, 39, 0, 0, 0.17%, 7, 0, 7, 146.17
1735130409, 20, 15, 39, 0, 0, 0.17%, 7, 0, 7, 136.43
1735130414, 21, 10, 39, 0, 0, 0.17%, 7, 0, 7, 137.12
1735130419, 21, 12, 39, 0, 0, 0.17%, 7, 0, 7, 139.37
1735130424, 21, 15, 39, 0, 0, 0.17%, 7, 0, 7, 144.15
1735130429, 21, 18, 39, 0, 0, 0.17%, 7, 0, 7, 147.14
1735130445, 21, 29, 39, 0, 0, 0.17%, 7, 0, 7, 142.74
1735130475, 22, 11, 39, 0, 0, 0.17%, 7, 0, 7, 137.92
1735130480, 22, 13, 39, 0, 0, 0.17%, 7, 0, 7, 139.45
1735130485, 22, 15, 39, 0, 0, 0.17%, 7, 0, 7, 135.00
1735130491, 22, 18, 39, 0, 0, 0.17%, 7, 0, 7, 142.62
1735130506, 22, 19, 39, 0, 0, 0.17%, 7, 0, 7, 143.96
1735130511, 23, 10, 39, 0, 0, 0.17%, 7, 0, 7, 132.92
1735130517, 23, 13, 39, 0, 0, 0.17%, 7, 0, 7, 140.39
1735130522, 23, 15, 39, 0, 0, 0.17%, 7, 0, 7, 136.10
1735130527, 24, 10, 39, 0, 0, 0.17%, 7, 0, 7, 138.87
1735130532, 24, 12, 39, 0, 0, 0.17%, 7, 0, 7, 138.29
1735130537, 24, 15, 39, 0, 0, 0.17%, 7, 0, 7, 142.39
1735130542, 24, 25, 39, 0, 0, 0.17%, 7, 0, 7, 144.23
1735130553, 25, 10, 39, 0, 0, 0.17%, 7, 0, 7, 140.78
1735130558, 25, 12, 39, 0, 0, 0.17%, 7, 0, 7, 139.13
1735130563, 25, 15, 39, 0, 0, 0.17%, 7, 0, 7, 136.38
1735130568, 25, 16, 39, 0, 0, 0.17%, 7, 0, 7, 144.63
1735130588, 25, 18, 39, 0, 0, 0.17%, 7, 0, 7, 141.86
1735130599, 25, 23, 39, 0, 0, 0.17%, 7, 0, 7, 169.23
1735130614, 25, 29, 39, 0, 0, 0.17%, 7, 0, 7, 145.77
1735130629, 26, 10, 39, 0, 0, 0.17%, 7, 0, 7, 142.53
1735130634, 26, 12, 39, 0, 0, 0.17%, 7, 0, 7, 136.19
1735130639, 26, 15, 39, 0, 0, 0.17%, 7, 0, 7, 139.93
1735130645, 26, 24, 39, 0, 0, 0.17%, 7, 0, 7, 151.26
1735130665, 26, 25, 39, 0, 0, 0.17%, 7, 0, 7, 146.96
1735130675, 27, 10, 39, 0, 0, 0.17%, 7, 0, 7, 143.11
1735130680, 27, 12, 39, 0, 0, 0.17%, 7, 0, 7, 139.90
1735130685, 27, 15, 39, 0, 0, 0.17%, 7, 0, 7, 133.78
1735130696, 28, 12, 39, 0, 0, 0.17%, 7, 0, 7, 139.93
1735130701, 28, 13, 39, 0, 0, 0.17%, 7, 0, 7, 141.79
1735130706, 28, 14, 39, 0, 0, 0.17%, 7, 0, 7, 144.73
1735130727, 28, 15, 39, 0, 0, 0.17%, 7, 0, 7, 146.19
1735130732, 28, 26, 39, 0, 0, 0.17%, 7, 0, 7, 164.28
1735130757, 28, 37, 39, 0, 0, 0.17%, 7, 0, 7, 149.45
1735130783, 29, 12, 39, 0, 0, 0.17%, 7, 0, 7, 135.35
1735130788, 29, 13, 39, 0, 0, 0.17%, 7, 0, 7, 144.12
1735130793, 29, 15, 39, 0, 0, 0.17%, 7, 0, 7, 137.60
1735130798, 29, 38, 39, 0, 0, 0.17%, 7, 0, 7, 158.13
1735130814, 30, 11, 39, 0, 0, 0.17%, 7, 0, 7, 140.02
1735130819, 30, 13, 39, 0, 0, 0.17%, 7, 0, 7, 134.30
1735130824, 30, 15, 39, 0, 0, 0.17%, 7, 0, 7, 148.24
1735130829, 30, 16, 39, 0, 0, 0.17%, 7, 0, 7, 150.49
1735130839, 30, 36, 39, 0, 0, 0.17%, 7, 0, 7, 163.27
1735130865, 31, 10, 39, 0, 0, 0.17%, 7, 0, 7, 141.22
1735130870, 31, 12, 39, 0, 0, 0.17%, 7, 0, 7, 134.65
1735130875, 31, 15, 39, 0, 0, 0.17%, 7, 0, 7, 138.92
1735130880, 32, 10, 39, 0, 0, 0.17%, 7, 0, 7, 146.71
1735130885, 32, 12, 39, 0, 0, 0.17%, 7, 0, 7, 140.20
1735130891, 32, 15, 39, 0, 0, 0.17%, 7, 0, 7, 149.58
1735130896, 33, 10, 39, 0, 0, 0.17%, 7, 0, 7, 144.39
1735130901, 33, 12, 39, 0, 0, 0.17%, 7, 0, 7, 135.49
1735130906, 33, 13, 39, 0, 0, 0.17%, 7, 0, 7, 136.59
1735130911, 33, 15, 39, 0, 0, 0.17%, 7, 0, 7, 137.01
1735130916, 34, 11, 39, 0, 0, 0.17%, 7, 0, 7, 141.19
1735130921, 34, 13, 39, 0, 0, 0.17%, 7, 0, 7, 136.88
1735130927, 34, 15, 39, 0, 0, 0.17%, 7, 0, 7, 143.29
1735130932, 34, 22, 39, 0, 0, 0.17%, 7, 0, 7, 149.75
1735130952, 34, 28, 39, 0, 0, 0.17%, 7, 0, 7, 150.39
1735130978, 35, 10, 39, 0, 0, 0.17%, 7, 0, 7, 129.65
1735130983, 35, 12, 39, 0, 0, 0.17%, 7, 0, 7, 138.52
1735130988, 35, 15, 39, 0, 0, 0.17%, 7, 0, 7, 140.00
1735130993, 36, 10, 39, 0, 0, 0.17%, 7, 0, 7, 140.83
1735130998, 36, 12, 39, 0, 0, 0.17%, 7, 0, 7, 135.15
1735131004, 36, 13, 39, 0, 0, 0.17%, 7, 0, 7, 133.27
1735131009, 36, 15, 39, 0, 0, 0.17%, 7, 0, 7, 145.75
1735131014, 36, 27, 39, 0, 0, 0.17%, 7, 0, 7, 154.16
1735131024, 36, 34, 39, 0, 0, 0.17%, 7, 0, 7, 146.63
1735131055, 37, 10, 39, 0, 0, 0.17%, 7, 0, 7, 140.14
1735131060, 37, 12, 39, 0, 0, 0.17%, 7, 0, 7, 136.66
1735131065, 37, 15, 39, 0, 0, 0.17%, 7, 0, 7, 133.63
1735131071, 38, 3, 39, 0, 0, 0.17%, 7, 0, 7, 145.99
1735131076, 38, 11, 39, 0, 0, 0.17%, 7, 0, 7, 143.72
1735131081, 38, 13, 39, 0, 0, 0.17%, 7, 0, 7, 137.37
1735131086, 38, 15, 39, 0, 0, 0.17%, 7, 0, 7, 138.95
1735131091, 38, 28, 39, 0, 0, 0.17%, 7, 0, 7, 152.42
1735131106, 39, 11, 39, 0, 0, 0.17%, 7, 0, 7, 142.88
1735131112, 39, 13, 39, 0, 0, 0.17%, 7, 0, 7, 137.35
1735131117, 39, 15, 39, 0, 0, 0.17%, 7, 0, 7, 140.06
1735131122, 39, 21, 39, 0, 0, 0.17%, 7, 0, 7, 159.75
1735131142, 39, 23, 39, 0, 0, 0.17%, 7, 0, 7, 163.46
1735131153, 40, 11, 39, 0, 0, 0.17%, 7, 0, 7, 133.29
1735131158, 40, 13, 39, 0, 0, 0.17%, 7, 0, 7, 141.53
1735131163, 40, 15, 39, 0, 0, 0.17%, 7, 0, 7, 143.83
1735131168, 40, 37, 39, 0, 0, 0.17%, 7, 0, 7, 151.50
1735131178, 41, 12, 39, 0, 0, 0.17%, 7, 0, 7, 147.21
1735131184, 41, 13, 39, 0, 0, 0.17%, 7, 0, 7, 143.60
1735131189, 41, 15, 39, 0, 0, 0.17%, 7, 0, 7, 132.68
1735131194, 41, 23, 39, 0, 0, 0.17%, 7, 0, 7, 167.42
1735131199, 42, 10, 39, 0, 0, 0.17%, 7, 0, 7, 148.84
1735131204, 42, 12, 39, 0, 0, 0.17%, 7, 0, 7, 142.69
1735131209, 42, 15, 39, 0, 0, 0.17%, 7, 0, 7, 145.75
1735131215, 42, 37, 39, 0, 0, 0.17%, 7, 0, 7, 144.00
1735131225, 43, 10, 39, 0, 0, 0.17%, 7, 0, 7, 144.30
1735131230, 43, 12, 39, 0, 0, 0.17%, 7, 0, 7, 140.98
1735131235, 43, 14, 39, 0, 0, 0.17%, 7, 0, 7, 143.19
1735131246, 43, 15, 39, 0, 0, 0.17%, 7, 0, 7, 143.57
1735131251, 43, 20, 39, 0, 0, 0.17%, 7, 0, 7, 143.83
1735131271, 44, 6, 39, 0, 0, 0.17%, 7, 0, 7, 139.93
1735131276, 44, 11, 39, 0, 0, 0.17%, 7, 0, 7, 136.25
1735131282, 44, 13, 39, 0, 0, 0.17%, 7, 0, 7, 138.93
1735131287, 44, 15, 39, 0, 0, 0.17%, 7, 0, 7, 136.71
1735131292, 44, 18, 39, 0, 0, 0.17%, 7, 0, 7, 140.39
1735131297, 45, 5, 39, 0, 0, 0.17%, 7, 0, 7, 138.16
1735131302, 45, 11, 39, 0, 0, 0.17%, 7, 0, 7, 138.34
1735131307, 45, 13, 39, 0, 0, 0.17%, 7, 0, 7, 139.06
1735131313, 45, 15, 39, 0, 0, 0.17%, 7, 0, 7, 133.35
1735131318, 46, 11, 39, 0, 0, 0.17%, 7, 0, 7, 141.62
1735131323, 46, 13, 39, 0, 0, 0.17%, 7, 0, 7, 144.05
1735131328, 46, 15, 39, 0, 0, 0.17%, 7, 0, 7, 142.78
1735131333, 46, 17, 39, 0, 0, 0.17%, 7, 0, 7, 141.96
1735131349, 46, 38, 39, 0, 0, 0.17%, 7, 0, 7, 146.58
1735131354, 47, 10, 39, 0, 0, 0.17%, 7, 0, 7, 137.75
1735131359, 47, 12, 39, 0, 0, 0.17%, 7, 0, 7, 136.76
1735131364, 47, 13, 39, 0, 0, 0.17%, 7, 0, 7, 136.35
1735131369, 47, 15, 39, 0, 0, 0.17%, 7, 0, 7, 142.72
1735131375, 47, 26, 39, 0, 0, 0.17%, 7, 0, 7, 143.06
1735131390, 48, 10, 39, 0, 0, 0.17%, 7, 0, 7, 152.66
1735131395, 48, 12, 39, 0, 0, 0.17%, 7, 0, 7, 137.94
1735131400, 48, 15, 39, 0, 0, 0.17%, 7, 0, 7, 137.93
1735131405, 48, 36, 39, 0, 0, 0.17%, 7, 0, 7, 145.50
1735131421, 49, 7, 39, 0, 0, 0.17%, 7, 0, 7, 138.99
1735131426, 49, 11, 39, 0, 0, 0.17%, 7, 0, 7, 138.50
1735131431, 49, 13, 39, 0, 0, 0.17%, 7, 0, 7, 136.66
1735131436, 49, 15, 39, 0, 0, 0.17%, 7, 0, 7, 139.32
1735131441, 50, 10, 39, 0, 0, 0.17%, 7, 0, 7, 134.75
1735131446, 50, 12, 39, 0, 0, 0.17%, 7, 0, 7, 139.25
1735131452, 50, 15, 39, 0, 0, 0.17%, 7, 0, 7, 139.64
1735131457, 50, 28, 39, 0, 0, 0.17%, 7, 0, 7, 143.81
1735131472, 50, 31, 39, 0, 0, 0.17%, 7, 0, 7, 141.43
1735131503, 50, 35, 39, 0, 0, 0.17%, 7, 0, 7, 154.31
1735131533, 51, 10, 39, 0, 0, 0.17%, 7, 0, 7, 135.91
1735131539, 51, 12, 39, 0, 0, 0.17%, 7, 0, 7, 140.64
1735131544, 51, 15, 39, 0, 0, 0.17%, 7, 0, 7, 134.44
1735131549, 51, 35, 39, 0, 0, 0.17%, 7, 0, 7, 140.59
1735131564, 52, 10, 39, 0, 0, 0.17%, 7, 0, 7, 126.13
1735131569, 52, 12, 39, 0, 0, 0.17%, 7, 0, 7, 141.13
1735131575, 52, 15, 39, 0, 0, 0.17%, 7, 0, 7, 141.77
1735131580, 52, 23, 39, 0, 0, 0.17%, 7, 0, 7, 146.23
1735131585, 53, 10, 39, 0, 0, 0.17%, 7, 0, 7, 148.56
1735131590, 53, 12, 39, 0, 0, 0.17%, 7, 0, 7, 135.32
1735131595, 53, 15, 39, 0, 0, 0.17%, 7, 0, 7, 137.33
1735131600, 53, 33, 39, 0, 0, 0.17%, 7, 0, 7, 138.39
1735131621, 54, 10, 39, 0, 0, 0.17%, 7, 0, 7, 133.42
1735131626, 54, 12, 39, 0, 0, 0.17%, 7, 0, 7, 139.68
1735131631, 54, 13, 39, 0, 0, 0.17%, 7, 0, 7, 137.61
1735131636, 54, 15, 39, 0, 0, 0.17%, 7, 0, 7, 142.78
1735131641, 55, 11, 39, 0, 0, 0.17%, 7, 0, 7, 140.07
1735131646, 55, 13, 39, 0, 0, 0.17%, 7, 0, 7, 138.65
1735131652, 55, 15, 39, 0, 0, 0.17%, 7, 0, 7, 138.65
1735131657, 56, 2, 39, 0, 0, 0.17%, 7, 0, 7, 143.65
1735131662, 56, 10, 39, 0, 0, 0.17%, 7, 0, 7, 140.22
1735131667, 56, 13, 39, 0, 0, 0.17%, 7, 0, 7, 142.71
1735131672, 56, 15, 39, 0, 0, 0.17%, 7, 0, 7, 135.94
1735131677, 56, 16, 39, 0, 0, 0.17%, 7, 0, 7, 134.95
1735131687, 56, 30, 39, 0, 0, 0.17%, 7, 0, 7, 143.98
1735131718, 57, 10, 39, 0, 0, 0.17%, 7, 0, 7, 132.23
1735131723, 57, 12, 39, 0, 0, 0.17%, 7, 0, 7, 134.23
1735131729, 57, 13, 39, 0, 0, 0.17%, 7, 0, 7, 136.32
1735131734, 57, 15, 39, 0, 0, 0.17%, 7, 0, 7, 144.79
1735131739, 57, 20, 39, 0, 0, 0.17%, 7, 0, 7, 141.67
1735131749, 58, 11, 39, 0, 0, 0.17%, 7, 0, 7, 135.60
1735131754, 58, 13, 39, 0, 0, 0.17%, 7, 0, 7, 141.31
1735131759, 58, 15, 39, 0, 0, 0.17%, 7, 0, 7, 139.87
1735131764, 58, 20, 39, 0, 0, 0.17%, 7, 0, 7, 142.12
1735131775, 59, 11, 39, 0, 0, 0.17%, 7, 0, 7, 135.57
1735131780, 59, 13, 39, 0, 0, 0.17%, 7, 0, 7, 140.68
1735131785, 59, 15, 39, 0, 0, 0.17%, 7, 0, 7, 139.05
1735131790, 59, 24, 39, 0, 0, 0.17%, 7, 0, 7, 158.21
1735131800, 60, 11, 39, 0, 0, 0.17%, 7, 0, 7, 140.59
1735131806, 60, 13, 39, 0, 0, 0.17%, 7, 0, 7, 139.23
1735131811, 60, 15, 39, 0, 0, 0.17%, 7, 0, 7, 140.38
1735131816, 61, 10, 39, 0, 0, 0.17%, 7, 0, 7, 144.88
1735131821, 61, 12, 39, 0, 0, 0.17%, 7, 0, 7, 139.83
1735131826, 61, 13, 39, 0, 0, 0.17%, 7, 0, 7, 135.43
1735131831, 61, 15, 39, 0, 0, 0.17%, 7, 0, 7, 145.91
1735131836, 62, 11, 39, 0, 0, 0.17%, 7, 0, 7, 143.22
1735131842, 62, 13, 39, 0, 0, 0.17%, 7, 0, 7, 139.43
1735131847, 62, 15, 39, 0, 0, 0.17%, 7, 0, 7, 138.58
1735131852, 62, 16, 39, 0, 0, 0.17%, 7, 0, 7, 149.83
1735131857, 62, 17, 39, 0, 0, 0.17%, 7, 0, 7, 140.92
1735131872, 63, 11, 39, 0, 0, 0.17%, 7, 0, 7, 131.21
1735131878, 63, 13, 39, 0, 0, 0.17%, 7, 0, 7, 138.21
1735131883, 63, 15, 39, 0, 0, 0.17%, 7, 0, 7, 136.55
1735131888, 64, 11, 39, 0, 0, 0.17%, 7, 0, 7, 137.06
1735131893, 64, 13, 39, 0, 0, 0.17%, 7, 0, 7, 138.06
1735131898, 64, 15, 39, 0, 0, 0.17%, 7, 0, 7, 139.72
1735131903, 64, 34, 39, 0, 0, 0.17%, 7, 0, 7, 145.33
1735131919, 65, 11, 39, 0, 0, 0.17%, 7, 0, 7, 139.36
1735131924, 65, 13, 39, 0, 0, 0.17%, 7, 0, 7, 141.26
1735131929, 65, 15, 39, 0, 0, 0.17%, 7, 0, 7, 135.96
1735131935, 65, 18, 39, 0, 0, 0.17%, 7, 0, 7, 138.76
1735131940, 65, 23, 39, 0, 0, 0.17%, 7, 0, 7, 162.78
1735131945, 66, 10, 39, 0, 0, 0.17%, 7, 0, 7, 147.50
1735131950, 66, 12, 39, 0, 0, 0.17%, 7, 0, 7, 142.08
1735131955, 66, 15, 39, 0, 0, 0.17%, 7, 0, 7, 137.32
1735131960, 67, 2, 39, 0, 0, 0.17%, 7, 0, 7, 141.78
1735131965, 67, 11, 39, 0, 0, 0.17%, 7, 0, 7, 144.90
1735131970, 67, 13, 39, 0, 0, 0.17%, 7, 0, 7, 143.03
1735131976, 67, 15, 39, 0, 0, 0.17%, 7, 0, 7, 139.15
1735131981, 67, 37, 39, 0, 0, 0.17%, 7, 0, 7, 143.67
1735131986, 68, 10, 39, 0, 0, 0.17%, 7, 0, 7, 137.96
1735131991, 68, 12, 39, 0, 0, 0.17%, 7, 0, 7, 143.62
1735131996, 68, 15, 39, 0, 0, 0.17%, 7, 0, 7, 142.99
1735132001, 68, 18, 39, 0, 0, 0.17%, 7, 0, 7, 146.63
1735132012, 68, 35, 39, 0, 0, 0.17%, 7, 0, 7, 177.27
1735132022, 69, 10, 39, 0, 0, 0.17%, 7, 0, 7, 138.23
1735132027, 69, 12, 39, 0, 0, 0.17%, 7, 0, 7, 133.78
1735132032, 69, 13, 39, 0, 0, 0.17%, 7, 0, 7, 139.98
1735132037, 69, 15, 39, 0, 0, 0.17%, 7, 0, 7, 145.20
1735132042, 70, 12, 39, 0, 0, 0.17%, 7, 0, 7, 142.03
1735132047, 70, 13, 39, 0, 0, 0.17%, 7, 0, 7, 143.25
1735132052, 70, 14, 39, 0, 0, 0.17%, 7, 0, 7, 138.47
1735132063, 70, 15, 39, 0, 0, 0.17%, 7, 0, 7, 138.40
1735132068, 70, 23, 39, 0, 0, 0.17%, 7, 0, 7, 132.19
1735132073, 70, 32, 39, 0, 0, 0.17%, 7, 0, 7, 143.13
1735132094, 71, 12, 39, 0, 0, 0.17%, 7, 0, 7, 140.95
1735132099, 71, 13, 39, 0, 0, 0.17%, 7, 0, 7, 140.53
1735132104, 71, 15, 39, 0, 0, 0.17%, 7, 0, 7, 137.24
1735132109, 72, 10, 39, 0, 0, 0.17%, 7, 0, 7, 144.77
1735132114, 72, 12, 39, 0, 0, 0.17%, 7, 0, 7, 140.95
1735132119, 72, 15, 39, 0, 0, 0.17%, 7, 0, 7, 139.49
1735132125, 72, 16, 39, 0, 0, 0.17%, 7, 0, 7, 146.87
1735132130, 72, 33, 39, 0, 0, 0.17%, 7, 0, 7, 147.44
1735132140, 72, 38, 39, 0, 0, 0.17%, 7, 0, 7, 163.71
1735132150, 73, 11, 39, 0, 0, 0.17%, 7, 0, 7, 141.63
1735132155, 73, 13, 39, 0, 0, 0.17%, 7, 0, 7, 138.71
1735132160, 73, 15, 39, 0, 0, 0.17%, 7, 0, 7, 135.25
1735132165, 73, 31, 39, 0, 0, 0.17%, 7, 0, 7, 148.99
1735132180, 73, 37, 39, 0, 0, 0.17%, 7, 0, 7, 148.11
1735132186, 74, 11, 39, 0, 0, 0.17%, 7, 0, 7, 133.60
1735132191, 74, 13, 39, 0, 0, 0.17%, 7, 0, 7, 134.62
1735132196, 74, 15, 39, 0, 0, 0.17%, 7, 0, 7, 136.66
1735132201, 74, 25, 39, 0, 0, 0.17%, 7, 0, 7, 140.65
1735132206, 75, 10, 39, 0, 0, 0.17%, 7, 0, 7, 139.51
1735132211, 75, 12, 39, 0, 0, 0.17%, 7, 0, 7, 139.33
1735132217, 75, 15, 39, 0, 0, 0.17%, 7, 0, 7, 140.43
1735132227, 76, 12, 39, 0, 0, 0.17%, 7, 0, 7, 136.29
1735132232, 76, 13, 39, 0, 0, 0.17%, 7, 0, 7, 136.22
1735132237, 76, 15, 39, 0, 0, 0.17%, 7, 0, 7, 131.82
1735132242, 77, 11, 39, 0, 0, 0.17%, 7, 0, 7, 133.04
1735132247, 77, 13, 39, 0, 0, 0.17%, 7, 0, 7, 135.46
1735132253, 77, 15, 39, 0, 0, 0.17%, 7, 0, 7, 134.83
1735132258, 77, 20, 39, 0, 0, 0.17%, 7, 0, 7, 137.62
1735132263, 77, 37, 39, 0, 0, 0.17%, 7, 0, 7, 146.34
1735132268, 78, 11, 39, 0, 0, 0.17%, 7, 0, 7, 140.99
1735132273, 78, 13, 39, 0, 0, 0.17%, 7, 0, 7, 138.99
1735132278, 78, 15, 39, 0, 0, 0.17%, 7, 0, 7, 143.11
1735132283, 79, 10, 39, 0, 0, 0.17%, 7, 0, 7, 137.35
1735132289, 79, 13, 39, 0, 0, 0.17%, 7, 0, 7, 140.31
1735132294, 79, 15, 39, 0, 0, 0.17%, 7, 0, 7, 136.01
1735132299, 79, 31, 39, 0, 0, 0.17%, 7, 0, 7, 144.38
1735132314, 80, 10, 39, 0, 0, 0.17%, 7, 0, 7, 143.99
1735132319, 80, 12, 39, 0, 0, 0.17%, 7, 0, 7, 138.76
1735132324, 80, 13, 39, 0, 0, 0.17%, 7, 0, 7, 136.82
1735132330, 80, 15, 39, 0, 0, 0.17%, 7, 0, 7, 146.40
1735132335, 80, 16, 39, 0, 0, 0.17%, 7, 0, 7, 141.64
1735132340, 80, 33, 39, 0, 0, 0.17%, 7, 0, 7, 152.31
1735132350, 81, 12, 39, 0, 0, 0.17%, 7, 0, 7, 141.89
1735132355, 81, 13, 39, 0, 0, 0.17%, 7, 0, 7, 132.52
1735132360, 81, 15, 39, 0, 0, 0.17%, 7, 0, 7, 141.68
1735132366, 81, 29, 39, 0, 0, 0.17%, 7, 0, 7, 149.21
1735132376, 82, 10, 39, 0, 0, 0.17%, 7, 0, 7, 147.63
1735132381, 82, 12, 39, 0, 0, 0.17%, 7, 0, 7, 139.84
1735132386, 82, 13, 39, 0, 0, 0.17%, 7, 0, 7, 138.84
1735132391, 82, 15, 39, 0, 0, 0.17%, 7, 0, 7, 144.95
1735132396, 83, 11, 39, 0, 0, 0.17%, 7, 0, 7, 143.74
1735132401, 83, 13, 39, 0, 0, 0.17%, 7, 0, 7, 134.44
1735132406, 83, 15, 39, 0, 0, 0.17%, 7, 0, 7, 135.35
1735132411, 83, 32, 39, 0, 0, 0.17%, 7, 0, 7, 142.80
1735132422, 84, 11, 39, 0, 0, 0.17%, 7, 0, 7, 146.36
1735132427, 84, 13, 39, 0, 0, 0.17%, 7, 0, 7, 140.14
1735132432, 84, 14, 39, 0, 0, 0.17%, 7, 0, 7, 139.84
1735132437, 84, 15, 39, 0, 0, 0.17%, 7, 0, 7, 139.76
1735132442, 84, 25, 39, 0, 0, 0.17%, 7, 0, 7, 138.19
1735132447, 84, 27, 39, 0, 0, 0.17%, 7, 0, 7, 156.35
1735132457, 84, 30, 39, 0, 0, 0.17%, 7, 0, 7, 155.61
1735132473, 84, 37, 39, 0, 0, 0.17%, 7, 0, 7, 144.09
1735132478, 85, 11, 39, 0, 0, 0.17%, 7, 0, 7, 136.14
1735132483, 85, 13, 39, 0, 0, 0.17%, 7, 0, 7, 134.06
1735132488, 85, 15, 39, 0, 0, 0.17%, 7, 0, 7, 133.07
1735132493, 85, 16, 39, 0, 0, 0.17%, 7, 0, 7, 144.60
1735132499, 85, 34, 39, 0, 0, 0.17%, 7, 0, 7, 144.27
1735132514, 86, 10, 39, 0, 0, 0.17%, 7, 0, 7, 138.17
1735132519, 86, 12, 39, 0, 0, 0.17%, 7, 0, 7, 135.53
1735132525, 86, 15, 39, 0, 0, 0.17%, 7, 0, 7, 143.68
1735132530, 86, 33, 39, 0, 0, 0.17%, 7, 0, 7, 139.19
1735132535, 87, 10, 39, 0, 0, 0.17%, 7, 0, 7, 136.17
1735132540, 87, 12, 39, 0, 0, 0.17%, 7, 0, 7, 135.54
1735132545, 87, 15, 39, 0, 0, 0.17%, 7, 0, 7, 139.84
1735132550, 88, 5, 39, 0, 0, 0.17%, 7, 0, 7, 143.14
1735132556, 88, 10, 39, 0, 0, 0.17%, 7, 0, 7, 141.45
1735132561, 88, 12, 39, 0, 0, 0.17%, 7, 0, 7, 138.94
1735132566, 88, 15, 39, 0, 0, 0.17%, 7, 0, 7, 137.13
1735132571, 88, 16, 39, 0, 0, 0.17%, 7, 0, 7, 147.76
1735132576, 89, 10, 39, 0, 0, 0.17%, 7, 0, 7, 142.45
1735132581, 89, 12, 39, 0, 0, 0.17%, 7, 0, 7, 136.20
1735132586, 89, 15, 39, 0, 0, 0.17%, 7, 0, 7, 141.85
1735132592, 89, 33, 39, 0, 0, 0.17%, 7, 0, 7, 140.08
1735132597, 90, 2, 39, 0, 0, 0.17%, 7, 0, 7, 140.26
1735132602, 90, 10, 39, 0, 0, 0.17%, 7, 0, 7, 143.38
1735132607, 90, 12, 39, 0, 0, 0.17%, 7, 0, 7, 139.29
1735132612, 90, 15, 39, 0, 0, 0.17%, 7, 0, 7, 135.56
1735132617, 90, 19, 39, 0, 0, 0.17%, 7, 0, 7, 140.99
1735132623, 91, 10, 39, 0, 0, 0.17%, 7, 0, 7, 137.24
1735132628, 91, 12, 39, 0, 0, 0.17%, 7, 0, 7, 139.84
1735132633, 91, 13, 39, 0, 0, 0.17%, 7, 0, 7, 136.02
1735132638, 91, 15, 39, 0, 0, 0.17%, 7, 0, 7, 131.23
1735132643, 91, 22, 39, 0, 0, 0.17%, 7, 0, 7, 138.62
1735132654, 91, 29, 39, 0, 0, 0.17%, 7, 0, 7, 141.82
1735132659, 91, 33, 39, 0, 0, 0.17%, 7, 0, 7, 142.76
1735132664, 92, 10, 39, 0, 0, 0.17%, 7, 0, 7, 136.94
1735132669, 92, 12, 39, 0, 0, 0.17%, 7, 0, 7, 135.80
1735132674, 92, 15, 39, 0, 0, 0.17%, 7, 0, 7, 135.23
1735132679, 93, 10, 39, 0, 0, 0.17%, 7, 0, 7, 137.56
1735132685, 93, 12, 39, 0, 0, 0.17%, 7, 0, 7, 135.22
1735132690, 93, 13, 39, 0, 0, 0.17%, 7, 0, 7, 140.57
1735132695, 93, 33, 39, 0, 0, 0.17%, 7, 0, 7, 143.28
1735132700, 93, 36, 39, 0, 0, 0.17%, 7, 0, 7, 153.01
1735132716, 93, 38, 39, 0, 0, 0.17%, 7, 0, 7, 149.00
1735132726, 94, 11, 39, 0, 0, 0.17%, 7, 0, 7, 139.81
1735132731, 94, 13, 39, 0, 0, 0.17%, 7, 0, 7, 140.76
1735132736, 94, 15, 39, 0, 0, 0.17%, 7, 0, 7, 138.59
1735132741, 95, 10, 39, 0, 0, 0.17%, 7, 0, 7, 137.33
1735132746, 95, 12, 39, 0, 0, 0.17%, 7, 0, 7, 138.44
1735132751, 95, 15, 39, 0, 0, 0.17%, 7, 0, 7, 140.74
1735132756, 95, 34, 39, 0, 0, 0.17%, 7, 0, 7, 141.43
1735132767, 96, 11, 39, 0, 0, 0.17%, 7, 0, 7, 141.48
1735132772, 96, 13, 39, 0, 0, 0.17%, 7, 0, 7, 135.73
1735132777, 96, 15, 39, 0, 0, 0.17%, 7, 0, 7, 135.11
1735132782, 97, 10, 39, 0, 0, 0.17%, 7, 0, 7, 137.48
1735132787, 97, 12, 39, 0, 0, 0.17%, 7, 0, 7, 129.70
1735132792, 97, 15, 39, 0, 0, 0.17%, 7, 0, 7, 137.00
1735132798, 98, 9, 39, 0, 0, 0.17%, 7, 0, 7, 136.21
1735132803, 98, 11, 39, 0, 0, 0.17%, 7, 0, 7, 138.77
1735132808, 98, 13, 39, 0, 0, 0.17%, 7, 0, 7, 136.76
1735132813, 98, 15, 39, 0, 0, 0.17%, 7, 0, 7, 132.15
1735132818, 99, 11, 39, 0, 0, 0.17%, 7, 0, 7, 135.93
1735132823, 99, 13, 39, 0, 0, 0.17%, 7, 0, 7, 141.43
1735132829, 99, 15, 39, 0, 0, 0.17%, 7, 0, 7, 132.68
1735132834, 99, 26, 39, 0, 0, 0.17%, 7, 0, 7, 153.92
1735132849, 99, 34, 39, 0, 0, 0.17%, 7, 0, 7, 146.28
1735132859, 100, 11, 39, 0, 0, 0.17%, 7, 0, 7, 137.12
1735132864, 100, 13, 39, 0, 0, 0.17%, 7, 0, 7, 144.92
1735132870, 100, 15, 39, 0, 0, 0.17%, 7, 0, 7, 146.41
1735132875, 100, 26, 39, 0, 0, 0.17%, 7, 0, 7, 154.69
1735132880, 101, 10, 39, 0, 0, 0.17%, 7, 0, 7, 143.66
1735132885, 101, 13, 39, 0, 0, 0.17%, 7, 0, 7, 138.83
1735132890, 101, 15, 39, 0, 0, 0.17%, 7, 0, 7, 145.37
1735132895, 101, 35, 39, 0, 0, 0.17%, 7, 0, 7, 168.56
1735132900, 102, 10, 39, 0, 0, 0.17%, 7, 0, 7, 152.41
1735132906, 102, 12, 39, 0, 0, 0.17%, 7, 0, 7, 138.71
1735132911, 102, 15, 39, 0, 0, 0.17%, 7, 0, 7, 142.23
1735132916, 102, 21, 39, 0, 0, 0.17%, 7, 0, 7, 153.50
1735132926, 103, 10, 39, 0, 0, 0.17%, 7, 0, 7, 136.13
1735132931, 103, 12, 39, 0, 0, 0.17%, 7, 0, 7, 132.75
1735132937, 103, 15, 39, 0, 0, 0.17%, 7, 0, 7, 139.09
1735132942, 103, 28, 39, 0, 0, 0.17%, 7, 0, 7, 139.31
1735132952, 104, 11, 39, 0, 0, 0.17%, 7, 0, 7, 137.50
1735132957, 104, 13, 39, 0, 0, 0.17%, 7, 0, 7, 134.20
1735132962, 104, 15, 39, 0, 0, 0.17%, 7, 0, 7, 135.69
1735132967, 105, 10, 39, 0, 0, 0.17%, 7, 0, 7, 137.09
1735132973, 105, 12, 39, 0, 0, 0.17%, 7, 0, 7, 136.32
1735132978, 105, 13, 39, 0, 0, 0.17%, 7, 0, 7, 136.96
1735132983, 105, 15, 39, 0, 0, 0.17%, 7, 0, 7, 142.53
1735132988, 106, 10, 39, 0, 0, 0.17%, 7, 0, 7, 142.03
1735132993, 106, 13, 39, 0, 0, 0.17%, 7, 0, 7, 140.10
1735132998, 106, 15, 39, 0, 0, 0.17%, 7, 0, 7, 136.95
1735133003, 106, 24, 39, 0, 0, 0.17%, 7, 0, 7, 146.77
1735133013, 107, 10, 39, 0, 0, 0.17%, 7, 0, 7, 144.10
1735133018, 107, 12, 39, 0, 0, 0.17%, 7, 0, 7, 142.80
1735133024, 107, 15, 39, 0, 0, 0.17%, 7, 0, 7, 140.94
1735133029, 107, 19, 39, 0, 0, 0.17%, 7, 0, 7, 141.37
1735133034, 108, 4, 39, 0, 0, 0.17%, 7, 0, 7, 135.21
1735133039, 108, 11, 39, 0, 0, 0.17%, 7, 0, 7, 136.84
1735133044, 108, 13, 39, 0, 0, 0.17%, 7, 0, 7, 140.82
1735133049, 108, 15, 39, 0, 0, 0.17%, 7, 0, 7, 141.62
1735133055, 109, 10, 39, 0, 0, 0.17%, 7, 0, 7, 139.98
1735133060, 109, 13, 39, 0, 0, 0.17%, 7, 0, 7, 141.27
1735133065, 109, 15, 39, 0, 0, 0.17%, 7, 0, 7, 136.58
1735133070, 109, 23, 39, 0, 0, 0.17%, 7, 0, 7, 149.22
1735133075, 109, 30, 39, 0, 0, 0.17%, 7, 0, 7, 149.80
1735133091, 110, 9, 39, 0, 0, 0.17%, 7, 0, 7, 143.69
1735133096, 110, 12, 39, 0, 0, 0.17%, 7, 0, 7, 146.03
1735133101, 110, 13, 39, 0, 0, 0.17%, 7, 0, 7, 137.09
1735133106, 110, 15, 39, 0, 0, 0.17%, 7, 0, 7, 144.39
1735133111, 110, 29, 39, 0, 0, 0.17%, 7, 0, 7, 141.67
1735133117, 111, 10, 39, 0, 0, 0.17%, 7, 0, 7, 139.98
1735133122, 111, 12, 39, 0, 0, 0.17%, 7, 0, 7, 138.38
1735133127, 111, 15, 39, 0, 0, 0.17%, 7, 0, 7, 136.14
1735133132, 111, 35, 39, 0, 0, 0.17%, 7, 0, 7, 147.69
1735133142, 112, 11, 39, 0, 0, 0.17%, 7, 0, 7, 140.49
1735133147, 112, 13, 39, 0, 0, 0.17%, 7, 0, 7, 148.18
1735133153, 112, 15, 39, 0, 0, 0.17%, 7, 0, 7, 139.98
1735133158, 113, 10, 39, 0, 0, 0.17%, 7, 0, 7, 135.51
1735133163, 113, 12, 39, 0, 0, 0.17%, 7, 0, 7, 136.30
1735133168, 113, 15, 39, 0, 0, 0.17%, 7, 0, 7, 137.95
1735133173, 113, 23, 39, 0, 0, 0.17%, 7, 0, 7, 157.50
1735133178, 113, 26, 39, 0, 0, 0.17%, 7, 0, 7, 162.28
1735133189, 113, 30, 39, 0, 0, 0.17%, 7, 0, 7, 142.96
1735133194, 113, 37, 39, 0, 0, 0.17%, 7, 0, 7, 137.64
1735133199, 114, 10, 39, 0, 0, 0.17%, 7, 0, 7, 136.23
1735133204, 114, 12, 39, 0, 0, 0.17%, 7, 0, 7, 133.13
1735133209, 114, 13, 39, 0, 0, 0.17%, 7, 0, 7, 147.39
1735133214, 115, 10, 39, 0, 0, 0.17%, 7, 0, 7, 151.45
1735133220, 115, 12, 39, 0, 0, 0.17%, 7, 0, 7, 142.02
1735133225, 115, 13, 39, 0, 0, 0.17%, 7, 0, 7, 135.63
1735133230, 115, 15, 39, 0, 0, 0.17%, 7, 0, 7, 139.05
1735133235, 116, 10, 39, 0, 0, 0.17%, 7, 0, 7, 142.88
1735133240, 116, 12, 39, 0, 0, 0.17%, 7, 0, 7, 137.97
1735133246, 116, 13, 39, 0, 0, 0.17%, 7, 0, 7, 138.37
1735133251, 116, 14, 39, 0, 0, 0.17%, 7, 0, 7, 135.52
1735133256, 116, 15, 39, 0, 0, 0.17%, 7, 0, 7, 149.02
1735133261, 117, 11, 39, 0, 0, 0.17%, 7, 0, 7, 141.92
1735133266, 117, 13, 39, 0, 0, 0.17%, 7, 0, 7, 141.10
1735133271, 117, 15, 39, 0, 0, 0.17%, 7, 0, 7, 141.57
1735133277, 117, 16, 39, 0, 0, 0.17%, 7, 0, 7, 134.72
1735133282, 118, 11, 39, 0, 0, 0.17%, 7, 0, 7, 136.11
1735133287, 118, 13, 39, 0, 0, 0.17%, 7, 0, 7, 135.80
1735133292, 118, 15, 39, 0, 0, 0.17%, 7, 0, 7, 134.14
1735133297, 119, 10, 39, 0, 0, 0.17%, 7, 0, 7, 137.35
1735133303, 119, 12, 39, 0, 0, 0.17%, 7, 0, 7, 135.09
1735133308, 119, 15, 39, 0, 0, 0.17%, 7, 0, 7, 141.76
1735133313, 119, 26, 39, 0, 0, 0.17%, 7, 0, 7, 145.95
1735133323, 120, 10, 39, 0, 0, 0.17%, 7, 0, 7, 139.36
1735133328, 120, 13, 39, 0, 0, 0.17%, 7, 0, 7, 144.08
1735133333, 120, 15, 39, 0, 0, 0.17%, 7, 0, 7, 131.73
1735133338, 120, 32, 39, 0, 0, 0.17%, 7, 0, 7, 143.80
1735133349, 121, 10, 39, 0, 0, 0.17%, 7, 0, 7, 147.89
1735133354, 121, 12, 39, 0, 0, 0.17%, 7, 0, 7, 138.81
1735133359, 121, 15, 39, 0, 0, 0.17%, 7, 0, 7, 134.93
1735133364, 122, 5, 39, 0, 0, 0.17%, 7, 0, 7, 139.11
1735133369, 122, 10, 39, 0, 0, 0.17%, 7, 0, 7, 140.25
1735133374, 122, 13, 39, 0, 0, 0.17%, 7, 0, 7, 140.26
1735133379, 122, 15, 39, 0, 0, 0.17%, 7, 0, 7, 132.03
1735133384, 122, 33, 39, 0, 0, 0.17%, 7, 0, 7, 137.83
1735133389, 122, 36, 39, 0, 0, 0.17%, 7, 0, 7, 152.78
1735133400, 123, 11, 39, 0, 0, 0.17%, 7, 0, 7, 138.44
1735133405, 123, 13, 39, 0, 0, 0.17%, 7, 0, 7, 141.06
1735133410, 123, 15, 39, 0, 0, 0.17%, 7, 0, 7, 141.79
1735133415, 124, 10, 39, 0, 0, 0.17%, 7, 0, 7, 141.08
1735133420, 124, 12, 39, 0, 0, 0.17%, 7, 0, 7, 135.72
1735133425, 124, 15, 39, 0, 0, 0.17%, 7, 0, 7, 135.01
1735133430, 124, 21, 39, 0, 0, 0.17%, 7, 0, 7, 145.79
1735133441, 125, 5, 39, 0, 0, 0.17%, 7, 0, 7, 142.02
1735133446, 125, 11, 39, 0, 0, 0.17%, 7, 0, 7, 136.36
1735133451, 125, 13, 39, 0, 0, 0.17%, 7, 0, 7, 135.61
1735133456, 125, 15, 39, 0, 0, 0.17%, 7, 0, 7, 143.69
1735133461, 125, 22, 39, 0, 0, 0.17%, 7, 0, 7, 142.99
1735133472, 125, 33, 39, 0, 0, 0.17%, 7, 0, 7, 149.29
1735133477, 126, 11, 39, 0, 0, 0.17%, 7, 0, 7, 142.66
1735133482, 126, 13, 39, 0, 0, 0.17%, 7, 0, 7, 140.82
1735133487, 126, 15, 39, 0, 0, 0.17%, 7, 0, 7, 139.45
1735133492, 126, 25, 39, 0, 0, 0.17%, 7, 0, 7, 139.70
1735133497, 126, 34, 39, 0, 0, 0.17%, 7, 0, 7, 147.61
1735133503, 127, 3, 39, 0, 0, 0.17%, 7, 0, 7, 139.56
1735133508, 127, 11, 39, 0, 0, 0.17%, 7, 0, 7, 133.53
1735133513, 127, 13, 39, 0, 0, 0.17%, 7, 0, 7, 134.91
1735133518, 127, 15, 39, 0, 0, 0.17%, 7, 0, 7, 141.04
1735133523, 128, 11, 39, 0, 0, 0.17%, 7, 0, 7, 140.24
1735133528, 128, 13, 39, 0, 0, 0.17%, 7, 0, 7, 139.43
1735133534, 128, 15, 39, 0, 0, 0.17%, 7, 0, 7, 138.08
1735133539, 129, 10, 39, 0, 0, 0.17%, 7, 0, 7, 142.16
1735133544, 129, 12, 39, 0, 0, 0.17%, 7, 0, 7, 138.02
1735133549, 129, 15, 39, 0, 0, 0.17%, 7, 0, 7, 143.14
1735133554, 129, 37, 39, 0, 0, 0.17%, 7, 0, 7, 139.21
1735133559, 130, 6, 39, 0, 0, 0.17%, 7, 0, 7, 150.31
1735133565, 130, 11, 39, 0, 0, 0.17%, 7, 0, 7, 142.89
1735133570, 130, 13, 39, 0, 0, 0.17%, 7, 0, 7, 140.57
1735133575, 130, 15, 39, 0, 0, 0.17%, 7, 0, 7, 142.38
1735133580, 130, 17, 39, 0, 0, 0.17%, 7, 0, 7, 147.07
1735133585, 131, 10, 39, 0, 0, 0.17%, 7, 0, 7, 130.94
1735133590, 131, 12, 39, 0, 0, 0.17%, 7, 0, 7, 132.25
1735133596, 131, 15, 39, 0, 0, 0.17%, 7, 0, 7, 142.77
1735133601, 132, 10, 39, 0, 0, 0.17%, 7, 0, 7, 145.68
1735133606, 132, 12, 39, 0, 0, 0.17%, 7, 0, 7, 140.07
1735133611, 132, 15, 39, 0, 0, 0.17%, 7, 0, 7, 147.27
1735133616, 133, 7, 39, 0, 0, 0.17%, 7, 0, 7, 142.40
1735133621, 133, 11, 39, 0, 0, 0.17%, 7, 0, 7, 142.70
1735133626, 133, 13, 39, 0, 0, 0.17%, 7, 0, 7, 142.55
1735133632, 133, 15, 39, 0, 0, 0.17%, 7, 0, 7, 136.20
1735133637, 133, 32, 39, 0, 0, 0.17%, 7, 0, 7, 139.35
1735133642, 134, 10, 39, 0, 0, 0.17%, 7, 0, 7, 143.30
1735133647, 134, 13, 39, 0, 0, 0.17%, 7, 0, 7, 138.81
1735133652, 134, 15, 39, 0, 0, 0.17%, 7, 0, 7, 130.72
1735133657, 134, 18, 39, 0, 0, 0.17%, 7, 0, 7, 132.88
1735133668, 134, 26, 39, 0, 0, 0.17%, 7, 0, 7, 151.78
1735133673, 135, 10, 39, 0, 0, 0.17%, 7, 0, 7, 140.92
1735133678, 135, 12, 39, 0, 0, 0.17%, 7, 0, 7, 144.55
1735133683, 135, 15, 39, 0, 0, 0.17%, 7, 0, 7, 139.28
1735133688, 136, 10, 39, 0, 0, 0.17%, 7, 0, 7, 140.86
1735133693, 136, 12, 39, 0, 0, 0.17%, 7, 0, 7, 140.35
1735133698, 136, 15, 39, 0, 0, 0.17%, 7, 0, 7, 145.87
1735133703, 136, 25, 39, 0, 0, 0.17%, 7, 0, 7, 138.58
1735133709, 137, 10, 39, 0, 0, 0.17%, 7, 0, 7, 139.90
1735133714, 137, 12, 39, 0, 0, 0.17%, 7, 0, 7, 135.38
1735133719, 137, 13, 39, 0, 0, 0.17%, 7, 0, 7, 139.50
1735133724, 137, 15, 39, 0, 0, 0.17%, 7, 0, 7, 142.53
1735133729, 138, 12, 39, 0, 0, 0.17%, 7, 0, 7, 137.93
1735133734, 138, 13, 39, 0, 0, 0.17%, 7, 0, 7, 140.60
1735133740, 138, 15, 39, 0, 0, 0.17%, 7, 0, 7, 142.28
1735133745, 138, 20, 39, 0, 0, 0.17%, 7, 0, 7, 134.18
1735133750, 138, 28, 39, 0, 0, 0.17%, 7, 0, 7, 149.38
1735133755, 139, 10, 39, 0, 0, 0.17%, 7, 0, 7, 141.53
1735133760, 139, 12, 39, 0, 0, 0.17%, 7, 0, 7, 137.86
1735133765, 139, 13, 39, 0, 0, 0.17%, 7, 0, 7, 141.51
1735133771, 139, 15, 39, 0, 0, 0.17%, 7, 0, 7, 141.68
1735133776, 139, 18, 39, 0, 0, 0.17%, 7, 0, 7, 138.41
1735133781, 140, 10, 39, 0, 0, 0.17%, 7, 0, 7, 135.75
1735133786, 140, 12, 39, 0, 0, 0.17%, 7, 0, 7, 136.51
1735133791, 140, 15, 39, 0, 0, 0.17%, 7, 0, 7, 137.35
1735133796, 141, 7, 39, 0, 0, 0.17%, 7, 0, 7, 135.56
1735133801, 141, 11, 39, 0, 0, 0.17%, 7, 0, 7, 133.75
1735133806, 141, 13, 39, 0, 0, 0.17%, 7, 0, 7, 136.75
1735133811, 141, 15, 39, 0, 0, 0.17%, 7, 0, 7, 142.38
1735133817, 141, 18, 39, 0, 0, 0.17%, 7, 0, 7, 140.91
1735133822, 142, 10, 39, 0, 0, 0.17%, 7, 0, 7, 137.56
1735133827, 142, 12, 39, 0, 0, 0.17%, 7, 0, 7, 139.94
1735133832, 142, 15, 39, 0, 0, 0.17%, 7, 0, 7, 140.55
1735133837, 143, 10, 39, 0, 0, 0.17%, 7, 0, 7, 143.55
1735133842, 143, 12, 39, 0, 0, 0.17%, 7, 0, 7, 136.81
1735133847, 143, 13, 39, 0, 0, 0.17%, 7, 0, 7, 140.48
1735133853, 143, 15, 39, 0, 0, 0.17%, 7, 0, 7, 145.86
1735133858, 144, 10, 39, 0, 0, 0.17%, 7, 0, 7, 144.20
1735133863, 144, 12, 39, 0, 0, 0.17%, 7, 0, 7, 135.66
1735133868, 144, 13, 39, 0, 0, 0.17%, 7, 0, 7, 142.06
1735133873, 144, 15, 39, 0, 0, 0.17%, 7, 0, 7, 142.16
1735133878, 144, 27, 39, 0, 0, 0.17%, 7, 0, 7, 144.25
1735133884, 144, 29, 39, 0, 0, 0.17%, 7, 0, 7, 148.21
1735133889, 145, 10, 39, 0, 0, 0.17%, 7, 0, 7, 141.21
1735133894, 145, 12, 39, 0, 0, 0.17%, 7, 0, 7, 137.31
1735133899, 145, 13, 39, 0, 0, 0.17%, 7, 0, 7, 142.41
1735133904, 145, 15, 39, 0, 0, 0.17%, 7, 0, 7, 146.82
1735133909, 145, 17, 39, 0, 0, 0.17%, 7, 0, 7, 135.49
1735133915, 145, 36, 39, 0, 0, 0.17%, 7, 0, 7, 146.61
1735133920, 146, 10, 39, 0, 0, 0.17%, 7, 0, 7, 143.78
1735133925, 146, 12, 39, 0, 0, 0.17%, 7, 0, 7, 141.67
1735133930, 146, 14, 39, 0, 0, 0.17%, 7, 0, 7, 133.05
1735133935, 146, 15, 39, 0, 0, 0.17%, 7, 0, 7, 141.82
1735133940, 147, 10, 39, 0, 0, 0.17%, 7, 0, 7, 138.80
1735133945, 147, 12, 39, 0, 0, 0.17%, 7, 0, 7, 141.05
1735133950, 147, 13, 39, 0, 0, 0.17%, 7, 0, 7, 139.28
1735133956, 147, 15, 39, 0, 0, 0.17%, 7, 0, 7, 144.05
1735133961, 148, 10, 39, 0, 0, 0.17%, 7, 0, 7, 142.73
1735133966, 148, 12, 39, 0, 0, 0.17%, 7, 0, 7, 136.22
1735133971, 148, 15, 39, 0, 0, 0.17%, 7, 0, 7, 141.31
1735133976, 148, 23, 39, 0, 0, 0.17%, 7, 0, 7, 157.76
1735133981, 148, 25, 39, 0, 0, 0.17%, 7, 0, 7, 148.11
1735133986, 149, 10, 39, 0, 0, 0.17%, 7, 0, 7, 142.28
1735133991, 149, 12, 39, 0, 0, 0.17%, 7, 0, 7, 140.76
1735133997, 149, 15, 39, 0, 0, 0.17%, 7, 0, 7, 141.36
1735134002, 149, 30, 39, 0, 0, 0.17%, 7, 0, 7, 146.40
1735134012, 150, 11, 39, 0, 0, 0.17%, 7, 0, 7, 140.98
1735134017, 150, 13, 39, 0, 0, 0.17%, 7, 0, 7, 142.72
1735134022, 150, 15, 39, 0, 0, 0.17%, 7, 0, 7, 152.53
1735134027, 150, 29, 39, 0, 0, 0.17%, 7, 0, 7, 150.47
1735134032, 150, 33, 39, 0, 0, 0.17%, 7, 0, 7, 147.53
1735134037, 151, 4, 39, 0, 0, 0.17%, 7, 0, 7, 144.96
1735134043, 151, 11, 39, 0, 0, 0.17%, 7, 0, 7, 142.65
1735134048, 151, 13, 39, 0, 0, 0.17%, 7, 0, 7, 141.79
1735134053, 151, 15, 39, 0, 0, 0.17%, 7, 0, 7, 144.24
1735134058, 151, 19, 39, 0, 0, 0.17%, 7, 0, 7, 139.83
1735134063, 152, 11, 39, 0, 0, 0.17%, 7, 0, 7, 141.64
1735134068, 152, 13, 39, 0, 0, 0.17%, 7, 0, 7, 139.18
1735134074, 152, 15, 39, 0, 0, 0.17%, 7, 0, 7, 142.05
1735134079, 152, 26, 39, 0, 0, 0.17%, 7, 0, 7, 153.31
1735134084, 152, 37, 39, 0, 0, 0.17%, 7, 0, 7, 137.16
1735134089, 153, 10, 39, 0, 0, 0.17%, 7, 0, 7, 137.11
1735134094, 153, 12, 39, 0, 0, 0.17%, 7, 0, 7, 134.18
1735134099, 153, 13, 39, 0, 0, 0.17%, 7, 0, 7, 131.74
1735134104, 153, 15, 39, 0, 0, 0.17%, 7, 0, 7, 137.90
1735134110, 154, 12, 39, 0, 0, 0.17%, 7, 0, 7, 131.11
1735134115, 154, 13, 39, 0, 0, 0.17%, 7, 0, 7, 136.07
1735134120, 154, 15, 39, 0, 0, 0.17%, 7, 0, 7, 138.02
1735134125, 155, 10, 39, 0, 0, 0.17%, 7, 0, 7, 134.30
1735134130, 155, 12, 39, 0, 0, 0.17%, 7, 0, 7, 138.53
1735134135, 155, 15, 39, 0, 0, 0.17%, 7, 0, 7, 135.04
1735134140, 156, 6, 39, 0, 0, 0.17%, 7, 0, 7, 138.23
1735134145, 156, 11, 39, 0, 0, 0.17%, 7, 0, 7, 141.37
1735134151, 156, 13, 39, 0, 0, 0.17%, 7, 0, 7, 137.71
1735134156, 156, 15, 39, 0, 0, 0.17%, 7, 0, 7, 144.09
1735134161, 157, 11, 39, 0, 0, 0.17%, 7, 0, 7, 142.40
1735134166, 157, 13, 39, 0, 0, 0.17%, 7, 0, 7, 139.02
1735134171, 157, 15, 39, 0, 0, 0.17%, 7, 0, 7, 138.23
1735134176, 157, 31, 39, 0, 0, 0.17%, 7, 0, 7, 146.29
1735134187, 158, 11, 39, 0, 0, 0.17%, 7, 0, 7, 142.06
1735134192, 158, 13, 39, 0, 0, 0.17%, 7, 0, 7, 138.36
1735134197, 158, 15, 39, 0, 0, 0.17%, 7, 0, 7, 141.25
1735134202, 159, 3, 39, 0, 0, 0.17%, 7, 0, 7, 142.10
1735134207, 159, 11, 39, 0, 0, 0.17%, 7, 0, 7, 137.87
1735134212, 159, 13, 39, 0, 0, 0.17%, 7, 0, 7, 145.15
1735134218, 159, 15, 39, 0, 0, 0.17%, 7, 0, 7, 138.22
1735134223, 159, 38, 39, 0, 0, 0.17%, 7, 0, 7, 158.45
1735134228, 160, 10, 39, 0, 0, 0.17%, 7, 0, 7, 146.94
1735134233, 160, 12, 39, 0, 0, 0.17%, 7, 0, 7, 139.33
1735134238, 160, 15, 39, 0, 0, 0.17%, 7, 0, 7, 135.15
1735134243, 160, 23, 39, 0, 0, 0.17%, 7, 0, 7, 153.29
1735134248, 161, 10, 39, 0, 0, 0.17%, 7, 0, 7, 138.74
1735134253, 161, 12, 39, 0, 0, 0.17%, 7, 0, 7, 135.55
1735134259, 161, 15, 39, 0, 0, 0.17%, 7, 0, 7, 134.81
1735134264, 162, 2, 39, 0, 0, 0.17%, 7, 0, 7, 143.28
1735134269, 162, 11, 39, 0, 0, 0.17%, 7, 0, 7, 143.39
1735134274, 162, 13, 39, 0, 0, 0.17%, 7, 0, 7, 136.51
1735134279, 162, 15, 39, 0, 0, 0.17%, 7, 0, 7, 143.08
1735134284, 162, 17, 39, 0, 0, 0.17%, 7, 0, 7, 141.31
1735134289, 162, 32, 39, 0, 0, 0.17%, 7, 0, 7, 134.54
1735134294, 163, 10, 39, 0, 0, 0.17%, 7, 0, 7, 131.74
1735134300, 163, 12, 39, 0, 0, 0.17%, 7, 0, 7, 133.26
1735134305, 163, 15, 39, 0, 0, 0.17%, 7, 0, 7, 138.54
1735134310, 163, 33, 39, 0, 0, 0.17%, 7, 0, 7, 143.59
1735134315, 164, 4, 39, 0, 0, 0.17%, 7, 0, 7, 143.89
1735134320, 164, 11, 39, 0, 0, 0.17%, 7, 0, 7, 142.32
1735134325, 164, 13, 39, 0, 0, 0.17%, 7, 0, 7, 139.24
1735134330, 164, 15, 39, 0, 0, 0.17%, 7, 0, 7, 139.48
1735134336, 165, 11, 39, 0, 0, 0.17%, 7, 0, 7, 137.76
1735134341, 165, 13, 39, 0, 0, 0.17%, 7, 0, 7, 135.15
1735134346, 165, 15, 39, 0, 0, 0.17%, 7, 0, 7, 137.82
1735134351, 166, 10, 39, 0, 0, 0.17%, 7, 0, 7, 136.60
1735134356, 166, 12, 39, 0, 0, 0.17%, 7, 0, 7, 140.98
1735134361, 166, 14, 39, 0, 0, 0.17%, 7, 0, 7, 142.09
1735134366, 166, 15, 39, 0, 0, 0.17%, 7, 0, 7, 135.52
1735134377, 167, 11, 39, 0, 0, 0.17%, 7, 0, 7, 131.21
1735134382, 167, 13, 39, 0, 0, 0.17%, 7, 0, 7, 133.13
1735134387, 167, 15, 39, 0, 0, 0.17%, 7, 0, 7, 143.04
1735134392, 167, 27, 39, 0, 0, 0.17%, 7, 0, 7, 146.86
1735134397, 167, 37, 39, 0, 0, 0.17%, 7, 0, 7, 144.98
1735134402, 168, 11, 39, 0, 0, 0.17%, 7, 0, 7, 143.16
1735134407, 168, 13, 39, 0, 0, 0.17%, 7, 0, 7, 138.80
1735134413, 168, 15, 39, 0, 0, 0.17%, 7, 0, 7, 134.59
1735134418, 168, 19, 39, 0, 0, 0.17%, 7, 0, 7, 135.46
1735134423, 169, 10, 39, 0, 0, 0.17%, 7, 0, 7, 135.01
1735134428, 169, 12, 39, 0, 0, 0.17%, 7, 0, 7, 138.28
1735134433, 169, 15, 39, 0, 0, 0.17%, 7, 0, 7, 141.10
1735134438, 169, 24, 39, 0, 0, 0.17%, 7, 0, 7, 145.88
1735134444, 170, 9, 39, 0, 0, 0.17%, 7, 0, 7, 154.65
1735134449, 170, 11, 39, 0, 0, 0.17%, 7, 0, 7, 140.14
1735134454, 170, 13, 39, 0, 0, 0.17%, 7, 0, 7, 148.39
1735134459, 170, 15, 39, 0, 0, 0.17%, 7, 0, 7, 136.04
1735134464, 171, 11, 39, 0, 0, 0.17%, 7, 0, 7, 139.39
1735134469, 171, 13, 39, 0, 0, 0.17%, 7, 0, 7, 146.38
1735134475, 171, 15, 39, 0, 0, 0.17%, 7, 0, 7, 138.06
1735134480, 171, 26, 39, 0, 0, 0.17%, 7, 0, 7, 153.98
1735134485, 172, 10, 39, 0, 0, 0.17%, 7, 0, 7, 139.15
1735134490, 172, 12, 39, 0, 0, 0.17%, 7, 0, 7, 137.77
1735134495, 172, 15, 39, 0, 0, 0.17%, 7, 0, 7, 142.94
1735134501, 173, 10, 39, 0, 0, 0.17%, 7, 0, 7, 149.94
1735134506, 173, 12, 39, 0, 0, 0.17%, 7, 0, 7, 139.48
1735134511, 173, 13, 39, 0, 0, 0.17%, 7, 0, 7, 149.98
1735134516, 173, 15, 39, 0, 0, 0.17%, 7, 0, 7, 150.80
1735134521, 173, 29, 39, 0, 0, 0.17%, 7, 0, 7, 148.11
1735134526, 174, 10, 39, 0, 0, 0.17%, 7, 0, 7, 140.23
1735134531, 174, 13, 39, 0, 0, 0.17%, 7, 0, 7, 136.42
1735134537, 174, 15, 39, 0, 0, 0.17%, 7, 0, 7, 136.58
1735134542, 174, 18, 39, 0, 0, 0.17%, 7, 0, 7, 137.98
1735134552, 175, 11, 39, 0, 0, 0.17%, 7, 0, 7, 139.29
1735134557, 175, 13, 39, 0, 0, 0.17%, 7, 0, 7, 139.76
1735134562, 175, 15, 39, 0, 0, 0.17%, 7, 0, 7, 143.12
1735134568, 176, 10, 39, 0, 0, 0.17%, 7, 0, 7, 135.03
1735134573, 176, 12, 39, 0, 0, 0.17%, 7, 0, 7, 139.85
1735134578, 176, 13, 39, 0, 0, 0.17%, 7, 0, 7, 139.57
1735134583, 176, 15, 39, 0, 0, 0.17%, 7, 0, 7, 136.15
1735134588, 177, 11, 39, 0, 0, 0.17%, 7, 0, 7, 139.37
1735134593, 177, 13, 39, 0, 0, 0.17%, 7, 0, 7, 138.57
1735134598, 177, 15, 39, 0, 0, 0.17%, 7, 0, 7, 134.30
1735134604, 177, 16, 39, 0, 0, 0.17%, 7, 0, 7, 140.95
1735134609, 177, 30, 39, 0, 0, 0.17%, 7, 0, 7, 142.75
1735134614, 177, 35, 40, 1, 0, 0.17%, 8, 0, 7, 147.91
1735134624, 178, 10, 40, 1, 0, 0.17%, 8, 0, 7, 150.83
1735134629, 178, 12, 40, 1, 0, 0.17%, 8, 0, 7, 138.55
1735134634, 178, 15, 40, 1, 0, 0.17%, 8, 0, 7, 140.69
1735134639, 178, 33, 40, 1, 0, 0.17%, 8, 0, 7, 145.81
1735134645, 179, 10, 40, 1, 0, 0.17%, 8, 0, 7, 142.89
1735134650, 179, 12, 40, 1, 0, 0.17%, 8, 0, 7, 135.39
1735134655, 179, 15, 40, 1, 0, 0.17%, 8, 0, 7, 140.46
1735134660, 179, 16, 40, 1, 0, 0.17%, 8, 0, 7, 145.37
1735134665, 179, 26, 40, 1, 0, 0.17%, 8, 0, 7, 144.81
1735134670, 179, 31, 40, 1, 0, 0.17%, 8, 0, 7, 145.32
1735134675, 179, 39, 40, 1, 0, 0.17%, 8, 0, 7, 137.73
1735134813, 180, 10, 40, 0, 0, 0.17%, 8, 0, 7, 147.85
1735134818, 180, 12, 40, 0, 0, 0.17%, 8, 0, 7, 136.30
1735134824, 180, 15, 40, 0, 0, 0.17%, 8, 0, 7, 131.45
1735134829, 181, 10, 40, 0, 0, 0.17%, 8, 0, 7, 141.32
1735134834, 181, 12, 40, 0, 0, 0.17%, 8, 0, 7, 137.87
1735134839, 181, 15, 40, 0, 0, 0.17%, 8, 0, 7, 138.13
1735134844, 182, 10, 40, 0, 0, 0.17%, 8, 0, 7, 141.07
1735134849, 182, 12, 40, 0, 0, 0.17%, 8, 0, 7, 138.08
1735134854, 182, 15, 40, 0, 0, 0.17%, 8, 0, 7, 140.12
1735134859, 182, 24, 40, 0, 0, 0.17%, 8, 0, 7, 150.96
1735134865, 182, 27, 40, 0, 0, 0.17%, 8, 0, 7, 151.40
1735134870, 182, 30, 40, 0, 0, 0.17%, 8, 0, 7, 152.29
1735134875, 183, 10, 40, 0, 0, 0.17%, 8, 0, 7, 146.00
1735134880, 183, 12, 40, 0, 0, 0.17%, 8, 0, 7, 144.44
1735134885, 183, 15, 40, 0, 0, 0.17%, 8, 0, 7, 140.29
1735134890, 183, 35, 40, 0, 0, 0.17%, 8, 0, 7, 157.38
1735134900, 183, 37, 40, 0, 0, 0.17%, 8, 0, 7, 145.53
1735134905, 184, 11, 40, 0, 0, 0.17%, 8, 0, 7, 144.10
1735134911, 184, 13, 40, 0, 0, 0.17%, 8, 0, 7, 141.70
1735134916, 184, 15, 40, 0, 0, 0.17%, 8, 0, 7, 136.05
1735134921, 185, 11, 40, 0, 0, 0.17%, 8, 0, 7, 141.75
1735134926, 185, 13, 40, 0, 0, 0.17%, 8, 0, 7, 137.71
1735134931, 185, 15, 40, 0, 0, 0.17%, 8, 0, 7, 147.05
1735134936, 185, 16, 40, 0, 0, 0.17%, 8, 0, 7, 142.20
1735134942, 185, 19, 40, 0, 0, 0.17%, 8, 0, 7, 143.85
1735134947, 185, 20, 40, 0, 0, 0.17%, 8, 0, 7, 140.87
1735134952, 186, 10, 40, 0, 0, 0.17%, 8, 0, 7, 136.35
1735134957, 186, 13, 40, 0, 0, 0.17%, 8, 0, 7, 135.27
1735134962, 186, 15, 40, 0, 0, 0.17%, 8, 0, 7, 136.60
1735134967, 187, 11, 40, 0, 0, 0.17%, 8, 0, 7, 139.29
1735134973, 187, 13, 40, 0, 0, 0.17%, 8, 0, 7, 140.12
1735134978, 187, 15, 40, 0, 0, 0.17%, 8, 0, 7, 137.42
1735134983, 187, 22, 40, 0, 0, 0.17%, 8, 0, 7, 143.73
1735134988, 187, 25, 40, 0, 0, 0.17%, 8, 0, 7, 138.44
1735134993, 188, 11, 40, 0, 0, 0.17%, 8, 0, 7, 138.42
1735134999, 188, 13, 40, 0, 0, 0.17%, 8, 0, 7, 139.81
1735135004, 188, 15, 40, 0, 0, 0.17%, 8, 0, 7, 140.36
1735135009, 188, 17, 40, 0, 0, 0.17%, 8, 0, 7, 141.00
1735135014, 189, 11, 40, 0, 0, 0.17%, 8, 0, 7, 134.25
1735135019, 189, 13, 40, 0, 0, 0.17%, 8, 0, 7, 133.64
1735135024, 189, 15, 40, 0, 0, 0.17%, 8, 0, 7, 135.43
1735135030, 189, 31, 40, 0, 0, 0.17%, 8, 0, 7, 144.49
1735135035, 190, 11, 40, 0, 0, 0.17%, 8, 0, 7, 146.56
1735135040, 190, 13, 40, 0, 0, 0.17%, 8, 0, 7, 141.20
1735135045, 190, 15, 40, 0, 0, 0.17%, 8, 0, 7, 142.10
1735135050, 191, 10, 40, 0, 0, 0.17%, 8, 0, 7, 146.67
1735135055, 191, 12, 40, 0, 0, 0.17%, 8, 0, 7, 142.31
1735135060, 191, 15, 40, 0, 0, 0.17%, 8, 0, 7, 139.25
1735135066, 192, 10, 40, 0, 0, 0.17%, 8, 0, 7, 137.95
1735135071, 192, 12, 40, 0, 0, 0.17%, 8, 0, 7, 145.77
1735135076, 192, 15, 40, 0, 0, 0.17%, 8, 0, 7, 135.78
1735135081, 192, 28, 40, 0, 0, 0.17%, 8, 0, 7, 142.67
1735135086, 193, 10, 40, 0, 0, 0.17%, 8, 0, 7, 133.16
1735135091, 193, 13, 40, 0, 0, 0.17%, 8, 0, 7, 141.95
1735135097, 193, 15, 40, 0, 0, 0.17%, 8, 0, 7, 139.65
1735135102, 193, 34, 40, 0, 0, 0.17%, 8, 0, 7, 150.25
1735135107, 194, 11, 40, 0, 0, 0.17%, 8, 0, 7, 139.72
1735135112, 194, 13, 40, 0, 0, 0.17%, 8, 0, 7, 143.48
1735135117, 194, 15, 40, 0, 0, 0.17%, 8, 0, 7, 142.10
1735135122, 194, 35, 40, 0, 0, 0.17%, 8, 0, 7, 163.31
1735135127, 195, 10, 40, 0, 0, 0.17%, 8, 0, 7, 141.97
1735135132, 195, 12, 40, 0, 0, 0.17%, 8, 0, 7, 140.56
1735135138, 195, 15, 40, 0, 0, 0.17%, 8, 0, 7, 136.27
1735135143, 195, 18, 40, 0, 0, 0.17%, 8, 0, 7, 136.63
1735135148, 195, 34, 40, 0, 0, 0.17%, 8, 0, 7, 141.38
1735135153, 196, 10, 40, 0, 0, 0.17%, 8, 0, 7, 142.89
1735135158, 196, 12, 40, 0, 0, 0.17%, 8, 0, 7, 143.65
1735135163, 196, 15, 40, 0, 0, 0.17%, 8, 0, 7, 145.46
1735135169, 196, 25, 40, 0, 0, 0.17%, 8, 0, 7, 147.94
1735135174, 197, 10, 40, 0, 0, 0.17%, 8, 0, 7, 145.54
1735135179, 197, 13, 40, 0, 0, 0.17%, 8, 0, 7, 145.88
1735135184, 197, 15, 40, 0, 0, 0.17%, 8, 0, 7, 150.00
1735135189, 197, 34, 40, 0, 0, 0.17%, 8, 0, 7, 149.93
1735135194, 197, 35, 40, 0, 0, 0.17%, 8, 0, 7, 154.82
1735135199, 198, 10, 40, 0, 0, 0.17%, 8, 0, 7, 146.93
1735135204, 198, 12, 40, 0, 0, 0.17%, 8, 0, 7, 143.22
1735135210, 198, 15, 40, 0, 0, 0.17%, 8, 0, 7, 138.98
1735135215, 199, 0, 40, 0, 0, 0.17%, 8, 0, 7, 138.94
1735135220, 199, 10, 40, 0, 0, 0.17%, 8, 0, 7, 140.11
1735135225, 199, 12, 40, 0, 0, 0.17%, 8, 0, 7, 135.87
1735135230, 199, 15, 40, 0, 0, 0.17%, 8, 0, 7, 140.52
1735135235, 199, 21, 40, 0, 0, 0.17%, 8, 0, 7, 151.60
1735135240, 199, 26, 40, 0, 0, 0.17%, 8, 0, 7, 158.35
1735135245, 199, 38, 40, 0, 0, 0.17%, 8, 0, 7, 153.74
1735135250, 200, 3, 40, 0, 0, 0.17%, 8, 0, 7, 150.94
1735135256, 200, 12, 40, 0, 0, 0.17%, 8, 0, 7, 139.96
1735135261, 200, 15, 40, 0, 0, 0.17%, 8, 0, 7, 138.36
1735135266, 201, 3, 40, 0, 0, 0.17%, 8, 0, 7, 137.85
1735135271, 201, 11, 40, 0, 0, 0.17%, 8, 0, 7, 141.81
1735135276, 201, 13, 40, 0, 0, 0.17%, 8, 0, 7, 144.02
1735135282, 201, 15, 40, 0, 0, 0.17%, 8, 0, 7, 151.45
1735135287, 201, 18, 40, 0, 0, 0.17%, 8, 0, 7, 134.96
1735135292, 201, 19, 40, 0, 0, 0.17%, 8, 0, 7, 139.93
1735135297, 202, 12, 40, 0, 0, 0.17%, 8, 0, 7, 143.92
1735135302, 202, 15, 40, 0, 0, 0.17%, 8, 0, 7, 138.43
1735135307, 202, 16, 40, 0, 0, 0.17%, 8, 0, 7, 142.69
1735135312, 203, 10, 40, 0, 0, 0.17%, 8, 0, 7, 145.03
1735135317, 203, 12, 40, 0, 0, 0.17%, 8, 0, 7, 140.16
1735135323, 203, 15, 40, 0, 0, 0.17%, 8, 0, 7, 138.70
1735135328, 203, 30, 40, 0, 0, 0.17%, 8, 0, 7, 144.42
1735135333, 204, 9, 40, 0, 0, 0.17%, 8, 0, 7, 144.00
1735135338, 204, 12, 40, 0, 0, 0.17%, 8, 0, 7, 137.52
1735135343, 204, 15, 40, 0, 0, 0.17%, 8, 0, 7, 136.69
1735135353, 205, 12, 40, 0, 0, 0.17%, 8, 0, 7, 144.27
1735135359, 205, 13, 40, 0, 0, 0.17%, 8, 0, 7, 134.63
1735135364, 205, 15, 40, 0, 0, 0.17%, 8, 0, 7, 137.05
1735135369, 206, 1, 40, 0, 0, 0.17%, 8, 0, 7, 142.59
1735135374, 206, 11, 40, 0, 0, 0.17%, 8, 0, 7, 134.70
1735135379, 206, 13, 40, 0, 0, 0.17%, 8, 0, 7, 135.16
1735135384, 206, 15, 40, 0, 0, 0.17%, 8, 0, 7, 141.21
1735135390, 207, 11, 40, 0, 0, 0.17%, 8, 0, 7, 137.08
1735135395, 207, 13, 40, 0, 0, 0.17%, 8, 0, 7, 137.57
1735135400, 207, 15, 40, 0, 0, 0.17%, 8, 0, 7, 139.16
1735135405, 207, 22, 40, 0, 0, 0.17%, 8, 0, 7, 147.35
1735135410, 208, 10, 40, 0, 0, 0.17%, 8, 0, 7, 143.66
1735135415, 208, 12, 40, 0, 0, 0.17%, 8, 0, 7, 141.34
1735135420, 208, 15, 40, 0, 0, 0.17%, 8, 0, 7, 137.12
1735135426, 209, 8, 40, 0, 0, 0.17%, 8, 0, 7, 138.06
1735135431, 209, 11, 40, 0, 0, 0.17%, 8, 0, 7, 136.29
1735135436, 209, 13, 40, 0, 0, 0.17%, 8, 0, 7, 136.27
1735135441, 209, 14, 40, 0, 0, 0.17%, 8, 0, 7, 138.89
1735135446, 209, 15, 40, 0, 0, 0.17%, 8, 0, 7, 139.22
1735135452, 209, 37, 40, 0, 0, 0.17%, 8, 0, 7, 145.04
1735135457, 210, 11, 40, 0, 0, 0.17%, 8, 0, 7, 141.52
1735135462, 210, 13, 40, 0, 0, 0.17%, 8, 0, 7, 142.46
1735135467, 210, 15, 40, 0, 0, 0.17%, 8, 0, 7, 145.32
1735135472, 210, 26, 40, 0, 0, 0.17%, 8, 0, 7, 142.58
1735135477, 211, 11, 40, 0, 0, 0.17%, 8, 0, 7, 139.44
1735135482, 211, 13, 40, 0, 0, 0.17%, 8, 0, 7, 139.93
1735135488, 211, 15, 40, 0, 0, 0.17%, 8, 0, 7, 140.23
1735135493, 212, 11, 40, 0, 0, 0.17%, 8, 0, 7, 137.01
1735135498, 212, 13, 40, 0, 0, 0.17%, 8, 0, 7, 136.57
1735135503, 212, 15, 40, 0, 0, 0.17%, 8, 0, 7, 142.73
1735135508, 212, 18, 40, 0, 0, 0.17%, 8, 0, 7, 138.61
1735135513, 212, 31, 40, 0, 0, 0.17%, 8, 0, 7, 146.14
1735135519, 213, 11, 40, 0, 0, 0.17%, 8, 0, 7, 147.65
1735135524, 213, 13, 40, 0, 0, 0.17%, 8, 0, 7, 142.06
1735135529, 213, 15, 40, 0, 0, 0.17%, 8, 0, 7, 143.67
1735135534, 213, 21, 40, 0, 0, 0.17%, 8, 0, 7, 145.75
1735135539, 214, 8, 40, 0, 0, 0.17%, 8, 0, 7, 136.69
1735135544, 214, 11, 40, 0, 0, 0.17%, 8, 0, 7, 138.47
1735135549, 214, 13, 40, 0, 0, 0.17%, 8, 0, 7, 137.05
1735135555, 214, 15, 40, 0, 0, 0.17%, 8, 0, 7, 144.11
1735135560, 214, 28, 40, 0, 0, 0.17%, 8, 0, 7, 140.82
1735135565, 214, 34, 40, 0, 0, 0.17%, 8, 0, 7, 150.61
1735135570, 215, 10, 40, 0, 0, 0.17%, 8, 0, 7, 142.89
1735135575, 215, 12, 40, 0, 0, 0.17%, 8, 0, 7, 141.64
1735135580, 215, 15, 40, 0, 0, 0.17%, 8, 0, 7, 138.87
1735135586, 215, 37, 40, 0, 0, 0.17%, 8, 0, 7, 139.76
1735135591, 216, 10, 40, 0, 0, 0.17%, 8, 0, 7, 149.90
1735135596, 216, 12, 40, 0, 0, 0.17%, 8, 0, 7, 146.89
1735135601, 216, 15, 40, 0, 0, 0.17%, 8, 0, 7, 145.56
1735135606, 216, 29, 40, 0, 0, 0.17%, 8, 0, 7, 149.62
1735135611, 216, 32, 40, 0, 0, 0.17%, 8, 0, 7, 146.37
1735135616, 216, 37, 40, 0, 0, 0.17%, 8, 0, 7, 147.19
1735135621, 217, 10, 40, 0, 0, 0.17%, 8, 0, 7, 136.43
1735135627, 217, 12, 40, 0, 0, 0.17%, 8, 0, 7, 139.13
1735135632, 217, 15, 40, 0, 0, 0.17%, 8, 0, 7, 135.97
1735135637, 218, 10, 40, 0, 0, 0.17%, 8, 0, 7, 142.49
1735135642, 218, 12, 40, 0, 0, 0.17%, 8, 0, 7, 140.84
1735135647, 218, 15, 40, 0, 0, 0.17%, 8, 0, 7, 137.01
1735135652, 218, 23, 40, 0, 0, 0.17%, 8, 0, 7, 147.96
1735135657, 218, 37, 40, 0, 0, 0.17%, 8, 0, 7, 147.87
1735135662, 219, 10, 40, 0, 0, 0.17%, 8, 0, 7, 139.22
1735135668, 219, 13, 40, 0, 0, 0.17%, 8, 0, 7, 141.13
1735135673, 219, 15, 40, 0, 0, 0.17%, 8, 0, 7, 141.50
1735135678, 219, 18, 40, 0, 0, 0.17%, 8, 0, 7, 143.15
1735135683, 219, 19, 40, 0, 0, 0.17%, 8, 0, 7, 141.63
1735135688, 220, 10, 40, 0, 0, 0.17%, 8, 0, 7, 138.94
1735135693, 220, 12, 40, 0, 0, 0.17%, 8, 0, 7, 135.38
1735135698, 220, 15, 40, 0, 0, 0.17%, 8, 0, 7, 136.26
1735135704, 220, 19, 40, 0, 0, 0.17%, 8, 0, 7, 138.11
1735135709, 220, 22, 40, 0, 0, 0.17%, 8, 0, 7, 138.45
1735135714, 220, 36, 40, 0, 0, 0.17%, 8, 0, 7, 147.84
1735135719, 221, 10, 40, 0, 0, 0.17%, 8, 0, 7, 144.90
1735135724, 221, 12, 40, 0, 0, 0.17%, 8, 0, 7, 138.73
1735135729, 221, 15, 40, 0, 0, 0.17%, 8, 0, 7, 136.20
1735135735, 222, 0, 40, 0, 0, 0.17%, 8, 0, 7, 145.71
1735135740, 222, 11, 40, 0, 0, 0.17%, 8, 0, 7, 139.99
1735135745, 222, 13, 40, 0, 0, 0.17%, 8, 0, 7, 137.06
1735135750, 222, 15, 40, 0, 0, 0.17%, 8, 0, 7, 137.72
1735135755, 222, 16, 40, 0, 0, 0.17%, 8, 0, 7, 144.78
1735135760, 222, 38, 40, 0, 0, 0.17%, 8, 0, 7, 145.49
1735135765, 223, 11, 40, 0, 0, 0.17%, 8, 0, 7, 142.63
1735135771, 223, 13, 40, 0, 0, 0.17%, 8, 0, 7, 145.27
1735135776, 223, 15, 40, 0, 0, 0.17%, 8, 0, 7, 143.74
1735135781, 223, 20, 40, 0, 0, 0.17%, 8, 0, 7, 138.59
1735135786, 223, 32, 40, 0, 0, 0.17%, 8, 0, 7, 140.72
1735135791, 224, 5, 40, 0, 0, 0.17%, 8, 0, 7, 139.41
1735135796, 224, 12, 40, 0, 0, 0.17%, 8, 0, 7, 138.69
1735135801, 224, 13, 40, 0, 0, 0.17%, 8, 0, 7, 134.32
1735135807, 225, 10, 40, 0, 0, 0.17%, 8, 0, 7, 143.24
1735135812, 225, 12, 40, 0, 0, 0.17%, 8, 0, 7, 139.56
1735135817, 225, 15, 40, 0, 0, 0.17%, 8, 0, 7, 136.32
1735135822, 226, 10, 40, 0, 0, 0.17%, 8, 0, 7, 141.22
1735135827, 226, 12, 40, 0, 0, 0.17%, 8, 0, 7, 137.60
1735135832, 226, 15, 40, 0, 0, 0.17%, 8, 0, 7, 136.72
1735135837, 226, 28, 40, 0, 0, 0.17%, 8, 0, 7, 146.85
1735135843, 227, 10, 40, 0, 0, 0.17%, 8, 0, 7, 137.66
1735135848, 227, 12, 40, 0, 0, 0.17%, 8, 0, 7, 133.19
1735135853, 227, 15, 40, 0, 0, 0.17%, 8, 0, 7, 135.89
1735135858, 227, 23, 40, 0, 0, 0.17%, 8, 0, 7, 153.14
1735135863, 227, 38, 40, 0, 0, 0.17%, 8, 0, 7, 152.53
1735135868, 228, 10, 40, 0, 0, 0.17%, 8, 0, 7, 144.27
1735135874, 228, 13, 40, 0, 0, 0.17%, 8, 0, 7, 138.01
1735135879, 228, 15, 40, 0, 0, 0.17%, 8, 0, 7, 141.80
1735135884, 228, 16, 40, 0, 0, 0.17%, 8, 0, 7, 145.05
1735135889, 228, 17, 40, 0, 0, 0.17%, 8, 0, 7, 132.07
1735135894, 228, 28, 40, 0, 0, 0.17%, 8, 0, 7, 135.85
1735135900, 229, 11, 40, 0, 0, 0.17%, 8, 0, 7, 136.89
1735135905, 229, 13, 40, 0, 0, 0.17%, 8, 0, 7, 140.17
1735135910, 229, 15, 40, 0, 0, 0.17%, 8, 0, 7, 131.48
1735135915, 230, 11, 40, 0, 0, 0.17%, 8, 0, 7, 137.91
1735135920, 230, 13, 40, 0, 0, 0.17%, 8, 0, 7, 137.80
1735135925, 230, 15, 40, 0, 0, 0.17%, 8, 0, 7, 140.08
1735135931, 230, 18, 40, 0, 0, 0.17%, 8, 0, 7, 142.16
1735135936, 231, 10, 40, 0, 0, 0.17%, 8, 0, 7, 135.36
1735135941, 231, 12, 40, 0, 0, 0.17%, 8, 0, 7, 144.27
1735135946, 231, 15, 40, 0, 0, 0.17%, 8, 0, 7, 137.95
1735135951, 231, 18, 40, 0, 0, 0.17%, 8, 0, 7, 149.39
1735135956, 231, 24, 40, 0, 0, 0.17%, 8, 0, 7, 149.30
1735135961, 231, 35, 40, 0, 0, 0.17%, 8, 0, 7, 159.84
1735135966, 232, 3, 40, 0, 0, 0.17%, 8, 0, 7, 147.39
1735135972, 232, 11, 40, 0, 0, 0.17%, 8, 0, 7, 136.02
1735135977, 232, 13, 40, 0, 0, 0.17%, 8, 0, 7, 145.94
1735135982, 233, 8, 40, 0, 0, 0.17%, 8, 0, 7, 153.49
1735135987, 233, 11, 40, 0, 0, 0.17%, 8, 0, 7, 148.29
1735135992, 233, 13, 40, 0, 0, 0.17%, 8, 0, 7, 141.81
1735135997, 233, 15, 40, 0, 0, 0.17%, 8, 0, 7, 141.98
1735136003, 234, 11, 40, 0, 0, 0.17%, 8, 0, 7, 137.02
1735136008, 234, 13, 40, 0, 0, 0.17%, 8, 0, 7, 140.69
1735136013, 234, 15, 40, 0, 0, 0.17%, 8, 0, 7, 146.59
1735136018, 234, 21, 40, 0, 0, 0.17%, 8, 0, 7, 149.02
1735136023, 234, 32, 40, 0, 0, 0.17%, 8, 0, 7, 138.08
1735136028, 234, 33, 40, 0, 0, 0.17%, 8, 0, 7, 146.30
1735136033, 234, 37, 40, 0, 0, 0.17%, 8, 0, 7, 137.57
1735136038, 235, 10, 40, 0, 0, 0.17%, 8, 0, 7, 139.82
1735136044, 235, 13, 40, 0, 0, 0.17%, 8, 0, 7, 138.32
1735136049, 235, 15, 40, 0, 0, 0.17%, 8, 0, 7, 143.30
1735136054, 236, 11, 40, 0, 0, 0.17%, 8, 0, 7, 138.92
1735136059, 236, 13, 40, 0, 0, 0.17%, 8, 0, 7, 138.22
1735136064, 236, 15, 40, 0, 0, 0.17%, 8, 0, 7, 139.56
1735136069, 236, 22, 40, 0, 0, 0.17%, 8, 0, 7, 139.80
1735136074, 237, 11, 40, 0, 0, 0.17%, 8, 0, 7, 137.92
1735136080, 237, 13, 40, 0, 0, 0.17%, 8, 0, 7, 131.34
1735136085, 237, 15, 40, 0, 0, 0.17%, 8, 0, 7, 139.87
1735136090, 237, 32, 40, 0, 0, 0.17%, 8, 0, 7, 144.97
1735136095, 238, 10, 40, 0, 0, 0.17%, 8, 0, 7, 142.48
1735136100, 238, 12, 40, 0, 0, 0.17%, 8, 0, 7, 139.34
1735136105, 238, 15, 40, 0, 0, 0.17%, 8, 0, 7, 134.26
1735136111, 239, 9, 40, 0, 0, 0.17%, 8, 0, 7, 138.07
1735136116, 239, 11, 40, 0, 0, 0.17%, 8, 0, 7, 143.92
1735136121, 239, 13, 40, 0, 0, 0.17%, 8, 0, 7, 143.56
1735136126, 239, 15, 40, 0, 0, 0.17%, 8, 0, 7, 144.32
1735136131, 239, 38, 40, 0, 0, 0.17%, 8, 0, 7, 150.79
1735136136, 240, 10, 40, 0, 0, 0.17%, 8, 0, 7, 143.64
1735136142, 240, 13, 40, 0, 0, 0.17%, 8, 0, 7, 142.04
1735136147, 240, 15, 40, 0, 0, 0.17%, 8, 0, 7, 141.42
1735136152, 241, 11, 40, 0, 0, 0.17%, 8, 0, 7, 134.67
1735136157, 241, 13, 40, 0, 0, 0.17%, 8, 0, 7, 139.70
1735136162, 241, 15, 40, 0, 0, 0.17%, 8, 0, 7, 143.20
1735136167, 241, 19, 40, 0, 0, 0.17%, 8, 0, 7, 138.73
1735136172, 242, 10, 40, 0, 0, 0.17%, 8, 0, 7, 143.03
1735136178, 242, 12, 40, 0, 0, 0.17%, 8, 0, 7, 135.86
1735136183, 242, 15, 40, 0, 0, 0.17%, 8, 0, 7, 137.74
1735136188, 242, 28, 40, 0, 0, 0.17%, 8, 0, 7, 143.90
1735136193, 243, 10, 40, 0, 0, 0.17%, 8, 0, 7, 139.10
1735136198, 243, 13, 40, 0, 0, 0.17%, 8, 0, 7, 143.20
1735136203, 243, 15, 40, 0, 0, 0.17%, 8, 0, 7, 139.40
1735136209, 243, 22, 40, 0, 0, 0.17%, 8, 0, 7, 147.65
1735136214, 244, 11, 40, 0, 0, 0.17%, 8, 0, 7, 138.97
1735136219, 244, 13, 40, 0, 0, 0.17%, 8, 0, 7, 138.02
1735136224, 244, 15, 40, 0, 0, 0.17%, 8, 0, 7, 135.72
1735136229, 244, 34, 40, 0, 0, 0.17%, 8, 0, 7, 144.14
1735136234, 245, 11, 40, 0, 0, 0.17%, 8, 0, 7, 134.43
1735136239, 245, 13, 40, 0, 0, 0.17%, 8, 0, 7, 136.87
1735136245, 245, 15, 40, 0, 0, 0.17%, 8, 0, 7, 148.68
1735136250, 245, 23, 40, 0, 0, 0.17%, 8, 0, 7, 152.98
1735136255, 246, 10, 40, 0, 0, 0.17%, 8, 0, 7, 148.48
1735136260, 246, 12, 40, 0, 0, 0.17%, 8, 0, 7, 134.97
1735136265, 246, 14, 40, 0, 0, 0.17%, 8, 0, 7, 140.99
1735136270, 246, 15, 40, 0, 0, 0.17%, 8, 0, 7, 133.37
1735136281, 247, 3, 40, 0, 0, 0.17%, 8, 0, 7, 151.39
1735136286, 247, 11, 40, 0, 0, 0.17%, 8, 0, 7, 141.56
1735136291, 247, 13, 40, 0, 0, 0.17%, 8, 0, 7, 143.95
1735136296, 247, 15, 40, 0, 0, 0.17%, 8, 0, 7, 130.80
1735136301, 247, 16, 40, 0, 0, 0.17%, 8, 0, 7, 138.82
1735136306, 248, 11, 40, 0, 0, 0.17%, 8, 0, 7, 136.19
1735136311, 248, 13, 40, 0, 0, 0.17%, 8, 0, 7, 136.95
1735136317, 248, 15, 40, 0, 0, 0.17%, 8, 0, 7, 141.36
1735136322, 248, 21, 40, 0, 0, 0.17%, 8, 0, 7, 147.38
1735136327, 248, 25, 40, 0, 0, 0.17%, 8, 0, 7, 138.81
1735136332, 249, 11, 40, 0, 0, 0.17%, 8, 0, 7, 140.19
1735136337, 249, 13, 40, 0, 0, 0.17%, 8, 0, 7, 139.34
1735136342, 249, 15, 40, 0, 0, 0.17%, 8, 0, 7, 138.75
1735136348, 249, 29, 40, 0, 0, 0.17%, 8, 0, 7, 139.21
1735136353, 250, 10, 40, 0, 0, 0.17%, 8, 0, 7, 140.72
1735136358, 250, 12, 40, 0, 0, 0.17%, 8, 0, 7, 138.28
1735136363, 250, 15, 40, 0, 0, 0.17%, 8, 0, 7, 135.55
1735136368, 250, 37, 40, 0, 0, 0.17%, 8, 0, 7, 149.72
1735136373, 251, 5, 40, 0, 0, 0.17%, 8, 0, 7, 148.94
1735136378, 251, 11, 40, 0, 0, 0.17%, 8, 0, 7, 139.06
1735136384, 251, 13, 40, 0, 0, 0.17%, 8, 0, 7, 138.67
1735136389, 251, 14, 40, 0, 0, 0.17%, 8, 0, 7, 138.29
1735136394, 251, 15, 40, 0, 0, 0.17%, 8, 0, 7, 139.03
1735136399, 251, 27, 40, 0, 0, 0.17%, 8, 0, 7, 143.19
1735136404, 252, 11, 40, 0, 0, 0.17%, 8, 0, 7, 145.21
1735136409, 252, 13, 40, 0, 0, 0.17%, 8, 0, 7, 138.48
1735136415, 252, 15, 40, 0, 0, 0.17%, 8, 0, 7, 142.83
1735136420, 252, 20, 40, 0, 0, 0.17%, 8, 0, 7, 138.29
1735136425, 252, 21, 40, 0, 0, 0.17%, 8, 0, 7, 155.59
1735136430, 252, 25, 40, 0, 0, 0.17%, 8, 0, 7, 153.53
1735136435, 252, 36, 40, 0, 0, 0.17%, 8, 0, 7, 150.76
1735136440, 253, 12, 40, 0, 0, 0.17%, 8, 0, 7, 149.01
1735136445, 253, 15, 40, 0, 0, 0.17%, 8, 0, 7, 145.03
1735136450, 253, 37, 40, 0, 0, 0.17%, 8, 0, 7, 146.01
1735136455, 254, 6, 40, 0, 0, 0.17%, 8, 0, 7, 143.43
1735136461, 254, 10, 40, 0, 0, 0.17%, 8, 0, 7, 144.80
1735136466, 254, 12, 40, 0, 0, 0.17%, 8, 0, 7, 138.41
1735136471, 254, 15, 40, 0, 0, 0.17%, 8, 0, 7, 138.74
1735136476, 254, 22, 40, 0, 0, 0.17%, 8, 0, 7, 139.20
1735136481, 254, 26, 40, 0, 0, 0.17%, 8, 0, 7, 148.14
1735136486, 254, 37, 40, 0, 0, 0.17%, 8, 0, 7, 147.14
1735136492, 255, 9, 40, 0, 0, 0.17%, 8, 0, 7, 145.47
1735136497, 255, 11, 40, 0, 0, 0.17%, 8, 0, 7, 138.66
1735136502, 255, 13, 40, 0, 0, 0.17%, 8, 0, 7, 138.92
1735136507, 255, 15, 40, 0, 0, 0.17%, 8, 0, 7, 146.42
1735136512, 255, 16, 40, 0, 0, 0.17%, 8, 0, 7, 154.04
1735136517, 255, 29, 40, 0, 0, 0.17%, 8, 0, 7, 149.66
1735136527, 256, 11, 40, 0, 0, 0.17%, 8, 0, 7, 136.17
1735136533, 256, 13, 40, 0, 0, 0.17%, 8, 0, 7, 137.28
1735136538, 256, 15, 40, 0, 0, 0.17%, 8, 0, 7, 141.32
1735136543, 256, 16, 40, 0, 0, 0.17%, 8, 0, 7, 142.29
1735136548, 256, 21, 40, 0, 0, 0.17%, 8, 0, 7, 147.56
1735136553, 257, 11, 40, 0, 0, 0.17%, 8, 0, 7, 137.23
1735136558, 257, 13, 40, 0, 0, 0.17%, 8, 0, 7, 133.99
1735136563, 257, 15, 40, 0, 0, 0.17%, 8, 0, 7, 134.14
1735136569, 257, 22, 40, 0, 0, 0.17%, 8, 0, 7, 142.76
1735136574, 257, 25, 40, 0, 0, 0.17%, 8, 0, 7, 139.88
1735136579, 257, 29, 40, 0, 0, 0.17%, 8, 0, 7, 141.10
1735136584, 258, 10, 40, 0, 0, 0.17%, 8, 0, 7, 144.66
1735136589, 258, 12, 40, 0, 0, 0.17%, 8, 0, 7, 140.35
1735136594, 258, 15, 40, 0, 0, 0.17%, 8, 0, 7, 137.42
1735136599, 258, 31, 40, 0, 0, 0.17%, 8, 0, 7, 143.87
1735136604, 259, 10, 40, 0, 0, 0.17%, 8, 0, 7, 144.53
1735136610, 259, 13, 40, 0, 0, 0.17%, 8, 0, 7, 139.94
1735136615, 259, 14, 40, 0, 0, 0.17%, 8, 0, 7, 138.66
1735136620, 259, 15, 40, 0, 0, 0.17%, 8, 0, 7, 139.29
1735136625, 259, 19, 40, 0, 0, 0.17%, 8, 0, 7, 138.67
1735136630, 259, 35, 40, 0, 0, 0.17%, 8, 0, 7, 158.71
1735136635, 260, 10, 40, 0, 0, 0.17%, 8, 0, 7, 150.37
1735136641, 260, 12, 40, 0, 0, 0.17%, 8, 0, 7, 141.44
1735136646, 260, 15, 40, 0, 0, 0.17%, 8, 0, 7, 134.52
1735136651, 261, 10, 40, 0, 0, 0.17%, 8, 0, 7, 136.17
1735136656, 261, 12, 40, 0, 0, 0.17%, 8, 0, 7, 134.52
1735136661, 261, 15, 40, 0, 0, 0.17%, 8, 0, 7, 135.85
1735136666, 261, 36, 40, 0, 0, 0.17%, 8, 0, 7, 148.19
1735136671, 262, 7, 40, 0, 0, 0.17%, 8, 0, 7, 143.16
1735136677, 262, 11, 40, 0, 0, 0.17%, 8, 0, 7, 135.72
1735136682, 262, 13, 40, 0, 0, 0.17%, 8, 0, 7, 135.30
1735136687, 262, 15, 40, 0, 0, 0.17%, 8, 0, 7, 146.68
1735136692, 262, 30, 40, 0, 0, 0.17%, 8, 0, 7, 144.21
1735136697, 263, 10, 40, 0, 0, 0.17%, 8, 0, 7, 138.17
1735136702, 263, 12, 40, 0, 0, 0.17%, 8, 0, 7, 138.15
1735136707, 263, 15, 40, 0, 0, 0.17%, 8, 0, 7, 140.11
1735136712, 263, 19, 40, 0, 0, 0.17%, 8, 0, 7, 135.72
1735136718, 264, 1, 40, 0, 0, 0.17%, 8, 0, 7, 142.86
1735136723, 264, 11, 40, 0, 0, 0.17%, 8, 0, 7, 136.49
1735136728, 264, 13, 40, 0, 0, 0.17%, 8, 0, 7, 138.74
1735136733, 264, 15, 40, 0, 0, 0.17%, 8, 0, 7, 146.62
1735136738, 265, 11, 40, 0, 0, 0.17%, 8, 0, 7, 138.28
1735136744, 265, 13, 40, 0, 0, 0.17%, 8, 0, 7, 138.68
1735136749, 265, 15, 40, 0, 0, 0.17%, 8, 0, 7, 140.22
1735136754, 265, 26, 40, 0, 0, 0.17%, 8, 0, 7, 146.50
1735136759, 266, 11, 40, 0, 0, 0.17%, 8, 0, 7, 138.79
1735136764, 266, 13, 40, 0, 0, 0.17%, 8, 0, 7, 138.80
1735136769, 266, 15, 40, 0, 0, 0.17%, 8, 0, 7, 137.97
1735136775, 266, 17, 40, 0, 0, 0.17%, 8, 0, 7, 143.82
1735136780, 267, 10, 40, 0, 0, 0.17%, 8, 0, 7, 132.48
1735136785, 267, 12, 40, 0, 0, 0.17%, 8, 0, 7, 139.42
1735136790, 267, 15, 40, 0, 0, 0.17%, 8, 0, 7, 135.69
1735136795, 267, 18, 40, 0, 0, 0.17%, 8, 0, 7, 145.57
1735136800, 267, 19, 40, 0, 0, 0.17%, 8, 0, 7, 140.03
1735136805, 268, 10, 40, 0, 0, 0.17%, 8, 0, 7, 143.67
1735136811, 268, 12, 40, 0, 0, 0.17%, 8, 0, 7, 132.37
1735136816, 268, 15, 40, 0, 0, 0.17%, 8, 0, 7, 142.45
1735136821, 268, 29, 40, 0, 0, 0.17%, 8, 0, 7, 139.34
1735136826, 268, 32, 40, 0, 0, 0.17%, 8, 0, 7, 144.32
1735136831, 268, 36, 40, 0, 0, 0.17%, 8, 0, 7, 153.98
1735136836, 269, 5, 40, 0, 0, 0.17%, 8, 0, 7, 141.11
1735136842, 269, 10, 40, 0, 0, 0.17%, 8, 0, 7, 144.22
1735136847, 269, 13, 40, 0, 0, 0.17%, 8, 0, 7, 140.88
1735136852, 269, 15, 40, 0, 0, 0.17%, 8, 0, 7, 137.42
1735136857, 269, 26, 40, 0, 0, 0.17%, 8, 0, 7, 150.37
1735136862, 269, 34, 40, 0, 0, 0.17%, 8, 0, 7, 144.31
1735136868, 270, 10, 40, 0, 0, 0.17%, 8, 0, 7, 134.62
1735136873, 270, 12, 40, 0, 0, 0.17%, 8, 0, 7, 136.68
1735136878, 270, 15, 40, 0, 0, 0.17%, 8, 0, 7, 136.57
1735136883, 270, 25, 40, 0, 0, 0.17%, 8, 0, 7, 144.95
1735136888, 271, 5, 40, 0, 0, 0.17%, 8, 0, 7, 140.26
1735136893, 271, 11, 40, 0, 0, 0.17%, 8, 0, 7, 135.75
1735136898, 271, 13, 40, 0, 0, 0.17%, 8, 0, 7, 138.04
1735136904, 271, 15, 40, 0, 0, 0.17%, 8, 0, 7, 144.04
1735136909, 271, 30, 40, 0, 0, 0.17%, 8, 0, 7, 148.65
1735136914, 271, 35, 40, 0, 0, 0.17%, 8, 0, 7, 147.79
1735136924, 272, 10, 40, 0, 0, 0.17%, 8, 0, 7, 141.09
1735136929, 272, 12, 40, 0, 0, 0.17%, 8, 0, 7, 149.65
1735136934, 272, 15, 40, 0, 0, 0.17%, 8, 0, 7, 140.68
1735136940, 272, 21, 40, 0, 0, 0.17%, 8, 0, 7, 144.54
1735136945, 272, 36, 40, 0, 0, 0.17%, 8, 0, 7, 151.39
1735136950, 273, 11, 40, 0, 0, 0.17%, 8, 0, 7, 141.86
1735136955, 273, 13, 40, 0, 0, 0.17%, 8, 0, 7, 138.27
1735136960, 273, 15, 40, 0, 0, 0.17%, 8, 0, 7, 140.25
1735136965, 273, 39, 40, 0, 0, 0.17%, 8, 0, 7, 171.23
1735136991, 274, 10, 40, 0, 0, 0.17%, 8, 0, 7, 145.67
1735136996, 274, 12, 40, 0, 0, 0.17%, 8, 0, 7, 132.59
1735137001, 274, 15, 40, 0, 0, 0.17%, 8, 0, 7, 137.41
1735137006, 274, 28, 40, 0, 0, 0.17%, 8, 0, 7, 140.68
1735137012, 274, 30, 40, 0, 0, 0.17%, 8, 0, 7, 144.51
1735137017, 275, 1, 40, 0, 0, 0.17%, 8, 0, 7, 147.46
1735137022, 275, 11, 40, 0, 0, 0.17%, 8, 0, 7, 139.12
1735137027, 275, 13, 40, 0, 0, 0.17%, 8, 0, 7, 135.98
1735137032, 275, 15, 40, 0, 0, 0.17%, 8, 0, 7, 139.86
1735137037, 276, 11, 40, 0, 0, 0.17%, 8, 0, 7, 133.51
1735137042, 276, 13, 40, 0, 0, 0.17%, 8, 0, 7, 137.82
1735137048, 276, 15, 40, 0, 0, 0.17%, 8, 0, 7, 133.80
1735137053, 277, 11, 40, 0, 0, 0.17%, 8, 0, 7, 135.97
1735137058, 277, 13, 40, 0, 0, 0.17%, 8, 0, 7, 141.66
1735137063, 277, 15, 40, 0, 0, 0.17%, 8, 0, 7, 146.39
1735137068, 278, 11, 40, 0, 0, 0.17%, 8, 0, 7, 134.56
1735137073, 278, 13, 40, 0, 0, 0.17%, 8, 0, 7, 135.37
1735137079, 278, 15, 40, 0, 0, 0.17%, 8, 0, 7, 143.62
1735137084, 279, 11, 40, 0, 0, 0.17%, 8, 0, 7, 144.03
1735137089, 279, 13, 40, 0, 0, 0.17%, 8, 0, 7, 137.07
1735137094, 279, 15, 40, 0, 0, 0.17%, 8, 0, 7, 142.70
1735137099, 280, 8, 40, 0, 0, 0.17%, 8, 0, 7, 139.46
1735137104, 280, 11, 40, 0, 0, 0.17%, 8, 0, 7, 137.79
1735137109, 280, 15, 40, 0, 0, 0.17%, 8, 0, 7, 143.51
1735137120, 280, 20, 40, 0, 0, 0.17%, 8, 0, 7, 138.69
1735137125, 280, 24, 40, 0, 0, 0.17%, 8, 0, 7, 145.55
1735137130, 281, 10, 40, 0, 0, 0.17%, 8, 0, 7, 145.64
1735137135, 281, 12, 40, 0, 0, 0.17%, 8, 0, 7, 140.62
1735137140, 281, 15, 40, 0, 0, 0.17%, 8, 0, 7, 134.29
1735137145, 281, 17, 40, 0, 0, 0.17%, 8, 0, 7, 144.39
1735137150, 282, 10, 40, 0, 0, 0.17%, 8, 0, 7, 132.76
1735137155, 282, 12, 40, 0, 0, 0.17%, 8, 0, 7, 136.16
1735137161, 282, 15, 40, 0, 0, 0.17%, 8, 0, 7, 134.18
1735137166, 282, 17, 40, 0, 0, 0.17%, 8, 0, 7, 140.07
1735137171, 282, 29, 40, 0, 0, 0.17%, 8, 0, 7, 143.85
1735137176, 283, 10, 40, 0, 0, 0.17%, 8, 0, 7, 143.15
1735137181, 283, 12, 40, 0, 0, 0.17%, 8, 0, 7, 133.31
1735137186, 283, 15, 40, 0, 0, 0.17%, 8, 0, 7, 140.22
1735137192, 284, 4, 40, 0, 0, 0.17%, 8, 0, 7, 139.47
1735137197, 284, 11, 40, 0, 0, 0.17%, 8, 0, 7, 135.61
1735137202, 284, 13, 40, 0, 0, 0.17%, 8, 0, 7, 142.12
1735137207, 284, 15, 40, 0, 0, 0.17%, 8, 0, 7, 141.77
1735137212, 284, 19, 40, 0, 0, 0.17%, 8, 0, 7, 140.46
1735137217, 285, 10, 40, 0, 0, 0.17%, 8, 0, 7, 145.22
1735137222, 285, 12, 40, 0, 0, 0.17%, 8, 0, 7, 139.53
1735137228, 285, 15, 40, 0, 0, 0.17%, 8, 0, 7, 134.80
1735137233, 285, 28, 40, 0, 0, 0.17%, 8, 0, 7, 147.11
1735137238, 285, 35, 40, 0, 0, 0.17%, 8, 0, 7, 157.45
1735137248, 286, 10, 40, 0, 0, 0.17%, 8, 0, 7, 141.26
1735137253, 286, 12, 40, 0, 0, 0.17%, 8, 0, 7, 135.87
1735137259, 286, 15, 40, 0, 0, 0.17%, 8, 0, 7, 136.29
1735137264, 286, 39, 40, 0, 0, 0.17%, 8, 0, 7, 161.22
