# unix_time, cycles_done, cur_path, paths_total, pending_total, pending_favs, map_size, unique_crashes, unique_hangs, max_depth, execs_per_sec
1735148087, 0, 0, 10, 10, 1, 0.01%, 0, 0, 1, 81.80
1735148092, 0, 2, 10, 10, 1, 0.01%, 0, 0, 1, 102.42
1735148102, 0, 3, 10, 9, 0, 0.01%, 0, 0, 1, 104.67
1735148107, 0, 4, 10, 8, 0, 0.01%, 0, 0, 1, 106.10
1735148117, 0, 5, 10, 7, 0, 0.01%, 0, 0, 1, 103.42
1735148127, 0, 6, 10, 6, 0, 0.01%, 0, 0, 1, 103.00
1735148138, 0, 7, 10, 5, 0, 0.01%, 0, 0, 1, 100.57
1735148148, 0, 8, 10, 4, 0, 0.01%, 0, 0, 1, 96.18
1735148158, 0, 9, 10, 3, 0, 0.01%, 0, 0, 1, 93.69
1735148168, 1, 0, 10, 2, 0, 0.01%, 0, 0, 1, 94.29
1735148179, 1, 1, 10, 1, 0, 0.01%, 0, 0, 1, 101.36
1735148194, 1, 2, 10, 0, 0, 0.01%, 0, 0, 1, 102.73
1735148199, 1, 4, 10, 0, 0, 0.01%, 0, 0, 1, 103.57
1735148204, 1, 5, 10, 0, 0, 0.01%, 0, 0, 1, 101.71
1735148209, 1, 7, 10, 0, 0, 0.01%, 0, 0, 1, 103.70
1735148214, 1, 8, 10, 0, 0, 0.01%, 0, 0, 1, 103.85
1735148219, 1, 9, 10, 0, 0, 0.01%, 0, 0, 1, 102.79
1735148224, 2, 1, 10, 0, 0, 0.01%, 0, 0, 1, 101.33
1735148229, 2, 2, 10, 0, 0, 0.01%, 0, 0, 1, 101.26
1735148234, 2, 4, 10, 0, 0, 0.01%, 0, 0, 1, 101.41
1735148240, 2, 5, 10, 0, 0, 0.01%, 0, 0, 1, 98.74
1735148245, 2, 6, 10, 0, 0, 0.01%, 0, 0, 1, 99.55
1735148250, 2, 8, 10, 0, 0, 0.01%, 0, 0, 1, 102.09
1735148255, 2, 9, 10, 0, 0, 0.01%, 0, 0, 1, 102.20
1735148260, 3, 1, 10, 0, 0, 0.01%, 0, 0, 1, 101.08
1735148265, 3, 2, 10, 0, 0, 0.01%, 0, 0, 1, 103.38
1735148270, 3, 3, 10, 0, 0, 0.01%, 0, 0, 1, 102.87
1735148275, 3, 5, 10, 0, 0, 0.01%, 0, 0, 1, 102.68
1735148280, 3, 6, 10, 0, 0, 0.01%, 0, 0, 1, 101.84
1735148285, 3, 8, 10, 0, 0, 0.01%, 0, 0, 1, 104.23
1735148291, 3, 9, 10, 0, 0, 0.01%, 0, 0, 1, 103.28
1735148296, 4, 0, 10, 0, 0, 0.01%, 0, 0, 1, 101.68
1735148301, 4, 2, 10, 0, 0, 0.01%, 0, 0, 1, 102.44
1735148306, 4, 3, 10, 0, 0, 0.01%, 0, 0, 1, 103.40
1735148311, 4, 5, 10, 0, 0, 0.01%, 0, 0, 1, 103.80
1735148316, 4, 6, 10, 0, 0, 0.01%, 0, 0, 1, 101.73
1735148321, 4, 8, 10, 0, 0, 0.01%, 0, 0, 1, 103.23
1735148326, 4, 9, 10, 0, 0, 0.01%, 0, 0, 1, 102.76
1735148331, 5, 0, 10, 0, 0, 0.01%, 0, 0, 1, 104.16
1735148336, 5, 2, 10, 0, 0, 0.01%, 0, 0, 1, 104.12
1735148341, 5, 3, 10, 0, 0, 0.01%, 0, 0, 1, 102.95
1735148346, 5, 10, 12, 2, 1, 0.16%, 2, 0, 3, 112.99
1735148432, 5, 11, 13, 2, 1, 0.16%, 3, 0, 4, 131.62
1735148442, 5, 11, 14, 3, 1, 0.16%, 3, 0, 4, 113.02
1735148524, 5, 11, 15, 4, 1, 0.17%, 4, 0, 4, 111.63
1735148569, 5, 12, 15, 3, 2, 0.17%, 4, 0, 4, 132.30
1735148605, 5, 12, 16, 4, 2, 0.17%, 4, 0, 5, 110.44
1735148691, 5, 12, 17, 5, 2, 0.17%, 4, 0, 5, 112.81
1735148747, 5, 14, 19, 6, 1, 0.17%, 5, 0, 5, 138.04
1735148788, 5, 14, 20, 7, 1, 0.17%, 5, 0, 5, 118.27
1735148798, 5, 14, 21, 8, 1, 0.17%, 5, 0, 5, 117.91
1735148804, 5, 14, 22, 9, 1, 0.17%, 5, 0, 5, 114.50
1735148860, 5, 14, 23, 10, 1, 0.17%, 5, 0, 5, 117.01
1735148906, 5, 14, 24, 11, 1, 0.17%, 5, 0, 5, 133.81
1735148911, 5, 14, 25, 12, 1, 0.17%, 5, 0, 5, 120.17
1735148916, 5, 17, 25, 11, 1, 0.17%, 5, 0, 5, 136.49
1735148972, 5, 17, 28, 14, 1, 0.17%, 5, 0, 6, 143.82
1735148977, 5, 17, 30, 16, 1, 0.17%, 5, 0, 6, 131.24
1735148993, 5, 17, 32, 18, 1, 0.17%, 5, 0, 6, 137.53
1735148998, 5, 19, 32, 17, 0, 0.17%, 5, 0, 6, 172.87
1735149292, 5, 19, 33, 18, 0, 0.17%, 5, 0, 6, 247.75
1735149297, 5, 19, 34, 19, 0, 0.17%, 5, 0, 6, 208.24
1735149343, 5, 19, 35, 20, 0, 0.17%, 6, 0, 6, 191.15
1735149378, 5, 21, 35, 19, 0, 0.17%, 6, 0, 6, 173.11
1735149491, 5, 21, 36, 20, 0, 0.17%, 7, 0, 6, 194.62
1735149567, 5, 22, 36, 19, 0, 0.17%, 7, 0, 6, 188.91
1735149828, 6, 11, 36, 18, 0, 0.17%, 7, 0, 6, 129.07
1735149838, 6, 12, 36, 18, 0, 0.17%, 7, 0, 6, 130.90
1735149848, 6, 12, 37, 19, 0, 0.17%, 7, 0, 6, 136.36
1735149853, 6, 14, 37, 19, 0, 0.17%, 7, 0, 6, 139.34
1735149864, 6, 15, 37, 19, 0, 0.17%, 7, 0, 6, 147.30
1735149895, 6, 15, 38, 20, 0, 0.17%, 7, 0, 6, 128.73
1735149982, 6, 17, 38, 19, 0, 0.17%, 7, 0, 6, 122.77
1735149992, 6, 23, 38, 19, 0, 0.17%, 7, 0, 6, 177.55
1735150028, 6, 23, 39, 20, 0, 0.17%, 7, 0, 6, 156.02
1735150043, 6, 26, 39, 19, 0, 0.17%, 7, 0, 6, 185.45
1735150222, 6, 28, 39, 18, 0, 0.17%, 7, 0, 6, 169.92
1735150274, 6, 31, 39, 17, 0, 0.17%, 7, 0, 6, 150.04
1735150345, 6, 32, 39, 16, 0, 0.17%, 7, 0, 6, 132.86
1735150646, 6, 34, 39, 15, 0, 0.17%, 7, 0, 6, 182.57
1735150769, 6, 34, 40, 16, 0, 0.17%, 7, 0, 7, 172.67
1735150779, 6, 37, 40, 15, 0, 0.17%, 7, 0, 7, 190.33
1735150890, 7, 9, 40, 14, 0, 0.17%, 7, 0, 7, 187.19
1735150895, 7, 12, 40, 14, 0, 0.17%, 7, 0, 7, 150.10
1735150900, 7, 14, 40, 14, 0, 0.17%, 7, 0, 7, 145.62
1735150905, 7, 17, 40, 14, 0, 0.17%, 7, 0, 7, 140.13
1735150910, 7, 18, 40, 14, 0, 0.17%, 7, 0, 7, 149.12
1735150967, 7, 19, 40, 13, 0, 0.17%, 7, 0, 7, 160.94
1735150972, 7, 27, 40, 13, 0, 0.17%, 7, 0, 7, 149.46
1735151171, 7, 33, 40, 12, 0, 0.17%, 7, 0, 7, 125.40
1735151852, 8, 11, 40, 11, 0, 0.17%, 7, 0, 7, 148.58
1735151857, 8, 12, 40, 11, 0, 0.17%, 7, 0, 7, 146.72
1735151863, 8, 14, 40, 11, 0, 0.17%, 7, 0, 7, 148.22
1735151868, 8, 16, 40, 11, 0, 0.17%, 7, 0, 7, 206.91
1735152236, 8, 17, 40, 10, 0, 0.17%, 7, 0, 7, 140.51
1735152241, 8, 24, 40, 10, 0, 0.17%, 7, 0, 7, 205.50
1735152374, 8, 25, 40, 9, 0, 0.17%, 7, 0, 7, 156.82
1735152573, 8, 27, 40, 8, 0, 0.17%, 7, 0, 7, 158.22
1735152584, 9, 11, 40, 8, 0, 0.17%, 7, 0, 7, 144.98
1735152589, 9, 12, 40, 8, 0, 0.17%, 7, 0, 7, 144.69
1735152594, 9, 14, 40, 8, 0, 0.17%, 7, 0, 7, 136.35
1735152599, 9, 17, 40, 8, 0, 0.17%, 7, 0, 7, 142.22
1735152604, 9, 20, 40, 8, 0, 0.17%, 7, 0, 7, 136.55
1735152655, 9, 35, 40, 7, 0, 0.17%, 7, 0, 7, 191.06
1735152787, 9, 36, 40, 6, 0, 0.17%, 7, 0, 7, 180.82
1735152838, 10, 12, 40, 5, 0, 0.17%, 7, 0, 7, 151.27
1735152843, 10, 13, 40, 5, 0, 0.17%, 7, 0, 7, 147.18
1735152895, 10, 17, 40, 4, 0, 0.17%, 7, 0, 7, 154.51
1735152900, 10, 25, 40, 4, 0, 0.17%, 7, 0, 7, 145.71
1735152911, 11, 6, 40, 4, 0, 0.17%, 7, 0, 7, 143.26
1735152916, 11, 12, 40, 4, 0, 0.17%, 7, 0, 7, 144.25
1735152921, 11, 14, 40, 4, 0, 0.17%, 7, 0, 7, 147.40
1735152926, 11, 17, 40, 4, 0, 0.17%, 7, 0, 7, 145.54
1735152931, 11, 28, 40, 4, 0, 0.17%, 7, 0, 7, 152.82
1735152942, 12, 11, 40, 4, 0, 0.17%, 7, 0, 7, 142.74
1735152947, 12, 14, 40, 4, 0, 0.17%, 7, 0, 7, 143.22
1735152952, 12, 15, 40, 4, 0, 0.17%, 7, 0, 7, 139.38
1735152962, 12, 17, 40, 4, 0, 0.17%, 7, 0, 7, 140.56
1735152967, 12, 29, 40, 4, 0, 0.17%, 7, 0, 7, 129.62
1735153039, 12, 30, 40, 3, 0, 0.17%, 7, 0, 7, 183.72
1735153131, 12, 33, 40, 2, 0, 0.17%, 7, 0, 7, 152.05
1735153136, 12, 39, 40, 2, 0, 0.17%, 7, 0, 7, 141.14
1735153257, 13, 12, 40, 1, 0, 0.17%, 7, 0, 7, 136.88
1735153262, 13, 14, 40, 1, 0, 0.17%, 7, 0, 7, 131.88
1735153268, 13, 17, 40, 1, 0, 0.17%, 7, 0, 7, 136.60
1735153273, 13, 20, 40, 1, 0, 0.17%, 7, 0, 7, 143.17
1735153283, 14, 11, 40, 1, 0, 0.17%, 7, 0, 7, 138.96
1735153288, 14, 12, 40, 1, 0, 0.17%, 7, 0, 7, 135.24
1735153293, 14, 14, 40, 1, 0, 0.17%, 7, 0, 7, 135.86
1735153298, 14, 17, 40, 1, 0, 0.17%, 7, 0, 7, 137.14
1735153304, 14, 32, 40, 1, 0, 0.17%, 7, 0, 7, 174.95
1735153314, 15, 12, 40, 1, 0, 0.17%, 7, 0, 7, 139.76
1735153319, 15, 14, 40, 1, 0, 0.17%, 7, 0, 7, 137.23
1735153324, 15, 17, 40, 1, 0, 0.17%, 7, 0, 7, 132.67
1735153329, 16, 11, 40, 1, 0, 0.17%, 7, 0, 7, 140.63
1735153334, 16, 12, 40, 1, 0, 0.17%, 7, 0, 7, 152.90
1735153339, 16, 14, 40, 1, 0, 0.17%, 7, 0, 7, 150.99
1735153344, 16, 17, 40, 1, 0, 0.17%, 7, 0, 7, 138.36
1735153350, 16, 18, 40, 1, 0, 0.17%, 7, 0, 7, 133.60
1735153360, 16, 38, 40, 1, 0, 0.17%, 7, 0, 7, 187.19
1735153411, 17, 11, 40, 0, 0, 0.17%, 7, 0, 7, 140.93
1735153416, 17, 12, 40, 0, 0, 0.17%, 7, 0, 7, 140.96
1735153421, 17, 13, 40, 0, 0, 0.17%, 7, 0, 7, 137.67
1735153432, 17, 14, 40, 0, 0, 0.17%, 7, 0, 7, 138.52
1735153437, 17, 17, 40, 0, 0, 0.17%, 7, 0, 7, 136.57
1735153442, 17, 38, 40, 0, 0, 0.17%, 7, 0, 7, 138.06
1735153452, 18, 12, 40, 0, 0, 0.17%, 7, 0, 7, 139.28
1735153457, 18, 14, 40, 0, 0, 0.17%, 7, 0, 7, 137.64
1735153462, 18, 17, 40, 0, 0, 0.17%, 7, 0, 7, 140.37
1735153467, 18, 39, 40, 0, 0, 0.17%, 7, 0, 7, 146.13
1735153483, 19, 11, 40, 0, 0, 0.17%, 7, 0, 7, 141.78
1735153488, 19, 12, 40, 0, 0, 0.17%, 7, 0, 7, 136.49
1735153493, 19, 14, 40, 0, 0, 0.17%, 7, 0, 7, 138.83
1735153498, 19, 16, 40, 0, 0, 0.17%, 7, 0, 7, 160.99
1735153508, 19, 17, 40, 0, 0, 0.17%, 7, 0, 7, 147.34
1735153513, 19, 31, 40, 0, 0, 0.17%, 7, 0, 7, 151.51
1735153529, 20, 11, 40, 0, 0, 0.17%, 7, 0, 7, 149.88
1735153534, 20, 14, 40, 0, 0, 0.17%, 7, 0, 7, 137.71
1735153539, 20, 17, 40, 0, 0, 0.17%, 7, 0, 7, 128.90
1735153544, 20, 26, 40, 0, 0, 0.17%, 7, 0, 7, 138.86
1735153555, 21, 2, 40, 0, 0, 0.17%, 7, 0, 7, 131.58
1735153560, 21, 12, 40, 0, 0, 0.17%, 7, 0, 7, 139.06
1735153565, 21, 14, 40, 0, 0, 0.17%, 7, 0, 7, 134.51
1735153570, 21, 17, 40, 0, 0, 0.17%, 7, 0, 7, 138.39
1735153575, 22, 9, 40, 0, 0, 0.17%, 7, 0, 7, 140.61
1735153581, 22, 12, 40, 0, 0, 0.17%, 7, 0, 7, 144.25
1735153586, 22, 14, 40, 0, 0, 0.17%, 7, 0, 7, 142.95
1735153591, 22, 17, 40, 0, 0, 0.17%, 7, 0, 7, 138.48
1735153596, 22, 23, 40, 0, 0, 0.17%, 7, 0, 7, 150.86
1735153606, 23, 12, 40, 0, 0, 0.17%, 7, 0, 7, 138.22
1735153611, 23, 14, 40, 0, 0, 0.17%, 7, 0, 7, 137.40
1735153616, 23, 17, 40, 0, 0, 0.17%, 7, 0, 7, 133.16
1735153622, 23, 32, 40, 0, 0, 0.17%, 7, 0, 7, 160.65
1735153627, 23, 38, 40, 0, 0, 0.17%, 7, 0, 7, 145.94
1735153637, 24, 11, 40, 0, 0, 0.17%, 7, 0, 7, 146.55
1735153642, 24, 12, 40, 0, 0, 0.17%, 7, 0, 7, 143.45
1735153647, 24, 14, 40, 0, 0, 0.17%, 7, 0, 7, 136.95
1735153652, 24, 17, 40, 0, 0, 0.17%, 7, 0, 7, 136.65
1735153657, 24, 20, 40, 0, 0, 0.17%, 7, 0, 7, 140.22
1735153662, 24, 35, 40, 0, 0, 0.17%, 7, 0, 7, 151.97
1735153667, 25, 11, 40, 0, 0, 0.17%, 7, 0, 7, 153.17
1735153672, 25, 12, 40, 0, 0, 0.17%, 7, 0, 7, 149.36
1735153678, 25, 13, 40, 0, 0, 0.17%, 7, 0, 7, 143.05
1735153683, 25, 14, 40, 0, 0, 0.17%, 7, 0, 7, 146.83
1735153688, 25, 17, 40, 0, 0, 0.17%, 7, 0, 7, 143.08
1735153693, 25, 18, 40, 0, 0, 0.17%, 7, 0, 7, 142.09
1735153698, 25, 24, 40, 0, 0, 0.17%, 7, 0, 7, 166.18
1735153713, 25, 25, 40, 0, 0, 0.17%, 7, 0, 7, 149.41
1735153718, 25, 28, 40, 0, 0, 0.17%, 7, 0, 7, 134.21
1735153723, 25, 39, 40, 0, 0, 0.17%, 7, 0, 7, 160.35
1735153739, 26, 11, 40, 0, 0, 0.17%, 7, 0, 7, 139.10
1735153744, 26, 12, 40, 0, 0, 0.17%, 7, 0, 7, 134.04
1735153749, 26, 14, 40, 0, 0, 0.17%, 7, 0, 7, 135.06
1735153754, 26, 17, 40, 0, 0, 0.17%, 7, 0, 7, 138.29
1735153759, 27, 9, 40, 0, 0, 0.17%, 7, 0, 7, 140.04
1735153765, 27, 12, 40, 0, 0, 0.17%, 7, 0, 7, 134.80
1735153770, 27, 14, 40, 0, 0, 0.17%, 7, 0, 7, 138.90
1735153775, 27, 17, 40, 0, 0, 0.17%, 7, 0, 7, 136.87
1735153780, 28, 12, 40, 0, 0, 0.17%, 7, 0, 7, 142.25
1735153785, 28, 14, 40, 0, 0, 0.17%, 7, 0, 7, 141.45
1735153790, 28, 17, 40, 0, 0, 0.17%, 7, 0, 7, 143.12
1735153795, 28, 35, 40, 0, 0, 0.17%, 7, 0, 7, 155.33
1735153800, 28, 36, 40, 0, 0, 0.17%, 7, 0, 7, 145.84
1735153810, 29, 11, 40, 0, 0, 0.17%, 7, 0, 7, 128.85
1735153816, 29, 12, 40, 0, 0, 0.17%, 7, 0, 7, 136.17
1735153821, 29, 14, 40, 0, 0, 0.17%, 7, 0, 7, 142.29
1735153826, 29, 17, 40, 0, 0, 0.17%, 7, 0, 7, 137.84
1735153831, 29, 23, 40, 0, 0, 0.17%, 7, 0, 7, 145.50
1735153836, 30, 11, 40, 0, 0, 0.17%, 7, 0, 7, 141.62
1735153841, 30, 12, 40, 0, 0, 0.17%, 7, 0, 7, 139.99
1735153846, 30, 14, 40, 0, 0, 0.17%, 7, 0, 7, 142.41
1735153852, 30, 17, 40, 0, 0, 0.17%, 7, 0, 7, 149.68
1735153857, 31, 11, 40, 0, 0, 0.17%, 7, 0, 7, 148.95
1735153862, 31, 12, 40, 0, 0, 0.17%, 7, 0, 7, 132.02
1735153867, 31, 14, 40, 0, 0, 0.17%, 7, 0, 7, 142.27
1735153872, 31, 17, 40, 0, 0, 0.17%, 7, 0, 7, 134.28
1735153877, 32, 11, 40, 0, 0, 0.17%, 7, 0, 7, 139.50
1735153883, 32, 12, 40, 0, 0, 0.17%, 7, 0, 7, 137.64
1735153888, 32, 14, 40, 0, 0, 0.17%, 7, 0, 7, 143.02
1735153893, 32, 24, 40, 0, 0, 0.17%, 7, 0, 7, 151.68
1735153903, 33, 11, 40, 0, 0, 0.17%, 7, 0, 7, 136.84
1735153908, 33, 12, 40, 0, 0, 0.17%, 7, 0, 7, 134.34
1735153913, 33, 14, 40, 0, 0, 0.17%, 7, 0, 7, 132.59
1735153919, 33, 17, 40, 0, 0, 0.17%, 7, 0, 7, 130.35
1735153924, 33, 25, 40, 0, 0, 0.17%, 7, 0, 7, 151.34
1735153929, 33, 36, 40, 0, 0, 0.17%, 7, 0, 7, 141.32
1735153939, 33, 38, 40, 0, 0, 0.17%, 7, 0, 7, 152.06
1735153944, 34, 12, 40, 0, 0, 0.17%, 7, 0, 7, 141.94
1735153949, 34, 14, 40, 0, 0, 0.17%, 7, 0, 7, 134.12
1735153954, 34, 17, 40, 0, 0, 0.17%, 7, 0, 7, 142.61
1735153960, 35, 11, 40, 0, 0, 0.17%, 7, 0, 7, 141.32
1735153965, 35, 12, 40, 0, 0, 0.17%, 7, 0, 7, 132.90
1735153970, 35, 14, 40, 0, 0, 0.17%, 7, 0, 7, 139.58
1735153975, 35, 17, 40, 0, 0, 0.17%, 7, 0, 7, 146.18
1735153980, 35, 24, 40, 0, 0, 0.17%, 7, 0, 7, 152.50
1735153985, 35, 31, 40, 0, 0, 0.17%, 7, 0, 7, 150.29
1735153995, 36, 12, 40, 0, 0, 0.17%, 7, 0, 7, 141.26
1735154001, 36, 13, 40, 0, 0, 0.17%, 7, 0, 7, 142.11
1735154006, 36, 14, 40, 0, 0, 0.17%, 7, 0, 7, 142.00
1735154011, 36, 17, 40, 0, 0, 0.17%, 7, 0, 7, 138.28
1735154016, 37, 11, 40, 0, 0, 0.17%, 7, 0, 7, 136.72
1735154021, 37, 12, 40, 0, 0, 0.17%, 7, 0, 7, 138.48
1735154027, 37, 14, 40, 0, 0, 0.17%, 7, 0, 7, 139.96
1735154032, 37, 17, 40, 0, 0, 0.17%, 7, 0, 7, 138.03
1735154037, 38, 12, 40, 0, 0, 0.17%, 7, 0, 7, 143.29
1735154042, 38, 14, 40, 0, 0, 0.17%, 7, 0, 7, 132.62
1735154047, 38, 17, 40, 0, 0, 0.17%, 7, 0, 7, 131.98
1735154052, 39, 6, 40, 0, 0, 0.17%, 7, 0, 7, 136.34
1735154057, 39, 12, 40, 0, 0, 0.17%, 7, 0, 7, 135.83
1735154063, 39, 14, 40, 0, 0, 0.17%, 7, 0, 7, 137.31
1735154068, 39, 17, 40, 0, 0, 0.17%, 7, 0, 7, 143.77
1735154073, 39, 34, 40, 0, 0, 0.17%, 7, 0, 7, 155.76
1735154083, 40, 12, 40, 0, 0, 0.17%, 7, 0, 7, 138.82
1735154088, 40, 13, 40, 0, 0, 0.17%, 7, 0, 7, 137.09
1735154093, 40, 14, 40, 0, 0, 0.17%, 7, 0, 7, 133.26
1735154098, 40, 17, 40, 0, 0, 0.17%, 7, 0, 7, 135.54
1735154103, 41, 0, 40, 0, 0, 0.17%, 7, 0, 7, 152.70
1735154109, 41, 12, 40, 0, 0, 0.17%, 7, 0, 7, 145.88
1735154119, 41, 13, 40, 0, 0, 0.17%, 7, 0, 7, 132.37
1735154124, 41, 17, 40, 0, 0, 0.17%, 7, 0, 7, 141.76
1735154129, 42, 11, 40, 0, 0, 0.17%, 7, 0, 7, 143.68
1735154134, 42, 12, 40, 0, 0, 0.17%, 7, 0, 7, 144.05
1735154139, 42, 14, 40, 0, 0, 0.17%, 7, 0, 7, 139.80
1735154144, 42, 16, 40, 0, 0, 0.17%, 7, 0, 7, 151.15
1735154149, 42, 17, 40, 0, 0, 0.17%, 7, 0, 7, 143.56
1735154154, 43, 12, 40, 0, 0, 0.17%, 7, 0, 7, 137.72
1735154160, 43, 14, 40, 0, 0, 0.17%, 7, 0, 7, 144.36
1735154165, 43, 17, 40, 0, 0, 0.17%, 7, 0, 7, 141.58
1735154170, 43, 18, 40, 0, 0, 0.17%, 7, 0, 7, 143.01
1735154175, 43, 31, 40, 0, 0, 0.17%, 7, 0, 7, 139.88
1735154185, 44, 12, 40, 0, 0, 0.17%, 7, 0, 7, 135.97
1735154190, 44, 14, 40, 0, 0, 0.17%, 7, 0, 7, 139.74
1735154196, 44, 17, 40, 0, 0, 0.17%, 7, 0, 7, 138.99
1735154201, 44, 24, 40, 0, 0, 0.17%, 7, 0, 7, 151.05
1735154211, 44, 29, 40, 0, 0, 0.17%, 7, 0, 7, 147.27
1735154221, 45, 6, 40, 0, 0, 0.17%, 7, 0, 7, 140.39
1735154226, 45, 12, 40, 0, 0, 0.17%, 7, 0, 7, 129.22
1735154232, 45, 14, 40, 0, 0, 0.17%, 7, 0, 7, 134.06
1735154237, 45, 17, 40, 0, 0, 0.17%, 7, 0, 7, 132.20
1735154242, 45, 22, 40, 0, 0, 0.17%, 7, 0, 7, 154.42
1735154252, 46, 12, 40, 0, 0, 0.17%, 7, 0, 7, 138.66
1735154257, 46, 14, 40, 0, 0, 0.17%, 7, 0, 7, 139.72
1735154263, 46, 17, 40, 0, 0, 0.17%, 7, 0, 7, 140.99
1735154268, 46, 26, 40, 0, 0, 0.17%, 7, 0, 7, 144.84
1735154273, 46, 28, 40, 0, 0, 0.17%, 7, 0, 7, 145.27
1735154278, 46, 33, 40, 0, 0, 0.17%, 7, 0, 7, 162.15
1735154283, 47, 10, 40, 0, 0, 0.17%, 7, 0, 7, 143.01
1735154288, 47, 11, 40, 0, 0, 0.17%, 7, 0, 7, 145.85
1735154293, 47, 12, 40, 0, 0, 0.17%, 7, 0, 7, 143.03
1735154298, 47, 14, 40, 0, 0, 0.17%, 7, 0, 7, 144.82
1735154304, 47, 17, 40, 0, 0, 0.17%, 7, 0, 7, 146.85
1735154309, 48, 11, 40, 0, 0, 0.17%, 7, 0, 7, 142.41
1735154314, 48, 12, 40, 0, 0, 0.17%, 7, 0, 7, 140.94
1735154319, 48, 13, 40, 0, 0, 0.17%, 7, 0, 7, 142.62
1735154324, 48, 14, 40, 0, 0, 0.17%, 7, 0, 7, 138.13
1735154329, 48, 17, 40, 0, 0, 0.17%, 7, 0, 7, 142.01
1735154335, 49, 4, 40, 0, 0, 0.17%, 7, 0, 7, 142.20
1735154340, 49, 12, 40, 0, 0, 0.17%, 7, 0, 7, 139.00
1735154345, 49, 14, 40, 0, 0, 0.17%, 7, 0, 7, 134.64
1735154350, 49, 16, 40, 0, 0, 0.17%, 7, 0, 7, 160.86
1735154355, 49, 17, 40, 0, 0, 0.17%, 7, 0, 7, 144.65
1735154360, 49, 32, 40, 0, 0, 0.17%, 7, 0, 7, 166.13
1735154365, 50, 10, 40, 0, 0, 0.17%, 7, 0, 7, 143.87
1735154370, 50, 12, 40, 0, 0, 0.17%, 7, 0, 7, 139.40
1735154375, 50, 14, 40, 0, 0, 0.17%, 7, 0, 7, 141.15
1735154381, 50, 17, 40, 0, 0, 0.17%, 7, 0, 7, 143.75
1735154386, 50, 34, 40, 0, 0, 0.17%, 7, 0, 7, 154.66
1735154391, 50, 37, 40, 0, 0, 0.17%, 7, 0, 7, 158.66
1735154406, 51, 12, 40, 0, 0, 0.17%, 7, 0, 7, 143.42
1735154411, 51, 14, 40, 0, 0, 0.17%, 7, 0, 7, 137.09
1735154416, 51, 17, 40, 0, 0, 0.17%, 7, 0, 7, 137.90
1735154422, 51, 19, 40, 0, 0, 0.17%, 7, 0, 7, 163.29
1735154427, 51, 21, 40, 0, 0, 0.17%, 7, 0, 7, 168.77
1735154437, 52, 11, 40, 0, 0, 0.17%, 7, 0, 7, 148.89
1735154442, 52, 12, 40, 0, 0, 0.17%, 7, 0, 7, 144.23
1735154447, 52, 14, 40, 0, 0, 0.17%, 7, 0, 7, 144.85
1735154452, 52, 17, 40, 0, 0, 0.17%, 7, 0, 7, 148.43
1735154457, 52, 19, 40, 0, 0, 0.17%, 7, 0, 7, 153.83
1735154462, 53, 7, 40, 0, 0, 0.17%, 7, 0, 7, 150.26
1735154468, 53, 12, 40, 0, 0, 0.17%, 7, 0, 7, 135.69
1735154473, 53, 14, 40, 0, 0, 0.17%, 7, 0, 7, 134.53
1735154478, 53, 17, 40, 0, 0, 0.17%, 7, 0, 7, 136.67
1735154483, 53, 33, 40, 0, 0, 0.17%, 7, 0, 7, 160.50
1735154488, 54, 11, 40, 0, 0, 0.17%, 7, 0, 7, 141.38
1735154493, 54, 12, 40, 0, 0, 0.17%, 7, 0, 7, 142.72
1735154498, 54, 13, 40, 0, 0, 0.17%, 7, 0, 7, 141.21
1735154504, 54, 17, 40, 0, 0, 0.17%, 7, 0, 7, 139.09
1735154509, 55, 3, 40, 0, 0, 0.17%, 7, 0, 7, 146.00
1735154514, 55, 12, 40, 0, 0, 0.17%, 7, 0, 7, 134.22
1735154519, 55, 14, 40, 0, 0, 0.17%, 7, 0, 7, 137.05
1735154524, 55, 17, 40, 0, 0, 0.17%, 7, 0, 7, 128.65
1735154529, 55, 24, 40, 0, 0, 0.17%, 7, 0, 7, 145.33
1735154540, 56, 12, 40, 0, 0, 0.17%, 7, 0, 7, 139.40
1735154545, 56, 14, 40, 0, 0, 0.17%, 7, 0, 7, 139.14
1735154550, 56, 17, 40, 0, 0, 0.17%, 7, 0, 7, 143.35
1735154555, 56, 21, 40, 0, 0, 0.17%, 7, 0, 7, 152.42
1735154560, 57, 12, 40, 0, 0, 0.17%, 7, 0, 7, 140.53
1735154565, 57, 14, 40, 0, 0, 0.17%, 7, 0, 7, 139.18
1735154571, 57, 17, 40, 0, 0, 0.17%, 7, 0, 7, 135.97
1735154576, 57, 23, 40, 0, 0, 0.17%, 7, 0, 7, 145.63
1735154581, 58, 9, 40, 0, 0, 0.17%, 7, 0, 7, 143.86
1735154586, 58, 12, 40, 0, 0, 0.17%, 7, 0, 7, 133.84
1735154591, 58, 14, 40, 0, 0, 0.17%, 7, 0, 7, 133.48
1735154596, 58, 17, 40, 0, 0, 0.17%, 7, 0, 7, 144.07
1735154602, 59, 11, 40, 0, 0, 0.17%, 7, 0, 7, 142.61
1735154607, 59, 12, 40, 0, 0, 0.17%, 7, 0, 7, 137.31
1735154612, 59, 14, 40, 0, 0, 0.17%, 7, 0, 7, 139.89
1735154617, 59, 17, 40, 0, 0, 0.17%, 7, 0, 7, 141.50
1735154622, 60, 12, 40, 0, 0, 0.17%, 7, 0, 7, 147.30
1735154627, 60, 14, 40, 0, 0, 0.17%, 7, 0, 7, 135.47
1735154632, 60, 17, 40, 0, 0, 0.17%, 7, 0, 7, 133.61
1735154637, 60, 22, 40, 0, 0, 0.17%, 7, 0, 7, 154.94
1735154643, 61, 12, 40, 0, 0, 0.17%, 7, 0, 7, 148.01
1735154648, 61, 14, 40, 0, 0, 0.17%, 7, 0, 7, 141.15
1735154653, 61, 17, 40, 0, 0, 0.17%, 7, 0, 7, 130.92
1735154658, 61, 21, 40, 0, 0, 0.17%, 7, 0, 7, 146.77
1735154663, 62, 0, 40, 0, 0, 0.17%, 7, 0, 7, 143.12
1735154668, 62, 12, 40, 0, 0, 0.17%, 7, 0, 7, 135.22
1735154674, 62, 14, 40, 0, 0, 0.17%, 7, 0, 7, 137.27
1735154679, 62, 17, 40, 0, 0, 0.17%, 7, 0, 7, 139.65
1735154684, 62, 18, 40, 0, 0, 0.17%, 7, 0, 7, 138.08
1735154689, 63, 6, 40, 0, 0, 0.17%, 7, 0, 7, 140.18
1735154694, 63, 12, 40, 0, 0, 0.17%, 7, 0, 7, 144.53
1735154699, 63, 14, 40, 0, 0, 0.17%, 7, 0, 7, 142.04
1735154705, 63, 17, 40, 0, 0, 0.17%, 7, 0, 7, 137.30
1735154710, 64, 2, 40, 0, 0, 0.17%, 7, 0, 7, 142.06
1735154715, 64, 12, 40, 0, 0, 0.17%, 7, 0, 7, 138.91
1735154720, 64, 14, 40, 0, 0, 0.17%, 7, 0, 7, 140.91
1735154725, 64, 17, 40, 0, 0, 0.17%, 7, 0, 7, 134.74
1735154731, 64, 21, 40, 0, 0, 0.17%, 7, 0, 7, 150.89
1735154736, 64, 28, 40, 0, 0, 0.17%, 7, 0, 7, 141.80
1735154741, 65, 11, 40, 0, 0, 0.17%, 7, 0, 7, 138.11
1735154746, 65, 12, 40, 0, 0, 0.17%, 7, 0, 7, 135.92
1735154751, 65, 14, 40, 0, 0, 0.17%, 7, 0, 7, 133.87
1735154756, 65, 17, 40, 0, 0, 0.17%, 7, 0, 7, 141.61
1735154761, 65, 23, 40, 0, 0, 0.17%, 7, 0, 7, 140.68
1735154767, 66, 12, 40, 0, 0, 0.17%, 7, 0, 7, 141.69
1735154772, 66, 14, 40, 0, 0, 0.17%, 7, 0, 7, 145.44
1735154777, 66, 17, 40, 0, 0, 0.17%, 7, 0, 7, 139.78
1735154782, 66, 36, 40, 0, 0, 0.17%, 7, 0, 7, 134.96
1735154787, 67, 6, 40, 0, 0, 0.17%, 7, 0, 7, 139.15
1735154793, 67, 12, 40, 0, 0, 0.17%, 7, 0, 7, 138.57
1735154798, 67, 14, 40, 0, 0, 0.17%, 7, 0, 7, 137.14
1735154803, 67, 17, 40, 0, 0, 0.17%, 7, 0, 7, 135.41
1735154808, 68, 8, 40, 0, 0, 0.17%, 7, 0, 7, 141.40
1735154813, 68, 12, 40, 0, 0, 0.17%, 7, 0, 7, 138.20
1735154818, 68, 14, 40, 0, 0, 0.17%, 7, 0, 7, 132.78
1735154824, 68, 17, 40, 0, 0, 0.17%, 7, 0, 7, 141.78
1735154829, 69, 11, 40, 0, 0, 0.17%, 7, 0, 7, 141.52
1735154834, 69, 12, 40, 0, 0, 0.17%, 7, 0, 7, 145.38
1735154839, 69, 14, 40, 0, 0, 0.17%, 7, 0, 7, 133.74
1735154844, 69, 17, 40, 0, 0, 0.17%, 7, 0, 7, 140.77
1735154849, 70, 12, 40, 0, 0, 0.17%, 7, 0, 7, 140.47
1735154860, 70, 17, 40, 0, 0, 0.17%, 7, 0, 7, 138.02
1735154870, 70, 29, 40, 0, 0, 0.17%, 7, 0, 7, 147.35
1735154880, 71, 12, 40, 0, 0, 0.17%, 7, 0, 7, 141.67
1735154885, 71, 14, 40, 0, 0, 0.17%, 7, 0, 7, 133.73
1735154891, 71, 17, 40, 0, 0, 0.17%, 7, 0, 7, 130.96
1735154896, 72, 5, 40, 0, 0, 0.17%, 7, 0, 7, 144.18
1735154901, 72, 12, 40, 0, 0, 0.17%, 7, 0, 7, 137.94
1735154906, 72, 14, 40, 0, 0, 0.17%, 7, 0, 7, 137.96
1735154911, 72, 17, 40, 0, 0, 0.17%, 7, 0, 7, 142.66
1735154916, 72, 28, 40, 0, 0, 0.17%, 7, 0, 7, 143.48
1735154922, 72, 31, 40, 0, 0, 0.17%, 7, 0, 7, 141.59
1735154927, 73, 11, 40, 0, 0, 0.17%, 7, 0, 7, 137.34
1735154932, 73, 12, 40, 0, 0, 0.17%, 7, 0, 7, 140.80
1735154937, 73, 14, 40, 0, 0, 0.17%, 7, 0, 7, 137.20
1735154942, 73, 17, 40, 0, 0, 0.17%, 7, 0, 7, 142.00
1735154947, 74, 12, 40, 0, 0, 0.17%, 7, 0, 7, 134.43
1735154952, 74, 14, 40, 0, 0, 0.17%, 7, 0, 7, 136.78
1735154957, 74, 17, 40, 0, 0, 0.17%, 7, 0, 7, 136.35
1735154963, 74, 33, 40, 0, 0, 0.17%, 7, 0, 7, 154.34
1735154968, 75, 12, 40, 0, 0, 0.17%, 7, 0, 7, 144.07
1735154973, 75, 14, 40, 0, 0, 0.17%, 7, 0, 7, 136.44
1735154978, 75, 17, 40, 0, 0, 0.17%, 7, 0, 7, 139.05
1735154983, 75, 38, 40, 0, 0, 0.17%, 7, 0, 7, 141.45
1735154988, 76, 11, 40, 0, 0, 0.17%, 7, 0, 7, 130.62
1735154993, 76, 12, 40, 0, 0, 0.17%, 7, 0, 7, 135.88
1735154998, 76, 14, 40, 0, 0, 0.17%, 7, 0, 7, 137.34
1735155004, 76, 17, 40, 0, 0, 0.17%, 7, 0, 7, 141.12
1735155009, 77, 12, 40, 0, 0, 0.17%, 7, 0, 7, 137.28
1735155014, 77, 14, 40, 0, 0, 0.17%, 7, 0, 7, 135.56
1735155019, 77, 17, 40, 0, 0, 0.17%, 7, 0, 7, 137.17
1735155024, 77, 28, 40, 0, 0, 0.17%, 7, 0, 7, 144.42
1735155029, 77, 38, 40, 0, 0, 0.17%, 7, 0, 7, 141.51
1735155035, 78, 3, 40, 0, 0, 0.17%, 7, 0, 7, 142.99
1735155040, 78, 11, 40, 0, 0, 0.17%, 7, 0, 7, 137.34
1735155045, 78, 12, 40, 0, 0, 0.17%, 7, 0, 7, 143.60
1735155050, 78, 17, 40, 0, 0, 0.17%, 7, 0, 7, 144.47
1735155055, 78, 33, 40, 0, 0, 0.17%, 7, 0, 7, 159.82
1735155060, 79, 11, 40, 0, 0, 0.17%, 7, 0, 7, 150.07
1735155065, 79, 12, 40, 0, 0, 0.17%, 7, 0, 7, 136.81
1735155071, 79, 14, 40, 0, 0, 0.17%, 7, 0, 7, 142.55
1735155076, 79, 17, 40, 0, 0, 0.17%, 7, 0, 7, 140.95
1735155081, 79, 21, 40, 0, 0, 0.17%, 7, 0, 7, 156.29
1735155086, 79, 33, 40, 0, 0, 0.17%, 7, 0, 7, 147.94
1735155091, 80, 12, 40, 0, 0, 0.17%, 7, 0, 7, 145.41
1735155096, 80, 14, 40, 0, 0, 0.17%, 7, 0, 7, 141.01
1735155101, 80, 17, 40, 0, 0, 0.17%, 7, 0, 7, 140.85
1735155106, 80, 23, 40, 0, 0, 0.17%, 7, 0, 7, 138.12
1735155111, 81, 11, 40, 0, 0, 0.17%, 7, 0, 7, 135.70
1735155116, 81, 12, 40, 0, 0, 0.17%, 7, 0, 7, 131.69
1735155122, 81, 14, 40, 0, 0, 0.17%, 7, 0, 7, 131.04
1735155127, 81, 17, 40, 0, 0, 0.17%, 7, 0, 7, 139.49
1735155132, 81, 20, 40, 0, 0, 0.17%, 7, 0, 7, 143.82
1735155137, 81, 30, 40, 0, 0, 0.17%, 7, 0, 7, 151.04
1735155153, 82, 12, 40, 0, 0, 0.17%, 7, 0, 7, 138.87
1735155158, 82, 14, 40, 0, 0, 0.17%, 7, 0, 7, 142.88
1735155163, 82, 17, 40, 0, 0, 0.17%, 7, 0, 7, 133.93
1735155168, 82, 18, 40, 0, 0, 0.17%, 7, 0, 7, 137.55
1735155173, 82, 37, 40, 0, 0, 0.17%, 7, 0, 7, 154.93
1735155188, 82, 38, 40, 0, 0, 0.17%, 7, 0, 7, 141.91
1735155193, 83, 12, 40, 0, 0, 0.17%, 7, 0, 7, 137.73
1735155199, 83, 14, 40, 0, 0, 0.17%, 7, 0, 7, 128.85
1735155204, 83, 17, 40, 0, 0, 0.17%, 7, 0, 7, 133.81
1735155209, 83, 29, 40, 0, 0, 0.17%, 7, 0, 7, 138.35
1735155219, 84, 11, 40, 0, 0, 0.17%, 7, 0, 7, 140.28
1735155224, 84, 12, 40, 0, 0, 0.17%, 7, 0, 7, 144.66
1735155230, 84, 17, 40, 0, 0, 0.17%, 7, 0, 7, 142.69
1735155235, 84, 23, 40, 0, 0, 0.17%, 7, 0, 7, 141.76
1735155245, 84, 37, 40, 0, 0, 0.17%, 7, 0, 7, 145.13
1735155250, 85, 12, 40, 0, 0, 0.17%, 7, 0, 7, 145.22
1735155255, 85, 14, 40, 0, 0, 0.17%, 7, 0, 7, 142.71
1735155261, 85, 17, 40, 0, 0, 0.17%, 7, 0, 7, 145.27
1735155266, 86, 0, 40, 0, 0, 0.17%, 7, 0, 7, 144.00
1735155271, 86, 12, 40, 0, 0, 0.17%, 7, 0, 7, 132.23
1735155276, 86, 14, 40, 0, 0, 0.17%, 7, 0, 7, 132.25
1735155281, 86, 17, 40, 0, 0, 0.17%, 7, 0, 7, 139.23
1735155286, 87, 2, 40, 0, 0, 0.17%, 7, 0, 7, 147.50
1735155291, 87, 12, 40, 0, 0, 0.17%, 7, 0, 7, 146.43
1735155297, 87, 14, 40, 0, 0, 0.17%, 7, 0, 7, 139.01
1735155302, 87, 17, 40, 0, 0, 0.17%, 7, 0, 7, 139.46
1735155307, 87, 20, 40, 0, 0, 0.17%, 7, 0, 7, 143.93
1735155312, 87, 25, 40, 0, 0, 0.17%, 7, 0, 7, 146.03
1735155317, 88, 11, 40, 0, 0, 0.17%, 7, 0, 7, 137.86
1735155322, 88, 12, 40, 0, 0, 0.17%, 7, 0, 7, 140.29
1735155328, 88, 17, 40, 0, 0, 0.17%, 7, 0, 7, 143.07
1735155333, 88, 20, 40, 0, 0, 0.17%, 7, 0, 7, 141.99
1735155343, 89, 11, 40, 0, 0, 0.17%, 7, 0, 7, 139.99
1735155348, 89, 12, 40, 0, 0, 0.17%, 7, 0, 7, 138.72
1735155353, 89, 14, 40, 0, 0, 0.17%, 7, 0, 7, 139.08
1735155358, 89, 17, 40, 0, 0, 0.17%, 7, 0, 7, 139.84
1735155364, 89, 26, 40, 0, 0, 0.17%, 7, 0, 7, 144.86
1735155369, 90, 6, 40, 0, 0, 0.17%, 7, 0, 7, 152.03
1735155374, 90, 12, 40, 0, 0, 0.17%, 7, 0, 7, 138.94
1735155379, 90, 14, 40, 0, 0, 0.17%, 7, 0, 7, 129.16
1735155384, 90, 17, 40, 0, 0, 0.17%, 7, 0, 7, 135.59
1735155389, 90, 35, 40, 0, 0, 0.17%, 7, 0, 7, 157.98
1735155394, 91, 12, 40, 0, 0, 0.17%, 7, 0, 7, 144.14
1735155400, 91, 14, 40, 0, 0, 0.17%, 7, 0, 7, 147.58
1735155405, 91, 16, 40, 0, 0, 0.17%, 7, 0, 7, 155.21
1735155410, 91, 17, 40, 0, 0, 0.17%, 7, 0, 7, 138.78
1735155415, 91, 37, 40, 0, 0, 0.17%, 7, 0, 7, 154.05
1735155425, 92, 11, 40, 0, 0, 0.17%, 7, 0, 7, 136.79
1735155430, 92, 12, 40, 0, 0, 0.17%, 7, 0, 7, 135.64
1735155435, 92, 14, 40, 0, 0, 0.17%, 7, 0, 7, 149.56
1735155441, 92, 17, 40, 0, 0, 0.17%, 7, 0, 7, 145.44
1735155446, 93, 11, 40, 0, 0, 0.17%, 7, 0, 7, 140.32
1735155451, 93, 12, 40, 0, 0, 0.17%, 7, 0, 7, 140.07
1735155456, 93, 14, 40, 0, 0, 0.17%, 7, 0, 7, 144.20
1735155461, 93, 17, 40, 0, 0, 0.17%, 7, 0, 7, 133.81
1735155466, 94, 12, 40, 0, 0, 0.17%, 7, 0, 7, 137.26
1735155472, 94, 14, 40, 0, 0, 0.17%, 7, 0, 7, 139.44
1735155477, 94, 17, 40, 0, 0, 0.17%, 7, 0, 7, 136.02
1735155482, 95, 7, 40, 0, 0, 0.17%, 7, 0, 7, 148.30
1735155487, 95, 12, 40, 0, 0, 0.17%, 7, 0, 7, 139.46
1735155492, 95, 14, 40, 0, 0, 0.17%, 7, 0, 7, 135.84
1735155497, 95, 17, 40, 0, 0, 0.17%, 7, 0, 7, 143.81
1735155502, 96, 11, 40, 0, 0, 0.17%, 7, 0, 7, 138.81
1735155507, 96, 12, 40, 0, 0, 0.17%, 7, 0, 7, 137.30
1735155513, 96, 15, 40, 0, 0, 0.17%, 7, 0, 7, 135.68
1735155518, 96, 17, 40, 0, 0, 0.17%, 7, 0, 7, 144.45
1735155523, 97, 1, 40, 0, 0, 0.17%, 7, 0, 7, 133.22
1735155528, 97, 12, 40, 0, 0, 0.17%, 7, 0, 7, 144.25
1735155533, 97, 14, 40, 0, 0, 0.17%, 7, 0, 7, 140.49
1735155538, 97, 15, 40, 0, 0, 0.17%, 7, 0, 7, 138.76
1735155544, 97, 17, 40, 0, 0, 0.17%, 7, 0, 7, 137.51
1735155549, 98, 0, 40, 0, 0, 0.17%, 7, 0, 7, 133.65
1735155554, 98, 10, 40, 0, 0, 0.17%, 7, 0, 7, 140.16
1735155559, 98, 12, 40, 0, 0, 0.17%, 7, 0, 7, 136.53
1735155564, 98, 14, 40, 0, 0, 0.17%, 7, 0, 7, 140.65
1735155569, 98, 17, 40, 0, 0, 0.17%, 7, 0, 7, 136.67
1735155574, 98, 22, 40, 0, 0, 0.17%, 7, 0, 7, 154.12
1735155579, 99, 2, 40, 0, 0, 0.17%, 7, 0, 7, 136.25
1735155584, 99, 11, 40, 0, 0, 0.17%, 7, 0, 7, 134.57
1735155590, 99, 12, 40, 0, 0, 0.17%, 7, 0, 7, 142.54
1735155595, 99, 14, 40, 0, 0, 0.17%, 7, 0, 7, 135.55
1735155600, 99, 17, 40, 0, 0, 0.17%, 7, 0, 7, 142.29
1735155605, 100, 12, 40, 0, 0, 0.17%, 7, 0, 7, 135.04
1735155610, 100, 14, 40, 0, 0, 0.17%, 7, 0, 7, 134.95
1735155616, 100, 17, 40, 0, 0, 0.17%, 7, 0, 7, 143.32
1735155621, 100, 39, 40, 0, 0, 0.17%, 7, 0, 7, 153.27
1735155626, 101, 11, 40, 0, 0, 0.17%, 7, 0, 7, 154.00
1735155631, 101, 12, 40, 0, 0, 0.17%, 7, 0, 7, 139.89
1735155636, 101, 14, 40, 0, 0, 0.17%, 7, 0, 7, 139.12
1735155641, 101, 17, 40, 0, 0, 0.17%, 7, 0, 7, 143.80
1735155646, 101, 37, 40, 0, 0, 0.17%, 7, 0, 7, 146.99
1735155651, 102, 11, 40, 0, 0, 0.17%, 7, 0, 7, 138.97
1735155656, 102, 12, 40, 0, 0, 0.17%, 7, 0, 7, 148.48
1735155662, 102, 14, 40, 0, 0, 0.17%, 7, 0, 7, 137.86
1735155667, 102, 17, 40, 0, 0, 0.17%, 7, 0, 7, 135.21
1735155672, 103, 11, 40, 0, 0, 0.17%, 7, 0, 7, 153.11
1735155677, 103, 12, 40, 0, 0, 0.17%, 7, 0, 7, 138.63
1735155682, 103, 14, 40, 0, 0, 0.17%, 7, 0, 7, 127.62
1735155687, 103, 17, 40, 0, 0, 0.17%, 7, 0, 7, 127.05
1735155692, 104, 12, 40, 0, 0, 0.17%, 7, 0, 7, 134.88
1735155698, 104, 14, 40, 0, 0, 0.17%, 7, 0, 7, 134.65
1735155703, 104, 15, 40, 0, 0, 0.17%, 7, 0, 7, 137.56
1735155708, 104, 17, 40, 0, 0, 0.17%, 7, 0, 7, 138.12
1735155713, 104, 18, 40, 0, 0, 0.17%, 7, 0, 7, 139.26
1735155718, 104, 26, 40, 0, 0, 0.17%, 7, 0, 7, 146.65
1735155723, 105, 11, 40, 0, 0, 0.17%, 7, 0, 7, 135.27
1735155729, 105, 12, 40, 0, 0, 0.17%, 7, 0, 7, 145.51
1735155734, 105, 14, 40, 0, 0, 0.17%, 7, 0, 7, 132.49
1735155739, 105, 17, 40, 0, 0, 0.17%, 7, 0, 7, 135.31
1735155744, 105, 31, 40, 0, 0, 0.17%, 7, 0, 7, 146.22
1735155749, 106, 11, 40, 0, 0, 0.17%, 7, 0, 7, 129.49
1735155754, 106, 12, 40, 0, 0, 0.17%, 7, 0, 7, 131.53
1735155759, 106, 14, 40, 0, 0, 0.17%, 7, 0, 7, 136.36
1735155764, 106, 17, 40, 0, 0, 0.17%, 7, 0, 7, 149.31
1735155770, 107, 12, 40, 0, 0, 0.17%, 7, 0, 7, 139.76
1735155775, 107, 14, 40, 0, 0, 0.17%, 7, 0, 7, 137.22
1735155780, 107, 17, 40, 0, 0, 0.17%, 7, 0, 7, 138.53
1735155785, 108, 3, 40, 0, 0, 0.17%, 7, 0, 7, 138.70
1735155790, 108, 11, 40, 0, 0, 0.17%, 7, 0, 7, 135.85
1735155795, 108, 14, 40, 0, 0, 0.17%, 7, 0, 7, 139.77
1735155800, 108, 15, 40, 0, 0, 0.17%, 7, 0, 7, 136.87
1735155805, 108, 17, 40, 0, 0, 0.17%, 7, 0, 7, 143.83
1735155816, 108, 38, 40, 0, 0, 0.17%, 7, 0, 7, 144.31
1735155821, 109, 11, 40, 0, 0, 0.17%, 7, 0, 7, 141.21
1735155826, 109, 12, 40, 0, 0, 0.17%, 7, 0, 7, 143.09
1735155831, 109, 14, 40, 0, 0, 0.17%, 7, 0, 7, 141.70
1735155837, 109, 15, 40, 0, 0, 0.17%, 7, 0, 7, 139.99
1735155842, 109, 17, 40, 0, 0, 0.17%, 7, 0, 7, 138.39
1735155847, 110, 12, 40, 0, 0, 0.17%, 7, 0, 7, 138.63
1735155852, 110, 14, 40, 0, 0, 0.17%, 7, 0, 7, 135.42
1735155857, 110, 17, 40, 0, 0, 0.17%, 7, 0, 7, 133.98
1735155862, 111, 11, 40, 0, 0, 0.17%, 7, 0, 7, 138.21
1735155867, 111, 12, 40, 0, 0, 0.17%, 7, 0, 7, 135.27
1735155873, 111, 14, 40, 0, 0, 0.17%, 7, 0, 7, 140.98
1735155878, 111, 17, 40, 0, 0, 0.17%, 7, 0, 7, 145.77
1735155883, 111, 23, 40, 0, 0, 0.17%, 7, 0, 7, 137.53
1735155888, 111, 36, 40, 0, 0, 0.17%, 7, 0, 7, 147.34
1735155893, 111, 38, 40, 0, 0, 0.17%, 7, 0, 7, 148.80
1735155898, 112, 1, 40, 0, 0, 0.17%, 7, 0, 7, 138.91
1735155904, 112, 11, 40, 0, 0, 0.17%, 7, 0, 7, 140.63
1735155909, 112, 12, 40, 0, 0, 0.17%, 7, 0, 7, 136.45
1735155914, 112, 14, 40, 0, 0, 0.17%, 7, 0, 7, 135.73
1735155919, 112, 17, 40, 0, 0, 0.17%, 7, 0, 7, 125.92
1735155924, 112, 32, 40, 0, 0, 0.17%, 7, 0, 7, 154.76
1735155929, 112, 34, 40, 0, 0, 0.17%, 7, 0, 7, 141.33
1735155934, 113, 11, 40, 0, 0, 0.17%, 7, 0, 7, 138.62
1735155940, 113, 12, 40, 0, 0, 0.17%, 7, 0, 7, 134.23
1735155945, 113, 14, 40, 0, 0, 0.17%, 7, 0, 7, 132.79
1735155950, 113, 37, 40, 0, 0, 0.17%, 7, 0, 7, 144.07
1735155960, 114, 12, 40, 0, 0, 0.17%, 7, 0, 7, 141.02
1735155965, 114, 14, 40, 0, 0, 0.17%, 7, 0, 7, 143.85
1735155971, 114, 17, 40, 0, 0, 0.17%, 7, 0, 7, 137.55
1735155976, 114, 21, 40, 0, 0, 0.17%, 7, 0, 7, 152.67
1735155981, 114, 29, 40, 0, 0, 0.17%, 7, 0, 7, 141.22
1735155991, 115, 12, 40, 0, 0, 0.17%, 7, 0, 7, 133.11
1735155996, 115, 14, 40, 0, 0, 0.17%, 7, 0, 7, 133.56
1735156001, 115, 17, 40, 0, 0, 0.17%, 7, 0, 7, 138.35
1735156007, 116, 11, 40, 0, 0, 0.17%, 7, 0, 7, 145.47
1735156012, 116, 12, 40, 0, 0, 0.17%, 7, 0, 7, 137.80
1735156017, 116, 14, 40, 0, 0, 0.17%, 7, 0, 7, 139.61
1735156022, 116, 17, 40, 0, 0, 0.17%, 7, 0, 7, 134.47
1735156027, 117, 12, 40, 0, 0, 0.17%, 7, 0, 7, 149.40
1735156032, 117, 14, 40, 0, 0, 0.17%, 7, 0, 7, 148.96
1735156037, 117, 17, 40, 0, 0, 0.17%, 7, 0, 7, 136.48
1735156042, 117, 27, 40, 0, 0, 0.17%, 7, 0, 7, 145.02
1735156048, 117, 38, 40, 0, 0, 0.17%, 7, 0, 7, 148.75
1735156053, 118, 10, 40, 0, 0, 0.17%, 7, 0, 7, 141.63
1735156058, 118, 12, 40, 0, 0, 0.17%, 7, 0, 7, 137.13
1735156063, 118, 14, 40, 0, 0, 0.17%, 7, 0, 7, 131.65
1735156068, 118, 17, 40, 0, 0, 0.17%, 7, 0, 7, 126.57
1735156073, 118, 31, 40, 0, 0, 0.17%, 7, 0, 7, 135.66
1735156084, 119, 11, 40, 0, 0, 0.17%, 7, 0, 7, 137.31
1735156089, 119, 12, 40, 0, 0, 0.17%, 7, 0, 7, 151.71
1735156094, 119, 14, 40, 0, 0, 0.17%, 7, 0, 7, 135.35
1735156099, 119, 17, 40, 0, 0, 0.17%, 7, 0, 7, 147.45
1735156104, 120, 1, 40, 0, 0, 0.17%, 7, 0, 7, 139.03
1735156109, 120, 12, 40, 0, 0, 0.17%, 7, 0, 7, 139.32
1735156115, 120, 14, 40, 0, 0, 0.17%, 7, 0, 7, 135.76
1735156120, 120, 15, 40, 0, 0, 0.17%, 7, 0, 7, 137.97
1735156125, 120, 17, 40, 0, 0, 0.17%, 7, 0, 7, 138.84
1735156130, 120, 20, 40, 0, 0, 0.17%, 7, 0, 7, 137.87
1735156135, 121, 5, 40, 0, 0, 0.17%, 7, 0, 7, 139.76
1735156140, 121, 11, 40, 0, 0, 0.17%, 7, 0, 7, 142.19
1735156145, 121, 12, 40, 0, 0, 0.17%, 7, 0, 7, 131.44
1735156151, 121, 14, 40, 0, 0, 0.17%, 7, 0, 7, 138.97
1735156156, 121, 17, 40, 0, 0, 0.17%, 7, 0, 7, 138.67
1735156161, 121, 20, 40, 0, 0, 0.17%, 7, 0, 7, 145.63
1735156166, 121, 23, 40, 0, 0, 0.17%, 7, 0, 7, 143.42
1735156171, 122, 11, 40, 0, 0, 0.17%, 7, 0, 7, 137.97
1735156176, 122, 12, 40, 0, 0, 0.17%, 7, 0, 7, 137.75
1735156181, 122, 14, 40, 0, 0, 0.17%, 7, 0, 7, 135.12
1735156187, 122, 17, 40, 0, 0, 0.17%, 7, 0, 7, 140.88
1735156192, 122, 31, 40, 0, 0, 0.17%, 7, 0, 7, 147.51
1735156197, 122, 35, 40, 0, 0, 0.17%, 7, 0, 7, 156.33
1735156202, 123, 12, 40, 0, 0, 0.17%, 7, 0, 7, 149.21
1735156207, 123, 14, 40, 0, 0, 0.17%, 7, 0, 7, 141.28
1735156212, 123, 17, 40, 0, 0, 0.17%, 7, 0, 7, 131.80
1735156217, 123, 27, 40, 0, 0, 0.17%, 7, 0, 7, 150.69
1735156222, 124, 11, 40, 0, 0, 0.17%, 7, 0, 7, 146.57
1735156228, 124, 14, 40, 0, 0, 0.17%, 7, 0, 7, 141.80
1735156233, 124, 17, 40, 0, 0, 0.17%, 7, 0, 7, 141.31
1735156238, 124, 33, 40, 0, 0, 0.17%, 7, 0, 7, 140.32
1735156243, 124, 39, 40, 0, 0, 0.17%, 7, 0, 7, 154.74
1735156253, 125, 12, 40, 0, 0, 0.17%, 7, 0, 7, 143.39
1735156258, 125, 14, 40, 0, 0, 0.17%, 7, 0, 7, 141.81
1735156264, 125, 17, 40, 0, 0, 0.17%, 7, 0, 7, 140.28
1735156269, 125, 39, 40, 0, 0, 0.17%, 7, 0, 7, 140.33
1735156279, 126, 11, 40, 0, 0, 0.17%, 7, 0, 7, 139.08
1735156284, 126, 12, 40, 0, 0, 0.17%, 7, 0, 7, 128.49
1735156289, 126, 13, 40, 0, 0, 0.17%, 7, 0, 7, 146.15
1735156294, 126, 14, 40, 0, 0, 0.17%, 7, 0, 7, 136.82
1735156299, 126, 17, 40, 0, 0, 0.17%, 7, 0, 7, 139.93
1735156305, 127, 11, 40, 0, 0, 0.17%, 7, 0, 7, 147.32
1735156310, 127, 12, 40, 0, 0, 0.17%, 7, 0, 7, 131.65
1735156315, 127, 14, 40, 0, 0, 0.17%, 7, 0, 7, 141.24
1735156320, 127, 17, 40, 0, 0, 0.17%, 7, 0, 7, 144.36
1735156325, 128, 12, 40, 0, 0, 0.17%, 7, 0, 7, 135.34
1735156330, 128, 14, 40, 0, 0, 0.17%, 7, 0, 7, 131.16
1735156336, 128, 17, 40, 0, 0, 0.17%, 7, 0, 7, 141.59
1735156341, 128, 24, 40, 0, 0, 0.17%, 7, 0, 7, 151.97
1735156346, 128, 32, 40, 0, 0, 0.17%, 7, 0, 7, 172.24
1735156351, 128, 33, 40, 0, 0, 0.17%, 7, 0, 7, 162.37
1735156356, 129, 11, 40, 0, 0, 0.17%, 7, 0, 7, 147.15
1735156361, 129, 14, 40, 0, 0, 0.17%, 7, 0, 7, 143.74
1735156366, 129, 17, 40, 0, 0, 0.17%, 7, 0, 7, 139.34
1735156371, 129, 26, 40, 0, 0, 0.17%, 7, 0, 7, 132.71
1735156376, 130, 11, 40, 0, 0, 0.17%, 7, 0, 7, 141.24
1735156382, 130, 12, 40, 0, 0, 0.17%, 7, 0, 7, 140.71
1735156387, 130, 14, 40, 0, 0, 0.17%, 7, 0, 7, 144.31
1735156392, 130, 17, 40, 0, 0, 0.17%, 7, 0, 7, 146.44
1735156397, 131, 12, 40, 0, 0, 0.17%, 7, 0, 7, 132.08
1735156402, 131, 14, 40, 0, 0, 0.17%, 7, 0, 7, 137.43
1735156407, 131, 15, 40, 0, 0, 0.17%, 7, 0, 7, 133.04
1735156413, 131, 17, 40, 0, 0, 0.17%, 7, 0, 7, 135.65
1735156418, 131, 32, 40, 0, 0, 0.17%, 7, 0, 7, 154.84
1735156423, 131, 39, 40, 0, 0, 0.17%, 7, 0, 7, 152.50
1735156428, 132, 2, 40, 0, 0, 0.17%, 7, 0, 7, 152.03
1735156433, 132, 12, 40, 0, 0, 0.17%, 7, 0, 7, 145.58
1735156438, 132, 14, 40, 0, 0, 0.17%, 7, 0, 7, 135.63
1735156443, 132, 17, 40, 0, 0, 0.17%, 7, 0, 7, 136.21
1735156448, 132, 22, 40, 0, 0, 0.17%, 7, 0, 7, 155.16
1735156454, 132, 25, 40, 0, 0, 0.17%, 7, 0, 7, 152.15
1735156459, 133, 12, 40, 0, 0, 0.17%, 7, 0, 7, 144.12
1735156464, 133, 14, 40, 0, 0, 0.17%, 7, 0, 7, 151.07
1735156469, 133, 17, 40, 0, 0, 0.17%, 7, 0, 7, 140.85
1735156474, 134, 11, 40, 0, 0, 0.17%, 7, 0, 7, 129.91
1735156479, 134, 12, 40, 0, 0, 0.17%, 7, 0, 7, 136.62
1735156484, 134, 14, 40, 0, 0, 0.17%, 7, 0, 7, 133.41
1735156490, 134, 17, 40, 0, 0, 0.17%, 7, 0, 7, 134.08
1735156495, 134, 18, 40, 0, 0, 0.17%, 7, 0, 7, 137.77
1735156500, 135, 11, 40, 0, 0, 0.17%, 7, 0, 7, 133.59
1735156505, 135, 12, 40, 0, 0, 0.17%, 7, 0, 7, 134.02
1735156510, 135, 14, 40, 0, 0, 0.17%, 7, 0, 7, 131.25
1735156515, 135, 17, 40, 0, 0, 0.17%, 7, 0, 7, 147.70
1735156521, 135, 32, 40, 0, 0, 0.17%, 7, 0, 7, 153.98
1735156526, 136, 12, 40, 0, 0, 0.17%, 7, 0, 7, 137.51
1735156531, 136, 14, 40, 0, 0, 0.17%, 7, 0, 7, 139.09
1735156536, 136, 17, 40, 0, 0, 0.17%, 7, 0, 7, 146.14
1735156541, 136, 20, 40, 0, 0, 0.17%, 7, 0, 7, 144.44
1735156546, 136, 34, 40, 0, 0, 0.17%, 7, 0, 7, 151.24
1735156551, 137, 12, 40, 0, 0, 0.17%, 7, 0, 7, 139.12
1735156556, 137, 14, 40, 0, 0, 0.17%, 7, 0, 7, 138.36
1735156562, 137, 17, 40, 0, 0, 0.17%, 7, 0, 7, 138.63
1735156567, 137, 37, 40, 0, 0, 0.17%, 7, 0, 7, 156.81
1735156577, 138, 12, 40, 0, 0, 0.17%, 7, 0, 7, 129.10
1735156582, 138, 14, 40, 0, 0, 0.17%, 7, 0, 7, 141.73
1735156587, 138, 17, 40, 0, 0, 0.17%, 7, 0, 7, 137.37
1735156593, 138, 27, 40, 0, 0, 0.17%, 7, 0, 7, 150.17
1735156598, 139, 3, 40, 0, 0, 0.17%, 7, 0, 7, 143.82
1735156603, 139, 11, 40, 0, 0, 0.17%, 7, 0, 7, 146.14
1735156608, 139, 12, 40, 0, 0, 0.17%, 7, 0, 7, 143.48
1735156613, 139, 14, 40, 0, 0, 0.17%, 7, 0, 7, 146.81
1735156618, 139, 15, 40, 0, 0, 0.17%, 7, 0, 7, 140.63
1735156623, 139, 17, 40, 0, 0, 0.17%, 7, 0, 7, 140.11
1735156628, 140, 11, 40, 0, 0, 0.17%, 7, 0, 7, 146.21
1735156634, 140, 12, 40, 0, 0, 0.17%, 7, 0, 7, 145.17
1735156639, 140, 14, 40, 0, 0, 0.17%, 7, 0, 7, 142.22
1735156644, 140, 16, 40, 0, 0, 0.17%, 7, 0, 7, 146.77
1735156649, 140, 17, 40, 0, 0, 0.17%, 7, 0, 7, 136.28
1735156654, 140, 25, 40, 0, 0, 0.17%, 7, 0, 7, 145.63
1735156659, 141, 12, 40, 0, 0, 0.17%, 7, 0, 7, 138.95
1735156664, 141, 14, 40, 0, 0, 0.17%, 7, 0, 7, 138.87
1735156670, 141, 17, 40, 0, 0, 0.17%, 7, 0, 7, 136.20
1735156675, 141, 31, 40, 0, 0, 0.17%, 7, 0, 7, 145.03
1735156685, 142, 11, 40, 0, 0, 0.17%, 7, 0, 7, 141.31
1735156690, 142, 12, 40, 0, 0, 0.17%, 7, 0, 7, 140.39
1735156695, 142, 14, 40, 0, 0, 0.17%, 7, 0, 7, 142.47
1735156701, 142, 17, 40, 0, 0, 0.17%, 7, 0, 7, 147.43
1735156706, 142, 38, 40, 0, 0, 0.17%, 7, 0, 7, 154.25
1735156711, 143, 11, 40, 0, 0, 0.17%, 7, 0, 7, 144.03
1735156716, 143, 12, 40, 0, 0, 0.17%, 7, 0, 7, 137.32
1735156721, 143, 14, 40, 0, 0, 0.17%, 7, 0, 7, 131.84
1735156726, 143, 15, 40, 0, 0, 0.17%, 7, 0, 7, 142.11
1735156732, 143, 17, 40, 0, 0, 0.17%, 7, 0, 7, 142.70
1735156737, 143, 37, 40, 0, 0, 0.17%, 7, 0, 7, 147.00
1735156742, 144, 11, 40, 0, 0, 0.17%, 7, 0, 7, 145.37
1735156747, 144, 12, 40, 0, 0, 0.17%, 7, 0, 7, 140.20
1735156752, 144, 14, 40, 0, 0, 0.17%, 7, 0, 7, 136.36
1735156757, 144, 17, 40, 0, 0, 0.17%, 7, 0, 7, 137.94
1735156762, 145, 11, 40, 0, 0, 0.17%, 7, 0, 7, 141.02
1735156767, 145, 12, 40, 0, 0, 0.17%, 7, 0, 7, 138.81
1735156772, 145, 14, 40, 0, 0, 0.17%, 7, 0, 7, 132.34
1735156778, 145, 17, 40, 0, 0, 0.17%, 7, 0, 7, 134.93
1735156783, 145, 19, 40, 0, 0, 0.17%, 7, 0, 7, 160.63
1735156788, 146, 12, 40, 0, 0, 0.17%, 7, 0, 7, 145.12
1735156793, 146, 14, 40, 0, 0, 0.17%, 7, 0, 7, 141.78
1735156798, 146, 17, 40, 0, 0, 0.17%, 7, 0, 7, 134.77
1735156803, 147, 2, 40, 0, 0, 0.17%, 7, 0, 7, 139.68
1735156808, 147, 12, 40, 0, 0, 0.17%, 7, 0, 7, 136.75
1735156814, 147, 14, 40, 0, 0, 0.17%, 7, 0, 7, 131.71
1735156819, 147, 17, 40, 0, 0, 0.17%, 7, 0, 7, 139.61
1735156824, 147, 30, 40, 0, 0, 0.17%, 7, 0, 7, 147.80
1735156834, 148, 12, 40, 0, 0, 0.17%, 7, 0, 7, 149.06
1735156839, 148, 14, 40, 0, 0, 0.17%, 7, 0, 7, 142.05
1735156845, 148, 17, 40, 0, 0, 0.17%, 7, 0, 7, 141.81
1735156850, 148, 23, 40, 0, 0, 0.17%, 7, 0, 7, 142.51
1735156855, 149, 11, 40, 0, 0, 0.17%, 7, 0, 7, 135.72
1735156860, 149, 12, 40, 0, 0, 0.17%, 7, 0, 7, 137.65
1735156865, 149, 14, 40, 0, 0, 0.17%, 7, 0, 7, 136.26
1735156870, 149, 17, 40, 0, 0, 0.17%, 7, 0, 7, 137.47
1735156875, 150, 12, 40, 0, 0, 0.17%, 7, 0, 7, 136.87
1735156880, 150, 14, 40, 0, 0, 0.17%, 7, 0, 7, 136.83
1735156885, 150, 17, 40, 0, 0, 0.17%, 7, 0, 7, 140.97
1735156891, 151, 12, 40, 0, 0, 0.17%, 7, 0, 7, 149.14
1735156896, 151, 14, 40, 0, 0, 0.17%, 7, 0, 7, 136.42
1735156901, 151, 17, 40, 0, 0, 0.17%, 7, 0, 7, 138.17
1735156906, 152, 11, 40, 0, 0, 0.17%, 7, 0, 7, 142.82
1735156911, 152, 12, 40, 0, 0, 0.17%, 7, 0, 7, 136.48
1735156916, 152, 14, 40, 0, 0, 0.17%, 7, 0, 7, 144.22
1735156921, 152, 17, 40, 0, 0, 0.17%, 7, 0, 7, 133.89
1735156927, 153, 11, 40, 0, 0, 0.17%, 7, 0, 7, 140.02
1735156932, 153, 12, 40, 0, 0, 0.17%, 7, 0, 7, 136.94
1735156937, 153, 14, 40, 0, 0, 0.17%, 7, 0, 7, 136.64
1735156942, 153, 17, 40, 0, 0, 0.17%, 7, 0, 7, 138.43
1735156947, 153, 22, 40, 0, 0, 0.17%, 7, 0, 7, 141.43
1735156952, 153, 32, 40, 0, 0, 0.17%, 7, 0, 7, 147.57
1735156957, 154, 12, 40, 0, 0, 0.17%, 7, 0, 7, 142.70
1735156962, 154, 14, 40, 0, 0, 0.17%, 7, 0, 7, 130.79
1735156967, 154, 17, 40, 0, 0, 0.17%, 7, 0, 7, 136.27
1735156973, 155, 9, 40, 0, 0, 0.17%, 7, 0, 7, 136.35
1735156978, 155, 12, 40, 0, 0, 0.17%, 7, 0, 7, 135.07
1735156983, 155, 14, 40, 0, 0, 0.17%, 7, 0, 7, 138.73
1735156988, 155, 17, 40, 0, 0, 0.17%, 7, 0, 7, 137.14
1735156993, 156, 11, 40, 0, 0, 0.17%, 7, 0, 7, 137.73
1735156998, 156, 12, 40, 0, 0, 0.17%, 7, 0, 7, 138.42
1735157003, 156, 13, 40, 0, 0, 0.17%, 7, 0, 7, 131.71
1735157009, 156, 14, 40, 0, 0, 0.17%, 7, 0, 7, 139.37
1735157014, 156, 17, 40, 0, 0, 0.17%, 7, 0, 7, 139.36
1735157019, 157, 12, 40, 0, 0, 0.17%, 7, 0, 7, 138.91
1735157024, 157, 14, 40, 0, 0, 0.17%, 7, 0, 7, 130.72
1735157029, 157, 17, 40, 0, 0, 0.17%, 7, 0, 7, 134.85
1735157034, 158, 7, 40, 0, 0, 0.17%, 7, 0, 7, 146.96
1735157039, 158, 12, 40, 0, 0, 0.17%, 7, 0, 7, 145.42
1735157045, 158, 14, 40, 0, 0, 0.17%, 7, 0, 7, 141.55
1735157050, 158, 17, 40, 0, 0, 0.17%, 7, 0, 7, 140.37
1735157055, 158, 31, 40, 0, 0, 0.17%, 7, 0, 7, 145.74
1735157060, 158, 32, 40, 0, 0, 0.17%, 7, 0, 7, 160.41
1735157065, 158, 33, 40, 0, 0, 0.17%, 7, 0, 7, 163.46
1735157070, 159, 1, 40, 0, 0, 0.17%, 7, 0, 7, 143.24
1735157075, 159, 12, 40, 0, 0, 0.17%, 7, 0, 7, 143.48
1735157080, 159, 14, 40, 0, 0, 0.17%, 7, 0, 7, 138.05
1735157086, 159, 17, 40, 0, 0, 0.17%, 7, 0, 7, 137.49
1735157091, 159, 26, 40, 0, 0, 0.17%, 7, 0, 7, 144.55
1735157096, 159, 38, 40, 0, 0, 0.17%, 7, 0, 7, 147.69
1735157101, 160, 11, 40, 0, 0, 0.17%, 7, 0, 7, 148.36
1735157106, 160, 12, 40, 0, 0, 0.17%, 7, 0, 7, 137.53
1735157111, 160, 14, 40, 0, 0, 0.17%, 7, 0, 7, 132.26
1735157117, 160, 17, 40, 0, 0, 0.17%, 7, 0, 7, 145.39
1735157122, 160, 27, 40, 0, 0, 0.17%, 7, 0, 7, 141.13
1735157127, 161, 12, 40, 0, 0, 0.17%, 7, 0, 7, 140.17
1735157132, 161, 14, 40, 0, 0, 0.17%, 7, 0, 7, 142.85
1735157137, 161, 17, 40, 0, 0, 0.17%, 7, 0, 7, 137.02
1735157142, 162, 12, 40, 0, 0, 0.17%, 7, 0, 7, 142.86
1735157148, 162, 14, 40, 0, 0, 0.17%, 7, 0, 7, 145.24
1735157153, 162, 17, 40, 0, 0, 0.17%, 7, 0, 7, 131.76
1735157158, 162, 27, 40, 0, 0, 0.17%, 7, 0, 7, 147.15
1735157163, 162, 31, 40, 0, 0, 0.17%, 7, 0, 7, 144.85
1735157173, 162, 32, 40, 0, 0, 0.17%, 7, 0, 7, 151.76
1735157178, 163, 12, 40, 0, 0, 0.17%, 7, 0, 7, 132.19
1735157184, 163, 14, 40, 0, 0, 0.17%, 7, 0, 7, 135.30
1735157189, 163, 17, 40, 0, 0, 0.17%, 7, 0, 7, 130.11
1735157194, 164, 11, 40, 0, 0, 0.17%, 7, 0, 7, 137.75
1735157199, 164, 12, 40, 0, 0, 0.17%, 7, 0, 7, 133.95
1735157204, 164, 14, 40, 0, 0, 0.17%, 7, 0, 7, 144.10
1735157209, 164, 17, 40, 0, 0, 0.17%, 7, 0, 7, 144.54
1735157215, 164, 20, 40, 0, 0, 0.17%, 7, 0, 7, 137.11
1735157220, 164, 38, 40, 0, 0, 0.17%, 7, 0, 7, 143.84
1735157225, 165, 12, 40, 0, 0, 0.17%, 7, 0, 7, 143.46
1735157230, 165, 14, 40, 0, 0, 0.17%, 7, 0, 7, 145.23
1735157235, 165, 17, 40, 0, 0, 0.17%, 7, 0, 7, 137.60
1735157241, 166, 11, 40, 0, 0, 0.17%, 7, 0, 7, 137.84
1735157246, 166, 12, 40, 0, 0, 0.17%, 7, 0, 7, 140.50
1735157251, 166, 14, 40, 0, 0, 0.17%, 7, 0, 7, 142.79
1735157256, 166, 17, 40, 0, 0, 0.17%, 7, 0, 7, 136.18
1735157261, 167, 7, 40, 0, 0, 0.17%, 7, 0, 7, 152.47
1735157266, 167, 11, 40, 0, 0, 0.17%, 7, 0, 7, 144.48
1735157272, 167, 12, 40, 0, 0, 0.17%, 7, 0, 7, 143.90
1735157277, 167, 14, 40, 0, 0, 0.17%, 7, 0, 7, 147.06
1735157282, 167, 17, 40, 0, 0, 0.17%, 7, 0, 7, 147.06
1735157287, 167, 24, 40, 0, 0, 0.17%, 7, 0, 7, 154.37
1735157292, 168, 11, 40, 0, 0, 0.17%, 7, 0, 7, 139.43
1735157297, 168, 12, 40, 0, 0, 0.17%, 7, 0, 7, 136.10
1735157302, 168, 14, 40, 0, 0, 0.17%, 7, 0, 7, 137.04
1735157307, 168, 17, 40, 0, 0, 0.17%, 7, 0, 7, 141.56
1735157312, 168, 31, 40, 0, 0, 0.17%, 7, 0, 7, 144.32
1735157318, 169, 0, 40, 0, 0, 0.17%, 7, 0, 7, 141.46
1735157323, 169, 12, 40, 0, 0, 0.17%, 7, 0, 7, 135.33
1735157328, 169, 14, 40, 0, 0, 0.17%, 7, 0, 7, 136.10
1735157333, 169, 17, 40, 0, 0, 0.17%, 7, 0, 7, 137.16
1735157338, 169, 19, 40, 0, 0, 0.17%, 7, 0, 7, 162.38
1735157343, 169, 23, 40, 0, 0, 0.17%, 7, 0, 7, 143.40
1735157349, 169, 27, 40, 0, 0, 0.17%, 7, 0, 7, 148.99
1735157354, 170, 12, 40, 0, 0, 0.17%, 7, 0, 7, 141.38
1735157359, 170, 14, 40, 0, 0, 0.17%, 7, 0, 7, 142.79
1735157364, 170, 17, 40, 0, 0, 0.17%, 7, 0, 7, 144.48
1735157369, 170, 28, 40, 0, 0, 0.17%, 7, 0, 7, 142.68
1735157374, 171, 11, 40, 0, 0, 0.17%, 7, 0, 7, 134.18
1735157379, 171, 12, 40, 0, 0, 0.17%, 7, 0, 7, 137.96
1735157385, 171, 14, 40, 0, 0, 0.17%, 7, 0, 7, 139.98
1735157390, 171, 17, 40, 0, 0, 0.17%, 7, 0, 7, 142.66
1735157395, 171, 39, 40, 0, 0, 0.17%, 7, 0, 7, 152.48
1735157400, 172, 2, 40, 0, 0, 0.17%, 7, 0, 7, 139.95
1735157405, 172, 12, 40, 0, 0, 0.17%, 7, 0, 7, 129.48
1735157410, 172, 14, 40, 0, 0, 0.17%, 7, 0, 7, 138.36
1735157415, 172, 17, 40, 0, 0, 0.17%, 7, 0, 7, 138.06
1735157420, 172, 26, 40, 0, 0, 0.17%, 7, 0, 7, 144.71
1735157426, 172, 31, 40, 0, 0, 0.17%, 7, 0, 7, 148.04
1735157436, 173, 12, 40, 0, 0, 0.17%, 7, 0, 7, 132.78
1735157441, 173, 14, 40, 0, 0, 0.17%, 7, 0, 7, 138.13
1735157446, 173, 17, 40, 0, 0, 0.17%, 7, 0, 7, 135.55
1735157451, 173, 26, 40, 0, 0, 0.17%, 7, 0, 7, 141.70
1735157456, 174, 8, 40, 0, 0, 0.17%, 7, 0, 7, 144.44
1735157462, 174, 12, 40, 0, 0, 0.17%, 7, 0, 7, 136.84
1735157467, 174, 14, 40, 0, 0, 0.17%, 7, 0, 7, 135.56
1735157472, 174, 17, 40, 0, 0, 0.17%, 7, 0, 7, 144.95
1735157477, 175, 11, 40, 0, 0, 0.17%, 7, 0, 7, 141.00
1735157482, 175, 12, 40, 0, 0, 0.17%, 7, 0, 7, 144.28
1735157487, 175, 17, 40, 0, 0, 0.17%, 7, 0, 7, 148.43
1735157492, 175, 35, 40, 0, 0, 0.17%, 7, 0, 7, 146.03
1735157497, 176, 8, 40, 0, 0, 0.17%, 7, 0, 7, 143.03
1735157503, 176, 12, 40, 0, 0, 0.17%, 7, 0, 7, 138.44
1735157508, 176, 14, 40, 0, 0, 0.17%, 7, 0, 7, 137.15
1735157513, 176, 16, 40, 0, 0, 0.17%, 7, 0, 7, 153.20
1735157518, 176, 17, 40, 0, 0, 0.17%, 7, 0, 7, 143.70
1735157523, 176, 31, 40, 0, 0, 0.17%, 7, 0, 7, 148.19
1735157534, 177, 11, 40, 0, 0, 0.17%, 7, 0, 7, 149.06
1735157539, 177, 12, 40, 0, 0, 0.17%, 7, 0, 7, 145.17
1735157544, 177, 14, 40, 0, 0, 0.17%, 7, 0, 7, 134.94
1735157549, 177, 17, 40, 0, 0, 0.17%, 7, 0, 7, 137.44
1735157554, 177, 18, 40, 0, 0, 0.17%, 7, 0, 7, 138.89
1735157559, 177, 28, 40, 0, 0, 0.17%, 7, 0, 7, 143.56
1735157565, 178, 12, 40, 0, 0, 0.17%, 7, 0, 7, 137.18
1735157570, 178, 14, 40, 0, 0, 0.17%, 7, 0, 7, 130.29
1735157575, 178, 17, 40, 0, 0, 0.17%, 7, 0, 7, 134.96
1735157580, 178, 25, 40, 0, 0, 0.17%, 7, 0, 7, 145.91
1735157585, 179, 11, 40, 0, 0, 0.17%, 7, 0, 7, 136.76
1735157590, 179, 12, 40, 0, 0, 0.17%, 7, 0, 7, 134.87
1735157595, 179, 14, 40, 0, 0, 0.17%, 7, 0, 7, 141.63
1735157600, 179, 15, 40, 0, 0, 0.17%, 7, 0, 7, 140.68
1735157606, 179, 17, 40, 0, 0, 0.17%, 7, 0, 7, 141.94
1735157611, 179, 22, 40, 0, 0, 0.17%, 7, 0, 7, 148.35
1735157616, 180, 12, 40, 0, 0, 0.17%, 7, 0, 7, 144.17
1735157621, 180, 14, 40, 0, 0, 0.17%, 7, 0, 7, 137.49
1735157631, 180, 17, 40, 0, 0, 0.17%, 7, 0, 7, 131.97
1735157636, 181, 12, 40, 0, 0, 0.17%, 7, 0, 7, 130.13
1735157641, 181, 14, 40, 0, 0, 0.17%, 7, 0, 7, 129.26
1735157646, 181, 17, 40, 0, 0, 0.17%, 7, 0, 7, 139.90
1735157652, 181, 35, 40, 0, 0, 0.17%, 7, 0, 7, 149.68
1735157657, 182, 11, 40, 0, 0, 0.17%, 7, 0, 7, 141.43
1735157662, 182, 12, 40, 0, 0, 0.17%, 7, 0, 7, 143.42
1735157667, 182, 14, 40, 0, 0, 0.17%, 7, 0, 7, 142.73
1735157672, 182, 16, 40, 0, 0, 0.17%, 7, 0, 7, 155.59
1735157677, 182, 17, 40, 0, 0, 0.17%, 7, 0, 7, 142.05
1735157682, 182, 23, 40, 0, 0, 0.17%, 7, 0, 7, 141.38
1735157687, 182, 34, 40, 0, 0, 0.17%, 7, 0, 7, 146.31
1735157693, 183, 12, 40, 0, 0, 0.17%, 7, 0, 7, 134.22
1735157698, 183, 14, 40, 0, 0, 0.17%, 7, 0, 7, 132.36
1735157703, 183, 17, 40, 0, 0, 0.17%, 7, 0, 7, 132.58
1735157708, 183, 30, 40, 0, 0, 0.17%, 7, 0, 7, 149.27
1735157718, 183, 33, 40, 0, 0, 0.17%, 7, 0, 7, 150.66
1735157724, 184, 11, 40, 0, 0, 0.17%, 7, 0, 7, 149.82
1735157729, 184, 12, 40, 0, 0, 0.17%, 7, 0, 7, 141.76
1735157734, 184, 14, 40, 0, 0, 0.17%, 7, 0, 7, 134.99
1735157739, 184, 17, 40, 0, 0, 0.17%, 7, 0, 7, 144.63
1735157744, 184, 24, 40, 0, 0, 0.17%, 7, 0, 7, 150.36
1735157754, 185, 11, 40, 0, 0, 0.17%, 7, 0, 7, 134.03
1735157759, 185, 12, 40, 0, 0, 0.17%, 7, 0, 7, 140.49
1735157764, 185, 17, 40, 0, 0, 0.17%, 7, 0, 7, 136.29
1735157775, 185, 37, 40, 0, 0, 0.17%, 7, 0, 7, 145.01
1735157780, 186, 12, 40, 0, 0, 0.17%, 7, 0, 7, 150.17
1735157785, 186, 14, 40, 0, 0, 0.17%, 7, 0, 7, 143.02
1735157790, 186, 17, 40, 0, 0, 0.17%, 7, 0, 7, 138.94
1735157795, 186, 23, 40, 0, 0, 0.17%, 7, 0, 7, 134.98
1735157806, 187, 12, 40, 0, 0, 0.17%, 7, 0, 7, 139.88
1735157811, 187, 14, 40, 0, 0, 0.17%, 7, 0, 7, 144.59
1735157816, 187, 17, 40, 0, 0, 0.17%, 7, 0, 7, 139.44
1735157821, 187, 37, 40, 0, 0, 0.17%, 7, 0, 7, 152.43
1735157832, 188, 12, 40, 0, 0, 0.17%, 7, 0, 7, 131.90
1735157837, 188, 14, 40, 0, 0, 0.17%, 7, 0, 7, 136.53
1735157842, 188, 17, 40, 0, 0, 0.17%, 7, 0, 7, 134.31
1735157847, 189, 11, 40, 0, 0, 0.17%, 7, 0, 7, 147.21
1735157852, 189, 12, 40, 0, 0, 0.17%, 7, 0, 7, 133.18
1735157857, 189, 14, 40, 0, 0, 0.17%, 7, 0, 7, 140.27
1735157862, 189, 17, 40, 0, 0, 0.17%, 7, 0, 7, 146.31
1735157868, 189, 39, 40, 0, 0, 0.17%, 7, 0, 7, 150.99
1735157873, 190, 11, 40, 0, 0, 0.17%, 7, 0, 7, 137.78
1735157878, 190, 12, 40, 0, 0, 0.17%, 7, 0, 7, 133.62
1735157883, 190, 14, 40, 0, 0, 0.17%, 7, 0, 7, 139.40
1735157888, 190, 17, 40, 0, 0, 0.17%, 7, 0, 7, 143.19
1735157893, 190, 19, 40, 0, 0, 0.17%, 7, 0, 7, 161.98
1735157898, 190, 24, 40, 0, 0, 0.17%, 7, 0, 7, 148.42
1735157903, 191, 11, 40, 0, 0, 0.17%, 7, 0, 7, 137.83
1735157909, 191, 12, 40, 0, 0, 0.17%, 7, 0, 7, 141.61
1735157914, 191, 14, 40, 0, 0, 0.17%, 7, 0, 7, 139.94
1735157919, 191, 17, 40, 0, 0, 0.17%, 7, 0, 7, 138.20
1735157924, 191, 36, 40, 0, 0, 0.17%, 7, 0, 7, 138.82
1735157929, 191, 38, 40, 0, 0, 0.17%, 7, 0, 7, 148.21
1735157934, 192, 12, 40, 0, 0, 0.17%, 7, 0, 7, 135.30
1735157940, 192, 14, 40, 0, 0, 0.17%, 7, 0, 7, 136.04
1735157945, 192, 17, 40, 0, 0, 0.17%, 7, 0, 7, 134.62
1735157950, 192, 38, 40, 0, 0, 0.17%, 7, 0, 7, 145.82
1735157955, 193, 9, 40, 0, 0, 0.17%, 7, 0, 7, 140.61
1735157960, 193, 12, 40, 0, 0, 0.17%, 7, 0, 7, 139.50
1735157965, 193, 14, 40, 0, 0, 0.17%, 7, 0, 7, 137.76
1735157971, 193, 17, 40, 0, 0, 0.17%, 7, 0, 7, 130.73
1735157976, 194, 11, 40, 0, 0, 0.17%, 7, 0, 7, 139.15
1735157981, 194, 12, 40, 0, 0, 0.17%, 7, 0, 7, 138.78
1735157986, 194, 14, 40, 0, 0, 0.17%, 7, 0, 7, 134.77
1735157991, 194, 17, 40, 0, 0, 0.17%, 7, 0, 7, 138.02
1735157996, 194, 19, 40, 0, 0, 0.17%, 7, 0, 7, 148.96
1735158001, 194, 25, 40, 0, 0, 0.17%, 7, 0, 7, 147.61
1735158006, 195, 12, 40, 0, 0, 0.17%, 7, 0, 7, 140.24
1735158012, 195, 14, 40, 0, 0, 0.17%, 7, 0, 7, 140.54
1735158017, 195, 17, 40, 0, 0, 0.17%, 7, 0, 7, 138.64
1735158022, 196, 11, 40, 0, 0, 0.17%, 7, 0, 7, 136.63
1735158027, 196, 12, 40, 0, 0, 0.17%, 7, 0, 7, 143.78
1735158032, 196, 14, 40, 0, 0, 0.17%, 7, 0, 7, 138.85
1735158037, 196, 17, 40, 0, 0, 0.17%, 7, 0, 7, 146.58
1735158043, 197, 4, 40, 0, 0, 0.17%, 7, 0, 7, 154.24
1735158048, 197, 12, 40, 0, 0, 0.17%, 7, 0, 7, 145.34
1735158053, 197, 14, 40, 0, 0, 0.17%, 7, 0, 7, 140.01
1735158058, 197, 17, 40, 0, 0, 0.17%, 7, 0, 7, 138.07
1735158063, 197, 27, 40, 0, 0, 0.17%, 7, 0, 7, 150.20
1735158068, 197, 30, 40, 0, 0, 0.17%, 7, 0, 7, 150.26
1735158079, 198, 11, 40, 0, 0, 0.17%, 7, 0, 7, 140.23
1735158084, 198, 12, 40, 0, 0, 0.17%, 7, 0, 7, 145.86
1735158089, 198, 14, 40, 0, 0, 0.17%, 7, 0, 7, 141.23
1735158094, 198, 17, 40, 0, 0, 0.17%, 7, 0, 7, 143.06
1735158099, 199, 12, 40, 0, 0, 0.17%, 7, 0, 7, 142.82
1735158105, 199, 14, 40, 0, 0, 0.17%, 7, 0, 7, 146.13
1735158110, 199, 17, 40, 0, 0, 0.17%, 7, 0, 7, 129.47
1735158115, 199, 26, 40, 0, 0, 0.17%, 7, 0, 7, 144.91
1735158120, 200, 11, 40, 0, 0, 0.17%, 7, 0, 7, 141.28
1735158125, 200, 12, 40, 0, 0, 0.17%, 7, 0, 7, 133.09
1735158130, 200, 14, 40, 0, 0, 0.17%, 7, 0, 7, 146.55
1735158136, 200, 17, 40, 0, 0, 0.17%, 7, 0, 7, 147.94
1735158141, 200, 39, 40, 0, 0, 0.17%, 7, 0, 7, 148.27
1735158151, 201, 12, 40, 0, 0, 0.17%, 7, 0, 7, 144.88
1735158156, 201, 14, 40, 0, 0, 0.17%, 7, 0, 7, 136.61
1735158161, 201, 17, 40, 0, 0, 0.17%, 7, 0, 7, 135.73
1735158171, 202, 12, 40, 0, 0, 0.17%, 7, 0, 7, 138.29
1735158176, 202, 14, 40, 0, 0, 0.17%, 7, 0, 7, 133.05
1735158182, 202, 17, 40, 0, 0, 0.17%, 7, 0, 7, 138.55
1735158187, 202, 29, 40, 0, 0, 0.17%, 7, 0, 7, 138.42
1735158192, 202, 31, 40, 0, 0, 0.17%, 7, 0, 7, 139.47
1735158202, 203, 11, 40, 0, 0, 0.17%, 7, 0, 7, 138.69
1735158207, 203, 12, 40, 0, 0, 0.17%, 7, 0, 7, 141.80
1735158212, 203, 14, 40, 0, 0, 0.17%, 7, 0, 7, 133.29
1735158217, 203, 17, 40, 0, 0, 0.17%, 7, 0, 7, 144.98
1735158222, 204, 11, 40, 0, 0, 0.17%, 7, 0, 7, 147.30
1735158227, 204, 12, 40, 0, 0, 0.17%, 7, 0, 7, 143.03
1735158233, 204, 14, 40, 0, 0, 0.17%, 7, 0, 7, 135.01
1735158238, 204, 17, 40, 0, 0, 0.17%, 7, 0, 7, 145.12
1735158243, 204, 19, 40, 0, 0, 0.17%, 7, 0, 7, 154.07
1735158248, 204, 31, 40, 0, 0, 0.17%, 7, 0, 7, 137.56
1735158253, 205, 11, 40, 0, 0, 0.17%, 7, 0, 7, 137.34
1735158258, 205, 12, 40, 0, 0, 0.17%, 7, 0, 7, 140.59
1735158263, 205, 14, 40, 0, 0, 0.17%, 7, 0, 7, 140.01
1735158268, 205, 15, 40, 0, 0, 0.17%, 7, 0, 7, 135.35
1735158273, 205, 17, 40, 0, 0, 0.17%, 7, 0, 7, 143.18
1735158279, 205, 18, 40, 0, 0, 0.17%, 7, 0, 7, 135.83
1735158284, 205, 20, 40, 0, 0, 0.17%, 7, 0, 7, 148.01
1735158289, 206, 11, 40, 0, 0, 0.17%, 7, 0, 7, 144.91
1735158294, 206, 14, 40, 0, 0, 0.17%, 7, 0, 7, 138.22
1735158299, 206, 17, 40, 0, 0, 0.17%, 7, 0, 7, 141.80
1735158304, 206, 36, 40, 0, 0, 0.17%, 7, 0, 7, 141.50
1735158314, 207, 12, 40, 0, 0, 0.17%, 7, 0, 7, 136.20
1735158320, 207, 14, 40, 0, 0, 0.17%, 7, 0, 7, 134.60
1735158325, 207, 17, 40, 0, 0, 0.17%, 7, 0, 7, 138.27
1735158330, 207, 19, 40, 0, 0, 0.17%, 7, 0, 7, 149.74
1735158335, 208, 0, 40, 0, 0, 0.17%, 7, 0, 7, 143.39
1735158340, 208, 11, 40, 0, 0, 0.17%, 7, 0, 7, 145.44
1735158345, 208, 13, 40, 0, 0, 0.17%, 7, 0, 7, 147.54
1735158351, 208, 14, 40, 0, 0, 0.17%, 7, 0, 7, 141.10
1735158356, 208, 17, 40, 0, 0, 0.17%, 7, 0, 7, 138.62
1735158361, 209, 11, 40, 0, 0, 0.17%, 7, 0, 7, 141.81
1735158366, 209, 12, 40, 0, 0, 0.17%, 7, 0, 7, 153.02
1735158371, 209, 14, 40, 0, 0, 0.17%, 7, 0, 7, 147.91
1735158376, 209, 17, 40, 0, 0, 0.17%, 7, 0, 7, 139.27
1735158382, 210, 4, 40, 0, 0, 0.17%, 7, 0, 7, 147.58
1735158387, 210, 12, 40, 0, 0, 0.17%, 7, 0, 7, 136.22
1735158392, 210, 14, 40, 0, 0, 0.17%, 7, 0, 7, 138.18
1735158397, 210, 17, 40, 0, 0, 0.17%, 7, 0, 7, 135.27
1735158402, 210, 22, 40, 0, 0, 0.17%, 7, 0, 7, 161.69
1735158407, 210, 33, 40, 0, 0, 0.17%, 7, 0, 7, 156.46
1735158412, 210, 39, 40, 0, 0, 0.17%, 7, 0, 7, 157.81
1735158417, 211, 8, 40, 0, 0, 0.17%, 7, 0, 7, 153.80
1735158423, 211, 12, 40, 0, 0, 0.17%, 7, 0, 7, 142.64
1735158428, 211, 14, 40, 0, 0, 0.17%, 7, 0, 7, 140.65
1735158433, 211, 17, 40, 0, 0, 0.17%, 7, 0, 7, 136.49
1735158438, 211, 19, 40, 0, 0, 0.17%, 7, 0, 7, 154.40
1735158443, 211, 25, 40, 0, 0, 0.17%, 7, 0, 7, 145.04
1735158448, 212, 12, 40, 0, 0, 0.17%, 7, 0, 7, 136.48
1735158453, 212, 14, 40, 0, 0, 0.17%, 7, 0, 7, 133.08
1735158459, 212, 17, 40, 0, 0, 0.17%, 7, 0, 7, 134.06
1735158464, 212, 29, 40, 0, 0, 0.17%, 7, 0, 7, 143.38
1735158469, 213, 11, 40, 0, 0, 0.17%, 7, 0, 7, 143.41
1735158474, 213, 12, 40, 0, 0, 0.17%, 7, 0, 7, 143.73
1735158479, 213, 14, 40, 0, 0, 0.17%, 7, 0, 7, 138.98
1735158484, 213, 17, 40, 0, 0, 0.17%, 7, 0, 7, 131.39
1735158490, 214, 12, 40, 0, 0, 0.17%, 7, 0, 7, 132.75
1735158495, 214, 14, 40, 0, 0, 0.17%, 7, 0, 7, 138.64
1735158505, 215, 6, 40, 0, 0, 0.17%, 7, 0, 7, 144.13
1735158510, 215, 12, 40, 0, 0, 0.17%, 7, 0, 7, 141.15
1735158515, 215, 14, 40, 0, 0, 0.17%, 7, 0, 7, 137.73
1735158521, 215, 17, 40, 0, 0, 0.17%, 7, 0, 7, 137.40
1735158526, 215, 21, 40, 0, 0, 0.17%, 7, 0, 7, 149.10
1735158531, 215, 33, 40, 0, 0, 0.17%, 7, 0, 7, 157.50
1735158536, 216, 12, 40, 0, 0, 0.17%, 7, 0, 7, 139.57
1735158541, 216, 14, 40, 0, 0, 0.17%, 7, 0, 7, 136.40
1735158546, 216, 17, 40, 0, 0, 0.17%, 7, 0, 7, 139.67
1735158552, 216, 38, 40, 0, 0, 0.17%, 7, 0, 7, 137.36
1735158557, 217, 9, 40, 0, 0, 0.17%, 7, 0, 7, 141.60
1735158562, 217, 12, 40, 0, 0, 0.17%, 7, 0, 7, 137.21
1735158567, 217, 14, 40, 0, 0, 0.17%, 7, 0, 7, 142.92
1735158572, 217, 17, 40, 0, 0, 0.17%, 7, 0, 7, 137.57
1735158577, 218, 7, 40, 0, 0, 0.17%, 7, 0, 7, 144.29
1735158582, 218, 12, 40, 0, 0, 0.17%, 7, 0, 7, 133.04
1735158587, 218, 14, 40, 0, 0, 0.17%, 7, 0, 7, 132.86
1735158593, 218, 17, 40, 0, 0, 0.17%, 7, 0, 7, 137.18
1735158598, 218, 33, 40, 0, 0, 0.17%, 7, 0, 7, 154.02
1735158603, 219, 6, 40, 0, 0, 0.17%, 7, 0, 7, 147.29
1735158608, 219, 12, 40, 0, 0, 0.17%, 7, 0, 7, 139.97
1735158613, 219, 14, 40, 0, 0, 0.17%, 7, 0, 7, 130.59
1735158618, 219, 17, 40, 0, 0, 0.17%, 7, 0, 7, 141.07
1735158623, 220, 11, 40, 0, 0, 0.17%, 7, 0, 7, 142.19
1735158629, 220, 12, 40, 0, 0, 0.17%, 7, 0, 7, 139.53
1735158634, 220, 14, 40, 0, 0, 0.17%, 7, 0, 7, 132.25
1735158639, 220, 17, 40, 0, 0, 0.17%, 7, 0, 7, 140.34
1735158644, 220, 19, 40, 0, 0, 0.17%, 7, 0, 7, 146.59
1735158649, 220, 20, 40, 0, 0, 0.17%, 7, 0, 7, 132.63
1735158654, 221, 12, 40, 0, 0, 0.17%, 7, 0, 7, 137.59
1735158659, 221, 14, 40, 0, 0, 0.17%, 7, 0, 7, 140.88
1735158665, 221, 17, 40, 0, 0, 0.17%, 7, 0, 7, 137.32
1735158670, 221, 18, 40, 0, 0, 0.17%, 7, 0, 7, 140.72
1735158675, 222, 0, 40, 0, 0, 0.17%, 7, 0, 7, 134.33
1735158680, 222, 12, 40, 0, 0, 0.17%, 7, 0, 7, 140.75
1735158685, 222, 14, 40, 0, 0, 0.17%, 7, 0, 7, 147.44
1735158690, 222, 17, 40, 0, 0, 0.17%, 7, 0, 7, 146.76
1735158695, 222, 20, 40, 0, 0, 0.17%, 7, 0, 7, 134.35
1735158701, 223, 11, 40, 0, 0, 0.17%, 7, 0, 7, 138.90
1735158706, 223, 12, 40, 0, 0, 0.17%, 7, 0, 7, 139.46
1735158711, 223, 14, 40, 0, 0, 0.17%, 7, 0, 7, 135.02
1735158716, 223, 17, 40, 0, 0, 0.17%, 7, 0, 7, 137.08
1735158721, 223, 26, 40, 0, 0, 0.17%, 7, 0, 7, 146.48
1735158726, 223, 37, 40, 0, 0, 0.17%, 7, 0, 7, 151.75
1735158731, 224, 12, 40, 0, 0, 0.17%, 7, 0, 7, 151.53
1735158736, 224, 14, 40, 0, 0, 0.17%, 7, 0, 7, 141.99
1735158742, 224, 17, 40, 0, 0, 0.17%, 7, 0, 7, 138.05
1735158747, 224, 19, 40, 0, 0, 0.17%, 7, 0, 7, 158.13
1735158752, 225, 5, 40, 0, 0, 0.17%, 7, 0, 7, 147.37
1735158757, 225, 12, 40, 0, 0, 0.17%, 7, 0, 7, 132.88
1735158762, 225, 14, 40, 0, 0, 0.17%, 7, 0, 7, 134.60
1735158767, 225, 17, 40, 0, 0, 0.17%, 7, 0, 7, 136.43
1735158773, 225, 21, 40, 0, 0, 0.17%, 7, 0, 7, 150.53
1735158778, 225, 31, 40, 0, 0, 0.17%, 7, 0, 7, 151.01
1735158783, 225, 39, 40, 0, 0, 0.17%, 7, 0, 7, 147.82
1735158793, 226, 11, 40, 0, 0, 0.17%, 7, 0, 7, 146.26
1735158798, 226, 12, 40, 0, 0, 0.17%, 7, 0, 7, 145.70
1735158803, 226, 14, 40, 0, 0, 0.17%, 7, 0, 7, 136.52
1735158809, 226, 17, 40, 0, 0, 0.17%, 7, 0, 7, 138.22
1735158814, 227, 10, 40, 0, 0, 0.17%, 7, 0, 7, 144.50
1735158819, 227, 12, 40, 0, 0, 0.17%, 7, 0, 7, 144.70
1735158824, 227, 14, 40, 0, 0, 0.17%, 7, 0, 7, 143.88
1735158829, 227, 17, 40, 0, 0, 0.17%, 7, 0, 7, 137.25
1735158834, 227, 38, 40, 0, 0, 0.17%, 7, 0, 7, 136.09
1735158840, 228, 8, 40, 0, 0, 0.17%, 7, 0, 7, 135.44
1735158845, 228, 12, 40, 0, 0, 0.17%, 7, 0, 7, 133.48
1735158850, 228, 14, 40, 0, 0, 0.17%, 7, 0, 7, 138.53
1735158855, 228, 17, 40, 0, 0, 0.17%, 7, 0, 7, 144.20
1735158860, 228, 26, 40, 0, 0, 0.17%, 7, 0, 7, 150.71
1735158865, 228, 30, 40, 0, 0, 0.17%, 7, 0, 7, 149.34
1735158875, 228, 36, 40, 0, 0, 0.17%, 7, 0, 7, 136.51
1735158881, 229, 11, 40, 0, 0, 0.17%, 7, 0, 7, 142.23
