# unix_time, cycles_done, cur_path, paths_total, pending_total, pending_favs, map_size, unique_crashes, unique_hangs, max_depth, execs_per_sec
1735029287, 0, 0, 10, 10, 1, 0.01%, 0, 0, 1, 83.95
1735029292, 0, 3, 10, 10, 1, 0.01%, 0, 0, 1, 103.87
1735029297, 0, 4, 10, 9, 0, 0.01%, 0, 0, 1, 101.60
1735029307, 0, 5, 10, 8, 0, 0.01%, 0, 0, 1, 102.93
1735029317, 0, 6, 10, 7, 0, 0.01%, 0, 0, 1, 100.30
1735029327, 0, 7, 10, 6, 0, 0.01%, 0, 0, 1, 98.40
1735029338, 0, 8, 10, 5, 0, 0.01%, 0, 0, 1, 96.90
1735029348, 0, 9, 10, 4, 0, 0.01%, 0, 0, 1, 95.78
1735029358, 1, 0, 10, 3, 0, 0.01%, 0, 0, 1, 94.11
1735029368, 1, 1, 10, 2, 0, 0.01%, 0, 0, 1, 102.25
1735029384, 1, 2, 10, 1, 0, 0.01%, 0, 0, 1, 91.28
1735029394, 1, 3, 10, 0, 0, 0.01%, 0, 0, 1, 104.06
1735029399, 1, 4, 10, 0, 0, 0.01%, 0, 0, 1, 106.34
1735029404, 1, 6, 10, 0, 0, 0.01%, 0, 0, 1, 104.78
1735029409, 1, 7, 10, 0, 0, 0.01%, 0, 0, 1, 103.55
1735029414, 1, 9, 10, 0, 0, 0.01%, 0, 0, 1, 101.36
1735029419, 2, 0, 10, 0, 0, 0.01%, 0, 0, 1, 100.17
1735029425, 2, 1, 10, 0, 0, 0.01%, 0, 0, 1, 101.81
1735029430, 2, 3, 10, 0, 0, 0.01%, 0, 0, 1, 101.19
1735029435, 2, 4, 10, 0, 0, 0.01%, 0, 0, 1, 101.24
1735029440, 2, 6, 10, 0, 0, 0.01%, 0, 0, 1, 105.76
1735029445, 2, 7, 10, 0, 0, 0.01%, 0, 0, 1, 104.98
1735029450, 2, 8, 10, 0, 0, 0.01%, 0, 0, 1, 100.58
1735029455, 3, 0, 10, 0, 0, 0.01%, 0, 0, 1, 102.10
1735029460, 3, 1, 11, 1, 0, 0.16%, 1, 0, 2, 99.77
1735029465, 3, 10, 12, 2, 1, 0.16%, 2, 0, 3, 132.33
1735029470, 3, 10, 13, 3, 1, 0.16%, 3, 0, 3, 122.97
1735029511, 3, 11, 13, 2, 2, 0.16%, 3, 0, 3, 125.79
1735029536, 3, 11, 14, 3, 2, 0.16%, 3, 0, 4, 111.63
1735029577, 3, 12, 14, 2, 1, 0.16%, 3, 0, 4, 101.14
1735029592, 3, 12, 15, 3, 1, 0.16%, 3, 0, 4, 109.44
1735029628, 3, 13, 15, 2, 0, 0.16%, 3, 0, 4, 143.87
1735029633, 3, 13, 16, 3, 0, 0.16%, 3, 0, 5, 130.22
1735029649, 3, 13, 17, 4, 0, 0.16%, 3, 0, 5, 115.42
1735029659, 3, 13, 18, 5, 0, 0.16%, 3, 0, 5, 112.63
1735029731, 3, 13, 19, 6, 0, 0.17%, 4, 0, 5, 117.13
1735029751, 3, 13, 20, 7, 0, 0.17%, 4, 0, 5, 113.59
1735029776, 3, 13, 21, 8, 0, 0.17%, 4, 0, 5, 117.50
1735029781, 3, 13, 23, 10, 0, 0.17%, 4, 0, 5, 115.37
1735029797, 3, 18, 24, 10, 1, 0.17%, 5, 0, 6, 140.72
1735029843, 3, 23, 24, 9, 1, 0.17%, 5, 0, 6, 162.52
1735029858, 3, 23, 25, 10, 1, 0.17%, 5, 0, 7, 123.56
1735029863, 3, 23, 26, 11, 1, 0.17%, 5, 0, 7, 119.13
1735029899, 3, 23, 27, 12, 1, 0.17%, 5, 0, 7, 123.03
1735029930, 3, 23, 28, 13, 1, 0.17%, 5, 0, 7, 124.10
1735029940, 3, 23, 29, 14, 1, 0.17%, 5, 0, 7, 124.74
1735029961, 3, 23, 31, 16, 1, 0.17%, 5, 0, 7, 123.75
1735029966, 4, 11, 31, 15, 0, 0.17%, 5, 0, 7, 130.18
1735029971, 4, 12, 31, 15, 0, 0.17%, 5, 0, 7, 118.78
1735029976, 4, 18, 31, 15, 0, 0.17%, 5, 0, 7, 122.47
1735029997, 4, 23, 33, 17, 0, 0.17%, 5, 0, 7, 120.02
1735030002, 4, 23, 34, 18, 0, 0.17%, 5, 0, 7, 123.05
1735030033, 4, 24, 34, 18, 0, 0.17%, 5, 0, 7, 171.14
1735030073, 4, 27, 34, 17, 0, 0.17%, 5, 0, 7, 150.25
1735030078, 4, 27, 35, 18, 0, 0.17%, 6, 0, 8, 201.44
1735030282, 4, 29, 35, 17, 0, 0.17%, 6, 0, 8, 158.37
1735030318, 4, 29, 36, 18, 0, 0.17%, 6, 0, 8, 142.70
1735030349, 4, 29, 37, 19, 0, 0.17%, 6, 0, 8, 145.30
1735030359, 4, 29, 38, 20, 0, 0.17%, 6, 0, 8, 146.97
1735030380, 4, 29, 39, 21, 0, 0.17%, 6, 0, 8, 142.99
1735030411, 4, 38, 39, 20, 0, 0.17%, 6, 0, 8, 201.58
1735030529, 4, 38, 40, 21, 0, 0.17%, 6, 0, 9, 179.00
1735030534, 4, 38, 41, 22, 0, 0.17%, 6, 0, 9, 172.28
1735030621, 4, 39, 41, 21, 0, 0.17%, 6, 0, 9, 192.70
1735030646, 4, 39, 42, 22, 0, 0.17%, 6, 0, 10, 130.85
1735030739, 4, 41, 42, 21, 0, 0.17%, 6, 0, 10, 152.92
1735030820, 4, 41, 43, 22, 0, 0.17%, 7, 0, 11, 156.37
1735030897, 5, 2, 43, 21, 0, 0.17%, 7, 0, 11, 122.45
1735030902, 5, 11, 43, 21, 0, 0.17%, 7, 0, 11, 131.62
1735030907, 5, 12, 43, 21, 0, 0.17%, 7, 0, 11, 128.50
1735030912, 5, 21, 43, 21, 0, 0.17%, 7, 0, 11, 170.38
1735030953, 5, 24, 43, 20, 0, 0.17%, 7, 0, 11, 131.26
1735030969, 5, 31, 43, 20, 0, 0.17%, 7, 0, 11, 171.94
1735031025, 5, 37, 43, 19, 0, 0.17%, 7, 0, 11, 225.95
1735031122, 6, 11, 43, 18, 0, 0.17%, 7, 0, 11, 138.10
1735031127, 6, 17, 43, 18, 0, 0.17%, 7, 0, 11, 153.61
1735031173, 6, 19, 43, 17, 0, 0.17%, 7, 0, 11, 147.96
1735031209, 6, 20, 43, 16, 0, 0.17%, 7, 0, 11, 158.41
1735031251, 6, 24, 43, 15, 0, 0.17%, 7, 0, 11, 138.30
1735031261, 7, 5, 43, 15, 0, 0.17%, 7, 0, 11, 126.81
1735031266, 7, 12, 43, 15, 0, 0.17%, 7, 0, 11, 130.30
1735031271, 7, 16, 43, 15, 0, 0.17%, 7, 0, 11, 161.33
1735031297, 7, 24, 43, 14, 0, 0.17%, 7, 0, 11, 136.60
1735031302, 7, 41, 43, 14, 0, 0.17%, 7, 0, 11, 149.58
1735031312, 8, 12, 43, 14, 0, 0.17%, 7, 0, 11, 129.48
1735031317, 8, 14, 43, 14, 0, 0.17%, 7, 0, 11, 149.28
1735031348, 8, 15, 43, 13, 0, 0.17%, 7, 0, 11, 168.90
1735031379, 8, 22, 43, 12, 0, 0.17%, 7, 0, 11, 162.24
1735031415, 8, 24, 43, 11, 0, 0.17%, 7, 0, 11, 130.07
1735031420, 8, 26, 43, 11, 0, 0.17%, 7, 0, 11, 146.43
1735031568, 8, 30, 43, 10, 0, 0.17%, 7, 0, 11, 170.83
1735031599, 9, 11, 43, 9, 0, 0.17%, 7, 0, 11, 133.83
1735031604, 9, 20, 43, 9, 0, 0.17%, 7, 0, 11, 141.81
1735031614, 9, 24, 43, 9, 0, 0.17%, 7, 0, 11, 135.62
1735031619, 9, 26, 43, 9, 0, 0.17%, 7, 0, 11, 141.37
1735031629, 9, 28, 43, 9, 0, 0.17%, 7, 0, 11, 140.06
1735031681, 9, 35, 43, 8, 0, 0.17%, 7, 0, 11, 194.92
1735031829, 9, 42, 43, 7, 0, 0.17%, 7, 0, 11, 226.75
1735031987, 10, 11, 43, 6, 0, 0.17%, 7, 0, 11, 128.05
1735031993, 10, 13, 43, 6, 0, 0.17%, 7, 0, 11, 132.38
1735032003, 10, 18, 43, 6, 0, 0.17%, 7, 0, 11, 134.75
1735032013, 10, 20, 43, 6, 0, 0.17%, 7, 0, 11, 141.42
1735032023, 10, 24, 43, 6, 0, 0.17%, 7, 0, 11, 147.31
1735032028, 10, 40, 43, 6, 0, 0.17%, 7, 0, 11, 176.40
1735032100, 11, 9, 43, 5, 0, 0.17%, 7, 0, 11, 135.27
1735032105, 11, 12, 43, 5, 0, 0.17%, 7, 0, 11, 129.43
1735032110, 11, 24, 43, 5, 0, 0.17%, 7, 0, 11, 136.75
1735032115, 11, 25, 43, 5, 0, 0.17%, 7, 0, 11, 168.35
1735032141, 11, 36, 43, 4, 0, 0.17%, 7, 0, 11, 179.89
1735032232, 12, 6, 43, 3, 0, 0.17%, 7, 0, 11, 150.94
1735032237, 12, 11, 43, 3, 0, 0.17%, 7, 0, 11, 137.18
1735032242, 12, 13, 43, 3, 0, 0.17%, 7, 0, 11, 130.91
1735032253, 12, 24, 43, 3, 0, 0.17%, 7, 0, 11, 130.17
1735032258, 13, 11, 43, 3, 0, 0.17%, 7, 0, 11, 134.75
1735032263, 13, 19, 43, 3, 0, 0.17%, 7, 0, 11, 133.23
1735032273, 13, 24, 43, 3, 0, 0.17%, 7, 0, 11, 136.50
1735032279, 14, 9, 43, 3, 0, 0.17%, 7, 0, 11, 141.62
1735032284, 14, 12, 43, 3, 0, 0.17%, 7, 0, 11, 139.55
1735032289, 14, 13, 43, 3, 0, 0.17%, 7, 0, 11, 130.97
1735032294, 14, 24, 43, 3, 0, 0.17%, 7, 0, 11, 144.28
1735032299, 14, 34, 43, 3, 0, 0.17%, 7, 0, 11, 188.38
1735032487, 14, 39, 43, 2, 0, 0.17%, 7, 0, 11, 128.49
1735032497, 15, 12, 43, 2, 0, 0.17%, 7, 0, 11, 127.76
1735032502, 15, 13, 43, 2, 0, 0.17%, 7, 0, 11, 134.06
1735032507, 15, 18, 43, 2, 0, 0.17%, 7, 0, 11, 129.90
1735032513, 15, 24, 43, 2, 0, 0.17%, 7, 0, 11, 136.83
1735032518, 16, 12, 43, 2, 0, 0.17%, 7, 0, 11, 133.48
1735032523, 16, 24, 43, 2, 0, 0.17%, 7, 0, 11, 135.52
1735032528, 16, 40, 43, 2, 0, 0.17%, 7, 0, 11, 146.28
1735032533, 17, 5, 43, 2, 0, 0.17%, 7, 0, 11, 141.91
1735032538, 17, 12, 43, 2, 0, 0.17%, 7, 0, 11, 134.89
1735032544, 17, 13, 43, 2, 0, 0.17%, 7, 0, 11, 132.36
1735032549, 17, 24, 43, 2, 0, 0.17%, 7, 0, 11, 137.34
1735032554, 17, 29, 43, 2, 0, 0.17%, 7, 0, 11, 143.96
1735032564, 18, 12, 43, 2, 0, 0.17%, 7, 0, 11, 137.13
1735032569, 18, 24, 43, 2, 0, 0.17%, 7, 0, 11, 142.09
1735032574, 18, 38, 43, 2, 0, 0.17%, 7, 0, 11, 155.43
1735032580, 19, 2, 43, 2, 0, 0.17%, 7, 0, 11, 134.26
1735032585, 19, 12, 43, 2, 0, 0.17%, 7, 0, 11, 133.00
1735032590, 19, 23, 43, 2, 0, 0.17%, 7, 0, 11, 132.88
1735032600, 19, 24, 43, 2, 0, 0.17%, 7, 0, 11, 135.34
1735032605, 19, 32, 43, 2, 0, 0.17%, 7, 0, 11, 180.03
1735032652, 19, 40, 43, 1, 0, 0.17%, 7, 0, 11, 150.64
1735032662, 20, 12, 43, 1, 0, 0.17%, 7, 0, 11, 135.06
1735032667, 20, 23, 43, 1, 0, 0.17%, 7, 0, 11, 136.67
1735032672, 20, 24, 43, 1, 0, 0.17%, 7, 0, 11, 148.32
1735032677, 20, 37, 43, 1, 0, 0.17%, 7, 0, 11, 140.76
1735032683, 21, 6, 43, 1, 0, 0.17%, 7, 0, 11, 132.57
1735032688, 21, 12, 43, 1, 0, 0.17%, 7, 0, 11, 129.12
1735032693, 21, 18, 43, 1, 0, 0.17%, 7, 0, 11, 140.14
1735032698, 21, 24, 43, 1, 0, 0.17%, 7, 0, 11, 133.63
1735032703, 21, 27, 43, 1, 0, 0.17%, 7, 0, 11, 152.17
1735032708, 21, 31, 43, 1, 0, 0.17%, 7, 0, 11, 137.86
1735032719, 21, 37, 43, 1, 0, 0.17%, 7, 0, 11, 133.56
1735032724, 22, 11, 43, 1, 0, 0.17%, 7, 0, 11, 133.75
1735032729, 22, 24, 43, 1, 0, 0.17%, 7, 0, 11, 135.79
1735032734, 22, 40, 43, 1, 0, 0.17%, 7, 0, 11, 143.34
1735032745, 23, 12, 43, 1, 0, 0.17%, 7, 0, 11, 131.84
1735032750, 23, 24, 43, 1, 0, 0.17%, 7, 0, 11, 144.70
1735032755, 23, 26, 43, 1, 0, 0.17%, 7, 0, 11, 141.50
1735032765, 23, 30, 43, 1, 0, 0.17%, 7, 0, 11, 138.26
1735032776, 24, 12, 43, 1, 0, 0.17%, 7, 0, 11, 132.38
1735032781, 24, 13, 43, 1, 0, 0.17%, 7, 0, 11, 132.66
1735032786, 24, 14, 43, 1, 0, 0.17%, 7, 0, 11, 134.81
1735032796, 24, 24, 43, 1, 0, 0.17%, 7, 0, 11, 135.80
1735032801, 24, 25, 43, 1, 0, 0.17%, 7, 0, 11, 140.49
1735032812, 25, 12, 43, 1, 0, 0.17%, 7, 0, 11, 138.88
1735032817, 25, 18, 43, 1, 0, 0.17%, 7, 0, 11, 133.64
1735032822, 25, 24, 43, 1, 0, 0.17%, 7, 0, 11, 143.16
1735032827, 26, 4, 43, 1, 0, 0.17%, 7, 0, 11, 139.68
1735032832, 26, 12, 43, 1, 0, 0.17%, 7, 0, 11, 131.90
1735032837, 26, 22, 43, 1, 0, 0.17%, 7, 0, 11, 136.44
1735032848, 26, 24, 43, 1, 0, 0.17%, 7, 0, 11, 140.28
1735032853, 26, 31, 43, 1, 0, 0.17%, 7, 0, 11, 136.49
1735032858, 26, 39, 43, 1, 0, 0.17%, 7, 0, 11, 138.92
1735032868, 26, 41, 43, 1, 0, 0.17%, 7, 0, 11, 148.11
1735032873, 27, 11, 43, 1, 0, 0.17%, 7, 0, 11, 132.05
1735032878, 27, 13, 43, 1, 0, 0.17%, 7, 0, 11, 137.59
1735032884, 27, 24, 43, 1, 0, 0.17%, 7, 0, 11, 136.43
1735032889, 27, 31, 43, 1, 0, 0.17%, 7, 0, 11, 137.57
1735032894, 28, 8, 43, 1, 0, 0.17%, 7, 0, 11, 135.58
1735032899, 28, 11, 43, 1, 0, 0.17%, 7, 0, 11, 134.60
1735032904, 28, 23, 43, 1, 0, 0.17%, 7, 0, 11, 128.53
1735032909, 28, 24, 43, 1, 0, 0.17%, 7, 0, 11, 130.75
1735032914, 29, 11, 43, 1, 0, 0.17%, 7, 0, 11, 137.34
1735032920, 29, 21, 43, 1, 0, 0.17%, 7, 0, 11, 134.92
1735032930, 29, 24, 43, 1, 0, 0.17%, 7, 0, 11, 144.62
1735032935, 29, 35, 43, 1, 0, 0.17%, 7, 0, 11, 141.89
1735032945, 30, 12, 43, 1, 0, 0.17%, 7, 0, 11, 129.74
1735032950, 30, 24, 43, 1, 0, 0.17%, 7, 0, 11, 145.08
1735032955, 30, 30, 43, 1, 0, 0.17%, 7, 0, 11, 141.20
1735032966, 31, 10, 43, 1, 0, 0.17%, 7, 0, 11, 138.93
1735032971, 31, 11, 43, 1, 0, 0.17%, 7, 0, 11, 131.64
1735032976, 31, 23, 43, 1, 0, 0.17%, 7, 0, 11, 134.24
1735032981, 31, 24, 43, 1, 0, 0.17%, 7, 0, 11, 139.63
1735032986, 32, 11, 43, 1, 0, 0.17%, 7, 0, 11, 131.63
1735032991, 32, 13, 43, 1, 0, 0.17%, 7, 0, 11, 130.64
1735032997, 32, 14, 43, 1, 0, 0.17%, 7, 0, 11, 131.90
1735033007, 32, 24, 43, 1, 0, 0.17%, 7, 0, 11, 145.47
1735033012, 32, 39, 43, 1, 0, 0.17%, 7, 0, 11, 137.98
1735033022, 33, 12, 43, 1, 0, 0.17%, 7, 0, 11, 133.12
1735033027, 33, 23, 43, 1, 0, 0.17%, 7, 0, 11, 131.38
1735033032, 33, 24, 43, 1, 0, 0.17%, 7, 0, 11, 136.39
1735033037, 33, 33, 43, 1, 0, 0.17%, 7, 0, 11, 178.61
1735033088, 33, 36, 43, 0, 0, 0.17%, 7, 0, 11, 132.91
1735033099, 34, 12, 43, 0, 0, 0.17%, 7, 0, 11, 134.25
1735033104, 34, 24, 43, 0, 0, 0.17%, 7, 0, 11, 142.96
1735033109, 34, 36, 43, 0, 0, 0.17%, 7, 0, 11, 141.27
1735033119, 34, 37, 43, 0, 0, 0.17%, 7, 0, 11, 136.72
1735033124, 34, 41, 43, 0, 0, 0.17%, 7, 0, 11, 158.49
1735033134, 35, 12, 43, 0, 0, 0.17%, 7, 0, 11, 129.05
1735033139, 35, 24, 43, 0, 0, 0.17%, 7, 0, 11, 137.47
1735033145, 35, 35, 43, 0, 0, 0.17%, 7, 0, 11, 147.57
1735033150, 35, 42, 43, 0, 0, 0.17%, 7, 0, 11, 140.79
1735033160, 36, 11, 43, 0, 0, 0.17%, 7, 0, 11, 128.82
1735033165, 36, 12, 43, 0, 0, 0.17%, 7, 0, 11, 129.37
1735033170, 36, 24, 43, 0, 0, 0.17%, 7, 0, 11, 135.93
1735033175, 36, 36, 43, 0, 0, 0.17%, 7, 0, 11, 136.45
1735033181, 36, 41, 43, 0, 0, 0.17%, 7, 0, 11, 154.73
1735033191, 36, 42, 43, 0, 0, 0.17%, 7, 0, 11, 144.65
1735033196, 37, 11, 43, 0, 0, 0.17%, 7, 0, 11, 137.88
1735033201, 37, 13, 43, 0, 0, 0.17%, 7, 0, 11, 137.51
1735033206, 37, 24, 43, 0, 0, 0.17%, 7, 0, 11, 138.90
1735033211, 37, 30, 43, 0, 0, 0.17%, 7, 0, 11, 133.94
1735033217, 38, 11, 43, 0, 0, 0.17%, 7, 0, 11, 137.53
1735033222, 38, 12, 43, 0, 0, 0.17%, 7, 0, 11, 131.64
1735033227, 38, 18, 43, 0, 0, 0.17%, 7, 0, 11, 138.89
1735033232, 38, 24, 43, 0, 0, 0.17%, 7, 0, 11, 141.22
1735033237, 38, 33, 43, 0, 0, 0.17%, 7, 0, 11, 137.50
1735033243, 39, 12, 43, 0, 0, 0.17%, 7, 0, 11, 132.35
1735033248, 39, 24, 43, 0, 0, 0.17%, 7, 0, 11, 136.62
1735033253, 39, 40, 43, 0, 0, 0.17%, 7, 0, 11, 153.49
1735033258, 40, 11, 43, 0, 0, 0.17%, 7, 0, 11, 137.22
1735033263, 40, 24, 43, 0, 0, 0.17%, 7, 0, 11, 142.35
1735033268, 41, 11, 43, 0, 0, 0.17%, 7, 0, 11, 135.95
1735033273, 41, 14, 43, 0, 0, 0.17%, 7, 0, 11, 134.21
1735033278, 41, 16, 43, 0, 0, 0.17%, 7, 0, 11, 136.63
1735033289, 41, 18, 43, 0, 0, 0.17%, 7, 0, 11, 136.41
1735033294, 41, 24, 43, 0, 0, 0.17%, 7, 0, 11, 142.39
1735033299, 42, 1, 43, 0, 0, 0.17%, 7, 0, 11, 138.94
1735033304, 42, 12, 43, 0, 0, 0.17%, 7, 0, 11, 135.36
1735033310, 42, 22, 43, 0, 0, 0.17%, 7, 0, 11, 134.50
1735033320, 42, 24, 43, 0, 0, 0.17%, 7, 0, 11, 131.34
1735033325, 42, 34, 43, 0, 0, 0.17%, 7, 0, 11, 143.68
1735033330, 43, 5, 43, 0, 0, 0.17%, 7, 0, 11, 136.97
1735033335, 43, 12, 43, 0, 0, 0.17%, 7, 0, 11, 127.95
1735033341, 43, 19, 43, 0, 0, 0.17%, 7, 0, 11, 143.16
1735033351, 43, 23, 43, 0, 0, 0.17%, 7, 0, 11, 128.86
1735033356, 43, 24, 43, 0, 0, 0.17%, 7, 0, 11, 140.44
1735033361, 43, 31, 43, 0, 0, 0.17%, 7, 0, 11, 143.02
1735033366, 44, 12, 43, 0, 0, 0.17%, 7, 0, 11, 134.47
1735033371, 44, 13, 43, 0, 0, 0.17%, 7, 0, 11, 130.45
1735033377, 44, 24, 43, 0, 0, 0.17%, 7, 0, 11, 135.43
1735033382, 44, 40, 43, 0, 0, 0.17%, 7, 0, 11, 143.98
1735033392, 45, 12, 43, 0, 0, 0.17%, 7, 0, 11, 136.21
1735033397, 45, 24, 43, 0, 0, 0.17%, 7, 0, 11, 140.86
1735033402, 46, 5, 43, 0, 0, 0.17%, 7, 0, 11, 134.21
1735033407, 46, 12, 43, 0, 0, 0.17%, 7, 0, 11, 131.84
1735033412, 46, 24, 43, 0, 0, 0.17%, 7, 0, 11, 134.97
1735033418, 47, 12, 43, 0, 0, 0.17%, 7, 0, 11, 130.55
1735033423, 47, 24, 43, 0, 0, 0.17%, 7, 0, 11, 139.58
1735033428, 47, 35, 43, 0, 0, 0.17%, 7, 0, 11, 148.02
1735033433, 47, 36, 43, 0, 0, 0.17%, 7, 0, 11, 144.90
1735033443, 48, 11, 43, 0, 0, 0.17%, 7, 0, 11, 135.79
1735033448, 48, 24, 43, 0, 0, 0.17%, 7, 0, 11, 139.12
1735033453, 48, 25, 43, 0, 0, 0.17%, 7, 0, 11, 143.00
1735033464, 49, 3, 43, 0, 0, 0.17%, 7, 0, 11, 138.15
1735033469, 49, 12, 43, 0, 0, 0.17%, 7, 0, 11, 129.72
1735033474, 49, 21, 43, 0, 0, 0.17%, 7, 0, 11, 139.48
1735033484, 49, 24, 43, 0, 0, 0.17%, 7, 0, 11, 133.41
1735033489, 49, 27, 43, 0, 0, 0.17%, 7, 0, 11, 150.51
1735033500, 49, 29, 43, 0, 0, 0.17%, 7, 0, 11, 148.91
1735033510, 49, 38, 43, 0, 0, 0.17%, 7, 0, 11, 150.94
1735033515, 49, 40, 43, 0, 0, 0.17%, 7, 0, 11, 137.06
1735033525, 49, 42, 43, 0, 0, 0.17%, 7, 0, 11, 151.98
1735033530, 50, 0, 43, 0, 0, 0.17%, 7, 0, 11, 143.41
1735033535, 50, 12, 43, 0, 0, 0.17%, 7, 0, 11, 136.27
1735033541, 50, 24, 43, 0, 0, 0.17%, 7, 0, 11, 141.19
1735033546, 51, 11, 43, 0, 0, 0.17%, 7, 0, 11, 138.19
1735033551, 51, 20, 43, 0, 0, 0.17%, 7, 0, 11, 138.16
1735033556, 51, 24, 43, 0, 0, 0.17%, 7, 0, 11, 136.25
1735033561, 52, 11, 43, 0, 0, 0.17%, 7, 0, 11, 136.25
1735033566, 52, 15, 43, 0, 0, 0.17%, 7, 0, 11, 134.89
1735033582, 52, 24, 43, 0, 0, 0.17%, 7, 0, 11, 138.63
1735033587, 53, 12, 43, 0, 0, 0.17%, 7, 0, 11, 133.85
1735033592, 53, 24, 43, 0, 0, 0.17%, 7, 0, 11, 135.49
1735033597, 53, 34, 43, 0, 0, 0.17%, 7, 0, 11, 148.33
1735033602, 54, 11, 43, 0, 0, 0.17%, 7, 0, 11, 137.85
1735033607, 54, 24, 43, 0, 0, 0.17%, 7, 0, 11, 139.55
1735033613, 54, 26, 43, 0, 0, 0.17%, 7, 0, 11, 145.52
1735033618, 55, 4, 43, 0, 0, 0.17%, 7, 0, 11, 138.79
1735033623, 55, 12, 43, 0, 0, 0.17%, 7, 0, 11, 129.61
1735033628, 55, 24, 43, 0, 0, 0.17%, 7, 0, 11, 138.05
1735033633, 55, 32, 43, 0, 0, 0.17%, 7, 0, 11, 141.79
1735033638, 55, 36, 43, 0, 0, 0.17%, 7, 0, 11, 144.90
1735033643, 56, 11, 43, 0, 0, 0.17%, 7, 0, 11, 132.43
1735033648, 56, 14, 43, 0, 0, 0.17%, 7, 0, 11, 135.21
1735033653, 56, 24, 43, 0, 0, 0.17%, 7, 0, 11, 139.30
1735033659, 56, 28, 43, 0, 0, 0.17%, 7, 0, 11, 135.83
1735033669, 56, 33, 43, 0, 0, 0.17%, 7, 0, 11, 126.36
1735033679, 57, 24, 43, 0, 0, 0.17%, 7, 0, 11, 128.11
1735033689, 58, 16, 43, 0, 0, 0.17%, 7, 0, 11, 136.44
1735033699, 58, 24, 43, 0, 0, 0.17%, 7, 0, 11, 140.23
1735033705, 58, 33, 43, 0, 0, 0.17%, 7, 0, 11, 139.30
1735033710, 58, 39, 43, 0, 0, 0.17%, 7, 0, 11, 142.80
1735033720, 59, 11, 43, 0, 0, 0.17%, 7, 0, 11, 138.39
1735033725, 59, 17, 43, 0, 0, 0.17%, 7, 0, 11, 137.07
1735033736, 59, 24, 43, 0, 0, 0.17%, 7, 0, 11, 137.13
1735033741, 60, 11, 43, 0, 0, 0.17%, 7, 0, 11, 132.43
1735033746, 60, 14, 43, 0, 0, 0.17%, 7, 0, 11, 131.58
1735033751, 60, 24, 43, 0, 0, 0.17%, 7, 0, 11, 139.65
1735033756, 60, 28, 43, 0, 0, 0.17%, 7, 0, 11, 144.74
1735033766, 60, 32, 43, 0, 0, 0.17%, 7, 0, 11, 138.04
1735033772, 60, 39, 43, 0, 0, 0.17%, 7, 0, 11, 143.03
1735033782, 61, 12, 43, 0, 0, 0.17%, 7, 0, 11, 133.00
1735033787, 61, 24, 43, 0, 0, 0.17%, 7, 0, 11, 143.43
1735033792, 61, 36, 43, 0, 0, 0.17%, 7, 0, 11, 142.47
1735033798, 62, 11, 43, 0, 0, 0.17%, 7, 0, 11, 132.91
1735033803, 62, 24, 43, 0, 0, 0.17%, 7, 0, 11, 141.58
1735033808, 63, 11, 43, 0, 0, 0.17%, 7, 0, 11, 139.41
1735033813, 63, 24, 43, 0, 0, 0.17%, 7, 0, 11, 137.55
1735033818, 63, 25, 43, 0, 0, 0.17%, 7, 0, 11, 135.61
1735033823, 63, 26, 43, 0, 0, 0.17%, 7, 0, 11, 134.44
1735033829, 64, 10, 43, 0, 0, 0.17%, 7, 0, 11, 137.27
1735033834, 64, 11, 43, 0, 0, 0.17%, 7, 0, 11, 135.48
1735033839, 64, 24, 43, 0, 0, 0.17%, 7, 0, 11, 134.09
1735033844, 65, 11, 43, 0, 0, 0.17%, 7, 0, 11, 137.45
1735033849, 65, 24, 43, 0, 0, 0.17%, 7, 0, 11, 138.71
1735033854, 66, 7, 43, 0, 0, 0.17%, 7, 0, 11, 138.25
1735033859, 66, 12, 43, 0, 0, 0.17%, 7, 0, 11, 133.64
1735033865, 66, 24, 43, 0, 0, 0.17%, 7, 0, 11, 130.62
1735033870, 66, 33, 43, 0, 0, 0.17%, 7, 0, 11, 129.28
1735033875, 67, 12, 43, 0, 0, 0.17%, 7, 0, 11, 130.43
1735033880, 67, 18, 43, 0, 0, 0.17%, 7, 0, 11, 135.00
1735033885, 67, 24, 43, 0, 0, 0.17%, 7, 0, 11, 134.83
1735033890, 67, 32, 43, 0, 0, 0.17%, 7, 0, 11, 136.07
1735033895, 68, 11, 43, 0, 0, 0.17%, 7, 0, 11, 132.55
1735033900, 68, 24, 43, 0, 0, 0.17%, 7, 0, 11, 141.16
1735033906, 69, 11, 43, 0, 0, 0.17%, 7, 0, 11, 140.71
1735033911, 69, 19, 43, 0, 0, 0.17%, 7, 0, 11, 130.18
1735033916, 69, 24, 43, 0, 0, 0.17%, 7, 0, 11, 133.28
1735033921, 69, 40, 43, 0, 0, 0.17%, 7, 0, 11, 133.84
1735033932, 70, 12, 43, 0, 0, 0.17%, 7, 0, 11, 133.92
1735033937, 70, 18, 43, 0, 0, 0.17%, 7, 0, 11, 137.23
1735033942, 70, 20, 43, 0, 0, 0.17%, 7, 0, 11, 141.66
1735033947, 70, 24, 43, 0, 0, 0.17%, 7, 0, 11, 140.74
1735033952, 70, 26, 43, 0, 0, 0.17%, 7, 0, 11, 142.16
1735033957, 71, 12, 43, 0, 0, 0.17%, 7, 0, 11, 136.99
1735033962, 71, 24, 43, 0, 0, 0.17%, 7, 0, 11, 140.48
1735033968, 72, 12, 43, 0, 0, 0.17%, 7, 0, 11, 131.50
1735033973, 72, 21, 43, 0, 0, 0.17%, 7, 0, 11, 133.72
1735033978, 72, 22, 43, 0, 0, 0.17%, 7, 0, 11, 133.10
1735033983, 72, 24, 43, 0, 0, 0.17%, 7, 0, 11, 135.00
1735033988, 73, 9, 43, 0, 0, 0.17%, 7, 0, 11, 134.08
1735033993, 73, 12, 43, 0, 0, 0.17%, 7, 0, 11, 138.23
1735033999, 73, 21, 43, 0, 0, 0.17%, 7, 0, 11, 135.15
1735034004, 73, 24, 43, 0, 0, 0.17%, 7, 0, 11, 135.77
1735034009, 73, 41, 43, 0, 0, 0.17%, 7, 0, 11, 146.14
1735034014, 74, 6, 43, 0, 0, 0.17%, 7, 0, 11, 134.35
1735034019, 74, 12, 43, 0, 0, 0.17%, 7, 0, 11, 131.38
1735034024, 74, 21, 43, 0, 0, 0.17%, 7, 0, 11, 141.81
1735034030, 75, 11, 43, 0, 0, 0.17%, 7, 0, 11, 142.17
1735034035, 75, 12, 43, 0, 0, 0.17%, 7, 0, 11, 133.50
1735034040, 75, 14, 43, 0, 0, 0.17%, 7, 0, 11, 132.72
1735034045, 75, 24, 43, 0, 0, 0.17%, 7, 0, 11, 138.58
1735034050, 75, 38, 43, 0, 0, 0.17%, 7, 0, 11, 147.13
1735034055, 76, 12, 43, 0, 0, 0.17%, 7, 0, 11, 137.77
1735034060, 76, 24, 43, 0, 0, 0.17%, 7, 0, 11, 140.63
1735034066, 76, 40, 43, 0, 0, 0.17%, 7, 0, 11, 138.44
1735034076, 77, 12, 43, 0, 0, 0.17%, 7, 0, 11, 131.97
1735034081, 77, 23, 43, 0, 0, 0.17%, 7, 0, 11, 138.53
1735034086, 77, 24, 43, 0, 0, 0.17%, 7, 0, 11, 136.36
1735034091, 78, 12, 43, 0, 0, 0.17%, 7, 0, 11, 131.34
1735034096, 78, 24, 43, 0, 0, 0.17%, 7, 0, 11, 134.17
1735034101, 78, 29, 43, 0, 0, 0.17%, 7, 0, 11, 133.28
1735034106, 78, 35, 43, 0, 0, 0.17%, 7, 0, 11, 145.12
1735034112, 79, 11, 43, 0, 0, 0.17%, 7, 0, 11, 134.12
1735034117, 79, 16, 43, 0, 0, 0.17%, 7, 0, 11, 134.42
1735034122, 79, 24, 43, 0, 0, 0.17%, 7, 0, 11, 143.15
1735034127, 80, 11, 43, 0, 0, 0.17%, 7, 0, 11, 136.90
1735034132, 80, 24, 43, 0, 0, 0.17%, 7, 0, 11, 136.53
1735034137, 81, 5, 43, 0, 0, 0.17%, 7, 0, 11, 130.04
1735034142, 81, 12, 43, 0, 0, 0.17%, 7, 0, 11, 131.45
1735034148, 81, 24, 43, 0, 0, 0.17%, 7, 0, 11, 140.91
1735034153, 81, 42, 43, 0, 0, 0.17%, 7, 0, 11, 150.66
1735034158, 82, 11, 43, 0, 0, 0.17%, 7, 0, 11, 141.39
1735034163, 82, 24, 43, 0, 0, 0.17%, 7, 0, 11, 147.19
1735034168, 82, 42, 43, 0, 0, 0.17%, 7, 0, 11, 150.30
1735034178, 83, 12, 43, 0, 0, 0.17%, 7, 0, 11, 133.71
1735034184, 83, 24, 43, 0, 0, 0.17%, 7, 0, 11, 138.17
1735034189, 84, 12, 43, 0, 0, 0.17%, 7, 0, 11, 136.10
1735034194, 84, 13, 43, 0, 0, 0.17%, 7, 0, 11, 135.10
1735034199, 84, 24, 43, 0, 0, 0.17%, 7, 0, 11, 139.20
1735034204, 85, 11, 43, 0, 0, 0.17%, 7, 0, 11, 137.18
1735034209, 85, 24, 43, 0, 0, 0.17%, 7, 0, 11, 138.03
1735034215, 85, 30, 43, 0, 0, 0.17%, 7, 0, 11, 136.43
1735034220, 85, 37, 43, 0, 0, 0.17%, 7, 0, 11, 139.65
1735034230, 86, 5, 43, 0, 0, 0.17%, 7, 0, 11, 136.27
1735034235, 86, 12, 43, 0, 0, 0.17%, 7, 0, 11, 131.50
1735034240, 86, 24, 43, 0, 0, 0.17%, 7, 0, 11, 137.83
1735034245, 87, 12, 43, 0, 0, 0.17%, 7, 0, 11, 131.41
1735034251, 87, 24, 43, 0, 0, 0.17%, 7, 0, 11, 133.13
1735034256, 87, 34, 43, 0, 0, 0.17%, 7, 0, 11, 147.44
1735034261, 88, 7, 43, 0, 0, 0.17%, 7, 0, 11, 135.86
1735034266, 88, 12, 43, 0, 0, 0.17%, 7, 0, 11, 139.41
1735034271, 88, 18, 43, 0, 0, 0.17%, 7, 0, 11, 132.06
1735034276, 88, 24, 43, 0, 0, 0.17%, 7, 0, 11, 141.36
1735034281, 88, 37, 43, 0, 0, 0.17%, 7, 0, 11, 144.98
1735034286, 89, 5, 43, 0, 0, 0.17%, 7, 0, 11, 132.20
1735034291, 89, 12, 43, 0, 0, 0.17%, 7, 0, 11, 136.92
1735034297, 89, 24, 43, 0, 0, 0.17%, 7, 0, 11, 139.64
1735034302, 89, 36, 43, 0, 0, 0.17%, 7, 0, 11, 146.46
1735034307, 90, 11, 43, 0, 0, 0.17%, 7, 0, 11, 135.62
1735034312, 90, 24, 43, 0, 0, 0.17%, 7, 0, 11, 133.72
1735034317, 91, 7, 43, 0, 0, 0.17%, 7, 0, 11, 128.74
1735034323, 91, 12, 43, 0, 0, 0.17%, 7, 0, 11, 130.28
1735034328, 91, 20, 43, 0, 0, 0.17%, 7, 0, 11, 140.80
1735034333, 91, 24, 43, 0, 0, 0.17%, 7, 0, 11, 142.33
1735034338, 91, 29, 43, 0, 0, 0.17%, 7, 0, 11, 140.44
1735034343, 92, 11, 43, 0, 0, 0.17%, 7, 0, 11, 137.38
1735034348, 92, 13, 43, 0, 0, 0.17%, 7, 0, 11, 132.93
1735034358, 92, 24, 43, 0, 0, 0.17%, 7, 0, 11, 132.26
1735034363, 92, 31, 43, 0, 0, 0.17%, 7, 0, 11, 138.00
1735034369, 93, 0, 43, 0, 0, 0.17%, 7, 0, 11, 134.27
1735034374, 93, 11, 43, 0, 0, 0.17%, 7, 0, 11, 133.08
1735034379, 93, 24, 43, 0, 0, 0.17%, 7, 0, 11, 139.08
1735034384, 93, 37, 43, 0, 0, 0.17%, 7, 0, 11, 141.86
1735034394, 94, 11, 43, 0, 0, 0.17%, 7, 0, 11, 130.75
1735034400, 94, 18, 43, 0, 0, 0.17%, 7, 0, 11, 135.29
1735034405, 94, 24, 43, 0, 0, 0.17%, 7, 0, 11, 137.40
1735034410, 95, 11, 43, 0, 0, 0.17%, 7, 0, 11, 143.82
1735034415, 95, 23, 43, 0, 0, 0.17%, 7, 0, 11, 132.72
1735034420, 95, 24, 43, 0, 0, 0.17%, 7, 0, 11, 139.63
1735034425, 96, 10, 43, 0, 0, 0.17%, 7, 0, 11, 133.27
1735034430, 96, 12, 43, 0, 0, 0.17%, 7, 0, 11, 131.85
1735034436, 96, 22, 43, 0, 0, 0.17%, 7, 0, 11, 141.59
1735034441, 96, 24, 43, 0, 0, 0.17%, 7, 0, 11, 139.36
1735034446, 96, 25, 43, 0, 0, 0.17%, 7, 0, 11, 139.33
1735034451, 97, 11, 43, 0, 0, 0.17%, 7, 0, 11, 136.79
1735034456, 97, 19, 43, 0, 0, 0.17%, 7, 0, 11, 134.63
1735034461, 97, 24, 43, 0, 0, 0.17%, 7, 0, 11, 139.29
1735034467, 97, 31, 43, 0, 0, 0.17%, 7, 0, 11, 136.39
1735034472, 97, 32, 43, 0, 0, 0.17%, 7, 0, 11, 138.13
1735034477, 97, 40, 43, 0, 0, 0.17%, 7, 0, 11, 140.31
1735034487, 98, 1, 43, 0, 0, 0.17%, 7, 0, 11, 136.93
1735034492, 98, 11, 43, 0, 0, 0.17%, 7, 0, 11, 136.73
1735034497, 98, 14, 43, 0, 0, 0.17%, 7, 0, 11, 132.28
1735034503, 98, 24, 43, 0, 0, 0.17%, 7, 0, 11, 134.62
1735034508, 98, 32, 43, 0, 0, 0.17%, 7, 0, 11, 135.33
1735034513, 99, 11, 43, 0, 0, 0.17%, 7, 0, 11, 141.06
1735034518, 99, 24, 43, 0, 0, 0.17%, 7, 0, 11, 141.32
1735034528, 99, 32, 43, 0, 0, 0.17%, 7, 0, 11, 141.79
1735034533, 100, 14, 43, 0, 0, 0.17%, 7, 0, 11, 131.78
1735034544, 100, 24, 43, 0, 0, 0.17%, 7, 0, 11, 138.10
1735034549, 100, 30, 43, 0, 0, 0.17%, 7, 0, 11, 133.70
1735034554, 100, 33, 43, 0, 0, 0.17%, 7, 0, 11, 139.46
1735034559, 101, 11, 43, 0, 0, 0.17%, 7, 0, 11, 129.86
1735034564, 101, 24, 43, 0, 0, 0.17%, 7, 0, 11, 138.63
1735034569, 101, 25, 43, 0, 0, 0.17%, 7, 0, 11, 137.94
1735034574, 101, 36, 43, 0, 0, 0.17%, 7, 0, 11, 150.36
1735034585, 101, 40, 43, 0, 0, 0.17%, 7, 0, 11, 138.12
1735034590, 102, 11, 43, 0, 0, 0.17%, 7, 0, 11, 134.76
1735034595, 102, 24, 43, 0, 0, 0.17%, 7, 0, 11, 140.90
1735034600, 103, 2, 43, 0, 0, 0.17%, 7, 0, 11, 132.21
1735034605, 103, 12, 43, 0, 0, 0.17%, 7, 0, 11, 134.07
1735034610, 103, 24, 43, 0, 0, 0.17%, 7, 0, 11, 136.83
1735034616, 103, 27, 43, 0, 0, 0.17%, 7, 0, 11, 140.10
1735034621, 104, 6, 43, 0, 0, 0.17%, 7, 0, 11, 140.79
1735034626, 104, 11, 43, 0, 0, 0.17%, 7, 0, 11, 139.34
1735034631, 104, 17, 43, 0, 0, 0.17%, 7, 0, 11, 141.44
1735034641, 104, 24, 43, 0, 0, 0.17%, 7, 0, 11, 140.74
1735034646, 105, 11, 43, 0, 0, 0.17%, 7, 0, 11, 133.30
1735034651, 105, 24, 43, 0, 0, 0.17%, 7, 0, 11, 141.50
1735034656, 105, 25, 43, 0, 0, 0.17%, 7, 0, 11, 146.39
1735034662, 105, 28, 43, 0, 0, 0.17%, 7, 0, 11, 141.89
1735034667, 105, 34, 43, 0, 0, 0.17%, 7, 0, 11, 145.09
1735034677, 106, 12, 43, 0, 0, 0.17%, 7, 0, 11, 136.32
1735034682, 106, 24, 43, 0, 0, 0.17%, 7, 0, 11, 141.79
1735034687, 106, 39, 43, 0, 0, 0.17%, 7, 0, 11, 144.30
1735034692, 107, 11, 43, 0, 0, 0.17%, 7, 0, 11, 134.49
1735034698, 107, 19, 43, 0, 0, 0.17%, 7, 0, 11, 132.75
1735034708, 107, 24, 43, 0, 0, 0.17%, 7, 0, 11, 137.27
1735034713, 107, 40, 43, 0, 0, 0.17%, 7, 0, 11, 135.60
1735034718, 108, 11, 43, 0, 0, 0.17%, 7, 0, 11, 133.25
1735034723, 108, 24, 43, 0, 0, 0.17%, 7, 0, 11, 139.29
1735034729, 108, 41, 43, 0, 0, 0.17%, 7, 0, 11, 149.87
1735034739, 109, 12, 43, 0, 0, 0.17%, 7, 0, 11, 138.30
1735034744, 109, 24, 43, 0, 0, 0.17%, 7, 0, 11, 137.79
1735034749, 109, 27, 43, 0, 0, 0.17%, 7, 0, 11, 146.24
1735034754, 109, 37, 43, 0, 0, 0.17%, 7, 0, 11, 147.16
1735034759, 109, 41, 43, 0, 0, 0.17%, 7, 0, 11, 135.40
1735034770, 110, 12, 43, 0, 0, 0.17%, 7, 0, 11, 133.91
1735034775, 110, 24, 43, 0, 0, 0.17%, 7, 0, 11, 142.20
1735034780, 111, 12, 43, 0, 0, 0.17%, 7, 0, 11, 131.73
1735034785, 111, 24, 43, 0, 0, 0.17%, 7, 0, 11, 143.44
1735034790, 111, 37, 43, 0, 0, 0.17%, 7, 0, 11, 145.86
1735034795, 112, 11, 43, 0, 0, 0.17%, 7, 0, 11, 137.77
1735034800, 112, 14, 43, 0, 0, 0.17%, 7, 0, 11, 135.51
1735034806, 112, 15, 43, 0, 0, 0.17%, 7, 0, 11, 128.46
1735034816, 112, 24, 43, 0, 0, 0.17%, 7, 0, 11, 130.44
1735034826, 112, 38, 43, 0, 0, 0.17%, 7, 0, 11, 146.17
1735034831, 113, 12, 43, 0, 0, 0.17%, 7, 0, 11, 140.63
1735034837, 113, 24, 43, 0, 0, 0.17%, 7, 0, 11, 133.82
1735034842, 113, 25, 43, 0, 0, 0.17%, 7, 0, 11, 143.14
1735034847, 114, 5, 43, 0, 0, 0.17%, 7, 0, 11, 139.82
1735034852, 114, 12, 43, 0, 0, 0.17%, 7, 0, 11, 137.05
1735034857, 114, 24, 43, 0, 0, 0.17%, 7, 0, 11, 133.46
1735034862, 114, 31, 43, 0, 0, 0.17%, 7, 0, 11, 131.92
1735034868, 115, 11, 43, 0, 0, 0.17%, 7, 0, 11, 131.33
1735034873, 115, 24, 43, 0, 0, 0.17%, 7, 0, 11, 133.28
1735034883, 115, 36, 43, 0, 0, 0.17%, 7, 0, 11, 135.36
1735034888, 116, 11, 43, 0, 0, 0.17%, 7, 0, 11, 135.23
1735034893, 116, 24, 43, 0, 0, 0.17%, 7, 0, 11, 134.04
1735034904, 116, 39, 43, 0, 0, 0.17%, 7, 0, 11, 136.64
1735034909, 117, 11, 43, 0, 0, 0.17%, 7, 0, 11, 142.39
1735034914, 117, 24, 43, 0, 0, 0.17%, 7, 0, 11, 142.06
1735034919, 117, 42, 43, 0, 0, 0.17%, 7, 0, 11, 139.83
1735034929, 118, 7, 43, 0, 0, 0.17%, 7, 0, 11, 137.93
1735034934, 118, 12, 43, 0, 0, 0.17%, 7, 0, 11, 139.71
1735034940, 118, 24, 43, 0, 0, 0.17%, 7, 0, 11, 135.11
1735034945, 118, 31, 43, 0, 0, 0.17%, 7, 0, 11, 142.65
1735034950, 119, 12, 43, 0, 0, 0.17%, 7, 0, 11, 142.91
1735034955, 119, 24, 43, 0, 0, 0.17%, 7, 0, 11, 144.14
1735034960, 120, 12, 43, 0, 0, 0.17%, 7, 0, 11, 135.10
1735034965, 120, 17, 43, 0, 0, 0.17%, 7, 0, 11, 140.66
1735034971, 120, 24, 43, 0, 0, 0.17%, 7, 0, 11, 137.98
1735034976, 120, 33, 43, 0, 0, 0.17%, 7, 0, 11, 143.35
1735034981, 121, 11, 43, 0, 0, 0.17%, 7, 0, 11, 135.65
1735034986, 121, 24, 43, 0, 0, 0.17%, 7, 0, 11, 139.58
1735034991, 121, 26, 43, 0, 0, 0.17%, 7, 0, 11, 144.98
1735034996, 121, 38, 43, 0, 0, 0.17%, 7, 0, 11, 160.75
1735035007, 121, 41, 43, 0, 0, 0.17%, 7, 0, 11, 144.84
1735035012, 122, 3, 43, 0, 0, 0.17%, 7, 0, 11, 139.55
1735035017, 122, 11, 43, 0, 0, 0.17%, 7, 0, 11, 129.66
1735035022, 122, 22, 43, 0, 0, 0.17%, 7, 0, 11, 133.03
1735035027, 122, 24, 43, 0, 0, 0.17%, 7, 0, 11, 144.41
1735035032, 122, 31, 43, 0, 0, 0.17%, 7, 0, 11, 138.27
1735035037, 123, 11, 43, 0, 0, 0.17%, 7, 0, 11, 134.18
1735035042, 123, 24, 43, 0, 0, 0.17%, 7, 0, 11, 138.93
1735035048, 124, 8, 43, 0, 0, 0.17%, 7, 0, 11, 138.15
1735035053, 124, 12, 43, 0, 0, 0.17%, 7, 0, 11, 139.53
1735035058, 124, 21, 43, 0, 0, 0.17%, 7, 0, 11, 131.08
1735035063, 124, 23, 43, 0, 0, 0.17%, 7, 0, 11, 131.61
1735035068, 124, 24, 43, 0, 0, 0.17%, 7, 0, 11, 141.55
1735035074, 125, 12, 43, 0, 0, 0.17%, 7, 0, 11, 136.35
1735035079, 125, 24, 43, 0, 0, 0.17%, 7, 0, 11, 134.88
1735035084, 125, 26, 43, 0, 0, 0.17%, 7, 0, 11, 139.18
1735035089, 125, 31, 43, 0, 0, 0.17%, 7, 0, 11, 138.92
1735035094, 126, 11, 43, 0, 0, 0.17%, 7, 0, 11, 139.49
1735035099, 126, 23, 43, 0, 0, 0.17%, 7, 0, 11, 136.79
1735035104, 126, 24, 43, 0, 0, 0.17%, 7, 0, 11, 140.40
1735035109, 126, 37, 43, 0, 0, 0.17%, 7, 0, 11, 152.69
1735035120, 127, 12, 43, 0, 0, 0.17%, 7, 0, 11, 135.70
1735035125, 127, 24, 43, 0, 0, 0.17%, 7, 0, 11, 141.61
1735035130, 128, 12, 43, 0, 0, 0.17%, 7, 0, 11, 130.21
1735035135, 128, 24, 43, 0, 0, 0.17%, 7, 0, 11, 135.92
1735035140, 128, 29, 43, 0, 0, 0.17%, 7, 0, 11, 133.85
1735035146, 128, 32, 43, 0, 0, 0.17%, 7, 0, 11, 134.97
1735035151, 128, 38, 43, 0, 0, 0.17%, 7, 0, 11, 140.06
1735035156, 129, 11, 43, 0, 0, 0.17%, 7, 0, 11, 133.44
1735035161, 129, 24, 43, 0, 0, 0.17%, 7, 0, 11, 139.01
1735035166, 129, 28, 43, 0, 0, 0.17%, 7, 0, 11, 134.46
1735035171, 130, 11, 43, 0, 0, 0.17%, 7, 0, 11, 134.39
1735035177, 130, 24, 43, 0, 0, 0.17%, 7, 0, 11, 139.09
1735035182, 130, 40, 43, 0, 0, 0.17%, 7, 0, 11, 142.25
1735035192, 131, 12, 43, 0, 0, 0.17%, 7, 0, 11, 133.04
1735035197, 131, 13, 43, 0, 0, 0.17%, 7, 0, 11, 135.16
1735035202, 131, 23, 43, 0, 0, 0.17%, 7, 0, 11, 133.10
1735035207, 131, 24, 43, 0, 0, 0.17%, 7, 0, 11, 140.36
1735035212, 131, 41, 43, 0, 0, 0.17%, 7, 0, 11, 150.22
1735035217, 132, 11, 43, 0, 0, 0.17%, 7, 0, 11, 140.33
1735035223, 132, 13, 43, 0, 0, 0.17%, 7, 0, 11, 132.98
1735035228, 132, 20, 43, 0, 0, 0.17%, 7, 0, 11, 140.82
1735035233, 132, 24, 43, 0, 0, 0.17%, 7, 0, 11, 144.53
1735035238, 133, 11, 43, 0, 0, 0.17%, 7, 0, 11, 135.33
1735035243, 133, 24, 43, 0, 0, 0.17%, 7, 0, 11, 138.22
1735035248, 133, 25, 43, 0, 0, 0.17%, 7, 0, 11, 133.72
1735035254, 134, 11, 43, 0, 0, 0.17%, 7, 0, 11, 133.82
1735035259, 134, 16, 43, 0, 0, 0.17%, 7, 0, 11, 131.71
1735035264, 134, 24, 43, 0, 0, 0.17%, 7, 0, 11, 138.23
1735035269, 135, 0, 43, 0, 0, 0.17%, 7, 0, 11, 131.12
1735035274, 135, 8, 43, 0, 0, 0.17%, 7, 0, 11, 131.96
1735035279, 135, 12, 43, 0, 0, 0.17%, 7, 0, 11, 132.25
1735035285, 135, 21, 43, 0, 0, 0.17%, 7, 0, 11, 131.04
1735035290, 135, 22, 43, 0, 0, 0.17%, 7, 0, 11, 128.40
1735035295, 135, 24, 43, 0, 0, 0.17%, 7, 0, 11, 131.82
1735035300, 135, 26, 43, 0, 0, 0.17%, 7, 0, 11, 140.48
1735035305, 136, 12, 43, 0, 0, 0.17%, 7, 0, 11, 131.47
1735035310, 136, 24, 43, 0, 0, 0.17%, 7, 0, 11, 136.21
1735035315, 137, 12, 43, 0, 0, 0.17%, 7, 0, 11, 127.61
1735035321, 137, 13, 43, 0, 0, 0.17%, 7, 0, 11, 135.83
1735035326, 137, 24, 43, 0, 0, 0.17%, 7, 0, 11, 139.66
1735035331, 138, 12, 43, 0, 0, 0.17%, 7, 0, 11, 129.68
1735035336, 138, 24, 43, 0, 0, 0.17%, 7, 0, 11, 131.38
1735035341, 138, 28, 43, 0, 0, 0.17%, 7, 0, 11, 132.73
1735035347, 138, 35, 43, 0, 0, 0.17%, 7, 0, 11, 143.72
1735035357, 139, 24, 43, 0, 0, 0.17%, 7, 0, 11, 133.95
1735035362, 140, 8, 43, 0, 0, 0.17%, 7, 0, 11, 136.88
1735035367, 140, 12, 43, 0, 0, 0.17%, 7, 0, 11, 131.31
1735035372, 140, 14, 43, 0, 0, 0.17%, 7, 0, 11, 138.95
1735035377, 140, 20, 43, 0, 0, 0.17%, 7, 0, 11, 135.69
1735035383, 140, 24, 43, 0, 0, 0.17%, 7, 0, 11, 133.42
1735035388, 140, 35, 43, 0, 0, 0.17%, 7, 0, 11, 139.47
1735035393, 141, 11, 43, 0, 0, 0.17%, 7, 0, 11, 136.59
1735035398, 141, 24, 43, 0, 0, 0.17%, 7, 0, 11, 134.02
1735035403, 141, 37, 43, 0, 0, 0.17%, 7, 0, 11, 141.94
1735035413, 142, 11, 43, 0, 0, 0.17%, 7, 0, 11, 133.08
1735035418, 142, 19, 43, 0, 0, 0.17%, 7, 0, 11, 133.09
1735035423, 142, 24, 43, 0, 0, 0.17%, 7, 0, 11, 137.53
1735035429, 142, 35, 43, 0, 0, 0.17%, 7, 0, 11, 139.52
1735035439, 143, 12, 43, 0, 0, 0.17%, 7, 0, 11, 135.01
1735035444, 143, 13, 43, 0, 0, 0.17%, 7, 0, 11, 134.12
1735035449, 143, 24, 43, 0, 0, 0.17%, 7, 0, 11, 140.24
1735035454, 143, 26, 43, 0, 0, 0.17%, 7, 0, 11, 144.17
1735035459, 143, 28, 43, 0, 0, 0.17%, 7, 0, 11, 143.72
1735035465, 144, 11, 43, 0, 0, 0.17%, 7, 0, 11, 131.75
1735035470, 144, 24, 43, 0, 0, 0.17%, 7, 0, 11, 134.87
1735035475, 144, 34, 43, 0, 0, 0.17%, 7, 0, 11, 142.67
1735035485, 144, 35, 43, 0, 0, 0.17%, 7, 0, 11, 150.16
1735035491, 145, 11, 43, 0, 0, 0.17%, 7, 0, 11, 137.70
1735035496, 145, 15, 43, 0, 0, 0.17%, 7, 0, 11, 136.01
1735035501, 145, 16, 43, 0, 0, 0.17%, 7, 0, 11, 137.49
1735035506, 145, 24, 43, 0, 0, 0.17%, 7, 0, 11, 133.73
1735035511, 145, 32, 43, 0, 0, 0.17%, 7, 0, 11, 135.50
1735035516, 145, 39, 43, 0, 0, 0.17%, 7, 0, 11, 131.91
1735035526, 146, 11, 43, 0, 0, 0.17%, 7, 0, 11, 136.32
1735035532, 146, 24, 43, 0, 0, 0.17%, 7, 0, 11, 138.55
1735035537, 147, 12, 43, 0, 0, 0.17%, 7, 0, 11, 143.41
1735035542, 147, 24, 43, 0, 0, 0.17%, 7, 0, 11, 133.33
1735035547, 147, 27, 43, 0, 0, 0.17%, 7, 0, 11, 140.92
1735035552, 147, 31, 43, 0, 0, 0.17%, 7, 0, 11, 147.26
1735035557, 148, 11, 43, 0, 0, 0.17%, 7, 0, 11, 134.04
1735035562, 148, 15, 43, 0, 0, 0.17%, 7, 0, 11, 133.03
1735035568, 148, 24, 43, 0, 0, 0.17%, 7, 0, 11, 138.06
1735035573, 148, 36, 43, 0, 0, 0.17%, 7, 0, 11, 138.43
1735035583, 149, 11, 43, 0, 0, 0.17%, 7, 0, 11, 133.93
1735035588, 149, 20, 43, 0, 0, 0.17%, 7, 0, 11, 134.56
1735035593, 149, 24, 43, 0, 0, 0.17%, 7, 0, 11, 136.78
1735035599, 149, 29, 43, 0, 0, 0.17%, 7, 0, 11, 135.74
1735035604, 150, 3, 43, 0, 0, 0.17%, 7, 0, 11, 136.60
1735035609, 150, 11, 43, 0, 0, 0.17%, 7, 0, 11, 141.02
1735035614, 150, 24, 43, 0, 0, 0.17%, 7, 0, 11, 130.87
1735035619, 150, 33, 43, 0, 0, 0.17%, 7, 0, 11, 132.09
1735035624, 151, 3, 43, 0, 0, 0.17%, 7, 0, 11, 135.19
1735035629, 151, 12, 43, 0, 0, 0.17%, 7, 0, 11, 136.87
1735035635, 151, 24, 43, 0, 0, 0.17%, 7, 0, 11, 132.19
1735035640, 151, 27, 43, 0, 0, 0.17%, 7, 0, 11, 131.77
1735035645, 152, 11, 43, 0, 0, 0.17%, 7, 0, 11, 134.11
1735035650, 152, 18, 43, 0, 0, 0.17%, 7, 0, 11, 134.58
1735035655, 152, 20, 43, 0, 0, 0.17%, 7, 0, 11, 137.88
1735035660, 152, 24, 43, 0, 0, 0.17%, 7, 0, 11, 141.22
1735035665, 152, 29, 43, 0, 0, 0.17%, 7, 0, 11, 143.23
1735035671, 152, 31, 43, 0, 0, 0.17%, 7, 0, 11, 138.21
1735035676, 152, 36, 43, 0, 0, 0.17%, 7, 0, 11, 144.89
1735035686, 153, 12, 43, 0, 0, 0.17%, 7, 0, 11, 137.79
1735035691, 153, 24, 43, 0, 0, 0.17%, 7, 0, 11, 139.62
1735035696, 154, 11, 43, 0, 0, 0.17%, 7, 0, 11, 137.05
1735035701, 154, 19, 43, 0, 0, 0.17%, 7, 0, 11, 135.87
1735035707, 154, 24, 43, 0, 0, 0.17%, 7, 0, 11, 134.52
1735035712, 155, 11, 43, 0, 0, 0.17%, 7, 0, 11, 131.26
1735035717, 155, 24, 43, 0, 0, 0.17%, 7, 0, 11, 137.79
1735035722, 155, 38, 43, 0, 0, 0.17%, 7, 0, 11, 139.87
1735035732, 155, 42, 43, 0, 0, 0.17%, 7, 0, 11, 151.53
1735035737, 156, 11, 43, 0, 0, 0.17%, 7, 0, 11, 137.23
1735035743, 156, 21, 43, 0, 0, 0.17%, 7, 0, 11, 132.12
1735035748, 156, 24, 43, 0, 0, 0.17%, 7, 0, 11, 138.07
1735035753, 157, 11, 43, 0, 0, 0.17%, 7, 0, 11, 129.21
1735035758, 157, 24, 43, 0, 0, 0.17%, 7, 0, 11, 130.99
1735035763, 157, 37, 43, 0, 0, 0.17%, 7, 0, 11, 145.83
1735035774, 158, 12, 43, 0, 0, 0.17%, 7, 0, 11, 131.18
1735035779, 158, 24, 43, 0, 0, 0.17%, 7, 0, 11, 132.52
1735035784, 159, 11, 43, 0, 0, 0.17%, 7, 0, 11, 133.89
1735035789, 159, 24, 43, 0, 0, 0.17%, 7, 0, 11, 141.52
1735035794, 160, 1, 43, 0, 0, 0.17%, 7, 0, 11, 143.56
1735035799, 160, 12, 43, 0, 0, 0.17%, 7, 0, 11, 138.59
1735035804, 160, 24, 43, 0, 0, 0.17%, 7, 0, 11, 139.99
1735035809, 160, 39, 43, 0, 0, 0.17%, 7, 0, 11, 140.78
1735035814, 160, 42, 43, 0, 0, 0.17%, 7, 0, 11, 146.39
1735035825, 161, 12, 43, 0, 0, 0.17%, 7, 0, 11, 139.45
1735035830, 161, 24, 43, 0, 0, 0.17%, 7, 0, 11, 140.56
1735035835, 161, 30, 43, 0, 0, 0.17%, 7, 0, 11, 139.91
1735035840, 161, 42, 43, 0, 0, 0.17%, 7, 0, 11, 144.45
1735035845, 162, 11, 43, 0, 0, 0.17%, 7, 0, 11, 140.09
1735035850, 162, 24, 43, 0, 0, 0.17%, 7, 0, 11, 136.04
1735035856, 162, 28, 43, 0, 0, 0.17%, 7, 0, 11, 131.70
1735035861, 162, 37, 43, 0, 0, 0.17%, 7, 0, 11, 146.25
1735035871, 163, 11, 43, 0, 0, 0.17%, 7, 0, 11, 132.65
1735035876, 163, 24, 43, 0, 0, 0.17%, 7, 0, 11, 134.40
1735035881, 163, 34, 43, 0, 0, 0.17%, 7, 0, 11, 139.45
1735035892, 164, 11, 43, 0, 0, 0.17%, 7, 0, 11, 135.05
1735035897, 164, 20, 43, 0, 0, 0.17%, 7, 0, 11, 133.07
1735035907, 164, 22, 43, 0, 0, 0.17%, 7, 0, 11, 133.23
1735035912, 164, 24, 43, 0, 0, 0.17%, 7, 0, 11, 141.56
1735035918, 164, 31, 43, 0, 0, 0.17%, 7, 0, 11, 141.09
1735035923, 164, 41, 43, 0, 0, 0.17%, 7, 0, 11, 144.24
1735035928, 165, 6, 43, 0, 0, 0.17%, 7, 0, 11, 132.80
1735035933, 165, 24, 43, 0, 0, 0.17%, 7, 0, 11, 131.73
1735035943, 165, 26, 43, 0, 0, 0.17%, 7, 0, 11, 134.51
1735035948, 166, 12, 43, 0, 0, 0.17%, 7, 0, 11, 135.58
1735035953, 166, 24, 43, 0, 0, 0.17%, 7, 0, 11, 141.32
1735035959, 166, 30, 43, 0, 0, 0.17%, 7, 0, 11, 144.26
1735035964, 167, 11, 43, 0, 0, 0.17%, 7, 0, 11, 138.85
1735035969, 167, 22, 43, 0, 0, 0.17%, 7, 0, 11, 136.04
1735035974, 167, 24, 43, 0, 0, 0.17%, 7, 0, 11, 137.74
1735035979, 167, 27, 43, 0, 0, 0.17%, 7, 0, 11, 140.49
1735035984, 167, 38, 43, 0, 0, 0.17%, 7, 0, 11, 150.18
1735035994, 168, 4, 43, 0, 0, 0.17%, 7, 0, 11, 134.08
1735035999, 168, 12, 43, 0, 0, 0.17%, 7, 0, 11, 139.79
1735036004, 168, 22, 43, 0, 0, 0.17%, 7, 0, 11, 135.78
1735036010, 168, 24, 43, 0, 0, 0.17%, 7, 0, 11, 137.28
1735036015, 168, 26, 43, 0, 0, 0.17%, 7, 0, 11, 142.48
1735036020, 168, 41, 43, 0, 0, 0.17%, 7, 0, 11, 149.87
1735036025, 169, 10, 43, 0, 0, 0.17%, 7, 0, 11, 135.75
1735036030, 169, 12, 43, 0, 0, 0.17%, 7, 0, 11, 131.16
1735036035, 169, 24, 43, 0, 0, 0.17%, 7, 0, 11, 136.40
1735036041, 170, 11, 43, 0, 0, 0.17%, 7, 0, 11, 132.71
1735036046, 170, 24, 43, 0, 0, 0.17%, 7, 0, 11, 139.08
1735036051, 170, 25, 43, 0, 0, 0.17%, 7, 0, 11, 134.16
1735036056, 170, 32, 43, 0, 0, 0.17%, 7, 0, 11, 143.60
1735036061, 170, 35, 43, 0, 0, 0.17%, 7, 0, 11, 149.79
1735036072, 171, 12, 43, 0, 0, 0.17%, 7, 0, 11, 127.04
1735036077, 171, 14, 43, 0, 0, 0.17%, 7, 0, 11, 132.07
1735036082, 171, 24, 43, 0, 0, 0.17%, 7, 0, 11, 140.65
1735036087, 171, 29, 43, 0, 0, 0.17%, 7, 0, 11, 138.03
1735036092, 171, 39, 43, 0, 0, 0.17%, 7, 0, 11, 131.21
1735036102, 172, 23, 43, 0, 0, 0.17%, 7, 0, 11, 137.86
1735036113, 172, 24, 43, 0, 0, 0.17%, 7, 0, 11, 137.21
1735036118, 173, 11, 43, 0, 0, 0.17%, 7, 0, 11, 133.44
1735036123, 173, 21, 43, 0, 0, 0.17%, 7, 0, 11, 134.81
1735036128, 173, 24, 43, 0, 0, 0.17%, 7, 0, 11, 142.93
1735036133, 174, 9, 43, 0, 0, 0.17%, 7, 0, 11, 130.64
1735036139, 174, 12, 43, 0, 0, 0.17%, 7, 0, 11, 129.69
1735036144, 174, 13, 43, 0, 0, 0.17%, 7, 0, 11, 132.38
1735036149, 174, 24, 43, 0, 0, 0.17%, 7, 0, 11, 130.62
1735036154, 174, 30, 43, 0, 0, 0.17%, 7, 0, 11, 135.61
1735036159, 175, 12, 43, 0, 0, 0.17%, 7, 0, 11, 125.86
1735036164, 175, 17, 43, 0, 0, 0.17%, 7, 0, 11, 137.68
1735036170, 175, 24, 43, 0, 0, 0.17%, 7, 0, 11, 134.87
1735036175, 175, 27, 43, 0, 0, 0.17%, 7, 0, 11, 142.76
1735036180, 176, 9, 43, 0, 0, 0.17%, 7, 0, 11, 138.42
1735036185, 176, 12, 43, 0, 0, 0.17%, 7, 0, 11, 130.46
1735036190, 176, 14, 43, 0, 0, 0.17%, 7, 0, 11, 129.41
1735036195, 176, 19, 43, 0, 0, 0.17%, 7, 0, 11, 134.46
1735036200, 176, 24, 43, 0, 0, 0.17%, 7, 0, 11, 134.39
1735036206, 176, 28, 43, 0, 0, 0.17%, 7, 0, 11, 135.63
1735036211, 176, 33, 43, 0, 0, 0.17%, 7, 0, 11, 142.48
1735036216, 177, 12, 43, 0, 0, 0.17%, 7, 0, 11, 135.35
1735036221, 177, 24, 43, 0, 0, 0.17%, 7, 0, 11, 139.47
1735036226, 178, 12, 43, 0, 0, 0.17%, 7, 0, 11, 133.28
1735036231, 178, 24, 43, 0, 0, 0.17%, 7, 0, 11, 146.02
1735036236, 178, 32, 43, 0, 0, 0.17%, 7, 0, 11, 139.62
1735036242, 178, 33, 43, 0, 0, 0.17%, 7, 0, 11, 144.98
1735036247, 179, 12, 43, 0, 0, 0.17%, 7, 0, 11, 135.63
1735036252, 179, 18, 43, 0, 0, 0.17%, 7, 0, 11, 136.76
1735036257, 179, 24, 43, 0, 0, 0.17%, 7, 0, 11, 141.79
1735036262, 179, 26, 43, 0, 0, 0.17%, 7, 0, 11, 144.87
1735036267, 179, 28, 43, 0, 0, 0.17%, 7, 0, 11, 139.76
1735036272, 179, 29, 43, 0, 0, 0.17%, 7, 0, 11, 139.53
1735036278, 179, 35, 43, 0, 0, 0.17%, 7, 0, 11, 150.89
1735036283, 180, 11, 43, 0, 0, 0.17%, 7, 0, 11, 142.46
1735036288, 180, 24, 43, 0, 0, 0.17%, 7, 0, 11, 135.65
1735036293, 181, 5, 43, 0, 0, 0.17%, 7, 0, 11, 139.83
1735036298, 181, 12, 43, 0, 0, 0.17%, 7, 0, 11, 135.67
1735036303, 181, 24, 43, 0, 0, 0.17%, 7, 0, 11, 138.90
1735036309, 181, 37, 43, 0, 0, 0.17%, 7, 0, 11, 146.29
1735036314, 182, 11, 43, 0, 0, 0.17%, 7, 0, 11, 130.83
1735036319, 182, 14, 43, 0, 0, 0.17%, 7, 0, 11, 134.21
1735036324, 182, 24, 43, 0, 0, 0.17%, 7, 0, 11, 137.91
1735036329, 182, 33, 43, 0, 0, 0.17%, 7, 0, 11, 142.96
1735036334, 183, 5, 43, 0, 0, 0.17%, 7, 0, 11, 136.71
1735036340, 183, 12, 43, 0, 0, 0.17%, 7, 0, 11, 131.54
1735036345, 183, 24, 43, 0, 0, 0.17%, 7, 0, 11, 145.51
1735036350, 184, 12, 43, 0, 0, 0.17%, 7, 0, 11, 140.83
1735036355, 184, 24, 43, 0, 0, 0.17%, 7, 0, 11, 137.66
1735036360, 185, 12, 43, 0, 0, 0.17%, 7, 0, 11, 127.60
1735036365, 185, 20, 43, 0, 0, 0.17%, 7, 0, 11, 139.05
1735036370, 185, 24, 43, 0, 0, 0.17%, 7, 0, 11, 132.05
1735036375, 186, 12, 43, 0, 0, 0.17%, 7, 0, 11, 131.38
1735036380, 186, 16, 43, 0, 0, 0.17%, 7, 0, 11, 136.61
1735036385, 186, 24, 43, 0, 0, 0.17%, 7, 0, 11, 142.67
1735036391, 187, 12, 43, 0, 0, 0.17%, 7, 0, 11, 134.69
1735036396, 187, 24, 43, 0, 0, 0.17%, 7, 0, 11, 135.77
1735036401, 187, 35, 43, 0, 0, 0.17%, 7, 0, 11, 149.29
1735036406, 188, 11, 43, 0, 0, 0.17%, 7, 0, 11, 140.33
1735036411, 188, 24, 43, 0, 0, 0.17%, 7, 0, 11, 140.73
1735036417, 189, 11, 43, 0, 0, 0.17%, 7, 0, 11, 140.02
1735036422, 189, 18, 43, 0, 0, 0.17%, 7, 0, 11, 135.93
1735036427, 189, 24, 43, 0, 0, 0.17%, 7, 0, 11, 141.70
1735036437, 190, 12, 43, 0, 0, 0.17%, 7, 0, 11, 133.92
1735036442, 190, 24, 43, 0, 0, 0.17%, 7, 0, 11, 139.03
1735036447, 191, 11, 43, 0, 0, 0.17%, 7, 0, 11, 141.39
1735036452, 191, 21, 43, 0, 0, 0.17%, 7, 0, 11, 134.91
1735036458, 191, 24, 43, 0, 0, 0.17%, 7, 0, 11, 137.57
1735036463, 192, 0, 43, 0, 0, 0.17%, 7, 0, 11, 137.09
1735036468, 192, 12, 43, 0, 0, 0.17%, 7, 0, 11, 127.99
1735036473, 192, 24, 43, 0, 0, 0.17%, 7, 0, 11, 136.54
1735036478, 193, 6, 43, 0, 0, 0.17%, 7, 0, 11, 133.46
1735036483, 193, 11, 43, 0, 0, 0.17%, 7, 0, 11, 132.94
1735036488, 193, 24, 43, 0, 0, 0.17%, 7, 0, 11, 134.37
1735036494, 193, 26, 43, 0, 0, 0.17%, 7, 0, 11, 142.67
1735036499, 193, 41, 43, 0, 0, 0.17%, 7, 0, 11, 154.79
1735036509, 194, 12, 43, 0, 0, 0.17%, 7, 0, 11, 134.03
1735036514, 194, 24, 43, 0, 0, 0.17%, 7, 0, 11, 134.21
1735036519, 195, 11, 43, 0, 0, 0.17%, 7, 0, 11, 131.55
1735036524, 195, 22, 43, 0, 0, 0.17%, 7, 0, 11, 130.90
1735036529, 195, 24, 43, 0, 0, 0.17%, 7, 0, 11, 133.43
1735036535, 195, 34, 43, 0, 0, 0.17%, 7, 0, 11, 146.14
1735036545, 196, 12, 43, 0, 0, 0.17%, 7, 0, 11, 134.78
1735036550, 196, 24, 43, 0, 0, 0.17%, 7, 0, 11, 134.96
1735036555, 197, 12, 43, 0, 0, 0.17%, 7, 0, 11, 136.04
1735036560, 197, 24, 43, 0, 0, 0.17%, 7, 0, 11, 144.02
1735036565, 197, 36, 43, 0, 0, 0.17%, 7, 0, 11, 144.19
1735036570, 197, 37, 43, 0, 0, 0.17%, 7, 0, 11, 140.04
1735036580, 198, 11, 43, 0, 0, 0.17%, 7, 0, 11, 135.36
1735036586, 198, 24, 43, 0, 0, 0.17%, 7, 0, 11, 142.37
1735036591, 198, 25, 43, 0, 0, 0.17%, 7, 0, 11, 134.77
1735036596, 199, 11, 43, 0, 0, 0.17%, 7, 0, 11, 128.48
1735036601, 199, 19, 43, 0, 0, 0.17%, 7, 0, 11, 134.40
1735036606, 199, 24, 43, 0, 0, 0.17%, 7, 0, 11, 135.46
1735036611, 199, 34, 43, 0, 0, 0.17%, 7, 0, 11, 137.41
1735036622, 200, 6, 43, 0, 0, 0.17%, 7, 0, 11, 133.96
1735036627, 200, 12, 43, 0, 0, 0.17%, 7, 0, 11, 135.33
1735036632, 200, 24, 43, 0, 0, 0.17%, 7, 0, 11, 138.50
1735036637, 200, 28, 43, 0, 0, 0.17%, 7, 0, 11, 134.45
1735036642, 200, 37, 43, 0, 0, 0.17%, 7, 0, 11, 141.58
1735036647, 200, 39, 43, 0, 0, 0.17%, 7, 0, 11, 140.49
1735036658, 201, 12, 43, 0, 0, 0.17%, 7, 0, 11, 134.75
1735036663, 201, 24, 43, 0, 0, 0.17%, 7, 0, 11, 135.73
1735036668, 202, 11, 43, 0, 0, 0.17%, 7, 0, 11, 134.48
1735036673, 202, 24, 43, 0, 0, 0.17%, 7, 0, 11, 138.82
1735036678, 202, 28, 43, 0, 0, 0.17%, 7, 0, 11, 141.85
1735036684, 202, 35, 43, 0, 0, 0.17%, 7, 0, 11, 148.41
1735036694, 202, 37, 43, 0, 0, 0.17%, 7, 0, 11, 145.98
1735036699, 203, 11, 43, 0, 0, 0.17%, 7, 0, 11, 141.96
1735036704, 203, 20, 43, 0, 0, 0.17%, 7, 0, 11, 140.23
1735036709, 203, 23, 43, 0, 0, 0.17%, 7, 0, 11, 136.64
1735036714, 203, 24, 43, 0, 0, 0.17%, 7, 0, 11, 135.65
1735036720, 203, 37, 43, 0, 0, 0.17%, 7, 0, 11, 145.37
1735036730, 204, 12, 43, 0, 0, 0.17%, 7, 0, 11, 136.50
1735036735, 204, 17, 43, 0, 0, 0.17%, 7, 0, 11, 141.37
1735036740, 204, 24, 43, 0, 0, 0.17%, 7, 0, 11, 148.28
1735036745, 205, 12, 43, 0, 0, 0.17%, 7, 0, 11, 132.97
1735036750, 205, 21, 43, 0, 0, 0.17%, 7, 0, 11, 133.98
1735036756, 205, 24, 43, 0, 0, 0.17%, 7, 0, 11, 134.88
1735036761, 205, 31, 43, 0, 0, 0.17%, 7, 0, 11, 136.76
1735036766, 205, 35, 43, 0, 0, 0.17%, 7, 0, 11, 142.88
1735036771, 206, 3, 43, 0, 0, 0.17%, 7, 0, 11, 140.53
1735036776, 206, 11, 43, 0, 0, 0.17%, 7, 0, 11, 131.62
1735036781, 206, 24, 43, 0, 0, 0.17%, 7, 0, 11, 140.38
1735036786, 206, 26, 43, 0, 0, 0.17%, 7, 0, 11, 141.51
1735036791, 206, 31, 43, 0, 0, 0.17%, 7, 0, 11, 136.44
1735036796, 206, 42, 43, 0, 0, 0.17%, 7, 0, 11, 154.83
1735036807, 207, 24, 43, 0, 0, 0.17%, 7, 0, 11, 141.01
1735036812, 208, 11, 43, 0, 0, 0.17%, 7, 0, 11, 138.13
1735036817, 208, 24, 43, 0, 0, 0.17%, 7, 0, 11, 132.30
1735036822, 209, 11, 43, 0, 0, 0.17%, 7, 0, 11, 136.16
1735036827, 209, 15, 43, 0, 0, 0.17%, 7, 0, 11, 137.23
1735036832, 209, 18, 43, 0, 0, 0.17%, 7, 0, 11, 134.02
1735036838, 209, 24, 43, 0, 0, 0.17%, 7, 0, 11, 131.24
1735036843, 209, 27, 43, 0, 0, 0.17%, 7, 0, 11, 142.06
1735036848, 209, 39, 43, 0, 0, 0.17%, 7, 0, 11, 139.59
1735036858, 210, 12, 43, 0, 0, 0.17%, 7, 0, 11, 135.11
1735036863, 210, 13, 43, 0, 0, 0.17%, 7, 0, 11, 139.95
1735036869, 210, 14, 43, 0, 0, 0.17%, 7, 0, 11, 132.65
1735036874, 210, 15, 43, 0, 0, 0.17%, 7, 0, 11, 133.95
1735036879, 210, 24, 43, 0, 0, 0.17%, 7, 0, 11, 137.70
1735036884, 211, 12, 43, 0, 0, 0.17%, 7, 0, 11, 130.70
1735036889, 211, 24, 43, 0, 0, 0.17%, 7, 0, 11, 139.71
1735036894, 211, 34, 43, 0, 0, 0.17%, 7, 0, 11, 137.26
1735036899, 212, 1, 43, 0, 0, 0.17%, 7, 0, 11, 132.81
1735036905, 212, 12, 43, 0, 0, 0.17%, 7, 0, 11, 137.44
1735036910, 212, 24, 43, 0, 0, 0.17%, 7, 0, 11, 135.20
1735036915, 212, 32, 43, 0, 0, 0.17%, 7, 0, 11, 140.83
1735036920, 212, 40, 43, 0, 0, 0.17%, 7, 0, 11, 139.55
1735036925, 212, 42, 43, 0, 0, 0.17%, 7, 0, 11, 147.59
1735036935, 213, 12, 43, 0, 0, 0.17%, 7, 0, 11, 139.11
1735036940, 213, 17, 43, 0, 0, 0.17%, 7, 0, 11, 134.19
1735036946, 213, 18, 43, 0, 0, 0.17%, 7, 0, 11, 135.81
1735036951, 213, 24, 43, 0, 0, 0.17%, 7, 0, 11, 141.47
1735036956, 214, 12, 43, 0, 0, 0.17%, 7, 0, 11, 132.85
1735036961, 214, 24, 43, 0, 0, 0.17%, 7, 0, 11, 136.65
1735036966, 214, 28, 43, 0, 0, 0.17%, 7, 0, 11, 137.20
1735036971, 215, 12, 43, 0, 0, 0.17%, 7, 0, 11, 128.86
1735036977, 215, 14, 43, 0, 0, 0.17%, 7, 0, 11, 135.94
1735036982, 215, 24, 43, 0, 0, 0.17%, 7, 0, 11, 135.49
1735036987, 215, 31, 43, 0, 0, 0.17%, 7, 0, 11, 136.41
1735036992, 215, 40, 43, 0, 0, 0.17%, 7, 0, 11, 145.25
1735036997, 216, 11, 43, 0, 0, 0.17%, 7, 0, 11, 142.27
1735037002, 216, 24, 43, 0, 0, 0.17%, 7, 0, 11, 131.30
1735037013, 216, 31, 43, 0, 0, 0.17%, 7, 0, 11, 128.51
1735037018, 216, 38, 43, 0, 0, 0.17%, 7, 0, 11, 145.71
1735037023, 217, 12, 43, 0, 0, 0.17%, 7, 0, 11, 140.65
1735037028, 217, 18, 43, 0, 0, 0.17%, 7, 0, 11, 133.48
1735037033, 217, 24, 43, 0, 0, 0.17%, 7, 0, 11, 134.09
1735037038, 217, 39, 43, 0, 0, 0.17%, 7, 0, 11, 139.90
1735037049, 218, 12, 43, 0, 0, 0.17%, 7, 0, 11, 128.23
1735037054, 218, 24, 43, 0, 0, 0.17%, 7, 0, 11, 132.45
1735037059, 219, 12, 43, 0, 0, 0.17%, 7, 0, 11, 130.46
1735037064, 219, 22, 43, 0, 0, 0.17%, 7, 0, 11, 128.08
1735037069, 219, 24, 43, 0, 0, 0.17%, 7, 0, 11, 142.77
1735037074, 219, 41, 43, 0, 0, 0.17%, 7, 0, 11, 152.12
1735037084, 220, 11, 43, 0, 0, 0.17%, 7, 0, 11, 128.12
1735037090, 220, 14, 43, 0, 0, 0.17%, 7, 0, 11, 133.79
1735037095, 220, 24, 43, 0, 0, 0.17%, 7, 0, 11, 136.38
1735037100, 221, 0, 43, 0, 0, 0.17%, 7, 0, 11, 139.69
1735037105, 221, 8, 43, 0, 0, 0.17%, 7, 0, 11, 140.11
1735037110, 221, 12, 43, 0, 0, 0.17%, 7, 0, 11, 136.00
1735037115, 221, 24, 43, 0, 0, 0.17%, 7, 0, 11, 143.99
1735037120, 221, 30, 43, 0, 0, 0.17%, 7, 0, 11, 143.79
1735037126, 222, 12, 43, 0, 0, 0.17%, 7, 0, 11, 132.16
1735037131, 222, 18, 43, 0, 0, 0.17%, 7, 0, 11, 133.69
1735037136, 222, 19, 43, 0, 0, 0.17%, 7, 0, 11, 136.80
1735037141, 222, 24, 43, 0, 0, 0.17%, 7, 0, 11, 138.18
1735037146, 222, 36, 43, 0, 0, 0.17%, 7, 0, 11, 147.77
1735037151, 222, 39, 43, 0, 0, 0.17%, 7, 0, 11, 141.17
1735037162, 223, 12, 43, 0, 0, 0.17%, 7, 0, 11, 136.49
1735037167, 223, 24, 43, 0, 0, 0.17%, 7, 0, 11, 147.92
1735037172, 223, 42, 43, 0, 0, 0.17%, 7, 0, 11, 144.33
1735037177, 224, 11, 43, 0, 0, 0.17%, 7, 0, 11, 136.34
1735037182, 224, 24, 43, 0, 0, 0.17%, 7, 0, 11, 140.86
1735037187, 224, 26, 43, 0, 0, 0.17%, 7, 0, 11, 137.87
1735037192, 224, 30, 43, 0, 0, 0.17%, 7, 0, 11, 143.31
1735037197, 224, 35, 43, 0, 0, 0.17%, 7, 0, 11, 140.78
1735037208, 225, 12, 43, 0, 0, 0.17%, 7, 0, 11, 133.49
1735037213, 225, 24, 43, 0, 0, 0.17%, 7, 0, 11, 138.85
1735037218, 226, 12, 43, 0, 0, 0.17%, 7, 0, 11, 134.16
1735037223, 226, 14, 43, 0, 0, 0.17%, 7, 0, 11, 136.47
1735037228, 226, 17, 43, 0, 0, 0.17%, 7, 0, 11, 135.37
1735037233, 226, 19, 43, 0, 0, 0.17%, 7, 0, 11, 133.41
1735037239, 226, 24, 43, 0, 0, 0.17%, 7, 0, 11, 138.67
1735037244, 227, 12, 43, 0, 0, 0.17%, 7, 0, 11, 130.19
1735037249, 227, 24, 43, 0, 0, 0.17%, 7, 0, 11, 134.11
1735037254, 227, 31, 43, 0, 0, 0.17%, 7, 0, 11, 131.76
1735037259, 228, 12, 43, 0, 0, 0.17%, 7, 0, 11, 127.84
1735037264, 228, 15, 43, 0, 0, 0.17%, 7, 0, 11, 131.86
1735037270, 228, 24, 43, 0, 0, 0.17%, 7, 0, 11, 138.83
1735037275, 228, 28, 43, 0, 0, 0.17%, 7, 0, 11, 132.48
1735037280, 228, 31, 43, 0, 0, 0.17%, 7, 0, 11, 133.37
1735037285, 229, 11, 43, 0, 0, 0.17%, 7, 0, 11, 135.12
1735037290, 229, 24, 43, 0, 0, 0.17%, 7, 0, 11, 138.60
1735037295, 230, 11, 43, 0, 0, 0.17%, 7, 0, 11, 141.21
1735037300, 230, 22, 43, 0, 0, 0.17%, 7, 0, 11, 134.72
1735037306, 230, 24, 43, 0, 0, 0.17%, 7, 0, 11, 133.15
1735037311, 231, 11, 43, 0, 0, 0.17%, 7, 0, 11, 137.75
1735037316, 231, 24, 43, 0, 0, 0.17%, 7, 0, 11, 139.16
1735037321, 231, 27, 43, 0, 0, 0.17%, 7, 0, 11, 147.65
1735037326, 231, 34, 43, 0, 0, 0.17%, 7, 0, 11, 150.20
1735037336, 231, 39, 43, 0, 0, 0.17%, 7, 0, 11, 142.23
1735037342, 231, 40, 43, 0, 0, 0.17%, 7, 0, 11, 141.36
1735037352, 232, 12, 43, 0, 0, 0.17%, 7, 0, 11, 131.91
1735037357, 232, 24, 43, 0, 0, 0.17%, 7, 0, 11, 134.36
1735037362, 233, 12, 43, 0, 0, 0.17%, 7, 0, 11, 135.24
1735037367, 233, 19, 43, 0, 0, 0.17%, 7, 0, 11, 137.36
1735037372, 233, 24, 43, 0, 0, 0.17%, 7, 0, 11, 135.22
1735037378, 233, 27, 43, 0, 0, 0.17%, 7, 0, 11, 141.35
1735037383, 233, 31, 43, 0, 0, 0.17%, 7, 0, 11, 137.58
1735037388, 233, 32, 43, 0, 0, 0.17%, 7, 0, 11, 142.52
1735037393, 233, 41, 43, 0, 0, 0.17%, 7, 0, 11, 139.62
1735037398, 234, 11, 43, 0, 0, 0.17%, 7, 0, 11, 131.18
1735037403, 234, 17, 43, 0, 0, 0.17%, 7, 0, 11, 138.10
1735037409, 234, 23, 43, 0, 0, 0.17%, 7, 0, 11, 138.08
1735037414, 234, 24, 43, 0, 0, 0.17%, 7, 0, 11, 137.31
1735037419, 234, 31, 43, 0, 0, 0.17%, 7, 0, 11, 136.82
1735037424, 235, 11, 43, 0, 0, 0.17%, 7, 0, 11, 134.26
1735037429, 235, 24, 43, 0, 0, 0.17%, 7, 0, 11, 138.11
1735037434, 236, 11, 43, 0, 0, 0.17%, 7, 0, 11, 131.39
1735037440, 236, 24, 43, 0, 0, 0.17%, 7, 0, 11, 134.82
1735037445, 236, 42, 43, 0, 0, 0.17%, 7, 0, 11, 136.28
1735037455, 237, 12, 43, 0, 0, 0.17%, 7, 0, 11, 131.40
1735037460, 237, 24, 43, 0, 0, 0.17%, 7, 0, 11, 136.33
1735037465, 238, 12, 43, 0, 0, 0.17%, 7, 0, 11, 133.91
1735037470, 238, 13, 43, 0, 0, 0.17%, 7, 0, 11, 133.28
1735037476, 238, 24, 43, 0, 0, 0.17%, 7, 0, 11, 140.81
1735037481, 239, 7, 43, 0, 0, 0.17%, 7, 0, 11, 139.35
1735037486, 239, 17, 43, 0, 0, 0.17%, 7, 0, 11, 136.48
1735037491, 239, 24, 43, 0, 0, 0.17%, 7, 0, 11, 137.11
1735037496, 240, 11, 43, 0, 0, 0.17%, 7, 0, 11, 138.10
1735037501, 240, 14, 43, 0, 0, 0.17%, 7, 0, 11, 133.39
1735037512, 240, 24, 43, 0, 0, 0.17%, 7, 0, 11, 137.76
1735037517, 240, 40, 43, 0, 0, 0.17%, 7, 0, 11, 147.61
1735037522, 241, 12, 43, 0, 0, 0.17%, 7, 0, 11, 134.03
1735037527, 241, 24, 43, 0, 0, 0.17%, 7, 0, 11, 133.06
1735037532, 241, 39, 43, 0, 0, 0.17%, 7, 0, 11, 135.65
1735037542, 242, 11, 43, 0, 0, 0.17%, 7, 0, 11, 129.57
1735037548, 242, 24, 43, 0, 0, 0.17%, 7, 0, 11, 137.08
1735037553, 242, 30, 43, 0, 0, 0.17%, 7, 0, 11, 133.22
1735037558, 242, 36, 43, 0, 0, 0.17%, 7, 0, 11, 135.86
1735037568, 243, 11, 43, 0, 0, 0.17%, 7, 0, 11, 134.00
1735037573, 243, 24, 43, 0, 0, 0.17%, 7, 0, 11, 133.43
1735037578, 244, 11, 43, 0, 0, 0.17%, 7, 0, 11, 131.20
1735037583, 244, 15, 43, 0, 0, 0.17%, 7, 0, 11, 135.39
1735037589, 244, 16, 43, 0, 0, 0.17%, 7, 0, 11, 139.69
1735037594, 244, 24, 43, 0, 0, 0.17%, 7, 0, 11, 142.21
1735037599, 244, 30, 43, 0, 0, 0.17%, 7, 0, 11, 130.83
1735037604, 244, 35, 43, 0, 0, 0.17%, 7, 0, 11, 144.49
1735037615, 245, 12, 43, 0, 0, 0.17%, 7, 0, 11, 134.29
1735037620, 245, 20, 43, 0, 0, 0.17%, 7, 0, 11, 132.76
1735037625, 245, 24, 43, 0, 0, 0.17%, 7, 0, 11, 139.98
1735037630, 245, 31, 43, 0, 0, 0.17%, 7, 0, 11, 131.94
1735037635, 245, 34, 43, 0, 0, 0.17%, 7, 0, 11, 142.20
1735037640, 246, 11, 43, 0, 0, 0.17%, 7, 0, 11, 138.23
1735037645, 246, 24, 43, 0, 0, 0.17%, 7, 0, 11, 142.35
1735037651, 247, 11, 43, 0, 0, 0.17%, 7, 0, 11, 136.57
1735037656, 247, 24, 43, 0, 0, 0.17%, 7, 0, 11, 134.38
1735037661, 247, 34, 43, 0, 0, 0.17%, 7, 0, 11, 140.83
1735037671, 248, 12, 43, 0, 0, 0.17%, 7, 0, 11, 134.46
1735037676, 248, 24, 43, 0, 0, 0.17%, 7, 0, 11, 132.23
1735037681, 249, 11, 43, 0, 0, 0.17%, 7, 0, 11, 133.86
1735037686, 249, 24, 43, 0, 0, 0.17%, 7, 0, 11, 135.95
1735037692, 250, 11, 43, 0, 0, 0.17%, 7, 0, 11, 130.68
1735037697, 250, 13, 43, 0, 0, 0.17%, 7, 0, 11, 129.50
1735037702, 250, 24, 43, 0, 0, 0.17%, 7, 0, 11, 132.71
1735037707, 250, 25, 43, 0, 0, 0.17%, 7, 0, 11, 137.07
1735037712, 250, 34, 43, 0, 0, 0.17%, 7, 0, 11, 141.41
1735037723, 250, 38, 43, 0, 0, 0.17%, 7, 0, 11, 162.62
1735037728, 250, 41, 43, 0, 0, 0.17%, 7, 0, 11, 153.69
1735037738, 251, 12, 43, 0, 0, 0.17%, 7, 0, 11, 140.34
1735037743, 251, 24, 43, 0, 0, 0.17%, 7, 0, 11, 135.43
1735037748, 251, 29, 43, 0, 0, 0.17%, 7, 0, 11, 141.17
1735037754, 251, 36, 43, 0, 0, 0.17%, 7, 0, 11, 139.48
1735037764, 252, 12, 43, 0, 0, 0.17%, 7, 0, 11, 136.52
1735037769, 252, 24, 43, 0, 0, 0.17%, 7, 0, 11, 132.48
1735037774, 253, 10, 43, 0, 0, 0.17%, 7, 0, 11, 138.14
1735037779, 253, 12, 43, 0, 0, 0.17%, 7, 0, 11, 136.51
1735037785, 253, 15, 43, 0, 0, 0.17%, 7, 0, 11, 135.14
1735037790, 253, 24, 43, 0, 0, 0.17%, 7, 0, 11, 133.37
1735037795, 253, 30, 43, 0, 0, 0.17%, 7, 0, 11, 130.74
1735037800, 254, 12, 43, 0, 0, 0.17%, 7, 0, 11, 128.56
1735037805, 254, 22, 43, 0, 0, 0.17%, 7, 0, 11, 134.64
1735037810, 254, 24, 43, 0, 0, 0.17%, 7, 0, 11, 133.87
1735037816, 254, 30, 43, 0, 0, 0.17%, 7, 0, 11, 131.80
1735037821, 254, 37, 43, 0, 0, 0.17%, 7, 0, 11, 141.28
1735037826, 255, 11, 43, 0, 0, 0.17%, 7, 0, 11, 128.48
1735037831, 255, 24, 43, 0, 0, 0.17%, 7, 0, 11, 137.03
1735037836, 256, 11, 43, 0, 0, 0.17%, 7, 0, 11, 137.29
1735037841, 256, 14, 43, 0, 0, 0.17%, 7, 0, 11, 142.74
1735037846, 256, 21, 43, 0, 0, 0.17%, 7, 0, 11, 132.01
1735037851, 256, 24, 43, 0, 0, 0.17%, 7, 0, 11, 136.98
1735037857, 257, 0, 43, 0, 0, 0.17%, 7, 0, 11, 144.62
1735037862, 257, 12, 43, 0, 0, 0.17%, 7, 0, 11, 136.67
1735037867, 257, 24, 43, 0, 0, 0.17%, 7, 0, 11, 140.31
1735037872, 257, 34, 43, 0, 0, 0.17%, 7, 0, 11, 142.54
1735037877, 257, 35, 43, 0, 0, 0.17%, 7, 0, 11, 145.83
1735037888, 258, 12, 43, 0, 0, 0.17%, 7, 0, 11, 134.28
1735037893, 258, 24, 43, 0, 0, 0.17%, 7, 0, 11, 133.24
1735037898, 258, 29, 43, 0, 0, 0.17%, 7, 0, 11, 137.31
1735037903, 259, 11, 43, 0, 0, 0.17%, 7, 0, 11, 134.99
1735037908, 259, 24, 43, 0, 0, 0.17%, 7, 0, 11, 138.57
1735037913, 260, 11, 43, 0, 0, 0.17%, 7, 0, 11, 137.15
1735037918, 260, 21, 43, 0, 0, 0.17%, 7, 0, 11, 143.18
1735037924, 260, 24, 43, 0, 0, 0.17%, 7, 0, 11, 139.99
1735037929, 261, 11, 43, 0, 0, 0.17%, 7, 0, 11, 132.61
1735037934, 261, 24, 43, 0, 0, 0.17%, 7, 0, 11, 141.31
1735037939, 262, 11, 43, 0, 0, 0.17%, 7, 0, 11, 135.00
1735037944, 262, 24, 43, 0, 0, 0.17%, 7, 0, 11, 140.27
1735037949, 263, 5, 43, 0, 0, 0.17%, 7, 0, 11, 137.25
1735037954, 263, 12, 43, 0, 0, 0.17%, 7, 0, 11, 131.98
1735037960, 263, 24, 43, 0, 0, 0.17%, 7, 0, 11, 140.15
1735037965, 263, 28, 43, 0, 0, 0.17%, 7, 0, 11, 138.77
1735037970, 264, 12, 43, 0, 0, 0.17%, 7, 0, 11, 130.06
1735037975, 264, 24, 43, 0, 0, 0.17%, 7, 0, 11, 133.51
1735037980, 265, 12, 43, 0, 0, 0.17%, 7, 0, 11, 133.73
1735037985, 265, 24, 43, 0, 0, 0.17%, 7, 0, 11, 138.88
1735037990, 265, 32, 43, 0, 0, 0.17%, 7, 0, 11, 137.23
1735037996, 266, 11, 43, 0, 0, 0.17%, 7, 0, 11, 133.12
1735038001, 266, 24, 43, 0, 0, 0.17%, 7, 0, 11, 132.91
1735038006, 266, 40, 43, 0, 0, 0.17%, 7, 0, 11, 138.85
1735038016, 267, 5, 43, 0, 0, 0.17%, 7, 0, 11, 137.39
1735038021, 267, 24, 43, 0, 0, 0.17%, 7, 0, 11, 136.59
1735038026, 268, 11, 43, 0, 0, 0.17%, 7, 0, 11, 134.63
1735038032, 268, 24, 43, 0, 0, 0.17%, 7, 0, 11, 137.20
1735038037, 268, 26, 43, 0, 0, 0.17%, 7, 0, 11, 145.73
1735038042, 268, 38, 43, 0, 0, 0.17%, 7, 0, 11, 146.14
1735038052, 269, 12, 43, 0, 0, 0.17%, 7, 0, 11, 137.62
1735038057, 269, 24, 43, 0, 0, 0.17%, 7, 0, 11, 142.38
1735038062, 270, 12, 43, 0, 0, 0.17%, 7, 0, 11, 134.91
1735038067, 270, 24, 43, 0, 0, 0.17%, 7, 0, 11, 141.09
1735038073, 270, 27, 43, 0, 0, 0.17%, 7, 0, 11, 135.92
1735038078, 270, 35, 43, 0, 0, 0.17%, 7, 0, 11, 146.91
1735038083, 270, 40, 43, 0, 0, 0.17%, 7, 0, 11, 144.12
1735038093, 271, 11, 43, 0, 0, 0.17%, 7, 0, 11, 134.84
1735038098, 271, 24, 43, 0, 0, 0.17%, 7, 0, 11, 140.01
1735038103, 271, 41, 43, 0, 0, 0.17%, 7, 0, 11, 152.16
1735038113, 272, 11, 43, 0, 0, 0.17%, 7, 0, 11, 139.48
1735038118, 272, 20, 43, 0, 0, 0.17%, 7, 0, 11, 133.57
1735038123, 272, 24, 43, 0, 0, 0.17%, 7, 0, 11, 147.75
1735038128, 273, 11, 43, 0, 0, 0.17%, 7, 0, 11, 140.97
1735038134, 273, 24, 43, 0, 0, 0.17%, 7, 0, 11, 136.86
1735038144, 273, 34, 43, 0, 0, 0.17%, 7, 0, 11, 132.37
1735038149, 273, 35, 43, 0, 0, 0.17%, 7, 0, 11, 150.71
1735038159, 274, 12, 43, 0, 0, 0.17%, 7, 0, 11, 136.94
1735038164, 274, 22, 43, 0, 0, 0.17%, 7, 0, 11, 143.19
1735038170, 274, 24, 43, 0, 0, 0.17%, 7, 0, 11, 137.70
1735038175, 274, 42, 43, 0, 0, 0.17%, 7, 0, 11, 154.06
1735038180, 275, 9, 43, 0, 0, 0.17%, 7, 0, 11, 134.41
1735038185, 275, 12, 43, 0, 0, 0.17%, 7, 0, 11, 134.19
1735038190, 275, 14, 43, 0, 0, 0.17%, 7, 0, 11, 140.02
1735038195, 275, 21, 43, 0, 0, 0.17%, 7, 0, 11, 139.11
1735038200, 275, 24, 43, 0, 0, 0.17%, 7, 0, 11, 139.84
1735038205, 276, 11, 43, 0, 0, 0.17%, 7, 0, 11, 132.98
1735038211, 276, 18, 43, 0, 0, 0.17%, 7, 0, 11, 131.92
1735038216, 276, 21, 43, 0, 0, 0.17%, 7, 0, 11, 135.03
1735038221, 276, 24, 43, 0, 0, 0.17%, 7, 0, 11, 143.68
1735038226, 277, 11, 43, 0, 0, 0.17%, 7, 0, 11, 138.56
1735038231, 277, 13, 43, 0, 0, 0.17%, 7, 0, 11, 139.93
1735038236, 277, 15, 43, 0, 0, 0.17%, 7, 0, 11, 136.49
1735038241, 277, 24, 43, 0, 0, 0.17%, 7, 0, 11, 138.93
1735038252, 277, 34, 43, 0, 0, 0.17%, 7, 0, 11, 139.35
1735038257, 278, 11, 43, 0, 0, 0.17%, 7, 0, 11, 131.99
1735038262, 278, 23, 43, 0, 0, 0.17%, 7, 0, 11, 137.57
1735038267, 278, 24, 43, 0, 0, 0.17%, 7, 0, 11, 140.26
1735038272, 278, 31, 43, 0, 0, 0.17%, 7, 0, 11, 136.76
1735038277, 278, 38, 43, 0, 0, 0.17%, 7, 0, 11, 160.08
1735038288, 279, 11, 43, 0, 0, 0.17%, 7, 0, 11, 131.23
1735038293, 279, 24, 43, 0, 0, 0.17%, 7, 0, 11, 132.83
1735038298, 279, 37, 43, 0, 0, 0.17%, 7, 0, 11, 146.45
1735038308, 280, 24, 43, 0, 0, 0.17%, 7, 0, 11, 137.51
1735038313, 281, 11, 43, 0, 0, 0.17%, 7, 0, 11, 141.58
1735038318, 281, 12, 43, 0, 0, 0.17%, 7, 0, 11, 130.17
1735038323, 281, 14, 43, 0, 0, 0.17%, 7, 0, 11, 138.78
1735038328, 281, 24, 43, 0, 0, 0.17%, 7, 0, 11, 137.26
1735038334, 281, 37, 43, 0, 0, 0.17%, 7, 0, 11, 142.43
1735038339, 282, 11, 43, 0, 0, 0.17%, 7, 0, 11, 130.71
1735038344, 282, 14, 43, 0, 0, 0.17%, 7, 0, 11, 134.87
1735038349, 282, 22, 43, 0, 0, 0.17%, 7, 0, 11, 130.54
1735038354, 282, 24, 43, 0, 0, 0.17%, 7, 0, 11, 138.77
1735038359, 282, 25, 43, 0, 0, 0.17%, 7, 0, 11, 141.45
1735038364, 283, 11, 43, 0, 0, 0.17%, 7, 0, 11, 134.61
1735038370, 283, 21, 43, 0, 0, 0.17%, 7, 0, 11, 133.65
1735038375, 283, 24, 43, 0, 0, 0.17%, 7, 0, 11, 144.52
1735038380, 284, 12, 43, 0, 0, 0.17%, 7, 0, 11, 132.56
1735038385, 284, 24, 43, 0, 0, 0.17%, 7, 0, 11, 132.68
1735038390, 285, 11, 43, 0, 0, 0.17%, 7, 0, 11, 135.95
1735038395, 285, 24, 43, 0, 0, 0.17%, 7, 0, 11, 135.22
1735038400, 286, 11, 43, 0, 0, 0.17%, 7, 0, 11, 138.77
1735038406, 286, 24, 43, 0, 0, 0.17%, 7, 0, 11, 139.57
1735038411, 286, 31, 43, 0, 0, 0.17%, 7, 0, 11, 136.94
1735038421, 287, 24, 43, 0, 0, 0.17%, 7, 0, 11, 139.82
1735038431, 287, 37, 43, 0, 0, 0.17%, 7, 0, 11, 139.65
1735038436, 288, 11, 43, 0, 0, 0.17%, 7, 0, 11, 135.92
1735038442, 288, 22, 43, 0, 0, 0.17%, 7, 0, 11, 136.87
1735038447, 288, 24, 43, 0, 0, 0.17%, 7, 0, 11, 136.04
1735038452, 288, 33, 43, 0, 0, 0.17%, 7, 0, 11, 141.99
1735038457, 288, 38, 43, 0, 0, 0.17%, 7, 0, 11, 142.95
1735038467, 288, 41, 43, 0, 0, 0.17%, 7, 0, 11, 154.64
1735038472, 289, 11, 43, 0, 0, 0.17%, 7, 0, 11, 138.85
1735038478, 289, 15, 43, 0, 0, 0.17%, 7, 0, 11, 137.85
1735038483, 289, 24, 43, 0, 0, 0.17%, 7, 0, 11, 141.30
1735038488, 290, 4, 43, 0, 0, 0.17%, 7, 0, 11, 144.24
1735038493, 290, 12, 43, 0, 0, 0.17%, 7, 0, 11, 136.68
1735038498, 290, 24, 43, 0, 0, 0.17%, 7, 0, 11, 140.24
1735038503, 290, 25, 43, 0, 0, 0.17%, 7, 0, 11, 139.69
1735038509, 290, 31, 43, 0, 0, 0.17%, 7, 0, 11, 137.04
1735038514, 291, 11, 43, 0, 0, 0.17%, 7, 0, 11, 134.94
1735038519, 291, 16, 43, 0, 0, 0.17%, 7, 0, 11, 137.23
1735038524, 291, 24, 43, 0, 0, 0.17%, 7, 0, 11, 140.90
1735038529, 292, 11, 43, 0, 0, 0.17%, 7, 0, 11, 129.85
1735038534, 292, 16, 43, 0, 0, 0.17%, 7, 0, 11, 134.34
1735038539, 292, 20, 43, 0, 0, 0.17%, 7, 0, 11, 135.09
1735038544, 292, 21, 43, 0, 0, 0.17%, 7, 0, 11, 140.48
1735038550, 292, 24, 43, 0, 0, 0.17%, 7, 0, 11, 138.91
1735038555, 293, 11, 43, 0, 0, 0.17%, 7, 0, 11, 132.01
1735038560, 293, 24, 43, 0, 0, 0.17%, 7, 0, 11, 139.99
1735038565, 294, 11, 43, 0, 0, 0.17%, 7, 0, 11, 131.13
1735038570, 294, 18, 43, 0, 0, 0.17%, 7, 0, 11, 130.98
1735038575, 294, 24, 43, 0, 0, 0.17%, 7, 0, 11, 135.75
1735038580, 294, 26, 43, 0, 0, 0.17%, 7, 0, 11, 143.78
1735038586, 294, 29, 43, 0, 0, 0.17%, 7, 0, 11, 138.95
1735038591, 295, 10, 43, 0, 0, 0.17%, 7, 0, 11, 135.34
1735038596, 295, 12, 43, 0, 0, 0.17%, 7, 0, 11, 134.72
1735038601, 295, 24, 43, 0, 0, 0.17%, 7, 0, 11, 132.30
1735038606, 295, 29, 43, 0, 0, 0.17%, 7, 0, 11, 139.41
1735038611, 296, 11, 43, 0, 0, 0.17%, 7, 0, 11, 132.52
1735038616, 296, 19, 43, 0, 0, 0.17%, 7, 0, 11, 136.10
1735038622, 296, 24, 43, 0, 0, 0.17%, 7, 0, 11, 136.08
1735038627, 297, 11, 43, 0, 0, 0.17%, 7, 0, 11, 136.06
1735038632, 297, 24, 43, 0, 0, 0.17%, 7, 0, 11, 135.76
1735038637, 297, 29, 43, 0, 0, 0.17%, 7, 0, 11, 138.48
1735038642, 297, 36, 43, 0, 0, 0.17%, 7, 0, 11, 138.43
1735038652, 297, 40, 43, 0, 0, 0.17%, 7, 0, 11, 138.30
1735038662, 298, 11, 43, 0, 0, 0.17%, 7, 0, 11, 136.39
1735038668, 298, 22, 43, 0, 0, 0.17%, 7, 0, 11, 130.60
1735038673, 298, 24, 43, 0, 0, 0.17%, 7, 0, 11, 135.23
1735038678, 298, 29, 43, 0, 0, 0.17%, 7, 0, 11, 137.33
1735038683, 298, 41, 43, 0, 0, 0.17%, 7, 0, 11, 137.99
1735038693, 299, 12, 43, 0, 0, 0.17%, 7, 0, 11, 132.20
1735038698, 299, 17, 43, 0, 0, 0.17%, 7, 0, 11, 137.41
1735038703, 299, 24, 43, 0, 0, 0.17%, 7, 0, 11, 134.90
1735038709, 299, 36, 43, 0, 0, 0.17%, 7, 0, 11, 150.58
1735038714, 300, 11, 43, 0, 0, 0.17%, 7, 0, 11, 133.27
1735038719, 300, 22, 43, 0, 0, 0.17%, 7, 0, 11, 128.46
1735038724, 300, 24, 43, 0, 0, 0.17%, 7, 0, 11, 135.56
1735038729, 300, 25, 43, 0, 0, 0.17%, 7, 0, 11, 127.95
1735038739, 301, 15, 43, 0, 0, 0.17%, 7, 0, 11, 134.35
1735038745, 301, 22, 43, 0, 0, 0.17%, 7, 0, 11, 138.32
1735038750, 301, 24, 43, 0, 0, 0.17%, 7, 0, 11, 138.06
1735038755, 302, 1, 43, 0, 0, 0.17%, 7, 0, 11, 142.29
1735038760, 302, 11, 43, 0, 0, 0.17%, 7, 0, 11, 133.49
1735038765, 302, 24, 43, 0, 0, 0.17%, 7, 0, 11, 136.95
1735038770, 302, 29, 43, 0, 0, 0.17%, 7, 0, 11, 143.23
1735038776, 303, 3, 43, 0, 0, 0.17%, 7, 0, 11, 129.72
1735038781, 303, 11, 43, 0, 0, 0.17%, 7, 0, 11, 129.67
1735038786, 303, 15, 43, 0, 0, 0.17%, 7, 0, 11, 130.88
1735038791, 303, 24, 43, 0, 0, 0.17%, 7, 0, 11, 136.23
1735038796, 303, 36, 43, 0, 0, 0.17%, 7, 0, 11, 150.59
1735038807, 303, 41, 43, 0, 0, 0.17%, 7, 0, 11, 146.64
1735038812, 304, 11, 43, 0, 0, 0.17%, 7, 0, 11, 137.09
1735038817, 304, 15, 43, 0, 0, 0.17%, 7, 0, 11, 134.58
1735038822, 304, 22, 43, 0, 0, 0.17%, 7, 0, 11, 133.90
1735038827, 304, 23, 43, 0, 0, 0.17%, 7, 0, 11, 134.80
1735038832, 304, 24, 43, 0, 0, 0.17%, 7, 0, 11, 132.64
1735038838, 304, 37, 43, 0, 0, 0.17%, 7, 0, 11, 137.30
1735038848, 305, 12, 43, 0, 0, 0.17%, 7, 0, 11, 133.02
1735038853, 305, 13, 43, 0, 0, 0.17%, 7, 0, 11, 130.24
1735038858, 305, 15, 43, 0, 0, 0.17%, 7, 0, 11, 137.08
1735038863, 305, 19, 43, 0, 0, 0.17%, 7, 0, 11, 138.06
1735038868, 305, 24, 43, 0, 0, 0.17%, 7, 0, 11, 139.30
1735038874, 305, 28, 43, 0, 0, 0.17%, 7, 0, 11, 134.74
1735038879, 306, 11, 43, 0, 0, 0.17%, 7, 0, 11, 135.32
1735038884, 306, 24, 43, 0, 0, 0.17%, 7, 0, 11, 133.37
1735038889, 307, 11, 43, 0, 0, 0.17%, 7, 0, 11, 131.87
1735038894, 307, 24, 43, 0, 0, 0.17%, 7, 0, 11, 130.75
1735038900, 307, 27, 43, 0, 0, 0.17%, 7, 0, 11, 141.06
1735038905, 308, 11, 43, 0, 0, 0.17%, 7, 0, 11, 135.61
1735038910, 308, 24, 43, 0, 0, 0.17%, 7, 0, 11, 139.20
1735038915, 309, 11, 43, 0, 0, 0.17%, 7, 0, 11, 143.66
1735038920, 309, 24, 43, 0, 0, 0.17%, 7, 0, 11, 137.71
1735038925, 309, 27, 43, 0, 0, 0.17%, 7, 0, 11, 145.58
1735038930, 310, 10, 43, 0, 0, 0.17%, 7, 0, 11, 141.25
1735038936, 310, 12, 43, 0, 0, 0.17%, 7, 0, 11, 138.87
1735038941, 310, 24, 43, 0, 0, 0.17%, 7, 0, 11, 135.34
1735038946, 310, 40, 43, 0, 0, 0.17%, 7, 0, 11, 149.32
1735038951, 311, 6, 43, 0, 0, 0.17%, 7, 0, 11, 134.08
1735038956, 311, 12, 43, 0, 0, 0.17%, 7, 0, 11, 128.98
1735038961, 311, 24, 43, 0, 0, 0.17%, 7, 0, 11, 133.65
1735038966, 311, 29, 43, 0, 0, 0.17%, 7, 0, 11, 133.64
1735038971, 312, 11, 43, 0, 0, 0.17%, 7, 0, 11, 135.84
1735038977, 312, 24, 43, 0, 0, 0.17%, 7, 0, 11, 140.95
1735038982, 312, 30, 43, 0, 0, 0.17%, 7, 0, 11, 137.77
1735038987, 313, 11, 43, 0, 0, 0.17%, 7, 0, 11, 131.17
1735038992, 313, 24, 43, 0, 0, 0.17%, 7, 0, 11, 138.25
1735038997, 313, 33, 43, 0, 0, 0.17%, 7, 0, 11, 132.88
1735039002, 313, 35, 43, 0, 0, 0.17%, 7, 0, 11, 136.03
1735039013, 314, 12, 43, 0, 0, 0.17%, 7, 0, 11, 132.74
1735039018, 314, 24, 43, 0, 0, 0.17%, 7, 0, 11, 132.92
1735039023, 315, 12, 43, 0, 0, 0.17%, 7, 0, 11, 133.84
1735039028, 315, 24, 43, 0, 0, 0.17%, 7, 0, 11, 134.53
1735039033, 315, 26, 43, 0, 0, 0.17%, 7, 0, 11, 145.33
1735039038, 315, 38, 43, 0, 0, 0.17%, 7, 0, 11, 158.39
1735039044, 316, 7, 43, 0, 0, 0.17%, 7, 0, 11, 130.79
1735039049, 316, 12, 43, 0, 0, 0.17%, 7, 0, 11, 133.53
1735039054, 316, 16, 43, 0, 0, 0.17%, 7, 0, 11, 133.04
1735039059, 316, 20, 43, 0, 0, 0.17%, 7, 0, 11, 134.10
1735039064, 316, 24, 43, 0, 0, 0.17%, 7, 0, 11, 139.59
1735039070, 316, 29, 43, 0, 0, 0.17%, 7, 0, 11, 138.75
1735039075, 317, 12, 43, 0, 0, 0.17%, 7, 0, 11, 134.60
1735039080, 317, 24, 43, 0, 0, 0.17%, 7, 0, 11, 136.03
1735039085, 317, 29, 43, 0, 0, 0.17%, 7, 0, 11, 142.48
1735039090, 318, 11, 43, 0, 0, 0.17%, 7, 0, 11, 130.54
1735039095, 318, 24, 43, 0, 0, 0.17%, 7, 0, 11, 135.90
1735039100, 318, 33, 43, 0, 0, 0.17%, 7, 0, 11, 138.21
1735039105, 319, 4, 43, 0, 0, 0.17%, 7, 0, 11, 137.33
1735039111, 319, 12, 43, 0, 0, 0.17%, 7, 0, 11, 135.38
1735039116, 319, 24, 43, 0, 0, 0.17%, 7, 0, 11, 138.88
1735039121, 320, 11, 43, 0, 0, 0.17%, 7, 0, 11, 128.71
1735039126, 320, 24, 43, 0, 0, 0.17%, 7, 0, 11, 135.50
1735039131, 320, 39, 43, 0, 0, 0.17%, 7, 0, 11, 133.76
1735039141, 320, 40, 43, 0, 0, 0.17%, 7, 0, 11, 138.82
1735039147, 321, 3, 43, 0, 0, 0.17%, 7, 0, 11, 143.22
1735039152, 321, 11, 43, 0, 0, 0.17%, 7, 0, 11, 136.55
1735039157, 321, 21, 43, 0, 0, 0.17%, 7, 0, 11, 136.14
1735039162, 321, 24, 43, 0, 0, 0.17%, 7, 0, 11, 141.54
1735039167, 321, 33, 43, 0, 0, 0.17%, 7, 0, 11, 137.88
1735039172, 322, 11, 43, 0, 0, 0.17%, 7, 0, 11, 135.53
1735039177, 322, 14, 43, 0, 0, 0.17%, 7, 0, 11, 130.24
1735039183, 322, 24, 43, 0, 0, 0.17%, 7, 0, 11, 141.59
1735039188, 322, 33, 43, 0, 0, 0.17%, 7, 0, 11, 141.39
1735039193, 322, 35, 43, 0, 0, 0.17%, 7, 0, 11, 147.12
1735039203, 323, 12, 43, 0, 0, 0.17%, 7, 0, 11, 136.25
1735039208, 323, 17, 43, 0, 0, 0.17%, 7, 0, 11, 134.93
1735039213, 323, 24, 43, 0, 0, 0.17%, 7, 0, 11, 140.13
1735039219, 323, 39, 43, 0, 0, 0.17%, 7, 0, 11, 137.61
1735039224, 324, 3, 43, 0, 0, 0.17%, 7, 0, 11, 145.05
1735039229, 324, 12, 43, 0, 0, 0.17%, 7, 0, 11, 134.25
1735039234, 324, 14, 43, 0, 0, 0.17%, 7, 0, 11, 136.91
1735039239, 324, 16, 43, 0, 0, 0.17%, 7, 0, 11, 135.47
1735039245, 324, 24, 43, 0, 0, 0.17%, 7, 0, 11, 131.76
1735039250, 324, 35, 43, 0, 0, 0.17%, 7, 0, 11, 148.14
1735039255, 325, 8, 43, 0, 0, 0.17%, 7, 0, 11, 135.66
1735039260, 325, 12, 43, 0, 0, 0.17%, 7, 0, 11, 135.29
1735039265, 325, 24, 43, 0, 0, 0.17%, 7, 0, 11, 132.71
1735039270, 325, 34, 43, 0, 0, 0.17%, 7, 0, 11, 132.96
1735039276, 326, 11, 43, 0, 0, 0.17%, 7, 0, 11, 138.47
1735039281, 326, 16, 43, 0, 0, 0.17%, 7, 0, 11, 133.92
1735039286, 326, 24, 43, 0, 0, 0.17%, 7, 0, 11, 140.30
1735039291, 326, 33, 43, 0, 0, 0.17%, 7, 0, 11, 136.38
1735039296, 327, 3, 43, 0, 0, 0.17%, 7, 0, 11, 129.90
1735039301, 327, 12, 43, 0, 0, 0.17%, 7, 0, 11, 129.05
1735039307, 327, 24, 43, 0, 0, 0.17%, 7, 0, 11, 131.73
1735039312, 327, 32, 43, 0, 0, 0.17%, 7, 0, 11, 136.94
1735039317, 328, 12, 43, 0, 0, 0.17%, 7, 0, 11, 127.79
1735039322, 328, 24, 43, 0, 0, 0.17%, 7, 0, 11, 132.29
1735039327, 328, 41, 43, 0, 0, 0.17%, 7, 0, 11, 149.41
1735039332, 329, 3, 43, 0, 0, 0.17%, 7, 0, 11, 139.36
1735039338, 329, 11, 43, 0, 0, 0.17%, 7, 0, 11, 137.92
1735039343, 329, 24, 43, 0, 0, 0.17%, 7, 0, 11, 129.96
1735039348, 330, 2, 43, 0, 0, 0.17%, 7, 0, 11, 126.77
1735039353, 330, 12, 43, 0, 0, 0.17%, 7, 0, 11, 130.91
1735039358, 330, 22, 43, 0, 0, 0.17%, 7, 0, 11, 134.05
1735039363, 330, 24, 43, 0, 0, 0.17%, 7, 0, 11, 143.59
1735039369, 330, 32, 43, 0, 0, 0.17%, 7, 0, 11, 137.38
1735039374, 331, 12, 43, 0, 0, 0.17%, 7, 0, 11, 132.13
1735039379, 331, 20, 43, 0, 0, 0.17%, 7, 0, 11, 139.44
1735039384, 331, 24, 43, 0, 0, 0.17%, 7, 0, 11, 133.14
1735039389, 331, 39, 43, 0, 0, 0.17%, 7, 0, 11, 132.94
1735039394, 332, 8, 43, 0, 0, 0.17%, 7, 0, 11, 140.53
1735039400, 332, 12, 43, 0, 0, 0.17%, 7, 0, 11, 131.60
1735039405, 332, 24, 43, 0, 0, 0.17%, 7, 0, 11, 131.14
1735039410, 332, 39, 43, 0, 0, 0.17%, 7, 0, 11, 134.41
1735039415, 333, 11, 43, 0, 0, 0.17%, 7, 0, 11, 134.53
1735039420, 333, 24, 43, 0, 0, 0.17%, 7, 0, 11, 134.27
1735039425, 333, 41, 43, 0, 0, 0.17%, 7, 0, 11, 137.60
1735039435, 334, 12, 43, 0, 0, 0.17%, 7, 0, 11, 135.87
1735039441, 334, 14, 43, 0, 0, 0.17%, 7, 0, 11, 134.89
1735039446, 334, 15, 43, 0, 0, 0.17%, 7, 0, 11, 133.57
1735039451, 334, 23, 43, 0, 0, 0.17%, 7, 0, 11, 135.59
1735039456, 334, 24, 43, 0, 0, 0.17%, 7, 0, 11, 137.20
1735039461, 334, 29, 43, 0, 0, 0.17%, 7, 0, 11, 142.80
1735039466, 335, 10, 43, 0, 0, 0.17%, 7, 0, 11, 140.80
1735039471, 335, 12, 43, 0, 0, 0.17%, 7, 0, 11, 135.06
1735039477, 335, 13, 43, 0, 0, 0.17%, 7, 0, 11, 134.35
1735039482, 335, 24, 43, 0, 0, 0.17%, 7, 0, 11, 135.95
1735039487, 335, 35, 43, 0, 0, 0.17%, 7, 0, 11, 132.61
1735039492, 336, 11, 43, 0, 0, 0.17%, 7, 0, 11, 125.92
1735039497, 336, 24, 43, 0, 0, 0.17%, 7, 0, 11, 134.11
1735039503, 337, 11, 43, 0, 0, 0.17%, 7, 0, 11, 131.59
1735039508, 337, 19, 43, 0, 0, 0.17%, 7, 0, 11, 136.47
1735039513, 337, 24, 43, 0, 0, 0.17%, 7, 0, 11, 135.41
1735039518, 337, 25, 43, 0, 0, 0.17%, 7, 0, 11, 134.34
1735039523, 337, 35, 43, 0, 0, 0.17%, 7, 0, 11, 134.08
1735039533, 338, 12, 43, 0, 0, 0.17%, 7, 0, 11, 133.54
1735039538, 338, 18, 43, 0, 0, 0.17%, 7, 0, 11, 130.27
1735039544, 338, 24, 43, 0, 0, 0.17%, 7, 0, 11, 141.54
1735039549, 339, 11, 43, 0, 0, 0.17%, 7, 0, 11, 134.22
1735039554, 339, 24, 43, 0, 0, 0.17%, 7, 0, 11, 133.81
1735039559, 340, 11, 43, 0, 0, 0.17%, 7, 0, 11, 135.53
1735039564, 340, 16, 43, 0, 0, 0.17%, 7, 0, 11, 137.47
1735039569, 340, 24, 43, 0, 0, 0.17%, 7, 0, 11, 135.95
1735039574, 340, 39, 43, 0, 0, 0.17%, 7, 0, 11, 142.32
1735039585, 341, 11, 43, 0, 0, 0.17%, 7, 0, 11, 138.57
1735039590, 341, 24, 43, 0, 0, 0.17%, 7, 0, 11, 138.97
1735039595, 341, 27, 43, 0, 0, 0.17%, 7, 0, 11, 152.13
1735039600, 342, 10, 43, 0, 0, 0.17%, 7, 0, 11, 137.35
1735039605, 342, 12, 43, 0, 0, 0.17%, 7, 0, 11, 130.44
1735039611, 342, 24, 43, 0, 0, 0.17%, 7, 0, 11, 141.22
1735039616, 342, 28, 43, 0, 0, 0.17%, 7, 0, 11, 145.74
1735039621, 342, 31, 43, 0, 0, 0.17%, 7, 0, 11, 145.54
1735039626, 343, 11, 43, 0, 0, 0.17%, 7, 0, 11, 129.14
1735039631, 343, 24, 43, 0, 0, 0.17%, 7, 0, 11, 133.25
1735039636, 343, 32, 43, 0, 0, 0.17%, 7, 0, 11, 142.90
1735039641, 344, 11, 43, 0, 0, 0.17%, 7, 0, 11, 138.18
1735039646, 344, 21, 43, 0, 0, 0.17%, 7, 0, 11, 141.76
1735039651, 344, 24, 43, 0, 0, 0.17%, 7, 0, 11, 140.78
1735039657, 345, 11, 43, 0, 0, 0.17%, 7, 0, 11, 131.20
1735039662, 345, 24, 43, 0, 0, 0.17%, 7, 0, 11, 134.49
1735039667, 346, 11, 43, 0, 0, 0.17%, 7, 0, 11, 143.70
1735039672, 346, 24, 43, 0, 0, 0.17%, 7, 0, 11, 140.69
1735039677, 346, 31, 43, 0, 0, 0.17%, 7, 0, 11, 139.64
1735039682, 347, 3, 43, 0, 0, 0.17%, 7, 0, 11, 136.92
1735039688, 347, 11, 43, 0, 0, 0.17%, 7, 0, 11, 132.67
1735039693, 347, 24, 43, 0, 0, 0.17%, 7, 0, 11, 140.17
1735039698, 347, 31, 43, 0, 0, 0.17%, 7, 0, 11, 141.45
1735039703, 347, 32, 43, 0, 0, 0.17%, 7, 0, 11, 140.48
1735039708, 348, 11, 43, 0, 0, 0.17%, 7, 0, 11, 133.91
1735039713, 348, 24, 43, 0, 0, 0.17%, 7, 0, 11, 138.27
1735039718, 348, 30, 43, 0, 0, 0.17%, 7, 0, 11, 136.69
1735039724, 348, 31, 43, 0, 0, 0.17%, 7, 0, 11, 134.57
1735039729, 348, 40, 43, 0, 0, 0.17%, 7, 0, 11, 137.28
1735039739, 348, 41, 43, 0, 0, 0.17%, 7, 0, 11, 148.18
1735039744, 349, 11, 43, 0, 0, 0.17%, 7, 0, 11, 133.74
1735039749, 349, 24, 43, 0, 0, 0.17%, 7, 0, 11, 132.90
1735039754, 349, 32, 43, 0, 0, 0.17%, 7, 0, 11, 134.95
1735039760, 349, 39, 43, 0, 0, 0.17%, 7, 0, 11, 144.49
1735039770, 349, 40, 43, 0, 0, 0.17%, 7, 0, 11, 145.05
1735039780, 350, 11, 43, 0, 0, 0.17%, 7, 0, 11, 127.22
1735039785, 350, 19, 43, 0, 0, 0.17%, 7, 0, 11, 133.21
1735039790, 350, 24, 43, 0, 0, 0.17%, 7, 0, 11, 138.01
1735039796, 350, 32, 43, 0, 0, 0.17%, 7, 0, 11, 135.16
1735039801, 351, 5, 43, 0, 0, 0.17%, 7, 0, 11, 131.53
1735039806, 351, 12, 43, 0, 0, 0.17%, 7, 0, 11, 130.82
1735039811, 351, 24, 43, 0, 0, 0.17%, 7, 0, 11, 142.65
1735039816, 352, 12, 43, 0, 0, 0.17%, 7, 0, 11, 136.71
1735039821, 352, 24, 43, 0, 0, 0.17%, 7, 0, 11, 141.67
1735039826, 352, 28, 43, 0, 0, 0.17%, 7, 0, 11, 131.97
1735039832, 352, 33, 43, 0, 0, 0.17%, 7, 0, 11, 134.26
1735039837, 353, 12, 43, 0, 0, 0.17%, 7, 0, 11, 132.24
1735039842, 353, 22, 43, 0, 0, 0.17%, 7, 0, 11, 136.94
1735039847, 353, 24, 43, 0, 0, 0.17%, 7, 0, 11, 139.17
1735039852, 353, 26, 43, 0, 0, 0.17%, 7, 0, 11, 136.10
1735039857, 353, 34, 43, 0, 0, 0.17%, 7, 0, 11, 145.18
1735039863, 354, 11, 43, 0, 0, 0.17%, 7, 0, 11, 129.25
1735039868, 354, 18, 43, 0, 0, 0.17%, 7, 0, 11, 130.79
1735039873, 354, 24, 43, 0, 0, 0.17%, 7, 0, 11, 136.76
1735039878, 354, 27, 43, 0, 0, 0.17%, 7, 0, 11, 143.32
1735039883, 355, 1, 43, 0, 0, 0.17%, 7, 0, 11, 136.23
1735039888, 355, 12, 43, 0, 0, 0.17%, 7, 0, 11, 133.63
1735039893, 355, 24, 43, 0, 0, 0.17%, 7, 0, 11, 135.91
1735039898, 355, 29, 43, 0, 0, 0.17%, 7, 0, 11, 133.64
1735039904, 356, 12, 43, 0, 0, 0.17%, 7, 0, 11, 131.88
1735039909, 356, 22, 43, 0, 0, 0.17%, 7, 0, 11, 130.83
1735039914, 356, 24, 43, 0, 0, 0.17%, 7, 0, 11, 131.67
1735039919, 356, 35, 43, 0, 0, 0.17%, 7, 0, 11, 150.32
1735039924, 357, 11, 43, 0, 0, 0.17%, 7, 0, 11, 134.44
1735039929, 357, 24, 43, 0, 0, 0.17%, 7, 0, 11, 133.92
1735039940, 357, 26, 43, 0, 0, 0.17%, 7, 0, 11, 135.86
1735039945, 358, 12, 43, 0, 0, 0.17%, 7, 0, 11, 129.62
1735039950, 358, 16, 43, 0, 0, 0.17%, 7, 0, 11, 140.55
1735039955, 358, 24, 43, 0, 0, 0.17%, 7, 0, 11, 141.36
1735039961, 358, 30, 43, 0, 0, 0.17%, 7, 0, 11, 139.74
1735039966, 359, 12, 43, 0, 0, 0.17%, 7, 0, 11, 134.38
1735039971, 359, 24, 43, 0, 0, 0.17%, 7, 0, 11, 135.44
1735039976, 359, 34, 43, 0, 0, 0.17%, 7, 0, 11, 150.50
1735039981, 359, 41, 43, 0, 0, 0.17%, 7, 0, 11, 153.05
1735039986, 360, 11, 43, 0, 0, 0.17%, 7, 0, 11, 146.39
1735039992, 360, 17, 43, 0, 0, 0.17%, 7, 0, 11, 139.50
1735040002, 360, 24, 43, 0, 0, 0.17%, 7, 0, 11, 139.71
1735040007, 360, 30, 43, 0, 0, 0.17%, 7, 0, 11, 134.66
1735040012, 361, 12, 43, 0, 0, 0.17%, 7, 0, 11, 136.13
1735040017, 361, 22, 43, 0, 0, 0.17%, 7, 0, 11, 137.30
1735040023, 361, 24, 43, 0, 0, 0.17%, 7, 0, 11, 130.73
1735040028, 361, 39, 43, 0, 0, 0.17%, 7, 0, 11, 136.67
1735040033, 362, 11, 43, 0, 0, 0.17%, 7, 0, 11, 137.32
1735040038, 362, 15, 43, 0, 0, 0.17%, 7, 0, 11, 134.58
1735040043, 362, 16, 43, 0, 0, 0.17%, 7, 0, 11, 135.16
1735040048, 362, 21, 43, 0, 0, 0.17%, 7, 0, 11, 134.91
1735040053, 362, 24, 43, 0, 0, 0.17%, 7, 0, 11, 138.45
1735040059, 362, 27, 43, 0, 0, 0.17%, 7, 0, 11, 140.39
1735040064, 362, 33, 43, 0, 0, 0.17%, 7, 0, 11, 137.23
1735040069, 362, 36, 43, 0, 0, 0.17%, 7, 0, 11, 141.77
1735040079, 363, 11, 43, 0, 0, 0.17%, 7, 0, 11, 130.51
