# unix_time, cycles_done, cur_path, paths_total, pending_total, pending_favs, map_size, unique_crashes, unique_hangs, max_depth, execs_per_sec
1735643966, 0, 0, 10, 10, 1, 0.01%, 0, 0, 1, 84.48
1735643971, 0, 3, 10, 10, 1, 0.01%, 0, 0, 1, 103.76
1735643976, 0, 4, 10, 9, 0, 0.01%, 0, 0, 1, 100.00
1735643986, 0, 5, 10, 8, 0, 0.01%, 0, 0, 1, 102.89
1735643996, 0, 6, 10, 7, 0, 0.01%, 0, 0, 1, 101.81
1735644007, 0, 7, 10, 6, 0, 0.01%, 0, 0, 1, 101.78
1735644017, 0, 8, 10, 5, 0, 0.01%, 0, 0, 1, 98.74
1735644027, 0, 9, 10, 4, 0, 0.01%, 0, 0, 1, 96.76
1735644037, 1, 0, 10, 3, 0, 0.01%, 0, 0, 1, 95.24
1735644052, 1, 1, 10, 2, 0, 0.01%, 0, 0, 1, 108.62
1735644063, 1, 2, 10, 1, 0, 0.01%, 0, 0, 1, 92.75
1735644073, 1, 3, 10, 0, 0, 0.01%, 0, 0, 1, 105.36
1735644078, 1, 4, 10, 0, 0, 0.01%, 0, 0, 1, 104.96
1735644083, 1, 6, 10, 0, 0, 0.01%, 0, 0, 1, 101.41
1735644088, 1, 7, 10, 0, 0, 0.01%, 0, 0, 1, 104.09
1735644093, 1, 8, 10, 0, 0, 0.01%, 0, 0, 1, 102.89
1735644098, 2, 0, 10, 0, 0, 0.01%, 0, 0, 1, 102.66
1735644104, 2, 1, 10, 0, 0, 0.01%, 0, 0, 1, 103.43
1735644109, 2, 3, 10, 0, 0, 0.01%, 0, 0, 1, 106.33
1735644114, 2, 4, 10, 0, 0, 0.01%, 0, 0, 1, 103.50
1735644119, 2, 6, 10, 0, 0, 0.01%, 0, 0, 1, 103.72
1735644124, 2, 7, 10, 0, 0, 0.01%, 0, 0, 1, 104.50
1735644129, 2, 9, 10, 0, 0, 0.01%, 0, 0, 1, 102.51
1735644134, 3, 0, 10, 0, 0, 0.01%, 0, 0, 1, 104.25
1735644139, 3, 1, 10, 0, 0, 0.01%, 0, 0, 1, 104.62
1735644144, 3, 3, 10, 0, 0, 0.01%, 0, 0, 1, 103.46
1735644149, 3, 4, 10, 0, 0, 0.01%, 0, 0, 1, 104.72
1735644154, 3, 6, 10, 0, 0, 0.01%, 0, 0, 1, 104.74
1735644159, 3, 7, 10, 0, 0, 0.01%, 0, 0, 1, 100.45
1735644164, 3, 8, 10, 0, 0, 0.01%, 0, 0, 1, 103.14
1735644169, 4, 0, 10, 0, 0, 0.01%, 0, 0, 1, 104.79
1735644175, 4, 1, 10, 0, 0, 0.01%, 0, 0, 1, 102.82
1735644180, 4, 3, 10, 0, 0, 0.01%, 0, 0, 1, 101.58
1735644185, 4, 4, 10, 0, 0, 0.01%, 0, 0, 1, 102.66
1735644190, 4, 6, 10, 0, 0, 0.01%, 0, 0, 1, 101.87
1735644195, 4, 7, 10, 0, 0, 0.01%, 0, 0, 1, 102.77
1735644200, 4, 8, 10, 0, 0, 0.01%, 0, 0, 1, 102.12
1735644205, 5, 0, 10, 0, 0, 0.01%, 0, 0, 1, 102.48
1735644210, 5, 1, 10, 0, 0, 0.01%, 0, 0, 1, 104.14
1735644215, 5, 3, 10, 0, 0, 0.01%, 0, 0, 1, 101.54
1735644220, 5, 4, 10, 0, 0, 0.01%, 0, 0, 1, 104.50
1735644225, 5, 6, 10, 0, 0, 0.01%, 0, 0, 1, 102.46
1735644230, 5, 7, 10, 0, 0, 0.01%, 0, 0, 1, 101.79
1735644235, 5, 8, 10, 0, 0, 0.01%, 0, 0, 1, 102.99
1735644240, 6, 0, 10, 0, 0, 0.01%, 0, 0, 1, 100.50
1735644246, 6, 1, 10, 0, 0, 0.01%, 0, 0, 1, 102.18
1735644251, 6, 3, 10, 0, 0, 0.01%, 0, 0, 1, 99.85
1735644256, 6, 4, 10, 0, 0, 0.01%, 0, 0, 1, 101.44
1735644261, 6, 5, 10, 0, 0, 0.01%, 0, 0, 1, 100.88
1735644266, 6, 7, 10, 0, 0, 0.01%, 0, 0, 1, 101.82
1735644271, 6, 8, 10, 0, 0, 0.01%, 0, 0, 1, 102.85
1735644276, 7, 0, 10, 0, 0, 0.01%, 0, 0, 1, 103.68
1735644282, 7, 1, 10, 0, 0, 0.01%, 0, 0, 1, 104.01
1735644287, 7, 3, 10, 0, 0, 0.01%, 0, 0, 1, 103.21
1735644292, 7, 4, 10, 0, 0, 0.01%, 0, 0, 1, 103.09
1735644297, 7, 6, 10, 0, 0, 0.01%, 0, 0, 1, 99.48
1735644302, 7, 7, 10, 0, 0, 0.01%, 0, 0, 1, 102.61
1735644307, 7, 8, 10, 0, 0, 0.01%, 0, 0, 1, 105.35
1735644313, 8, 0, 10, 0, 0, 0.01%, 0, 0, 1, 104.30
1735644318, 8, 1, 10, 0, 0, 0.01%, 0, 0, 1, 103.90
1735644323, 8, 3, 10, 0, 0, 0.01%, 0, 0, 1, 103.37
1735644328, 8, 4, 10, 0, 0, 0.01%, 0, 0, 1, 102.76
1735644333, 8, 6, 10, 0, 0, 0.01%, 0, 0, 1, 105.62
1735644339, 8, 7, 10, 0, 0, 0.01%, 0, 0, 1, 102.02
1735644344, 8, 9, 10, 0, 0, 0.01%, 0, 0, 1, 104.70
1735644349, 9, 0, 10, 0, 0, 0.01%, 0, 0, 1, 104.37
1735644354, 9, 2, 10, 0, 0, 0.01%, 0, 0, 1, 102.88
1735644359, 9, 3, 10, 0, 0, 0.01%, 0, 0, 1, 103.09
1735644364, 9, 4, 10, 0, 0, 0.01%, 0, 0, 1, 103.46
1735644370, 9, 6, 10, 0, 0, 0.01%, 0, 0, 1, 103.67
1735644375, 9, 7, 10, 0, 0, 0.01%, 0, 0, 1, 106.70
1735644380, 9, 9, 10, 0, 0, 0.01%, 0, 0, 1, 104.29
1735644385, 10, 0, 10, 0, 0, 0.01%, 0, 0, 1, 103.32
1735644390, 10, 2, 10, 0, 0, 0.01%, 0, 0, 1, 104.13
1735644395, 10, 3, 10, 0, 0, 0.01%, 0, 0, 1, 106.58
1735644400, 10, 5, 10, 0, 0, 0.01%, 0, 0, 1, 102.94
1735644405, 10, 6, 10, 0, 0, 0.01%, 0, 0, 1, 104.76
1735644411, 10, 8, 10, 0, 0, 0.01%, 0, 0, 1, 102.02
1735644416, 10, 9, 10, 0, 0, 0.01%, 0, 0, 1, 102.72
1735644421, 11, 0, 10, 0, 0, 0.01%, 0, 0, 1, 102.26
1735644426, 11, 2, 10, 0, 0, 0.01%, 0, 0, 1, 102.27
1735644431, 11, 3, 10, 0, 0, 0.01%, 0, 0, 1, 102.23
1735644436, 11, 5, 10, 0, 0, 0.01%, 0, 0, 1, 101.76
1735644441, 11, 6, 10, 0, 0, 0.01%, 0, 0, 1, 105.75
1735644447, 11, 8, 10, 0, 0, 0.01%, 0, 0, 1, 102.46
1735644452, 11, 9, 10, 0, 0, 0.01%, 0, 0, 1, 105.53
1735644457, 12, 0, 10, 0, 0, 0.01%, 0, 0, 1, 102.09
1735644462, 12, 10, 11, 1, 1, 0.16%, 1, 0, 2, 114.25
1735644467, 12, 10, 12, 2, 1, 0.16%, 2, 0, 3, 114.89
1735644503, 12, 10, 13, 3, 1, 0.16%, 3, 0, 3, 110.44
1735644555, 12, 10, 14, 4, 1, 0.17%, 4, 0, 3, 109.31
1735644606, 12, 11, 16, 5, 3, 0.17%, 5, 0, 4, 149.55
1735644616, 12, 11, 17, 6, 3, 0.17%, 5, 0, 4, 118.51
1735644632, 12, 11, 18, 7, 3, 0.17%, 5, 0, 4, 117.05
1735644683, 12, 11, 19, 8, 3, 0.17%, 5, 0, 4, 117.83
1735644730, 12, 11, 20, 9, 3, 0.17%, 5, 0, 4, 116.24
1735644760, 12, 11, 23, 12, 3, 0.17%, 6, 0, 4, 132.33
1735644765, 12, 13, 23, 11, 3, 0.17%, 6, 0, 4, 154.62
1735644776, 12, 13, 24, 12, 3, 0.17%, 6, 0, 4, 114.95
1735644801, 12, 13, 25, 13, 3, 0.17%, 6, 0, 4, 119.21
1735644837, 12, 13, 26, 14, 3, 0.17%, 6, 0, 4, 111.94
1735644883, 12, 15, 26, 13, 2, 0.17%, 6, 0, 4, 130.00
1735644899, 12, 15, 27, 14, 2, 0.17%, 6, 0, 5, 118.20
1735644950, 12, 15, 28, 15, 2, 0.17%, 6, 0, 5, 117.65
1735644966, 12, 15, 29, 16, 2, 0.17%, 6, 0, 5, 115.98
1735644976, 12, 15, 30, 17, 2, 0.17%, 6, 0, 5, 115.88
1735645002, 12, 15, 31, 18, 2, 0.17%, 6, 0, 5, 120.11
1735645007, 12, 15, 32, 19, 2, 0.17%, 6, 0, 5, 118.73
1735645017, 12, 15, 33, 20, 2, 0.17%, 6, 0, 5, 129.64
1735645022, 12, 24, 34, 20, 1, 0.17%, 6, 0, 5, 167.55
1735645094, 12, 28, 34, 19, 0, 0.17%, 6, 0, 5, 145.25
1735645105, 12, 28, 35, 20, 0, 0.17%, 6, 0, 6, 155.79
1735645176, 12, 28, 36, 21, 0, 0.17%, 6, 0, 6, 138.79
1735645196, 12, 29, 36, 20, 0, 0.17%, 6, 0, 6, 172.17
1735645268, 13, 11, 36, 19, 0, 0.17%, 6, 0, 6, 145.54
1735645284, 13, 13, 36, 19, 0, 0.17%, 6, 0, 6, 129.05
1735645304, 13, 15, 36, 19, 0, 0.17%, 6, 0, 6, 125.77
1735645335, 13, 16, 36, 19, 0, 0.17%, 6, 0, 6, 185.62
1735645452, 13, 16, 37, 20, 0, 0.17%, 6, 0, 6, 192.84
1735645539, 13, 36, 37, 19, 1, 0.17%, 6, 0, 6, 179.26
1735645611, 14, 11, 37, 18, 0, 0.17%, 6, 0, 6, 130.59
1735645621, 14, 12, 37, 18, 0, 0.17%, 6, 0, 6, 167.20
1735645652, 14, 13, 37, 17, 0, 0.17%, 6, 0, 6, 129.70
1735645662, 14, 15, 37, 17, 0, 0.17%, 6, 0, 6, 127.66
1735645693, 14, 19, 37, 17, 0, 0.17%, 6, 0, 6, 150.82
1735645749, 14, 23, 37, 16, 0, 0.17%, 6, 0, 6, 133.30
1735645790, 14, 23, 38, 17, 0, 0.17%, 6, 0, 6, 141.35
1735645831, 14, 25, 38, 16, 0, 0.17%, 6, 0, 6, 180.28
1735645887, 14, 32, 38, 15, 0, 0.17%, 6, 0, 6, 133.30
1735645964, 14, 36, 38, 14, 0, 0.17%, 6, 0, 6, 145.74
1735645990, 15, 1, 38, 14, 0, 0.17%, 6, 0, 6, 131.92
1735645995, 15, 13, 38, 14, 0, 0.17%, 6, 0, 6, 132.89
1735646000, 15, 14, 38, 14, 0, 0.17%, 6, 0, 6, 142.05
1735646026, 15, 15, 38, 13, 0, 0.17%, 6, 0, 6, 131.20
1735646031, 15, 30, 38, 13, 0, 0.17%, 6, 0, 6, 134.07
1735646093, 15, 33, 38, 12, 0, 0.17%, 6, 0, 6, 163.80
1735646139, 15, 33, 39, 13, 0, 0.17%, 7, 0, 6, 163.49
1735646144, 15, 37, 39, 12, 0, 0.17%, 7, 0, 6, 118.05
1735646328, 16, 11, 39, 11, 0, 0.17%, 7, 0, 6, 143.20
1735646333, 16, 14, 39, 11, 0, 0.17%, 7, 0, 6, 132.72
1735646349, 16, 20, 39, 11, 0, 0.17%, 7, 0, 6, 132.52
1735646793, 16, 20, 40, 12, 0, 0.17%, 8, 0, 6, 210.75
1735646859, 17, 11, 40, 11, 0, 0.17%, 8, 0, 6, 124.95
1735646864, 17, 14, 40, 11, 0, 0.17%, 8, 0, 6, 134.51
1735646874, 17, 15, 40, 11, 0, 0.17%, 8, 0, 6, 137.16
1735646879, 17, 17, 40, 11, 0, 0.17%, 8, 0, 6, 163.26
1735646930, 17, 18, 40, 10, 0, 0.17%, 8, 0, 6, 198.22
1735646992, 17, 19, 40, 9, 0, 0.17%, 8, 0, 6, 136.13
1735647013, 17, 25, 40, 9, 0, 0.17%, 8, 0, 6, 151.95
1735647033, 18, 13, 40, 9, 0, 0.17%, 8, 0, 6, 139.69
1735647038, 18, 15, 40, 9, 0, 0.17%, 8, 0, 6, 138.10
1735647044, 18, 26, 40, 9, 0, 0.17%, 8, 0, 6, 147.44
1735647095, 18, 38, 40, 8, 0, 0.17%, 8, 0, 6, 95.89
1735647626, 18, 39, 40, 7, 0, 0.17%, 8, 0, 6, 122.54
1735648074, 19, 11, 40, 6, 0, 0.17%, 8, 0, 6, 139.65
1735648080, 19, 14, 40, 6, 0, 0.17%, 8, 0, 6, 136.59
1735648085, 19, 15, 40, 6, 0, 0.17%, 8, 0, 6, 136.39
1735648090, 19, 16, 40, 6, 0, 0.17%, 8, 0, 6, 175.55
1735648105, 19, 34, 40, 6, 0, 0.17%, 8, 0, 6, 139.05
1735648162, 20, 11, 40, 5, 0, 0.17%, 8, 0, 6, 147.25
1735648167, 20, 14, 40, 5, 0, 0.17%, 8, 0, 6, 133.54
1735648172, 20, 15, 40, 5, 0, 0.17%, 8, 0, 6, 137.31
1735648177, 20, 17, 40, 5, 0, 0.17%, 8, 0, 6, 128.74
1735648193, 20, 21, 40, 5, 0, 0.17%, 8, 0, 6, 139.27
1735648813, 20, 26, 40, 4, 0, 0.17%, 8, 0, 6, 140.20
1735648834, 20, 35, 40, 4, 0, 0.17%, 8, 0, 6, 159.35
1735649074, 20, 39, 40, 3, 0, 0.17%, 8, 0, 6, 184.38
1735649095, 21, 11, 40, 3, 0, 0.17%, 8, 0, 6, 130.93
1735649100, 21, 14, 40, 3, 0, 0.17%, 8, 0, 6, 133.99
1735649105, 21, 15, 40, 3, 0, 0.17%, 8, 0, 6, 133.56
1735649110, 21, 31, 40, 3, 0, 0.17%, 8, 0, 6, 201.14
1735649171, 21, 34, 40, 2, 0, 0.17%, 8, 0, 6, 129.01
1735649192, 22, 11, 40, 2, 0, 0.17%, 8, 0, 6, 140.72
1735649197, 22, 14, 40, 2, 0, 0.17%, 8, 0, 6, 135.21
1735649202, 22, 15, 40, 2, 0, 0.17%, 8, 0, 6, 129.70
1735649207, 23, 3, 40, 2, 0, 0.17%, 8, 0, 6, 128.08
1735649212, 23, 13, 40, 2, 0, 0.17%, 8, 0, 6, 130.06
1735649218, 23, 15, 40, 2, 0, 0.17%, 8, 0, 6, 133.53
1735649223, 23, 22, 40, 2, 0, 0.17%, 8, 0, 6, 164.55
1735649345, 24, 11, 40, 1, 0, 0.17%, 8, 0, 6, 142.18
1735649350, 24, 14, 40, 1, 0, 0.17%, 8, 0, 6, 138.58
1735649355, 24, 15, 40, 1, 0, 0.17%, 8, 0, 6, 134.75
1735649360, 24, 27, 40, 1, 0, 0.17%, 8, 0, 6, 206.94
1735649467, 24, 29, 40, 0, 0, 0.17%, 8, 0, 6, 141.80
1735649498, 25, 11, 40, 0, 0, 0.17%, 8, 0, 6, 128.23
1735649503, 25, 14, 40, 0, 0, 0.17%, 8, 0, 6, 135.93
1735649508, 25, 15, 40, 0, 0, 0.17%, 8, 0, 6, 135.83
1735649514, 25, 17, 40, 0, 0, 0.17%, 8, 0, 6, 132.85
1735649534, 26, 12, 40, 0, 0, 0.17%, 8, 0, 6, 138.81
1735649549, 26, 14, 40, 0, 0, 0.17%, 8, 0, 6, 136.46
1735649554, 26, 15, 40, 0, 0, 0.17%, 8, 0, 6, 129.32
1735649560, 26, 36, 40, 0, 0, 0.17%, 8, 0, 6, 140.41
1735649580, 27, 13, 40, 0, 0, 0.17%, 8, 0, 6, 131.47
1735649585, 27, 15, 40, 0, 0, 0.17%, 8, 0, 6, 137.16
1735649590, 27, 30, 40, 0, 0, 0.17%, 8, 0, 6, 131.62
1735649616, 28, 13, 40, 0, 0, 0.17%, 8, 0, 6, 138.76
1735649621, 28, 15, 40, 0, 0, 0.17%, 8, 0, 6, 131.22
1735649626, 28, 39, 40, 0, 0, 0.17%, 8, 0, 6, 172.18
1735649646, 29, 13, 40, 0, 0, 0.17%, 8, 0, 6, 138.32
1735649651, 29, 15, 40, 0, 0, 0.17%, 8, 0, 6, 135.55
1735649656, 29, 21, 40, 0, 0, 0.17%, 8, 0, 6, 186.85
1735649672, 29, 36, 40, 0, 0, 0.17%, 8, 0, 6, 145.66
1735649682, 30, 6, 40, 0, 0, 0.17%, 8, 0, 6, 141.10
1735649687, 30, 13, 40, 0, 0, 0.17%, 8, 0, 6, 139.36
1735649692, 30, 15, 40, 0, 0, 0.17%, 8, 0, 6, 135.07
1735649698, 31, 11, 40, 0, 0, 0.17%, 8, 0, 6, 138.13
1735649703, 31, 14, 40, 0, 0, 0.17%, 8, 0, 6, 140.09
1735649708, 31, 24, 40, 0, 0, 0.17%, 8, 0, 6, 137.18
1735649733, 31, 39, 40, 0, 0, 0.17%, 8, 0, 6, 190.54
1735649749, 32, 11, 40, 0, 0, 0.17%, 8, 0, 6, 142.11
1735649754, 32, 14, 40, 0, 0, 0.17%, 8, 0, 6, 137.58
1735649759, 32, 15, 40, 0, 0, 0.17%, 8, 0, 6, 136.71
1735649764, 32, 22, 40, 0, 0, 0.17%, 8, 0, 6, 172.86
1735649780, 33, 11, 40, 0, 0, 0.17%, 8, 0, 6, 153.38
1735649785, 33, 12, 40, 0, 0, 0.17%, 8, 0, 6, 144.27
1735649795, 33, 13, 40, 0, 0, 0.17%, 8, 0, 6, 138.07
1735649800, 33, 15, 40, 0, 0, 0.17%, 8, 0, 6, 133.44
1735649805, 33, 17, 40, 0, 0, 0.17%, 8, 0, 6, 129.59
1735649810, 33, 19, 40, 0, 0, 0.17%, 8, 0, 6, 138.85
1735649831, 33, 34, 40, 0, 0, 0.17%, 8, 0, 6, 137.68
1735649851, 33, 36, 40, 0, 0, 0.17%, 8, 0, 6, 146.16
1735649856, 34, 13, 40, 0, 0, 0.17%, 8, 0, 6, 139.26
1735649861, 34, 15, 40, 0, 0, 0.17%, 8, 0, 6, 138.70
1735649866, 34, 25, 40, 0, 0, 0.17%, 8, 0, 6, 142.45
1735649887, 34, 35, 40, 0, 0, 0.17%, 8, 0, 6, 155.50
1735649907, 35, 11, 40, 0, 0, 0.17%, 8, 0, 6, 138.63
1735649912, 35, 14, 40, 0, 0, 0.17%, 8, 0, 6, 143.16
1735649917, 35, 15, 40, 0, 0, 0.17%, 8, 0, 6, 138.25
1735649923, 35, 28, 40, 0, 0, 0.17%, 8, 0, 6, 139.84
1735649943, 35, 30, 40, 0, 0, 0.17%, 8, 0, 6, 140.85
1735649964, 35, 38, 40, 0, 0, 0.17%, 8, 0, 6, 185.17
1735649984, 36, 13, 40, 0, 0, 0.17%, 8, 0, 6, 139.53
1735649989, 36, 15, 40, 0, 0, 0.17%, 8, 0, 6, 137.74
1735649994, 36, 17, 40, 0, 0, 0.17%, 8, 0, 6, 133.44
1735649999, 37, 11, 40, 0, 0, 0.17%, 8, 0, 6, 133.78
1735650005, 37, 14, 40, 0, 0, 0.17%, 8, 0, 6, 134.63
1735650010, 37, 15, 40, 0, 0, 0.17%, 8, 0, 6, 138.47
1735650015, 37, 27, 40, 0, 0, 0.17%, 8, 0, 6, 163.19
1735650030, 38, 1, 40, 0, 0, 0.17%, 8, 0, 6, 144.00
1735650035, 38, 13, 40, 0, 0, 0.17%, 8, 0, 6, 132.26
1735650041, 38, 15, 40, 0, 0, 0.17%, 8, 0, 6, 129.41
1735650046, 38, 26, 40, 0, 0, 0.17%, 8, 0, 6, 140.80
1735650066, 39, 11, 40, 0, 0, 0.17%, 8, 0, 6, 146.61
1735650071, 39, 14, 40, 0, 0, 0.17%, 8, 0, 6, 135.23
1735650076, 39, 33, 40, 0, 0, 0.17%, 8, 0, 6, 136.50
1735650102, 40, 13, 40, 0, 0, 0.17%, 8, 0, 6, 127.67
1735650107, 40, 15, 40, 0, 0, 0.17%, 8, 0, 6, 138.11
1735650112, 40, 25, 40, 0, 0, 0.17%, 8, 0, 6, 144.36
1735650117, 41, 11, 40, 0, 0, 0.17%, 8, 0, 6, 128.96
1735650123, 41, 14, 40, 0, 0, 0.17%, 8, 0, 6, 133.42
1735650128, 41, 15, 40, 0, 0, 0.17%, 8, 0, 6, 131.75
1735650133, 41, 19, 40, 0, 0, 0.17%, 8, 0, 6, 135.12
1735650138, 41, 20, 40, 0, 0, 0.17%, 8, 0, 6, 186.33
1735650153, 41, 25, 40, 0, 0, 0.17%, 8, 0, 6, 152.40
1735650159, 42, 11, 40, 0, 0, 0.17%, 8, 0, 6, 143.55
1735650164, 42, 14, 40, 0, 0, 0.17%, 8, 0, 6, 141.00
1735650169, 42, 15, 40, 0, 0, 0.17%, 8, 0, 6, 133.95
1735650174, 42, 26, 40, 0, 0, 0.17%, 8, 0, 6, 135.82
1735650179, 42, 39, 40, 0, 0, 0.17%, 8, 0, 6, 156.50
1735650184, 43, 13, 40, 0, 0, 0.17%, 8, 0, 6, 139.38
1735650189, 43, 15, 40, 0, 0, 0.17%, 8, 0, 6, 135.71
1735650195, 44, 13, 40, 0, 0, 0.17%, 8, 0, 6, 140.68
1735650200, 44, 15, 40, 0, 0, 0.17%, 8, 0, 6, 139.85
1735650205, 44, 16, 40, 0, 0, 0.17%, 8, 0, 6, 152.79
1735650225, 44, 21, 40, 0, 0, 0.17%, 8, 0, 6, 185.76
1735650240, 44, 24, 40, 0, 0, 0.17%, 8, 0, 6, 152.98
1735650261, 44, 26, 40, 0, 0, 0.17%, 8, 0, 6, 134.64
1735650266, 44, 27, 40, 0, 0, 0.17%, 8, 0, 6, 148.03
1735650286, 44, 34, 40, 0, 0, 0.17%, 8, 0, 6, 136.44
1735650292, 45, 11, 40, 0, 0, 0.17%, 8, 0, 6, 137.31
1735650297, 45, 14, 40, 0, 0, 0.17%, 8, 0, 6, 138.11
1735650302, 45, 15, 40, 0, 0, 0.17%, 8, 0, 6, 131.68
1735650307, 45, 30, 40, 0, 0, 0.17%, 8, 0, 6, 139.19
1735650312, 46, 11, 40, 0, 0, 0.17%, 8, 0, 6, 141.06
1735650317, 46, 13, 40, 0, 0, 0.17%, 8, 0, 6, 137.46
1735650322, 46, 15, 40, 0, 0, 0.17%, 8, 0, 6, 133.85
1735650327, 46, 32, 40, 0, 0, 0.17%, 8, 0, 6, 136.65
1735650348, 47, 11, 40, 0, 0, 0.17%, 8, 0, 6, 133.44
1735650353, 47, 14, 40, 0, 0, 0.17%, 8, 0, 6, 130.12
1735650358, 47, 15, 40, 0, 0, 0.17%, 8, 0, 6, 152.84
1735650363, 47, 16, 40, 0, 0, 0.17%, 8, 0, 6, 150.47
1735650368, 47, 20, 40, 0, 0, 0.17%, 8, 0, 6, 193.47
1735650384, 47, 30, 40, 0, 0, 0.17%, 8, 0, 6, 138.84
1735650389, 48, 6, 40, 0, 0, 0.17%, 8, 0, 6, 133.58
1735650394, 48, 13, 40, 0, 0, 0.17%, 8, 0, 6, 139.01
1735650399, 48, 15, 40, 0, 0, 0.17%, 8, 0, 6, 135.23
1735650404, 49, 11, 40, 0, 0, 0.17%, 8, 0, 6, 125.70
1735650410, 49, 14, 40, 0, 0, 0.17%, 8, 0, 6, 131.55
1735650415, 49, 15, 40, 0, 0, 0.17%, 8, 0, 6, 132.04
1735650420, 50, 11, 40, 0, 0, 0.17%, 8, 0, 6, 130.97
1735650425, 50, 13, 40, 0, 0, 0.17%, 8, 0, 6, 140.54
1735650430, 50, 15, 40, 0, 0, 0.17%, 8, 0, 6, 137.49
1735650435, 50, 16, 40, 0, 0, 0.17%, 8, 0, 6, 152.71
1735650440, 50, 27, 40, 0, 0, 0.17%, 8, 0, 6, 145.59
1735650445, 51, 11, 40, 0, 0, 0.17%, 8, 0, 6, 139.88
1735650450, 51, 14, 40, 0, 0, 0.17%, 8, 0, 6, 138.02
1735650455, 51, 15, 40, 0, 0, 0.17%, 8, 0, 6, 136.39
1735650461, 52, 13, 40, 0, 0, 0.17%, 8, 0, 6, 134.59
1735650466, 52, 15, 40, 0, 0, 0.17%, 8, 0, 6, 138.12
1735650471, 52, 27, 40, 0, 0, 0.17%, 8, 0, 6, 143.82
1735650476, 53, 13, 40, 0, 0, 0.17%, 8, 0, 6, 134.44
1735650481, 53, 15, 40, 0, 0, 0.17%, 8, 0, 6, 135.10
1735650486, 53, 27, 40, 0, 0, 0.17%, 8, 0, 6, 140.18
1735650492, 53, 30, 40, 0, 0, 0.17%, 8, 0, 6, 137.70
1735650497, 54, 4, 40, 0, 0, 0.17%, 8, 0, 6, 134.11
1735650502, 54, 13, 40, 0, 0, 0.17%, 8, 0, 6, 125.89
1735650507, 54, 15, 40, 0, 0, 0.17%, 8, 0, 6, 133.84
1735650512, 54, 28, 40, 0, 0, 0.17%, 8, 0, 6, 140.38
1735650533, 54, 39, 40, 0, 0, 0.17%, 8, 0, 6, 147.74
1735650538, 55, 13, 40, 0, 0, 0.17%, 8, 0, 6, 143.12
1735650543, 55, 15, 40, 0, 0, 0.17%, 8, 0, 6, 141.67
1735650548, 55, 22, 40, 0, 0, 0.17%, 8, 0, 6, 145.86
1735650568, 55, 32, 40, 0, 0, 0.17%, 8, 0, 6, 144.54
1735650589, 56, 11, 40, 0, 0, 0.17%, 8, 0, 6, 140.58
1735650594, 56, 14, 40, 0, 0, 0.17%, 8, 0, 6, 133.52
1735650599, 56, 15, 40, 0, 0, 0.17%, 8, 0, 6, 128.26
1735650604, 56, 35, 40, 0, 0, 0.17%, 8, 0, 6, 158.72
1735650620, 57, 11, 40, 0, 0, 0.17%, 8, 0, 6, 136.74
1735650625, 57, 14, 40, 0, 0, 0.17%, 8, 0, 6, 134.00
1735650630, 57, 15, 40, 0, 0, 0.17%, 8, 0, 6, 134.41
1735650635, 57, 26, 40, 0, 0, 0.17%, 8, 0, 6, 136.08
1735650640, 58, 13, 40, 0, 0, 0.17%, 8, 0, 6, 131.26
1735650645, 58, 15, 40, 0, 0, 0.17%, 8, 0, 6, 139.09
1735650650, 58, 16, 40, 0, 0, 0.17%, 8, 0, 6, 147.40
1735650655, 58, 37, 40, 0, 0, 0.17%, 8, 0, 6, 166.88
1735650676, 59, 11, 40, 0, 0, 0.17%, 8, 0, 6, 136.91
1735650681, 59, 14, 40, 0, 0, 0.17%, 8, 0, 6, 145.46
1735650686, 59, 21, 40, 0, 0, 0.17%, 8, 0, 6, 141.33
1735650691, 60, 0, 40, 0, 0, 0.17%, 8, 0, 6, 140.31
1735650696, 60, 11, 40, 0, 0, 0.17%, 8, 0, 6, 142.02
1735650702, 60, 14, 40, 0, 0, 0.17%, 8, 0, 6, 144.51
1735650707, 60, 27, 40, 0, 0, 0.17%, 8, 0, 6, 141.64
1735650712, 61, 4, 40, 0, 0, 0.17%, 8, 0, 6, 135.67
1735650717, 61, 13, 40, 0, 0, 0.17%, 8, 0, 6, 130.35
1735650722, 61, 15, 40, 0, 0, 0.17%, 8, 0, 6, 134.96
1735650727, 62, 11, 40, 0, 0, 0.17%, 8, 0, 6, 137.43
1735650732, 62, 14, 40, 0, 0, 0.17%, 8, 0, 6, 140.88
1735650737, 63, 11, 40, 0, 0, 0.17%, 8, 0, 6, 137.52
1735650743, 63, 14, 40, 0, 0, 0.17%, 8, 0, 6, 136.71
1735650748, 63, 15, 40, 0, 0, 0.17%, 8, 0, 6, 135.18
1735650753, 63, 38, 40, 0, 0, 0.17%, 8, 0, 6, 184.61
1735650768, 64, 11, 40, 0, 0, 0.17%, 8, 0, 6, 144.18
1735650773, 64, 14, 40, 0, 0, 0.17%, 8, 0, 6, 137.55
1735650778, 64, 15, 40, 0, 0, 0.17%, 8, 0, 6, 127.17
1735650783, 64, 17, 40, 0, 0, 0.17%, 8, 0, 6, 130.34
1735650788, 64, 26, 40, 0, 0, 0.17%, 8, 0, 6, 133.45
1735650793, 64, 34, 40, 0, 0, 0.17%, 8, 0, 6, 129.49
1735650798, 64, 38, 40, 0, 0, 0.17%, 8, 0, 6, 169.21
1735650809, 65, 11, 40, 0, 0, 0.17%, 8, 0, 6, 139.27
1735650814, 65, 14, 40, 0, 0, 0.17%, 8, 0, 6, 133.01
1735650819, 65, 22, 40, 0, 0, 0.17%, 8, 0, 6, 139.49
1735650824, 66, 11, 40, 0, 0, 0.17%, 8, 0, 6, 148.60
1735650829, 66, 14, 40, 0, 0, 0.17%, 8, 0, 6, 144.71
1735650834, 66, 15, 40, 0, 0, 0.17%, 8, 0, 6, 149.09
1735650840, 66, 18, 40, 0, 0, 0.17%, 8, 0, 6, 147.36
1735650855, 67, 11, 40, 0, 0, 0.17%, 8, 0, 6, 138.68
1735650860, 67, 14, 40, 0, 0, 0.17%, 8, 0, 6, 136.72
1735650865, 67, 15, 40, 0, 0, 0.17%, 8, 0, 6, 132.52
1735650870, 67, 17, 40, 0, 0, 0.17%, 8, 0, 6, 141.00
1735650875, 68, 11, 40, 0, 0, 0.17%, 8, 0, 6, 134.25
1735650880, 68, 14, 40, 0, 0, 0.17%, 8, 0, 6, 136.98
1735650885, 68, 15, 40, 0, 0, 0.17%, 8, 0, 6, 134.01
1735650890, 69, 11, 40, 0, 0, 0.17%, 8, 0, 6, 139.54
1735650895, 69, 14, 40, 0, 0, 0.17%, 8, 0, 6, 136.28
1735650901, 69, 24, 40, 0, 0, 0.17%, 8, 0, 6, 137.47
1735650906, 70, 11, 40, 0, 0, 0.17%, 8, 0, 6, 142.23
1735650911, 70, 13, 40, 0, 0, 0.17%, 8, 0, 6, 138.35
1735650916, 70, 15, 40, 0, 0, 0.17%, 8, 0, 6, 136.78
1735650921, 70, 33, 40, 0, 0, 0.17%, 8, 0, 6, 134.36
1735650941, 71, 0, 40, 0, 0, 0.17%, 8, 0, 6, 142.79
1735650946, 71, 13, 40, 0, 0, 0.17%, 8, 0, 6, 138.81
1735650952, 71, 15, 40, 0, 0, 0.17%, 8, 0, 6, 132.10
1735650957, 72, 13, 40, 0, 0, 0.17%, 8, 0, 6, 135.82
1735650962, 72, 15, 40, 0, 0, 0.17%, 8, 0, 6, 140.01
1735650967, 73, 11, 40, 0, 0, 0.17%, 8, 0, 6, 135.13
1735650972, 73, 14, 40, 0, 0, 0.17%, 8, 0, 6, 135.21
1735650977, 73, 15, 40, 0, 0, 0.17%, 8, 0, 6, 137.80
1735650983, 73, 28, 40, 0, 0, 0.17%, 8, 0, 6, 135.93
1735650988, 73, 34, 40, 0, 0, 0.17%, 8, 0, 6, 137.23
1735650993, 74, 11, 40, 0, 0, 0.17%, 8, 0, 6, 133.18
1735650998, 74, 14, 40, 0, 0, 0.17%, 8, 0, 6, 137.96
1735651003, 74, 15, 40, 0, 0, 0.17%, 8, 0, 6, 140.22
1735651008, 75, 11, 40, 0, 0, 0.17%, 8, 0, 6, 138.98
1735651014, 75, 14, 40, 0, 0, 0.17%, 8, 0, 6, 138.04
1735651019, 75, 15, 40, 0, 0, 0.17%, 8, 0, 6, 136.81
1735651024, 75, 24, 40, 0, 0, 0.17%, 8, 0, 6, 132.92
1735651029, 75, 25, 40, 0, 0, 0.17%, 8, 0, 6, 147.97
1735651034, 76, 11, 40, 0, 0, 0.17%, 8, 0, 6, 139.80
1735651039, 76, 14, 40, 0, 0, 0.17%, 8, 0, 6, 137.90
1735651045, 76, 27, 40, 0, 0, 0.17%, 8, 0, 6, 138.56
1735651050, 76, 36, 40, 0, 0, 0.17%, 8, 0, 6, 139.40
1735651055, 77, 11, 40, 0, 0, 0.17%, 8, 0, 6, 136.97
1735651060, 77, 14, 40, 0, 0, 0.17%, 8, 0, 6, 142.26
1735651065, 77, 21, 40, 0, 0, 0.17%, 8, 0, 6, 150.16
1735651070, 77, 32, 40, 0, 0, 0.17%, 8, 0, 6, 154.49
1735651075, 78, 11, 40, 0, 0, 0.17%, 8, 0, 6, 156.49
1735651081, 78, 14, 40, 0, 0, 0.17%, 8, 0, 6, 140.87
1735651086, 78, 15, 40, 0, 0, 0.17%, 8, 0, 6, 141.35
1735651091, 79, 13, 40, 0, 0, 0.17%, 8, 0, 6, 132.02
1735651096, 79, 15, 40, 0, 0, 0.17%, 8, 0, 6, 133.14
1735651101, 79, 37, 40, 0, 0, 0.17%, 8, 0, 6, 163.30
1735651121, 80, 11, 40, 0, 0, 0.17%, 8, 0, 6, 133.28
1735651127, 80, 13, 40, 0, 0, 0.17%, 8, 0, 6, 131.45
1735651132, 80, 15, 40, 0, 0, 0.17%, 8, 0, 6, 136.29
1735651137, 81, 11, 40, 0, 0, 0.17%, 8, 0, 6, 134.53
1735651142, 81, 13, 40, 0, 0, 0.17%, 8, 0, 6, 139.46
1735651147, 81, 15, 40, 0, 0, 0.17%, 8, 0, 6, 135.62
1735651152, 81, 22, 40, 0, 0, 0.17%, 8, 0, 6, 151.42
1735651157, 82, 11, 40, 0, 0, 0.17%, 8, 0, 6, 139.29
1735651163, 82, 14, 40, 0, 0, 0.17%, 8, 0, 6, 135.92
1735651168, 82, 15, 40, 0, 0, 0.17%, 8, 0, 6, 143.82
1735651173, 83, 13, 40, 0, 0, 0.17%, 8, 0, 6, 137.23
1735651178, 83, 15, 40, 0, 0, 0.17%, 8, 0, 6, 133.29
1735651183, 83, 17, 40, 0, 0, 0.17%, 8, 0, 6, 137.63
1735651188, 83, 34, 40, 0, 0, 0.17%, 8, 0, 6, 141.24
1735651193, 84, 13, 40, 0, 0, 0.17%, 8, 0, 6, 142.06
1735651198, 84, 15, 40, 0, 0, 0.17%, 8, 0, 6, 139.02
1735651204, 85, 6, 40, 0, 0, 0.17%, 8, 0, 6, 134.51
1735651209, 85, 13, 40, 0, 0, 0.17%, 8, 0, 6, 133.27
1735651214, 85, 15, 40, 0, 0, 0.17%, 8, 0, 6, 137.78
1735651219, 86, 0, 40, 0, 0, 0.17%, 8, 0, 6, 143.15
1735651224, 86, 13, 40, 0, 0, 0.17%, 8, 0, 6, 143.76
1735651229, 86, 15, 40, 0, 0, 0.17%, 8, 0, 6, 136.43
1735651235, 86, 24, 40, 0, 0, 0.17%, 8, 0, 6, 130.69
1735651240, 86, 30, 40, 0, 0, 0.17%, 8, 0, 6, 133.62
1735651245, 86, 34, 40, 0, 0, 0.17%, 8, 0, 6, 133.00
1735651250, 86, 36, 40, 0, 0, 0.17%, 8, 0, 6, 140.86
1735651255, 87, 11, 40, 0, 0, 0.17%, 8, 0, 6, 142.60
1735651260, 87, 14, 40, 0, 0, 0.17%, 8, 0, 6, 141.14
1735651265, 87, 15, 40, 0, 0, 0.17%, 8, 0, 6, 146.65
1735651271, 87, 33, 40, 0, 0, 0.17%, 8, 0, 6, 135.38
1735651276, 87, 38, 40, 0, 0, 0.17%, 8, 0, 6, 151.06
1735651281, 88, 11, 40, 0, 0, 0.17%, 8, 0, 6, 155.12
1735651286, 88, 14, 40, 0, 0, 0.17%, 8, 0, 6, 140.51
1735651291, 88, 15, 40, 0, 0, 0.17%, 8, 0, 6, 136.16
1735651296, 88, 38, 40, 0, 0, 0.17%, 8, 0, 6, 171.27
1735651306, 89, 10, 40, 0, 0, 0.17%, 8, 0, 6, 132.45
1735651317, 89, 11, 40, 0, 0, 0.17%, 8, 0, 6, 129.39
1735651322, 89, 14, 40, 0, 0, 0.17%, 8, 0, 6, 134.17
1735651327, 89, 15, 40, 0, 0, 0.17%, 8, 0, 6, 131.59
1735651332, 89, 21, 40, 0, 0, 0.17%, 8, 0, 6, 150.00
1735651337, 89, 32, 40, 0, 0, 0.17%, 8, 0, 6, 141.10
1735651342, 90, 11, 40, 0, 0, 0.17%, 8, 0, 6, 143.38
1735651348, 90, 14, 40, 0, 0, 0.17%, 8, 0, 6, 142.88
1735651353, 90, 15, 40, 0, 0, 0.17%, 8, 0, 6, 139.32
1735651358, 90, 32, 40, 0, 0, 0.17%, 8, 0, 6, 136.54
1735651363, 90, 34, 40, 0, 0, 0.17%, 8, 0, 6, 138.87
1735651368, 91, 11, 40, 0, 0, 0.17%, 8, 0, 6, 136.14
1735651373, 91, 14, 40, 0, 0, 0.17%, 8, 0, 6, 134.34
1735651378, 91, 15, 40, 0, 0, 0.17%, 8, 0, 6, 135.20
1735651383, 92, 11, 40, 0, 0, 0.17%, 8, 0, 6, 143.56
1735651389, 92, 14, 40, 0, 0, 0.17%, 8, 0, 6, 137.11
1735651394, 92, 15, 40, 0, 0, 0.17%, 8, 0, 6, 143.01
1735651399, 92, 33, 40, 0, 0, 0.17%, 8, 0, 6, 141.10
1735651404, 93, 13, 40, 0, 0, 0.17%, 8, 0, 6, 139.21
1735651409, 93, 15, 40, 0, 0, 0.17%, 8, 0, 6, 134.21
1735651415, 93, 32, 40, 0, 0, 0.17%, 8, 0, 6, 140.88
1735651420, 94, 11, 40, 0, 0, 0.17%, 8, 0, 6, 139.36
1735651425, 94, 14, 40, 0, 0, 0.17%, 8, 0, 6, 139.65
1735651430, 94, 15, 40, 0, 0, 0.17%, 8, 0, 6, 136.98
1735651435, 95, 14, 40, 0, 0, 0.17%, 8, 0, 6, 140.77
1735651440, 95, 15, 40, 0, 0, 0.17%, 8, 0, 6, 139.07
1735651445, 95, 19, 40, 0, 0, 0.17%, 8, 0, 6, 143.51
1735651450, 95, 22, 40, 0, 0, 0.17%, 8, 0, 6, 145.24
1735651456, 96, 13, 40, 0, 0, 0.17%, 8, 0, 6, 137.88
1735651461, 96, 15, 40, 0, 0, 0.17%, 8, 0, 6, 141.66
1735651466, 97, 4, 40, 0, 0, 0.17%, 8, 0, 6, 144.65
1735651471, 97, 13, 40, 0, 0, 0.17%, 8, 0, 6, 134.86
1735651476, 97, 15, 40, 0, 0, 0.17%, 8, 0, 6, 139.07
1735651481, 97, 29, 40, 0, 0, 0.17%, 8, 0, 6, 142.90
1735651512, 97, 34, 40, 0, 0, 0.17%, 8, 0, 6, 140.52
1735651517, 98, 13, 40, 0, 0, 0.17%, 8, 0, 6, 134.41
1735651522, 98, 14, 40, 0, 0, 0.17%, 8, 0, 6, 127.74
1735651527, 98, 23, 40, 0, 0, 0.17%, 8, 0, 6, 139.92
1735651553, 99, 13, 40, 0, 0, 0.17%, 8, 0, 6, 138.07
1735651558, 99, 15, 40, 0, 0, 0.17%, 8, 0, 6, 136.06
1735651563, 99, 39, 40, 0, 0, 0.17%, 8, 0, 6, 157.27
1735651568, 100, 13, 40, 0, 0, 0.17%, 8, 0, 6, 142.28
1735651573, 100, 15, 40, 0, 0, 0.17%, 8, 0, 6, 142.15
1735651578, 100, 21, 40, 0, 0, 0.17%, 8, 0, 6, 161.47
1735651584, 100, 28, 40, 0, 0, 0.17%, 8, 0, 6, 144.01
1735651589, 101, 11, 40, 0, 0, 0.17%, 8, 0, 6, 140.79
1735651594, 101, 14, 40, 0, 0, 0.17%, 8, 0, 6, 129.24
1735651599, 101, 15, 40, 0, 0, 0.17%, 8, 0, 6, 136.23
1735651604, 101, 24, 40, 0, 0, 0.17%, 8, 0, 6, 141.40
1735651609, 101, 34, 40, 0, 0, 0.17%, 8, 0, 6, 141.06
1735651614, 101, 36, 40, 0, 0, 0.17%, 8, 0, 6, 146.98
1735651619, 102, 13, 40, 0, 0, 0.17%, 8, 0, 6, 145.46
1735651624, 102, 15, 40, 0, 0, 0.17%, 8, 0, 6, 142.74
1735651629, 103, 2, 40, 0, 0, 0.17%, 8, 0, 6, 144.83
1735651635, 103, 13, 40, 0, 0, 0.17%, 8, 0, 6, 138.47
1735651640, 103, 15, 40, 0, 0, 0.17%, 8, 0, 6, 137.73
1735651645, 104, 11, 40, 0, 0, 0.17%, 8, 0, 6, 139.61
1735651650, 104, 14, 40, 0, 0, 0.17%, 8, 0, 6, 137.94
1735651655, 105, 3, 40, 0, 0, 0.17%, 8, 0, 6, 139.73
1735651660, 105, 13, 40, 0, 0, 0.17%, 8, 0, 6, 138.69
1735651665, 105, 15, 40, 0, 0, 0.17%, 8, 0, 6, 134.02
1735651670, 105, 16, 40, 0, 0, 0.17%, 8, 0, 6, 143.29
1735651675, 106, 13, 40, 0, 0, 0.17%, 8, 0, 6, 141.26
1735651680, 106, 15, 40, 0, 0, 0.17%, 8, 0, 6, 146.53
1735651686, 106, 37, 40, 0, 0, 0.17%, 8, 0, 6, 161.11
1735651696, 106, 39, 40, 0, 0, 0.17%, 8, 0, 6, 163.67
1735651701, 107, 11, 40, 0, 0, 0.17%, 8, 0, 6, 142.19
1735651706, 107, 14, 40, 0, 0, 0.17%, 8, 0, 6, 139.41
1735651711, 108, 11, 40, 0, 0, 0.17%, 8, 0, 6, 142.31
1735651716, 108, 14, 40, 0, 0, 0.17%, 8, 0, 6, 135.31
1735651721, 108, 15, 40, 0, 0, 0.17%, 8, 0, 6, 130.35
1735651726, 108, 28, 40, 0, 0, 0.17%, 8, 0, 6, 139.69
1735651731, 108, 29, 40, 0, 0, 0.17%, 8, 0, 6, 152.88
1735651737, 109, 6, 40, 0, 0, 0.17%, 8, 0, 6, 144.43
1735651742, 109, 14, 40, 0, 0, 0.17%, 8, 0, 6, 142.70
1735651747, 109, 15, 40, 0, 0, 0.17%, 8, 0, 6, 130.19
1735651752, 109, 16, 40, 0, 0, 0.17%, 8, 0, 6, 149.05
1735651757, 109, 33, 40, 0, 0, 0.17%, 8, 0, 6, 146.48
1735651762, 109, 35, 40, 0, 0, 0.17%, 8, 0, 6, 137.26
1735651767, 110, 13, 40, 0, 0, 0.17%, 8, 0, 6, 132.56
1735651772, 110, 15, 40, 0, 0, 0.17%, 8, 0, 6, 137.07
1735651777, 111, 11, 40, 0, 0, 0.17%, 8, 0, 6, 137.41
1735651782, 111, 14, 40, 0, 0, 0.17%, 8, 0, 6, 140.27
1735651787, 111, 15, 40, 0, 0, 0.17%, 8, 0, 6, 143.86
1735651793, 111, 23, 40, 0, 0, 0.17%, 8, 0, 6, 140.91
1735651813, 111, 24, 40, 0, 0, 0.17%, 8, 0, 6, 146.76
1735651818, 112, 13, 40, 0, 0, 0.17%, 8, 0, 6, 139.57
1735651823, 112, 15, 40, 0, 0, 0.17%, 8, 0, 6, 140.78
1735651828, 112, 22, 40, 0, 0, 0.17%, 8, 0, 6, 151.51
1735651833, 113, 11, 40, 0, 0, 0.17%, 8, 0, 6, 141.52
1735651838, 113, 14, 40, 0, 0, 0.17%, 8, 0, 6, 139.34
1735651844, 113, 15, 40, 0, 0, 0.17%, 8, 0, 6, 132.84
1735651849, 113, 31, 40, 0, 0, 0.17%, 8, 0, 6, 143.71
1735651869, 114, 11, 40, 0, 0, 0.17%, 8, 0, 6, 133.19
1735651874, 114, 14, 40, 0, 0, 0.17%, 8, 0, 6, 139.22
1735651879, 114, 15, 40, 0, 0, 0.17%, 8, 0, 6, 143.70
1735651884, 115, 13, 40, 0, 0, 0.17%, 8, 0, 6, 145.82
1735651889, 115, 15, 40, 0, 0, 0.17%, 8, 0, 6, 134.58
1735651894, 115, 17, 40, 0, 0, 0.17%, 8, 0, 6, 129.96
1735651899, 116, 8, 40, 0, 0, 0.17%, 8, 0, 6, 135.62
1735651904, 116, 13, 40, 0, 0, 0.17%, 8, 0, 6, 141.48
1735651909, 116, 15, 40, 0, 0, 0.17%, 8, 0, 6, 144.48
1735651915, 116, 26, 40, 0, 0, 0.17%, 8, 0, 6, 141.53
1735651920, 117, 13, 40, 0, 0, 0.17%, 8, 0, 6, 138.63
1735651925, 117, 15, 40, 0, 0, 0.17%, 8, 0, 6, 148.08
1735651930, 117, 23, 40, 0, 0, 0.17%, 8, 0, 6, 136.25
1735651940, 118, 0, 40, 0, 0, 0.17%, 8, 0, 6, 147.84
1735651945, 118, 8, 40, 0, 0, 0.17%, 8, 0, 6, 149.28
1735651950, 118, 14, 40, 0, 0, 0.17%, 8, 0, 6, 140.55
1735651955, 118, 15, 40, 0, 0, 0.17%, 8, 0, 6, 144.13
1735651960, 118, 35, 40, 0, 0, 0.17%, 8, 0, 6, 138.28
1735651966, 118, 36, 40, 0, 0, 0.17%, 8, 0, 6, 139.85
1735651971, 119, 13, 40, 0, 0, 0.17%, 8, 0, 6, 141.55
1735651976, 119, 15, 40, 0, 0, 0.17%, 8, 0, 6, 139.34
1735651981, 119, 19, 40, 0, 0, 0.17%, 8, 0, 6, 138.75
1735651986, 119, 33, 40, 0, 0, 0.17%, 8, 0, 6, 137.91
1735651991, 120, 11, 40, 0, 0, 0.17%, 8, 0, 6, 137.23
1735651996, 120, 14, 40, 0, 0, 0.17%, 8, 0, 6, 141.05
1735652001, 120, 15, 40, 0, 0, 0.17%, 8, 0, 6, 137.34
1735652007, 120, 32, 40, 0, 0, 0.17%, 8, 0, 6, 133.57
1735652012, 120, 33, 40, 0, 0, 0.17%, 8, 0, 6, 139.93
1735652017, 120, 37, 40, 0, 0, 0.17%, 8, 0, 6, 163.53
1735652027, 121, 11, 40, 0, 0, 0.17%, 8, 0, 6, 140.94
1735652032, 121, 14, 40, 0, 0, 0.17%, 8, 0, 6, 138.26
1735652037, 121, 15, 40, 0, 0, 0.17%, 8, 0, 6, 139.49
1735652042, 121, 36, 40, 0, 0, 0.17%, 8, 0, 6, 145.43
1735652047, 122, 13, 40, 0, 0, 0.17%, 8, 0, 6, 133.47
1735652052, 122, 15, 40, 0, 0, 0.17%, 8, 0, 6, 139.15
1735652058, 123, 3, 40, 0, 0, 0.17%, 8, 0, 6, 135.95
1735652063, 123, 13, 40, 0, 0, 0.17%, 8, 0, 6, 135.90
1735652068, 123, 15, 40, 0, 0, 0.17%, 8, 0, 6, 133.96
1735652073, 123, 18, 40, 0, 0, 0.17%, 8, 0, 6, 138.60
1735652093, 124, 13, 40, 0, 0, 0.17%, 8, 0, 6, 141.07
1735652098, 124, 15, 40, 0, 0, 0.17%, 8, 0, 6, 145.02
1735652103, 124, 32, 40, 0, 0, 0.17%, 8, 0, 6, 142.85
1735652109, 124, 37, 40, 0, 0, 0.17%, 8, 0, 6, 153.61
1735652114, 125, 11, 40, 0, 0, 0.17%, 8, 0, 6, 146.17
1735652119, 125, 14, 40, 0, 0, 0.17%, 8, 0, 6, 133.81
1735652124, 125, 15, 40, 0, 0, 0.17%, 8, 0, 6, 131.59
1735652129, 125, 17, 40, 0, 0, 0.17%, 8, 0, 6, 132.59
1735652134, 125, 23, 40, 0, 0, 0.17%, 8, 0, 6, 139.85
1735652139, 125, 27, 40, 0, 0, 0.17%, 8, 0, 6, 142.02
1735652144, 125, 33, 40, 0, 0, 0.17%, 8, 0, 6, 141.03
1735652149, 125, 37, 40, 0, 0, 0.17%, 8, 0, 6, 142.99
1735652154, 126, 6, 40, 0, 0, 0.17%, 8, 0, 6, 139.56
1735652160, 126, 14, 40, 0, 0, 0.17%, 8, 0, 6, 140.69
1735652165, 126, 15, 40, 0, 0, 0.17%, 8, 0, 6, 131.20
1735652170, 127, 13, 40, 0, 0, 0.17%, 8, 0, 6, 134.42
1735652175, 127, 15, 40, 0, 0, 0.17%, 8, 0, 6, 144.95
1735652180, 127, 28, 40, 0, 0, 0.17%, 8, 0, 6, 138.71
1735652185, 127, 37, 40, 0, 0, 0.17%, 8, 0, 6, 158.26
1735652190, 128, 11, 40, 0, 0, 0.17%, 8, 0, 6, 152.33
1735652195, 128, 14, 40, 0, 0, 0.17%, 8, 0, 6, 142.25
1735652200, 128, 15, 40, 0, 0, 0.17%, 8, 0, 6, 143.81
1735652205, 129, 13, 40, 0, 0, 0.17%, 8, 0, 6, 143.94
1735652210, 129, 15, 40, 0, 0, 0.17%, 8, 0, 6, 135.31
1735652216, 130, 9, 40, 0, 0, 0.17%, 8, 0, 6, 137.77
1735652221, 130, 13, 40, 0, 0, 0.17%, 8, 0, 6, 134.31
1735652226, 130, 15, 40, 0, 0, 0.17%, 8, 0, 6, 134.19
1735652231, 131, 11, 40, 0, 0, 0.17%, 8, 0, 6, 139.13
1735652236, 131, 14, 40, 0, 0, 0.17%, 8, 0, 6, 140.35
1735652241, 131, 15, 40, 0, 0, 0.17%, 8, 0, 6, 133.24
1735652246, 132, 13, 40, 0, 0, 0.17%, 8, 0, 6, 138.32
1735652251, 132, 15, 40, 0, 0, 0.17%, 8, 0, 6, 133.79
1735652256, 132, 19, 40, 0, 0, 0.17%, 8, 0, 6, 136.98
1735652261, 133, 0, 40, 0, 0, 0.17%, 8, 0, 6, 138.14
1735652266, 133, 14, 40, 0, 0, 0.17%, 8, 0, 6, 137.01
1735652271, 133, 15, 40, 0, 0, 0.17%, 8, 0, 6, 132.66
1735652276, 133, 31, 40, 0, 0, 0.17%, 8, 0, 6, 142.70
1735652297, 134, 7, 40, 0, 0, 0.17%, 8, 0, 6, 141.15
1735652302, 134, 13, 40, 0, 0, 0.17%, 8, 0, 6, 140.42
1735652307, 134, 15, 40, 0, 0, 0.17%, 8, 0, 6, 135.92
1735652312, 135, 11, 40, 0, 0, 0.17%, 8, 0, 6, 139.13
1735652317, 135, 14, 40, 0, 0, 0.17%, 8, 0, 6, 138.91
1735652322, 135, 15, 40, 0, 0, 0.17%, 8, 0, 6, 143.27
1735652327, 135, 20, 40, 0, 0, 0.17%, 8, 0, 6, 154.76
1735652332, 135, 23, 40, 0, 0, 0.17%, 8, 0, 6, 145.96
1735652338, 135, 29, 40, 0, 0, 0.17%, 8, 0, 6, 149.34
1735652343, 136, 2, 40, 0, 0, 0.17%, 8, 0, 6, 146.02
1735652348, 136, 14, 40, 0, 0, 0.17%, 8, 0, 6, 143.41
1735652353, 136, 15, 40, 0, 0, 0.17%, 8, 0, 6, 143.25
1735652358, 136, 20, 40, 0, 0, 0.17%, 8, 0, 6, 151.26
1735652363, 137, 11, 40, 0, 0, 0.17%, 8, 0, 6, 138.69
1735652368, 137, 14, 40, 0, 0, 0.17%, 8, 0, 6, 144.63
1735652373, 137, 15, 40, 0, 0, 0.17%, 8, 0, 6, 136.56
1735652378, 137, 28, 40, 0, 0, 0.17%, 8, 0, 6, 139.30
1735652383, 138, 11, 40, 0, 0, 0.17%, 8, 0, 6, 143.90
1735652388, 138, 14, 40, 0, 0, 0.17%, 8, 0, 6, 134.20
1735652393, 138, 30, 40, 0, 0, 0.17%, 8, 0, 6, 146.42
1735652404, 139, 13, 40, 0, 0, 0.17%, 8, 0, 6, 131.26
1735652409, 139, 15, 40, 0, 0, 0.17%, 8, 0, 6, 144.53
1735652414, 139, 21, 40, 0, 0, 0.17%, 8, 0, 6, 147.63
1735652419, 139, 32, 40, 0, 0, 0.17%, 8, 0, 6, 146.03
1735652424, 139, 34, 40, 0, 0, 0.17%, 8, 0, 6, 142.79
1735652429, 140, 13, 40, 0, 0, 0.17%, 8, 0, 6, 141.20
1735652435, 140, 15, 40, 0, 0, 0.17%, 8, 0, 6, 134.56
1735652440, 140, 28, 40, 0, 0, 0.17%, 8, 0, 6, 136.37
1735652445, 141, 11, 40, 0, 0, 0.17%, 8, 0, 6, 140.09
1735652450, 141, 14, 40, 0, 0, 0.17%, 8, 0, 6, 136.09
1735652455, 141, 17, 40, 0, 0, 0.17%, 8, 0, 6, 134.49
1735652465, 141, 24, 40, 0, 0, 0.17%, 8, 0, 6, 146.11
1735652470, 142, 11, 40, 0, 0, 0.17%, 8, 0, 6, 141.33
1735652475, 142, 13, 40, 0, 0, 0.17%, 8, 0, 6, 135.93
1735652481, 142, 15, 40, 0, 0, 0.17%, 8, 0, 6, 136.28
1735652486, 143, 13, 40, 0, 0, 0.17%, 8, 0, 6, 141.03
1735652491, 143, 15, 40, 0, 0, 0.17%, 8, 0, 6, 146.55
1735652496, 143, 21, 40, 0, 0, 0.17%, 8, 0, 6, 173.88
1735652501, 144, 11, 40, 0, 0, 0.17%, 8, 0, 6, 150.19
1735652506, 144, 14, 40, 0, 0, 0.17%, 8, 0, 6, 136.42
1735652511, 144, 15, 40, 0, 0, 0.17%, 8, 0, 6, 138.10
1735652516, 144, 34, 40, 0, 0, 0.17%, 8, 0, 6, 137.62
1735652522, 145, 14, 40, 0, 0, 0.17%, 8, 0, 6, 138.33
1735652527, 145, 15, 40, 0, 0, 0.17%, 8, 0, 6, 139.29
1735652532, 146, 11, 40, 0, 0, 0.17%, 8, 0, 6, 130.94
1735652537, 146, 14, 40, 0, 0, 0.17%, 8, 0, 6, 135.39
1735652542, 146, 15, 40, 0, 0, 0.17%, 8, 0, 6, 127.31
1735652547, 146, 30, 40, 0, 0, 0.17%, 8, 0, 6, 141.27
1735652552, 147, 1, 40, 0, 0, 0.17%, 8, 0, 6, 141.95
1735652557, 147, 13, 40, 0, 0, 0.17%, 8, 0, 6, 133.67
1735652562, 147, 15, 40, 0, 0, 0.17%, 8, 0, 6, 134.20
1735652568, 147, 24, 40, 0, 0, 0.17%, 8, 0, 6, 139.17
1735652573, 147, 38, 40, 0, 0, 0.17%, 8, 0, 6, 159.12
1735652578, 148, 11, 40, 0, 0, 0.17%, 8, 0, 6, 144.47
1735652583, 148, 13, 40, 0, 0, 0.17%, 8, 0, 6, 143.46
1735652588, 148, 15, 40, 0, 0, 0.17%, 8, 0, 6, 139.62
1735652593, 148, 21, 40, 0, 0, 0.17%, 8, 0, 6, 156.85
1735652598, 148, 28, 40, 0, 0, 0.17%, 8, 0, 6, 136.27
1735652603, 148, 38, 40, 0, 0, 0.17%, 8, 0, 6, 171.99
1735652609, 149, 13, 40, 0, 0, 0.17%, 8, 0, 6, 140.64
1735652614, 149, 15, 40, 0, 0, 0.17%, 8, 0, 6, 141.90
1735652619, 150, 11, 40, 0, 0, 0.17%, 8, 0, 6, 143.51
1735652624, 150, 14, 40, 0, 0, 0.17%, 8, 0, 6, 147.97
1735652629, 150, 15, 40, 0, 0, 0.17%, 8, 0, 6, 142.09
1735652634, 150, 19, 40, 0, 0, 0.17%, 8, 0, 6, 146.95
1735652639, 150, 22, 40, 0, 0, 0.17%, 8, 0, 6, 148.79
1735652644, 151, 13, 40, 0, 0, 0.17%, 8, 0, 6, 138.85
1735652649, 151, 15, 40, 0, 0, 0.17%, 8, 0, 6, 134.70
1735652654, 151, 19, 40, 0, 0, 0.17%, 8, 0, 6, 137.01
1735652659, 151, 22, 40, 0, 0, 0.17%, 8, 0, 6, 154.23
1735652664, 152, 11, 40, 0, 0, 0.17%, 8, 0, 6, 141.48
1735652670, 152, 13, 40, 0, 0, 0.17%, 8, 0, 6, 138.65
1735652675, 152, 15, 40, 0, 0, 0.17%, 8, 0, 6, 136.35
1735652680, 153, 11, 40, 0, 0, 0.17%, 8, 0, 6, 133.64
1735652685, 153, 14, 40, 0, 0, 0.17%, 8, 0, 6, 134.36
1735652690, 153, 15, 40, 0, 0, 0.17%, 8, 0, 6, 136.19
1735652695, 154, 11, 40, 0, 0, 0.17%, 8, 0, 6, 137.86
1735652700, 154, 14, 40, 0, 0, 0.17%, 8, 0, 6, 132.85
1735652705, 154, 15, 40, 0, 0, 0.17%, 8, 0, 6, 131.43
1735652711, 154, 17, 40, 0, 0, 0.17%, 8, 0, 6, 139.36
1735652716, 154, 29, 40, 0, 0, 0.17%, 8, 0, 6, 145.08
1735652721, 154, 34, 40, 0, 0, 0.17%, 8, 0, 6, 133.58
1735652726, 155, 11, 40, 0, 0, 0.17%, 8, 0, 6, 139.76
1735652731, 155, 14, 40, 0, 0, 0.17%, 8, 0, 6, 136.39
1735652736, 155, 15, 40, 0, 0, 0.17%, 8, 0, 6, 142.61
1735652741, 155, 38, 40, 0, 0, 0.17%, 8, 0, 6, 148.89
1735652746, 156, 13, 40, 0, 0, 0.17%, 8, 0, 6, 138.89
1735652751, 156, 15, 40, 0, 0, 0.17%, 8, 0, 6, 134.84
1735652756, 156, 18, 40, 0, 0, 0.17%, 8, 0, 6, 140.21
1735652762, 156, 19, 40, 0, 0, 0.17%, 8, 0, 6, 136.35
1735652767, 156, 26, 40, 0, 0, 0.17%, 8, 0, 6, 141.89
1735652772, 156, 34, 40, 0, 0, 0.17%, 8, 0, 6, 141.79
1735652777, 156, 37, 40, 0, 0, 0.17%, 8, 0, 6, 154.92
1735652782, 157, 13, 40, 0, 0, 0.17%, 8, 0, 6, 134.19
1735652787, 157, 15, 40, 0, 0, 0.17%, 8, 0, 6, 133.05
1735652792, 158, 4, 40, 0, 0, 0.17%, 8, 0, 6, 135.88
1735652797, 158, 12, 40, 0, 0, 0.17%, 8, 0, 6, 139.74
1735652802, 158, 14, 40, 0, 0, 0.17%, 8, 0, 6, 135.20
1735652807, 158, 15, 40, 0, 0, 0.17%, 8, 0, 6, 139.20
1735652813, 158, 26, 40, 0, 0, 0.17%, 8, 0, 6, 139.71
1735652818, 159, 11, 40, 0, 0, 0.17%, 8, 0, 6, 134.20
1735652823, 159, 14, 40, 0, 0, 0.17%, 8, 0, 6, 134.95
1735652828, 159, 15, 40, 0, 0, 0.17%, 8, 0, 6, 136.43
1735652833, 159, 21, 40, 0, 0, 0.17%, 8, 0, 6, 151.07
1735652838, 159, 23, 40, 0, 0, 0.17%, 8, 0, 6, 139.64
1735652843, 159, 31, 40, 0, 0, 0.17%, 8, 0, 6, 145.69
1735652849, 160, 3, 40, 0, 0, 0.17%, 8, 0, 6, 143.67
1735652854, 160, 13, 40, 0, 0, 0.17%, 8, 0, 6, 138.68
1735652859, 160, 15, 40, 0, 0, 0.17%, 8, 0, 6, 139.56
1735652864, 160, 16, 40, 0, 0, 0.17%, 8, 0, 6, 136.28
1735652869, 160, 25, 40, 0, 0, 0.17%, 8, 0, 6, 153.60
1735652874, 161, 11, 40, 0, 0, 0.17%, 8, 0, 6, 142.53
1735652879, 161, 14, 40, 0, 0, 0.17%, 8, 0, 6, 136.59
1735652884, 161, 15, 40, 0, 0, 0.17%, 8, 0, 6, 135.67
1735652889, 161, 25, 40, 0, 0, 0.17%, 8, 0, 6, 141.91
1735652895, 162, 13, 40, 0, 0, 0.17%, 8, 0, 6, 140.11
1735652900, 162, 15, 40, 0, 0, 0.17%, 8, 0, 6, 135.52
1735652905, 162, 31, 40, 0, 0, 0.17%, 8, 0, 6, 145.53
1735652910, 162, 38, 40, 0, 0, 0.17%, 8, 0, 6, 150.15
1735652915, 163, 11, 40, 0, 0, 0.17%, 8, 0, 6, 143.30
1735652920, 163, 14, 40, 0, 0, 0.17%, 8, 0, 6, 142.25
1735652925, 163, 15, 40, 0, 0, 0.17%, 8, 0, 6, 132.69
1735652930, 163, 18, 40, 0, 0, 0.17%, 8, 0, 6, 138.73
1735652935, 163, 25, 40, 0, 0, 0.17%, 8, 0, 6, 151.41
1735652940, 164, 13, 40, 0, 0, 0.17%, 8, 0, 6, 143.56
1735652945, 164, 15, 40, 0, 0, 0.17%, 8, 0, 6, 139.02
1735652950, 164, 27, 40, 0, 0, 0.17%, 8, 0, 6, 147.92
1735652956, 165, 5, 40, 0, 0, 0.17%, 8, 0, 6, 138.83
1735652961, 165, 13, 40, 0, 0, 0.17%, 8, 0, 6, 135.17
1735652966, 165, 15, 40, 0, 0, 0.17%, 8, 0, 6, 132.17
1735652971, 165, 20, 40, 0, 0, 0.17%, 8, 0, 6, 162.05
1735652976, 165, 25, 40, 0, 0, 0.17%, 8, 0, 6, 149.00
1735652981, 165, 36, 40, 0, 0, 0.17%, 8, 0, 6, 143.98
1735652986, 166, 13, 40, 0, 0, 0.17%, 8, 0, 6, 139.50
1735652991, 166, 14, 40, 0, 0, 0.17%, 8, 0, 6, 140.09
1735652996, 166, 15, 40, 0, 0, 0.17%, 8, 0, 6, 140.65
1735653002, 167, 1, 40, 0, 0, 0.17%, 8, 0, 6, 141.27
1735653007, 167, 11, 40, 0, 0, 0.17%, 8, 0, 6, 140.02
1735653012, 167, 14, 40, 0, 0, 0.17%, 8, 0, 6, 136.83
1735653017, 167, 16, 40, 0, 0, 0.17%, 8, 0, 6, 141.83
1735653022, 167, 38, 40, 0, 0, 0.17%, 8, 0, 6, 171.77
1735653027, 168, 0, 40, 0, 0, 0.17%, 8, 0, 6, 156.46
1735653032, 168, 13, 40, 0, 0, 0.17%, 8, 0, 6, 151.38
1735653038, 168, 15, 40, 0, 0, 0.17%, 8, 0, 6, 135.36
1735653043, 168, 16, 40, 0, 0, 0.17%, 8, 0, 6, 152.00
1735653048, 168, 24, 40, 0, 0, 0.17%, 8, 0, 6, 143.60
1735653053, 168, 25, 40, 0, 0, 0.17%, 8, 0, 6, 149.32
1735653058, 168, 36, 40, 0, 0, 0.17%, 8, 0, 6, 142.73
1735653063, 169, 11, 40, 0, 0, 0.17%, 8, 0, 6, 133.99
1735653068, 169, 14, 40, 0, 0, 0.17%, 8, 0, 6, 133.68
1735653073, 170, 11, 40, 0, 0, 0.17%, 8, 0, 6, 133.83
1735653078, 170, 14, 40, 0, 0, 0.17%, 8, 0, 6, 136.33
1735653083, 170, 15, 40, 0, 0, 0.17%, 8, 0, 6, 136.42
1735653089, 171, 4, 40, 0, 0, 0.17%, 8, 0, 6, 149.52
1735653094, 171, 13, 40, 0, 0, 0.17%, 8, 0, 6, 144.23
1735653099, 171, 15, 40, 0, 0, 0.17%, 8, 0, 6, 146.92
1735653104, 171, 31, 40, 0, 0, 0.17%, 8, 0, 6, 143.48
1735653109, 172, 11, 40, 0, 0, 0.17%, 8, 0, 6, 142.84
1735653114, 172, 14, 40, 0, 0, 0.17%, 8, 0, 6, 136.48
1735653119, 172, 15, 40, 0, 0, 0.17%, 8, 0, 6, 135.13
1735653124, 172, 30, 40, 0, 0, 0.17%, 8, 0, 6, 142.58
1735653130, 173, 13, 40, 0, 0, 0.17%, 8, 0, 6, 140.55
1735653135, 173, 15, 40, 0, 0, 0.17%, 8, 0, 6, 142.93
1735653140, 174, 13, 40, 0, 0, 0.17%, 8, 0, 6, 139.04
1735653145, 174, 15, 40, 0, 0, 0.17%, 8, 0, 6, 140.84
1735653150, 175, 11, 40, 0, 0, 0.17%, 8, 0, 6, 150.34
1735653155, 175, 14, 40, 0, 0, 0.17%, 8, 0, 6, 142.87
1735653160, 175, 15, 40, 0, 0, 0.17%, 8, 0, 6, 138.68
1735653165, 176, 13, 40, 0, 0, 0.17%, 8, 0, 6, 138.00
1735653171, 176, 14, 40, 0, 0, 0.17%, 8, 0, 6, 137.19
1735653176, 176, 15, 40, 0, 0, 0.17%, 8, 0, 6, 137.67
1735653181, 176, 18, 40, 0, 0, 0.17%, 8, 0, 6, 143.16
1735653186, 176, 19, 40, 0, 0, 0.17%, 8, 0, 6, 140.79
1735653191, 176, 25, 40, 0, 0, 0.17%, 8, 0, 6, 142.74
1735653196, 176, 29, 40, 0, 0, 0.17%, 8, 0, 6, 142.91
1735653201, 177, 11, 40, 0, 0, 0.17%, 8, 0, 6, 141.14
1735653206, 177, 14, 40, 0, 0, 0.17%, 8, 0, 6, 137.04
1735653211, 177, 15, 40, 0, 0, 0.17%, 8, 0, 6, 133.07
1735653217, 177, 22, 40, 0, 0, 0.17%, 8, 0, 6, 153.64
1735653222, 177, 32, 40, 0, 0, 0.17%, 8, 0, 6, 151.89
1735653227, 178, 13, 40, 0, 0, 0.17%, 8, 0, 6, 148.75
1735653232, 178, 15, 40, 0, 0, 0.17%, 8, 0, 6, 138.91
1735653237, 178, 24, 40, 0, 0, 0.17%, 8, 0, 6, 147.44
1735653242, 179, 13, 40, 0, 0, 0.17%, 8, 0, 6, 136.69
1735653247, 179, 14, 40, 0, 0, 0.17%, 8, 0, 6, 141.88
1735653252, 179, 29, 40, 0, 0, 0.17%, 8, 0, 6, 138.06
1735653262, 179, 30, 40, 0, 0, 0.17%, 8, 0, 6, 144.38
1735653267, 179, 32, 40, 0, 0, 0.17%, 8, 0, 6, 144.30
1735653272, 179, 33, 40, 0, 0, 0.17%, 8, 0, 6, 142.46
1735653277, 180, 11, 40, 0, 0, 0.17%, 8, 0, 6, 142.09
1735653282, 180, 14, 40, 0, 0, 0.17%, 8, 0, 6, 134.42
1735653287, 180, 15, 40, 0, 0, 0.17%, 8, 0, 6, 131.67
1735653292, 180, 29, 40, 0, 0, 0.17%, 8, 0, 6, 153.09
1735653297, 181, 11, 40, 0, 0, 0.17%, 8, 0, 6, 139.57
1735653302, 181, 14, 40, 0, 0, 0.17%, 8, 0, 6, 142.42
1735653308, 181, 15, 40, 0, 0, 0.17%, 8, 0, 6, 136.46
1735653313, 181, 18, 40, 0, 0, 0.17%, 8, 0, 6, 137.41
1735653318, 182, 7, 40, 0, 0, 0.17%, 8, 0, 6, 140.99
1735653323, 182, 13, 40, 0, 0, 0.17%, 8, 0, 6, 142.79
1735653328, 182, 15, 40, 0, 0, 0.17%, 8, 0, 6, 131.06
1735653333, 182, 23, 40, 0, 0, 0.17%, 8, 0, 6, 134.92
1735653338, 183, 11, 40, 0, 0, 0.17%, 8, 0, 6, 131.84
1735653343, 183, 14, 40, 0, 0, 0.17%, 8, 0, 6, 133.71
1735653348, 183, 15, 40, 0, 0, 0.17%, 8, 0, 6, 144.37
1735653353, 183, 22, 40, 0, 0, 0.17%, 8, 0, 6, 145.27
1735653359, 183, 30, 40, 0, 0, 0.17%, 8, 0, 6, 135.63
1735653364, 183, 32, 40, 0, 0, 0.17%, 8, 0, 6, 140.46
1735653369, 184, 14, 40, 0, 0, 0.17%, 8, 0, 6, 143.99
1735653374, 184, 15, 40, 0, 0, 0.17%, 8, 0, 6, 146.37
1735653379, 184, 24, 40, 0, 0, 0.17%, 8, 0, 6, 145.37
1735653384, 184, 37, 40, 0, 0, 0.17%, 8, 0, 6, 147.78
1735653389, 185, 13, 40, 0, 0, 0.17%, 8, 0, 6, 133.22
1735653394, 185, 15, 40, 0, 0, 0.17%, 8, 0, 6, 143.39
1735653399, 185, 30, 40, 0, 0, 0.17%, 8, 0, 6, 142.69
1735653404, 186, 4, 40, 0, 0, 0.17%, 8, 0, 6, 137.66
1735653409, 186, 13, 40, 0, 0, 0.17%, 8, 0, 6, 131.19
1735653414, 186, 15, 40, 0, 0, 0.17%, 8, 0, 6, 132.28
1735653420, 187, 11, 40, 0, 0, 0.17%, 8, 0, 6, 135.85
1735653425, 187, 14, 40, 0, 0, 0.17%, 8, 0, 6, 138.72
1735653430, 187, 15, 40, 0, 0, 0.17%, 8, 0, 6, 133.59
1735653435, 188, 13, 40, 0, 0, 0.17%, 8, 0, 6, 137.06
1735653440, 188, 15, 40, 0, 0, 0.17%, 8, 0, 6, 135.61
1735653445, 189, 11, 40, 0, 0, 0.17%, 8, 0, 6, 135.55
1735653450, 189, 14, 40, 0, 0, 0.17%, 8, 0, 6, 134.06
1735653456, 189, 15, 40, 0, 0, 0.17%, 8, 0, 6, 137.61
1735653461, 189, 20, 40, 0, 0, 0.17%, 8, 0, 6, 150.05
1735653466, 190, 13, 40, 0, 0, 0.17%, 8, 0, 6, 144.28
1735653471, 190, 15, 40, 0, 0, 0.17%, 8, 0, 6, 134.18
1735653476, 190, 30, 40, 0, 0, 0.17%, 8, 0, 6, 132.84
1735653481, 191, 11, 40, 0, 0, 0.17%, 8, 0, 6, 139.23
1735653486, 191, 14, 40, 0, 0, 0.17%, 8, 0, 6, 136.22
1735653491, 191, 15, 40, 0, 0, 0.17%, 8, 0, 6, 131.20
1735653496, 191, 20, 40, 0, 0, 0.17%, 8, 0, 6, 151.90
1735653501, 191, 35, 40, 0, 0, 0.17%, 8, 0, 6, 142.86
1735653506, 192, 11, 40, 0, 0, 0.17%, 8, 0, 6, 157.23
1735653511, 192, 13, 40, 0, 0, 0.17%, 8, 0, 6, 141.52
1735653516, 192, 15, 40, 0, 0, 0.17%, 8, 0, 6, 135.43
1735653521, 192, 22, 40, 0, 0, 0.17%, 8, 0, 6, 153.77
1735653526, 193, 11, 40, 0, 0, 0.17%, 8, 0, 6, 143.83
1735653532, 193, 14, 40, 0, 0, 0.17%, 8, 0, 6, 138.97
1735653537, 193, 15, 40, 0, 0, 0.17%, 8, 0, 6, 141.95
1735653542, 193, 23, 40, 0, 0, 0.17%, 8, 0, 6, 138.06
1735653547, 193, 33, 40, 0, 0, 0.17%, 8, 0, 6, 143.73
1735653552, 194, 13, 40, 0, 0, 0.17%, 8, 0, 6, 140.66
1735653557, 194, 15, 40, 0, 0, 0.17%, 8, 0, 6, 143.03
1735653562, 194, 16, 40, 0, 0, 0.17%, 8, 0, 6, 159.09
1735653567, 195, 0, 40, 0, 0, 0.17%, 8, 0, 6, 146.81
1735653572, 195, 13, 40, 0, 0, 0.17%, 8, 0, 6, 140.82
1735653577, 195, 15, 40, 0, 0, 0.17%, 8, 0, 6, 137.17
1735653583, 195, 22, 40, 0, 0, 0.17%, 8, 0, 6, 157.88
1735653588, 196, 13, 40, 0, 0, 0.17%, 8, 0, 6, 142.87
1735653593, 196, 15, 40, 0, 0, 0.17%, 8, 0, 6, 139.15
1735653598, 196, 29, 40, 0, 0, 0.17%, 8, 0, 6, 141.69
1735653608, 197, 13, 40, 0, 0, 0.17%, 8, 0, 6, 134.70
1735653613, 197, 15, 40, 0, 0, 0.17%, 8, 0, 6, 136.84
1735653618, 198, 11, 40, 0, 0, 0.17%, 8, 0, 6, 135.90
1735653623, 198, 14, 40, 0, 0, 0.17%, 8, 0, 6, 144.06
1735653628, 198, 15, 40, 0, 0, 0.17%, 8, 0, 6, 133.91
1735653633, 198, 29, 40, 0, 0, 0.17%, 8, 0, 6, 144.83
1735653638, 199, 6, 40, 0, 0, 0.17%, 8, 0, 6, 152.93
1735653643, 199, 13, 40, 0, 0, 0.17%, 8, 0, 6, 143.72
1735653648, 199, 15, 40, 0, 0, 0.17%, 8, 0, 6, 132.87
1735653654, 200, 11, 40, 0, 0, 0.17%, 8, 0, 6, 144.59
1735653659, 200, 14, 40, 0, 0, 0.17%, 8, 0, 6, 139.30
1735653664, 200, 15, 40, 0, 0, 0.17%, 8, 0, 6, 139.13
1735653669, 200, 25, 40, 0, 0, 0.17%, 8, 0, 6, 138.03
1735653674, 200, 35, 40, 0, 0, 0.17%, 8, 0, 6, 150.57
1735653679, 201, 13, 40, 0, 0, 0.17%, 8, 0, 6, 153.78
1735653684, 201, 15, 40, 0, 0, 0.17%, 8, 0, 6, 136.99
1735653689, 201, 34, 40, 0, 0, 0.17%, 8, 0, 6, 132.75
1735653694, 202, 11, 40, 0, 0, 0.17%, 8, 0, 6, 134.07
1735653699, 202, 14, 40, 0, 0, 0.17%, 8, 0, 6, 140.47
1735653705, 202, 15, 40, 0, 0, 0.17%, 8, 0, 6, 134.14
1735653710, 202, 24, 40, 0, 0, 0.17%, 8, 0, 6, 139.14
1735653715, 202, 31, 40, 0, 0, 0.17%, 8, 0, 6, 144.46
1735653720, 202, 37, 40, 0, 0, 0.17%, 8, 0, 6, 147.53
1735653725, 203, 11, 40, 0, 0, 0.17%, 8, 0, 6, 141.90
1735653730, 203, 14, 40, 0, 0, 0.17%, 8, 0, 6, 139.88
1735653735, 203, 15, 40, 0, 0, 0.17%, 8, 0, 6, 131.29
1735653740, 203, 19, 40, 0, 0, 0.17%, 8, 0, 6, 140.73
1735653746, 203, 36, 40, 0, 0, 0.17%, 8, 0, 6, 138.69
1735653751, 204, 11, 40, 0, 0, 0.17%, 8, 0, 6, 131.67
1735653756, 204, 14, 40, 0, 0, 0.17%, 8, 0, 6, 139.54
1735653761, 204, 15, 40, 0, 0, 0.17%, 8, 0, 6, 141.47
1735653766, 205, 13, 40, 0, 0, 0.17%, 8, 0, 6, 138.19
1735653771, 205, 15, 40, 0, 0, 0.17%, 8, 0, 6, 136.56
1735653776, 205, 17, 40, 0, 0, 0.17%, 8, 0, 6, 139.18
1735653781, 205, 32, 40, 0, 0, 0.17%, 8, 0, 6, 142.62
1735653786, 205, 33, 40, 0, 0, 0.17%, 8, 0, 6, 141.48
1735653792, 206, 0, 40, 0, 0, 0.17%, 8, 0, 6, 140.72
1735653797, 206, 13, 40, 0, 0, 0.17%, 8, 0, 6, 139.50
1735653802, 206, 15, 40, 0, 0, 0.17%, 8, 0, 6, 137.73
1735653807, 207, 10, 40, 0, 0, 0.17%, 8, 0, 6, 138.20
1735653817, 207, 11, 40, 0, 0, 0.17%, 8, 0, 6, 140.15
1735653822, 207, 14, 40, 0, 0, 0.17%, 8, 0, 6, 140.01
1735653827, 207, 15, 40, 0, 0, 0.17%, 8, 0, 6, 132.88
1735653832, 208, 13, 40, 0, 0, 0.17%, 8, 0, 6, 133.62
1735653838, 208, 15, 40, 0, 0, 0.17%, 8, 0, 6, 130.94
1735653843, 208, 19, 40, 0, 0, 0.17%, 8, 0, 6, 138.28
1735653848, 208, 27, 40, 0, 0, 0.17%, 8, 0, 6, 145.62
1735653853, 208, 28, 40, 0, 0, 0.17%, 8, 0, 6, 131.56
1735653858, 209, 7, 40, 0, 0, 0.17%, 8, 0, 6, 130.41
1735653863, 209, 11, 40, 0, 0, 0.17%, 8, 0, 6, 141.17
1735653868, 209, 14, 40, 0, 0, 0.17%, 8, 0, 6, 139.33
1735653874, 209, 15, 40, 0, 0, 0.17%, 8, 0, 6, 150.83
1735653879, 209, 21, 40, 0, 0, 0.17%, 8, 0, 6, 148.72
1735653884, 210, 13, 40, 0, 0, 0.17%, 8, 0, 6, 139.24
1735653889, 210, 15, 40, 0, 0, 0.17%, 8, 0, 6, 135.52
1735653894, 210, 16, 40, 0, 0, 0.17%, 8, 0, 6, 160.05
1735653899, 210, 20, 40, 0, 0, 0.17%, 8, 0, 6, 152.87
1735653904, 210, 31, 40, 0, 0, 0.17%, 8, 0, 6, 140.60
1735653909, 210, 37, 40, 0, 0, 0.17%, 8, 0, 6, 145.54
1735653914, 210, 38, 40, 0, 0, 0.17%, 8, 0, 6, 153.14
1735653919, 211, 13, 40, 0, 0, 0.17%, 8, 0, 6, 135.75
1735653924, 211, 15, 40, 0, 0, 0.17%, 8, 0, 6, 139.58
1735653929, 212, 11, 40, 0, 0, 0.17%, 8, 0, 6, 130.90
1735653934, 212, 14, 40, 0, 0, 0.17%, 8, 0, 6, 134.31
1735653940, 212, 15, 40, 0, 0, 0.17%, 8, 0, 6, 137.33
1735653945, 213, 11, 40, 0, 0, 0.17%, 8, 0, 6, 140.26
1735653950, 213, 14, 40, 0, 0, 0.17%, 8, 0, 6, 143.29
1735653955, 213, 21, 40, 0, 0, 0.17%, 8, 0, 6, 149.32
1735653960, 214, 2, 40, 0, 0, 0.17%, 8, 0, 6, 147.04
1735653965, 214, 13, 40, 0, 0, 0.17%, 8, 0, 6, 139.72
1735653970, 214, 15, 40, 0, 0, 0.17%, 8, 0, 6, 139.39
1735653975, 214, 29, 40, 0, 0, 0.17%, 8, 0, 6, 144.92
1735653985, 215, 13, 40, 0, 0, 0.17%, 8, 0, 6, 136.16
1735653990, 215, 15, 40, 0, 0, 0.17%, 8, 0, 6, 132.96
1735653995, 216, 11, 40, 0, 0, 0.17%, 8, 0, 6, 130.05
1735654000, 216, 13, 40, 0, 0, 0.17%, 8, 0, 6, 137.37
1735654006, 216, 15, 40, 0, 0, 0.17%, 8, 0, 6, 139.50
1735654011, 217, 11, 40, 0, 0, 0.17%, 8, 0, 6, 137.92
1735654016, 217, 14, 40, 0, 0, 0.17%, 8, 0, 6, 133.09
1735654021, 217, 15, 40, 0, 0, 0.17%, 8, 0, 6, 133.53
1735654026, 218, 11, 40, 0, 0, 0.17%, 8, 0, 6, 137.93
1735654031, 218, 14, 40, 0, 0, 0.17%, 8, 0, 6, 133.51
1735654036, 218, 15, 40, 0, 0, 0.17%, 8, 0, 6, 130.62
1735654041, 218, 27, 40, 0, 0, 0.17%, 8, 0, 6, 152.90
1735654046, 219, 13, 40, 0, 0, 0.17%, 8, 0, 6, 138.77
1735654051, 219, 15, 40, 0, 0, 0.17%, 8, 0, 6, 142.07
1735654056, 219, 19, 40, 0, 0, 0.17%, 8, 0, 6, 146.54
1735654061, 220, 11, 40, 0, 0, 0.17%, 8, 0, 6, 138.15
1735654066, 220, 14, 40, 0, 0, 0.17%, 8, 0, 6, 134.83
1735654072, 220, 15, 40, 0, 0, 0.17%, 8, 0, 6, 132.39
1735654077, 220, 28, 40, 0, 0, 0.17%, 8, 0, 6, 140.03
1735654082, 220, 33, 40, 0, 0, 0.17%, 8, 0, 6, 145.14
1735654087, 220, 35, 40, 0, 0, 0.17%, 8, 0, 6, 149.05
1735654092, 221, 9, 40, 0, 0, 0.17%, 8, 0, 6, 139.85
1735654097, 221, 14, 40, 0, 0, 0.17%, 8, 0, 6, 146.60
1735654102, 221, 15, 40, 0, 0, 0.17%, 8, 0, 6, 134.13
1735654107, 221, 35, 40, 0, 0, 0.17%, 8, 0, 6, 147.38
1735654112, 222, 11, 40, 0, 0, 0.17%, 8, 0, 6, 141.53
1735654117, 222, 14, 40, 0, 0, 0.17%, 8, 0, 6, 135.87
1735654122, 222, 15, 40, 0, 0, 0.17%, 8, 0, 6, 135.81
1735654127, 222, 25, 40, 0, 0, 0.17%, 8, 0, 6, 149.11
1735654133, 223, 13, 40, 0, 0, 0.17%, 8, 0, 6, 148.37
1735654138, 223, 15, 40, 0, 0, 0.17%, 8, 0, 6, 131.32
1735654143, 224, 11, 40, 0, 0, 0.17%, 8, 0, 6, 130.50
1735654148, 224, 14, 40, 0, 0, 0.17%, 8, 0, 6, 136.31
1735654153, 224, 15, 40, 0, 0, 0.17%, 8, 0, 6, 133.33
1735654158, 224, 27, 40, 0, 0, 0.17%, 8, 0, 6, 135.53
1735654163, 225, 13, 40, 0, 0, 0.17%, 8, 0, 6, 135.65
1735654168, 225, 15, 40, 0, 0, 0.17%, 8, 0, 6, 138.67
1735654173, 225, 31, 40, 0, 0, 0.17%, 8, 0, 6, 132.58
1735654178, 225, 39, 40, 0, 0, 0.17%, 8, 0, 6, 164.86
1735654183, 226, 13, 40, 0, 0, 0.17%, 8, 0, 6, 148.13
1735654188, 226, 15, 40, 0, 0, 0.17%, 8, 0, 6, 145.21
1735654198, 226, 17, 40, 0, 0, 0.17%, 8, 0, 6, 137.44
1735654203, 227, 13, 40, 0, 0, 0.17%, 8, 0, 6, 136.72
1735654208, 227, 14, 40, 0, 0, 0.17%, 8, 0, 6, 134.07
1735654213, 227, 15, 40, 0, 0, 0.17%, 8, 0, 6, 138.92
1735654218, 227, 17, 40, 0, 0, 0.17%, 8, 0, 6, 141.74
1735654223, 228, 12, 40, 0, 0, 0.17%, 8, 0, 6, 137.18
1735654228, 228, 14, 40, 0, 0, 0.17%, 8, 0, 6, 137.45
1735654233, 228, 15, 40, 0, 0, 0.17%, 8, 0, 6, 135.08
1735654239, 228, 31, 40, 0, 0, 0.17%, 8, 0, 6, 137.03
1735654244, 229, 6, 40, 0, 0, 0.17%, 8, 0, 6, 140.09
1735654249, 229, 13, 40, 0, 0, 0.17%, 8, 0, 6, 134.85
1735654254, 229, 15, 40, 0, 0, 0.17%, 8, 0, 6, 138.55
1735654259, 229, 17, 40, 0, 0, 0.17%, 8, 0, 6, 128.77
1735654264, 230, 0, 40, 0, 0, 0.17%, 8, 0, 6, 134.09
1735654269, 230, 13, 40, 0, 0, 0.17%, 8, 0, 6, 140.87
1735654274, 230, 15, 40, 0, 0, 0.17%, 8, 0, 6, 137.74
1735654279, 230, 23, 40, 0, 0, 0.17%, 8, 0, 6, 146.45
1735654284, 231, 11, 40, 0, 0, 0.17%, 8, 0, 6, 138.20
1735654290, 231, 14, 40, 0, 0, 0.17%, 8, 0, 6, 135.27
1735654295, 232, 11, 40, 0, 0, 0.17%, 8, 0, 6, 141.89
1735654300, 232, 13, 40, 0, 0, 0.17%, 8, 0, 6, 137.12
1735654305, 232, 15, 40, 0, 0, 0.17%, 8, 0, 6, 127.94
1735654310, 232, 25, 40, 0, 0, 0.17%, 8, 0, 6, 145.34
1735654315, 233, 11, 40, 0, 0, 0.17%, 8, 0, 6, 139.89
1735654320, 233, 14, 40, 0, 0, 0.17%, 8, 0, 6, 138.20
1735654326, 233, 15, 40, 0, 0, 0.17%, 8, 0, 6, 137.31
1735654331, 233, 29, 40, 0, 0, 0.17%, 8, 0, 6, 141.11
1735654341, 233, 33, 40, 0, 0, 0.17%, 8, 0, 6, 147.89
1735654346, 233, 35, 40, 0, 0, 0.17%, 8, 0, 6, 141.81
1735654351, 234, 13, 40, 0, 0, 0.17%, 8, 0, 6, 137.70
1735654356, 234, 15, 40, 0, 0, 0.17%, 8, 0, 6, 139.55
1735654366, 234, 34, 40, 0, 0, 0.17%, 8, 0, 6, 152.51
1735654371, 235, 11, 40, 0, 0, 0.17%, 8, 0, 6, 145.99
1735654376, 235, 14, 40, 0, 0, 0.17%, 8, 0, 6, 142.85
1735654382, 235, 15, 40, 0, 0, 0.17%, 8, 0, 6, 136.58
1735654387, 235, 23, 40, 0, 0, 0.17%, 8, 0, 6, 147.77
1735654392, 236, 13, 40, 0, 0, 0.17%, 8, 0, 6, 137.52
1735654397, 236, 15, 40, 0, 0, 0.17%, 8, 0, 6, 129.81
1735654402, 236, 18, 40, 0, 0, 0.17%, 8, 0, 6, 143.79
1735654407, 237, 11, 40, 0, 0, 0.17%, 8, 0, 6, 137.29
1735654412, 237, 14, 40, 0, 0, 0.17%, 8, 0, 6, 138.61
1735654417, 237, 15, 40, 0, 0, 0.17%, 8, 0, 6, 141.36
1735654422, 238, 13, 40, 0, 0, 0.17%, 8, 0, 6, 135.88
1735654427, 238, 14, 40, 0, 0, 0.17%, 8, 0, 6, 132.56
1735654432, 238, 35, 40, 0, 0, 0.17%, 8, 0, 6, 137.97
1735654437, 239, 0, 40, 0, 0, 0.17%, 8, 0, 6, 140.41
1735654442, 239, 13, 40, 0, 0, 0.17%, 8, 0, 6, 135.98
1735654447, 239, 15, 40, 0, 0, 0.17%, 8, 0, 6, 138.49
1735654453, 240, 11, 40, 0, 0, 0.17%, 8, 0, 6, 138.37
1735654458, 240, 14, 40, 0, 0, 0.17%, 8, 0, 6, 141.11
1735654463, 240, 15, 40, 0, 0, 0.17%, 8, 0, 6, 141.53
1735654468, 240, 17, 40, 0, 0, 0.17%, 8, 0, 6, 133.01
1735654473, 240, 30, 40, 0, 0, 0.17%, 8, 0, 6, 139.36
1735654478, 241, 11, 40, 0, 0, 0.17%, 8, 0, 6, 132.46
1735654483, 241, 14, 40, 0, 0, 0.17%, 8, 0, 6, 137.02
1735654488, 241, 15, 40, 0, 0, 0.17%, 8, 0, 6, 140.80
1735654493, 242, 11, 40, 0, 0, 0.17%, 8, 0, 6, 137.80
1735654498, 242, 14, 40, 0, 0, 0.17%, 8, 0, 6, 141.04
1735654503, 242, 15, 40, 0, 0, 0.17%, 8, 0, 6, 148.84
1735654508, 243, 13, 40, 0, 0, 0.17%, 8, 0, 6, 141.76
1735654513, 243, 15, 40, 0, 0, 0.17%, 8, 0, 6, 141.46
1735654518, 244, 11, 40, 0, 0, 0.17%, 8, 0, 6, 137.05
1735654523, 244, 14, 40, 0, 0, 0.17%, 8, 0, 6, 143.04
1735654528, 244, 15, 40, 0, 0, 0.17%, 8, 0, 6, 135.04
1735654534, 244, 28, 40, 0, 0, 0.17%, 8, 0, 6, 143.28
1735654539, 244, 35, 40, 0, 0, 0.17%, 8, 0, 6, 145.98
1735654544, 245, 12, 40, 0, 0, 0.17%, 8, 0, 6, 143.59
1735654549, 245, 14, 40, 0, 0, 0.17%, 8, 0, 6, 137.07
1735654554, 245, 15, 40, 0, 0, 0.17%, 8, 0, 6, 136.57
1735654559, 245, 24, 40, 0, 0, 0.17%, 8, 0, 6, 146.17
1735654564, 245, 34, 40, 0, 0, 0.17%, 8, 0, 6, 133.21
1735654570, 246, 13, 40, 0, 0, 0.17%, 8, 0, 6, 140.08
1735654575, 246, 15, 40, 0, 0, 0.17%, 8, 0, 6, 134.20
1735654580, 246, 20, 40, 0, 0, 0.17%, 8, 0, 6, 161.93
1735654585, 246, 27, 40, 0, 0, 0.17%, 8, 0, 6, 155.62
1735654590, 246, 33, 40, 0, 0, 0.17%, 8, 0, 6, 137.98
1735654595, 247, 11, 40, 0, 0, 0.17%, 8, 0, 6, 142.86
1735654600, 247, 14, 40, 0, 0, 0.17%, 8, 0, 6, 137.29
1735654605, 247, 15, 40, 0, 0, 0.17%, 8, 0, 6, 133.34
1735654610, 248, 11, 40, 0, 0, 0.17%, 8, 0, 6, 134.73
1735654615, 248, 14, 40, 0, 0, 0.17%, 8, 0, 6, 134.41
1735654620, 248, 15, 40, 0, 0, 0.17%, 8, 0, 6, 135.99
1735654625, 248, 18, 40, 0, 0, 0.17%, 8, 0, 6, 142.12
1735654630, 249, 12, 40, 0, 0, 0.17%, 8, 0, 6, 141.93
1735654636, 249, 14, 40, 0, 0, 0.17%, 8, 0, 6, 140.73
1735654641, 249, 15, 40, 0, 0, 0.17%, 8, 0, 6, 132.49
1735654646, 249, 34, 40, 0, 0, 0.17%, 8, 0, 6, 136.10
1735654651, 250, 13, 40, 0, 0, 0.17%, 8, 0, 6, 137.66
1735654656, 250, 15, 40, 0, 0, 0.17%, 8, 0, 6, 135.91
1735654661, 250, 35, 40, 0, 0, 0.17%, 8, 0, 6, 135.72
1735654666, 250, 36, 40, 0, 0, 0.17%, 8, 0, 6, 140.31
1735654671, 251, 11, 40, 0, 0, 0.17%, 8, 0, 6, 149.40
1735654676, 251, 14, 40, 0, 0, 0.17%, 8, 0, 6, 139.11
1735654682, 251, 15, 40, 0, 0, 0.17%, 8, 0, 6, 137.88
1735654687, 251, 19, 40, 0, 0, 0.17%, 8, 0, 6, 146.08
1735654692, 251, 27, 40, 0, 0, 0.17%, 8, 0, 6, 148.27
1735654697, 252, 11, 40, 0, 0, 0.17%, 8, 0, 6, 136.65
1735654702, 252, 14, 40, 0, 0, 0.17%, 8, 0, 6, 131.84
1735654707, 252, 15, 40, 0, 0, 0.17%, 8, 0, 6, 142.22
1735654712, 253, 11, 40, 0, 0, 0.17%, 8, 0, 6, 144.37
1735654717, 253, 13, 40, 0, 0, 0.17%, 8, 0, 6, 134.16
1735654722, 253, 15, 40, 0, 0, 0.17%, 8, 0, 6, 129.26
1735654727, 253, 35, 40, 0, 0, 0.17%, 8, 0, 6, 141.52
1735654733, 254, 11, 40, 0, 0, 0.17%, 8, 0, 6, 141.98
1735654738, 254, 14, 40, 0, 0, 0.17%, 8, 0, 6, 138.16
1735654743, 254, 15, 40, 0, 0, 0.17%, 8, 0, 6, 139.94
1735654748, 255, 11, 40, 0, 0, 0.17%, 8, 0, 6, 137.80
1735654753, 255, 14, 40, 0, 0, 0.17%, 8, 0, 6, 135.49
1735654758, 255, 24, 40, 0, 0, 0.17%, 8, 0, 6, 138.90
