# unix_time, cycles_done, cur_path, paths_total, pending_total, pending_favs, map_size, unique_crashes, unique_hangs, max_depth, execs_per_sec
1735719623, 0, 0, 10, 10, 1, 0.01%, 0, 0, 1, 84.12
1735719628, 0, 4, 10, 10, 1, 0.01%, 0, 0, 1, 103.94
1735719633, 0, 5, 10, 9, 0, 0.01%, 0, 0, 1, 103.75
1735719643, 0, 6, 10, 8, 0, 0.01%, 0, 0, 1, 101.05
1735719653, 0, 7, 10, 7, 0, 0.01%, 0, 0, 1, 99.46
1735719663, 0, 8, 10, 6, 0, 0.01%, 0, 0, 1, 98.01
1735719674, 0, 9, 10, 5, 0, 0.01%, 0, 0, 1, 95.91
1735719684, 1, 0, 10, 4, 0, 0.01%, 0, 0, 1, 95.15
1735719699, 1, 1, 10, 3, 0, 0.01%, 0, 0, 1, 98.52
1735719709, 1, 2, 10, 2, 0, 0.01%, 0, 0, 1, 92.59
1735719719, 1, 3, 10, 1, 0, 0.01%, 0, 0, 1, 102.38
1735719734, 1, 4, 10, 0, 0, 0.01%, 0, 0, 1, 100.74
1735719740, 1, 6, 10, 0, 0, 0.01%, 0, 0, 1, 101.83
1735719745, 1, 7, 10, 0, 0, 0.01%, 0, 0, 1, 101.89
1735719750, 1, 9, 10, 0, 0, 0.01%, 0, 0, 1, 100.20
1735719755, 2, 0, 10, 0, 0, 0.01%, 0, 0, 1, 106.35
1735719760, 2, 1, 10, 0, 0, 0.01%, 0, 0, 1, 102.12
1735719765, 2, 3, 10, 0, 0, 0.01%, 0, 0, 1, 102.91
1735719771, 2, 10, 13, 3, 1, 0.16%, 3, 0, 3, 127.87
1735719796, 2, 10, 14, 4, 1, 0.16%, 3, 0, 3, 112.47
1735719827, 2, 10, 18, 8, 1, 0.16%, 3, 0, 3, 116.61
1735719832, 2, 10, 21, 11, 1, 0.17%, 4, 0, 3, 118.24
1735719842, 2, 12, 21, 10, 2, 0.17%, 4, 0, 3, 142.69
1735719847, 2, 12, 22, 11, 2, 0.17%, 5, 0, 4, 119.31
1735719878, 2, 20, 23, 11, 2, 0.17%, 5, 0, 4, 165.18
1735719893, 2, 20, 24, 12, 2, 0.17%, 5, 0, 4, 132.32
1735719904, 2, 20, 25, 13, 2, 0.17%, 5, 0, 4, 125.45
1735719919, 2, 20, 26, 14, 2, 0.17%, 5, 0, 4, 128.38
1735719929, 2, 20, 27, 15, 2, 0.17%, 5, 0, 4, 128.86
1735719991, 2, 21, 27, 14, 2, 0.17%, 5, 0, 4, 154.66
1735720032, 2, 24, 27, 13, 1, 0.17%, 5, 0, 4, 116.89
1735720083, 2, 25, 27, 12, 0, 0.17%, 5, 0, 4, 191.51
1735720129, 2, 26, 27, 11, 0, 0.17%, 5, 0, 4, 183.01
1735720180, 3, 11, 27, 10, 0, 0.17%, 5, 0, 4, 144.36
1735720201, 3, 12, 27, 9, 0, 0.17%, 5, 0, 4, 121.38
1735720211, 3, 15, 27, 9, 0, 0.17%, 5, 0, 4, 189.19
1735720232, 3, 17, 27, 8, 0, 0.17%, 5, 0, 4, 146.63
1735720247, 3, 17, 28, 9, 0, 0.17%, 5, 0, 4, 131.62
1735720268, 3, 18, 28, 8, 0, 0.17%, 5, 0, 4, 129.06
1735720298, 3, 19, 28, 7, 0, 0.17%, 5, 0, 4, 203.48
1735720339, 3, 21, 28, 6, 0, 0.17%, 5, 0, 4, 145.76
1735720355, 3, 24, 28, 6, 0, 0.17%, 5, 0, 4, 142.26
1735720370, 3, 27, 28, 6, 0, 0.17%, 5, 0, 4, 185.52
1735720472, 4, 12, 28, 5, 0, 0.17%, 5, 0, 4, 140.11
1735720478, 4, 13, 28, 5, 0, 0.17%, 5, 0, 4, 164.26
1735720513, 4, 20, 28, 4, 0, 0.17%, 5, 0, 4, 147.94
1735720524, 4, 21, 28, 4, 0, 0.17%, 5, 0, 4, 138.22
1735720529, 4, 24, 28, 4, 0, 0.17%, 5, 0, 4, 144.17
1735720539, 5, 14, 28, 4, 0, 0.17%, 5, 0, 4, 135.79
1735720575, 5, 21, 29, 4, 0, 0.17%, 5, 0, 5, 143.20
1735720585, 5, 23, 29, 4, 0, 0.17%, 5, 0, 5, 239.86
1735720636, 5, 23, 32, 7, 0, 0.17%, 5, 0, 5, 159.31
1735720641, 5, 24, 32, 6, 0, 0.17%, 5, 0, 5, 147.61
1735720646, 5, 24, 34, 8, 0, 0.17%, 5, 0, 5, 137.10
1735720651, 6, 11, 34, 8, 0, 0.17%, 5, 0, 5, 134.95
1735720656, 6, 12, 34, 8, 0, 0.17%, 5, 0, 5, 134.37
1735720662, 6, 17, 34, 8, 0, 0.17%, 5, 0, 5, 144.83
1735720667, 6, 21, 34, 8, 0, 0.17%, 5, 0, 5, 146.91
1735720677, 6, 24, 34, 8, 0, 0.17%, 5, 0, 5, 135.57
1735720682, 6, 24, 35, 9, 0, 0.17%, 5, 0, 5, 136.87
1735720687, 6, 30, 35, 9, 0, 0.17%, 5, 0, 5, 190.50
1735720754, 7, 12, 35, 8, 0, 0.17%, 5, 0, 5, 152.02
1735720759, 7, 21, 35, 8, 0, 0.17%, 5, 0, 5, 149.81
1735720769, 7, 24, 35, 8, 0, 0.17%, 5, 0, 5, 137.91
1735720774, 7, 28, 35, 8, 0, 0.17%, 5, 0, 5, 178.10
1735720840, 7, 28, 36, 9, 0, 0.17%, 5, 0, 6, 140.08
1735720850, 7, 31, 36, 8, 0, 0.17%, 5, 0, 6, 210.63
1735720922, 7, 34, 36, 7, 0, 0.17%, 5, 0, 6, 195.43
1735721050, 7, 34, 37, 8, 0, 0.17%, 5, 0, 6, 141.65
1735721071, 8, 4, 37, 7, 0, 0.17%, 5, 0, 6, 148.16
1735721076, 8, 20, 37, 7, 0, 0.17%, 5, 0, 6, 142.81
1735721081, 8, 21, 37, 7, 0, 0.17%, 5, 0, 6, 141.26
1735721091, 8, 24, 37, 7, 0, 0.17%, 5, 0, 6, 133.91
1735721096, 8, 27, 37, 7, 0, 0.17%, 5, 0, 6, 137.69
1735721107, 8, 33, 37, 7, 0, 0.17%, 5, 0, 6, 159.76
1735721198, 9, 0, 37, 6, 0, 0.17%, 5, 0, 6, 137.43
1735721204, 9, 12, 37, 6, 0, 0.17%, 5, 0, 6, 140.57
1735721209, 9, 19, 37, 6, 0, 0.17%, 5, 0, 6, 146.71
1735721219, 9, 21, 37, 6, 0, 0.17%, 5, 0, 6, 144.90
1735721224, 9, 22, 37, 6, 0, 0.17%, 5, 0, 6, 185.82
1735721265, 9, 24, 37, 5, 0, 0.17%, 5, 0, 6, 133.48
1735721275, 9, 35, 37, 5, 0, 0.17%, 5, 0, 6, 233.12
1735721316, 9, 35, 39, 7, 0, 0.17%, 6, 0, 7, 199.45
1735721455, 10, 17, 39, 6, 0, 0.17%, 6, 0, 7, 138.02
1735721460, 10, 21, 39, 6, 0, 0.17%, 6, 0, 7, 142.91
1735721465, 10, 24, 39, 6, 0, 0.17%, 6, 0, 7, 134.32
1735721470, 10, 25, 39, 6, 0, 0.17%, 6, 0, 7, 134.53
1735721480, 10, 37, 39, 6, 0, 0.17%, 6, 0, 7, 144.30
1735721639, 10, 38, 39, 5, 0, 0.17%, 6, 0, 7, 219.27
1735721812, 11, 2, 39, 4, 0, 0.17%, 6, 0, 7, 135.24
1735721817, 11, 21, 39, 4, 0, 0.17%, 6, 0, 7, 134.39
1735721828, 11, 24, 39, 4, 0, 0.17%, 6, 0, 7, 136.11
1735721833, 11, 29, 39, 4, 0, 0.17%, 6, 0, 7, 195.45
1735721915, 11, 32, 39, 3, 0, 0.17%, 6, 0, 7, 187.34
1735721992, 12, 8, 39, 2, 0, 0.17%, 6, 0, 7, 141.36
1735721997, 12, 21, 39, 2, 0, 0.17%, 6, 0, 7, 136.36
1735722008, 12, 24, 39, 2, 0, 0.17%, 6, 0, 7, 143.85
1735722013, 13, 10, 39, 2, 0, 0.17%, 6, 0, 7, 131.61
1735722018, 13, 21, 39, 2, 0, 0.17%, 6, 0, 7, 140.23
1735722028, 13, 24, 39, 2, 0, 0.17%, 6, 0, 7, 135.36
1735722033, 14, 12, 39, 2, 0, 0.17%, 6, 0, 7, 133.05
1735722039, 14, 21, 39, 2, 0, 0.17%, 6, 0, 7, 137.29
1735722044, 14, 24, 39, 2, 0, 0.17%, 6, 0, 7, 135.38
1735722049, 15, 12, 39, 2, 0, 0.17%, 6, 0, 7, 136.13
1735722054, 15, 21, 39, 2, 0, 0.17%, 6, 0, 7, 135.08
1735722059, 15, 24, 39, 2, 0, 0.17%, 6, 0, 7, 138.38
1735722064, 15, 25, 39, 2, 0, 0.17%, 6, 0, 7, 139.29
1735722069, 16, 12, 39, 2, 0, 0.17%, 6, 0, 7, 143.17
1735722074, 16, 14, 39, 2, 0, 0.17%, 6, 0, 7, 137.08
1735722080, 16, 21, 39, 2, 0, 0.17%, 6, 0, 7, 136.40
1735722085, 16, 24, 39, 2, 0, 0.17%, 6, 0, 7, 143.45
1735722095, 17, 21, 39, 2, 0, 0.17%, 6, 0, 7, 135.10
1735722105, 17, 24, 39, 2, 0, 0.17%, 6, 0, 7, 136.98
1735722111, 17, 25, 39, 2, 0, 0.17%, 6, 0, 7, 133.66
1735722116, 17, 36, 39, 2, 0, 0.17%, 6, 0, 7, 185.21
1735722212, 18, 12, 39, 1, 0, 0.17%, 6, 0, 7, 137.68
1735722217, 18, 21, 39, 1, 0, 0.17%, 6, 0, 7, 137.26
1735722222, 18, 22, 39, 1, 0, 0.17%, 6, 0, 7, 150.78
1735722238, 18, 24, 39, 1, 0, 0.17%, 6, 0, 7, 134.64
1735722243, 18, 28, 39, 1, 0, 0.17%, 6, 0, 7, 141.74
1735722259, 19, 6, 39, 1, 0, 0.17%, 6, 0, 7, 136.99
1735722264, 19, 21, 39, 1, 0, 0.17%, 6, 0, 7, 132.62
1735722274, 19, 24, 39, 1, 0, 0.17%, 6, 0, 7, 138.05
1735722279, 20, 12, 39, 1, 0, 0.17%, 6, 0, 7, 135.17
1735722284, 20, 13, 39, 1, 0, 0.17%, 6, 0, 7, 141.49
1735722289, 20, 21, 39, 1, 0, 0.17%, 6, 0, 7, 143.83
1735722295, 20, 24, 39, 1, 0, 0.17%, 6, 0, 7, 137.96
1735722300, 21, 12, 39, 1, 0, 0.17%, 6, 0, 7, 132.82
1735722305, 21, 21, 39, 1, 0, 0.17%, 6, 0, 7, 133.07
1735722310, 21, 24, 39, 1, 0, 0.17%, 6, 0, 7, 132.35
1735722315, 21, 37, 39, 1, 0, 0.17%, 6, 0, 7, 142.20
1735722336, 22, 12, 39, 1, 0, 0.17%, 6, 0, 7, 138.15
1735722341, 22, 16, 39, 1, 0, 0.17%, 6, 0, 7, 199.01
1735722361, 22, 21, 39, 0, 0, 0.17%, 6, 0, 7, 138.69
1735722372, 22, 24, 39, 0, 0, 0.17%, 6, 0, 7, 132.75
1735722377, 22, 31, 39, 0, 0, 0.17%, 6, 0, 7, 152.13
1735722392, 23, 21, 39, 0, 0, 0.17%, 6, 0, 7, 136.47
1735722402, 23, 24, 39, 0, 0, 0.17%, 6, 0, 7, 131.90
1735722407, 24, 12, 39, 0, 0, 0.17%, 6, 0, 7, 131.88
1735722413, 24, 21, 39, 0, 0, 0.17%, 6, 0, 7, 137.75
1735722418, 24, 24, 39, 0, 0, 0.17%, 6, 0, 7, 145.55
1735722423, 25, 12, 39, 0, 0, 0.17%, 6, 0, 7, 133.55
1735722428, 25, 21, 39, 0, 0, 0.17%, 6, 0, 7, 136.10
1735722433, 25, 24, 39, 0, 0, 0.17%, 6, 0, 7, 138.51
1735722438, 26, 7, 39, 0, 0, 0.17%, 6, 0, 7, 136.21
1735722444, 26, 21, 39, 0, 0, 0.17%, 6, 0, 7, 137.43
1735722454, 26, 24, 39, 0, 0, 0.17%, 6, 0, 7, 132.47
1735722459, 26, 25, 39, 0, 0, 0.17%, 6, 0, 7, 137.07
1735722464, 26, 32, 39, 0, 0, 0.17%, 6, 0, 7, 140.97
1735722480, 26, 34, 39, 0, 0, 0.17%, 6, 0, 7, 148.99
1735722495, 27, 10, 39, 0, 0, 0.17%, 6, 0, 7, 145.92
1735722500, 27, 21, 39, 0, 0, 0.17%, 6, 0, 7, 138.93
1735722510, 27, 24, 39, 0, 0, 0.17%, 6, 0, 7, 133.95
1735722515, 27, 33, 39, 0, 0, 0.17%, 6, 0, 7, 137.13
1735722531, 28, 12, 39, 0, 0, 0.17%, 6, 0, 7, 134.96
1735722536, 28, 15, 39, 0, 0, 0.17%, 6, 0, 7, 139.71
1735722541, 28, 21, 39, 0, 0, 0.17%, 6, 0, 7, 135.10
1735722546, 28, 24, 39, 0, 0, 0.17%, 6, 0, 7, 131.97
1735722552, 28, 26, 39, 0, 0, 0.17%, 6, 0, 7, 142.56
1735722562, 28, 34, 39, 0, 0, 0.17%, 6, 0, 7, 154.70
1735722577, 29, 12, 39, 0, 0, 0.17%, 6, 0, 7, 134.47
1735722582, 29, 21, 39, 0, 0, 0.17%, 6, 0, 7, 141.03
1735722593, 29, 24, 39, 0, 0, 0.17%, 6, 0, 7, 136.23
1735722598, 29, 31, 39, 0, 0, 0.17%, 6, 0, 7, 142.51
1735722608, 29, 34, 39, 0, 0, 0.17%, 6, 0, 7, 138.69
1735722613, 30, 12, 39, 0, 0, 0.17%, 6, 0, 7, 134.37
1735722618, 30, 21, 39, 0, 0, 0.17%, 6, 0, 7, 130.81
1735722623, 30, 24, 39, 0, 0, 0.17%, 6, 0, 7, 127.56
1735722629, 30, 29, 39, 0, 0, 0.17%, 6, 0, 7, 145.71
1735722644, 31, 12, 39, 0, 0, 0.17%, 6, 0, 7, 132.22
1735722649, 31, 21, 39, 0, 0, 0.17%, 6, 0, 7, 134.11
1735722654, 31, 24, 39, 0, 0, 0.17%, 6, 0, 7, 133.98
1735722659, 31, 29, 39, 0, 0, 0.17%, 6, 0, 7, 143.08
1735722670, 32, 21, 39, 0, 0, 0.17%, 6, 0, 7, 138.62
1735722680, 32, 24, 39, 0, 0, 0.17%, 6, 0, 7, 131.37
1735722685, 32, 29, 39, 0, 0, 0.17%, 6, 0, 7, 135.83
1735722690, 33, 3, 39, 0, 0, 0.17%, 6, 0, 7, 141.85
1735722695, 33, 20, 39, 0, 0, 0.17%, 6, 0, 7, 133.25
1735722701, 33, 21, 39, 0, 0, 0.17%, 6, 0, 7, 134.98
1735722706, 33, 23, 39, 0, 0, 0.17%, 6, 0, 7, 149.65
1735722716, 33, 24, 39, 0, 0, 0.17%, 6, 0, 7, 148.06
1735722721, 34, 8, 39, 0, 0, 0.17%, 6, 0, 7, 144.05
1735722726, 34, 21, 39, 0, 0, 0.17%, 6, 0, 7, 140.91
1735722737, 34, 24, 39, 0, 0, 0.17%, 6, 0, 7, 134.11
1735722742, 34, 31, 39, 0, 0, 0.17%, 6, 0, 7, 143.40
1735722747, 35, 12, 39, 0, 0, 0.17%, 6, 0, 7, 135.57
1735722752, 35, 21, 39, 0, 0, 0.17%, 6, 0, 7, 135.16
1735722757, 35, 24, 39, 0, 0, 0.17%, 6, 0, 7, 132.76
1735722767, 35, 25, 39, 0, 0, 0.17%, 6, 0, 7, 137.18
1735722772, 36, 21, 39, 0, 0, 0.17%, 6, 0, 7, 131.83
1735722783, 36, 24, 39, 0, 0, 0.17%, 6, 0, 7, 132.44
1735722788, 37, 17, 39, 0, 0, 0.17%, 6, 0, 7, 129.86
1735722793, 37, 21, 39, 0, 0, 0.17%, 6, 0, 7, 137.85
1735722798, 37, 24, 39, 0, 0, 0.17%, 6, 0, 7, 136.18
1735722804, 38, 1, 39, 0, 0, 0.17%, 6, 0, 7, 139.22
1735722809, 38, 7, 39, 0, 0, 0.17%, 6, 0, 7, 140.08
1735722814, 38, 15, 39, 0, 0, 0.17%, 6, 0, 7, 134.56
1735722819, 38, 21, 39, 0, 0, 0.17%, 6, 0, 7, 141.93
1735722824, 38, 22, 39, 0, 0, 0.17%, 6, 0, 7, 139.53
1735722834, 38, 24, 39, 0, 0, 0.17%, 6, 0, 7, 136.60
1735722840, 39, 21, 39, 0, 0, 0.17%, 6, 0, 7, 131.28
1735722850, 39, 24, 39, 0, 0, 0.17%, 6, 0, 7, 129.11
1735722855, 40, 12, 39, 0, 0, 0.17%, 6, 0, 7, 134.53
1735722860, 40, 21, 39, 0, 0, 0.17%, 6, 0, 7, 135.82
1735722870, 40, 24, 39, 0, 0, 0.17%, 6, 0, 7, 129.71
1735722875, 40, 26, 39, 0, 0, 0.17%, 6, 0, 7, 136.74
1735722880, 40, 32, 39, 0, 0, 0.17%, 6, 0, 7, 141.23
1735722886, 41, 12, 39, 0, 0, 0.17%, 6, 0, 7, 141.22
1735722891, 41, 21, 39, 0, 0, 0.17%, 6, 0, 7, 134.04
1735722896, 41, 23, 39, 0, 0, 0.17%, 6, 0, 7, 146.76
1735722901, 41, 24, 39, 0, 0, 0.17%, 6, 0, 7, 135.92
1735722906, 41, 25, 39, 0, 0, 0.17%, 6, 0, 7, 132.22
1735722912, 42, 12, 39, 0, 0, 0.17%, 6, 0, 7, 140.43
1735722917, 42, 21, 39, 0, 0, 0.17%, 6, 0, 7, 136.08
1735722922, 42, 24, 39, 0, 0, 0.17%, 6, 0, 7, 139.06
1735722927, 43, 12, 39, 0, 0, 0.17%, 6, 0, 7, 140.86
1735722932, 43, 21, 39, 0, 0, 0.17%, 6, 0, 7, 137.38
1735722942, 43, 24, 39, 0, 0, 0.17%, 6, 0, 7, 135.46
1735722948, 43, 31, 39, 0, 0, 0.17%, 6, 0, 7, 143.58
1735722953, 43, 37, 39, 0, 0, 0.17%, 6, 0, 7, 154.06
1735722963, 44, 21, 39, 0, 0, 0.17%, 6, 0, 7, 146.33
1735722973, 44, 24, 39, 0, 0, 0.17%, 6, 0, 7, 134.27
1735722979, 45, 7, 39, 0, 0, 0.17%, 6, 0, 7, 131.48
1735722984, 45, 12, 39, 0, 0, 0.17%, 6, 0, 7, 130.36
1735722989, 45, 21, 39, 0, 0, 0.17%, 6, 0, 7, 142.04
1735722999, 45, 24, 39, 0, 0, 0.17%, 6, 0, 7, 136.55
1735723004, 45, 25, 39, 0, 0, 0.17%, 6, 0, 7, 139.34
1735723009, 45, 35, 39, 0, 0, 0.17%, 6, 0, 7, 159.05
1735723025, 46, 12, 39, 0, 0, 0.17%, 6, 0, 7, 136.21
1735723030, 46, 21, 39, 0, 0, 0.17%, 6, 0, 7, 132.01
1735723035, 46, 24, 39, 0, 0, 0.17%, 6, 0, 7, 136.73
1735723040, 46, 30, 39, 0, 0, 0.17%, 6, 0, 7, 145.29
1735723056, 46, 37, 39, 0, 0, 0.17%, 6, 0, 7, 149.03
1735723061, 47, 11, 39, 0, 0, 0.17%, 6, 0, 7, 130.82
1735723066, 47, 21, 39, 0, 0, 0.17%, 6, 0, 7, 137.59
1735723076, 47, 24, 39, 0, 0, 0.17%, 6, 0, 7, 143.52
1735723081, 47, 35, 39, 0, 0, 0.17%, 6, 0, 7, 161.42
1735723092, 48, 5, 39, 0, 0, 0.17%, 6, 0, 7, 138.37
1735723097, 48, 21, 39, 0, 0, 0.17%, 6, 0, 7, 139.05
1735723107, 48, 24, 39, 0, 0, 0.17%, 6, 0, 7, 128.64
1735723112, 48, 26, 39, 0, 0, 0.17%, 6, 0, 7, 137.98
1735723117, 49, 12, 39, 0, 0, 0.17%, 6, 0, 7, 139.85
1735723123, 49, 16, 39, 0, 0, 0.17%, 6, 0, 7, 131.25
1735723128, 49, 21, 39, 0, 0, 0.17%, 6, 0, 7, 142.49
1735723133, 49, 24, 39, 0, 0, 0.17%, 6, 0, 7, 137.91
1735723138, 49, 25, 39, 0, 0, 0.17%, 6, 0, 7, 135.93
1735723143, 49, 36, 39, 0, 0, 0.17%, 6, 0, 7, 139.97
1735723154, 50, 12, 39, 0, 0, 0.17%, 6, 0, 7, 146.84
1735723159, 50, 21, 39, 0, 0, 0.17%, 6, 0, 7, 136.70
1735723164, 50, 24, 39, 0, 0, 0.17%, 6, 0, 7, 140.26
1735723169, 50, 25, 39, 0, 0, 0.17%, 6, 0, 7, 129.49
1735723179, 50, 27, 39, 0, 0, 0.17%, 6, 0, 7, 148.96
1735723184, 51, 0, 39, 0, 0, 0.17%, 6, 0, 7, 138.22
1735723190, 51, 12, 39, 0, 0, 0.17%, 6, 0, 7, 132.94
1735723195, 51, 21, 39, 0, 0, 0.17%, 6, 0, 7, 136.37
1735723205, 51, 24, 39, 0, 0, 0.17%, 6, 0, 7, 132.10
1735723210, 52, 21, 39, 0, 0, 0.17%, 6, 0, 7, 136.49
1735723221, 52, 24, 39, 0, 0, 0.17%, 6, 0, 7, 134.09
1735723226, 53, 21, 39, 0, 0, 0.17%, 6, 0, 7, 137.45
1735723236, 53, 24, 39, 0, 0, 0.17%, 6, 0, 7, 131.52
1735723241, 53, 25, 39, 0, 0, 0.17%, 6, 0, 7, 138.31
1735723246, 53, 30, 39, 0, 0, 0.17%, 6, 0, 7, 138.88
1735723251, 54, 12, 39, 0, 0, 0.17%, 6, 0, 7, 136.92
1735723257, 54, 21, 39, 0, 0, 0.17%, 6, 0, 7, 139.73
1735723267, 54, 24, 39, 0, 0, 0.17%, 6, 0, 7, 137.22
1735723272, 55, 12, 39, 0, 0, 0.17%, 6, 0, 7, 129.32
1735723277, 55, 21, 39, 0, 0, 0.17%, 6, 0, 7, 132.14
1735723282, 55, 24, 39, 0, 0, 0.17%, 6, 0, 7, 133.11
1735723287, 55, 28, 39, 0, 0, 0.17%, 6, 0, 7, 139.85
1735723298, 56, 12, 39, 0, 0, 0.17%, 6, 0, 7, 139.68
1735723303, 56, 21, 39, 0, 0, 0.17%, 6, 0, 7, 136.70
1735723308, 56, 24, 39, 0, 0, 0.17%, 6, 0, 7, 134.54
1735723313, 57, 12, 39, 0, 0, 0.17%, 6, 0, 7, 129.59
1735723318, 57, 21, 39, 0, 0, 0.17%, 6, 0, 7, 137.97
1735723323, 57, 24, 39, 0, 0, 0.17%, 6, 0, 7, 140.32
1735723329, 58, 5, 39, 0, 0, 0.17%, 6, 0, 7, 135.62
1735723334, 58, 14, 39, 0, 0, 0.17%, 6, 0, 7, 135.77
1735723339, 58, 21, 39, 0, 0, 0.17%, 6, 0, 7, 134.06
1735723344, 58, 22, 39, 0, 0, 0.17%, 6, 0, 7, 137.10
1735723354, 58, 24, 39, 0, 0, 0.17%, 6, 0, 7, 134.20
1735723359, 58, 27, 39, 0, 0, 0.17%, 6, 0, 7, 146.37
1735723364, 59, 21, 39, 0, 0, 0.17%, 6, 0, 7, 136.00
1735723375, 59, 24, 39, 0, 0, 0.17%, 6, 0, 7, 141.03
1735723380, 60, 12, 39, 0, 0, 0.17%, 6, 0, 7, 130.40
1735723385, 60, 21, 39, 0, 0, 0.17%, 6, 0, 7, 132.26
1735723396, 60, 24, 39, 0, 0, 0.17%, 6, 0, 7, 134.66
1735723401, 61, 12, 39, 0, 0, 0.17%, 6, 0, 7, 134.32
1735723406, 61, 21, 39, 0, 0, 0.17%, 6, 0, 7, 136.08
1735723411, 61, 24, 39, 0, 0, 0.17%, 6, 0, 7, 136.73
1735723416, 62, 12, 39, 0, 0, 0.17%, 6, 0, 7, 131.95
1735723421, 62, 21, 39, 0, 0, 0.17%, 6, 0, 7, 132.37
1735723426, 62, 24, 39, 0, 0, 0.17%, 6, 0, 7, 136.06
1735723432, 62, 38, 39, 0, 0, 0.17%, 6, 0, 7, 139.18
1735723462, 63, 12, 39, 0, 0, 0.17%, 6, 0, 7, 142.14
1735723468, 63, 21, 39, 0, 0, 0.17%, 6, 0, 7, 139.34
1735723473, 63, 24, 39, 0, 0, 0.17%, 6, 0, 7, 131.14
1735723478, 64, 7, 39, 0, 0, 0.17%, 6, 0, 7, 128.93
1735723483, 64, 21, 39, 0, 0, 0.17%, 6, 0, 7, 135.34
1735723493, 64, 24, 39, 0, 0, 0.17%, 6, 0, 7, 134.07
1735723499, 64, 28, 39, 0, 0, 0.17%, 6, 0, 7, 144.90
1735723504, 65, 8, 39, 0, 0, 0.17%, 6, 0, 7, 133.58
1735723509, 65, 21, 39, 0, 0, 0.17%, 6, 0, 7, 139.42
1735723519, 65, 24, 39, 0, 0, 0.17%, 6, 0, 7, 136.71
1735723524, 65, 26, 39, 0, 0, 0.17%, 6, 0, 7, 142.97
1735723530, 66, 12, 39, 0, 0, 0.17%, 6, 0, 7, 140.02
1735723535, 66, 21, 39, 0, 0, 0.17%, 6, 0, 7, 142.36
1735723540, 66, 24, 39, 0, 0, 0.17%, 6, 0, 7, 136.94
1735723545, 67, 9, 39, 0, 0, 0.17%, 6, 0, 7, 133.20
1735723550, 67, 21, 39, 0, 0, 0.17%, 6, 0, 7, 137.64
1735723560, 67, 24, 39, 0, 0, 0.17%, 6, 0, 7, 133.86
1735723566, 67, 33, 39, 0, 0, 0.17%, 6, 0, 7, 143.21
1735723571, 68, 12, 39, 0, 0, 0.17%, 6, 0, 7, 141.34
1735723576, 68, 21, 39, 0, 0, 0.17%, 6, 0, 7, 134.03
1735723581, 68, 24, 39, 0, 0, 0.17%, 6, 0, 7, 140.40
1735723586, 69, 8, 39, 0, 0, 0.17%, 6, 0, 7, 135.37
1735723592, 69, 21, 39, 0, 0, 0.17%, 6, 0, 7, 138.75
1735723602, 69, 24, 39, 0, 0, 0.17%, 6, 0, 7, 135.58
1735723607, 69, 35, 39, 0, 0, 0.17%, 6, 0, 7, 155.58
1735723622, 70, 10, 39, 0, 0, 0.17%, 6, 0, 7, 135.38
1735723627, 70, 12, 39, 0, 0, 0.17%, 6, 0, 7, 135.02
1735723633, 70, 21, 39, 0, 0, 0.17%, 6, 0, 7, 135.05
1735723643, 70, 24, 39, 0, 0, 0.17%, 6, 0, 7, 135.88
1735723648, 70, 38, 39, 0, 0, 0.17%, 6, 0, 7, 157.82
1735723658, 71, 11, 39, 0, 0, 0.17%, 6, 0, 7, 136.20
1735723663, 71, 21, 39, 0, 0, 0.17%, 6, 0, 7, 134.26
1735723674, 71, 24, 39, 0, 0, 0.17%, 6, 0, 7, 131.39
1735723679, 72, 12, 39, 0, 0, 0.17%, 6, 0, 7, 136.09
1735723684, 72, 21, 39, 0, 0, 0.17%, 6, 0, 7, 140.06
1735723694, 72, 24, 39, 0, 0, 0.17%, 6, 0, 7, 138.97
1735723699, 73, 21, 39, 0, 0, 0.17%, 6, 0, 7, 131.53
1735723710, 73, 24, 39, 0, 0, 0.17%, 6, 0, 7, 141.81
1735723715, 74, 12, 39, 0, 0, 0.17%, 6, 0, 7, 135.86
1735723720, 74, 18, 39, 0, 0, 0.17%, 6, 0, 7, 132.39
1735723725, 74, 21, 39, 0, 0, 0.17%, 6, 0, 7, 129.15
1735723730, 74, 24, 39, 0, 0, 0.17%, 6, 0, 7, 133.75
1735723735, 75, 12, 39, 0, 0, 0.17%, 6, 0, 7, 138.59
1735723740, 75, 21, 39, 0, 0, 0.17%, 6, 0, 7, 137.41
1735723746, 75, 24, 39, 0, 0, 0.17%, 6, 0, 7, 136.93
1735723751, 75, 36, 39, 0, 0, 0.17%, 6, 0, 7, 136.31
1735723761, 76, 1, 39, 0, 0, 0.17%, 6, 0, 7, 138.09
1735723766, 76, 13, 39, 0, 0, 0.17%, 6, 0, 7, 134.49
1735723771, 76, 21, 39, 0, 0, 0.17%, 6, 0, 7, 134.50
1735723776, 76, 23, 39, 0, 0, 0.17%, 6, 0, 7, 142.86
1735723782, 76, 24, 39, 0, 0, 0.17%, 6, 0, 7, 136.49
1735723787, 77, 12, 39, 0, 0, 0.17%, 6, 0, 7, 138.57
1735723792, 77, 21, 39, 0, 0, 0.17%, 6, 0, 7, 137.00
1735723802, 77, 24, 39, 0, 0, 0.17%, 6, 0, 7, 137.61
1735723807, 77, 38, 39, 0, 0, 0.17%, 6, 0, 7, 148.83
1735723812, 78, 12, 39, 0, 0, 0.17%, 6, 0, 7, 141.42
1735723817, 78, 21, 39, 0, 0, 0.17%, 6, 0, 7, 143.14
1735723823, 78, 22, 39, 0, 0, 0.17%, 6, 0, 7, 148.98
1735723833, 78, 24, 39, 0, 0, 0.17%, 6, 0, 7, 143.60
1735723838, 78, 30, 39, 0, 0, 0.17%, 6, 0, 7, 151.15
1735723843, 79, 12, 39, 0, 0, 0.17%, 6, 0, 7, 135.92
1735723848, 79, 21, 39, 0, 0, 0.17%, 6, 0, 7, 135.08
1735723859, 79, 24, 39, 0, 0, 0.17%, 6, 0, 7, 134.22
1735723864, 79, 27, 39, 0, 0, 0.17%, 6, 0, 7, 132.54
1735723869, 79, 34, 39, 0, 0, 0.17%, 6, 0, 7, 143.71
1735723874, 80, 1, 39, 0, 0, 0.17%, 6, 0, 7, 142.10
1735723879, 80, 21, 39, 0, 0, 0.17%, 6, 0, 7, 135.79
1735723890, 80, 24, 39, 0, 0, 0.17%, 6, 0, 7, 129.51
1735723895, 80, 37, 39, 0, 0, 0.17%, 6, 0, 7, 147.15
1735723900, 81, 21, 39, 0, 0, 0.17%, 6, 0, 7, 137.06
1735723910, 81, 24, 39, 0, 0, 0.17%, 6, 0, 7, 132.77
1735723915, 82, 10, 39, 0, 0, 0.17%, 6, 0, 7, 136.39
1735723920, 82, 21, 39, 0, 0, 0.17%, 6, 0, 7, 142.40
1735723931, 82, 24, 39, 0, 0, 0.17%, 6, 0, 7, 130.44
1735723936, 82, 36, 39, 0, 0, 0.17%, 6, 0, 7, 149.14
1735723946, 83, 5, 39, 0, 0, 0.17%, 6, 0, 7, 134.22
1735723951, 83, 11, 39, 0, 0, 0.17%, 6, 0, 7, 136.76
1735723956, 83, 16, 39, 0, 0, 0.17%, 6, 0, 7, 133.17
1735723962, 83, 21, 39, 0, 0, 0.17%, 6, 0, 7, 137.09
1735723967, 83, 24, 39, 0, 0, 0.17%, 6, 0, 7, 140.97
1735723972, 83, 33, 39, 0, 0, 0.17%, 6, 0, 7, 145.63
1735723982, 84, 21, 39, 0, 0, 0.17%, 6, 0, 7, 138.45
1735723992, 84, 24, 39, 0, 0, 0.17%, 6, 0, 7, 138.70
1735723998, 84, 31, 39, 0, 0, 0.17%, 6, 0, 7, 145.86
1735724003, 85, 0, 39, 0, 0, 0.17%, 6, 0, 7, 132.33
1735724008, 85, 12, 39, 0, 0, 0.17%, 6, 0, 7, 135.91
1735724013, 85, 21, 39, 0, 0, 0.17%, 6, 0, 7, 136.84
1735724018, 85, 24, 39, 0, 0, 0.17%, 6, 0, 7, 132.31
1735724023, 86, 12, 39, 0, 0, 0.17%, 6, 0, 7, 139.29
1735724029, 86, 21, 39, 0, 0, 0.17%, 6, 0, 7, 139.12
1735724034, 86, 24, 39, 0, 0, 0.17%, 6, 0, 7, 128.96
1735724039, 87, 12, 39, 0, 0, 0.17%, 6, 0, 7, 130.79
1735724044, 87, 21, 39, 0, 0, 0.17%, 6, 0, 7, 139.84
1735724054, 87, 24, 39, 0, 0, 0.17%, 6, 0, 7, 137.02
1735724059, 87, 31, 39, 0, 0, 0.17%, 6, 0, 7, 144.90
1735724070, 87, 32, 39, 0, 0, 0.17%, 6, 0, 7, 143.60
1735724075, 88, 12, 39, 0, 0, 0.17%, 6, 0, 7, 139.19
1735724080, 88, 21, 39, 0, 0, 0.17%, 6, 0, 7, 138.41
1735724090, 88, 24, 39, 0, 0, 0.17%, 6, 0, 7, 133.44
1735724095, 88, 25, 39, 0, 0, 0.17%, 6, 0, 7, 134.84
1735724100, 89, 21, 39, 0, 0, 0.17%, 6, 0, 7, 130.78
1735724111, 89, 24, 39, 0, 0, 0.17%, 6, 0, 7, 134.76
1735724116, 89, 27, 39, 0, 0, 0.17%, 6, 0, 7, 136.72
1735724121, 89, 35, 39, 0, 0, 0.17%, 6, 0, 7, 156.11
1735724126, 89, 36, 39, 0, 0, 0.17%, 6, 0, 7, 153.48
1735724131, 90, 12, 39, 0, 0, 0.17%, 6, 0, 7, 145.58
1735724136, 90, 20, 39, 0, 0, 0.17%, 6, 0, 7, 141.11
1735724141, 90, 21, 39, 0, 0, 0.17%, 6, 0, 7, 140.33
1735724147, 90, 24, 39, 0, 0, 0.17%, 6, 0, 7, 140.18
1735724152, 90, 26, 39, 0, 0, 0.17%, 6, 0, 7, 143.71
1735724162, 91, 21, 39, 0, 0, 0.17%, 6, 0, 7, 138.25
1735724172, 91, 22, 39, 0, 0, 0.17%, 6, 0, 7, 138.46
1735724177, 91, 24, 39, 0, 0, 0.17%, 6, 0, 7, 136.14
1735724182, 91, 33, 39, 0, 0, 0.17%, 6, 0, 7, 135.85
1735724193, 92, 12, 39, 0, 0, 0.17%, 6, 0, 7, 134.17
1735724198, 92, 21, 39, 0, 0, 0.17%, 6, 0, 7, 139.36
1735724203, 92, 24, 39, 0, 0, 0.17%, 6, 0, 7, 137.37
1735724208, 92, 29, 39, 0, 0, 0.17%, 6, 0, 7, 141.28
1735724218, 93, 12, 39, 0, 0, 0.17%, 6, 0, 7, 137.05
1735724224, 93, 21, 39, 0, 0, 0.17%, 6, 0, 7, 135.32
1735724229, 93, 24, 39, 0, 0, 0.17%, 6, 0, 7, 139.29
1735724234, 94, 6, 39, 0, 0, 0.17%, 6, 0, 7, 139.61
1735724239, 94, 21, 39, 0, 0, 0.17%, 6, 0, 7, 134.53
1735724249, 94, 24, 39, 0, 0, 0.17%, 6, 0, 7, 134.14
1735724254, 94, 27, 39, 0, 0, 0.17%, 6, 0, 7, 139.86
1735724260, 95, 14, 39, 0, 0, 0.17%, 6, 0, 7, 132.33
1735724265, 95, 21, 39, 0, 0, 0.17%, 6, 0, 7, 135.19
1735724270, 95, 24, 39, 0, 0, 0.17%, 6, 0, 7, 132.96
1735724275, 96, 12, 39, 0, 0, 0.17%, 6, 0, 7, 143.62
1735724280, 96, 21, 39, 0, 0, 0.17%, 6, 0, 7, 134.95
1735724285, 96, 24, 39, 0, 0, 0.17%, 6, 0, 7, 141.98
1735724291, 96, 37, 39, 0, 0, 0.17%, 6, 0, 7, 145.73
1735724296, 97, 12, 39, 0, 0, 0.17%, 6, 0, 7, 138.57
1735724301, 97, 21, 39, 0, 0, 0.17%, 6, 0, 7, 143.58
1735724306, 97, 24, 39, 0, 0, 0.17%, 6, 0, 7, 135.19
1735724311, 97, 25, 39, 0, 0, 0.17%, 6, 0, 7, 141.99
1735724316, 98, 12, 39, 0, 0, 0.17%, 6, 0, 7, 143.07
1735724321, 98, 21, 39, 0, 0, 0.17%, 6, 0, 7, 136.05
1735724332, 98, 24, 39, 0, 0, 0.17%, 6, 0, 7, 136.55
1735724337, 98, 31, 39, 0, 0, 0.17%, 6, 0, 7, 138.56
1735724347, 99, 12, 39, 0, 0, 0.17%, 6, 0, 7, 133.76
1735724352, 99, 21, 39, 0, 0, 0.17%, 6, 0, 7, 141.51
1735724363, 99, 23, 39, 0, 0, 0.17%, 6, 0, 7, 143.55
1735724368, 99, 24, 39, 0, 0, 0.17%, 6, 0, 7, 143.66
1735724373, 100, 21, 39, 0, 0, 0.17%, 6, 0, 7, 138.60
1735724383, 100, 24, 39, 0, 0, 0.17%, 6, 0, 7, 133.49
1735724388, 101, 15, 39, 0, 0, 0.17%, 6, 0, 7, 135.07
1735724393, 101, 21, 39, 0, 0, 0.17%, 6, 0, 7, 142.39
1735724398, 101, 24, 39, 0, 0, 0.17%, 6, 0, 7, 128.33
1735724404, 101, 32, 39, 0, 0, 0.17%, 6, 0, 7, 144.63
1735724414, 102, 12, 39, 0, 0, 0.17%, 6, 0, 7, 141.74
1735724419, 102, 21, 39, 0, 0, 0.17%, 6, 0, 7, 136.71
1735724424, 102, 24, 39, 0, 0, 0.17%, 6, 0, 7, 133.59
1735724429, 102, 31, 39, 0, 0, 0.17%, 6, 0, 7, 133.50
1735724440, 103, 12, 39, 0, 0, 0.17%, 6, 0, 7, 137.24
1735724445, 103, 21, 39, 0, 0, 0.17%, 6, 0, 7, 141.13
1735724450, 103, 24, 39, 0, 0, 0.17%, 6, 0, 7, 133.67
1735724455, 103, 34, 39, 0, 0, 0.17%, 6, 0, 7, 144.62
1735724465, 104, 18, 39, 0, 0, 0.17%, 6, 0, 7, 133.83
1735724470, 104, 21, 39, 0, 0, 0.17%, 6, 0, 7, 132.64
1735724475, 104, 24, 39, 0, 0, 0.17%, 6, 0, 7, 141.93
1735724486, 104, 31, 39, 0, 0, 0.17%, 6, 0, 7, 140.73
1735724491, 105, 12, 39, 0, 0, 0.17%, 6, 0, 7, 135.84
1735724496, 105, 21, 39, 0, 0, 0.17%, 6, 0, 7, 136.68
1735724506, 105, 24, 39, 0, 0, 0.17%, 6, 0, 7, 144.30
1735724511, 106, 20, 39, 0, 0, 0.17%, 6, 0, 7, 143.77
1735724517, 106, 21, 39, 0, 0, 0.17%, 6, 0, 7, 141.11
1735724522, 106, 24, 39, 0, 0, 0.17%, 6, 0, 7, 134.05
1735724527, 106, 25, 39, 0, 0, 0.17%, 6, 0, 7, 139.48
1735724532, 106, 28, 39, 0, 0, 0.17%, 6, 0, 7, 149.04
1735724542, 106, 29, 39, 0, 0, 0.17%, 6, 0, 7, 147.13
1735724547, 107, 12, 39, 0, 0, 0.17%, 6, 0, 7, 133.62
1735724553, 107, 21, 39, 0, 0, 0.17%, 6, 0, 7, 138.72
1735724563, 107, 24, 39, 0, 0, 0.17%, 6, 0, 7, 140.14
1735724568, 108, 13, 39, 0, 0, 0.17%, 6, 0, 7, 140.64
1735724573, 108, 21, 39, 0, 0, 0.17%, 6, 0, 7, 138.10
1735724583, 108, 24, 39, 0, 0, 0.17%, 6, 0, 7, 137.83
1735724589, 108, 35, 39, 0, 0, 0.17%, 6, 0, 7, 154.36
1735724594, 109, 12, 39, 0, 0, 0.17%, 6, 0, 7, 133.49
1735724599, 109, 21, 39, 0, 0, 0.17%, 6, 0, 7, 135.00
1735724604, 109, 24, 39, 0, 0, 0.17%, 6, 0, 7, 134.88
1735724609, 109, 29, 39, 0, 0, 0.17%, 6, 0, 7, 135.23
1735724620, 110, 19, 39, 0, 0, 0.17%, 6, 0, 7, 142.13
1735724625, 110, 21, 39, 0, 0, 0.17%, 6, 0, 7, 137.96
1735724635, 110, 24, 39, 0, 0, 0.17%, 6, 0, 7, 150.09
1735724640, 111, 11, 39, 0, 0, 0.17%, 6, 0, 7, 140.83
1735724645, 111, 21, 39, 0, 0, 0.17%, 6, 0, 7, 134.93
1735724656, 111, 24, 39, 0, 0, 0.17%, 6, 0, 7, 138.31
1735724661, 112, 21, 39, 0, 0, 0.17%, 6, 0, 7, 137.84
1735724671, 112, 23, 39, 0, 0, 0.17%, 6, 0, 7, 148.63
1735724676, 112, 24, 39, 0, 0, 0.17%, 6, 0, 7, 134.79
1735724682, 112, 31, 39, 0, 0, 0.17%, 6, 0, 7, 142.22
1735724687, 113, 7, 39, 0, 0, 0.17%, 6, 0, 7, 129.36
1735724692, 113, 21, 39, 0, 0, 0.17%, 6, 0, 7, 136.52
1735724702, 113, 24, 39, 0, 0, 0.17%, 6, 0, 7, 140.03
1735724707, 113, 26, 39, 0, 0, 0.17%, 6, 0, 7, 144.58
1735724712, 113, 29, 39, 0, 0, 0.17%, 6, 0, 7, 145.60
1735724717, 114, 12, 39, 0, 0, 0.17%, 6, 0, 7, 142.12
1735724723, 114, 21, 39, 0, 0, 0.17%, 6, 0, 7, 134.49
1735724733, 114, 24, 39, 0, 0, 0.17%, 6, 0, 7, 137.10
1735724738, 114, 25, 39, 0, 0, 0.17%, 6, 0, 7, 142.53
1735724743, 114, 33, 39, 0, 0, 0.17%, 6, 0, 7, 139.63
1735724748, 115, 12, 39, 0, 0, 0.17%, 6, 0, 7, 137.64
1735724754, 115, 14, 39, 0, 0, 0.17%, 6, 0, 7, 133.75
1735724759, 115, 21, 39, 0, 0, 0.17%, 6, 0, 7, 137.84
1735724769, 115, 24, 39, 0, 0, 0.17%, 6, 0, 7, 140.15
1735724774, 116, 12, 39, 0, 0, 0.17%, 6, 0, 7, 138.80
1735724779, 116, 21, 39, 0, 0, 0.17%, 6, 0, 7, 129.52
1735724784, 116, 24, 39, 0, 0, 0.17%, 6, 0, 7, 135.09
1735724789, 117, 0, 39, 0, 0, 0.17%, 6, 0, 7, 137.08
1735724794, 117, 12, 39, 0, 0, 0.17%, 6, 0, 7, 139.87
1735724800, 117, 21, 39, 0, 0, 0.17%, 6, 0, 7, 136.28
1735724805, 117, 24, 39, 0, 0, 0.17%, 6, 0, 7, 144.22
1735724810, 117, 29, 39, 0, 0, 0.17%, 6, 0, 7, 139.09
1735724820, 118, 21, 39, 0, 0, 0.17%, 6, 0, 7, 137.25
1735724830, 118, 24, 39, 0, 0, 0.17%, 6, 0, 7, 135.62
1735724836, 118, 31, 39, 0, 0, 0.17%, 6, 0, 7, 153.07
1735724841, 119, 4, 39, 0, 0, 0.17%, 6, 0, 7, 149.79
1735724846, 119, 21, 39, 0, 0, 0.17%, 6, 0, 7, 138.87
1735724856, 119, 23, 39, 0, 0, 0.17%, 6, 0, 7, 142.41
1735724861, 119, 24, 39, 0, 0, 0.17%, 6, 0, 7, 134.14
1735724866, 119, 30, 39, 0, 0, 0.17%, 6, 0, 7, 144.32
1735724872, 119, 31, 39, 0, 0, 0.17%, 6, 0, 7, 150.21
1735724882, 120, 12, 39, 0, 0, 0.17%, 6, 0, 7, 137.17
1735724887, 120, 21, 39, 0, 0, 0.17%, 6, 0, 7, 134.39
1735724897, 120, 24, 39, 0, 0, 0.17%, 6, 0, 7, 136.70
1735724903, 121, 15, 39, 0, 0, 0.17%, 6, 0, 7, 135.84
1735724908, 121, 21, 39, 0, 0, 0.17%, 6, 0, 7, 138.31
1735724918, 121, 24, 39, 0, 0, 0.17%, 6, 0, 7, 132.13
1735724923, 121, 37, 39, 0, 0, 0.17%, 6, 0, 7, 141.93
1735724928, 122, 21, 39, 0, 0, 0.17%, 6, 0, 7, 133.33
1735724939, 122, 24, 39, 0, 0, 0.17%, 6, 0, 7, 138.38
1735724944, 122, 25, 39, 0, 0, 0.17%, 6, 0, 7, 139.15
1735724949, 123, 12, 39, 0, 0, 0.17%, 6, 0, 7, 134.87
1735724954, 123, 21, 39, 0, 0, 0.17%, 6, 0, 7, 135.93
1735724960, 123, 24, 39, 0, 0, 0.17%, 6, 0, 7, 140.32
1735724965, 123, 33, 39, 0, 0, 0.17%, 6, 0, 7, 143.86
1735724975, 124, 12, 39, 0, 0, 0.17%, 6, 0, 7, 135.43
1735724980, 124, 21, 39, 0, 0, 0.17%, 6, 0, 7, 136.64
1735724985, 124, 24, 39, 0, 0, 0.17%, 6, 0, 7, 135.48
1735724991, 124, 32, 39, 0, 0, 0.17%, 6, 0, 7, 141.71
1735725001, 125, 21, 39, 0, 0, 0.17%, 6, 0, 7, 137.64
1735725011, 125, 24, 39, 0, 0, 0.17%, 6, 0, 7, 136.08
1735725016, 126, 12, 39, 0, 0, 0.17%, 6, 0, 7, 128.96
1735725022, 126, 21, 39, 0, 0, 0.17%, 6, 0, 7, 131.12
1735725032, 126, 24, 39, 0, 0, 0.17%, 6, 0, 7, 135.70
1735725037, 126, 30, 39, 0, 0, 0.17%, 6, 0, 7, 136.18
1735725042, 127, 1, 39, 0, 0, 0.17%, 6, 0, 7, 135.84
1735725047, 127, 21, 39, 0, 0, 0.17%, 6, 0, 7, 138.58
1735725058, 127, 24, 39, 0, 0, 0.17%, 6, 0, 7, 145.17
1735725063, 128, 12, 39, 0, 0, 0.17%, 6, 0, 7, 136.19
1735725068, 128, 21, 39, 0, 0, 0.17%, 6, 0, 7, 140.58
1735725073, 128, 24, 39, 0, 0, 0.17%, 6, 0, 7, 136.13
1735725078, 129, 5, 39, 0, 0, 0.17%, 6, 0, 7, 141.85
1735725083, 129, 12, 39, 0, 0, 0.17%, 6, 0, 7, 135.75
1735725088, 129, 21, 39, 0, 0, 0.17%, 6, 0, 7, 135.18
1735725099, 129, 24, 39, 0, 0, 0.17%, 6, 0, 7, 135.08
1735725104, 130, 21, 39, 0, 0, 0.17%, 6, 0, 7, 136.55
1735725114, 130, 24, 39, 0, 0, 0.17%, 6, 0, 7, 132.05
1735725119, 130, 28, 39, 0, 0, 0.17%, 6, 0, 7, 146.37
1735725124, 131, 12, 39, 0, 0, 0.17%, 6, 0, 7, 138.84
1735725130, 131, 21, 39, 0, 0, 0.17%, 6, 0, 7, 139.28
1735725135, 131, 24, 39, 0, 0, 0.17%, 6, 0, 7, 141.36
1735725145, 132, 21, 39, 0, 0, 0.17%, 6, 0, 7, 140.03
1735725155, 132, 24, 39, 0, 0, 0.17%, 6, 0, 7, 136.06
1735725160, 133, 21, 39, 0, 0, 0.17%, 6, 0, 7, 136.05
1735725171, 133, 24, 39, 0, 0, 0.17%, 6, 0, 7, 138.38
1735725176, 133, 31, 39, 0, 0, 0.17%, 6, 0, 7, 148.33
1735725181, 134, 7, 39, 0, 0, 0.17%, 6, 0, 7, 138.10
1735725186, 134, 21, 39, 0, 0, 0.17%, 6, 0, 7, 135.56
1735725196, 134, 24, 39, 0, 0, 0.17%, 6, 0, 7, 130.43
1735725201, 135, 12, 39, 0, 0, 0.17%, 6, 0, 7, 137.09
1735725207, 135, 21, 39, 0, 0, 0.17%, 6, 0, 7, 134.49
1735725212, 135, 22, 39, 0, 0, 0.17%, 6, 0, 7, 132.24
1735725222, 135, 24, 39, 0, 0, 0.17%, 6, 0, 7, 130.43
1735725227, 136, 12, 39, 0, 0, 0.17%, 6, 0, 7, 125.55
1735725232, 136, 21, 39, 0, 0, 0.17%, 6, 0, 7, 131.89
1735725238, 136, 24, 39, 0, 0, 0.17%, 6, 0, 7, 129.73
1735725243, 136, 36, 39, 0, 0, 0.17%, 6, 0, 7, 131.45
1735725248, 137, 12, 39, 0, 0, 0.17%, 6, 0, 7, 142.14
1735725253, 137, 21, 39, 0, 0, 0.17%, 6, 0, 7, 139.88
1735725263, 137, 24, 39, 0, 0, 0.17%, 6, 0, 7, 132.84
1735725268, 138, 12, 39, 0, 0, 0.17%, 6, 0, 7, 135.05
1735725274, 138, 21, 39, 0, 0, 0.17%, 6, 0, 7, 138.49
1735725279, 138, 24, 39, 0, 0, 0.17%, 6, 0, 7, 136.44
1735725284, 139, 9, 39, 0, 0, 0.17%, 6, 0, 7, 138.31
1735725289, 139, 13, 39, 0, 0, 0.17%, 6, 0, 7, 143.19
1735725294, 139, 21, 39, 0, 0, 0.17%, 6, 0, 7, 137.05
1735725304, 139, 22, 39, 0, 0, 0.17%, 6, 0, 7, 139.02
1735725310, 139, 24, 39, 0, 0, 0.17%, 6, 0, 7, 137.78
1735725315, 139, 31, 39, 0, 0, 0.17%, 6, 0, 7, 140.79
1735725325, 140, 12, 39, 0, 0, 0.17%, 6, 0, 7, 134.48
1735725330, 140, 21, 39, 0, 0, 0.17%, 6, 0, 7, 139.01
1735725341, 140, 24, 39, 0, 0, 0.17%, 6, 0, 7, 130.87
1735725346, 140, 32, 39, 0, 0, 0.17%, 6, 0, 7, 136.26
1735725351, 141, 12, 39, 0, 0, 0.17%, 6, 0, 7, 133.76
1735725356, 141, 21, 39, 0, 0, 0.17%, 6, 0, 7, 139.50
1735725366, 141, 24, 39, 0, 0, 0.17%, 6, 0, 7, 134.17
1735725372, 141, 36, 39, 0, 0, 0.17%, 6, 0, 7, 136.71
1735725377, 142, 12, 39, 0, 0, 0.17%, 6, 0, 7, 134.24
1735725382, 142, 21, 39, 0, 0, 0.17%, 6, 0, 7, 136.10
1735725387, 142, 24, 39, 0, 0, 0.17%, 6, 0, 7, 139.18
1735725392, 142, 29, 39, 0, 0, 0.17%, 6, 0, 7, 141.23
1735725402, 142, 33, 39, 0, 0, 0.17%, 6, 0, 7, 145.91
1735725408, 143, 12, 39, 0, 0, 0.17%, 6, 0, 7, 141.75
1735725413, 143, 21, 39, 0, 0, 0.17%, 6, 0, 7, 139.31
1735725418, 143, 24, 39, 0, 0, 0.17%, 6, 0, 7, 142.97
1735725423, 144, 12, 39, 0, 0, 0.17%, 6, 0, 7, 131.46
1735725428, 144, 20, 39, 0, 0, 0.17%, 6, 0, 7, 136.05
1735725433, 144, 21, 39, 0, 0, 0.17%, 6, 0, 7, 140.59
1735725438, 144, 24, 39, 0, 0, 0.17%, 6, 0, 7, 139.98
1735725444, 145, 12, 39, 0, 0, 0.17%, 6, 0, 7, 138.07
1735725449, 145, 21, 39, 0, 0, 0.17%, 6, 0, 7, 136.11
1735725459, 145, 24, 39, 0, 0, 0.17%, 6, 0, 7, 141.16
1735725464, 146, 12, 39, 0, 0, 0.17%, 6, 0, 7, 136.81
1735725469, 146, 21, 39, 0, 0, 0.17%, 6, 0, 7, 137.24
1735725480, 146, 24, 39, 0, 0, 0.17%, 6, 0, 7, 136.89
1735725485, 146, 25, 39, 0, 0, 0.17%, 6, 0, 7, 141.37
1735725490, 146, 32, 39, 0, 0, 0.17%, 6, 0, 7, 143.28
1735725500, 147, 12, 39, 0, 0, 0.17%, 6, 0, 7, 136.29
1735725506, 147, 21, 39, 0, 0, 0.17%, 6, 0, 7, 138.38
1735725511, 147, 24, 39, 0, 0, 0.17%, 6, 0, 7, 135.42
1735725516, 147, 31, 39, 0, 0, 0.17%, 6, 0, 7, 136.53
1735725526, 148, 12, 39, 0, 0, 0.17%, 6, 0, 7, 141.27
1735725531, 148, 21, 39, 0, 0, 0.17%, 6, 0, 7, 137.43
1735725542, 148, 24, 39, 0, 0, 0.17%, 6, 0, 7, 128.50
1735725547, 148, 33, 39, 0, 0, 0.17%, 6, 0, 7, 140.75
1735725552, 149, 6, 39, 0, 0, 0.17%, 6, 0, 7, 131.12
1735725557, 149, 12, 39, 0, 0, 0.17%, 6, 0, 7, 138.83
1735725563, 149, 21, 39, 0, 0, 0.17%, 6, 0, 7, 143.69
1735725568, 149, 23, 39, 0, 0, 0.17%, 6, 0, 7, 149.16
1735725573, 149, 24, 39, 0, 0, 0.17%, 6, 0, 7, 137.18
1735725578, 149, 31, 39, 0, 0, 0.17%, 6, 0, 7, 138.43
1735725588, 150, 14, 39, 0, 0, 0.17%, 6, 0, 7, 133.06
1735725593, 150, 21, 39, 0, 0, 0.17%, 6, 0, 7, 137.70
1735725604, 150, 24, 39, 0, 0, 0.17%, 6, 0, 7, 136.75
1735725609, 150, 31, 39, 0, 0, 0.17%, 6, 0, 7, 146.03
1735725614, 150, 38, 39, 0, 0, 0.17%, 6, 0, 7, 147.50
1735725624, 151, 9, 39, 0, 0, 0.17%, 6, 0, 7, 142.00
1735725630, 151, 21, 39, 0, 0, 0.17%, 6, 0, 7, 134.29
1735725640, 151, 24, 39, 0, 0, 0.17%, 6, 0, 7, 140.79
1735725645, 151, 37, 39, 0, 0, 0.17%, 6, 0, 7, 139.27
1735725650, 152, 21, 39, 0, 0, 0.17%, 6, 0, 7, 137.48
1735725660, 152, 24, 39, 0, 0, 0.17%, 6, 0, 7, 131.93
1735725666, 152, 37, 39, 0, 0, 0.17%, 6, 0, 7, 140.36
1735725671, 153, 21, 39, 0, 0, 0.17%, 6, 0, 7, 133.85
1735725681, 153, 24, 39, 0, 0, 0.17%, 6, 0, 7, 134.85
1735725686, 153, 33, 39, 0, 0, 0.17%, 6, 0, 7, 140.69
1735725691, 154, 5, 39, 0, 0, 0.17%, 6, 0, 7, 135.14
1735725697, 154, 12, 39, 0, 0, 0.17%, 6, 0, 7, 139.41
1735725702, 154, 21, 39, 0, 0, 0.17%, 6, 0, 7, 145.11
1735725707, 154, 24, 39, 0, 0, 0.17%, 6, 0, 7, 136.09
1735725712, 154, 27, 39, 0, 0, 0.17%, 6, 0, 7, 145.20
1735725717, 155, 12, 39, 0, 0, 0.17%, 6, 0, 7, 136.43
1735725722, 155, 21, 39, 0, 0, 0.17%, 6, 0, 7, 135.67
1735725728, 155, 24, 39, 0, 0, 0.17%, 6, 0, 7, 146.43
1735725733, 156, 12, 39, 0, 0, 0.17%, 6, 0, 7, 136.86
1735725738, 156, 21, 39, 0, 0, 0.17%, 6, 0, 7, 142.97
1735725748, 156, 24, 39, 0, 0, 0.17%, 6, 0, 7, 135.34
1735725753, 156, 31, 39, 0, 0, 0.17%, 6, 0, 7, 145.45
1735725758, 157, 12, 39, 0, 0, 0.17%, 6, 0, 7, 144.92
1735725764, 157, 21, 39, 0, 0, 0.17%, 6, 0, 7, 136.25
1735725774, 157, 24, 39, 0, 0, 0.17%, 6, 0, 7, 135.68
1735725779, 158, 11, 39, 0, 0, 0.17%, 6, 0, 7, 133.76
1735725784, 158, 21, 39, 0, 0, 0.17%, 6, 0, 7, 132.67
1735725794, 158, 24, 39, 0, 0, 0.17%, 6, 0, 7, 142.36
1735725800, 159, 21, 39, 0, 0, 0.17%, 6, 0, 7, 136.79
1735725810, 159, 24, 39, 0, 0, 0.17%, 6, 0, 7, 132.33
1735725815, 160, 12, 39, 0, 0, 0.17%, 6, 0, 7, 136.81
1735725820, 160, 21, 39, 0, 0, 0.17%, 6, 0, 7, 136.87
1735725825, 160, 24, 39, 0, 0, 0.17%, 6, 0, 7, 148.39
1735725831, 160, 30, 39, 0, 0, 0.17%, 6, 0, 7, 137.38
1735725841, 161, 21, 39, 0, 0, 0.17%, 6, 0, 7, 144.67
1735725851, 161, 24, 39, 0, 0, 0.17%, 6, 0, 7, 136.74
1735725856, 161, 33, 39, 0, 0, 0.17%, 6, 0, 7, 141.64
1735725867, 162, 15, 39, 0, 0, 0.17%, 6, 0, 7, 133.76
1735725872, 162, 21, 39, 0, 0, 0.17%, 6, 0, 7, 136.98
1735725877, 162, 24, 39, 0, 0, 0.17%, 6, 0, 7, 146.12
1735725887, 162, 32, 39, 0, 0, 0.17%, 6, 0, 7, 144.10
1735725892, 163, 12, 39, 0, 0, 0.17%, 6, 0, 7, 140.57
1735725897, 163, 21, 39, 0, 0, 0.17%, 6, 0, 7, 137.10
1735725908, 163, 24, 39, 0, 0, 0.17%, 6, 0, 7, 132.60
1735725913, 163, 36, 39, 0, 0, 0.17%, 6, 0, 7, 149.57
1735725918, 164, 12, 39, 0, 0, 0.17%, 6, 0, 7, 137.79
1735725923, 164, 16, 39, 0, 0, 0.17%, 6, 0, 7, 137.14
1735725928, 164, 21, 39, 0, 0, 0.17%, 6, 0, 7, 149.09
1735725934, 164, 24, 39, 0, 0, 0.17%, 6, 0, 7, 137.67
1735725939, 165, 12, 39, 0, 0, 0.17%, 6, 0, 7, 130.43
1735725944, 165, 21, 39, 0, 0, 0.17%, 6, 0, 7, 147.18
1735725949, 165, 24, 39, 0, 0, 0.17%, 6, 0, 7, 136.15
1735725954, 165, 34, 39, 0, 0, 0.17%, 6, 0, 7, 141.61
1735725965, 166, 5, 39, 0, 0, 0.17%, 6, 0, 7, 134.51
1735725970, 166, 21, 39, 0, 0, 0.17%, 6, 0, 7, 134.58
1735725980, 166, 24, 39, 0, 0, 0.17%, 6, 0, 7, 136.57
1735725985, 167, 21, 39, 0, 0, 0.17%, 6, 0, 7, 136.34
1735725995, 167, 22, 39, 0, 0, 0.17%, 6, 0, 7, 142.70
1735726000, 167, 24, 39, 0, 0, 0.17%, 6, 0, 7, 139.93
1735726006, 167, 25, 39, 0, 0, 0.17%, 6, 0, 7, 140.91
1735726011, 167, 28, 39, 0, 0, 0.17%, 6, 0, 7, 140.36
1735726021, 167, 30, 39, 0, 0, 0.17%, 6, 0, 7, 141.43
1735726026, 168, 12, 39, 0, 0, 0.17%, 6, 0, 7, 136.86
1735726031, 168, 21, 39, 0, 0, 0.17%, 6, 0, 7, 130.71
1735726036, 168, 24, 39, 0, 0, 0.17%, 6, 0, 7, 131.90
1735726047, 169, 16, 39, 0, 0, 0.17%, 6, 0, 7, 131.86
1735726052, 169, 21, 39, 0, 0, 0.17%, 6, 0, 7, 134.38
1735726057, 169, 24, 39, 0, 0, 0.17%, 6, 0, 7, 132.17
1735726062, 170, 12, 39, 0, 0, 0.17%, 6, 0, 7, 140.30
1735726068, 170, 21, 39, 0, 0, 0.17%, 6, 0, 7, 140.06
1735726073, 170, 24, 39, 0, 0, 0.17%, 6, 0, 7, 137.46
1735726078, 170, 25, 39, 0, 0, 0.17%, 6, 0, 7, 137.27
1735726083, 171, 12, 39, 0, 0, 0.17%, 6, 0, 7, 136.45
1735726088, 171, 21, 39, 0, 0, 0.17%, 6, 0, 7, 140.65
1735726093, 171, 24, 39, 0, 0, 0.17%, 6, 0, 7, 140.15
1735726098, 171, 30, 39, 0, 0, 0.17%, 6, 0, 7, 144.33
1735726109, 172, 14, 39, 0, 0, 0.17%, 6, 0, 7, 141.57
1735726114, 172, 21, 39, 0, 0, 0.17%, 6, 0, 7, 134.39
1735726119, 172, 24, 39, 0, 0, 0.17%, 6, 0, 7, 142.31
1735726129, 173, 21, 39, 0, 0, 0.17%, 6, 0, 7, 138.24
1735726140, 173, 24, 39, 0, 0, 0.17%, 6, 0, 7, 135.73
1735726145, 174, 12, 39, 0, 0, 0.17%, 6, 0, 7, 139.66
1735726150, 174, 21, 39, 0, 0, 0.17%, 6, 0, 7, 140.28
1735726160, 174, 24, 39, 0, 0, 0.17%, 6, 0, 7, 133.45
1735726165, 175, 12, 39, 0, 0, 0.17%, 6, 0, 7, 140.15
1735726171, 175, 19, 39, 0, 0, 0.17%, 6, 0, 7, 146.21
1735726176, 175, 21, 39, 0, 0, 0.17%, 6, 0, 7, 143.76
1735726181, 175, 24, 39, 0, 0, 0.17%, 6, 0, 7, 136.46
1735726186, 175, 26, 39, 0, 0, 0.17%, 6, 0, 7, 132.30
1735726191, 176, 12, 39, 0, 0, 0.17%, 6, 0, 7, 140.79
1735726196, 176, 21, 39, 0, 0, 0.17%, 6, 0, 7, 135.37
1735726202, 176, 24, 39, 0, 0, 0.17%, 6, 0, 7, 145.29
1735726212, 177, 18, 39, 0, 0, 0.17%, 6, 0, 7, 137.47
1735726217, 177, 21, 39, 0, 0, 0.17%, 6, 0, 7, 133.58
1735726222, 177, 24, 39, 0, 0, 0.17%, 6, 0, 7, 142.41
1735726227, 177, 30, 39, 0, 0, 0.17%, 6, 0, 7, 139.73
1735726238, 178, 12, 39, 0, 0, 0.17%, 6, 0, 7, 131.50
1735726243, 178, 21, 39, 0, 0, 0.17%, 6, 0, 7, 133.19
1735726253, 178, 24, 39, 0, 0, 0.17%, 6, 0, 7, 137.14
1735726258, 179, 12, 39, 0, 0, 0.17%, 6, 0, 7, 132.50
1735726263, 179, 21, 39, 0, 0, 0.17%, 6, 0, 7, 137.20
1735726274, 179, 24, 39, 0, 0, 0.17%, 6, 0, 7, 134.48
1735726279, 179, 38, 39, 0, 0, 0.17%, 6, 0, 7, 150.49
1735726284, 180, 2, 39, 0, 0, 0.17%, 6, 0, 7, 135.83
1735726289, 180, 21, 39, 0, 0, 0.17%, 6, 0, 7, 133.08
1735726299, 180, 24, 39, 0, 0, 0.17%, 6, 0, 7, 135.82
1735726304, 181, 12, 39, 0, 0, 0.17%, 6, 0, 7, 134.66
1735726310, 181, 21, 39, 0, 0, 0.17%, 6, 0, 7, 136.39
1735726315, 181, 24, 39, 0, 0, 0.17%, 6, 0, 7, 143.05
1735726320, 181, 37, 39, 0, 0, 0.17%, 6, 0, 7, 134.68
1735726325, 182, 7, 39, 0, 0, 0.17%, 6, 0, 7, 135.57
1735726330, 182, 21, 39, 0, 0, 0.17%, 6, 0, 7, 133.08
1735726341, 182, 22, 39, 0, 0, 0.17%, 6, 0, 7, 141.03
1735726346, 182, 24, 39, 0, 0, 0.17%, 6, 0, 7, 140.26
1735726351, 183, 12, 39, 0, 0, 0.17%, 6, 0, 7, 134.49
1735726356, 183, 21, 39, 0, 0, 0.17%, 6, 0, 7, 137.74
1735726367, 183, 24, 39, 0, 0, 0.17%, 6, 0, 7, 134.53
1735726372, 183, 29, 39, 0, 0, 0.17%, 6, 0, 7, 137.98
1735726377, 184, 11, 39, 0, 0, 0.17%, 6, 0, 7, 138.70
1735726382, 184, 18, 39, 0, 0, 0.17%, 6, 0, 7, 138.08
1735726387, 184, 21, 39, 0, 0, 0.17%, 6, 0, 7, 139.40
1735726392, 184, 24, 39, 0, 0, 0.17%, 6, 0, 7, 136.35
1735726397, 184, 25, 39, 0, 0, 0.17%, 6, 0, 7, 143.73
1735726402, 185, 12, 39, 0, 0, 0.17%, 6, 0, 7, 137.63
1735726408, 185, 21, 39, 0, 0, 0.17%, 6, 0, 7, 134.92
1735726413, 185, 24, 39, 0, 0, 0.17%, 6, 0, 7, 130.88
1735726418, 186, 4, 39, 0, 0, 0.17%, 6, 0, 7, 132.04
1735726423, 186, 17, 39, 0, 0, 0.17%, 6, 0, 7, 138.62
1735726428, 186, 21, 39, 0, 0, 0.17%, 6, 0, 7, 141.26
1735726438, 186, 24, 39, 0, 0, 0.17%, 6, 0, 7, 134.19
1735726444, 186, 37, 39, 0, 0, 0.17%, 6, 0, 7, 142.51
1735726449, 187, 18, 39, 0, 0, 0.17%, 6, 0, 7, 141.15
1735726454, 187, 21, 39, 0, 0, 0.17%, 6, 0, 7, 136.47
1735726459, 187, 24, 39, 0, 0, 0.17%, 6, 0, 7, 128.70
1735726464, 188, 12, 39, 0, 0, 0.17%, 6, 0, 7, 140.02
1735726469, 188, 15, 39, 0, 0, 0.17%, 6, 0, 7, 138.49
1735726475, 188, 21, 39, 0, 0, 0.17%, 6, 0, 7, 135.43
1735726485, 188, 24, 39, 0, 0, 0.17%, 6, 0, 7, 137.95
1735726490, 189, 21, 39, 0, 0, 0.17%, 6, 0, 7, 133.54
1735726501, 189, 24, 39, 0, 0, 0.17%, 6, 0, 7, 137.34
1735726506, 189, 27, 39, 0, 0, 0.17%, 6, 0, 7, 141.64
1735726511, 190, 21, 39, 0, 0, 0.17%, 6, 0, 7, 138.80
1735726521, 190, 24, 39, 0, 0, 0.17%, 6, 0, 7, 140.76
1735726526, 190, 37, 39, 0, 0, 0.17%, 6, 0, 7, 138.99
1735726531, 191, 21, 39, 0, 0, 0.17%, 6, 0, 7, 137.58
1735726542, 191, 24, 39, 0, 0, 0.17%, 6, 0, 7, 136.48
1735726547, 191, 31, 39, 0, 0, 0.17%, 6, 0, 7, 147.76
1735726552, 192, 12, 39, 0, 0, 0.17%, 6, 0, 7, 137.51
1735726557, 192, 21, 39, 0, 0, 0.17%, 6, 0, 7, 146.37
1735726562, 192, 24, 39, 0, 0, 0.17%, 6, 0, 7, 138.76
1735726567, 192, 26, 39, 0, 0, 0.17%, 6, 0, 7, 133.65
1735726573, 193, 12, 39, 0, 0, 0.17%, 6, 0, 7, 134.82
1735726578, 193, 21, 39, 0, 0, 0.17%, 6, 0, 7, 138.14
1735726583, 193, 24, 39, 0, 0, 0.17%, 6, 0, 7, 138.01
1735726593, 194, 21, 39, 0, 0, 0.17%, 6, 0, 7, 138.93
1735726603, 194, 24, 39, 0, 0, 0.17%, 6, 0, 7, 147.66
1735726613, 194, 25, 39, 0, 0, 0.17%, 6, 0, 7, 143.11
1735726619, 195, 21, 39, 0, 0, 0.17%, 6, 0, 7, 137.00
1735726629, 195, 24, 39, 0, 0, 0.17%, 6, 0, 7, 138.43
1735726634, 195, 28, 39, 0, 0, 0.17%, 6, 0, 7, 146.41
1735726639, 196, 1, 39, 0, 0, 0.17%, 6, 0, 7, 132.33
1735726644, 196, 21, 39, 0, 0, 0.17%, 6, 0, 7, 135.24
1735726655, 196, 24, 39, 0, 0, 0.17%, 6, 0, 7, 138.65
1735726660, 196, 29, 39, 0, 0, 0.17%, 6, 0, 7, 140.11
1735726665, 196, 33, 39, 0, 0, 0.17%, 6, 0, 7, 139.25
1735726675, 196, 36, 39, 0, 0, 0.17%, 6, 0, 7, 143.18
1735726681, 197, 21, 39, 0, 0, 0.17%, 6, 0, 7, 140.07
1735726691, 197, 24, 39, 0, 0, 0.17%, 6, 0, 7, 139.25
1735726696, 197, 25, 39, 0, 0, 0.17%, 6, 0, 7, 138.74
1735726701, 198, 21, 39, 0, 0, 0.17%, 6, 0, 7, 130.11
1735726712, 198, 24, 39, 0, 0, 0.17%, 6, 0, 7, 137.71
1735726717, 199, 14, 39, 0, 0, 0.17%, 6, 0, 7, 137.48
1735726722, 199, 21, 39, 0, 0, 0.17%, 6, 0, 7, 137.74
1735726727, 199, 24, 39, 0, 0, 0.17%, 6, 0, 7, 138.44
1735726737, 199, 30, 39, 0, 0, 0.17%, 6, 0, 7, 142.28
1735726742, 200, 12, 39, 0, 0, 0.17%, 6, 0, 7, 141.68
1735726748, 200, 21, 39, 0, 0, 0.17%, 6, 0, 7, 139.61
1735726753, 200, 24, 39, 0, 0, 0.17%, 6, 0, 7, 136.16
1735726758, 201, 12, 39, 0, 0, 0.17%, 6, 0, 7, 133.45
1735726763, 201, 21, 39, 0, 0, 0.17%, 6, 0, 7, 135.14
1735726773, 201, 24, 39, 0, 0, 0.17%, 6, 0, 7, 140.54
1735726778, 202, 15, 39, 0, 0, 0.17%, 6, 0, 7, 136.80
1735726784, 202, 21, 39, 0, 0, 0.17%, 6, 0, 7, 137.92
1735726789, 202, 24, 39, 0, 0, 0.17%, 6, 0, 7, 133.41
1735726794, 203, 12, 39, 0, 0, 0.17%, 6, 0, 7, 132.27
1735726799, 203, 19, 39, 0, 0, 0.17%, 6, 0, 7, 141.89
1735726804, 203, 21, 39, 0, 0, 0.17%, 6, 0, 7, 137.41
1735726809, 203, 24, 39, 0, 0, 0.17%, 6, 0, 7, 135.44
1735726815, 203, 29, 39, 0, 0, 0.17%, 6, 0, 7, 142.07
1735726825, 204, 11, 39, 0, 0, 0.17%, 6, 0, 7, 143.37
1735726830, 204, 16, 39, 0, 0, 0.17%, 6, 0, 7, 141.33
1735726835, 204, 21, 39, 0, 0, 0.17%, 6, 0, 7, 139.17
1735726840, 204, 24, 39, 0, 0, 0.17%, 6, 0, 7, 141.23
1735726845, 205, 1, 39, 0, 0, 0.17%, 6, 0, 7, 134.24
1735726850, 205, 21, 39, 0, 0, 0.17%, 6, 0, 7, 132.79
1735726861, 205, 24, 39, 0, 0, 0.17%, 6, 0, 7, 134.15
1735726866, 205, 25, 39, 0, 0, 0.17%, 6, 0, 7, 140.92
1735726871, 206, 12, 39, 0, 0, 0.17%, 6, 0, 7, 138.97
1735726876, 206, 21, 39, 0, 0, 0.17%, 6, 0, 7, 137.85
1735726886, 206, 23, 39, 0, 0, 0.17%, 6, 0, 7, 143.61
1735726892, 206, 24, 39, 0, 0, 0.17%, 6, 0, 7, 137.47
1735726897, 207, 14, 39, 0, 0, 0.17%, 6, 0, 7, 136.09
1735726902, 207, 21, 39, 0, 0, 0.17%, 6, 0, 7, 135.55
1735726912, 207, 24, 39, 0, 0, 0.17%, 6, 0, 7, 132.89
1735726917, 208, 3, 39, 0, 0, 0.17%, 6, 0, 7, 137.95
1735726922, 208, 13, 39, 0, 0, 0.17%, 6, 0, 7, 137.89
1735726928, 208, 21, 39, 0, 0, 0.17%, 6, 0, 7, 141.29
1735726938, 208, 24, 39, 0, 0, 0.17%, 6, 0, 7, 138.61
1735726943, 209, 15, 39, 0, 0, 0.17%, 6, 0, 7, 136.52
1735726948, 209, 16, 39, 0, 0, 0.17%, 6, 0, 7, 133.73
1735726953, 209, 21, 39, 0, 0, 0.17%, 6, 0, 7, 145.20
1735726958, 209, 24, 39, 0, 0, 0.17%, 6, 0, 7, 134.66
1735726964, 210, 10, 39, 0, 0, 0.17%, 6, 0, 7, 139.19
1735726969, 210, 21, 39, 0, 0, 0.17%, 6, 0, 7, 136.05
1735726979, 210, 24, 39, 0, 0, 0.17%, 6, 0, 7, 133.73
1735726984, 210, 25, 39, 0, 0, 0.17%, 6, 0, 7, 134.28
1735726989, 211, 12, 39, 0, 0, 0.17%, 6, 0, 7, 135.72
1735726995, 211, 21, 39, 0, 0, 0.17%, 6, 0, 7, 141.74
1735727000, 211, 24, 39, 0, 0, 0.17%, 6, 0, 7, 139.26
1735727005, 211, 27, 39, 0, 0, 0.17%, 6, 0, 7, 141.41
1735727010, 212, 9, 39, 0, 0, 0.17%, 6, 0, 7, 147.70
1735727015, 212, 18, 39, 0, 0, 0.17%, 6, 0, 7, 145.55
1735727020, 212, 21, 39, 0, 0, 0.17%, 6, 0, 7, 146.78
1735727025, 212, 24, 39, 0, 0, 0.17%, 6, 0, 7, 133.46
1735727030, 213, 12, 39, 0, 0, 0.17%, 6, 0, 7, 130.91
1735727036, 213, 18, 39, 0, 0, 0.17%, 6, 0, 7, 141.02
1735727041, 213, 21, 39, 0, 0, 0.17%, 6, 0, 7, 141.93
1735727051, 213, 24, 39, 0, 0, 0.17%, 6, 0, 7, 138.39
1735727056, 213, 32, 39, 0, 0, 0.17%, 6, 0, 7, 139.53
1735727061, 213, 36, 39, 0, 0, 0.17%, 6, 0, 7, 147.26
1735727066, 214, 12, 39, 0, 0, 0.17%, 6, 0, 7, 142.69
1735727072, 214, 21, 39, 0, 0, 0.17%, 6, 0, 7, 146.77
1735727077, 214, 24, 39, 0, 0, 0.17%, 6, 0, 7, 136.47
1735727082, 214, 35, 39, 0, 0, 0.17%, 6, 0, 7, 143.38
1735727092, 215, 21, 39, 0, 0, 0.17%, 6, 0, 7, 139.09
1735727103, 215, 24, 39, 0, 0, 0.17%, 6, 0, 7, 145.16
1735727108, 215, 30, 39, 0, 0, 0.17%, 6, 0, 7, 137.81
1735727113, 216, 12, 39, 0, 0, 0.17%, 6, 0, 7, 136.83
1735727118, 216, 21, 39, 0, 0, 0.17%, 6, 0, 7, 138.47
1735727123, 216, 24, 39, 0, 0, 0.17%, 6, 0, 7, 139.97
1735727128, 216, 34, 39, 0, 0, 0.17%, 6, 0, 7, 141.93
1735727139, 217, 21, 39, 0, 0, 0.17%, 6, 0, 7, 140.04
1735727149, 217, 24, 39, 0, 0, 0.17%, 6, 0, 7, 142.50
1735727154, 218, 12, 39, 0, 0, 0.17%, 6, 0, 7, 129.31
1735727159, 218, 21, 39, 0, 0, 0.17%, 6, 0, 7, 136.87
1735727170, 218, 24, 39, 0, 0, 0.17%, 6, 0, 7, 135.82
1735727175, 218, 27, 39, 0, 0, 0.17%, 6, 0, 7, 140.12
1735727180, 218, 28, 39, 0, 0, 0.17%, 6, 0, 7, 147.90
1735727185, 219, 12, 39, 0, 0, 0.17%, 6, 0, 7, 139.73
1735727190, 219, 21, 39, 0, 0, 0.17%, 6, 0, 7, 137.41
1735727200, 219, 24, 39, 0, 0, 0.17%, 6, 0, 7, 135.85
1735727205, 219, 25, 39, 0, 0, 0.17%, 6, 0, 7, 140.82
1735727210, 219, 38, 39, 0, 0, 0.17%, 6, 0, 7, 150.64
1735727216, 220, 12, 39, 0, 0, 0.17%, 6, 0, 7, 136.81
1735727221, 220, 21, 39, 0, 0, 0.17%, 6, 0, 7, 141.24
1735727226, 220, 24, 39, 0, 0, 0.17%, 6, 0, 7, 142.09
1735727231, 221, 6, 39, 0, 0, 0.17%, 6, 0, 7, 139.44
1735727236, 221, 12, 39, 0, 0, 0.17%, 6, 0, 7, 136.32
1735727241, 221, 21, 39, 0, 0, 0.17%, 6, 0, 7, 137.85
1735727247, 221, 24, 39, 0, 0, 0.17%, 6, 0, 7, 134.56
1735727252, 222, 7, 39, 0, 0, 0.17%, 6, 0, 7, 137.71
1735727257, 222, 21, 39, 0, 0, 0.17%, 6, 0, 7, 135.00
1735727267, 222, 24, 39, 0, 0, 0.17%, 6, 0, 7, 142.73
1735727272, 223, 21, 39, 0, 0, 0.17%, 6, 0, 7, 135.19
1735727283, 223, 24, 39, 0, 0, 0.17%, 6, 0, 7, 132.86
1735727288, 223, 31, 39, 0, 0, 0.17%, 6, 0, 7, 142.44
1735727293, 224, 1, 39, 0, 0, 0.17%, 6, 0, 7, 140.65
1735727298, 224, 12, 39, 0, 0, 0.17%, 6, 0, 7, 137.04
1735727303, 224, 21, 39, 0, 0, 0.17%, 6, 0, 7, 139.04
1735727309, 224, 24, 39, 0, 0, 0.17%, 6, 0, 7, 139.31
1735727314, 225, 12, 39, 0, 0, 0.17%, 6, 0, 7, 135.86
1735727319, 225, 21, 39, 0, 0, 0.17%, 6, 0, 7, 131.08
1735727324, 225, 23, 39, 0, 0, 0.17%, 6, 0, 7, 147.77
1735727329, 225, 24, 39, 0, 0, 0.17%, 6, 0, 7, 132.17
1735727334, 225, 33, 39, 0, 0, 0.17%, 6, 0, 7, 142.93
1735727345, 226, 20, 39, 0, 0, 0.17%, 6, 0, 7, 135.36
1735727350, 226, 21, 39, 0, 0, 0.17%, 6, 0, 7, 144.95
1735727355, 226, 24, 39, 0, 0, 0.17%, 6, 0, 7, 137.12
1735727360, 227, 12, 39, 0, 0, 0.17%, 6, 0, 7, 133.92
1735727365, 227, 21, 39, 0, 0, 0.17%, 6, 0, 7, 139.97
1735727370, 227, 24, 39, 0, 0, 0.17%, 6, 0, 7, 135.57
1735727375, 228, 12, 39, 0, 0, 0.17%, 6, 0, 7, 134.59
1735727381, 228, 21, 39, 0, 0, 0.17%, 6, 0, 7, 135.48
1735727391, 228, 24, 39, 0, 0, 0.17%, 6, 0, 7, 138.35
1735727396, 228, 35, 39, 0, 0, 0.17%, 6, 0, 7, 155.28
1735727401, 229, 12, 39, 0, 0, 0.17%, 6, 0, 7, 140.49
1735727406, 229, 21, 39, 0, 0, 0.17%, 6, 0, 7, 138.35
1735727417, 229, 24, 39, 0, 0, 0.17%, 6, 0, 7, 145.80
1735727422, 230, 21, 39, 0, 0, 0.17%, 6, 0, 7, 136.29
1735727432, 230, 24, 39, 0, 0, 0.17%, 6, 0, 7, 137.52
1735727437, 231, 19, 39, 0, 0, 0.17%, 6, 0, 7, 139.36
1735727442, 231, 21, 39, 0, 0, 0.17%, 6, 0, 7, 140.52
1735727448, 231, 24, 39, 0, 0, 0.17%, 6, 0, 7, 136.65
1735727453, 231, 33, 39, 0, 0, 0.17%, 6, 0, 7, 139.87
1735727463, 232, 12, 39, 0, 0, 0.17%, 6, 0, 7, 140.00
1735727468, 232, 21, 39, 0, 0, 0.17%, 6, 0, 7, 138.61
1735727473, 232, 23, 39, 0, 0, 0.17%, 6, 0, 7, 138.90
1735727478, 232, 24, 39, 0, 0, 0.17%, 6, 0, 7, 135.43
1735727484, 233, 11, 39, 0, 0, 0.17%, 6, 0, 7, 141.21
1735727489, 233, 21, 39, 0, 0, 0.17%, 6, 0, 7, 137.74
1735727499, 233, 24, 39, 0, 0, 0.17%, 6, 0, 7, 133.44
1735727504, 233, 25, 39, 0, 0, 0.17%, 6, 0, 7, 144.32
1735727510, 233, 35, 39, 0, 0, 0.17%, 6, 0, 7, 161.08
1735727515, 234, 12, 39, 0, 0, 0.17%, 6, 0, 7, 141.49
1735727520, 234, 21, 39, 0, 0, 0.17%, 6, 0, 7, 151.89
1735727525, 234, 24, 39, 0, 0, 0.17%, 6, 0, 7, 139.87
1735727530, 234, 28, 39, 0, 0, 0.17%, 6, 0, 7, 138.51
1735727540, 235, 20, 39, 0, 0, 0.17%, 6, 0, 7, 137.20
1735727546, 235, 21, 39, 0, 0, 0.17%, 6, 0, 7, 134.93
1735727556, 235, 23, 39, 0, 0, 0.17%, 6, 0, 7, 137.54
1735727561, 235, 24, 39, 0, 0, 0.17%, 6, 0, 7, 142.76
1735727566, 236, 21, 39, 0, 0, 0.17%, 6, 0, 7, 133.50
1735727577, 236, 24, 39, 0, 0, 0.17%, 6, 0, 7, 128.58
1735727582, 237, 21, 39, 0, 0, 0.17%, 6, 0, 7, 137.26
1735727592, 237, 24, 39, 0, 0, 0.17%, 6, 0, 7, 136.15
1735727597, 238, 12, 39, 0, 0, 0.17%, 6, 0, 7, 140.16
1735727602, 238, 21, 39, 0, 0, 0.17%, 6, 0, 7, 134.48
1735727607, 238, 24, 39, 0, 0, 0.17%, 6, 0, 7, 139.55
1735727612, 239, 12, 39, 0, 0, 0.17%, 6, 0, 7, 134.24
1735727618, 239, 21, 39, 0, 0, 0.17%, 6, 0, 7, 132.68
1735727623, 239, 24, 39, 0, 0, 0.17%, 6, 0, 7, 141.91
1735727628, 240, 2, 39, 0, 0, 0.17%, 6, 0, 7, 136.76
1735727633, 240, 12, 39, 0, 0, 0.17%, 6, 0, 7, 141.54
1735727638, 240, 21, 39, 0, 0, 0.17%, 6, 0, 7, 134.65
1735727643, 240, 24, 39, 0, 0, 0.17%, 6, 0, 7, 131.99
1735727649, 241, 3, 39, 0, 0, 0.17%, 6, 0, 7, 138.05
1735727654, 241, 21, 39, 0, 0, 0.17%, 6, 0, 7, 138.61
1735727664, 241, 23, 39, 0, 0, 0.17%, 6, 0, 7, 141.60
1735727669, 241, 24, 39, 0, 0, 0.17%, 6, 0, 7, 142.59
1735727675, 242, 12, 39, 0, 0, 0.17%, 6, 0, 7, 139.15
1735727680, 242, 21, 39, 0, 0, 0.17%, 6, 0, 7, 141.16
1735727685, 242, 24, 39, 0, 0, 0.17%, 6, 0, 7, 135.90
1735727690, 242, 37, 39, 0, 0, 0.17%, 6, 0, 7, 147.04
1735727695, 243, 5, 39, 0, 0, 0.17%, 6, 0, 7, 143.71
1735727700, 243, 21, 39, 0, 0, 0.17%, 6, 0, 7, 139.17
1735727710, 243, 24, 39, 0, 0, 0.17%, 6, 0, 7, 135.03
1735727716, 243, 28, 39, 0, 0, 0.17%, 6, 0, 7, 143.09
1735727721, 243, 33, 39, 0, 0, 0.17%, 6, 0, 7, 144.61
1735727731, 244, 21, 39, 0, 0, 0.17%, 6, 0, 7, 136.59
1735727741, 244, 24, 39, 0, 0, 0.17%, 6, 0, 7, 139.06
1735727746, 244, 35, 39, 0, 0, 0.17%, 6, 0, 7, 159.83
1735727752, 245, 9, 39, 0, 0, 0.17%, 6, 0, 7, 154.35
1735727757, 245, 21, 39, 0, 0, 0.17%, 6, 0, 7, 139.22
1735727767, 245, 24, 39, 0, 0, 0.17%, 6, 0, 7, 132.31
1735727772, 246, 12, 39, 0, 0, 0.17%, 6, 0, 7, 132.58
1735727777, 246, 21, 39, 0, 0, 0.17%, 6, 0, 7, 140.80
1735727783, 246, 24, 39, 0, 0, 0.17%, 6, 0, 7, 134.96
1735727788, 247, 12, 39, 0, 0, 0.17%, 6, 0, 7, 130.71
1735727793, 247, 21, 39, 0, 0, 0.17%, 6, 0, 7, 133.63
1735727803, 247, 24, 39, 0, 0, 0.17%, 6, 0, 7, 131.41
1735727808, 247, 26, 39, 0, 0, 0.17%, 6, 0, 7, 146.72
1735727813, 248, 15, 39, 0, 0, 0.17%, 6, 0, 7, 134.65
1735727819, 248, 21, 39, 0, 0, 0.17%, 6, 0, 7, 138.23
1735727829, 248, 24, 39, 0, 0, 0.17%, 6, 0, 7, 136.40
1735727834, 248, 34, 39, 0, 0, 0.17%, 6, 0, 7, 141.61
1735727844, 249, 21, 39, 0, 0, 0.17%, 6, 0, 7, 139.08
1735727855, 249, 24, 39, 0, 0, 0.17%, 6, 0, 7, 137.07
1735727860, 249, 26, 39, 0, 0, 0.17%, 6, 0, 7, 142.52
1735727865, 249, 36, 39, 0, 0, 0.17%, 6, 0, 7, 145.13
1735727870, 250, 15, 39, 0, 0, 0.17%, 6, 0, 7, 141.61
1735727875, 250, 21, 39, 0, 0, 0.17%, 6, 0, 7, 136.68
1735727880, 250, 24, 39, 0, 0, 0.17%, 6, 0, 7, 137.55
1735727885, 250, 34, 39, 0, 0, 0.17%, 6, 0, 7, 141.78
1735727896, 251, 21, 39, 0, 0, 0.17%, 6, 0, 7, 135.51
1735727906, 251, 24, 39, 0, 0, 0.17%, 6, 0, 7, 137.32
1735727911, 252, 12, 39, 0, 0, 0.17%, 6, 0, 7, 135.32
1735727916, 252, 21, 39, 0, 0, 0.17%, 6, 0, 7, 133.56
1735727921, 252, 24, 39, 0, 0, 0.17%, 6, 0, 7, 135.62
1735727927, 253, 12, 39, 0, 0, 0.17%, 6, 0, 7, 136.96
1735727932, 253, 21, 39, 0, 0, 0.17%, 6, 0, 7, 136.73
1735727937, 253, 24, 39, 0, 0, 0.17%, 6, 0, 7, 137.16
1735727942, 253, 35, 39, 0, 0, 0.17%, 6, 0, 7, 148.83
1735727952, 254, 12, 39, 0, 0, 0.17%, 6, 0, 7, 138.20
1735727957, 254, 21, 39, 0, 0, 0.17%, 6, 0, 7, 140.13
1735727963, 254, 24, 39, 0, 0, 0.17%, 6, 0, 7, 132.24
1735727968, 254, 27, 39, 0, 0, 0.17%, 6, 0, 7, 147.86
1735727973, 254, 30, 39, 0, 0, 0.17%, 6, 0, 7, 143.08
1735727983, 255, 20, 39, 0, 0, 0.17%, 6, 0, 7, 137.80
1735727988, 255, 21, 39, 0, 0, 0.17%, 6, 0, 7, 141.94
1735727993, 255, 24, 39, 0, 0, 0.17%, 6, 0, 7, 143.04
1735727999, 255, 28, 39, 0, 0, 0.17%, 6, 0, 7, 138.62
1735728009, 256, 21, 39, 0, 0, 0.17%, 6, 0, 7, 132.90
1735728019, 256, 24, 39, 0, 0, 0.17%, 6, 0, 7, 132.52
1735728024, 256, 26, 39, 0, 0, 0.17%, 6, 0, 7, 146.97
1735728029, 256, 31, 39, 0, 0, 0.17%, 6, 0, 7, 142.65
1735728040, 256, 32, 39, 0, 0, 0.17%, 6, 0, 7, 148.85
1735728045, 257, 12, 39, 0, 0, 0.17%, 6, 0, 7, 138.36
1735728050, 257, 21, 39, 0, 0, 0.17%, 6, 0, 7, 131.22
1735728061, 257, 24, 39, 0, 0, 0.17%, 6, 0, 7, 134.96
1735728066, 257, 29, 39, 0, 0, 0.17%, 6, 0, 7, 134.03
1735728071, 257, 30, 39, 0, 0, 0.17%, 6, 0, 7, 133.44
1735728081, 258, 12, 39, 0, 0, 0.17%, 6, 0, 7, 137.51
1735728086, 258, 21, 39, 0, 0, 0.17%, 6, 0, 7, 138.56
1735728091, 258, 24, 39, 0, 0, 0.17%, 6, 0, 7, 138.90
1735728096, 258, 28, 39, 0, 0, 0.17%, 6, 0, 7, 136.12
1735728107, 259, 1, 39, 0, 0, 0.17%, 6, 0, 7, 136.77
1735728112, 259, 12, 39, 0, 0, 0.17%, 6, 0, 7, 138.43
1735728117, 259, 21, 39, 0, 0, 0.17%, 6, 0, 7, 143.87
1735728122, 259, 24, 39, 0, 0, 0.17%, 6, 0, 7, 134.75
1735728127, 260, 12, 39, 0, 0, 0.17%, 6, 0, 7, 132.77
1735728132, 260, 21, 39, 0, 0, 0.17%, 6, 0, 7, 135.70
1735728143, 260, 24, 39, 0, 0, 0.17%, 6, 0, 7, 135.41
1735728148, 260, 36, 39, 0, 0, 0.17%, 6, 0, 7, 139.99
1735728153, 261, 21, 39, 0, 0, 0.17%, 6, 0, 7, 137.78
1735728163, 261, 24, 39, 0, 0, 0.17%, 6, 0, 7, 134.84
1735728168, 262, 8, 39, 0, 0, 0.17%, 6, 0, 7, 132.53
1735728174, 262, 21, 39, 0, 0, 0.17%, 6, 0, 7, 134.57
1735728184, 262, 24, 39, 0, 0, 0.17%, 6, 0, 7, 131.93
1735728189, 263, 12, 39, 0, 0, 0.17%, 6, 0, 7, 134.01
1735728194, 263, 17, 39, 0, 0, 0.17%, 6, 0, 7, 132.73
1735728199, 263, 21, 39, 0, 0, 0.17%, 6, 0, 7, 139.07
1735728204, 263, 24, 39, 0, 0, 0.17%, 6, 0, 7, 135.82
1735728210, 263, 34, 39, 0, 0, 0.17%, 6, 0, 7, 133.61
1735728220, 263, 36, 39, 0, 0, 0.17%, 6, 0, 7, 150.65
1735728225, 264, 21, 39, 0, 0, 0.17%, 6, 0, 7, 140.51
1735728235, 264, 24, 39, 0, 0, 0.17%, 6, 0, 7, 137.07
1735728241, 264, 35, 39, 0, 0, 0.17%, 6, 0, 7, 150.89
1735728246, 264, 37, 39, 0, 0, 0.17%, 6, 0, 7, 147.36
1735728251, 265, 12, 39, 0, 0, 0.17%, 6, 0, 7, 139.82
1735728256, 265, 20, 39, 0, 0, 0.17%, 6, 0, 7, 142.80
1735728261, 265, 21, 39, 0, 0, 0.17%, 6, 0, 7, 143.78
1735728266, 265, 24, 39, 0, 0, 0.17%, 6, 0, 7, 135.98
1735728271, 265, 35, 39, 0, 0, 0.17%, 6, 0, 7, 144.72
1735728282, 266, 12, 39, 0, 0, 0.17%, 6, 0, 7, 140.72
1735728287, 266, 21, 39, 0, 0, 0.17%, 6, 0, 7, 142.19
1735728292, 266, 23, 39, 0, 0, 0.17%, 6, 0, 7, 142.14
1735728297, 266, 24, 39, 0, 0, 0.17%, 6, 0, 7, 139.06
1735728302, 267, 2, 39, 0, 0, 0.17%, 6, 0, 7, 131.04
1735728307, 267, 12, 39, 0, 0, 0.17%, 6, 0, 7, 127.90
1735728312, 267, 21, 39, 0, 0, 0.17%, 6, 0, 7, 132.97
1735728317, 267, 24, 39, 0, 0, 0.17%, 6, 0, 7, 138.18
1735728323, 268, 1, 39, 0, 0, 0.17%, 6, 0, 7, 142.30
1735728328, 268, 21, 39, 0, 0, 0.17%, 6, 0, 7, 137.48
1735728338, 268, 23, 39, 0, 0, 0.17%, 6, 0, 7, 143.85
1735728343, 268, 24, 39, 0, 0, 0.17%, 6, 0, 7, 137.64
1735728348, 268, 33, 39, 0, 0, 0.17%, 6, 0, 7, 131.57
1735728353, 269, 12, 39, 0, 0, 0.17%, 6, 0, 7, 135.26
1735728359, 269, 21, 39, 0, 0, 0.17%, 6, 0, 7, 137.89
1735728364, 269, 22, 39, 0, 0, 0.17%, 6, 0, 7, 142.75
1735728374, 269, 24, 39, 0, 0, 0.17%, 6, 0, 7, 144.54
1735728379, 270, 12, 39, 0, 0, 0.17%, 6, 0, 7, 135.65
1735728384, 270, 21, 39, 0, 0, 0.17%, 6, 0, 7, 137.48
1735728389, 270, 24, 39, 0, 0, 0.17%, 6, 0, 7, 133.29
1735728395, 270, 32, 39, 0, 0, 0.17%, 6, 0, 7, 131.21
1735728405, 271, 16, 39, 0, 0, 0.17%, 6, 0, 7, 140.76
1735728410, 271, 21, 39, 0, 0, 0.17%, 6, 0, 7, 135.41
1735728420, 271, 24, 39, 0, 0, 0.17%, 6, 0, 7, 140.82
1735728425, 272, 20, 39, 0, 0, 0.17%, 6, 0, 7, 142.37
1735728431, 272, 21, 39, 0, 0, 0.17%, 6, 0, 7, 140.28
1735728436, 272, 22, 39, 0, 0, 0.17%, 6, 0, 7, 142.59
1735728446, 272, 24, 39, 0, 0, 0.17%, 6, 0, 7, 135.91
1735728451, 273, 5, 39, 0, 0, 0.17%, 6, 0, 7, 132.47
1735728456, 273, 21, 39, 0, 0, 0.17%, 6, 0, 7, 130.80
1735728467, 273, 24, 39, 0, 0, 0.17%, 6, 0, 7, 136.66
1735728472, 274, 12, 39, 0, 0, 0.17%, 6, 0, 7, 139.28
1735728477, 274, 21, 39, 0, 0, 0.17%, 6, 0, 7, 136.74
1735728482, 274, 24, 39, 0, 0, 0.17%, 6, 0, 7, 130.53
1735728487, 275, 8, 39, 0, 0, 0.17%, 6, 0, 7, 131.11
1735728492, 275, 21, 39, 0, 0, 0.17%, 6, 0, 7, 136.45
1735728503, 275, 24, 39, 0, 0, 0.17%, 6, 0, 7, 136.50
1735728508, 275, 27, 39, 0, 0, 0.17%, 6, 0, 7, 139.05
1735728513, 276, 21, 39, 0, 0, 0.17%, 6, 0, 7, 133.67
1735728523, 276, 24, 39, 0, 0, 0.17%, 6, 0, 7, 139.09
1735728529, 276, 34, 39, 0, 0, 0.17%, 6, 0, 7, 148.42
1735728534, 277, 12, 39, 0, 0, 0.17%, 6, 0, 7, 131.88
1735728539, 277, 17, 39, 0, 0, 0.17%, 6, 0, 7, 134.27
1735728544, 277, 21, 39, 0, 0, 0.17%, 6, 0, 7, 135.73
1735728549, 277, 24, 39, 0, 0, 0.17%, 6, 0, 7, 138.96
1735728554, 277, 35, 39, 0, 0, 0.17%, 6, 0, 7, 148.19
1735728564, 278, 17, 39, 0, 0, 0.17%, 6, 0, 7, 136.87
1735728569, 278, 21, 39, 0, 0, 0.17%, 6, 0, 7, 145.34
1735728575, 278, 24, 39, 0, 0, 0.17%, 6, 0, 7, 132.77
1735728580, 278, 26, 39, 0, 0, 0.17%, 6, 0, 7, 132.04
1735728585, 278, 28, 39, 0, 0, 0.17%, 6, 0, 7, 142.35
1735728595, 279, 16, 39, 0, 0, 0.17%, 6, 0, 7, 138.74
1735728600, 279, 21, 39, 0, 0, 0.17%, 6, 0, 7, 139.11
1735728606, 279, 24, 39, 0, 0, 0.17%, 6, 0, 7, 138.56
1735728611, 280, 12, 39, 0, 0, 0.17%, 6, 0, 7, 130.18
1735728616, 280, 21, 39, 0, 0, 0.17%, 6, 0, 7, 136.67
1735728626, 280, 24, 39, 0, 0, 0.17%, 6, 0, 7, 137.66
1735728631, 281, 12, 39, 0, 0, 0.17%, 6, 0, 7, 132.43
1735728637, 281, 21, 39, 0, 0, 0.17%, 6, 0, 7, 137.97
1735728642, 281, 24, 39, 0, 0, 0.17%, 6, 0, 7, 137.10
1735728647, 282, 12, 39, 0, 0, 0.17%, 6, 0, 7, 136.53
1735728652, 282, 21, 39, 0, 0, 0.17%, 6, 0, 7, 140.31
1735728657, 282, 22, 39, 0, 0, 0.17%, 6, 0, 7, 148.59
1735728668, 282, 23, 39, 0, 0, 0.17%, 6, 0, 7, 137.66
1735728673, 282, 24, 39, 0, 0, 0.17%, 6, 0, 7, 135.17
1735728678, 283, 17, 39, 0, 0, 0.17%, 6, 0, 7, 132.09
1735728683, 283, 21, 39, 0, 0, 0.17%, 6, 0, 7, 135.38
1735728688, 283, 24, 39, 0, 0, 0.17%, 6, 0, 7, 132.71
1735728693, 284, 2, 39, 0, 0, 0.17%, 6, 0, 7, 134.20
1735728698, 284, 15, 39, 0, 0, 0.17%, 6, 0, 7, 134.06
1735728703, 284, 21, 39, 0, 0, 0.17%, 6, 0, 7, 129.85
1735728709, 284, 24, 39, 0, 0, 0.17%, 6, 0, 7, 139.33
1735728719, 284, 28, 39, 0, 0, 0.17%, 6, 0, 7, 141.88
1735728724, 285, 12, 39, 0, 0, 0.17%, 6, 0, 7, 135.09
1735728729, 285, 21, 39, 0, 0, 0.17%, 6, 0, 7, 135.66
1735728734, 285, 24, 39, 0, 0, 0.17%, 6, 0, 7, 143.34
1735728745, 286, 12, 39, 0, 0, 0.17%, 6, 0, 7, 137.98
1735728750, 286, 21, 39, 0, 0, 0.17%, 6, 0, 7, 137.02
1735728755, 286, 24, 39, 0, 0, 0.17%, 6, 0, 7, 136.58
1735728760, 287, 12, 39, 0, 0, 0.17%, 6, 0, 7, 136.85
1735728765, 287, 17, 39, 0, 0, 0.17%, 6, 0, 7, 141.21
1735728770, 287, 21, 39, 0, 0, 0.17%, 6, 0, 7, 137.47
1735728776, 287, 24, 39, 0, 0, 0.17%, 6, 0, 7, 138.28
1735728781, 287, 29, 39, 0, 0, 0.17%, 6, 0, 7, 139.56
1735728791, 288, 12, 39, 0, 0, 0.17%, 6, 0, 7, 139.72
1735728796, 288, 21, 39, 0, 0, 0.17%, 6, 0, 7, 133.86
1735728801, 288, 24, 39, 0, 0, 0.17%, 6, 0, 7, 135.09
1735728806, 288, 31, 39, 0, 0, 0.17%, 6, 0, 7, 136.48
1735728817, 288, 34, 39, 0, 0, 0.17%, 6, 0, 7, 143.13
1735728822, 288, 36, 39, 0, 0, 0.17%, 6, 0, 7, 146.12
1735728827, 289, 12, 39, 0, 0, 0.17%, 6, 0, 7, 136.87
1735728832, 289, 21, 39, 0, 0, 0.17%, 6, 0, 7, 134.62
1735728842, 289, 24, 39, 0, 0, 0.17%, 6, 0, 7, 133.53
1735728847, 289, 38, 39, 0, 0, 0.17%, 6, 0, 7, 149.22
1735728852, 290, 14, 39, 0, 0, 0.17%, 6, 0, 7, 138.79
1735728857, 290, 21, 39, 0, 0, 0.17%, 6, 0, 7, 138.86
1735728862, 290, 24, 39, 0, 0, 0.17%, 6, 0, 7, 140.13
1735728868, 290, 29, 39, 0, 0, 0.17%, 6, 0, 7, 135.86
1735728878, 291, 19, 39, 0, 0, 0.17%, 6, 0, 7, 136.33
1735728883, 291, 21, 39, 0, 0, 0.17%, 6, 0, 7, 137.58
1735728893, 291, 24, 39, 0, 0, 0.17%, 6, 0, 7, 135.58
1735728899, 292, 12, 39, 0, 0, 0.17%, 6, 0, 7, 139.34
1735728904, 292, 21, 39, 0, 0, 0.17%, 6, 0, 7, 140.20
1735728909, 292, 24, 39, 0, 0, 0.17%, 6, 0, 7, 129.32
1735728914, 292, 31, 39, 0, 0, 0.17%, 6, 0, 7, 139.54
1735728924, 293, 21, 39, 0, 0, 0.17%, 6, 0, 7, 141.81
1735728934, 293, 24, 39, 0, 0, 0.17%, 6, 0, 7, 133.50
1735728940, 293, 33, 39, 0, 0, 0.17%, 6, 0, 7, 140.58
1735728945, 294, 6, 39, 0, 0, 0.17%, 6, 0, 7, 137.84
1735728950, 294, 12, 39, 0, 0, 0.17%, 6, 0, 7, 137.16
1735728955, 294, 21, 39, 0, 0, 0.17%, 6, 0, 7, 131.31
1735728965, 294, 24, 39, 0, 0, 0.17%, 6, 0, 7, 137.02
1735728970, 295, 12, 39, 0, 0, 0.17%, 6, 0, 7, 133.33
1735728975, 295, 21, 39, 0, 0, 0.17%, 6, 0, 7, 132.92
1735728986, 295, 24, 39, 0, 0, 0.17%, 6, 0, 7, 139.42
1735728991, 295, 37, 39, 0, 0, 0.17%, 6, 0, 7, 141.27
1735728996, 296, 21, 39, 0, 0, 0.17%, 6, 0, 7, 136.97
1735729006, 296, 24, 39, 0, 0, 0.17%, 6, 0, 7, 128.23
1735729012, 297, 1, 39, 0, 0, 0.17%, 6, 0, 7, 130.04
1735729017, 297, 16, 39, 0, 0, 0.17%, 6, 0, 7, 135.08
1735729022, 297, 21, 39, 0, 0, 0.17%, 6, 0, 7, 142.08
1735729032, 297, 24, 39, 0, 0, 0.17%, 6, 0, 7, 135.16
1735729037, 298, 21, 39, 0, 0, 0.17%, 6, 0, 7, 140.99
1735729048, 298, 24, 39, 0, 0, 0.17%, 6, 0, 7, 135.85
1735729053, 298, 29, 39, 0, 0, 0.17%, 6, 0, 7, 145.68
1735729058, 298, 37, 39, 0, 0, 0.17%, 6, 0, 7, 146.57
1735729063, 299, 3, 39, 0, 0, 0.17%, 6, 0, 7, 136.60
1735729068, 299, 21, 39, 0, 0, 0.17%, 6, 0, 7, 139.28
1735729079, 299, 22, 39, 0, 0, 0.17%, 6, 0, 7, 139.51
1735729084, 299, 24, 39, 0, 0, 0.17%, 6, 0, 7, 131.12
1735729089, 299, 30, 39, 0, 0, 0.17%, 6, 0, 7, 138.41
1735729099, 300, 12, 39, 0, 0, 0.17%, 6, 0, 7, 133.84
1735729104, 300, 21, 39, 0, 0, 0.17%, 6, 0, 7, 146.86
1735729109, 300, 24, 39, 0, 0, 0.17%, 6, 0, 7, 139.03
1735729115, 301, 2, 39, 0, 0, 0.17%, 6, 0, 7, 145.47
1735729120, 301, 19, 39, 0, 0, 0.17%, 6, 0, 7, 139.24
1735729125, 301, 21, 39, 0, 0, 0.17%, 6, 0, 7, 143.14
1735729130, 301, 22, 39, 0, 0, 0.17%, 6, 0, 7, 144.75
1735729140, 301, 24, 39, 0, 0, 0.17%, 6, 0, 7, 142.73
1735729145, 301, 30, 39, 0, 0, 0.17%, 6, 0, 7, 147.92
1735729151, 302, 10, 39, 0, 0, 0.17%, 6, 0, 7, 141.97
1735729156, 302, 21, 39, 0, 0, 0.17%, 6, 0, 7, 135.23
1735729166, 302, 24, 39, 0, 0, 0.17%, 6, 0, 7, 136.60
1735729171, 303, 12, 39, 0, 0, 0.17%, 6, 0, 7, 137.11
1735729176, 303, 21, 39, 0, 0, 0.17%, 6, 0, 7, 135.78
1735729181, 303, 24, 39, 0, 0, 0.17%, 6, 0, 7, 139.86
1735729192, 303, 32, 39, 0, 0, 0.17%, 6, 0, 7, 137.81
1735729197, 303, 36, 39, 0, 0, 0.17%, 6, 0, 7, 152.57
1735729202, 303, 38, 39, 0, 0, 0.17%, 6, 0, 7, 155.86
1735729212, 304, 21, 39, 0, 0, 0.17%, 6, 0, 7, 143.81
1735729223, 304, 24, 39, 0, 0, 0.17%, 6, 0, 7, 138.58
1735729228, 304, 31, 39, 0, 0, 0.17%, 6, 0, 7, 143.71
1735729238, 305, 12, 39, 0, 0, 0.17%, 6, 0, 7, 138.22
1735729243, 305, 21, 39, 0, 0, 0.17%, 6, 0, 7, 141.95
1735729249, 305, 24, 39, 0, 0, 0.17%, 6, 0, 7, 134.26
1735729254, 305, 26, 39, 0, 0, 0.17%, 6, 0, 7, 140.62
1735729259, 306, 6, 39, 0, 0, 0.17%, 6, 0, 7, 146.72
1735729264, 306, 12, 39, 0, 0, 0.17%, 6, 0, 7, 137.20
1735729269, 306, 21, 39, 0, 0, 0.17%, 6, 0, 7, 133.32
1735729280, 306, 24, 39, 0, 0, 0.17%, 6, 0, 7, 134.40
1735729285, 306, 31, 39, 0, 0, 0.17%, 6, 0, 7, 149.78
1735729290, 307, 9, 39, 0, 0, 0.17%, 6, 0, 7, 135.63
1735729295, 307, 21, 39, 0, 0, 0.17%, 6, 0, 7, 135.87
1735729305, 307, 24, 39, 0, 0, 0.17%, 6, 0, 7, 135.54
1735729310, 307, 37, 39, 0, 0, 0.17%, 6, 0, 7, 146.29
1735729316, 308, 21, 39, 0, 0, 0.17%, 6, 0, 7, 137.74
1735729326, 308, 24, 39, 0, 0, 0.17%, 6, 0, 7, 135.08
1735729331, 309, 12, 39, 0, 0, 0.17%, 6, 0, 7, 133.98
1735729336, 309, 21, 39, 0, 0, 0.17%, 6, 0, 7, 133.62
1735729346, 309, 24, 39, 0, 0, 0.17%, 6, 0, 7, 126.04
1735729352, 309, 26, 39, 0, 0, 0.17%, 6, 0, 7, 137.32
1735729357, 310, 21, 39, 0, 0, 0.17%, 6, 0, 7, 136.96
1735729367, 310, 24, 39, 0, 0, 0.17%, 6, 0, 7, 137.88
1735729372, 311, 17, 39, 0, 0, 0.17%, 6, 0, 7, 144.62
1735729377, 311, 21, 39, 0, 0, 0.17%, 6, 0, 7, 142.77
1735729383, 311, 24, 39, 0, 0, 0.17%, 6, 0, 7, 137.16
1735729388, 312, 12, 39, 0, 0, 0.17%, 6, 0, 7, 134.44
1735729393, 312, 21, 39, 0, 0, 0.17%, 6, 0, 7, 137.55
1735729398, 312, 24, 39, 0, 0, 0.17%, 6, 0, 7, 139.02
1735729408, 312, 37, 39, 0, 0, 0.17%, 6, 0, 7, 133.70
1735729413, 313, 12, 39, 0, 0, 0.17%, 6, 0, 7, 133.66
1735729419, 313, 21, 39, 0, 0, 0.17%, 6, 0, 7, 138.12
1735729429, 313, 24, 39, 0, 0, 0.17%, 6, 0, 7, 139.39
1735729434, 314, 12, 39, 0, 0, 0.17%, 6, 0, 7, 137.35
1735729439, 314, 21, 39, 0, 0, 0.17%, 6, 0, 7, 133.04
1735729444, 314, 24, 39, 0, 0, 0.17%, 6, 0, 7, 146.96
1735729450, 315, 5, 39, 0, 0, 0.17%, 6, 0, 7, 135.37
1735729455, 315, 21, 39, 0, 0, 0.17%, 6, 0, 7, 137.75
1735729465, 315, 24, 39, 0, 0, 0.17%, 6, 0, 7, 134.11
1735729470, 316, 12, 39, 0, 0, 0.17%, 6, 0, 7, 137.33
1735729475, 316, 21, 39, 0, 0, 0.17%, 6, 0, 7, 134.45
1735729486, 316, 24, 39, 0, 0, 0.17%, 6, 0, 7, 136.11
1735729491, 317, 13, 39, 0, 0, 0.17%, 6, 0, 7, 134.43
1735729496, 317, 21, 39, 0, 0, 0.17%, 6, 0, 7, 136.47
1735729501, 317, 24, 39, 0, 0, 0.17%, 6, 0, 7, 135.28
1735729511, 318, 21, 39, 0, 0, 0.17%, 6, 0, 7, 137.81
1735729522, 318, 24, 39, 0, 0, 0.17%, 6, 0, 7, 141.57
1735729527, 318, 34, 39, 0, 0, 0.17%, 6, 0, 7, 151.01
1735729532, 318, 38, 39, 0, 0, 0.17%, 6, 0, 7, 160.44
1735729537, 319, 7, 39, 0, 0, 0.17%, 6, 0, 7, 141.05
1735729542, 319, 21, 39, 0, 0, 0.17%, 6, 0, 7, 135.54
1735729553, 319, 24, 39, 0, 0, 0.17%, 6, 0, 7, 145.38
1735729558, 320, 18, 39, 0, 0, 0.17%, 6, 0, 7, 140.24
1735729563, 320, 21, 39, 0, 0, 0.17%, 6, 0, 7, 139.66
1735729573, 320, 24, 39, 0, 0, 0.17%, 6, 0, 7, 134.70
1735729579, 321, 10, 39, 0, 0, 0.17%, 6, 0, 7, 136.73
1735729584, 321, 21, 39, 0, 0, 0.17%, 6, 0, 7, 134.00
1735729594, 321, 24, 39, 0, 0, 0.17%, 6, 0, 7, 136.28
1735729599, 321, 27, 39, 0, 0, 0.17%, 6, 0, 7, 138.55
1735729604, 321, 34, 39, 0, 0, 0.17%, 6, 0, 7, 141.36
1735729609, 322, 3, 39, 0, 0, 0.17%, 6, 0, 7, 134.05
1735729614, 322, 12, 39, 0, 0, 0.17%, 6, 0, 7, 139.37
1735729620, 322, 21, 39, 0, 0, 0.17%, 6, 0, 7, 136.91
1735729630, 322, 24, 39, 0, 0, 0.17%, 6, 0, 7, 133.46
1735729635, 322, 34, 39, 0, 0, 0.17%, 6, 0, 7, 141.99
1735729640, 323, 7, 39, 0, 0, 0.17%, 6, 0, 7, 139.37
1735729646, 323, 21, 39, 0, 0, 0.17%, 6, 0, 7, 135.72
1735729656, 323, 24, 39, 0, 0, 0.17%, 6, 0, 7, 131.29
1735729661, 324, 12, 39, 0, 0, 0.17%, 6, 0, 7, 134.91
1735729666, 324, 21, 39, 0, 0, 0.17%, 6, 0, 7, 133.71
1735729676, 324, 24, 39, 0, 0, 0.17%, 6, 0, 7, 133.94
1735729681, 324, 26, 39, 0, 0, 0.17%, 6, 0, 7, 139.70
1735729687, 324, 31, 39, 0, 0, 0.17%, 6, 0, 7, 149.94
1735729692, 324, 33, 39, 0, 0, 0.17%, 6, 0, 7, 143.75
1735729702, 325, 11, 39, 0, 0, 0.17%, 6, 0, 7, 141.83
1735729707, 325, 21, 39, 0, 0, 0.17%, 6, 0, 7, 136.65
1735729717, 325, 24, 39, 0, 0, 0.17%, 6, 0, 7, 137.74
1735729723, 325, 30, 39, 0, 0, 0.17%, 6, 0, 7, 141.64
1735729728, 325, 36, 39, 0, 0, 0.17%, 6, 0, 7, 153.70
1735729733, 326, 12, 39, 0, 0, 0.17%, 6, 0, 7, 140.37
1735729738, 326, 18, 39, 0, 0, 0.17%, 6, 0, 7, 137.38
1735729743, 326, 21, 39, 0, 0, 0.17%, 6, 0, 7, 134.76
1735729748, 326, 24, 39, 0, 0, 0.17%, 6, 0, 7, 137.59
1735729753, 326, 38, 39, 0, 0, 0.17%, 6, 0, 7, 152.39
1735729764, 327, 16, 39, 0, 0, 0.17%, 6, 0, 7, 136.62
1735729769, 327, 21, 39, 0, 0, 0.17%, 6, 0, 7, 138.34
1735729774, 327, 24, 39, 0, 0, 0.17%, 6, 0, 7, 136.59
1735729779, 328, 12, 39, 0, 0, 0.17%, 6, 0, 7, 141.72
1735729784, 328, 21, 39, 0, 0, 0.17%, 6, 0, 7, 138.24
1735729789, 328, 24, 39, 0, 0, 0.17%, 6, 0, 7, 137.07
1735729795, 328, 32, 39, 0, 0, 0.17%, 6, 0, 7, 133.88
1735729805, 329, 5, 39, 0, 0, 0.17%, 6, 0, 7, 141.01
1735729810, 329, 21, 39, 0, 0, 0.17%, 6, 0, 7, 139.75
1735729820, 329, 24, 39, 0, 0, 0.17%, 6, 0, 7, 132.83
1735729825, 330, 12, 39, 0, 0, 0.17%, 6, 0, 7, 133.25
1735729831, 330, 21, 39, 0, 0, 0.17%, 6, 0, 7, 141.65
1735729836, 330, 24, 39, 0, 0, 0.17%, 6, 0, 7, 134.09
1735729841, 330, 33, 39, 0, 0, 0.17%, 6, 0, 7, 138.50
1735729851, 331, 12, 39, 0, 0, 0.17%, 6, 0, 7, 134.12
1735729856, 331, 21, 39, 0, 0, 0.17%, 6, 0, 7, 143.42
1735729862, 331, 24, 39, 0, 0, 0.17%, 6, 0, 7, 136.56
1735729867, 332, 12, 39, 0, 0, 0.17%, 6, 0, 7, 140.70
1735729872, 332, 21, 39, 0, 0, 0.17%, 6, 0, 7, 133.47
1735729877, 332, 24, 39, 0, 0, 0.17%, 6, 0, 7, 137.97
1735729882, 333, 12, 39, 0, 0, 0.17%, 6, 0, 7, 129.54
1735729887, 333, 21, 39, 0, 0, 0.17%, 6, 0, 7, 135.95
1735729898, 333, 24, 39, 0, 0, 0.17%, 6, 0, 7, 137.54
1735729903, 333, 30, 39, 0, 0, 0.17%, 6, 0, 7, 141.44
1735729908, 333, 37, 39, 0, 0, 0.17%, 6, 0, 7, 149.51
1735729913, 334, 12, 39, 0, 0, 0.17%, 6, 0, 7, 142.49
1735729918, 334, 21, 39, 0, 0, 0.17%, 6, 0, 7, 133.33
1735729923, 334, 24, 39, 0, 0, 0.17%, 6, 0, 7, 129.67
1735729929, 334, 26, 39, 0, 0, 0.17%, 6, 0, 7, 143.05
1735729934, 334, 35, 39, 0, 0, 0.17%, 6, 0, 7, 150.74
1735729944, 335, 21, 39, 0, 0, 0.17%, 6, 0, 7, 138.64
1735729954, 335, 24, 39, 0, 0, 0.17%, 6, 0, 7, 134.29
1735729960, 336, 12, 39, 0, 0, 0.17%, 6, 0, 7, 136.41
1735729965, 336, 21, 39, 0, 0, 0.17%, 6, 0, 7, 136.95
1735729975, 336, 24, 39, 0, 0, 0.17%, 6, 0, 7, 132.04
1735729980, 337, 21, 39, 0, 0, 0.17%, 6, 0, 7, 136.43
1735729991, 337, 22, 39, 0, 0, 0.17%, 6, 0, 7, 145.64
1735729996, 337, 24, 39, 0, 0, 0.17%, 6, 0, 7, 138.21
1735730001, 338, 12, 39, 0, 0, 0.17%, 6, 0, 7, 145.54
1735730006, 338, 14, 39, 0, 0, 0.17%, 6, 0, 7, 134.47
1735730011, 338, 21, 39, 0, 0, 0.17%, 6, 0, 7, 137.44
1735730022, 338, 24, 39, 0, 0, 0.17%, 6, 0, 7, 137.28
1735730027, 339, 21, 39, 0, 0, 0.17%, 6, 0, 7, 142.65
1735730037, 339, 24, 39, 0, 0, 0.17%, 6, 0, 7, 138.48
1735730042, 340, 12, 39, 0, 0, 0.17%, 6, 0, 7, 135.12
1735730047, 340, 21, 39, 0, 0, 0.17%, 6, 0, 7, 139.66
1735730058, 340, 24, 39, 0, 0, 0.17%, 6, 0, 7, 147.73
1735730063, 340, 25, 39, 0, 0, 0.17%, 6, 0, 7, 143.87
1735730068, 341, 21, 39, 0, 0, 0.17%, 6, 0, 7, 139.82
1735730078, 341, 24, 39, 0, 0, 0.17%, 6, 0, 7, 137.87
1735730083, 342, 21, 39, 0, 0, 0.17%, 6, 0, 7, 138.19
1735730094, 342, 24, 39, 0, 0, 0.17%, 6, 0, 7, 135.53
1735730099, 342, 35, 39, 0, 0, 0.17%, 6, 0, 7, 152.46
1735730104, 343, 7, 39, 0, 0, 0.17%, 6, 0, 7, 139.44
1735730109, 343, 17, 39, 0, 0, 0.17%, 6, 0, 7, 141.01
1735730114, 343, 21, 39, 0, 0, 0.17%, 6, 0, 7, 140.35
1735730124, 343, 24, 39, 0, 0, 0.17%, 6, 0, 7, 143.35
1735730130, 344, 21, 39, 0, 0, 0.17%, 6, 0, 7, 138.26
1735730140, 344, 24, 39, 0, 0, 0.17%, 6, 0, 7, 136.04
1735730145, 345, 12, 39, 0, 0, 0.17%, 6, 0, 7, 139.07
1735730150, 345, 21, 39, 0, 0, 0.17%, 6, 0, 7, 141.18
1735730156, 345, 24, 39, 0, 0, 0.17%, 6, 0, 7, 141.50
1735730161, 346, 3, 39, 0, 0, 0.17%, 6, 0, 7, 131.37
1735730166, 346, 17, 39, 0, 0, 0.17%, 6, 0, 7, 130.42
1735730171, 346, 21, 39, 0, 0, 0.17%, 6, 0, 7, 134.06
1735730176, 346, 22, 39, 0, 0, 0.17%, 6, 0, 7, 143.62
1735730187, 346, 24, 39, 0, 0, 0.17%, 6, 0, 7, 131.71
1735730192, 346, 29, 39, 0, 0, 0.17%, 6, 0, 7, 143.71
1735730197, 346, 36, 39, 0, 0, 0.17%, 6, 0, 7, 138.26
1735730202, 347, 12, 39, 0, 0, 0.17%, 6, 0, 7, 141.05
1735730207, 347, 21, 39, 0, 0, 0.17%, 6, 0, 7, 140.69
1735730212, 347, 24, 39, 0, 0, 0.17%, 6, 0, 7, 135.52
1735730217, 347, 28, 39, 0, 0, 0.17%, 6, 0, 7, 138.97
1735730228, 348, 12, 39, 0, 0, 0.17%, 6, 0, 7, 133.93
1735730233, 348, 21, 39, 0, 0, 0.17%, 6, 0, 7, 140.34
1735730243, 348, 24, 39, 0, 0, 0.17%, 6, 0, 7, 133.04
1735730248, 349, 14, 39, 0, 0, 0.17%, 6, 0, 7, 135.42
1735730254, 349, 21, 39, 0, 0, 0.17%, 6, 0, 7, 137.54
1735730264, 349, 24, 39, 0, 0, 0.17%, 6, 0, 7, 139.14
1735730269, 349, 28, 39, 0, 0, 0.17%, 6, 0, 7, 136.82
1735730274, 349, 33, 39, 0, 0, 0.17%, 6, 0, 7, 149.17
1735730285, 350, 21, 39, 0, 0, 0.17%, 6, 0, 7, 135.12
1735730295, 350, 24, 39, 0, 0, 0.17%, 6, 0, 7, 133.31
1735730300, 350, 36, 39, 0, 0, 0.17%, 6, 0, 7, 141.37
1735730305, 350, 38, 39, 0, 0, 0.17%, 6, 0, 7, 151.46
1735730310, 351, 3, 39, 0, 0, 0.17%, 6, 0, 7, 144.56
1735730316, 351, 21, 39, 0, 0, 0.17%, 6, 0, 7, 139.50
1735730326, 351, 24, 39, 0, 0, 0.17%, 6, 0, 7, 130.85
1735730331, 352, 12, 39, 0, 0, 0.17%, 6, 0, 7, 135.03
1735730336, 352, 21, 39, 0, 0, 0.17%, 6, 0, 7, 134.06
1735730341, 352, 24, 39, 0, 0, 0.17%, 6, 0, 7, 142.99
1735730352, 352, 27, 39, 0, 0, 0.17%, 6, 0, 7, 134.53
1735730357, 353, 16, 39, 0, 0, 0.17%, 6, 0, 7, 138.95
1735730362, 353, 21, 39, 0, 0, 0.17%, 6, 0, 7, 139.87
1735730367, 353, 24, 39, 0, 0, 0.17%, 6, 0, 7, 135.68
1735730372, 353, 30, 39, 0, 0, 0.17%, 6, 0, 7, 145.82
1735730383, 353, 34, 39, 0, 0, 0.17%, 6, 0, 7, 142.59
1735730388, 353, 37, 39, 0, 0, 0.17%, 6, 0, 7, 151.20
1735730393, 354, 1, 39, 0, 0, 0.17%, 6, 0, 7, 137.66
1735730398, 354, 21, 39, 0, 0, 0.17%, 6, 0, 7, 140.57
1735730408, 354, 24, 39, 0, 0, 0.17%, 6, 0, 7, 141.87
1735730414, 354, 35, 39, 0, 0, 0.17%, 6, 0, 7, 149.26
