# unix_time, cycles_done, cur_path, paths_total, pending_total, pending_favs, map_size, unique_crashes, unique_hangs, max_depth, execs_per_sec
1735169687, 0, 0, 10, 10, 1, 0.01%, 0, 0, 1, 83.77
1735169692, 0, 3, 10, 10, 1, 0.01%, 0, 0, 1, 102.95
1735169697, 0, 4, 10, 9, 0, 0.01%, 0, 0, 1, 103.46
1735169707, 0, 5, 10, 8, 0, 0.01%, 0, 0, 1, 102.20
1735169717, 0, 6, 10, 7, 0, 0.01%, 0, 0, 1, 100.24
1735169727, 0, 7, 10, 6, 0, 0.01%, 0, 0, 1, 101.05
1735169737, 0, 8, 10, 5, 0, 0.01%, 0, 0, 1, 98.66
1735169748, 0, 9, 10, 4, 0, 0.01%, 0, 0, 1, 98.05
1735169758, 1, 0, 10, 3, 0, 0.01%, 0, 0, 1, 97.58
1735169773, 1, 1, 10, 2, 0, 0.01%, 0, 0, 1, 98.51
1735169783, 1, 2, 10, 1, 0, 0.01%, 0, 0, 1, 92.53
1735169793, 1, 3, 10, 0, 0, 0.01%, 0, 0, 1, 100.86
1735169799, 1, 4, 10, 0, 0, 0.01%, 0, 0, 1, 103.88
1735169804, 1, 5, 10, 0, 0, 0.01%, 0, 0, 1, 101.52
1735169809, 1, 7, 10, 0, 0, 0.01%, 0, 0, 1, 103.41
1735169814, 1, 8, 10, 0, 0, 0.01%, 0, 0, 1, 101.21
1735169819, 2, 0, 10, 0, 0, 0.01%, 0, 0, 1, 103.56
1735169824, 2, 1, 10, 0, 0, 0.01%, 0, 0, 1, 103.79
1735169829, 2, 2, 10, 0, 0, 0.01%, 0, 0, 1, 102.49
1735169834, 2, 4, 10, 0, 0, 0.01%, 0, 0, 1, 101.62
1735169839, 2, 5, 10, 0, 0, 0.01%, 0, 0, 1, 103.68
1735169844, 2, 7, 10, 0, 0, 0.01%, 0, 0, 1, 101.82
1735169849, 2, 8, 10, 0, 0, 0.01%, 0, 0, 1, 101.14
1735169854, 2, 9, 10, 0, 0, 0.01%, 0, 0, 1, 101.58
1735169859, 3, 1, 10, 0, 0, 0.01%, 0, 0, 1, 102.63
1735169864, 3, 2, 10, 0, 0, 0.01%, 0, 0, 1, 102.29
1735169869, 3, 4, 10, 0, 0, 0.01%, 0, 0, 1, 105.12
1735169875, 3, 5, 10, 0, 0, 0.01%, 0, 0, 1, 101.36
1735169880, 3, 6, 10, 0, 0, 0.01%, 0, 0, 1, 100.88
1735169885, 3, 8, 10, 0, 0, 0.01%, 0, 0, 1, 103.31
1735169890, 3, 9, 10, 0, 0, 0.01%, 0, 0, 1, 102.12
1735169895, 4, 1, 10, 0, 0, 0.01%, 0, 0, 1, 102.13
1735169900, 4, 2, 10, 0, 0, 0.01%, 0, 0, 1, 100.70
1735169905, 4, 3, 11, 1, 0, 0.16%, 1, 0, 2, 101.23
1735169910, 4, 10, 11, 1, 1, 0.16%, 1, 0, 2, 104.47
1735169915, 4, 10, 12, 2, 1, 0.16%, 2, 0, 3, 108.23
1735169995, 4, 11, 12, 1, 1, 0.16%, 2, 0, 3, 126.70
1735170001, 4, 11, 13, 2, 1, 0.16%, 3, 0, 4, 122.95
1735170042, 4, 11, 14, 3, 1, 0.16%, 3, 0, 4, 111.69
1735170083, 4, 11, 15, 4, 1, 0.16%, 3, 0, 4, 112.21
1735170123, 4, 11, 17, 6, 1, 0.16%, 3, 0, 4, 111.69
1735170139, 4, 12, 17, 5, 1, 0.16%, 3, 0, 4, 128.47
1735170144, 4, 12, 18, 6, 1, 0.16%, 3, 0, 5, 112.25
1735170266, 4, 12, 19, 7, 1, 0.16%, 3, 0, 5, 108.24
1735170302, 4, 12, 20, 8, 1, 0.16%, 3, 0, 5, 127.43
1735170317, 4, 14, 20, 7, 0, 0.16%, 3, 0, 5, 126.13
1735170358, 4, 14, 21, 8, 0, 0.17%, 4, 0, 5, 121.45
1735170445, 4, 14, 24, 11, 0, 0.17%, 4, 0, 5, 135.53
1735170450, 4, 21, 24, 10, 1, 0.17%, 4, 0, 5, 181.66
1735170502, 4, 21, 25, 11, 1, 0.17%, 4, 0, 6, 126.36
1735170538, 4, 21, 26, 12, 1, 0.17%, 5, 0, 6, 127.14
1735170584, 4, 23, 27, 12, 2, 0.17%, 5, 0, 6, 161.39
1735170599, 4, 23, 28, 13, 2, 0.17%, 5, 0, 6, 155.27
1735170604, 4, 23, 30, 15, 2, 0.17%, 5, 0, 6, 156.88
1735170615, 4, 23, 31, 16, 2, 0.17%, 5, 0, 6, 151.05
1735170701, 4, 25, 31, 15, 2, 0.17%, 5, 0, 6, 180.69
1735170717, 4, 25, 32, 16, 2, 0.17%, 5, 0, 7, 132.09
1735170742, 4, 25, 33, 17, 2, 0.17%, 5, 0, 7, 132.27
1735170819, 4, 25, 36, 20, 2, 0.17%, 6, 0, 7, 134.86
1735170830, 4, 29, 36, 19, 1, 0.17%, 6, 0, 7, 184.86
1735170901, 4, 32, 36, 18, 0, 0.17%, 6, 0, 7, 180.02
1735170921, 4, 32, 37, 19, 0, 0.17%, 6, 0, 8, 149.34
1735171019, 4, 34, 37, 18, 0, 0.17%, 6, 0, 8, 119.11
1735171222, 4, 34, 37, 18, 0, 0.17%, 7, 0, 8, 133.92
1735171227, 4, 36, 37, 17, 0, 0.17%, 7, 0, 8, 146.76
1735171334, 5, 11, 37, 16, 0, 0.17%, 7, 0, 8, 124.38
1735171340, 5, 13, 37, 16, 0, 0.17%, 7, 0, 8, 198.07
1735171401, 5, 22, 37, 15, 0, 0.17%, 7, 0, 8, 199.72
1735171483, 5, 24, 37, 14, 0, 0.17%, 7, 0, 8, 185.30
1735171616, 5, 25, 37, 13, 0, 0.17%, 7, 0, 8, 125.90
1735171627, 5, 29, 37, 13, 0, 0.17%, 7, 0, 8, 145.03
1735171632, 5, 35, 37, 13, 0, 0.17%, 7, 0, 8, 122.81
1735171845, 6, 18, 37, 12, 0, 0.17%, 7, 0, 8, 163.83
1735171928, 6, 19, 37, 11, 0, 0.17%, 7, 0, 8, 149.85
1735172151, 6, 20, 37, 10, 0, 0.17%, 7, 0, 8, 191.27
1735172228, 6, 25, 37, 9, 0, 0.17%, 7, 0, 8, 133.04
1735172238, 6, 29, 37, 9, 0, 0.17%, 7, 0, 8, 128.79
1735172243, 6, 29, 38, 10, 0, 0.17%, 7, 0, 8, 128.72
1735172248, 7, 15, 38, 10, 0, 0.17%, 7, 0, 8, 138.27
1735172305, 7, 19, 38, 9, 0, 0.17%, 7, 0, 8, 145.99
1735172310, 7, 25, 38, 9, 0, 0.17%, 7, 0, 8, 136.02
1735172321, 7, 29, 38, 9, 0, 0.17%, 7, 0, 8, 142.82
1735172326, 7, 30, 38, 9, 0, 0.17%, 7, 0, 8, 222.96
1735172408, 8, 3, 38, 8, 0, 0.17%, 7, 0, 8, 136.35
1735172413, 8, 25, 38, 8, 0, 0.17%, 7, 0, 8, 132.38
1735172423, 8, 29, 38, 8, 0, 0.17%, 7, 0, 8, 131.13
1735172428, 8, 33, 38, 8, 0, 0.17%, 7, 0, 8, 191.79
1735172643, 9, 8, 38, 7, 0, 0.17%, 7, 0, 8, 161.23
1735172648, 9, 16, 38, 7, 0, 0.17%, 7, 0, 8, 182.90
1735172699, 9, 17, 38, 6, 0, 0.17%, 7, 0, 8, 146.13
1735172751, 9, 25, 38, 5, 0, 0.17%, 7, 0, 8, 133.94
1735172761, 9, 27, 38, 5, 0, 0.17%, 7, 0, 8, 178.24
1735172807, 9, 29, 38, 4, 0, 0.17%, 7, 0, 8, 141.75
1735172812, 9, 33, 38, 4, 0, 0.17%, 7, 0, 8, 151.52
1735172822, 10, 11, 38, 4, 0, 0.17%, 7, 0, 8, 137.93
1735172827, 10, 14, 38, 4, 0, 0.17%, 7, 0, 8, 140.43
1735172832, 10, 25, 38, 4, 0, 0.17%, 7, 0, 8, 145.25
1735172838, 10, 29, 38, 4, 0, 0.17%, 7, 0, 8, 141.49
1735172843, 11, 11, 38, 4, 0, 0.17%, 7, 0, 8, 136.10
1735172848, 11, 25, 38, 4, 0, 0.17%, 7, 0, 8, 137.06
1735172858, 11, 29, 38, 4, 0, 0.17%, 7, 0, 8, 144.98
1735172863, 11, 35, 38, 4, 0, 0.17%, 7, 0, 8, 153.75
1735172868, 12, 11, 38, 4, 0, 0.17%, 7, 0, 8, 140.66
1735172874, 12, 25, 38, 4, 0, 0.17%, 7, 0, 8, 132.53
1735172879, 12, 28, 38, 4, 0, 0.17%, 7, 0, 8, 180.40
1735172930, 12, 29, 38, 3, 0, 0.17%, 7, 0, 8, 141.73
1735172935, 13, 14, 38, 3, 0, 0.17%, 7, 0, 8, 136.10
1735172940, 13, 25, 38, 3, 0, 0.17%, 7, 0, 8, 136.06
1735172951, 13, 29, 38, 3, 0, 0.17%, 7, 0, 8, 146.07
1735172956, 13, 31, 38, 3, 0, 0.17%, 7, 0, 8, 197.22
1735173160, 13, 36, 38, 2, 0, 0.17%, 7, 0, 8, 147.51
1735173176, 14, 25, 38, 2, 0, 0.17%, 7, 0, 8, 147.19
1735173186, 14, 26, 38, 2, 0, 0.17%, 7, 0, 8, 209.22
1735173257, 14, 29, 38, 1, 0, 0.17%, 7, 0, 8, 152.73
1735173262, 15, 25, 38, 1, 0, 0.17%, 7, 0, 8, 142.29
1735173273, 15, 29, 38, 1, 0, 0.17%, 7, 0, 8, 144.32
1735173278, 16, 11, 38, 1, 0, 0.17%, 7, 0, 8, 138.76
1735173283, 16, 25, 38, 1, 0, 0.17%, 7, 0, 8, 142.01
1735173288, 16, 29, 38, 1, 0, 0.17%, 7, 0, 8, 147.75
1735173293, 16, 37, 38, 1, 0, 0.17%, 7, 0, 8, 121.19
1735173575, 17, 25, 38, 0, 0, 0.17%, 7, 0, 8, 141.16
1735173586, 17, 29, 38, 0, 0, 0.17%, 7, 0, 8, 140.82
1735173591, 18, 16, 38, 0, 0, 0.17%, 7, 0, 8, 140.47
1735173596, 18, 18, 38, 0, 0, 0.17%, 7, 0, 8, 145.08
1735173601, 18, 20, 38, 0, 0, 0.17%, 7, 0, 8, 143.42
1735173606, 18, 25, 38, 0, 0, 0.17%, 7, 0, 8, 143.52
1735173617, 18, 26, 38, 0, 0, 0.17%, 7, 0, 8, 148.34
1735173622, 18, 29, 38, 0, 0, 0.17%, 7, 0, 8, 142.23
1735173627, 19, 11, 38, 0, 0, 0.17%, 7, 0, 8, 138.36
1735173632, 19, 20, 38, 0, 0, 0.17%, 7, 0, 8, 141.59
1735173637, 19, 25, 38, 0, 0, 0.17%, 7, 0, 8, 139.61
1735173643, 19, 29, 38, 0, 0, 0.17%, 7, 0, 8, 141.35
1735173648, 20, 4, 38, 0, 0, 0.17%, 7, 0, 8, 135.79
1735173653, 20, 11, 38, 0, 0, 0.17%, 7, 0, 8, 144.82
1735173658, 20, 25, 38, 0, 0, 0.17%, 7, 0, 8, 140.35
1735173663, 20, 29, 38, 0, 0, 0.17%, 7, 0, 8, 140.58
1735173668, 21, 11, 38, 0, 0, 0.17%, 7, 0, 8, 138.67
1735173673, 21, 16, 38, 0, 0, 0.17%, 7, 0, 8, 137.88
1735173678, 21, 25, 38, 0, 0, 0.17%, 7, 0, 8, 141.46
1735173684, 21, 29, 38, 0, 0, 0.17%, 7, 0, 8, 137.40
1735173689, 21, 37, 38, 0, 0, 0.17%, 7, 0, 8, 158.05
1735173704, 22, 25, 38, 0, 0, 0.17%, 7, 0, 8, 139.87
1735173714, 22, 27, 38, 0, 0, 0.17%, 7, 0, 8, 141.56
1735173719, 22, 28, 38, 0, 0, 0.17%, 7, 0, 8, 134.94
1735173725, 22, 29, 38, 0, 0, 0.17%, 7, 0, 8, 138.68
1735173730, 23, 11, 38, 0, 0, 0.17%, 7, 0, 8, 138.54
1735173735, 23, 16, 38, 0, 0, 0.17%, 7, 0, 8, 132.56
1735173740, 23, 25, 38, 0, 0, 0.17%, 7, 0, 8, 129.26
1735173745, 23, 29, 38, 0, 0, 0.17%, 7, 0, 8, 140.61
1735173750, 23, 35, 38, 0, 0, 0.17%, 7, 0, 8, 148.65
1735173761, 24, 11, 38, 0, 0, 0.17%, 7, 0, 8, 139.85
1735173766, 24, 25, 38, 0, 0, 0.17%, 7, 0, 8, 134.44
1735173771, 24, 29, 38, 0, 0, 0.17%, 7, 0, 8, 136.09
1735173776, 25, 1, 38, 0, 0, 0.17%, 7, 0, 8, 137.25
1735173781, 25, 11, 38, 0, 0, 0.17%, 7, 0, 8, 133.78
1735173786, 25, 16, 38, 0, 0, 0.17%, 7, 0, 8, 142.04
1735173791, 25, 23, 38, 0, 0, 0.17%, 7, 0, 8, 138.07
1735173797, 25, 25, 38, 0, 0, 0.17%, 7, 0, 8, 132.13
1735173802, 25, 29, 38, 0, 0, 0.17%, 7, 0, 8, 138.79
1735173807, 26, 8, 38, 0, 0, 0.17%, 7, 0, 8, 135.97
1735173812, 26, 12, 38, 0, 0, 0.17%, 7, 0, 8, 136.00
1735173817, 26, 25, 38, 0, 0, 0.17%, 7, 0, 8, 137.03
1735173822, 26, 29, 38, 0, 0, 0.17%, 7, 0, 8, 149.76
1735173827, 27, 11, 38, 0, 0, 0.17%, 7, 0, 8, 142.73
1735173833, 27, 25, 38, 0, 0, 0.17%, 7, 0, 8, 141.63
1735173838, 27, 28, 38, 0, 0, 0.17%, 7, 0, 8, 136.59
1735173843, 27, 29, 38, 0, 0, 0.17%, 7, 0, 8, 139.16
1735173848, 28, 11, 38, 0, 0, 0.17%, 7, 0, 8, 135.36
1735173853, 28, 25, 38, 0, 0, 0.17%, 7, 0, 8, 141.55
1735173858, 28, 29, 38, 0, 0, 0.17%, 7, 0, 8, 142.54
1735173864, 29, 3, 38, 0, 0, 0.17%, 7, 0, 8, 137.38
1735173869, 29, 17, 38, 0, 0, 0.17%, 7, 0, 8, 136.80
1735173874, 29, 20, 38, 0, 0, 0.17%, 7, 0, 8, 132.84
1735173879, 29, 25, 38, 0, 0, 0.17%, 7, 0, 8, 137.51
1735173889, 29, 29, 38, 0, 0, 0.17%, 7, 0, 8, 142.21
1735173894, 30, 7, 38, 0, 0, 0.17%, 7, 0, 8, 134.53
1735173900, 30, 25, 38, 0, 0, 0.17%, 7, 0, 8, 136.72
1735173910, 30, 29, 38, 0, 0, 0.17%, 7, 0, 8, 150.18
1735173915, 30, 36, 38, 0, 0, 0.17%, 7, 0, 8, 147.98
1735173925, 31, 11, 38, 0, 0, 0.17%, 7, 0, 8, 136.67
1735173930, 31, 25, 38, 0, 0, 0.17%, 7, 0, 8, 136.71
1735173936, 31, 29, 38, 0, 0, 0.17%, 7, 0, 8, 144.39
1735173941, 31, 30, 38, 0, 0, 0.17%, 7, 0, 8, 156.05
1735173946, 32, 16, 38, 0, 0, 0.17%, 7, 0, 8, 144.49
1735173951, 32, 25, 38, 0, 0, 0.17%, 7, 0, 8, 137.95
1735173961, 32, 29, 38, 0, 0, 0.17%, 7, 0, 8, 137.00
1735173966, 32, 31, 38, 0, 0, 0.17%, 7, 0, 8, 162.00
1735173971, 32, 36, 38, 0, 0, 0.17%, 7, 0, 8, 141.23
1735173987, 33, 22, 38, 0, 0, 0.17%, 7, 0, 8, 147.04
1735173992, 33, 25, 38, 0, 0, 0.17%, 7, 0, 8, 140.33
1735174002, 33, 29, 38, 0, 0, 0.17%, 7, 0, 8, 141.73
1735174007, 34, 15, 38, 0, 0, 0.17%, 7, 0, 8, 136.74
1735174013, 34, 17, 38, 0, 0, 0.17%, 7, 0, 8, 130.90
1735174018, 34, 25, 38, 0, 0, 0.17%, 7, 0, 8, 136.97
1735174028, 34, 29, 38, 0, 0, 0.17%, 7, 0, 8, 136.03
1735174033, 35, 25, 38, 0, 0, 0.17%, 7, 0, 8, 139.14
1735174043, 35, 29, 38, 0, 0, 0.17%, 7, 0, 8, 137.88
1735174049, 36, 11, 38, 0, 0, 0.17%, 7, 0, 8, 140.09
1735174054, 36, 25, 38, 0, 0, 0.17%, 7, 0, 8, 148.88
1735174059, 36, 26, 38, 0, 0, 0.17%, 7, 0, 8, 154.85
1735174069, 36, 29, 38, 0, 0, 0.17%, 7, 0, 8, 137.06
1735174074, 36, 32, 38, 0, 0, 0.17%, 7, 0, 8, 139.16
1735174079, 37, 11, 38, 0, 0, 0.17%, 7, 0, 8, 141.27
1735174085, 37, 25, 38, 0, 0, 0.17%, 7, 0, 8, 141.15
1735174090, 37, 29, 38, 0, 0, 0.17%, 7, 0, 8, 147.54
1735174095, 38, 11, 38, 0, 0, 0.17%, 7, 0, 8, 135.05
1735174100, 38, 23, 38, 0, 0, 0.17%, 7, 0, 8, 148.25
1735174105, 38, 25, 38, 0, 0, 0.17%, 7, 0, 8, 150.91
1735174110, 38, 29, 38, 0, 0, 0.17%, 7, 0, 8, 144.33
1735174116, 39, 1, 38, 0, 0, 0.17%, 7, 0, 8, 135.75
1735174121, 39, 11, 38, 0, 0, 0.17%, 7, 0, 8, 139.08
1735174126, 39, 19, 38, 0, 0, 0.17%, 7, 0, 8, 142.94
1735174131, 39, 25, 38, 0, 0, 0.17%, 7, 0, 8, 137.61
1735174136, 39, 29, 38, 0, 0, 0.17%, 7, 0, 8, 145.59
1735174141, 40, 11, 38, 0, 0, 0.17%, 7, 0, 8, 139.50
1735174147, 40, 22, 38, 0, 0, 0.17%, 7, 0, 8, 140.09
1735174152, 40, 25, 38, 0, 0, 0.17%, 7, 0, 8, 139.96
1735174157, 40, 29, 38, 0, 0, 0.17%, 7, 0, 8, 146.27
1735174162, 41, 11, 38, 0, 0, 0.17%, 7, 0, 8, 142.53
1735174167, 41, 15, 38, 0, 0, 0.17%, 7, 0, 8, 139.81
1735174172, 41, 21, 38, 0, 0, 0.17%, 7, 0, 8, 143.22
1735174178, 41, 25, 38, 0, 0, 0.17%, 7, 0, 8, 140.45
1735174183, 41, 29, 38, 0, 0, 0.17%, 7, 0, 8, 148.25
1735174188, 42, 8, 38, 0, 0, 0.17%, 7, 0, 8, 149.47
1735174193, 42, 25, 38, 0, 0, 0.17%, 7, 0, 8, 140.11
1735174203, 42, 29, 38, 0, 0, 0.17%, 7, 0, 8, 142.35
1735174208, 42, 36, 38, 0, 0, 0.17%, 7, 0, 8, 144.94
1735174219, 43, 11, 38, 0, 0, 0.17%, 7, 0, 8, 136.40
1735174224, 43, 20, 38, 0, 0, 0.17%, 7, 0, 8, 141.93
1735174229, 43, 25, 38, 0, 0, 0.17%, 7, 0, 8, 133.87
1735174234, 43, 29, 38, 0, 0, 0.17%, 7, 0, 8, 141.31
1735174244, 44, 25, 38, 0, 0, 0.17%, 7, 0, 8, 132.01
1735174255, 44, 29, 38, 0, 0, 0.17%, 7, 0, 8, 144.14
1735174260, 44, 32, 38, 0, 0, 0.17%, 7, 0, 8, 146.42
1735174265, 44, 33, 38, 0, 0, 0.17%, 7, 0, 8, 156.00
1735174270, 45, 2, 38, 0, 0, 0.17%, 7, 0, 8, 144.08
1735174275, 45, 19, 38, 0, 0, 0.17%, 7, 0, 8, 149.54
1735174280, 45, 24, 38, 0, 0, 0.17%, 7, 0, 8, 156.56
1735174285, 45, 25, 38, 0, 0, 0.17%, 7, 0, 8, 141.69
1735174296, 45, 29, 38, 0, 0, 0.17%, 7, 0, 8, 143.65
1735174301, 46, 11, 38, 0, 0, 0.17%, 7, 0, 8, 136.61
1735174306, 46, 12, 38, 0, 0, 0.17%, 7, 0, 8, 134.03
1735174311, 46, 22, 38, 0, 0, 0.17%, 7, 0, 8, 146.09
1735174316, 46, 25, 38, 0, 0, 0.17%, 7, 0, 8, 139.16
1735174322, 46, 29, 38, 0, 0, 0.17%, 7, 0, 8, 134.63
1735174327, 47, 11, 38, 0, 0, 0.17%, 7, 0, 8, 136.82
1735174332, 47, 24, 38, 0, 0, 0.17%, 7, 0, 8, 147.92
1735174337, 47, 25, 38, 0, 0, 0.17%, 7, 0, 8, 141.41
1735174342, 47, 29, 38, 0, 0, 0.17%, 7, 0, 8, 151.67
1735174347, 48, 1, 38, 0, 0, 0.17%, 7, 0, 8, 139.76
1735174352, 48, 13, 38, 0, 0, 0.17%, 7, 0, 8, 143.40
1735174358, 48, 25, 38, 0, 0, 0.17%, 7, 0, 8, 139.50
1735174368, 48, 29, 38, 0, 0, 0.17%, 7, 0, 8, 138.04
1735174373, 49, 23, 38, 0, 0, 0.17%, 7, 0, 8, 137.32
1735174378, 49, 25, 38, 0, 0, 0.17%, 7, 0, 8, 137.00
1735174388, 49, 29, 38, 0, 0, 0.17%, 7, 0, 8, 138.85
1735174394, 50, 11, 38, 0, 0, 0.17%, 7, 0, 8, 141.79
1735174399, 50, 25, 38, 0, 0, 0.17%, 7, 0, 8, 135.97
1735174404, 50, 29, 38, 0, 0, 0.17%, 7, 0, 8, 134.95
1735174409, 51, 7, 38, 0, 0, 0.17%, 7, 0, 8, 139.48
1735174414, 51, 25, 38, 0, 0, 0.17%, 7, 0, 8, 133.33
1735174425, 51, 29, 38, 0, 0, 0.17%, 7, 0, 8, 139.91
1735174430, 52, 14, 38, 0, 0, 0.17%, 7, 0, 8, 140.14
1735174435, 52, 25, 38, 0, 0, 0.17%, 7, 0, 8, 142.87
1735174445, 52, 29, 38, 0, 0, 0.17%, 7, 0, 8, 144.19
1735174450, 53, 10, 38, 0, 0, 0.17%, 7, 0, 8, 135.97
1735174456, 53, 17, 38, 0, 0, 0.17%, 7, 0, 8, 133.47
1735174461, 53, 25, 38, 0, 0, 0.17%, 7, 0, 8, 137.76
1735174471, 53, 29, 38, 0, 0, 0.17%, 7, 0, 8, 142.22
1735174476, 53, 34, 38, 0, 0, 0.17%, 7, 0, 8, 145.29
1735174481, 54, 11, 38, 0, 0, 0.17%, 7, 0, 8, 138.97
1735174486, 54, 25, 38, 0, 0, 0.17%, 7, 0, 8, 141.65
1735174492, 54, 29, 38, 0, 0, 0.17%, 7, 0, 8, 142.36
1735174497, 54, 37, 38, 0, 0, 0.17%, 7, 0, 8, 163.96
1735174512, 55, 11, 38, 0, 0, 0.17%, 7, 0, 8, 142.96
1735174517, 55, 25, 38, 0, 0, 0.17%, 7, 0, 8, 141.55
1735174522, 55, 29, 38, 0, 0, 0.17%, 7, 0, 8, 138.25
1735174527, 55, 34, 38, 0, 0, 0.17%, 7, 0, 8, 145.94
1735174532, 56, 11, 38, 0, 0, 0.17%, 7, 0, 8, 136.20
1735174537, 56, 13, 38, 0, 0, 0.17%, 7, 0, 8, 132.58
1735174542, 56, 25, 38, 0, 0, 0.17%, 7, 0, 8, 138.09
1735174548, 56, 29, 38, 0, 0, 0.17%, 7, 0, 8, 136.99
1735174553, 57, 11, 38, 0, 0, 0.17%, 7, 0, 8, 135.55
1735174558, 57, 25, 38, 0, 0, 0.17%, 7, 0, 8, 133.71
1735174563, 57, 29, 38, 0, 0, 0.17%, 7, 0, 8, 135.39
1735174568, 57, 31, 38, 0, 0, 0.17%, 7, 0, 8, 161.38
1735174578, 58, 23, 38, 0, 0, 0.17%, 7, 0, 8, 149.68
1735174584, 58, 25, 38, 0, 0, 0.17%, 7, 0, 8, 135.36
1735174594, 58, 29, 38, 0, 0, 0.17%, 7, 0, 8, 147.13
1735174599, 59, 10, 38, 0, 0, 0.17%, 7, 0, 8, 137.81
1735174604, 59, 25, 38, 0, 0, 0.17%, 7, 0, 8, 135.29
1735174614, 59, 29, 38, 0, 0, 0.17%, 7, 0, 8, 144.91
1735174620, 59, 36, 38, 0, 0, 0.17%, 7, 0, 8, 147.07
1735174630, 60, 11, 38, 0, 0, 0.17%, 7, 0, 8, 138.00
1735174635, 60, 25, 38, 0, 0, 0.17%, 7, 0, 8, 138.19
1735174640, 60, 29, 38, 0, 0, 0.17%, 7, 0, 8, 140.56
1735174645, 60, 33, 38, 0, 0, 0.17%, 7, 0, 8, 157.50
1735174656, 61, 12, 38, 0, 0, 0.17%, 7, 0, 8, 137.92
1735174661, 61, 13, 38, 0, 0, 0.17%, 7, 0, 8, 139.08
1735174666, 61, 21, 38, 0, 0, 0.17%, 7, 0, 8, 139.22
1735174671, 61, 25, 38, 0, 0, 0.17%, 7, 0, 8, 140.10
1735174682, 61, 29, 38, 0, 0, 0.17%, 7, 0, 8, 140.37
1735174687, 61, 37, 38, 0, 0, 0.17%, 7, 0, 8, 153.89
1735174692, 62, 11, 38, 0, 0, 0.17%, 7, 0, 8, 139.60
1735174697, 62, 25, 38, 0, 0, 0.17%, 7, 0, 8, 134.13
1735174702, 62, 29, 38, 0, 0, 0.17%, 7, 0, 8, 132.65
1735174708, 63, 8, 38, 0, 0, 0.17%, 7, 0, 8, 134.77
1735174713, 63, 25, 38, 0, 0, 0.17%, 7, 0, 8, 135.31
1735174723, 63, 29, 38, 0, 0, 0.17%, 7, 0, 8, 131.30
1735174728, 63, 33, 38, 0, 0, 0.17%, 7, 0, 8, 152.87
1735174733, 64, 2, 38, 0, 0, 0.17%, 7, 0, 8, 138.13
1735174738, 64, 9, 38, 0, 0, 0.17%, 7, 0, 8, 139.12
1735174744, 64, 25, 38, 0, 0, 0.17%, 7, 0, 8, 137.08
1735174754, 64, 26, 38, 0, 0, 0.17%, 7, 0, 8, 147.02
1735174759, 64, 29, 38, 0, 0, 0.17%, 7, 0, 8, 135.99
1735174764, 65, 3, 38, 0, 0, 0.17%, 7, 0, 8, 131.87
1735174769, 65, 9, 38, 0, 0, 0.17%, 7, 0, 8, 141.97
1735174774, 65, 12, 38, 0, 0, 0.17%, 7, 0, 8, 137.52
1735174780, 65, 21, 38, 0, 0, 0.17%, 7, 0, 8, 139.16
1735174785, 65, 25, 38, 0, 0, 0.17%, 7, 0, 8, 141.74
1735174795, 65, 29, 38, 0, 0, 0.17%, 7, 0, 8, 144.70
1735174800, 66, 11, 38, 0, 0, 0.17%, 7, 0, 8, 139.71
1735174806, 66, 14, 38, 0, 0, 0.17%, 7, 0, 8, 138.64
1735174811, 66, 25, 38, 0, 0, 0.17%, 7, 0, 8, 142.44
1735174816, 66, 29, 38, 0, 0, 0.17%, 7, 0, 8, 134.41
1735174821, 67, 11, 38, 0, 0, 0.17%, 7, 0, 8, 140.32
1735174826, 67, 14, 38, 0, 0, 0.17%, 7, 0, 8, 143.16
1735174831, 67, 19, 38, 0, 0, 0.17%, 7, 0, 8, 146.57
1735174836, 67, 25, 38, 0, 0, 0.17%, 7, 0, 8, 139.31
1735174841, 67, 29, 38, 0, 0, 0.17%, 7, 0, 8, 141.17
1735174846, 68, 9, 38, 0, 0, 0.17%, 7, 0, 8, 139.35
1735174851, 68, 25, 38, 0, 0, 0.17%, 7, 0, 8, 134.79
1735174862, 68, 29, 38, 0, 0, 0.17%, 7, 0, 8, 138.32
1735174867, 68, 34, 38, 0, 0, 0.17%, 7, 0, 8, 147.39
1735174872, 69, 15, 38, 0, 0, 0.17%, 7, 0, 8, 140.26
1735174877, 69, 20, 38, 0, 0, 0.17%, 7, 0, 8, 130.64
1735174882, 69, 25, 38, 0, 0, 0.17%, 7, 0, 8, 139.56
1735174892, 69, 29, 38, 0, 0, 0.17%, 7, 0, 8, 146.39
1735174898, 70, 2, 38, 0, 0, 0.17%, 7, 0, 8, 133.06
1735174903, 70, 25, 38, 0, 0, 0.17%, 7, 0, 8, 137.37
1735174913, 70, 27, 38, 0, 0, 0.17%, 7, 0, 8, 136.13
1735174918, 70, 29, 38, 0, 0, 0.17%, 7, 0, 8, 144.82
1735174923, 70, 35, 38, 0, 0, 0.17%, 7, 0, 8, 150.16
1735174928, 71, 11, 38, 0, 0, 0.17%, 7, 0, 8, 134.98
1735174934, 71, 25, 38, 0, 0, 0.17%, 7, 0, 8, 141.08
1735174939, 71, 26, 38, 0, 0, 0.17%, 7, 0, 8, 140.85
1735174949, 71, 29, 38, 0, 0, 0.17%, 7, 0, 8, 148.32
1735174954, 72, 11, 38, 0, 0, 0.17%, 7, 0, 8, 136.76
1735174959, 72, 25, 38, 0, 0, 0.17%, 7, 0, 8, 142.48
1735174965, 72, 29, 38, 0, 0, 0.17%, 7, 0, 8, 139.99
1735174970, 73, 11, 38, 0, 0, 0.17%, 7, 0, 8, 134.63
1735174975, 73, 25, 38, 0, 0, 0.17%, 7, 0, 8, 135.30
1735174980, 73, 29, 38, 0, 0, 0.17%, 7, 0, 8, 140.01
1735174985, 73, 34, 38, 0, 0, 0.17%, 7, 0, 8, 144.89
1735174990, 74, 8, 38, 0, 0, 0.17%, 7, 0, 8, 141.75
1735174995, 74, 25, 38, 0, 0, 0.17%, 7, 0, 8, 139.58
1735175006, 74, 28, 38, 0, 0, 0.17%, 7, 0, 8, 140.39
1735175011, 74, 29, 38, 0, 0, 0.17%, 7, 0, 8, 152.03
1735175016, 75, 24, 38, 0, 0, 0.17%, 7, 0, 8, 147.14
1735175021, 75, 25, 38, 0, 0, 0.17%, 7, 0, 8, 138.55
1735175032, 75, 29, 38, 0, 0, 0.17%, 7, 0, 8, 149.00
1735175037, 75, 30, 38, 0, 0, 0.17%, 7, 0, 8, 146.12
1735175042, 76, 21, 38, 0, 0, 0.17%, 7, 0, 8, 139.87
1735175047, 76, 25, 38, 0, 0, 0.17%, 7, 0, 8, 134.76
1735175057, 76, 29, 38, 0, 0, 0.17%, 7, 0, 8, 144.87
1735175062, 77, 25, 38, 0, 0, 0.17%, 7, 0, 8, 138.42
1735175073, 77, 28, 38, 0, 0, 0.17%, 7, 0, 8, 149.24
1735175078, 77, 29, 38, 0, 0, 0.17%, 7, 0, 8, 136.51
1735175083, 78, 25, 38, 0, 0, 0.17%, 7, 0, 8, 141.16
1735175094, 78, 26, 38, 0, 0, 0.17%, 7, 0, 8, 142.92
1735175104, 78, 29, 38, 0, 0, 0.17%, 7, 0, 8, 141.83
1735175109, 79, 14, 38, 0, 0, 0.17%, 7, 0, 8, 135.15
1735175114, 79, 25, 38, 0, 0, 0.17%, 7, 0, 8, 137.32
1735175124, 79, 29, 38, 0, 0, 0.17%, 7, 0, 8, 133.76
1735175130, 79, 33, 38, 0, 0, 0.17%, 7, 0, 8, 145.09
1735175135, 80, 11, 38, 0, 0, 0.17%, 7, 0, 8, 145.65
1735175140, 80, 17, 38, 0, 0, 0.17%, 7, 0, 8, 136.93
1735175145, 80, 21, 38, 0, 0, 0.17%, 7, 0, 8, 139.29
1735175150, 80, 25, 38, 0, 0, 0.17%, 7, 0, 8, 148.05
1735175155, 80, 29, 38, 0, 0, 0.17%, 7, 0, 8, 153.06
1735175160, 81, 11, 38, 0, 0, 0.17%, 7, 0, 8, 139.74
1735175165, 81, 25, 38, 0, 0, 0.17%, 7, 0, 8, 140.96
1735175176, 81, 29, 38, 0, 0, 0.17%, 7, 0, 8, 132.56
1735175181, 81, 31, 38, 0, 0, 0.17%, 7, 0, 8, 148.21
1735175186, 82, 11, 38, 0, 0, 0.17%, 7, 0, 8, 138.81
1735175191, 82, 22, 38, 0, 0, 0.17%, 7, 0, 8, 136.45
1735175196, 82, 25, 38, 0, 0, 0.17%, 7, 0, 8, 132.33
1735175207, 82, 29, 38, 0, 0, 0.17%, 7, 0, 8, 137.88
1735175212, 83, 25, 38, 0, 0, 0.17%, 7, 0, 8, 137.33
1735175222, 83, 29, 38, 0, 0, 0.17%, 7, 0, 8, 136.51
1735175227, 83, 31, 38, 0, 0, 0.17%, 7, 0, 8, 156.46
1735175232, 84, 11, 38, 0, 0, 0.17%, 7, 0, 8, 140.74
1735175238, 84, 25, 38, 0, 0, 0.17%, 7, 0, 8, 138.76
1735175243, 84, 29, 38, 0, 0, 0.17%, 7, 0, 8, 137.17
1735175248, 84, 30, 38, 0, 0, 0.17%, 7, 0, 8, 144.02
1735175253, 85, 11, 38, 0, 0, 0.17%, 7, 0, 8, 145.34
1735175258, 85, 25, 38, 0, 0, 0.17%, 7, 0, 8, 141.35
1735175263, 85, 29, 38, 0, 0, 0.17%, 7, 0, 8, 139.32
1735175269, 86, 6, 38, 0, 0, 0.17%, 7, 0, 8, 142.39
1735175274, 86, 11, 38, 0, 0, 0.17%, 7, 0, 8, 140.29
1735175279, 86, 25, 38, 0, 0, 0.17%, 7, 0, 8, 145.21
1735175284, 86, 28, 38, 0, 0, 0.17%, 7, 0, 8, 141.42
1735175289, 86, 29, 38, 0, 0, 0.17%, 7, 0, 8, 135.06
1735175294, 87, 11, 38, 0, 0, 0.17%, 7, 0, 8, 130.52
1735175299, 87, 25, 38, 0, 0, 0.17%, 7, 0, 8, 137.44
1735175304, 87, 29, 38, 0, 0, 0.17%, 7, 0, 8, 141.44
1735175310, 88, 9, 38, 0, 0, 0.17%, 7, 0, 8, 144.57
1735175315, 88, 17, 38, 0, 0, 0.17%, 7, 0, 8, 131.37
1735175320, 88, 25, 38, 0, 0, 0.17%, 7, 0, 8, 134.81
1735175330, 88, 26, 38, 0, 0, 0.17%, 7, 0, 8, 148.83
1735175335, 88, 29, 38, 0, 0, 0.17%, 7, 0, 8, 145.82
1735175340, 89, 6, 38, 0, 0, 0.17%, 7, 0, 8, 139.27
1735175346, 89, 25, 38, 0, 0, 0.17%, 7, 0, 8, 136.82
1735175356, 89, 29, 38, 0, 0, 0.17%, 7, 0, 8, 145.56
1735175361, 89, 36, 38, 0, 0, 0.17%, 7, 0, 8, 151.14
1735175371, 90, 11, 38, 0, 0, 0.17%, 7, 0, 8, 135.38
1735175376, 90, 25, 38, 0, 0, 0.17%, 7, 0, 8, 146.33
1735175387, 90, 29, 38, 0, 0, 0.17%, 7, 0, 8, 145.99
1735175392, 91, 11, 38, 0, 0, 0.17%, 7, 0, 8, 139.28
1735175397, 91, 25, 38, 0, 0, 0.17%, 7, 0, 8, 141.83
1735175402, 91, 26, 38, 0, 0, 0.17%, 7, 0, 8, 150.44
1735175412, 91, 29, 38, 0, 0, 0.17%, 7, 0, 8, 136.48
1735175418, 91, 37, 38, 0, 0, 0.17%, 7, 0, 8, 160.65
1735175423, 92, 4, 38, 0, 0, 0.17%, 7, 0, 8, 141.15
1735175428, 92, 11, 38, 0, 0, 0.17%, 7, 0, 8, 139.64
1735175433, 92, 14, 38, 0, 0, 0.17%, 7, 0, 8, 135.64
1735175438, 92, 25, 38, 0, 0, 0.17%, 7, 0, 8, 145.51
1735175448, 92, 29, 38, 0, 0, 0.17%, 7, 0, 8, 139.77
1735175454, 93, 11, 38, 0, 0, 0.17%, 7, 0, 8, 136.26
1735175459, 93, 25, 38, 0, 0, 0.17%, 7, 0, 8, 140.47
1735175464, 93, 29, 38, 0, 0, 0.17%, 7, 0, 8, 138.96
1735175469, 94, 2, 38, 0, 0, 0.17%, 7, 0, 8, 149.48
1735175474, 94, 25, 38, 0, 0, 0.17%, 7, 0, 8, 138.18
1735175484, 94, 26, 38, 0, 0, 0.17%, 7, 0, 8, 144.75
1735175490, 94, 29, 38, 0, 0, 0.17%, 7, 0, 8, 146.25
1735175495, 95, 4, 38, 0, 0, 0.17%, 7, 0, 8, 144.93
1735175500, 95, 25, 38, 0, 0, 0.17%, 7, 0, 8, 139.99
1735175510, 95, 29, 38, 0, 0, 0.17%, 7, 0, 8, 136.85
1735175515, 95, 30, 38, 0, 0, 0.17%, 7, 0, 8, 144.45
1735175520, 95, 36, 38, 0, 0, 0.17%, 7, 0, 8, 138.56
1735175531, 96, 3, 38, 0, 0, 0.17%, 7, 0, 8, 137.64
1735175536, 96, 25, 38, 0, 0, 0.17%, 7, 0, 8, 138.05
1735175546, 96, 28, 38, 0, 0, 0.17%, 7, 0, 8, 139.78
1735175551, 96, 29, 38, 0, 0, 0.17%, 7, 0, 8, 141.29
1735175556, 96, 30, 38, 0, 0, 0.17%, 7, 0, 8, 154.65
1735175561, 97, 25, 38, 0, 0, 0.17%, 7, 0, 8, 143.62
1735175572, 97, 29, 38, 0, 0, 0.17%, 7, 0, 8, 136.18
1735175577, 98, 11, 38, 0, 0, 0.17%, 7, 0, 8, 135.91
1735175582, 98, 25, 38, 0, 0, 0.17%, 7, 0, 8, 142.07
1735175587, 98, 29, 38, 0, 0, 0.17%, 7, 0, 8, 139.66
1735175592, 99, 11, 38, 0, 0, 0.17%, 7, 0, 8, 138.03
1735175597, 99, 25, 38, 0, 0, 0.17%, 7, 0, 8, 139.56
1735175603, 99, 29, 38, 0, 0, 0.17%, 7, 0, 8, 139.59
1735175608, 100, 5, 38, 0, 0, 0.17%, 7, 0, 8, 141.60
1735175613, 100, 25, 38, 0, 0, 0.17%, 7, 0, 8, 140.36
1735175623, 100, 29, 38, 0, 0, 0.17%, 7, 0, 8, 137.76
1735175628, 100, 32, 38, 0, 0, 0.17%, 7, 0, 8, 145.17
1735175634, 101, 8, 38, 0, 0, 0.17%, 7, 0, 8, 142.42
1735175639, 101, 16, 38, 0, 0, 0.17%, 7, 0, 8, 139.32
1735175644, 101, 25, 38, 0, 0, 0.17%, 7, 0, 8, 132.23
1735175654, 101, 27, 38, 0, 0, 0.17%, 7, 0, 8, 141.40
1735175659, 101, 29, 38, 0, 0, 0.17%, 7, 0, 8, 134.63
1735175665, 101, 34, 38, 0, 0, 0.17%, 7, 0, 8, 139.40
1735175670, 102, 25, 38, 0, 0, 0.17%, 7, 0, 8, 140.98
1735175680, 102, 29, 38, 0, 0, 0.17%, 7, 0, 8, 145.61
1735175685, 102, 31, 38, 0, 0, 0.17%, 7, 0, 8, 150.55
1735175690, 103, 2, 38, 0, 0, 0.17%, 7, 0, 8, 144.05
1735175695, 103, 19, 38, 0, 0, 0.17%, 7, 0, 8, 155.68
1735175700, 103, 25, 38, 0, 0, 0.17%, 7, 0, 8, 142.63
1735175711, 103, 29, 38, 0, 0, 0.17%, 7, 0, 8, 138.24
1735175716, 104, 25, 38, 0, 0, 0.17%, 7, 0, 8, 138.19
1735175726, 104, 27, 38, 0, 0, 0.17%, 7, 0, 8, 131.80
1735175731, 104, 29, 38, 0, 0, 0.17%, 7, 0, 8, 136.71
1735175737, 104, 32, 38, 0, 0, 0.17%, 7, 0, 8, 141.73
1735175742, 105, 11, 38, 0, 0, 0.17%, 7, 0, 8, 144.60
1735175747, 105, 25, 38, 0, 0, 0.17%, 7, 0, 8, 140.87
1735175752, 105, 29, 38, 0, 0, 0.17%, 7, 0, 8, 140.03
1735175757, 106, 11, 38, 0, 0, 0.17%, 7, 0, 8, 140.19
1735175762, 106, 25, 38, 0, 0, 0.17%, 7, 0, 8, 144.89
1735175767, 106, 29, 38, 0, 0, 0.17%, 7, 0, 8, 135.39
1735175772, 107, 2, 38, 0, 0, 0.17%, 7, 0, 8, 138.70
1735175778, 107, 25, 38, 0, 0, 0.17%, 7, 0, 8, 135.70
1735175788, 107, 29, 38, 0, 0, 0.17%, 7, 0, 8, 136.24
1735175793, 107, 30, 38, 0, 0, 0.17%, 7, 0, 8, 149.85
1735175798, 108, 8, 38, 0, 0, 0.17%, 7, 0, 8, 133.74
1735175803, 108, 25, 38, 0, 0, 0.17%, 7, 0, 8, 140.02
1735175814, 108, 29, 38, 0, 0, 0.17%, 7, 0, 8, 137.99
1735175819, 109, 11, 38, 0, 0, 0.17%, 7, 0, 8, 138.23
1735175824, 109, 14, 38, 0, 0, 0.17%, 7, 0, 8, 136.55
1735175829, 109, 19, 38, 0, 0, 0.17%, 7, 0, 8, 145.93
1735175834, 109, 22, 38, 0, 0, 0.17%, 7, 0, 8, 142.67
1735175840, 109, 25, 38, 0, 0, 0.17%, 7, 0, 8, 146.99
1735175845, 109, 29, 38, 0, 0, 0.17%, 7, 0, 8, 141.07
1735175850, 110, 11, 38, 0, 0, 0.17%, 7, 0, 8, 142.18
1735175855, 110, 25, 38, 0, 0, 0.17%, 7, 0, 8, 142.86
1735175860, 110, 29, 38, 0, 0, 0.17%, 7, 0, 8, 137.23
1735175865, 110, 37, 38, 0, 0, 0.17%, 7, 0, 8, 171.02
1735175870, 111, 2, 38, 0, 0, 0.17%, 7, 0, 8, 144.97
1735175876, 111, 25, 38, 0, 0, 0.17%, 7, 0, 8, 138.67
1735175886, 111, 29, 38, 0, 0, 0.17%, 7, 0, 8, 138.80
1735175891, 112, 25, 38, 0, 0, 0.17%, 7, 0, 8, 139.52
1735175901, 112, 29, 38, 0, 0, 0.17%, 7, 0, 8, 149.09
1735175907, 113, 11, 38, 0, 0, 0.17%, 7, 0, 8, 142.32
1735175912, 113, 25, 38, 0, 0, 0.17%, 7, 0, 8, 137.83
1735175917, 113, 29, 38, 0, 0, 0.17%, 7, 0, 8, 139.05
1735175922, 113, 34, 38, 0, 0, 0.17%, 7, 0, 8, 141.30
1735175927, 114, 11, 38, 0, 0, 0.17%, 7, 0, 8, 143.61
1735175932, 114, 25, 38, 0, 0, 0.17%, 7, 0, 8, 139.20
1735175937, 114, 28, 38, 0, 0, 0.17%, 7, 0, 8, 142.24
1735175943, 114, 29, 38, 0, 0, 0.17%, 7, 0, 8, 144.18
1735175948, 115, 11, 38, 0, 0, 0.17%, 7, 0, 8, 135.00
1735175953, 115, 25, 38, 0, 0, 0.17%, 7, 0, 8, 131.21
1735175958, 115, 29, 38, 0, 0, 0.17%, 7, 0, 8, 139.35
1735175963, 115, 37, 38, 0, 0, 0.17%, 7, 0, 8, 158.20
1735175973, 116, 15, 38, 0, 0, 0.17%, 7, 0, 8, 144.50
1735175978, 116, 25, 38, 0, 0, 0.17%, 7, 0, 8, 137.69
1735175989, 116, 27, 38, 0, 0, 0.17%, 7, 0, 8, 146.34
1735175994, 116, 29, 38, 0, 0, 0.17%, 7, 0, 8, 137.91
1735175999, 117, 25, 38, 0, 0, 0.17%, 7, 0, 8, 142.80
1735176009, 117, 29, 38, 0, 0, 0.17%, 7, 0, 8, 130.35
1735176015, 118, 17, 38, 0, 0, 0.17%, 7, 0, 8, 131.76
1735176020, 118, 25, 38, 0, 0, 0.17%, 7, 0, 8, 133.92
1735176030, 118, 29, 38, 0, 0, 0.17%, 7, 0, 8, 137.39
1735176035, 119, 2, 38, 0, 0, 0.17%, 7, 0, 8, 124.92
1735176041, 119, 25, 38, 0, 0, 0.17%, 7, 0, 8, 132.74
1735176051, 119, 26, 38, 0, 0, 0.17%, 7, 0, 8, 140.19
1735176056, 119, 27, 38, 0, 0, 0.17%, 7, 0, 8, 143.25
1735176061, 119, 29, 38, 0, 0, 0.17%, 7, 0, 8, 142.60
1735176066, 120, 5, 38, 0, 0, 0.17%, 7, 0, 8, 149.86
1735176071, 120, 11, 38, 0, 0, 0.17%, 7, 0, 8, 144.10
1735176077, 120, 25, 38, 0, 0, 0.17%, 7, 0, 8, 138.85
1735176082, 120, 29, 38, 0, 0, 0.17%, 7, 0, 8, 141.09
1735176087, 121, 10, 38, 0, 0, 0.17%, 7, 0, 8, 133.07
1735176092, 121, 15, 38, 0, 0, 0.17%, 7, 0, 8, 138.12
1735176097, 121, 25, 38, 0, 0, 0.17%, 7, 0, 8, 140.32
1735176107, 121, 29, 38, 0, 0, 0.17%, 7, 0, 8, 147.25
1735176113, 122, 11, 38, 0, 0, 0.17%, 7, 0, 8, 141.10
1735176118, 122, 25, 38, 0, 0, 0.17%, 7, 0, 8, 143.51
1735176123, 122, 29, 38, 0, 0, 0.17%, 7, 0, 8, 142.85
1735176128, 123, 11, 38, 0, 0, 0.17%, 7, 0, 8, 136.24
1735176133, 123, 25, 38, 0, 0, 0.17%, 7, 0, 8, 135.49
1735176144, 123, 29, 38, 0, 0, 0.17%, 7, 0, 8, 140.33
1735176149, 123, 34, 38, 0, 0, 0.17%, 7, 0, 8, 146.31
1735176154, 124, 10, 38, 0, 0, 0.17%, 7, 0, 8, 147.76
1735176159, 124, 25, 38, 0, 0, 0.17%, 7, 0, 8, 142.12
1735176169, 124, 29, 38, 0, 0, 0.17%, 7, 0, 8, 146.68
1735176174, 125, 11, 38, 0, 0, 0.17%, 7, 0, 8, 148.12
1735176179, 125, 24, 38, 0, 0, 0.17%, 7, 0, 8, 151.13
1735176184, 125, 25, 38, 0, 0, 0.17%, 7, 0, 8, 140.72
1735176189, 125, 29, 38, 0, 0, 0.17%, 7, 0, 8, 143.29
1735176194, 125, 32, 38, 0, 0, 0.17%, 7, 0, 8, 144.69
1735176205, 126, 11, 38, 0, 0, 0.17%, 7, 0, 8, 141.65
1735176210, 126, 25, 38, 0, 0, 0.17%, 7, 0, 8, 136.96
1735176215, 126, 28, 38, 0, 0, 0.17%, 7, 0, 8, 143.02
1735176220, 126, 29, 38, 0, 0, 0.17%, 7, 0, 8, 136.28
1735176225, 127, 11, 38, 0, 0, 0.17%, 7, 0, 8, 136.62
1735176230, 127, 25, 38, 0, 0, 0.17%, 7, 0, 8, 140.74
1735176236, 127, 29, 38, 0, 0, 0.17%, 7, 0, 8, 146.21
1735176241, 127, 31, 38, 0, 0, 0.17%, 7, 0, 8, 164.26
1735176251, 128, 11, 38, 0, 0, 0.17%, 7, 0, 8, 143.36
1735176256, 128, 19, 38, 0, 0, 0.17%, 7, 0, 8, 139.36
1735176261, 128, 25, 38, 0, 0, 0.17%, 7, 0, 8, 140.96
1735176271, 128, 29, 38, 0, 0, 0.17%, 7, 0, 8, 145.67
1735176276, 128, 33, 38, 0, 0, 0.17%, 7, 0, 8, 153.11
1735176282, 129, 7, 38, 0, 0, 0.17%, 7, 0, 8, 138.63
1735176287, 129, 16, 38, 0, 0, 0.17%, 7, 0, 8, 140.97
1735176292, 129, 25, 38, 0, 0, 0.17%, 7, 0, 8, 142.80
1735176302, 129, 29, 38, 0, 0, 0.17%, 7, 0, 8, 142.84
1735176307, 129, 31, 38, 0, 0, 0.17%, 7, 0, 8, 161.72
1735176313, 130, 9, 38, 0, 0, 0.17%, 7, 0, 8, 146.35
1735176318, 130, 16, 38, 0, 0, 0.17%, 7, 0, 8, 143.54
1735176323, 130, 17, 38, 0, 0, 0.17%, 7, 0, 8, 135.48
1735176328, 130, 21, 38, 0, 0, 0.17%, 7, 0, 8, 128.96
1735176333, 130, 25, 38, 0, 0, 0.17%, 7, 0, 8, 144.06
1735176343, 130, 29, 38, 0, 0, 0.17%, 7, 0, 8, 140.95
1735176349, 131, 11, 38, 0, 0, 0.17%, 7, 0, 8, 139.75
1735176354, 131, 14, 38, 0, 0, 0.17%, 7, 0, 8, 139.63
1735176359, 131, 25, 38, 0, 0, 0.17%, 7, 0, 8, 138.69
1735176364, 131, 29, 38, 0, 0, 0.17%, 7, 0, 8, 147.78
1735176369, 132, 4, 38, 0, 0, 0.17%, 7, 0, 8, 148.65
1735176374, 132, 16, 38, 0, 0, 0.17%, 7, 0, 8, 136.97
1735176380, 132, 25, 38, 0, 0, 0.17%, 7, 0, 8, 139.12
1735176390, 132, 29, 38, 0, 0, 0.17%, 7, 0, 8, 138.93
1735176395, 133, 25, 38, 0, 0, 0.17%, 7, 0, 8, 133.55
1735176405, 133, 29, 38, 0, 0, 0.17%, 7, 0, 8, 143.77
1735176411, 134, 25, 38, 0, 0, 0.17%, 7, 0, 8, 139.17
1735176421, 134, 29, 38, 0, 0, 0.17%, 7, 0, 8, 142.31
1735176426, 135, 25, 38, 0, 0, 0.17%, 7, 0, 8, 135.12
1735176436, 135, 29, 38, 0, 0, 0.17%, 7, 0, 8, 144.16
1735176442, 136, 22, 38, 0, 0, 0.17%, 7, 0, 8, 150.59
1735176447, 136, 25, 38, 0, 0, 0.17%, 7, 0, 8, 141.32
1735176457, 136, 29, 38, 0, 0, 0.17%, 7, 0, 8, 139.33
1735176462, 136, 33, 38, 0, 0, 0.17%, 7, 0, 8, 146.73
1735176467, 137, 25, 38, 0, 0, 0.17%, 7, 0, 8, 142.22
1735176478, 137, 29, 38, 0, 0, 0.17%, 7, 0, 8, 136.68
1735176483, 138, 25, 38, 0, 0, 0.17%, 7, 0, 8, 136.18
1735176493, 138, 29, 38, 0, 0, 0.17%, 7, 0, 8, 140.24
1735176498, 139, 11, 38, 0, 0, 0.17%, 7, 0, 8, 138.67
1735176503, 139, 24, 38, 0, 0, 0.17%, 7, 0, 8, 142.79
1735176508, 139, 25, 38, 0, 0, 0.17%, 7, 0, 8, 138.34
1735176514, 139, 29, 38, 0, 0, 0.17%, 7, 0, 8, 141.97
1735176519, 140, 11, 38, 0, 0, 0.17%, 7, 0, 8, 141.88
1735176524, 140, 23, 38, 0, 0, 0.17%, 7, 0, 8, 142.47
1735176529, 140, 25, 38, 0, 0, 0.17%, 7, 0, 8, 141.55
1735176534, 140, 29, 38, 0, 0, 0.17%, 7, 0, 8, 144.50
1735176539, 141, 11, 38, 0, 0, 0.17%, 7, 0, 8, 139.17
1735176544, 141, 25, 38, 0, 0, 0.17%, 7, 0, 8, 139.45
1735176554, 141, 29, 38, 0, 0, 0.17%, 7, 0, 8, 138.51
1735176560, 142, 12, 38, 0, 0, 0.17%, 7, 0, 8, 139.72
1735176565, 142, 25, 38, 0, 0, 0.17%, 7, 0, 8, 138.76
1735176570, 142, 29, 38, 0, 0, 0.17%, 7, 0, 8, 145.57
1735176575, 143, 11, 38, 0, 0, 0.17%, 7, 0, 8, 145.59
1735176580, 143, 25, 38, 0, 0, 0.17%, 7, 0, 8, 138.66
1735176590, 143, 29, 38, 0, 0, 0.17%, 7, 0, 8, 144.93
1735176596, 144, 17, 38, 0, 0, 0.17%, 7, 0, 8, 134.70
1735176601, 144, 20, 38, 0, 0, 0.17%, 7, 0, 8, 140.64
1735176606, 144, 25, 38, 0, 0, 0.17%, 7, 0, 8, 138.97
1735176616, 144, 29, 38, 0, 0, 0.17%, 7, 0, 8, 145.15
1735176621, 145, 25, 38, 0, 0, 0.17%, 7, 0, 8, 142.11
1735176632, 145, 28, 38, 0, 0, 0.17%, 7, 0, 8, 139.25
1735176637, 145, 29, 38, 0, 0, 0.17%, 7, 0, 8, 138.85
1735176642, 146, 11, 38, 0, 0, 0.17%, 7, 0, 8, 135.54
1735176647, 146, 25, 38, 0, 0, 0.17%, 7, 0, 8, 141.42
1735176652, 146, 29, 38, 0, 0, 0.17%, 7, 0, 8, 142.58
1735176658, 147, 11, 38, 0, 0, 0.17%, 7, 0, 8, 137.79
1735176663, 147, 19, 38, 0, 0, 0.17%, 7, 0, 8, 145.51
1735176668, 147, 25, 38, 0, 0, 0.17%, 7, 0, 8, 136.86
1735176673, 147, 29, 38, 0, 0, 0.17%, 7, 0, 8, 141.94
1735176678, 148, 11, 38, 0, 0, 0.17%, 7, 0, 8, 137.55
1735176683, 148, 25, 38, 0, 0, 0.17%, 7, 0, 8, 144.01
1735176689, 148, 29, 38, 0, 0, 0.17%, 7, 0, 8, 136.59
1735176699, 149, 11, 38, 0, 0, 0.17%, 7, 0, 8, 146.06
1735176704, 149, 25, 38, 0, 0, 0.17%, 7, 0, 8, 142.29
1735176709, 149, 29, 38, 0, 0, 0.17%, 7, 0, 8, 150.30
1735176714, 149, 31, 38, 0, 0, 0.17%, 7, 0, 8, 157.68
1735176724, 150, 25, 38, 0, 0, 0.17%, 7, 0, 8, 140.51
1735176735, 150, 29, 38, 0, 0, 0.17%, 7, 0, 8, 146.04
1735176740, 151, 11, 38, 0, 0, 0.17%, 7, 0, 8, 136.57
1735176745, 151, 25, 38, 0, 0, 0.17%, 7, 0, 8, 142.55
1735176750, 151, 29, 38, 0, 0, 0.17%, 7, 0, 8, 146.66
1735176755, 152, 11, 38, 0, 0, 0.17%, 7, 0, 8, 138.62
1735176760, 152, 19, 38, 0, 0, 0.17%, 7, 0, 8, 139.23
1735176766, 152, 25, 38, 0, 0, 0.17%, 7, 0, 8, 137.92
1735176771, 152, 29, 38, 0, 0, 0.17%, 7, 0, 8, 142.91
1735176776, 153, 11, 38, 0, 0, 0.17%, 7, 0, 8, 135.90
1735176781, 153, 25, 38, 0, 0, 0.17%, 7, 0, 8, 140.33
1735176786, 153, 29, 38, 0, 0, 0.17%, 7, 0, 8, 139.63
1735176791, 154, 11, 38, 0, 0, 0.17%, 7, 0, 8, 139.61
1735176796, 154, 25, 38, 0, 0, 0.17%, 7, 0, 8, 134.84
1735176802, 154, 29, 38, 0, 0, 0.17%, 7, 0, 8, 135.92
1735176807, 154, 37, 38, 0, 0, 0.17%, 7, 0, 8, 149.46
1735176817, 155, 6, 38, 0, 0, 0.17%, 7, 0, 8, 142.80
1735176822, 155, 23, 38, 0, 0, 0.17%, 7, 0, 8, 142.00
1735176827, 155, 25, 38, 0, 0, 0.17%, 7, 0, 8, 135.29
1735176838, 155, 28, 38, 0, 0, 0.17%, 7, 0, 8, 140.60
1735176843, 155, 29, 38, 0, 0, 0.17%, 7, 0, 8, 134.13
1735176848, 156, 25, 38, 0, 0, 0.17%, 7, 0, 8, 136.08
1735176858, 156, 29, 38, 0, 0, 0.17%, 7, 0, 8, 147.66
1735176863, 157, 17, 38, 0, 0, 0.17%, 7, 0, 8, 138.70
1735176874, 157, 25, 38, 0, 0, 0.17%, 7, 0, 8, 149.82
1735176879, 157, 29, 38, 0, 0, 0.17%, 7, 0, 8, 143.63
1735176884, 158, 11, 38, 0, 0, 0.17%, 7, 0, 8, 138.69
1735176889, 158, 25, 38, 0, 0, 0.17%, 7, 0, 8, 138.62
1735176894, 158, 29, 38, 0, 0, 0.17%, 7, 0, 8, 137.47
1735176899, 159, 3, 38, 0, 0, 0.17%, 7, 0, 8, 141.69
1735176905, 159, 11, 38, 0, 0, 0.17%, 7, 0, 8, 142.07
1735176910, 159, 13, 38, 0, 0, 0.17%, 7, 0, 8, 142.90
1735176915, 159, 25, 38, 0, 0, 0.17%, 7, 0, 8, 142.32
1735176920, 159, 29, 38, 0, 0, 0.17%, 7, 0, 8, 148.49
1735176925, 160, 11, 38, 0, 0, 0.17%, 7, 0, 8, 139.33
1735176931, 160, 25, 38, 0, 0, 0.17%, 7, 0, 8, 138.54
1735176941, 160, 33, 38, 0, 0, 0.17%, 7, 0, 8, 148.07
1735176951, 160, 35, 38, 0, 0, 0.17%, 7, 0, 8, 150.61
1735176956, 160, 37, 38, 0, 0, 0.17%, 7, 0, 8, 154.85
1735176966, 161, 11, 38, 0, 0, 0.17%, 7, 0, 8, 140.93
1735176971, 161, 25, 38, 0, 0, 0.17%, 7, 0, 8, 142.54
1735176977, 161, 29, 38, 0, 0, 0.17%, 7, 0, 8, 153.45
1735176982, 162, 1, 38, 0, 0, 0.17%, 7, 0, 8, 147.76
1735176987, 162, 12, 38, 0, 0, 0.17%, 7, 0, 8, 137.38
1735176992, 162, 19, 38, 0, 0, 0.17%, 7, 0, 8, 150.68
1735176997, 162, 22, 38, 0, 0, 0.17%, 7, 0, 8, 144.62
1735177002, 162, 23, 38, 0, 0, 0.17%, 7, 0, 8, 145.59
1735177007, 162, 25, 38, 0, 0, 0.17%, 7, 0, 8, 145.88
1735177018, 162, 29, 38, 0, 0, 0.17%, 7, 0, 8, 140.72
1735177023, 163, 21, 38, 0, 0, 0.17%, 7, 0, 8, 135.74
1735177028, 163, 25, 38, 0, 0, 0.17%, 7, 0, 8, 138.30
1735177038, 163, 27, 38, 0, 0, 0.17%, 7, 0, 8, 147.59
1735177043, 163, 29, 38, 0, 0, 0.17%, 7, 0, 8, 145.80
1735177048, 164, 25, 38, 0, 0, 0.17%, 7, 0, 8, 140.33
1735177059, 164, 29, 38, 0, 0, 0.17%, 7, 0, 8, 143.10
1735177064, 165, 6, 38, 0, 0, 0.17%, 7, 0, 8, 137.01
1735177069, 165, 11, 38, 0, 0, 0.17%, 7, 0, 8, 141.37
1735177074, 165, 25, 38, 0, 0, 0.17%, 7, 0, 8, 141.37
1735177079, 165, 29, 38, 0, 0, 0.17%, 7, 0, 8, 134.77
1735177084, 166, 3, 38, 0, 0, 0.17%, 7, 0, 8, 137.47
1735177090, 166, 25, 38, 0, 0, 0.17%, 7, 0, 8, 138.32
1735177100, 166, 29, 38, 0, 0, 0.17%, 7, 0, 8, 135.02
1735177105, 166, 34, 38, 0, 0, 0.17%, 7, 0, 8, 141.08
1735177110, 167, 11, 38, 0, 0, 0.17%, 7, 0, 8, 139.82
1735177115, 167, 19, 38, 0, 0, 0.17%, 7, 0, 8, 140.12
1735177121, 167, 22, 38, 0, 0, 0.17%, 7, 0, 8, 138.22
1735177126, 167, 25, 38, 0, 0, 0.17%, 7, 0, 8, 139.98
1735177136, 167, 29, 38, 0, 0, 0.17%, 7, 0, 8, 148.20
1735177141, 168, 13, 38, 0, 0, 0.17%, 7, 0, 8, 145.99
1735177146, 168, 25, 38, 0, 0, 0.17%, 7, 0, 8, 141.08
1735177157, 168, 29, 38, 0, 0, 0.17%, 7, 0, 8, 142.85
1735177162, 169, 11, 38, 0, 0, 0.17%, 7, 0, 8, 136.76
1735177167, 169, 16, 38, 0, 0, 0.17%, 7, 0, 8, 144.53
1735177172, 169, 25, 38, 0, 0, 0.17%, 7, 0, 8, 139.18
1735177177, 169, 29, 38, 0, 0, 0.17%, 7, 0, 8, 137.24
1735177182, 170, 11, 38, 0, 0, 0.17%, 7, 0, 8, 144.04
1735177187, 170, 25, 38, 0, 0, 0.17%, 7, 0, 8, 144.76
1735177193, 170, 29, 38, 0, 0, 0.17%, 7, 0, 8, 146.35
1735177198, 170, 33, 38, 0, 0, 0.17%, 7, 0, 8, 149.97
1735177208, 171, 12, 38, 0, 0, 0.17%, 7, 0, 8, 137.80
1735177213, 171, 25, 38, 0, 0, 0.17%, 7, 0, 8, 137.49
1735177224, 171, 29, 38, 0, 0, 0.17%, 7, 0, 8, 143.03
1735177229, 172, 11, 38, 0, 0, 0.17%, 7, 0, 8, 139.42
1735177234, 172, 14, 38, 0, 0, 0.17%, 7, 0, 8, 139.25
1735177239, 172, 19, 38, 0, 0, 0.17%, 7, 0, 8, 140.99
1735177244, 172, 23, 38, 0, 0, 0.17%, 7, 0, 8, 143.53
1735177249, 172, 25, 38, 0, 0, 0.17%, 7, 0, 8, 129.42
1735177255, 172, 29, 38, 0, 0, 0.17%, 7, 0, 8, 141.10
1735177260, 173, 11, 38, 0, 0, 0.17%, 7, 0, 8, 138.74
1735177265, 173, 14, 38, 0, 0, 0.17%, 7, 0, 8, 140.34
1735177270, 173, 16, 38, 0, 0, 0.17%, 7, 0, 8, 140.01
1735177275, 173, 25, 38, 0, 0, 0.17%, 7, 0, 8, 147.40
1735177280, 173, 29, 38, 0, 0, 0.17%, 7, 0, 8, 143.89
1735177285, 174, 11, 38, 0, 0, 0.17%, 7, 0, 8, 135.79
1735177291, 174, 14, 38, 0, 0, 0.17%, 7, 0, 8, 138.09
1735177296, 174, 25, 38, 0, 0, 0.17%, 7, 0, 8, 135.50
1735177306, 174, 29, 38, 0, 0, 0.17%, 7, 0, 8, 137.21
1735177311, 175, 22, 38, 0, 0, 0.17%, 7, 0, 8, 140.98
1735177316, 175, 25, 38, 0, 0, 0.17%, 7, 0, 8, 139.98
1735177327, 175, 29, 38, 0, 0, 0.17%, 7, 0, 8, 143.13
1735177332, 175, 30, 38, 0, 0, 0.17%, 7, 0, 8, 148.66
1735177337, 175, 34, 38, 0, 0, 0.17%, 7, 0, 8, 144.81
1735177342, 176, 11, 38, 0, 0, 0.17%, 7, 0, 8, 137.60
1735177347, 176, 25, 38, 0, 0, 0.17%, 7, 0, 8, 135.94
1735177352, 176, 28, 38, 0, 0, 0.17%, 7, 0, 8, 151.61
1735177357, 176, 29, 38, 0, 0, 0.17%, 7, 0, 8, 146.43
1735177363, 177, 11, 38, 0, 0, 0.17%, 7, 0, 8, 134.38
1735177368, 177, 19, 38, 0, 0, 0.17%, 7, 0, 8, 138.36
1735177373, 177, 25, 38, 0, 0, 0.17%, 7, 0, 8, 136.35
1735177378, 177, 29, 38, 0, 0, 0.17%, 7, 0, 8, 137.07
1735177383, 177, 30, 38, 0, 0, 0.17%, 7, 0, 8, 148.60
1735177388, 178, 11, 38, 0, 0, 0.17%, 7, 0, 8, 138.07
1735177393, 178, 25, 38, 0, 0, 0.17%, 7, 0, 8, 142.29
1735177399, 178, 29, 38, 0, 0, 0.17%, 7, 0, 8, 138.89
1735177404, 179, 6, 38, 0, 0, 0.17%, 7, 0, 8, 151.73
1735177409, 179, 22, 38, 0, 0, 0.17%, 7, 0, 8, 148.36
1735177414, 179, 25, 38, 0, 0, 0.17%, 7, 0, 8, 140.68
1735177424, 179, 29, 38, 0, 0, 0.17%, 7, 0, 8, 136.57
1735177429, 180, 11, 38, 0, 0, 0.17%, 7, 0, 8, 134.83
1735177434, 180, 25, 38, 0, 0, 0.17%, 7, 0, 8, 148.02
1735177440, 180, 29, 38, 0, 0, 0.17%, 7, 0, 8, 138.88
1735177445, 180, 33, 38, 0, 0, 0.17%, 7, 0, 8, 153.58
1735177455, 181, 25, 38, 0, 0, 0.17%, 7, 0, 8, 138.86
1735177465, 181, 29, 38, 0, 0, 0.17%, 7, 0, 8, 144.82
1735177470, 182, 13, 38, 0, 0, 0.17%, 7, 0, 8, 130.98
1735177476, 182, 25, 38, 0, 0, 0.17%, 7, 0, 8, 135.99
1735177486, 182, 26, 38, 0, 0, 0.17%, 7, 0, 8, 146.19
1735177491, 182, 29, 38, 0, 0, 0.17%, 7, 0, 8, 147.11
1735177496, 183, 11, 38, 0, 0, 0.17%, 7, 0, 8, 141.62
1735177501, 183, 25, 38, 0, 0, 0.17%, 7, 0, 8, 136.70
1735177512, 183, 29, 38, 0, 0, 0.17%, 7, 0, 8, 135.83
1735177517, 184, 14, 38, 0, 0, 0.17%, 7, 0, 8, 137.70
1735177522, 184, 25, 38, 0, 0, 0.17%, 7, 0, 8, 136.08
1735177532, 184, 29, 38, 0, 0, 0.17%, 7, 0, 8, 140.08
1735177537, 184, 33, 38, 0, 0, 0.17%, 7, 0, 8, 155.06
1735177543, 185, 5, 38, 0, 0, 0.17%, 7, 0, 8, 147.79
1735177548, 185, 11, 38, 0, 0, 0.17%, 7, 0, 8, 137.57
1735177553, 185, 25, 38, 0, 0, 0.17%, 7, 0, 8, 151.38
1735177558, 185, 29, 38, 0, 0, 0.17%, 7, 0, 8, 142.16
1735177563, 186, 11, 38, 0, 0, 0.17%, 7, 0, 8, 136.22
1735177569, 186, 25, 38, 0, 0, 0.17%, 7, 0, 8, 140.53
1735177574, 186, 29, 38, 0, 0, 0.17%, 7, 0, 8, 138.71
1735177579, 187, 6, 38, 0, 0, 0.17%, 7, 0, 8, 143.73
1735177584, 187, 11, 38, 0, 0, 0.17%, 7, 0, 8, 134.04
1735177589, 187, 25, 38, 0, 0, 0.17%, 7, 0, 8, 145.92
1735177594, 187, 29, 38, 0, 0, 0.17%, 7, 0, 8, 149.41
1735177600, 188, 9, 38, 0, 0, 0.17%, 7, 0, 8, 139.79
1735177605, 188, 15, 38, 0, 0, 0.17%, 7, 0, 8, 135.60
1735177610, 188, 22, 38, 0, 0, 0.17%, 7, 0, 8, 145.91
1735177615, 188, 25, 38, 0, 0, 0.17%, 7, 0, 8, 140.28
1735177625, 188, 29, 38, 0, 0, 0.17%, 7, 0, 8, 148.09
1735177630, 188, 31, 38, 0, 0, 0.17%, 7, 0, 8, 150.85
1735177635, 188, 36, 38, 0, 0, 0.17%, 7, 0, 8, 148.68
1735177646, 189, 11, 38, 0, 0, 0.17%, 7, 0, 8, 138.89
1735177651, 189, 25, 38, 0, 0, 0.17%, 7, 0, 8, 144.50
1735177656, 189, 28, 38, 0, 0, 0.17%, 7, 0, 8, 139.01
1735177666, 190, 11, 38, 0, 0, 0.17%, 7, 0, 8, 142.75
1735177671, 190, 25, 38, 0, 0, 0.17%, 7, 0, 8, 138.95
1735177677, 190, 29, 38, 0, 0, 0.17%, 7, 0, 8, 144.03
1735177687, 191, 25, 38, 0, 0, 0.17%, 7, 0, 8, 139.00
1735177697, 191, 29, 38, 0, 0, 0.17%, 7, 0, 8, 140.61
1735177702, 192, 15, 38, 0, 0, 0.17%, 7, 0, 8, 144.02
1735177708, 192, 25, 38, 0, 0, 0.17%, 7, 0, 8, 142.00
1735177718, 192, 29, 38, 0, 0, 0.17%, 7, 0, 8, 146.03
1735177723, 193, 10, 38, 0, 0, 0.17%, 7, 0, 8, 135.30
1735177728, 193, 25, 38, 0, 0, 0.17%, 7, 0, 8, 137.52
1735177739, 193, 29, 38, 0, 0, 0.17%, 7, 0, 8, 142.00
1735177744, 194, 18, 38, 0, 0, 0.17%, 7, 0, 8, 145.28
1735177749, 194, 25, 38, 0, 0, 0.17%, 7, 0, 8, 139.30
1735177759, 194, 27, 38, 0, 0, 0.17%, 7, 0, 8, 144.65
1735177764, 194, 29, 38, 0, 0, 0.17%, 7, 0, 8, 151.04
1735177770, 194, 31, 38, 0, 0, 0.17%, 7, 0, 8, 164.31
1735177775, 194, 32, 38, 0, 0, 0.17%, 7, 0, 8, 153.49
1735177785, 195, 25, 38, 0, 0, 0.17%, 7, 0, 8, 142.56
1735177795, 195, 29, 38, 0, 0, 0.17%, 7, 0, 8, 139.83
1735177800, 196, 13, 38, 0, 0, 0.17%, 7, 0, 8, 149.07
1735177805, 196, 25, 38, 0, 0, 0.17%, 7, 0, 8, 141.62
1735177816, 196, 29, 38, 0, 0, 0.17%, 7, 0, 8, 139.52
1735177821, 196, 34, 38, 0, 0, 0.17%, 7, 0, 8, 148.59
1735177826, 197, 25, 38, 0, 0, 0.17%, 7, 0, 8, 138.09
1735177836, 197, 29, 38, 0, 0, 0.17%, 7, 0, 8, 136.06
1735177841, 197, 36, 38, 0, 0, 0.17%, 7, 0, 8, 141.45
1735177852, 198, 6, 38, 0, 0, 0.17%, 7, 0, 8, 136.33
1735177857, 198, 10, 38, 0, 0, 0.17%, 7, 0, 8, 135.97
1735177862, 198, 24, 38, 0, 0, 0.17%, 7, 0, 8, 146.25
1735177867, 198, 25, 38, 0, 0, 0.17%, 7, 0, 8, 140.21
1735177877, 198, 29, 38, 0, 0, 0.17%, 7, 0, 8, 135.87
1735177883, 198, 36, 38, 0, 0, 0.17%, 7, 0, 8, 143.22
1735177893, 199, 11, 38, 0, 0, 0.17%, 7, 0, 8, 140.89
1735177898, 199, 25, 38, 0, 0, 0.17%, 7, 0, 8, 133.54
1735177903, 199, 29, 38, 0, 0, 0.17%, 7, 0, 8, 137.88
1735177908, 199, 34, 38, 0, 0, 0.17%, 7, 0, 8, 138.98
1735177913, 200, 11, 38, 0, 0, 0.17%, 7, 0, 8, 148.27
1735177919, 200, 25, 38, 0, 0, 0.17%, 7, 0, 8, 137.07
1735177929, 200, 30, 38, 0, 0, 0.17%, 7, 0, 8, 146.59
1735177934, 201, 9, 38, 0, 0, 0.17%, 7, 0, 8, 141.50
1735177939, 201, 11, 38, 0, 0, 0.17%, 7, 0, 8, 134.28
1735177944, 201, 25, 38, 0, 0, 0.17%, 7, 0, 8, 139.97
1735177949, 201, 29, 38, 0, 0, 0.17%, 7, 0, 8, 144.15
1735177955, 201, 35, 38, 0, 0, 0.17%, 7, 0, 8, 148.85
1735177965, 201, 36, 38, 0, 0, 0.17%, 7, 0, 8, 148.62
1735177975, 201, 37, 38, 0, 0, 0.17%, 7, 0, 8, 168.22
1735177980, 202, 11, 38, 0, 0, 0.17%, 7, 0, 8, 140.36
1735177986, 202, 25, 38, 0, 0, 0.17%, 7, 0, 8, 141.40
1735177991, 202, 29, 38, 0, 0, 0.17%, 7, 0, 8, 155.66
1735177996, 203, 11, 38, 0, 0, 0.17%, 7, 0, 8, 142.61
1735178001, 203, 17, 38, 0, 0, 0.17%, 7, 0, 8, 138.04
1735178006, 203, 25, 38, 0, 0, 0.17%, 7, 0, 8, 139.67
1735178011, 203, 29, 38, 0, 0, 0.17%, 7, 0, 8, 143.71
1735178016, 204, 11, 38, 0, 0, 0.17%, 7, 0, 8, 136.12
1735178022, 204, 25, 38, 0, 0, 0.17%, 7, 0, 8, 139.08
1735178032, 204, 29, 38, 0, 0, 0.17%, 7, 0, 8, 139.92
1735178037, 204, 32, 38, 0, 0, 0.17%, 7, 0, 8, 146.39
1735178042, 204, 33, 38, 0, 0, 0.17%, 7, 0, 8, 159.75
1735178047, 205, 11, 38, 0, 0, 0.17%, 7, 0, 8, 149.37
1735178052, 205, 12, 38, 0, 0, 0.17%, 7, 0, 8, 141.02
1735178057, 205, 25, 38, 0, 0, 0.17%, 7, 0, 8, 136.10
1735178062, 205, 27, 38, 0, 0, 0.17%, 7, 0, 8, 138.66
1735178068, 205, 29, 38, 0, 0, 0.17%, 7, 0, 8, 147.33
1735178073, 205, 32, 38, 0, 0, 0.17%, 7, 0, 8, 155.16
1735178083, 206, 11, 38, 0, 0, 0.17%, 7, 0, 8, 141.08
1735178088, 206, 14, 38, 0, 0, 0.17%, 7, 0, 8, 146.09
1735178093, 206, 25, 38, 0, 0, 0.17%, 7, 0, 8, 146.18
1735178098, 206, 29, 38, 0, 0, 0.17%, 7, 0, 8, 146.93
1735178103, 207, 8, 38, 0, 0, 0.17%, 7, 0, 8, 137.43
1735178108, 207, 25, 38, 0, 0, 0.17%, 7, 0, 8, 141.41
1735178119, 207, 29, 38, 0, 0, 0.17%, 7, 0, 8, 142.78
1735178124, 208, 25, 38, 0, 0, 0.17%, 7, 0, 8, 139.58
1735178134, 208, 28, 38, 0, 0, 0.17%, 7, 0, 8, 148.55
1735178139, 208, 29, 38, 0, 0, 0.17%, 7, 0, 8, 141.67
1735178144, 209, 12, 38, 0, 0, 0.17%, 7, 0, 8, 142.96
1735178149, 209, 20, 38, 0, 0, 0.17%, 7, 0, 8, 144.54
1735178154, 209, 25, 38, 0, 0, 0.17%, 7, 0, 8, 142.50
1735178165, 209, 29, 38, 0, 0, 0.17%, 7, 0, 8, 140.09
1735178170, 210, 9, 38, 0, 0, 0.17%, 7, 0, 8, 137.95
1735178175, 210, 22, 38, 0, 0, 0.17%, 7, 0, 8, 138.76
1735178180, 210, 23, 38, 0, 0, 0.17%, 7, 0, 8, 142.33
1735178185, 210, 25, 38, 0, 0, 0.17%, 7, 0, 8, 140.42
1735178196, 210, 29, 38, 0, 0, 0.17%, 7, 0, 8, 134.74
1735178201, 211, 25, 38, 0, 0, 0.17%, 7, 0, 8, 137.14
1735178211, 211, 26, 38, 0, 0, 0.17%, 7, 0, 8, 149.54
1735178216, 211, 29, 38, 0, 0, 0.17%, 7, 0, 8, 144.20
1735178221, 211, 30, 38, 0, 0, 0.17%, 7, 0, 8, 146.60
1735178226, 212, 6, 38, 0, 0, 0.17%, 7, 0, 8, 142.07
1735178232, 212, 21, 38, 0, 0, 0.17%, 7, 0, 8, 138.23
1735178237, 212, 25, 38, 0, 0, 0.17%, 7, 0, 8, 143.49
1735178247, 212, 29, 38, 0, 0, 0.17%, 7, 0, 8, 149.26
1735178252, 213, 25, 38, 0, 0, 0.17%, 7, 0, 8, 144.15
1735178262, 213, 29, 38, 0, 0, 0.17%, 7, 0, 8, 147.79
1735178268, 214, 21, 38, 0, 0, 0.17%, 7, 0, 8, 136.48
1735178273, 214, 25, 38, 0, 0, 0.17%, 7, 0, 8, 137.46
1735178283, 214, 29, 38, 0, 0, 0.17%, 7, 0, 8, 144.40
1735178288, 215, 22, 38, 0, 0, 0.17%, 7, 0, 8, 146.10
1735178293, 215, 24, 38, 0, 0, 0.17%, 7, 0, 8, 150.22
1735178299, 215, 25, 38, 0, 0, 0.17%, 7, 0, 8, 138.13
1735178304, 215, 29, 38, 0, 0, 0.17%, 7, 0, 8, 143.69
1735178309, 215, 31, 38, 0, 0, 0.17%, 7, 0, 8, 146.49
1735178319, 215, 36, 38, 0, 0, 0.17%, 7, 0, 8, 146.99
1735178329, 216, 11, 38, 0, 0, 0.17%, 7, 0, 8, 143.89
1735178334, 216, 25, 38, 0, 0, 0.17%, 7, 0, 8, 146.49
1735178339, 216, 29, 38, 0, 0, 0.17%, 7, 0, 8, 147.23
1735178345, 217, 2, 38, 0, 0, 0.17%, 7, 0, 8, 140.23
1735178350, 217, 25, 38, 0, 0, 0.17%, 7, 0, 8, 136.95
1735178360, 217, 29, 38, 0, 0, 0.17%, 7, 0, 8, 146.53
1735178365, 218, 25, 38, 0, 0, 0.17%, 7, 0, 8, 139.32
1735178376, 218, 26, 38, 0, 0, 0.17%, 7, 0, 8, 145.32
1735178381, 218, 29, 38, 0, 0, 0.17%, 7, 0, 8, 149.27
1735178386, 219, 11, 38, 0, 0, 0.17%, 7, 0, 8, 139.23
1735178391, 219, 18, 38, 0, 0, 0.17%, 7, 0, 8, 143.45
1735178396, 219, 25, 38, 0, 0, 0.17%, 7, 0, 8, 143.09
1735178401, 219, 29, 38, 0, 0, 0.17%, 7, 0, 8, 138.07
1735178407, 219, 36, 38, 0, 0, 0.17%, 7, 0, 8, 142.19
1735178422, 220, 11, 38, 0, 0, 0.17%, 7, 0, 8, 128.23
1735178427, 220, 25, 38, 0, 0, 0.17%, 7, 0, 8, 139.50
1735178432, 220, 29, 38, 0, 0, 0.17%, 7, 0, 8, 145.62
1735178437, 221, 5, 38, 0, 0, 0.17%, 7, 0, 8, 142.82
1735178442, 221, 24, 38, 0, 0, 0.17%, 7, 0, 8, 152.69
1735178447, 221, 25, 38, 0, 0, 0.17%, 7, 0, 8, 145.03
1735178457, 221, 29, 38, 0, 0, 0.17%, 7, 0, 8, 148.20
1735178463, 222, 15, 38, 0, 0, 0.17%, 7, 0, 8, 150.47
1735178468, 222, 21, 38, 0, 0, 0.17%, 7, 0, 8, 137.29
1735178473, 222, 25, 38, 0, 0, 0.17%, 7, 0, 8, 138.01
1735178483, 223, 11, 38, 0, 0, 0.17%, 7, 0, 8, 144.52
1735178489, 223, 25, 38, 0, 0, 0.17%, 7, 0, 8, 139.18
1735178499, 223, 29, 38, 0, 0, 0.17%, 7, 0, 8, 137.68
1735178504, 224, 23, 38, 0, 0, 0.17%, 7, 0, 8, 147.38
1735178509, 224, 25, 38, 0, 0, 0.17%, 7, 0, 8, 145.55
1735178520, 224, 35, 38, 0, 0, 0.17%, 7, 0, 8, 145.71
1735178530, 225, 11, 38, 0, 0, 0.17%, 7, 0, 8, 136.23
1735178535, 225, 25, 38, 0, 0, 0.17%, 7, 0, 8, 141.37
1735178540, 225, 29, 38, 0, 0, 0.17%, 7, 0, 8, 141.96
1735178545, 226, 11, 38, 0, 0, 0.17%, 7, 0, 8, 143.02
1735178550, 226, 24, 38, 0, 0, 0.17%, 7, 0, 8, 143.34
1735178555, 226, 25, 38, 0, 0, 0.17%, 7, 0, 8, 139.60
1735178561, 226, 29, 38, 0, 0, 0.17%, 7, 0, 8, 141.02
1735178566, 227, 11, 38, 0, 0, 0.17%, 7, 0, 8, 145.17
1735178571, 227, 20, 38, 0, 0, 0.17%, 7, 0, 8, 140.17
1735178576, 227, 22, 38, 0, 0, 0.17%, 7, 0, 8, 146.58
1735178581, 227, 25, 38, 0, 0, 0.17%, 7, 0, 8, 144.08
1735178586, 227, 29, 38, 0, 0, 0.17%, 7, 0, 8, 140.91
1735178592, 228, 11, 38, 0, 0, 0.17%, 7, 0, 8, 134.88
1735178597, 228, 25, 38, 0, 0, 0.17%, 7, 0, 8, 135.03
1735178602, 228, 29, 38, 0, 0, 0.17%, 7, 0, 8, 140.62
1735178607, 229, 1, 38, 0, 0, 0.17%, 7, 0, 8, 139.31
1735178612, 229, 18, 38, 0, 0, 0.17%, 7, 0, 8, 142.81
1735178617, 229, 19, 38, 0, 0, 0.17%, 7, 0, 8, 152.26
1735178623, 229, 25, 38, 0, 0, 0.17%, 7, 0, 8, 138.31
1735178633, 229, 29, 38, 0, 0, 0.17%, 7, 0, 8, 140.23
1735178638, 229, 36, 38, 0, 0, 0.17%, 7, 0, 8, 147.95
1735178648, 230, 25, 38, 0, 0, 0.17%, 7, 0, 8, 139.91
1735178659, 230, 29, 38, 0, 0, 0.17%, 7, 0, 8, 142.94
1735178664, 231, 17, 38, 0, 0, 0.17%, 7, 0, 8, 136.94
1735178669, 231, 25, 38, 0, 0, 0.17%, 7, 0, 8, 135.60
1735178679, 231, 29, 38, 0, 0, 0.17%, 7, 0, 8, 135.15
1735178685, 232, 11, 38, 0, 0, 0.17%, 7, 0, 8, 140.48
1735178690, 232, 14, 38, 0, 0, 0.17%, 7, 0, 8, 138.51
1735178695, 232, 23, 38, 0, 0, 0.17%, 7, 0, 8, 148.59
1735178700, 232, 25, 38, 0, 0, 0.17%, 7, 0, 8, 140.24
1735178705, 232, 29, 38, 0, 0, 0.17%, 7, 0, 8, 144.07
1735178710, 233, 11, 38, 0, 0, 0.17%, 7, 0, 8, 142.17
1735178715, 233, 25, 38, 0, 0, 0.17%, 7, 0, 8, 140.53
1735178720, 233, 27, 38, 0, 0, 0.17%, 7, 0, 8, 141.67
1735178726, 233, 29, 38, 0, 0, 0.17%, 7, 0, 8, 145.50
1735178731, 233, 30, 38, 0, 0, 0.17%, 7, 0, 8, 144.60
1735178736, 234, 4, 38, 0, 0, 0.17%, 7, 0, 8, 150.31
1735178741, 234, 25, 38, 0, 0, 0.17%, 7, 0, 8, 143.03
1735178751, 234, 29, 38, 0, 0, 0.17%, 7, 0, 8, 143.06
1735178756, 235, 16, 38, 0, 0, 0.17%, 7, 0, 8, 142.72
1735178762, 235, 25, 38, 0, 0, 0.17%, 7, 0, 8, 142.07
1735178772, 235, 29, 38, 0, 0, 0.17%, 7, 0, 8, 140.20
1735178777, 236, 11, 38, 0, 0, 0.17%, 7, 0, 8, 140.50
1735178782, 236, 25, 38, 0, 0, 0.17%, 7, 0, 8, 143.08
1735178787, 236, 29, 38, 0, 0, 0.17%, 7, 0, 8, 140.91
1735178792, 237, 24, 38, 0, 0, 0.17%, 7, 0, 8, 141.28
1735178798, 237, 25, 38, 0, 0, 0.17%, 7, 0, 8, 142.56
1735178808, 237, 29, 38, 0, 0, 0.17%, 7, 0, 8, 141.36
1735178813, 237, 34, 38, 0, 0, 0.17%, 7, 0, 8, 147.61
1735178818, 237, 35, 38, 0, 0, 0.17%, 7, 0, 8, 149.03
1735178829, 238, 25, 38, 0, 0, 0.17%, 7, 0, 8, 135.49
1735178839, 238, 29, 38, 0, 0, 0.17%, 7, 0, 8, 141.95
1735178844, 239, 11, 38, 0, 0, 0.17%, 7, 0, 8, 138.96
1735178849, 239, 25, 38, 0, 0, 0.17%, 7, 0, 8, 137.01
1735178854, 239, 29, 38, 0, 0, 0.17%, 7, 0, 8, 144.93
1735178860, 240, 11, 38, 0, 0, 0.17%, 7, 0, 8, 138.21
1735178865, 240, 25, 38, 0, 0, 0.17%, 7, 0, 8, 143.99
1735178875, 240, 29, 38, 0, 0, 0.17%, 7, 0, 8, 140.93
1735178880, 241, 13, 38, 0, 0, 0.17%, 7, 0, 8, 138.86
1735178890, 241, 25, 38, 0, 0, 0.17%, 7, 0, 8, 139.57
1735178896, 241, 28, 38, 0, 0, 0.17%, 7, 0, 8, 139.55
1735178901, 241, 29, 38, 0, 0, 0.17%, 7, 0, 8, 141.44
1735178906, 242, 11, 38, 0, 0, 0.17%, 7, 0, 8, 133.90
1735178911, 242, 25, 38, 0, 0, 0.17%, 7, 0, 8, 133.03
1735178916, 242, 29, 38, 0, 0, 0.17%, 7, 0, 8, 145.77
1735178921, 243, 11, 38, 0, 0, 0.17%, 7, 0, 8, 144.26
1735178926, 243, 16, 38, 0, 0, 0.17%, 7, 0, 8, 138.78
1735178932, 243, 25, 38, 0, 0, 0.17%, 7, 0, 8, 139.16
1735178937, 243, 29, 38, 0, 0, 0.17%, 7, 0, 8, 135.90
1735178942, 244, 11, 38, 0, 0, 0.17%, 7, 0, 8, 145.19
1735178947, 244, 25, 38, 0, 0, 0.17%, 7, 0, 8, 144.73
1735178952, 244, 29, 38, 0, 0, 0.17%, 7, 0, 8, 139.84
1735178963, 245, 25, 38, 0, 0, 0.17%, 7, 0, 8, 137.47
1735178973, 245, 29, 38, 0, 0, 0.17%, 7, 0, 8, 135.98
1735178978, 246, 11, 38, 0, 0, 0.17%, 7, 0, 8, 141.35
1735178983, 246, 25, 38, 0, 0, 0.17%, 7, 0, 8, 144.14
1735178988, 246, 29, 38, 0, 0, 0.17%, 7, 0, 8, 139.49
1735178994, 246, 31, 38, 0, 0, 0.17%, 7, 0, 8, 165.75
1735178999, 246, 34, 38, 0, 0, 0.17%, 7, 0, 8, 144.64
1735179004, 247, 11, 38, 0, 0, 0.17%, 7, 0, 8, 145.67
1735179009, 247, 15, 38, 0, 0, 0.17%, 7, 0, 8, 139.60
1735179014, 247, 25, 38, 0, 0, 0.17%, 7, 0, 8, 140.48
1735179019, 247, 29, 38, 0, 0, 0.17%, 7, 0, 8, 138.28
1735179029, 248, 25, 38, 0, 0, 0.17%, 7, 0, 8, 142.38
1735179040, 248, 29, 38, 0, 0, 0.17%, 7, 0, 8, 136.60
1735179045, 248, 33, 38, 0, 0, 0.17%, 7, 0, 8, 153.99
1735179050, 249, 1, 38, 0, 0, 0.17%, 7, 0, 8, 143.12
1735179055, 249, 11, 38, 0, 0, 0.17%, 7, 0, 8, 140.21
1735179060, 249, 24, 38, 0, 0, 0.17%, 7, 0, 8, 148.57
1735179066, 249, 25, 38, 0, 0, 0.17%, 7, 0, 8, 143.43
1735179071, 249, 29, 38, 0, 0, 0.17%, 7, 0, 8, 140.08
1735179076, 249, 30, 38, 0, 0, 0.17%, 7, 0, 8, 144.08
1735179081, 250, 6, 38, 0, 0, 0.17%, 7, 0, 8, 143.27
1735179086, 250, 11, 38, 0, 0, 0.17%, 7, 0, 8, 134.93
1735179091, 250, 25, 38, 0, 0, 0.17%, 7, 0, 8, 134.89
1735179097, 250, 29, 38, 0, 0, 0.17%, 7, 0, 8, 144.58
1735179102, 250, 30, 38, 0, 0, 0.17%, 7, 0, 8, 142.51
1735179107, 251, 11, 38, 0, 0, 0.17%, 7, 0, 8, 147.61
1735179112, 251, 25, 38, 0, 0, 0.17%, 7, 0, 8, 135.32
1735179117, 251, 29, 38, 0, 0, 0.17%, 7, 0, 8, 136.49
1735179122, 251, 31, 38, 0, 0, 0.17%, 7, 0, 8, 149.13
1735179132, 251, 34, 38, 0, 0, 0.17%, 7, 0, 8, 142.82
1735179138, 252, 19, 38, 0, 0, 0.17%, 7, 0, 8, 140.38
1735179143, 252, 25, 38, 0, 0, 0.17%, 7, 0, 8, 143.75
1735179153, 252, 28, 38, 0, 0, 0.17%, 7, 0, 8, 140.88
1735179158, 252, 29, 38, 0, 0, 0.17%, 7, 0, 8, 146.63
1735179163, 252, 36, 38, 0, 0, 0.17%, 7, 0, 8, 143.14
1735179174, 253, 11, 38, 0, 0, 0.17%, 7, 0, 8, 142.17
1735179179, 253, 16, 38, 0, 0, 0.17%, 7, 0, 8, 146.54
1735179184, 253, 25, 38, 0, 0, 0.17%, 7, 0, 8, 138.59
1735179189, 253, 29, 38, 0, 0, 0.17%, 7, 0, 8, 139.35
1735179194, 254, 11, 38, 0, 0, 0.17%, 7, 0, 8, 136.08
1735179199, 254, 25, 38, 0, 0, 0.17%, 7, 0, 8, 139.03
1735179205, 254, 29, 38, 0, 0, 0.17%, 7, 0, 8, 136.35
1735179210, 254, 33, 38, 0, 0, 0.17%, 7, 0, 8, 143.29
1735179220, 255, 25, 38, 0, 0, 0.17%, 7, 0, 8, 142.94
1735179230, 255, 29, 38, 0, 0, 0.17%, 7, 0, 8, 134.61
1735179235, 256, 25, 38, 0, 0, 0.17%, 7, 0, 8, 137.12
1735179246, 256, 29, 38, 0, 0, 0.17%, 7, 0, 8, 144.85
1735179251, 257, 25, 38, 0, 0, 0.17%, 7, 0, 8, 135.17
1735179261, 257, 29, 38, 0, 0, 0.17%, 7, 0, 8, 135.75
1735179266, 258, 22, 38, 0, 0, 0.17%, 7, 0, 8, 140.17
1735179272, 258, 25, 38, 0, 0, 0.17%, 7, 0, 8, 138.14
1735179282, 258, 29, 38, 0, 0, 0.17%, 7, 0, 8, 134.23
1735179287, 259, 25, 38, 0, 0, 0.17%, 7, 0, 8, 141.82
1735179297, 259, 29, 38, 0, 0, 0.17%, 7, 0, 8, 140.25
1735179303, 259, 36, 38, 0, 0, 0.17%, 7, 0, 8, 144.22
1735179313, 260, 11, 38, 0, 0, 0.17%, 7, 0, 8, 137.10
1735179318, 260, 17, 38, 0, 0, 0.17%, 7, 0, 8, 139.30
1735179323, 260, 25, 38, 0, 0, 0.17%, 7, 0, 8, 142.44
1735179328, 260, 29, 38, 0, 0, 0.17%, 7, 0, 8, 139.86
1735179333, 261, 11, 38, 0, 0, 0.17%, 7, 0, 8, 135.76
1735179339, 261, 18, 38, 0, 0, 0.17%, 7, 0, 8, 140.38
1735179344, 261, 25, 38, 0, 0, 0.17%, 7, 0, 8, 135.97
1735179349, 261, 29, 38, 0, 0, 0.17%, 7, 0, 8, 134.45
1735179354, 262, 11, 38, 0, 0, 0.17%, 7, 0, 8, 140.80
1735179359, 262, 25, 38, 0, 0, 0.17%, 7, 0, 8, 143.97
1735179364, 262, 29, 38, 0, 0, 0.17%, 7, 0, 8, 154.90
1735179369, 262, 35, 38, 0, 0, 0.17%, 7, 0, 8, 152.65
1735179380, 263, 11, 38, 0, 0, 0.17%, 7, 0, 8, 140.17
1735179385, 263, 12, 38, 0, 0, 0.17%, 7, 0, 8, 131.87
1735179390, 263, 25, 38, 0, 0, 0.17%, 7, 0, 8, 139.48
1735179395, 263, 29, 38, 0, 0, 0.17%, 7, 0, 8, 144.32
1735179400, 263, 33, 38, 0, 0, 0.17%, 7, 0, 8, 149.58
1735179411, 264, 25, 38, 0, 0, 0.17%, 7, 0, 8, 141.60
1735179421, 264, 29, 38, 0, 0, 0.17%, 7, 0, 8, 141.97
1735179426, 265, 25, 38, 0, 0, 0.17%, 7, 0, 8, 139.04
1735179436, 265, 29, 38, 0, 0, 0.17%, 7, 0, 8, 136.32
1735179442, 266, 11, 38, 0, 0, 0.17%, 7, 0, 8, 129.73
1735179447, 266, 22, 38, 0, 0, 0.17%, 7, 0, 8, 137.09
1735179452, 266, 25, 38, 0, 0, 0.17%, 7, 0, 8, 133.47
1735179457, 266, 29, 38, 0, 0, 0.17%, 7, 0, 8, 140.47
1735179462, 267, 11, 38, 0, 0, 0.17%, 7, 0, 8, 143.97
1735179467, 267, 15, 38, 0, 0, 0.17%, 7, 0, 8, 147.35
1735179473, 267, 23, 38, 0, 0, 0.17%, 7, 0, 8, 145.79
1735179478, 267, 25, 38, 0, 0, 0.17%, 7, 0, 8, 133.82
1735179483, 267, 29, 38, 0, 0, 0.17%, 7, 0, 8, 148.94
1735179493, 268, 25, 38, 0, 0, 0.17%, 7, 0, 8, 145.44
1735179498, 268, 26, 38, 0, 0, 0.17%, 7, 0, 8, 143.72
1735179508, 268, 29, 38, 0, 0, 0.17%, 7, 0, 8, 145.76
1735179513, 268, 31, 38, 0, 0, 0.17%, 7, 0, 8, 158.63
1735179519, 268, 37, 38, 0, 0, 0.17%, 7, 0, 8, 155.10
1735179529, 269, 25, 38, 0, 0, 0.17%, 7, 0, 8, 139.29
1735179539, 269, 29, 38, 0, 0, 0.17%, 7, 0, 8, 139.39
1735179544, 270, 11, 38, 0, 0, 0.17%, 7, 0, 8, 138.43
1735179549, 270, 25, 38, 0, 0, 0.17%, 7, 0, 8, 145.82
1735179555, 270, 27, 38, 0, 0, 0.17%, 7, 0, 8, 144.53
1735179560, 270, 29, 38, 0, 0, 0.17%, 7, 0, 8, 143.93
1735179565, 270, 32, 38, 0, 0, 0.17%, 7, 0, 8, 144.14
1735179575, 271, 14, 38, 0, 0, 0.17%, 7, 0, 8, 133.20
1735179580, 271, 25, 38, 0, 0, 0.17%, 7, 0, 8, 132.19
1735179591, 271, 27, 38, 0, 0, 0.17%, 7, 0, 8, 144.21
1735179596, 271, 29, 38, 0, 0, 0.17%, 7, 0, 8, 140.92
1735179601, 272, 25, 38, 0, 0, 0.17%, 7, 0, 8, 137.97
1735179611, 272, 26, 38, 0, 0, 0.17%, 7, 0, 8, 142.43
1735179616, 272, 29, 38, 0, 0, 0.17%, 7, 0, 8, 147.66
1735179621, 273, 11, 38, 0, 0, 0.17%, 7, 0, 8, 148.32
1735179627, 273, 18, 38, 0, 0, 0.17%, 7, 0, 8, 142.27
1735179632, 273, 25, 38, 0, 0, 0.17%, 7, 0, 8, 133.07
1735179642, 273, 29, 38, 0, 0, 0.17%, 7, 0, 8, 146.37
1735179647, 274, 13, 38, 0, 0, 0.17%, 7, 0, 8, 147.87
1735179652, 274, 25, 38, 0, 0, 0.17%, 7, 0, 8, 141.01
1735179658, 274, 29, 38, 0, 0, 0.17%, 7, 0, 8, 135.23
1735179663, 275, 8, 38, 0, 0, 0.17%, 7, 0, 8, 141.77
1735179668, 275, 25, 38, 0, 0, 0.17%, 7, 0, 8, 139.57
1735179678, 275, 29, 38, 0, 0, 0.17%, 7, 0, 8, 146.79
1735179683, 276, 14, 38, 0, 0, 0.17%, 7, 0, 8, 136.39
1735179689, 276, 25, 38, 0, 0, 0.17%, 7, 0, 8, 131.13
1735179699, 276, 29, 38, 0, 0, 0.17%, 7, 0, 8, 140.72
1735179704, 277, 19, 38, 0, 0, 0.17%, 7, 0, 8, 138.93
1735179709, 277, 25, 38, 0, 0, 0.17%, 7, 0, 8, 136.49
1735179720, 277, 26, 38, 0, 0, 0.17%, 7, 0, 8, 147.81
1735179725, 277, 29, 38, 0, 0, 0.17%, 7, 0, 8, 144.53
1735179735, 278, 25, 38, 0, 0, 0.17%, 7, 0, 8, 141.35
1735179745, 278, 29, 38, 0, 0, 0.17%, 7, 0, 8, 147.86
1735179750, 279, 25, 38, 0, 0, 0.17%, 7, 0, 8, 140.82
1735179756, 279, 29, 38, 0, 0, 0.17%, 7, 0, 8, 147.38
1735179761, 280, 5, 38, 0, 0, 0.17%, 7, 0, 8, 140.89
1735179766, 280, 10, 38, 0, 0, 0.17%, 7, 0, 8, 135.78
1735179771, 280, 25, 38, 0, 0, 0.17%, 7, 0, 8, 138.62
1735179781, 280, 29, 38, 0, 0, 0.17%, 7, 0, 8, 140.12
1735179786, 281, 11, 38, 0, 0, 0.17%, 7, 0, 8, 137.09
1735179792, 281, 17, 38, 0, 0, 0.17%, 7, 0, 8, 142.24
1735179797, 281, 25, 38, 0, 0, 0.17%, 7, 0, 8, 142.01
1735179802, 281, 29, 38, 0, 0, 0.17%, 7, 0, 8, 147.69
1735179807, 282, 11, 38, 0, 0, 0.17%, 7, 0, 8, 130.05
1735179812, 282, 25, 38, 0, 0, 0.17%, 7, 0, 8, 140.02
1735179817, 282, 27, 38, 0, 0, 0.17%, 7, 0, 8, 142.74
1735179823, 282, 29, 38, 0, 0, 0.17%, 7, 0, 8, 145.07
1735179828, 283, 8, 38, 0, 0, 0.17%, 7, 0, 8, 148.84
1735179833, 283, 18, 38, 0, 0, 0.17%, 7, 0, 8, 146.43
1735179838, 283, 25, 38, 0, 0, 0.17%, 7, 0, 8, 146.27
1735179848, 283, 29, 38, 0, 0, 0.17%, 7, 0, 8, 140.07
1735179853, 284, 25, 38, 0, 0, 0.17%, 7, 0, 8, 137.64
1735179864, 284, 29, 38, 0, 0, 0.17%, 7, 0, 8, 142.25
1735179869, 284, 34, 38, 0, 0, 0.17%, 7, 0, 8, 144.76
1735179874, 284, 35, 38, 0, 0, 0.17%, 7, 0, 8, 153.58
1735179879, 285, 11, 38, 0, 0, 0.17%, 7, 0, 8, 145.95
1735179884, 285, 25, 38, 0, 0, 0.17%, 7, 0, 8, 141.04
1735179889, 285, 29, 38, 0, 0, 0.17%, 7, 0, 8, 145.15
1735179894, 286, 1, 38, 0, 0, 0.17%, 7, 0, 8, 141.82
1735179899, 286, 25, 38, 0, 0, 0.17%, 7, 0, 8, 139.29
1735179910, 286, 29, 38, 0, 0, 0.17%, 7, 0, 8, 140.24
1735179915, 286, 31, 38, 0, 0, 0.17%, 7, 0, 8, 153.19
1735179920, 286, 35, 38, 0, 0, 0.17%, 7, 0, 8, 156.27
1735179925, 287, 11, 38, 0, 0, 0.17%, 7, 0, 8, 149.26
1735179930, 287, 25, 38, 0, 0, 0.17%, 7, 0, 8, 146.85
1735179935, 287, 29, 38, 0, 0, 0.17%, 7, 0, 8, 133.21
1735179941, 288, 11, 38, 0, 0, 0.17%, 7, 0, 8, 141.27
1735179946, 288, 25, 38, 0, 0, 0.17%, 7, 0, 8, 146.04
1735179951, 288, 28, 38, 0, 0, 0.17%, 7, 0, 8, 140.04
1735179956, 288, 29, 38, 0, 0, 0.17%, 7, 0, 8, 148.23
1735179961, 288, 31, 38, 0, 0, 0.17%, 7, 0, 8, 134.78
1735179971, 288, 34, 38, 0, 0, 0.17%, 7, 0, 8, 150.72
1735179976, 288, 36, 38, 0, 0, 0.17%, 7, 0, 8, 151.20
1735179987, 289, 11, 38, 0, 0, 0.17%, 7, 0, 8, 139.53
1735179992, 289, 19, 38, 0, 0, 0.17%, 7, 0, 8, 144.98
1735179997, 289, 25, 38, 0, 0, 0.17%, 7, 0, 8, 138.68
1735180002, 289, 29, 38, 0, 0, 0.17%, 7, 0, 8, 146.29
1735180007, 290, 0, 38, 0, 0, 0.17%, 7, 0, 8, 143.89
1735180012, 290, 11, 38, 0, 0, 0.17%, 7, 0, 8, 139.12
1735180017, 290, 25, 38, 0, 0, 0.17%, 7, 0, 8, 138.49
1735180023, 290, 29, 38, 0, 0, 0.17%, 7, 0, 8, 142.93
1735180028, 291, 0, 38, 0, 0, 0.17%, 7, 0, 8, 146.29
1735180033, 291, 18, 38, 0, 0, 0.17%, 7, 0, 8, 149.56
1735180038, 291, 25, 38, 0, 0, 0.17%, 7, 0, 8, 139.78
1735180043, 291, 29, 38, 0, 0, 0.17%, 7, 0, 8, 143.27
1735180048, 291, 35, 38, 0, 0, 0.17%, 7, 0, 8, 148.84
1735180059, 291, 37, 38, 0, 0, 0.17%, 7, 0, 8, 169.07
1735180064, 292, 11, 38, 0, 0, 0.17%, 7, 0, 8, 152.28
1735180069, 292, 25, 38, 0, 0, 0.17%, 7, 0, 8, 143.30
1735180074, 292, 27, 38, 0, 0, 0.17%, 7, 0, 8, 144.10
1735180079, 292, 29, 38, 0, 0, 0.17%, 7, 0, 8, 138.41
1735180084, 293, 3, 38, 0, 0, 0.17%, 7, 0, 8, 137.38
1735180089, 293, 25, 38, 0, 0, 0.17%, 7, 0, 8, 140.26
1735180100, 293, 29, 38, 0, 0, 0.17%, 7, 0, 8, 139.67
1735180105, 293, 32, 38, 0, 0, 0.17%, 7, 0, 8, 145.38
1735180110, 294, 11, 38, 0, 0, 0.17%, 7, 0, 8, 139.40
1735180115, 294, 13, 38, 0, 0, 0.17%, 7, 0, 8, 133.89
1735180120, 294, 17, 38, 0, 0, 0.17%, 7, 0, 8, 139.62
1735180126, 294, 25, 38, 0, 0, 0.17%, 7, 0, 8, 138.87
1735180131, 294, 28, 38, 0, 0, 0.17%, 7, 0, 8, 143.22
1735180136, 294, 29, 38, 0, 0, 0.17%, 7, 0, 8, 146.20
1735180141, 295, 11, 38, 0, 0, 0.17%, 7, 0, 8, 136.73
1735180146, 295, 15, 38, 0, 0, 0.17%, 7, 0, 8, 132.16
1735180151, 295, 25, 38, 0, 0, 0.17%, 7, 0, 8, 135.95
1735180156, 295, 29, 38, 0, 0, 0.17%, 7, 0, 8, 143.21
1735180162, 296, 11, 38, 0, 0, 0.17%, 7, 0, 8, 145.68
1735180167, 296, 25, 38, 0, 0, 0.17%, 7, 0, 8, 139.01
1735180172, 296, 29, 38, 0, 0, 0.17%, 7, 0, 8, 148.15
1735180177, 297, 11, 38, 0, 0, 0.17%, 7, 0, 8, 141.92
1735180182, 297, 12, 38, 0, 0, 0.17%, 7, 0, 8, 136.61
1735180187, 297, 13, 38, 0, 0, 0.17%, 7, 0, 8, 138.03
1735180192, 297, 25, 38, 0, 0, 0.17%, 7, 0, 8, 141.92
1735180197, 297, 26, 38, 0, 0, 0.17%, 7, 0, 8, 141.60
1735180208, 297, 29, 38, 0, 0, 0.17%, 7, 0, 8, 139.77
1735180213, 297, 37, 38, 0, 0, 0.17%, 7, 0, 8, 154.09
1735180218, 298, 11, 38, 0, 0, 0.17%, 7, 0, 8, 143.38
1735180223, 298, 19, 38, 0, 0, 0.17%, 7, 0, 8, 139.27
1735180228, 298, 20, 38, 0, 0, 0.17%, 7, 0, 8, 142.77
1735180233, 298, 25, 38, 0, 0, 0.17%, 7, 0, 8, 138.66
1735180238, 298, 29, 38, 0, 0, 0.17%, 7, 0, 8, 144.83
1735180244, 299, 11, 38, 0, 0, 0.17%, 7, 0, 8, 138.39
1735180249, 299, 25, 38, 0, 0, 0.17%, 7, 0, 8, 136.23
1735180254, 299, 28, 38, 0, 0, 0.17%, 7, 0, 8, 144.28
1735180259, 299, 29, 38, 0, 0, 0.17%, 7, 0, 8, 143.51
1735180264, 299, 32, 38, 0, 0, 0.17%, 7, 0, 8, 148.44
1735180274, 300, 5, 38, 0, 0, 0.17%, 7, 0, 8, 138.76
1735180279, 300, 23, 38, 0, 0, 0.17%, 7, 0, 8, 146.52
1735180285, 300, 25, 38, 0, 0, 0.17%, 7, 0, 8, 144.83
1735180295, 300, 29, 38, 0, 0, 0.17%, 7, 0, 8, 139.95
1735180300, 300, 33, 38, 0, 0, 0.17%, 7, 0, 8, 151.80
1735180305, 301, 5, 38, 0, 0, 0.17%, 7, 0, 8, 147.24
1735180310, 301, 25, 38, 0, 0, 0.17%, 7, 0, 8, 138.64
1735180320, 301, 26, 38, 0, 0, 0.17%, 7, 0, 8, 148.66
1735180325, 301, 29, 38, 0, 0, 0.17%, 7, 0, 8, 140.57
1735180331, 301, 33, 38, 0, 0, 0.17%, 7, 0, 8, 152.48
1735180341, 302, 24, 38, 0, 0, 0.17%, 7, 0, 8, 149.89
1735180346, 302, 25, 38, 0, 0, 0.17%, 7, 0, 8, 145.73
1735180356, 302, 29, 38, 0, 0, 0.17%, 7, 0, 8, 141.68
1735180361, 302, 31, 38, 0, 0, 0.17%, 7, 0, 8, 160.96
1735180366, 303, 14, 38, 0, 0, 0.17%, 7, 0, 8, 140.67
1735180371, 303, 25, 38, 0, 0, 0.17%, 7, 0, 8, 146.48
1735180382, 303, 28, 38, 0, 0, 0.17%, 7, 0, 8, 144.38
1735180387, 303, 29, 38, 0, 0, 0.17%, 7, 0, 8, 139.49
1735180392, 303, 33, 38, 0, 0, 0.17%, 7, 0, 8, 158.97
1735180397, 304, 11, 38, 0, 0, 0.17%, 7, 0, 8, 145.91
1735180402, 304, 25, 38, 0, 0, 0.17%, 7, 0, 8, 141.26
1735180407, 304, 29, 38, 0, 0, 0.17%, 7, 0, 8, 148.30
1735180413, 305, 9, 38, 0, 0, 0.17%, 7, 0, 8, 141.24
1735180418, 305, 12, 38, 0, 0, 0.17%, 7, 0, 8, 132.49
1735180423, 305, 25, 38, 0, 0, 0.17%, 7, 0, 8, 142.04
1735180433, 305, 29, 38, 0, 0, 0.17%, 7, 0, 8, 146.84
1735180439, 306, 15, 38, 0, 0, 0.17%, 7, 0, 8, 137.58
1735180444, 306, 25, 38, 0, 0, 0.17%, 7, 0, 8, 136.30
1735180454, 306, 29, 38, 0, 0, 0.17%, 7, 0, 8, 137.62
1735180459, 306, 32, 38, 0, 0, 0.17%, 7, 0, 8, 144.61
1735180464, 307, 3, 38, 0, 0, 0.17%, 7, 0, 8, 140.20
1735180469, 307, 11, 38, 0, 0, 0.17%, 7, 0, 8, 132.70
1735180474, 307, 25, 38, 0, 0, 0.17%, 7, 0, 8, 136.78
1735180479, 307, 29, 38, 0, 0, 0.17%, 7, 0, 8, 137.97
