# unix_time, cycles_done, cur_path, paths_total, pending_total, pending_favs, map_size, unique_crashes, unique_hangs, max_depth, execs_per_sec
1735461056, 0, 0, 10, 10, 1, 0.01%, 0, 0, 1, 84.66
1735461061, 0, 4, 10, 10, 1, 0.01%, 0, 0, 1, 105.88
1735461066, 0, 5, 10, 9, 0, 0.01%, 0, 0, 1, 101.74
1735461076, 0, 6, 10, 8, 0, 0.01%, 0, 0, 1, 101.29
1735461086, 0, 7, 10, 7, 0, 0.01%, 0, 0, 1, 98.20
1735461097, 0, 8, 10, 6, 0, 0.01%, 0, 0, 1, 96.02
1735461107, 0, 9, 10, 5, 0, 0.01%, 0, 0, 1, 94.69
1735461117, 1, 0, 10, 4, 0, 0.01%, 0, 0, 1, 93.37
1735461128, 1, 1, 10, 3, 0, 0.01%, 0, 0, 1, 100.60
1735461143, 1, 2, 10, 2, 0, 0.01%, 0, 0, 1, 107.46
1735461153, 1, 3, 10, 1, 0, 0.01%, 0, 0, 1, 94.01
1735461164, 1, 4, 10, 0, 0, 0.01%, 0, 0, 1, 103.84
1735461169, 1, 5, 10, 0, 0, 0.01%, 0, 0, 1, 105.57
1735461174, 1, 7, 10, 0, 0, 0.01%, 0, 0, 1, 105.30
1735461179, 1, 8, 10, 0, 0, 0.01%, 0, 0, 1, 102.56
1735461184, 2, 0, 10, 0, 0, 0.01%, 0, 0, 1, 102.94
1735461189, 2, 1, 10, 0, 0, 0.01%, 0, 0, 1, 105.20
1735461195, 2, 3, 10, 0, 0, 0.01%, 0, 0, 1, 104.86
1735461200, 2, 4, 11, 1, 0, 0.16%, 1, 0, 2, 107.82
1735461205, 2, 10, 13, 3, 1, 0.16%, 3, 0, 3, 128.45
1735461246, 2, 11, 13, 2, 2, 0.16%, 3, 0, 3, 134.92
1735461266, 2, 11, 14, 3, 2, 0.16%, 3, 0, 4, 112.60
1735461292, 2, 11, 15, 4, 2, 0.17%, 4, 0, 4, 110.79
1735461369, 2, 12, 15, 3, 2, 0.17%, 4, 0, 4, 139.42
1735461374, 2, 12, 16, 4, 2, 0.17%, 4, 0, 4, 121.71
1735461410, 2, 12, 18, 6, 2, 0.17%, 4, 0, 4, 119.33
1735461415, 2, 12, 21, 9, 2, 0.17%, 4, 0, 4, 117.72
1735461421, 2, 20, 22, 9, 1, 0.17%, 5, 0, 5, 163.58
1735461441, 2, 20, 23, 10, 1, 0.17%, 5, 0, 5, 118.21
1735461446, 2, 20, 24, 11, 1, 0.17%, 5, 0, 5, 121.77
1735461497, 2, 20, 25, 12, 1, 0.17%, 5, 0, 5, 121.84
1735461539, 2, 21, 26, 12, 1, 0.17%, 5, 0, 6, 126.14
1735461585, 2, 25, 26, 11, 1, 0.17%, 5, 0, 6, 162.99
1735461626, 3, 11, 26, 10, 0, 0.17%, 5, 0, 6, 112.64
1735461631, 3, 12, 26, 10, 0, 0.17%, 5, 0, 6, 116.16
1735461641, 3, 16, 26, 10, 0, 0.17%, 5, 0, 6, 182.09
1735461687, 3, 17, 26, 9, 0, 0.17%, 5, 0, 6, 121.06
1735461734, 3, 20, 26, 8, 0, 0.17%, 5, 0, 6, 122.05
1735461749, 3, 24, 26, 8, 0, 0.17%, 5, 0, 6, 135.95
1735461764, 3, 24, 27, 9, 0, 0.17%, 5, 0, 6, 139.69
1735461816, 3, 25, 27, 8, 0, 0.17%, 5, 0, 6, 135.75
1735461832, 4, 11, 27, 8, 0, 0.17%, 5, 0, 6, 123.64
1735461837, 4, 14, 27, 8, 0, 0.17%, 5, 0, 6, 128.60
1735461883, 4, 20, 27, 7, 0, 0.17%, 5, 0, 6, 127.45
1735461893, 4, 25, 27, 7, 0, 0.17%, 5, 0, 6, 128.08
1735461898, 4, 26, 27, 7, 0, 0.17%, 5, 0, 6, 151.11
1735461929, 4, 26, 28, 8, 0, 0.17%, 5, 0, 7, 139.59
1735461965, 5, 11, 28, 7, 0, 0.17%, 5, 0, 7, 128.51
1735461970, 5, 12, 28, 7, 0, 0.17%, 5, 0, 7, 126.49
1735461975, 5, 13, 28, 7, 0, 0.17%, 5, 0, 7, 154.51
1735462011, 5, 20, 29, 7, 0, 0.17%, 5, 0, 7, 129.17
1735462021, 5, 25, 29, 7, 0, 0.17%, 5, 0, 7, 135.00
1735462031, 5, 28, 29, 7, 0, 0.17%, 5, 0, 7, 197.63
1735462119, 5, 28, 30, 8, 0, 0.17%, 5, 0, 7, 151.44
1735462190, 5, 28, 31, 9, 0, 0.17%, 5, 0, 7, 137.89
1735462215, 5, 29, 31, 8, 0, 0.17%, 5, 0, 7, 204.31
1735462317, 5, 29, 32, 9, 0, 0.17%, 5, 0, 7, 157.79
1735462368, 5, 29, 33, 10, 0, 0.17%, 5, 0, 7, 155.99
1735462399, 5, 32, 33, 9, 0, 0.17%, 5, 0, 7, 192.11
1735462531, 6, 11, 33, 8, 0, 0.17%, 5, 0, 7, 135.13
1735462536, 6, 14, 33, 8, 0, 0.17%, 5, 0, 7, 126.57
1735462557, 6, 15, 33, 8, 0, 0.17%, 5, 0, 7, 220.00
1735462603, 6, 18, 33, 7, 0, 0.17%, 5, 0, 7, 173.60
1735462639, 6, 20, 33, 6, 0, 0.17%, 5, 0, 7, 133.75
1735462649, 6, 25, 33, 6, 0, 0.17%, 5, 0, 7, 136.15
1735462654, 7, 11, 33, 6, 0, 0.17%, 5, 0, 7, 130.29
1735462659, 7, 19, 33, 6, 0, 0.17%, 5, 0, 7, 133.09
1735462720, 7, 20, 33, 5, 0, 0.17%, 5, 0, 7, 142.38
1735462725, 7, 22, 33, 5, 0, 0.17%, 5, 0, 7, 151.60
1735462766, 7, 25, 33, 4, 0, 0.17%, 5, 0, 7, 145.38
1735462771, 7, 25, 34, 5, 0, 0.17%, 5, 0, 7, 138.98
1735462776, 7, 33, 34, 5, 0, 0.17%, 5, 0, 7, 239.56
1735462864, 7, 33, 35, 6, 0, 0.17%, 5, 0, 8, 265.98
1735462874, 7, 33, 37, 8, 0, 0.17%, 5, 0, 8, 182.38
1735462879, 7, 33, 39, 10, 0, 0.17%, 7, 0, 8, 177.25
1735462899, 7, 33, 40, 11, 0, 0.17%, 8, 0, 8, 181.96
1735462956, 7, 35, 40, 10, 0, 0.17%, 8, 0, 8, 183.13
1735463124, 7, 39, 40, 9, 0, 0.17%, 8, 0, 8, 233.86
1735463262, 8, 12, 40, 8, 0, 0.17%, 8, 0, 8, 142.51
1735463267, 8, 14, 40, 8, 0, 0.17%, 8, 0, 8, 141.25
1735463272, 8, 16, 40, 8, 0, 0.17%, 8, 0, 8, 144.28
1735463283, 8, 18, 40, 8, 0, 0.17%, 8, 0, 8, 139.52
1735463293, 8, 20, 40, 8, 0, 0.17%, 8, 0, 8, 140.26
1735463298, 8, 36, 40, 8, 0, 0.17%, 8, 0, 8, 154.65
1735463394, 8, 38, 40, 7, 0, 0.17%, 8, 0, 8, 181.14
1735463533, 9, 11, 40, 6, 0, 0.17%, 8, 0, 8, 152.03
1735463538, 9, 20, 40, 6, 0, 0.17%, 8, 0, 8, 152.42
1735463543, 9, 25, 40, 6, 0, 0.17%, 8, 0, 8, 146.54
1735463548, 9, 27, 40, 6, 0, 0.17%, 8, 0, 8, 197.35
1735463639, 9, 31, 40, 5, 0, 0.17%, 8, 0, 8, 170.95
1735463833, 9, 33, 40, 4, 0, 0.17%, 8, 0, 8, 148.22
1735463848, 10, 11, 40, 4, 0, 0.17%, 8, 0, 8, 147.88
1735463854, 10, 20, 40, 4, 0, 0.17%, 8, 0, 8, 139.00
1735463859, 10, 25, 40, 4, 0, 0.17%, 8, 0, 8, 143.31
1735463864, 10, 27, 40, 4, 0, 0.17%, 8, 0, 8, 150.99
1735463869, 10, 34, 40, 4, 0, 0.17%, 8, 0, 8, 204.13
1735464049, 10, 36, 40, 3, 0, 0.17%, 8, 0, 8, 152.70
1735464069, 10, 38, 40, 3, 0, 0.17%, 8, 0, 8, 164.55
1735464084, 11, 10, 40, 3, 0, 0.17%, 8, 0, 8, 143.60
1735464089, 11, 12, 40, 3, 0, 0.17%, 8, 0, 8, 134.38
1735464095, 11, 13, 40, 3, 0, 0.17%, 8, 0, 8, 151.50
1735464105, 11, 20, 40, 3, 0, 0.17%, 8, 0, 8, 148.47
1735464110, 11, 30, 40, 3, 0, 0.17%, 8, 0, 8, 146.93
1735464171, 12, 11, 40, 2, 0, 0.17%, 8, 0, 8, 132.25
1735464176, 12, 20, 40, 2, 0, 0.17%, 8, 0, 8, 139.61
1735464181, 12, 23, 40, 2, 0, 0.17%, 8, 0, 8, 149.41
1735464217, 12, 25, 40, 1, 0, 0.17%, 8, 0, 8, 148.83
1735464222, 13, 10, 40, 1, 0, 0.17%, 8, 0, 8, 138.64
1735464227, 13, 12, 40, 1, 0, 0.17%, 8, 0, 8, 135.32
1735464233, 13, 20, 40, 1, 0, 0.17%, 8, 0, 8, 138.47
1735464238, 13, 25, 40, 1, 0, 0.17%, 8, 0, 8, 151.43
1735464243, 13, 33, 40, 1, 0, 0.17%, 8, 0, 8, 173.27
1735464258, 13, 37, 40, 1, 0, 0.17%, 8, 0, 8, 238.61
1735464402, 14, 20, 40, 0, 0, 0.17%, 8, 0, 8, 135.08
1735464407, 14, 25, 40, 0, 0, 0.17%, 8, 0, 8, 144.67
1735464413, 15, 11, 40, 0, 0, 0.17%, 8, 0, 8, 147.31
1735464418, 15, 20, 40, 0, 0, 0.17%, 8, 0, 8, 146.55
1735464423, 15, 25, 40, 0, 0, 0.17%, 8, 0, 8, 141.29
1735464428, 16, 11, 40, 0, 0, 0.17%, 8, 0, 8, 137.73
1735464433, 16, 20, 40, 0, 0, 0.17%, 8, 0, 8, 141.91
1735464438, 16, 25, 40, 0, 0, 0.17%, 8, 0, 8, 136.36
1735464443, 16, 37, 40, 0, 0, 0.17%, 8, 0, 8, 157.65
1735464459, 17, 12, 40, 0, 0, 0.17%, 8, 0, 8, 134.54
1735464464, 17, 16, 40, 0, 0, 0.17%, 8, 0, 8, 139.55
1735464469, 17, 20, 40, 0, 0, 0.17%, 8, 0, 8, 147.60
1735464474, 17, 26, 40, 0, 0, 0.17%, 8, 0, 8, 147.73
1735464485, 17, 30, 40, 0, 0, 0.17%, 8, 0, 8, 145.46
1735464495, 17, 33, 40, 0, 0, 0.17%, 8, 0, 8, 145.62
1735464510, 18, 6, 40, 0, 0, 0.17%, 8, 0, 8, 138.84
1735464515, 18, 12, 40, 0, 0, 0.17%, 8, 0, 8, 141.06
1735464520, 18, 18, 40, 0, 0, 0.17%, 8, 0, 8, 138.21
1735464525, 18, 20, 40, 0, 0, 0.17%, 8, 0, 8, 130.93
1735464531, 18, 25, 40, 0, 0, 0.17%, 8, 0, 8, 141.60
1735464536, 19, 12, 40, 0, 0, 0.17%, 8, 0, 8, 142.75
1735464541, 19, 20, 40, 0, 0, 0.17%, 8, 0, 8, 136.37
1735464546, 19, 22, 40, 0, 0, 0.17%, 8, 0, 8, 144.12
1735464551, 19, 23, 40, 0, 0, 0.17%, 8, 0, 8, 150.64
1735464562, 19, 25, 40, 0, 0, 0.17%, 8, 0, 8, 144.01
1735464567, 19, 39, 40, 0, 0, 0.17%, 8, 0, 8, 148.19
1735464582, 20, 11, 40, 0, 0, 0.17%, 8, 0, 8, 142.81
1735464587, 20, 20, 40, 0, 0, 0.17%, 8, 0, 8, 136.49
1735464593, 20, 25, 40, 0, 0, 0.17%, 8, 0, 8, 139.93
1735464598, 20, 35, 40, 0, 0, 0.17%, 8, 0, 8, 160.17
1735464618, 21, 10, 40, 0, 0, 0.17%, 8, 0, 8, 156.59
1735464623, 21, 12, 40, 0, 0, 0.17%, 8, 0, 8, 142.51
1735464628, 21, 20, 40, 0, 0, 0.17%, 8, 0, 8, 139.01
1735464633, 21, 25, 40, 0, 0, 0.17%, 8, 0, 8, 139.05
1735464638, 22, 11, 40, 0, 0, 0.17%, 8, 0, 8, 136.05
1735464644, 22, 20, 40, 0, 0, 0.17%, 8, 0, 8, 143.84
1735464649, 22, 25, 40, 0, 0, 0.17%, 8, 0, 8, 141.29
1735464654, 22, 28, 40, 0, 0, 0.17%, 8, 0, 8, 153.53
1735464664, 23, 12, 40, 0, 0, 0.17%, 8, 0, 8, 141.74
1735464669, 23, 20, 40, 0, 0, 0.17%, 8, 0, 8, 136.78
1735464674, 23, 25, 40, 0, 0, 0.17%, 8, 0, 8, 138.43
1735464679, 23, 32, 40, 0, 0, 0.17%, 8, 0, 8, 147.77
1735464690, 24, 12, 40, 0, 0, 0.17%, 8, 0, 8, 141.74
1735464695, 24, 20, 40, 0, 0, 0.17%, 8, 0, 8, 148.58
1735464700, 24, 25, 40, 0, 0, 0.17%, 8, 0, 8, 146.19
1735464705, 25, 12, 40, 0, 0, 0.17%, 8, 0, 8, 142.71
1735464710, 25, 20, 40, 0, 0, 0.17%, 8, 0, 8, 140.68
1735464716, 25, 22, 40, 0, 0, 0.17%, 8, 0, 8, 145.04
1735464721, 25, 24, 40, 0, 0, 0.17%, 8, 0, 8, 149.27
1735464731, 25, 25, 40, 0, 0, 0.17%, 8, 0, 8, 143.56
1735464736, 26, 11, 40, 0, 0, 0.17%, 8, 0, 8, 139.28
1735464741, 26, 14, 40, 0, 0, 0.17%, 8, 0, 8, 138.84
1735464746, 26, 20, 40, 0, 0, 0.17%, 8, 0, 8, 137.27
1735464751, 26, 21, 40, 0, 0, 0.17%, 8, 0, 8, 146.42
1735464767, 26, 25, 40, 0, 0, 0.17%, 8, 0, 8, 141.08
1735464772, 26, 31, 40, 0, 0, 0.17%, 8, 0, 8, 151.49
1735464782, 27, 12, 40, 0, 0, 0.17%, 8, 0, 8, 143.16
1735464788, 27, 14, 40, 0, 0, 0.17%, 8, 0, 8, 130.28
1735464793, 27, 20, 40, 0, 0, 0.17%, 8, 0, 8, 139.09
1735464798, 27, 25, 40, 0, 0, 0.17%, 8, 0, 8, 145.94
1735464803, 28, 12, 40, 0, 0, 0.17%, 8, 0, 8, 138.24
1735464808, 28, 13, 40, 0, 0, 0.17%, 8, 0, 8, 145.55
1735464813, 28, 20, 40, 0, 0, 0.17%, 8, 0, 8, 144.52
1735464819, 28, 25, 40, 0, 0, 0.17%, 8, 0, 8, 145.64
1735464824, 28, 29, 40, 0, 0, 0.17%, 8, 0, 8, 149.76
1735464829, 29, 11, 40, 0, 0, 0.17%, 8, 0, 8, 139.19
1735464834, 29, 20, 40, 0, 0, 0.17%, 8, 0, 8, 138.68
1735464839, 29, 23, 40, 0, 0, 0.17%, 8, 0, 8, 144.77
1735464844, 29, 25, 40, 0, 0, 0.17%, 8, 0, 8, 143.64
1735464850, 29, 28, 40, 0, 0, 0.17%, 8, 0, 8, 152.30
1735464855, 29, 29, 40, 0, 0, 0.17%, 8, 0, 8, 148.21
1735464860, 29, 34, 40, 0, 0, 0.17%, 8, 0, 8, 157.98
1735464880, 30, 11, 40, 0, 0, 0.17%, 8, 0, 8, 142.17
1735464885, 30, 20, 40, 0, 0, 0.17%, 8, 0, 8, 135.57
1735464891, 30, 25, 40, 0, 0, 0.17%, 8, 0, 8, 142.43
1735464896, 30, 31, 40, 0, 0, 0.17%, 8, 0, 8, 143.97
1735464901, 30, 36, 40, 0, 0, 0.17%, 8, 0, 8, 141.02
1735464927, 31, 11, 40, 0, 0, 0.17%, 8, 0, 8, 143.02
1735464932, 31, 20, 40, 0, 0, 0.17%, 8, 0, 8, 140.39
1735464937, 31, 25, 40, 0, 0, 0.17%, 8, 0, 8, 142.98
1735464942, 32, 8, 40, 0, 0, 0.17%, 8, 0, 8, 148.16
1735464947, 32, 12, 40, 0, 0, 0.17%, 8, 0, 8, 139.19
1735464952, 32, 19, 40, 0, 0, 0.17%, 8, 0, 8, 140.87
1735464963, 32, 20, 40, 0, 0, 0.17%, 8, 0, 8, 138.87
1735464968, 32, 24, 40, 0, 0, 0.17%, 8, 0, 8, 148.68
1735464973, 32, 25, 40, 0, 0, 0.17%, 8, 0, 8, 152.45
1735464978, 32, 34, 40, 0, 0, 0.17%, 8, 0, 8, 173.71
1735464998, 32, 37, 40, 0, 0, 0.17%, 8, 0, 8, 157.82
1735465014, 33, 11, 40, 0, 0, 0.17%, 8, 0, 8, 148.37
1735465019, 33, 20, 40, 0, 0, 0.17%, 8, 0, 8, 138.24
1735465024, 33, 25, 40, 0, 0, 0.17%, 8, 0, 8, 132.54
1735465034, 34, 18, 40, 0, 0, 0.17%, 8, 0, 8, 137.80
1735465039, 34, 20, 40, 0, 0, 0.17%, 8, 0, 8, 143.29
1735465044, 34, 25, 40, 0, 0, 0.17%, 8, 0, 8, 145.07
1735465050, 34, 30, 40, 0, 0, 0.17%, 8, 0, 8, 143.69
1735465055, 35, 3, 40, 0, 0, 0.17%, 8, 0, 8, 145.47
1735465060, 35, 12, 40, 0, 0, 0.17%, 8, 0, 8, 146.26
1735465065, 35, 15, 40, 0, 0, 0.17%, 8, 0, 8, 147.16
1735465075, 35, 19, 40, 0, 0, 0.17%, 8, 0, 8, 139.92
1735465080, 35, 25, 40, 0, 0, 0.17%, 8, 0, 8, 151.55
1735465085, 35, 37, 40, 0, 0, 0.17%, 8, 0, 8, 156.72
1735465101, 36, 2, 40, 0, 0, 0.17%, 8, 0, 8, 145.95
1735465106, 36, 12, 40, 0, 0, 0.17%, 8, 0, 8, 143.87
1735465111, 36, 20, 40, 0, 0, 0.17%, 8, 0, 8, 138.62
1735465116, 36, 21, 40, 0, 0, 0.17%, 8, 0, 8, 138.52
1735465121, 36, 25, 40, 0, 0, 0.17%, 8, 0, 8, 144.33
1735465126, 36, 35, 40, 0, 0, 0.17%, 8, 0, 8, 164.83
1735465147, 37, 11, 40, 0, 0, 0.17%, 8, 0, 8, 138.94
1735465152, 37, 20, 40, 0, 0, 0.17%, 8, 0, 8, 139.34
1735465157, 37, 25, 40, 0, 0, 0.17%, 8, 0, 8, 145.37
1735465162, 37, 34, 40, 0, 0, 0.17%, 8, 0, 8, 153.01
1735465183, 38, 3, 40, 0, 0, 0.17%, 8, 0, 8, 157.34
1735465188, 38, 12, 40, 0, 0, 0.17%, 8, 0, 8, 138.73
1735465193, 38, 20, 40, 0, 0, 0.17%, 8, 0, 8, 140.44
1735465198, 38, 25, 40, 0, 0, 0.17%, 8, 0, 8, 140.28
1735465203, 39, 12, 40, 0, 0, 0.17%, 8, 0, 8, 134.81
1735465208, 39, 18, 40, 0, 0, 0.17%, 8, 0, 8, 136.55
1735465213, 39, 20, 40, 0, 0, 0.17%, 8, 0, 8, 144.27
1735465219, 39, 25, 40, 0, 0, 0.17%, 8, 0, 8, 146.97
1735465224, 39, 34, 40, 0, 0, 0.17%, 8, 0, 8, 159.17
1735465234, 40, 12, 40, 0, 0, 0.17%, 8, 0, 8, 137.75
1735465239, 40, 17, 40, 0, 0, 0.17%, 8, 0, 8, 137.28
1735465249, 40, 20, 40, 0, 0, 0.17%, 8, 0, 8, 142.07
1735465254, 40, 25, 40, 0, 0, 0.17%, 8, 0, 8, 150.76
1735465260, 41, 17, 40, 0, 0, 0.17%, 8, 0, 8, 142.20
1735465265, 41, 20, 40, 0, 0, 0.17%, 8, 0, 8, 139.22
1735465270, 41, 25, 40, 0, 0, 0.17%, 8, 0, 8, 147.29
1735465275, 42, 11, 40, 0, 0, 0.17%, 8, 0, 8, 140.52
1735465280, 42, 17, 40, 0, 0, 0.17%, 8, 0, 8, 133.89
1735465285, 42, 20, 40, 0, 0, 0.17%, 8, 0, 8, 139.05
1735465290, 42, 25, 40, 0, 0, 0.17%, 8, 0, 8, 141.53
1735465296, 43, 11, 40, 0, 0, 0.17%, 8, 0, 8, 139.40
1735465301, 43, 17, 40, 0, 0, 0.17%, 8, 0, 8, 138.76
1735465306, 43, 20, 40, 0, 0, 0.17%, 8, 0, 8, 140.44
1735465311, 43, 25, 40, 0, 0, 0.17%, 8, 0, 8, 140.79
1735465316, 43, 32, 40, 0, 0, 0.17%, 8, 0, 8, 143.35
1735465321, 44, 11, 40, 0, 0, 0.17%, 8, 0, 8, 135.57
1735465327, 44, 20, 40, 0, 0, 0.17%, 8, 0, 8, 142.16
1735465332, 44, 25, 40, 0, 0, 0.17%, 8, 0, 8, 144.42
1735465337, 44, 33, 40, 0, 0, 0.17%, 8, 0, 8, 161.46
1735465342, 45, 11, 40, 0, 0, 0.17%, 8, 0, 8, 146.64
1735465347, 45, 20, 40, 0, 0, 0.17%, 8, 0, 8, 142.71
1735465352, 45, 25, 40, 0, 0, 0.17%, 8, 0, 8, 143.47
1735465357, 46, 11, 40, 0, 0, 0.17%, 8, 0, 8, 145.14
1735465363, 46, 20, 40, 0, 0, 0.17%, 8, 0, 8, 139.88
1735465368, 46, 25, 40, 0, 0, 0.17%, 8, 0, 8, 141.98
1735465373, 46, 37, 40, 0, 0, 0.17%, 8, 0, 8, 154.12
1735465378, 47, 11, 40, 0, 0, 0.17%, 8, 0, 8, 138.53
1735465383, 47, 20, 40, 0, 0, 0.17%, 8, 0, 8, 142.59
1735465388, 47, 25, 40, 0, 0, 0.17%, 8, 0, 8, 148.35
1735465393, 48, 5, 40, 0, 0, 0.17%, 8, 0, 8, 140.28
1735465398, 48, 12, 40, 0, 0, 0.17%, 8, 0, 8, 137.48
1735465403, 48, 20, 40, 0, 0, 0.17%, 8, 0, 8, 143.26
1735465408, 48, 22, 40, 0, 0, 0.17%, 8, 0, 8, 148.86
1735465413, 48, 25, 40, 0, 0, 0.17%, 8, 0, 8, 140.80
1735465418, 49, 12, 40, 0, 0, 0.17%, 8, 0, 8, 136.10
1735465423, 49, 20, 40, 0, 0, 0.17%, 8, 0, 8, 143.27
1735465429, 49, 25, 40, 0, 0, 0.17%, 8, 0, 8, 149.13
1735465434, 49, 30, 40, 0, 0, 0.17%, 8, 0, 8, 150.51
1735465439, 49, 39, 40, 0, 0, 0.17%, 8, 0, 8, 165.76
1735465454, 50, 11, 40, 0, 0, 0.17%, 8, 0, 8, 144.03
1735465459, 50, 20, 40, 0, 0, 0.17%, 8, 0, 8, 144.27
1735465465, 50, 25, 40, 0, 0, 0.17%, 8, 0, 8, 143.50
1735465470, 51, 11, 40, 0, 0, 0.17%, 8, 0, 8, 138.76
1735465475, 51, 20, 40, 0, 0, 0.17%, 8, 0, 8, 143.78
1735465480, 51, 25, 40, 0, 0, 0.17%, 8, 0, 8, 144.87
1735465485, 51, 37, 40, 0, 0, 0.17%, 8, 0, 8, 153.68
1735465490, 52, 1, 40, 0, 0, 0.17%, 8, 0, 8, 139.14
1735465495, 52, 11, 40, 0, 0, 0.17%, 8, 0, 8, 139.88
1735465501, 52, 20, 40, 0, 0, 0.17%, 8, 0, 8, 139.44
1735465506, 52, 25, 40, 0, 0, 0.17%, 8, 0, 8, 139.92
1735465511, 52, 26, 40, 0, 0, 0.17%, 8, 0, 8, 141.12
1735465521, 53, 11, 40, 0, 0, 0.17%, 8, 0, 8, 137.49
1735465526, 53, 20, 40, 0, 0, 0.17%, 8, 0, 8, 144.09
1735465531, 53, 25, 40, 0, 0, 0.17%, 8, 0, 8, 141.65
1735465537, 54, 12, 40, 0, 0, 0.17%, 8, 0, 8, 142.71
1735465542, 54, 20, 40, 0, 0, 0.17%, 8, 0, 8, 142.90
1735465547, 54, 25, 40, 0, 0, 0.17%, 8, 0, 8, 149.65
1735465552, 55, 12, 40, 0, 0, 0.17%, 8, 0, 8, 142.44
1735465557, 55, 25, 40, 0, 0, 0.17%, 8, 0, 8, 146.02
1735465562, 55, 28, 40, 0, 0, 0.17%, 8, 0, 8, 145.01
1735465568, 55, 31, 40, 0, 0, 0.17%, 8, 0, 8, 151.57
1735465573, 55, 33, 40, 0, 0, 0.17%, 8, 0, 8, 144.67
1735465583, 55, 34, 40, 0, 0, 0.17%, 8, 0, 8, 166.86
1735465593, 56, 12, 40, 0, 0, 0.17%, 8, 0, 8, 140.43
1735465599, 56, 20, 40, 0, 0, 0.17%, 8, 0, 8, 143.44
1735465604, 56, 25, 40, 0, 0, 0.17%, 8, 0, 8, 144.72
1735465609, 57, 12, 40, 0, 0, 0.17%, 8, 0, 8, 140.50
1735465614, 57, 20, 40, 0, 0, 0.17%, 8, 0, 8, 138.40
1735465619, 57, 25, 40, 0, 0, 0.17%, 8, 0, 8, 137.57
1735465624, 58, 12, 40, 0, 0, 0.17%, 8, 0, 8, 134.03
1735465629, 58, 20, 40, 0, 0, 0.17%, 8, 0, 8, 140.53
1735465635, 58, 25, 40, 0, 0, 0.17%, 8, 0, 8, 149.43
1735465640, 58, 27, 40, 0, 0, 0.17%, 8, 0, 8, 147.78
1735465645, 58, 28, 40, 0, 0, 0.17%, 8, 0, 8, 145.49
1735465650, 58, 37, 40, 0, 0, 0.17%, 8, 0, 8, 141.55
1735465655, 59, 11, 40, 0, 0, 0.17%, 8, 0, 8, 135.78
1735465660, 59, 20, 40, 0, 0, 0.17%, 8, 0, 8, 145.83
1735465665, 59, 25, 40, 0, 0, 0.17%, 8, 0, 8, 136.62
1735465670, 59, 33, 40, 0, 0, 0.17%, 8, 0, 8, 157.12
1735465675, 60, 7, 40, 0, 0, 0.17%, 8, 0, 8, 145.28
1735465681, 60, 11, 40, 0, 0, 0.17%, 8, 0, 8, 142.06
1735465686, 60, 20, 40, 0, 0, 0.17%, 8, 0, 8, 142.51
1735465691, 60, 25, 40, 0, 0, 0.17%, 8, 0, 8, 147.07
1735465696, 61, 11, 40, 0, 0, 0.17%, 8, 0, 8, 138.23
1735465701, 61, 20, 40, 0, 0, 0.17%, 8, 0, 8, 136.61
1735465706, 61, 25, 40, 0, 0, 0.17%, 8, 0, 8, 141.51
1735465712, 61, 31, 40, 0, 0, 0.17%, 8, 0, 8, 153.90
1735465717, 61, 39, 40, 0, 0, 0.17%, 8, 0, 8, 150.00
1735465732, 62, 11, 40, 0, 0, 0.17%, 8, 0, 8, 138.84
1735465737, 62, 16, 40, 0, 0, 0.17%, 8, 0, 8, 142.31
1735465742, 62, 20, 40, 0, 0, 0.17%, 8, 0, 8, 141.29
1735465747, 62, 25, 40, 0, 0, 0.17%, 8, 0, 8, 142.00
1735465752, 63, 12, 40, 0, 0, 0.17%, 8, 0, 8, 138.50
1735465757, 63, 20, 40, 0, 0, 0.17%, 8, 0, 8, 138.73
1735465763, 63, 25, 40, 0, 0, 0.17%, 8, 0, 8, 149.38
1735465768, 64, 4, 40, 0, 0, 0.17%, 8, 0, 8, 144.04
1735465773, 64, 12, 40, 0, 0, 0.17%, 8, 0, 8, 141.11
1735465778, 64, 14, 40, 0, 0, 0.17%, 8, 0, 8, 136.95
1735465783, 64, 20, 40, 0, 0, 0.17%, 8, 0, 8, 153.91
1735465788, 64, 30, 40, 0, 0, 0.17%, 8, 0, 8, 145.90
1735465793, 64, 35, 40, 0, 0, 0.17%, 8, 0, 8, 152.79
1735465819, 65, 12, 40, 0, 0, 0.17%, 8, 0, 8, 142.32
1735465824, 65, 18, 40, 0, 0, 0.17%, 8, 0, 8, 135.01
1735465829, 65, 20, 40, 0, 0, 0.17%, 8, 0, 8, 144.39
1735465834, 65, 37, 40, 0, 0, 0.17%, 8, 0, 8, 150.18
1735465844, 66, 11, 40, 0, 0, 0.17%, 8, 0, 8, 141.27
1735465849, 66, 20, 40, 0, 0, 0.17%, 8, 0, 8, 144.91
1735465855, 66, 25, 40, 0, 0, 0.17%, 8, 0, 8, 151.29
1735465860, 66, 28, 40, 0, 0, 0.17%, 8, 0, 8, 145.17
1735465865, 67, 12, 40, 0, 0, 0.17%, 8, 0, 8, 134.89
1735465870, 67, 20, 40, 0, 0, 0.17%, 8, 0, 8, 142.69
1735465875, 67, 25, 40, 0, 0, 0.17%, 8, 0, 8, 133.85
1735465880, 68, 7, 40, 0, 0, 0.17%, 8, 0, 8, 138.16
1735465885, 68, 12, 40, 0, 0, 0.17%, 8, 0, 8, 139.00
1735465891, 68, 20, 40, 0, 0, 0.17%, 8, 0, 8, 137.33
1735465896, 68, 25, 40, 0, 0, 0.17%, 8, 0, 8, 144.30
1735465901, 68, 34, 40, 0, 0, 0.17%, 8, 0, 8, 159.14
1735465911, 69, 12, 40, 0, 0, 0.17%, 8, 0, 8, 143.51
1735465916, 69, 20, 40, 0, 0, 0.17%, 8, 0, 8, 139.10
1735465921, 69, 25, 40, 0, 0, 0.17%, 8, 0, 8, 135.45
1735465926, 70, 11, 40, 0, 0, 0.17%, 8, 0, 8, 137.66
1735465931, 70, 17, 40, 0, 0, 0.17%, 8, 0, 8, 139.35
1735465937, 70, 20, 40, 0, 0, 0.17%, 8, 0, 8, 137.80
1735465942, 70, 25, 40, 0, 0, 0.17%, 8, 0, 8, 141.74
1735465947, 70, 32, 40, 0, 0, 0.17%, 8, 0, 8, 160.18
1735465952, 70, 37, 40, 0, 0, 0.17%, 8, 0, 8, 159.17
1735465962, 71, 20, 40, 0, 0, 0.17%, 8, 0, 8, 141.24
1735465967, 71, 25, 40, 0, 0, 0.17%, 8, 0, 8, 146.11
1735465972, 72, 11, 40, 0, 0, 0.17%, 8, 0, 8, 142.34
1735465978, 72, 19, 40, 0, 0, 0.17%, 8, 0, 8, 144.76
1735465983, 72, 20, 40, 0, 0, 0.17%, 8, 0, 8, 146.83
1735465988, 72, 25, 40, 0, 0, 0.17%, 8, 0, 8, 142.51
1735465993, 72, 30, 40, 0, 0, 0.17%, 8, 0, 8, 147.48
1735465998, 72, 34, 40, 0, 0, 0.17%, 8, 0, 8, 161.91
1735466008, 73, 6, 40, 0, 0, 0.17%, 8, 0, 8, 156.39
1735466013, 73, 20, 40, 0, 0, 0.17%, 8, 0, 8, 145.13
1735466018, 73, 25, 40, 0, 0, 0.17%, 8, 0, 8, 137.88
1735466024, 74, 11, 40, 0, 0, 0.17%, 8, 0, 8, 144.27
1735466029, 74, 18, 40, 0, 0, 0.17%, 8, 0, 8, 140.78
1735466034, 74, 20, 40, 0, 0, 0.17%, 8, 0, 8, 138.08
1735466039, 74, 25, 40, 0, 0, 0.17%, 8, 0, 8, 148.54
1735466044, 74, 29, 40, 0, 0, 0.17%, 8, 0, 8, 152.31
1735466049, 74, 34, 40, 0, 0, 0.17%, 8, 0, 8, 156.78
1735466060, 75, 11, 40, 0, 0, 0.17%, 8, 0, 8, 146.39
1735466065, 75, 20, 40, 0, 0, 0.17%, 8, 0, 8, 142.33
1735466070, 75, 25, 40, 0, 0, 0.17%, 8, 0, 8, 148.38
1735466075, 76, 12, 40, 0, 0, 0.17%, 8, 0, 8, 140.86
1735466080, 76, 13, 40, 0, 0, 0.17%, 8, 0, 8, 140.18
1735466085, 76, 19, 40, 0, 0, 0.17%, 8, 0, 8, 141.86
1735466090, 76, 20, 40, 0, 0, 0.17%, 8, 0, 8, 140.34
1735466096, 76, 25, 40, 0, 0, 0.17%, 8, 0, 8, 145.28
1735466101, 77, 12, 40, 0, 0, 0.17%, 8, 0, 8, 140.75
1735466106, 77, 20, 40, 0, 0, 0.17%, 8, 0, 8, 136.53
1735466111, 77, 25, 40, 0, 0, 0.17%, 8, 0, 8, 142.13
1735466116, 77, 29, 40, 0, 0, 0.17%, 8, 0, 8, 146.63
1735466121, 77, 33, 40, 0, 0, 0.17%, 8, 0, 8, 157.20
1735466126, 78, 11, 40, 0, 0, 0.17%, 8, 0, 8, 136.58
1735466132, 78, 20, 40, 0, 0, 0.17%, 8, 0, 8, 138.60
1735466137, 78, 22, 40, 0, 0, 0.17%, 8, 0, 8, 136.23
1735466142, 78, 25, 40, 0, 0, 0.17%, 8, 0, 8, 143.45
1735466147, 78, 27, 40, 0, 0, 0.17%, 8, 0, 8, 154.02
1735466152, 78, 36, 40, 0, 0, 0.17%, 8, 0, 8, 149.07
1735466178, 79, 20, 40, 0, 0, 0.17%, 8, 0, 8, 139.78
1735466183, 79, 25, 40, 0, 0, 0.17%, 8, 0, 8, 145.22
1735466188, 79, 30, 40, 0, 0, 0.17%, 8, 0, 8, 150.94
1735466193, 80, 11, 40, 0, 0, 0.17%, 8, 0, 8, 143.85
1735466198, 80, 19, 40, 0, 0, 0.17%, 8, 0, 8, 138.71
1735466203, 80, 20, 40, 0, 0, 0.17%, 8, 0, 8, 139.13
1735466209, 80, 25, 40, 0, 0, 0.17%, 8, 0, 8, 144.74
1735466214, 81, 11, 40, 0, 0, 0.17%, 8, 0, 8, 137.31
1735466219, 81, 20, 40, 0, 0, 0.17%, 8, 0, 8, 141.64
1735466224, 81, 25, 40, 0, 0, 0.17%, 8, 0, 8, 147.73
1735466229, 81, 39, 40, 0, 0, 0.17%, 8, 0, 8, 160.79
1735466234, 82, 11, 40, 0, 0, 0.17%, 8, 0, 8, 140.24
1735466240, 82, 16, 40, 0, 0, 0.17%, 8, 0, 8, 138.77
1735466245, 82, 20, 40, 0, 0, 0.17%, 8, 0, 8, 144.66
1735466250, 82, 21, 40, 0, 0, 0.17%, 8, 0, 8, 143.30
1735466260, 82, 25, 40, 0, 0, 0.17%, 8, 0, 8, 143.72
1735466265, 83, 12, 40, 0, 0, 0.17%, 8, 0, 8, 134.34
1735466271, 83, 16, 40, 0, 0, 0.17%, 8, 0, 8, 140.23
1735466276, 83, 20, 40, 0, 0, 0.17%, 8, 0, 8, 140.25
1735466281, 83, 21, 40, 0, 0, 0.17%, 8, 0, 8, 152.51
1735466286, 83, 25, 40, 0, 0, 0.17%, 8, 0, 8, 147.42
1735466291, 84, 12, 40, 0, 0, 0.17%, 8, 0, 8, 137.47
1735466296, 84, 20, 40, 0, 0, 0.17%, 8, 0, 8, 140.15
1735466301, 84, 25, 40, 0, 0, 0.17%, 8, 0, 8, 138.37
1735466307, 85, 12, 40, 0, 0, 0.17%, 8, 0, 8, 138.93
1735466312, 85, 20, 40, 0, 0, 0.17%, 8, 0, 8, 148.73
1735466317, 85, 25, 40, 0, 0, 0.17%, 8, 0, 8, 142.68
1735466322, 85, 29, 40, 0, 0, 0.17%, 8, 0, 8, 148.44
1735466327, 86, 20, 40, 0, 0, 0.17%, 8, 0, 8, 139.52
1735466332, 86, 25, 40, 0, 0, 0.17%, 8, 0, 8, 142.00
1735466337, 86, 38, 40, 0, 0, 0.17%, 8, 0, 8, 157.60
1735466353, 87, 9, 40, 0, 0, 0.17%, 8, 0, 8, 144.06
1735466358, 87, 12, 40, 0, 0, 0.17%, 8, 0, 8, 138.38
1735466363, 87, 14, 40, 0, 0, 0.17%, 8, 0, 8, 134.60
1735466368, 87, 20, 40, 0, 0, 0.17%, 8, 0, 8, 138.71
1735466373, 87, 25, 40, 0, 0, 0.17%, 8, 0, 8, 142.68
1735466378, 87, 31, 40, 0, 0, 0.17%, 8, 0, 8, 147.77
1735466383, 88, 11, 40, 0, 0, 0.17%, 8, 0, 8, 142.60
1735466388, 88, 20, 40, 0, 0, 0.17%, 8, 0, 8, 143.45
1735466394, 88, 24, 40, 0, 0, 0.17%, 8, 0, 8, 145.70
1735466399, 88, 25, 40, 0, 0, 0.17%, 8, 0, 8, 142.85
1735466404, 88, 28, 40, 0, 0, 0.17%, 8, 0, 8, 147.39
1735466409, 89, 11, 40, 0, 0, 0.17%, 8, 0, 8, 138.87
1735466414, 89, 20, 40, 0, 0, 0.17%, 8, 0, 8, 149.43
1735466419, 89, 25, 40, 0, 0, 0.17%, 8, 0, 8, 139.43
1735466424, 90, 11, 40, 0, 0, 0.17%, 8, 0, 8, 136.53
1735466429, 90, 15, 40, 0, 0, 0.17%, 8, 0, 8, 148.85
1735466435, 90, 16, 40, 0, 0, 0.17%, 8, 0, 8, 140.87
1735466440, 90, 20, 40, 0, 0, 0.17%, 8, 0, 8, 142.31
1735466445, 90, 25, 40, 0, 0, 0.17%, 8, 0, 8, 139.54
1735466450, 90, 29, 40, 0, 0, 0.17%, 8, 0, 8, 142.44
1735466455, 91, 11, 40, 0, 0, 0.17%, 8, 0, 8, 141.30
1735466461, 91, 20, 40, 0, 0, 0.17%, 8, 0, 8, 144.55
1735466466, 91, 21, 40, 0, 0, 0.17%, 8, 0, 8, 141.45
1735466476, 91, 22, 40, 0, 0, 0.17%, 8, 0, 8, 144.07
1735466481, 92, 11, 40, 0, 0, 0.17%, 8, 0, 8, 138.03
1735466486, 92, 20, 40, 0, 0, 0.17%, 8, 0, 8, 136.64
1735466492, 92, 25, 40, 0, 0, 0.17%, 8, 0, 8, 148.49
1735466497, 92, 33, 40, 0, 0, 0.17%, 8, 0, 8, 148.91
1735466507, 93, 12, 40, 0, 0, 0.17%, 8, 0, 8, 138.26
1735466512, 93, 20, 40, 0, 0, 0.17%, 8, 0, 8, 141.35
1735466517, 93, 25, 40, 0, 0, 0.17%, 8, 0, 8, 144.66
1735466522, 94, 12, 40, 0, 0, 0.17%, 8, 0, 8, 135.10
1735466527, 94, 25, 40, 0, 0, 0.17%, 8, 0, 8, 147.21
1735466533, 95, 11, 40, 0, 0, 0.17%, 8, 0, 8, 147.79
1735466538, 95, 20, 40, 0, 0, 0.17%, 8, 0, 8, 143.44
1735466543, 95, 25, 40, 0, 0, 0.17%, 8, 0, 8, 143.28
1735466548, 96, 5, 40, 0, 0, 0.17%, 8, 0, 8, 151.54
1735466553, 96, 20, 40, 0, 0, 0.17%, 8, 0, 8, 140.70
1735466559, 96, 25, 40, 0, 0, 0.17%, 8, 0, 8, 143.62
1735466564, 97, 0, 40, 0, 0, 0.17%, 8, 0, 8, 149.01
1735466569, 97, 4, 40, 0, 0, 0.17%, 8, 0, 8, 141.42
1735466574, 97, 20, 40, 0, 0, 0.17%, 8, 0, 8, 137.88
1735466579, 97, 25, 40, 0, 0, 0.17%, 8, 0, 8, 145.57
1735466589, 97, 37, 40, 0, 0, 0.17%, 8, 0, 8, 149.85
1735466594, 98, 12, 40, 0, 0, 0.17%, 8, 0, 8, 145.74
1735466600, 98, 20, 40, 0, 0, 0.17%, 8, 0, 8, 136.44
1735466605, 98, 25, 40, 0, 0, 0.17%, 8, 0, 8, 142.01
1735466610, 99, 12, 40, 0, 0, 0.17%, 8, 0, 8, 142.10
1735466615, 99, 13, 40, 0, 0, 0.17%, 8, 0, 8, 139.12
1735466620, 99, 20, 40, 0, 0, 0.17%, 8, 0, 8, 138.94
1735466625, 99, 24, 40, 0, 0, 0.17%, 8, 0, 8, 147.13
1735466631, 99, 25, 40, 0, 0, 0.17%, 8, 0, 8, 136.59
1735466636, 99, 30, 40, 0, 0, 0.17%, 8, 0, 8, 138.66
1735466641, 100, 12, 40, 0, 0, 0.17%, 8, 0, 8, 141.01
1735466646, 100, 14, 40, 0, 0, 0.17%, 8, 0, 8, 141.19
1735466651, 100, 15, 40, 0, 0, 0.17%, 8, 0, 8, 143.29
1735466656, 100, 20, 40, 0, 0, 0.17%, 8, 0, 8, 140.57
1735466661, 100, 25, 40, 0, 0, 0.17%, 8, 0, 8, 136.77
1735466666, 101, 5, 40, 0, 0, 0.17%, 8, 0, 8, 144.90
1735466672, 101, 12, 40, 0, 0, 0.17%, 8, 0, 8, 137.33
1735466677, 101, 17, 40, 0, 0, 0.17%, 8, 0, 8, 139.46
1735466682, 101, 20, 40, 0, 0, 0.17%, 8, 0, 8, 143.37
1735466687, 101, 25, 40, 0, 0, 0.17%, 8, 0, 8, 148.19
1735466692, 101, 28, 40, 0, 0, 0.17%, 8, 0, 8, 140.95
1735466697, 101, 30, 40, 0, 0, 0.17%, 8, 0, 8, 136.65
1735466702, 102, 12, 40, 0, 0, 0.17%, 8, 0, 8, 133.64
1735466708, 102, 20, 40, 0, 0, 0.17%, 8, 0, 8, 134.14
1735466713, 102, 25, 40, 0, 0, 0.17%, 8, 0, 8, 143.90
1735466718, 102, 32, 40, 0, 0, 0.17%, 8, 0, 8, 146.96
1735466723, 103, 12, 40, 0, 0, 0.17%, 8, 0, 8, 133.00
1735466728, 103, 20, 40, 0, 0, 0.17%, 8, 0, 8, 134.80
1735466733, 103, 25, 40, 0, 0, 0.17%, 8, 0, 8, 141.33
1735466738, 103, 29, 40, 0, 0, 0.17%, 8, 0, 8, 141.88
1735466744, 104, 10, 40, 0, 0, 0.17%, 8, 0, 8, 140.71
1735466749, 104, 12, 40, 0, 0, 0.17%, 8, 0, 8, 141.73
1735466754, 104, 25, 40, 0, 0, 0.17%, 8, 0, 8, 141.67
1735466759, 105, 2, 40, 0, 0, 0.17%, 8, 0, 8, 143.22
1735466764, 105, 11, 40, 0, 0, 0.17%, 8, 0, 8, 138.13
1735466770, 105, 20, 40, 0, 0, 0.17%, 8, 0, 8, 135.71
1735466775, 105, 25, 40, 0, 0, 0.17%, 8, 0, 8, 139.94
1735466780, 105, 39, 40, 0, 0, 0.17%, 8, 0, 8, 162.14
1735466785, 106, 7, 40, 0, 0, 0.17%, 8, 0, 8, 148.25
1735466790, 106, 11, 40, 0, 0, 0.17%, 8, 0, 8, 142.67
1735466795, 106, 20, 40, 0, 0, 0.17%, 8, 0, 8, 137.71
1735466800, 106, 25, 40, 0, 0, 0.17%, 8, 0, 8, 142.63
1735466806, 106, 28, 40, 0, 0, 0.17%, 8, 0, 8, 148.37
1735466811, 107, 11, 40, 0, 0, 0.17%, 8, 0, 8, 138.34
1735466816, 107, 20, 40, 0, 0, 0.17%, 8, 0, 8, 143.68
1735466821, 107, 25, 40, 0, 0, 0.17%, 8, 0, 8, 147.23
1735466826, 108, 11, 40, 0, 0, 0.17%, 8, 0, 8, 138.30
1735466831, 108, 15, 40, 0, 0, 0.17%, 8, 0, 8, 142.35
1735466837, 108, 20, 40, 0, 0, 0.17%, 8, 0, 8, 146.58
1735466842, 108, 23, 40, 0, 0, 0.17%, 8, 0, 8, 136.44
1735466847, 108, 25, 40, 0, 0, 0.17%, 8, 0, 8, 146.12
1735466852, 108, 27, 40, 0, 0, 0.17%, 8, 0, 8, 150.01
1735466857, 108, 33, 40, 0, 0, 0.17%, 8, 0, 8, 160.35
1735466862, 108, 37, 40, 0, 0, 0.17%, 8, 0, 8, 156.15
1735466872, 109, 12, 40, 0, 0, 0.17%, 8, 0, 8, 141.37
1735466877, 109, 20, 40, 0, 0, 0.17%, 8, 0, 8, 142.17
1735466883, 109, 25, 40, 0, 0, 0.17%, 8, 0, 8, 145.34
1735466888, 110, 12, 40, 0, 0, 0.17%, 8, 0, 8, 135.35
1735466893, 110, 20, 40, 0, 0, 0.17%, 8, 0, 8, 138.28
1735466898, 110, 25, 40, 0, 0, 0.17%, 8, 0, 8, 142.97
1735466903, 110, 34, 40, 0, 0, 0.17%, 8, 0, 8, 151.92
1735466914, 111, 12, 40, 0, 0, 0.17%, 8, 0, 8, 133.07
1735466919, 111, 20, 40, 0, 0, 0.17%, 8, 0, 8, 144.51
1735466924, 111, 25, 40, 0, 0, 0.17%, 8, 0, 8, 146.83
1735466929, 111, 26, 40, 0, 0, 0.17%, 8, 0, 8, 143.88
1735466934, 111, 32, 40, 0, 0, 0.17%, 8, 0, 8, 146.25
1735466939, 112, 12, 40, 0, 0, 0.17%, 8, 0, 8, 137.87
1735466944, 112, 16, 40, 0, 0, 0.17%, 8, 0, 8, 143.74
1735466949, 112, 20, 40, 0, 0, 0.17%, 8, 0, 8, 142.53
1735466955, 112, 25, 40, 0, 0, 0.17%, 8, 0, 8, 141.06
1735466960, 113, 11, 40, 0, 0, 0.17%, 8, 0, 8, 141.12
1735466965, 113, 20, 40, 0, 0, 0.17%, 8, 0, 8, 139.93
1735466970, 113, 24, 40, 0, 0, 0.17%, 8, 0, 8, 146.73
1735466975, 113, 25, 40, 0, 0, 0.17%, 8, 0, 8, 141.55
1735466980, 114, 11, 40, 0, 0, 0.17%, 8, 0, 8, 138.03
1735466985, 114, 18, 40, 0, 0, 0.17%, 8, 0, 8, 137.67
1735466990, 114, 20, 40, 0, 0, 0.17%, 8, 0, 8, 141.40
1735466996, 114, 25, 40, 0, 0, 0.17%, 8, 0, 8, 140.99
1735467001, 114, 31, 40, 0, 0, 0.17%, 8, 0, 8, 147.21
1735467006, 115, 11, 40, 0, 0, 0.17%, 8, 0, 8, 146.82
1735467011, 115, 19, 40, 0, 0, 0.17%, 8, 0, 8, 137.52
1735467016, 115, 20, 40, 0, 0, 0.17%, 8, 0, 8, 149.03
1735467021, 115, 22, 40, 0, 0, 0.17%, 8, 0, 8, 149.71
1735467027, 115, 25, 40, 0, 0, 0.17%, 8, 0, 8, 145.12
1735467032, 115, 38, 40, 0, 0, 0.17%, 8, 0, 8, 161.13
1735467047, 116, 12, 40, 0, 0, 0.17%, 8, 0, 8, 136.25
1735467052, 116, 20, 40, 0, 0, 0.17%, 8, 0, 8, 146.91
1735467057, 116, 25, 40, 0, 0, 0.17%, 8, 0, 8, 144.22
1735467062, 116, 35, 40, 0, 0, 0.17%, 8, 0, 8, 164.73
1735467072, 117, 12, 40, 0, 0, 0.17%, 8, 0, 8, 146.92
1735467077, 117, 15, 40, 0, 0, 0.17%, 8, 0, 8, 147.02
1735467083, 117, 20, 40, 0, 0, 0.17%, 8, 0, 8, 145.21
1735467088, 117, 25, 40, 0, 0, 0.17%, 8, 0, 8, 146.34
1735467093, 118, 11, 40, 0, 0, 0.17%, 8, 0, 8, 136.44
1735467098, 118, 18, 40, 0, 0, 0.17%, 8, 0, 8, 138.97
1735467103, 118, 20, 40, 0, 0, 0.17%, 8, 0, 8, 145.44
1735467108, 118, 23, 40, 0, 0, 0.17%, 8, 0, 8, 147.29
1735467113, 118, 24, 40, 0, 0, 0.17%, 8, 0, 8, 147.26
1735467118, 118, 25, 40, 0, 0, 0.17%, 8, 0, 8, 144.51
1735467124, 118, 30, 40, 0, 0, 0.17%, 8, 0, 8, 145.97
1735467129, 119, 12, 40, 0, 0, 0.17%, 8, 0, 8, 137.58
1735467134, 119, 16, 40, 0, 0, 0.17%, 8, 0, 8, 139.52
1735467139, 119, 20, 40, 0, 0, 0.17%, 8, 0, 8, 145.88
1735467144, 119, 25, 40, 0, 0, 0.17%, 8, 0, 8, 149.94
1735467149, 119, 26, 40, 0, 0, 0.17%, 8, 0, 8, 144.78
1735467154, 120, 12, 40, 0, 0, 0.17%, 8, 0, 8, 133.70
1735467160, 120, 20, 40, 0, 0, 0.17%, 8, 0, 8, 150.38
1735467165, 120, 35, 40, 0, 0, 0.17%, 8, 0, 8, 152.11
1735467180, 120, 37, 40, 0, 0, 0.17%, 8, 0, 8, 148.32
1735467185, 121, 11, 40, 0, 0, 0.17%, 8, 0, 8, 135.86
1735467190, 121, 20, 40, 0, 0, 0.17%, 8, 0, 8, 145.32
1735467195, 121, 25, 40, 0, 0, 0.17%, 8, 0, 8, 146.29
1735467201, 121, 34, 40, 0, 0, 0.17%, 8, 0, 8, 169.26
1735467211, 122, 12, 40, 0, 0, 0.17%, 8, 0, 8, 137.64
1735467216, 122, 20, 40, 0, 0, 0.17%, 8, 0, 8, 140.71
1735467221, 122, 25, 40, 0, 0, 0.17%, 8, 0, 8, 137.54
1735467226, 123, 2, 40, 0, 0, 0.17%, 8, 0, 8, 140.73
1735467231, 123, 12, 40, 0, 0, 0.17%, 8, 0, 8, 140.83
1735467237, 123, 20, 40, 0, 0, 0.17%, 8, 0, 8, 143.19
1735467242, 123, 25, 40, 0, 0, 0.17%, 8, 0, 8, 144.64
1735467247, 124, 20, 40, 0, 0, 0.17%, 8, 0, 8, 141.66
1735467252, 124, 25, 40, 0, 0, 0.17%, 8, 0, 8, 135.49
1735467257, 125, 5, 40, 0, 0, 0.17%, 8, 0, 8, 141.89
1735467262, 125, 11, 40, 0, 0, 0.17%, 8, 0, 8, 140.49
1735467267, 125, 20, 40, 0, 0, 0.17%, 8, 0, 8, 142.38
1735467273, 125, 25, 40, 0, 0, 0.17%, 8, 0, 8, 136.86
1735467278, 126, 11, 40, 0, 0, 0.17%, 8, 0, 8, 138.12
1735467283, 126, 20, 40, 0, 0, 0.17%, 8, 0, 8, 141.29
1735467288, 126, 23, 40, 0, 0, 0.17%, 8, 0, 8, 136.40
1735467293, 126, 25, 40, 0, 0, 0.17%, 8, 0, 8, 148.82
1735467299, 127, 11, 40, 0, 0, 0.17%, 8, 0, 8, 147.16
1735467304, 127, 18, 40, 0, 0, 0.17%, 8, 0, 8, 146.51
1735467309, 127, 20, 40, 0, 0, 0.17%, 8, 0, 8, 137.87
1735467314, 127, 25, 40, 0, 0, 0.17%, 8, 0, 8, 138.13
1735467319, 128, 5, 40, 0, 0, 0.17%, 8, 0, 8, 145.92
1735467324, 128, 17, 40, 0, 0, 0.17%, 8, 0, 8, 143.80
1735467329, 128, 20, 40, 0, 0, 0.17%, 8, 0, 8, 137.27
1735467334, 128, 25, 40, 0, 0, 0.17%, 8, 0, 8, 143.97
1735467340, 129, 11, 40, 0, 0, 0.17%, 8, 0, 8, 142.82
1735467345, 129, 15, 40, 0, 0, 0.17%, 8, 0, 8, 150.32
1735467350, 129, 20, 40, 0, 0, 0.17%, 8, 0, 8, 137.44
1735467355, 129, 25, 40, 0, 0, 0.17%, 8, 0, 8, 144.36
1735467360, 130, 12, 40, 0, 0, 0.17%, 8, 0, 8, 135.07
1735467365, 130, 20, 40, 0, 0, 0.17%, 8, 0, 8, 148.50
1735467370, 130, 23, 40, 0, 0, 0.17%, 8, 0, 8, 140.07
1735467376, 130, 25, 40, 0, 0, 0.17%, 8, 0, 8, 140.20
1735467381, 131, 12, 40, 0, 0, 0.17%, 8, 0, 8, 139.04
1735467386, 131, 20, 40, 0, 0, 0.17%, 8, 0, 8, 136.59
1735467391, 131, 24, 40, 0, 0, 0.17%, 8, 0, 8, 146.33
1735467396, 131, 25, 40, 0, 0, 0.17%, 8, 0, 8, 152.96
1735467401, 132, 12, 40, 0, 0, 0.17%, 8, 0, 8, 136.36
1735467406, 132, 20, 40, 0, 0, 0.17%, 8, 0, 8, 138.49
1735467411, 132, 25, 40, 0, 0, 0.17%, 8, 0, 8, 148.98
1735467417, 132, 35, 40, 0, 0, 0.17%, 8, 0, 8, 164.73
1735467427, 133, 12, 40, 0, 0, 0.17%, 8, 0, 8, 135.09
1735467432, 133, 16, 40, 0, 0, 0.17%, 8, 0, 8, 140.00
1735467437, 133, 20, 40, 0, 0, 0.17%, 8, 0, 8, 137.83
1735467442, 133, 25, 40, 0, 0, 0.17%, 8, 0, 8, 135.48
1735467447, 134, 12, 40, 0, 0, 0.17%, 8, 0, 8, 131.38
1735467453, 134, 19, 40, 0, 0, 0.17%, 8, 0, 8, 142.97
1735467458, 134, 20, 40, 0, 0, 0.17%, 8, 0, 8, 142.91
1735467463, 134, 25, 40, 0, 0, 0.17%, 8, 0, 8, 142.50
1735467468, 135, 2, 40, 0, 0, 0.17%, 8, 0, 8, 152.61
1735467473, 135, 12, 40, 0, 0, 0.17%, 8, 0, 8, 136.14
1735467478, 135, 20, 40, 0, 0, 0.17%, 8, 0, 8, 146.22
1735467483, 135, 25, 40, 0, 0, 0.17%, 8, 0, 8, 138.49
1735467489, 135, 38, 40, 0, 0, 0.17%, 8, 0, 8, 151.86
1735467494, 136, 11, 40, 0, 0, 0.17%, 8, 0, 8, 148.68
1735467499, 136, 20, 40, 0, 0, 0.17%, 8, 0, 8, 140.07
1735467504, 136, 25, 40, 0, 0, 0.17%, 8, 0, 8, 142.52
1735467509, 136, 31, 40, 0, 0, 0.17%, 8, 0, 8, 148.59
1735467514, 137, 12, 40, 0, 0, 0.17%, 8, 0, 8, 135.97
1735467519, 137, 20, 40, 0, 0, 0.17%, 8, 0, 8, 138.25
1735467525, 137, 25, 40, 0, 0, 0.17%, 8, 0, 8, 140.45
1735467530, 137, 39, 40, 0, 0, 0.17%, 8, 0, 8, 153.41
1735467535, 138, 11, 40, 0, 0, 0.17%, 8, 0, 8, 143.64
1735467540, 138, 20, 40, 0, 0, 0.17%, 8, 0, 8, 143.62
1735467545, 138, 25, 40, 0, 0, 0.17%, 8, 0, 8, 149.18
1735467550, 139, 12, 40, 0, 0, 0.17%, 8, 0, 8, 140.95
1735467555, 139, 20, 40, 0, 0, 0.17%, 8, 0, 8, 145.15
1735467561, 139, 22, 40, 0, 0, 0.17%, 8, 0, 8, 142.15
1735467566, 139, 25, 40, 0, 0, 0.17%, 8, 0, 8, 143.05
1735467571, 140, 12, 40, 0, 0, 0.17%, 8, 0, 8, 129.11
1735467576, 140, 14, 40, 0, 0, 0.17%, 8, 0, 8, 131.18
1735467581, 140, 20, 40, 0, 0, 0.17%, 8, 0, 8, 135.97
1735467586, 140, 21, 40, 0, 0, 0.17%, 8, 0, 8, 150.68
1735467591, 140, 25, 40, 0, 0, 0.17%, 8, 0, 8, 141.59
1735467597, 141, 11, 40, 0, 0, 0.17%, 8, 0, 8, 142.00
1735467602, 141, 20, 40, 0, 0, 0.17%, 8, 0, 8, 145.12
1735467607, 141, 25, 40, 0, 0, 0.17%, 8, 0, 8, 137.97
1735467612, 141, 29, 40, 0, 0, 0.17%, 8, 0, 8, 150.79
1735467617, 141, 36, 40, 0, 0, 0.17%, 8, 0, 8, 144.54
1735467628, 142, 6, 40, 0, 0, 0.17%, 8, 0, 8, 154.91
1735467633, 142, 12, 40, 0, 0, 0.17%, 8, 0, 8, 144.92
1735467638, 142, 18, 40, 0, 0, 0.17%, 8, 0, 8, 140.83
1735467643, 142, 25, 40, 0, 0, 0.17%, 8, 0, 8, 149.51
1735467648, 142, 27, 40, 0, 0, 0.17%, 8, 0, 8, 143.51
1735467653, 143, 8, 40, 0, 0, 0.17%, 8, 0, 8, 146.00
1735467658, 143, 12, 40, 0, 0, 0.17%, 8, 0, 8, 143.61
1735467663, 143, 20, 40, 0, 0, 0.17%, 8, 0, 8, 149.07
1735467668, 143, 25, 40, 0, 0, 0.17%, 8, 0, 8, 143.41
1735467673, 143, 29, 40, 0, 0, 0.17%, 8, 0, 8, 147.35
1735467679, 144, 12, 40, 0, 0, 0.17%, 8, 0, 8, 135.65
1735467684, 144, 20, 40, 0, 0, 0.17%, 8, 0, 8, 143.21
1735467689, 144, 21, 40, 0, 0, 0.17%, 8, 0, 8, 149.04
1735467694, 144, 25, 40, 0, 0, 0.17%, 8, 0, 8, 150.86
1735467699, 144, 28, 40, 0, 0, 0.17%, 8, 0, 8, 147.79
1735467704, 144, 32, 40, 0, 0, 0.17%, 8, 0, 8, 146.66
1735467709, 145, 2, 40, 0, 0, 0.17%, 8, 0, 8, 146.51
1735467714, 145, 20, 40, 0, 0, 0.17%, 8, 0, 8, 144.26
1735467720, 145, 25, 40, 0, 0, 0.17%, 8, 0, 8, 146.92
1735467725, 146, 9, 40, 0, 0, 0.17%, 8, 0, 8, 148.70
1735467730, 146, 12, 40, 0, 0, 0.17%, 8, 0, 8, 140.94
1735467735, 146, 20, 40, 0, 0, 0.17%, 8, 0, 8, 138.91
1735467740, 146, 25, 40, 0, 0, 0.17%, 8, 0, 8, 141.34
1735467745, 146, 30, 40, 0, 0, 0.17%, 8, 0, 8, 142.80
1735467751, 147, 12, 40, 0, 0, 0.17%, 8, 0, 8, 135.38
1735467756, 147, 20, 40, 0, 0, 0.17%, 8, 0, 8, 132.00
1735467761, 147, 21, 40, 0, 0, 0.17%, 8, 0, 8, 137.09
1735467766, 147, 22, 40, 0, 0, 0.17%, 8, 0, 8, 146.15
1735467771, 147, 25, 40, 0, 0, 0.17%, 8, 0, 8, 135.37
1735467776, 148, 8, 40, 0, 0, 0.17%, 8, 0, 8, 135.25
1735467782, 148, 12, 40, 0, 0, 0.17%, 8, 0, 8, 140.11
1735467787, 148, 20, 40, 0, 0, 0.17%, 8, 0, 8, 133.54
1735467792, 148, 24, 40, 0, 0, 0.17%, 8, 0, 8, 147.47
1735467797, 148, 25, 40, 0, 0, 0.17%, 8, 0, 8, 140.07
1735467802, 149, 11, 40, 0, 0, 0.17%, 8, 0, 8, 138.68
1735467808, 149, 20, 40, 0, 0, 0.17%, 8, 0, 8, 136.35
1735467813, 149, 22, 40, 0, 0, 0.17%, 8, 0, 8, 139.36
1735467818, 149, 25, 40, 0, 0, 0.17%, 8, 0, 8, 140.44
1735467823, 150, 11, 40, 0, 0, 0.17%, 8, 0, 8, 141.70
1735467828, 150, 20, 40, 0, 0, 0.17%, 8, 0, 8, 138.08
1735467833, 150, 25, 40, 0, 0, 0.17%, 8, 0, 8, 143.73
1735467839, 150, 38, 40, 0, 0, 0.17%, 8, 0, 8, 149.00
1735467849, 151, 12, 40, 0, 0, 0.17%, 8, 0, 8, 136.38
1735467854, 151, 14, 40, 0, 0, 0.17%, 8, 0, 8, 138.56
1735467859, 151, 20, 40, 0, 0, 0.17%, 8, 0, 8, 141.54
1735467864, 151, 25, 40, 0, 0, 0.17%, 8, 0, 8, 139.58
1735467870, 151, 30, 40, 0, 0, 0.17%, 8, 0, 8, 144.18
1735467875, 151, 35, 40, 0, 0, 0.17%, 8, 0, 8, 164.69
1735467885, 152, 12, 40, 0, 0, 0.17%, 8, 0, 8, 142.70
1735467890, 152, 15, 40, 0, 0, 0.17%, 8, 0, 8, 147.83
1735467895, 152, 20, 40, 0, 0, 0.17%, 8, 0, 8, 145.60
1735467900, 152, 25, 40, 0, 0, 0.17%, 8, 0, 8, 147.23
1735467905, 153, 12, 40, 0, 0, 0.17%, 8, 0, 8, 142.58
1735467910, 153, 20, 40, 0, 0, 0.17%, 8, 0, 8, 145.45
1735467916, 153, 25, 40, 0, 0, 0.17%, 8, 0, 8, 152.42
1735467921, 154, 12, 40, 0, 0, 0.17%, 8, 0, 8, 144.21
1735467926, 154, 20, 40, 0, 0, 0.17%, 8, 0, 8, 142.01
1735467931, 154, 25, 40, 0, 0, 0.17%, 8, 0, 8, 145.19
1735467936, 154, 36, 40, 0, 0, 0.17%, 8, 0, 8, 149.80
1735467947, 155, 11, 40, 0, 0, 0.17%, 8, 0, 8, 144.00
1735467952, 155, 20, 40, 0, 0, 0.17%, 8, 0, 8, 138.35
1735467957, 155, 25, 40, 0, 0, 0.17%, 8, 0, 8, 141.34
1735467962, 155, 29, 40, 0, 0, 0.17%, 8, 0, 8, 153.01
1735467967, 156, 8, 40, 0, 0, 0.17%, 8, 0, 8, 141.67
1735467972, 156, 20, 40, 0, 0, 0.17%, 8, 0, 8, 142.45
1735467977, 156, 22, 40, 0, 0, 0.17%, 8, 0, 8, 144.80
1735467983, 156, 25, 40, 0, 0, 0.17%, 8, 0, 8, 146.84
1735467988, 157, 11, 40, 0, 0, 0.17%, 8, 0, 8, 145.08
1735467993, 157, 20, 40, 0, 0, 0.17%, 8, 0, 8, 140.90
1735467998, 157, 25, 40, 0, 0, 0.17%, 8, 0, 8, 141.32
1735468003, 158, 11, 40, 0, 0, 0.17%, 8, 0, 8, 141.46
1735468008, 158, 20, 40, 0, 0, 0.17%, 8, 0, 8, 143.47
1735468014, 158, 25, 40, 0, 0, 0.17%, 8, 0, 8, 136.95
1735468019, 158, 29, 40, 0, 0, 0.17%, 8, 0, 8, 141.61
1735468024, 158, 31, 40, 0, 0, 0.17%, 8, 0, 8, 141.82
1735468029, 158, 37, 40, 0, 0, 0.17%, 8, 0, 8, 147.69
1735468039, 159, 12, 40, 0, 0, 0.17%, 8, 0, 8, 141.59
1735468044, 159, 20, 40, 0, 0, 0.17%, 8, 0, 8, 137.29
1735468049, 159, 25, 40, 0, 0, 0.17%, 8, 0, 8, 138.32
1735468054, 160, 11, 40, 0, 0, 0.17%, 8, 0, 8, 135.29
1735468059, 160, 20, 40, 0, 0, 0.17%, 8, 0, 8, 139.82
1735468065, 160, 25, 40, 0, 0, 0.17%, 8, 0, 8, 144.10
1735468070, 160, 34, 40, 0, 0, 0.17%, 8, 0, 8, 158.20
1735468080, 161, 11, 40, 0, 0, 0.17%, 8, 0, 8, 139.67
1735468085, 161, 20, 40, 0, 0, 0.17%, 8, 0, 8, 145.56
1735468090, 161, 25, 40, 0, 0, 0.17%, 8, 0, 8, 139.28
1735468096, 161, 38, 40, 0, 0, 0.17%, 8, 0, 8, 150.96
1735468101, 162, 9, 40, 0, 0, 0.17%, 8, 0, 8, 136.43
1735468106, 162, 12, 40, 0, 0, 0.17%, 8, 0, 8, 140.91
1735468111, 162, 22, 40, 0, 0, 0.17%, 8, 0, 8, 148.86
1735468116, 162, 25, 40, 0, 0, 0.17%, 8, 0, 8, 143.99
1735468121, 162, 30, 40, 0, 0, 0.17%, 8, 0, 8, 146.49
1735468127, 162, 39, 40, 0, 0, 0.17%, 8, 0, 8, 147.01
1735468137, 163, 12, 40, 0, 0, 0.17%, 8, 0, 8, 141.71
1735468142, 163, 19, 40, 0, 0, 0.17%, 8, 0, 8, 147.52
1735468147, 163, 20, 40, 0, 0, 0.17%, 8, 0, 8, 141.58
1735468152, 163, 22, 40, 0, 0, 0.17%, 8, 0, 8, 135.85
1735468158, 163, 25, 40, 0, 0, 0.17%, 8, 0, 8, 138.68
1735468163, 163, 27, 40, 0, 0, 0.17%, 8, 0, 8, 152.73
1735468168, 163, 29, 40, 0, 0, 0.17%, 8, 0, 8, 144.31
1735468173, 164, 12, 40, 0, 0, 0.17%, 8, 0, 8, 137.09
1735468178, 164, 20, 40, 0, 0, 0.17%, 8, 0, 8, 141.56
1735468183, 164, 24, 40, 0, 0, 0.17%, 8, 0, 8, 139.37
1735468188, 164, 25, 40, 0, 0, 0.17%, 8, 0, 8, 140.96
1735468193, 165, 12, 40, 0, 0, 0.17%, 8, 0, 8, 142.67
1735468199, 165, 23, 40, 0, 0, 0.17%, 8, 0, 8, 135.51
1735468204, 165, 25, 40, 0, 0, 0.17%, 8, 0, 8, 143.14
1735468209, 165, 28, 40, 0, 0, 0.17%, 8, 0, 8, 144.57
1735468214, 165, 38, 40, 0, 0, 0.17%, 8, 0, 8, 153.53
1735468224, 166, 12, 40, 0, 0, 0.17%, 8, 0, 8, 145.18
1735468230, 166, 20, 40, 0, 0, 0.17%, 8, 0, 8, 138.87
1735468235, 166, 25, 40, 0, 0, 0.17%, 8, 0, 8, 133.48
1735468240, 167, 12, 40, 0, 0, 0.17%, 8, 0, 8, 136.16
1735468245, 167, 25, 40, 0, 0, 0.17%, 8, 0, 8, 142.87
1735468250, 167, 36, 40, 0, 0, 0.17%, 8, 0, 8, 136.61
1735468266, 168, 12, 40, 0, 0, 0.17%, 8, 0, 8, 137.92
1735468271, 168, 20, 40, 0, 0, 0.17%, 8, 0, 8, 140.28
1735468276, 168, 25, 40, 0, 0, 0.17%, 8, 0, 8, 137.71
1735468281, 168, 29, 40, 0, 0, 0.17%, 8, 0, 8, 150.75
1735468286, 169, 15, 40, 0, 0, 0.17%, 8, 0, 8, 149.20
1735468291, 169, 20, 40, 0, 0, 0.17%, 8, 0, 8, 142.30
1735468296, 169, 25, 40, 0, 0, 0.17%, 8, 0, 8, 142.03
1735468301, 169, 28, 40, 0, 0, 0.17%, 8, 0, 8, 146.75
1735468307, 169, 32, 40, 0, 0, 0.17%, 8, 0, 8, 151.30
1735468312, 169, 38, 40, 0, 0, 0.17%, 8, 0, 8, 154.23
1735468322, 170, 12, 40, 0, 0, 0.17%, 8, 0, 8, 143.68
1735468327, 170, 20, 40, 0, 0, 0.17%, 8, 0, 8, 138.74
1735468332, 170, 22, 40, 0, 0, 0.17%, 8, 0, 8, 142.18
1735468337, 170, 25, 40, 0, 0, 0.17%, 8, 0, 8, 140.21
1735468343, 171, 20, 40, 0, 0, 0.17%, 8, 0, 8, 138.27
1735468348, 171, 25, 40, 0, 0, 0.17%, 8, 0, 8, 141.56
1735468353, 172, 11, 40, 0, 0, 0.17%, 8, 0, 8, 147.61
1735468358, 172, 15, 40, 0, 0, 0.17%, 8, 0, 8, 144.77
1735468363, 172, 20, 40, 0, 0, 0.17%, 8, 0, 8, 138.63
1735468368, 172, 25, 40, 0, 0, 0.17%, 8, 0, 8, 148.97
1735468374, 172, 31, 40, 0, 0, 0.17%, 8, 0, 8, 147.00
1735468379, 173, 10, 40, 0, 0, 0.17%, 8, 0, 8, 139.69
1735468384, 173, 12, 40, 0, 0, 0.17%, 8, 0, 8, 144.98
1735468389, 173, 20, 40, 0, 0, 0.17%, 8, 0, 8, 144.02
1735468394, 173, 25, 40, 0, 0, 0.17%, 8, 0, 8, 142.68
1735468399, 173, 36, 40, 0, 0, 0.17%, 8, 0, 8, 139.99
1735468410, 174, 12, 40, 0, 0, 0.17%, 8, 0, 8, 140.04
1735468415, 174, 13, 40, 0, 0, 0.17%, 8, 0, 8, 145.10
1735468420, 174, 20, 40, 0, 0, 0.17%, 8, 0, 8, 133.05
1735468425, 174, 24, 40, 0, 0, 0.17%, 8, 0, 8, 143.86
1735468430, 174, 25, 40, 0, 0, 0.17%, 8, 0, 8, 135.95
1735468435, 175, 12, 40, 0, 0, 0.17%, 8, 0, 8, 132.89
1735468440, 175, 20, 40, 0, 0, 0.17%, 8, 0, 8, 135.65
1735468446, 175, 25, 40, 0, 0, 0.17%, 8, 0, 8, 134.07
1735468451, 176, 6, 40, 0, 0, 0.17%, 8, 0, 8, 135.25
1735468456, 176, 12, 40, 0, 0, 0.17%, 8, 0, 8, 135.79
1735468461, 176, 25, 40, 0, 0, 0.17%, 8, 0, 8, 144.81
1735468466, 176, 30, 40, 0, 0, 0.17%, 8, 0, 8, 139.46
1735468471, 177, 8, 40, 0, 0, 0.17%, 8, 0, 8, 142.39
1735468476, 177, 12, 40, 0, 0, 0.17%, 8, 0, 8, 139.88
1735468482, 177, 19, 40, 0, 0, 0.17%, 8, 0, 8, 143.63
1735468487, 177, 20, 40, 0, 0, 0.17%, 8, 0, 8, 139.67
1735468492, 177, 25, 40, 0, 0, 0.17%, 8, 0, 8, 134.21
1735468497, 177, 29, 40, 0, 0, 0.17%, 8, 0, 8, 141.91
1735468502, 178, 12, 40, 0, 0, 0.17%, 8, 0, 8, 137.31
1735468508, 178, 20, 40, 0, 0, 0.17%, 8, 0, 8, 142.78
1735468513, 178, 25, 40, 0, 0, 0.17%, 8, 0, 8, 142.85
1735468518, 179, 12, 40, 0, 0, 0.17%, 8, 0, 8, 131.64
1735468523, 179, 15, 40, 0, 0, 0.17%, 8, 0, 8, 139.39
1735468528, 179, 20, 40, 0, 0, 0.17%, 8, 0, 8, 143.73
1735468533, 179, 25, 40, 0, 0, 0.17%, 8, 0, 8, 142.73
1735468539, 179, 33, 40, 0, 0, 0.17%, 8, 0, 8, 151.82
1735468544, 180, 0, 40, 0, 0, 0.17%, 8, 0, 8, 145.20
1735468549, 180, 11, 40, 0, 0, 0.17%, 8, 0, 8, 138.47
1735468554, 180, 20, 40, 0, 0, 0.17%, 8, 0, 8, 139.39
1735468559, 180, 25, 40, 0, 0, 0.17%, 8, 0, 8, 140.62
1735468564, 181, 12, 40, 0, 0, 0.17%, 8, 0, 8, 141.28
1735468569, 181, 20, 40, 0, 0, 0.17%, 8, 0, 8, 151.94
1735468575, 181, 25, 40, 0, 0, 0.17%, 8, 0, 8, 143.89
1735468580, 181, 34, 40, 0, 0, 0.17%, 8, 0, 8, 158.75
1735468590, 182, 20, 40, 0, 0, 0.17%, 8, 0, 8, 139.38
1735468595, 182, 21, 40, 0, 0, 0.17%, 8, 0, 8, 144.62
1735468605, 182, 25, 40, 0, 0, 0.17%, 8, 0, 8, 144.12
1735468610, 182, 30, 40, 0, 0, 0.17%, 8, 0, 8, 149.19
1735468616, 182, 32, 40, 0, 0, 0.17%, 8, 0, 8, 147.60
1735468621, 182, 39, 40, 0, 0, 0.17%, 8, 0, 8, 156.09
1735468626, 183, 11, 40, 0, 0, 0.17%, 8, 0, 8, 145.87
1735468631, 183, 18, 40, 0, 0, 0.17%, 8, 0, 8, 141.85
1735468636, 183, 20, 40, 0, 0, 0.17%, 8, 0, 8, 144.43
1735468641, 183, 25, 40, 0, 0, 0.17%, 8, 0, 8, 145.31
1735468646, 183, 27, 40, 0, 0, 0.17%, 8, 0, 8, 157.83
1735468652, 184, 4, 40, 0, 0, 0.17%, 8, 0, 8, 140.92
1735468657, 184, 12, 40, 0, 0, 0.17%, 8, 0, 8, 139.45
1735468662, 184, 20, 40, 0, 0, 0.17%, 8, 0, 8, 140.77
1735468667, 184, 25, 40, 0, 0, 0.17%, 8, 0, 8, 146.53
1735468672, 185, 11, 40, 0, 0, 0.17%, 8, 0, 8, 136.19
1735468678, 185, 17, 40, 0, 0, 0.17%, 8, 0, 8, 141.85
1735468683, 185, 20, 40, 0, 0, 0.17%, 8, 0, 8, 135.94
1735468688, 185, 25, 40, 0, 0, 0.17%, 8, 0, 8, 140.63
1735468693, 185, 29, 40, 0, 0, 0.17%, 8, 0, 8, 147.02
1735468698, 186, 11, 40, 0, 0, 0.17%, 8, 0, 8, 144.26
1735468703, 186, 20, 40, 0, 0, 0.17%, 8, 0, 8, 134.35
1735468708, 186, 25, 40, 0, 0, 0.17%, 8, 0, 8, 138.43
1735468713, 187, 11, 40, 0, 0, 0.17%, 8, 0, 8, 139.56
1735468718, 187, 20, 40, 0, 0, 0.17%, 8, 0, 8, 136.80
1735468723, 187, 21, 40, 0, 0, 0.17%, 8, 0, 8, 140.03
1735468734, 187, 25, 40, 0, 0, 0.17%, 8, 0, 8, 144.90
1735468739, 187, 35, 40, 0, 0, 0.17%, 8, 0, 8, 167.77
1735468749, 187, 36, 40, 0, 0, 0.17%, 8, 0, 8, 145.36
1735468759, 187, 38, 40, 0, 0, 0.17%, 8, 0, 8, 148.06
1735468770, 188, 20, 40, 0, 0, 0.17%, 8, 0, 8, 138.50
1735468775, 188, 25, 40, 0, 0, 0.17%, 8, 0, 8, 138.13
1735468780, 188, 28, 40, 0, 0, 0.17%, 8, 0, 8, 141.03
1735468785, 189, 11, 40, 0, 0, 0.17%, 8, 0, 8, 140.63
1735468790, 189, 17, 40, 0, 0, 0.17%, 8, 0, 8, 143.18
1735468795, 189, 20, 40, 0, 0, 0.17%, 8, 0, 8, 139.80
1735468800, 189, 25, 40, 0, 0, 0.17%, 8, 0, 8, 141.80
1735468806, 189, 26, 40, 0, 0, 0.17%, 8, 0, 8, 144.62
1735468811, 189, 31, 40, 0, 0, 0.17%, 8, 0, 8, 151.56
1735468816, 190, 11, 40, 0, 0, 0.17%, 8, 0, 8, 141.94
1735468821, 190, 13, 40, 0, 0, 0.17%, 8, 0, 8, 140.85
1735468826, 190, 20, 40, 0, 0, 0.17%, 8, 0, 8, 142.04
1735468831, 190, 25, 40, 0, 0, 0.17%, 8, 0, 8, 143.69
1735468836, 190, 28, 40, 0, 0, 0.17%, 8, 0, 8, 152.97
1735468841, 191, 11, 40, 0, 0, 0.17%, 8, 0, 8, 136.94
1735468847, 191, 20, 40, 0, 0, 0.17%, 8, 0, 8, 133.11
1735468852, 191, 25, 40, 0, 0, 0.17%, 8, 0, 8, 140.28
1735468857, 191, 32, 40, 0, 0, 0.17%, 8, 0, 8, 155.15
1735468862, 192, 11, 40, 0, 0, 0.17%, 8, 0, 8, 142.85
1735468867, 192, 20, 40, 0, 0, 0.17%, 8, 0, 8, 142.39
1735468872, 192, 25, 40, 0, 0, 0.17%, 8, 0, 8, 147.08
1735468878, 193, 11, 40, 0, 0, 0.17%, 8, 0, 8, 142.63
1735468883, 193, 20, 40, 0, 0, 0.17%, 8, 0, 8, 147.10
1735468888, 193, 25, 40, 0, 0, 0.17%, 8, 0, 8, 139.47
1735468893, 194, 2, 40, 0, 0, 0.17%, 8, 0, 8, 146.45
1735468898, 194, 12, 40, 0, 0, 0.17%, 8, 0, 8, 140.68
1735468903, 194, 20, 40, 0, 0, 0.17%, 8, 0, 8, 142.08
1735468908, 194, 25, 40, 0, 0, 0.17%, 8, 0, 8, 140.01
1735468914, 194, 32, 40, 0, 0, 0.17%, 8, 0, 8, 142.87
1735468919, 195, 12, 40, 0, 0, 0.17%, 8, 0, 8, 134.72
1735468924, 195, 14, 40, 0, 0, 0.17%, 8, 0, 8, 132.35
1735468929, 195, 20, 40, 0, 0, 0.17%, 8, 0, 8, 138.40
1735468934, 195, 25, 40, 0, 0, 0.17%, 8, 0, 8, 142.06
1735468939, 195, 27, 40, 0, 0, 0.17%, 8, 0, 8, 150.05
1735468944, 196, 12, 40, 0, 0, 0.17%, 8, 0, 8, 138.88
1735468949, 196, 13, 40, 0, 0, 0.17%, 8, 0, 8, 136.00
1735468955, 196, 20, 40, 0, 0, 0.17%, 8, 0, 8, 140.99
1735468960, 196, 22, 40, 0, 0, 0.17%, 8, 0, 8, 139.83
1735468965, 196, 25, 40, 0, 0, 0.17%, 8, 0, 8, 141.66
1735468970, 196, 33, 40, 0, 0, 0.17%, 8, 0, 8, 165.31
1735468975, 197, 12, 40, 0, 0, 0.17%, 8, 0, 8, 147.77
1735468980, 197, 14, 40, 0, 0, 0.17%, 8, 0, 8, 139.39
1735468986, 197, 20, 40, 0, 0, 0.17%, 8, 0, 8, 136.38
1735468991, 197, 25, 40, 0, 0, 0.17%, 8, 0, 8, 137.51
1735468996, 198, 12, 40, 0, 0, 0.17%, 8, 0, 8, 138.18
1735469001, 198, 20, 40, 0, 0, 0.17%, 8, 0, 8, 145.74
1735469006, 198, 23, 40, 0, 0, 0.17%, 8, 0, 8, 138.21
1735469011, 198, 25, 40, 0, 0, 0.17%, 8, 0, 8, 142.51
1735469016, 199, 12, 40, 0, 0, 0.17%, 8, 0, 8, 136.98
1735469022, 199, 14, 40, 0, 0, 0.17%, 8, 0, 8, 134.70
1735469027, 199, 20, 40, 0, 0, 0.17%, 8, 0, 8, 142.86
1735469032, 199, 25, 40, 0, 0, 0.17%, 8, 0, 8, 144.02
1735469037, 199, 37, 40, 0, 0, 0.17%, 8, 0, 8, 149.07
1735469042, 200, 11, 40, 0, 0, 0.17%, 8, 0, 8, 144.40
1735469047, 200, 20, 40, 0, 0, 0.17%, 8, 0, 8, 138.18
1735469052, 200, 25, 40, 0, 0, 0.17%, 8, 0, 8, 146.86
1735469057, 201, 11, 40, 0, 0, 0.17%, 8, 0, 8, 142.28
1735469063, 201, 20, 40, 0, 0, 0.17%, 8, 0, 8, 139.08
1735469068, 201, 25, 40, 0, 0, 0.17%, 8, 0, 8, 143.18
1735469073, 202, 4, 40, 0, 0, 0.17%, 8, 0, 8, 143.30
1735469078, 202, 12, 40, 0, 0, 0.17%, 8, 0, 8, 138.52
1735469083, 202, 15, 40, 0, 0, 0.17%, 8, 0, 8, 150.83
1735469088, 202, 19, 40, 0, 0, 0.17%, 8, 0, 8, 144.71
1735469093, 202, 20, 40, 0, 0, 0.17%, 8, 0, 8, 144.38
1735469098, 202, 25, 40, 0, 0, 0.17%, 8, 0, 8, 138.86
1735469103, 202, 38, 40, 0, 0, 0.17%, 8, 0, 8, 150.65
1735469108, 203, 3, 40, 0, 0, 0.17%, 8, 0, 8, 148.69
1735469113, 203, 20, 40, 0, 0, 0.17%, 8, 0, 8, 143.26
1735469119, 203, 25, 40, 0, 0, 0.17%, 8, 0, 8, 147.43
1735469124, 204, 11, 40, 0, 0, 0.17%, 8, 0, 8, 138.84
1735469129, 204, 20, 40, 0, 0, 0.17%, 8, 0, 8, 137.94
1735469134, 204, 22, 40, 0, 0, 0.17%, 8, 0, 8, 136.10
1735469139, 204, 25, 40, 0, 0, 0.17%, 8, 0, 8, 138.22
1735469144, 204, 34, 40, 0, 0, 0.17%, 8, 0, 8, 158.86
1735469154, 205, 11, 40, 0, 0, 0.17%, 8, 0, 8, 148.84
1735469160, 205, 20, 40, 0, 0, 0.17%, 8, 0, 8, 138.30
1735469165, 205, 21, 40, 0, 0, 0.17%, 8, 0, 8, 139.32
1735469175, 205, 25, 40, 0, 0, 0.17%, 8, 0, 8, 143.32
1735469180, 206, 11, 40, 0, 0, 0.17%, 8, 0, 8, 138.87
1735469185, 206, 20, 40, 0, 0, 0.17%, 8, 0, 8, 142.90
1735469190, 206, 24, 40, 0, 0, 0.17%, 8, 0, 8, 143.04
1735469196, 206, 25, 40, 0, 0, 0.17%, 8, 0, 8, 145.21
1735469201, 206, 36, 40, 0, 0, 0.17%, 8, 0, 8, 143.76
1735469211, 207, 11, 40, 0, 0, 0.17%, 8, 0, 8, 137.84
1735469216, 207, 20, 40, 0, 0, 0.17%, 8, 0, 8, 140.81
1735469221, 207, 25, 40, 0, 0, 0.17%, 8, 0, 8, 145.37
1735469226, 207, 26, 40, 0, 0, 0.17%, 8, 0, 8, 148.38
1735469231, 208, 11, 40, 0, 0, 0.17%, 8, 0, 8, 146.89
1735469236, 208, 20, 40, 0, 0, 0.17%, 8, 0, 8, 143.23
1735469242, 208, 25, 40, 0, 0, 0.17%, 8, 0, 8, 148.77
1735469247, 208, 29, 40, 0, 0, 0.17%, 8, 0, 8, 143.86
1735469252, 209, 10, 40, 0, 0, 0.17%, 8, 0, 8, 140.67
1735469257, 209, 12, 40, 0, 0, 0.17%, 8, 0, 8, 137.37
1735469262, 209, 20, 40, 0, 0, 0.17%, 8, 0, 8, 143.36
1735469267, 209, 21, 40, 0, 0, 0.17%, 8, 0, 8, 141.47
1735469273, 209, 25, 40, 0, 0, 0.17%, 8, 0, 8, 141.58
1735469278, 209, 28, 40, 0, 0, 0.17%, 8, 0, 8, 147.34
1735469283, 210, 11, 40, 0, 0, 0.17%, 8, 0, 8, 135.37
1735469288, 210, 20, 40, 0, 0, 0.17%, 8, 0, 8, 146.31
1735469293, 210, 22, 40, 0, 0, 0.17%, 8, 0, 8, 143.54
1735469298, 210, 25, 40, 0, 0, 0.17%, 8, 0, 8, 147.09
1735469303, 210, 26, 40, 0, 0, 0.17%, 8, 0, 8, 139.53
1735469309, 210, 36, 40, 0, 0, 0.17%, 8, 0, 8, 147.70
1735469319, 210, 37, 40, 0, 0, 0.17%, 8, 0, 8, 166.04
1735469324, 211, 11, 40, 0, 0, 0.17%, 8, 0, 8, 144.15
1735469329, 211, 16, 40, 0, 0, 0.17%, 8, 0, 8, 139.59
1735469334, 211, 20, 40, 0, 0, 0.17%, 8, 0, 8, 139.25
1735469339, 211, 25, 40, 0, 0, 0.17%, 8, 0, 8, 139.92
1735469345, 212, 11, 40, 0, 0, 0.17%, 8, 0, 8, 139.03
1735469350, 212, 14, 40, 0, 0, 0.17%, 8, 0, 8, 143.53
1735469355, 212, 20, 40, 0, 0, 0.17%, 8, 0, 8, 138.53
1735469360, 212, 24, 40, 0, 0, 0.17%, 8, 0, 8, 141.19
1735469365, 212, 25, 40, 0, 0, 0.17%, 8, 0, 8, 147.97
1735469370, 213, 11, 40, 0, 0, 0.17%, 8, 0, 8, 137.61
1735469376, 213, 15, 40, 0, 0, 0.17%, 8, 0, 8, 142.96
1735469381, 213, 18, 40, 0, 0, 0.17%, 8, 0, 8, 144.28
1735469386, 213, 20, 40, 0, 0, 0.17%, 8, 0, 8, 141.40
1735469391, 213, 25, 40, 0, 0, 0.17%, 8, 0, 8, 141.09
1735469396, 214, 12, 40, 0, 0, 0.17%, 8, 0, 8, 141.86
1735469401, 214, 15, 40, 0, 0, 0.17%, 8, 0, 8, 143.29
1735469406, 214, 20, 40, 0, 0, 0.17%, 8, 0, 8, 141.83
1735469411, 214, 24, 40, 0, 0, 0.17%, 8, 0, 8, 147.48
1735469417, 214, 25, 40, 0, 0, 0.17%, 8, 0, 8, 141.66
1735469422, 215, 12, 40, 0, 0, 0.17%, 8, 0, 8, 138.45
1735469427, 215, 20, 40, 0, 0, 0.17%, 8, 0, 8, 140.82
1735469432, 215, 28, 40, 0, 0, 0.17%, 8, 0, 8, 146.69
1735469437, 215, 35, 40, 0, 0, 0.17%, 8, 0, 8, 149.86
1735469452, 216, 12, 40, 0, 0, 0.17%, 8, 0, 8, 141.67
1735469458, 216, 13, 40, 0, 0, 0.17%, 8, 0, 8, 139.86
1735469463, 216, 15, 40, 0, 0, 0.17%, 8, 0, 8, 151.73
1735469468, 216, 20, 40, 0, 0, 0.17%, 8, 0, 8, 146.94
1735469473, 216, 25, 40, 0, 0, 0.17%, 8, 0, 8, 138.28
1735469478, 216, 31, 40, 0, 0, 0.17%, 8, 0, 8, 141.83
1735469483, 217, 12, 40, 0, 0, 0.17%, 8, 0, 8, 131.91
1735469488, 217, 20, 40, 0, 0, 0.17%, 8, 0, 8, 137.69
1735469493, 217, 21, 40, 0, 0, 0.17%, 8, 0, 8, 138.38
1735469499, 217, 25, 40, 0, 0, 0.17%, 8, 0, 8, 138.13
1735469504, 217, 37, 40, 0, 0, 0.17%, 8, 0, 8, 148.69
1735469509, 218, 11, 40, 0, 0, 0.17%, 8, 0, 8, 143.97
1735469514, 218, 20, 40, 0, 0, 0.17%, 8, 0, 8, 141.29
1735469519, 218, 25, 40, 0, 0, 0.17%, 8, 0, 8, 139.42
1735469525, 219, 11, 40, 0, 0, 0.17%, 8, 0, 8, 137.28
1735469530, 219, 20, 40, 0, 0, 0.17%, 8, 0, 8, 137.17
1735469535, 219, 25, 40, 0, 0, 0.17%, 8, 0, 8, 142.00
1735469540, 219, 30, 40, 0, 0, 0.17%, 8, 0, 8, 149.97
1735469545, 220, 11, 40, 0, 0, 0.17%, 8, 0, 8, 141.19
1735469550, 220, 20, 40, 0, 0, 0.17%, 8, 0, 8, 142.21
1735469555, 220, 25, 40, 0, 0, 0.17%, 8, 0, 8, 142.94
1735469560, 221, 12, 40, 0, 0, 0.17%, 8, 0, 8, 140.48
1735469566, 221, 20, 40, 0, 0, 0.17%, 8, 0, 8, 139.34
1735469571, 221, 25, 40, 0, 0, 0.17%, 8, 0, 8, 146.21
1735469576, 221, 28, 40, 0, 0, 0.17%, 8, 0, 8, 141.29
1735469581, 222, 11, 40, 0, 0, 0.17%, 8, 0, 8, 141.24
1735469586, 222, 20, 40, 0, 0, 0.17%, 8, 0, 8, 140.45
1735469591, 222, 23, 40, 0, 0, 0.17%, 8, 0, 8, 145.48
1735469597, 222, 25, 40, 0, 0, 0.17%, 8, 0, 8, 141.59
1735469602, 223, 11, 40, 0, 0, 0.17%, 8, 0, 8, 142.87
1735469607, 223, 20, 40, 0, 0, 0.17%, 8, 0, 8, 143.26
1735469612, 223, 24, 40, 0, 0, 0.17%, 8, 0, 8, 144.85
1735469617, 223, 25, 40, 0, 0, 0.17%, 8, 0, 8, 144.88
1735469622, 223, 37, 40, 0, 0, 0.17%, 8, 0, 8, 156.16
1735469627, 224, 11, 40, 0, 0, 0.17%, 8, 0, 8, 153.03
1735469633, 224, 20, 40, 0, 0, 0.17%, 8, 0, 8, 145.19
1735469638, 224, 25, 40, 0, 0, 0.17%, 8, 0, 8, 146.00
1735469643, 224, 34, 40, 0, 0, 0.17%, 8, 0, 8, 159.16
1735469653, 224, 38, 40, 0, 0, 0.17%, 8, 0, 8, 148.86
1735469663, 225, 12, 40, 0, 0, 0.17%, 8, 0, 8, 142.65
1735469668, 225, 20, 40, 0, 0, 0.17%, 8, 0, 8, 154.41
1735469673, 225, 24, 40, 0, 0, 0.17%, 8, 0, 8, 150.55
1735469679, 225, 25, 40, 0, 0, 0.17%, 8, 0, 8, 147.33
1735469684, 226, 20, 40, 0, 0, 0.17%, 8, 0, 8, 146.81
1735469689, 226, 21, 40, 0, 0, 0.17%, 8, 0, 8, 141.09
1735469699, 226, 25, 40, 0, 0, 0.17%, 8, 0, 8, 138.82
1735469704, 226, 32, 40, 0, 0, 0.17%, 8, 0, 8, 140.29
1735469709, 227, 10, 40, 0, 0, 0.17%, 8, 0, 8, 136.96
1735469714, 227, 12, 40, 0, 0, 0.17%, 8, 0, 8, 144.76
1735469720, 227, 19, 40, 0, 0, 0.17%, 8, 0, 8, 147.82
1735469725, 227, 25, 40, 0, 0, 0.17%, 8, 0, 8, 150.30
1735469730, 227, 32, 40, 0, 0, 0.17%, 8, 0, 8, 139.20
1735469735, 228, 11, 40, 0, 0, 0.17%, 8, 0, 8, 144.26
1735469740, 228, 19, 40, 0, 0, 0.17%, 8, 0, 8, 144.12
1735469745, 228, 20, 40, 0, 0, 0.17%, 8, 0, 8, 141.67
1735469750, 228, 25, 40, 0, 0, 0.17%, 8, 0, 8, 139.50
1735469756, 228, 28, 40, 0, 0, 0.17%, 8, 0, 8, 144.94
1735469761, 228, 34, 40, 0, 0, 0.17%, 8, 0, 8, 154.09
1735469771, 228, 38, 40, 0, 0, 0.17%, 8, 0, 8, 156.67
1735469781, 229, 12, 40, 0, 0, 0.17%, 8, 0, 8, 139.28
1735469786, 229, 20, 40, 0, 0, 0.17%, 8, 0, 8, 137.91
1735469791, 229, 25, 40, 0, 0, 0.17%, 8, 0, 8, 140.37
1735469797, 230, 11, 40, 0, 0, 0.17%, 8, 0, 8, 132.91
1735469802, 230, 20, 40, 0, 0, 0.17%, 8, 0, 8, 141.64
1735469807, 230, 23, 40, 0, 0, 0.17%, 8, 0, 8, 135.68
1735469812, 230, 25, 40, 0, 0, 0.17%, 8, 0, 8, 142.31
1735469817, 231, 7, 40, 0, 0, 0.17%, 8, 0, 8, 137.53
1735469822, 231, 20, 40, 0, 0, 0.17%, 8, 0, 8, 136.38
1735469827, 231, 22, 40, 0, 0, 0.17%, 8, 0, 8, 135.58
1735469838, 232, 11, 40, 0, 0, 0.17%, 8, 0, 8, 149.98
1735469843, 232, 16, 40, 0, 0, 0.17%, 8, 0, 8, 138.43
1735469848, 232, 20, 40, 0, 0, 0.17%, 8, 0, 8, 146.94
1735469853, 232, 25, 40, 0, 0, 0.17%, 8, 0, 8, 140.51
1735469858, 232, 38, 40, 0, 0, 0.17%, 8, 0, 8, 149.39
1735469869, 233, 12, 40, 0, 0, 0.17%, 8, 0, 8, 141.83
1735469874, 233, 16, 40, 0, 0, 0.17%, 8, 0, 8, 139.53
1735469879, 233, 25, 40, 0, 0, 0.17%, 8, 0, 8, 148.06
1735469884, 234, 4, 40, 0, 0, 0.17%, 8, 0, 8, 143.25
1735469889, 234, 11, 40, 0, 0, 0.17%, 8, 0, 8, 138.87
1735469894, 234, 15, 40, 0, 0, 0.17%, 8, 0, 8, 147.52
1735469899, 234, 20, 40, 0, 0, 0.17%, 8, 0, 8, 146.41
1735469904, 234, 25, 40, 0, 0, 0.17%, 8, 0, 8, 142.00
1735469909, 235, 11, 40, 0, 0, 0.17%, 8, 0, 8, 138.99
1735469915, 235, 20, 40, 0, 0, 0.17%, 8, 0, 8, 143.81
1735469920, 235, 25, 40, 0, 0, 0.17%, 8, 0, 8, 146.60
1735469925, 235, 39, 40, 0, 0, 0.17%, 8, 0, 8, 157.90
1735469930, 236, 10, 40, 0, 0, 0.17%, 8, 0, 8, 149.08
1735469935, 236, 12, 40, 0, 0, 0.17%, 8, 0, 8, 142.03
1735469940, 236, 24, 40, 0, 0, 0.17%, 8, 0, 8, 143.37
1735469945, 236, 25, 40, 0, 0, 0.17%, 8, 0, 8, 155.45
1735469950, 237, 8, 40, 0, 0, 0.17%, 8, 0, 8, 154.49
1735469956, 237, 12, 40, 0, 0, 0.17%, 8, 0, 8, 141.20
1735469961, 237, 20, 40, 0, 0, 0.17%, 8, 0, 8, 144.32
1735469966, 237, 25, 40, 0, 0, 0.17%, 8, 0, 8, 147.55
1735469971, 237, 34, 40, 0, 0, 0.17%, 8, 0, 8, 145.60
1735469981, 238, 12, 40, 0, 0, 0.17%, 8, 0, 8, 145.21
1735469986, 238, 20, 40, 0, 0, 0.17%, 8, 0, 8, 147.14
1735469991, 238, 21, 40, 0, 0, 0.17%, 8, 0, 8, 142.66
1735469997, 238, 25, 40, 0, 0, 0.17%, 8, 0, 8, 144.67
1735470002, 238, 39, 40, 0, 0, 0.17%, 8, 0, 8, 157.89
1735470007, 239, 2, 40, 0, 0, 0.17%, 8, 0, 8, 142.07
1735470012, 239, 11, 40, 0, 0, 0.17%, 8, 0, 8, 139.55
1735470017, 239, 20, 40, 0, 0, 0.17%, 8, 0, 8, 143.14
1735470023, 239, 25, 40, 0, 0, 0.17%, 8, 0, 8, 152.46
1735470028, 239, 38, 40, 0, 0, 0.17%, 8, 0, 8, 154.01
1735470033, 240, 11, 40, 0, 0, 0.17%, 8, 0, 8, 138.35
1735470038, 240, 20, 40, 0, 0, 0.17%, 8, 0, 8, 142.65
1735470043, 240, 25, 40, 0, 0, 0.17%, 8, 0, 8, 140.97
1735470048, 241, 11, 40, 0, 0, 0.17%, 8, 0, 8, 139.27
1735470053, 241, 20, 40, 0, 0, 0.17%, 8, 0, 8, 145.16
1735470058, 241, 25, 40, 0, 0, 0.17%, 8, 0, 8, 147.97
1735470063, 241, 27, 40, 0, 0, 0.17%, 8, 0, 8, 153.56
1735470068, 241, 28, 40, 0, 0, 0.17%, 8, 0, 8, 146.93
1735470073, 242, 4, 40, 0, 0, 0.17%, 8, 0, 8, 137.65
1735470078, 242, 12, 40, 0, 0, 0.17%, 8, 0, 8, 129.67
1735470084, 242, 20, 40, 0, 0, 0.17%, 8, 0, 8, 139.11
1735470089, 242, 21, 40, 0, 0, 0.17%, 8, 0, 8, 144.29
1735470094, 242, 25, 40, 0, 0, 0.17%, 8, 0, 8, 140.77
1735470099, 242, 30, 40, 0, 0, 0.17%, 8, 0, 8, 140.67
1735470104, 242, 32, 40, 0, 0, 0.17%, 8, 0, 8, 144.56
1735470109, 242, 35, 40, 0, 0, 0.17%, 8, 0, 8, 160.45
1735470120, 243, 11, 40, 0, 0, 0.17%, 8, 0, 8, 149.69
1735470125, 243, 20, 40, 0, 0, 0.17%, 8, 0, 8, 144.83
1735470130, 243, 25, 40, 0, 0, 0.17%, 8, 0, 8, 138.70
1735470135, 244, 12, 40, 0, 0, 0.17%, 8, 0, 8, 134.92
1735470140, 244, 20, 40, 0, 0, 0.17%, 8, 0, 8, 138.63
1735470145, 244, 25, 40, 0, 0, 0.17%, 8, 0, 8, 143.22
1735470151, 244, 30, 40, 0, 0, 0.17%, 8, 0, 8, 143.04
1735470156, 245, 12, 40, 0, 0, 0.17%, 8, 0, 8, 141.52
1735470161, 245, 20, 40, 0, 0, 0.17%, 8, 0, 8, 147.56
1735470166, 245, 25, 40, 0, 0, 0.17%, 8, 0, 8, 150.17
1735470171, 245, 29, 40, 0, 0, 0.17%, 8, 0, 8, 144.66
1735470176, 246, 12, 40, 0, 0, 0.17%, 8, 0, 8, 136.56
1735470181, 246, 20, 40, 0, 0, 0.17%, 8, 0, 8, 147.48
1735470187, 246, 21, 40, 0, 0, 0.17%, 8, 0, 8, 141.72
1735470192, 246, 25, 40, 0, 0, 0.17%, 8, 0, 8, 141.12
1735470197, 246, 27, 40, 0, 0, 0.17%, 8, 0, 8, 154.84
1735470202, 246, 33, 40, 0, 0, 0.17%, 8, 0, 8, 159.83
1735470212, 246, 35, 40, 0, 0, 0.17%, 8, 0, 8, 170.09
1735470222, 247, 12, 40, 0, 0, 0.17%, 8, 0, 8, 141.58
1735470227, 247, 25, 40, 0, 0, 0.17%, 8, 0, 8, 148.56
1735470232, 247, 38, 40, 0, 0, 0.17%, 8, 0, 8, 156.64
1735470243, 248, 12, 40, 0, 0, 0.17%, 8, 0, 8, 141.22
1735470248, 248, 14, 40, 0, 0, 0.17%, 8, 0, 8, 134.64
1735470253, 248, 20, 40, 0, 0, 0.17%, 8, 0, 8, 136.33
1735470258, 248, 25, 40, 0, 0, 0.17%, 8, 0, 8, 135.92
1735470263, 249, 12, 40, 0, 0, 0.17%, 8, 0, 8, 135.65
1735470268, 249, 20, 40, 0, 0, 0.17%, 8, 0, 8, 145.83
1735470273, 249, 25, 40, 0, 0, 0.17%, 8, 0, 8, 144.21
1735470279, 249, 28, 40, 0, 0, 0.17%, 8, 0, 8, 137.74
1735470284, 250, 11, 40, 0, 0, 0.17%, 8, 0, 8, 143.89
1735470289, 250, 20, 40, 0, 0, 0.17%, 8, 0, 8, 142.88
1735470294, 250, 25, 40, 0, 0, 0.17%, 8, 0, 8, 145.19
1735470299, 250, 27, 40, 0, 0, 0.17%, 8, 0, 8, 152.90
1735470304, 251, 12, 40, 0, 0, 0.17%, 8, 0, 8, 148.18
1735470309, 251, 20, 40, 0, 0, 0.17%, 8, 0, 8, 139.90
1735470314, 251, 25, 40, 0, 0, 0.17%, 8, 0, 8, 141.68
1735470319, 252, 12, 40, 0, 0, 0.17%, 8, 0, 8, 136.33
1735470325, 252, 17, 40, 0, 0, 0.17%, 8, 0, 8, 147.47
1735470330, 252, 20, 40, 0, 0, 0.17%, 8, 0, 8, 143.70
1735470335, 252, 25, 40, 0, 0, 0.17%, 8, 0, 8, 144.00
1735470340, 252, 27, 40, 0, 0, 0.17%, 8, 0, 8, 153.76
1735470345, 252, 38, 40, 0, 0, 0.17%, 8, 0, 8, 153.77
1735470350, 253, 11, 40, 0, 0, 0.17%, 8, 0, 8, 139.34
1735470355, 253, 20, 40, 0, 0, 0.17%, 8, 0, 8, 136.17
1735470360, 253, 25, 40, 0, 0, 0.17%, 8, 0, 8, 140.47
1735470366, 254, 7, 40, 0, 0, 0.17%, 8, 0, 8, 145.27
1735470371, 254, 20, 40, 0, 0, 0.17%, 8, 0, 8, 143.07
1735470376, 254, 25, 40, 0, 0, 0.17%, 8, 0, 8, 140.40
1735470381, 255, 11, 40, 0, 0, 0.17%, 8, 0, 8, 143.82
1735470386, 255, 15, 40, 0, 0, 0.17%, 8, 0, 8, 140.16
1735470391, 255, 20, 40, 0, 0, 0.17%, 8, 0, 8, 144.90
1735470396, 255, 25, 40, 0, 0, 0.17%, 8, 0, 8, 140.91
1735470402, 256, 11, 40, 0, 0, 0.17%, 8, 0, 8, 139.20
1735470407, 256, 20, 40, 0, 0, 0.17%, 8, 0, 8, 141.80
1735470412, 256, 23, 40, 0, 0, 0.17%, 8, 0, 8, 138.77
1735470417, 256, 25, 40, 0, 0, 0.17%, 8, 0, 8, 140.56
1735470422, 256, 26, 40, 0, 0, 0.17%, 8, 0, 8, 138.04
1735470427, 257, 4, 40, 0, 0, 0.17%, 8, 0, 8, 137.09
1735470432, 257, 12, 40, 0, 0, 0.17%, 8, 0, 8, 140.93
1735470438, 257, 20, 40, 0, 0, 0.17%, 8, 0, 8, 132.45
1735470443, 257, 24, 40, 0, 0, 0.17%, 8, 0, 8, 137.46
1735470448, 257, 25, 40, 0, 0, 0.17%, 8, 0, 8, 137.93
1735470453, 257, 30, 40, 0, 0, 0.17%, 8, 0, 8, 145.04
1735470458, 258, 12, 40, 0, 0, 0.17%, 8, 0, 8, 133.77
1735470463, 258, 20, 40, 0, 0, 0.17%, 8, 0, 8, 147.97
1735470468, 258, 22, 40, 0, 0, 0.17%, 8, 0, 8, 140.50
1735470474, 258, 25, 40, 0, 0, 0.17%, 8, 0, 8, 143.46
1735470479, 259, 8, 40, 0, 0, 0.17%, 8, 0, 8, 141.39
1735470484, 259, 11, 40, 0, 0, 0.17%, 8, 0, 8, 139.55
1735470489, 259, 20, 40, 0, 0, 0.17%, 8, 0, 8, 144.02
1735470494, 259, 21, 40, 0, 0, 0.17%, 8, 0, 8, 138.18
1735470499, 259, 22, 40, 0, 0, 0.17%, 8, 0, 8, 144.03
1735470504, 259, 25, 40, 0, 0, 0.17%, 8, 0, 8, 141.81
1735470510, 260, 11, 40, 0, 0, 0.17%, 8, 0, 8, 140.14
1735470515, 260, 16, 40, 0, 0, 0.17%, 8, 0, 8, 134.75
1735470520, 260, 17, 40, 0, 0, 0.17%, 8, 0, 8, 142.88
1735470525, 260, 20, 40, 0, 0, 0.17%, 8, 0, 8, 136.84
1735470530, 260, 25, 40, 0, 0, 0.17%, 8, 0, 8, 140.31
1735470535, 260, 28, 40, 0, 0, 0.17%, 8, 0, 8, 155.49
1735470540, 261, 11, 40, 0, 0, 0.17%, 8, 0, 8, 145.63
1735470545, 261, 13, 40, 0, 0, 0.17%, 8, 0, 8, 145.97
1735470550, 261, 20, 40, 0, 0, 0.17%, 8, 0, 8, 135.81
1735470556, 261, 25, 40, 0, 0, 0.17%, 8, 0, 8, 134.09
1735470566, 261, 34, 40, 0, 0, 0.17%, 8, 0, 8, 153.85
1735470576, 262, 12, 40, 0, 0, 0.17%, 8, 0, 8, 141.40
1735470581, 262, 20, 40, 0, 0, 0.17%, 8, 0, 8, 135.58
1735470586, 262, 25, 40, 0, 0, 0.17%, 8, 0, 8, 151.03
1735470591, 263, 20, 40, 0, 0, 0.17%, 8, 0, 8, 135.83
1735470596, 263, 24, 40, 0, 0, 0.17%, 8, 0, 8, 144.26
1735470606, 263, 30, 40, 0, 0, 0.17%, 8, 0, 8, 141.99
1735470611, 264, 0, 40, 0, 0, 0.17%, 8, 0, 8, 138.10
1735470617, 264, 12, 40, 0, 0, 0.17%, 8, 0, 8, 136.02
1735470622, 264, 17, 40, 0, 0, 0.17%, 8, 0, 8, 135.13
1735470627, 264, 20, 40, 0, 0, 0.17%, 8, 0, 8, 143.86
1735470632, 264, 25, 40, 0, 0, 0.17%, 8, 0, 8, 147.41
1735470637, 264, 34, 40, 0, 0, 0.17%, 8, 0, 8, 158.75
1735470648, 265, 11, 40, 0, 0, 0.17%, 8, 0, 8, 143.43
1735470653, 265, 16, 40, 0, 0, 0.17%, 8, 0, 8, 140.50
1735470658, 265, 20, 40, 0, 0, 0.17%, 8, 0, 8, 151.49
1735470663, 265, 25, 40, 0, 0, 0.17%, 8, 0, 8, 143.57
1735470668, 265, 31, 40, 0, 0, 0.17%, 8, 0, 8, 150.74
1735470673, 265, 36, 40, 0, 0, 0.17%, 8, 0, 8, 141.29
1735470688, 266, 12, 40, 0, 0, 0.17%, 8, 0, 8, 137.97
1735470693, 266, 20, 40, 0, 0, 0.17%, 8, 0, 8, 145.74
1735470698, 266, 25, 40, 0, 0, 0.17%, 8, 0, 8, 146.47
1735470704, 267, 10, 40, 0, 0, 0.17%, 8, 0, 8, 142.37
1735470709, 267, 12, 40, 0, 0, 0.17%, 8, 0, 8, 138.87
1735470714, 267, 20, 40, 0, 0, 0.17%, 8, 0, 8, 136.94
1735470719, 267, 25, 40, 0, 0, 0.17%, 8, 0, 8, 142.62
1735470724, 268, 12, 40, 0, 0, 0.17%, 8, 0, 8, 130.47
1735470729, 268, 16, 40, 0, 0, 0.17%, 8, 0, 8, 140.00
1735470734, 268, 20, 40, 0, 0, 0.17%, 8, 0, 8, 147.84
1735470739, 268, 25, 40, 0, 0, 0.17%, 8, 0, 8, 147.80
1735470745, 269, 20, 40, 0, 0, 0.17%, 8, 0, 8, 143.16
1735470750, 269, 25, 40, 0, 0, 0.17%, 8, 0, 8, 145.61
1735470755, 269, 30, 40, 0, 0, 0.17%, 8, 0, 8, 152.27
1735470760, 270, 2, 40, 0, 0, 0.17%, 8, 0, 8, 142.30
1735470765, 270, 12, 40, 0, 0, 0.17%, 8, 0, 8, 143.16
1735470770, 270, 18, 40, 0, 0, 0.17%, 8, 0, 8, 135.79
1735470775, 270, 20, 40, 0, 0, 0.17%, 8, 0, 8, 138.12
1735470781, 270, 25, 40, 0, 0, 0.17%, 8, 0, 8, 138.55
1735470786, 270, 38, 40, 0, 0, 0.17%, 8, 0, 8, 149.38
1735470791, 271, 10, 40, 0, 0, 0.17%, 8, 0, 8, 148.12
1735470796, 271, 12, 40, 0, 0, 0.17%, 8, 0, 8, 138.38
1735470801, 271, 20, 40, 0, 0, 0.17%, 8, 0, 8, 137.51
1735470806, 271, 25, 40, 0, 0, 0.17%, 8, 0, 8, 143.68
1735470811, 271, 28, 40, 0, 0, 0.17%, 8, 0, 8, 146.61
1735470816, 272, 12, 40, 0, 0, 0.17%, 8, 0, 8, 138.46
1735470822, 272, 20, 40, 0, 0, 0.17%, 8, 0, 8, 143.55
1735470827, 272, 25, 40, 0, 0, 0.17%, 8, 0, 8, 146.74
1735470832, 273, 12, 40, 0, 0, 0.17%, 8, 0, 8, 139.48
1735470837, 273, 20, 40, 0, 0, 0.17%, 8, 0, 8, 139.68
1735470842, 273, 21, 40, 0, 0, 0.17%, 8, 0, 8, 138.55
1735470847, 273, 25, 40, 0, 0, 0.17%, 8, 0, 8, 141.21
1735470852, 273, 38, 40, 0, 0, 0.17%, 8, 0, 8, 153.60
1735470862, 274, 11, 40, 0, 0, 0.17%, 8, 0, 8, 137.55
1735470868, 274, 20, 40, 0, 0, 0.17%, 8, 0, 8, 141.94
1735470873, 274, 25, 40, 0, 0, 0.17%, 8, 0, 8, 140.34
1735470878, 275, 11, 40, 0, 0, 0.17%, 8, 0, 8, 142.53
1735470883, 275, 20, 40, 0, 0, 0.17%, 8, 0, 8, 139.14
1735470888, 275, 25, 40, 0, 0, 0.17%, 8, 0, 8, 147.97
1735470893, 276, 5, 40, 0, 0, 0.17%, 8, 0, 8, 148.16
1735470899, 276, 12, 40, 0, 0, 0.17%, 8, 0, 8, 136.11
1735470904, 276, 16, 40, 0, 0, 0.17%, 8, 0, 8, 136.89
1735470909, 276, 20, 40, 0, 0, 0.17%, 8, 0, 8, 139.59
1735470914, 276, 25, 40, 0, 0, 0.17%, 8, 0, 8, 151.49
1735470919, 276, 37, 40, 0, 0, 0.17%, 8, 0, 8, 156.72
1735470924, 277, 11, 40, 0, 0, 0.17%, 8, 0, 8, 141.86
1735470929, 277, 20, 40, 0, 0, 0.17%, 8, 0, 8, 140.61
1735470934, 277, 25, 40, 0, 0, 0.17%, 8, 0, 8, 143.38
1735470939, 277, 28, 40, 0, 0, 0.17%, 8, 0, 8, 151.56
1735470944, 277, 30, 40, 0, 0, 0.17%, 8, 0, 8, 143.91
1735470950, 278, 11, 40, 0, 0, 0.17%, 8, 0, 8, 139.70
1735470955, 278, 20, 40, 0, 0, 0.17%, 8, 0, 8, 144.33
1735470960, 278, 25, 40, 0, 0, 0.17%, 8, 0, 8, 147.45
1735470965, 278, 36, 40, 0, 0, 0.17%, 8, 0, 8, 152.66
1735470975, 279, 11, 40, 0, 0, 0.17%, 8, 0, 8, 149.70
1735470981, 279, 20, 40, 0, 0, 0.17%, 8, 0, 8, 138.03
1735470986, 279, 25, 40, 0, 0, 0.17%, 8, 0, 8, 136.28
1735470991, 279, 30, 40, 0, 0, 0.17%, 8, 0, 8, 143.39
1735470996, 280, 12, 40, 0, 0, 0.17%, 8, 0, 8, 142.90
1735471001, 280, 20, 40, 0, 0, 0.17%, 8, 0, 8, 143.96
1735471006, 280, 25, 40, 0, 0, 0.17%, 8, 0, 8, 146.20
1735471011, 281, 11, 40, 0, 0, 0.17%, 8, 0, 8, 139.13
1735471017, 281, 17, 40, 0, 0, 0.17%, 8, 0, 8, 139.47
1735471022, 281, 20, 40, 0, 0, 0.17%, 8, 0, 8, 133.12
1735471027, 281, 25, 40, 0, 0, 0.17%, 8, 0, 8, 143.10
1735471032, 282, 11, 40, 0, 0, 0.17%, 8, 0, 8, 133.08
1735471037, 282, 14, 40, 0, 0, 0.17%, 8, 0, 8, 140.39
1735471042, 282, 20, 40, 0, 0, 0.17%, 8, 0, 8, 147.65
1735471048, 282, 21, 40, 0, 0, 0.17%, 8, 0, 8, 146.82
1735471053, 282, 25, 40, 0, 0, 0.17%, 8, 0, 8, 143.27
1735471058, 283, 4, 40, 0, 0, 0.17%, 8, 0, 8, 142.70
1735471063, 283, 12, 40, 0, 0, 0.17%, 8, 0, 8, 142.59
1735471068, 283, 20, 40, 0, 0, 0.17%, 8, 0, 8, 137.98
1735471073, 283, 25, 40, 0, 0, 0.17%, 8, 0, 8, 134.48
1735471078, 283, 34, 40, 0, 0, 0.17%, 8, 0, 8, 147.13
1735471094, 284, 12, 40, 0, 0, 0.17%, 8, 0, 8, 142.08
1735471099, 284, 25, 40, 0, 0, 0.17%, 8, 0, 8, 143.51
1735471104, 285, 11, 40, 0, 0, 0.17%, 8, 0, 8, 148.01
1735471109, 285, 20, 40, 0, 0, 0.17%, 8, 0, 8, 137.77
1735471114, 285, 25, 40, 0, 0, 0.17%, 8, 0, 8, 140.48
1735471119, 286, 11, 40, 0, 0, 0.17%, 8, 0, 8, 149.95
1735471124, 286, 15, 40, 0, 0, 0.17%, 8, 0, 8, 143.40
1735471130, 286, 20, 40, 0, 0, 0.17%, 8, 0, 8, 134.87
1735471135, 286, 25, 40, 0, 0, 0.17%, 8, 0, 8, 142.28
1735471140, 286, 38, 40, 0, 0, 0.17%, 8, 0, 8, 153.32
1735471150, 287, 12, 40, 0, 0, 0.17%, 8, 0, 8, 139.35
1735471155, 287, 20, 40, 0, 0, 0.17%, 8, 0, 8, 141.26
1735471160, 287, 24, 40, 0, 0, 0.17%, 8, 0, 8, 150.09
1735471165, 287, 25, 40, 0, 0, 0.17%, 8, 0, 8, 147.49
1735471171, 288, 12, 40, 0, 0, 0.17%, 8, 0, 8, 140.76
1735471176, 288, 25, 40, 0, 0, 0.17%, 8, 0, 8, 143.29
1735471181, 288, 30, 40, 0, 0, 0.17%, 8, 0, 8, 144.05
1735471191, 289, 12, 40, 0, 0, 0.17%, 8, 0, 8, 140.16
1735471196, 289, 20, 40, 0, 0, 0.17%, 8, 0, 8, 141.11
1735471202, 289, 25, 40, 0, 0, 0.17%, 8, 0, 8, 141.54
1735471207, 289, 33, 40, 0, 0, 0.17%, 8, 0, 8, 151.65
1735471212, 290, 5, 40, 0, 0, 0.17%, 8, 0, 8, 145.70
1735471217, 290, 12, 40, 0, 0, 0.17%, 8, 0, 8, 141.14
1735471222, 290, 20, 40, 0, 0, 0.17%, 8, 0, 8, 143.50
1735471227, 290, 25, 40, 0, 0, 0.17%, 8, 0, 8, 147.24
1735471232, 290, 27, 40, 0, 0, 0.17%, 8, 0, 8, 154.99
1735471237, 290, 36, 40, 0, 0, 0.17%, 8, 0, 8, 142.89
1735471248, 291, 11, 40, 0, 0, 0.17%, 8, 0, 8, 143.80
1735471253, 291, 13, 40, 0, 0, 0.17%, 8, 0, 8, 141.69
1735471258, 291, 19, 40, 0, 0, 0.17%, 8, 0, 8, 141.61
1735471263, 291, 20, 40, 0, 0, 0.17%, 8, 0, 8, 142.19
1735471268, 291, 25, 40, 0, 0, 0.17%, 8, 0, 8, 147.37
1735471273, 291, 30, 40, 0, 0, 0.17%, 8, 0, 8, 140.97
1735471278, 291, 37, 40, 0, 0, 0.17%, 8, 0, 8, 148.21
1735471289, 292, 12, 40, 0, 0, 0.17%, 8, 0, 8, 140.56
1735471294, 292, 20, 40, 0, 0, 0.17%, 8, 0, 8, 133.58
1735471299, 292, 25, 40, 0, 0, 0.17%, 8, 0, 8, 145.20
1735471304, 292, 27, 40, 0, 0, 0.17%, 8, 0, 8, 152.01
1735471309, 292, 38, 40, 0, 0, 0.17%, 8, 0, 8, 151.34
1735471314, 293, 4, 40, 0, 0, 0.17%, 8, 0, 8, 137.09
1735471320, 293, 12, 40, 0, 0, 0.17%, 8, 0, 8, 133.88
1735471325, 293, 20, 40, 0, 0, 0.17%, 8, 0, 8, 146.91
1735471330, 293, 25, 40, 0, 0, 0.17%, 8, 0, 8, 150.65
1735471335, 294, 12, 40, 0, 0, 0.17%, 8, 0, 8, 146.30
1735471340, 294, 21, 40, 0, 0, 0.17%, 8, 0, 8, 139.00
1735471351, 294, 25, 40, 0, 0, 0.17%, 8, 0, 8, 146.52
1735471356, 295, 12, 40, 0, 0, 0.17%, 8, 0, 8, 133.99
1735471361, 295, 20, 40, 0, 0, 0.17%, 8, 0, 8, 142.83
1735471366, 295, 24, 40, 0, 0, 0.17%, 8, 0, 8, 140.43
1735471371, 295, 25, 40, 0, 0, 0.17%, 8, 0, 8, 146.36
1735471376, 296, 12, 40, 0, 0, 0.17%, 8, 0, 8, 134.62
1735471381, 296, 25, 40, 0, 0, 0.17%, 8, 0, 8, 141.00
1735471387, 297, 9, 40, 0, 0, 0.17%, 8, 0, 8, 145.27
1735471392, 297, 12, 40, 0, 0, 0.17%, 8, 0, 8, 136.85
1735471397, 297, 20, 40, 0, 0, 0.17%, 8, 0, 8, 135.23
1735471402, 297, 25, 40, 0, 0, 0.17%, 8, 0, 8, 148.23
1735471407, 298, 12, 40, 0, 0, 0.17%, 8, 0, 8, 141.82
1735471412, 298, 20, 40, 0, 0, 0.17%, 8, 0, 8, 144.35
1735471417, 298, 25, 40, 0, 0, 0.17%, 8, 0, 8, 140.67
1735471423, 298, 26, 40, 0, 0, 0.17%, 8, 0, 8, 138.97
1735471428, 299, 12, 40, 0, 0, 0.17%, 8, 0, 8, 136.33
1735471433, 299, 20, 40, 0, 0, 0.17%, 8, 0, 8, 144.95
1735471438, 299, 25, 40, 0, 0, 0.17%, 8, 0, 8, 143.83
1735471443, 300, 14, 40, 0, 0, 0.17%, 8, 0, 8, 137.50
1735471454, 300, 20, 40, 0, 0, 0.17%, 8, 0, 8, 143.04
1735471459, 301, 4, 40, 0, 0, 0.17%, 8, 0, 8, 142.15
1735471464, 301, 11, 40, 0, 0, 0.17%, 8, 0, 8, 138.75
1735471469, 301, 20, 40, 0, 0, 0.17%, 8, 0, 8, 143.32
1735471474, 301, 22, 40, 0, 0, 0.17%, 8, 0, 8, 141.60
1735471479, 301, 25, 40, 0, 0, 0.17%, 8, 0, 8, 150.68
1735471484, 302, 12, 40, 0, 0, 0.17%, 8, 0, 8, 140.78
1735471489, 302, 20, 40, 0, 0, 0.17%, 8, 0, 8, 142.50
1735471495, 302, 25, 40, 0, 0, 0.17%, 8, 0, 8, 140.86
1735471500, 303, 12, 40, 0, 0, 0.17%, 8, 0, 8, 135.67
1735471505, 303, 20, 40, 0, 0, 0.17%, 8, 0, 8, 140.69
1735471510, 303, 25, 40, 0, 0, 0.17%, 8, 0, 8, 140.93
1735471515, 303, 31, 40, 0, 0, 0.17%, 8, 0, 8, 143.95
1735471520, 304, 11, 40, 0, 0, 0.17%, 8, 0, 8, 146.77
1735471525, 304, 14, 40, 0, 0, 0.17%, 8, 0, 8, 141.88
1735471530, 304, 19, 40, 0, 0, 0.17%, 8, 0, 8, 144.45
1735471536, 304, 20, 40, 0, 0, 0.17%, 8, 0, 8, 139.66
1735471541, 304, 25, 40, 0, 0, 0.17%, 8, 0, 8, 137.00
1735471546, 305, 11, 40, 0, 0, 0.17%, 8, 0, 8, 137.56
1735471551, 305, 20, 40, 0, 0, 0.17%, 8, 0, 8, 141.06
1735471556, 305, 25, 40, 0, 0, 0.17%, 8, 0, 8, 145.12
1735471561, 306, 5, 40, 0, 0, 0.17%, 8, 0, 8, 147.55
1735471566, 306, 12, 40, 0, 0, 0.17%, 8, 0, 8, 141.04
1735471571, 306, 20, 40, 0, 0, 0.17%, 8, 0, 8, 146.44
1735471576, 306, 25, 40, 0, 0, 0.17%, 8, 0, 8, 138.06
1735471582, 307, 12, 40, 0, 0, 0.17%, 8, 0, 8, 137.15
1735471587, 307, 20, 40, 0, 0, 0.17%, 8, 0, 8, 142.76
1735471592, 307, 21, 40, 0, 0, 0.17%, 8, 0, 8, 149.24
1735471597, 307, 25, 40, 0, 0, 0.17%, 8, 0, 8, 146.98
1735471602, 308, 11, 40, 0, 0, 0.17%, 8, 0, 8, 136.94
1735471607, 308, 20, 40, 0, 0, 0.17%, 8, 0, 8, 141.91
1735471613, 308, 25, 40, 0, 0, 0.17%, 8, 0, 8, 137.97
1735471618, 308, 35, 40, 0, 0, 0.17%, 8, 0, 8, 160.80
1735471628, 309, 11, 40, 0, 0, 0.17%, 8, 0, 8, 140.23
1735471633, 309, 20, 40, 0, 0, 0.17%, 8, 0, 8, 142.40
1735471638, 309, 25, 40, 0, 0, 0.17%, 8, 0, 8, 137.66
1735471643, 309, 26, 40, 0, 0, 0.17%, 8, 0, 8, 141.03
1735471648, 309, 28, 40, 0, 0, 0.17%, 8, 0, 8, 141.51
1735471653, 309, 37, 40, 0, 0, 0.17%, 8, 0, 8, 155.05
1735471659, 310, 11, 40, 0, 0, 0.17%, 8, 0, 8, 143.40
1735471664, 310, 14, 40, 0, 0, 0.17%, 8, 0, 8, 149.35
1735471669, 310, 20, 40, 0, 0, 0.17%, 8, 0, 8, 142.37
1735471674, 310, 25, 40, 0, 0, 0.17%, 8, 0, 8, 135.77
1735471679, 310, 30, 40, 0, 0, 0.17%, 8, 0, 8, 143.51
1735471684, 311, 11, 40, 0, 0, 0.17%, 8, 0, 8, 139.75
1735471690, 311, 20, 40, 0, 0, 0.17%, 8, 0, 8, 141.32
1735471695, 311, 22, 40, 0, 0, 0.17%, 8, 0, 8, 141.47
1735471700, 311, 25, 40, 0, 0, 0.17%, 8, 0, 8, 146.06
1735471705, 311, 30, 40, 0, 0, 0.17%, 8, 0, 8, 144.57
1735471710, 312, 11, 40, 0, 0, 0.17%, 8, 0, 8, 138.66
1735471715, 312, 20, 40, 0, 0, 0.17%, 8, 0, 8, 147.05
1735471721, 312, 25, 40, 0, 0, 0.17%, 8, 0, 8, 140.88
1735471726, 312, 35, 40, 0, 0, 0.17%, 8, 0, 8, 153.67
1735471736, 313, 8, 40, 0, 0, 0.17%, 8, 0, 8, 131.37
1735471741, 313, 12, 40, 0, 0, 0.17%, 8, 0, 8, 132.84
1735471746, 313, 20, 40, 0, 0, 0.17%, 8, 0, 8, 145.91
1735471751, 313, 25, 40, 0, 0, 0.17%, 8, 0, 8, 146.19
1735471756, 313, 33, 40, 0, 0, 0.17%, 8, 0, 8, 150.57
1735471761, 314, 4, 40, 0, 0, 0.17%, 8, 0, 8, 143.39
1735471766, 314, 12, 40, 0, 0, 0.17%, 8, 0, 8, 135.86
1735471772, 314, 20, 40, 0, 0, 0.17%, 8, 0, 8, 136.47
1735471777, 314, 25, 40, 0, 0, 0.17%, 8, 0, 8, 146.83
1735471782, 315, 12, 40, 0, 0, 0.17%, 8, 0, 8, 138.07
1735471787, 315, 25, 40, 0, 0, 0.17%, 8, 0, 8, 142.76
1735471792, 315, 39, 40, 0, 0, 0.17%, 8, 0, 8, 145.10
1735471803, 316, 12, 40, 0, 0, 0.17%, 8, 0, 8, 135.36
1735471808, 316, 14, 40, 0, 0, 0.17%, 8, 0, 8, 140.72
1735471813, 316, 20, 40, 0, 0, 0.17%, 8, 0, 8, 134.28
1735471818, 316, 25, 40, 0, 0, 0.17%, 8, 0, 8, 136.11
1735471823, 316, 29, 40, 0, 0, 0.17%, 8, 0, 8, 146.31
1735471829, 316, 32, 40, 0, 0, 0.17%, 8, 0, 8, 150.13
1735471834, 316, 37, 40, 0, 0, 0.17%, 8, 0, 8, 146.84
1735471839, 317, 7, 40, 0, 0, 0.17%, 8, 0, 8, 139.84
1735471844, 317, 15, 40, 0, 0, 0.17%, 8, 0, 8, 140.09
1735471849, 317, 20, 40, 0, 0, 0.17%, 8, 0, 8, 136.78
