# unix_time, cycles_done, cur_path, paths_total, pending_total, pending_favs, map_size, unique_crashes, unique_hangs, max_depth, execs_per_sec
1735094087, 0, 0, 10, 10, 1, 0.01%, 0, 0, 1, 84.12
1735094092, 0, 3, 10, 10, 1, 0.01%, 0, 0, 1, 104.24
1735094097, 0, 4, 10, 9, 0, 0.01%, 0, 0, 1, 103.07
1735094107, 0, 5, 10, 8, 0, 0.01%, 0, 0, 1, 101.20
1735094117, 0, 6, 10, 7, 0, 0.01%, 0, 0, 1, 100.44
1735094128, 0, 7, 10, 6, 0, 0.01%, 0, 0, 1, 97.98
1735094138, 0, 8, 10, 5, 0, 0.01%, 0, 0, 1, 97.81
1735094148, 0, 9, 10, 4, 0, 0.01%, 0, 0, 1, 95.80
1735094158, 1, 0, 10, 3, 0, 0.01%, 0, 0, 1, 95.30
1735094168, 1, 1, 10, 2, 0, 0.01%, 0, 0, 1, 105.47
1735094183, 1, 2, 10, 1, 0, 0.01%, 0, 0, 1, 91.37
1735094194, 1, 3, 10, 0, 0, 0.01%, 0, 0, 1, 104.59
1735094199, 1, 4, 10, 0, 0, 0.01%, 0, 0, 1, 102.69
1735094204, 1, 6, 10, 0, 0, 0.01%, 0, 0, 1, 105.00
1735094209, 1, 7, 10, 0, 0, 0.01%, 0, 0, 1, 102.37
1735094214, 1, 9, 10, 0, 0, 0.01%, 0, 0, 1, 103.37
1735094219, 2, 0, 10, 0, 0, 0.01%, 0, 0, 1, 102.65
1735094224, 2, 1, 10, 0, 0, 0.01%, 0, 0, 1, 104.66
1735094230, 2, 3, 10, 0, 0, 0.01%, 0, 0, 1, 101.81
1735094235, 2, 4, 10, 0, 0, 0.01%, 0, 0, 1, 104.53
1735094240, 2, 6, 10, 0, 0, 0.01%, 0, 0, 1, 103.21
1735094245, 2, 7, 10, 0, 0, 0.01%, 0, 0, 1, 104.74
1735094250, 2, 9, 10, 0, 0, 0.01%, 0, 0, 1, 103.40
1735094255, 3, 0, 10, 0, 0, 0.01%, 0, 0, 1, 103.76
1735094260, 3, 1, 10, 0, 0, 0.01%, 0, 0, 1, 102.38
1735094265, 3, 3, 10, 0, 0, 0.01%, 0, 0, 1, 103.04
1735094270, 3, 4, 10, 0, 0, 0.01%, 0, 0, 1, 101.60
1735094275, 3, 6, 10, 0, 0, 0.01%, 0, 0, 1, 103.48
1735094280, 3, 7, 10, 0, 0, 0.01%, 0, 0, 1, 101.99
1735094285, 3, 8, 10, 0, 0, 0.01%, 0, 0, 1, 104.45
1735094290, 4, 0, 10, 0, 0, 0.01%, 0, 0, 1, 104.14
1735094295, 4, 1, 10, 0, 0, 0.01%, 0, 0, 1, 105.76
1735094300, 4, 3, 10, 0, 0, 0.01%, 0, 0, 1, 102.68
1735094306, 4, 4, 10, 0, 0, 0.01%, 0, 0, 1, 100.46
1735094311, 4, 6, 10, 0, 0, 0.01%, 0, 0, 1, 102.70
1735094316, 4, 7, 10, 0, 0, 0.01%, 0, 0, 1, 102.83
1735094321, 4, 8, 10, 0, 0, 0.01%, 0, 0, 1, 102.70
1735094326, 5, 0, 10, 0, 0, 0.01%, 0, 0, 1, 102.57
1735094331, 5, 1, 10, 0, 0, 0.01%, 0, 0, 1, 102.80
1735094336, 5, 3, 10, 0, 0, 0.01%, 0, 0, 1, 101.70
1735094341, 5, 4, 10, 0, 0, 0.01%, 0, 0, 1, 102.95
1735094346, 5, 5, 10, 0, 0, 0.01%, 0, 0, 1, 101.77
1735094352, 5, 7, 10, 0, 0, 0.01%, 0, 0, 1, 103.42
1735094357, 5, 8, 10, 0, 0, 0.01%, 0, 0, 1, 101.31
1735094362, 6, 0, 10, 0, 0, 0.01%, 0, 0, 1, 102.07
1735094367, 6, 1, 10, 0, 0, 0.01%, 0, 0, 1, 103.75
1735094372, 6, 3, 10, 0, 0, 0.01%, 0, 0, 1, 101.02
1735094377, 6, 4, 10, 0, 0, 0.01%, 0, 0, 1, 105.23
1735094382, 6, 5, 10, 0, 0, 0.01%, 0, 0, 1, 101.74
1735094387, 6, 7, 10, 0, 0, 0.01%, 0, 0, 1, 101.62
1735094392, 6, 8, 10, 0, 0, 0.01%, 0, 0, 1, 101.42
1735094398, 7, 0, 10, 0, 0, 0.01%, 0, 0, 1, 101.85
1735094403, 7, 1, 10, 0, 0, 0.01%, 0, 0, 1, 104.23
1735094408, 7, 3, 10, 0, 0, 0.01%, 0, 0, 1, 102.07
1735094413, 7, 4, 10, 0, 0, 0.01%, 0, 0, 1, 101.39
1735094418, 7, 5, 10, 0, 0, 0.01%, 0, 0, 1, 104.31
1735094423, 7, 7, 10, 0, 0, 0.01%, 0, 0, 1, 103.99
1735094428, 7, 8, 10, 0, 0, 0.01%, 0, 0, 1, 99.01
1735094433, 8, 0, 10, 0, 0, 0.01%, 0, 0, 1, 101.19
1735094439, 8, 1, 10, 0, 0, 0.01%, 0, 0, 1, 103.42
1735094444, 8, 3, 10, 0, 0, 0.01%, 0, 0, 1, 104.63
1735094449, 8, 4, 10, 0, 0, 0.01%, 0, 0, 1, 102.45
1735094454, 8, 5, 10, 0, 0, 0.01%, 0, 0, 1, 101.83
1735094459, 8, 7, 10, 0, 0, 0.01%, 0, 0, 1, 102.61
1735094464, 8, 8, 10, 0, 0, 0.01%, 0, 0, 1, 104.28
1735094469, 9, 0, 10, 0, 0, 0.01%, 0, 0, 1, 102.30
1735094474, 9, 1, 10, 0, 0, 0.01%, 0, 0, 1, 100.28
1735094479, 9, 2, 10, 0, 0, 0.01%, 0, 0, 1, 103.49
1735094484, 9, 4, 10, 0, 0, 0.01%, 0, 0, 1, 102.75
1735094489, 9, 5, 10, 0, 0, 0.01%, 0, 0, 1, 104.45
1735094494, 9, 7, 10, 0, 0, 0.01%, 0, 0, 1, 104.43
1735094499, 9, 8, 10, 0, 0, 0.01%, 0, 0, 1, 102.29
1735094504, 10, 0, 10, 0, 0, 0.01%, 0, 0, 1, 106.19
1735094509, 10, 1, 10, 0, 0, 0.01%, 0, 0, 1, 103.90
1735094515, 10, 3, 10, 0, 0, 0.01%, 0, 0, 1, 106.03
1735094520, 10, 4, 10, 0, 0, 0.01%, 0, 0, 1, 104.02
1735094525, 10, 5, 10, 0, 0, 0.01%, 0, 0, 1, 102.96
1735094530, 10, 7, 10, 0, 0, 0.01%, 0, 0, 1, 103.46
1735094535, 10, 8, 10, 0, 0, 0.01%, 0, 0, 1, 103.76
1735094540, 11, 0, 10, 0, 0, 0.01%, 0, 0, 1, 101.86
1735094545, 11, 1, 10, 0, 0, 0.01%, 0, 0, 1, 103.32
1735094550, 11, 2, 10, 0, 0, 0.01%, 0, 0, 1, 102.43
1735094555, 11, 4, 10, 0, 0, 0.01%, 0, 0, 1, 99.92
1735094560, 11, 5, 10, 0, 0, 0.01%, 0, 0, 1, 102.87
1735094565, 11, 7, 10, 0, 0, 0.01%, 0, 0, 1, 101.33
1735094571, 11, 8, 10, 0, 0, 0.01%, 0, 0, 1, 102.58
1735094576, 12, 0, 10, 0, 0, 0.01%, 0, 0, 1, 103.01
1735094581, 12, 1, 10, 0, 0, 0.01%, 0, 0, 1, 102.95
1735094586, 12, 2, 10, 0, 0, 0.01%, 0, 0, 1, 100.85
1735094591, 12, 4, 10, 0, 0, 0.01%, 0, 0, 1, 98.42
1735094596, 12, 5, 10, 0, 0, 0.01%, 0, 0, 1, 101.29
1735094601, 12, 7, 10, 0, 0, 0.01%, 0, 0, 1, 102.75
1735094606, 12, 8, 10, 0, 0, 0.01%, 0, 0, 1, 103.60
1735094612, 12, 9, 10, 0, 0, 0.01%, 0, 0, 1, 102.75
1735094617, 13, 1, 10, 0, 0, 0.01%, 0, 0, 1, 103.37
1735094622, 13, 2, 10, 0, 0, 0.01%, 0, 0, 1, 105.30
1735094627, 13, 4, 10, 0, 0, 0.01%, 0, 0, 1, 103.78
1735094632, 13, 5, 10, 0, 0, 0.01%, 0, 0, 1, 103.34
1735094637, 13, 7, 10, 0, 0, 0.01%, 0, 0, 1, 104.67
1735094642, 13, 8, 10, 0, 0, 0.01%, 0, 0, 1, 102.72
1735094648, 14, 0, 10, 0, 0, 0.01%, 0, 0, 1, 104.61
1735094653, 14, 1, 10, 0, 0, 0.01%, 0, 0, 1, 102.39
1735094658, 14, 2, 10, 0, 0, 0.01%, 0, 0, 1, 103.82
1735094663, 14, 4, 10, 0, 0, 0.01%, 0, 0, 1, 103.47
1735094668, 14, 5, 10, 0, 0, 0.01%, 0, 0, 1, 102.77
1735094673, 14, 7, 10, 0, 0, 0.01%, 0, 0, 1, 102.75
1735094678, 14, 8, 10, 0, 0, 0.01%, 0, 0, 1, 100.65
1735094683, 15, 0, 10, 0, 0, 0.01%, 0, 0, 1, 103.15
1735094688, 15, 1, 10, 0, 0, 0.01%, 0, 0, 1, 103.36
1735094693, 15, 3, 10, 0, 0, 0.01%, 0, 0, 1, 105.91
1735094699, 15, 4, 10, 0, 0, 0.01%, 0, 0, 1, 107.78
1735094704, 15, 5, 10, 0, 0, 0.01%, 0, 0, 1, 106.28
1735094709, 15, 7, 10, 0, 0, 0.01%, 0, 0, 1, 105.62
1735094714, 15, 8, 10, 0, 0, 0.01%, 0, 0, 1, 107.38
1735094719, 16, 0, 10, 0, 0, 0.01%, 0, 0, 1, 107.81
1735094724, 16, 1, 10, 0, 0, 0.01%, 0, 0, 1, 108.20
1735094729, 16, 3, 10, 0, 0, 0.01%, 0, 0, 1, 107.78
1735094734, 16, 4, 10, 0, 0, 0.01%, 0, 0, 1, 107.07
1735094739, 16, 6, 10, 0, 0, 0.01%, 0, 0, 1, 104.63
1735094744, 16, 7, 10, 0, 0, 0.01%, 0, 0, 1, 109.73
1735094749, 16, 9, 10, 0, 0, 0.01%, 0, 0, 1, 108.08
1735094754, 17, 0, 10, 0, 0, 0.01%, 0, 0, 1, 108.93
1735094759, 17, 2, 10, 0, 0, 0.01%, 0, 0, 1, 107.06
1735094765, 17, 3, 10, 0, 0, 0.01%, 0, 0, 1, 107.71
1735094770, 17, 5, 10, 0, 0, 0.01%, 0, 0, 1, 105.41
1735094775, 17, 6, 10, 0, 0, 0.01%, 0, 0, 1, 107.05
1735094780, 17, 8, 10, 0, 0, 0.01%, 0, 0, 1, 108.97
1735094785, 17, 9, 10, 0, 0, 0.01%, 0, 0, 1, 106.48
1735094790, 18, 1, 10, 0, 0, 0.01%, 0, 0, 1, 109.12
1735094795, 18, 2, 10, 0, 0, 0.01%, 0, 0, 1, 107.89
1735094800, 18, 4, 10, 0, 0, 0.01%, 0, 0, 1, 109.27
1735094806, 18, 5, 10, 0, 0, 0.01%, 0, 0, 1, 106.90
1735094811, 18, 7, 10, 0, 0, 0.01%, 0, 0, 1, 106.92
1735094816, 18, 8, 10, 0, 0, 0.01%, 0, 0, 1, 106.79
1735094821, 19, 0, 10, 0, 0, 0.01%, 0, 0, 1, 108.03
1735094826, 19, 1, 10, 0, 0, 0.01%, 0, 0, 1, 107.55
1735094831, 19, 3, 10, 0, 0, 0.01%, 0, 0, 1, 106.44
1735094836, 19, 4, 10, 0, 0, 0.01%, 0, 0, 1, 104.66
1735094841, 19, 6, 10, 0, 0, 0.01%, 0, 0, 1, 106.80
1735094846, 19, 7, 10, 0, 0, 0.01%, 0, 0, 1, 106.40
1735094851, 19, 9, 10, 0, 0, 0.01%, 0, 0, 1, 107.35
1735094856, 20, 0, 10, 0, 0, 0.01%, 0, 0, 1, 110.11
1735094862, 20, 2, 10, 0, 0, 0.01%, 0, 0, 1, 108.47
1735094867, 20, 3, 10, 0, 0, 0.01%, 0, 0, 1, 108.42
1735094872, 20, 4, 10, 0, 0, 0.01%, 0, 0, 1, 105.64
1735094877, 20, 6, 10, 0, 0, 0.01%, 0, 0, 1, 105.56
1735094882, 20, 7, 10, 0, 0, 0.01%, 0, 0, 1, 104.96
1735094887, 20, 9, 10, 0, 0, 0.01%, 0, 0, 1, 106.06
1735094892, 21, 0, 10, 0, 0, 0.01%, 0, 0, 1, 107.19
1735094898, 21, 2, 10, 0, 0, 0.01%, 0, 0, 1, 109.98
1735094903, 21, 3, 10, 0, 0, 0.01%, 0, 0, 1, 109.05
1735094908, 21, 5, 10, 0, 0, 0.01%, 0, 0, 1, 108.10
1735094913, 21, 6, 10, 0, 0, 0.01%, 0, 0, 1, 106.94
1735094918, 21, 8, 10, 0, 0, 0.01%, 0, 0, 1, 105.61
1735094923, 21, 9, 10, 0, 0, 0.01%, 0, 0, 1, 104.58
1735094928, 22, 1, 10, 0, 0, 0.01%, 0, 0, 1, 107.76
1735094934, 22, 2, 10, 0, 0, 0.01%, 0, 0, 1, 107.96
1735094939, 22, 4, 10, 0, 0, 0.01%, 0, 0, 1, 106.16
1735094944, 22, 5, 10, 0, 0, 0.01%, 0, 0, 1, 108.18
1735094949, 22, 7, 10, 0, 0, 0.01%, 0, 0, 1, 108.47
1735094954, 22, 8, 10, 0, 0, 0.01%, 0, 0, 1, 108.67
1735094959, 23, 0, 10, 0, 0, 0.01%, 0, 0, 1, 106.26
1735094965, 23, 1, 10, 0, 0, 0.01%, 0, 0, 1, 107.10
1735094970, 23, 3, 10, 0, 0, 0.01%, 0, 0, 1, 107.75
1735094975, 23, 4, 10, 0, 0, 0.01%, 0, 0, 1, 107.77
1735094980, 23, 6, 10, 0, 0, 0.01%, 0, 0, 1, 109.72
1735094985, 23, 7, 10, 0, 0, 0.01%, 0, 0, 1, 106.14
1735094990, 23, 9, 10, 0, 0, 0.01%, 0, 0, 1, 106.54
1735094995, 24, 0, 10, 0, 0, 0.01%, 0, 0, 1, 105.44
1735095000, 24, 2, 10, 0, 0, 0.01%, 0, 0, 1, 105.02
1735095005, 24, 3, 10, 0, 0, 0.01%, 0, 0, 1, 109.89
1735095011, 24, 5, 10, 0, 0, 0.01%, 0, 0, 1, 109.12
1735095016, 24, 6, 10, 0, 0, 0.01%, 0, 0, 1, 108.41
1735095021, 24, 8, 10, 0, 0, 0.01%, 0, 0, 1, 108.91
1735095026, 24, 9, 10, 0, 0, 0.01%, 0, 0, 1, 107.56
1735095031, 25, 1, 10, 0, 0, 0.01%, 0, 0, 1, 107.57
1735095036, 25, 2, 10, 0, 0, 0.01%, 0, 0, 1, 106.90
1735095041, 25, 4, 10, 0, 0, 0.01%, 0, 0, 1, 108.41
1735095047, 25, 5, 10, 0, 0, 0.01%, 0, 0, 1, 110.92
1735095052, 25, 7, 10, 0, 0, 0.01%, 0, 0, 1, 107.84
1735095057, 25, 8, 10, 0, 0, 0.01%, 0, 0, 1, 108.11
1735095062, 26, 0, 10, 0, 0, 0.01%, 0, 0, 1, 107.64
1735095067, 26, 1, 10, 0, 0, 0.01%, 0, 0, 1, 106.67
1735095072, 26, 3, 10, 0, 0, 0.01%, 0, 0, 1, 107.20
1735095077, 26, 4, 10, 0, 0, 0.01%, 0, 0, 1, 108.46
1735095083, 26, 6, 10, 0, 0, 0.01%, 0, 0, 1, 109.54
1735095088, 26, 7, 10, 0, 0, 0.01%, 0, 0, 1, 107.35
1735095093, 26, 9, 10, 0, 0, 0.01%, 0, 0, 1, 107.67
1735095098, 27, 0, 10, 0, 0, 0.01%, 0, 0, 1, 107.47
1735095103, 27, 2, 10, 0, 0, 0.01%, 0, 0, 1, 109.78
1735095109, 27, 4, 10, 0, 0, 0.01%, 0, 0, 1, 106.00
1735095114, 27, 5, 10, 0, 0, 0.01%, 0, 0, 1, 105.67
1735095119, 27, 6, 10, 0, 0, 0.01%, 0, 0, 1, 104.66
1735095124, 27, 8, 10, 0, 0, 0.01%, 0, 0, 1, 106.61
1735095129, 28, 0, 10, 0, 0, 0.01%, 0, 0, 1, 105.90
1735095134, 28, 1, 10, 0, 0, 0.01%, 0, 0, 1, 106.28
1735095140, 28, 3, 10, 0, 0, 0.01%, 0, 0, 1, 107.34
1735095145, 28, 4, 10, 0, 0, 0.01%, 0, 0, 1, 106.41
1735095150, 28, 6, 10, 0, 0, 0.01%, 0, 0, 1, 109.41
1735095155, 28, 7, 10, 0, 0, 0.01%, 0, 0, 1, 107.38
1735095160, 28, 9, 10, 0, 0, 0.01%, 0, 0, 1, 108.83
1735095166, 29, 0, 10, 0, 0, 0.01%, 0, 0, 1, 109.95
1735095171, 29, 2, 10, 0, 0, 0.01%, 0, 0, 1, 107.63
1735095176, 29, 3, 10, 0, 0, 0.01%, 0, 0, 1, 108.29
1735095181, 29, 4, 10, 0, 0, 0.01%, 0, 0, 1, 106.81
1735095186, 29, 6, 10, 0, 0, 0.01%, 0, 0, 1, 106.70
1735095191, 29, 8, 10, 0, 0, 0.01%, 0, 0, 1, 108.70
1735095196, 29, 9, 10, 0, 0, 0.01%, 0, 0, 1, 105.14
1735095201, 30, 0, 10, 0, 0, 0.01%, 0, 0, 1, 106.92
1735095206, 30, 2, 10, 0, 0, 0.01%, 0, 0, 1, 105.58
1735095211, 30, 3, 10, 0, 0, 0.01%, 0, 0, 1, 106.95
1735095216, 30, 5, 10, 0, 0, 0.01%, 0, 0, 1, 108.58
1735095222, 30, 6, 10, 0, 0, 0.01%, 0, 0, 1, 106.64
1735095227, 30, 8, 10, 0, 0, 0.01%, 0, 0, 1, 105.76
1735095232, 30, 9, 10, 0, 0, 0.01%, 0, 0, 1, 107.61
1735095237, 31, 1, 10, 0, 0, 0.01%, 0, 0, 1, 105.54
1735095242, 31, 2, 10, 0, 0, 0.01%, 0, 0, 1, 106.84
1735095247, 31, 4, 10, 0, 0, 0.01%, 0, 0, 1, 105.40
1735095252, 31, 5, 10, 0, 0, 0.01%, 0, 0, 1, 106.32
1735095257, 31, 7, 10, 0, 0, 0.01%, 0, 0, 1, 109.18
1735095262, 31, 8, 10, 0, 0, 0.01%, 0, 0, 1, 107.38
1735095267, 32, 0, 10, 0, 0, 0.01%, 0, 0, 1, 110.11
1735095273, 32, 1, 10, 0, 0, 0.01%, 0, 0, 1, 110.01
1735095278, 32, 3, 10, 0, 0, 0.01%, 0, 0, 1, 108.67
1735095283, 32, 4, 10, 0, 0, 0.01%, 0, 0, 1, 104.73
1735095288, 32, 6, 10, 0, 0, 0.01%, 0, 0, 1, 108.28
1735095293, 32, 7, 10, 0, 0, 0.01%, 0, 0, 1, 105.94
1735095298, 32, 9, 10, 0, 0, 0.01%, 0, 0, 1, 107.65
1735095303, 33, 0, 10, 0, 0, 0.01%, 0, 0, 1, 105.09
1735095308, 33, 2, 10, 0, 0, 0.01%, 0, 0, 1, 107.01
1735095313, 33, 3, 10, 0, 0, 0.01%, 0, 0, 1, 105.02
1735095318, 33, 5, 10, 0, 0, 0.01%, 0, 0, 1, 109.40
1735095323, 33, 10, 13, 3, 1, 0.16%, 3, 0, 3, 138.93
1735095405, 33, 11, 13, 2, 2, 0.16%, 3, 0, 3, 136.60
1735095410, 33, 11, 14, 3, 2, 0.16%, 3, 0, 4, 122.09
1735095426, 33, 11, 15, 4, 2, 0.16%, 3, 0, 4, 117.44
1735095431, 33, 11, 16, 5, 2, 0.16%, 3, 0, 4, 117.20
1735095472, 33, 11, 17, 6, 2, 0.16%, 3, 0, 4, 116.52
1735095508, 33, 11, 18, 7, 2, 0.17%, 4, 0, 4, 117.23
1735095513, 33, 11, 20, 9, 2, 0.17%, 4, 0, 4, 125.72
1735095534, 33, 12, 20, 8, 2, 0.17%, 4, 0, 4, 132.52
1735095539, 33, 12, 21, 9, 2, 0.17%, 5, 0, 4, 120.59
1735095596, 33, 12, 24, 12, 2, 0.17%, 5, 0, 4, 126.88
1735095606, 33, 19, 24, 11, 2, 0.17%, 5, 0, 4, 192.90
1735095616, 33, 19, 26, 13, 2, 0.17%, 5, 0, 5, 145.56
1735095621, 33, 19, 27, 14, 2, 0.17%, 5, 0, 5, 138.24
1735095627, 33, 19, 28, 15, 2, 0.17%, 5, 0, 5, 135.07
1735095724, 33, 19, 31, 18, 2, 0.17%, 5, 0, 5, 119.39
1735095730, 33, 20, 32, 18, 2, 0.17%, 5, 0, 5, 143.46
1735095807, 33, 25, 32, 17, 1, 0.17%, 5, 0, 5, 132.62
1735095832, 33, 25, 33, 18, 1, 0.17%, 5, 0, 6, 126.76
1735095930, 33, 27, 33, 17, 0, 0.17%, 5, 0, 6, 145.73
1735095951, 33, 27, 34, 18, 0, 0.17%, 5, 0, 6, 136.22
1735096028, 33, 27, 35, 19, 0, 0.17%, 5, 0, 6, 135.26
1735096064, 34, 11, 35, 18, 0, 0.17%, 5, 0, 6, 122.36
1735096074, 34, 13, 35, 18, 0, 0.17%, 5, 0, 6, 171.35
1735096162, 34, 20, 35, 17, 0, 0.17%, 5, 0, 6, 124.76
1735096198, 34, 24, 35, 17, 0, 0.17%, 5, 0, 6, 170.63
1735096265, 34, 25, 35, 16, 0, 0.17%, 5, 0, 6, 172.44
1735096290, 34, 25, 36, 17, 0, 0.17%, 5, 0, 6, 150.92
1735096300, 34, 26, 36, 17, 0, 0.17%, 5, 0, 6, 171.71
1735096372, 34, 30, 36, 16, 0, 0.17%, 5, 0, 6, 125.13
1735096455, 34, 32, 36, 15, 0, 0.17%, 5, 0, 6, 206.35
1735096551, 34, 32, 37, 16, 0, 0.17%, 5, 0, 7, 146.07
1735096556, 35, 2, 37, 15, 0, 0.17%, 5, 0, 7, 136.72
1735096562, 35, 11, 37, 15, 0, 0.17%, 5, 0, 7, 130.77
1735096572, 35, 18, 37, 15, 0, 0.17%, 5, 0, 7, 158.06
1735096649, 35, 20, 37, 14, 0, 0.17%, 5, 0, 7, 130.91
1735096679, 35, 23, 37, 14, 0, 0.17%, 5, 0, 7, 162.45
1735096731, 35, 25, 37, 13, 0, 0.17%, 5, 0, 7, 132.19
1735096762, 35, 35, 37, 13, 0, 0.17%, 5, 0, 7, 154.24
1735096838, 36, 11, 37, 12, 0, 0.17%, 5, 0, 7, 145.36
1735096848, 36, 14, 37, 12, 0, 0.17%, 5, 0, 7, 152.23
1735096986, 36, 19, 37, 11, 0, 0.17%, 5, 0, 7, 130.73
1735097022, 36, 20, 37, 11, 0, 0.17%, 5, 0, 7, 130.64
1735097053, 36, 21, 37, 11, 0, 0.17%, 5, 0, 7, 143.50
1735097110, 36, 25, 37, 10, 0, 0.17%, 5, 0, 7, 138.75
1735097146, 36, 28, 37, 10, 0, 0.17%, 5, 0, 7, 179.45
1735097238, 37, 11, 37, 9, 0, 0.17%, 5, 0, 7, 124.06
1735097243, 37, 20, 37, 9, 0, 0.17%, 5, 0, 7, 124.08
1735097279, 37, 25, 37, 9, 0, 0.17%, 5, 0, 7, 125.86
1735097315, 38, 11, 37, 9, 0, 0.17%, 5, 0, 7, 129.41
1735097325, 38, 15, 37, 9, 0, 0.17%, 5, 0, 7, 92.56
1735097336, 38, 15, 39, 11, 0, 0.17%, 7, 0, 7, 196.55
1735098157, 38, 20, 39, 10, 0, 0.17%, 7, 0, 7, 128.08
1735098187, 38, 25, 39, 10, 0, 0.17%, 7, 0, 7, 130.21
1735098213, 39, 11, 39, 10, 0, 0.17%, 7, 0, 7, 126.32
1735098218, 39, 20, 39, 10, 0, 0.17%, 7, 0, 7, 137.21
1735098254, 39, 22, 39, 10, 0, 0.17%, 7, 0, 7, 176.58
1735098311, 39, 25, 39, 9, 0, 0.17%, 7, 0, 7, 137.14
1735098331, 39, 30, 39, 9, 0, 0.17%, 7, 0, 7, 143.96
1735098357, 39, 33, 39, 9, 0, 0.17%, 7, 0, 7, 158.70
1735098413, 40, 10, 39, 8, 0, 0.17%, 7, 0, 7, 143.20
1735098423, 40, 11, 39, 8, 0, 0.17%, 7, 0, 7, 131.48
1735098433, 40, 17, 39, 8, 0, 0.17%, 7, 0, 7, 201.39
1735098484, 40, 20, 39, 7, 0, 0.17%, 7, 0, 7, 143.72
1735098515, 40, 25, 39, 7, 0, 0.17%, 7, 0, 7, 148.53
1735098535, 40, 31, 39, 7, 0, 0.17%, 7, 0, 7, 156.35
1735098587, 40, 32, 39, 6, 0, 0.17%, 7, 0, 7, 151.20
1735098607, 41, 11, 39, 6, 0, 0.17%, 7, 0, 7, 142.19
1735098612, 41, 20, 39, 6, 0, 0.17%, 7, 0, 7, 142.10
1735098627, 41, 25, 39, 6, 0, 0.17%, 7, 0, 7, 143.74
1735098638, 41, 34, 39, 6, 0, 0.17%, 7, 0, 7, 207.34
1735098754, 41, 38, 39, 5, 0, 0.17%, 7, 0, 7, 193.12
1735098918, 42, 20, 39, 4, 0, 0.17%, 7, 0, 7, 137.09
1735098928, 42, 25, 39, 4, 0, 0.17%, 7, 0, 7, 144.38
1735098933, 42, 37, 39, 4, 0, 0.17%, 7, 0, 7, 180.26
1735099096, 43, 10, 39, 3, 0, 0.17%, 7, 0, 7, 133.66
1735099106, 43, 20, 39, 3, 0, 0.17%, 7, 0, 7, 137.20
1735099117, 43, 25, 39, 3, 0, 0.17%, 7, 0, 7, 141.62
1735099122, 43, 36, 39, 3, 0, 0.17%, 7, 0, 7, 201.34
1735099193, 43, 36, 40, 4, 0, 0.17%, 8, 0, 8, 172.54
1735099268, 44, 20, 40, 3, 0, 0.17%, 8, 0, 8, 145.21
1735099279, 44, 25, 40, 3, 0, 0.17%, 8, 0, 8, 153.10
1735099284, 44, 33, 40, 3, 0, 0.17%, 8, 0, 8, 157.20
1735099299, 44, 35, 40, 3, 0, 0.17%, 8, 0, 8, 149.81
1735099330, 45, 20, 40, 3, 0, 0.17%, 8, 0, 8, 137.86
1735099340, 45, 25, 40, 3, 0, 0.17%, 8, 0, 8, 135.02
1735099345, 45, 39, 40, 3, 0, 0.17%, 8, 0, 8, 192.14
1735099498, 46, 2, 40, 2, 0, 0.17%, 8, 0, 8, 142.59
1735099503, 46, 20, 40, 2, 0, 0.17%, 8, 0, 8, 135.86
1735099514, 46, 25, 40, 2, 0, 0.17%, 8, 0, 8, 139.80
1735099519, 46, 29, 40, 2, 0, 0.17%, 8, 0, 8, 203.95
1735099574, 47, 11, 40, 1, 0, 0.17%, 8, 0, 8, 147.06
1735099580, 47, 12, 40, 1, 0, 0.17%, 8, 0, 8, 137.71
1735099585, 47, 16, 40, 1, 0, 0.17%, 8, 0, 8, 139.45
1735099636, 47, 18, 40, 0, 0, 0.17%, 8, 0, 8, 154.92
1735099652, 47, 20, 40, 0, 0, 0.17%, 8, 0, 8, 148.96
1735099662, 47, 24, 40, 0, 0, 0.17%, 8, 0, 8, 141.04
1735099683, 47, 25, 40, 0, 0, 0.17%, 8, 0, 8, 137.83
1735099688, 47, 31, 40, 0, 0, 0.17%, 8, 0, 8, 139.26
1735099709, 47, 36, 40, 0, 0, 0.17%, 8, 0, 8, 156.18
1735099734, 48, 11, 40, 0, 0, 0.17%, 8, 0, 8, 135.72
1735099739, 48, 20, 40, 0, 0, 0.17%, 8, 0, 8, 139.08
1735099744, 48, 25, 40, 0, 0, 0.17%, 8, 0, 8, 152.93
1735099749, 48, 27, 40, 0, 0, 0.17%, 8, 0, 8, 150.39
1735099780, 49, 20, 40, 0, 0, 0.17%, 8, 0, 8, 142.82
1735099790, 49, 22, 40, 0, 0, 0.17%, 8, 0, 8, 153.53
1735099811, 49, 24, 40, 0, 0, 0.17%, 8, 0, 8, 153.32
1735099831, 49, 25, 40, 0, 0, 0.17%, 8, 0, 8, 146.30
1735099836, 50, 20, 40, 0, 0, 0.17%, 8, 0, 8, 142.16
1735099847, 50, 23, 40, 0, 0, 0.17%, 8, 0, 8, 145.73
1735099862, 50, 25, 40, 0, 0, 0.17%, 8, 0, 8, 143.14
1735099867, 51, 11, 40, 0, 0, 0.17%, 8, 0, 8, 141.88
1735099872, 51, 20, 40, 0, 0, 0.17%, 8, 0, 8, 141.78
1735099878, 51, 25, 40, 0, 0, 0.17%, 8, 0, 8, 149.22
1735099883, 51, 31, 40, 0, 0, 0.17%, 8, 0, 8, 140.87
1735099903, 52, 10, 40, 0, 0, 0.17%, 8, 0, 8, 148.39
1735099914, 52, 20, 40, 0, 0, 0.17%, 8, 0, 8, 137.90
1735099924, 52, 25, 40, 0, 0, 0.17%, 8, 0, 8, 141.39
1735099929, 53, 20, 40, 0, 0, 0.17%, 8, 0, 8, 140.79
1735099939, 53, 25, 40, 0, 0, 0.17%, 8, 0, 8, 149.40
1735099945, 54, 20, 40, 0, 0, 0.17%, 8, 0, 8, 141.54
1735099955, 54, 25, 40, 0, 0, 0.17%, 8, 0, 8, 142.17
1735099960, 54, 30, 40, 0, 0, 0.17%, 8, 0, 8, 149.96
1735099975, 55, 11, 40, 0, 0, 0.17%, 8, 0, 8, 148.00
1735099980, 55, 20, 40, 0, 0, 0.17%, 8, 0, 8, 142.70
1735099986, 55, 25, 40, 0, 0, 0.17%, 8, 0, 8, 140.91
1735099991, 56, 11, 40, 0, 0, 0.17%, 8, 0, 8, 143.61
1735099996, 56, 12, 40, 0, 0, 0.17%, 8, 0, 8, 131.88
1735100006, 56, 20, 40, 0, 0, 0.17%, 8, 0, 8, 149.13
1735100011, 56, 25, 40, 0, 0, 0.17%, 8, 0, 8, 142.80
1735100016, 56, 29, 40, 0, 0, 0.17%, 8, 0, 8, 141.79
1735100037, 57, 11, 40, 0, 0, 0.17%, 8, 0, 8, 136.01
1735100042, 57, 17, 40, 0, 0, 0.17%, 8, 0, 8, 152.44
1735100062, 57, 18, 40, 0, 0, 0.17%, 8, 0, 8, 146.39
1735100083, 57, 20, 40, 0, 0, 0.17%, 8, 0, 8, 140.09
1735100088, 57, 24, 40, 0, 0, 0.17%, 8, 0, 8, 148.86
1735100109, 57, 25, 40, 0, 0, 0.17%, 8, 0, 8, 137.13
1735100114, 58, 1, 40, 0, 0, 0.17%, 8, 0, 8, 147.31
1735100119, 58, 19, 40, 0, 0, 0.17%, 8, 0, 8, 142.50
1735100140, 58, 20, 40, 0, 0, 0.17%, 8, 0, 8, 139.41
1735100150, 58, 25, 40, 0, 0, 0.17%, 8, 0, 8, 150.36
1735100155, 58, 32, 40, 0, 0, 0.17%, 8, 0, 8, 166.28
1735100175, 59, 20, 40, 0, 0, 0.17%, 8, 0, 8, 133.48
1735100181, 59, 22, 40, 0, 0, 0.17%, 8, 0, 8, 146.31
1735100206, 59, 30, 40, 0, 0, 0.17%, 8, 0, 8, 148.12
1735100227, 60, 11, 40, 0, 0, 0.17%, 8, 0, 8, 133.06
1735100232, 60, 20, 40, 0, 0, 0.17%, 8, 0, 8, 139.61
1735100237, 60, 25, 40, 0, 0, 0.17%, 8, 0, 8, 146.90
1735100242, 60, 29, 40, 0, 0, 0.17%, 8, 0, 8, 149.16
1735100262, 61, 20, 40, 0, 0, 0.17%, 8, 0, 8, 143.27
1735100273, 61, 25, 40, 0, 0, 0.17%, 8, 0, 8, 134.37
1735100278, 62, 11, 40, 0, 0, 0.17%, 8, 0, 8, 138.75
1735100283, 62, 16, 40, 0, 0, 0.17%, 8, 0, 8, 143.80
1735100304, 62, 20, 40, 0, 0, 0.17%, 8, 0, 8, 140.18
1735100309, 62, 25, 40, 0, 0, 0.17%, 8, 0, 8, 141.44
1735100314, 62, 28, 40, 0, 0, 0.17%, 8, 0, 8, 152.59
1735100334, 63, 10, 40, 0, 0, 0.17%, 8, 0, 8, 139.71
1735100345, 63, 11, 40, 0, 0, 0.17%, 8, 0, 8, 138.74
1735100350, 63, 20, 40, 0, 0, 0.17%, 8, 0, 8, 144.78
1735100355, 63, 25, 40, 0, 0, 0.17%, 8, 0, 8, 145.27
1735100360, 64, 20, 40, 0, 0, 0.17%, 8, 0, 8, 135.45
1735100371, 64, 24, 40, 0, 0, 0.17%, 8, 0, 8, 145.76
1735100391, 64, 25, 40, 0, 0, 0.17%, 8, 0, 8, 146.95
1735100397, 65, 18, 40, 0, 0, 0.17%, 8, 0, 8, 142.61
1735100422, 65, 20, 40, 0, 0, 0.17%, 8, 0, 8, 144.38
1735100427, 65, 25, 40, 0, 0, 0.17%, 8, 0, 8, 143.45
1735100432, 65, 26, 40, 0, 0, 0.17%, 8, 0, 8, 144.29
1735100453, 66, 8, 40, 0, 0, 0.17%, 8, 0, 8, 149.23
1735100458, 66, 10, 40, 0, 0, 0.17%, 8, 0, 8, 137.47
1735100469, 66, 15, 40, 0, 0, 0.17%, 8, 0, 8, 150.13
1735100484, 66, 20, 40, 0, 0, 0.17%, 8, 0, 8, 136.74
1735100494, 66, 25, 40, 0, 0, 0.17%, 8, 0, 8, 141.57
1735100499, 67, 15, 40, 0, 0, 0.17%, 8, 0, 8, 137.86
1735100520, 67, 17, 40, 0, 0, 0.17%, 8, 0, 8, 157.57
1735100540, 67, 20, 40, 0, 0, 0.17%, 8, 0, 8, 135.78
1735100545, 67, 25, 40, 0, 0, 0.17%, 8, 0, 8, 142.82
1735100550, 68, 0, 40, 0, 0, 0.17%, 8, 0, 8, 146.30
1735100556, 68, 20, 40, 0, 0, 0.17%, 8, 0, 8, 145.20
1735100566, 68, 32, 40, 0, 0, 0.17%, 8, 0, 8, 149.51
1735100586, 68, 33, 40, 0, 0, 0.17%, 8, 0, 8, 156.69
1735100607, 68, 37, 40, 0, 0, 0.17%, 8, 0, 8, 135.84
1735100627, 69, 20, 40, 0, 0, 0.17%, 8, 0, 8, 137.83
1735100637, 69, 25, 40, 0, 0, 0.17%, 8, 0, 8, 146.01
1735100642, 69, 28, 40, 0, 0, 0.17%, 8, 0, 8, 156.56
1735100657, 70, 11, 40, 0, 0, 0.17%, 8, 0, 8, 141.39
1735100662, 70, 20, 40, 0, 0, 0.17%, 8, 0, 8, 142.71
1735100668, 70, 22, 40, 0, 0, 0.17%, 8, 0, 8, 145.88
1735100688, 70, 25, 40, 0, 0, 0.17%, 8, 0, 8, 142.30
1735100693, 70, 26, 40, 0, 0, 0.17%, 8, 0, 8, 144.69
1735100714, 71, 11, 40, 0, 0, 0.17%, 8, 0, 8, 143.97
1735100719, 71, 20, 40, 0, 0, 0.17%, 8, 0, 8, 141.39
1735100724, 71, 25, 40, 0, 0, 0.17%, 8, 0, 8, 146.05
1735100729, 71, 26, 40, 0, 0, 0.17%, 8, 0, 8, 147.20
1735100749, 71, 39, 40, 0, 0, 0.17%, 8, 0, 8, 158.46
1735100780, 72, 17, 40, 0, 0, 0.17%, 8, 0, 8, 153.01
1735100800, 72, 20, 40, 0, 0, 0.17%, 8, 0, 8, 137.60
1735100805, 72, 25, 40, 0, 0, 0.17%, 8, 0, 8, 143.21
1735100810, 73, 11, 40, 0, 0, 0.17%, 8, 0, 8, 146.17
1735100816, 73, 16, 40, 0, 0, 0.17%, 8, 0, 8, 143.17
1735100836, 73, 20, 40, 0, 0, 0.17%, 8, 0, 8, 140.87
1735100841, 73, 25, 40, 0, 0, 0.17%, 8, 0, 8, 145.75
1735100847, 74, 11, 40, 0, 0, 0.17%, 8, 0, 8, 140.94
1735100852, 74, 20, 40, 0, 0, 0.17%, 8, 0, 8, 147.92
1735100857, 74, 24, 40, 0, 0, 0.17%, 8, 0, 8, 146.13
1735100877, 74, 25, 40, 0, 0, 0.17%, 8, 0, 8, 139.87
1735100883, 75, 11, 40, 0, 0, 0.17%, 8, 0, 8, 135.37
1735100888, 75, 20, 40, 0, 0, 0.17%, 8, 0, 8, 137.72
1735100893, 75, 25, 40, 0, 0, 0.17%, 8, 0, 8, 137.71
1735100898, 76, 11, 40, 0, 0, 0.17%, 8, 0, 8, 140.30
1735100903, 76, 20, 40, 0, 0, 0.17%, 8, 0, 8, 138.65
1735100908, 76, 25, 40, 0, 0, 0.17%, 8, 0, 8, 145.33
1735100914, 76, 26, 40, 0, 0, 0.17%, 8, 0, 8, 137.10
1735100934, 77, 11, 40, 0, 0, 0.17%, 8, 0, 8, 144.06
1735100939, 77, 18, 40, 0, 0, 0.17%, 8, 0, 8, 150.30
1735100960, 77, 20, 40, 0, 0, 0.17%, 8, 0, 8, 134.85
1735100965, 77, 25, 40, 0, 0, 0.17%, 8, 0, 8, 150.10
1735100970, 77, 27, 40, 0, 0, 0.17%, 8, 0, 8, 146.69
1735101000, 77, 32, 40, 0, 0, 0.17%, 8, 0, 8, 156.18
1735101021, 78, 20, 40, 0, 0, 0.17%, 8, 0, 8, 142.07
1735101031, 78, 25, 40, 0, 0, 0.17%, 8, 0, 8, 144.70
1735101036, 79, 12, 40, 0, 0, 0.17%, 8, 0, 8, 138.85
1735101046, 79, 20, 40, 0, 0, 0.17%, 8, 0, 8, 145.51
1735101057, 79, 25, 40, 0, 0, 0.17%, 8, 0, 8, 141.25
1735101062, 79, 34, 40, 0, 0, 0.17%, 8, 0, 8, 163.65
1735101087, 80, 4, 40, 0, 0, 0.17%, 8, 0, 8, 144.81
1735101092, 80, 20, 40, 0, 0, 0.17%, 8, 0, 8, 140.34
1735101103, 80, 25, 40, 0, 0, 0.17%, 8, 0, 8, 144.54
1735101108, 81, 19, 40, 0, 0, 0.17%, 8, 0, 8, 149.15
1735101129, 81, 20, 40, 0, 0, 0.17%, 8, 0, 8, 141.05
1735101134, 81, 25, 40, 0, 0, 0.17%, 8, 0, 8, 144.21
1735101139, 82, 7, 40, 0, 0, 0.17%, 8, 0, 8, 141.94
1735101144, 82, 20, 40, 0, 0, 0.17%, 8, 0, 8, 134.97
1735101154, 82, 25, 40, 0, 0, 0.17%, 8, 0, 8, 139.18
1735101160, 83, 11, 40, 0, 0, 0.17%, 8, 0, 8, 139.78
1735101165, 83, 20, 40, 0, 0, 0.17%, 8, 0, 8, 145.65
1735101170, 83, 25, 40, 0, 0, 0.17%, 8, 0, 8, 140.63
1735101175, 83, 38, 40, 0, 0, 0.17%, 8, 0, 8, 149.46
1735101195, 84, 11, 40, 0, 0, 0.17%, 8, 0, 8, 142.80
1735101201, 84, 20, 40, 0, 0, 0.17%, 8, 0, 8, 147.31
1735101206, 84, 21, 40, 0, 0, 0.17%, 8, 0, 8, 148.32
1735101226, 84, 25, 40, 0, 0, 0.17%, 8, 0, 8, 143.40
1735101232, 85, 11, 40, 0, 0, 0.17%, 8, 0, 8, 145.18
1735101237, 85, 20, 40, 0, 0, 0.17%, 8, 0, 8, 145.58
1735101242, 85, 24, 40, 0, 0, 0.17%, 8, 0, 8, 150.61
1735101262, 85, 25, 40, 0, 0, 0.17%, 8, 0, 8, 135.78
1735101267, 86, 20, 40, 0, 0, 0.17%, 8, 0, 8, 138.88
1735101278, 86, 25, 40, 0, 0, 0.17%, 8, 0, 8, 145.42
1735101283, 86, 36, 40, 0, 0, 0.17%, 8, 0, 8, 153.03
1735101308, 87, 9, 40, 0, 0, 0.17%, 8, 0, 8, 158.36
1735101313, 87, 20, 40, 0, 0, 0.17%, 8, 0, 8, 141.32
1735101324, 87, 21, 40, 0, 0, 0.17%, 8, 0, 8, 140.72
1735101344, 87, 25, 40, 0, 0, 0.17%, 8, 0, 8, 142.74
1735101349, 87, 28, 40, 0, 0, 0.17%, 8, 0, 8, 161.36
1735101365, 88, 11, 40, 0, 0, 0.17%, 8, 0, 8, 146.69
1735101370, 88, 16, 40, 0, 0, 0.17%, 8, 0, 8, 138.36
1735101390, 88, 20, 40, 0, 0, 0.17%, 8, 0, 8, 135.14
1735101396, 88, 25, 40, 0, 0, 0.17%, 8, 0, 8, 132.88
1735101401, 88, 34, 40, 0, 0, 0.17%, 8, 0, 8, 142.27
1735101431, 88, 35, 40, 0, 0, 0.17%, 8, 0, 8, 149.11
1735101462, 89, 19, 40, 0, 0, 0.17%, 8, 0, 8, 138.47
1735101483, 89, 20, 40, 0, 0, 0.17%, 8, 0, 8, 150.97
1735101488, 89, 24, 40, 0, 0, 0.17%, 8, 0, 8, 146.45
1735101508, 89, 25, 40, 0, 0, 0.17%, 8, 0, 8, 143.65
1735101514, 90, 6, 40, 0, 0, 0.17%, 8, 0, 8, 139.07
1735101519, 90, 12, 40, 0, 0, 0.17%, 8, 0, 8, 136.28
1735101529, 90, 20, 40, 0, 0, 0.17%, 8, 0, 8, 145.98
1735101539, 90, 25, 40, 0, 0, 0.17%, 8, 0, 8, 142.35
1735101544, 90, 26, 40, 0, 0, 0.17%, 8, 0, 8, 142.81
1735101565, 90, 28, 40, 0, 0, 0.17%, 8, 0, 8, 162.62
1735101580, 90, 38, 40, 0, 0, 0.17%, 8, 0, 8, 144.02
1735101601, 90, 39, 40, 0, 0, 0.17%, 8, 0, 8, 153.33
1735101631, 91, 10, 40, 0, 0, 0.17%, 8, 0, 8, 138.26
1735101641, 91, 11, 40, 0, 0, 0.17%, 8, 0, 8, 142.52
1735101647, 91, 20, 40, 0, 0, 0.17%, 8, 0, 8, 139.59
1735101652, 91, 25, 40, 0, 0, 0.17%, 8, 0, 8, 141.19
1735101657, 92, 5, 40, 0, 0, 0.17%, 8, 0, 8, 144.09
1735101662, 92, 20, 40, 0, 0, 0.17%, 8, 0, 8, 142.43
1735101672, 92, 25, 40, 0, 0, 0.17%, 8, 0, 8, 138.11
1735101677, 92, 28, 40, 0, 0, 0.17%, 8, 0, 8, 153.41
1735101698, 92, 37, 40, 0, 0, 0.17%, 8, 0, 8, 149.83
1735101713, 93, 6, 40, 0, 0, 0.17%, 8, 0, 8, 151.35
1735101719, 93, 12, 40, 0, 0, 0.17%, 8, 0, 8, 138.46
1735101729, 93, 20, 40, 0, 0, 0.17%, 8, 0, 8, 137.35
1735101739, 93, 25, 40, 0, 0, 0.17%, 8, 0, 8, 148.92
1735101744, 94, 20, 40, 0, 0, 0.17%, 8, 0, 8, 138.42
1735101755, 94, 25, 40, 0, 0, 0.17%, 8, 0, 8, 152.56
1735101760, 94, 29, 40, 0, 0, 0.17%, 8, 0, 8, 157.75
1735101775, 94, 30, 40, 0, 0, 0.17%, 8, 0, 8, 160.49
1735101795, 94, 38, 40, 0, 0, 0.17%, 8, 0, 8, 145.12
1735101815, 95, 11, 40, 0, 0, 0.17%, 8, 0, 8, 136.61
1735101820, 95, 20, 40, 0, 0, 0.17%, 8, 0, 8, 135.03
1735101826, 95, 25, 40, 0, 0, 0.17%, 8, 0, 8, 150.11
1735101831, 95, 26, 40, 0, 0, 0.17%, 8, 0, 8, 147.02
1735101851, 95, 34, 40, 0, 0, 0.17%, 8, 0, 8, 163.00
1735101882, 96, 20, 40, 0, 0, 0.17%, 8, 0, 8, 140.76
1735101892, 96, 25, 40, 0, 0, 0.17%, 8, 0, 8, 138.78
1735101897, 96, 28, 40, 0, 0, 0.17%, 8, 0, 8, 156.56
1735101918, 97, 13, 40, 0, 0, 0.17%, 8, 0, 8, 154.78
1735101938, 97, 20, 40, 0, 0, 0.17%, 8, 0, 8, 141.44
1735101944, 97, 25, 40, 0, 0, 0.17%, 8, 0, 8, 144.93
1735101949, 97, 35, 40, 0, 0, 0.17%, 8, 0, 8, 152.83
1735101979, 98, 11, 40, 0, 0, 0.17%, 8, 0, 8, 136.23
1735101984, 98, 20, 40, 0, 0, 0.17%, 8, 0, 8, 138.01
1735101990, 98, 25, 40, 0, 0, 0.17%, 8, 0, 8, 139.09
1735101995, 98, 26, 40, 0, 0, 0.17%, 8, 0, 8, 144.15
1735102015, 99, 11, 40, 0, 0, 0.17%, 8, 0, 8, 134.67
1735102020, 99, 20, 40, 0, 0, 0.17%, 8, 0, 8, 129.95
1735102026, 99, 25, 40, 0, 0, 0.17%, 8, 0, 8, 154.61
1735102031, 99, 27, 40, 0, 0, 0.17%, 8, 0, 8, 150.30
1735102061, 99, 33, 40, 0, 0, 0.17%, 8, 0, 8, 161.45
1735102082, 100, 6, 40, 0, 0, 0.17%, 8, 0, 8, 141.38
1735102087, 100, 20, 40, 0, 0, 0.17%, 8, 0, 8, 138.51
1735102097, 100, 22, 40, 0, 0, 0.17%, 8, 0, 8, 146.88
1735102118, 100, 25, 40, 0, 0, 0.17%, 8, 0, 8, 144.04
1735102123, 101, 20, 40, 0, 0, 0.17%, 8, 0, 8, 140.80
1735102134, 101, 25, 40, 0, 0, 0.17%, 8, 0, 8, 145.82
1735102139, 102, 20, 40, 0, 0, 0.17%, 8, 0, 8, 139.10
1735102149, 102, 25, 40, 0, 0, 0.17%, 8, 0, 8, 142.23
1735102154, 102, 27, 40, 0, 0, 0.17%, 8, 0, 8, 145.89
1735102185, 103, 18, 40, 0, 0, 0.17%, 8, 0, 8, 144.45
1735102205, 103, 20, 40, 0, 0, 0.17%, 8, 0, 8, 143.17
1735102211, 103, 25, 40, 0, 0, 0.17%, 8, 0, 8, 150.56
1735102216, 104, 11, 40, 0, 0, 0.17%, 8, 0, 8, 147.04
1735102221, 104, 19, 40, 0, 0, 0.17%, 8, 0, 8, 144.93
1735102241, 104, 20, 40, 0, 0, 0.17%, 8, 0, 8, 136.13
1735102246, 104, 25, 40, 0, 0, 0.17%, 8, 0, 8, 141.66
1735102252, 105, 11, 40, 0, 0, 0.17%, 8, 0, 8, 136.98
1735102257, 105, 14, 40, 0, 0, 0.17%, 8, 0, 8, 154.53
1735102277, 105, 20, 40, 0, 0, 0.17%, 8, 0, 8, 140.72
1735102283, 105, 25, 40, 0, 0, 0.17%, 8, 0, 8, 141.45
1735102288, 105, 28, 40, 0, 0, 0.17%, 8, 0, 8, 148.61
1735102308, 106, 20, 40, 0, 0, 0.17%, 8, 0, 8, 132.66
1735102318, 106, 21, 40, 0, 0, 0.17%, 8, 0, 8, 138.94
1735102339, 106, 25, 40, 0, 0, 0.17%, 8, 0, 8, 148.33
1735102344, 107, 11, 40, 0, 0, 0.17%, 8, 0, 8, 145.06
1735102349, 107, 20, 40, 0, 0, 0.17%, 8, 0, 8, 144.16
1735102354, 107, 25, 40, 0, 0, 0.17%, 8, 0, 8, 144.97
1735102360, 108, 11, 40, 0, 0, 0.17%, 8, 0, 8, 137.19
1735102365, 108, 20, 40, 0, 0, 0.17%, 8, 0, 8, 141.78
1735102370, 108, 25, 40, 0, 0, 0.17%, 8, 0, 8, 148.38
1735102375, 108, 37, 40, 0, 0, 0.17%, 8, 0, 8, 151.06
1735102395, 109, 20, 40, 0, 0, 0.17%, 8, 0, 8, 139.87
1735102405, 109, 25, 40, 0, 0, 0.17%, 8, 0, 8, 141.66
1735102411, 110, 11, 40, 0, 0, 0.17%, 8, 0, 8, 139.88
1735102416, 110, 20, 40, 0, 0, 0.17%, 8, 0, 8, 138.69
1735102421, 110, 25, 40, 0, 0, 0.17%, 8, 0, 8, 146.80
1735102426, 111, 11, 40, 0, 0, 0.17%, 8, 0, 8, 138.31
1735102431, 111, 16, 40, 0, 0, 0.17%, 8, 0, 8, 140.09
1735102452, 111, 20, 40, 0, 0, 0.17%, 8, 0, 8, 137.34
1735102457, 111, 21, 40, 0, 0, 0.17%, 8, 0, 8, 143.98
1735102477, 111, 25, 40, 0, 0, 0.17%, 8, 0, 8, 143.08
1735102483, 112, 11, 40, 0, 0, 0.17%, 8, 0, 8, 140.67
1735102488, 112, 20, 40, 0, 0, 0.17%, 8, 0, 8, 135.70
1735102493, 112, 25, 40, 0, 0, 0.17%, 8, 0, 8, 146.78
1735102498, 112, 28, 40, 0, 0, 0.17%, 8, 0, 8, 156.95
1735102508, 112, 30, 40, 0, 0, 0.17%, 8, 0, 8, 146.58
1735102529, 112, 34, 40, 0, 0, 0.17%, 8, 0, 8, 162.24
1735102554, 112, 35, 40, 0, 0, 0.17%, 8, 0, 8, 158.74
1735102585, 113, 11, 40, 0, 0, 0.17%, 8, 0, 8, 131.10
1735102590, 113, 20, 40, 0, 0, 0.17%, 8, 0, 8, 139.65
1735102595, 113, 25, 40, 0, 0, 0.17%, 8, 0, 8, 138.90
1735102600, 113, 37, 40, 0, 0, 0.17%, 8, 0, 8, 142.01
1735102621, 114, 20, 40, 0, 0, 0.17%, 8, 0, 8, 135.16
1735102631, 114, 25, 40, 0, 0, 0.17%, 8, 0, 8, 139.36
1735102636, 115, 11, 40, 0, 0, 0.17%, 8, 0, 8, 136.05
1735102641, 115, 20, 40, 0, 0, 0.17%, 8, 0, 8, 133.72
1735102647, 115, 25, 40, 0, 0, 0.17%, 8, 0, 8, 143.93
1735102652, 115, 31, 40, 0, 0, 0.17%, 8, 0, 8, 141.65
1735102672, 116, 11, 40, 0, 0, 0.17%, 8, 0, 8, 133.11
1735102678, 116, 13, 40, 0, 0, 0.17%, 8, 0, 8, 147.97
1735102693, 116, 20, 40, 0, 0, 0.17%, 8, 0, 8, 149.44
1735102698, 116, 25, 40, 0, 0, 0.17%, 8, 0, 8, 150.05
1735102703, 116, 34, 40, 0, 0, 0.17%, 8, 0, 8, 146.18
1735102734, 117, 20, 40, 0, 0, 0.17%, 8, 0, 8, 145.95
1735102744, 117, 23, 40, 0, 0, 0.17%, 8, 0, 8, 146.04
1735102764, 117, 25, 40, 0, 0, 0.17%, 8, 0, 8, 137.58
1735102769, 118, 10, 40, 0, 0, 0.17%, 8, 0, 8, 136.68
1735102780, 118, 20, 40, 0, 0, 0.17%, 8, 0, 8, 139.62
1735102790, 118, 25, 40, 0, 0, 0.17%, 8, 0, 8, 138.85
1735102795, 119, 10, 40, 0, 0, 0.17%, 8, 0, 8, 137.46
1735102800, 119, 11, 40, 0, 0, 0.17%, 8, 0, 8, 133.35
1735102806, 119, 20, 40, 0, 0, 0.17%, 8, 0, 8, 144.82
1735102811, 119, 25, 40, 0, 0, 0.17%, 8, 0, 8, 140.58
1735102816, 120, 5, 40, 0, 0, 0.17%, 8, 0, 8, 145.69
1735102821, 120, 17, 40, 0, 0, 0.17%, 8, 0, 8, 150.91
1735102842, 120, 20, 40, 0, 0, 0.17%, 8, 0, 8, 136.69
1735102852, 120, 25, 40, 0, 0, 0.17%, 8, 0, 8, 142.32
1735102857, 121, 20, 40, 0, 0, 0.17%, 8, 0, 8, 141.64
1735102867, 121, 24, 40, 0, 0, 0.17%, 8, 0, 8, 149.82
1735102878, 121, 25, 40, 0, 0, 0.17%, 8, 0, 8, 142.90
1735102883, 122, 19, 40, 0, 0, 0.17%, 8, 0, 8, 142.21
1735102904, 122, 20, 40, 0, 0, 0.17%, 8, 0, 8, 147.35
1735102914, 122, 21, 40, 0, 0, 0.17%, 8, 0, 8, 137.74
1735102934, 122, 25, 40, 0, 0, 0.17%, 8, 0, 8, 143.05
1735102940, 122, 28, 40, 0, 0, 0.17%, 8, 0, 8, 146.00
1735102945, 122, 30, 40, 0, 0, 0.17%, 8, 0, 8, 148.64
1735102965, 122, 37, 40, 0, 0, 0.17%, 8, 0, 8, 144.32
1735102985, 123, 11, 40, 0, 0, 0.17%, 8, 0, 8, 135.29
1735102991, 123, 20, 40, 0, 0, 0.17%, 8, 0, 8, 135.19
1735102996, 123, 25, 40, 0, 0, 0.17%, 8, 0, 8, 146.01
1735103001, 124, 8, 40, 0, 0, 0.17%, 8, 0, 8, 139.71
1735103006, 124, 12, 40, 0, 0, 0.17%, 8, 0, 8, 132.49
1735103016, 124, 20, 40, 0, 0, 0.17%, 8, 0, 8, 143.64
1735103021, 124, 25, 40, 0, 0, 0.17%, 8, 0, 8, 148.80
1735103032, 125, 20, 40, 0, 0, 0.17%, 8, 0, 8, 139.17
1735103037, 125, 25, 40, 0, 0, 0.17%, 8, 0, 8, 154.01
1735103042, 126, 2, 40, 0, 0, 0.17%, 8, 0, 8, 141.15
1735103047, 126, 11, 40, 0, 0, 0.17%, 8, 0, 8, 143.42
1735103052, 126, 14, 40, 0, 0, 0.17%, 8, 0, 8, 158.40
1735103067, 126, 20, 40, 0, 0, 0.17%, 8, 0, 8, 145.96
1735103078, 126, 25, 40, 0, 0, 0.17%, 8, 0, 8, 138.60
1735103083, 126, 32, 40, 0, 0, 0.17%, 8, 0, 8, 162.34
1735103103, 127, 20, 40, 0, 0, 0.17%, 8, 0, 8, 133.92
1735103113, 127, 25, 40, 0, 0, 0.17%, 8, 0, 8, 146.28
1735103119, 127, 29, 40, 0, 0, 0.17%, 8, 0, 8, 155.06
1735103134, 128, 0, 40, 0, 0, 0.17%, 8, 0, 8, 136.37
1735103139, 128, 11, 40, 0, 0, 0.17%, 8, 0, 8, 138.54
1735103144, 128, 20, 40, 0, 0, 0.17%, 8, 0, 8, 140.25
1735103149, 128, 25, 40, 0, 0, 0.17%, 8, 0, 8, 146.95
1735103154, 128, 33, 40, 0, 0, 0.17%, 8, 0, 8, 152.71
1735103175, 129, 11, 40, 0, 0, 0.17%, 8, 0, 8, 138.24
1735103180, 129, 20, 40, 0, 0, 0.17%, 8, 0, 8, 134.09
1735103185, 129, 23, 40, 0, 0, 0.17%, 8, 0, 8, 138.80
1735103201, 129, 25, 40, 0, 0, 0.17%, 8, 0, 8, 134.30
1735103206, 130, 11, 40, 0, 0, 0.17%, 8, 0, 8, 142.42
1735103211, 130, 20, 40, 0, 0, 0.17%, 8, 0, 8, 135.57
1735103216, 130, 25, 40, 0, 0, 0.17%, 8, 0, 8, 143.51
1735103221, 131, 11, 40, 0, 0, 0.17%, 8, 0, 8, 144.74
1735103227, 131, 20, 40, 0, 0, 0.17%, 8, 0, 8, 147.56
1735103232, 131, 25, 40, 0, 0, 0.17%, 8, 0, 8, 147.80
1735103237, 131, 35, 40, 0, 0, 0.17%, 8, 0, 8, 143.19
1735103267, 131, 36, 40, 0, 0, 0.17%, 8, 0, 8, 153.52
1735103298, 131, 39, 40, 0, 0, 0.17%, 8, 0, 8, 162.52
1735103323, 132, 7, 40, 0, 0, 0.17%, 8, 0, 8, 149.56
1735103329, 132, 20, 40, 0, 0, 0.17%, 8, 0, 8, 139.22
1735103339, 132, 25, 40, 0, 0, 0.17%, 8, 0, 8, 138.59
1735103344, 133, 20, 40, 0, 0, 0.17%, 8, 0, 8, 139.76
1735103349, 133, 25, 40, 0, 0, 0.17%, 8, 0, 8, 149.91
1735103354, 133, 28, 40, 0, 0, 0.17%, 8, 0, 8, 140.12
1735103360, 134, 11, 40, 0, 0, 0.17%, 8, 0, 8, 144.35
1735103365, 134, 20, 40, 0, 0, 0.17%, 8, 0, 8, 142.02
1735103370, 134, 25, 40, 0, 0, 0.17%, 8, 0, 8, 141.23
1735103375, 135, 11, 40, 0, 0, 0.17%, 8, 0, 8, 136.34
1735103380, 135, 20, 40, 0, 0, 0.17%, 8, 0, 8, 136.88
1735103385, 135, 21, 40, 0, 0, 0.17%, 8, 0, 8, 141.67
1735103411, 135, 25, 40, 0, 0, 0.17%, 8, 0, 8, 143.85
1735103416, 135, 35, 40, 0, 0, 0.17%, 8, 0, 8, 158.67
1735103447, 136, 20, 40, 0, 0, 0.17%, 8, 0, 8, 136.62
1735103457, 136, 25, 40, 0, 0, 0.17%, 8, 0, 8, 142.78
1735103462, 137, 11, 40, 0, 0, 0.17%, 8, 0, 8, 134.36
1735103468, 137, 16, 40, 0, 0, 0.17%, 8, 0, 8, 146.08
1735103488, 137, 20, 40, 0, 0, 0.17%, 8, 0, 8, 145.10
1735103493, 137, 21, 40, 0, 0, 0.17%, 8, 0, 8, 136.96
1735103514, 137, 25, 40, 0, 0, 0.17%, 8, 0, 8, 144.14
1735103519, 137, 35, 40, 0, 0, 0.17%, 8, 0, 8, 150.93
1735103550, 138, 1, 40, 0, 0, 0.17%, 8, 0, 8, 144.27
1735103555, 138, 19, 40, 0, 0, 0.17%, 8, 0, 8, 144.89
1735103575, 138, 20, 40, 0, 0, 0.17%, 8, 0, 8, 147.27
1735103580, 138, 25, 40, 0, 0, 0.17%, 8, 0, 8, 140.45
1735103585, 139, 5, 40, 0, 0, 0.17%, 8, 0, 8, 141.91
1735103591, 139, 18, 40, 0, 0, 0.17%, 8, 0, 8, 143.18
1735103611, 139, 19, 40, 0, 0, 0.17%, 8, 0, 8, 140.69
1735103621, 139, 20, 40, 0, 0, 0.17%, 8, 0, 8, 142.44
1735103632, 139, 25, 40, 0, 0, 0.17%, 8, 0, 8, 140.56
1735103637, 140, 11, 40, 0, 0, 0.17%, 8, 0, 8, 136.37
1735103642, 140, 20, 40, 0, 0, 0.17%, 8, 0, 8, 138.45
1735103647, 140, 25, 40, 0, 0, 0.17%, 8, 0, 8, 143.89
1735103652, 141, 11, 40, 0, 0, 0.17%, 8, 0, 8, 139.52
1735103658, 141, 13, 40, 0, 0, 0.17%, 8, 0, 8, 145.66
1735103678, 141, 20, 40, 0, 0, 0.17%, 8, 0, 8, 140.55
1735103684, 141, 24, 40, 0, 0, 0.17%, 8, 0, 8, 146.56
1735103689, 141, 25, 40, 0, 0, 0.17%, 8, 0, 8, 142.66
1735103694, 142, 10, 40, 0, 0, 0.17%, 8, 0, 8, 145.23
1735103699, 142, 13, 40, 0, 0, 0.17%, 8, 0, 8, 146.67
1735103720, 142, 20, 40, 0, 0, 0.17%, 8, 0, 8, 138.29
1735103725, 142, 25, 40, 0, 0, 0.17%, 8, 0, 8, 135.26
1735103730, 142, 29, 40, 0, 0, 0.17%, 8, 0, 8, 137.60
1735103751, 143, 10, 40, 0, 0, 0.17%, 8, 0, 8, 138.45
1735103756, 143, 16, 40, 0, 0, 0.17%, 8, 0, 8, 136.90
1735103776, 143, 20, 40, 0, 0, 0.17%, 8, 0, 8, 140.96
1735103787, 143, 25, 40, 0, 0, 0.17%, 8, 0, 8, 142.48
1735103792, 143, 35, 40, 0, 0, 0.17%, 8, 0, 8, 160.71
1735103807, 143, 39, 40, 0, 0, 0.17%, 8, 0, 8, 168.62
1735103832, 144, 9, 40, 0, 0, 0.17%, 8, 0, 8, 147.20
1735103838, 144, 20, 40, 0, 0, 0.17%, 8, 0, 8, 138.21
1735103848, 144, 25, 40, 0, 0, 0.17%, 8, 0, 8, 139.03
1735103853, 145, 20, 40, 0, 0, 0.17%, 8, 0, 8, 134.42
1735103863, 145, 25, 40, 0, 0, 0.17%, 8, 0, 8, 140.65
1735103869, 145, 26, 40, 0, 0, 0.17%, 8, 0, 8, 140.68
1735103879, 146, 20, 40, 0, 0, 0.17%, 8, 0, 8, 138.51
1735103884, 146, 25, 40, 0, 0, 0.17%, 8, 0, 8, 149.21
1735103894, 147, 11, 40, 0, 0, 0.17%, 8, 0, 8, 141.24
1735103900, 147, 15, 40, 0, 0, 0.17%, 8, 0, 8, 171.64
1735103915, 147, 20, 40, 0, 0, 0.17%, 8, 0, 8, 136.63
1735103925, 147, 25, 40, 0, 0, 0.17%, 8, 0, 8, 148.05
1735103930, 147, 32, 40, 0, 0, 0.17%, 8, 0, 8, 172.67
1735103946, 147, 37, 40, 0, 0, 0.17%, 8, 0, 8, 145.73
1735103966, 147, 39, 40, 0, 0, 0.17%, 8, 0, 8, 152.91
1735103997, 148, 20, 40, 0, 0, 0.17%, 8, 0, 8, 136.63
1735104007, 148, 25, 40, 0, 0, 0.17%, 8, 0, 8, 136.40
1735104012, 149, 20, 40, 0, 0, 0.17%, 8, 0, 8, 140.51
1735104023, 149, 25, 40, 0, 0, 0.17%, 8, 0, 8, 136.73
1735104028, 149, 36, 40, 0, 0, 0.17%, 8, 0, 8, 155.66
1735104059, 150, 20, 40, 0, 0, 0.17%, 8, 0, 8, 136.87
1735104069, 150, 25, 40, 0, 0, 0.17%, 8, 0, 8, 142.62
1735104074, 150, 36, 40, 0, 0, 0.17%, 8, 0, 8, 160.81
1735104100, 151, 6, 40, 0, 0, 0.17%, 8, 0, 8, 144.74
1735104105, 151, 19, 40, 0, 0, 0.17%, 8, 0, 8, 138.07
1735104110, 151, 20, 40, 0, 0, 0.17%, 8, 0, 8, 144.80
1735104120, 151, 25, 40, 0, 0, 0.17%, 8, 0, 8, 148.98
1735104125, 151, 37, 40, 0, 0, 0.17%, 8, 0, 8, 149.67
1735104146, 152, 11, 40, 0, 0, 0.17%, 8, 0, 8, 137.79
1735104151, 152, 18, 40, 0, 0, 0.17%, 8, 0, 8, 152.48
1735104172, 152, 20, 40, 0, 0, 0.17%, 8, 0, 8, 146.36
1735104177, 152, 22, 40, 0, 0, 0.17%, 8, 0, 8, 156.00
1735104197, 152, 25, 40, 0, 0, 0.17%, 8, 0, 8, 140.61
1735104203, 153, 19, 40, 0, 0, 0.17%, 8, 0, 8, 138.60
1735104208, 153, 20, 40, 0, 0, 0.17%, 8, 0, 8, 140.12
1735104218, 153, 25, 40, 0, 0, 0.17%, 8, 0, 8, 141.96
1735104223, 153, 32, 40, 0, 0, 0.17%, 8, 0, 8, 171.82
1735104238, 154, 11, 40, 0, 0, 0.17%, 8, 0, 8, 144.74
1735104243, 154, 15, 40, 0, 0, 0.17%, 8, 0, 8, 173.35
1735104259, 154, 20, 40, 0, 0, 0.17%, 8, 0, 8, 140.11
1735104269, 154, 25, 40, 0, 0, 0.17%, 8, 0, 8, 139.04
1735104274, 154, 27, 40, 0, 0, 0.17%, 8, 0, 8, 143.77
1735104304, 154, 32, 40, 0, 0, 0.17%, 8, 0, 8, 153.47
1735104315, 155, 11, 40, 0, 0, 0.17%, 8, 0, 8, 142.80
1735104320, 155, 15, 40, 0, 0, 0.17%, 8, 0, 8, 163.77
1735104335, 155, 20, 40, 0, 0, 0.17%, 8, 0, 8, 137.19
1735104345, 155, 25, 40, 0, 0, 0.17%, 8, 0, 8, 143.46
1735104350, 156, 20, 40, 0, 0, 0.17%, 8, 0, 8, 143.50
1735104361, 156, 24, 40, 0, 0, 0.17%, 8, 0, 8, 145.42
1735104366, 156, 25, 40, 0, 0, 0.17%, 8, 0, 8, 146.57
1735104371, 156, 28, 40, 0, 0, 0.17%, 8, 0, 8, 151.57
1735104376, 156, 33, 40, 0, 0, 0.17%, 8, 0, 8, 157.81
1735104391, 157, 9, 40, 0, 0, 0.17%, 8, 0, 8, 135.96
1735104396, 157, 20, 40, 0, 0, 0.17%, 8, 0, 8, 138.52
1735104406, 157, 25, 40, 0, 0, 0.17%, 8, 0, 8, 147.06
1735104412, 157, 32, 40, 0, 0, 0.17%, 8, 0, 8, 148.85
1735104417, 158, 20, 40, 0, 0, 0.17%, 8, 0, 8, 139.23
1735104427, 158, 25, 40, 0, 0, 0.17%, 8, 0, 8, 137.95
1735104432, 158, 27, 40, 0, 0, 0.17%, 8, 0, 8, 145.12
1735104458, 158, 33, 40, 0, 0, 0.17%, 8, 0, 8, 142.96
1735104478, 159, 0, 40, 0, 0, 0.17%, 8, 0, 8, 131.74
1735104483, 159, 18, 40, 0, 0, 0.17%, 8, 0, 8, 144.53
1735104493, 159, 20, 40, 0, 0, 0.17%, 8, 0, 8, 146.99
1735104503, 159, 25, 40, 0, 0, 0.17%, 8, 0, 8, 143.02
1735104509, 160, 20, 40, 0, 0, 0.17%, 8, 0, 8, 140.63
1735104519, 160, 32, 40, 0, 0, 0.17%, 8, 0, 8, 146.25
1735104524, 161, 11, 40, 0, 0, 0.17%, 8, 0, 8, 145.65
1735104529, 161, 20, 40, 0, 0, 0.17%, 8, 0, 8, 138.92
1735104534, 161, 25, 40, 0, 0, 0.17%, 8, 0, 8, 141.33
1735104540, 162, 11, 40, 0, 0, 0.17%, 8, 0, 8, 141.79
1735104545, 162, 17, 40, 0, 0, 0.17%, 8, 0, 8, 154.36
1735104565, 162, 20, 40, 0, 0, 0.17%, 8, 0, 8, 143.85
1735104570, 162, 22, 40, 0, 0, 0.17%, 8, 0, 8, 140.15
1735104591, 162, 25, 40, 0, 0, 0.17%, 8, 0, 8, 143.46
1735104596, 162, 29, 40, 0, 0, 0.17%, 8, 0, 8, 148.25
1735104616, 163, 20, 40, 0, 0, 0.17%, 8, 0, 8, 133.41
1735104626, 163, 25, 40, 0, 0, 0.17%, 8, 0, 8, 146.17
1735104631, 164, 20, 40, 0, 0, 0.17%, 8, 0, 8, 139.44
1735104642, 164, 25, 40, 0, 0, 0.17%, 8, 0, 8, 142.18
1735104647, 164, 27, 40, 0, 0, 0.17%, 8, 0, 8, 143.89
1735104678, 164, 33, 40, 0, 0, 0.17%, 8, 0, 8, 157.95
1735104693, 165, 1, 40, 0, 0, 0.17%, 8, 0, 8, 145.59
1735104698, 165, 20, 40, 0, 0, 0.17%, 8, 0, 8, 140.59
1735104708, 165, 21, 40, 0, 0, 0.17%, 8, 0, 8, 142.98
1735104713, 165, 25, 40, 0, 0, 0.17%, 8, 0, 8, 143.41
1735104718, 165, 29, 40, 0, 0, 0.17%, 8, 0, 8, 140.26
1735104744, 166, 20, 40, 0, 0, 0.17%, 8, 0, 8, 128.85
1735104754, 166, 25, 40, 0, 0, 0.17%, 8, 0, 8, 138.78
1735104759, 167, 20, 40, 0, 0, 0.17%, 8, 0, 8, 136.46
1735104770, 167, 25, 40, 0, 0, 0.17%, 8, 0, 8, 142.69
1735104775, 168, 19, 40, 0, 0, 0.17%, 8, 0, 8, 143.67
1735104780, 168, 20, 40, 0, 0, 0.17%, 8, 0, 8, 139.38
1735104790, 168, 25, 40, 0, 0, 0.17%, 8, 0, 8, 139.67
1735104796, 168, 33, 40, 0, 0, 0.17%, 8, 0, 8, 156.97
1735104806, 169, 20, 40, 0, 0, 0.17%, 8, 0, 8, 137.74
1735104816, 169, 25, 40, 0, 0, 0.17%, 8, 0, 8, 139.12
1735104821, 170, 16, 40, 0, 0, 0.17%, 8, 0, 8, 138.11
1735104842, 170, 20, 40, 0, 0, 0.17%, 8, 0, 8, 136.69
1735104847, 170, 25, 40, 0, 0, 0.17%, 8, 0, 8, 148.00
1735104857, 171, 11, 40, 0, 0, 0.17%, 8, 0, 8, 140.59
1735104862, 171, 20, 40, 0, 0, 0.17%, 8, 0, 8, 139.12
1735104867, 171, 25, 40, 0, 0, 0.17%, 8, 0, 8, 136.68
1735104873, 172, 9, 40, 0, 0, 0.17%, 8, 0, 8, 142.93
1735104878, 172, 17, 40, 0, 0, 0.17%, 8, 0, 8, 156.11
