# unix_time, cycles_done, cur_path, paths_total, pending_total, pending_favs, map_size, unique_crashes, unique_hangs, max_depth, execs_per_sec
1735687166, 0, 0, 10, 10, 1, 0.01%, 0, 0, 1, 81.97
1735687171, 0, 4, 10, 10, 1, 0.01%, 0, 0, 1, 102.99
1735687181, 0, 5, 10, 9, 0, 0.01%, 0, 0, 1, 105.97
1735687187, 0, 6, 10, 8, 0, 0.01%, 0, 0, 1, 100.70
1735687197, 0, 7, 10, 7, 0, 0.01%, 0, 0, 1, 101.22
1735687207, 0, 8, 10, 6, 0, 0.01%, 0, 0, 1, 99.37
1735687217, 0, 9, 10, 5, 0, 0.01%, 0, 0, 1, 97.54
1735687227, 1, 0, 10, 4, 0, 0.01%, 0, 0, 1, 95.49
1735687243, 1, 1, 10, 3, 0, 0.01%, 0, 0, 1, 107.36
1735687253, 1, 2, 10, 2, 0, 0.01%, 0, 0, 1, 92.43
1735687263, 1, 3, 10, 1, 0, 0.01%, 0, 0, 1, 99.71
1735687278, 1, 4, 10, 0, 0, 0.01%, 0, 0, 1, 103.59
1735687283, 1, 6, 10, 0, 0, 0.01%, 0, 0, 1, 101.46
1735687288, 1, 7, 10, 0, 0, 0.01%, 0, 0, 1, 100.87
1735687293, 1, 9, 10, 0, 0, 0.01%, 0, 0, 1, 100.82
1735687299, 2, 0, 10, 0, 0, 0.01%, 0, 0, 1, 102.86
1735687304, 2, 1, 10, 0, 0, 0.01%, 0, 0, 1, 101.05
1735687309, 2, 3, 10, 0, 0, 0.01%, 0, 0, 1, 103.41
1735687314, 2, 4, 10, 0, 0, 0.01%, 0, 0, 1, 102.32
1735687319, 2, 6, 10, 0, 0, 0.01%, 0, 0, 1, 99.51
1735687324, 2, 7, 10, 0, 0, 0.01%, 0, 0, 1, 102.58
1735687329, 2, 8, 10, 0, 0, 0.01%, 0, 0, 1, 102.02
1735687334, 3, 0, 10, 0, 0, 0.01%, 0, 0, 1, 99.71
1735687339, 3, 1, 10, 0, 0, 0.01%, 0, 0, 1, 98.33
1735687344, 3, 3, 10, 0, 0, 0.01%, 0, 0, 1, 101.06
1735687349, 3, 4, 10, 0, 0, 0.01%, 0, 0, 1, 103.91
1735687354, 3, 5, 10, 0, 0, 0.01%, 0, 0, 1, 102.55
1735687359, 3, 7, 10, 0, 0, 0.01%, 0, 0, 1, 101.36
1735687364, 3, 8, 10, 0, 0, 0.01%, 0, 0, 1, 102.01
1735687369, 4, 0, 10, 0, 0, 0.01%, 0, 0, 1, 103.85
1735687374, 4, 1, 10, 0, 0, 0.01%, 0, 0, 1, 102.49
1735687379, 4, 2, 10, 0, 0, 0.01%, 0, 0, 1, 101.12
1735687385, 4, 4, 10, 0, 0, 0.01%, 0, 0, 1, 101.07
1735687390, 4, 5, 10, 0, 0, 0.01%, 0, 0, 1, 101.85
1735687395, 4, 7, 10, 0, 0, 0.01%, 0, 0, 1, 102.09
1735687400, 4, 8, 10, 0, 0, 0.01%, 0, 0, 1, 100.01
1735687405, 4, 9, 10, 0, 0, 0.01%, 0, 0, 1, 102.01
1735687410, 5, 1, 10, 0, 0, 0.01%, 0, 0, 1, 102.06
1735687415, 5, 2, 10, 0, 0, 0.01%, 0, 0, 1, 100.21
1735687420, 5, 4, 10, 0, 0, 0.01%, 0, 0, 1, 102.56
1735687425, 5, 5, 10, 0, 0, 0.01%, 0, 0, 1, 100.25
1735687431, 5, 6, 10, 0, 0, 0.01%, 0, 0, 1, 102.67
1735687436, 5, 8, 10, 0, 0, 0.01%, 0, 0, 1, 103.97
1735687441, 5, 9, 10, 0, 0, 0.01%, 0, 0, 1, 99.64
1735687446, 6, 1, 10, 0, 0, 0.01%, 0, 0, 1, 101.96
1735687451, 6, 2, 10, 0, 0, 0.01%, 0, 0, 1, 101.30
1735687456, 6, 3, 10, 0, 0, 0.01%, 0, 0, 1, 102.95
1735687461, 6, 5, 10, 0, 0, 0.01%, 0, 0, 1, 102.27
1735687466, 6, 6, 10, 0, 0, 0.01%, 0, 0, 1, 104.78
1735687471, 6, 8, 10, 0, 0, 0.01%, 0, 0, 1, 102.46
1735687476, 6, 9, 10, 0, 0, 0.01%, 0, 0, 1, 102.84
1735687481, 7, 0, 10, 0, 0, 0.01%, 0, 0, 1, 101.51
1735687486, 7, 2, 10, 0, 0, 0.01%, 0, 0, 1, 100.91
1735687491, 7, 3, 10, 0, 0, 0.01%, 0, 0, 1, 100.68
1735687497, 7, 5, 10, 0, 0, 0.01%, 0, 0, 1, 100.47
1735687502, 7, 6, 10, 0, 0, 0.01%, 0, 0, 1, 102.99
1735687507, 7, 7, 10, 0, 0, 0.01%, 0, 0, 1, 101.92
1735687512, 7, 9, 10, 0, 0, 0.01%, 0, 0, 1, 103.87
1735687517, 8, 0, 10, 0, 0, 0.01%, 0, 0, 1, 104.10
1735687522, 8, 2, 10, 0, 0, 0.01%, 0, 0, 1, 103.26
1735687527, 8, 3, 10, 0, 0, 0.01%, 0, 0, 1, 102.45
1735687532, 8, 5, 10, 0, 0, 0.01%, 0, 0, 1, 103.28
1735687537, 8, 6, 10, 0, 0, 0.01%, 0, 0, 1, 103.69
1735687542, 8, 7, 10, 0, 0, 0.01%, 0, 0, 1, 105.52
1735687547, 8, 9, 10, 0, 0, 0.01%, 0, 0, 1, 105.38
1735687552, 9, 0, 10, 0, 0, 0.01%, 0, 0, 1, 104.02
1735687557, 9, 2, 10, 0, 0, 0.01%, 0, 0, 1, 104.17
1735687562, 9, 3, 10, 0, 0, 0.01%, 0, 0, 1, 101.33
1735687567, 9, 5, 10, 0, 0, 0.01%, 0, 0, 1, 101.85
1735687572, 9, 6, 10, 0, 0, 0.01%, 0, 0, 1, 99.61
1735687577, 9, 7, 10, 0, 0, 0.01%, 0, 0, 1, 100.40
1735687582, 9, 9, 10, 0, 0, 0.01%, 0, 0, 1, 100.30
1735687588, 10, 0, 10, 0, 0, 0.01%, 0, 0, 1, 100.97
1735687593, 10, 1, 10, 0, 0, 0.01%, 0, 0, 1, 102.83
1735687598, 10, 3, 10, 0, 0, 0.01%, 0, 0, 1, 103.29
1735687603, 10, 4, 10, 0, 0, 0.01%, 0, 0, 1, 102.00
1735687608, 10, 6, 10, 0, 0, 0.01%, 0, 0, 1, 103.60
1735687613, 10, 7, 10, 0, 0, 0.01%, 0, 0, 1, 102.22
1735687618, 10, 8, 10, 0, 0, 0.01%, 0, 0, 1, 104.32
1735687623, 11, 0, 10, 0, 0, 0.01%, 0, 0, 1, 102.08
1735687628, 11, 1, 10, 0, 0, 0.01%, 0, 0, 1, 105.35
1735687633, 11, 3, 10, 0, 0, 0.01%, 0, 0, 1, 101.43
1735687638, 11, 4, 10, 0, 0, 0.01%, 0, 0, 1, 102.83
1735687643, 11, 6, 10, 0, 0, 0.01%, 0, 0, 1, 103.02
1735687648, 11, 7, 10, 0, 0, 0.01%, 0, 0, 1, 105.50
1735687653, 11, 8, 10, 0, 0, 0.01%, 0, 0, 1, 101.43
1735687658, 12, 0, 10, 0, 0, 0.01%, 0, 0, 1, 102.47
1735687663, 12, 1, 10, 0, 0, 0.01%, 0, 0, 1, 101.84
1735687669, 12, 3, 10, 0, 0, 0.01%, 0, 0, 1, 100.01
1735687674, 12, 4, 10, 0, 0, 0.01%, 0, 0, 1, 101.32
1735687679, 12, 5, 10, 0, 0, 0.01%, 0, 0, 1, 103.24
1735687684, 12, 7, 10, 0, 0, 0.01%, 0, 0, 1, 101.75
1735687689, 12, 8, 10, 0, 0, 0.01%, 0, 0, 1, 101.31
1735687694, 13, 0, 10, 0, 0, 0.01%, 0, 0, 1, 102.62
1735687699, 13, 1, 10, 0, 0, 0.01%, 0, 0, 1, 100.87
1735687704, 13, 2, 10, 0, 0, 0.01%, 0, 0, 1, 102.03
1735687709, 13, 4, 10, 0, 0, 0.01%, 0, 0, 1, 99.12
1735687714, 13, 5, 10, 0, 0, 0.01%, 0, 0, 1, 100.55
1735687719, 13, 7, 10, 0, 0, 0.01%, 0, 0, 1, 101.36
1735687724, 13, 8, 10, 0, 0, 0.01%, 0, 0, 1, 103.86
1735687729, 13, 9, 10, 0, 0, 0.01%, 0, 0, 1, 100.81
1735687734, 14, 1, 10, 0, 0, 0.01%, 0, 0, 1, 101.28
1735687740, 14, 2, 10, 0, 0, 0.01%, 0, 0, 1, 102.96
1735687745, 14, 4, 10, 0, 0, 0.01%, 0, 0, 1, 104.58
1735687750, 14, 5, 10, 0, 0, 0.01%, 0, 0, 1, 102.62
1735687755, 14, 6, 10, 0, 0, 0.01%, 0, 0, 1, 102.18
1735687760, 14, 8, 10, 0, 0, 0.01%, 0, 0, 1, 101.00
1735687765, 14, 9, 10, 0, 0, 0.01%, 0, 0, 1, 102.21
1735687770, 15, 1, 10, 0, 0, 0.01%, 0, 0, 1, 106.70
1735687775, 15, 2, 10, 0, 0, 0.01%, 0, 0, 1, 104.81
1735687780, 15, 4, 10, 0, 0, 0.01%, 0, 0, 1, 108.52
1735687785, 15, 5, 10, 0, 0, 0.01%, 0, 0, 1, 106.80
1735687790, 15, 7, 10, 0, 0, 0.01%, 0, 0, 1, 105.92
1735687795, 15, 8, 10, 0, 0, 0.01%, 0, 0, 1, 106.82
1735687800, 16, 0, 10, 0, 0, 0.01%, 0, 0, 1, 106.68
1735687805, 16, 1, 10, 0, 0, 0.01%, 0, 0, 1, 104.42
1735687811, 16, 2, 10, 0, 0, 0.01%, 0, 0, 1, 106.77
1735687816, 16, 4, 10, 0, 0, 0.01%, 0, 0, 1, 104.47
1735687821, 16, 5, 10, 0, 0, 0.01%, 0, 0, 1, 103.44
1735687826, 16, 7, 10, 0, 0, 0.01%, 0, 0, 1, 105.58
1735687831, 16, 8, 10, 0, 0, 0.01%, 0, 0, 1, 105.78
1735687836, 17, 0, 10, 0, 0, 0.01%, 0, 0, 1, 104.16
1735687841, 17, 1, 10, 0, 0, 0.01%, 0, 0, 1, 106.42
1735687846, 17, 3, 10, 0, 0, 0.01%, 0, 0, 1, 106.72
1735687851, 17, 4, 10, 0, 0, 0.01%, 0, 0, 1, 105.45
1735687856, 17, 5, 10, 0, 0, 0.01%, 0, 0, 1, 106.51
1735687861, 17, 7, 10, 0, 0, 0.01%, 0, 0, 1, 106.59
1735687866, 17, 8, 10, 0, 0, 0.01%, 0, 0, 1, 105.98
1735687871, 18, 0, 10, 0, 0, 0.01%, 0, 0, 1, 106.40
1735687876, 18, 1, 10, 0, 0, 0.01%, 0, 0, 1, 107.39
1735687882, 18, 3, 10, 0, 0, 0.01%, 0, 0, 1, 107.56
1735687887, 18, 4, 10, 0, 0, 0.01%, 0, 0, 1, 103.06
1735687892, 18, 6, 10, 0, 0, 0.01%, 0, 0, 1, 106.48
1735687897, 18, 7, 10, 0, 0, 0.01%, 0, 0, 1, 106.85
1735687902, 18, 9, 10, 0, 0, 0.01%, 0, 0, 1, 105.01
1735687907, 19, 0, 10, 0, 0, 0.01%, 0, 0, 1, 105.25
1735687912, 19, 2, 10, 0, 0, 0.01%, 0, 0, 1, 106.61
1735687917, 19, 3, 10, 0, 0, 0.01%, 0, 0, 1, 105.67
1735687922, 19, 4, 10, 0, 0, 0.01%, 0, 0, 1, 106.20
1735687927, 19, 6, 10, 0, 0, 0.01%, 0, 0, 1, 107.89
1735687932, 19, 7, 10, 0, 0, 0.01%, 0, 0, 1, 107.18
1735687937, 19, 9, 10, 0, 0, 0.01%, 0, 0, 1, 106.46
1735687942, 20, 0, 10, 0, 0, 0.01%, 0, 0, 1, 106.94
1735687947, 20, 2, 10, 0, 0, 0.01%, 0, 0, 1, 105.48
1735687952, 20, 3, 10, 0, 0, 0.01%, 0, 0, 1, 106.78
1735687957, 20, 5, 10, 0, 0, 0.01%, 0, 0, 1, 108.66
1735687962, 20, 6, 10, 0, 0, 0.01%, 0, 0, 1, 110.15
1735687967, 20, 8, 10, 0, 0, 0.01%, 0, 0, 1, 107.97
1735687972, 20, 9, 10, 0, 0, 0.01%, 0, 0, 1, 107.46
1735687978, 21, 1, 10, 0, 0, 0.01%, 0, 0, 1, 107.74
1735687983, 21, 2, 10, 0, 0, 0.01%, 0, 0, 1, 106.63
1735687988, 21, 4, 10, 0, 0, 0.01%, 0, 0, 1, 106.06
1735687993, 21, 5, 10, 0, 0, 0.01%, 0, 0, 1, 107.25
1735687998, 21, 6, 10, 0, 0, 0.01%, 0, 0, 1, 107.01
1735688003, 21, 8, 10, 0, 0, 0.01%, 0, 0, 1, 106.85
1735688008, 21, 9, 10, 0, 0, 0.01%, 0, 0, 1, 108.14
1735688013, 22, 1, 10, 0, 0, 0.01%, 0, 0, 1, 105.05
1735688018, 22, 2, 10, 0, 0, 0.01%, 0, 0, 1, 108.13
1735688023, 22, 4, 10, 0, 0, 0.01%, 0, 0, 1, 105.30
1735688028, 22, 5, 10, 0, 0, 0.01%, 0, 0, 1, 106.04
1735688033, 22, 7, 10, 0, 0, 0.01%, 0, 0, 1, 108.35
1735688039, 22, 8, 10, 0, 0, 0.01%, 0, 0, 1, 107.64
1735688044, 23, 0, 10, 0, 0, 0.01%, 0, 0, 1, 106.96
1735688049, 23, 1, 10, 0, 0, 0.01%, 0, 0, 1, 107.71
1735688054, 23, 3, 10, 0, 0, 0.01%, 0, 0, 1, 105.90
1735688059, 23, 4, 10, 0, 0, 0.01%, 0, 0, 1, 104.76
1735688064, 23, 6, 10, 0, 0, 0.01%, 0, 0, 1, 107.39
1735688069, 23, 7, 10, 0, 0, 0.01%, 0, 0, 1, 111.76
1735688074, 23, 9, 10, 0, 0, 0.01%, 0, 0, 1, 107.89
1735688079, 24, 0, 10, 0, 0, 0.01%, 0, 0, 1, 105.24
1735688084, 24, 2, 10, 0, 0, 0.01%, 0, 0, 1, 106.64
1735688089, 24, 3, 10, 0, 0, 0.01%, 0, 0, 1, 104.86
1735688094, 24, 4, 10, 0, 0, 0.01%, 0, 0, 1, 105.15
1735688100, 24, 6, 10, 0, 0, 0.01%, 0, 0, 1, 105.39
1735688105, 24, 7, 10, 0, 0, 0.01%, 0, 0, 1, 106.96
1735688110, 24, 9, 10, 0, 0, 0.01%, 0, 0, 1, 109.33
1735688115, 25, 0, 10, 0, 0, 0.01%, 0, 0, 1, 108.22
1735688120, 25, 2, 10, 0, 0, 0.01%, 0, 0, 1, 104.07
1735688125, 25, 3, 10, 0, 0, 0.01%, 0, 0, 1, 106.66
1735688130, 25, 5, 10, 0, 0, 0.01%, 0, 0, 1, 103.99
1735688135, 25, 6, 10, 0, 0, 0.01%, 0, 0, 1, 108.44
1735688140, 25, 8, 10, 0, 0, 0.01%, 0, 0, 1, 108.98
1735688145, 25, 9, 10, 0, 0, 0.01%, 0, 0, 1, 107.51
1735688150, 26, 1, 10, 0, 0, 0.01%, 0, 0, 1, 105.17
1735688156, 26, 2, 10, 0, 0, 0.01%, 0, 0, 1, 105.00
1735688161, 26, 4, 10, 0, 0, 0.01%, 0, 0, 1, 101.76
1735688166, 26, 5, 10, 0, 0, 0.01%, 0, 0, 1, 108.06
1735688171, 26, 7, 10, 0, 0, 0.01%, 0, 0, 1, 103.62
1735688176, 26, 8, 10, 0, 0, 0.01%, 0, 0, 1, 103.84
1735688181, 26, 9, 10, 0, 0, 0.01%, 0, 0, 1, 106.55
1735688186, 27, 1, 10, 0, 0, 0.01%, 0, 0, 1, 105.64
1735688191, 27, 2, 10, 0, 0, 0.01%, 0, 0, 1, 103.66
1735688196, 27, 4, 10, 0, 0, 0.01%, 0, 0, 1, 105.97
1735688201, 27, 5, 10, 0, 0, 0.01%, 0, 0, 1, 106.60
1735688206, 27, 7, 10, 0, 0, 0.01%, 0, 0, 1, 107.49
1735688211, 27, 8, 10, 0, 0, 0.01%, 0, 0, 1, 107.98
1735688216, 28, 0, 10, 0, 0, 0.01%, 0, 0, 1, 108.68
1735688221, 28, 1, 10, 0, 0, 0.01%, 0, 0, 1, 107.23
1735688226, 28, 3, 10, 0, 0, 0.01%, 0, 0, 1, 107.91
1735688231, 28, 4, 10, 0, 0, 0.01%, 0, 0, 1, 106.55
1735688236, 28, 6, 10, 0, 0, 0.01%, 0, 0, 1, 106.18
1735688242, 28, 7, 10, 0, 0, 0.01%, 0, 0, 1, 105.36
1735688247, 28, 8, 10, 0, 0, 0.01%, 0, 0, 1, 105.22
1735688252, 29, 0, 10, 0, 0, 0.01%, 0, 0, 1, 109.34
1735688257, 29, 1, 10, 0, 0, 0.01%, 0, 0, 1, 108.09
1735688262, 29, 3, 10, 0, 0, 0.01%, 0, 0, 1, 108.52
1735688267, 29, 4, 10, 0, 0, 0.01%, 0, 0, 1, 108.01
1735688272, 29, 6, 10, 0, 0, 0.01%, 0, 0, 1, 107.25
1735688277, 29, 7, 10, 0, 0, 0.01%, 0, 0, 1, 108.54
1735688282, 29, 9, 10, 0, 0, 0.01%, 0, 0, 1, 109.13
1735688287, 30, 0, 10, 0, 0, 0.01%, 0, 0, 1, 106.94
1735688292, 30, 2, 10, 0, 0, 0.01%, 0, 0, 1, 105.66
1735688297, 30, 3, 10, 0, 0, 0.01%, 0, 0, 1, 104.26
1735688302, 30, 5, 10, 0, 0, 0.01%, 0, 0, 1, 104.75
1735688307, 30, 6, 10, 0, 0, 0.01%, 0, 0, 1, 107.58
1735688312, 30, 8, 10, 0, 0, 0.01%, 0, 0, 1, 105.95
1735688317, 30, 9, 10, 0, 0, 0.01%, 0, 0, 1, 107.38
1735688322, 31, 0, 10, 0, 0, 0.01%, 0, 0, 1, 105.34
1735688327, 31, 2, 10, 0, 0, 0.01%, 0, 0, 1, 106.75
1735688332, 31, 3, 10, 0, 0, 0.01%, 0, 0, 1, 105.18
1735688338, 31, 5, 10, 0, 0, 0.01%, 0, 0, 1, 105.23
1735688343, 31, 6, 10, 0, 0, 0.01%, 0, 0, 1, 108.22
1735688348, 31, 8, 10, 0, 0, 0.01%, 0, 0, 1, 106.03
1735688353, 31, 9, 10, 0, 0, 0.01%, 0, 0, 1, 104.29
1735688358, 32, 1, 10, 0, 0, 0.01%, 0, 0, 1, 105.05
1735688363, 32, 2, 10, 0, 0, 0.01%, 0, 0, 1, 108.72
1735688368, 32, 4, 10, 0, 0, 0.01%, 0, 0, 1, 105.73
1735688373, 32, 5, 10, 0, 0, 0.01%, 0, 0, 1, 104.86
1735688378, 32, 6, 10, 0, 0, 0.01%, 0, 0, 1, 104.47
1735688383, 32, 8, 10, 0, 0, 0.01%, 0, 0, 1, 103.58
1735688388, 32, 9, 10, 0, 0, 0.01%, 0, 0, 1, 106.58
1735688393, 33, 1, 10, 0, 0, 0.01%, 0, 0, 1, 105.41
1735688398, 33, 2, 10, 0, 0, 0.01%, 0, 0, 1, 107.44
1735688403, 33, 4, 10, 0, 0, 0.01%, 0, 0, 1, 107.50
1735688408, 33, 5, 10, 0, 0, 0.01%, 0, 0, 1, 107.83
1735688413, 33, 7, 10, 0, 0, 0.01%, 0, 0, 1, 105.33
1735688418, 33, 8, 10, 0, 0, 0.01%, 0, 0, 1, 106.75
1735688423, 34, 0, 10, 0, 0, 0.01%, 0, 0, 1, 103.72
1735688428, 34, 1, 10, 0, 0, 0.01%, 0, 0, 1, 105.50
1735688433, 34, 3, 10, 0, 0, 0.01%, 0, 0, 1, 106.16
1735688438, 34, 4, 10, 0, 0, 0.01%, 0, 0, 1, 107.75
1735688443, 34, 5, 10, 0, 0, 0.01%, 0, 0, 1, 105.21
1735688448, 34, 7, 10, 0, 0, 0.01%, 0, 0, 1, 103.84
1735688453, 34, 8, 10, 0, 0, 0.01%, 0, 0, 1, 104.40
1735688458, 35, 0, 10, 0, 0, 0.01%, 0, 0, 1, 104.88
1735688464, 35, 1, 10, 0, 0, 0.01%, 0, 0, 1, 106.37
1735688469, 35, 3, 10, 0, 0, 0.01%, 0, 0, 1, 106.74
1735688474, 35, 4, 10, 0, 0, 0.01%, 0, 0, 1, 106.97
1735688479, 35, 6, 10, 0, 0, 0.01%, 0, 0, 1, 108.72
1735688484, 35, 7, 10, 0, 0, 0.01%, 0, 0, 1, 106.60
1735688489, 35, 9, 10, 0, 0, 0.01%, 0, 0, 1, 108.96
1735688494, 36, 0, 10, 0, 0, 0.01%, 0, 0, 1, 106.95
1735688499, 36, 2, 10, 0, 0, 0.01%, 0, 0, 1, 108.54
1735688504, 36, 3, 10, 0, 0, 0.01%, 0, 0, 1, 108.67
1735688509, 36, 5, 10, 0, 0, 0.01%, 0, 0, 1, 105.46
1735688515, 36, 6, 10, 0, 0, 0.01%, 0, 0, 1, 108.28
1735688520, 36, 8, 10, 0, 0, 0.01%, 0, 0, 1, 107.25
1735688525, 36, 9, 10, 0, 0, 0.01%, 0, 0, 1, 105.76
1735688530, 37, 0, 10, 0, 0, 0.01%, 0, 0, 1, 106.56
1735688535, 37, 2, 10, 0, 0, 0.01%, 0, 0, 1, 110.83
1735688540, 37, 3, 10, 0, 0, 0.01%, 0, 0, 1, 108.87
1735688545, 37, 5, 10, 0, 0, 0.01%, 0, 0, 1, 106.89
1735688550, 37, 6, 10, 0, 0, 0.01%, 0, 0, 1, 108.30
1735688555, 37, 8, 10, 0, 0, 0.01%, 0, 0, 1, 109.90
1735688560, 37, 9, 10, 0, 0, 0.01%, 0, 0, 1, 109.44
1735688565, 38, 1, 10, 0, 0, 0.01%, 0, 0, 1, 108.58
1735688570, 38, 2, 10, 0, 0, 0.01%, 0, 0, 1, 107.76
1735688575, 38, 4, 10, 0, 0, 0.01%, 0, 0, 1, 106.94
1735688580, 38, 5, 10, 0, 0, 0.01%, 0, 0, 1, 104.41
1735688585, 38, 7, 10, 0, 0, 0.01%, 0, 0, 1, 106.40
1735688590, 38, 8, 10, 0, 0, 0.01%, 0, 0, 1, 106.57
1735688595, 39, 0, 10, 0, 0, 0.01%, 0, 0, 1, 106.29
1735688600, 39, 1, 10, 0, 0, 0.01%, 0, 0, 1, 106.68
1735688606, 39, 3, 10, 0, 0, 0.01%, 0, 0, 1, 110.15
1735688611, 39, 4, 10, 0, 0, 0.01%, 0, 0, 1, 107.97
1735688616, 39, 6, 10, 0, 0, 0.01%, 0, 0, 1, 106.48
1735688621, 39, 10, 11, 1, 1, 0.16%, 1, 0, 2, 127.12
1735688626, 39, 10, 12, 2, 1, 0.16%, 2, 0, 3, 116.12
1735688677, 39, 10, 13, 3, 1, 0.16%, 3, 0, 3, 117.37
1735688727, 39, 10, 14, 4, 1, 0.17%, 4, 0, 3, 115.64
1735688738, 39, 10, 15, 5, 1, 0.17%, 4, 0, 3, 112.61
1735688763, 39, 11, 16, 5, 3, 0.17%, 5, 0, 4, 126.45
1735688774, 39, 11, 17, 6, 3, 0.17%, 5, 0, 4, 114.11
1735688824, 39, 11, 18, 7, 3, 0.17%, 5, 0, 4, 114.20
1735688845, 39, 11, 19, 8, 3, 0.17%, 5, 0, 4, 113.87
1735688886, 39, 11, 21, 10, 3, 0.17%, 5, 0, 4, 115.49
1735688917, 39, 12, 21, 9, 3, 0.17%, 5, 0, 4, 143.65
1735688957, 39, 15, 21, 8, 2, 0.17%, 5, 0, 4, 138.69
1735688998, 39, 15, 22, 9, 2, 0.17%, 5, 0, 5, 119.89
1735689008, 39, 15, 23, 10, 2, 0.17%, 5, 0, 5, 118.82
1735689018, 39, 15, 25, 12, 2, 0.17%, 5, 0, 5, 114.97
1735689079, 39, 17, 25, 11, 1, 0.17%, 5, 0, 5, 159.03
1735689089, 39, 17, 26, 12, 1, 0.17%, 5, 0, 5, 131.01
1735689156, 39, 17, 27, 13, 1, 0.17%, 5, 0, 5, 124.11
1735689202, 39, 25, 27, 12, 1, 0.17%, 5, 0, 5, 135.06
1735689238, 39, 25, 28, 13, 1, 0.17%, 5, 0, 6, 123.79
1735689253, 39, 25, 29, 14, 1, 0.17%, 5, 0, 6, 121.55
1735689330, 39, 26, 29, 13, 0, 0.17%, 5, 0, 6, 148.14
1735689371, 39, 26, 30, 14, 0, 0.17%, 5, 0, 6, 129.55
1735689391, 39, 26, 31, 15, 0, 0.17%, 5, 0, 6, 124.12
1735689453, 39, 28, 31, 14, 0, 0.17%, 5, 0, 6, 149.80
1735689463, 39, 28, 32, 15, 0, 0.17%, 5, 0, 7, 130.42
1735689473, 39, 28, 33, 16, 0, 0.17%, 5, 0, 7, 124.45
1735689565, 39, 28, 36, 19, 0, 0.17%, 6, 0, 7, 130.61
1735689580, 39, 32, 36, 18, 0, 0.17%, 6, 0, 7, 219.94
1735689672, 39, 32, 37, 19, 0, 0.17%, 6, 0, 8, 196.00
1735689708, 39, 32, 38, 20, 0, 0.17%, 7, 0, 8, 186.00
1735689769, 40, 11, 38, 19, 0, 0.17%, 7, 0, 8, 152.44
1735689780, 40, 12, 38, 19, 0, 0.17%, 7, 0, 8, 136.12
1735689790, 40, 13, 38, 19, 0, 0.17%, 7, 0, 8, 163.48
1735689810, 40, 13, 39, 20, 0, 0.17%, 7, 0, 8, 140.67
1735689815, 40, 15, 39, 19, 0, 0.17%, 7, 0, 8, 131.27
1735689831, 40, 16, 39, 19, 0, 0.17%, 7, 0, 8, 136.33
1735689903, 40, 18, 39, 18, 0, 0.17%, 7, 0, 8, 109.37
1735690106, 40, 18, 40, 19, 0, 0.17%, 7, 0, 8, 168.07
1735690121, 40, 20, 40, 18, 0, 0.17%, 7, 0, 8, 166.43
1735690167, 40, 21, 40, 17, 0, 0.17%, 7, 0, 8, 149.77
1735690218, 40, 23, 40, 16, 0, 0.17%, 7, 0, 8, 207.33
1735690331, 40, 30, 40, 15, 0, 0.17%, 7, 0, 8, 202.94
1735690382, 40, 37, 40, 14, 0, 0.17%, 7, 0, 8, 226.97
1735690510, 41, 10, 40, 13, 0, 0.17%, 7, 0, 8, 145.96
1735690520, 41, 11, 40, 13, 0, 0.17%, 7, 0, 8, 146.63
1735690530, 41, 12, 40, 13, 0, 0.17%, 7, 0, 8, 140.63
1735690540, 41, 13, 40, 13, 0, 0.17%, 7, 0, 8, 146.84
1735690545, 41, 15, 40, 13, 0, 0.17%, 7, 0, 8, 146.60
1735690566, 41, 19, 40, 13, 0, 0.17%, 7, 0, 8, 168.34
1735690739, 41, 22, 40, 12, 0, 0.17%, 7, 0, 8, 163.45
1735691097, 41, 24, 40, 11, 0, 0.17%, 7, 0, 8, 119.71
1735691464, 41, 31, 40, 10, 0, 0.17%, 7, 0, 8, 172.49
1735691509, 41, 34, 40, 9, 0, 0.17%, 7, 0, 8, 154.10
1735691808, 42, 11, 40, 8, 0, 0.17%, 7, 0, 8, 148.09
1735691818, 42, 12, 40, 8, 0, 0.17%, 7, 0, 8, 150.95
1735691828, 42, 13, 40, 8, 0, 0.17%, 7, 0, 8, 149.26
1735691838, 42, 15, 40, 8, 0, 0.17%, 7, 0, 8, 143.64
1735691854, 42, 27, 40, 8, 0, 0.17%, 7, 0, 8, 168.07
1735691899, 43, 11, 40, 7, 0, 0.17%, 7, 0, 8, 148.94
1735691910, 43, 12, 40, 7, 0, 0.17%, 7, 0, 8, 145.84
1735691920, 43, 13, 40, 7, 0, 0.17%, 7, 0, 8, 140.84
1735691925, 43, 15, 40, 7, 0, 0.17%, 7, 0, 8, 155.28
1735691945, 43, 17, 40, 7, 0, 0.17%, 7, 0, 8, 149.43
1735691966, 43, 39, 40, 7, 0, 0.17%, 7, 0, 8, 201.07
1735692032, 44, 11, 40, 6, 0, 0.17%, 7, 0, 8, 147.14
1735692042, 44, 12, 40, 6, 0, 0.17%, 7, 0, 8, 137.82
1735692052, 44, 13, 40, 6, 0, 0.17%, 7, 0, 8, 146.17
1735692063, 44, 14, 40, 6, 0, 0.17%, 7, 0, 8, 167.21
1735692088, 44, 15, 40, 5, 0, 0.17%, 7, 0, 8, 145.79
1735692108, 44, 28, 40, 5, 0, 0.17%, 7, 0, 8, 139.02
1735692129, 44, 30, 40, 5, 0, 0.17%, 7, 0, 8, 149.48
1735692149, 44, 38, 40, 5, 0, 0.17%, 7, 0, 8, 185.38
1735692206, 45, 11, 40, 4, 0, 0.17%, 7, 0, 8, 144.40
1735692216, 45, 12, 40, 4, 0, 0.17%, 7, 0, 8, 144.82
1735692221, 45, 13, 40, 4, 0, 0.17%, 7, 0, 8, 147.43
1735692231, 45, 15, 40, 4, 0, 0.17%, 7, 0, 8, 140.71
1735692252, 45, 33, 40, 4, 0, 0.17%, 7, 0, 8, 202.74
1735692364, 46, 11, 40, 3, 0, 0.17%, 7, 0, 8, 148.02
1735692375, 46, 12, 40, 3, 0, 0.17%, 7, 0, 8, 141.32
1735692385, 46, 13, 40, 3, 0, 0.17%, 7, 0, 8, 147.30
1735692395, 46, 15, 40, 3, 0, 0.17%, 7, 0, 8, 146.69
1735692416, 46, 36, 40, 3, 0, 0.17%, 7, 0, 8, 217.12
1735692512, 47, 11, 40, 2, 0, 0.17%, 7, 0, 8, 127.72
1735692522, 47, 12, 40, 2, 0, 0.17%, 7, 0, 8, 146.85
1735692532, 47, 13, 40, 2, 0, 0.17%, 7, 0, 8, 155.85
1735692543, 47, 15, 40, 2, 0, 0.17%, 7, 0, 8, 139.15
1735692558, 47, 19, 40, 2, 0, 0.17%, 7, 0, 8, 152.82
1735692578, 47, 39, 40, 2, 0, 0.17%, 7, 0, 8, 147.98
1735692609, 48, 11, 40, 2, 0, 0.17%, 7, 0, 8, 138.24
1735692614, 48, 12, 40, 2, 0, 0.17%, 7, 0, 8, 142.02
1735692619, 48, 13, 40, 2, 0, 0.17%, 7, 0, 8, 144.72
1735692629, 48, 15, 40, 2, 0, 0.17%, 7, 0, 8, 151.26
1735692640, 49, 10, 40, 2, 0, 0.17%, 7, 0, 8, 140.01
1735692650, 49, 11, 40, 2, 0, 0.17%, 7, 0, 8, 139.18
1735692655, 49, 12, 40, 2, 0, 0.17%, 7, 0, 8, 147.85
1735692660, 49, 13, 40, 2, 0, 0.17%, 7, 0, 8, 147.23
1735692665, 49, 15, 40, 2, 0, 0.17%, 7, 0, 8, 140.44
1735692676, 50, 12, 40, 2, 0, 0.17%, 7, 0, 8, 136.97
1735692686, 50, 13, 40, 2, 0, 0.17%, 7, 0, 8, 134.53
1735692691, 50, 15, 40, 2, 0, 0.17%, 7, 0, 8, 145.30
1735692696, 50, 29, 40, 2, 0, 0.17%, 7, 0, 8, 170.96
1735692747, 51, 11, 40, 1, 0, 0.17%, 7, 0, 8, 139.81
1735692752, 51, 13, 40, 1, 0, 0.17%, 7, 0, 8, 147.77
1735692757, 51, 15, 40, 1, 0, 0.17%, 7, 0, 8, 141.22
1735692762, 52, 11, 40, 1, 0, 0.17%, 7, 0, 8, 142.95
1735692767, 52, 13, 40, 1, 0, 0.17%, 7, 0, 8, 134.48
1735692772, 52, 15, 40, 1, 0, 0.17%, 7, 0, 8, 144.47
1735692778, 52, 25, 40, 1, 0, 0.17%, 7, 0, 8, 142.48
1735692798, 52, 28, 40, 1, 0, 0.17%, 7, 0, 8, 149.52
1735692813, 53, 11, 40, 1, 0, 0.17%, 7, 0, 8, 152.12
1735692818, 53, 13, 40, 1, 0, 0.17%, 7, 0, 8, 143.64
1735692824, 53, 15, 40, 1, 0, 0.17%, 7, 0, 8, 140.20
1735692829, 53, 19, 40, 1, 0, 0.17%, 7, 0, 8, 159.00
1735692849, 53, 38, 40, 1, 0, 0.17%, 7, 0, 8, 143.66
1735692870, 54, 12, 40, 1, 0, 0.17%, 7, 0, 8, 136.45
1735692875, 54, 15, 40, 1, 0, 0.17%, 7, 0, 8, 144.36
1735692880, 55, 9, 40, 1, 0, 0.17%, 7, 0, 8, 140.68
1735692885, 55, 12, 40, 1, 0, 0.17%, 7, 0, 8, 140.60
1735692891, 55, 15, 40, 1, 0, 0.17%, 7, 0, 8, 141.96
1735692896, 56, 12, 40, 1, 0, 0.17%, 7, 0, 8, 145.48
1735692901, 56, 15, 40, 1, 0, 0.17%, 7, 0, 8, 145.21
1735692906, 56, 18, 40, 1, 0, 0.17%, 7, 0, 8, 155.04
1735692927, 56, 25, 40, 1, 0, 0.17%, 7, 0, 8, 144.38
1735692947, 56, 29, 40, 1, 0, 0.17%, 7, 0, 8, 150.22
1735692968, 57, 11, 40, 1, 0, 0.17%, 7, 0, 8, 139.93
1735692973, 57, 13, 40, 1, 0, 0.17%, 7, 0, 8, 142.73
1735692978, 57, 20, 40, 1, 0, 0.17%, 7, 0, 8, 146.19
1735692998, 57, 39, 40, 1, 0, 0.17%, 7, 0, 8, 147.15
1735693029, 58, 11, 40, 1, 0, 0.17%, 7, 0, 8, 141.14
1735693034, 58, 13, 40, 1, 0, 0.17%, 7, 0, 8, 144.41
1735693040, 58, 14, 40, 1, 0, 0.17%, 7, 0, 8, 154.74
1735693050, 58, 15, 40, 1, 0, 0.17%, 7, 0, 8, 137.33
1735693055, 58, 17, 40, 1, 0, 0.17%, 7, 0, 8, 144.72
1735693070, 58, 26, 40, 1, 0, 0.17%, 7, 0, 8, 143.09
1735693091, 58, 33, 40, 1, 0, 0.17%, 7, 0, 8, 162.94
1735693116, 58, 35, 40, 1, 0, 0.17%, 7, 0, 8, 187.60
1735693280, 59, 11, 40, 0, 0, 0.17%, 7, 0, 8, 137.04
1735693285, 59, 13, 40, 0, 0, 0.17%, 7, 0, 8, 142.41
1735693290, 59, 34, 40, 0, 0, 0.17%, 7, 0, 8, 143.22
1735693311, 60, 11, 40, 0, 0, 0.17%, 7, 0, 8, 148.69
1735693316, 60, 15, 40, 0, 0, 0.17%, 7, 0, 8, 153.24
1735693321, 61, 11, 40, 0, 0, 0.17%, 7, 0, 8, 141.92
1735693326, 61, 13, 40, 0, 0, 0.17%, 7, 0, 8, 147.60
1735693331, 61, 15, 40, 0, 0, 0.17%, 7, 0, 8, 139.83
1735693336, 61, 17, 40, 0, 0, 0.17%, 7, 0, 8, 143.23
1735693352, 61, 19, 40, 0, 0, 0.17%, 7, 0, 8, 159.80
1735693372, 61, 20, 40, 0, 0, 0.17%, 7, 0, 8, 138.85
1735693393, 61, 34, 40, 0, 0, 0.17%, 7, 0, 8, 188.83
1735693408, 61, 36, 40, 0, 0, 0.17%, 7, 0, 8, 143.64
1735693438, 62, 11, 40, 0, 0, 0.17%, 7, 0, 8, 143.91
1735693444, 62, 13, 40, 0, 0, 0.17%, 7, 0, 8, 140.23
1735693449, 62, 15, 40, 0, 0, 0.17%, 7, 0, 8, 133.57
1735693454, 62, 28, 40, 0, 0, 0.17%, 7, 0, 8, 142.20
1735693474, 62, 32, 40, 0, 0, 0.17%, 7, 0, 8, 182.76
1735693490, 63, 11, 40, 0, 0, 0.17%, 7, 0, 8, 130.71
1735693495, 63, 13, 40, 0, 0, 0.17%, 7, 0, 8, 138.79
1735693500, 63, 15, 40, 0, 0, 0.17%, 7, 0, 8, 140.93
1735693505, 64, 12, 40, 0, 0, 0.17%, 7, 0, 8, 143.67
1735693511, 64, 15, 40, 0, 0, 0.17%, 7, 0, 8, 144.00
1735693516, 64, 22, 40, 0, 0, 0.17%, 7, 0, 8, 181.80
1735693541, 64, 28, 40, 0, 0, 0.17%, 7, 0, 8, 152.98
1735693562, 65, 11, 40, 0, 0, 0.17%, 7, 0, 8, 153.10
1735693567, 65, 13, 40, 0, 0, 0.17%, 7, 0, 8, 143.62
1735693572, 66, 3, 40, 0, 0, 0.17%, 7, 0, 8, 146.42
1735693577, 66, 12, 40, 0, 0, 0.17%, 7, 0, 8, 139.65
1735693582, 66, 15, 40, 0, 0, 0.17%, 7, 0, 8, 138.13
1735693588, 67, 11, 40, 0, 0, 0.17%, 7, 0, 8, 145.59
1735693593, 67, 13, 40, 0, 0, 0.17%, 7, 0, 8, 142.65
1735693598, 68, 6, 40, 0, 0, 0.17%, 7, 0, 8, 140.93
1735693603, 68, 12, 40, 0, 0, 0.17%, 7, 0, 8, 140.62
1735693608, 68, 15, 40, 0, 0, 0.17%, 7, 0, 8, 138.75
1735693613, 68, 26, 40, 0, 0, 0.17%, 7, 0, 8, 137.31
1735693634, 69, 8, 40, 0, 0, 0.17%, 7, 0, 8, 145.36
1735693639, 69, 12, 40, 0, 0, 0.17%, 7, 0, 8, 147.35
1735693644, 69, 15, 40, 0, 0, 0.17%, 7, 0, 8, 140.32
1735693649, 69, 24, 40, 0, 0, 0.17%, 7, 0, 8, 166.01
1735693670, 69, 30, 40, 0, 0, 0.17%, 7, 0, 8, 148.01
1735693691, 69, 34, 40, 0, 0, 0.17%, 7, 0, 8, 203.26
1735693706, 70, 2, 40, 0, 0, 0.17%, 7, 0, 8, 136.83
1735693711, 70, 12, 40, 0, 0, 0.17%, 7, 0, 8, 150.01
1735693716, 70, 15, 40, 0, 0, 0.17%, 7, 0, 8, 152.03
1735693721, 70, 17, 40, 0, 0, 0.17%, 7, 0, 8, 144.19
1735693742, 71, 12, 40, 0, 0, 0.17%, 7, 0, 8, 142.63
1735693747, 71, 15, 40, 0, 0, 0.17%, 7, 0, 8, 141.89
1735693752, 72, 11, 40, 0, 0, 0.17%, 7, 0, 8, 141.19
1735693757, 72, 15, 40, 0, 0, 0.17%, 7, 0, 8, 145.33
1735693762, 72, 21, 40, 0, 0, 0.17%, 7, 0, 8, 148.87
1735693783, 72, 33, 40, 0, 0, 0.17%, 7, 0, 8, 151.35
1735693813, 73, 11, 40, 0, 0, 0.17%, 7, 0, 8, 146.29
1735693818, 73, 13, 40, 0, 0, 0.17%, 7, 0, 8, 139.83
1735693823, 73, 20, 40, 0, 0, 0.17%, 7, 0, 8, 147.22
1735693844, 73, 25, 40, 0, 0, 0.17%, 7, 0, 8, 137.37
1735693865, 73, 39, 40, 0, 0, 0.17%, 7, 0, 8, 141.52
1735693895, 74, 9, 40, 0, 0, 0.17%, 7, 0, 8, 144.31
1735693900, 74, 12, 40, 0, 0, 0.17%, 7, 0, 8, 137.29
1735693905, 74, 15, 40, 0, 0, 0.17%, 7, 0, 8, 144.73
1735693910, 74, 16, 40, 0, 0, 0.17%, 7, 0, 8, 143.79
1735693931, 74, 19, 40, 0, 0, 0.17%, 7, 0, 8, 161.01
1735693951, 74, 37, 40, 0, 0, 0.17%, 7, 0, 8, 172.35
1735693977, 75, 11, 40, 0, 0, 0.17%, 7, 0, 8, 149.58
1735693982, 75, 13, 40, 0, 0, 0.17%, 7, 0, 8, 146.89
1735693987, 75, 14, 40, 0, 0, 0.17%, 7, 0, 8, 150.99
1735693997, 75, 15, 40, 0, 0, 0.17%, 7, 0, 8, 146.01
1735694002, 76, 11, 40, 0, 0, 0.17%, 7, 0, 8, 148.52
1735694007, 76, 13, 40, 0, 0, 0.17%, 7, 0, 8, 149.43
1735694012, 76, 18, 40, 0, 0, 0.17%, 7, 0, 8, 141.70
1735694033, 76, 31, 40, 0, 0, 0.17%, 7, 0, 8, 138.52
1735694054, 77, 11, 40, 0, 0, 0.17%, 7, 0, 8, 141.58
1735694059, 77, 13, 40, 0, 0, 0.17%, 7, 0, 8, 138.79
1735694064, 77, 15, 40, 0, 0, 0.17%, 7, 0, 8, 145.60
1735694069, 77, 36, 40, 0, 0, 0.17%, 7, 0, 8, 173.65
1735694095, 78, 11, 40, 0, 0, 0.17%, 7, 0, 8, 140.90
1735694100, 78, 13, 40, 0, 0, 0.17%, 7, 0, 8, 148.43
1735694105, 78, 15, 40, 0, 0, 0.17%, 7, 0, 8, 134.20
1735694110, 79, 13, 40, 0, 0, 0.17%, 7, 0, 8, 142.55
1735694115, 79, 15, 40, 0, 0, 0.17%, 7, 0, 8, 143.69
1735694120, 79, 16, 40, 0, 0, 0.17%, 7, 0, 8, 149.29
1735694141, 80, 12, 40, 0, 0, 0.17%, 7, 0, 8, 143.62
1735694146, 80, 15, 40, 0, 0, 0.17%, 7, 0, 8, 138.02
1735694151, 81, 11, 40, 0, 0, 0.17%, 7, 0, 8, 140.19
1735694156, 81, 15, 40, 0, 0, 0.17%, 7, 0, 8, 145.05
1735694161, 81, 28, 40, 0, 0, 0.17%, 7, 0, 8, 143.11
1735694182, 81, 30, 40, 0, 0, 0.17%, 7, 0, 8, 148.50
1735694202, 82, 12, 40, 0, 0, 0.17%, 7, 0, 8, 141.19
1735694207, 82, 15, 40, 0, 0, 0.17%, 7, 0, 8, 139.85
1735694213, 83, 11, 40, 0, 0, 0.17%, 7, 0, 8, 137.92
1735694218, 83, 13, 40, 0, 0, 0.17%, 7, 0, 8, 137.05
1735694223, 83, 33, 40, 0, 0, 0.17%, 7, 0, 8, 142.24
1735694253, 84, 11, 40, 0, 0, 0.17%, 7, 0, 8, 146.31
1735694259, 84, 13, 40, 0, 0, 0.17%, 7, 0, 8, 147.99
1735694264, 84, 14, 40, 0, 0, 0.17%, 7, 0, 8, 142.98
1735694274, 84, 15, 40, 0, 0, 0.17%, 7, 0, 8, 142.04
1735694279, 84, 33, 40, 0, 0, 0.17%, 7, 0, 8, 166.60
1735694310, 85, 12, 40, 0, 0, 0.17%, 7, 0, 8, 140.66
1735694315, 85, 15, 40, 0, 0, 0.17%, 7, 0, 8, 143.14
1735694320, 86, 5, 40, 0, 0, 0.17%, 7, 0, 8, 147.99
1735694325, 86, 12, 40, 0, 0, 0.17%, 7, 0, 8, 142.29
1735694330, 86, 14, 40, 0, 0, 0.17%, 7, 0, 8, 144.92
1735694340, 86, 15, 40, 0, 0, 0.17%, 7, 0, 8, 138.77
1735694346, 86, 29, 40, 0, 0, 0.17%, 7, 0, 8, 149.28
1735694366, 86, 33, 40, 0, 0, 0.17%, 7, 0, 8, 169.29
1735694397, 87, 13, 40, 0, 0, 0.17%, 7, 0, 8, 141.84
1735694402, 87, 15, 40, 0, 0, 0.17%, 7, 0, 8, 138.28
1735694407, 87, 28, 40, 0, 0, 0.17%, 7, 0, 8, 143.80
1735694427, 88, 10, 40, 0, 0, 0.17%, 7, 0, 8, 142.01
1735694438, 88, 11, 40, 0, 0, 0.17%, 7, 0, 8, 144.52
1735694443, 88, 13, 40, 0, 0, 0.17%, 7, 0, 8, 143.39
1735694448, 88, 15, 40, 0, 0, 0.17%, 7, 0, 8, 138.03
1735694453, 88, 31, 40, 0, 0, 0.17%, 7, 0, 8, 148.00
1735694474, 89, 12, 40, 0, 0, 0.17%, 7, 0, 8, 138.96
1735694479, 89, 15, 40, 0, 0, 0.17%, 7, 0, 8, 138.99
1735694484, 89, 18, 40, 0, 0, 0.17%, 7, 0, 8, 163.56
1735694505, 90, 12, 40, 0, 0, 0.17%, 7, 0, 8, 136.30
1735694510, 90, 15, 40, 0, 0, 0.17%, 7, 0, 8, 137.79
1735694515, 91, 11, 40, 0, 0, 0.17%, 7, 0, 8, 143.16
1735694520, 91, 13, 40, 0, 0, 0.17%, 7, 0, 8, 142.57
1735694526, 91, 15, 40, 0, 0, 0.17%, 7, 0, 8, 142.85
1735694531, 91, 20, 40, 0, 0, 0.17%, 7, 0, 8, 140.70
1735694551, 91, 25, 40, 0, 0, 0.17%, 7, 0, 8, 138.96
1735694572, 91, 36, 40, 0, 0, 0.17%, 7, 0, 8, 167.10
1735694597, 92, 11, 40, 0, 0, 0.17%, 7, 0, 8, 157.47
1735694602, 92, 12, 40, 0, 0, 0.17%, 7, 0, 8, 141.95
1735694607, 92, 15, 40, 0, 0, 0.17%, 7, 0, 8, 149.69
1735694613, 92, 30, 40, 0, 0, 0.17%, 7, 0, 8, 144.33
1735694633, 93, 12, 40, 0, 0, 0.17%, 7, 0, 8, 136.50
1735694638, 93, 15, 40, 0, 0, 0.17%, 7, 0, 8, 145.07
1735694644, 93, 24, 40, 0, 0, 0.17%, 7, 0, 8, 155.65
1735694664, 94, 11, 40, 0, 0, 0.17%, 7, 0, 8, 136.71
1735694669, 94, 13, 40, 0, 0, 0.17%, 7, 0, 8, 140.69
1735694674, 94, 15, 40, 0, 0, 0.17%, 7, 0, 8, 137.90
1735694679, 95, 12, 40, 0, 0, 0.17%, 7, 0, 8, 141.73
1735694684, 95, 15, 40, 0, 0, 0.17%, 7, 0, 8, 140.16
1735694690, 95, 20, 40, 0, 0, 0.17%, 7, 0, 8, 140.70
1735694710, 95, 25, 40, 0, 0, 0.17%, 7, 0, 8, 140.98
1735694730, 95, 33, 40, 0, 0, 0.17%, 7, 0, 8, 178.30
1735694756, 96, 11, 40, 0, 0, 0.17%, 7, 0, 8, 153.74
1735694761, 96, 13, 40, 0, 0, 0.17%, 7, 0, 8, 145.97
1735694766, 96, 15, 40, 0, 0, 0.17%, 7, 0, 8, 144.11
1735694771, 96, 16, 40, 0, 0, 0.17%, 7, 0, 8, 147.33
1735694792, 96, 21, 40, 0, 0, 0.17%, 7, 0, 8, 132.20
1735694812, 96, 29, 40, 0, 0, 0.17%, 7, 0, 8, 150.66
1735694828, 97, 0, 40, 0, 0, 0.17%, 7, 0, 8, 155.62
1735694833, 97, 12, 40, 0, 0, 0.17%, 7, 0, 8, 140.66
1735694838, 97, 15, 40, 0, 0, 0.17%, 7, 0, 8, 139.96
1735694843, 97, 16, 40, 0, 0, 0.17%, 7, 0, 8, 144.96
1735694864, 97, 28, 40, 0, 0, 0.17%, 7, 0, 8, 137.86
1735694884, 98, 6, 40, 0, 0, 0.17%, 7, 0, 8, 146.86
1735694889, 98, 12, 40, 0, 0, 0.17%, 7, 0, 8, 139.98
1735694895, 98, 15, 40, 0, 0, 0.17%, 7, 0, 8, 136.64
1735694900, 98, 21, 40, 0, 0, 0.17%, 7, 0, 8, 142.22
1735694920, 99, 6, 40, 0, 0, 0.17%, 7, 0, 8, 156.34
1735694925, 99, 12, 40, 0, 0, 0.17%, 7, 0, 8, 149.87
1735694930, 99, 15, 40, 0, 0, 0.17%, 7, 0, 8, 143.55
1735694936, 100, 12, 40, 0, 0, 0.17%, 7, 0, 8, 140.22
1735694941, 100, 15, 40, 0, 0, 0.17%, 7, 0, 8, 143.89
1735694946, 100, 37, 40, 0, 0, 0.17%, 7, 0, 8, 159.43
1735694971, 101, 0, 40, 0, 0, 0.17%, 7, 0, 8, 156.75
1735694976, 101, 12, 40, 0, 0, 0.17%, 7, 0, 8, 147.24
1735694981, 101, 15, 40, 0, 0, 0.17%, 7, 0, 8, 142.66
1735694987, 101, 24, 40, 0, 0, 0.17%, 7, 0, 8, 159.29
1735695007, 101, 26, 40, 0, 0, 0.17%, 7, 0, 8, 142.14
1735695028, 102, 12, 40, 0, 0, 0.17%, 7, 0, 8, 133.59
1735695033, 102, 15, 40, 0, 0, 0.17%, 7, 0, 8, 141.66
1735695038, 103, 11, 40, 0, 0, 0.17%, 7, 0, 8, 146.35
1735695044, 103, 13, 40, 0, 0, 0.17%, 7, 0, 8, 141.62
1735695049, 103, 15, 40, 0, 0, 0.17%, 7, 0, 8, 138.34
1735695054, 104, 12, 40, 0, 0, 0.17%, 7, 0, 8, 144.57
1735695059, 104, 15, 40, 0, 0, 0.17%, 7, 0, 8, 144.90
1735695064, 104, 24, 40, 0, 0, 0.17%, 7, 0, 8, 148.05
1735695085, 105, 5, 40, 0, 0, 0.17%, 7, 0, 8, 147.79
1735695090, 105, 12, 40, 0, 0, 0.17%, 7, 0, 8, 144.33
1735695095, 105, 15, 40, 0, 0, 0.17%, 7, 0, 8, 138.81
1735695100, 106, 10, 40, 0, 0, 0.17%, 7, 0, 8, 133.63
1735695110, 106, 11, 40, 0, 0, 0.17%, 7, 0, 8, 133.72
1735695116, 106, 13, 40, 0, 0, 0.17%, 7, 0, 8, 143.21
1735695121, 106, 15, 40, 0, 0, 0.17%, 7, 0, 8, 146.66
1735695126, 106, 37, 40, 0, 0, 0.17%, 7, 0, 8, 178.71
1735695151, 106, 38, 40, 0, 0, 0.17%, 7, 0, 8, 132.75
1735695172, 107, 11, 40, 0, 0, 0.17%, 7, 0, 8, 140.04
1735695177, 107, 13, 40, 0, 0, 0.17%, 7, 0, 8, 142.72
1735695182, 107, 15, 40, 0, 0, 0.17%, 7, 0, 8, 140.21
1735695187, 108, 11, 40, 0, 0, 0.17%, 7, 0, 8, 139.95
1735695193, 108, 13, 40, 0, 0, 0.17%, 7, 0, 8, 134.22
1735695198, 108, 15, 40, 0, 0, 0.17%, 7, 0, 8, 139.97
1735695203, 108, 25, 40, 0, 0, 0.17%, 7, 0, 8, 144.00
1735695224, 109, 13, 40, 0, 0, 0.17%, 7, 0, 8, 149.55
1735695229, 109, 15, 40, 0, 0, 0.17%, 7, 0, 8, 144.85
1735695234, 109, 19, 40, 0, 0, 0.17%, 7, 0, 8, 157.59
1735695255, 110, 12, 40, 0, 0, 0.17%, 7, 0, 8, 144.27
1735695260, 110, 15, 40, 0, 0, 0.17%, 7, 0, 8, 139.47
1735695265, 110, 17, 40, 0, 0, 0.17%, 7, 0, 8, 139.31
1735695286, 110, 22, 40, 0, 0, 0.17%, 7, 0, 8, 197.91
1735695311, 111, 6, 40, 0, 0, 0.17%, 7, 0, 8, 145.46
1735695316, 111, 13, 40, 0, 0, 0.17%, 7, 0, 8, 144.32
1735695321, 111, 15, 40, 0, 0, 0.17%, 7, 0, 8, 137.50
1735695326, 111, 16, 40, 0, 0, 0.17%, 7, 0, 8, 145.35
1735695347, 112, 5, 40, 0, 0, 0.17%, 7, 0, 8, 143.14
1735695352, 112, 12, 40, 0, 0, 0.17%, 7, 0, 8, 138.94
1735695357, 112, 15, 40, 0, 0, 0.17%, 7, 0, 8, 138.49
1735695362, 112, 25, 40, 0, 0, 0.17%, 7, 0, 8, 150.09
1735695383, 113, 11, 40, 0, 0, 0.17%, 7, 0, 8, 144.12
1735695388, 113, 15, 40, 0, 0, 0.17%, 7, 0, 8, 139.90
1735695393, 113, 25, 40, 0, 0, 0.17%, 7, 0, 8, 144.88
1735695414, 114, 11, 40, 0, 0, 0.17%, 7, 0, 8, 136.49
1735695419, 114, 13, 40, 0, 0, 0.17%, 7, 0, 8, 139.19
1735695424, 114, 15, 40, 0, 0, 0.17%, 7, 0, 8, 135.32
1735695429, 115, 11, 40, 0, 0, 0.17%, 7, 0, 8, 137.93
1735695434, 115, 13, 40, 0, 0, 0.17%, 7, 0, 8, 140.42
1735695439, 115, 15, 40, 0, 0, 0.17%, 7, 0, 8, 142.96
1735695445, 115, 31, 40, 0, 0, 0.17%, 7, 0, 8, 138.58
1735695460, 116, 11, 40, 0, 0, 0.17%, 7, 0, 8, 153.47
1735695465, 116, 13, 40, 0, 0, 0.17%, 7, 0, 8, 147.88
1735695470, 116, 15, 40, 0, 0, 0.17%, 7, 0, 8, 147.67
1735695475, 116, 16, 40, 0, 0, 0.17%, 7, 0, 8, 149.56
1735695496, 116, 18, 40, 0, 0, 0.17%, 7, 0, 8, 159.90
1735695516, 116, 24, 40, 0, 0, 0.17%, 7, 0, 8, 161.62
1735695531, 117, 9, 40, 0, 0, 0.17%, 7, 0, 8, 133.33
1735695536, 117, 12, 40, 0, 0, 0.17%, 7, 0, 8, 137.35
1735695541, 117, 15, 40, 0, 0, 0.17%, 7, 0, 8, 138.83
1735695547, 117, 18, 40, 0, 0, 0.17%, 7, 0, 8, 150.34
1735695567, 117, 23, 40, 0, 0, 0.17%, 7, 0, 8, 163.44
1735695582, 118, 7, 40, 0, 0, 0.17%, 7, 0, 8, 160.38
1735695587, 118, 12, 40, 0, 0, 0.17%, 7, 0, 8, 153.34
1735695592, 118, 15, 40, 0, 0, 0.17%, 7, 0, 8, 146.71
1735695597, 119, 11, 40, 0, 0, 0.17%, 7, 0, 8, 138.33
1735695602, 119, 13, 40, 0, 0, 0.17%, 7, 0, 8, 140.49
1735695608, 119, 15, 40, 0, 0, 0.17%, 7, 0, 8, 135.47
1735695613, 120, 12, 40, 0, 0, 0.17%, 7, 0, 8, 139.92
1735695618, 120, 15, 40, 0, 0, 0.17%, 7, 0, 8, 139.97
1735695623, 120, 23, 40, 0, 0, 0.17%, 7, 0, 8, 157.48
1735695638, 120, 34, 40, 0, 0, 0.17%, 7, 0, 8, 151.93
1735695659, 121, 12, 40, 0, 0, 0.17%, 7, 0, 8, 139.46
1735695664, 121, 15, 40, 0, 0, 0.17%, 7, 0, 8, 141.75
1735695669, 121, 36, 40, 0, 0, 0.17%, 7, 0, 8, 154.94
1735695700, 122, 12, 40, 0, 0, 0.17%, 7, 0, 8, 147.10
1735695705, 122, 15, 40, 0, 0, 0.17%, 7, 0, 8, 147.68
1735695710, 123, 11, 40, 0, 0, 0.17%, 7, 0, 8, 141.39
1735695716, 123, 13, 40, 0, 0, 0.17%, 7, 0, 8, 139.96
1735695721, 123, 15, 40, 0, 0, 0.17%, 7, 0, 8, 140.84
1735695726, 123, 17, 40, 0, 0, 0.17%, 7, 0, 8, 145.78
1735695741, 124, 1, 40, 0, 0, 0.17%, 7, 0, 8, 159.89
1735695746, 124, 11, 40, 0, 0, 0.17%, 7, 0, 8, 144.15
1735695751, 124, 13, 40, 0, 0, 0.17%, 7, 0, 8, 145.77
1735695757, 124, 25, 40, 0, 0, 0.17%, 7, 0, 8, 143.46
1735695767, 124, 29, 40, 0, 0, 0.17%, 7, 0, 8, 143.75
1735695787, 124, 34, 40, 0, 0, 0.17%, 7, 0, 8, 169.23
1735695808, 125, 12, 40, 0, 0, 0.17%, 7, 0, 8, 142.57
1735695813, 125, 15, 40, 0, 0, 0.17%, 7, 0, 8, 138.24
1735695818, 125, 28, 40, 0, 0, 0.17%, 7, 0, 8, 139.93
1735695838, 126, 12, 40, 0, 0, 0.17%, 7, 0, 8, 147.75
1735695843, 126, 15, 40, 0, 0, 0.17%, 7, 0, 8, 145.49
1735695849, 126, 22, 40, 0, 0, 0.17%, 7, 0, 8, 151.50
1735695879, 126, 28, 40, 0, 0, 0.17%, 7, 0, 8, 149.63
1735695884, 126, 32, 40, 0, 0, 0.17%, 7, 0, 8, 150.41
1735695905, 127, 12, 40, 0, 0, 0.17%, 7, 0, 8, 142.95
1735695910, 127, 15, 40, 0, 0, 0.17%, 7, 0, 8, 147.27
1735695915, 128, 3, 40, 0, 0, 0.17%, 7, 0, 8, 135.61
1735695920, 128, 11, 40, 0, 0, 0.17%, 7, 0, 8, 144.79
1735695925, 128, 13, 40, 0, 0, 0.17%, 7, 0, 8, 146.57
1735695930, 128, 15, 40, 0, 0, 0.17%, 7, 0, 8, 151.40
1735695935, 129, 1, 40, 0, 0, 0.17%, 7, 0, 8, 142.93
1735695940, 129, 12, 40, 0, 0, 0.17%, 7, 0, 8, 149.83
1735695945, 129, 14, 40, 0, 0, 0.17%, 7, 0, 8, 142.14
1735695956, 129, 15, 40, 0, 0, 0.17%, 7, 0, 8, 137.07
1735695961, 129, 16, 40, 0, 0, 0.17%, 7, 0, 8, 140.86
1735695982, 129, 21, 40, 0, 0, 0.17%, 7, 0, 8, 140.37
1735696002, 129, 24, 40, 0, 0, 0.17%, 7, 0, 8, 148.59
1735696023, 130, 12, 40, 0, 0, 0.17%, 7, 0, 8, 144.95
1735696028, 130, 15, 40, 0, 0, 0.17%, 7, 0, 8, 143.50
1735696033, 130, 23, 40, 0, 0, 0.17%, 7, 0, 8, 159.42
1735696048, 131, 4, 40, 0, 0, 0.17%, 7, 0, 8, 134.55
1735696054, 131, 12, 40, 0, 0, 0.17%, 7, 0, 8, 135.12
1735696059, 131, 15, 40, 0, 0, 0.17%, 7, 0, 8, 137.37
1735696064, 131, 33, 40, 0, 0, 0.17%, 7, 0, 8, 163.48
1735696095, 132, 13, 40, 0, 0, 0.17%, 7, 0, 8, 139.76
1735696100, 132, 15, 40, 0, 0, 0.17%, 7, 0, 8, 144.18
1735696105, 132, 32, 40, 0, 0, 0.17%, 7, 0, 8, 171.35
1735696126, 133, 11, 40, 0, 0, 0.17%, 7, 0, 8, 138.76
1735696131, 133, 13, 40, 0, 0, 0.17%, 7, 0, 8, 145.90
1735696136, 133, 15, 40, 0, 0, 0.17%, 7, 0, 8, 150.62
1735696141, 133, 24, 40, 0, 0, 0.17%, 7, 0, 8, 168.65
1735696156, 134, 1, 40, 0, 0, 0.17%, 7, 0, 8, 136.63
1735696162, 134, 11, 40, 0, 0, 0.17%, 7, 0, 8, 145.46
1735696167, 134, 13, 40, 0, 0, 0.17%, 7, 0, 8, 141.91
1735696172, 135, 6, 40, 0, 0, 0.17%, 7, 0, 8, 149.69
1735696177, 135, 10, 40, 0, 0, 0.17%, 7, 0, 8, 141.94
1735696187, 135, 11, 40, 0, 0, 0.17%, 7, 0, 8, 143.08
1735696192, 135, 13, 40, 0, 0, 0.17%, 7, 0, 8, 142.02
1735696198, 136, 10, 40, 0, 0, 0.17%, 7, 0, 8, 146.03
1735696208, 136, 11, 40, 0, 0, 0.17%, 7, 0, 8, 146.47
1735696213, 136, 13, 40, 0, 0, 0.17%, 7, 0, 8, 141.97
1735696218, 136, 15, 40, 0, 0, 0.17%, 7, 0, 8, 140.57
1735696223, 136, 20, 40, 0, 0, 0.17%, 7, 0, 8, 137.56
1735696244, 136, 28, 40, 0, 0, 0.17%, 7, 0, 8, 151.52
1735696254, 136, 35, 40, 0, 0, 0.17%, 7, 0, 8, 170.88
1735696280, 137, 11, 40, 0, 0, 0.17%, 7, 0, 8, 150.64
1735696285, 137, 13, 40, 0, 0, 0.17%, 7, 0, 8, 137.41
1735696290, 137, 15, 40, 0, 0, 0.17%, 7, 0, 8, 140.75
1735696295, 138, 11, 40, 0, 0, 0.17%, 7, 0, 8, 140.18
1735696300, 138, 13, 40, 0, 0, 0.17%, 7, 0, 8, 143.59
1735696305, 139, 11, 40, 0, 0, 0.17%, 7, 0, 8, 133.52
1735696310, 139, 13, 40, 0, 0, 0.17%, 7, 0, 8, 147.28
1735696315, 139, 14, 40, 0, 0, 0.17%, 7, 0, 8, 147.16
1735696326, 139, 15, 40, 0, 0, 0.17%, 7, 0, 8, 144.19
1735696331, 139, 23, 40, 0, 0, 0.17%, 7, 0, 8, 164.54
1735696346, 139, 24, 40, 0, 0, 0.17%, 7, 0, 8, 142.02
1735696367, 139, 31, 40, 0, 0, 0.17%, 7, 0, 8, 150.01
1735696387, 140, 12, 40, 0, 0, 0.17%, 7, 0, 8, 138.79
1735696392, 140, 14, 40, 0, 0, 0.17%, 7, 0, 8, 147.25
1735696402, 140, 15, 40, 0, 0, 0.17%, 7, 0, 8, 135.52
1735696407, 140, 29, 40, 0, 0, 0.17%, 7, 0, 8, 142.51
1735696428, 141, 8, 40, 0, 0, 0.17%, 7, 0, 8, 143.05
1735696433, 141, 13, 40, 0, 0, 0.17%, 7, 0, 8, 145.12
1735696438, 141, 14, 40, 0, 0, 0.17%, 7, 0, 8, 147.02
1735696448, 141, 15, 40, 0, 0, 0.17%, 7, 0, 8, 135.38
1735696453, 141, 21, 40, 0, 0, 0.17%, 7, 0, 8, 138.41
1735696474, 142, 10, 40, 0, 0, 0.17%, 7, 0, 8, 140.59
1735696484, 142, 12, 40, 0, 0, 0.17%, 7, 0, 8, 143.76
1735696489, 142, 15, 40, 0, 0, 0.17%, 7, 0, 8, 144.43
1735696494, 142, 35, 40, 0, 0, 0.17%, 7, 0, 8, 155.72
1735696525, 143, 12, 40, 0, 0, 0.17%, 7, 0, 8, 140.35
1735696530, 143, 15, 40, 0, 0, 0.17%, 7, 0, 8, 138.54
1735696535, 144, 11, 40, 0, 0, 0.17%, 7, 0, 8, 138.26
1735696540, 144, 13, 40, 0, 0, 0.17%, 7, 0, 8, 141.51
1735696546, 144, 15, 40, 0, 0, 0.17%, 7, 0, 8, 135.14
1735696551, 144, 23, 40, 0, 0, 0.17%, 7, 0, 8, 161.55
1735696566, 144, 37, 40, 0, 0, 0.17%, 7, 0, 8, 147.69
1735696597, 145, 11, 40, 0, 0, 0.17%, 7, 0, 8, 150.41
1735696602, 145, 13, 40, 0, 0, 0.17%, 7, 0, 8, 142.63
1735696607, 145, 15, 40, 0, 0, 0.17%, 7, 0, 8, 145.17
1735696612, 145, 32, 40, 0, 0, 0.17%, 7, 0, 8, 172.29
1735696628, 145, 34, 40, 0, 0, 0.17%, 7, 0, 8, 175.69
1735696648, 145, 38, 40, 0, 0, 0.17%, 7, 0, 8, 145.16
1735696668, 146, 12, 40, 0, 0, 0.17%, 7, 0, 8, 146.11
1735696673, 146, 15, 40, 0, 0, 0.17%, 7, 0, 8, 138.38
1735696679, 146, 20, 40, 0, 0, 0.17%, 7, 0, 8, 146.75
1735696699, 146, 38, 40, 0, 0, 0.17%, 7, 0, 8, 153.13
1735696720, 147, 11, 40, 0, 0, 0.17%, 7, 0, 8, 147.74
1735696725, 147, 13, 40, 0, 0, 0.17%, 7, 0, 8, 140.45
1735696730, 147, 15, 40, 0, 0, 0.17%, 7, 0, 8, 138.01
1735696735, 147, 29, 40, 0, 0, 0.17%, 7, 0, 8, 154.60
1735696756, 148, 12, 40, 0, 0, 0.17%, 7, 0, 8, 139.05
1735696761, 148, 15, 40, 0, 0, 0.17%, 7, 0, 8, 137.27
1735696766, 148, 19, 40, 0, 0, 0.17%, 7, 0, 8, 155.29
1735696786, 148, 35, 40, 0, 0, 0.17%, 7, 0, 8, 174.23
1735696811, 148, 37, 40, 0, 0, 0.17%, 7, 0, 8, 173.33
1735696842, 149, 13, 40, 0, 0, 0.17%, 7, 0, 8, 146.87
1735696847, 149, 15, 40, 0, 0, 0.17%, 7, 0, 8, 137.46
1735696853, 149, 24, 40, 0, 0, 0.17%, 7, 0, 8, 153.74
1735696863, 150, 12, 40, 0, 0, 0.17%, 7, 0, 8, 142.11
1735696868, 150, 15, 40, 0, 0, 0.17%, 7, 0, 8, 146.11
1735696873, 150, 18, 40, 0, 0, 0.17%, 7, 0, 8, 150.01
1735696893, 150, 26, 40, 0, 0, 0.17%, 7, 0, 8, 143.11
1735696909, 151, 0, 40, 0, 0, 0.17%, 7, 0, 8, 152.94
1735696914, 151, 12, 40, 0, 0, 0.17%, 7, 0, 8, 141.98
1735696919, 151, 15, 40, 0, 0, 0.17%, 7, 0, 8, 137.66
1735696924, 152, 1, 40, 0, 0, 0.17%, 7, 0, 8, 142.02
1735696929, 152, 12, 40, 0, 0, 0.17%, 7, 0, 8, 140.07
1735696935, 152, 15, 40, 0, 0, 0.17%, 7, 0, 8, 139.55
1735696940, 152, 30, 40, 0, 0, 0.17%, 7, 0, 8, 147.32
1735696960, 153, 12, 40, 0, 0, 0.17%, 7, 0, 8, 144.51
1735696965, 153, 15, 40, 0, 0, 0.17%, 7, 0, 8, 138.47
1735696970, 154, 11, 40, 0, 0, 0.17%, 7, 0, 8, 134.36
1735696975, 154, 13, 40, 0, 0, 0.17%, 7, 0, 8, 135.34
1735696980, 154, 14, 40, 0, 0, 0.17%, 7, 0, 8, 145.50
1735696986, 154, 15, 40, 0, 0, 0.17%, 7, 0, 8, 149.16
1735696991, 154, 27, 40, 0, 0, 0.17%, 7, 0, 8, 142.05
1735697006, 155, 11, 40, 0, 0, 0.17%, 7, 0, 8, 155.04
1735697011, 155, 13, 40, 0, 0, 0.17%, 7, 0, 8, 150.62
1735697016, 155, 14, 40, 0, 0, 0.17%, 7, 0, 8, 140.57
1735697022, 155, 15, 40, 0, 0, 0.17%, 7, 0, 8, 139.83
1735697027, 155, 31, 40, 0, 0, 0.17%, 7, 0, 8, 145.79
1735697047, 155, 32, 40, 0, 0, 0.17%, 7, 0, 8, 172.72
1735697063, 156, 11, 40, 0, 0, 0.17%, 7, 0, 8, 137.68
1735697068, 156, 13, 40, 0, 0, 0.17%, 7, 0, 8, 145.36
1735697073, 156, 15, 40, 0, 0, 0.17%, 7, 0, 8, 143.55
1735697078, 156, 16, 40, 0, 0, 0.17%, 7, 0, 8, 149.20
1735697099, 156, 21, 40, 0, 0, 0.17%, 7, 0, 8, 135.40
1735697119, 156, 29, 40, 0, 0, 0.17%, 7, 0, 8, 151.78
1735697139, 157, 13, 40, 0, 0, 0.17%, 7, 0, 8, 145.39
1735697144, 157, 15, 40, 0, 0, 0.17%, 7, 0, 8, 135.91
1735697150, 158, 12, 40, 0, 0, 0.17%, 7, 0, 8, 137.50
1735697155, 158, 15, 40, 0, 0, 0.17%, 7, 0, 8, 141.79
1735697160, 158, 19, 40, 0, 0, 0.17%, 7, 0, 8, 152.68
1735697180, 158, 29, 40, 0, 0, 0.17%, 7, 0, 8, 147.36
1735697201, 159, 12, 40, 0, 0, 0.17%, 7, 0, 8, 138.71
1735697206, 159, 15, 40, 0, 0, 0.17%, 7, 0, 8, 143.36
1735697211, 160, 11, 40, 0, 0, 0.17%, 7, 0, 8, 143.00
1735697216, 160, 13, 40, 0, 0, 0.17%, 7, 0, 8, 146.63
1735697221, 160, 15, 40, 0, 0, 0.17%, 7, 0, 8, 137.41
1735697226, 160, 24, 40, 0, 0, 0.17%, 7, 0, 8, 144.57
1735697237, 160, 37, 40, 0, 0, 0.17%, 7, 0, 8, 179.32
1735697262, 161, 12, 40, 0, 0, 0.17%, 7, 0, 8, 142.17
1735697267, 161, 15, 40, 0, 0, 0.17%, 7, 0, 8, 144.39
1735697272, 161, 18, 40, 0, 0, 0.17%, 7, 0, 8, 148.23
1735697293, 162, 11, 40, 0, 0, 0.17%, 7, 0, 8, 139.07
1735697298, 162, 13, 40, 0, 0, 0.17%, 7, 0, 8, 142.97
1735697303, 162, 25, 40, 0, 0, 0.17%, 7, 0, 8, 148.74
1735697313, 162, 37, 40, 0, 0, 0.17%, 7, 0, 8, 164.66
1735697344, 163, 12, 40, 0, 0, 0.17%, 7, 0, 8, 141.21
1735697349, 163, 15, 40, 0, 0, 0.17%, 7, 0, 8, 136.89
1735697354, 163, 16, 40, 0, 0, 0.17%, 7, 0, 8, 136.93
1735697364, 163, 24, 40, 0, 0, 0.17%, 7, 0, 8, 149.18
1735697375, 164, 0, 40, 0, 0, 0.17%, 7, 0, 8, 147.39
1735697380, 164, 12, 40, 0, 0, 0.17%, 7, 0, 8, 142.56
1735697385, 164, 15, 40, 0, 0, 0.17%, 7, 0, 8, 145.49
1735697390, 165, 11, 40, 0, 0, 0.17%, 7, 0, 8, 147.49
1735697395, 165, 13, 40, 0, 0, 0.17%, 7, 0, 8, 146.13
1735697401, 165, 15, 40, 0, 0, 0.17%, 7, 0, 8, 144.24
1735697406, 165, 26, 40, 0, 0, 0.17%, 7, 0, 8, 147.19
1735697421, 165, 37, 40, 0, 0, 0.17%, 7, 0, 8, 169.24
1735697452, 166, 12, 40, 0, 0, 0.17%, 7, 0, 8, 138.01
1735697457, 166, 15, 40, 0, 0, 0.17%, 7, 0, 8, 142.09
1735697462, 166, 28, 40, 0, 0, 0.17%, 7, 0, 8, 146.19
1735697473, 166, 39, 40, 0, 0, 0.17%, 7, 0, 8, 148.35
1735697503, 167, 12, 40, 0, 0, 0.17%, 7, 0, 8, 145.50
1735697508, 167, 15, 40, 0, 0, 0.17%, 7, 0, 8, 140.14
1735697514, 167, 18, 40, 0, 0, 0.17%, 7, 0, 8, 157.93
1735697534, 167, 38, 40, 0, 0, 0.17%, 7, 0, 8, 148.88
1735697554, 168, 12, 40, 0, 0, 0.17%, 7, 0, 8, 137.19
1735697560, 168, 15, 40, 0, 0, 0.17%, 7, 0, 8, 140.72
1735697565, 168, 32, 40, 0, 0, 0.17%, 7, 0, 8, 163.39
1735697585, 169, 12, 40, 0, 0, 0.17%, 7, 0, 8, 138.44
1735697590, 169, 15, 40, 0, 0, 0.17%, 7, 0, 8, 137.25
1735697596, 169, 22, 40, 0, 0, 0.17%, 7, 0, 8, 167.92
1735697626, 170, 12, 40, 0, 0, 0.17%, 7, 0, 8, 139.34
1735697632, 170, 15, 40, 0, 0, 0.17%, 7, 0, 8, 145.70
1735697637, 170, 16, 40, 0, 0, 0.17%, 7, 0, 8, 150.13
1735697647, 170, 32, 40, 0, 0, 0.17%, 7, 0, 8, 147.82
1735697667, 170, 38, 40, 0, 0, 0.17%, 7, 0, 8, 139.26
1735697688, 171, 4, 40, 0, 0, 0.17%, 7, 0, 8, 142.90
1735697693, 171, 13, 40, 0, 0, 0.17%, 7, 0, 8, 144.58
1735697698, 171, 15, 40, 0, 0, 0.17%, 7, 0, 8, 140.58
1735697703, 171, 26, 40, 0, 0, 0.17%, 7, 0, 8, 138.40
1735697723, 171, 38, 40, 0, 0, 0.17%, 7, 0, 8, 152.03
1735697739, 172, 11, 40, 0, 0, 0.17%, 7, 0, 8, 133.59
1735697744, 172, 13, 40, 0, 0, 0.17%, 7, 0, 8, 140.16
1735697749, 172, 14, 40, 0, 0, 0.17%, 7, 0, 8, 150.03
1735697754, 172, 15, 40, 0, 0, 0.17%, 7, 0, 8, 148.60
1735697759, 172, 17, 40, 0, 0, 0.17%, 7, 0, 8, 146.43
1735697775, 172, 39, 40, 0, 0, 0.17%, 7, 0, 8, 142.55
1735697805, 173, 12, 40, 0, 0, 0.17%, 7, 0, 8, 139.54
1735697810, 173, 13, 40, 0, 0, 0.17%, 7, 0, 8, 133.88
1735697815, 173, 18, 40, 0, 0, 0.17%, 7, 0, 8, 139.89
1735697826, 173, 25, 40, 0, 0, 0.17%, 7, 0, 8, 128.52
1735697836, 173, 27, 40, 0, 0, 0.17%, 7, 0, 8, 144.11
1735697857, 174, 2, 40, 0, 0, 0.17%, 7, 0, 8, 150.38
1735697862, 174, 12, 40, 0, 0, 0.17%, 7, 0, 8, 146.62
1735697867, 174, 15, 40, 0, 0, 0.17%, 7, 0, 8, 140.44
1735697872, 175, 11, 40, 0, 0, 0.17%, 7, 0, 8, 136.16
1735697877, 175, 14, 40, 0, 0, 0.17%, 7, 0, 8, 146.49
1735697882, 175, 15, 40, 0, 0, 0.17%, 7, 0, 8, 134.26
1735697888, 176, 12, 40, 0, 0, 0.17%, 7, 0, 8, 138.18
1735697893, 176, 14, 40, 0, 0, 0.17%, 7, 0, 8, 145.40
1735697898, 176, 15, 40, 0, 0, 0.17%, 7, 0, 8, 140.30
1735697903, 177, 11, 40, 0, 0, 0.17%, 7, 0, 8, 136.16
1735697908, 177, 13, 40, 0, 0, 0.17%, 7, 0, 8, 143.28
1735697913, 177, 15, 40, 0, 0, 0.17%, 7, 0, 8, 136.55
1735697918, 177, 38, 40, 0, 0, 0.17%, 7, 0, 8, 146.79
1735697939, 178, 13, 40, 0, 0, 0.17%, 7, 0, 8, 139.16
1735697944, 178, 15, 40, 0, 0, 0.17%, 7, 0, 8, 144.61
1735697949, 178, 31, 40, 0, 0, 0.17%, 7, 0, 8, 148.70
