# unix_time, cycles_done, cur_path, paths_total, pending_total, pending_favs, map_size, unique_crashes, unique_hangs, max_depth, execs_per_sec
1735374697, 0, 0, 10, 10, 1, 0.01%, 0, 0, 1, 84.12
1735374702, 0, 3, 10, 10, 1, 0.01%, 0, 0, 1, 104.30
1735374707, 0, 4, 10, 9, 0, 0.01%, 0, 0, 1, 101.92
1735374718, 0, 5, 10, 8, 0, 0.01%, 0, 0, 1, 100.47
1735374728, 0, 6, 10, 7, 0, 0.01%, 0, 0, 1, 100.13
1735374738, 0, 7, 10, 6, 0, 0.01%, 0, 0, 1, 98.67
1735374748, 0, 8, 10, 5, 0, 0.01%, 0, 0, 1, 96.84
1735374758, 0, 9, 10, 4, 0, 0.01%, 0, 0, 1, 94.85
1735374768, 1, 0, 10, 3, 0, 0.01%, 0, 0, 1, 94.33
1735374779, 1, 1, 10, 2, 0, 0.01%, 0, 0, 1, 101.96
1735374794, 1, 2, 10, 1, 0, 0.01%, 0, 0, 1, 91.32
1735374804, 1, 3, 10, 0, 0, 0.01%, 0, 0, 1, 101.30
1735374809, 1, 4, 10, 0, 0, 0.01%, 0, 0, 1, 101.29
1735374815, 1, 6, 10, 0, 0, 0.01%, 0, 0, 1, 100.66
1735374820, 1, 7, 10, 0, 0, 0.01%, 0, 0, 1, 100.27
1735374825, 1, 8, 10, 0, 0, 0.01%, 0, 0, 1, 100.09
1735374830, 2, 0, 10, 0, 0, 0.01%, 0, 0, 1, 103.53
1735374835, 2, 1, 10, 0, 0, 0.01%, 0, 0, 1, 104.29
1735374840, 2, 3, 10, 0, 0, 0.01%, 0, 0, 1, 103.08
1735374845, 2, 4, 10, 0, 0, 0.01%, 0, 0, 1, 103.82
1735374851, 2, 6, 10, 0, 0, 0.01%, 0, 0, 1, 103.36
1735374856, 2, 7, 10, 0, 0, 0.01%, 0, 0, 1, 102.47
1735374861, 2, 9, 10, 0, 0, 0.01%, 0, 0, 1, 102.05
1735374866, 3, 0, 10, 0, 0, 0.01%, 0, 0, 1, 105.52
1735374871, 3, 1, 10, 0, 0, 0.01%, 0, 0, 1, 102.01
1735374876, 3, 3, 10, 0, 0, 0.01%, 0, 0, 1, 103.85
1735374881, 3, 4, 10, 0, 0, 0.01%, 0, 0, 1, 101.63
1735374886, 3, 6, 10, 0, 0, 0.01%, 0, 0, 1, 103.35
1735374891, 3, 7, 10, 0, 0, 0.01%, 0, 0, 1, 102.91
1735374896, 3, 8, 10, 0, 0, 0.01%, 0, 0, 1, 102.17
1735374901, 4, 0, 10, 0, 0, 0.01%, 0, 0, 1, 102.76
1735374906, 4, 1, 10, 0, 0, 0.01%, 0, 0, 1, 103.08
1735374911, 4, 3, 10, 0, 0, 0.01%, 0, 0, 1, 102.98
1735374916, 4, 4, 10, 0, 0, 0.01%, 0, 0, 1, 102.92
1735374921, 4, 5, 10, 0, 0, 0.01%, 0, 0, 1, 103.79
1735374926, 4, 7, 10, 0, 0, 0.01%, 0, 0, 1, 103.82
1735374931, 4, 8, 10, 0, 0, 0.01%, 0, 0, 1, 104.07
1735374936, 5, 0, 10, 0, 0, 0.01%, 0, 0, 1, 104.91
1735374942, 5, 1, 10, 0, 0, 0.01%, 0, 0, 1, 107.36
1735374947, 5, 3, 10, 0, 0, 0.01%, 0, 0, 1, 101.85
1735374952, 5, 4, 10, 0, 0, 0.01%, 0, 0, 1, 103.95
1735374957, 5, 5, 10, 0, 0, 0.01%, 0, 0, 1, 101.95
1735374962, 5, 7, 10, 0, 0, 0.01%, 0, 0, 1, 102.26
1735374967, 5, 8, 10, 0, 0, 0.01%, 0, 0, 1, 99.54
1735374973, 6, 0, 10, 0, 0, 0.01%, 0, 0, 1, 101.15
1735374978, 6, 1, 10, 0, 0, 0.01%, 0, 0, 1, 104.41
1735374983, 6, 3, 10, 0, 0, 0.01%, 0, 0, 1, 103.45
1735374988, 6, 4, 10, 0, 0, 0.01%, 0, 0, 1, 104.49
1735374993, 6, 5, 10, 0, 0, 0.01%, 0, 0, 1, 103.44
1735374998, 6, 7, 10, 0, 0, 0.01%, 0, 0, 1, 101.44
1735375003, 6, 8, 10, 0, 0, 0.01%, 0, 0, 1, 103.94
1735375008, 7, 0, 10, 0, 0, 0.01%, 0, 0, 1, 101.58
1735375013, 7, 1, 10, 0, 0, 0.01%, 0, 0, 1, 102.13
1735375018, 7, 3, 10, 0, 0, 0.01%, 0, 0, 1, 103.81
1735375023, 7, 4, 10, 0, 0, 0.01%, 0, 0, 1, 103.34
1735375028, 7, 5, 10, 0, 0, 0.01%, 0, 0, 1, 104.16
1735375033, 7, 7, 10, 0, 0, 0.01%, 0, 0, 1, 104.55
1735375039, 7, 8, 10, 0, 0, 0.01%, 0, 0, 1, 103.09
1735375044, 8, 0, 10, 0, 0, 0.01%, 0, 0, 1, 103.07
1735375049, 8, 1, 10, 0, 0, 0.01%, 0, 0, 1, 103.67
1735375054, 8, 3, 10, 0, 0, 0.01%, 0, 0, 1, 103.49
1735375059, 8, 4, 11, 1, 0, 0.16%, 0, 0, 2, 100.72
1735375064, 8, 10, 13, 3, 1, 0.16%, 3, 0, 3, 133.31
1735375079, 8, 10, 14, 4, 1, 0.17%, 4, 0, 3, 112.57
1735375100, 8, 10, 15, 5, 1, 0.17%, 4, 0, 3, 112.40
1735375131, 8, 10, 16, 6, 1, 0.17%, 4, 0, 3, 109.34
1735375156, 8, 10, 17, 7, 1, 0.17%, 4, 0, 3, 113.88
1735375182, 8, 10, 19, 9, 1, 0.17%, 4, 0, 3, 120.37
1735375202, 8, 11, 19, 8, 2, 0.17%, 4, 0, 3, 127.02
1735375207, 8, 11, 20, 9, 2, 0.17%, 4, 0, 4, 115.39
1735375294, 8, 13, 21, 9, 1, 0.17%, 5, 0, 4, 135.26
1735375314, 8, 13, 22, 10, 1, 0.17%, 5, 0, 4, 111.95
1735375335, 8, 13, 23, 11, 1, 0.17%, 5, 0, 4, 115.60
1735375417, 8, 20, 23, 10, 1, 0.17%, 5, 0, 4, 139.34
1735375463, 8, 20, 24, 11, 1, 0.17%, 5, 0, 5, 116.88
1735375546, 9, 10, 24, 10, 0, 0.17%, 5, 0, 5, 118.59
1735375561, 9, 11, 24, 10, 0, 0.17%, 5, 0, 5, 116.30
1735375582, 9, 12, 24, 10, 0, 0.17%, 5, 0, 5, 129.86
1735375623, 9, 13, 24, 9, 0, 0.17%, 5, 0, 5, 117.84
1735375638, 9, 17, 25, 10, 0, 0.17%, 5, 0, 5, 142.83
1735375684, 9, 20, 25, 9, 0, 0.17%, 5, 0, 5, 116.24
1735375720, 9, 21, 26, 10, 0, 0.17%, 5, 0, 5, 145.62
1735375822, 9, 21, 27, 11, 0, 0.17%, 5, 0, 5, 241.72
1735375827, 9, 21, 27, 11, 0, 0.17%, 6, 0, 5, 246.38
1735376442, 9, 22, 27, 10, 0, 0.17%, 6, 0, 5, 124.92
1735376453, 9, 22, 28, 11, 0, 0.17%, 6, 0, 5, 145.22
1735376524, 9, 22, 29, 12, 0, 0.17%, 6, 0, 5, 132.71
1735376571, 9, 26, 29, 11, 0, 0.17%, 6, 0, 5, 175.44
1735376785, 10, 10, 29, 10, 0, 0.17%, 6, 0, 5, 118.50
1735376790, 10, 12, 29, 10, 0, 0.17%, 6, 0, 5, 122.66
1735376811, 10, 13, 29, 10, 0, 0.17%, 6, 0, 5, 119.66
1735376816, 10, 14, 29, 10, 0, 0.17%, 6, 0, 5, 147.34
1735376852, 10, 14, 30, 11, 0, 0.17%, 6, 0, 5, 112.94
1735376857, 10, 19, 30, 10, 0, 0.17%, 6, 0, 5, 145.65
1735376878, 10, 19, 31, 11, 0, 0.17%, 6, 0, 5, 133.62
1735376914, 10, 19, 32, 12, 0, 0.17%, 6, 0, 5, 133.54
1735376980, 10, 20, 32, 11, 0, 0.17%, 6, 0, 5, 119.29
1735376985, 10, 24, 32, 11, 0, 0.17%, 6, 0, 5, 121.72
1735377016, 10, 24, 33, 12, 0, 0.17%, 6, 0, 5, 122.96
1735377027, 10, 24, 34, 13, 0, 0.17%, 6, 0, 5, 120.49
1735377032, 10, 24, 35, 14, 0, 0.17%, 6, 0, 5, 120.93
1735377058, 10, 24, 36, 15, 0, 0.17%, 6, 0, 5, 124.82
1735377104, 10, 24, 37, 16, 0, 0.17%, 6, 0, 5, 136.53
1735377119, 10, 30, 37, 15, 0, 0.17%, 6, 0, 5, 239.59
1735377339, 10, 36, 37, 14, 0, 0.17%, 6, 0, 5, 165.03
1735377416, 11, 10, 37, 13, 0, 0.17%, 6, 0, 5, 165.92
1735377421, 11, 13, 37, 13, 0, 0.17%, 6, 0, 5, 166.83
1735377426, 11, 17, 37, 13, 0, 0.17%, 6, 0, 5, 163.87
1735377441, 11, 20, 37, 13, 0, 0.17%, 6, 0, 5, 161.52
1735377446, 11, 31, 37, 13, 0, 0.17%, 6, 0, 5, 217.15
1735377710, 11, 35, 37, 12, 0, 0.17%, 6, 0, 5, 176.25
1735377781, 12, 10, 37, 11, 0, 0.17%, 6, 0, 5, 165.93
1735377786, 12, 13, 37, 11, 0, 0.17%, 6, 0, 5, 161.74
1735377791, 12, 20, 37, 11, 0, 0.17%, 6, 0, 5, 167.96
1735377796, 12, 27, 37, 11, 0, 0.17%, 6, 0, 5, 189.45
1735377812, 12, 27, 38, 12, 0, 0.17%, 6, 0, 6, 165.07
1735377817, 12, 27, 39, 13, 0, 0.17%, 6, 0, 6, 162.13
1735377913, 12, 29, 39, 12, 0, 0.17%, 6, 0, 6, 168.87
1735377979, 12, 35, 39, 11, 0, 0.17%, 6, 0, 6, 177.37
1735377995, 13, 10, 39, 11, 0, 0.17%, 6, 0, 6, 176.47
1735378000, 13, 13, 39, 11, 0, 0.17%, 6, 0, 6, 166.90
1735378005, 13, 16, 39, 11, 0, 0.17%, 6, 0, 6, 198.90
1735378045, 13, 20, 39, 10, 0, 0.17%, 6, 0, 6, 151.34
1735378050, 13, 34, 39, 10, 0, 0.17%, 6, 0, 6, 153.83
1735378234, 14, 11, 39, 9, 0, 0.17%, 6, 0, 6, 163.49
1735378239, 14, 18, 39, 9, 0, 0.17%, 6, 0, 6, 200.90
1735378264, 14, 20, 39, 8, 0, 0.17%, 6, 0, 6, 167.09
1735378269, 14, 25, 39, 8, 0, 0.17%, 6, 0, 6, 103.77
1735379069, 14, 33, 39, 7, 0, 0.17%, 6, 0, 6, 173.81
1735379120, 14, 38, 39, 6, 0, 0.17%, 6, 0, 6, 176.01
1735379233, 14, 38, 40, 7, 0, 0.17%, 6, 0, 7, 260.45
1735379289, 15, 10, 40, 6, 0, 0.17%, 6, 0, 7, 151.25
1735379294, 15, 20, 40, 6, 0, 0.17%, 6, 0, 7, 155.95
1735379299, 15, 23, 40, 6, 0, 0.17%, 6, 0, 7, 157.15
1735379345, 15, 28, 40, 5, 0, 0.17%, 6, 0, 7, 157.31
1735379396, 15, 32, 40, 4, 0, 0.17%, 6, 0, 7, 192.90
1735379447, 15, 35, 40, 3, 0, 0.17%, 6, 0, 7, 161.59
1735379457, 16, 11, 40, 3, 0, 0.17%, 6, 0, 7, 153.15
1735379462, 16, 15, 40, 3, 0, 0.17%, 6, 0, 7, 159.12
1735379503, 16, 20, 40, 2, 0, 0.17%, 6, 0, 7, 141.97
1735379508, 16, 21, 40, 2, 0, 0.17%, 6, 0, 7, 165.10
1735379528, 17, 11, 40, 2, 0, 0.17%, 6, 0, 7, 139.51
1735379534, 17, 20, 40, 2, 0, 0.17%, 6, 0, 7, 141.56
1735379539, 17, 37, 40, 2, 0, 0.17%, 6, 0, 7, 186.84
1735379590, 17, 39, 40, 1, 0, 0.17%, 6, 0, 7, 182.12
1735379682, 18, 11, 40, 0, 0, 0.17%, 6, 0, 7, 139.51
1735379687, 18, 14, 40, 0, 0, 0.17%, 6, 0, 7, 140.82
1735379697, 18, 20, 40, 0, 0, 0.17%, 6, 0, 7, 137.44
1735379702, 18, 25, 40, 0, 0, 0.17%, 6, 0, 7, 153.93
1735379732, 18, 32, 40, 0, 0, 0.17%, 6, 0, 7, 146.34
1735379753, 19, 10, 40, 0, 0, 0.17%, 6, 0, 7, 138.77
1735379758, 19, 13, 40, 0, 0, 0.17%, 6, 0, 7, 141.05
1735379763, 19, 20, 40, 0, 0, 0.17%, 6, 0, 7, 146.07
1735379769, 19, 23, 40, 0, 0, 0.17%, 6, 0, 7, 144.18
1735379789, 20, 11, 40, 0, 0, 0.17%, 6, 0, 7, 135.91
1735379794, 20, 16, 40, 0, 0, 0.17%, 6, 0, 7, 140.15
1735379805, 20, 20, 40, 0, 0, 0.17%, 6, 0, 7, 133.11
1735379810, 21, 10, 40, 0, 0, 0.17%, 6, 0, 7, 136.23
1735379815, 21, 13, 40, 0, 0, 0.17%, 6, 0, 7, 137.49
1735379820, 21, 20, 40, 0, 0, 0.17%, 6, 0, 7, 139.95
1735379825, 22, 5, 40, 0, 0, 0.17%, 6, 0, 7, 156.56
1735379830, 22, 13, 40, 0, 0, 0.17%, 6, 0, 7, 143.52
1735379835, 22, 20, 40, 0, 0, 0.17%, 6, 0, 7, 136.94
1735379841, 22, 22, 40, 0, 0, 0.17%, 6, 0, 7, 144.74
1735379861, 23, 10, 40, 0, 0, 0.17%, 6, 0, 7, 141.12
1735379867, 23, 19, 40, 0, 0, 0.17%, 6, 0, 7, 136.67
1735379892, 23, 20, 40, 0, 0, 0.17%, 6, 0, 7, 146.57
1735379897, 23, 33, 40, 0, 0, 0.17%, 6, 0, 7, 153.10
1735379918, 23, 36, 40, 0, 0, 0.17%, 6, 0, 7, 148.80
1735379943, 24, 0, 40, 0, 0, 0.17%, 6, 0, 7, 153.01
1735379948, 24, 11, 40, 0, 0, 0.17%, 6, 0, 7, 144.45
1735379953, 24, 20, 40, 0, 0, 0.17%, 6, 0, 7, 143.01
1735379958, 24, 32, 40, 0, 0, 0.17%, 6, 0, 7, 145.25
1735379969, 25, 8, 40, 0, 0, 0.17%, 6, 0, 7, 133.36
1735379974, 25, 11, 40, 0, 0, 0.17%, 6, 0, 7, 136.25
1735379979, 25, 20, 40, 0, 0, 0.17%, 6, 0, 7, 137.97
1735379984, 25, 37, 40, 0, 0, 0.17%, 6, 0, 7, 139.42
1735380005, 26, 6, 40, 0, 0, 0.17%, 6, 0, 7, 153.46
1735380010, 26, 11, 40, 0, 0, 0.17%, 6, 0, 7, 148.29
1735380015, 26, 13, 40, 0, 0, 0.17%, 6, 0, 7, 135.59
1735380020, 26, 20, 40, 0, 0, 0.17%, 6, 0, 7, 135.34
1735380025, 26, 39, 40, 0, 0, 0.17%, 6, 0, 7, 169.80
1735380040, 27, 4, 40, 0, 0, 0.17%, 6, 0, 7, 158.02
1735380046, 27, 10, 40, 0, 0, 0.17%, 6, 0, 7, 143.07
1735380051, 27, 13, 40, 0, 0, 0.17%, 6, 0, 7, 134.53
1735380056, 27, 20, 40, 0, 0, 0.17%, 6, 0, 7, 137.92
1735380061, 27, 39, 40, 0, 0, 0.17%, 6, 0, 7, 169.87
1735380076, 28, 10, 40, 0, 0, 0.17%, 6, 0, 7, 152.46
1735380082, 28, 13, 40, 0, 0, 0.17%, 6, 0, 7, 144.47
1735380087, 28, 20, 40, 0, 0, 0.17%, 6, 0, 7, 144.66
1735380092, 29, 11, 40, 0, 0, 0.17%, 6, 0, 7, 140.62
1735380097, 29, 15, 40, 0, 0, 0.17%, 6, 0, 7, 140.24
1735380107, 29, 20, 40, 0, 0, 0.17%, 6, 0, 7, 139.80
1735380112, 29, 25, 40, 0, 0, 0.17%, 6, 0, 7, 156.23
1735380128, 29, 26, 40, 0, 0, 0.17%, 6, 0, 7, 155.21
1735380148, 29, 35, 40, 0, 0, 0.17%, 6, 0, 7, 145.32
1735380158, 30, 11, 40, 0, 0, 0.17%, 6, 0, 7, 143.93
1735380163, 30, 20, 40, 0, 0, 0.17%, 6, 0, 7, 144.42
1735380168, 30, 29, 40, 0, 0, 0.17%, 6, 0, 7, 146.40
1735380189, 31, 10, 40, 0, 0, 0.17%, 6, 0, 7, 142.87
1735380194, 31, 13, 40, 0, 0, 0.17%, 6, 0, 7, 139.57
1735380199, 31, 20, 40, 0, 0, 0.17%, 6, 0, 7, 145.02
1735380204, 31, 34, 40, 0, 0, 0.17%, 6, 0, 7, 173.44
1735380219, 32, 10, 40, 0, 0, 0.17%, 6, 0, 7, 153.65
1735380224, 32, 13, 40, 0, 0, 0.17%, 6, 0, 7, 140.71
1735380230, 32, 20, 40, 0, 0, 0.17%, 6, 0, 7, 136.95
1735380235, 33, 10, 40, 0, 0, 0.17%, 6, 0, 7, 132.36
1735380240, 33, 13, 40, 0, 0, 0.17%, 6, 0, 7, 140.16
1735380245, 33, 35, 40, 0, 0, 0.17%, 6, 0, 7, 150.08
1735380250, 34, 10, 40, 0, 0, 0.17%, 6, 0, 7, 145.12
1735380255, 34, 13, 40, 0, 0, 0.17%, 6, 0, 7, 139.03
1735380261, 34, 20, 40, 0, 0, 0.17%, 6, 0, 7, 148.14
1735380266, 35, 10, 40, 0, 0, 0.17%, 6, 0, 7, 147.84
1735380271, 35, 13, 40, 0, 0, 0.17%, 6, 0, 7, 138.55
1735380276, 35, 20, 40, 0, 0, 0.17%, 6, 0, 7, 130.51
1735380281, 35, 29, 40, 0, 0, 0.17%, 6, 0, 7, 137.93
1735380292, 36, 11, 40, 0, 0, 0.17%, 6, 0, 7, 138.57
1735380297, 36, 16, 40, 0, 0, 0.17%, 6, 0, 7, 139.80
1735380302, 36, 20, 40, 0, 0, 0.17%, 6, 0, 7, 140.84
1735380307, 36, 22, 40, 0, 0, 0.17%, 6, 0, 7, 139.51
1735380312, 36, 24, 40, 0, 0, 0.17%, 6, 0, 7, 141.16
1735380333, 36, 26, 40, 0, 0, 0.17%, 6, 0, 7, 142.62
1735380343, 36, 33, 40, 0, 0, 0.17%, 6, 0, 7, 151.79
1735380353, 36, 38, 40, 0, 0, 0.17%, 6, 0, 7, 173.33
1735380369, 37, 4, 40, 0, 0, 0.17%, 6, 0, 7, 146.25
1735380374, 37, 10, 40, 0, 0, 0.17%, 6, 0, 7, 146.63
1735380379, 37, 13, 40, 0, 0, 0.17%, 6, 0, 7, 142.91
1735380384, 37, 20, 40, 0, 0, 0.17%, 6, 0, 7, 142.02
1735380389, 38, 13, 40, 0, 0, 0.17%, 6, 0, 7, 137.46
1735380395, 38, 20, 40, 0, 0, 0.17%, 6, 0, 7, 139.16
1735380400, 38, 26, 40, 0, 0, 0.17%, 6, 0, 7, 144.12
1735380405, 38, 39, 40, 0, 0, 0.17%, 6, 0, 7, 153.98
1735380415, 39, 10, 40, 0, 0, 0.17%, 6, 0, 7, 146.03
1735380420, 39, 13, 40, 0, 0, 0.17%, 6, 0, 7, 146.10
1735380425, 39, 20, 40, 0, 0, 0.17%, 6, 0, 7, 142.64
1735380430, 39, 30, 40, 0, 0, 0.17%, 6, 0, 7, 163.34
1735380446, 40, 10, 40, 0, 0, 0.17%, 6, 0, 7, 141.15
1735380451, 40, 13, 40, 0, 0, 0.17%, 6, 0, 7, 143.34
1735380456, 40, 20, 40, 0, 0, 0.17%, 6, 0, 7, 139.24
1735380461, 40, 38, 40, 0, 0, 0.17%, 6, 0, 7, 177.28
1735380467, 40, 38, 41, 1, 0, 0.17%, 7, 0, 7, 176.48
1735380487, 41, 11, 41, 1, 0, 0.17%, 7, 0, 7, 144.34
1735380492, 41, 20, 41, 1, 0, 0.17%, 7, 0, 7, 140.56
1735380497, 42, 11, 41, 1, 0, 0.17%, 7, 0, 7, 142.44
1735380503, 42, 20, 41, 1, 0, 0.17%, 7, 0, 7, 136.66
1735380508, 43, 1, 41, 1, 0, 0.17%, 7, 0, 7, 141.98
1735380513, 43, 11, 41, 1, 0, 0.17%, 7, 0, 7, 140.49
1735380518, 43, 14, 41, 1, 0, 0.17%, 7, 0, 7, 137.70
1735380523, 43, 20, 41, 1, 0, 0.17%, 7, 0, 7, 139.60
1735380528, 43, 24, 41, 1, 0, 0.17%, 7, 0, 7, 138.16
1735380539, 43, 25, 41, 1, 0, 0.17%, 7, 0, 7, 156.33
1735380544, 44, 11, 41, 1, 0, 0.17%, 7, 0, 7, 145.96
1735380549, 44, 20, 41, 1, 0, 0.17%, 7, 0, 7, 146.47
1735380554, 45, 10, 41, 1, 0, 0.17%, 7, 0, 7, 137.28
1735380559, 45, 13, 41, 1, 0, 0.17%, 7, 0, 7, 143.34
1735380564, 45, 20, 41, 1, 0, 0.17%, 7, 0, 7, 142.17
1735380570, 45, 23, 41, 1, 0, 0.17%, 7, 0, 7, 139.46
1735380575, 45, 26, 41, 1, 0, 0.17%, 7, 0, 7, 139.88
1735380580, 45, 37, 41, 1, 0, 0.17%, 7, 0, 7, 147.67
1735380601, 46, 3, 41, 1, 0, 0.17%, 7, 0, 7, 138.23
1735380606, 46, 11, 41, 1, 0, 0.17%, 7, 0, 7, 134.38
1735380611, 46, 20, 41, 1, 0, 0.17%, 7, 0, 7, 147.31
1735380616, 46, 29, 41, 1, 0, 0.17%, 7, 0, 7, 147.60
1735380626, 47, 8, 41, 1, 0, 0.17%, 7, 0, 7, 137.80
1735380631, 47, 11, 41, 1, 0, 0.17%, 7, 0, 7, 140.22
1735380637, 47, 20, 41, 1, 0, 0.17%, 7, 0, 7, 144.23
1735380642, 48, 9, 41, 1, 0, 0.17%, 7, 0, 7, 137.25
1735380647, 48, 13, 41, 1, 0, 0.17%, 7, 0, 7, 143.33
1735380652, 48, 20, 41, 1, 0, 0.17%, 7, 0, 7, 145.98
1735380657, 49, 10, 41, 1, 0, 0.17%, 7, 0, 7, 138.30
1735380662, 49, 13, 41, 1, 0, 0.17%, 7, 0, 7, 131.66
1735380668, 49, 20, 41, 1, 0, 0.17%, 7, 0, 7, 134.38
1735380673, 49, 37, 41, 1, 0, 0.17%, 7, 0, 7, 144.65
1735380678, 50, 10, 41, 1, 0, 0.17%, 7, 0, 7, 138.34
1735380683, 50, 13, 41, 1, 0, 0.17%, 7, 0, 7, 134.33
1735380688, 51, 10, 41, 1, 0, 0.17%, 7, 0, 7, 139.17
1735380693, 51, 13, 41, 1, 0, 0.17%, 7, 0, 7, 141.97
1735380698, 51, 20, 41, 1, 0, 0.17%, 7, 0, 7, 138.11
1735380704, 51, 31, 41, 1, 0, 0.17%, 7, 0, 7, 152.36
1735380724, 51, 33, 41, 1, 0, 0.17%, 7, 0, 7, 143.59
1735380734, 51, 34, 41, 1, 0, 0.17%, 7, 0, 7, 170.00
1735380744, 52, 10, 41, 1, 0, 0.17%, 7, 0, 7, 147.10
1735380749, 52, 13, 41, 1, 0, 0.17%, 7, 0, 7, 145.00
1735380754, 52, 20, 41, 1, 0, 0.17%, 7, 0, 7, 142.31
1735380760, 52, 38, 41, 1, 0, 0.17%, 7, 0, 7, 156.12
1735380765, 53, 13, 41, 1, 0, 0.17%, 7, 0, 7, 145.67
1735380770, 53, 20, 41, 1, 0, 0.17%, 7, 0, 7, 139.78
1735380775, 53, 29, 41, 1, 0, 0.17%, 7, 0, 7, 143.99
1735380780, 53, 39, 41, 1, 0, 0.17%, 7, 0, 7, 165.41
1735380791, 53, 40, 41, 1, 0, 0.17%, 7, 0, 7, 186.29
1735380928, 54, 11, 41, 0, 0, 0.17%, 7, 0, 7, 144.51
1735380933, 54, 14, 41, 0, 0, 0.17%, 7, 0, 7, 145.53
1735380939, 54, 20, 41, 0, 0, 0.17%, 7, 0, 7, 134.17
1735380944, 55, 11, 41, 0, 0, 0.17%, 7, 0, 7, 137.36
1735380949, 55, 20, 41, 0, 0, 0.17%, 7, 0, 7, 136.41
1735380954, 55, 24, 41, 0, 0, 0.17%, 7, 0, 7, 141.50
1735380959, 56, 10, 41, 0, 0, 0.17%, 7, 0, 7, 140.84
1735380965, 56, 13, 41, 0, 0, 0.17%, 7, 0, 7, 139.07
1735380970, 56, 20, 41, 0, 0, 0.17%, 7, 0, 7, 143.65
1735380975, 56, 23, 41, 0, 0, 0.17%, 7, 0, 7, 132.57
1735380980, 56, 28, 41, 0, 0, 0.17%, 7, 0, 7, 138.93
1735381000, 56, 38, 41, 0, 0, 0.17%, 7, 0, 7, 161.72
1735381005, 57, 11, 41, 0, 0, 0.17%, 7, 0, 7, 134.78
1735381011, 57, 16, 41, 0, 0, 0.17%, 7, 0, 7, 141.36
1735381016, 57, 20, 41, 0, 0, 0.17%, 7, 0, 7, 137.26
1735381021, 58, 3, 41, 0, 0, 0.17%, 7, 0, 7, 145.25
1735381026, 58, 11, 41, 0, 0, 0.17%, 7, 0, 7, 140.70
1735381031, 58, 20, 41, 0, 0, 0.17%, 7, 0, 7, 138.68
1735381036, 58, 32, 41, 0, 0, 0.17%, 7, 0, 7, 149.03
1735381046, 58, 40, 41, 0, 0, 0.17%, 7, 0, 7, 153.60
1735381067, 59, 10, 41, 0, 0, 0.17%, 7, 0, 7, 143.67
1735381072, 59, 12, 41, 0, 0, 0.17%, 7, 0, 7, 143.97
1735381077, 59, 20, 41, 0, 0, 0.17%, 7, 0, 7, 141.93
1735381082, 59, 32, 41, 0, 0, 0.17%, 7, 0, 7, 143.65
1735381088, 60, 10, 41, 0, 0, 0.17%, 7, 0, 7, 140.21
1735381093, 60, 13, 41, 0, 0, 0.17%, 7, 0, 7, 137.11
1735381098, 60, 20, 41, 0, 0, 0.17%, 7, 0, 7, 145.05
1735381103, 60, 28, 41, 0, 0, 0.17%, 7, 0, 7, 145.45
1735381113, 61, 10, 41, 0, 0, 0.17%, 7, 0, 7, 141.60
1735381118, 61, 13, 41, 0, 0, 0.17%, 7, 0, 7, 143.40
1735381123, 61, 20, 41, 0, 0, 0.17%, 7, 0, 7, 143.90
1735381129, 62, 11, 41, 0, 0, 0.17%, 7, 0, 7, 139.43
1735381134, 62, 20, 41, 0, 0, 0.17%, 7, 0, 7, 135.46
1735381139, 62, 30, 41, 0, 0, 0.17%, 7, 0, 7, 149.22
1735381149, 63, 6, 41, 0, 0, 0.17%, 7, 0, 7, 143.74
1735381154, 63, 13, 41, 0, 0, 0.17%, 7, 0, 7, 137.63
1735381159, 63, 20, 41, 0, 0, 0.17%, 7, 0, 7, 141.60
1735381164, 63, 28, 41, 0, 0, 0.17%, 7, 0, 7, 143.60
1735381170, 64, 11, 41, 0, 0, 0.17%, 7, 0, 7, 143.47
1735381175, 64, 20, 41, 0, 0, 0.17%, 7, 0, 7, 139.61
1735381180, 64, 22, 41, 0, 0, 0.17%, 7, 0, 7, 137.76
1735381185, 64, 32, 41, 0, 0, 0.17%, 7, 0, 7, 137.07
1735381190, 65, 8, 41, 0, 0, 0.17%, 7, 0, 7, 136.06
1735381195, 65, 11, 41, 0, 0, 0.17%, 7, 0, 7, 136.29
1735381200, 65, 20, 41, 0, 0, 0.17%, 7, 0, 7, 138.36
1735381206, 66, 10, 41, 0, 0, 0.17%, 7, 0, 7, 138.43
1735381211, 66, 13, 41, 0, 0, 0.17%, 7, 0, 7, 137.40
1735381216, 66, 20, 41, 0, 0, 0.17%, 7, 0, 7, 145.55
1735381221, 66, 24, 41, 0, 0, 0.17%, 7, 0, 7, 142.43
1735381226, 67, 9, 41, 0, 0, 0.17%, 7, 0, 7, 138.36
1735381231, 67, 11, 41, 0, 0, 0.17%, 7, 0, 7, 146.72
1735381237, 67, 17, 41, 0, 0, 0.17%, 7, 0, 7, 145.67
1735381242, 67, 20, 41, 0, 0, 0.17%, 7, 0, 7, 142.53
1735381247, 68, 11, 41, 0, 0, 0.17%, 7, 0, 7, 139.69
1735381252, 68, 20, 41, 0, 0, 0.17%, 7, 0, 7, 138.31
1735381257, 69, 10, 41, 0, 0, 0.17%, 7, 0, 7, 141.51
1735381262, 69, 13, 41, 0, 0, 0.17%, 7, 0, 7, 141.19
1735381267, 69, 20, 41, 0, 0, 0.17%, 7, 0, 7, 131.79
1735381273, 70, 11, 41, 0, 0, 0.17%, 7, 0, 7, 141.28
1735381278, 70, 20, 41, 0, 0, 0.17%, 7, 0, 7, 146.28
1735381283, 70, 21, 41, 0, 0, 0.17%, 7, 0, 7, 151.80
1735381288, 70, 31, 41, 0, 0, 0.17%, 7, 0, 7, 155.11
1735381298, 71, 5, 41, 0, 0, 0.17%, 7, 0, 7, 141.78
1735381303, 71, 13, 41, 0, 0, 0.17%, 7, 0, 7, 139.32
1735381308, 71, 20, 41, 0, 0, 0.17%, 7, 0, 7, 139.27
1735381313, 71, 37, 41, 0, 0, 0.17%, 7, 0, 7, 136.44
1735381319, 72, 10, 41, 0, 0, 0.17%, 7, 0, 7, 146.36
1735381324, 72, 13, 41, 0, 0, 0.17%, 7, 0, 7, 136.97
1735381329, 72, 20, 41, 0, 0, 0.17%, 7, 0, 7, 141.84
1735381334, 72, 25, 41, 0, 0, 0.17%, 7, 0, 7, 152.62
1735381339, 72, 30, 41, 0, 0, 0.17%, 7, 0, 7, 148.37
1735381349, 73, 10, 41, 0, 0, 0.17%, 7, 0, 7, 137.03
1735381354, 73, 13, 41, 0, 0, 0.17%, 7, 0, 7, 149.45
1735381359, 73, 20, 41, 0, 0, 0.17%, 7, 0, 7, 140.89
1735381364, 73, 25, 41, 0, 0, 0.17%, 7, 0, 7, 150.40
1735381369, 74, 10, 41, 0, 0, 0.17%, 7, 0, 7, 141.05
1735381375, 74, 13, 41, 0, 0, 0.17%, 7, 0, 7, 139.22
1735381380, 74, 20, 41, 0, 0, 0.17%, 7, 0, 7, 134.51
1735381385, 74, 29, 41, 0, 0, 0.17%, 7, 0, 7, 129.65
1735381390, 74, 34, 41, 0, 0, 0.17%, 7, 0, 7, 159.69
1735381400, 74, 35, 41, 0, 0, 0.17%, 7, 0, 7, 144.06
1735381405, 75, 11, 41, 0, 0, 0.17%, 7, 0, 7, 136.81
1735381411, 75, 14, 41, 0, 0, 0.17%, 7, 0, 7, 146.08
1735381416, 75, 20, 41, 0, 0, 0.17%, 7, 0, 7, 143.89
1735381421, 75, 30, 41, 0, 0, 0.17%, 7, 0, 7, 145.48
1735381426, 75, 39, 41, 0, 0, 0.17%, 7, 0, 7, 147.61
1735381431, 76, 13, 41, 0, 0, 0.17%, 7, 0, 7, 146.72
1735381436, 76, 20, 41, 0, 0, 0.17%, 7, 0, 7, 137.80
1735381442, 77, 10, 41, 0, 0, 0.17%, 7, 0, 7, 140.77
1735381447, 77, 13, 41, 0, 0, 0.17%, 7, 0, 7, 136.97
1735381452, 77, 20, 41, 0, 0, 0.17%, 7, 0, 7, 135.60
1735381457, 78, 10, 41, 0, 0, 0.17%, 7, 0, 7, 142.68
1735381462, 78, 13, 41, 0, 0, 0.17%, 7, 0, 7, 135.23
1735381467, 78, 20, 41, 0, 0, 0.17%, 7, 0, 7, 138.42
1735381472, 78, 28, 41, 0, 0, 0.17%, 7, 0, 7, 143.17
1735381477, 78, 31, 41, 0, 0, 0.17%, 7, 0, 7, 156.68
1735381488, 79, 11, 41, 0, 0, 0.17%, 7, 0, 7, 134.51
1735381493, 79, 20, 41, 0, 0, 0.17%, 7, 0, 7, 139.51
1735381498, 79, 23, 41, 0, 0, 0.17%, 7, 0, 7, 145.12
1735381503, 80, 6, 41, 0, 0, 0.17%, 7, 0, 7, 137.12
1735381508, 80, 13, 41, 0, 0, 0.17%, 7, 0, 7, 139.59
1735381513, 80, 20, 41, 0, 0, 0.17%, 7, 0, 7, 138.09
1735381519, 80, 24, 41, 0, 0, 0.17%, 7, 0, 7, 146.18
1735381524, 81, 11, 41, 0, 0, 0.17%, 7, 0, 7, 133.29
1735381529, 81, 20, 41, 0, 0, 0.17%, 7, 0, 7, 143.48
1735381534, 81, 29, 41, 0, 0, 0.17%, 7, 0, 7, 142.91
1735381539, 82, 9, 41, 0, 0, 0.17%, 7, 0, 7, 137.32
1735381544, 82, 11, 41, 0, 0, 0.17%, 7, 0, 7, 142.12
1735381549, 82, 20, 41, 0, 0, 0.17%, 7, 0, 7, 146.66
1735381555, 83, 10, 41, 0, 0, 0.17%, 7, 0, 7, 138.61
1735381560, 83, 15, 41, 0, 0, 0.17%, 7, 0, 7, 142.32
1735381565, 83, 20, 41, 0, 0, 0.17%, 7, 0, 7, 140.30
1735381570, 84, 10, 41, 0, 0, 0.17%, 7, 0, 7, 136.95
1735381575, 84, 13, 41, 0, 0, 0.17%, 7, 0, 7, 139.34
1735381580, 84, 20, 41, 0, 0, 0.17%, 7, 0, 7, 138.61
1735381585, 84, 39, 41, 0, 0, 0.17%, 7, 0, 7, 150.18
1735381591, 85, 10, 41, 0, 0, 0.17%, 7, 0, 7, 145.86
1735381596, 85, 13, 41, 0, 0, 0.17%, 7, 0, 7, 141.33
1735381601, 85, 20, 41, 0, 0, 0.17%, 7, 0, 7, 144.58
1735381606, 86, 10, 41, 0, 0, 0.17%, 7, 0, 7, 135.77
1735381611, 86, 13, 41, 0, 0, 0.17%, 7, 0, 7, 139.24
1735381616, 86, 19, 41, 0, 0, 0.17%, 7, 0, 7, 143.26
1735381621, 86, 20, 41, 0, 0, 0.17%, 7, 0, 7, 137.63
1735381626, 86, 33, 41, 0, 0, 0.17%, 7, 0, 7, 148.28
1735381632, 87, 11, 41, 0, 0, 0.17%, 7, 0, 7, 142.81
1735381637, 87, 18, 41, 0, 0, 0.17%, 7, 0, 7, 144.04
1735381647, 87, 20, 41, 0, 0, 0.17%, 7, 0, 7, 135.21
1735381652, 87, 27, 41, 0, 0, 0.17%, 7, 0, 7, 137.87
1735381673, 88, 10, 41, 0, 0, 0.17%, 7, 0, 7, 145.18
1735381678, 88, 16, 41, 0, 0, 0.17%, 7, 0, 7, 134.96
1735381683, 88, 20, 41, 0, 0, 0.17%, 7, 0, 7, 143.35
1735381688, 89, 10, 41, 0, 0, 0.17%, 7, 0, 7, 147.06
1735381693, 89, 13, 41, 0, 0, 0.17%, 7, 0, 7, 141.77
1735381698, 89, 20, 41, 0, 0, 0.17%, 7, 0, 7, 140.26
1735381704, 90, 11, 41, 0, 0, 0.17%, 7, 0, 7, 141.23
1735381709, 90, 20, 41, 0, 0, 0.17%, 7, 0, 7, 141.89
1735381714, 90, 34, 41, 0, 0, 0.17%, 7, 0, 7, 154.61
1735381719, 91, 10, 41, 0, 0, 0.17%, 7, 0, 7, 139.67
1735381724, 91, 13, 41, 0, 0, 0.17%, 7, 0, 7, 134.41
1735381729, 91, 20, 41, 0, 0, 0.17%, 7, 0, 7, 144.02
1735381735, 91, 34, 41, 0, 0, 0.17%, 7, 0, 7, 144.62
1735381740, 92, 10, 41, 0, 0, 0.17%, 7, 0, 7, 141.01
1735381745, 92, 13, 41, 0, 0, 0.17%, 7, 0, 7, 137.97
1735381750, 92, 20, 41, 0, 0, 0.17%, 7, 0, 7, 136.73
1735381755, 92, 34, 41, 0, 0, 0.17%, 7, 0, 7, 145.64
1735381760, 93, 10, 41, 0, 0, 0.17%, 7, 0, 7, 139.17
1735381765, 93, 13, 41, 0, 0, 0.17%, 7, 0, 7, 140.68
1735381770, 93, 20, 41, 0, 0, 0.17%, 7, 0, 7, 142.06
1735381776, 93, 24, 41, 0, 0, 0.17%, 7, 0, 7, 139.71
1735381781, 94, 11, 41, 0, 0, 0.17%, 7, 0, 7, 140.97
1735381786, 94, 18, 41, 0, 0, 0.17%, 7, 0, 7, 145.32
1735381791, 94, 20, 41, 0, 0, 0.17%, 7, 0, 7, 141.88
1735381796, 95, 11, 41, 0, 0, 0.17%, 7, 0, 7, 145.74
1735381801, 95, 15, 41, 0, 0, 0.17%, 7, 0, 7, 148.32
1735381806, 95, 20, 41, 0, 0, 0.17%, 7, 0, 7, 139.52
1735381812, 96, 11, 41, 0, 0, 0.17%, 7, 0, 7, 142.79
1735381817, 96, 19, 41, 0, 0, 0.17%, 7, 0, 7, 141.78
1735381822, 96, 20, 41, 0, 0, 0.17%, 7, 0, 7, 140.76
1735381827, 96, 27, 41, 0, 0, 0.17%, 7, 0, 7, 142.82
1735381837, 97, 7, 41, 0, 0, 0.17%, 7, 0, 7, 162.21
1735381842, 97, 13, 41, 0, 0, 0.17%, 7, 0, 7, 139.38
1735381847, 97, 20, 41, 0, 0, 0.17%, 7, 0, 7, 137.44
1735381852, 98, 10, 41, 0, 0, 0.17%, 7, 0, 7, 141.24
1735381858, 98, 20, 41, 0, 0, 0.17%, 7, 0, 7, 136.26
1735381863, 98, 30, 41, 0, 0, 0.17%, 7, 0, 7, 135.06
1735381868, 98, 36, 41, 0, 0, 0.17%, 7, 0, 7, 141.57
1735381888, 99, 13, 41, 0, 0, 0.17%, 7, 0, 7, 139.77
1735381893, 99, 19, 41, 0, 0, 0.17%, 7, 0, 7, 142.50
1735381899, 99, 20, 41, 0, 0, 0.17%, 7, 0, 7, 142.62
1735381904, 100, 11, 41, 0, 0, 0.17%, 7, 0, 7, 137.95
1735381909, 100, 20, 41, 0, 0, 0.17%, 7, 0, 7, 141.98
1735381914, 100, 36, 41, 0, 0, 0.17%, 7, 0, 7, 135.27
1735381934, 101, 2, 41, 0, 0, 0.17%, 7, 0, 7, 141.88
1735381940, 101, 11, 41, 0, 0, 0.17%, 7, 0, 7, 137.58
1735381945, 101, 20, 41, 0, 0, 0.17%, 7, 0, 7, 136.11
1735381950, 102, 4, 41, 0, 0, 0.17%, 7, 0, 7, 139.73
1735381955, 102, 11, 41, 0, 0, 0.17%, 7, 0, 7, 143.78
1735381960, 102, 17, 41, 0, 0, 0.17%, 7, 0, 7, 141.96
1735381965, 102, 20, 41, 0, 0, 0.17%, 7, 0, 7, 138.46
1735381971, 102, 31, 41, 0, 0, 0.17%, 7, 0, 7, 145.15
1735381976, 103, 11, 41, 0, 0, 0.17%, 7, 0, 7, 140.76
1735381981, 103, 17, 41, 0, 0, 0.17%, 7, 0, 7, 143.37
1735381986, 103, 19, 41, 0, 0, 0.17%, 7, 0, 7, 141.19
1735381991, 103, 20, 41, 0, 0, 0.17%, 7, 0, 7, 139.27
1735381996, 103, 38, 41, 0, 0, 0.17%, 7, 0, 7, 151.67
1735382001, 103, 39, 41, 0, 0, 0.17%, 7, 0, 7, 157.29
1735382006, 104, 11, 41, 0, 0, 0.17%, 7, 0, 7, 143.73
1735382011, 104, 14, 41, 0, 0, 0.17%, 7, 0, 7, 143.90
1735382016, 104, 20, 41, 0, 0, 0.17%, 7, 0, 7, 135.32
1735382022, 105, 10, 41, 0, 0, 0.17%, 7, 0, 7, 136.13
1735382027, 105, 20, 41, 0, 0, 0.17%, 7, 0, 7, 138.70
1735382032, 105, 30, 41, 0, 0, 0.17%, 7, 0, 7, 149.99
1735382037, 105, 35, 41, 0, 0, 0.17%, 7, 0, 7, 147.92
1735382042, 106, 10, 41, 0, 0, 0.17%, 7, 0, 7, 148.78
1735382048, 106, 13, 41, 0, 0, 0.17%, 7, 0, 7, 138.26
1735382053, 106, 20, 41, 0, 0, 0.17%, 7, 0, 7, 141.10
1735382058, 106, 29, 41, 0, 0, 0.17%, 7, 0, 7, 141.12
1735382063, 107, 11, 41, 0, 0, 0.17%, 7, 0, 7, 138.74
1735382068, 107, 17, 41, 0, 0, 0.17%, 7, 0, 7, 135.47
1735382073, 107, 20, 41, 0, 0, 0.17%, 7, 0, 7, 141.30
1735382078, 108, 11, 41, 0, 0, 0.17%, 7, 0, 7, 138.48
1735382084, 108, 20, 41, 0, 0, 0.17%, 7, 0, 7, 143.83
1735382089, 108, 31, 41, 0, 0, 0.17%, 7, 0, 7, 148.51
1735382094, 109, 10, 41, 0, 0, 0.17%, 7, 0, 7, 146.80
1735382099, 109, 13, 41, 0, 0, 0.17%, 7, 0, 7, 151.11
1735382104, 109, 20, 41, 0, 0, 0.17%, 7, 0, 7, 143.47
1735382109, 109, 23, 41, 0, 0, 0.17%, 7, 0, 7, 146.89
1735382114, 109, 33, 41, 0, 0, 0.17%, 7, 0, 7, 147.72
1735382119, 110, 10, 41, 0, 0, 0.17%, 7, 0, 7, 147.58
1735382124, 110, 13, 41, 0, 0, 0.17%, 7, 0, 7, 144.03
1735382130, 110, 19, 41, 0, 0, 0.17%, 7, 0, 7, 140.39
1735382135, 110, 20, 41, 0, 0, 0.17%, 7, 0, 7, 132.67
1735382140, 110, 29, 41, 0, 0, 0.17%, 7, 0, 7, 141.49
1735382145, 111, 10, 41, 0, 0, 0.17%, 7, 0, 7, 144.97
1735382150, 111, 13, 41, 0, 0, 0.17%, 7, 0, 7, 140.72
1735382155, 111, 20, 41, 0, 0, 0.17%, 7, 0, 7, 137.97
1735382160, 111, 23, 41, 0, 0, 0.17%, 7, 0, 7, 143.05
1735382166, 111, 39, 41, 0, 0, 0.17%, 7, 0, 7, 162.10
1735382171, 112, 10, 41, 0, 0, 0.17%, 7, 0, 7, 146.99
1735382176, 112, 13, 41, 0, 0, 0.17%, 7, 0, 7, 141.02
1735382181, 112, 20, 41, 0, 0, 0.17%, 7, 0, 7, 134.27
1735382186, 112, 32, 41, 0, 0, 0.17%, 7, 0, 7, 140.59
1735382191, 113, 2, 41, 0, 0, 0.17%, 7, 0, 7, 140.16
1735382196, 113, 11, 41, 0, 0, 0.17%, 7, 0, 7, 140.27
1735382201, 113, 16, 41, 0, 0, 0.17%, 7, 0, 7, 141.28
1735382206, 113, 20, 41, 0, 0, 0.17%, 7, 0, 7, 139.22
1735382212, 113, 22, 41, 0, 0, 0.17%, 7, 0, 7, 142.96
1735382217, 113, 25, 41, 0, 0, 0.17%, 7, 0, 7, 151.31
1735382222, 114, 1, 41, 0, 0, 0.17%, 7, 0, 7, 146.69
1735382227, 114, 13, 41, 0, 0, 0.17%, 7, 0, 7, 145.18
1735382232, 114, 20, 41, 0, 0, 0.17%, 7, 0, 7, 145.84
1735382237, 114, 29, 41, 0, 0, 0.17%, 7, 0, 7, 144.77
1735382243, 115, 10, 41, 0, 0, 0.17%, 7, 0, 7, 147.05
1735382248, 115, 13, 41, 0, 0, 0.17%, 7, 0, 7, 137.80
1735382253, 115, 20, 41, 0, 0, 0.17%, 7, 0, 7, 146.57
1735382258, 116, 11, 41, 0, 0, 0.17%, 7, 0, 7, 139.60
1735382263, 116, 20, 41, 0, 0, 0.17%, 7, 0, 7, 138.80
1735382268, 117, 1, 41, 0, 0, 0.17%, 7, 0, 7, 138.56
1735382274, 117, 11, 41, 0, 0, 0.17%, 7, 0, 7, 140.41
1735382279, 117, 20, 41, 0, 0, 0.17%, 7, 0, 7, 143.13
1735382284, 117, 30, 41, 0, 0, 0.17%, 7, 0, 7, 148.58
1735382289, 118, 10, 41, 0, 0, 0.17%, 7, 0, 7, 142.18
1735382294, 118, 13, 41, 0, 0, 0.17%, 7, 0, 7, 146.82
1735382299, 118, 20, 41, 0, 0, 0.17%, 7, 0, 7, 136.64
1735382305, 118, 28, 41, 0, 0, 0.17%, 7, 0, 7, 154.17
1735382310, 118, 33, 41, 0, 0, 0.17%, 7, 0, 7, 147.91
1735382315, 119, 12, 41, 0, 0, 0.17%, 7, 0, 7, 144.97
1735382320, 119, 20, 41, 0, 0, 0.17%, 7, 0, 7, 141.09
1735382325, 120, 3, 41, 0, 0, 0.17%, 7, 0, 7, 135.96
1735382330, 120, 11, 41, 0, 0, 0.17%, 7, 0, 7, 141.36
1735382335, 120, 20, 41, 0, 0, 0.17%, 7, 0, 7, 138.16
1735382341, 120, 22, 41, 0, 0, 0.17%, 7, 0, 7, 153.97
1735382346, 120, 24, 41, 0, 0, 0.17%, 7, 0, 7, 145.88
1735382351, 120, 29, 41, 0, 0, 0.17%, 7, 0, 7, 143.72
1735382356, 121, 10, 41, 0, 0, 0.17%, 7, 0, 7, 142.43
1735382361, 121, 13, 41, 0, 0, 0.17%, 7, 0, 7, 135.92
1735382366, 121, 20, 41, 0, 0, 0.17%, 7, 0, 7, 139.55
1735382371, 122, 11, 41, 0, 0, 0.17%, 7, 0, 7, 139.11
1735382377, 122, 20, 41, 0, 0, 0.17%, 7, 0, 7, 136.46
1735382382, 122, 33, 41, 0, 0, 0.17%, 7, 0, 7, 146.19
1735382387, 122, 40, 41, 0, 0, 0.17%, 7, 0, 7, 139.12
1735382407, 123, 4, 41, 0, 0, 0.17%, 7, 0, 7, 145.50
1735382412, 123, 11, 41, 0, 0, 0.17%, 7, 0, 7, 138.82
1735382417, 123, 20, 41, 0, 0, 0.17%, 7, 0, 7, 142.56
1735382422, 123, 36, 41, 0, 0, 0.17%, 7, 0, 7, 148.68
1735382433, 124, 11, 41, 0, 0, 0.17%, 7, 0, 7, 145.63
1735382438, 124, 18, 41, 0, 0, 0.17%, 7, 0, 7, 142.54
1735382443, 124, 20, 41, 0, 0, 0.17%, 7, 0, 7, 143.05
1735382448, 125, 10, 41, 0, 0, 0.17%, 7, 0, 7, 140.66
1735382453, 125, 13, 41, 0, 0, 0.17%, 7, 0, 7, 137.45
1735382458, 125, 20, 41, 0, 0, 0.17%, 7, 0, 7, 140.04
1735382464, 125, 21, 41, 0, 0, 0.17%, 7, 0, 7, 147.39
1735382469, 126, 11, 41, 0, 0, 0.17%, 7, 0, 7, 140.62
1735382474, 126, 20, 41, 0, 0, 0.17%, 7, 0, 7, 136.23
1735382479, 126, 21, 41, 0, 0, 0.17%, 7, 0, 7, 147.62
1735382484, 126, 33, 41, 0, 0, 0.17%, 7, 0, 7, 146.01
1735382489, 127, 10, 41, 0, 0, 0.17%, 7, 0, 7, 145.36
1735382494, 127, 13, 41, 0, 0, 0.17%, 7, 0, 7, 135.81
1735382499, 127, 20, 41, 0, 0, 0.17%, 7, 0, 7, 131.16
1735382505, 127, 26, 41, 0, 0, 0.17%, 7, 0, 7, 140.23
1735382510, 127, 31, 41, 0, 0, 0.17%, 7, 0, 7, 144.98
1735382515, 128, 10, 41, 0, 0, 0.17%, 7, 0, 7, 140.80
1735382520, 128, 13, 41, 0, 0, 0.17%, 7, 0, 7, 141.04
1735382525, 128, 20, 41, 0, 0, 0.17%, 7, 0, 7, 144.23
1735382531, 128, 40, 41, 0, 0, 0.17%, 7, 0, 7, 170.07
1735382546, 129, 2, 41, 0, 0, 0.17%, 7, 0, 7, 143.55
1735382551, 129, 11, 41, 0, 0, 0.17%, 7, 0, 7, 139.90
1735382556, 129, 20, 41, 0, 0, 0.17%, 7, 0, 7, 137.50
1735382561, 130, 7, 41, 0, 0, 0.17%, 7, 0, 7, 132.44
1735382566, 130, 11, 41, 0, 0, 0.17%, 7, 0, 7, 136.93
1735382571, 130, 20, 41, 0, 0, 0.17%, 7, 0, 7, 136.46
1735382577, 130, 26, 41, 0, 0, 0.17%, 7, 0, 7, 142.75
1735382582, 130, 31, 41, 0, 0, 0.17%, 7, 0, 7, 152.13
1735382587, 130, 38, 41, 0, 0, 0.17%, 7, 0, 7, 158.04
1735382592, 131, 10, 41, 0, 0, 0.17%, 7, 0, 7, 148.69
1735382597, 131, 13, 41, 0, 0, 0.17%, 7, 0, 7, 140.00
1735382602, 131, 20, 41, 0, 0, 0.17%, 7, 0, 7, 139.61
1735382608, 132, 11, 41, 0, 0, 0.17%, 7, 0, 7, 139.89
1735382613, 132, 20, 41, 0, 0, 0.17%, 7, 0, 7, 137.54
1735382618, 132, 32, 41, 0, 0, 0.17%, 7, 0, 7, 137.43
1735382623, 133, 4, 41, 0, 0, 0.17%, 7, 0, 7, 143.57
1735382628, 133, 11, 41, 0, 0, 0.17%, 7, 0, 7, 135.12
1735382633, 133, 19, 41, 0, 0, 0.17%, 7, 0, 7, 146.76
1735382638, 133, 20, 41, 0, 0, 0.17%, 7, 0, 7, 138.02
1735382644, 133, 24, 41, 0, 0, 0.17%, 7, 0, 7, 143.24
1735382649, 133, 29, 41, 0, 0, 0.17%, 7, 0, 7, 138.98
1735382654, 134, 10, 41, 0, 0, 0.17%, 7, 0, 7, 141.31
1735382659, 134, 13, 41, 0, 0, 0.17%, 7, 0, 7, 140.58
1735382664, 134, 19, 41, 0, 0, 0.17%, 7, 0, 7, 137.67
1735382669, 134, 20, 41, 0, 0, 0.17%, 7, 0, 7, 136.70
1735382674, 134, 28, 41, 0, 0, 0.17%, 7, 0, 7, 142.12
1735382680, 134, 32, 41, 0, 0, 0.17%, 7, 0, 7, 141.45
1735382685, 135, 11, 41, 0, 0, 0.17%, 7, 0, 7, 139.46
1735382690, 135, 20, 41, 0, 0, 0.17%, 7, 0, 7, 139.19
1735382695, 136, 10, 41, 0, 0, 0.17%, 7, 0, 7, 143.93
1735382700, 136, 13, 41, 0, 0, 0.17%, 7, 0, 7, 142.64
1735382705, 136, 20, 41, 0, 0, 0.17%, 7, 0, 7, 133.35
1735382710, 136, 21, 41, 0, 0, 0.17%, 7, 0, 7, 148.35
1735382716, 136, 33, 41, 0, 0, 0.17%, 7, 0, 7, 156.48
1735382721, 137, 11, 41, 0, 0, 0.17%, 7, 0, 7, 143.84
1735382726, 137, 20, 41, 0, 0, 0.17%, 7, 0, 7, 135.89
1735382731, 137, 36, 41, 0, 0, 0.17%, 7, 0, 7, 142.95
1735382741, 138, 10, 41, 0, 0, 0.17%, 7, 0, 7, 149.37
1735382746, 138, 13, 41, 0, 0, 0.17%, 7, 0, 7, 143.11
1735382751, 138, 30, 41, 0, 0, 0.17%, 7, 0, 7, 143.41
1735382757, 138, 34, 41, 0, 0, 0.17%, 7, 0, 7, 155.63
1735382762, 138, 38, 41, 0, 0, 0.17%, 7, 0, 7, 166.57
1735382767, 139, 9, 41, 0, 0, 0.17%, 7, 0, 7, 151.47
1735382772, 139, 11, 41, 0, 0, 0.17%, 7, 0, 7, 141.00
1735382777, 139, 20, 41, 0, 0, 0.17%, 7, 0, 7, 136.82
1735382782, 140, 3, 41, 0, 0, 0.17%, 7, 0, 7, 142.49
1735382787, 140, 11, 41, 0, 0, 0.17%, 7, 0, 7, 140.23
1735382792, 140, 20, 41, 0, 0, 0.17%, 7, 0, 7, 142.30
1735382798, 140, 23, 41, 0, 0, 0.17%, 7, 0, 7, 147.05
1735382803, 140, 34, 41, 0, 0, 0.17%, 7, 0, 7, 161.65
1735382808, 141, 11, 41, 0, 0, 0.17%, 7, 0, 7, 153.36
1735382813, 141, 20, 41, 0, 0, 0.17%, 7, 0, 7, 139.21
1735382818, 141, 30, 41, 0, 0, 0.17%, 7, 0, 7, 153.21
1735382823, 142, 10, 41, 0, 0, 0.17%, 7, 0, 7, 147.61
1735382828, 142, 13, 41, 0, 0, 0.17%, 7, 0, 7, 139.91
1735382833, 142, 20, 41, 0, 0, 0.17%, 7, 0, 7, 139.39
1735382839, 142, 23, 41, 0, 0, 0.17%, 7, 0, 7, 138.01
1735382844, 142, 25, 41, 0, 0, 0.17%, 7, 0, 7, 153.90
1735382849, 143, 11, 41, 0, 0, 0.17%, 7, 0, 7, 144.64
1735382854, 143, 20, 41, 0, 0, 0.17%, 7, 0, 7, 140.73
1735382859, 143, 32, 41, 0, 0, 0.17%, 7, 0, 7, 137.91
1735382864, 144, 10, 41, 0, 0, 0.17%, 7, 0, 7, 149.73
1735382869, 144, 13, 41, 0, 0, 0.17%, 7, 0, 7, 141.28
1735382874, 144, 20, 41, 0, 0, 0.17%, 7, 0, 7, 134.11
1735382880, 144, 40, 41, 0, 0, 0.17%, 7, 0, 7, 159.16
1735382900, 145, 11, 41, 0, 0, 0.17%, 7, 0, 7, 132.92
1735382905, 145, 20, 41, 0, 0, 0.17%, 7, 0, 7, 141.42
1735382910, 146, 0, 41, 0, 0, 0.17%, 7, 0, 7, 136.81
1735382915, 146, 13, 41, 0, 0, 0.17%, 7, 0, 7, 138.33
1735382920, 146, 19, 41, 0, 0, 0.17%, 7, 0, 7, 141.87
1735382925, 146, 20, 41, 0, 0, 0.17%, 7, 0, 7, 141.03
1735382930, 146, 34, 41, 0, 0, 0.17%, 7, 0, 7, 153.15
1735382936, 147, 10, 41, 0, 0, 0.17%, 7, 0, 7, 141.07
1735382941, 147, 13, 41, 0, 0, 0.17%, 7, 0, 7, 139.68
1735382946, 147, 20, 41, 0, 0, 0.17%, 7, 0, 7, 146.60
1735382951, 148, 11, 41, 0, 0, 0.17%, 7, 0, 7, 142.49
1735382956, 148, 13, 41, 0, 0, 0.17%, 7, 0, 7, 138.89
1735382961, 148, 20, 41, 0, 0, 0.17%, 7, 0, 7, 129.20
1735382966, 148, 36, 41, 0, 0, 0.17%, 7, 0, 7, 140.58
1735382972, 149, 10, 41, 0, 0, 0.17%, 7, 0, 7, 141.10
1735382977, 149, 12, 41, 0, 0, 0.17%, 7, 0, 7, 147.49
1735382982, 149, 16, 41, 0, 0, 0.17%, 7, 0, 7, 144.38
1735382987, 149, 20, 41, 0, 0, 0.17%, 7, 0, 7, 141.54
1735382992, 149, 22, 41, 0, 0, 0.17%, 7, 0, 7, 146.21
1735382997, 150, 11, 41, 0, 0, 0.17%, 7, 0, 7, 138.57
1735383002, 150, 15, 41, 0, 0, 0.17%, 7, 0, 7, 143.69
1735383008, 150, 20, 41, 0, 0, 0.17%, 7, 0, 7, 139.66
1735383013, 151, 10, 41, 0, 0, 0.17%, 7, 0, 7, 145.00
1735383018, 151, 13, 41, 0, 0, 0.17%, 7, 0, 7, 148.66
1735383023, 151, 20, 41, 0, 0, 0.17%, 7, 0, 7, 146.07
1735383028, 152, 11, 41, 0, 0, 0.17%, 7, 0, 7, 142.04
1735383033, 152, 20, 41, 0, 0, 0.17%, 7, 0, 7, 137.97
1735383039, 153, 6, 41, 0, 0, 0.17%, 7, 0, 7, 147.92
1735383044, 153, 12, 41, 0, 0, 0.17%, 7, 0, 7, 145.72
1735383049, 153, 18, 41, 0, 0, 0.17%, 7, 0, 7, 144.44
1735383054, 153, 20, 41, 0, 0, 0.17%, 7, 0, 7, 141.97
1735383059, 153, 21, 41, 0, 0, 0.17%, 7, 0, 7, 153.01
1735383064, 153, 34, 41, 0, 0, 0.17%, 7, 0, 7, 150.75
1735383069, 154, 11, 41, 0, 0, 0.17%, 7, 0, 7, 145.13
1735383075, 154, 20, 41, 0, 0, 0.17%, 7, 0, 7, 140.55
1735383080, 155, 3, 41, 0, 0, 0.17%, 7, 0, 7, 150.51
1735383085, 155, 11, 41, 0, 0, 0.17%, 7, 0, 7, 143.99
1735383090, 155, 20, 41, 0, 0, 0.17%, 7, 0, 7, 135.84
1735383095, 156, 10, 41, 0, 0, 0.17%, 7, 0, 7, 140.59
1735383100, 156, 13, 41, 0, 0, 0.17%, 7, 0, 7, 145.58
1735383105, 156, 20, 41, 0, 0, 0.17%, 7, 0, 7, 141.10
1735383110, 156, 37, 41, 0, 0, 0.17%, 7, 0, 7, 142.29
1735383116, 157, 4, 41, 0, 0, 0.17%, 7, 0, 7, 141.82
1735383121, 157, 11, 41, 0, 0, 0.17%, 7, 0, 7, 139.13
1735383126, 157, 20, 41, 0, 0, 0.17%, 7, 0, 7, 140.44
1735383131, 157, 36, 41, 0, 0, 0.17%, 7, 0, 7, 143.94
1735383141, 158, 11, 41, 0, 0, 0.17%, 7, 0, 7, 144.77
1735383146, 158, 15, 41, 0, 0, 0.17%, 7, 0, 7, 143.70
1735383151, 158, 20, 41, 0, 0, 0.17%, 7, 0, 7, 138.78
1735383156, 159, 11, 41, 0, 0, 0.17%, 7, 0, 7, 143.37
1735383161, 159, 20, 41, 0, 0, 0.17%, 7, 0, 7, 143.92
1735383166, 160, 9, 41, 0, 0, 0.17%, 7, 0, 7, 147.15
1735383171, 160, 11, 41, 0, 0, 0.17%, 7, 0, 7, 136.93
1735383177, 160, 20, 41, 0, 0, 0.17%, 7, 0, 7, 149.10
1735383182, 161, 7, 41, 0, 0, 0.17%, 7, 0, 7, 142.87
1735383187, 161, 11, 41, 0, 0, 0.17%, 7, 0, 7, 149.47
1735383192, 161, 20, 41, 0, 0, 0.17%, 7, 0, 7, 137.55
1735383197, 162, 10, 41, 0, 0, 0.17%, 7, 0, 7, 146.54
1735383202, 162, 13, 41, 0, 0, 0.17%, 7, 0, 7, 141.02
1735383207, 162, 20, 41, 0, 0, 0.17%, 7, 0, 7, 139.82
1735383213, 162, 26, 41, 0, 0, 0.17%, 7, 0, 7, 141.11
1735383218, 163, 11, 41, 0, 0, 0.17%, 7, 0, 7, 140.09
1735383223, 163, 20, 41, 0, 0, 0.17%, 7, 0, 7, 139.56
1735383228, 163, 33, 41, 0, 0, 0.17%, 7, 0, 7, 147.33
1735383233, 164, 10, 41, 0, 0, 0.17%, 7, 0, 7, 138.52
1735383238, 164, 13, 41, 0, 0, 0.17%, 7, 0, 7, 144.88
1735383244, 164, 20, 41, 0, 0, 0.17%, 7, 0, 7, 140.44
1735383249, 165, 10, 41, 0, 0, 0.17%, 7, 0, 7, 142.84
1735383254, 165, 20, 41, 0, 0, 0.17%, 7, 0, 7, 141.23
1735383259, 165, 38, 41, 0, 0, 0.17%, 7, 0, 7, 149.32
1735383264, 166, 10, 41, 0, 0, 0.17%, 7, 0, 7, 150.98
1735383269, 166, 13, 41, 0, 0, 0.17%, 7, 0, 7, 139.53
1735383274, 166, 20, 41, 0, 0, 0.17%, 7, 0, 7, 134.91
1735383280, 166, 24, 41, 0, 0, 0.17%, 7, 0, 7, 139.35
1735383285, 166, 26, 41, 0, 0, 0.17%, 7, 0, 7, 153.14
1735383290, 167, 10, 41, 0, 0, 0.17%, 7, 0, 7, 138.48
1735383295, 167, 13, 41, 0, 0, 0.17%, 7, 0, 7, 135.79
1735383300, 167, 20, 41, 0, 0, 0.17%, 7, 0, 7, 142.96
1735383305, 168, 11, 41, 0, 0, 0.17%, 7, 0, 7, 137.95
1735383311, 168, 14, 41, 0, 0, 0.17%, 7, 0, 7, 138.37
1735383316, 168, 20, 41, 0, 0, 0.17%, 7, 0, 7, 140.44
1735383321, 168, 31, 41, 0, 0, 0.17%, 7, 0, 7, 147.73
1735383326, 169, 11, 41, 0, 0, 0.17%, 7, 0, 7, 139.62
1735383331, 169, 20, 41, 0, 0, 0.17%, 7, 0, 7, 136.93
1735383336, 170, 10, 41, 0, 0, 0.17%, 7, 0, 7, 139.37
1735383342, 170, 20, 41, 0, 0, 0.17%, 7, 0, 7, 142.10
1735383347, 170, 22, 41, 0, 0, 0.17%, 7, 0, 7, 141.74
1735383352, 170, 38, 41, 0, 0, 0.17%, 7, 0, 7, 141.57
1735383357, 171, 10, 41, 0, 0, 0.17%, 7, 0, 7, 147.74
1735383362, 171, 13, 41, 0, 0, 0.17%, 7, 0, 7, 139.26
1735383367, 171, 20, 41, 0, 0, 0.17%, 7, 0, 7, 144.34
1735383372, 172, 11, 41, 0, 0, 0.17%, 7, 0, 7, 146.78
1735383378, 172, 20, 41, 0, 0, 0.17%, 7, 0, 7, 136.34
1735383383, 172, 27, 41, 0, 0, 0.17%, 7, 0, 7, 138.38
1735383388, 173, 10, 41, 0, 0, 0.17%, 7, 0, 7, 150.23
1735383393, 173, 13, 41, 0, 0, 0.17%, 7, 0, 7, 134.60
1735383398, 173, 20, 41, 0, 0, 0.17%, 7, 0, 7, 144.14
1735383403, 174, 13, 41, 0, 0, 0.17%, 7, 0, 7, 146.22
1735383409, 174, 19, 41, 0, 0, 0.17%, 7, 0, 7, 144.82
1735383414, 174, 20, 41, 0, 0, 0.17%, 7, 0, 7, 152.48
1735383419, 174, 28, 41, 0, 0, 0.17%, 7, 0, 7, 150.21
1735383424, 174, 38, 41, 0, 0, 0.17%, 7, 0, 7, 160.26
1735383429, 175, 11, 41, 0, 0, 0.17%, 7, 0, 7, 143.12
1735383434, 175, 14, 41, 0, 0, 0.17%, 7, 0, 7, 143.92
1735383439, 175, 20, 41, 0, 0, 0.17%, 7, 0, 7, 138.37
1735383444, 175, 34, 41, 0, 0, 0.17%, 7, 0, 7, 149.21
1735383449, 176, 11, 41, 0, 0, 0.17%, 7, 0, 7, 144.29
1735383454, 176, 17, 41, 0, 0, 0.17%, 7, 0, 7, 144.69
1735383460, 176, 20, 41, 0, 0, 0.17%, 7, 0, 7, 145.33
1735383465, 177, 11, 41, 0, 0, 0.17%, 7, 0, 7, 141.08
1735383470, 177, 20, 41, 0, 0, 0.17%, 7, 0, 7, 136.11
1735383475, 177, 30, 41, 0, 0, 0.17%, 7, 0, 7, 144.04
1735383480, 177, 39, 41, 0, 0, 0.17%, 7, 0, 7, 153.17
1735383485, 178, 10, 41, 0, 0, 0.17%, 7, 0, 7, 139.99
1735383490, 178, 13, 41, 0, 0, 0.17%, 7, 0, 7, 139.21
1735383496, 178, 17, 41, 0, 0, 0.17%, 7, 0, 7, 148.09
1735383501, 178, 20, 41, 0, 0, 0.17%, 7, 0, 7, 147.34
1735383506, 178, 24, 41, 0, 0, 0.17%, 7, 0, 7, 143.40
1735383511, 179, 11, 41, 0, 0, 0.17%, 7, 0, 7, 136.53
1735383516, 179, 20, 41, 0, 0, 0.17%, 7, 0, 7, 137.74
1735383521, 180, 10, 41, 0, 0, 0.17%, 7, 0, 7, 141.64
1735383527, 180, 13, 41, 0, 0, 0.17%, 7, 0, 7, 139.16
1735383532, 180, 20, 41, 0, 0, 0.17%, 7, 0, 7, 142.03
1735383537, 180, 22, 41, 0, 0, 0.17%, 7, 0, 7, 138.24
1735383542, 180, 26, 41, 0, 0, 0.17%, 7, 0, 7, 142.08
1735383547, 181, 11, 41, 0, 0, 0.17%, 7, 0, 7, 142.17
1735383552, 181, 20, 41, 0, 0, 0.17%, 7, 0, 7, 137.82
1735383557, 182, 1, 41, 0, 0, 0.17%, 7, 0, 7, 146.41
1735383563, 182, 11, 41, 0, 0, 0.17%, 7, 0, 7, 144.80
1735383568, 182, 18, 41, 0, 0, 0.17%, 7, 0, 7, 143.06
1735383573, 182, 20, 41, 0, 0, 0.17%, 7, 0, 7, 142.57
1735383578, 183, 11, 41, 0, 0, 0.17%, 7, 0, 7, 143.39
1735383583, 183, 20, 41, 0, 0, 0.17%, 7, 0, 7, 142.61
1735383588, 184, 3, 41, 0, 0, 0.17%, 7, 0, 7, 143.95
1735383594, 184, 11, 41, 0, 0, 0.17%, 7, 0, 7, 139.23
1735383599, 184, 19, 41, 0, 0, 0.17%, 7, 0, 7, 142.21
1735383604, 184, 20, 41, 0, 0, 0.17%, 7, 0, 7, 136.97
1735383609, 185, 10, 41, 0, 0, 0.17%, 7, 0, 7, 146.32
1735383614, 185, 13, 41, 0, 0, 0.17%, 7, 0, 7, 147.87
1735383619, 185, 20, 41, 0, 0, 0.17%, 7, 0, 7, 143.43
1735383625, 186, 11, 41, 0, 0, 0.17%, 7, 0, 7, 146.50
1735383630, 186, 20, 41, 0, 0, 0.17%, 7, 0, 7, 140.90
1735383635, 187, 10, 41, 0, 0, 0.17%, 7, 0, 7, 137.45
1735383640, 187, 20, 41, 0, 0, 0.17%, 7, 0, 7, 143.55
1735383645, 187, 32, 41, 0, 0, 0.17%, 7, 0, 7, 144.15
1735383650, 187, 33, 41, 0, 0, 0.17%, 7, 0, 7, 148.60
1735383656, 188, 2, 41, 0, 0, 0.17%, 7, 0, 7, 141.40
1735383661, 188, 11, 41, 0, 0, 0.17%, 7, 0, 7, 143.53
1735383666, 188, 14, 41, 0, 0, 0.17%, 7, 0, 7, 150.70
1735383671, 188, 20, 41, 0, 0, 0.17%, 7, 0, 7, 144.33
1735383676, 188, 24, 41, 0, 0, 0.17%, 7, 0, 7, 139.17
1735383681, 188, 35, 41, 0, 0, 0.17%, 7, 0, 7, 150.70
1735383687, 189, 11, 41, 0, 0, 0.17%, 7, 0, 7, 142.51
1735383692, 189, 20, 41, 0, 0, 0.17%, 7, 0, 7, 138.24
1735383697, 190, 5, 41, 0, 0, 0.17%, 7, 0, 7, 136.26
1735383702, 190, 10, 41, 0, 0, 0.17%, 7, 0, 7, 147.59
1735383707, 190, 13, 41, 0, 0, 0.17%, 7, 0, 7, 142.88
1735383712, 190, 20, 41, 0, 0, 0.17%, 7, 0, 7, 138.90
1735383718, 191, 11, 41, 0, 0, 0.17%, 7, 0, 7, 142.63
1735383723, 191, 13, 41, 0, 0, 0.17%, 7, 0, 7, 138.78
1735383728, 191, 20, 41, 0, 0, 0.17%, 7, 0, 7, 142.57
1735383733, 191, 25, 41, 0, 0, 0.17%, 7, 0, 7, 166.68
1735383743, 191, 32, 41, 0, 0, 0.17%, 7, 0, 7, 150.24
1735383748, 192, 10, 41, 0, 0, 0.17%, 7, 0, 7, 143.19
1735383753, 192, 13, 41, 0, 0, 0.17%, 7, 0, 7, 141.12
1735383759, 192, 20, 41, 0, 0, 0.17%, 7, 0, 7, 138.76
1735383764, 193, 7, 41, 0, 0, 0.17%, 7, 0, 7, 142.66
1735383769, 193, 11, 41, 0, 0, 0.17%, 7, 0, 7, 141.07
1735383774, 193, 20, 41, 0, 0, 0.17%, 7, 0, 7, 137.72
1735383779, 193, 25, 41, 0, 0, 0.17%, 7, 0, 7, 159.91
1735383784, 193, 38, 41, 0, 0, 0.17%, 7, 0, 7, 154.69
1735383789, 194, 10, 41, 0, 0, 0.17%, 7, 0, 7, 147.82
1735383795, 194, 13, 41, 0, 0, 0.17%, 7, 0, 7, 142.18
1735383800, 194, 20, 41, 0, 0, 0.17%, 7, 0, 7, 139.18
1735383805, 194, 24, 41, 0, 0, 0.17%, 7, 0, 7, 140.03
1735383810, 195, 11, 41, 0, 0, 0.17%, 7, 0, 7, 137.84
1735383815, 195, 14, 41, 0, 0, 0.17%, 7, 0, 7, 147.66
1735383820, 195, 20, 41, 0, 0, 0.17%, 7, 0, 7, 142.01
1735383825, 195, 35, 41, 0, 0, 0.17%, 7, 0, 7, 137.50
1735383831, 196, 10, 41, 0, 0, 0.17%, 7, 0, 7, 144.57
1735383836, 196, 13, 41, 0, 0, 0.17%, 7, 0, 7, 142.94
1735383841, 196, 20, 41, 0, 0, 0.17%, 7, 0, 7, 139.80
1735383846, 196, 27, 41, 0, 0, 0.17%, 7, 0, 7, 137.02
1735383851, 196, 28, 41, 0, 0, 0.17%, 7, 0, 7, 142.13
1735383856, 196, 36, 41, 0, 0, 0.17%, 7, 0, 7, 151.51
1735383861, 197, 10, 41, 0, 0, 0.17%, 7, 0, 7, 147.00
1735383866, 197, 20, 41, 0, 0, 0.17%, 7, 0, 7, 147.45
1735383871, 198, 1, 41, 0, 0, 0.17%, 7, 0, 7, 137.83
1735383876, 198, 11, 41, 0, 0, 0.17%, 7, 0, 7, 148.48
1735383881, 198, 18, 41, 0, 0, 0.17%, 7, 0, 7, 141.61
1735383887, 198, 20, 41, 0, 0, 0.17%, 7, 0, 7, 134.91
1735383892, 199, 10, 41, 0, 0, 0.17%, 7, 0, 7, 147.12
1735383897, 199, 16, 41, 0, 0, 0.17%, 7, 0, 7, 145.23
1735383902, 199, 20, 41, 0, 0, 0.17%, 7, 0, 7, 148.94
1735383907, 199, 35, 41, 0, 0, 0.17%, 7, 0, 7, 148.47
1735383912, 200, 11, 41, 0, 0, 0.17%, 7, 0, 7, 145.92
1735383917, 200, 18, 41, 0, 0, 0.17%, 7, 0, 7, 143.45
1735383923, 200, 20, 41, 0, 0, 0.17%, 7, 0, 7, 143.33
1735383928, 201, 13, 41, 0, 0, 0.17%, 7, 0, 7, 139.76
1735383933, 201, 20, 41, 0, 0, 0.17%, 7, 0, 7, 132.88
1735383938, 202, 10, 41, 0, 0, 0.17%, 7, 0, 7, 139.60
1735383943, 202, 13, 41, 0, 0, 0.17%, 7, 0, 7, 144.76
1735383949, 202, 20, 41, 0, 0, 0.17%, 7, 0, 7, 143.20
1735383954, 203, 10, 41, 0, 0, 0.17%, 7, 0, 7, 139.34
1735383959, 203, 13, 41, 0, 0, 0.17%, 7, 0, 7, 139.73
1735383964, 203, 20, 41, 0, 0, 0.17%, 7, 0, 7, 140.58
1735383969, 203, 27, 41, 0, 0, 0.17%, 7, 0, 7, 142.43
1735383974, 204, 10, 41, 0, 0, 0.17%, 7, 0, 7, 141.20
1735383979, 204, 20, 41, 0, 0, 0.17%, 7, 0, 7, 141.16
1735383984, 204, 22, 41, 0, 0, 0.17%, 7, 0, 7, 148.67
1735383989, 204, 31, 41, 0, 0, 0.17%, 7, 0, 7, 149.70
1735383994, 205, 10, 41, 0, 0, 0.17%, 7, 0, 7, 144.89
1735384000, 205, 13, 41, 0, 0, 0.17%, 7, 0, 7, 133.77
1735384005, 205, 20, 41, 0, 0, 0.17%, 7, 0, 7, 130.59
1735384010, 205, 28, 41, 0, 0, 0.17%, 7, 0, 7, 139.86
1735384015, 205, 32, 41, 0, 0, 0.17%, 7, 0, 7, 149.26
1735384020, 205, 38, 41, 0, 0, 0.17%, 7, 0, 7, 150.80
1735384025, 206, 10, 41, 0, 0, 0.17%, 7, 0, 7, 145.57
1735384030, 206, 13, 41, 0, 0, 0.17%, 7, 0, 7, 144.04
1735384036, 206, 26, 41, 0, 0, 0.17%, 7, 0, 7, 141.14
1735384041, 207, 6, 41, 0, 0, 0.17%, 7, 0, 7, 141.32
1735384046, 207, 11, 41, 0, 0, 0.17%, 7, 0, 7, 139.80
1735384051, 207, 20, 41, 0, 0, 0.17%, 7, 0, 7, 138.24
1735384056, 208, 5, 41, 0, 0, 0.17%, 7, 0, 7, 140.43
1735384061, 208, 11, 41, 0, 0, 0.17%, 7, 0, 7, 136.11
1735384066, 208, 17, 41, 0, 0, 0.17%, 7, 0, 7, 138.49
1735384071, 208, 20, 41, 0, 0, 0.17%, 7, 0, 7, 141.18
1735384077, 209, 11, 41, 0, 0, 0.17%, 7, 0, 7, 142.68
1735384082, 209, 14, 41, 0, 0, 0.17%, 7, 0, 7, 146.65
1735384087, 209, 20, 41, 0, 0, 0.17%, 7, 0, 7, 136.74
1735384092, 210, 11, 41, 0, 0, 0.17%, 7, 0, 7, 144.36
1735384097, 210, 20, 41, 0, 0, 0.17%, 7, 0, 7, 136.93
1735384102, 211, 1, 41, 0, 0, 0.17%, 7, 0, 7, 145.44
1735384107, 211, 10, 41, 0, 0, 0.17%, 7, 0, 7, 141.44
1735384112, 211, 12, 41, 0, 0, 0.17%, 7, 0, 7, 143.29
1735384118, 211, 14, 41, 0, 0, 0.17%, 7, 0, 7, 135.47
1735384123, 211, 20, 41, 0, 0, 0.17%, 7, 0, 7, 148.27
1735384128, 211, 24, 41, 0, 0, 0.17%, 7, 0, 7, 146.50
1735384133, 211, 25, 41, 0, 0, 0.17%, 7, 0, 7, 154.21
1735384138, 212, 11, 41, 0, 0, 0.17%, 7, 0, 7, 135.79
1735384143, 212, 20, 41, 0, 0, 0.17%, 7, 0, 7, 145.20
1735384149, 212, 30, 41, 0, 0, 0.17%, 7, 0, 7, 145.95
1735384154, 212, 32, 41, 0, 0, 0.17%, 7, 0, 7, 138.75
1735384159, 212, 34, 41, 0, 0, 0.17%, 7, 0, 7, 167.09
1735384164, 213, 10, 41, 0, 0, 0.17%, 7, 0, 7, 153.20
1735384169, 213, 11, 41, 0, 0, 0.17%, 7, 0, 7, 140.25
1735384174, 213, 20, 41, 0, 0, 0.17%, 7, 0, 7, 139.80
1735384179, 213, 23, 41, 0, 0, 0.17%, 7, 0, 7, 145.51
1735384184, 214, 8, 41, 0, 0, 0.17%, 7, 0, 7, 133.00
1735384190, 214, 11, 41, 0, 0, 0.17%, 7, 0, 7, 138.20
1735384195, 214, 16, 41, 0, 0, 0.17%, 7, 0, 7, 147.80
1735384200, 214, 20, 41, 0, 0, 0.17%, 7, 0, 7, 144.73
1735384205, 214, 35, 41, 0, 0, 0.17%, 7, 0, 7, 149.15
1735384210, 215, 13, 41, 0, 0, 0.17%, 7, 0, 7, 144.93
1735384215, 215, 20, 41, 0, 0, 0.17%, 7, 0, 7, 143.86
1735384221, 215, 23, 41, 0, 0, 0.17%, 7, 0, 7, 144.19
1735384226, 216, 11, 41, 0, 0, 0.17%, 7, 0, 7, 139.65
1735384231, 216, 20, 41, 0, 0, 0.17%, 7, 0, 7, 138.34
1735384236, 216, 24, 41, 0, 0, 0.17%, 7, 0, 7, 132.29
1735384241, 216, 38, 41, 0, 0, 0.17%, 7, 0, 7, 155.56
1735384246, 217, 9, 41, 0, 0, 0.17%, 7, 0, 7, 145.32
1735384251, 217, 13, 41, 0, 0, 0.17%, 7, 0, 7, 142.24
1735384257, 217, 20, 41, 0, 0, 0.17%, 7, 0, 7, 141.57
1735384262, 217, 26, 41, 0, 0, 0.17%, 7, 0, 7, 148.60
1735384267, 217, 39, 41, 0, 0, 0.17%, 7, 0, 7, 160.52
1735384272, 218, 10, 41, 0, 0, 0.17%, 7, 0, 7, 146.27
1735384277, 218, 13, 41, 0, 0, 0.17%, 7, 0, 7, 137.21
1735384282, 218, 20, 41, 0, 0, 0.17%, 7, 0, 7, 137.51
1735384287, 218, 40, 41, 0, 0, 0.17%, 7, 0, 7, 169.48
1735384303, 219, 7, 41, 0, 0, 0.17%, 7, 0, 7, 149.86
1735384308, 219, 11, 41, 0, 0, 0.17%, 7, 0, 7, 139.95
1735384313, 219, 15, 41, 0, 0, 0.17%, 7, 0, 7, 147.01
1735384318, 219, 20, 41, 0, 0, 0.17%, 7, 0, 7, 138.25
1735384323, 220, 11, 41, 0, 0, 0.17%, 7, 0, 7, 143.76
1735384328, 220, 20, 41, 0, 0, 0.17%, 7, 0, 7, 135.06
1735384333, 220, 34, 41, 0, 0, 0.17%, 7, 0, 7, 150.64
1735384339, 221, 10, 41, 0, 0, 0.17%, 7, 0, 7, 147.17
1735384344, 221, 13, 41, 0, 0, 0.17%, 7, 0, 7, 142.92
1735384349, 221, 20, 41, 0, 0, 0.17%, 7, 0, 7, 150.84
1735384354, 222, 11, 41, 0, 0, 0.17%, 7, 0, 7, 147.64
1735384359, 222, 20, 41, 0, 0, 0.17%, 7, 0, 7, 137.29
1735384364, 223, 2, 41, 0, 0, 0.17%, 7, 0, 7, 137.60
1735384370, 223, 11, 41, 0, 0, 0.17%, 7, 0, 7, 136.66
1735384375, 223, 19, 41, 0, 0, 0.17%, 7, 0, 7, 138.85
1735384380, 223, 20, 41, 0, 0, 0.17%, 7, 0, 7, 139.36
1735384385, 223, 30, 41, 0, 0, 0.17%, 7, 0, 7, 145.03
1735384390, 223, 31, 41, 0, 0, 0.17%, 7, 0, 7, 155.77
1735384395, 224, 10, 41, 0, 0, 0.17%, 7, 0, 7, 147.57
1735384401, 224, 13, 41, 0, 0, 0.17%, 7, 0, 7, 143.78
1735384406, 224, 20, 41, 0, 0, 0.17%, 7, 0, 7, 140.50
1735384411, 225, 11, 41, 0, 0, 0.17%, 7, 0, 7, 147.76
1735384416, 225, 14, 41, 0, 0, 0.17%, 7, 0, 7, 146.04
1735384421, 225, 20, 41, 0, 0, 0.17%, 7, 0, 7, 138.61
1735384426, 225, 24, 41, 0, 0, 0.17%, 7, 0, 7, 146.41
1735384431, 225, 30, 41, 0, 0, 0.17%, 7, 0, 7, 145.89
1735384437, 226, 10, 41, 0, 0, 0.17%, 7, 0, 7, 147.71
1735384442, 226, 13, 41, 0, 0, 0.17%, 7, 0, 7, 142.18
1735384447, 226, 20, 41, 0, 0, 0.17%, 7, 0, 7, 147.33
1735384452, 227, 11, 41, 0, 0, 0.17%, 7, 0, 7, 141.80
1735384457, 227, 20, 41, 0, 0, 0.17%, 7, 0, 7, 139.80
1735384462, 227, 33, 41, 0, 0, 0.17%, 7, 0, 7, 144.59
1735384467, 228, 10, 41, 0, 0, 0.17%, 7, 0, 7, 142.41
1735384473, 228, 13, 41, 0, 0, 0.17%, 7, 0, 7, 139.51
1735384478, 228, 20, 41, 0, 0, 0.17%, 7, 0, 7, 141.84
1735384483, 228, 24, 41, 0, 0, 0.17%, 7, 0, 7, 135.41
1735384488, 229, 11, 41, 0, 0, 0.17%, 7, 0, 7, 140.09
1735384493, 229, 20, 41, 0, 0, 0.17%, 7, 0, 7, 144.49
1735384498, 230, 10, 41, 0, 0, 0.17%, 7, 0, 7, 144.59
1735384503, 230, 13, 41, 0, 0, 0.17%, 7, 0, 7, 142.15
1735384509, 230, 20, 41, 0, 0, 0.17%, 7, 0, 7, 137.19
1735384514, 230, 24, 41, 0, 0, 0.17%, 7, 0, 7, 148.97
1735384519, 231, 11, 41, 0, 0, 0.17%, 7, 0, 7, 144.01
1735384524, 231, 20, 41, 0, 0, 0.17%, 7, 0, 7, 143.63
1735384529, 232, 10, 41, 0, 0, 0.17%, 7, 0, 7, 146.07
1735384534, 232, 20, 41, 0, 0, 0.17%, 7, 0, 7, 143.42
1735384539, 232, 24, 41, 0, 0, 0.17%, 7, 0, 7, 140.16
1735384544, 232, 33, 41, 0, 0, 0.17%, 7, 0, 7, 143.33
1735384549, 232, 38, 41, 0, 0, 0.17%, 7, 0, 7, 156.20
1735384554, 233, 10, 41, 0, 0, 0.17%, 7, 0, 7, 145.06
1735384560, 233, 13, 41, 0, 0, 0.17%, 7, 0, 7, 140.24
1735384565, 233, 20, 41, 0, 0, 0.17%, 7, 0, 7, 133.86
1735384570, 233, 36, 41, 0, 0, 0.17%, 7, 0, 7, 146.34
1735384575, 234, 10, 41, 0, 0, 0.17%, 7, 0, 7, 138.90
1735384580, 234, 13, 41, 0, 0, 0.17%, 7, 0, 7, 144.33
1735384585, 234, 20, 41, 0, 0, 0.17%, 7, 0, 7, 134.45
1735384590, 234, 22, 41, 0, 0, 0.17%, 7, 0, 7, 143.77
1735384595, 235, 11, 41, 0, 0, 0.17%, 7, 0, 7, 139.60
1735384600, 235, 14, 41, 0, 0, 0.17%, 7, 0, 7, 137.50
1735384606, 235, 20, 41, 0, 0, 0.17%, 7, 0, 7, 138.35
1735384611, 235, 27, 41, 0, 0, 0.17%, 7, 0, 7, 143.06
1735384616, 235, 30, 41, 0, 0, 0.17%, 7, 0, 7, 148.34
1735384621, 236, 10, 41, 0, 0, 0.17%, 7, 0, 7, 139.01
1735384626, 236, 13, 41, 0, 0, 0.17%, 7, 0, 7, 144.73
1735384631, 236, 20, 41, 0, 0, 0.17%, 7, 0, 7, 140.72
1735384636, 236, 26, 41, 0, 0, 0.17%, 7, 0, 7, 138.82
1735384641, 236, 30, 41, 0, 0, 0.17%, 7, 0, 7, 151.39
1735384646, 237, 11, 41, 0, 0, 0.17%, 7, 0, 7, 149.33
1735384652, 237, 19, 41, 0, 0, 0.17%, 7, 0, 7, 142.96
1735384657, 237, 20, 41, 0, 0, 0.17%, 7, 0, 7, 135.59
1735384662, 237, 21, 41, 0, 0, 0.17%, 7, 0, 7, 156.15
1735384667, 237, 27, 41, 0, 0, 0.17%, 7, 0, 7, 145.43
1735384672, 238, 10, 41, 0, 0, 0.17%, 7, 0, 7, 137.27
1735384677, 238, 13, 41, 0, 0, 0.17%, 7, 0, 7, 133.63
1735384682, 238, 20, 41, 0, 0, 0.17%, 7, 0, 7, 137.23
1735384687, 238, 22, 41, 0, 0, 0.17%, 7, 0, 7, 149.28
1735384692, 239, 3, 41, 0, 0, 0.17%, 7, 0, 7, 143.56
1735384697, 239, 11, 41, 0, 0, 0.17%, 7, 0, 7, 142.58
1735384703, 239, 20, 41, 0, 0, 0.17%, 7, 0, 7, 141.92
1735384708, 239, 32, 41, 0, 0, 0.17%, 7, 0, 7, 137.23
1735384713, 239, 33, 41, 0, 0, 0.17%, 7, 0, 7, 149.67
1735384718, 240, 10, 41, 0, 0, 0.17%, 7, 0, 7, 141.63
1735384723, 240, 20, 41, 0, 0, 0.17%, 7, 0, 7, 144.83
1735384733, 241, 2, 41, 0, 0, 0.17%, 7, 0, 7, 148.67
1735384738, 241, 11, 41, 0, 0, 0.17%, 7, 0, 7, 132.98
1735384744, 241, 20, 41, 0, 0, 0.17%, 7, 0, 7, 138.79
1735384749, 241, 21, 41, 0, 0, 0.17%, 7, 0, 7, 152.13
1735384754, 242, 10, 41, 0, 0, 0.17%, 7, 0, 7, 137.53
1735384759, 242, 13, 41, 0, 0, 0.17%, 7, 0, 7, 141.09
1735384764, 242, 20, 41, 0, 0, 0.17%, 7, 0, 7, 141.90
1735384769, 242, 27, 41, 0, 0, 0.17%, 7, 0, 7, 139.90
1735384774, 243, 13, 41, 0, 0, 0.17%, 7, 0, 7, 142.25
1735384779, 243, 20, 41, 0, 0, 0.17%, 7, 0, 7, 135.26
1735384784, 243, 23, 41, 0, 0, 0.17%, 7, 0, 7, 144.89
1735384790, 243, 40, 41, 0, 0, 0.17%, 7, 0, 7, 155.28
1735384810, 244, 7, 41, 0, 0, 0.17%, 7, 0, 7, 140.55
1735384815, 244, 11, 41, 0, 0, 0.17%, 7, 0, 7, 136.09
1735384821, 244, 20, 41, 0, 0, 0.17%, 7, 0, 7, 141.81
1735384826, 244, 31, 41, 0, 0, 0.17%, 7, 0, 7, 140.39
1735384831, 245, 10, 41, 0, 0, 0.17%, 7, 0, 7, 141.60
1735384836, 245, 13, 41, 0, 0, 0.17%, 7, 0, 7, 132.37
1735384841, 245, 20, 41, 0, 0, 0.17%, 7, 0, 7, 140.76
1735384847, 245, 34, 41, 0, 0, 0.17%, 7, 0, 7, 151.81
1735384852, 246, 10, 41, 0, 0, 0.17%, 7, 0, 7, 143.82
1735384857, 246, 13, 41, 0, 0, 0.17%, 7, 0, 7, 136.93
1735384862, 246, 19, 41, 0, 0, 0.17%, 7, 0, 7, 140.59
1735384867, 246, 20, 41, 0, 0, 0.17%, 7, 0, 7, 144.49
1735384872, 246, 22, 41, 0, 0, 0.17%, 7, 0, 7, 137.69
1735384877, 247, 11, 41, 0, 0, 0.17%, 7, 0, 7, 146.22
1735384883, 247, 15, 41, 0, 0, 0.17%, 7, 0, 7, 140.93
1735384888, 247, 20, 41, 0, 0, 0.17%, 7, 0, 7, 141.75
1735384893, 248, 11, 41, 0, 0, 0.17%, 7, 0, 7, 140.60
1735384898, 248, 20, 41, 0, 0, 0.17%, 7, 0, 7, 141.72
1735384903, 249, 6, 41, 0, 0, 0.17%, 7, 0, 7, 141.80
1735384908, 249, 11, 41, 0, 0, 0.17%, 7, 0, 7, 138.03
1735384914, 249, 20, 41, 0, 0, 0.17%, 7, 0, 7, 135.75
1735384919, 250, 10, 41, 0, 0, 0.17%, 7, 0, 7, 140.39
1735384924, 250, 13, 41, 0, 0, 0.17%, 7, 0, 7, 146.15
1735384929, 250, 31, 41, 0, 0, 0.17%, 7, 0, 7, 148.51
1735384934, 250, 32, 41, 0, 0, 0.17%, 7, 0, 7, 150.92
1735384940, 251, 9, 41, 0, 0, 0.17%, 7, 0, 7, 147.52
1735384945, 251, 11, 41, 0, 0, 0.17%, 7, 0, 7, 143.76
1735384950, 251, 15, 41, 0, 0, 0.17%, 7, 0, 7, 141.88
1735384955, 251, 20, 41, 0, 0, 0.17%, 7, 0, 7, 143.99
1735384960, 251, 35, 41, 0, 0, 0.17%, 7, 0, 7, 147.50
1735384965, 252, 11, 41, 0, 0, 0.17%, 7, 0, 7, 142.58
1735384970, 252, 16, 41, 0, 0, 0.17%, 7, 0, 7, 141.46
1735384976, 252, 20, 41, 0, 0, 0.17%, 7, 0, 7, 137.51
1735384981, 252, 36, 41, 0, 0, 0.17%, 7, 0, 7, 147.47
1735384991, 253, 10, 41, 0, 0, 0.17%, 7, 0, 7, 141.50
1735384996, 253, 13, 41, 0, 0, 0.17%, 7, 0, 7, 135.52
1735385001, 253, 20, 41, 0, 0, 0.17%, 7, 0, 7, 137.50
1735385007, 254, 11, 41, 0, 0, 0.17%, 7, 0, 7, 135.84
1735385012, 254, 20, 41, 0, 0, 0.17%, 7, 0, 7, 137.99
1735385017, 255, 10, 41, 0, 0, 0.17%, 7, 0, 7, 141.68
1735385022, 255, 13, 41, 0, 0, 0.17%, 7, 0, 7, 144.53
1735385027, 255, 20, 41, 0, 0, 0.17%, 7, 0, 7, 148.74
1735385032, 256, 7, 41, 0, 0, 0.17%, 7, 0, 7, 145.76
1735385037, 256, 11, 41, 0, 0, 0.17%, 7, 0, 7, 136.43
1735385043, 256, 20, 41, 0, 0, 0.17%, 7, 0, 7, 136.45
1735385048, 257, 10, 41, 0, 0, 0.17%, 7, 0, 7, 142.14
1735385053, 257, 13, 41, 0, 0, 0.17%, 7, 0, 7, 140.29
1735385058, 257, 19, 41, 0, 0, 0.17%, 7, 0, 7, 144.22
1735385063, 257, 20, 41, 0, 0, 0.17%, 7, 0, 7, 149.80
1735385068, 257, 26, 41, 0, 0, 0.17%, 7, 0, 7, 147.15
1735385073, 258, 10, 41, 0, 0, 0.17%, 7, 0, 7, 138.61
1735385078, 258, 13, 41, 0, 0, 0.17%, 7, 0, 7, 145.75
1735385083, 258, 20, 41, 0, 0, 0.17%, 7, 0, 7, 142.67
1735385089, 259, 11, 41, 0, 0, 0.17%, 7, 0, 7, 143.38
1735385094, 259, 20, 41, 0, 0, 0.17%, 7, 0, 7, 140.19
1735385099, 259, 35, 41, 0, 0, 0.17%, 7, 0, 7, 145.72
1735385104, 260, 10, 41, 0, 0, 0.17%, 7, 0, 7, 146.78
1735385109, 260, 13, 41, 0, 0, 0.17%, 7, 0, 7, 139.35
1735385114, 260, 20, 41, 0, 0, 0.17%, 7, 0, 7, 140.21
1735385119, 261, 10, 41, 0, 0, 0.17%, 7, 0, 7, 138.86
1735385125, 261, 13, 41, 0, 0, 0.17%, 7, 0, 7, 143.27
1735385130, 261, 18, 41, 0, 0, 0.17%, 7, 0, 7, 143.42
1735385135, 261, 20, 41, 0, 0, 0.17%, 7, 0, 7, 134.91
1735385140, 261, 21, 41, 0, 0, 0.17%, 7, 0, 7, 155.61
1735385145, 262, 11, 41, 0, 0, 0.17%, 7, 0, 7, 144.67
1735385150, 262, 20, 41, 0, 0, 0.17%, 7, 0, 7, 144.52
1735385155, 262, 35, 41, 0, 0, 0.17%, 7, 0, 7, 144.55
1735385161, 263, 7, 41, 0, 0, 0.17%, 7, 0, 7, 141.40
1735385166, 263, 11, 41, 0, 0, 0.17%, 7, 0, 7, 139.37
1735385171, 263, 20, 41, 0, 0, 0.17%, 7, 0, 7, 133.96
1735385176, 264, 9, 41, 0, 0, 0.17%, 7, 0, 7, 134.77
1735385181, 264, 11, 41, 0, 0, 0.17%, 7, 0, 7, 136.51
1735385186, 264, 20, 41, 0, 0, 0.17%, 7, 0, 7, 140.93
1735385192, 265, 10, 41, 0, 0, 0.17%, 7, 0, 7, 143.68
1735385197, 265, 13, 41, 0, 0, 0.17%, 7, 0, 7, 136.70
1735385202, 265, 20, 41, 0, 0, 0.17%, 7, 0, 7, 142.63
1735385207, 265, 26, 41, 0, 0, 0.17%, 7, 0, 7, 143.55
1735385212, 266, 10, 41, 0, 0, 0.17%, 7, 0, 7, 141.22
1735385217, 266, 13, 41, 0, 0, 0.17%, 7, 0, 7, 139.11
1735385222, 266, 20, 41, 0, 0, 0.17%, 7, 0, 7, 137.04
1735385227, 266, 23, 41, 0, 0, 0.17%, 7, 0, 7, 147.55
1735385233, 267, 11, 41, 0, 0, 0.17%, 7, 0, 7, 138.87
1735385238, 267, 20, 41, 0, 0, 0.17%, 7, 0, 7, 136.81
1735385243, 268, 10, 41, 0, 0, 0.17%, 7, 0, 7, 143.86
1735385248, 268, 13, 41, 0, 0, 0.17%, 7, 0, 7, 145.41
1735385253, 268, 20, 41, 0, 0, 0.17%, 7, 0, 7, 140.81
1735385259, 268, 29, 41, 0, 0, 0.17%, 7, 0, 7, 141.33
1735385264, 268, 39, 41, 0, 0, 0.17%, 7, 0, 7, 143.35
1735385269, 269, 13, 41, 0, 0, 0.17%, 7, 0, 7, 143.03
1735385274, 269, 20, 41, 0, 0, 0.17%, 7, 0, 7, 136.49
1735385279, 269, 33, 41, 0, 0, 0.17%, 7, 0, 7, 148.81
1735385284, 270, 10, 41, 0, 0, 0.17%, 7, 0, 7, 144.11
1735385289, 270, 13, 41, 0, 0, 0.17%, 7, 0, 7, 142.62
1735385294, 270, 20, 41, 0, 0, 0.17%, 7, 0, 7, 146.09
1735385299, 270, 35, 41, 0, 0, 0.17%, 7, 0, 7, 154.10
1735385304, 271, 13, 41, 0, 0, 0.17%, 7, 0, 7, 149.29
1735385309, 271, 20, 41, 0, 0, 0.17%, 7, 0, 7, 141.90
1735385314, 271, 25, 41, 0, 0, 0.17%, 7, 0, 7, 153.49
1735385320, 271, 36, 41, 0, 0, 0.17%, 7, 0, 7, 146.83
1735385330, 272, 8, 41, 0, 0, 0.17%, 7, 0, 7, 147.42
1735385335, 272, 13, 41, 0, 0, 0.17%, 7, 0, 7, 143.23
1735385340, 272, 20, 41, 0, 0, 0.17%, 7, 0, 7, 136.28
1735385345, 273, 11, 41, 0, 0, 0.17%, 7, 0, 7, 140.05
1735385350, 273, 20, 41, 0, 0, 0.17%, 7, 0, 7, 147.73
1735385355, 274, 10, 41, 0, 0, 0.17%, 7, 0, 7, 142.43
1735385361, 274, 13, 41, 0, 0, 0.17%, 7, 0, 7, 143.25
1735385366, 274, 20, 41, 0, 0, 0.17%, 7, 0, 7, 144.43
1735385371, 275, 10, 41, 0, 0, 0.17%, 7, 0, 7, 137.35
1735385376, 275, 13, 41, 0, 0, 0.17%, 7, 0, 7, 136.18
1735385381, 275, 20, 41, 0, 0, 0.17%, 7, 0, 7, 140.04
1735385386, 276, 11, 41, 0, 0, 0.17%, 7, 0, 7, 140.63
1735385391, 276, 20, 41, 0, 0, 0.17%, 7, 0, 7, 143.58
1735385397, 277, 10, 41, 0, 0, 0.17%, 7, 0, 7, 142.86
1735385402, 277, 13, 41, 0, 0, 0.17%, 7, 0, 7, 135.22
1735385407, 277, 20, 41, 0, 0, 0.17%, 7, 0, 7, 141.16
1735385412, 278, 11, 41, 0, 0, 0.17%, 7, 0, 7, 141.39
1735385417, 278, 13, 41, 0, 0, 0.17%, 7, 0, 7, 141.75
1735385422, 278, 17, 41, 0, 0, 0.17%, 7, 0, 7, 143.44
1735385427, 278, 20, 41, 0, 0, 0.17%, 7, 0, 7, 143.07
1735385433, 279, 11, 41, 0, 0, 0.17%, 7, 0, 7, 144.09
1735385438, 279, 20, 41, 0, 0, 0.17%, 7, 0, 7, 141.99
1735385443, 280, 10, 41, 0, 0, 0.17%, 7, 0, 7, 144.05
1735385448, 280, 12, 41, 0, 0, 0.17%, 7, 0, 7, 143.76
1735385453, 280, 20, 41, 0, 0, 0.17%, 7, 0, 7, 139.37
1735385458, 280, 40, 41, 0, 0, 0.17%, 7, 0, 7, 162.12
1735385479, 281, 7, 41, 0, 0, 0.17%, 7, 0, 7, 149.57
1735385484, 281, 11, 41, 0, 0, 0.17%, 7, 0, 7, 141.17
1735385489, 281, 20, 41, 0, 0, 0.17%, 7, 0, 7, 141.68
