# unix_time, cycles_done, cur_path, paths_total, pending_total, pending_favs, map_size, unique_crashes, unique_hangs, max_depth, execs_per_sec
1734541785, 0, 0, 10, 10, 1, 0.01%, 0, 0, 1, 85.20
1734541790, 0, 3, 10, 10, 1, 0.01%, 0, 0, 1, 105.89
1734541795, 0, 4, 10, 9, 0, 0.01%, 0, 0, 1, 102.34
1734541805, 0, 5, 10, 8, 0, 0.01%, 0, 0, 1, 99.05
1734541815, 0, 6, 10, 7, 0, 0.01%, 0, 0, 1, 101.03
1734541826, 0, 7, 10, 6, 0, 0.01%, 0, 0, 1, 97.64
1734541836, 0, 8, 10, 5, 0, 0.01%, 0, 0, 1, 95.69
1734541846, 0, 9, 10, 4, 0, 0.01%, 0, 0, 1, 93.84
1734541856, 1, 0, 10, 3, 0, 0.01%, 0, 0, 1, 93.79
1734541866, 1, 1, 10, 2, 0, 0.01%, 0, 0, 1, 98.63
1734541876, 1, 2, 10, 1, 0, 0.01%, 0, 0, 1, 106.78
1734541892, 1, 3, 10, 0, 0, 0.01%, 0, 0, 1, 105.15
1734541897, 1, 5, 10, 0, 0, 0.01%, 0, 0, 1, 104.53
1734541902, 1, 6, 10, 0, 0, 0.01%, 0, 0, 1, 107.48
1734541907, 1, 8, 10, 0, 0, 0.01%, 0, 0, 1, 103.08
1734541912, 1, 9, 10, 0, 0, 0.01%, 0, 0, 1, 104.67
1734541917, 2, 1, 10, 0, 0, 0.01%, 0, 0, 1, 105.92
1734541922, 2, 2, 10, 0, 0, 0.01%, 0, 0, 1, 105.32
1734541927, 2, 4, 10, 0, 0, 0.01%, 0, 0, 1, 105.25
1734541933, 2, 5, 10, 0, 0, 0.01%, 0, 0, 1, 104.40
1734541938, 2, 6, 10, 0, 0, 0.01%, 0, 0, 1, 105.87
1734541943, 2, 8, 10, 0, 0, 0.01%, 0, 0, 1, 105.86
1734541948, 2, 9, 10, 0, 0, 0.01%, 0, 0, 1, 102.99
1734541953, 3, 1, 10, 0, 0, 0.01%, 0, 0, 1, 104.26
1734541958, 3, 2, 10, 0, 0, 0.01%, 0, 0, 1, 107.62
1734541963, 3, 4, 10, 0, 0, 0.01%, 0, 0, 1, 106.74
1734541968, 3, 5, 10, 0, 0, 0.01%, 0, 0, 1, 105.68
1734541973, 3, 7, 10, 0, 0, 0.01%, 0, 0, 1, 105.98
1734541978, 3, 8, 10, 0, 0, 0.01%, 0, 0, 1, 102.46
1734541983, 3, 9, 10, 0, 0, 0.01%, 0, 0, 1, 103.35
1734541988, 4, 1, 10, 0, 0, 0.01%, 0, 0, 1, 106.40
1734541993, 4, 2, 10, 0, 0, 0.01%, 0, 0, 1, 104.95
1734541998, 4, 4, 10, 0, 0, 0.01%, 0, 0, 1, 104.68
1734542004, 4, 5, 10, 0, 0, 0.01%, 0, 0, 1, 104.08
1734542009, 4, 7, 10, 0, 0, 0.01%, 0, 0, 1, 104.83
1734542014, 4, 8, 10, 0, 0, 0.01%, 0, 0, 1, 104.70
1734542019, 5, 0, 10, 0, 0, 0.01%, 0, 0, 1, 105.04
1734542024, 5, 1, 10, 0, 0, 0.01%, 0, 0, 1, 105.70
1734542029, 5, 2, 10, 0, 0, 0.01%, 0, 0, 1, 103.96
1734542034, 5, 4, 10, 0, 0, 0.01%, 0, 0, 1, 105.24
1734542039, 5, 5, 10, 0, 0, 0.01%, 0, 0, 1, 103.76
1734542044, 5, 7, 10, 0, 0, 0.01%, 0, 0, 1, 103.88
1734542049, 5, 8, 10, 0, 0, 0.01%, 0, 0, 1, 105.64
1734542054, 6, 0, 10, 0, 0, 0.01%, 0, 0, 1, 104.56
1734542060, 6, 1, 10, 0, 0, 0.01%, 0, 0, 1, 103.39
1734542065, 6, 3, 10, 0, 0, 0.01%, 0, 0, 1, 106.16
1734542070, 6, 4, 10, 0, 0, 0.01%, 0, 0, 1, 106.33
1734542075, 6, 6, 10, 0, 0, 0.01%, 0, 0, 1, 103.24
1734542080, 6, 7, 10, 0, 0, 0.01%, 0, 0, 1, 103.86
1734542085, 6, 8, 10, 0, 0, 0.01%, 0, 0, 1, 104.25
1734542090, 7, 0, 10, 0, 0, 0.01%, 0, 0, 1, 103.40
1734542095, 7, 1, 10, 0, 0, 0.01%, 0, 0, 1, 104.26
1734542100, 7, 3, 10, 0, 0, 0.01%, 0, 0, 1, 106.29
1734542105, 7, 4, 10, 0, 0, 0.01%, 0, 0, 1, 104.81
1734542110, 7, 6, 10, 0, 0, 0.01%, 0, 0, 1, 104.76
1734542115, 7, 7, 10, 0, 0, 0.01%, 0, 0, 1, 106.20
1734542121, 7, 9, 10, 0, 0, 0.01%, 0, 0, 1, 104.01
1734542126, 8, 0, 10, 0, 0, 0.01%, 0, 0, 1, 105.35
1734542131, 8, 1, 10, 0, 0, 0.01%, 0, 0, 1, 103.71
1734542136, 8, 3, 10, 0, 0, 0.01%, 0, 0, 1, 103.98
1734542141, 8, 4, 10, 0, 0, 0.01%, 0, 0, 1, 106.40
1734542146, 8, 6, 10, 0, 0, 0.01%, 0, 0, 1, 103.33
1734542151, 8, 7, 10, 0, 0, 0.01%, 0, 0, 1, 103.88
1734542156, 8, 9, 10, 0, 0, 0.01%, 0, 0, 1, 101.75
1734542161, 9, 0, 10, 0, 0, 0.01%, 0, 0, 1, 104.63
1734542167, 9, 2, 10, 0, 0, 0.01%, 0, 0, 1, 105.14
1734542172, 9, 3, 10, 0, 0, 0.01%, 0, 0, 1, 104.34
1734542177, 9, 5, 10, 0, 0, 0.01%, 0, 0, 1, 106.41
1734542182, 9, 6, 10, 0, 0, 0.01%, 0, 0, 1, 103.19
1734542187, 9, 7, 10, 0, 0, 0.01%, 0, 0, 1, 102.55
1734542192, 9, 9, 10, 0, 0, 0.01%, 0, 0, 1, 104.83
1734542198, 10, 0, 10, 0, 0, 0.01%, 0, 0, 1, 105.89
1734542203, 10, 2, 10, 0, 0, 0.01%, 0, 0, 1, 103.16
1734542208, 10, 3, 10, 0, 0, 0.01%, 0, 0, 1, 104.53
1734542213, 10, 5, 10, 0, 0, 0.01%, 0, 0, 1, 104.19
1734542218, 10, 6, 10, 0, 0, 0.01%, 0, 0, 1, 103.30
1734542223, 10, 8, 10, 0, 0, 0.01%, 0, 0, 1, 104.77
1734542228, 10, 9, 10, 0, 0, 0.01%, 0, 0, 1, 103.22
1734542233, 11, 0, 10, 0, 0, 0.01%, 0, 0, 1, 104.76
1734542238, 11, 2, 10, 0, 0, 0.01%, 0, 0, 1, 104.83
1734542243, 11, 3, 10, 0, 0, 0.01%, 0, 0, 1, 103.47
1734542248, 11, 5, 10, 0, 0, 0.01%, 0, 0, 1, 103.68
1734542253, 11, 6, 10, 0, 0, 0.01%, 0, 0, 1, 103.84
1734542259, 11, 7, 10, 0, 0, 0.01%, 0, 0, 1, 100.73
1734542264, 11, 9, 10, 0, 0, 0.01%, 0, 0, 1, 102.89
1734542269, 12, 0, 10, 0, 0, 0.01%, 0, 0, 1, 102.44
1734542274, 12, 2, 10, 0, 0, 0.01%, 0, 0, 1, 104.42
1734542279, 12, 3, 10, 0, 0, 0.01%, 0, 0, 1, 104.12
1734542284, 12, 5, 10, 0, 0, 0.01%, 0, 0, 1, 103.83
1734542289, 12, 6, 10, 0, 0, 0.01%, 0, 0, 1, 103.58
1734542294, 12, 8, 10, 0, 0, 0.01%, 0, 0, 1, 104.59
1734542299, 12, 9, 10, 0, 0, 0.01%, 0, 0, 1, 106.41
1734542304, 13, 0, 10, 0, 0, 0.01%, 0, 0, 1, 105.16
1734542309, 13, 2, 10, 0, 0, 0.01%, 0, 0, 1, 107.46
1734542315, 13, 3, 10, 0, 0, 0.01%, 0, 0, 1, 106.29
1734542320, 13, 5, 10, 0, 0, 0.01%, 0, 0, 1, 105.98
1734542325, 13, 6, 10, 0, 0, 0.01%, 0, 0, 1, 105.16
1734542330, 13, 8, 10, 0, 0, 0.01%, 0, 0, 1, 104.99
1734542335, 13, 9, 10, 0, 0, 0.01%, 0, 0, 1, 107.35
1734542340, 14, 1, 10, 0, 0, 0.01%, 0, 0, 1, 102.21
1734542345, 14, 2, 10, 0, 0, 0.01%, 0, 0, 1, 104.39
1734542350, 14, 4, 10, 0, 0, 0.01%, 0, 0, 1, 105.76
1734542356, 14, 5, 10, 0, 0, 0.01%, 0, 0, 1, 103.17
1734542361, 14, 7, 10, 0, 0, 0.01%, 0, 0, 1, 104.55
1734542366, 14, 8, 10, 0, 0, 0.01%, 0, 0, 1, 104.05
1734542371, 14, 9, 10, 0, 0, 0.01%, 0, 0, 1, 105.08
1734542376, 15, 1, 10, 0, 0, 0.01%, 0, 0, 1, 102.70
1734542381, 15, 2, 10, 0, 0, 0.01%, 0, 0, 1, 103.69
1734542386, 15, 4, 10, 0, 0, 0.01%, 0, 0, 1, 106.98
1734542391, 15, 5, 10, 0, 0, 0.01%, 0, 0, 1, 108.12
1734542396, 15, 7, 10, 0, 0, 0.01%, 0, 0, 1, 109.86
1734542401, 15, 8, 10, 0, 0, 0.01%, 0, 0, 1, 107.25
1734542406, 16, 0, 10, 0, 0, 0.01%, 0, 0, 1, 108.13
1734542411, 16, 1, 10, 0, 0, 0.01%, 0, 0, 1, 109.62
1734542417, 16, 3, 10, 0, 0, 0.01%, 0, 0, 1, 108.88
1734542422, 16, 4, 10, 0, 0, 0.01%, 0, 0, 1, 108.60
1734542427, 16, 6, 10, 0, 0, 0.01%, 0, 0, 1, 108.42
1734542432, 16, 7, 10, 0, 0, 0.01%, 0, 0, 1, 105.65
1734542437, 16, 9, 10, 0, 0, 0.01%, 0, 0, 1, 106.93
1734542442, 17, 0, 10, 0, 0, 0.01%, 0, 0, 1, 105.29
1734542447, 17, 2, 10, 0, 0, 0.01%, 0, 0, 1, 108.61
1734542452, 17, 3, 10, 0, 0, 0.01%, 0, 0, 1, 107.00
1734542457, 17, 4, 10, 0, 0, 0.01%, 0, 0, 1, 108.75
1734542462, 17, 6, 10, 0, 0, 0.01%, 0, 0, 1, 105.36
1734542467, 17, 7, 10, 0, 0, 0.01%, 0, 0, 1, 111.92
1734542472, 17, 9, 10, 0, 0, 0.01%, 0, 0, 1, 109.15
1734542477, 18, 0, 10, 0, 0, 0.01%, 0, 0, 1, 109.40
1734542482, 18, 2, 10, 0, 0, 0.01%, 0, 0, 1, 110.76
1734542487, 18, 4, 10, 0, 0, 0.01%, 0, 0, 1, 107.72
1734542492, 18, 5, 10, 0, 0, 0.01%, 0, 0, 1, 105.77
1734542497, 18, 7, 10, 0, 0, 0.01%, 0, 0, 1, 111.07
1734542502, 18, 8, 10, 0, 0, 0.01%, 0, 0, 1, 110.13
1734542507, 19, 0, 10, 0, 0, 0.01%, 0, 0, 1, 108.52
1734542512, 19, 1, 10, 0, 0, 0.01%, 0, 0, 1, 107.95
1734542518, 19, 3, 10, 0, 0, 0.01%, 0, 0, 1, 106.46
1734542523, 19, 4, 10, 0, 0, 0.01%, 0, 0, 1, 106.16
1734542528, 19, 6, 10, 0, 0, 0.01%, 0, 0, 1, 109.33
1734542533, 19, 7, 10, 0, 0, 0.01%, 0, 0, 1, 112.81
1734542538, 19, 9, 10, 0, 0, 0.01%, 0, 0, 1, 110.58
1734542543, 20, 0, 10, 0, 0, 0.01%, 0, 0, 1, 110.85
1734542548, 20, 2, 10, 0, 0, 0.01%, 0, 0, 1, 110.33
1734542553, 20, 3, 10, 0, 0, 0.01%, 0, 0, 1, 109.11
1734542558, 20, 5, 10, 0, 0, 0.01%, 0, 0, 1, 108.46
1734542563, 20, 6, 10, 0, 0, 0.01%, 0, 0, 1, 107.47
1734542568, 20, 8, 10, 0, 0, 0.01%, 0, 0, 1, 108.46
1734542573, 20, 9, 10, 0, 0, 0.01%, 0, 0, 1, 110.01
1734542579, 21, 1, 10, 0, 0, 0.01%, 0, 0, 1, 108.18
1734542584, 21, 2, 10, 0, 0, 0.01%, 0, 0, 1, 110.06
1734542589, 21, 4, 10, 0, 0, 0.01%, 0, 0, 1, 108.90
1734542594, 21, 5, 10, 0, 0, 0.01%, 0, 0, 1, 112.73
1734542599, 21, 7, 10, 0, 0, 0.01%, 0, 0, 1, 108.01
1734542604, 21, 8, 10, 0, 0, 0.01%, 0, 0, 1, 108.76
1734542609, 22, 0, 10, 0, 0, 0.01%, 0, 0, 1, 107.89
1734542614, 22, 1, 10, 0, 0, 0.01%, 0, 0, 1, 105.68
1734542619, 22, 3, 10, 0, 0, 0.01%, 0, 0, 1, 107.99
1734542624, 22, 4, 10, 0, 0, 0.01%, 0, 0, 1, 109.48
1734542629, 22, 5, 10, 0, 0, 0.01%, 0, 0, 1, 107.19
1734542634, 22, 7, 10, 0, 0, 0.01%, 0, 0, 1, 106.31
1734542639, 22, 9, 10, 0, 0, 0.01%, 0, 0, 1, 107.49
1734542645, 23, 0, 10, 0, 0, 0.01%, 0, 0, 1, 110.69
1734542650, 23, 2, 10, 0, 0, 0.01%, 0, 0, 1, 113.73
1734542655, 23, 3, 10, 0, 0, 0.01%, 0, 0, 1, 113.18
1734542660, 23, 5, 10, 0, 0, 0.01%, 0, 0, 1, 110.20
1734542665, 23, 6, 10, 0, 0, 0.01%, 0, 0, 1, 108.59
1734542670, 23, 8, 10, 0, 0, 0.01%, 0, 0, 1, 110.52
1734542675, 23, 9, 10, 0, 0, 0.01%, 0, 0, 1, 110.13
1734542680, 24, 1, 10, 0, 0, 0.01%, 0, 0, 1, 108.94
1734542685, 24, 2, 10, 0, 0, 0.01%, 0, 0, 1, 108.58
1734542690, 24, 4, 10, 0, 0, 0.01%, 0, 0, 1, 109.27
1734542695, 24, 5, 10, 0, 0, 0.01%, 0, 0, 1, 107.36
1734542700, 24, 7, 10, 0, 0, 0.01%, 0, 0, 1, 108.90
1734542705, 24, 8, 10, 0, 0, 0.01%, 0, 0, 1, 111.91
1734542710, 25, 0, 10, 0, 0, 0.01%, 0, 0, 1, 109.25
1734542715, 25, 1, 10, 0, 0, 0.01%, 0, 0, 1, 106.49
1734542720, 25, 3, 10, 0, 0, 0.01%, 0, 0, 1, 110.63
1734542725, 25, 4, 10, 0, 0, 0.01%, 0, 0, 1, 107.78
1734542730, 25, 6, 10, 0, 0, 0.01%, 0, 0, 1, 106.89
1734542735, 25, 7, 10, 0, 0, 0.01%, 0, 0, 1, 107.18
1734542740, 25, 9, 10, 0, 0, 0.01%, 0, 0, 1, 114.18
1734542746, 26, 0, 10, 0, 0, 0.01%, 0, 0, 1, 106.07
1734542751, 26, 2, 10, 0, 0, 0.01%, 0, 0, 1, 107.92
1734542756, 26, 3, 10, 0, 0, 0.01%, 0, 0, 1, 110.50
1734542761, 26, 5, 10, 0, 0, 0.01%, 0, 0, 1, 111.15
1734542766, 26, 6, 10, 0, 0, 0.01%, 0, 0, 1, 110.30
1734542771, 26, 8, 10, 0, 0, 0.01%, 0, 0, 1, 107.44
1734542776, 26, 9, 10, 0, 0, 0.01%, 0, 0, 1, 107.63
1734542781, 27, 1, 10, 0, 0, 0.01%, 0, 0, 1, 109.02
1734542786, 27, 2, 10, 0, 0, 0.01%, 0, 0, 1, 108.30
1734542791, 27, 4, 10, 0, 0, 0.01%, 0, 0, 1, 107.46
1734542796, 27, 5, 10, 0, 0, 0.01%, 0, 0, 1, 106.87
1734542801, 27, 7, 10, 0, 0, 0.01%, 0, 0, 1, 108.90
1734542806, 27, 8, 10, 0, 0, 0.01%, 0, 0, 1, 112.72
1734542812, 28, 0, 10, 0, 0, 0.01%, 0, 0, 1, 108.50
1734542817, 28, 1, 10, 0, 0, 0.01%, 0, 0, 1, 106.40
1734542822, 28, 3, 10, 0, 0, 0.01%, 0, 0, 1, 108.55
1734542827, 28, 4, 10, 0, 0, 0.01%, 0, 0, 1, 108.58
1734542832, 28, 6, 10, 0, 0, 0.01%, 0, 0, 1, 107.03
1734542837, 28, 7, 10, 0, 0, 0.01%, 0, 0, 1, 107.56
1734542842, 28, 9, 10, 0, 0, 0.01%, 0, 0, 1, 109.41
1734542847, 29, 0, 10, 0, 0, 0.01%, 0, 0, 1, 110.05
1734542852, 29, 2, 10, 0, 0, 0.01%, 0, 0, 1, 107.18
1734542857, 29, 3, 10, 0, 0, 0.01%, 0, 0, 1, 109.59
1734542862, 29, 5, 10, 0, 0, 0.01%, 0, 0, 1, 108.17
1734542867, 29, 6, 10, 0, 0, 0.01%, 0, 0, 1, 106.97
1734542872, 29, 7, 10, 0, 0, 0.01%, 0, 0, 1, 105.12
1734542877, 29, 9, 10, 0, 0, 0.01%, 0, 0, 1, 108.53
1734542882, 30, 0, 10, 0, 0, 0.01%, 0, 0, 1, 109.22
1734542887, 30, 2, 10, 0, 0, 0.01%, 0, 0, 1, 108.72
1734542892, 30, 10, 13, 3, 1, 0.16%, 3, 0, 3, 127.84
1734542969, 30, 11, 13, 2, 2, 0.16%, 3, 0, 3, 111.66
1734542979, 30, 11, 14, 3, 2, 0.17%, 4, 0, 4, 118.50
1734542999, 30, 11, 15, 4, 2, 0.17%, 4, 0, 4, 115.17
1734543055, 30, 11, 16, 5, 2, 0.17%, 4, 0, 4, 119.91
1734543095, 30, 12, 16, 4, 2, 0.17%, 4, 0, 4, 134.63
1734543100, 30, 12, 17, 5, 2, 0.17%, 4, 0, 4, 124.55
1734543110, 30, 12, 18, 6, 2, 0.17%, 4, 0, 4, 117.83
1734543248, 30, 13, 19, 6, 1, 0.17%, 5, 0, 5, 137.71
1734543268, 30, 13, 20, 7, 1, 0.17%, 5, 0, 5, 116.93
1734543309, 30, 13, 21, 8, 1, 0.17%, 5, 0, 5, 119.75
1734543390, 30, 13, 22, 9, 1, 0.17%, 5, 0, 5, 119.63
1734543410, 30, 13, 23, 10, 1, 0.17%, 5, 0, 5, 123.10
1734543420, 30, 13, 29, 16, 1, 0.17%, 6, 0, 5, 131.65
1734543425, 30, 18, 29, 15, 1, 0.17%, 6, 0, 5, 139.55
1734543501, 30, 19, 29, 14, 0, 0.17%, 6, 0, 5, 146.07
1734543567, 30, 19, 30, 15, 0, 0.17%, 7, 0, 6, 115.52
1734543587, 30, 20, 33, 17, 0, 0.17%, 7, 0, 6, 151.93
1734543592, 30, 20, 34, 18, 0, 0.17%, 7, 0, 6, 220.14
1734543602, 30, 20, 35, 19, 0, 0.17%, 7, 0, 6, 181.26
1734543628, 30, 20, 36, 20, 0, 0.17%, 7, 0, 6, 141.80
1734543653, 30, 20, 37, 21, 0, 0.17%, 8, 0, 6, 143.02
1734543710, 30, 23, 37, 20, 0, 0.17%, 8, 0, 6, 182.89
1734543781, 30, 24, 37, 19, 0, 0.17%, 8, 0, 6, 175.33
1734543976, 30, 24, 38, 20, 0, 0.17%, 8, 0, 6, 152.63
1734544052, 30, 27, 38, 19, 0, 0.17%, 8, 0, 6, 149.15
1734544124, 30, 27, 39, 20, 0, 0.17%, 8, 0, 6, 140.50
1734544220, 30, 36, 39, 19, 0, 0.17%, 8, 0, 6, 112.22
1734544419, 31, 4, 39, 18, 0, 0.17%, 8, 0, 6, 151.95
1734544424, 31, 10, 39, 18, 0, 0.17%, 8, 0, 6, 136.08
1734544434, 31, 11, 39, 18, 0, 0.17%, 8, 0, 6, 132.47
1734544444, 31, 12, 39, 18, 0, 0.17%, 8, 0, 6, 139.53
1734544454, 31, 13, 39, 18, 0, 0.17%, 8, 0, 6, 138.44
1734544469, 31, 18, 39, 18, 0, 0.17%, 8, 0, 6, 148.84
1734544495, 31, 21, 39, 18, 0, 0.17%, 8, 0, 6, 173.69
1734544561, 31, 27, 39, 17, 0, 0.17%, 8, 0, 6, 159.98
1734544591, 31, 31, 39, 17, 0, 0.17%, 8, 0, 6, 151.44
1734544673, 31, 34, 39, 16, 0, 0.17%, 8, 0, 6, 161.97
1734544724, 31, 37, 39, 15, 0, 0.17%, 8, 0, 6, 206.29
1734544800, 32, 11, 39, 14, 0, 0.17%, 8, 0, 6, 143.40
1734544815, 32, 12, 39, 14, 0, 0.17%, 8, 0, 6, 133.51
1734544820, 32, 13, 39, 14, 0, 0.17%, 8, 0, 6, 138.16
1734544841, 32, 14, 39, 14, 0, 0.17%, 8, 0, 6, 143.27
1734544892, 32, 18, 39, 13, 0, 0.17%, 8, 0, 6, 127.56
1734544917, 32, 25, 39, 13, 0, 0.17%, 8, 0, 6, 192.12
1734544983, 32, 30, 39, 12, 0, 0.17%, 8, 0, 6, 143.59
1734545303, 32, 34, 39, 11, 0, 0.17%, 8, 0, 6, 142.10
1734545323, 33, 11, 39, 11, 0, 0.17%, 8, 0, 6, 147.46
1734545333, 33, 12, 39, 11, 0, 0.17%, 8, 0, 6, 132.83
1734545343, 33, 13, 39, 11, 0, 0.17%, 8, 0, 6, 135.55
1734545364, 33, 18, 39, 11, 0, 0.17%, 8, 0, 6, 136.38
1734545384, 33, 35, 39, 11, 0, 0.17%, 8, 0, 6, 144.52
1734545532, 33, 38, 39, 10, 0, 0.17%, 8, 0, 6, 171.72
1734545618, 34, 11, 39, 9, 0, 0.17%, 8, 0, 6, 133.46
1734545628, 34, 12, 39, 9, 0, 0.17%, 8, 0, 6, 130.76
1734545638, 34, 13, 39, 9, 0, 0.17%, 8, 0, 6, 132.07
1734545658, 34, 17, 39, 9, 0, 0.17%, 8, 0, 6, 195.97
1734545907, 34, 18, 39, 8, 0, 0.17%, 8, 0, 6, 118.94
1734545928, 34, 21, 39, 8, 0, 0.17%, 8, 0, 6, 154.23
1734545963, 34, 29, 39, 8, 0, 0.17%, 8, 0, 6, 217.58
1734546152, 34, 36, 39, 7, 0, 0.17%, 8, 0, 6, 178.95
1734546167, 35, 11, 39, 7, 0, 0.17%, 8, 0, 6, 133.35
1734546182, 35, 12, 39, 7, 0, 0.17%, 8, 0, 6, 139.91
1734546187, 35, 13, 39, 7, 0, 0.17%, 8, 0, 6, 127.70
1734546213, 35, 14, 39, 7, 0, 0.17%, 8, 0, 6, 134.09
1734546233, 35, 18, 39, 7, 0, 0.17%, 8, 0, 6, 138.67
1734546253, 36, 11, 39, 7, 0, 0.17%, 8, 0, 6, 129.14
1734546263, 36, 12, 39, 7, 0, 0.17%, 8, 0, 6, 132.01
1734546274, 36, 13, 39, 7, 0, 0.17%, 8, 0, 6, 132.01
1734546294, 36, 18, 39, 7, 0, 0.17%, 8, 0, 6, 133.27
1734546314, 36, 24, 39, 7, 0, 0.17%, 8, 0, 6, 158.38
1734546335, 36, 32, 39, 7, 0, 0.17%, 8, 0, 6, 172.36
1734546411, 37, 11, 39, 6, 0, 0.17%, 8, 0, 6, 133.55
1734546416, 37, 12, 39, 6, 0, 0.17%, 8, 0, 6, 132.24
1734546421, 37, 13, 39, 6, 0, 0.17%, 8, 0, 6, 136.48
1734546431, 37, 18, 39, 6, 0, 0.17%, 8, 0, 6, 148.09
1734546441, 37, 25, 39, 6, 0, 0.17%, 8, 0, 6, 137.22
1734546462, 37, 26, 39, 6, 0, 0.17%, 8, 0, 6, 200.07
1734546518, 37, 28, 39, 5, 0, 0.17%, 8, 0, 6, 167.12
1734546706, 38, 11, 39, 4, 0, 0.17%, 8, 0, 6, 133.01
1734546711, 38, 12, 39, 4, 0, 0.17%, 8, 0, 6, 138.15
1734546716, 38, 13, 39, 4, 0, 0.17%, 8, 0, 6, 137.15
1734546726, 38, 18, 39, 4, 0, 0.17%, 8, 0, 6, 131.63
1734546736, 38, 20, 39, 4, 0, 0.17%, 8, 0, 6, 156.12
1734546757, 38, 22, 39, 4, 0, 0.17%, 8, 0, 6, 143.00
1734546808, 39, 12, 39, 3, 0, 0.17%, 8, 0, 6, 130.75
1734546813, 39, 13, 39, 3, 0, 0.17%, 8, 0, 6, 143.75
1734546818, 39, 14, 39, 3, 0, 0.17%, 8, 0, 6, 134.33
1734546838, 39, 18, 39, 3, 0, 0.17%, 8, 0, 6, 131.43
1734546844, 40, 10, 39, 3, 0, 0.17%, 8, 0, 6, 142.34
1734546854, 40, 11, 39, 3, 0, 0.17%, 8, 0, 6, 138.92
1734546859, 40, 13, 39, 3, 0, 0.17%, 8, 0, 6, 136.30
1734546864, 40, 18, 39, 3, 0, 0.17%, 8, 0, 6, 134.45
1734546869, 40, 30, 39, 3, 0, 0.17%, 8, 0, 6, 139.19
1734546900, 41, 11, 39, 3, 0, 0.17%, 8, 0, 6, 133.19
1734546905, 41, 13, 39, 3, 0, 0.17%, 8, 0, 6, 126.77
1734546910, 41, 18, 39, 3, 0, 0.17%, 8, 0, 6, 130.38
1734546915, 41, 24, 39, 3, 0, 0.17%, 8, 0, 6, 146.45
1734546936, 42, 11, 39, 3, 0, 0.17%, 8, 0, 6, 135.73
1734546941, 42, 13, 39, 3, 0, 0.17%, 8, 0, 6, 133.28
1734546946, 42, 18, 39, 3, 0, 0.17%, 8, 0, 6, 134.52
1734546951, 43, 11, 39, 3, 0, 0.17%, 8, 0, 6, 135.54
1734546956, 43, 13, 39, 3, 0, 0.17%, 8, 0, 6, 139.91
1734546961, 43, 16, 39, 3, 0, 0.17%, 8, 0, 6, 135.90
1734547013, 43, 18, 39, 2, 0, 0.17%, 8, 0, 6, 143.63
1734547023, 43, 26, 39, 2, 0, 0.17%, 8, 0, 6, 143.19
1734547039, 44, 11, 39, 2, 0, 0.17%, 8, 0, 6, 140.26
1734547044, 44, 13, 39, 2, 0, 0.17%, 8, 0, 6, 137.54
1734547049, 44, 15, 39, 2, 0, 0.17%, 8, 0, 6, 116.67
1734547399, 44, 18, 39, 1, 0, 0.17%, 8, 0, 6, 145.49
1734547404, 44, 27, 39, 1, 0, 0.17%, 8, 0, 6, 154.06
1734547435, 45, 10, 39, 1, 0, 0.17%, 8, 0, 6, 135.91
1734547445, 45, 12, 39, 1, 0, 0.17%, 8, 0, 6, 137.89
1734547450, 45, 13, 39, 1, 0, 0.17%, 8, 0, 6, 132.52
1734547455, 45, 18, 39, 1, 0, 0.17%, 8, 0, 6, 143.56
1734547460, 45, 26, 39, 1, 0, 0.17%, 8, 0, 6, 147.12
1734547476, 45, 33, 39, 1, 0, 0.17%, 8, 0, 6, 147.57
1734547532, 45, 36, 39, 0, 0, 0.17%, 8, 0, 6, 169.07
1734547553, 46, 12, 39, 0, 0, 0.17%, 8, 0, 6, 130.42
1734547558, 46, 13, 39, 0, 0, 0.17%, 8, 0, 6, 134.83
1734547563, 46, 18, 39, 0, 0, 0.17%, 8, 0, 6, 138.10
1734547568, 46, 31, 39, 0, 0, 0.17%, 8, 0, 6, 133.23
1734547599, 47, 12, 39, 0, 0, 0.17%, 8, 0, 6, 136.09
1734547604, 47, 13, 39, 0, 0, 0.17%, 8, 0, 6, 132.10
1734547609, 47, 18, 39, 0, 0, 0.17%, 8, 0, 6, 133.85
1734547614, 47, 19, 39, 0, 0, 0.17%, 8, 0, 6, 131.28
1734547635, 47, 38, 39, 0, 0, 0.17%, 8, 0, 6, 141.71
1734547665, 48, 11, 39, 0, 0, 0.17%, 8, 0, 6, 141.77
1734547670, 48, 13, 39, 0, 0, 0.17%, 8, 0, 6, 132.76
1734547675, 48, 18, 39, 0, 0, 0.17%, 8, 0, 6, 137.82
1734547681, 49, 2, 39, 0, 0, 0.17%, 8, 0, 6, 137.13
1734547686, 49, 12, 39, 0, 0, 0.17%, 8, 0, 6, 132.13
1734547691, 49, 13, 39, 0, 0, 0.17%, 8, 0, 6, 135.36
1734547696, 49, 18, 39, 0, 0, 0.17%, 8, 0, 6, 144.76
1734547701, 49, 22, 39, 0, 0, 0.17%, 8, 0, 6, 131.54
1734547722, 49, 31, 39, 0, 0, 0.17%, 8, 0, 6, 137.30
1734547753, 49, 34, 39, 0, 0, 0.17%, 8, 0, 6, 135.68
1734547778, 50, 11, 39, 0, 0, 0.17%, 8, 0, 6, 131.32
1734547783, 50, 13, 39, 0, 0, 0.17%, 8, 0, 6, 134.18
1734547788, 50, 18, 39, 0, 0, 0.17%, 8, 0, 6, 137.40
1734547794, 50, 36, 39, 0, 0, 0.17%, 8, 0, 6, 142.38
1734547814, 51, 11, 39, 0, 0, 0.17%, 8, 0, 6, 132.29
1734547819, 51, 13, 39, 0, 0, 0.17%, 8, 0, 6, 131.76
1734547824, 51, 18, 39, 0, 0, 0.17%, 8, 0, 6, 140.44
1734547829, 51, 28, 39, 0, 0, 0.17%, 8, 0, 6, 139.00
1734547850, 52, 11, 39, 0, 0, 0.17%, 8, 0, 6, 133.80
1734547855, 52, 13, 39, 0, 0, 0.17%, 8, 0, 6, 128.92
1734547860, 52, 18, 39, 0, 0, 0.17%, 8, 0, 6, 134.23
1734547865, 53, 4, 39, 0, 0, 0.17%, 8, 0, 6, 127.32
1734547871, 53, 12, 39, 0, 0, 0.17%, 8, 0, 6, 137.04
1734547876, 53, 18, 39, 0, 0, 0.17%, 8, 0, 6, 139.88
1734547886, 54, 11, 39, 0, 0, 0.17%, 8, 0, 6, 131.42
1734547891, 54, 13, 39, 0, 0, 0.17%, 8, 0, 6, 132.89
1734547896, 54, 18, 39, 0, 0, 0.17%, 8, 0, 6, 136.94
1734547901, 54, 20, 39, 0, 0, 0.17%, 8, 0, 6, 141.92
1734547922, 55, 8, 39, 0, 0, 0.17%, 8, 0, 6, 129.93
1734547927, 55, 11, 39, 0, 0, 0.17%, 8, 0, 6, 130.73
1734547932, 55, 13, 39, 0, 0, 0.17%, 8, 0, 6, 131.13
1734547937, 55, 18, 39, 0, 0, 0.17%, 8, 0, 6, 133.93
1734547943, 55, 29, 39, 0, 0, 0.17%, 8, 0, 6, 145.17
1734547963, 56, 11, 39, 0, 0, 0.17%, 8, 0, 6, 137.22
1734547968, 56, 13, 39, 0, 0, 0.17%, 8, 0, 6, 135.40
1734547974, 56, 18, 39, 0, 0, 0.17%, 8, 0, 6, 139.77
1734547979, 56, 30, 39, 0, 0, 0.17%, 8, 0, 6, 167.09
1734548004, 56, 37, 39, 0, 0, 0.17%, 8, 0, 6, 127.02
1734548035, 56, 37, 40, 1, 0, 0.17%, 8, 0, 7, 131.19
1734548040, 57, 11, 40, 1, 0, 0.17%, 8, 0, 7, 138.69
1734548045, 57, 13, 40, 1, 0, 0.17%, 8, 0, 7, 135.49
1734548050, 57, 18, 40, 1, 0, 0.17%, 8, 0, 7, 130.90
1734548055, 57, 28, 40, 1, 0, 0.17%, 8, 0, 7, 146.71
1734548076, 57, 29, 40, 1, 0, 0.17%, 8, 0, 7, 158.61
1734548096, 57, 32, 40, 1, 0, 0.17%, 8, 0, 7, 138.89
1734548117, 57, 37, 40, 1, 0, 0.17%, 8, 0, 7, 136.73
1734548147, 57, 39, 40, 1, 0, 0.17%, 8, 0, 7, 114.55
1734548776, 58, 11, 40, 0, 0, 0.17%, 8, 0, 7, 129.27
1734548782, 58, 13, 40, 0, 0, 0.17%, 8, 0, 7, 132.07
1734548787, 58, 18, 40, 0, 0, 0.17%, 8, 0, 7, 138.04
1734548792, 59, 6, 40, 0, 0, 0.17%, 8, 0, 7, 136.72
1734548797, 59, 12, 40, 0, 0, 0.17%, 8, 0, 7, 135.72
1734548802, 59, 13, 40, 0, 0, 0.17%, 8, 0, 7, 141.21
1734548807, 59, 18, 40, 0, 0, 0.17%, 8, 0, 7, 134.84
1734548812, 60, 12, 40, 0, 0, 0.17%, 8, 0, 7, 134.57
1734548817, 60, 13, 40, 0, 0, 0.17%, 8, 0, 7, 136.72
1734548823, 60, 18, 40, 0, 0, 0.17%, 8, 0, 7, 143.96
1734548828, 60, 19, 40, 0, 0, 0.17%, 8, 0, 7, 130.93
1734548848, 60, 21, 40, 0, 0, 0.17%, 8, 0, 7, 125.55
1734548879, 61, 11, 40, 0, 0, 0.17%, 8, 0, 7, 147.12
1734548884, 61, 13, 40, 0, 0, 0.17%, 8, 0, 7, 133.00
1734548889, 61, 18, 40, 0, 0, 0.17%, 8, 0, 7, 139.48
1734548894, 61, 28, 40, 0, 0, 0.17%, 8, 0, 7, 141.36
1734548914, 61, 31, 40, 0, 0, 0.17%, 8, 0, 7, 137.59
1734548935, 62, 11, 40, 0, 0, 0.17%, 8, 0, 7, 136.50
1734548940, 62, 13, 40, 0, 0, 0.17%, 8, 0, 7, 127.92
1734548945, 62, 18, 40, 0, 0, 0.17%, 8, 0, 7, 133.62
1734548950, 62, 29, 40, 0, 0, 0.17%, 8, 0, 7, 154.66
1734548970, 63, 12, 40, 0, 0, 0.17%, 8, 0, 7, 143.13
1734548976, 63, 13, 40, 0, 0, 0.17%, 8, 0, 7, 135.06
1734548981, 63, 18, 40, 0, 0, 0.17%, 8, 0, 7, 138.46
1734548986, 64, 11, 40, 0, 0, 0.17%, 8, 0, 7, 142.73
1734548991, 64, 13, 40, 0, 0, 0.17%, 8, 0, 7, 131.54
1734549001, 64, 18, 40, 0, 0, 0.17%, 8, 0, 7, 132.51
1734549007, 65, 12, 40, 0, 0, 0.17%, 8, 0, 7, 135.23
1734549012, 65, 13, 40, 0, 0, 0.17%, 8, 0, 7, 140.55
1734549017, 65, 14, 40, 0, 0, 0.17%, 8, 0, 7, 134.61
1734549032, 65, 18, 40, 0, 0, 0.17%, 8, 0, 7, 136.75
1734549037, 65, 25, 40, 0, 0, 0.17%, 8, 0, 7, 142.80
1734549058, 65, 31, 40, 0, 0, 0.17%, 8, 0, 7, 141.98
1734549078, 66, 7, 40, 0, 0, 0.17%, 8, 0, 7, 146.69
1734549083, 66, 13, 40, 0, 0, 0.17%, 8, 0, 7, 140.20
1734549088, 66, 18, 40, 0, 0, 0.17%, 8, 0, 7, 139.45
1734549094, 67, 11, 40, 0, 0, 0.17%, 8, 0, 7, 137.02
1734549099, 67, 13, 40, 0, 0, 0.17%, 8, 0, 7, 130.58
1734549104, 67, 15, 40, 0, 0, 0.17%, 8, 0, 7, 147.27
1734549124, 67, 18, 40, 0, 0, 0.17%, 8, 0, 7, 139.76
1734549129, 68, 11, 40, 0, 0, 0.17%, 8, 0, 7, 134.57
1734549134, 68, 13, 40, 0, 0, 0.17%, 8, 0, 7, 132.59
1734549140, 68, 15, 40, 0, 0, 0.17%, 8, 0, 7, 159.11
1734549160, 68, 18, 40, 0, 0, 0.17%, 8, 0, 7, 135.66
1734549165, 68, 21, 40, 0, 0, 0.17%, 8, 0, 7, 135.73
1734549196, 68, 34, 40, 0, 0, 0.17%, 8, 0, 7, 135.37
1734549216, 69, 11, 40, 0, 0, 0.17%, 8, 0, 7, 144.95
1734549221, 69, 13, 40, 0, 0, 0.17%, 8, 0, 7, 138.10
1734549226, 69, 18, 40, 0, 0, 0.17%, 8, 0, 7, 135.59
1734549232, 69, 22, 40, 0, 0, 0.17%, 8, 0, 7, 134.79
1734549252, 69, 24, 40, 0, 0, 0.17%, 8, 0, 7, 132.66
1734549273, 70, 11, 40, 0, 0, 0.17%, 8, 0, 7, 146.18
1734549278, 70, 13, 40, 0, 0, 0.17%, 8, 0, 7, 136.73
1734549283, 70, 18, 40, 0, 0, 0.17%, 8, 0, 7, 132.94
1734549288, 71, 11, 40, 0, 0, 0.17%, 8, 0, 7, 144.41
1734549293, 71, 13, 40, 0, 0, 0.17%, 8, 0, 7, 133.39
1734549298, 71, 15, 40, 0, 0, 0.17%, 8, 0, 7, 156.85
1734549319, 71, 18, 40, 0, 0, 0.17%, 8, 0, 7, 128.77
1734549324, 71, 29, 40, 0, 0, 0.17%, 8, 0, 7, 134.59
1734549344, 72, 4, 40, 0, 0, 0.17%, 8, 0, 7, 130.02
1734549349, 72, 12, 40, 0, 0, 0.17%, 8, 0, 7, 129.25
1734549354, 72, 13, 40, 0, 0, 0.17%, 8, 0, 7, 124.16
1734549359, 72, 18, 40, 0, 0, 0.17%, 8, 0, 7, 135.93
1734549365, 72, 24, 40, 0, 0, 0.17%, 8, 0, 7, 156.69
1734549385, 73, 12, 40, 0, 0, 0.17%, 8, 0, 7, 139.59
1734549391, 73, 13, 40, 0, 0, 0.17%, 8, 0, 7, 141.82
1734549396, 73, 18, 40, 0, 0, 0.17%, 8, 0, 7, 135.00
1734549401, 73, 37, 40, 0, 0, 0.17%, 8, 0, 7, 138.38
1734549431, 73, 38, 40, 0, 0, 0.17%, 8, 0, 7, 148.51
1734549462, 73, 39, 40, 0, 0, 0.17%, 8, 0, 7, 193.34
1734549487, 74, 11, 40, 0, 0, 0.17%, 8, 0, 7, 148.18
1734549492, 74, 13, 40, 0, 0, 0.17%, 8, 0, 7, 137.53
1734549498, 74, 15, 40, 0, 0, 0.17%, 8, 0, 7, 140.57
1734549518, 74, 16, 40, 0, 0, 0.17%, 8, 0, 7, 135.23
1734549539, 74, 18, 40, 0, 0, 0.17%, 8, 0, 7, 129.07
1734549544, 75, 11, 40, 0, 0, 0.17%, 8, 0, 7, 137.21
1734549549, 75, 13, 40, 0, 0, 0.17%, 8, 0, 7, 137.14
1734549554, 75, 18, 40, 0, 0, 0.17%, 8, 0, 7, 140.97
1734549560, 75, 29, 40, 0, 0, 0.17%, 8, 0, 7, 141.72
1734549585, 76, 12, 40, 0, 0, 0.17%, 8, 0, 7, 130.58
1734549590, 76, 13, 40, 0, 0, 0.17%, 8, 0, 7, 137.69
1734549595, 76, 18, 40, 0, 0, 0.17%, 8, 0, 7, 144.77
1734549600, 77, 12, 40, 0, 0, 0.17%, 8, 0, 7, 134.82
1734549605, 77, 13, 40, 0, 0, 0.17%, 8, 0, 7, 133.60
1734549611, 77, 18, 40, 0, 0, 0.17%, 8, 0, 7, 129.26
1734549616, 77, 24, 40, 0, 0, 0.17%, 8, 0, 7, 153.41
1734549636, 78, 11, 40, 0, 0, 0.17%, 8, 0, 7, 133.65
1734549641, 78, 13, 40, 0, 0, 0.17%, 8, 0, 7, 131.82
1734549646, 78, 18, 40, 0, 0, 0.17%, 8, 0, 7, 136.38
1734549651, 79, 3, 40, 0, 0, 0.17%, 8, 0, 7, 143.18
1734549657, 79, 11, 40, 0, 0, 0.17%, 8, 0, 7, 137.56
1734549662, 79, 13, 40, 0, 0, 0.17%, 8, 0, 7, 129.80
1734549667, 79, 18, 40, 0, 0, 0.17%, 8, 0, 7, 139.88
1734549672, 80, 11, 40, 0, 0, 0.17%, 8, 0, 7, 142.02
1734549677, 80, 13, 40, 0, 0, 0.17%, 8, 0, 7, 139.52
1734549688, 80, 18, 40, 0, 0, 0.17%, 8, 0, 7, 136.90
1734549693, 81, 12, 40, 0, 0, 0.17%, 8, 0, 7, 137.42
1734549698, 81, 13, 40, 0, 0, 0.17%, 8, 0, 7, 139.82
1734549703, 81, 18, 40, 0, 0, 0.17%, 8, 0, 7, 139.84
1734549708, 81, 22, 40, 0, 0, 0.17%, 8, 0, 7, 135.26
1734549728, 81, 25, 40, 0, 0, 0.17%, 8, 0, 7, 140.20
1734549744, 82, 4, 40, 0, 0, 0.17%, 8, 0, 7, 143.01
1734549749, 82, 12, 40, 0, 0, 0.17%, 8, 0, 7, 138.83
1734549754, 82, 13, 40, 0, 0, 0.17%, 8, 0, 7, 127.34
1734549759, 82, 17, 40, 0, 0, 0.17%, 8, 0, 7, 161.99
1734549775, 82, 18, 40, 0, 0, 0.17%, 8, 0, 7, 128.21
1734549780, 82, 33, 40, 0, 0, 0.17%, 8, 0, 7, 140.90
1734549800, 83, 7, 40, 0, 0, 0.17%, 8, 0, 7, 146.84
1734549805, 83, 12, 40, 0, 0, 0.17%, 8, 0, 7, 138.05
1734549811, 83, 13, 40, 0, 0, 0.17%, 8, 0, 7, 143.28
1734549816, 83, 18, 40, 0, 0, 0.17%, 8, 0, 7, 140.85
1734549821, 83, 25, 40, 0, 0, 0.17%, 8, 0, 7, 143.37
1734549841, 84, 11, 40, 0, 0, 0.17%, 8, 0, 7, 129.37
1734549847, 84, 13, 40, 0, 0, 0.17%, 8, 0, 7, 139.27
1734549852, 84, 14, 40, 0, 0, 0.17%, 8, 0, 7, 132.98
1734549872, 84, 18, 40, 0, 0, 0.17%, 8, 0, 7, 147.70
1734549877, 84, 27, 40, 0, 0, 0.17%, 8, 0, 7, 152.98
1734549908, 85, 11, 40, 0, 0, 0.17%, 8, 0, 7, 137.32
1734549913, 85, 13, 40, 0, 0, 0.17%, 8, 0, 7, 126.75
1734549918, 85, 18, 40, 0, 0, 0.17%, 8, 0, 7, 136.64
1734549923, 85, 34, 40, 0, 0, 0.17%, 8, 0, 7, 132.91
1734549944, 86, 3, 40, 0, 0, 0.17%, 8, 0, 7, 127.77
1734549949, 86, 11, 40, 0, 0, 0.17%, 8, 0, 7, 139.87
1734549954, 86, 13, 40, 0, 0, 0.17%, 8, 0, 7, 134.04
1734549960, 86, 18, 40, 0, 0, 0.17%, 8, 0, 7, 127.52
1734549965, 86, 39, 40, 0, 0, 0.17%, 8, 0, 7, 166.55
1734549996, 87, 11, 40, 0, 0, 0.17%, 8, 0, 7, 131.74
1734550001, 87, 13, 40, 0, 0, 0.17%, 8, 0, 7, 131.09
1734550006, 87, 18, 40, 0, 0, 0.17%, 8, 0, 7, 137.40
1734550011, 87, 20, 40, 0, 0, 0.17%, 8, 0, 7, 153.39
1734550032, 87, 25, 40, 0, 0, 0.17%, 8, 0, 7, 136.64
1734550052, 87, 28, 40, 0, 0, 0.17%, 8, 0, 7, 148.44
1734550073, 88, 12, 40, 0, 0, 0.17%, 8, 0, 7, 135.80
1734550078, 88, 13, 40, 0, 0, 0.17%, 8, 0, 7, 134.98
1734550083, 88, 18, 40, 0, 0, 0.17%, 8, 0, 7, 142.63
1734550088, 88, 27, 40, 0, 0, 0.17%, 8, 0, 7, 158.38
1734550119, 89, 13, 40, 0, 0, 0.17%, 8, 0, 7, 131.51
1734550124, 89, 16, 40, 0, 0, 0.17%, 8, 0, 7, 144.21
1734550150, 89, 18, 40, 0, 0, 0.17%, 8, 0, 7, 140.38
1734550155, 90, 12, 40, 0, 0, 0.17%, 8, 0, 7, 138.39
1734550160, 90, 13, 40, 0, 0, 0.17%, 8, 0, 7, 139.25
1734550165, 90, 14, 40, 0, 0, 0.17%, 8, 0, 7, 131.92
1734550186, 90, 18, 40, 0, 0, 0.17%, 8, 0, 7, 121.09
1734550191, 90, 21, 40, 0, 0, 0.17%, 8, 0, 7, 144.43
1734550222, 90, 33, 40, 0, 0, 0.17%, 8, 0, 7, 149.04
1734550242, 90, 37, 40, 0, 0, 0.17%, 8, 0, 7, 127.17
1734550273, 91, 11, 40, 0, 0, 0.17%, 8, 0, 7, 147.52
1734550278, 91, 13, 40, 0, 0, 0.17%, 8, 0, 7, 137.24
1734550283, 91, 18, 40, 0, 0, 0.17%, 8, 0, 7, 142.08
1734550288, 92, 8, 40, 0, 0, 0.17%, 8, 0, 7, 142.17
1734550293, 92, 12, 40, 0, 0, 0.17%, 8, 0, 7, 136.42
1734550298, 92, 13, 40, 0, 0, 0.17%, 8, 0, 7, 134.29
1734550304, 92, 18, 40, 0, 0, 0.17%, 8, 0, 7, 134.29
1734550309, 93, 11, 40, 0, 0, 0.17%, 8, 0, 7, 141.03
1734550314, 93, 13, 40, 0, 0, 0.17%, 8, 0, 7, 134.42
1734550319, 93, 18, 40, 0, 0, 0.17%, 8, 0, 7, 132.74
1734550324, 94, 11, 40, 0, 0, 0.17%, 8, 0, 7, 130.20
1734550329, 94, 13, 40, 0, 0, 0.17%, 8, 0, 7, 133.15
1734550334, 94, 18, 40, 0, 0, 0.17%, 8, 0, 7, 136.05
1734550340, 95, 11, 40, 0, 0, 0.17%, 8, 0, 7, 135.67
1734550345, 95, 13, 40, 0, 0, 0.17%, 8, 0, 7, 132.29
1734550350, 95, 16, 40, 0, 0, 0.17%, 8, 0, 7, 141.66
1734550370, 95, 18, 40, 0, 0, 0.17%, 8, 0, 7, 136.21
1734550376, 95, 31, 40, 0, 0, 0.17%, 8, 0, 7, 136.87
1734550401, 96, 11, 40, 0, 0, 0.17%, 8, 0, 7, 136.67
1734550407, 96, 13, 40, 0, 0, 0.17%, 8, 0, 7, 133.94
1734550412, 96, 18, 40, 0, 0, 0.17%, 8, 0, 7, 141.70
1734550417, 96, 34, 40, 0, 0, 0.17%, 8, 0, 7, 142.31
1734550437, 97, 4, 40, 0, 0, 0.17%, 8, 0, 7, 137.29
1734550443, 97, 12, 40, 0, 0, 0.17%, 8, 0, 7, 127.93
1734550448, 97, 13, 40, 0, 0, 0.17%, 8, 0, 7, 131.00
1734550453, 97, 18, 40, 0, 0, 0.17%, 8, 0, 7, 127.49
1734550458, 97, 22, 40, 0, 0, 0.17%, 8, 0, 7, 130.16
1734550478, 98, 12, 40, 0, 0, 0.17%, 8, 0, 7, 135.96
1734550483, 98, 13, 40, 0, 0, 0.17%, 8, 0, 7, 136.54
1734550489, 98, 15, 40, 0, 0, 0.17%, 8, 0, 7, 165.77
1734550509, 98, 18, 40, 0, 0, 0.17%, 8, 0, 7, 133.52
1734550514, 98, 30, 40, 0, 0, 0.17%, 8, 0, 7, 162.54
1734550535, 99, 3, 40, 0, 0, 0.17%, 8, 0, 7, 127.94
1734550540, 99, 12, 40, 0, 0, 0.17%, 8, 0, 7, 130.50
1734550545, 99, 13, 40, 0, 0, 0.17%, 8, 0, 7, 142.33
1734550550, 99, 18, 40, 0, 0, 0.17%, 8, 0, 7, 138.84
1734550555, 99, 21, 40, 0, 0, 0.17%, 8, 0, 7, 141.12
1734550586, 99, 29, 40, 0, 0, 0.17%, 8, 0, 7, 142.49
1734550607, 99, 32, 40, 0, 0, 0.17%, 8, 0, 7, 139.79
1734550627, 100, 11, 40, 0, 0, 0.17%, 8, 0, 7, 134.26
1734550632, 100, 13, 40, 0, 0, 0.17%, 8, 0, 7, 133.73
1734550638, 100, 18, 40, 0, 0, 0.17%, 8, 0, 7, 132.45
1734550643, 100, 34, 40, 0, 0, 0.17%, 8, 0, 7, 142.80
1734550663, 101, 11, 40, 0, 0, 0.17%, 8, 0, 7, 139.10
1734550669, 101, 13, 40, 0, 0, 0.17%, 8, 0, 7, 135.47
1734550674, 101, 18, 40, 0, 0, 0.17%, 8, 0, 7, 132.64
1734550679, 102, 11, 40, 0, 0, 0.17%, 8, 0, 7, 131.78
1734550684, 102, 13, 40, 0, 0, 0.17%, 8, 0, 7, 130.69
1734550689, 102, 18, 40, 0, 0, 0.17%, 8, 0, 7, 136.27
1734550694, 102, 20, 40, 0, 0, 0.17%, 8, 0, 7, 146.37
1734550714, 103, 11, 40, 0, 0, 0.17%, 8, 0, 7, 138.25
1734550720, 103, 13, 40, 0, 0, 0.17%, 8, 0, 7, 135.21
1734550725, 103, 18, 40, 0, 0, 0.17%, 8, 0, 7, 132.33
1734550730, 104, 3, 40, 0, 0, 0.17%, 8, 0, 7, 138.51
1734550735, 104, 13, 40, 0, 0, 0.17%, 8, 0, 7, 136.15
1734550740, 104, 16, 40, 0, 0, 0.17%, 8, 0, 7, 128.41
1734550760, 104, 18, 40, 0, 0, 0.17%, 8, 0, 7, 150.27
1734550765, 105, 4, 40, 0, 0, 0.17%, 8, 0, 7, 136.37
1734550770, 105, 12, 40, 0, 0, 0.17%, 8, 0, 7, 131.93
1734550776, 105, 13, 40, 0, 0, 0.17%, 8, 0, 7, 127.59
1734550781, 105, 18, 40, 0, 0, 0.17%, 8, 0, 7, 140.32
1734550786, 106, 12, 40, 0, 0, 0.17%, 8, 0, 7, 135.05
1734550791, 106, 13, 40, 0, 0, 0.17%, 8, 0, 7, 144.35
1734550796, 106, 18, 40, 0, 0, 0.17%, 8, 0, 7, 141.75
1734550801, 106, 21, 40, 0, 0, 0.17%, 8, 0, 7, 138.19
1734550832, 107, 11, 40, 0, 0, 0.17%, 8, 0, 7, 141.68
1734550837, 107, 13, 40, 0, 0, 0.17%, 8, 0, 7, 128.62
1734550842, 107, 17, 40, 0, 0, 0.17%, 8, 0, 7, 161.46
1734550863, 107, 18, 40, 0, 0, 0.17%, 8, 0, 7, 139.08
1734550868, 107, 33, 40, 0, 0, 0.17%, 8, 0, 7, 153.52
1734550888, 108, 12, 40, 0, 0, 0.17%, 8, 0, 7, 138.07
1734550893, 108, 13, 40, 0, 0, 0.17%, 8, 0, 7, 141.32
1734550899, 108, 18, 40, 0, 0, 0.17%, 8, 0, 7, 140.33
1734550904, 108, 38, 40, 0, 0, 0.17%, 8, 0, 7, 152.83
1734550934, 109, 11, 40, 0, 0, 0.17%, 8, 0, 7, 140.18
1734550939, 109, 13, 40, 0, 0, 0.17%, 8, 0, 7, 132.73
1734550944, 109, 18, 40, 0, 0, 0.17%, 8, 0, 7, 132.22
1734550955, 109, 20, 40, 0, 0, 0.17%, 8, 0, 7, 149.40
1734550970, 109, 22, 40, 0, 0, 0.17%, 8, 0, 7, 150.29
1734550996, 109, 24, 40, 0, 0, 0.17%, 8, 0, 7, 147.91
1734551016, 110, 12, 40, 0, 0, 0.17%, 8, 0, 7, 131.26
1734551021, 110, 13, 40, 0, 0, 0.17%, 8, 0, 7, 130.10
1734551027, 110, 18, 40, 0, 0, 0.17%, 8, 0, 7, 138.52
1734551032, 111, 12, 40, 0, 0, 0.17%, 8, 0, 7, 138.20
1734551037, 111, 13, 40, 0, 0, 0.17%, 8, 0, 7, 145.99
1734551042, 111, 18, 40, 0, 0, 0.17%, 8, 0, 7, 141.93
1734551047, 111, 32, 40, 0, 0, 0.17%, 8, 0, 7, 145.24
1734551068, 112, 13, 40, 0, 0, 0.17%, 8, 0, 7, 137.62
1734551073, 112, 18, 40, 0, 0, 0.17%, 8, 0, 7, 137.02
1734551084, 112, 20, 40, 0, 0, 0.17%, 8, 0, 7, 144.33
1734551104, 112, 24, 40, 0, 0, 0.17%, 8, 0, 7, 150.43
1734551115, 113, 12, 40, 0, 0, 0.17%, 8, 0, 7, 133.71
1734551120, 113, 13, 40, 0, 0, 0.17%, 8, 0, 7, 141.47
1734551125, 113, 18, 40, 0, 0, 0.17%, 8, 0, 7, 146.87
1734551130, 113, 34, 40, 0, 0, 0.17%, 8, 0, 7, 150.27
1734551140, 114, 12, 40, 0, 0, 0.17%, 8, 0, 7, 138.12
1734551145, 114, 13, 40, 0, 0, 0.17%, 8, 0, 7, 137.25
1734551151, 114, 18, 40, 0, 0, 0.17%, 8, 0, 7, 135.51
1734551156, 115, 12, 40, 0, 0, 0.17%, 8, 0, 7, 138.67
1734551161, 115, 13, 40, 0, 0, 0.17%, 8, 0, 7, 131.49
1734551166, 115, 18, 40, 0, 0, 0.17%, 8, 0, 7, 148.13
1734551171, 115, 25, 40, 0, 0, 0.17%, 8, 0, 7, 146.02
1734551191, 116, 12, 40, 0, 0, 0.17%, 8, 0, 7, 133.87
1734551196, 116, 13, 40, 0, 0, 0.17%, 8, 0, 7, 138.63
1734551201, 116, 18, 40, 0, 0, 0.17%, 8, 0, 7, 142.57
1734551206, 116, 22, 40, 0, 0, 0.17%, 8, 0, 7, 137.24
1734551227, 116, 26, 40, 0, 0, 0.17%, 8, 0, 7, 154.56
1734551248, 116, 38, 40, 0, 0, 0.17%, 8, 0, 7, 165.33
1734551273, 117, 2, 40, 0, 0, 0.17%, 8, 0, 7, 152.95
1734551278, 117, 12, 40, 0, 0, 0.17%, 8, 0, 7, 140.97
1734551283, 117, 18, 40, 0, 0, 0.17%, 8, 0, 7, 139.95
1734551289, 117, 21, 40, 0, 0, 0.17%, 8, 0, 7, 138.03
1734551309, 118, 12, 40, 0, 0, 0.17%, 8, 0, 7, 135.79
1734551314, 118, 13, 40, 0, 0, 0.17%, 8, 0, 7, 137.46
1734551319, 118, 18, 40, 0, 0, 0.17%, 8, 0, 7, 132.82
1734551324, 119, 11, 40, 0, 0, 0.17%, 8, 0, 7, 135.66
1734551329, 119, 13, 40, 0, 0, 0.17%, 8, 0, 7, 134.94
1734551334, 119, 18, 40, 0, 0, 0.17%, 8, 0, 7, 130.50
1734551340, 120, 11, 40, 0, 0, 0.17%, 8, 0, 7, 138.59
1734551345, 120, 13, 40, 0, 0, 0.17%, 8, 0, 7, 139.05
1734551350, 120, 18, 40, 0, 0, 0.17%, 8, 0, 7, 140.59
1734551355, 121, 3, 40, 0, 0, 0.17%, 8, 0, 7, 133.43
1734551360, 121, 11, 40, 0, 0, 0.17%, 8, 0, 7, 133.24
1734551365, 121, 13, 40, 0, 0, 0.17%, 8, 0, 7, 125.82
1734551371, 121, 18, 40, 0, 0, 0.17%, 8, 0, 7, 140.32
1734551376, 121, 27, 40, 0, 0, 0.17%, 8, 0, 7, 151.64
1734551406, 122, 11, 40, 0, 0, 0.17%, 8, 0, 7, 126.06
1734551411, 122, 13, 40, 0, 0, 0.17%, 8, 0, 7, 130.45
1734551416, 122, 14, 40, 0, 0, 0.17%, 8, 0, 7, 132.58
1734551437, 122, 18, 40, 0, 0, 0.17%, 8, 0, 7, 123.26
1734551447, 122, 20, 40, 0, 0, 0.17%, 8, 0, 7, 140.06
1734551452, 123, 11, 40, 0, 0, 0.17%, 8, 0, 7, 142.62
1734551458, 123, 13, 40, 0, 0, 0.17%, 8, 0, 7, 134.33
1734551463, 123, 18, 40, 0, 0, 0.17%, 8, 0, 7, 134.33
1734551468, 124, 11, 40, 0, 0, 0.17%, 8, 0, 7, 137.81
1734551473, 124, 13, 40, 0, 0, 0.17%, 8, 0, 7, 129.08
1734551478, 124, 18, 40, 0, 0, 0.17%, 8, 0, 7, 131.54
1734551483, 124, 22, 40, 0, 0, 0.17%, 8, 0, 7, 135.07
1734551494, 124, 25, 40, 0, 0, 0.17%, 8, 0, 7, 142.74
1734551504, 124, 39, 40, 0, 0, 0.17%, 8, 0, 7, 151.20
1734551534, 125, 12, 40, 0, 0, 0.17%, 8, 0, 7, 141.15
1734551539, 125, 13, 40, 0, 0, 0.17%, 8, 0, 7, 136.65
1734551545, 125, 18, 40, 0, 0, 0.17%, 8, 0, 7, 134.39
1734551550, 125, 37, 40, 0, 0, 0.17%, 8, 0, 7, 138.04
1734551581, 126, 11, 40, 0, 0, 0.17%, 8, 0, 7, 139.89
1734551586, 126, 13, 40, 0, 0, 0.17%, 8, 0, 7, 138.00
1734551591, 126, 18, 40, 0, 0, 0.17%, 8, 0, 7, 134.92
1734551596, 126, 22, 40, 0, 0, 0.17%, 8, 0, 7, 134.17
1734551607, 127, 12, 40, 0, 0, 0.17%, 8, 0, 7, 143.87
1734551612, 127, 13, 40, 0, 0, 0.17%, 8, 0, 7, 139.25
1734551617, 127, 18, 40, 0, 0, 0.17%, 8, 0, 7, 133.75
1734551622, 127, 22, 40, 0, 0, 0.17%, 8, 0, 7, 139.78
1734551627, 127, 34, 40, 0, 0, 0.17%, 8, 0, 7, 138.56
1734551637, 128, 11, 40, 0, 0, 0.17%, 8, 0, 7, 138.44
1734551643, 128, 13, 40, 0, 0, 0.17%, 8, 0, 7, 129.76
1734551648, 128, 18, 40, 0, 0, 0.17%, 8, 0, 7, 133.06
1734551653, 128, 31, 40, 0, 0, 0.17%, 8, 0, 7, 132.98
1734551674, 128, 35, 40, 0, 0, 0.17%, 8, 0, 7, 148.68
1734551694, 129, 12, 40, 0, 0, 0.17%, 8, 0, 7, 143.41
1734551699, 129, 13, 40, 0, 0, 0.17%, 8, 0, 7, 129.83
1734551704, 129, 18, 40, 0, 0, 0.17%, 8, 0, 7, 136.21
1734551709, 130, 11, 40, 0, 0, 0.17%, 8, 0, 7, 137.89
1734551714, 130, 13, 40, 0, 0, 0.17%, 8, 0, 7, 130.34
1734551720, 130, 18, 40, 0, 0, 0.17%, 8, 0, 7, 137.77
1734551725, 130, 21, 40, 0, 0, 0.17%, 8, 0, 7, 140.61
1734551740, 130, 27, 40, 0, 0, 0.17%, 8, 0, 7, 145.89
1734551771, 131, 11, 40, 0, 0, 0.17%, 8, 0, 7, 122.04
1734551776, 131, 13, 40, 0, 0, 0.17%, 8, 0, 7, 133.63
1734551781, 131, 18, 40, 0, 0, 0.17%, 8, 0, 7, 129.92
1734551786, 131, 26, 40, 0, 0, 0.17%, 8, 0, 7, 140.34
1734551807, 132, 11, 40, 0, 0, 0.17%, 8, 0, 7, 135.46
1734551812, 132, 13, 40, 0, 0, 0.17%, 8, 0, 7, 134.55
1734551817, 132, 17, 40, 0, 0, 0.17%, 8, 0, 7, 145.36
1734551837, 132, 18, 40, 0, 0, 0.17%, 8, 0, 7, 145.36
1734551843, 132, 20, 40, 0, 0, 0.17%, 8, 0, 7, 145.42
1734551853, 132, 39, 40, 0, 0, 0.17%, 8, 0, 7, 200.10
1734551878, 133, 12, 40, 0, 0, 0.17%, 8, 0, 7, 135.63
1734551884, 133, 13, 40, 0, 0, 0.17%, 8, 0, 7, 136.66
1734551889, 133, 16, 40, 0, 0, 0.17%, 8, 0, 7, 136.28
1734551910, 133, 18, 40, 0, 0, 0.17%, 8, 0, 7, 142.05
1734551915, 133, 31, 40, 0, 0, 0.17%, 8, 0, 7, 137.27
1734551925, 134, 11, 40, 0, 0, 0.17%, 8, 0, 7, 137.29
1734551930, 134, 13, 40, 0, 0, 0.17%, 8, 0, 7, 134.82
1734551935, 134, 18, 40, 0, 0, 0.17%, 8, 0, 7, 132.51
1734551940, 135, 11, 40, 0, 0, 0.17%, 8, 0, 7, 129.57
1734551945, 135, 13, 40, 0, 0, 0.17%, 8, 0, 7, 130.74
1734551951, 135, 15, 40, 0, 0, 0.17%, 8, 0, 7, 147.81
1734551971, 135, 18, 40, 0, 0, 0.17%, 8, 0, 7, 134.02
1734551976, 136, 9, 40, 0, 0, 0.17%, 8, 0, 7, 135.60
1734551981, 136, 12, 40, 0, 0, 0.17%, 8, 0, 7, 133.14
1734551987, 136, 13, 40, 0, 0, 0.17%, 8, 0, 7, 137.41
1734551992, 136, 18, 40, 0, 0, 0.17%, 8, 0, 7, 140.06
1734551997, 137, 12, 40, 0, 0, 0.17%, 8, 0, 7, 131.62
1734552002, 137, 13, 40, 0, 0, 0.17%, 8, 0, 7, 136.36
1734552007, 137, 17, 40, 0, 0, 0.17%, 8, 0, 7, 165.38
1734552028, 137, 18, 40, 0, 0, 0.17%, 8, 0, 7, 131.33
1734552033, 138, 11, 40, 0, 0, 0.17%, 8, 0, 7, 134.56
1734552038, 138, 13, 40, 0, 0, 0.17%, 8, 0, 7, 132.99
1734552043, 138, 17, 40, 0, 0, 0.17%, 8, 0, 7, 151.88
1734552064, 138, 18, 40, 0, 0, 0.17%, 8, 0, 7, 139.09
1734552069, 139, 12, 40, 0, 0, 0.17%, 8, 0, 7, 134.83
1734552074, 139, 13, 40, 0, 0, 0.17%, 8, 0, 7, 136.05
1734552079, 139, 14, 40, 0, 0, 0.17%, 8, 0, 7, 134.76
1734552089, 139, 16, 40, 0, 0, 0.17%, 8, 0, 7, 135.29
1734552110, 139, 18, 40, 0, 0, 0.17%, 8, 0, 7, 132.90
1734552115, 140, 12, 40, 0, 0, 0.17%, 8, 0, 7, 136.27
1734552120, 140, 13, 40, 0, 0, 0.17%, 8, 0, 7, 136.99
1734552126, 140, 17, 40, 0, 0, 0.17%, 8, 0, 7, 157.29
1734552141, 140, 18, 40, 0, 0, 0.17%, 8, 0, 7, 152.16
1734552146, 140, 37, 40, 0, 0, 0.17%, 8, 0, 7, 138.79
1734552182, 141, 12, 40, 0, 0, 0.17%, 8, 0, 7, 131.17
1734552187, 141, 13, 40, 0, 0, 0.17%, 8, 0, 7, 137.11
1734552192, 141, 18, 40, 0, 0, 0.17%, 8, 0, 7, 136.45
1734552198, 142, 11, 40, 0, 0, 0.17%, 8, 0, 7, 134.25
1734552203, 142, 13, 40, 0, 0, 0.17%, 8, 0, 7, 136.96
1734552208, 142, 18, 40, 0, 0, 0.17%, 8, 0, 7, 134.18
1734552213, 142, 23, 40, 0, 0, 0.17%, 8, 0, 7, 135.91
1734552233, 142, 26, 40, 0, 0, 0.17%, 8, 0, 7, 146.15
1734552248, 142, 27, 40, 0, 0, 0.17%, 8, 0, 7, 153.28
1734552264, 143, 12, 40, 0, 0, 0.17%, 8, 0, 7, 136.75
1734552269, 143, 13, 40, 0, 0, 0.17%, 8, 0, 7, 134.80
1734552274, 143, 18, 40, 0, 0, 0.17%, 8, 0, 7, 137.51
1734552279, 143, 38, 40, 0, 0, 0.17%, 8, 0, 7, 158.88
1734552309, 144, 2, 40, 0, 0, 0.17%, 8, 0, 7, 137.02
1734552315, 144, 11, 40, 0, 0, 0.17%, 8, 0, 7, 139.66
1734552320, 144, 13, 40, 0, 0, 0.17%, 8, 0, 7, 137.40
1734552325, 144, 18, 40, 0, 0, 0.17%, 8, 0, 7, 139.35
1734552330, 145, 8, 40, 0, 0, 0.17%, 8, 0, 7, 137.01
1734552335, 145, 38, 41, 1, 1, 0.19%, 9, 0, 7, 144.14
1734552366, 145, 40, 41, 1, 1, 0.19%, 9, 0, 7, 128.40
1734552376, 145, 40, 42, 2, 1, 0.19%, 9, 0, 7, 132.01
1734552381, 145, 40, 43, 3, 1, 0.19%, 9, 0, 7, 131.06
1734552433, 145, 40, 44, 4, 1, 0.19%, 9, 0, 7, 124.23
1734552525, 145, 42, 44, 3, 1, 0.19%, 9, 0, 7, 118.90
1734552566, 145, 42, 45, 4, 1, 0.19%, 9, 0, 7, 144.69
1734552576, 145, 44, 46, 4, 0, 0.19%, 9, 0, 7, 141.74
1734552597, 145, 44, 47, 5, 0, 0.21%, 10, 0, 7, 126.81
1734552623, 145, 44, 48, 6, 0, 0.21%, 10, 0, 7, 125.86
1734552726, 145, 46, 48, 5, 1, 0.21%, 10, 0, 7, 174.32
1734552772, 146, 11, 48, 4, 0, 0.21%, 10, 0, 7, 130.50
1734552777, 146, 13, 48, 4, 0, 0.21%, 10, 0, 7, 129.74
1734552782, 146, 15, 48, 4, 0, 0.21%, 10, 0, 7, 152.77
1734552792, 146, 18, 48, 4, 0, 0.21%, 10, 0, 7, 132.08
1734552797, 146, 29, 48, 4, 0, 0.21%, 10, 0, 7, 143.22
1734552808, 146, 36, 48, 4, 0, 0.21%, 10, 0, 7, 158.68
1734552828, 146, 46, 48, 4, 0, 0.21%, 10, 0, 7, 140.18
1734552849, 147, 12, 48, 4, 0, 0.21%, 10, 0, 7, 135.58
1734552854, 147, 13, 48, 4, 0, 0.21%, 10, 0, 7, 137.74
1734552859, 147, 18, 48, 4, 0, 0.21%, 10, 0, 7, 135.49
1734552864, 147, 26, 48, 4, 0, 0.21%, 10, 0, 7, 146.48
1734552885, 147, 45, 48, 4, 0, 0.21%, 10, 0, 7, 127.60
1734552931, 147, 45, 49, 5, 0, 0.21%, 10, 0, 7, 129.05
1734552941, 147, 46, 49, 4, 0, 0.21%, 10, 0, 7, 132.59
1734552962, 148, 11, 49, 4, 0, 0.21%, 10, 0, 7, 136.92
1734552967, 148, 13, 49, 4, 0, 0.21%, 10, 0, 7, 128.32
1734552973, 148, 18, 49, 4, 0, 0.21%, 10, 0, 7, 134.13
1734552978, 148, 46, 49, 4, 0, 0.21%, 10, 0, 7, 140.56
1734553003, 148, 47, 51, 6, 0, 0.21%, 11, 0, 8, 169.39
1734553050, 148, 50, 51, 5, 1, 0.21%, 11, 0, 8, 172.90
1734553070, 148, 50, 53, 7, 1, 0.21%, 11, 0, 9, 134.33
1734553142, 148, 50, 54, 8, 1, 0.21%, 11, 0, 9, 136.20
1734553163, 148, 53, 54, 7, 0, 0.21%, 11, 0, 9, 171.01
1734553168, 148, 53, 55, 8, 0, 0.21%, 11, 0, 10, 188.07
1734553183, 148, 53, 56, 9, 0, 0.24%, 12, 0, 10, 150.93
1734553219, 148, 53, 57, 10, 0, 0.25%, 13, 0, 10, 150.21
1734553234, 148, 53, 58, 11, 0, 0.25%, 13, 0, 10, 154.40
1734553255, 148, 53, 59, 12, 0, 0.25%, 13, 0, 10, 137.76
1734553275, 148, 55, 59, 11, 2, 0.25%, 13, 0, 10, 150.16
1734553368, 148, 56, 59, 10, 1, 0.25%, 13, 0, 10, 162.34
1734553393, 148, 56, 63, 14, 1, 0.25%, 13, 0, 11, 169.37
1734553398, 148, 56, 64, 15, 1, 0.25%, 13, 0, 11, 154.49
1734553403, 148, 56, 65, 16, 1, 0.25%, 13, 0, 11, 148.93
1734553408, 148, 56, 66, 17, 1, 0.25%, 13, 0, 11, 146.55
1734553413, 148, 56, 67, 18, 1, 0.25%, 13, 0, 11, 153.48
1734553428, 148, 56, 68, 19, 1, 0.25%, 13, 0, 11, 153.77
1734553449, 148, 56, 69, 20, 1, 0.26%, 13, 0, 11, 153.43
1734553454, 148, 56, 69, 20, 1, 0.26%, 14, 0, 11, 153.99
1734553525, 148, 68, 69, 19, 1, 0.26%, 14, 0, 11, 151.69
1734553530, 148, 68, 70, 20, 1, 0.26%, 14, 0, 12, 105.27
1734553772, 148, 68, 71, 21, 1, 0.26%, 14, 0, 12, 73.55
1734553777, 148, 68, 75, 25, 1, 0.28%, 19, 0, 12, 72.36
1734553813, 148, 68, 76, 26, 1, 0.28%, 19, 0, 12, 161.57
1734553818, 148, 68, 77, 27, 1, 0.28%, 19, 0, 12, 155.09
1734553828, 148, 68, 78, 28, 1, 0.28%, 19, 0, 12, 153.45
1734553833, 148, 68, 79, 29, 1, 0.28%, 19, 0, 12, 159.07
1734553838, 148, 68, 80, 30, 1, 0.28%, 19, 0, 12, 157.59
1734553930, 148, 68, 82, 32, 1, 0.28%, 19, 0, 12, 144.90
1734553935, 148, 68, 83, 33, 1, 0.28%, 19, 0, 12, 144.59
1734553940, 148, 70, 83, 32, 5, 0.28%, 19, 0, 12, 112.23
1734554222, 148, 70, 84, 33, 5, 0.28%, 19, 0, 13, 167.78
1734554227, 148, 70, 85, 34, 5, 0.28%, 19, 0, 13, 157.29
1734554267, 148, 70, 86, 35, 5, 0.28%, 19, 0, 13, 158.14
1734554318, 148, 71, 86, 34, 4, 0.28%, 19, 0, 13, 105.56
1734554601, 148, 71, 89, 37, 4, 0.28%, 19, 0, 13, 163.77
1734554697, 148, 72, 89, 36, 3, 0.28%, 19, 0, 13, 93.91
1734554979, 148, 72, 91, 38, 3, 0.28%, 19, 0, 13, 163.03
1734555060, 148, 72, 92, 39, 3, 0.32%, 20, 0, 13, 155.00
1734555076, 148, 73, 92, 38, 3, 0.32%, 20, 0, 13, 101.41
1734555358, 148, 73, 93, 39, 3, 0.32%, 20, 0, 13, 168.10
1734555368, 148, 73, 94, 40, 3, 0.32%, 20, 0, 13, 155.61
1734555383, 148, 73, 95, 41, 3, 0.32%, 20, 0, 13, 154.54
1734555449, 148, 74, 95, 40, 2, 0.32%, 20, 0, 13, 145.96
1734555732, 148, 74, 96, 41, 2, 0.32%, 20, 0, 13, 177.36
1734555737, 148, 74, 97, 42, 2, 0.32%, 20, 0, 13, 165.00
1734555787, 148, 74, 98, 43, 2, 0.32%, 20, 0, 13, 156.31
1734555802, 148, 74, 99, 44, 2, 0.32%, 20, 0, 13, 159.92
1734555828, 148, 91, 100, 44, 1, 0.33%, 21, 0, 14, 177.49
1734555833, 148, 91, 102, 46, 1, 0.34%, 23, 0, 14, 228.04
1734555873, 148, 91, 103, 47, 1, 0.34%, 24, 0, 14, 160.63
1734555939, 148, 94, 103, 46, 4, 0.34%, 24, 0, 14, 131.58
1734556409, 148, 94, 104, 47, 4, 0.34%, 24, 0, 14, 168.80
1734556501, 148, 99, 104, 46, 4, 0.34%, 24, 0, 14, 174.68
1734556542, 148, 99, 105, 47, 4, 0.34%, 24, 0, 15, 152.42
1734556552, 148, 99, 106, 48, 4, 0.34%, 24, 0, 15, 150.69
1734556602, 148, 99, 107, 49, 4, 0.34%, 24, 0, 15, 155.16
1734556612, 148, 99, 108, 50, 4, 0.36%, 24, 0, 15, 149.79
1734556618, 148, 99, 109, 51, 4, 0.36%, 25, 0, 15, 152.77
1734556648, 148, 100, 110, 51, 4, 0.36%, 25, 0, 15, 178.63
1734556674, 148, 100, 111, 52, 4, 0.36%, 25, 0, 15, 154.83
1734556796, 148, 101, 111, 51, 4, 0.36%, 25, 0, 15, 153.15
1734556831, 148, 101, 112, 52, 4, 0.36%, 25, 0, 15, 152.10
1734556938, 148, 107, 112, 51, 3, 0.36%, 25, 0, 15, 174.47
1734556943, 148, 107, 113, 52, 3, 0.36%, 26, 0, 16, 227.98
1734556968, 148, 107, 114, 53, 3, 0.36%, 26, 0, 16, 155.33
1734557090, 148, 109, 116, 54, 3, 0.38%, 27, 0, 16, 210.57
1734557095, 148, 109, 117, 55, 3, 0.39%, 28, 0, 16, 220.77
1734557125, 148, 109, 118, 56, 3, 0.39%, 28, 0, 16, 151.91
1734557232, 148, 111, 118, 55, 4, 0.39%, 28, 0, 16, 162.60
1734557257, 148, 111, 120, 57, 4, 0.39%, 28, 0, 16, 227.11
1734557267, 148, 111, 121, 58, 4, 0.39%, 28, 0, 16, 163.26
1734557272, 148, 111, 122, 59, 4, 0.39%, 28, 0, 16, 165.00
1734557278, 148, 111, 123, 60, 4, 0.39%, 28, 0, 16, 159.28
1734557318, 148, 111, 124, 61, 4, 0.39%, 28, 0, 16, 160.97
1734557339, 148, 111, 125, 62, 4, 0.39%, 28, 0, 16, 164.11
1734557384, 148, 112, 126, 62, 4, 0.39%, 28, 0, 17, 175.79
1734557389, 148, 112, 127, 63, 4, 0.39%, 28, 0, 17, 231.85
1734557481, 148, 114, 127, 62, 4, 0.39%, 28, 0, 17, 189.98
1734557486, 148, 114, 128, 63, 4, 0.40%, 29, 0, 17, 202.86
1734557573, 148, 116, 129, 63, 4, 0.40%, 30, 0, 17, 186.11
1734557633, 148, 116, 130, 64, 4, 0.40%, 30, 0, 17, 148.62
1734557709, 148, 116, 131, 65, 4, 0.40%, 30, 0, 17, 158.71
1734557719, 148, 119, 131, 64, 4, 0.40%, 30, 0, 17, 188.80
1734557815, 148, 120, 131, 63, 3, 0.40%, 30, 0, 17, 176.22
1734557851, 148, 120, 132, 64, 3, 0.40%, 30, 0, 17, 227.10
1734557856, 148, 120, 133, 65, 3, 0.40%, 30, 0, 17, 177.27
1734557861, 148, 120, 134, 66, 3, 0.40%, 30, 0, 17, 171.22
1734557973, 148, 125, 134, 65, 3, 0.40%, 30, 0, 17, 193.44
1734558008, 148, 125, 135, 66, 3, 0.40%, 30, 0, 18, 161.73
1734558084, 148, 125, 136, 67, 3, 0.40%, 30, 0, 18, 155.21
1734558120, 148, 127, 136, 66, 2, 0.40%, 30, 0, 18, 192.75
1734558211, 148, 128, 136, 65, 1, 0.40%, 30, 0, 18, 171.42
1734558303, 149, 11, 136, 64, 0, 0.40%, 30, 0, 18, 156.35
1734558308, 149, 13, 136, 64, 0, 0.40%, 30, 0, 18, 150.52
1734558313, 149, 41, 136, 64, 0, 0.40%, 30, 0, 18, 144.85
1734558369, 149, 43, 136, 63, 0, 0.40%, 30, 0, 18, 169.39
1734558421, 149, 52, 136, 62, 0, 0.40%, 30, 0, 18, 195.49
1734558492, 149, 55, 136, 61, 0, 0.40%, 30, 0, 18, 151.07
1734558533, 149, 61, 136, 61, 0, 0.40%, 30, 0, 18, 202.03
1734558604, 149, 62, 136, 60, 0, 0.40%, 30, 0, 18, 142.82
1734558691, 149, 63, 136, 59, 0, 0.40%, 30, 0, 18, 149.73
1734558829, 149, 64, 136, 58, 0, 0.40%, 30, 0, 18, 139.18
1734558925, 149, 67, 136, 57, 0, 0.40%, 30, 0, 18, 108.51
1734559063, 149, 68, 136, 56, 0, 0.40%, 30, 0, 18, 149.69
1734559089, 149, 68, 137, 57, 0, 0.40%, 30, 0, 18, 150.38
1734559094, 149, 70, 137, 57, 0, 0.40%, 30, 0, 18, 149.16
1734559119, 149, 71, 137, 57, 0, 0.40%, 30, 0, 18, 150.91
1734559140, 149, 71, 138, 58, 0, 0.40%, 30, 0, 18, 143.92
1734559150, 149, 72, 138, 58, 0, 0.40%, 30, 0, 18, 140.03
1734559180, 149, 73, 138, 58, 0, 0.40%, 30, 0, 18, 134.95
1734559211, 149, 74, 138, 58, 0, 0.40%, 30, 0, 18, 150.46
1734559242, 149, 76, 138, 58, 0, 0.40%, 30, 0, 18, 87.77
1734559661, 149, 78, 138, 57, 0, 0.40%, 30, 0, 18, 106.21
