# unix_time, cycles_done, cur_path, paths_total, pending_total, pending_favs, map_size, unique_crashes, unique_hangs, max_depth, execs_per_sec
1734953687, 0, 0, 10, 10, 1, 0.01%, 0, 0, 1, 81.72
1734953692, 0, 4, 10, 10, 1, 0.01%, 0, 0, 1, 101.94
1734953702, 0, 5, 10, 9, 0, 0.01%, 0, 0, 1, 106.53
1734953707, 0, 6, 10, 8, 0, 0.01%, 0, 0, 1, 102.49
1734953717, 0, 7, 10, 7, 0, 0.01%, 0, 0, 1, 100.25
1734953727, 0, 8, 10, 6, 0, 0.01%, 0, 0, 1, 95.67
1734953738, 0, 9, 10, 5, 0, 0.01%, 0, 0, 1, 97.45
1734953748, 1, 0, 10, 4, 0, 0.01%, 0, 0, 1, 98.15
1734953763, 1, 1, 10, 3, 0, 0.01%, 0, 0, 1, 90.20
1734953773, 1, 2, 10, 2, 0, 0.01%, 0, 0, 1, 95.00
1734953789, 1, 3, 10, 1, 0, 0.01%, 0, 0, 1, 96.90
1734953799, 1, 4, 10, 0, 0, 0.01%, 0, 0, 1, 101.45
1734953804, 1, 6, 10, 0, 0, 0.01%, 0, 0, 1, 102.12
1734953809, 1, 7, 10, 0, 0, 0.01%, 0, 0, 1, 99.27
1734953814, 1, 8, 10, 0, 0, 0.01%, 0, 0, 1, 101.65
1734953819, 2, 0, 10, 0, 0, 0.01%, 0, 0, 1, 101.08
1734953824, 2, 1, 10, 0, 0, 0.01%, 0, 0, 1, 101.73
1734953829, 2, 2, 10, 0, 0, 0.01%, 0, 0, 1, 101.68
1734953834, 2, 4, 10, 0, 0, 0.01%, 0, 0, 1, 100.78
1734953839, 2, 5, 10, 0, 0, 0.01%, 0, 0, 1, 103.57
1734953844, 2, 7, 10, 0, 0, 0.01%, 0, 0, 1, 103.41
1734953849, 2, 8, 10, 0, 0, 0.01%, 0, 0, 1, 100.43
1734953854, 3, 0, 10, 0, 0, 0.01%, 0, 0, 1, 102.90
1734953859, 3, 1, 10, 0, 0, 0.01%, 0, 0, 1, 101.52
1734953864, 3, 2, 10, 0, 0, 0.01%, 0, 0, 1, 102.48
1734953870, 3, 4, 10, 0, 0, 0.01%, 0, 0, 1, 103.21
1734953875, 3, 5, 10, 0, 0, 0.01%, 0, 0, 1, 102.00
1734953880, 3, 6, 10, 0, 0, 0.01%, 0, 0, 1, 97.97
1734953885, 3, 8, 10, 0, 0, 0.01%, 0, 0, 1, 102.65
1734953890, 3, 9, 10, 0, 0, 0.01%, 0, 0, 1, 102.07
1734953895, 4, 1, 10, 0, 0, 0.01%, 0, 0, 1, 102.69
1734953900, 4, 2, 10, 0, 0, 0.01%, 0, 0, 1, 102.08
1734953905, 4, 4, 10, 0, 0, 0.01%, 0, 0, 1, 102.29
1734953910, 4, 5, 10, 0, 0, 0.01%, 0, 0, 1, 102.24
1734953915, 4, 6, 10, 0, 0, 0.01%, 0, 0, 1, 100.23
1734953920, 4, 8, 10, 0, 0, 0.01%, 0, 0, 1, 99.62
1734953925, 4, 9, 10, 0, 0, 0.01%, 0, 0, 1, 101.38
1734953930, 5, 1, 10, 0, 0, 0.01%, 0, 0, 1, 100.65
1734953935, 5, 2, 10, 0, 0, 0.01%, 0, 0, 1, 103.65
1734953940, 5, 3, 10, 0, 0, 0.01%, 0, 0, 1, 105.52
1734953945, 5, 5, 10, 0, 0, 0.01%, 0, 0, 1, 102.61
1734953950, 5, 6, 10, 0, 0, 0.01%, 0, 0, 1, 101.24
1734953956, 5, 7, 11, 1, 0, 0.16%, 1, 0, 2, 104.54
1734953961, 5, 10, 13, 3, 1, 0.16%, 3, 0, 3, 127.41
1734953971, 5, 10, 14, 4, 1, 0.17%, 4, 0, 3, 112.75
1734954092, 5, 11, 14, 3, 3, 0.17%, 4, 0, 3, 112.73
1734954102, 5, 11, 15, 4, 3, 0.17%, 4, 0, 4, 112.20
1734954183, 5, 12, 15, 3, 2, 0.17%, 4, 0, 4, 125.93
1734954239, 5, 13, 16, 3, 1, 0.17%, 5, 0, 4, 134.00
1734954294, 5, 15, 16, 2, 1, 0.17%, 5, 0, 4, 137.12
1734954315, 5, 15, 17, 3, 1, 0.17%, 5, 0, 5, 116.09
1734954350, 5, 15, 18, 4, 1, 0.17%, 5, 0, 5, 112.04
1734954472, 6, 2, 18, 3, 0, 0.17%, 5, 0, 5, 109.74
1734954477, 6, 10, 18, 3, 0, 0.17%, 5, 0, 5, 114.52
1734954487, 6, 10, 24, 9, 0, 0.17%, 5, 0, 5, 125.17
1734954492, 6, 11, 24, 9, 0, 0.17%, 5, 0, 5, 121.97
1734954497, 6, 12, 24, 9, 0, 0.17%, 5, 0, 5, 109.18
1734954507, 6, 13, 24, 9, 0, 0.17%, 5, 0, 5, 112.24
1734954517, 6, 14, 24, 9, 0, 0.17%, 5, 0, 5, 130.69
1734954527, 6, 14, 25, 10, 0, 0.17%, 5, 0, 5, 126.34
1734954553, 6, 14, 26, 11, 0, 0.17%, 5, 0, 5, 127.83
1734954563, 6, 14, 27, 12, 0, 0.17%, 5, 0, 5, 125.92
1734954629, 6, 14, 28, 13, 0, 0.17%, 5, 0, 5, 112.98
1734954649, 6, 15, 29, 13, 0, 0.17%, 5, 0, 5, 113.15
1734954670, 6, 21, 29, 13, 0, 0.17%, 5, 0, 5, 170.70
1734954695, 6, 21, 30, 14, 0, 0.17%, 5, 0, 5, 125.31
1734954745, 6, 29, 30, 13, 0, 0.17%, 5, 0, 5, 118.51
1734954771, 6, 29, 32, 15, 0, 0.17%, 5, 0, 5, 129.83
1734954888, 6, 30, 33, 15, 0, 0.17%, 5, 0, 6, 148.08
1734954913, 6, 30, 35, 17, 0, 0.17%, 5, 0, 6, 127.95
1734954919, 6, 30, 36, 18, 0, 0.17%, 5, 0, 6, 127.32
1734955026, 6, 34, 36, 17, 0, 0.17%, 5, 0, 6, 171.21
1734955107, 7, 2, 36, 16, 0, 0.17%, 5, 0, 6, 131.43
1734955113, 7, 11, 36, 16, 0, 0.17%, 5, 0, 6, 132.61
1734955118, 7, 13, 36, 16, 0, 0.17%, 5, 0, 6, 131.17
1734955123, 7, 15, 36, 16, 0, 0.17%, 5, 0, 6, 126.24
1734955128, 7, 17, 37, 17, 0, 0.17%, 5, 0, 6, 170.82
1734955174, 7, 17, 38, 18, 0, 0.17%, 6, 0, 6, 246.32
1734955317, 7, 17, 39, 19, 0, 0.17%, 6, 0, 6, 178.30
1734955388, 7, 20, 39, 18, 0, 0.17%, 6, 0, 6, 151.33
1734955445, 7, 25, 39, 17, 0, 0.17%, 6, 0, 6, 194.98
1734955552, 7, 28, 39, 16, 0, 0.17%, 6, 0, 6, 177.00
1734955644, 8, 11, 39, 15, 0, 0.17%, 6, 0, 6, 149.42
1734955649, 8, 13, 39, 15, 0, 0.17%, 6, 0, 6, 146.61
1734955654, 8, 14, 39, 15, 0, 0.17%, 6, 0, 6, 147.45
1734955664, 8, 16, 39, 15, 0, 0.17%, 6, 0, 6, 151.37
1734955710, 8, 20, 39, 14, 0, 0.17%, 6, 0, 6, 152.24
1734955720, 8, 23, 39, 14, 0, 0.17%, 6, 0, 6, 205.74
1734955895, 8, 30, 39, 13, 0, 0.17%, 6, 0, 6, 151.04
1734955910, 8, 31, 39, 13, 0, 0.17%, 6, 0, 6, 123.04
1734956032, 8, 31, 40, 14, 0, 0.17%, 6, 0, 6, 178.35
1734956093, 8, 35, 40, 13, 0, 0.17%, 6, 0, 6, 233.10
1734956175, 9, 11, 40, 12, 0, 0.17%, 6, 0, 6, 154.72
1734956180, 9, 13, 40, 12, 0, 0.17%, 6, 0, 6, 140.36
1734956185, 9, 15, 40, 12, 0, 0.17%, 6, 0, 6, 147.03
1734956190, 9, 26, 40, 12, 0, 0.17%, 6, 0, 6, 150.47
1734956236, 9, 32, 40, 11, 0, 0.17%, 6, 0, 6, 173.26
1734956303, 9, 38, 40, 10, 0, 0.17%, 6, 0, 6, 151.95
1734956349, 10, 11, 40, 9, 0, 0.17%, 6, 0, 6, 149.89
1734956354, 10, 13, 40, 9, 0, 0.17%, 6, 0, 6, 143.78
1734956360, 10, 15, 40, 9, 0, 0.17%, 6, 0, 6, 132.72
1734956365, 10, 18, 40, 9, 0, 0.17%, 6, 0, 6, 196.29
1734956466, 10, 24, 40, 8, 0, 0.17%, 6, 0, 6, 172.18
1734956532, 10, 25, 40, 7, 0, 0.17%, 6, 0, 6, 147.48
1734956543, 10, 36, 40, 7, 0, 0.17%, 6, 0, 6, 229.75
1734956629, 10, 39, 40, 6, 0, 0.17%, 6, 0, 6, 194.05
1734956813, 11, 9, 40, 5, 0, 0.17%, 6, 0, 6, 147.11
1734956818, 11, 12, 40, 5, 0, 0.17%, 6, 0, 6, 143.82
1734956823, 11, 15, 40, 5, 0, 0.17%, 6, 0, 6, 143.51
1734956828, 11, 19, 40, 5, 0, 0.17%, 6, 0, 6, 170.28
1734956859, 12, 12, 40, 4, 0, 0.17%, 6, 0, 6, 134.24
1734956864, 12, 15, 40, 4, 0, 0.17%, 6, 0, 6, 139.80
1734956869, 13, 11, 40, 4, 0, 0.17%, 6, 0, 6, 138.01
1734956874, 13, 13, 40, 4, 0, 0.17%, 6, 0, 6, 135.81
1734956879, 13, 15, 40, 4, 0, 0.17%, 6, 0, 6, 135.20
1734956885, 14, 12, 40, 4, 0, 0.17%, 6, 0, 6, 143.16
1734956890, 14, 15, 40, 4, 0, 0.17%, 6, 0, 6, 136.16
1734956895, 14, 22, 40, 4, 0, 0.17%, 6, 0, 6, 173.45
1734956930, 14, 28, 40, 3, 0, 0.17%, 6, 0, 6, 159.04
1734956941, 14, 33, 40, 3, 0, 0.17%, 6, 0, 6, 180.74
1734957027, 14, 35, 40, 2, 0, 0.17%, 6, 0, 6, 157.80
1734957042, 15, 12, 40, 2, 0, 0.17%, 6, 0, 6, 145.11
1734957048, 15, 15, 40, 2, 0, 0.17%, 6, 0, 6, 144.42
1734957053, 16, 12, 40, 2, 0, 0.17%, 6, 0, 6, 140.53
1734957058, 16, 15, 40, 2, 0, 0.17%, 6, 0, 6, 135.99
1734957063, 16, 32, 40, 2, 0, 0.17%, 6, 0, 6, 137.97
1734957073, 17, 11, 40, 2, 0, 0.17%, 6, 0, 6, 150.22
1734957078, 17, 13, 40, 2, 0, 0.17%, 6, 0, 6, 139.83
1734957084, 17, 15, 40, 2, 0, 0.17%, 6, 0, 6, 139.91
1734957089, 17, 32, 40, 2, 0, 0.17%, 6, 0, 6, 140.97
1734957099, 18, 12, 40, 2, 0, 0.17%, 6, 0, 6, 138.54
1734957104, 18, 15, 40, 2, 0, 0.17%, 6, 0, 6, 147.01
1734957109, 18, 30, 40, 2, 0, 0.17%, 6, 0, 6, 148.03
1734957125, 19, 12, 40, 2, 0, 0.17%, 6, 0, 6, 136.70
1734957130, 19, 15, 40, 2, 0, 0.17%, 6, 0, 6, 139.40
1734957135, 19, 28, 40, 2, 0, 0.17%, 6, 0, 6, 152.59
1734957145, 19, 36, 40, 2, 0, 0.17%, 6, 0, 6, 153.82
1734957161, 20, 12, 40, 2, 0, 0.17%, 6, 0, 6, 141.49
1734957166, 20, 15, 40, 2, 0, 0.17%, 6, 0, 6, 145.81
1734957171, 20, 37, 40, 2, 0, 0.17%, 6, 0, 6, 142.03
1734957365, 21, 4, 40, 1, 0, 0.17%, 6, 0, 6, 142.73
1734957371, 21, 12, 40, 1, 0, 0.17%, 6, 0, 6, 137.35
1734957376, 21, 15, 40, 1, 0, 0.17%, 6, 0, 6, 132.45
1734957381, 21, 36, 40, 1, 0, 0.17%, 6, 0, 6, 153.40
1734957396, 22, 11, 40, 1, 0, 0.17%, 6, 0, 6, 143.24
1734957401, 22, 13, 40, 1, 0, 0.17%, 6, 0, 6, 141.42
1734957406, 22, 15, 40, 1, 0, 0.17%, 6, 0, 6, 137.99
1734957411, 23, 12, 40, 1, 0, 0.17%, 6, 0, 6, 144.93
1734957417, 23, 15, 40, 1, 0, 0.17%, 6, 0, 6, 137.09
1734957422, 23, 33, 40, 1, 0, 0.17%, 6, 0, 6, 149.08
1734957437, 23, 39, 40, 1, 0, 0.17%, 6, 0, 6, 164.71
1734957467, 24, 12, 40, 1, 0, 0.17%, 6, 0, 6, 143.32
1734957472, 24, 15, 40, 1, 0, 0.17%, 6, 0, 6, 138.24
1734957478, 25, 11, 40, 1, 0, 0.17%, 6, 0, 6, 138.34
1734957483, 25, 13, 40, 1, 0, 0.17%, 6, 0, 6, 138.31
1734957488, 25, 14, 40, 1, 0, 0.17%, 6, 0, 6, 138.68
1734957493, 25, 15, 40, 1, 0, 0.17%, 6, 0, 6, 135.85
1734957498, 26, 12, 40, 1, 0, 0.17%, 6, 0, 6, 139.08
1734957503, 26, 15, 40, 1, 0, 0.17%, 6, 0, 6, 142.68
1734957508, 26, 22, 40, 1, 0, 0.17%, 6, 0, 6, 141.48
1734957513, 27, 11, 40, 1, 0, 0.17%, 6, 0, 6, 135.40
1734957518, 27, 13, 40, 1, 0, 0.17%, 6, 0, 6, 135.63
1734957524, 27, 15, 40, 1, 0, 0.17%, 6, 0, 6, 146.04
1734957529, 27, 29, 40, 1, 0, 0.17%, 6, 0, 6, 142.28
1734957544, 28, 12, 40, 1, 0, 0.17%, 6, 0, 6, 131.57
1734957549, 28, 15, 40, 1, 0, 0.17%, 6, 0, 6, 137.87
1734957554, 29, 0, 40, 1, 0, 0.17%, 6, 0, 6, 149.56
1734957560, 29, 12, 40, 1, 0, 0.17%, 6, 0, 6, 138.98
1734957565, 29, 14, 40, 1, 0, 0.17%, 6, 0, 6, 145.06
1734957570, 29, 15, 40, 1, 0, 0.17%, 6, 0, 6, 147.89
1734957575, 29, 27, 40, 1, 0, 0.17%, 6, 0, 6, 150.86
1734957621, 30, 3, 40, 0, 0, 0.17%, 6, 0, 6, 140.42
1734957626, 30, 11, 40, 0, 0, 0.17%, 6, 0, 6, 143.91
1734957631, 30, 13, 40, 0, 0, 0.17%, 6, 0, 6, 143.61
1734957636, 30, 19, 40, 0, 0, 0.17%, 6, 0, 6, 133.54
1734957642, 30, 27, 40, 0, 0, 0.17%, 6, 0, 6, 141.19
1734957652, 31, 5, 40, 0, 0, 0.17%, 6, 0, 6, 135.76
1734957657, 31, 12, 40, 0, 0, 0.17%, 6, 0, 6, 133.54
1734957662, 31, 15, 40, 0, 0, 0.17%, 6, 0, 6, 137.15
1734957667, 31, 24, 40, 0, 0, 0.17%, 6, 0, 6, 147.73
1734957678, 31, 38, 40, 0, 0, 0.17%, 6, 0, 6, 133.71
1734957688, 32, 4, 40, 0, 0, 0.17%, 6, 0, 6, 139.78
1734957693, 32, 12, 40, 0, 0, 0.17%, 6, 0, 6, 137.96
1734957699, 32, 15, 40, 0, 0, 0.17%, 6, 0, 6, 142.66
1734957704, 33, 11, 40, 0, 0, 0.17%, 6, 0, 6, 138.89
1734957709, 33, 13, 40, 0, 0, 0.17%, 6, 0, 6, 139.01
1734957714, 33, 15, 41, 1, 0, 0.17%, 7, 0, 6, 139.31
1734957719, 33, 16, 41, 1, 0, 0.17%, 7, 0, 6, 139.69
1734957729, 33, 33, 41, 1, 0, 0.17%, 7, 0, 6, 149.98
1734957745, 33, 34, 41, 1, 0, 0.17%, 7, 0, 6, 159.27
1734957755, 34, 7, 41, 1, 0, 0.17%, 7, 0, 6, 149.22
1734957760, 34, 11, 41, 1, 0, 0.17%, 7, 0, 6, 142.14
1734957765, 34, 13, 41, 1, 0, 0.17%, 7, 0, 6, 142.13
1734957770, 34, 34, 41, 1, 0, 0.17%, 7, 0, 6, 136.50
1734957786, 35, 11, 41, 1, 0, 0.17%, 7, 0, 6, 144.39
1734957791, 35, 13, 41, 1, 0, 0.17%, 7, 0, 6, 135.30
1734957796, 35, 14, 41, 1, 0, 0.17%, 7, 0, 6, 136.49
1734957801, 35, 15, 41, 1, 0, 0.17%, 7, 0, 6, 146.27
1734957806, 35, 37, 41, 1, 0, 0.17%, 7, 0, 6, 151.09
1734957811, 36, 11, 41, 1, 0, 0.17%, 7, 0, 6, 151.13
1734957816, 36, 13, 41, 1, 0, 0.17%, 7, 0, 6, 137.42
1734957821, 36, 15, 41, 1, 0, 0.17%, 7, 0, 6, 140.37
1734957827, 36, 26, 41, 1, 0, 0.17%, 7, 0, 6, 146.01
1734957837, 37, 12, 41, 1, 0, 0.17%, 7, 0, 6, 138.55
1734957842, 37, 15, 41, 1, 0, 0.17%, 7, 0, 6, 137.91
1734957847, 37, 20, 41, 1, 0, 0.17%, 7, 0, 6, 137.70
1734957852, 37, 29, 41, 1, 0, 0.17%, 7, 0, 6, 140.13
1734957868, 37, 30, 41, 1, 0, 0.17%, 7, 0, 6, 145.18
1734957878, 37, 36, 41, 1, 0, 0.17%, 7, 0, 6, 160.70
1734957893, 38, 12, 41, 1, 0, 0.17%, 7, 0, 6, 135.26
1734957898, 38, 15, 41, 1, 0, 0.17%, 7, 0, 6, 138.93
1734957903, 38, 38, 41, 1, 0, 0.17%, 7, 0, 6, 137.18
1734957914, 38, 40, 41, 1, 0, 0.17%, 7, 0, 6, 153.20
1734958062, 39, 12, 41, 0, 0, 0.17%, 7, 0, 6, 138.97
1734958067, 39, 15, 41, 0, 0, 0.17%, 7, 0, 6, 145.42
1734958072, 39, 23, 41, 0, 0, 0.17%, 7, 0, 6, 147.27
1734958077, 40, 11, 41, 0, 0, 0.17%, 7, 0, 6, 137.59
1734958082, 40, 13, 41, 0, 0, 0.17%, 7, 0, 6, 134.70
1734958087, 40, 15, 41, 0, 0, 0.17%, 7, 0, 6, 130.96
1734958092, 40, 25, 41, 0, 0, 0.17%, 7, 0, 6, 142.30
1734958103, 40, 39, 41, 0, 0, 0.17%, 7, 0, 6, 156.16
1734958108, 41, 11, 41, 0, 0, 0.17%, 7, 0, 6, 146.57
1734958113, 41, 13, 41, 0, 0, 0.17%, 7, 0, 6, 136.78
1734958118, 42, 11, 41, 0, 0, 0.17%, 7, 0, 6, 136.62
1734958123, 42, 13, 41, 0, 0, 0.17%, 7, 0, 6, 137.21
1734958128, 42, 15, 41, 0, 0, 0.17%, 7, 0, 6, 141.03
1734958133, 43, 6, 41, 0, 0, 0.17%, 7, 0, 6, 142.19
1734958138, 43, 13, 41, 0, 0, 0.17%, 7, 0, 6, 142.81
1734958144, 43, 14, 41, 0, 0, 0.17%, 7, 0, 6, 138.33
1734958149, 43, 15, 41, 0, 0, 0.17%, 7, 0, 6, 138.48
1734958154, 43, 25, 41, 0, 0, 0.17%, 7, 0, 6, 149.09
1734958159, 43, 31, 41, 0, 0, 0.17%, 7, 0, 6, 166.01
1734958175, 44, 8, 41, 0, 0, 0.17%, 7, 0, 6, 140.44
1734958180, 44, 13, 41, 0, 0, 0.17%, 7, 0, 6, 141.17
1734958185, 44, 15, 41, 0, 0, 0.17%, 7, 0, 6, 139.33
1734958190, 44, 36, 41, 0, 0, 0.17%, 7, 0, 6, 143.50
1734958195, 45, 6, 41, 0, 0, 0.17%, 7, 0, 6, 139.07
1734958200, 45, 12, 41, 0, 0, 0.17%, 7, 0, 6, 142.73
1734958205, 45, 15, 41, 0, 0, 0.17%, 7, 0, 6, 136.30
1734958211, 45, 33, 41, 0, 0, 0.17%, 7, 0, 6, 141.75
1734958221, 46, 12, 41, 0, 0, 0.17%, 7, 0, 6, 141.24
1734958226, 46, 15, 41, 0, 0, 0.17%, 7, 0, 6, 145.07
1734958231, 47, 11, 41, 0, 0, 0.17%, 7, 0, 6, 148.89
1734958236, 47, 13, 41, 0, 0, 0.17%, 7, 0, 6, 136.75
1734958241, 48, 2, 41, 0, 0, 0.17%, 7, 0, 6, 139.13
1734958246, 48, 12, 41, 0, 0, 0.17%, 7, 0, 6, 138.00
1734958251, 48, 15, 41, 0, 0, 0.17%, 7, 0, 6, 140.58
1734958256, 48, 18, 41, 0, 0, 0.17%, 7, 0, 6, 146.64
1734958262, 48, 22, 41, 0, 0, 0.17%, 7, 0, 6, 141.46
1734958267, 49, 11, 41, 0, 0, 0.17%, 7, 0, 6, 139.11
1734958272, 49, 13, 41, 0, 0, 0.17%, 7, 0, 6, 134.43
1734958277, 49, 32, 41, 0, 0, 0.17%, 7, 0, 6, 141.31
1734958282, 49, 37, 41, 0, 0, 0.17%, 7, 0, 6, 142.56
1734958292, 50, 5, 41, 0, 0, 0.17%, 7, 0, 6, 144.48
1734958298, 50, 12, 41, 0, 0, 0.17%, 7, 0, 6, 141.75
1734958303, 50, 15, 41, 0, 0, 0.17%, 7, 0, 6, 141.22
1734958308, 50, 19, 41, 0, 0, 0.17%, 7, 0, 6, 140.92
1734958313, 50, 20, 41, 0, 0, 0.17%, 7, 0, 6, 139.55
1734958318, 51, 12, 41, 0, 0, 0.17%, 7, 0, 6, 144.76
1734958323, 51, 15, 41, 0, 0, 0.17%, 7, 0, 6, 140.95
1734958329, 52, 0, 41, 0, 0, 0.17%, 7, 0, 6, 140.89
1734958334, 52, 13, 41, 0, 0, 0.17%, 7, 0, 6, 142.75
1734958339, 52, 15, 41, 0, 0, 0.17%, 7, 0, 6, 137.78
1734958344, 52, 25, 41, 0, 0, 0.17%, 7, 0, 6, 135.57
1734958349, 52, 32, 41, 0, 0, 0.17%, 7, 0, 6, 143.75
1734958355, 53, 4, 41, 0, 0, 0.17%, 7, 0, 6, 137.58
1734958360, 53, 13, 41, 0, 0, 0.17%, 7, 0, 6, 140.32
1734958365, 53, 15, 41, 0, 0, 0.17%, 7, 0, 6, 145.12
1734958370, 53, 34, 41, 0, 0, 0.17%, 7, 0, 6, 144.26
1734958375, 54, 0, 41, 0, 0, 0.17%, 7, 0, 6, 141.15
1734958380, 54, 13, 41, 0, 0, 0.17%, 7, 0, 6, 145.89
1734958385, 54, 15, 41, 0, 0, 0.17%, 7, 0, 6, 140.10
1734958391, 55, 12, 41, 0, 0, 0.17%, 7, 0, 6, 138.38
1734958396, 55, 15, 41, 0, 0, 0.17%, 7, 0, 6, 138.07
1734958401, 55, 30, 41, 0, 0, 0.17%, 7, 0, 6, 134.48
1734958411, 56, 12, 41, 0, 0, 0.17%, 7, 0, 6, 134.88
1734958416, 56, 15, 41, 0, 0, 0.17%, 7, 0, 6, 135.96
1734958421, 56, 16, 41, 0, 0, 0.17%, 7, 0, 6, 146.51
1734958426, 56, 32, 41, 0, 0, 0.17%, 7, 0, 6, 135.71
1734958431, 57, 0, 41, 0, 0, 0.17%, 7, 0, 6, 136.53
1734958437, 57, 8, 41, 0, 0, 0.17%, 7, 0, 6, 138.47
1734958442, 57, 12, 41, 0, 0, 0.17%, 7, 0, 6, 139.67
1734958447, 57, 14, 41, 0, 0, 0.17%, 7, 0, 6, 140.57
1734958452, 57, 15, 41, 0, 0, 0.17%, 7, 0, 6, 132.36
1734958457, 57, 29, 41, 0, 0, 0.17%, 7, 0, 6, 136.11
1734958467, 57, 32, 41, 0, 0, 0.17%, 7, 0, 6, 132.21
1734958473, 57, 34, 41, 0, 0, 0.17%, 7, 0, 6, 141.82
1734958478, 58, 11, 41, 0, 0, 0.17%, 7, 0, 6, 147.92
1734958483, 58, 13, 41, 0, 0, 0.17%, 7, 0, 6, 140.07
1734958488, 58, 15, 41, 0, 0, 0.17%, 7, 0, 6, 138.34
1734958493, 58, 30, 41, 0, 0, 0.17%, 7, 0, 6, 143.31
1734958498, 58, 31, 41, 0, 0, 0.17%, 7, 0, 6, 156.81
1734958514, 59, 11, 41, 0, 0, 0.17%, 7, 0, 6, 134.18
1734958519, 59, 13, 41, 0, 0, 0.17%, 7, 0, 6, 130.61
1734958524, 59, 15, 41, 0, 0, 0.17%, 7, 0, 6, 136.17
1734958529, 60, 12, 41, 0, 0, 0.17%, 7, 0, 6, 138.99
1734958534, 60, 15, 41, 0, 0, 0.17%, 7, 0, 6, 136.34
1734958539, 61, 11, 41, 0, 0, 0.17%, 7, 0, 6, 141.84
1734958545, 61, 13, 41, 0, 0, 0.17%, 7, 0, 6, 139.16
1734958550, 62, 6, 41, 0, 0, 0.17%, 7, 0, 6, 140.50
1734958555, 62, 12, 41, 0, 0, 0.17%, 7, 0, 6, 139.66
1734958560, 62, 15, 41, 0, 0, 0.17%, 7, 0, 6, 139.44
1734958565, 62, 31, 41, 0, 0, 0.17%, 7, 0, 6, 159.65
1734958570, 63, 9, 41, 0, 0, 0.17%, 7, 0, 6, 150.53
1734958576, 63, 13, 41, 0, 0, 0.17%, 7, 0, 6, 146.25
1734958581, 63, 15, 41, 0, 0, 0.17%, 7, 0, 6, 141.66
1734958586, 64, 12, 41, 0, 0, 0.17%, 7, 0, 6, 136.26
1734958591, 64, 15, 41, 0, 0, 0.17%, 7, 0, 6, 140.32
1734958596, 65, 4, 41, 0, 0, 0.17%, 7, 0, 6, 139.91
1734958601, 65, 12, 41, 0, 0, 0.17%, 7, 0, 6, 141.42
1734958606, 65, 14, 41, 0, 0, 0.17%, 7, 0, 6, 147.35
1734958612, 65, 15, 41, 0, 0, 0.17%, 7, 0, 6, 138.13
1734958617, 66, 7, 41, 0, 0, 0.17%, 7, 0, 6, 129.64
1734958622, 66, 12, 41, 0, 0, 0.17%, 7, 0, 6, 139.58
1734958627, 66, 15, 41, 0, 0, 0.17%, 7, 0, 6, 131.80
1734958632, 67, 11, 41, 0, 0, 0.17%, 7, 0, 6, 134.07
1734958637, 67, 13, 41, 0, 0, 0.17%, 7, 0, 6, 138.73
1734958642, 67, 15, 41, 0, 0, 0.17%, 7, 0, 6, 140.33
1734958647, 68, 11, 41, 0, 0, 0.17%, 7, 0, 6, 148.51
1734958652, 68, 13, 41, 0, 0, 0.17%, 7, 0, 6, 142.61
1734958658, 68, 15, 41, 0, 0, 0.17%, 7, 0, 6, 139.94
1734958663, 69, 5, 41, 0, 0, 0.17%, 7, 0, 6, 143.01
1734958668, 69, 12, 41, 0, 0, 0.17%, 7, 0, 6, 140.31
1734958673, 69, 15, 41, 0, 0, 0.17%, 7, 0, 6, 138.08
1734958678, 69, 16, 41, 0, 0, 0.17%, 7, 0, 6, 143.62
1734958684, 69, 32, 41, 0, 0, 0.17%, 7, 0, 6, 142.38
1734958689, 70, 11, 41, 0, 0, 0.17%, 7, 0, 6, 137.95
1734958694, 70, 13, 41, 0, 0, 0.17%, 7, 0, 6, 136.68
1734958699, 70, 14, 41, 0, 0, 0.17%, 7, 0, 6, 132.86
1734958704, 70, 15, 41, 0, 0, 0.17%, 7, 0, 6, 138.19
1734958709, 70, 40, 41, 0, 0, 0.17%, 7, 0, 6, 164.75
1734958725, 71, 6, 41, 0, 0, 0.17%, 7, 0, 6, 136.06
1734958730, 71, 12, 41, 0, 0, 0.17%, 7, 0, 6, 136.86
1734958735, 71, 15, 41, 0, 0, 0.17%, 7, 0, 6, 136.96
1734958740, 71, 19, 41, 0, 0, 0.17%, 7, 0, 6, 136.98
1734958745, 72, 13, 41, 0, 0, 0.17%, 7, 0, 6, 140.59
1734958750, 72, 15, 41, 0, 0, 0.17%, 7, 0, 6, 136.59
1734958756, 72, 33, 41, 0, 0, 0.17%, 7, 0, 6, 141.92
1734958761, 73, 11, 41, 0, 0, 0.17%, 7, 0, 6, 140.95
1734958766, 73, 13, 41, 0, 0, 0.17%, 7, 0, 6, 137.82
1734958771, 73, 15, 41, 0, 0, 0.17%, 7, 0, 6, 135.74
1734958776, 74, 12, 41, 0, 0, 0.17%, 7, 0, 6, 139.73
1734958781, 74, 15, 41, 0, 0, 0.17%, 7, 0, 6, 136.53
1734958787, 74, 35, 41, 0, 0, 0.17%, 7, 0, 6, 150.87
1734958802, 75, 12, 41, 0, 0, 0.17%, 7, 0, 6, 137.99
1734958807, 75, 15, 41, 0, 0, 0.17%, 7, 0, 6, 137.62
1734958812, 75, 32, 41, 0, 0, 0.17%, 7, 0, 6, 136.12
1734958817, 76, 0, 41, 0, 0, 0.17%, 7, 0, 6, 140.17
1734958823, 76, 12, 41, 0, 0, 0.17%, 7, 0, 6, 136.54
1734958828, 76, 15, 41, 0, 0, 0.17%, 7, 0, 6, 133.59
1734958833, 77, 8, 41, 0, 0, 0.17%, 7, 0, 6, 136.42
1734958838, 77, 11, 41, 0, 0, 0.17%, 7, 0, 6, 141.32
1734958843, 77, 13, 41, 0, 0, 0.17%, 7, 0, 6, 144.48
1734958848, 77, 15, 41, 0, 0, 0.17%, 7, 0, 6, 140.81
1734958853, 77, 31, 41, 0, 0, 0.17%, 7, 0, 6, 148.95
1734958864, 77, 40, 41, 0, 0, 0.17%, 7, 0, 6, 175.44
1734958879, 78, 6, 41, 0, 0, 0.17%, 7, 0, 6, 161.23
1734958884, 78, 12, 41, 0, 0, 0.17%, 7, 0, 6, 145.95
1734958889, 78, 14, 41, 0, 0, 0.17%, 7, 0, 6, 140.62
1734958894, 78, 15, 41, 0, 0, 0.17%, 7, 0, 6, 148.59
1734958899, 78, 25, 41, 0, 0, 0.17%, 7, 0, 6, 144.00
1734958905, 79, 12, 41, 0, 0, 0.17%, 7, 0, 6, 142.84
1734958910, 79, 15, 41, 0, 0, 0.17%, 7, 0, 6, 138.28
1734958915, 79, 40, 41, 0, 0, 0.17%, 7, 0, 6, 151.91
1734958935, 80, 12, 41, 0, 0, 0.17%, 7, 0, 6, 141.04
1734958940, 80, 13, 41, 0, 0, 0.17%, 7, 0, 6, 135.73
1734958946, 81, 6, 41, 0, 0, 0.17%, 7, 0, 6, 134.14
1734958951, 81, 12, 41, 0, 0, 0.17%, 7, 0, 6, 138.66
1734958956, 81, 15, 41, 0, 0, 0.17%, 7, 0, 6, 142.95
1734958961, 81, 25, 41, 0, 0, 0.17%, 7, 0, 6, 147.55
1734958966, 81, 37, 41, 0, 0, 0.17%, 7, 0, 6, 147.52
1734958977, 81, 39, 41, 0, 0, 0.17%, 7, 0, 6, 146.80
1734958982, 82, 11, 41, 0, 0, 0.17%, 7, 0, 6, 147.58
1734958987, 82, 13, 41, 0, 0, 0.17%, 7, 0, 6, 137.06
1734958992, 82, 15, 41, 0, 0, 0.17%, 7, 0, 6, 143.08
1734958997, 82, 34, 41, 0, 0, 0.17%, 7, 0, 6, 148.86
1734959002, 83, 11, 41, 0, 0, 0.17%, 7, 0, 6, 135.06
1734959007, 83, 13, 41, 0, 0, 0.17%, 7, 0, 6, 132.93
1734959013, 83, 15, 41, 0, 0, 0.17%, 7, 0, 6, 139.83
1734959018, 84, 11, 41, 0, 0, 0.17%, 7, 0, 6, 143.65
1734959023, 84, 13, 41, 0, 0, 0.17%, 7, 0, 6, 139.52
1734959028, 84, 15, 41, 0, 0, 0.17%, 7, 0, 6, 144.21
1734959033, 84, 16, 41, 0, 0, 0.17%, 7, 0, 6, 139.72
1734959038, 85, 11, 41, 0, 0, 0.17%, 7, 0, 6, 138.34
1734959043, 85, 13, 41, 0, 0, 0.17%, 7, 0, 6, 140.36
1734959048, 85, 29, 41, 0, 0, 0.17%, 7, 0, 6, 132.14
1734959058, 85, 30, 41, 0, 0, 0.17%, 7, 0, 6, 142.38
1734959069, 86, 8, 41, 0, 0, 0.17%, 7, 0, 6, 140.46
1734959074, 86, 12, 41, 0, 0, 0.17%, 7, 0, 6, 143.77
1734959079, 86, 15, 41, 0, 0, 0.17%, 7, 0, 6, 135.36
1734959084, 87, 11, 41, 0, 0, 0.17%, 7, 0, 6, 139.80
1734959089, 87, 13, 41, 0, 0, 0.17%, 7, 0, 6, 136.19
1734959094, 87, 15, 41, 0, 0, 0.17%, 7, 0, 6, 136.90
1734959099, 87, 24, 41, 0, 0, 0.17%, 7, 0, 6, 138.82
1734959110, 87, 31, 41, 0, 0, 0.17%, 7, 0, 6, 148.60
1734959115, 88, 11, 41, 0, 0, 0.17%, 7, 0, 6, 137.71
1734959120, 88, 13, 41, 0, 0, 0.17%, 7, 0, 6, 138.16
1734959125, 88, 15, 41, 0, 0, 0.17%, 7, 0, 6, 136.91
1734959130, 89, 12, 41, 0, 0, 0.17%, 7, 0, 6, 135.13
1734959135, 89, 15, 41, 0, 0, 0.17%, 7, 0, 6, 137.30
1734959141, 89, 26, 41, 0, 0, 0.17%, 7, 0, 6, 143.60
1734959151, 89, 38, 41, 0, 0, 0.17%, 7, 0, 6, 141.35
1734959161, 90, 12, 41, 0, 0, 0.17%, 7, 0, 6, 141.25
1734959166, 90, 15, 41, 0, 0, 0.17%, 7, 0, 6, 136.09
1734959172, 91, 11, 41, 0, 0, 0.17%, 7, 0, 6, 133.77
1734959177, 91, 13, 41, 0, 0, 0.17%, 7, 0, 6, 137.50
1734959182, 91, 33, 41, 0, 0, 0.17%, 7, 0, 6, 138.05
1734959192, 91, 35, 41, 0, 0, 0.17%, 7, 0, 6, 162.93
1734959197, 91, 37, 41, 0, 0, 0.17%, 7, 0, 6, 154.81
1734959202, 92, 12, 41, 0, 0, 0.17%, 7, 0, 6, 145.12
1734959207, 92, 15, 41, 0, 0, 0.17%, 7, 0, 6, 141.20
1734959213, 93, 11, 41, 0, 0, 0.17%, 7, 0, 6, 136.69
1734959218, 93, 13, 41, 0, 0, 0.17%, 7, 0, 6, 136.77
1734959223, 93, 15, 41, 0, 0, 0.17%, 7, 0, 6, 133.86
1734959228, 94, 12, 41, 0, 0, 0.17%, 7, 0, 6, 141.46
1734959233, 94, 15, 41, 0, 0, 0.17%, 7, 0, 6, 135.49
1734959238, 94, 33, 41, 0, 0, 0.17%, 7, 0, 6, 153.56
1734959243, 95, 3, 41, 0, 0, 0.17%, 7, 0, 6, 142.01
1734959249, 95, 12, 41, 0, 0, 0.17%, 7, 0, 6, 141.29
1734959254, 95, 15, 41, 0, 0, 0.17%, 7, 0, 6, 135.61
1734959259, 95, 16, 41, 0, 0, 0.17%, 7, 0, 6, 147.91
1734959264, 96, 6, 41, 0, 0, 0.17%, 7, 0, 6, 145.91
1734959269, 96, 12, 41, 0, 0, 0.17%, 7, 0, 6, 138.17
1734959274, 96, 15, 41, 0, 0, 0.17%, 7, 0, 6, 138.57
1734959280, 96, 39, 41, 0, 0, 0.17%, 7, 0, 6, 154.67
1734959290, 97, 12, 41, 0, 0, 0.17%, 7, 0, 6, 148.85
1734959295, 97, 15, 41, 0, 0, 0.17%, 7, 0, 6, 137.46
1734959300, 97, 33, 41, 0, 0, 0.17%, 7, 0, 6, 138.28
1734959310, 98, 12, 41, 0, 0, 0.17%, 7, 0, 6, 140.08
1734959316, 98, 15, 41, 0, 0, 0.17%, 7, 0, 6, 142.74
1734959321, 98, 24, 41, 0, 0, 0.17%, 7, 0, 6, 142.71
1734959326, 98, 30, 41, 0, 0, 0.17%, 7, 0, 6, 142.71
1734959336, 98, 39, 41, 0, 0, 0.17%, 7, 0, 6, 156.94
1734959341, 99, 11, 41, 0, 0, 0.17%, 7, 0, 6, 150.44
1734959346, 99, 13, 41, 0, 0, 0.17%, 7, 0, 6, 140.65
1734959351, 99, 15, 41, 0, 0, 0.17%, 7, 0, 6, 136.37
1734959357, 99, 26, 41, 0, 0, 0.17%, 7, 0, 6, 144.80
1734959362, 99, 36, 41, 0, 0, 0.17%, 7, 0, 6, 151.92
1734959367, 100, 11, 41, 0, 0, 0.17%, 7, 0, 6, 144.22
1734959372, 100, 13, 41, 0, 0, 0.17%, 7, 0, 6, 140.39
1734959377, 100, 15, 41, 0, 0, 0.17%, 7, 0, 6, 138.01
1734959382, 100, 33, 41, 0, 0, 0.17%, 7, 0, 6, 135.33
1734959387, 101, 11, 41, 0, 0, 0.17%, 7, 0, 6, 141.24
1734959392, 101, 12, 41, 0, 0, 0.17%, 7, 0, 6, 136.97
1734959397, 101, 15, 41, 0, 0, 0.17%, 7, 0, 6, 138.11
1734959403, 101, 35, 41, 0, 0, 0.17%, 7, 0, 6, 151.01
1734959408, 102, 4, 41, 0, 0, 0.17%, 7, 0, 6, 135.62
1734959413, 102, 11, 41, 0, 0, 0.17%, 7, 0, 6, 139.75
1734959418, 102, 13, 41, 0, 0, 0.17%, 7, 0, 6, 140.16
1734959423, 102, 24, 41, 0, 0, 0.17%, 7, 0, 6, 131.27
1734959429, 103, 8, 41, 0, 0, 0.17%, 7, 0, 6, 134.70
1734959434, 103, 12, 41, 0, 0, 0.17%, 7, 0, 6, 136.60
1734959439, 103, 15, 41, 0, 0, 0.17%, 7, 0, 6, 138.97
1734959444, 103, 33, 41, 0, 0, 0.17%, 7, 0, 6, 144.33
1734959449, 104, 11, 41, 0, 0, 0.17%, 7, 0, 6, 137.34
1734959454, 104, 13, 41, 0, 0, 0.17%, 7, 0, 6, 131.30
1734959459, 104, 15, 41, 0, 0, 0.17%, 7, 0, 6, 136.60
1734959465, 104, 30, 41, 0, 0, 0.17%, 7, 0, 6, 137.76
1734959470, 104, 37, 41, 0, 0, 0.17%, 7, 0, 6, 141.09
1734959475, 105, 11, 41, 0, 0, 0.17%, 7, 0, 6, 136.26
1734959480, 105, 13, 41, 0, 0, 0.17%, 7, 0, 6, 135.25
1734959485, 105, 15, 41, 0, 0, 0.17%, 7, 0, 6, 147.56
1734959491, 106, 12, 41, 0, 0, 0.17%, 7, 0, 6, 143.08
1734959496, 106, 15, 41, 0, 0, 0.17%, 7, 0, 6, 136.16
1734959501, 106, 18, 41, 0, 0, 0.17%, 7, 0, 6, 142.66
1734959506, 107, 12, 41, 0, 0, 0.17%, 7, 0, 6, 141.83
1734959511, 107, 15, 41, 0, 0, 0.17%, 7, 0, 6, 140.46
1734959516, 107, 19, 41, 0, 0, 0.17%, 7, 0, 6, 138.66
1734959521, 107, 21, 41, 0, 0, 0.17%, 7, 0, 6, 138.48
1734959527, 107, 38, 41, 0, 0, 0.17%, 7, 0, 6, 150.62
1734959532, 108, 12, 41, 0, 0, 0.17%, 7, 0, 6, 142.17
1734959537, 108, 15, 41, 0, 0, 0.17%, 7, 0, 6, 133.04
1734959542, 109, 12, 41, 0, 0, 0.17%, 7, 0, 6, 142.50
1734959547, 109, 15, 41, 0, 0, 0.17%, 7, 0, 6, 139.94
1734959552, 109, 17, 41, 0, 0, 0.17%, 7, 0, 6, 147.33
1734959562, 109, 35, 41, 0, 0, 0.17%, 7, 0, 6, 146.71
1734959567, 110, 4, 41, 0, 0, 0.17%, 7, 0, 6, 144.33
1734959573, 110, 12, 41, 0, 0, 0.17%, 7, 0, 6, 142.15
1734959578, 110, 15, 41, 0, 0, 0.17%, 7, 0, 6, 141.20
1734959583, 110, 30, 41, 0, 0, 0.17%, 7, 0, 6, 140.82
1734959593, 111, 12, 41, 0, 0, 0.17%, 7, 0, 6, 140.72
1734959598, 111, 15, 41, 0, 0, 0.17%, 7, 0, 6, 142.62
1734959603, 111, 34, 41, 0, 0, 0.17%, 7, 0, 6, 145.48
1734959614, 112, 12, 41, 0, 0, 0.17%, 7, 0, 6, 139.60
1734959619, 112, 15, 41, 0, 0, 0.17%, 7, 0, 6, 136.01
1734959624, 112, 24, 41, 0, 0, 0.17%, 7, 0, 6, 135.60
1734959629, 112, 28, 41, 0, 0, 0.17%, 7, 0, 6, 149.89
1734959634, 113, 9, 41, 0, 0, 0.17%, 7, 0, 6, 140.06
1734959639, 113, 12, 41, 0, 0, 0.17%, 7, 0, 6, 139.88
1734959645, 113, 15, 41, 0, 0, 0.17%, 7, 0, 6, 141.61
1734959650, 113, 28, 41, 0, 0, 0.17%, 7, 0, 6, 146.99
1734959655, 113, 35, 41, 0, 0, 0.17%, 7, 0, 6, 151.46
1734959665, 113, 36, 41, 0, 0, 0.17%, 7, 0, 6, 153.85
1734959670, 114, 8, 41, 0, 0, 0.17%, 7, 0, 6, 144.30
1734959675, 114, 13, 41, 0, 0, 0.17%, 7, 0, 6, 143.88
1734959680, 114, 15, 41, 0, 0, 0.17%, 7, 0, 6, 137.90
1734959686, 115, 11, 41, 0, 0, 0.17%, 7, 0, 6, 136.59
1734959691, 115, 13, 41, 0, 0, 0.17%, 7, 0, 6, 136.86
1734959696, 115, 15, 41, 0, 0, 0.17%, 7, 0, 6, 141.97
1734959701, 116, 11, 41, 0, 0, 0.17%, 7, 0, 6, 137.30
1734959706, 116, 13, 41, 0, 0, 0.17%, 7, 0, 6, 134.25
1734959711, 116, 15, 41, 0, 0, 0.17%, 7, 0, 6, 136.25
1734959716, 116, 40, 41, 0, 0, 0.17%, 7, 0, 6, 172.64
1734959732, 117, 2, 41, 0, 0, 0.17%, 7, 0, 6, 145.70
1734959737, 117, 13, 41, 0, 0, 0.17%, 7, 0, 6, 141.81
1734959742, 117, 15, 41, 0, 0, 0.17%, 7, 0, 6, 134.02
1734959747, 117, 37, 41, 0, 0, 0.17%, 7, 0, 6, 149.08
1734959752, 117, 38, 41, 0, 0, 0.17%, 7, 0, 6, 145.01
1734959758, 117, 39, 41, 0, 0, 0.17%, 7, 0, 6, 147.27
1734959763, 118, 11, 41, 0, 0, 0.17%, 7, 0, 6, 138.64
1734959768, 118, 13, 41, 0, 0, 0.17%, 7, 0, 6, 142.17
1734959773, 118, 18, 41, 0, 0, 0.17%, 7, 0, 6, 143.84
1734959778, 118, 28, 41, 0, 0, 0.17%, 7, 0, 6, 144.16
1734959783, 119, 5, 41, 0, 0, 0.17%, 7, 0, 6, 143.16
1734959788, 119, 11, 41, 0, 0, 0.17%, 7, 0, 6, 135.19
1734959794, 119, 13, 41, 0, 0, 0.17%, 7, 0, 6, 137.02
1734959799, 119, 15, 41, 0, 0, 0.17%, 7, 0, 6, 141.20
1734959804, 119, 35, 41, 0, 0, 0.17%, 7, 0, 6, 143.63
1734959809, 120, 11, 41, 0, 0, 0.17%, 7, 0, 6, 143.22
1734959814, 120, 13, 41, 0, 0, 0.17%, 7, 0, 6, 138.39
1734959819, 120, 15, 41, 0, 0, 0.17%, 7, 0, 6, 143.25
1734959824, 120, 36, 41, 0, 0, 0.17%, 7, 0, 6, 156.70
1734959829, 121, 11, 41, 0, 0, 0.17%, 7, 0, 6, 135.19
1734959835, 121, 13, 41, 0, 0, 0.17%, 7, 0, 6, 140.27
1734959840, 121, 15, 41, 0, 0, 0.17%, 7, 0, 6, 133.58
1734959845, 121, 24, 41, 0, 0, 0.17%, 7, 0, 6, 141.11
1734959850, 121, 29, 41, 0, 0, 0.17%, 7, 0, 6, 135.35
1734959860, 121, 32, 41, 0, 0, 0.17%, 7, 0, 6, 141.63
1734959865, 121, 33, 41, 0, 0, 0.17%, 7, 0, 6, 144.03
1734959870, 122, 9, 41, 0, 0, 0.17%, 7, 0, 6, 136.65
1734959876, 122, 13, 41, 0, 0, 0.17%, 7, 0, 6, 137.18
1734959881, 122, 15, 41, 0, 0, 0.17%, 7, 0, 6, 141.56
1734959886, 122, 24, 41, 0, 0, 0.17%, 7, 0, 6, 137.98
1734959891, 123, 12, 41, 0, 0, 0.17%, 7, 0, 6, 136.39
1734959896, 123, 15, 41, 0, 0, 0.17%, 7, 0, 6, 136.92
1734959901, 123, 21, 41, 0, 0, 0.17%, 7, 0, 6, 138.77
1734959906, 124, 11, 41, 0, 0, 0.17%, 7, 0, 6, 138.67
1734959912, 124, 13, 41, 0, 0, 0.17%, 7, 0, 6, 142.39
1734959917, 124, 15, 41, 0, 0, 0.17%, 7, 0, 6, 146.42
1734959922, 124, 34, 41, 0, 0, 0.17%, 7, 0, 6, 147.70
1734959927, 125, 12, 41, 0, 0, 0.17%, 7, 0, 6, 143.99
1734959932, 125, 15, 41, 0, 0, 0.17%, 7, 0, 6, 149.48
1734959937, 125, 19, 41, 0, 0, 0.17%, 7, 0, 6, 140.03
1734959942, 126, 2, 41, 0, 0, 0.17%, 7, 0, 6, 141.06
1734959947, 126, 12, 41, 0, 0, 0.17%, 7, 0, 6, 135.33
1734959953, 126, 15, 41, 0, 0, 0.17%, 7, 0, 6, 131.34
1734959958, 126, 26, 41, 0, 0, 0.17%, 7, 0, 6, 138.16
1734959963, 126, 36, 41, 0, 0, 0.17%, 7, 0, 6, 156.94
1734959968, 127, 11, 41, 0, 0, 0.17%, 7, 0, 6, 134.46
1734959973, 127, 13, 41, 0, 0, 0.17%, 7, 0, 6, 138.16
1734959978, 127, 14, 41, 0, 0, 0.17%, 7, 0, 6, 137.69
1734959983, 127, 15, 41, 0, 0, 0.17%, 7, 0, 6, 131.16
1734959989, 127, 17, 41, 0, 0, 0.17%, 7, 0, 6, 146.23
1734959994, 127, 28, 41, 0, 0, 0.17%, 7, 0, 6, 154.84
1734959999, 128, 12, 41, 0, 0, 0.17%, 7, 0, 6, 144.21
1734960004, 128, 15, 41, 0, 0, 0.17%, 7, 0, 6, 142.59
1734960009, 129, 12, 41, 0, 0, 0.17%, 7, 0, 6, 136.40
1734960014, 129, 15, 41, 0, 0, 0.17%, 7, 0, 6, 136.57
1734960020, 129, 24, 41, 0, 0, 0.17%, 7, 0, 6, 144.05
1734960025, 130, 2, 41, 0, 0, 0.17%, 7, 0, 6, 145.30
1734960030, 130, 11, 41, 0, 0, 0.17%, 7, 0, 6, 140.13
1734960035, 130, 13, 41, 0, 0, 0.17%, 7, 0, 6, 135.97
1734960040, 130, 15, 41, 0, 0, 0.17%, 7, 0, 6, 143.99
1734960045, 131, 5, 41, 0, 0, 0.17%, 7, 0, 6, 140.73
1734960050, 131, 12, 41, 0, 0, 0.17%, 7, 0, 6, 140.52
1734960055, 131, 15, 41, 0, 0, 0.17%, 7, 0, 6, 141.86
1734960061, 131, 25, 41, 0, 0, 0.17%, 7, 0, 6, 138.68
1734960066, 131, 29, 41, 0, 0, 0.17%, 7, 0, 6, 134.70
1734960071, 132, 11, 41, 0, 0, 0.17%, 7, 0, 6, 136.61
1734960076, 132, 13, 41, 0, 0, 0.17%, 7, 0, 6, 142.65
1734960081, 132, 15, 41, 0, 0, 0.17%, 7, 0, 6, 138.14
1734960086, 133, 12, 41, 0, 0, 0.17%, 7, 0, 6, 135.82
1734960092, 133, 15, 41, 0, 0, 0.17%, 7, 0, 6, 136.42
1734960097, 133, 31, 41, 0, 0, 0.17%, 7, 0, 6, 161.44
1734960107, 134, 7, 41, 0, 0, 0.17%, 7, 0, 6, 136.39
1734960112, 134, 12, 41, 0, 0, 0.17%, 7, 0, 6, 133.62
1734960118, 134, 15, 41, 0, 0, 0.17%, 7, 0, 6, 142.65
1734960123, 135, 11, 41, 0, 0, 0.17%, 7, 0, 6, 139.59
1734960128, 135, 13, 41, 0, 0, 0.17%, 7, 0, 6, 143.35
1734960133, 136, 11, 41, 0, 0, 0.17%, 7, 0, 6, 144.17
1734960138, 136, 13, 41, 0, 0, 0.17%, 7, 0, 6, 138.02
1734960143, 136, 15, 41, 0, 0, 0.17%, 7, 0, 6, 139.55
1734960148, 136, 33, 41, 0, 0, 0.17%, 7, 0, 6, 139.10
1734960154, 136, 38, 41, 0, 0, 0.17%, 7, 0, 6, 141.67
1734960159, 137, 11, 41, 0, 0, 0.17%, 7, 0, 6, 138.76
1734960164, 137, 13, 41, 0, 0, 0.17%, 7, 0, 6, 133.41
1734960169, 137, 15, 41, 0, 0, 0.17%, 7, 0, 6, 139.54
1734960174, 137, 38, 41, 0, 0, 0.17%, 7, 0, 6, 139.45
1734960179, 138, 11, 41, 0, 0, 0.17%, 7, 0, 6, 137.24
1734960184, 138, 13, 41, 0, 0, 0.17%, 7, 0, 6, 137.39
1734960189, 138, 15, 41, 0, 0, 0.17%, 7, 0, 6, 137.07
1734960195, 139, 11, 41, 0, 0, 0.17%, 7, 0, 6, 136.86
1734960200, 139, 13, 41, 0, 0, 0.17%, 7, 0, 6, 135.14
1734960205, 139, 15, 41, 0, 0, 0.17%, 7, 0, 6, 147.61
1734960210, 140, 12, 41, 0, 0, 0.17%, 7, 0, 6, 140.96
1734960215, 140, 15, 41, 0, 0, 0.17%, 7, 0, 6, 143.97
1734960220, 141, 3, 41, 0, 0, 0.17%, 7, 0, 6, 144.79
1734960226, 141, 12, 41, 0, 0, 0.17%, 7, 0, 6, 143.96
1734960231, 141, 14, 41, 0, 0, 0.17%, 7, 0, 6, 138.62
1734960236, 141, 15, 41, 0, 0, 0.17%, 7, 0, 6, 140.51
1734960241, 142, 11, 41, 0, 0, 0.17%, 7, 0, 6, 142.88
1734960246, 142, 13, 41, 0, 0, 0.17%, 7, 0, 6, 141.24
1734960251, 142, 15, 41, 0, 0, 0.17%, 7, 0, 6, 139.38
1734960256, 143, 11, 41, 0, 0, 0.17%, 7, 0, 6, 143.74
1734960262, 143, 13, 41, 0, 0, 0.17%, 7, 0, 6, 143.60
1734960267, 143, 15, 41, 0, 0, 0.17%, 7, 0, 6, 145.79
1734960272, 143, 26, 41, 0, 0, 0.17%, 7, 0, 6, 144.66
1734960277, 144, 11, 41, 0, 0, 0.17%, 7, 0, 6, 140.73
1734960282, 144, 13, 41, 0, 0, 0.17%, 7, 0, 6, 144.24
1734960287, 144, 15, 41, 0, 0, 0.17%, 7, 0, 6, 137.72
1734960293, 144, 17, 41, 0, 0, 0.17%, 7, 0, 6, 146.45
1734960298, 144, 39, 41, 0, 0, 0.17%, 7, 0, 6, 153.64
1734960303, 145, 12, 41, 0, 0, 0.17%, 7, 0, 6, 146.45
1734960308, 145, 15, 41, 0, 0, 0.17%, 7, 0, 6, 139.00
1734960313, 145, 35, 41, 0, 0, 0.17%, 7, 0, 6, 148.06
1734960323, 146, 12, 41, 0, 0, 0.17%, 7, 0, 6, 139.69
1734960329, 146, 15, 41, 0, 0, 0.17%, 7, 0, 6, 140.36
1734960334, 146, 35, 41, 0, 0, 0.17%, 7, 0, 6, 147.54
1734960344, 147, 11, 41, 0, 0, 0.17%, 7, 0, 6, 140.44
1734960349, 147, 13, 41, 0, 0, 0.17%, 7, 0, 6, 136.62
1734960354, 147, 15, 41, 0, 0, 0.17%, 7, 0, 6, 136.83
1734960359, 147, 28, 41, 0, 0, 0.17%, 7, 0, 6, 145.57
1734960365, 148, 11, 41, 0, 0, 0.17%, 7, 0, 6, 144.57
1734960370, 148, 13, 41, 0, 0, 0.17%, 7, 0, 6, 134.66
1734960375, 148, 15, 41, 0, 0, 0.17%, 7, 0, 6, 138.62
1734960380, 149, 11, 41, 0, 0, 0.17%, 7, 0, 6, 136.64
1734960385, 149, 13, 41, 0, 0, 0.17%, 7, 0, 6, 139.67
1734960390, 149, 17, 41, 0, 0, 0.17%, 7, 0, 6, 143.56
1734960395, 149, 19, 41, 0, 0, 0.17%, 7, 0, 6, 142.26
1734960401, 149, 29, 41, 0, 0, 0.17%, 7, 0, 6, 139.02
1734960406, 149, 34, 41, 0, 0, 0.17%, 7, 0, 6, 148.83
1734960416, 150, 11, 41, 0, 0, 0.17%, 7, 0, 6, 144.84
1734960421, 150, 13, 41, 0, 0, 0.17%, 7, 0, 6, 142.53
1734960426, 150, 25, 41, 0, 0, 0.17%, 7, 0, 6, 141.19
1734960431, 151, 6, 41, 0, 0, 0.17%, 7, 0, 6, 135.83
1734960437, 151, 12, 41, 0, 0, 0.17%, 7, 0, 6, 138.34
1734960442, 151, 15, 41, 0, 0, 0.17%, 7, 0, 6, 135.50
1734960447, 151, 32, 41, 0, 0, 0.17%, 7, 0, 6, 143.12
1734960452, 151, 34, 41, 0, 0, 0.17%, 7, 0, 6, 158.35
1734960457, 151, 36, 41, 0, 0, 0.17%, 7, 0, 6, 150.41
1734960467, 152, 11, 41, 0, 0, 0.17%, 7, 0, 6, 142.68
1734960473, 152, 13, 41, 0, 0, 0.17%, 7, 0, 6, 137.78
1734960478, 152, 15, 41, 0, 0, 0.17%, 7, 0, 6, 134.78
1734960483, 153, 12, 41, 0, 0, 0.17%, 7, 0, 6, 132.34
1734960488, 153, 15, 41, 0, 0, 0.17%, 7, 0, 6, 134.01
1734960493, 153, 31, 41, 0, 0, 0.17%, 7, 0, 6, 148.78
1734960503, 154, 11, 41, 0, 0, 0.17%, 7, 0, 6, 135.81
1734960509, 154, 13, 41, 0, 0, 0.17%, 7, 0, 6, 141.23
1734960514, 155, 11, 41, 0, 0, 0.17%, 7, 0, 6, 136.28
1734960519, 155, 13, 41, 0, 0, 0.17%, 7, 0, 6, 137.48
1734960524, 155, 15, 41, 0, 0, 0.17%, 7, 0, 6, 133.03
1734960529, 155, 28, 41, 0, 0, 0.17%, 7, 0, 6, 154.79
1734960535, 155, 30, 41, 0, 0, 0.17%, 7, 0, 6, 140.80
1734960545, 155, 31, 41, 0, 0, 0.17%, 7, 0, 6, 149.83
1734960550, 155, 36, 41, 0, 0, 0.17%, 7, 0, 6, 157.02
1734960560, 156, 13, 41, 0, 0, 0.17%, 7, 0, 6, 150.92
1734960565, 156, 15, 41, 0, 0, 0.17%, 7, 0, 6, 138.45
1734960570, 156, 32, 41, 0, 0, 0.17%, 7, 0, 6, 133.76
1734960575, 156, 37, 41, 0, 0, 0.17%, 7, 0, 6, 144.93
1734960580, 157, 11, 41, 0, 0, 0.17%, 7, 0, 6, 138.35
1734960585, 157, 13, 41, 0, 0, 0.17%, 7, 0, 6, 132.00
1734960591, 157, 15, 41, 0, 0, 0.17%, 7, 0, 6, 138.37
1734960596, 157, 24, 41, 0, 0, 0.17%, 7, 0, 6, 150.08
1734960601, 158, 12, 41, 0, 0, 0.17%, 7, 0, 6, 144.10
1734960606, 158, 15, 41, 0, 0, 0.17%, 7, 0, 6, 137.35
1734960611, 158, 19, 41, 0, 0, 0.17%, 7, 0, 6, 138.46
1734960616, 159, 11, 41, 0, 0, 0.17%, 7, 0, 6, 145.78
1734960621, 159, 12, 41, 0, 0, 0.17%, 7, 0, 6, 137.01
1734960627, 159, 15, 41, 0, 0, 0.17%, 7, 0, 6, 139.04
1734960632, 160, 11, 41, 0, 0, 0.17%, 7, 0, 6, 140.97
1734960637, 160, 13, 41, 0, 0, 0.17%, 7, 0, 6, 136.12
1734960642, 160, 15, 41, 0, 0, 0.17%, 7, 0, 6, 137.58
1734960647, 160, 39, 41, 0, 0, 0.17%, 7, 0, 6, 162.90
1734960652, 161, 11, 41, 0, 0, 0.17%, 7, 0, 6, 145.41
1734960658, 161, 13, 41, 0, 0, 0.17%, 7, 0, 6, 139.26
1734960663, 161, 15, 41, 0, 0, 0.17%, 7, 0, 6, 137.12
1734960668, 162, 6, 41, 0, 0, 0.17%, 7, 0, 6, 134.65
1734960673, 162, 12, 41, 0, 0, 0.17%, 7, 0, 6, 140.07
1734960678, 162, 15, 41, 0, 0, 0.17%, 7, 0, 6, 141.73
1734960683, 163, 12, 41, 0, 0, 0.17%, 7, 0, 6, 135.66
1734960688, 163, 13, 41, 0, 0, 0.17%, 7, 0, 6, 138.52
1734960693, 163, 21, 41, 0, 0, 0.17%, 7, 0, 6, 150.29
1734960698, 163, 33, 41, 0, 0, 0.17%, 7, 0, 6, 150.57
1734960704, 164, 8, 41, 0, 0, 0.17%, 7, 0, 6, 145.65
1734960709, 164, 12, 41, 0, 0, 0.17%, 7, 0, 6, 142.12
1734960714, 164, 15, 41, 0, 0, 0.17%, 7, 0, 6, 133.67
1734960719, 164, 16, 41, 0, 0, 0.17%, 7, 0, 6, 138.96
1734960724, 164, 30, 41, 0, 0, 0.17%, 7, 0, 6, 140.20
1734960734, 165, 11, 41, 0, 0, 0.17%, 7, 0, 6, 140.41
1734960740, 165, 13, 41, 0, 0, 0.17%, 7, 0, 6, 135.57
1734960745, 166, 11, 41, 0, 0, 0.17%, 7, 0, 6, 144.84
1734960750, 166, 13, 41, 0, 0, 0.17%, 7, 0, 6, 138.32
1734960755, 166, 15, 41, 0, 0, 0.17%, 7, 0, 6, 138.06
1734960760, 167, 12, 41, 0, 0, 0.17%, 7, 0, 6, 135.68
1734960765, 167, 15, 41, 0, 0, 0.17%, 7, 0, 6, 141.63
1734960770, 167, 28, 41, 0, 0, 0.17%, 7, 0, 6, 153.08
1734960775, 167, 38, 41, 0, 0, 0.17%, 7, 0, 6, 144.85
1734960781, 168, 11, 41, 0, 0, 0.17%, 7, 0, 6, 142.67
1734960786, 168, 13, 41, 0, 0, 0.17%, 7, 0, 6, 138.73
1734960791, 168, 30, 41, 0, 0, 0.17%, 7, 0, 6, 142.70
1734960801, 168, 34, 41, 0, 0, 0.17%, 7, 0, 6, 147.80
1734960807, 169, 11, 41, 0, 0, 0.17%, 7, 0, 6, 141.84
1734960812, 169, 13, 41, 0, 0, 0.17%, 7, 0, 6, 139.11
1734960817, 169, 15, 41, 0, 0, 0.17%, 7, 0, 6, 138.73
1734960822, 169, 28, 41, 0, 0, 0.17%, 7, 0, 6, 144.63
1734960827, 170, 12, 41, 0, 0, 0.17%, 7, 0, 6, 137.47
1734960832, 170, 15, 41, 0, 0, 0.17%, 7, 0, 6, 134.95
1734960837, 171, 3, 41, 0, 0, 0.17%, 7, 0, 6, 142.20
1734960842, 171, 11, 41, 0, 0, 0.17%, 7, 0, 6, 140.15
1734960848, 171, 13, 41, 0, 0, 0.17%, 7, 0, 6, 137.93
1734960853, 171, 15, 41, 0, 0, 0.17%, 7, 0, 6, 134.53
1734960858, 171, 26, 41, 0, 0, 0.17%, 7, 0, 6, 144.44
1734960863, 172, 12, 41, 0, 0, 0.17%, 7, 0, 6, 148.40
1734960868, 172, 13, 41, 0, 0, 0.17%, 7, 0, 6, 138.36
1734960873, 172, 25, 41, 0, 0, 0.17%, 7, 0, 6, 144.84
1734960879, 173, 11, 41, 0, 0, 0.17%, 7, 0, 6, 142.38
1734960884, 173, 13, 41, 0, 0, 0.17%, 7, 0, 6, 138.56
1734960889, 173, 23, 41, 0, 0, 0.17%, 7, 0, 6, 142.26
1734960894, 174, 12, 41, 0, 0, 0.17%, 7, 0, 6, 138.00
1734960899, 174, 15, 41, 0, 0, 0.17%, 7, 0, 6, 136.54
1734960905, 174, 33, 41, 0, 0, 0.17%, 7, 0, 6, 147.19
1734960915, 174, 36, 41, 0, 0, 0.17%, 7, 0, 6, 146.17
1734960920, 175, 12, 41, 0, 0, 0.17%, 7, 0, 6, 146.29
1734960925, 175, 15, 41, 0, 0, 0.17%, 7, 0, 6, 141.69
1734960930, 175, 25, 41, 0, 0, 0.17%, 7, 0, 6, 140.79
1734960935, 175, 39, 41, 0, 0, 0.17%, 7, 0, 6, 147.79
1734960946, 176, 12, 41, 0, 0, 0.17%, 7, 0, 6, 138.89
1734960951, 176, 15, 41, 0, 0, 0.17%, 7, 0, 6, 135.87
1734960956, 176, 19, 41, 0, 0, 0.17%, 7, 0, 6, 130.97
1734960961, 177, 12, 41, 0, 0, 0.17%, 7, 0, 6, 135.74
1734960966, 177, 15, 41, 0, 0, 0.17%, 7, 0, 6, 139.14
1734960971, 177, 26, 41, 0, 0, 0.17%, 7, 0, 6, 149.10
1734960977, 177, 30, 41, 0, 0, 0.17%, 7, 0, 6, 146.01
1734960982, 177, 38, 41, 0, 0, 0.17%, 7, 0, 6, 144.40
1734960987, 178, 11, 41, 0, 0, 0.17%, 7, 0, 6, 142.45
1734960992, 178, 13, 41, 0, 0, 0.17%, 7, 0, 6, 141.79
1734960997, 178, 15, 41, 0, 0, 0.17%, 7, 0, 6, 139.95
1734961002, 179, 11, 41, 0, 0, 0.17%, 7, 0, 6, 135.97
1734961008, 179, 13, 41, 0, 0, 0.17%, 7, 0, 6, 134.84
1734961013, 179, 15, 41, 0, 0, 0.17%, 7, 0, 6, 138.12
1734961018, 179, 36, 41, 0, 0, 0.17%, 7, 0, 6, 149.33
1734961023, 180, 11, 41, 0, 0, 0.17%, 7, 0, 6, 141.21
1734961028, 180, 13, 41, 0, 0, 0.17%, 7, 0, 6, 140.48
1734961033, 181, 11, 41, 0, 0, 0.17%, 7, 0, 6, 140.66
1734961038, 181, 13, 41, 0, 0, 0.17%, 7, 0, 6, 138.49
1734961044, 181, 15, 41, 0, 0, 0.17%, 7, 0, 6, 133.44
1734961049, 182, 11, 41, 0, 0, 0.17%, 7, 0, 6, 143.62
1734961054, 182, 13, 41, 0, 0, 0.17%, 7, 0, 6, 132.58
1734961059, 182, 15, 41, 0, 0, 0.17%, 7, 0, 6, 134.47
1734961064, 183, 12, 41, 0, 0, 0.17%, 7, 0, 6, 140.38
1734961069, 183, 15, 41, 0, 0, 0.17%, 7, 0, 6, 139.46
1734961074, 183, 24, 41, 0, 0, 0.17%, 7, 0, 6, 135.34
1734961080, 183, 27, 41, 0, 0, 0.17%, 7, 0, 6, 146.70
1734961090, 184, 12, 41, 0, 0, 0.17%, 7, 0, 6, 144.62
1734961095, 184, 15, 41, 0, 0, 0.17%, 7, 0, 6, 138.01
1734961100, 184, 26, 41, 0, 0, 0.17%, 7, 0, 6, 135.39
1734961105, 184, 31, 41, 0, 0, 0.17%, 7, 0, 6, 158.21
1734961116, 185, 12, 41, 0, 0, 0.17%, 7, 0, 6, 141.88
1734961121, 185, 15, 41, 0, 0, 0.17%, 7, 0, 6, 137.22
1734961126, 185, 31, 41, 0, 0, 0.17%, 7, 0, 6, 152.95
1734961131, 186, 8, 41, 0, 0, 0.17%, 7, 0, 6, 145.60
1734961136, 186, 11, 41, 0, 0, 0.17%, 7, 0, 6, 139.75
1734961141, 186, 13, 41, 0, 0, 0.17%, 7, 0, 6, 139.55
1734961147, 186, 15, 41, 0, 0, 0.17%, 7, 0, 6, 136.06
1734961152, 186, 27, 41, 0, 0, 0.17%, 7, 0, 6, 139.58
1734961157, 187, 7, 41, 0, 0, 0.17%, 7, 0, 6, 142.40
1734961162, 187, 12, 41, 0, 0, 0.17%, 7, 0, 6, 146.27
1734961167, 187, 15, 41, 0, 0, 0.17%, 7, 0, 6, 140.04
1734961172, 187, 35, 41, 0, 0, 0.17%, 7, 0, 6, 150.35
1734961178, 188, 5, 41, 0, 0, 0.17%, 7, 0, 6, 141.47
1734961183, 188, 12, 41, 0, 0, 0.17%, 7, 0, 6, 142.77
1734961188, 188, 15, 41, 0, 0, 0.17%, 7, 0, 6, 133.60
1734961193, 189, 11, 41, 0, 0, 0.17%, 7, 0, 6, 142.85
1734961198, 189, 13, 41, 0, 0, 0.17%, 7, 0, 6, 140.86
1734961203, 189, 24, 41, 0, 0, 0.17%, 7, 0, 6, 144.14
1734961209, 190, 1, 41, 0, 0, 0.17%, 7, 0, 6, 139.09
1734961214, 190, 11, 41, 0, 0, 0.17%, 7, 0, 6, 140.80
1734961219, 190, 13, 41, 0, 0, 0.17%, 7, 0, 6, 141.04
1734961224, 190, 25, 41, 0, 0, 0.17%, 7, 0, 6, 144.20
1734961229, 190, 39, 41, 0, 0, 0.17%, 7, 0, 6, 144.82
1734961239, 191, 11, 41, 0, 0, 0.17%, 7, 0, 6, 147.01
1734961244, 191, 13, 41, 0, 0, 0.17%, 7, 0, 6, 137.69
1734961249, 191, 15, 41, 0, 0, 0.17%, 7, 0, 6, 142.24
1734961255, 192, 11, 41, 0, 0, 0.17%, 7, 0, 6, 139.83
1734961260, 192, 13, 41, 0, 0, 0.17%, 7, 0, 6, 135.66
1734961265, 192, 15, 41, 0, 0, 0.17%, 7, 0, 6, 136.18
1734961270, 193, 11, 41, 0, 0, 0.17%, 7, 0, 6, 139.72
1734961275, 193, 13, 41, 0, 0, 0.17%, 7, 0, 6, 141.03
1734961280, 194, 2, 41, 0, 0, 0.17%, 7, 0, 6, 139.51
1734961285, 194, 12, 41, 0, 0, 0.17%, 7, 0, 6, 132.22
1734961291, 194, 15, 41, 0, 0, 0.17%, 7, 0, 6, 139.28
1734961296, 195, 11, 41, 0, 0, 0.17%, 7, 0, 6, 143.93
1734961301, 195, 13, 41, 0, 0, 0.17%, 7, 0, 6, 141.68
1734961306, 195, 18, 41, 0, 0, 0.17%, 7, 0, 6, 145.13
1734961311, 195, 30, 41, 0, 0, 0.17%, 7, 0, 6, 138.86
1734961321, 195, 36, 41, 0, 0, 0.17%, 7, 0, 6, 160.16
1734961326, 196, 8, 41, 0, 0, 0.17%, 7, 0, 6, 145.61
1734961331, 196, 12, 41, 0, 0, 0.17%, 7, 0, 6, 136.62
1734961337, 196, 14, 41, 0, 0, 0.17%, 7, 0, 6, 144.38
1734961342, 196, 15, 41, 0, 0, 0.17%, 7, 0, 6, 130.87
1734961347, 197, 11, 41, 0, 0, 0.17%, 7, 0, 6, 134.35
1734961352, 197, 13, 41, 0, 0, 0.17%, 7, 0, 6, 139.49
1734961357, 197, 15, 41, 0, 0, 0.17%, 7, 0, 6, 140.51
1734961362, 197, 36, 41, 0, 0, 0.17%, 7, 0, 6, 152.69
1734961373, 197, 39, 41, 0, 0, 0.17%, 7, 0, 6, 156.21
1734961378, 198, 12, 41, 0, 0, 0.17%, 7, 0, 6, 141.37
1734961383, 198, 15, 41, 0, 0, 0.17%, 7, 0, 6, 140.60
1734961388, 198, 27, 41, 0, 0, 0.17%, 7, 0, 6, 140.43
1734961393, 199, 2, 41, 0, 0, 0.17%, 7, 0, 6, 144.84
1734961398, 199, 12, 41, 0, 0, 0.17%, 7, 0, 6, 136.51
1734961404, 199, 14, 41, 0, 0, 0.17%, 7, 0, 6, 139.22
1734961409, 199, 15, 41, 0, 0, 0.17%, 7, 0, 6, 137.89
1734961414, 200, 11, 41, 0, 0, 0.17%, 7, 0, 6, 130.39
1734961419, 200, 13, 41, 0, 0, 0.17%, 7, 0, 6, 139.81
1734961424, 200, 15, 41, 0, 0, 0.17%, 7, 0, 6, 142.62
1734961430, 200, 24, 41, 0, 0, 0.17%, 7, 0, 6, 140.35
1734961435, 201, 11, 41, 0, 0, 0.17%, 7, 0, 6, 144.11
1734961440, 201, 15, 41, 0, 0, 0.17%, 7, 0, 6, 139.50
1734961445, 201, 24, 41, 0, 0, 0.17%, 7, 0, 6, 142.36
1734961450, 202, 9, 41, 0, 0, 0.17%, 7, 0, 6, 144.21
1734961455, 202, 12, 41, 0, 0, 0.17%, 7, 0, 6, 138.40
1734961460, 202, 15, 41, 0, 0, 0.17%, 7, 0, 6, 132.31
1734961465, 203, 8, 41, 0, 0, 0.17%, 7, 0, 6, 141.71
1734961470, 203, 12, 41, 0, 0, 0.17%, 7, 0, 6, 137.32
1734961476, 203, 15, 41, 0, 0, 0.17%, 7, 0, 6, 136.10
1734961481, 203, 26, 41, 0, 0, 0.17%, 7, 0, 6, 136.35
1734961486, 204, 11, 41, 0, 0, 0.17%, 7, 0, 6, 133.71
1734961491, 204, 13, 41, 0, 0, 0.17%, 7, 0, 6, 140.01
1734961496, 204, 15, 41, 0, 0, 0.17%, 7, 0, 6, 139.15
1734961501, 205, 12, 41, 0, 0, 0.17%, 7, 0, 6, 137.47
1734961506, 205, 15, 41, 0, 0, 0.17%, 7, 0, 6, 139.00
1734961511, 205, 21, 41, 0, 0, 0.17%, 7, 0, 6, 136.89
1734961516, 205, 34, 41, 0, 0, 0.17%, 7, 0, 6, 150.83
1734961521, 205, 39, 41, 0, 0, 0.17%, 7, 0, 6, 159.01
1734961532, 206, 12, 41, 0, 0, 0.17%, 7, 0, 6, 137.36
1734961537, 206, 15, 41, 0, 0, 0.17%, 7, 0, 6, 145.48
1734961542, 207, 11, 41, 0, 0, 0.17%, 7, 0, 6, 141.07
1734961547, 207, 13, 41, 0, 0, 0.17%, 7, 0, 6, 142.87
1734961552, 207, 15, 41, 0, 0, 0.17%, 7, 0, 6, 135.45
1734961558, 207, 29, 41, 0, 0, 0.17%, 7, 0, 6, 138.60
1734961563, 208, 11, 41, 0, 0, 0.17%, 7, 0, 6, 135.04
1734961568, 208, 13, 41, 0, 0, 0.17%, 7, 0, 6, 138.94
1734961573, 208, 27, 41, 0, 0, 0.17%, 7, 0, 6, 138.35
1734961578, 208, 30, 41, 0, 0, 0.17%, 7, 0, 6, 146.82
1734961589, 209, 12, 41, 0, 0, 0.17%, 7, 0, 6, 139.07
1734961594, 209, 15, 41, 0, 0, 0.17%, 7, 0, 6, 143.39
1734961599, 209, 40, 41, 0, 0, 0.17%, 7, 0, 6, 157.75
1734961619, 210, 11, 41, 0, 0, 0.17%, 7, 0, 6, 147.97
1734961624, 210, 13, 41, 0, 0, 0.17%, 7, 0, 6, 145.57
1734961630, 210, 15, 41, 0, 0, 0.17%, 7, 0, 6, 132.32
1734961635, 211, 12, 41, 0, 0, 0.17%, 7, 0, 6, 136.46
1734961640, 211, 15, 41, 0, 0, 0.17%, 7, 0, 6, 139.95
1734961645, 211, 22, 41, 0, 0, 0.17%, 7, 0, 6, 132.85
1734961650, 212, 11, 41, 0, 0, 0.17%, 7, 0, 6, 134.19
1734961655, 212, 13, 41, 0, 0, 0.17%, 7, 0, 6, 132.87
1734961660, 212, 15, 41, 0, 0, 0.17%, 7, 0, 6, 137.70
1734961666, 212, 16, 41, 0, 0, 0.17%, 7, 0, 6, 140.39
1734961671, 212, 24, 41, 0, 0, 0.17%, 7, 0, 6, 140.53
1734961676, 212, 32, 41, 0, 0, 0.17%, 7, 0, 6, 138.54
1734961681, 213, 11, 41, 0, 0, 0.17%, 7, 0, 6, 133.39
1734961686, 213, 13, 41, 0, 0, 0.17%, 7, 0, 6, 139.67
1734961692, 214, 11, 41, 0, 0, 0.17%, 7, 0, 6, 138.66
1734961697, 214, 13, 41, 0, 0, 0.17%, 7, 0, 6, 143.75
1734961702, 214, 15, 41, 0, 0, 0.17%, 7, 0, 6, 129.98
1734961707, 214, 29, 41, 0, 0, 0.17%, 7, 0, 6, 138.88
1734961717, 215, 12, 41, 0, 0, 0.17%, 7, 0, 6, 139.27
1734961722, 215, 13, 41, 0, 0, 0.17%, 7, 0, 6, 134.67
1734961728, 215, 37, 41, 0, 0, 0.17%, 7, 0, 6, 141.98
1734961733, 215, 40, 41, 0, 0, 0.17%, 7, 0, 6, 152.92
1734961753, 216, 11, 41, 0, 0, 0.17%, 7, 0, 6, 139.01
1734961758, 216, 13, 41, 0, 0, 0.17%, 7, 0, 6, 137.71
1734961763, 216, 15, 41, 0, 0, 0.17%, 7, 0, 6, 139.55
1734961769, 216, 29, 41, 0, 0, 0.17%, 7, 0, 6, 140.83
1734961774, 217, 11, 41, 0, 0, 0.17%, 7, 0, 6, 142.16
1734961779, 217, 13, 41, 0, 0, 0.17%, 7, 0, 6, 136.81
1734961784, 217, 15, 41, 0, 0, 0.17%, 7, 0, 6, 132.16
1734961789, 218, 12, 41, 0, 0, 0.17%, 7, 0, 6, 135.94
1734961794, 218, 15, 41, 0, 0, 0.17%, 7, 0, 6, 137.06
1734961799, 218, 39, 41, 0, 0, 0.17%, 7, 0, 6, 154.32
1734961810, 219, 12, 41, 0, 0, 0.17%, 7, 0, 6, 142.98
1734961815, 219, 15, 41, 0, 0, 0.17%, 7, 0, 6, 136.37
1734961820, 219, 29, 41, 0, 0, 0.17%, 7, 0, 6, 144.38
1734961830, 220, 12, 41, 0, 0, 0.17%, 7, 0, 6, 138.40
1734961836, 220, 15, 41, 0, 0, 0.17%, 7, 0, 6, 141.31
1734961841, 220, 16, 41, 0, 0, 0.17%, 7, 0, 6, 145.96
1734961846, 221, 11, 41, 0, 0, 0.17%, 7, 0, 6, 142.91
1734961851, 221, 13, 41, 0, 0, 0.17%, 7, 0, 6, 135.68
1734961856, 221, 15, 41, 0, 0, 0.17%, 7, 0, 6, 137.14
1734961861, 221, 22, 41, 0, 0, 0.17%, 7, 0, 6, 138.98
1734961866, 222, 11, 41, 0, 0, 0.17%, 7, 0, 6, 145.62
1734961871, 222, 13, 41, 0, 0, 0.17%, 7, 0, 6, 139.59
1734961877, 222, 15, 41, 0, 0, 0.17%, 7, 0, 6, 141.04
1734961882, 223, 2, 41, 0, 0, 0.17%, 7, 0, 6, 144.93
1734961887, 223, 13, 41, 0, 0, 0.17%, 7, 0, 6, 142.45
1734961892, 223, 15, 41, 0, 0, 0.17%, 7, 0, 6, 136.27
1734961897, 224, 12, 41, 0, 0, 0.17%, 7, 0, 6, 139.20
1734961902, 224, 15, 41, 0, 0, 0.17%, 7, 0, 6, 140.09
1734961907, 224, 39, 41, 0, 0, 0.17%, 7, 0, 6, 152.96
1734961918, 224, 40, 41, 0, 0, 0.17%, 7, 0, 6, 171.28
1734961933, 225, 5, 41, 0, 0, 0.17%, 7, 0, 6, 139.77
1734961938, 225, 11, 41, 0, 0, 0.17%, 7, 0, 6, 143.64
1734961943, 225, 13, 41, 0, 0, 0.17%, 7, 0, 6, 136.56
1734961948, 225, 15, 41, 0, 0, 0.17%, 7, 0, 6, 138.16
1734961954, 225, 24, 41, 0, 0, 0.17%, 7, 0, 6, 139.56
1734961959, 226, 12, 41, 0, 0, 0.17%, 7, 0, 6, 137.80
1734961964, 226, 15, 41, 0, 0, 0.17%, 7, 0, 6, 141.28
1734961969, 226, 24, 41, 0, 0, 0.17%, 7, 0, 6, 139.58
1734961974, 227, 12, 41, 0, 0, 0.17%, 7, 0, 6, 140.40
1734961979, 227, 13, 41, 0, 0, 0.17%, 7, 0, 6, 138.51
1734961984, 227, 35, 41, 0, 0, 0.17%, 7, 0, 6, 140.33
1734961995, 228, 11, 41, 0, 0, 0.17%, 7, 0, 6, 138.29
1734962000, 228, 13, 41, 0, 0, 0.17%, 7, 0, 6, 135.15
1734962005, 228, 21, 41, 0, 0, 0.17%, 7, 0, 6, 137.61
1734962010, 229, 12, 41, 0, 0, 0.17%, 7, 0, 6, 135.19
1734962015, 229, 15, 41, 0, 0, 0.17%, 7, 0, 6, 142.16
1734962021, 229, 35, 41, 0, 0, 0.17%, 7, 0, 6, 146.97
1734962031, 230, 11, 41, 0, 0, 0.17%, 7, 0, 6, 139.27
1734962036, 230, 13, 41, 0, 0, 0.17%, 7, 0, 6, 143.12
1734962041, 230, 15, 41, 0, 0, 0.17%, 7, 0, 6, 131.08
1734962046, 230, 40, 41, 0, 0, 0.17%, 7, 0, 6, 147.18
1734962056, 231, 12, 41, 0, 0, 0.17%, 7, 0, 6, 136.27
1734962061, 231, 15, 41, 0, 0, 0.17%, 7, 0, 6, 137.22
1734962066, 231, 29, 41, 0, 0, 0.17%, 7, 0, 6, 139.59
1734962077, 232, 11, 41, 0, 0, 0.17%, 7, 0, 6, 139.42
1734962082, 232, 13, 41, 0, 0, 0.17%, 7, 0, 6, 140.73
1734962087, 232, 15, 41, 0, 0, 0.17%, 7, 0, 6, 136.22
1734962092, 232, 39, 41, 0, 0, 0.17%, 7, 0, 6, 138.19
1734962103, 233, 12, 41, 0, 0, 0.17%, 7, 0, 6, 143.49
1734962108, 233, 15, 41, 0, 0, 0.17%, 7, 0, 6, 134.24
1734962113, 233, 39, 41, 0, 0, 0.17%, 7, 0, 6, 151.31
1734962123, 234, 12, 41, 0, 0, 0.17%, 7, 0, 6, 143.37
1734962128, 234, 15, 41, 0, 0, 0.17%, 7, 0, 6, 140.69
1734962134, 235, 6, 41, 0, 0, 0.17%, 7, 0, 6, 141.39
1734962139, 235, 12, 41, 0, 0, 0.17%, 7, 0, 6, 140.60
1734962144, 235, 13, 41, 0, 0, 0.17%, 7, 0, 6, 138.00
1734962149, 235, 14, 41, 0, 0, 0.17%, 7, 0, 6, 136.66
1734962154, 235, 25, 41, 0, 0, 0.17%, 7, 0, 6, 135.41
1734962159, 235, 38, 41, 0, 0, 0.17%, 7, 0, 6, 138.16
1734962164, 235, 39, 41, 0, 0, 0.17%, 7, 0, 6, 152.11
1734962175, 236, 12, 41, 0, 0, 0.17%, 7, 0, 6, 142.86
1734962180, 236, 15, 41, 0, 0, 0.17%, 7, 0, 6, 135.83
1734962185, 237, 1, 41, 0, 0, 0.17%, 7, 0, 6, 135.45
1734962190, 237, 12, 41, 0, 0, 0.17%, 7, 0, 6, 138.55
1734962195, 237, 15, 41, 0, 0, 0.17%, 7, 0, 6, 138.47
1734962200, 237, 39, 41, 0, 0, 0.17%, 7, 0, 6, 159.82
1734962210, 238, 12, 41, 0, 0, 0.17%, 7, 0, 6, 141.29
1734962216, 238, 15, 41, 0, 0, 0.17%, 7, 0, 6, 138.24
1734962221, 238, 27, 41, 0, 0, 0.17%, 7, 0, 6, 139.21
1734962226, 238, 30, 41, 0, 0, 0.17%, 7, 0, 6, 142.33
1734962231, 239, 11, 41, 0, 0, 0.17%, 7, 0, 6, 143.79
1734962236, 239, 13, 41, 0, 0, 0.17%, 7, 0, 6, 134.75
1734962241, 239, 15, 41, 0, 0, 0.17%, 7, 0, 6, 136.31
1734962246, 239, 27, 41, 0, 0, 0.17%, 7, 0, 6, 144.91
1734962252, 240, 12, 41, 0, 0, 0.17%, 7, 0, 6, 144.12
1734962257, 240, 15, 41, 0, 0, 0.17%, 7, 0, 6, 139.16
1734962262, 240, 26, 41, 0, 0, 0.17%, 7, 0, 6, 140.10
1734962267, 241, 11, 41, 0, 0, 0.17%, 7, 0, 6, 142.42
1734962272, 241, 13, 41, 0, 0, 0.17%, 7, 0, 6, 137.55
1734962277, 241, 15, 41, 0, 0, 0.17%, 7, 0, 6, 143.71
1734962283, 241, 40, 41, 0, 0, 0.17%, 7, 0, 6, 153.49
1734962288, 242, 11, 41, 0, 0, 0.17%, 7, 0, 6, 135.64
1734962293, 242, 13, 41, 0, 0, 0.17%, 7, 0, 6, 134.70
1734962298, 242, 15, 41, 0, 0, 0.17%, 7, 0, 6, 139.28
1734962303, 242, 38, 41, 0, 0, 0.17%, 7, 0, 6, 137.41
1734962308, 243, 12, 41, 0, 0, 0.17%, 7, 0, 6, 137.80
1734962313, 243, 15, 41, 0, 0, 0.17%, 7, 0, 6, 139.31
1734962318, 243, 30, 41, 0, 0, 0.17%, 7, 0, 6, 140.01
1734962328, 243, 33, 41, 0, 0, 0.17%, 7, 0, 6, 148.72
1734962333, 244, 2, 41, 0, 0, 0.17%, 7, 0, 6, 143.05
1734962339, 244, 11, 41, 0, 0, 0.17%, 7, 0, 6, 135.40
1734962344, 244, 13, 41, 0, 0, 0.17%, 7, 0, 6, 134.16
1734962349, 244, 15, 41, 0, 0, 0.17%, 7, 0, 6, 144.07
1734962354, 245, 8, 41, 0, 0, 0.17%, 7, 0, 6, 138.27
1734962359, 245, 13, 41, 0, 0, 0.17%, 7, 0, 6, 143.30
1734962364, 245, 15, 41, 0, 0, 0.17%, 7, 0, 6, 139.17
1734962370, 246, 11, 41, 0, 0, 0.17%, 7, 0, 6, 141.59
1734962375, 246, 13, 41, 0, 0, 0.17%, 7, 0, 6, 139.17
1734962380, 246, 15, 41, 0, 0, 0.17%, 7, 0, 6, 138.38
1734962385, 247, 12, 41, 0, 0, 0.17%, 7, 0, 6, 139.15
1734962390, 247, 15, 41, 0, 0, 0.17%, 7, 0, 6, 134.65
1734962395, 247, 23, 41, 0, 0, 0.17%, 7, 0, 6, 147.04
1734962400, 248, 9, 41, 0, 0, 0.17%, 7, 0, 6, 144.72
1734962406, 248, 12, 41, 0, 0, 0.17%, 7, 0, 6, 136.80
1734962411, 248, 15, 41, 0, 0, 0.17%, 7, 0, 6, 133.09
1734962416, 249, 11, 41, 0, 0, 0.17%, 7, 0, 6, 141.03
1734962421, 249, 13, 41, 0, 0, 0.17%, 7, 0, 6, 137.32
1734962426, 249, 15, 41, 0, 0, 0.17%, 7, 0, 6, 136.71
1734962431, 250, 11, 41, 0, 0, 0.17%, 7, 0, 6, 141.10
1734962437, 250, 13, 41, 0, 0, 0.17%, 7, 0, 6, 140.84
1734962442, 250, 23, 41, 0, 0, 0.17%, 7, 0, 6, 143.25
1734962447, 251, 12, 41, 0, 0, 0.17%, 7, 0, 6, 143.48
1734962452, 251, 15, 41, 0, 0, 0.17%, 7, 0, 6, 140.57
1734962457, 251, 26, 41, 0, 0, 0.17%, 7, 0, 6, 144.19
1734962462, 251, 28, 41, 0, 0, 0.17%, 7, 0, 6, 152.63
1734962468, 252, 11, 41, 0, 0, 0.17%, 7, 0, 6, 140.78
1734962473, 252, 13, 41, 0, 0, 0.17%, 7, 0, 6, 135.08
1734962478, 252, 21, 41, 0, 0, 0.17%, 7, 0, 6, 142.34
1734962483, 252, 39, 41, 0, 0, 0.17%, 7, 0, 6, 160.59
1734962488, 253, 11, 41, 0, 0, 0.17%, 7, 0, 6, 149.41
1734962493, 253, 13, 41, 0, 0, 0.17%, 7, 0, 6, 146.57
1734962498, 253, 25, 41, 0, 0, 0.17%, 7, 0, 6, 138.88
1734962504, 253, 34, 41, 0, 0, 0.17%, 7, 0, 6, 148.98
1734962514, 254, 11, 41, 0, 0, 0.17%, 7, 0, 6, 134.46
1734962519, 254, 13, 41, 0, 0, 0.17%, 7, 0, 6, 138.91
1734962524, 254, 15, 41, 0, 0, 0.17%, 7, 0, 6, 134.92
1734962529, 255, 12, 41, 0, 0, 0.17%, 7, 0, 6, 142.24
1734962534, 255, 15, 41, 0, 0, 0.17%, 7, 0, 6, 138.61
1734962540, 255, 16, 41, 0, 0, 0.17%, 7, 0, 6, 150.33
1734962545, 255, 18, 41, 0, 0, 0.17%, 7, 0, 6, 154.03
1734962550, 256, 12, 41, 0, 0, 0.17%, 7, 0, 6, 139.59
1734962555, 256, 15, 41, 0, 0, 0.17%, 7, 0, 6, 138.57
1734962560, 257, 3, 41, 0, 0, 0.17%, 7, 0, 6, 139.57
1734962565, 257, 12, 41, 0, 0, 0.17%, 7, 0, 6, 143.08
1734962570, 257, 15, 41, 0, 0, 0.17%, 7, 0, 6, 136.58
1734962576, 258, 7, 41, 0, 0, 0.17%, 7, 0, 6, 146.16
1734962581, 258, 12, 41, 0, 0, 0.17%, 7, 0, 6, 138.95
1734962586, 258, 15, 41, 0, 0, 0.17%, 7, 0, 6, 131.44
1734962591, 258, 27, 41, 0, 0, 0.17%, 7, 0, 6, 145.32
1734962596, 258, 37, 41, 0, 0, 0.17%, 7, 0, 6, 144.98
1734962601, 259, 11, 41, 0, 0, 0.17%, 7, 0, 6, 139.41
1734962607, 259, 13, 41, 0, 0, 0.17%, 7, 0, 6, 136.37
1734962612, 259, 15, 41, 0, 0, 0.17%, 7, 0, 6, 139.85
1734962617, 260, 12, 41, 0, 0, 0.17%, 7, 0, 6, 141.66
1734962622, 260, 15, 41, 0, 0, 0.17%, 7, 0, 6, 143.18
1734962627, 260, 26, 41, 0, 0, 0.17%, 7, 0, 6, 139.84
1734962632, 261, 12, 41, 0, 0, 0.17%, 7, 0, 6, 137.69
1734962638, 261, 15, 41, 0, 0, 0.17%, 7, 0, 6, 136.17
1734962643, 262, 8, 41, 0, 0, 0.17%, 7, 0, 6, 138.27
1734962648, 262, 12, 41, 0, 0, 0.17%, 7, 0, 6, 135.09
1734962653, 262, 15, 41, 0, 0, 0.17%, 7, 0, 6, 140.16
1734962658, 262, 36, 41, 0, 0, 0.17%, 7, 0, 6, 153.34
1734962668, 263, 10, 41, 0, 0, 0.17%, 7, 0, 6, 137.26
1734962674, 263, 12, 41, 0, 0, 0.17%, 7, 0, 6, 142.77
1734962679, 263, 15, 41, 0, 0, 0.17%, 7, 0, 6, 133.86
1734962684, 263, 18, 41, 0, 0, 0.17%, 7, 0, 6, 132.14
1734962689, 264, 11, 41, 0, 0, 0.17%, 7, 0, 6, 136.82
1734962694, 264, 15, 41, 0, 0, 0.17%, 7, 0, 6, 142.12
1734962699, 264, 35, 41, 0, 0, 0.17%, 7, 0, 6, 140.29
1734962709, 265, 11, 41, 0, 0, 0.17%, 7, 0, 6, 145.41
1734962715, 265, 13, 41, 0, 0, 0.17%, 7, 0, 6, 138.88
1734962720, 265, 21, 41, 0, 0, 0.17%, 7, 0, 6, 133.01
1734962725, 266, 12, 41, 0, 0, 0.17%, 7, 0, 6, 137.48
1734962730, 266, 15, 41, 0, 0, 0.17%, 7, 0, 6, 137.95
1734962735, 266, 36, 41, 0, 0, 0.17%, 7, 0, 6, 154.65
1734962745, 267, 9, 41, 0, 0, 0.17%, 7, 0, 6, 141.42
1734962751, 267, 12, 41, 0, 0, 0.17%, 7, 0, 6, 145.21
1734962756, 267, 15, 41, 0, 0, 0.17%, 7, 0, 6, 139.30
1734962761, 267, 24, 41, 0, 0, 0.17%, 7, 0, 6, 143.37
1734962766, 268, 11, 41, 0, 0, 0.17%, 7, 0, 6, 139.75
1734962771, 268, 13, 41, 0, 0, 0.17%, 7, 0, 6, 136.48
1734962776, 268, 15, 41, 0, 0, 0.17%, 7, 0, 6, 144.50
1734962781, 268, 26, 41, 0, 0, 0.17%, 7, 0, 6, 135.32
1734962787, 268, 33, 41, 0, 0, 0.17%, 7, 0, 6, 150.23
1734962792, 269, 11, 41, 0, 0, 0.17%, 7, 0, 6, 137.28
1734962797, 269, 13, 41, 0, 0, 0.17%, 7, 0, 6, 136.98
1734962802, 269, 15, 41, 0, 0, 0.17%, 7, 0, 6, 135.84
1734962807, 269, 29, 41, 0, 0, 0.17%, 7, 0, 6, 140.38
1734962818, 269, 32, 41, 0, 0, 0.17%, 7, 0, 6, 146.32
1734962823, 269, 35, 41, 0, 0, 0.17%, 7, 0, 6, 157.39
1734962828, 269, 37, 41, 0, 0, 0.17%, 7, 0, 6, 147.37
1734962833, 270, 11, 41, 0, 0, 0.17%, 7, 0, 6, 132.92
1734962838, 270, 13, 41, 0, 0, 0.17%, 7, 0, 6, 137.10
1734962843, 271, 6, 41, 0, 0, 0.17%, 7, 0, 6, 132.51
1734962849, 271, 12, 41, 0, 0, 0.17%, 7, 0, 6, 132.10
1734962854, 271, 15, 41, 0, 0, 0.17%, 7, 0, 6, 135.85
1734962859, 271, 20, 41, 0, 0, 0.17%, 7, 0, 6, 136.81
1734962864, 271, 26, 41, 0, 0, 0.17%, 7, 0, 6, 134.51
1734962869, 271, 33, 41, 0, 0, 0.17%, 7, 0, 6, 151.62
1734962874, 271, 39, 41, 0, 0, 0.17%, 7, 0, 6, 154.98
1734962885, 272, 12, 41, 0, 0, 0.17%, 7, 0, 6, 143.91
1734962890, 272, 15, 41, 0, 0, 0.17%, 7, 0, 6, 141.44
1734962895, 272, 34, 41, 0, 0, 0.17%, 7, 0, 6, 147.71
1734962900, 273, 11, 41, 0, 0, 0.17%, 7, 0, 6, 138.14
1734962905, 273, 13, 41, 0, 0, 0.17%, 7, 0, 6, 136.02
1734962910, 273, 15, 41, 0, 0, 0.17%, 7, 0, 6, 139.48
1734962915, 274, 11, 41, 0, 0, 0.17%, 7, 0, 6, 140.32
1734962920, 274, 13, 41, 0, 0, 0.17%, 7, 0, 6, 133.66
1734962925, 274, 15, 41, 0, 0, 0.17%, 7, 0, 6, 132.43
1734962931, 274, 31, 41, 0, 0, 0.17%, 7, 0, 6, 142.06
1734962941, 274, 36, 41, 0, 0, 0.17%, 7, 0, 6, 153.23
1734962946, 275, 11, 41, 0, 0, 0.17%, 7, 0, 6, 145.08
1734962951, 275, 13, 41, 0, 0, 0.17%, 7, 0, 6, 135.91
1734962956, 275, 15, 41, 0, 0, 0.17%, 7, 0, 6, 134.79
1734962961, 275, 36, 41, 0, 0, 0.17%, 7, 0, 6, 145.28
1734962967, 275, 37, 41, 0, 0, 0.17%, 7, 0, 6, 146.58
1734962972, 275, 38, 41, 0, 0, 0.17%, 7, 0, 6, 142.69
1734962977, 276, 11, 41, 0, 0, 0.17%, 7, 0, 6, 140.41
1734962982, 276, 13, 41, 0, 0, 0.17%, 7, 0, 6, 136.56
1734962987, 276, 15, 41, 0, 0, 0.17%, 7, 0, 6, 143.47
1734962992, 277, 12, 41, 0, 0, 0.17%, 7, 0, 6, 138.51
1734962997, 277, 15, 41, 0, 0, 0.17%, 7, 0, 6, 136.91
1734963003, 278, 11, 41, 0, 0, 0.17%, 7, 0, 6, 127.53
1734963008, 278, 13, 41, 0, 0, 0.17%, 7, 0, 6, 138.93
1734963013, 278, 15, 41, 0, 0, 0.17%, 7, 0, 6, 139.64
1734963018, 279, 9, 41, 0, 0, 0.17%, 7, 0, 6, 134.26
1734963023, 279, 12, 41, 0, 0, 0.17%, 7, 0, 6, 141.63
1734963028, 279, 15, 41, 0, 0, 0.17%, 7, 0, 6, 136.82
1734963033, 279, 31, 41, 0, 0, 0.17%, 7, 0, 6, 152.42
1734963044, 279, 34, 41, 0, 0, 0.17%, 7, 0, 6, 147.86
1734963049, 280, 12, 41, 0, 0, 0.17%, 7, 0, 6, 141.52
1734963054, 280, 15, 41, 0, 0, 0.17%, 7, 0, 6, 131.06
1734963059, 280, 34, 41, 0, 0, 0.17%, 7, 0, 6, 144.46
1734963069, 281, 12, 41, 0, 0, 0.17%, 7, 0, 6, 135.27
1734963074, 281, 15, 41, 0, 0, 0.17%, 7, 0, 6, 136.28
1734963080, 281, 25, 41, 0, 0, 0.17%, 7, 0, 6, 142.04
1734963085, 281, 30, 41, 0, 0, 0.17%, 7, 0, 6, 139.92
1734963090, 281, 36, 41, 0, 0, 0.17%, 7, 0, 6, 138.38
1734963100, 282, 11, 41, 0, 0, 0.17%, 7, 0, 6, 147.77
1734963105, 282, 13, 41, 0, 0, 0.17%, 7, 0, 6, 142.72
1734963110, 282, 15, 41, 0, 0, 0.17%, 7, 0, 6, 137.54
1734963115, 282, 34, 41, 0, 0, 0.17%, 7, 0, 6, 136.86
1734963121, 282, 38, 41, 0, 0, 0.17%, 7, 0, 6, 143.91
1734963126, 283, 8, 41, 0, 0, 0.17%, 7, 0, 6, 143.69
1734963131, 283, 12, 41, 0, 0, 0.17%, 7, 0, 6, 147.12
1734963136, 283, 15, 41, 0, 0, 0.17%, 7, 0, 6, 136.89
1734963141, 284, 11, 41, 0, 0, 0.17%, 7, 0, 6, 130.70
1734963146, 284, 13, 41, 0, 0, 0.17%, 7, 0, 6, 133.64
1734963151, 284, 27, 41, 0, 0, 0.17%, 7, 0, 6, 144.92
1734963157, 284, 32, 41, 0, 0, 0.17%, 7, 0, 6, 145.53
1734963162, 285, 11, 41, 0, 0, 0.17%, 7, 0, 6, 141.35
1734963167, 285, 13, 41, 0, 0, 0.17%, 7, 0, 6, 140.47
1734963172, 285, 15, 41, 0, 0, 0.17%, 7, 0, 6, 135.71
1734963177, 285, 17, 41, 0, 0, 0.17%, 7, 0, 6, 144.10
1734963182, 286, 12, 41, 0, 0, 0.17%, 7, 0, 6, 146.99
1734963188, 286, 15, 41, 0, 0, 0.17%, 7, 0, 6, 137.95
1734963193, 286, 24, 41, 0, 0, 0.17%, 7, 0, 6, 139.80
1734963198, 287, 12, 41, 0, 0, 0.17%, 7, 0, 6, 139.70
1734963203, 287, 15, 41, 0, 0, 0.17%, 7, 0, 6, 142.54
1734963208, 288, 11, 41, 0, 0, 0.17%, 7, 0, 6, 130.87
1734963213, 288, 13, 41, 0, 0, 0.17%, 7, 0, 6, 136.69
1734963218, 288, 15, 41, 0, 0, 0.17%, 7, 0, 6, 144.70
1734963223, 289, 12, 41, 0, 0, 0.17%, 7, 0, 6, 139.89
1734963229, 289, 15, 41, 0, 0, 0.17%, 7, 0, 6, 135.93
1734963234, 289, 28, 41, 0, 0, 0.17%, 7, 0, 6, 150.77
1734963239, 289, 33, 41, 0, 0, 0.17%, 7, 0, 6, 150.56
1734963249, 290, 11, 41, 0, 0, 0.17%, 7, 0, 6, 136.54
1734963254, 290, 13, 41, 0, 0, 0.17%, 7, 0, 6, 143.85
1734963259, 290, 15, 41, 0, 0, 0.17%, 7, 0, 6, 143.59
1734963264, 290, 33, 41, 0, 0, 0.17%, 7, 0, 6, 148.25
1734963269, 291, 7, 41, 0, 0, 0.17%, 7, 0, 6, 137.92
1734963275, 291, 12, 41, 0, 0, 0.17%, 7, 0, 6, 139.45
1734963280, 291, 15, 41, 0, 0, 0.17%, 7, 0, 6, 139.27
1734963285, 291, 38, 41, 0, 0, 0.17%, 7, 0, 6, 138.67
1734963290, 292, 1, 41, 0, 0, 0.17%, 7, 0, 6, 133.53
1734963295, 292, 12, 41, 0, 0, 0.17%, 7, 0, 6, 138.72
1734963300, 292, 14, 41, 0, 0, 0.17%, 7, 0, 6, 142.91
1734963306, 292, 15, 41, 0, 0, 0.17%, 7, 0, 6, 136.03
1734963311, 292, 25, 41, 0, 0, 0.17%, 7, 0, 6, 138.38
1734963316, 293, 2, 41, 0, 0, 0.17%, 7, 0, 6, 138.70
1734963321, 293, 12, 41, 0, 0, 0.17%, 7, 0, 6, 141.10
1734963326, 293, 15, 41, 0, 0, 0.17%, 7, 0, 6, 142.22
1734963331, 293, 27, 41, 0, 0, 0.17%, 7, 0, 6, 145.95
1734963337, 294, 0, 41, 0, 0, 0.17%, 7, 0, 6, 139.29
1734963342, 294, 10, 41, 0, 0, 0.17%, 7, 0, 6, 140.83
1734963347, 294, 12, 41, 0, 0, 0.17%, 7, 0, 6, 139.90
1734963352, 294, 14, 41, 0, 0, 0.17%, 7, 0, 6, 142.17
1734963357, 294, 15, 41, 0, 0, 0.17%, 7, 0, 6, 132.34
1734963362, 294, 38, 41, 0, 0, 0.17%, 7, 0, 6, 141.63
1734963368, 295, 10, 41, 0, 0, 0.17%, 7, 0, 6, 144.03
1734963373, 295, 12, 41, 0, 0, 0.17%, 7, 0, 6, 140.96
1734963378, 295, 15, 41, 0, 0, 0.17%, 7, 0, 6, 139.60
1734963383, 295, 16, 41, 0, 0, 0.17%, 7, 0, 6, 141.16
1734963388, 295, 29, 41, 0, 0, 0.17%, 7, 0, 6, 145.28
1734963399, 296, 12, 41, 0, 0, 0.17%, 7, 0, 6, 134.10
1734963404, 296, 15, 41, 0, 0, 0.17%, 7, 0, 6, 138.00
1734963409, 297, 11, 41, 0, 0, 0.17%, 7, 0, 6, 139.28
1734963414, 297, 13, 41, 0, 0, 0.17%, 7, 0, 6, 135.22
1734963419, 297, 15, 41, 0, 0, 0.17%, 7, 0, 6, 136.94
1734963425, 298, 12, 41, 0, 0, 0.17%, 7, 0, 6, 143.55
1734963430, 298, 15, 41, 0, 0, 0.17%, 7, 0, 6, 137.39
1734963435, 298, 17, 41, 0, 0, 0.17%, 7, 0, 6, 140.03
1734963440, 298, 28, 41, 0, 0, 0.17%, 7, 0, 6, 143.89
1734963445, 299, 4, 41, 0, 0, 0.17%, 7, 0, 6, 143.10
1734963450, 299, 12, 41, 0, 0, 0.17%, 7, 0, 6, 139.97
1734963456, 299, 15, 41, 0, 0, 0.17%, 7, 0, 6, 140.62
1734963461, 299, 38, 41, 0, 0, 0.17%, 7, 0, 6, 138.60
1734963466, 300, 11, 41, 0, 0, 0.17%, 7, 0, 6, 137.15
1734963471, 300, 13, 41, 0, 0, 0.17%, 7, 0, 6, 134.85
1734963476, 300, 15, 41, 0, 0, 0.17%, 7, 0, 6, 138.39
1734963481, 300, 17, 41, 0, 0, 0.17%, 7, 0, 6, 148.04
1734963486, 300, 34, 41, 0, 0, 0.17%, 7, 0, 6, 146.96
1734963491, 300, 35, 41, 0, 0, 0.17%, 7, 0, 6, 156.36
1734963497, 301, 4, 41, 0, 0, 0.17%, 7, 0, 6, 135.00
1734963502, 301, 11, 41, 0, 0, 0.17%, 7, 0, 6, 137.81
1734963507, 301, 13, 41, 0, 0, 0.17%, 7, 0, 6, 136.96
1734963512, 301, 15, 41, 0, 0, 0.17%, 7, 0, 6, 134.44
1734963517, 301, 21, 41, 0, 0, 0.17%, 7, 0, 6, 139.87
1734963522, 301, 28, 41, 0, 0, 0.17%, 7, 0, 6, 151.81
1734963528, 302, 11, 41, 0, 0, 0.17%, 7, 0, 6, 138.17
1734963533, 302, 13, 41, 0, 0, 0.17%, 7, 0, 6, 134.20
1734963538, 302, 15, 41, 0, 0, 0.17%, 7, 0, 6, 133.84
1734963543, 302, 32, 41, 0, 0, 0.17%, 7, 0, 6, 137.99
1734963548, 302, 34, 41, 0, 0, 0.17%, 7, 0, 6, 145.90
1734963553, 303, 11, 41, 0, 0, 0.17%, 7, 0, 6, 130.71
1734963558, 303, 13, 41, 0, 0, 0.17%, 7, 0, 6, 136.38
1734963564, 303, 15, 41, 0, 0, 0.17%, 7, 0, 6, 136.53
1734963569, 303, 34, 41, 0, 0, 0.17%, 7, 0, 6, 142.21
1734963574, 304, 11, 41, 0, 0, 0.17%, 7, 0, 6, 140.89
1734963579, 304, 13, 41, 0, 0, 0.17%, 7, 0, 6, 138.48
1734963584, 304, 32, 41, 0, 0, 0.17%, 7, 0, 6, 145.54
1734963589, 305, 11, 41, 0, 0, 0.17%, 7, 0, 6, 137.27
1734963594, 305, 13, 41, 0, 0, 0.17%, 7, 0, 6, 134.71
1734963600, 305, 15, 41, 0, 0, 0.17%, 7, 0, 6, 132.67
1734963605, 305, 38, 41, 0, 0, 0.17%, 7, 0, 6, 143.72
1734963610, 306, 12, 41, 0, 0, 0.17%, 7, 0, 6, 144.70
1734963615, 306, 14, 41, 0, 0, 0.17%, 7, 0, 6, 141.45
1734963620, 306, 15, 41, 0, 0, 0.17%, 7, 0, 6, 131.40
1734963625, 306, 29, 41, 0, 0, 0.17%, 7, 0, 6, 140.45
1734963636, 306, 30, 41, 0, 0, 0.17%, 7, 0, 6, 148.76
1734963641, 307, 11, 41, 0, 0, 0.17%, 7, 0, 6, 142.97
1734963646, 307, 13, 41, 0, 0, 0.17%, 7, 0, 6, 144.93
1734963651, 307, 15, 41, 0, 0, 0.17%, 7, 0, 6, 136.52
1734963656, 307, 40, 41, 0, 0, 0.17%, 7, 0, 6, 150.65
1734963661, 308, 11, 41, 0, 0, 0.17%, 7, 0, 6, 141.12
1734963666, 308, 13, 41, 0, 0, 0.17%, 7, 0, 6, 141.74
1734963672, 309, 7, 41, 0, 0, 0.17%, 7, 0, 6, 135.67
1734963677, 309, 12, 41, 0, 0, 0.17%, 7, 0, 6, 142.18
1734963682, 309, 15, 41, 0, 0, 0.17%, 7, 0, 6, 136.98
1734963687, 309, 28, 41, 0, 0, 0.17%, 7, 0, 6, 151.18
1734963692, 310, 11, 41, 0, 0, 0.17%, 7, 0, 6, 146.51
1734963697, 310, 13, 41, 0, 0, 0.17%, 7, 0, 6, 136.94
1734963702, 310, 15, 41, 0, 0, 0.17%, 7, 0, 6, 133.89
1734963708, 311, 0, 41, 0, 0, 0.17%, 7, 0, 6, 137.88
1734963713, 311, 12, 41, 0, 0, 0.17%, 7, 0, 6, 136.22
1734963718, 311, 15, 41, 0, 0, 0.17%, 7, 0, 6, 134.47
1734963723, 311, 16, 41, 0, 0, 0.17%, 7, 0, 6, 141.77
1734963728, 312, 3, 41, 0, 0, 0.17%, 7, 0, 6, 141.97
1734963734, 312, 11, 41, 0, 0, 0.17%, 7, 0, 6, 138.91
1734963739, 312, 13, 41, 0, 0, 0.17%, 7, 0, 6, 137.92
1734963744, 312, 30, 41, 0, 0, 0.17%, 7, 0, 6, 146.34
1734963754, 312, 37, 41, 0, 0, 0.17%, 7, 0, 6, 150.85
1734963759, 313, 12, 41, 0, 0, 0.17%, 7, 0, 6, 137.16
1734963764, 313, 14, 41, 0, 0, 0.17%, 7, 0, 6, 142.83
1734963769, 313, 15, 41, 0, 0, 0.17%, 7, 0, 6, 142.60
1734963775, 314, 11, 41, 0, 0, 0.17%, 7, 0, 6, 136.09
1734963780, 314, 13, 41, 0, 0, 0.17%, 7, 0, 6, 140.53
1734963785, 314, 15, 41, 0, 0, 0.17%, 7, 0, 6, 139.70
1734963790, 315, 12, 41, 0, 0, 0.17%, 7, 0, 6, 137.46
1734963795, 315, 15, 41, 0, 0, 0.17%, 7, 0, 6, 140.50
1734963800, 315, 26, 41, 0, 0, 0.17%, 7, 0, 6, 141.23
1734963806, 315, 36, 41, 0, 0, 0.17%, 7, 0, 6, 153.96
1734963816, 315, 37, 41, 0, 0, 0.17%, 7, 0, 6, 143.32
1734963821, 316, 12, 41, 0, 0, 0.17%, 7, 0, 6, 141.90
1734963826, 316, 15, 41, 0, 0, 0.17%, 7, 0, 6, 141.43
1734963831, 316, 18, 41, 0, 0, 0.17%, 7, 0, 6, 148.76
1734963836, 317, 13, 41, 0, 0, 0.17%, 7, 0, 6, 138.06
1734963842, 317, 15, 41, 0, 0, 0.17%, 7, 0, 6, 136.18
1734963847, 317, 32, 41, 0, 0, 0.17%, 7, 0, 6, 145.71
1734963852, 317, 36, 41, 0, 0, 0.17%, 7, 0, 6, 149.23
1734963857, 317, 39, 41, 0, 0, 0.17%, 7, 0, 6, 163.73
1734963867, 318, 11, 41, 0, 0, 0.17%, 7, 0, 6, 139.93
1734963872, 318, 13, 41, 0, 0, 0.17%, 7, 0, 6, 141.13
1734963878, 318, 15, 41, 0, 0, 0.17%, 7, 0, 6, 141.63
1734963883, 318, 31, 41, 0, 0, 0.17%, 7, 0, 6, 154.81
1734963888, 318, 32, 41, 0, 0, 0.17%, 7, 0, 6, 145.20
1734963893, 319, 12, 41, 0, 0, 0.17%, 7, 0, 6, 142.61
1734963898, 319, 15, 41, 0, 0, 0.17%, 7, 0, 6, 137.67
1734963903, 319, 22, 41, 0, 0, 0.17%, 7, 0, 6, 142.69
1734963908, 320, 11, 41, 0, 0, 0.17%, 7, 0, 6, 137.48
1734963913, 320, 13, 41, 0, 0, 0.17%, 7, 0, 6, 137.88
1734963919, 321, 11, 41, 0, 0, 0.17%, 7, 0, 6, 147.83
1734963924, 321, 13, 41, 0, 0, 0.17%, 7, 0, 6, 140.31
1734963929, 321, 15, 41, 0, 0, 0.17%, 7, 0, 6, 132.20
1734963934, 322, 5, 41, 0, 0, 0.17%, 7, 0, 6, 134.66
1734963939, 322, 12, 41, 0, 0, 0.17%, 7, 0, 6, 135.60
1734963944, 322, 15, 41, 0, 0, 0.17%, 7, 0, 6, 136.97
1734963950, 322, 32, 41, 0, 0, 0.17%, 7, 0, 6, 143.70
1734963955, 322, 35, 41, 0, 0, 0.17%, 7, 0, 6, 154.89
1734963960, 323, 11, 41, 0, 0, 0.17%, 7, 0, 6, 142.36
1734963965, 323, 13, 41, 0, 0, 0.17%, 7, 0, 6, 135.43
1734963970, 323, 15, 41, 0, 0, 0.17%, 7, 0, 6, 132.79
1734963975, 324, 10, 41, 0, 0, 0.17%, 7, 0, 6, 135.78
1734963980, 324, 12, 41, 0, 0, 0.17%, 7, 0, 6, 134.13
1734963986, 324, 15, 41, 0, 0, 0.17%, 7, 0, 6, 131.40
1734963991, 325, 12, 41, 0, 0, 0.17%, 7, 0, 6, 136.34
1734963996, 325, 15, 41, 0, 0, 0.17%, 7, 0, 6, 138.04
1734964001, 325, 23, 41, 0, 0, 0.17%, 7, 0, 6, 139.46
1734964006, 326, 12, 41, 0, 0, 0.17%, 7, 0, 6, 137.19
1734964012, 326, 15, 41, 0, 0, 0.17%, 7, 0, 6, 136.13
1734964017, 327, 9, 41, 0, 0, 0.17%, 7, 0, 6, 140.67
1734964022, 327, 12, 41, 0, 0, 0.17%, 7, 0, 6, 133.42
1734964027, 327, 15, 41, 0, 0, 0.17%, 7, 0, 6, 134.95
1734964032, 327, 34, 41, 0, 0, 0.17%, 7, 0, 6, 148.11
1734964042, 328, 12, 41, 0, 0, 0.17%, 7, 0, 6, 141.99
1734964048, 328, 15, 41, 0, 0, 0.17%, 7, 0, 6, 140.75
1734964053, 328, 25, 41, 0, 0, 0.17%, 7, 0, 6, 142.89
1734964058, 328, 31, 41, 0, 0, 0.17%, 7, 0, 6, 154.20
1734964063, 329, 8, 41, 0, 0, 0.17%, 7, 0, 6, 146.78
1734964068, 329, 12, 41, 0, 0, 0.17%, 7, 0, 6, 143.26
1734964073, 329, 15, 41, 0, 0, 0.17%, 7, 0, 6, 138.03
1734964078, 329, 22, 41, 0, 0, 0.17%, 7, 0, 6, 142.07
1734964083, 330, 12, 41, 0, 0, 0.17%, 7, 0, 6, 139.44
1734964088, 330, 15, 41, 0, 0, 0.17%, 7, 0, 6, 140.80
1734964093, 330, 18, 41, 0, 0, 0.17%, 7, 0, 6, 146.95
1734964099, 330, 27, 41, 0, 0, 0.17%, 7, 0, 6, 149.03
1734964104, 330, 32, 41, 0, 0, 0.17%, 7, 0, 6, 141.13
1734964109, 331, 11, 41, 0, 0, 0.17%, 7, 0, 6, 142.44
1734964114, 331, 13, 41, 0, 0, 0.17%, 7, 0, 6, 133.83
1734964119, 331, 15, 41, 0, 0, 0.17%, 7, 0, 6, 138.60
1734964124, 331, 25, 41, 0, 0, 0.17%, 7, 0, 6, 137.33
1734964129, 331, 26, 41, 0, 0, 0.17%, 7, 0, 6, 138.23
1734964134, 331, 29, 41, 0, 0, 0.17%, 7, 0, 6, 143.76
1734964140, 332, 3, 41, 0, 0, 0.17%, 7, 0, 6, 148.24
1734964145, 332, 12, 41, 0, 0, 0.17%, 7, 0, 6, 147.01
1734964150, 332, 15, 41, 0, 0, 0.17%, 7, 0, 6, 138.42
1734964155, 332, 17, 41, 0, 0, 0.17%, 7, 0, 6, 146.06
1734964160, 332, 29, 41, 0, 0, 0.17%, 7, 0, 6, 138.39
1734964165, 333, 11, 41, 0, 0, 0.17%, 7, 0, 6, 142.41
1734964171, 333, 13, 41, 0, 0, 0.17%, 7, 0, 6, 144.79
1734964176, 333, 15, 41, 0, 0, 0.17%, 7, 0, 6, 138.76
1734964181, 334, 0, 41, 0, 0, 0.17%, 7, 0, 6, 139.53
1734964186, 334, 12, 41, 0, 0, 0.17%, 7, 0, 6, 142.72
1734964191, 334, 15, 41, 0, 0, 0.17%, 7, 0, 6, 134.92
1734964196, 334, 32, 41, 0, 0, 0.17%, 7, 0, 6, 142.50
1734964202, 335, 11, 41, 0, 0, 0.17%, 7, 0, 6, 136.48
1734964207, 335, 13, 41, 0, 0, 0.17%, 7, 0, 6, 141.40
1734964212, 335, 15, 41, 0, 0, 0.17%, 7, 0, 6, 140.62
1734964217, 335, 24, 41, 0, 0, 0.17%, 7, 0, 6, 141.42
1734964222, 335, 33, 41, 0, 0, 0.17%, 7, 0, 6, 149.63
1734964227, 335, 36, 41, 0, 0, 0.17%, 7, 0, 6, 161.73
1734964233, 336, 2, 41, 0, 0, 0.17%, 7, 0, 6, 143.97
1734964238, 336, 12, 41, 0, 0, 0.17%, 7, 0, 6, 140.92
1734964243, 336, 15, 41, 0, 0, 0.17%, 7, 0, 6, 138.49
1734964248, 336, 40, 41, 0, 0, 0.17%, 7, 0, 6, 149.92
1734964253, 337, 11, 41, 0, 0, 0.17%, 7, 0, 6, 143.86
1734964258, 337, 13, 41, 0, 0, 0.17%, 7, 0, 6, 143.90
1734964263, 337, 31, 41, 0, 0, 0.17%, 7, 0, 6, 135.27
1734964273, 338, 12, 41, 0, 0, 0.17%, 7, 0, 6, 140.59
1734964279, 338, 15, 41, 0, 0, 0.17%, 7, 0, 6, 137.56
1734964284, 338, 16, 41, 0, 0, 0.17%, 7, 0, 6, 142.63
1734964289, 338, 27, 41, 0, 0, 0.17%, 7, 0, 6, 142.55
1734964294, 339, 11, 41, 0, 0, 0.17%, 7, 0, 6, 151.57
1734964299, 339, 13, 41, 0, 0, 0.17%, 7, 0, 6, 137.72
1734964304, 339, 15, 41, 0, 0, 0.17%, 7, 0, 6, 138.78
1734964310, 339, 16, 41, 0, 0, 0.17%, 7, 0, 6, 158.69
1734964315, 339, 28, 41, 0, 0, 0.17%, 7, 0, 6, 144.76
1734964320, 339, 31, 41, 0, 0, 0.17%, 7, 0, 6, 153.24
1734964325, 340, 2, 41, 0, 0, 0.17%, 7, 0, 6, 143.35
1734964330, 340, 11, 41, 0, 0, 0.17%, 7, 0, 6, 140.42
1734964335, 340, 13, 41, 0, 0, 0.17%, 7, 0, 6, 139.68
1734964340, 340, 14, 41, 0, 0, 0.17%, 7, 0, 6, 130.51
1734964346, 340, 15, 41, 0, 0, 0.17%, 7, 0, 6, 133.49
1734964351, 340, 26, 41, 0, 0, 0.17%, 7, 0, 6, 149.88
1734964356, 340, 31, 41, 0, 0, 0.17%, 7, 0, 6, 145.41
1734964366, 341, 11, 41, 0, 0, 0.17%, 7, 0, 6, 137.54
1734964371, 341, 13, 41, 0, 0, 0.17%, 7, 0, 6, 140.66
1734964376, 341, 15, 41, 0, 0, 0.17%, 7, 0, 6, 132.89
1734964381, 341, 33, 41, 0, 0, 0.17%, 7, 0, 6, 143.25
1734964386, 342, 11, 41, 0, 0, 0.17%, 7, 0, 6, 145.90
1734964391, 342, 13, 41, 0, 0, 0.17%, 7, 0, 6, 140.16
1734964397, 342, 15, 41, 0, 0, 0.17%, 7, 0, 6, 138.29
1734964402, 342, 38, 41, 0, 0, 0.17%, 7, 0, 6, 145.74
1734964407, 342, 40, 41, 0, 0, 0.17%, 7, 0, 6, 145.63
1734964412, 343, 12, 41, 0, 0, 0.17%, 7, 0, 6, 140.68
1734964417, 343, 15, 41, 0, 0, 0.17%, 7, 0, 6, 145.05
1734964422, 344, 11, 41, 0, 0, 0.17%, 7, 0, 6, 132.93
1734964427, 344, 13, 41, 0, 0, 0.17%, 7, 0, 6, 143.25
1734964432, 345, 11, 41, 0, 0, 0.17%, 7, 0, 6, 129.91
1734964438, 345, 13, 41, 0, 0, 0.17%, 7, 0, 6, 136.96
1734964443, 345, 15, 41, 0, 0, 0.17%, 7, 0, 6, 141.90
1734964448, 346, 11, 41, 0, 0, 0.17%, 7, 0, 6, 136.21
1734964453, 346, 13, 41, 0, 0, 0.17%, 7, 0, 6, 139.51
1734964458, 346, 21, 41, 0, 0, 0.17%, 7, 0, 6, 138.59
1734964463, 346, 27, 41, 0, 0, 0.17%, 7, 0, 6, 147.60
1734964469, 347, 12, 41, 0, 0, 0.17%, 7, 0, 6, 137.43
1734964474, 347, 15, 41, 0, 0, 0.17%, 7, 0, 6, 139.76
1734964479, 348, 11, 41, 0, 0, 0.17%, 7, 0, 6, 136.70
