# unix_time, cycles_done, cur_path, paths_total, pending_total, pending_favs, map_size, unique_crashes, unique_hangs, max_depth, execs_per_sec
1735504256, 0, 0, 10, 10, 1, 0.01%, 0, 0, 1, 82.39
1735504261, 0, 4, 10, 10, 1, 0.01%, 0, 0, 1, 104.31
1735504266, 0, 5, 10, 9, 0, 0.01%, 0, 0, 1, 103.22
1735504276, 0, 6, 10, 8, 0, 0.01%, 0, 0, 1, 103.29
1735504286, 0, 7, 10, 7, 0, 0.01%, 0, 0, 1, 98.39
1735504297, 0, 8, 10, 6, 0, 0.01%, 0, 0, 1, 96.80
1735504307, 0, 9, 10, 5, 0, 0.01%, 0, 0, 1, 95.09
1735504317, 1, 0, 10, 4, 0, 0.01%, 0, 0, 1, 92.97
1735504327, 1, 1, 10, 3, 0, 0.01%, 0, 0, 1, 101.87
1735504343, 1, 2, 10, 2, 0, 0.01%, 0, 0, 1, 91.57
1735504353, 1, 3, 10, 1, 0, 0.01%, 0, 0, 1, 98.49
1735504368, 1, 5, 10, 0, 0, 0.01%, 0, 0, 1, 103.52
1735504373, 1, 6, 10, 0, 0, 0.01%, 0, 0, 1, 102.70
1735504378, 1, 8, 10, 0, 0, 0.01%, 0, 0, 1, 104.41
1735504383, 1, 9, 10, 0, 0, 0.01%, 0, 0, 1, 102.08
1735504388, 2, 0, 10, 0, 0, 0.01%, 0, 0, 1, 101.16
1735504393, 2, 2, 10, 0, 0, 0.01%, 0, 0, 1, 100.32
1735504399, 2, 3, 10, 0, 0, 0.01%, 0, 0, 1, 102.64
1735504404, 2, 4, 10, 0, 0, 0.01%, 0, 0, 1, 101.26
1735504409, 2, 6, 10, 0, 0, 0.01%, 0, 0, 1, 102.14
1735504414, 2, 7, 10, 0, 0, 0.01%, 0, 0, 1, 103.58
1735504419, 2, 9, 10, 0, 0, 0.01%, 0, 0, 1, 103.15
1735504424, 3, 0, 10, 0, 0, 0.01%, 0, 0, 1, 103.80
1735504429, 3, 2, 10, 0, 0, 0.01%, 0, 0, 1, 102.20
1735504434, 3, 3, 10, 0, 0, 0.01%, 0, 0, 1, 104.34
1735504439, 3, 4, 10, 0, 0, 0.01%, 0, 0, 1, 103.22
1735504444, 3, 6, 10, 0, 0, 0.01%, 0, 0, 1, 104.91
1735504449, 3, 7, 10, 0, 0, 0.01%, 0, 0, 1, 103.29
1735504454, 3, 9, 10, 0, 0, 0.01%, 0, 0, 1, 103.02
1735504460, 4, 0, 10, 0, 0, 0.01%, 0, 0, 1, 103.29
1735504465, 4, 2, 10, 0, 0, 0.01%, 0, 0, 1, 102.22
1735504470, 4, 3, 10, 0, 0, 0.01%, 0, 0, 1, 102.00
1735504475, 4, 4, 10, 0, 0, 0.01%, 0, 0, 1, 103.28
1735504480, 4, 6, 10, 0, 0, 0.01%, 0, 0, 1, 103.68
1735504485, 4, 7, 10, 0, 0, 0.01%, 0, 0, 1, 102.18
1735504490, 4, 9, 10, 0, 0, 0.01%, 0, 0, 1, 103.22
1735504495, 5, 0, 10, 0, 0, 0.01%, 0, 0, 1, 100.40
1735504500, 5, 1, 10, 0, 0, 0.01%, 0, 0, 1, 101.01
1735504505, 5, 3, 10, 0, 0, 0.01%, 0, 0, 1, 101.23
1735504510, 5, 4, 10, 0, 0, 0.01%, 0, 0, 1, 101.14
1735504515, 5, 6, 10, 0, 0, 0.01%, 0, 0, 1, 106.60
1735504520, 5, 7, 10, 0, 0, 0.01%, 0, 0, 1, 105.84
1735504525, 5, 8, 10, 0, 0, 0.01%, 0, 0, 1, 101.12
1735504530, 6, 0, 10, 0, 0, 0.01%, 0, 0, 1, 105.39
1735504535, 6, 1, 10, 0, 0, 0.01%, 0, 0, 1, 102.92
1735504541, 6, 3, 10, 0, 0, 0.01%, 0, 0, 1, 103.69
1735504546, 6, 4, 10, 0, 0, 0.01%, 0, 0, 1, 105.90
1735504551, 6, 6, 10, 0, 0, 0.01%, 0, 0, 1, 105.63
1735504556, 6, 7, 10, 0, 0, 0.01%, 0, 0, 1, 103.72
1735504561, 6, 9, 10, 0, 0, 0.01%, 0, 0, 1, 103.08
1735504566, 7, 0, 10, 0, 0, 0.01%, 0, 0, 1, 103.52
1735504571, 7, 1, 10, 0, 0, 0.01%, 0, 0, 1, 102.92
1735504576, 7, 3, 10, 0, 0, 0.01%, 0, 0, 1, 102.66
1735504581, 7, 4, 10, 0, 0, 0.01%, 0, 0, 1, 102.79
1735504586, 7, 6, 10, 0, 0, 0.01%, 0, 0, 1, 103.38
1735504591, 7, 7, 10, 0, 0, 0.01%, 0, 0, 1, 102.88
1735504596, 7, 9, 10, 0, 0, 0.01%, 0, 0, 1, 103.45
1735504601, 8, 0, 10, 0, 0, 0.01%, 0, 0, 1, 102.38
1735504606, 8, 1, 10, 0, 0, 0.01%, 0, 0, 1, 103.97
1735504611, 8, 3, 10, 0, 0, 0.01%, 0, 0, 1, 102.98
1735504617, 8, 4, 10, 0, 0, 0.01%, 0, 0, 1, 104.26
1735504622, 8, 6, 10, 0, 0, 0.01%, 0, 0, 1, 102.27
1735504627, 8, 7, 10, 0, 0, 0.01%, 0, 0, 1, 101.42
1735504632, 8, 9, 10, 0, 0, 0.01%, 0, 0, 1, 102.98
1735504637, 9, 0, 10, 0, 0, 0.01%, 0, 0, 1, 105.15
1735504642, 9, 1, 10, 0, 0, 0.01%, 0, 0, 1, 100.96
1735504647, 9, 3, 10, 0, 0, 0.01%, 0, 0, 1, 105.27
1735504652, 9, 4, 10, 0, 0, 0.01%, 0, 0, 1, 102.16
1735504657, 9, 6, 10, 0, 0, 0.01%, 0, 0, 1, 104.22
1735504662, 9, 7, 10, 0, 0, 0.01%, 0, 0, 1, 101.74
1735504667, 9, 8, 10, 0, 0, 0.01%, 0, 0, 1, 102.18
1735504672, 10, 0, 10, 0, 0, 0.01%, 0, 0, 1, 102.41
1735504678, 10, 1, 10, 0, 0, 0.01%, 0, 0, 1, 105.10
1735504683, 10, 3, 10, 0, 0, 0.01%, 0, 0, 1, 100.57
1735504688, 10, 4, 10, 0, 0, 0.01%, 0, 0, 1, 100.86
1735504693, 10, 6, 10, 0, 0, 0.01%, 0, 0, 1, 102.82
1735504698, 10, 7, 10, 0, 0, 0.01%, 0, 0, 1, 104.06
1735504703, 10, 8, 10, 0, 0, 0.01%, 0, 0, 1, 101.86
1735504708, 11, 0, 10, 0, 0, 0.01%, 0, 0, 1, 104.83
1735504713, 11, 1, 10, 0, 0, 0.01%, 0, 0, 1, 104.13
1735504718, 11, 6, 11, 1, 1, 0.16%, 1, 0, 2, 105.30
1735504723, 11, 10, 13, 3, 1, 0.16%, 3, 0, 3, 130.71
1735504805, 11, 11, 13, 2, 2, 0.16%, 3, 0, 3, 136.85
1735504825, 11, 11, 14, 3, 2, 0.17%, 4, 0, 4, 112.40
1735504866, 11, 11, 15, 4, 2, 0.17%, 4, 0, 4, 113.91
1735504887, 11, 11, 17, 6, 2, 0.17%, 4, 0, 4, 114.95
1735504892, 11, 11, 18, 7, 2, 0.17%, 4, 0, 4, 116.02
1735504902, 11, 11, 19, 8, 2, 0.17%, 4, 0, 4, 115.45
1735504928, 11, 11, 23, 12, 2, 0.17%, 4, 0, 4, 118.82
1735504933, 11, 11, 24, 13, 2, 0.17%, 4, 0, 4, 134.18
1735504938, 11, 12, 24, 12, 2, 0.17%, 4, 0, 4, 137.87
1735504979, 11, 23, 25, 12, 1, 0.17%, 5, 0, 5, 150.94
1735504989, 11, 23, 26, 13, 1, 0.17%, 5, 0, 5, 126.54
1735505108, 11, 24, 26, 12, 2, 0.17%, 5, 0, 5, 150.74
1735505185, 11, 25, 26, 11, 1, 0.17%, 5, 0, 5, 152.53
1735505231, 11, 25, 27, 12, 1, 0.17%, 5, 0, 6, 121.80
1735505282, 11, 25, 28, 13, 1, 0.17%, 5, 0, 6, 117.72
1735505313, 12, 11, 28, 12, 0, 0.17%, 5, 0, 6, 112.62
1735505329, 12, 12, 28, 12, 0, 0.17%, 5, 0, 6, 114.20
1735505339, 12, 12, 29, 13, 0, 0.17%, 5, 0, 6, 129.05
1735505344, 12, 13, 29, 13, 0, 0.17%, 5, 0, 6, 164.97
1735505374, 12, 13, 30, 14, 0, 0.17%, 5, 0, 6, 150.70
1735505461, 12, 17, 30, 13, 0, 0.17%, 5, 0, 6, 121.08
1735505589, 12, 17, 31, 14, 0, 0.17%, 6, 0, 6, 184.27
1735505666, 12, 18, 31, 13, 0, 0.17%, 6, 0, 6, 202.31
1735505737, 12, 21, 31, 12, 0, 0.17%, 6, 0, 6, 150.75
1735505814, 12, 21, 33, 14, 0, 0.17%, 6, 0, 6, 131.04
1735505820, 12, 24, 33, 13, 0, 0.17%, 6, 0, 6, 138.02
1735505840, 12, 24, 34, 14, 0, 0.17%, 6, 0, 6, 116.61
1735505856, 12, 25, 34, 14, 0, 0.17%, 6, 0, 6, 129.21
1735505887, 12, 29, 34, 14, 0, 0.17%, 6, 0, 6, 135.80
1735505999, 12, 29, 36, 16, 0, 0.17%, 7, 0, 6, 234.15
1735506675, 12, 29, 38, 18, 0, 0.17%, 7, 0, 6, 185.90
1735506691, 12, 29, 39, 19, 0, 0.17%, 7, 0, 6, 189.43
1735506737, 12, 34, 39, 18, 0, 0.17%, 7, 0, 6, 157.70
1735506914, 13, 9, 39, 17, 0, 0.17%, 7, 0, 6, 135.27
1735506920, 13, 12, 39, 17, 0, 0.17%, 7, 0, 6, 133.26
1735506930, 13, 22, 39, 17, 0, 0.17%, 7, 0, 6, 215.27
1735506986, 13, 24, 39, 16, 0, 0.17%, 7, 0, 6, 143.06
1735506996, 13, 25, 39, 16, 0, 0.17%, 7, 0, 6, 146.36
1735507007, 13, 26, 39, 16, 0, 0.17%, 7, 0, 6, 157.37
1735507058, 13, 30, 39, 15, 0, 0.17%, 7, 0, 6, 232.16
1735507170, 13, 33, 39, 14, 0, 0.17%, 7, 0, 6, 191.51
1735507201, 13, 33, 40, 15, 0, 0.17%, 7, 0, 7, 152.58
1735507287, 13, 37, 40, 14, 0, 0.17%, 7, 0, 7, 218.10
1735507379, 13, 37, 41, 15, 0, 0.17%, 7, 0, 7, 145.31
1735507470, 14, 11, 41, 14, 0, 0.17%, 7, 0, 7, 141.62
1735507476, 14, 12, 41, 14, 0, 0.17%, 7, 0, 7, 151.69
1735507481, 14, 14, 41, 14, 0, 0.17%, 7, 0, 7, 163.20
1735507521, 14, 24, 41, 13, 0, 0.17%, 7, 0, 7, 140.52
1735507532, 14, 25, 41, 13, 0, 0.17%, 7, 0, 7, 147.44
1735507542, 14, 30, 41, 13, 0, 0.17%, 7, 0, 7, 158.11
1735507562, 14, 35, 41, 13, 0, 0.17%, 7, 0, 7, 225.23
1735507735, 14, 38, 41, 12, 0, 0.17%, 7, 0, 7, 135.47
1735507857, 15, 12, 41, 11, 0, 0.17%, 7, 0, 7, 139.56
1735507862, 15, 15, 41, 11, 0, 0.17%, 7, 0, 7, 138.57
1735507969, 15, 24, 41, 10, 0, 0.17%, 7, 0, 7, 141.54
1735507979, 15, 25, 41, 10, 0, 0.17%, 7, 0, 7, 134.32
1735507989, 15, 27, 41, 10, 0, 0.17%, 7, 0, 7, 217.39
1735508035, 16, 7, 41, 9, 0, 0.17%, 7, 0, 7, 156.45
1735508040, 16, 12, 41, 9, 0, 0.17%, 7, 0, 7, 148.49
1735508045, 16, 16, 41, 9, 0, 0.17%, 7, 0, 7, 189.57
1735508096, 16, 18, 41, 8, 0, 0.17%, 7, 0, 7, 153.74
1735508117, 16, 20, 41, 8, 0, 0.17%, 7, 0, 7, 142.70
1735508168, 16, 24, 41, 7, 0, 0.17%, 7, 0, 7, 134.42
1735508173, 16, 25, 41, 7, 0, 0.17%, 7, 0, 7, 136.56
1735508178, 17, 12, 41, 7, 0, 0.17%, 7, 0, 7, 142.80
1735508184, 17, 24, 41, 7, 0, 0.17%, 7, 0, 7, 150.03
1735508189, 17, 25, 41, 7, 0, 0.17%, 7, 0, 7, 146.19
1735508194, 17, 31, 41, 7, 0, 0.17%, 7, 0, 7, 196.47
1735508626, 17, 32, 41, 6, 0, 0.17%, 7, 0, 7, 130.38
1735508697, 17, 38, 41, 5, 0, 0.17%, 7, 0, 7, 156.35
1735508728, 18, 12, 41, 5, 0, 0.17%, 7, 0, 7, 136.30
1735508733, 18, 14, 41, 5, 0, 0.17%, 7, 0, 7, 138.39
1735508754, 18, 24, 41, 5, 0, 0.17%, 7, 0, 7, 141.06
1735508759, 18, 25, 41, 5, 0, 0.17%, 7, 0, 7, 151.22
1735508764, 18, 38, 41, 5, 0, 0.17%, 7, 0, 7, 173.38
1735508789, 19, 11, 41, 5, 0, 0.17%, 7, 0, 7, 149.61
1735508794, 19, 19, 41, 5, 0, 0.17%, 7, 0, 7, 168.46
1735508850, 19, 24, 41, 4, 0, 0.17%, 7, 0, 7, 140.36
1735508855, 19, 25, 41, 4, 0, 0.17%, 7, 0, 7, 139.62
1735508860, 20, 11, 41, 4, 0, 0.17%, 7, 0, 7, 138.47
1735508866, 20, 24, 41, 4, 0, 0.17%, 7, 0, 7, 139.89
1735508871, 20, 25, 41, 4, 0, 0.17%, 7, 0, 7, 145.15
1735508876, 21, 11, 41, 4, 0, 0.17%, 7, 0, 7, 135.26
1735508881, 21, 13, 41, 4, 0, 0.17%, 7, 0, 7, 152.29
1735508901, 21, 19, 41, 4, 0, 0.17%, 7, 0, 7, 150.45
1735508921, 21, 25, 41, 4, 0, 0.17%, 7, 0, 7, 145.76
1735508927, 21, 40, 41, 4, 0, 0.17%, 7, 0, 7, 148.49
1735509054, 22, 0, 41, 3, 0, 0.17%, 7, 0, 7, 128.74
1735509059, 22, 10, 41, 3, 0, 0.17%, 7, 0, 7, 138.18
1735509069, 22, 11, 41, 3, 0, 0.17%, 7, 0, 7, 141.57
1735509074, 22, 24, 41, 3, 0, 0.17%, 7, 0, 7, 146.54
1735509079, 22, 25, 41, 3, 0, 0.17%, 7, 0, 7, 140.45
1735509084, 23, 9, 41, 3, 0, 0.17%, 7, 0, 7, 139.38
1735509090, 23, 12, 41, 3, 0, 0.17%, 7, 0, 7, 146.36
1735509095, 23, 17, 41, 3, 0, 0.17%, 7, 0, 7, 185.28
1735509110, 23, 24, 41, 3, 0, 0.17%, 7, 0, 7, 147.75
1735509115, 23, 25, 41, 3, 0, 0.17%, 7, 0, 7, 139.16
1735509120, 23, 29, 41, 3, 0, 0.17%, 7, 0, 7, 166.56
1735509136, 23, 36, 41, 3, 0, 0.17%, 7, 0, 7, 148.54
1735509381, 24, 12, 41, 2, 0, 0.17%, 7, 0, 7, 138.36
1735509386, 24, 24, 41, 2, 0, 0.17%, 7, 0, 7, 144.93
1735509391, 24, 25, 41, 2, 0, 0.17%, 7, 0, 7, 148.98
1735509396, 24, 33, 41, 2, 0, 0.17%, 7, 0, 7, 151.89
1735509427, 25, 12, 41, 2, 0, 0.17%, 7, 0, 7, 149.72
1735509432, 25, 24, 41, 2, 0, 0.17%, 7, 0, 7, 135.75
1735509437, 25, 25, 41, 2, 0, 0.17%, 7, 0, 7, 140.72
1735509442, 25, 28, 41, 2, 0, 0.17%, 7, 0, 7, 187.21
1735509493, 26, 10, 41, 1, 0, 0.17%, 7, 0, 7, 139.43
1735509498, 26, 12, 41, 1, 0, 0.17%, 7, 0, 7, 144.19
1735509504, 26, 24, 41, 1, 0, 0.17%, 7, 0, 7, 146.53
1735509509, 26, 25, 41, 1, 0, 0.17%, 7, 0, 7, 139.75
1735509514, 26, 27, 41, 1, 0, 0.17%, 7, 0, 7, 143.54
1735509535, 27, 18, 41, 1, 0, 0.17%, 7, 0, 7, 142.89
1735509545, 27, 24, 41, 1, 0, 0.17%, 7, 0, 7, 148.19
1735509550, 27, 25, 41, 1, 0, 0.17%, 7, 0, 7, 142.17
1735509555, 27, 40, 41, 1, 0, 0.17%, 7, 0, 7, 140.21
1735509586, 28, 10, 41, 1, 0, 0.17%, 7, 0, 7, 135.16
1735509591, 28, 11, 41, 1, 0, 0.17%, 7, 0, 7, 133.69
1735509596, 28, 19, 41, 1, 0, 0.17%, 7, 0, 7, 152.10
1735509606, 28, 21, 41, 1, 0, 0.17%, 7, 0, 7, 154.99
1735509627, 28, 24, 41, 1, 0, 0.17%, 7, 0, 7, 147.15
1735509632, 28, 25, 41, 1, 0, 0.17%, 7, 0, 7, 144.80
1735509637, 28, 32, 41, 1, 0, 0.17%, 7, 0, 7, 157.28
1735509657, 29, 11, 41, 1, 0, 0.17%, 7, 0, 7, 141.42
1735509662, 29, 24, 41, 1, 0, 0.17%, 7, 0, 7, 147.21
1735509668, 29, 25, 41, 1, 0, 0.17%, 7, 0, 7, 143.39
1735509673, 29, 30, 41, 1, 0, 0.17%, 7, 0, 7, 162.19
1735509693, 30, 12, 41, 1, 0, 0.17%, 7, 0, 7, 141.02
1735509698, 30, 21, 41, 1, 0, 0.17%, 7, 0, 7, 150.59
1735509703, 30, 24, 41, 1, 0, 0.17%, 7, 0, 7, 141.38
1735509709, 30, 25, 41, 1, 0, 0.17%, 7, 0, 7, 135.88
1735509714, 30, 39, 41, 1, 0, 0.17%, 7, 0, 7, 164.37
1735509816, 31, 12, 41, 0, 0, 0.17%, 7, 0, 7, 145.06
1735509821, 31, 21, 41, 0, 0, 0.17%, 7, 0, 7, 153.08
1735509826, 31, 24, 41, 0, 0, 0.17%, 7, 0, 7, 140.21
1735509831, 31, 25, 41, 0, 0, 0.17%, 7, 0, 7, 142.91
1735509836, 32, 7, 41, 0, 0, 0.17%, 7, 0, 7, 142.86
1735509841, 32, 12, 41, 0, 0, 0.17%, 7, 0, 7, 141.13
1735509847, 32, 17, 41, 0, 0, 0.17%, 7, 0, 7, 164.76
1735509852, 32, 24, 41, 0, 0, 0.17%, 7, 0, 7, 140.94
1735509857, 32, 25, 41, 0, 0, 0.17%, 7, 0, 7, 142.42
1735509862, 32, 39, 41, 0, 0, 0.17%, 7, 0, 7, 157.53
1735509882, 33, 11, 41, 0, 0, 0.17%, 7, 0, 7, 136.84
1735509888, 33, 24, 41, 0, 0, 0.17%, 7, 0, 7, 139.79
1735509893, 33, 25, 41, 0, 0, 0.17%, 7, 0, 7, 139.40
1735509898, 33, 27, 41, 0, 0, 0.17%, 7, 0, 7, 143.48
1735509908, 34, 11, 41, 0, 0, 0.17%, 7, 0, 7, 148.11
1735509913, 34, 24, 41, 0, 0, 0.17%, 7, 0, 7, 141.41
1735509919, 34, 25, 41, 0, 0, 0.17%, 7, 0, 7, 140.97
1735509924, 34, 26, 41, 0, 0, 0.17%, 7, 0, 7, 136.20
1735509944, 35, 7, 41, 0, 0, 0.17%, 7, 0, 7, 146.70
1735509950, 35, 12, 41, 0, 0, 0.17%, 7, 0, 7, 140.76
1735509955, 35, 17, 41, 0, 0, 0.17%, 7, 0, 7, 166.85
1735509960, 35, 24, 41, 0, 0, 0.17%, 7, 0, 7, 149.42
1735509965, 35, 25, 41, 0, 0, 0.17%, 7, 0, 7, 140.72
1735509970, 35, 36, 41, 0, 0, 0.17%, 7, 0, 7, 165.76
1735510001, 35, 40, 41, 0, 0, 0.17%, 7, 0, 7, 165.95
1735510026, 36, 2, 41, 0, 0, 0.17%, 7, 0, 7, 130.19
1735510031, 36, 12, 41, 0, 0, 0.17%, 7, 0, 7, 142.08
1735510036, 36, 23, 41, 0, 0, 0.17%, 7, 0, 7, 140.92
1735510057, 36, 24, 41, 0, 0, 0.17%, 7, 0, 7, 143.23
1735510062, 36, 25, 41, 0, 0, 0.17%, 7, 0, 7, 142.18
1735510067, 36, 38, 41, 0, 0, 0.17%, 7, 0, 7, 154.58
1735510073, 37, 5, 41, 0, 0, 0.17%, 7, 0, 7, 149.66
1735510078, 37, 24, 41, 0, 0, 0.17%, 7, 0, 7, 141.36
1735510083, 37, 25, 41, 0, 0, 0.17%, 7, 0, 7, 149.19
1735510088, 37, 34, 41, 0, 0, 0.17%, 7, 0, 7, 154.44
1735510108, 38, 11, 41, 0, 0, 0.17%, 7, 0, 7, 143.00
1735510114, 38, 24, 41, 0, 0, 0.17%, 7, 0, 7, 143.95
1735510119, 38, 25, 41, 0, 0, 0.17%, 7, 0, 7, 140.62
1735510124, 38, 38, 41, 0, 0, 0.17%, 7, 0, 7, 147.98
1735510134, 38, 39, 41, 0, 0, 0.17%, 7, 0, 7, 163.96
1735510150, 39, 4, 41, 0, 0, 0.17%, 7, 0, 7, 145.52
1735510155, 39, 12, 41, 0, 0, 0.17%, 7, 0, 7, 142.33
1735510160, 39, 24, 41, 0, 0, 0.17%, 7, 0, 7, 145.67
1735510165, 39, 25, 41, 0, 0, 0.17%, 7, 0, 7, 144.68
1735510170, 40, 12, 41, 0, 0, 0.17%, 7, 0, 7, 136.26
1735510175, 40, 24, 41, 0, 0, 0.17%, 7, 0, 7, 142.23
1735510181, 40, 25, 41, 0, 0, 0.17%, 7, 0, 7, 148.86
1735510186, 40, 39, 41, 0, 0, 0.17%, 7, 0, 7, 154.34
1735510196, 41, 12, 41, 0, 0, 0.17%, 7, 0, 7, 143.94
1735510201, 41, 15, 41, 0, 0, 0.17%, 7, 0, 7, 162.79
1735510216, 41, 24, 41, 0, 0, 0.17%, 7, 0, 7, 149.21
1735510221, 41, 25, 41, 0, 0, 0.17%, 7, 0, 7, 146.60
1735510226, 41, 32, 41, 0, 0, 0.17%, 7, 0, 7, 154.17
1735510247, 41, 40, 41, 0, 0, 0.17%, 7, 0, 7, 154.01
1735510262, 42, 11, 41, 0, 0, 0.17%, 7, 0, 7, 148.55
1735510267, 42, 24, 41, 0, 0, 0.17%, 7, 0, 7, 140.24
1735510272, 42, 25, 41, 0, 0, 0.17%, 7, 0, 7, 149.21
1735510277, 43, 11, 41, 0, 0, 0.17%, 7, 0, 7, 146.10
1735510283, 43, 24, 41, 0, 0, 0.17%, 7, 0, 7, 137.29
1735510288, 43, 25, 41, 0, 0, 0.17%, 7, 0, 7, 140.20
1735510293, 43, 29, 41, 0, 0, 0.17%, 7, 0, 7, 141.85
1735510313, 43, 40, 41, 0, 0, 0.17%, 7, 0, 7, 161.20
1735510318, 44, 11, 41, 0, 0, 0.17%, 7, 0, 7, 142.04
1735510323, 44, 14, 41, 0, 0, 0.17%, 7, 0, 7, 140.81
1735510334, 44, 24, 41, 0, 0, 0.17%, 7, 0, 7, 138.92
1735510339, 44, 25, 41, 0, 0, 0.17%, 7, 0, 7, 138.03
1735510344, 45, 11, 41, 0, 0, 0.17%, 7, 0, 7, 145.70
1735510349, 45, 13, 41, 0, 0, 0.17%, 7, 0, 7, 149.79
1735510359, 45, 24, 41, 0, 0, 0.17%, 7, 0, 7, 142.60
1735510365, 45, 25, 41, 0, 0, 0.17%, 7, 0, 7, 145.77
1735510370, 45, 32, 41, 0, 0, 0.17%, 7, 0, 7, 148.08
1735510375, 46, 12, 41, 0, 0, 0.17%, 7, 0, 7, 146.81
1735510380, 46, 24, 41, 0, 0, 0.17%, 7, 0, 7, 141.61
1735510385, 46, 25, 41, 0, 0, 0.17%, 7, 0, 7, 141.18
1735510390, 47, 11, 41, 0, 0, 0.17%, 7, 0, 7, 142.46
1735510395, 47, 24, 41, 0, 0, 0.17%, 7, 0, 7, 139.23
1735510401, 47, 25, 41, 0, 0, 0.17%, 7, 0, 7, 141.49
1735510406, 48, 11, 41, 0, 0, 0.17%, 7, 0, 7, 135.23
1735510411, 48, 18, 41, 0, 0, 0.17%, 7, 0, 7, 144.34
1735510421, 48, 24, 41, 0, 0, 0.17%, 7, 0, 7, 145.77
1735510426, 48, 25, 41, 0, 0, 0.17%, 7, 0, 7, 140.40
1735510431, 48, 32, 41, 0, 0, 0.17%, 7, 0, 7, 150.15
1735510436, 48, 40, 41, 0, 0, 0.17%, 7, 0, 7, 158.33
1735510442, 49, 0, 41, 0, 0, 0.17%, 7, 0, 7, 142.15
1735510447, 49, 11, 41, 0, 0, 0.17%, 7, 0, 7, 142.04
1735510452, 49, 17, 41, 0, 0, 0.17%, 7, 0, 7, 170.55
1735510462, 49, 24, 41, 0, 0, 0.17%, 7, 0, 7, 143.02
1735510467, 49, 25, 41, 0, 0, 0.17%, 7, 0, 7, 140.27
1735510473, 50, 11, 41, 0, 0, 0.17%, 7, 0, 7, 143.08
1735510478, 50, 24, 41, 0, 0, 0.17%, 7, 0, 7, 137.79
1735510483, 50, 25, 41, 0, 0, 0.17%, 7, 0, 7, 141.61
1735510488, 50, 26, 41, 0, 0, 0.17%, 7, 0, 7, 145.65
1735510498, 51, 11, 41, 0, 0, 0.17%, 7, 0, 7, 136.48
1735510503, 51, 21, 41, 0, 0, 0.17%, 7, 0, 7, 146.53
1735510514, 51, 24, 41, 0, 0, 0.17%, 7, 0, 7, 140.46
1735510519, 51, 25, 41, 0, 0, 0.17%, 7, 0, 7, 140.71
1735510524, 52, 12, 41, 0, 0, 0.17%, 7, 0, 7, 143.10
1735510529, 52, 24, 41, 0, 0, 0.17%, 7, 0, 7, 145.47
1735510534, 52, 25, 41, 0, 0, 0.17%, 7, 0, 7, 140.22
1735510539, 53, 12, 41, 0, 0, 0.17%, 7, 0, 7, 142.75
1735510544, 53, 18, 41, 0, 0, 0.17%, 7, 0, 7, 152.44
1735510555, 53, 21, 41, 0, 0, 0.17%, 7, 0, 7, 147.49
1735510560, 53, 23, 41, 0, 0, 0.17%, 7, 0, 7, 155.31
1735510565, 53, 24, 41, 0, 0, 0.17%, 7, 0, 7, 146.09
1735510570, 53, 25, 41, 0, 0, 0.17%, 7, 0, 7, 142.76
1735510575, 53, 26, 41, 0, 0, 0.17%, 7, 0, 7, 145.77
1735510586, 53, 30, 41, 0, 0, 0.17%, 7, 0, 7, 156.34
1735510591, 53, 39, 41, 0, 0, 0.17%, 7, 0, 7, 158.89
1735510596, 54, 8, 41, 0, 0, 0.17%, 7, 0, 7, 142.37
1735510601, 54, 11, 41, 0, 0, 0.17%, 7, 0, 7, 135.89
1735510606, 54, 24, 41, 0, 0, 0.17%, 7, 0, 7, 143.65
1735510611, 54, 25, 41, 0, 0, 0.17%, 7, 0, 7, 146.61
1735510616, 55, 12, 41, 0, 0, 0.17%, 7, 0, 7, 144.31
1735510621, 55, 14, 41, 0, 0, 0.17%, 7, 0, 7, 141.79
1735510632, 55, 24, 41, 0, 0, 0.17%, 7, 0, 7, 146.49
1735510637, 55, 25, 41, 0, 0, 0.17%, 7, 0, 7, 139.78
1735510642, 56, 12, 41, 0, 0, 0.17%, 7, 0, 7, 142.59
1735510647, 56, 24, 41, 0, 0, 0.17%, 7, 0, 7, 136.68
1735510652, 56, 25, 41, 0, 0, 0.17%, 7, 0, 7, 143.80
1735510657, 56, 36, 41, 0, 0, 0.17%, 7, 0, 7, 162.58
1735510683, 57, 5, 41, 0, 0, 0.17%, 7, 0, 7, 127.78
1735510688, 57, 12, 41, 0, 0, 0.17%, 7, 0, 7, 138.14
1735510693, 57, 18, 41, 0, 0, 0.17%, 7, 0, 7, 153.99
1735510698, 57, 24, 41, 0, 0, 0.17%, 7, 0, 7, 147.41
1735510703, 57, 25, 41, 0, 0, 0.17%, 7, 0, 7, 145.34
1735510708, 57, 35, 41, 0, 0, 0.17%, 7, 0, 7, 168.79
1735510724, 58, 1, 41, 0, 0, 0.17%, 7, 0, 7, 129.07
1735510729, 58, 12, 41, 0, 0, 0.17%, 7, 0, 7, 142.04
1735510734, 58, 24, 41, 0, 0, 0.17%, 7, 0, 7, 153.42
1735510739, 58, 25, 41, 0, 0, 0.17%, 7, 0, 7, 144.49
1735510744, 59, 11, 41, 0, 0, 0.17%, 7, 0, 7, 139.62
1735510749, 59, 24, 41, 0, 0, 0.17%, 7, 0, 7, 137.31
1735510755, 59, 25, 41, 0, 0, 0.17%, 7, 0, 7, 143.21
1735510760, 59, 26, 41, 0, 0, 0.17%, 7, 0, 7, 140.70
1735510770, 60, 12, 41, 0, 0, 0.17%, 7, 0, 7, 146.70
1735510775, 60, 23, 41, 0, 0, 0.17%, 7, 0, 7, 142.95
1735510785, 60, 24, 41, 0, 0, 0.17%, 7, 0, 7, 143.82
1735510791, 60, 25, 41, 0, 0, 0.17%, 7, 0, 7, 137.48
1735510796, 60, 28, 41, 0, 0, 0.17%, 7, 0, 7, 147.95
1735510816, 61, 12, 41, 0, 0, 0.17%, 7, 0, 7, 148.13
1735510822, 61, 16, 41, 0, 0, 0.17%, 7, 0, 7, 146.06
1735510842, 61, 17, 41, 0, 0, 0.17%, 7, 0, 7, 159.07
1735510847, 61, 18, 41, 0, 0, 0.17%, 7, 0, 7, 153.03
1735510852, 61, 24, 41, 0, 0, 0.17%, 7, 0, 7, 141.66
1735510857, 61, 25, 41, 0, 0, 0.17%, 7, 0, 7, 139.94
1735510862, 62, 12, 41, 0, 0, 0.17%, 7, 0, 7, 137.50
1735510868, 62, 24, 41, 0, 0, 0.17%, 7, 0, 7, 148.26
1735510873, 62, 25, 41, 0, 0, 0.17%, 7, 0, 7, 151.01
1735510878, 62, 37, 41, 0, 0, 0.17%, 7, 0, 7, 176.27
1735510903, 63, 8, 41, 0, 0, 0.17%, 7, 0, 7, 145.38
1735510908, 63, 12, 41, 0, 0, 0.17%, 7, 0, 7, 142.86
1735510913, 63, 24, 41, 0, 0, 0.17%, 7, 0, 7, 143.77
1735510919, 63, 25, 41, 0, 0, 0.17%, 7, 0, 7, 140.04
1735510924, 63, 31, 41, 0, 0, 0.17%, 7, 0, 7, 157.73
1735510939, 63, 33, 41, 0, 0, 0.17%, 7, 0, 7, 153.26
1735510975, 64, 12, 41, 0, 0, 0.17%, 7, 0, 7, 142.31
1735510980, 64, 15, 41, 0, 0, 0.17%, 7, 0, 7, 147.16
1735510985, 64, 24, 41, 0, 0, 0.17%, 7, 0, 7, 152.20
1735510990, 64, 25, 41, 0, 0, 0.17%, 7, 0, 7, 139.74
1735510995, 64, 26, 41, 0, 0, 0.17%, 7, 0, 7, 139.94
1735511001, 65, 11, 41, 0, 0, 0.17%, 7, 0, 7, 145.12
1735511006, 65, 14, 41, 0, 0, 0.17%, 7, 0, 7, 139.21
1735511016, 65, 23, 41, 0, 0, 0.17%, 7, 0, 7, 134.50
1735511026, 65, 24, 41, 0, 0, 0.17%, 7, 0, 7, 142.89
1735511031, 65, 25, 41, 0, 0, 0.17%, 7, 0, 7, 139.44
1735511036, 65, 30, 41, 0, 0, 0.17%, 7, 0, 7, 150.28
1735511041, 65, 31, 41, 0, 0, 0.17%, 7, 0, 7, 166.08
1735511061, 65, 37, 41, 0, 0, 0.17%, 7, 0, 7, 170.91
1735511087, 66, 11, 41, 0, 0, 0.17%, 7, 0, 7, 145.69
1735511092, 66, 19, 41, 0, 0, 0.17%, 7, 0, 7, 151.09
1735511102, 66, 24, 41, 0, 0, 0.17%, 7, 0, 7, 145.22
1735511107, 66, 25, 41, 0, 0, 0.17%, 7, 0, 7, 138.88
1735511112, 66, 29, 41, 0, 0, 0.17%, 7, 0, 7, 158.61
1735511117, 67, 12, 41, 0, 0, 0.17%, 7, 0, 7, 142.06
1735511123, 67, 24, 41, 0, 0, 0.17%, 7, 0, 7, 138.08
1735511128, 67, 25, 41, 0, 0, 0.17%, 7, 0, 7, 141.40
1735511133, 67, 35, 41, 0, 0, 0.17%, 7, 0, 7, 152.71
1735511153, 68, 17, 41, 0, 0, 0.17%, 7, 0, 7, 142.01
1735511158, 68, 24, 41, 0, 0, 0.17%, 7, 0, 7, 146.22
1735511163, 68, 25, 41, 0, 0, 0.17%, 7, 0, 7, 144.54
1735511169, 68, 36, 41, 0, 0, 0.17%, 7, 0, 7, 157.94
1735511179, 68, 37, 41, 0, 0, 0.17%, 7, 0, 7, 153.42
1735511184, 69, 11, 41, 0, 0, 0.17%, 7, 0, 7, 138.85
1735511189, 69, 24, 41, 0, 0, 0.17%, 7, 0, 7, 137.91
1735511194, 69, 25, 41, 0, 0, 0.17%, 7, 0, 7, 144.09
1735511199, 69, 28, 41, 0, 0, 0.17%, 7, 0, 7, 149.53
1735511219, 69, 32, 41, 0, 0, 0.17%, 7, 0, 7, 157.35
1735511225, 70, 14, 41, 0, 0, 0.17%, 7, 0, 7, 142.78
1735511230, 70, 17, 41, 0, 0, 0.17%, 7, 0, 7, 156.35
1735511235, 70, 24, 41, 0, 0, 0.17%, 7, 0, 7, 141.70
1735511240, 70, 25, 41, 0, 0, 0.17%, 7, 0, 7, 141.38
1735511245, 70, 31, 41, 0, 0, 0.17%, 7, 0, 7, 162.98
1735511250, 71, 11, 41, 0, 0, 0.17%, 7, 0, 7, 145.34
1735511255, 71, 17, 41, 0, 0, 0.17%, 7, 0, 7, 154.56
1735511260, 71, 24, 41, 0, 0, 0.17%, 7, 0, 7, 142.11
1735511265, 71, 25, 41, 0, 0, 0.17%, 7, 0, 7, 142.99
1735511271, 71, 29, 41, 0, 0, 0.17%, 7, 0, 7, 146.35
1735511276, 72, 12, 41, 0, 0, 0.17%, 7, 0, 7, 139.54
1735511281, 72, 23, 41, 0, 0, 0.17%, 7, 0, 7, 135.92
1735511286, 72, 24, 41, 0, 0, 0.17%, 7, 0, 7, 144.69
1735511291, 72, 25, 41, 0, 0, 0.17%, 7, 0, 7, 144.08
1735511296, 73, 12, 41, 0, 0, 0.17%, 7, 0, 7, 144.30
1735511301, 73, 17, 41, 0, 0, 0.17%, 7, 0, 7, 162.59
1735511307, 73, 24, 41, 0, 0, 0.17%, 7, 0, 7, 147.45
1735511312, 73, 25, 41, 0, 0, 0.17%, 7, 0, 7, 156.59
1735511317, 73, 33, 41, 0, 0, 0.17%, 7, 0, 7, 145.56
1735511322, 73, 34, 41, 0, 0, 0.17%, 7, 0, 7, 146.75
1735511342, 73, 36, 41, 0, 0, 0.17%, 7, 0, 7, 158.78
1735511347, 73, 39, 41, 0, 0, 0.17%, 7, 0, 7, 158.77
1735511352, 74, 11, 41, 0, 0, 0.17%, 7, 0, 7, 144.85
1735511357, 74, 17, 41, 0, 0, 0.17%, 7, 0, 7, 162.01
1735511362, 74, 24, 41, 0, 0, 0.17%, 7, 0, 7, 147.83
1735511368, 74, 25, 41, 0, 0, 0.17%, 7, 0, 7, 149.99
1735511373, 75, 12, 41, 0, 0, 0.17%, 7, 0, 7, 144.46
1735511378, 75, 24, 41, 0, 0, 0.17%, 7, 0, 7, 144.63
1735511383, 75, 25, 41, 0, 0, 0.17%, 7, 0, 7, 143.28
1735511388, 76, 12, 41, 0, 0, 0.17%, 7, 0, 7, 147.92
1735511393, 76, 24, 41, 0, 0, 0.17%, 7, 0, 7, 141.37
1735511399, 76, 25, 41, 0, 0, 0.17%, 7, 0, 7, 138.21
1735511404, 77, 12, 41, 0, 0, 0.17%, 7, 0, 7, 135.44
1735511409, 77, 24, 41, 0, 0, 0.17%, 7, 0, 7, 150.99
1735511414, 77, 25, 41, 0, 0, 0.17%, 7, 0, 7, 140.93
1735511419, 78, 12, 41, 0, 0, 0.17%, 7, 0, 7, 136.26
1735511424, 78, 22, 41, 0, 0, 0.17%, 7, 0, 7, 149.59
1735511440, 78, 24, 41, 0, 0, 0.17%, 7, 0, 7, 143.64
1735511445, 78, 25, 41, 0, 0, 0.17%, 7, 0, 7, 148.14
1735511450, 79, 11, 41, 0, 0, 0.17%, 7, 0, 7, 137.23
1735511455, 79, 22, 41, 0, 0, 0.17%, 7, 0, 7, 147.54
1735511465, 79, 24, 41, 0, 0, 0.17%, 7, 0, 7, 141.42
1735511471, 79, 25, 41, 0, 0, 0.17%, 7, 0, 7, 147.50
1735511476, 80, 12, 41, 0, 0, 0.17%, 7, 0, 7, 142.77
1735511481, 80, 24, 41, 0, 0, 0.17%, 7, 0, 7, 143.27
1735511486, 80, 25, 41, 0, 0, 0.17%, 7, 0, 7, 143.26
1735511491, 80, 32, 41, 0, 0, 0.17%, 7, 0, 7, 144.92
1735511496, 81, 22, 41, 0, 0, 0.17%, 7, 0, 7, 146.81
1735511506, 81, 24, 41, 0, 0, 0.17%, 7, 0, 7, 145.25
1735511511, 81, 25, 41, 0, 0, 0.17%, 7, 0, 7, 132.55
1735511517, 81, 26, 41, 0, 0, 0.17%, 7, 0, 7, 148.86
1735511522, 82, 0, 41, 0, 0, 0.17%, 7, 0, 7, 139.90
1735511527, 82, 12, 41, 0, 0, 0.17%, 7, 0, 7, 147.81
1735511532, 82, 24, 41, 0, 0, 0.17%, 7, 0, 7, 140.50
1735511537, 82, 25, 41, 0, 0, 0.17%, 7, 0, 7, 132.67
1735511542, 82, 27, 41, 0, 0, 0.17%, 7, 0, 7, 166.29
1735511547, 82, 31, 41, 0, 0, 0.17%, 7, 0, 7, 150.85
1735511552, 82, 32, 41, 0, 0, 0.17%, 7, 0, 7, 148.34
1735511558, 83, 5, 41, 0, 0, 0.17%, 7, 0, 7, 138.26
1735511563, 83, 12, 41, 0, 0, 0.17%, 7, 0, 7, 146.09
1735511568, 83, 18, 41, 0, 0, 0.17%, 7, 0, 7, 143.61
1735511573, 83, 24, 41, 0, 0, 0.17%, 7, 0, 7, 146.64
1735511578, 83, 25, 41, 0, 0, 0.17%, 7, 0, 7, 149.69
1735511583, 84, 12, 41, 0, 0, 0.17%, 7, 0, 7, 137.34
1735511588, 84, 24, 41, 0, 0, 0.17%, 7, 0, 7, 144.54
1735511593, 84, 25, 41, 0, 0, 0.17%, 7, 0, 7, 154.03
1735511598, 84, 34, 41, 0, 0, 0.17%, 7, 0, 7, 149.52
1735511603, 85, 8, 41, 0, 0, 0.17%, 7, 0, 7, 140.00
1735511609, 85, 12, 41, 0, 0, 0.17%, 7, 0, 7, 139.37
1735511614, 85, 24, 41, 0, 0, 0.17%, 7, 0, 7, 137.72
1735511619, 85, 25, 41, 0, 0, 0.17%, 7, 0, 7, 146.67
1735511624, 85, 32, 41, 0, 0, 0.17%, 7, 0, 7, 144.57
1735511629, 86, 10, 41, 0, 0, 0.17%, 7, 0, 7, 147.70
1735511639, 86, 18, 41, 0, 0, 0.17%, 7, 0, 7, 141.19
1735511645, 86, 24, 41, 0, 0, 0.17%, 7, 0, 7, 151.14
1735511650, 86, 25, 41, 0, 0, 0.17%, 7, 0, 7, 147.55
1735511655, 86, 33, 41, 0, 0, 0.17%, 7, 0, 7, 138.00
1735511665, 87, 12, 41, 0, 0, 0.17%, 7, 0, 7, 141.21
1735511670, 87, 21, 41, 0, 0, 0.17%, 7, 0, 7, 149.00
1735511676, 87, 24, 41, 0, 0, 0.17%, 7, 0, 7, 143.88
1735511681, 87, 25, 41, 0, 0, 0.17%, 7, 0, 7, 140.86
1735511686, 88, 11, 41, 0, 0, 0.17%, 7, 0, 7, 139.12
1735511691, 88, 24, 41, 0, 0, 0.17%, 7, 0, 7, 142.79
1735511696, 88, 25, 41, 0, 0, 0.17%, 7, 0, 7, 139.84
1735511701, 89, 11, 41, 0, 0, 0.17%, 7, 0, 7, 140.91
1735511706, 89, 21, 41, 0, 0, 0.17%, 7, 0, 7, 148.00
1735511712, 89, 24, 41, 0, 0, 0.17%, 7, 0, 7, 146.88
1735511717, 89, 25, 41, 0, 0, 0.17%, 7, 0, 7, 139.62
1735511722, 89, 36, 41, 0, 0, 0.17%, 7, 0, 7, 152.49
1735511732, 90, 11, 41, 0, 0, 0.17%, 7, 0, 7, 140.47
1735511737, 90, 24, 41, 0, 0, 0.17%, 7, 0, 7, 137.26
1735511742, 90, 25, 41, 0, 0, 0.17%, 7, 0, 7, 143.90
1735511747, 91, 12, 41, 0, 0, 0.17%, 7, 0, 7, 148.93
1735511752, 91, 13, 41, 0, 0, 0.17%, 7, 0, 7, 152.41
1735511763, 91, 24, 41, 0, 0, 0.17%, 7, 0, 7, 137.40
1735511768, 91, 25, 41, 0, 0, 0.17%, 7, 0, 7, 140.95
1735511773, 92, 12, 41, 0, 0, 0.17%, 7, 0, 7, 133.84
1735511778, 92, 17, 41, 0, 0, 0.17%, 7, 0, 7, 141.15
1735511783, 92, 24, 41, 0, 0, 0.17%, 7, 0, 7, 144.05
1735511788, 92, 25, 41, 0, 0, 0.17%, 7, 0, 7, 141.94
1735511793, 93, 24, 41, 0, 0, 0.17%, 7, 0, 7, 139.66
1735511799, 93, 25, 41, 0, 0, 0.17%, 7, 0, 7, 142.20
1735511804, 94, 11, 41, 0, 0, 0.17%, 7, 0, 7, 138.91
1735511809, 94, 24, 41, 0, 0, 0.17%, 7, 0, 7, 137.84
1735511814, 94, 25, 41, 0, 0, 0.17%, 7, 0, 7, 139.49
1735511819, 94, 31, 41, 0, 0, 0.17%, 7, 0, 7, 152.86
1735511824, 94, 36, 41, 0, 0, 0.17%, 7, 0, 7, 160.16
1735511834, 95, 12, 41, 0, 0, 0.17%, 7, 0, 7, 145.17
1735511840, 95, 13, 41, 0, 0, 0.17%, 7, 0, 7, 161.88
1735511850, 95, 24, 41, 0, 0, 0.17%, 7, 0, 7, 148.22
1735511855, 95, 25, 41, 0, 0, 0.17%, 7, 0, 7, 144.26
1735511860, 95, 36, 41, 0, 0, 0.17%, 7, 0, 7, 158.08
1735511865, 96, 11, 41, 0, 0, 0.17%, 7, 0, 7, 150.28
1735511870, 96, 14, 41, 0, 0, 0.17%, 7, 0, 7, 139.88
1735511875, 96, 17, 41, 0, 0, 0.17%, 7, 0, 7, 159.51
1735511881, 96, 24, 41, 0, 0, 0.17%, 7, 0, 7, 143.22
1735511886, 96, 25, 41, 0, 0, 0.17%, 7, 0, 7, 147.28
1735511891, 97, 12, 41, 0, 0, 0.17%, 7, 0, 7, 142.28
1735511896, 97, 22, 41, 0, 0, 0.17%, 7, 0, 7, 149.30
1735511906, 97, 24, 41, 0, 0, 0.17%, 7, 0, 7, 145.37
1735511912, 97, 25, 41, 0, 0, 0.17%, 7, 0, 7, 151.39
1735511917, 97, 27, 41, 0, 0, 0.17%, 7, 0, 7, 155.87
1735511927, 98, 12, 41, 0, 0, 0.17%, 7, 0, 7, 142.27
1735511932, 98, 19, 41, 0, 0, 0.17%, 7, 0, 7, 147.40
1735511942, 98, 24, 41, 0, 0, 0.17%, 7, 0, 7, 140.41
1735511947, 98, 25, 41, 0, 0, 0.17%, 7, 0, 7, 149.98
1735511952, 99, 12, 41, 0, 0, 0.17%, 7, 0, 7, 144.04
1735511958, 99, 24, 41, 0, 0, 0.17%, 7, 0, 7, 146.34
1735511963, 99, 25, 41, 0, 0, 0.17%, 7, 0, 7, 141.73
1735511968, 99, 34, 41, 0, 0, 0.17%, 7, 0, 7, 146.40
1735511973, 100, 12, 41, 0, 0, 0.17%, 7, 0, 7, 145.18
1735511978, 100, 24, 41, 0, 0, 0.17%, 7, 0, 7, 140.41
1735511983, 100, 25, 41, 0, 0, 0.17%, 7, 0, 7, 157.51
1735511988, 101, 12, 41, 0, 0, 0.17%, 7, 0, 7, 143.39
1735511993, 101, 19, 41, 0, 0, 0.17%, 7, 0, 7, 141.62
1735511999, 101, 21, 41, 0, 0, 0.17%, 7, 0, 7, 150.70
1735512004, 101, 24, 41, 0, 0, 0.17%, 7, 0, 7, 145.40
1735512009, 101, 25, 41, 0, 0, 0.17%, 7, 0, 7, 145.23
1735512014, 101, 30, 41, 0, 0, 0.17%, 7, 0, 7, 152.55
1735512019, 101, 39, 41, 0, 0, 0.17%, 7, 0, 7, 148.21
1735512024, 102, 12, 41, 0, 0, 0.17%, 7, 0, 7, 145.37
1735512029, 102, 16, 41, 0, 0, 0.17%, 7, 0, 7, 147.53
1735512040, 102, 19, 41, 0, 0, 0.17%, 7, 0, 7, 145.62
1735512045, 102, 24, 41, 0, 0, 0.17%, 7, 0, 7, 148.80
1735512050, 102, 25, 41, 0, 0, 0.17%, 7, 0, 7, 140.02
1735512055, 103, 12, 41, 0, 0, 0.17%, 7, 0, 7, 135.24
1735512060, 103, 24, 41, 0, 0, 0.17%, 7, 0, 7, 140.25
1735512065, 103, 25, 41, 0, 0, 0.17%, 7, 0, 7, 144.31
1735512071, 104, 12, 41, 0, 0, 0.17%, 7, 0, 7, 142.53
1735512076, 104, 24, 41, 0, 0, 0.17%, 7, 0, 7, 145.36
1735512081, 104, 25, 41, 0, 0, 0.17%, 7, 0, 7, 139.91
1735512086, 104, 38, 41, 0, 0, 0.17%, 7, 0, 7, 148.30
1735512091, 105, 12, 41, 0, 0, 0.17%, 7, 0, 7, 136.17
1735512096, 105, 24, 41, 0, 0, 0.17%, 7, 0, 7, 145.36
1735512102, 105, 25, 41, 0, 0, 0.17%, 7, 0, 7, 149.62
1735512107, 106, 12, 41, 0, 0, 0.17%, 7, 0, 7, 145.19
1735512112, 106, 24, 41, 0, 0, 0.17%, 7, 0, 7, 144.35
1735512117, 106, 25, 41, 0, 0, 0.17%, 7, 0, 7, 145.10
1735512122, 106, 32, 41, 0, 0, 0.17%, 7, 0, 7, 146.23
1735512127, 107, 10, 41, 0, 0, 0.17%, 7, 0, 7, 142.88
1735512132, 107, 24, 41, 0, 0, 0.17%, 7, 0, 7, 137.08
1735512137, 107, 25, 41, 0, 0, 0.17%, 7, 0, 7, 137.70
1735512143, 108, 5, 41, 0, 0, 0.17%, 7, 0, 7, 149.55
1735512148, 108, 12, 41, 0, 0, 0.17%, 7, 0, 7, 141.52
1735512153, 108, 24, 41, 0, 0, 0.17%, 7, 0, 7, 148.71
1735512158, 108, 25, 41, 0, 0, 0.17%, 7, 0, 7, 143.62
1735512163, 109, 12, 41, 0, 0, 0.17%, 7, 0, 7, 140.96
1735512168, 109, 25, 41, 0, 0, 0.17%, 7, 0, 7, 144.20
1735512174, 110, 1, 41, 0, 0, 0.17%, 7, 0, 7, 148.41
1735512179, 110, 12, 41, 0, 0, 0.17%, 7, 0, 7, 140.41
1735512184, 110, 24, 41, 0, 0, 0.17%, 7, 0, 7, 141.74
1735512189, 110, 25, 41, 0, 0, 0.17%, 7, 0, 7, 144.65
1735512194, 110, 33, 41, 0, 0, 0.17%, 7, 0, 7, 139.51
1735512199, 110, 36, 41, 0, 0, 0.17%, 7, 0, 7, 148.93
1735512210, 111, 12, 41, 0, 0, 0.17%, 7, 0, 7, 140.57
1735512215, 111, 24, 41, 0, 0, 0.17%, 7, 0, 7, 140.00
1735512220, 111, 25, 41, 0, 0, 0.17%, 7, 0, 7, 139.77
1735512225, 111, 39, 41, 0, 0, 0.17%, 7, 0, 7, 144.32
1735512230, 112, 12, 41, 0, 0, 0.17%, 7, 0, 7, 142.39
1735512235, 112, 24, 41, 0, 0, 0.17%, 7, 0, 7, 143.77
1735512240, 112, 25, 41, 0, 0, 0.17%, 7, 0, 7, 143.69
1735512245, 112, 39, 41, 0, 0, 0.17%, 7, 0, 7, 143.50
1735512251, 113, 12, 41, 0, 0, 0.17%, 7, 0, 7, 141.14
1735512256, 113, 15, 41, 0, 0, 0.17%, 7, 0, 7, 147.83
1735512261, 113, 24, 41, 0, 0, 0.17%, 7, 0, 7, 142.98
1735512266, 113, 25, 41, 0, 0, 0.17%, 7, 0, 7, 143.60
1735512271, 113, 33, 41, 0, 0, 0.17%, 7, 0, 7, 148.57
1735512281, 114, 12, 41, 0, 0, 0.17%, 7, 0, 7, 135.46
1735512286, 114, 16, 41, 0, 0, 0.17%, 7, 0, 7, 145.63
1735512296, 114, 24, 41, 0, 0, 0.17%, 7, 0, 7, 145.61
1735512302, 114, 25, 41, 0, 0, 0.17%, 7, 0, 7, 146.37
1735512307, 115, 11, 41, 0, 0, 0.17%, 7, 0, 7, 143.94
1735512312, 115, 21, 41, 0, 0, 0.17%, 7, 0, 7, 144.01
1735512317, 115, 24, 41, 0, 0, 0.17%, 7, 0, 7, 141.40
1735512322, 115, 25, 41, 0, 0, 0.17%, 7, 0, 7, 139.41
1735512327, 115, 31, 41, 0, 0, 0.17%, 7, 0, 7, 146.85
1735512333, 116, 12, 41, 0, 0, 0.17%, 7, 0, 7, 139.79
1735512338, 116, 24, 41, 0, 0, 0.17%, 7, 0, 7, 141.77
1735512343, 116, 25, 41, 0, 0, 0.17%, 7, 0, 7, 141.06
1735512348, 117, 12, 41, 0, 0, 0.17%, 7, 0, 7, 140.89
1735512353, 117, 21, 41, 0, 0, 0.17%, 7, 0, 7, 143.55
1735512358, 117, 24, 41, 0, 0, 0.17%, 7, 0, 7, 138.45
1735512363, 117, 25, 41, 0, 0, 0.17%, 7, 0, 7, 139.96
1735512369, 118, 1, 41, 0, 0, 0.17%, 7, 0, 7, 134.62
1735512374, 118, 12, 41, 0, 0, 0.17%, 7, 0, 7, 143.08
1735512379, 118, 24, 41, 0, 0, 0.17%, 7, 0, 7, 142.66
1735512384, 118, 25, 41, 0, 0, 0.17%, 7, 0, 7, 144.27
1735512394, 118, 29, 41, 0, 0, 0.17%, 7, 0, 7, 151.65
1735512399, 119, 4, 41, 0, 0, 0.17%, 7, 0, 7, 152.73
1735512404, 119, 12, 41, 0, 0, 0.17%, 7, 0, 7, 147.84
1735512409, 119, 24, 41, 0, 0, 0.17%, 7, 0, 7, 144.32
1735512415, 119, 25, 41, 0, 0, 0.17%, 7, 0, 7, 146.39
1735512420, 120, 12, 41, 0, 0, 0.17%, 7, 0, 7, 138.10
1735512425, 120, 24, 41, 0, 0, 0.17%, 7, 0, 7, 132.97
1735512430, 120, 25, 41, 0, 0, 0.17%, 7, 0, 7, 138.26
1735512435, 120, 30, 41, 0, 0, 0.17%, 7, 0, 7, 153.26
1735512440, 121, 12, 41, 0, 0, 0.17%, 7, 0, 7, 142.69
1735512445, 121, 24, 41, 0, 0, 0.17%, 7, 0, 7, 142.03
1735512450, 121, 25, 41, 0, 0, 0.17%, 7, 0, 7, 133.43
1735512455, 121, 31, 41, 0, 0, 0.17%, 7, 0, 7, 150.37
1735512461, 122, 11, 41, 0, 0, 0.17%, 7, 0, 7, 144.89
1735512466, 122, 24, 41, 0, 0, 0.17%, 7, 0, 7, 140.77
1735512471, 122, 25, 41, 0, 0, 0.17%, 7, 0, 7, 139.72
1735512476, 123, 1, 41, 0, 0, 0.17%, 7, 0, 7, 139.52
1735512481, 123, 12, 41, 0, 0, 0.17%, 7, 0, 7, 147.18
1735512487, 123, 24, 41, 0, 0, 0.17%, 7, 0, 7, 144.06
1735512492, 123, 25, 41, 0, 0, 0.17%, 7, 0, 7, 149.22
1735512497, 123, 31, 41, 0, 0, 0.17%, 7, 0, 7, 146.47
1735512502, 123, 32, 41, 0, 0, 0.17%, 7, 0, 7, 146.89
1735512507, 124, 11, 41, 0, 0, 0.17%, 7, 0, 7, 143.76
1735512512, 124, 24, 41, 0, 0, 0.17%, 7, 0, 7, 135.94
1735512517, 124, 25, 41, 0, 0, 0.17%, 7, 0, 7, 141.57
1735512522, 124, 29, 41, 0, 0, 0.17%, 7, 0, 7, 156.45
1735512528, 125, 2, 41, 0, 0, 0.17%, 7, 0, 7, 139.10
1735512533, 125, 12, 41, 0, 0, 0.17%, 7, 0, 7, 137.41
1735512538, 125, 24, 41, 0, 0, 0.17%, 7, 0, 7, 139.03
1735512543, 125, 25, 41, 0, 0, 0.17%, 7, 0, 7, 145.24
1735512548, 125, 29, 41, 0, 0, 0.17%, 7, 0, 7, 158.69
1735512553, 125, 38, 41, 0, 0, 0.17%, 7, 0, 7, 158.38
1735512558, 126, 11, 41, 0, 0, 0.17%, 7, 0, 7, 154.67
1735512563, 126, 17, 41, 0, 0, 0.17%, 7, 0, 7, 155.26
1735512568, 126, 24, 41, 0, 0, 0.17%, 7, 0, 7, 145.86
1735512573, 126, 25, 41, 0, 0, 0.17%, 7, 0, 7, 145.28
1735512578, 126, 39, 41, 0, 0, 0.17%, 7, 0, 7, 145.00
1735512583, 127, 11, 41, 0, 0, 0.17%, 7, 0, 7, 143.47
1735512589, 127, 24, 41, 0, 0, 0.17%, 7, 0, 7, 138.85
1735512594, 127, 25, 41, 0, 0, 0.17%, 7, 0, 7, 140.41
1735512599, 127, 39, 41, 0, 0, 0.17%, 7, 0, 7, 150.83
1735512604, 128, 11, 41, 0, 0, 0.17%, 7, 0, 7, 141.70
1735512609, 128, 24, 41, 0, 0, 0.17%, 7, 0, 7, 137.29
1735512614, 128, 25, 41, 0, 0, 0.17%, 7, 0, 7, 140.35
1735512620, 129, 4, 41, 0, 0, 0.17%, 7, 0, 7, 145.82
1735512625, 129, 12, 41, 0, 0, 0.17%, 7, 0, 7, 139.82
1735512630, 129, 19, 41, 0, 0, 0.17%, 7, 0, 7, 146.00
1735512635, 129, 24, 41, 0, 0, 0.17%, 7, 0, 7, 140.28
1735512640, 129, 25, 41, 0, 0, 0.17%, 7, 0, 7, 144.11
1735512645, 129, 31, 41, 0, 0, 0.17%, 7, 0, 7, 141.12
1735512650, 130, 24, 41, 0, 0, 0.17%, 7, 0, 7, 139.21
1735512655, 130, 25, 41, 0, 0, 0.17%, 7, 0, 7, 142.93
1735512661, 131, 11, 41, 0, 0, 0.17%, 7, 0, 7, 143.85
1735512666, 131, 24, 41, 0, 0, 0.17%, 7, 0, 7, 140.96
1735512671, 131, 25, 41, 0, 0, 0.17%, 7, 0, 7, 147.66
1735512676, 131, 28, 41, 0, 0, 0.17%, 7, 0, 7, 141.74
1735512681, 131, 38, 41, 0, 0, 0.17%, 7, 0, 7, 151.11
1735512692, 132, 12, 41, 0, 0, 0.17%, 7, 0, 7, 146.54
1735512697, 132, 24, 41, 0, 0, 0.17%, 7, 0, 7, 146.89
1735512702, 132, 25, 41, 0, 0, 0.17%, 7, 0, 7, 142.60
1735512707, 132, 26, 41, 0, 0, 0.17%, 7, 0, 7, 140.45
1735512712, 132, 36, 41, 0, 0, 0.17%, 7, 0, 7, 157.34
1735512718, 133, 0, 41, 0, 0, 0.17%, 7, 0, 7, 147.56
1735512723, 133, 17, 41, 0, 0, 0.17%, 7, 0, 7, 146.34
1735512728, 133, 24, 41, 0, 0, 0.17%, 7, 0, 7, 144.93
1735512733, 133, 25, 41, 0, 0, 0.17%, 7, 0, 7, 139.07
1735512738, 133, 31, 41, 0, 0, 0.17%, 7, 0, 7, 156.08
1735512743, 134, 11, 41, 0, 0, 0.17%, 7, 0, 7, 150.01
1735512748, 134, 24, 41, 0, 0, 0.17%, 7, 0, 7, 141.26
1735512753, 134, 25, 41, 0, 0, 0.17%, 7, 0, 7, 148.93
1735512759, 135, 11, 41, 0, 0, 0.17%, 7, 0, 7, 144.32
1735512764, 135, 24, 41, 0, 0, 0.17%, 7, 0, 7, 144.53
1735512769, 135, 25, 41, 0, 0, 0.17%, 7, 0, 7, 143.71
1735512774, 135, 40, 41, 0, 0, 0.17%, 7, 0, 7, 157.93
1735512779, 136, 11, 41, 0, 0, 0.17%, 7, 0, 7, 152.83
1735512784, 136, 13, 41, 0, 0, 0.17%, 7, 0, 7, 157.17
1735512789, 136, 24, 41, 0, 0, 0.17%, 7, 0, 7, 142.96
1735512794, 136, 25, 41, 0, 0, 0.17%, 7, 0, 7, 144.13
1735512799, 136, 27, 41, 0, 0, 0.17%, 7, 0, 7, 147.70
1735512804, 137, 12, 41, 0, 0, 0.17%, 7, 0, 7, 147.22
1735512810, 137, 20, 41, 0, 0, 0.17%, 7, 0, 7, 143.95
1735512830, 137, 24, 41, 0, 0, 0.17%, 7, 0, 7, 132.20
1735512835, 137, 25, 41, 0, 0, 0.17%, 7, 0, 7, 137.63
1735512840, 137, 31, 41, 0, 0, 0.17%, 7, 0, 7, 157.01
1735512845, 137, 38, 41, 0, 0, 0.17%, 7, 0, 7, 157.46
1735512850, 138, 3, 41, 0, 0, 0.17%, 7, 0, 7, 132.55
1735512856, 138, 11, 41, 0, 0, 0.17%, 7, 0, 7, 144.26
1735512861, 138, 21, 41, 0, 0, 0.17%, 7, 0, 7, 150.05
1735512866, 138, 24, 41, 0, 0, 0.17%, 7, 0, 7, 146.61
1735512871, 138, 25, 41, 0, 0, 0.17%, 7, 0, 7, 144.89
1735512876, 139, 12, 41, 0, 0, 0.17%, 7, 0, 7, 139.82
1735512881, 139, 24, 41, 0, 0, 0.17%, 7, 0, 7, 140.16
1735512887, 139, 25, 41, 0, 0, 0.17%, 7, 0, 7, 145.01
1735512892, 140, 12, 41, 0, 0, 0.17%, 7, 0, 7, 146.60
1735512897, 140, 24, 41, 0, 0, 0.17%, 7, 0, 7, 147.61
1735512902, 140, 25, 41, 0, 0, 0.17%, 7, 0, 7, 145.97
1735512907, 140, 26, 41, 0, 0, 0.17%, 7, 0, 7, 145.26
1735512912, 140, 27, 41, 0, 0, 0.17%, 7, 0, 7, 156.21
1735512918, 140, 40, 41, 0, 0, 0.17%, 7, 0, 7, 153.02
1735512923, 141, 12, 41, 0, 0, 0.17%, 7, 0, 7, 137.79
1735512928, 141, 17, 41, 0, 0, 0.17%, 7, 0, 7, 145.97
1735512933, 141, 24, 41, 0, 0, 0.17%, 7, 0, 7, 143.57
1735512938, 141, 25, 41, 0, 0, 0.17%, 7, 0, 7, 145.21
1735512943, 142, 12, 41, 0, 0, 0.17%, 7, 0, 7, 138.64
1735512948, 142, 13, 41, 0, 0, 0.17%, 7, 0, 7, 148.01
1735512953, 142, 16, 41, 0, 0, 0.17%, 7, 0, 7, 153.75
1735512959, 142, 24, 41, 0, 0, 0.17%, 7, 0, 7, 147.73
1735512964, 142, 25, 41, 0, 0, 0.17%, 7, 0, 7, 139.52
1735512969, 143, 4, 41, 0, 0, 0.17%, 7, 0, 7, 143.46
1735512974, 143, 12, 41, 0, 0, 0.17%, 7, 0, 7, 145.94
1735512979, 143, 19, 41, 0, 0, 0.17%, 7, 0, 7, 142.92
1735512984, 143, 25, 41, 0, 0, 0.17%, 7, 0, 7, 145.25
1735512990, 143, 32, 41, 0, 0, 0.17%, 7, 0, 7, 147.33
1735512995, 144, 11, 41, 0, 0, 0.17%, 7, 0, 7, 150.14
1735513000, 144, 24, 41, 0, 0, 0.17%, 7, 0, 7, 135.55
1735513005, 144, 25, 41, 0, 0, 0.17%, 7, 0, 7, 145.30
1735513010, 144, 29, 41, 0, 0, 0.17%, 7, 0, 7, 157.84
1735513015, 144, 38, 41, 0, 0, 0.17%, 7, 0, 7, 163.39
1735513020, 145, 8, 41, 0, 0, 0.17%, 7, 0, 7, 150.63
1735513025, 145, 12, 41, 0, 0, 0.17%, 7, 0, 7, 137.89
1735513031, 145, 17, 41, 0, 0, 0.17%, 7, 0, 7, 155.65
1735513036, 145, 24, 41, 0, 0, 0.17%, 7, 0, 7, 137.95
1735513041, 145, 25, 41, 0, 0, 0.17%, 7, 0, 7, 142.84
1735513046, 145, 26, 41, 0, 0, 0.17%, 7, 0, 7, 131.49
1735513051, 146, 12, 41, 0, 0, 0.17%, 7, 0, 7, 136.10
1735513056, 146, 24, 41, 0, 0, 0.17%, 7, 0, 7, 145.11
1735513061, 146, 25, 41, 0, 0, 0.17%, 7, 0, 7, 140.05
1735513067, 147, 12, 41, 0, 0, 0.17%, 7, 0, 7, 145.38
1735513072, 147, 24, 41, 0, 0, 0.17%, 7, 0, 7, 140.16
1735513077, 147, 25, 41, 0, 0, 0.17%, 7, 0, 7, 148.53
1735513082, 147, 38, 41, 0, 0, 0.17%, 7, 0, 7, 152.30
1735513087, 148, 12, 41, 0, 0, 0.17%, 7, 0, 7, 133.13
1735513092, 148, 24, 41, 0, 0, 0.17%, 7, 0, 7, 138.27
1735513098, 148, 25, 41, 0, 0, 0.17%, 7, 0, 7, 145.16
1735513103, 148, 37, 41, 0, 0, 0.17%, 7, 0, 7, 160.27
1735513108, 149, 7, 41, 0, 0, 0.17%, 7, 0, 7, 145.38
1735513113, 149, 12, 41, 0, 0, 0.17%, 7, 0, 7, 140.13
1735513118, 149, 24, 41, 0, 0, 0.17%, 7, 0, 7, 145.06
1735513123, 149, 25, 41, 0, 0, 0.17%, 7, 0, 7, 137.81
1735513129, 149, 27, 41, 0, 0, 0.17%, 7, 0, 7, 158.14
1735513134, 150, 10, 41, 0, 0, 0.17%, 7, 0, 7, 142.70
1735513139, 150, 12, 41, 0, 0, 0.17%, 7, 0, 7, 144.81
1735513144, 150, 24, 41, 0, 0, 0.17%, 7, 0, 7, 148.51
1735513149, 151, 11, 41, 0, 0, 0.17%, 7, 0, 7, 152.95
1735513154, 151, 24, 41, 0, 0, 0.17%, 7, 0, 7, 139.90
1735513159, 151, 25, 41, 0, 0, 0.17%, 7, 0, 7, 143.11
1735513164, 152, 11, 41, 0, 0, 0.17%, 7, 0, 7, 144.37
1735513170, 152, 24, 41, 0, 0, 0.17%, 7, 0, 7, 138.09
1735513175, 152, 25, 41, 0, 0, 0.17%, 7, 0, 7, 144.82
1735513180, 153, 7, 41, 0, 0, 0.17%, 7, 0, 7, 142.20
1735513185, 153, 24, 41, 0, 0, 0.17%, 7, 0, 7, 136.16
1735513190, 153, 25, 41, 0, 0, 0.17%, 7, 0, 7, 149.44
1735513196, 153, 35, 41, 0, 0, 0.17%, 7, 0, 7, 148.73
1735513201, 154, 11, 41, 0, 0, 0.17%, 7, 0, 7, 147.06
1735513206, 154, 21, 41, 0, 0, 0.17%, 7, 0, 7, 147.18
1735513211, 154, 24, 41, 0, 0, 0.17%, 7, 0, 7, 146.04
1735513216, 154, 25, 41, 0, 0, 0.17%, 7, 0, 7, 147.28
1735513221, 154, 30, 41, 0, 0, 0.17%, 7, 0, 7, 164.93
1735513226, 154, 40, 41, 0, 0, 0.17%, 7, 0, 7, 153.30
1735513231, 155, 11, 41, 0, 0, 0.17%, 7, 0, 7, 144.06
1735513236, 155, 13, 41, 0, 0, 0.17%, 7, 0, 7, 145.02
1735513242, 155, 24, 41, 0, 0, 0.17%, 7, 0, 7, 143.29
1735513247, 155, 25, 41, 0, 0, 0.17%, 7, 0, 7, 145.85
1735513252, 156, 12, 41, 0, 0, 0.17%, 7, 0, 7, 140.34
1735513257, 156, 24, 41, 0, 0, 0.17%, 7, 0, 7, 138.48
1735513262, 156, 25, 41, 0, 0, 0.17%, 7, 0, 7, 142.20
1735513267, 156, 37, 41, 0, 0, 0.17%, 7, 0, 7, 162.93
1735513273, 157, 11, 41, 0, 0, 0.17%, 7, 0, 7, 138.11
1735513278, 157, 18, 41, 0, 0, 0.17%, 7, 0, 7, 150.73
1735513283, 157, 24, 41, 0, 0, 0.17%, 7, 0, 7, 152.37
1735513288, 157, 25, 41, 0, 0, 0.17%, 7, 0, 7, 141.02
1735513293, 157, 27, 41, 0, 0, 0.17%, 7, 0, 7, 148.37
1735513298, 157, 30, 41, 0, 0, 0.17%, 7, 0, 7, 153.22
1735513303, 157, 37, 41, 0, 0, 0.17%, 7, 0, 7, 166.05
1735513309, 157, 38, 41, 0, 0, 0.17%, 7, 0, 7, 147.18
1735513319, 158, 7, 41, 0, 0, 0.17%, 7, 0, 7, 137.77
1735513324, 158, 11, 41, 0, 0, 0.17%, 7, 0, 7, 139.37
1735513329, 158, 24, 41, 0, 0, 0.17%, 7, 0, 7, 145.02
1735513334, 158, 25, 41, 0, 0, 0.17%, 7, 0, 7, 138.29
1735513339, 159, 12, 41, 0, 0, 0.17%, 7, 0, 7, 140.82
1735513345, 159, 21, 41, 0, 0, 0.17%, 7, 0, 7, 143.41
1735513350, 159, 24, 41, 0, 0, 0.17%, 7, 0, 7, 145.89
1735513355, 159, 25, 41, 0, 0, 0.17%, 7, 0, 7, 144.14
1735513360, 160, 12, 41, 0, 0, 0.17%, 7, 0, 7, 140.62
1735513365, 160, 18, 41, 0, 0, 0.17%, 7, 0, 7, 143.96
1735513370, 160, 24, 41, 0, 0, 0.17%, 7, 0, 7, 145.21
1735513375, 160, 25, 41, 0, 0, 0.17%, 7, 0, 7, 151.47
1735513380, 160, 36, 41, 0, 0, 0.17%, 7, 0, 7, 161.67
1735513385, 161, 11, 41, 0, 0, 0.17%, 7, 0, 7, 148.22
1735513390, 161, 18, 41, 0, 0, 0.17%, 7, 0, 7, 153.06
1735513395, 161, 24, 41, 0, 0, 0.17%, 7, 0, 7, 150.44
1735513401, 161, 25, 41, 0, 0, 0.17%, 7, 0, 7, 142.41
1735513406, 161, 30, 41, 0, 0, 0.17%, 7, 0, 7, 151.33
1735513411, 162, 12, 41, 0, 0, 0.17%, 7, 0, 7, 149.72
1735513416, 162, 23, 41, 0, 0, 0.17%, 7, 0, 7, 149.10
1735513421, 162, 24, 41, 0, 0, 0.17%, 7, 0, 7, 144.80
1735513426, 162, 25, 41, 0, 0, 0.17%, 7, 0, 7, 142.77
1735513431, 162, 33, 41, 0, 0, 0.17%, 7, 0, 7, 146.67
1735513437, 162, 36, 41, 0, 0, 0.17%, 7, 0, 7, 159.63
1735513447, 163, 12, 41, 0, 0, 0.17%, 7, 0, 7, 134.94
1735513452, 163, 20, 41, 0, 0, 0.17%, 7, 0, 7, 140.45
1735513462, 163, 24, 41, 0, 0, 0.17%, 7, 0, 7, 145.46
1735513468, 163, 25, 41, 0, 0, 0.17%, 7, 0, 7, 140.86
1735513473, 163, 32, 41, 0, 0, 0.17%, 7, 0, 7, 149.03
1735513478, 164, 12, 41, 0, 0, 0.17%, 7, 0, 7, 145.01
1735513483, 164, 24, 41, 0, 0, 0.17%, 7, 0, 7, 136.72
1735513488, 165, 6, 41, 0, 0, 0.17%, 7, 0, 7, 149.68
1735513493, 165, 12, 41, 0, 0, 0.17%, 7, 0, 7, 134.71
1735513498, 165, 16, 41, 0, 0, 0.17%, 7, 0, 7, 142.05
1735513504, 165, 24, 41, 0, 0, 0.17%, 7, 0, 7, 138.54
1735513509, 165, 25, 41, 0, 0, 0.17%, 7, 0, 7, 142.69
1735513514, 166, 12, 41, 0, 0, 0.17%, 7, 0, 7, 139.92
1735513519, 166, 20, 41, 0, 0, 0.17%, 7, 0, 7, 143.31
1735513529, 166, 22, 41, 0, 0, 0.17%, 7, 0, 7, 143.64
1735513534, 166, 24, 41, 0, 0, 0.17%, 7, 0, 7, 147.77
1735513540, 166, 25, 41, 0, 0, 0.17%, 7, 0, 7, 152.20
1735513545, 167, 24, 41, 0, 0, 0.17%, 7, 0, 7, 146.19
1735513550, 167, 25, 41, 0, 0, 0.17%, 7, 0, 7, 141.70
1735513555, 167, 36, 41, 0, 0, 0.17%, 7, 0, 7, 157.52
1735513565, 168, 12, 41, 0, 0, 0.17%, 7, 0, 7, 147.66
1735513570, 168, 24, 41, 0, 0, 0.17%, 7, 0, 7, 151.26
1735513575, 168, 25, 41, 0, 0, 0.17%, 7, 0, 7, 143.18
1735513580, 169, 0, 41, 0, 0, 0.17%, 7, 0, 7, 151.20
1735513586, 169, 11, 41, 0, 0, 0.17%, 7, 0, 7, 151.96
1735513591, 169, 14, 41, 0, 0, 0.17%, 7, 0, 7, 141.13
1735513596, 169, 24, 41, 0, 0, 0.17%, 7, 0, 7, 143.65
1735513601, 169, 25, 41, 0, 0, 0.17%, 7, 0, 7, 141.58
1735513606, 169, 34, 41, 0, 0, 0.17%, 7, 0, 7, 144.18
1735513611, 169, 37, 41, 0, 0, 0.17%, 7, 0, 7, 158.76
1735513616, 170, 11, 41, 0, 0, 0.17%, 7, 0, 7, 139.34
1735513622, 170, 24, 41, 0, 0, 0.17%, 7, 0, 7, 145.61
1735513627, 170, 25, 41, 0, 0, 0.17%, 7, 0, 7, 144.73
1735513632, 170, 36, 41, 0, 0, 0.17%, 7, 0, 7, 151.62
1735513642, 171, 12, 41, 0, 0, 0.17%, 7, 0, 7, 136.85
1735513647, 171, 24, 41, 0, 0, 0.17%, 7, 0, 7, 145.35
1735513652, 171, 25, 41, 0, 0, 0.17%, 7, 0, 7, 141.81
1735513658, 171, 40, 41, 0, 0, 0.17%, 7, 0, 7, 152.01
1735513663, 172, 12, 41, 0, 0, 0.17%, 7, 0, 7, 143.01
1735513668, 172, 24, 41, 0, 0, 0.17%, 7, 0, 7, 147.97
1735513673, 172, 25, 41, 0, 0, 0.17%, 7, 0, 7, 147.19
1735513678, 172, 40, 41, 0, 0, 0.17%, 7, 0, 7, 157.93
1735513683, 173, 11, 41, 0, 0, 0.17%, 7, 0, 7, 147.10
1735513688, 173, 24, 41, 0, 0, 0.17%, 7, 0, 7, 136.71
1735513693, 173, 25, 41, 0, 0, 0.17%, 7, 0, 7, 140.50
1735513698, 173, 27, 41, 0, 0, 0.17%, 7, 0, 7, 153.88
1735513703, 173, 37, 41, 0, 0, 0.17%, 7, 0, 7, 152.52
1735513708, 174, 11, 41, 0, 0, 0.17%, 7, 0, 7, 158.46
1735513713, 174, 24, 41, 0, 0, 0.17%, 7, 0, 7, 144.14
1735513719, 174, 25, 41, 0, 0, 0.17%, 7, 0, 7, 137.60
1735513724, 175, 11, 41, 0, 0, 0.17%, 7, 0, 7, 144.53
1735513729, 175, 14, 41, 0, 0, 0.17%, 7, 0, 7, 140.02
1735513734, 175, 17, 41, 0, 0, 0.17%, 7, 0, 7, 154.75
1735513739, 175, 24, 41, 0, 0, 0.17%, 7, 0, 7, 148.26
1735513744, 175, 25, 41, 0, 0, 0.17%, 7, 0, 7, 142.77
1735513749, 175, 28, 41, 0, 0, 0.17%, 7, 0, 7, 148.09
1735513755, 175, 30, 41, 0, 0, 0.17%, 7, 0, 7, 156.84
1735513760, 175, 37, 41, 0, 0, 0.17%, 7, 0, 7, 155.75
1735513765, 176, 11, 41, 0, 0, 0.17%, 7, 0, 7, 144.32
1735513770, 176, 24, 41, 0, 0, 0.17%, 7, 0, 7, 144.45
1735513775, 176, 25, 41, 0, 0, 0.17%, 7, 0, 7, 141.10
1735513780, 176, 28, 41, 0, 0, 0.17%, 7, 0, 7, 141.24
1735513785, 177, 11, 41, 0, 0, 0.17%, 7, 0, 7, 147.74
1735513791, 177, 24, 41, 0, 0, 0.17%, 7, 0, 7, 141.01
1735513796, 177, 25, 41, 0, 0, 0.17%, 7, 0, 7, 142.32
1735513801, 178, 11, 41, 0, 0, 0.17%, 7, 0, 7, 151.27
1735513806, 178, 24, 41, 0, 0, 0.17%, 7, 0, 7, 148.91
1735513811, 178, 25, 41, 0, 0, 0.17%, 7, 0, 7, 149.06
1735513816, 178, 35, 41, 0, 0, 0.17%, 7, 0, 7, 153.56
1735513821, 178, 37, 41, 0, 0, 0.17%, 7, 0, 7, 159.79
1735513826, 178, 40, 41, 0, 0, 0.17%, 7, 0, 7, 157.92
1735513837, 179, 24, 41, 0, 0, 0.17%, 7, 0, 7, 149.30
1735513842, 179, 25, 41, 0, 0, 0.17%, 7, 0, 7, 140.22
1735513847, 180, 11, 41, 0, 0, 0.17%, 7, 0, 7, 145.91
1735513852, 180, 24, 41, 0, 0, 0.17%, 7, 0, 7, 143.56
1735513857, 180, 25, 41, 0, 0, 0.17%, 7, 0, 7, 140.14
1735513862, 180, 33, 41, 0, 0, 0.17%, 7, 0, 7, 143.55
1735513873, 181, 14, 41, 0, 0, 0.17%, 7, 0, 7, 146.64
1735513878, 181, 24, 41, 0, 0, 0.17%, 7, 0, 7, 140.83
1735513883, 181, 25, 41, 0, 0, 0.17%, 7, 0, 7, 144.16
1735513888, 181, 37, 41, 0, 0, 0.17%, 7, 0, 7, 163.15
1735513899, 182, 21, 41, 0, 0, 0.17%, 7, 0, 7, 145.20
1735513909, 182, 24, 41, 0, 0, 0.17%, 7, 0, 7, 134.62
1735513914, 182, 25, 41, 0, 0, 0.17%, 7, 0, 7, 138.87
1735513919, 183, 24, 41, 0, 0, 0.17%, 7, 0, 7, 141.83
1735513924, 183, 25, 41, 0, 0, 0.17%, 7, 0, 7, 150.50
1735513929, 184, 11, 41, 0, 0, 0.17%, 7, 0, 7, 146.99
1735513935, 184, 24, 41, 0, 0, 0.17%, 7, 0, 7, 140.83
1735513940, 184, 25, 41, 0, 0, 0.17%, 7, 0, 7, 135.01
1735513945, 185, 0, 41, 0, 0, 0.17%, 7, 0, 7, 145.35
1735513950, 185, 11, 41, 0, 0, 0.17%, 7, 0, 7, 143.96
1735513955, 185, 18, 41, 0, 0, 0.17%, 7, 0, 7, 149.54
1735513960, 185, 24, 41, 0, 0, 0.17%, 7, 0, 7, 141.71
1735513965, 185, 25, 41, 0, 0, 0.17%, 7, 0, 7, 142.94
1735513971, 186, 12, 41, 0, 0, 0.17%, 7, 0, 7, 149.42
1735513976, 186, 24, 41, 0, 0, 0.17%, 7, 0, 7, 140.56
1735513981, 186, 25, 41, 0, 0, 0.17%, 7, 0, 7, 144.47
1735513986, 187, 11, 41, 0, 0, 0.17%, 7, 0, 7, 139.41
1735513991, 187, 24, 41, 0, 0, 0.17%, 7, 0, 7, 142.46
1735513996, 187, 25, 41, 0, 0, 0.17%, 7, 0, 7, 143.18
1735514001, 188, 0, 41, 0, 0, 0.17%, 7, 0, 7, 147.71
1735514007, 188, 12, 41, 0, 0, 0.17%, 7, 0, 7, 142.80
1735514012, 188, 21, 41, 0, 0, 0.17%, 7, 0, 7, 147.79
1735514017, 188, 24, 41, 0, 0, 0.17%, 7, 0, 7, 146.87
1735514022, 188, 25, 41, 0, 0, 0.17%, 7, 0, 7, 145.10
1735514027, 189, 12, 41, 0, 0, 0.17%, 7, 0, 7, 144.92
1735514032, 189, 24, 41, 0, 0, 0.17%, 7, 0, 7, 152.27
1735514037, 189, 25, 41, 0, 0, 0.17%, 7, 0, 7, 144.61
1735514043, 189, 30, 41, 0, 0, 0.17%, 7, 0, 7, 154.52
1735514048, 190, 10, 41, 0, 0, 0.17%, 7, 0, 7, 143.23
1735514053, 190, 12, 41, 0, 0, 0.17%, 7, 0, 7, 144.28
1735514058, 190, 23, 41, 0, 0, 0.17%, 7, 0, 7, 141.16
1735514063, 190, 24, 41, 0, 0, 0.17%, 7, 0, 7, 143.24
1735514068, 190, 25, 41, 0, 0, 0.17%, 7, 0, 7, 145.65
1735514074, 190, 36, 41, 0, 0, 0.17%, 7, 0, 7, 154.12
1735514084, 191, 11, 41, 0, 0, 0.17%, 7, 0, 7, 141.97
1735514089, 191, 24, 41, 0, 0, 0.17%, 7, 0, 7, 139.24
1735514094, 191, 25, 41, 0, 0, 0.17%, 7, 0, 7, 139.92
1735514099, 191, 26, 41, 0, 0, 0.17%, 7, 0, 7, 142.30
1735514104, 192, 11, 41, 0, 0, 0.17%, 7, 0, 7, 142.16
1735514109, 192, 21, 41, 0, 0, 0.17%, 7, 0, 7, 147.43
1735514115, 192, 24, 41, 0, 0, 0.17%, 7, 0, 7, 139.80
1735514120, 192, 25, 41, 0, 0, 0.17%, 7, 0, 7, 156.22
1735514125, 193, 8, 41, 0, 0, 0.17%, 7, 0, 7, 152.86
1735514130, 193, 12, 41, 0, 0, 0.17%, 7, 0, 7, 145.58
1735514135, 193, 24, 41, 0, 0, 0.17%, 7, 0, 7, 140.18
1735514140, 193, 25, 41, 0, 0, 0.17%, 7, 0, 7, 146.21
1735514145, 193, 40, 41, 0, 0, 0.17%, 7, 0, 7, 150.23
1735514155, 194, 12, 41, 0, 0, 0.17%, 7, 0, 7, 138.22
1735514160, 194, 24, 41, 0, 0, 0.17%, 7, 0, 7, 142.16
1735514165, 194, 25, 41, 0, 0, 0.17%, 7, 0, 7, 151.68
1735514171, 194, 30, 41, 0, 0, 0.17%, 7, 0, 7, 145.62
1735514176, 195, 12, 41, 0, 0, 0.17%, 7, 0, 7, 142.87
1735514181, 195, 24, 41, 0, 0, 0.17%, 7, 0, 7, 141.37
1735514186, 195, 25, 41, 0, 0, 0.17%, 7, 0, 7, 137.99
1735514191, 196, 11, 41, 0, 0, 0.17%, 7, 0, 7, 136.46
1735514196, 196, 24, 41, 0, 0, 0.17%, 7, 0, 7, 139.80
1735514202, 196, 25, 41, 0, 0, 0.17%, 7, 0, 7, 147.87
1735514207, 197, 11, 41, 0, 0, 0.17%, 7, 0, 7, 148.88
1735514212, 197, 24, 41, 0, 0, 0.17%, 7, 0, 7, 146.67
1735514217, 197, 25, 41, 0, 0, 0.17%, 7, 0, 7, 143.23
1735514222, 198, 11, 41, 0, 0, 0.17%, 7, 0, 7, 136.69
1735514227, 198, 24, 41, 0, 0, 0.17%, 7, 0, 7, 139.95
1735514233, 198, 25, 41, 0, 0, 0.17%, 7, 0, 7, 141.12
1735514238, 199, 7, 41, 0, 0, 0.17%, 7, 0, 7, 141.70
1735514243, 199, 12, 41, 0, 0, 0.17%, 7, 0, 7, 136.78
1735514248, 199, 25, 41, 0, 0, 0.17%, 7, 0, 7, 139.34
1735514253, 199, 26, 41, 0, 0, 0.17%, 7, 0, 7, 146.80
1735514258, 200, 11, 41, 0, 0, 0.17%, 7, 0, 7, 141.53
1735514263, 200, 20, 41, 0, 0, 0.17%, 7, 0, 7, 139.44
1735514274, 200, 24, 41, 0, 0, 0.17%, 7, 0, 7, 141.52
1735514279, 200, 25, 41, 0, 0, 0.17%, 7, 0, 7, 142.96
1735514284, 201, 3, 41, 0, 0, 0.17%, 7, 0, 7, 140.86
1735514289, 201, 12, 41, 0, 0, 0.17%, 7, 0, 7, 140.70
1735514294, 201, 24, 41, 0, 0, 0.17%, 7, 0, 7, 142.02
1735514299, 201, 26, 41, 0, 0, 0.17%, 7, 0, 7, 150.72
1735514310, 201, 39, 41, 0, 0, 0.17%, 7, 0, 7, 147.50
1735514315, 202, 11, 41, 0, 0, 0.17%, 7, 0, 7, 153.51
1735514320, 202, 21, 41, 0, 0, 0.17%, 7, 0, 7, 153.00
1735514325, 202, 22, 41, 0, 0, 0.17%, 7, 0, 7, 148.59
1735514330, 202, 24, 41, 0, 0, 0.17%, 7, 0, 7, 143.46
1735514335, 202, 25, 41, 0, 0, 0.17%, 7, 0, 7, 144.08
1735514341, 202, 27, 41, 0, 0, 0.17%, 7, 0, 7, 152.90
1735514346, 203, 12, 41, 0, 0, 0.17%, 7, 0, 7, 149.77
1735514351, 203, 24, 41, 0, 0, 0.17%, 7, 0, 7, 146.68
1735514356, 203, 25, 41, 0, 0, 0.17%, 7, 0, 7, 143.13
1735514361, 204, 12, 41, 0, 0, 0.17%, 7, 0, 7, 141.55
1735514366, 204, 20, 41, 0, 0, 0.17%, 7, 0, 7, 138.31
1735514371, 204, 24, 41, 0, 0, 0.17%, 7, 0, 7, 140.32
1735514376, 204, 25, 41, 0, 0, 0.17%, 7, 0, 7, 142.17
1735514382, 205, 12, 41, 0, 0, 0.17%, 7, 0, 7, 139.84
1735514387, 205, 24, 41, 0, 0, 0.17%, 7, 0, 7, 144.14
1735514392, 205, 25, 41, 0, 0, 0.17%, 7, 0, 7, 147.93
1735514397, 206, 12, 41, 0, 0, 0.17%, 7, 0, 7, 144.09
1735514402, 206, 16, 41, 0, 0, 0.17%, 7, 0, 7, 147.13
1735514407, 206, 24, 41, 0, 0, 0.17%, 7, 0, 7, 140.94
1735514412, 206, 25, 41, 0, 0, 0.17%, 7, 0, 7, 146.62
1735514418, 206, 28, 41, 0, 0, 0.17%, 7, 0, 7, 141.32
1735514423, 207, 11, 41, 0, 0, 0.17%, 7, 0, 7, 138.67
1735514428, 207, 24, 41, 0, 0, 0.17%, 7, 0, 7, 143.42
1735514433, 207, 25, 41, 0, 0, 0.17%, 7, 0, 7, 144.80
1735514438, 207, 35, 41, 0, 0, 0.17%, 7, 0, 7, 152.45
1735514443, 207, 37, 41, 0, 0, 0.17%, 7, 0, 7, 156.96
1735514453, 208, 22, 41, 0, 0, 0.17%, 7, 0, 7, 147.67
1735514458, 208, 24, 41, 0, 0, 0.17%, 7, 0, 7, 149.51
1735514464, 208, 25, 41, 0, 0, 0.17%, 7, 0, 7, 146.13
1735514469, 209, 9, 41, 0, 0, 0.17%, 7, 0, 7, 148.24
1735514474, 209, 12, 41, 0, 0, 0.17%, 7, 0, 7, 145.37
1735514479, 209, 24, 41, 0, 0, 0.17%, 7, 0, 7, 146.42
1735514484, 209, 35, 41, 0, 0, 0.17%, 7, 0, 7, 146.25
1735514489, 210, 0, 41, 0, 0, 0.17%, 7, 0, 7, 147.77
1735514494, 210, 12, 41, 0, 0, 0.17%, 7, 0, 7, 140.02
1735514499, 210, 14, 41, 0, 0, 0.17%, 7, 0, 7, 145.22
1735514504, 210, 22, 41, 0, 0, 0.17%, 7, 0, 7, 152.02
1735514509, 210, 24, 41, 0, 0, 0.17%, 7, 0, 7, 147.65
1735514514, 210, 25, 41, 0, 0, 0.17%, 7, 0, 7, 139.93
1735514520, 211, 8, 41, 0, 0, 0.17%, 7, 0, 7, 142.43
1735514525, 211, 11, 41, 0, 0, 0.17%, 7, 0, 7, 141.94
1735514530, 211, 21, 41, 0, 0, 0.17%, 7, 0, 7, 150.68
1735514535, 211, 24, 41, 0, 0, 0.17%, 7, 0, 7, 145.49
1735514540, 211, 25, 41, 0, 0, 0.17%, 7, 0, 7, 150.42
1735514545, 211, 28, 41, 0, 0, 0.17%, 7, 0, 7, 148.89
1735514550, 211, 35, 41, 0, 0, 0.17%, 7, 0, 7, 147.84
1735514555, 212, 12, 41, 0, 0, 0.17%, 7, 0, 7, 142.10
1735514560, 212, 24, 41, 0, 0, 0.17%, 7, 0, 7, 156.34
1735514566, 212, 25, 41, 0, 0, 0.17%, 7, 0, 7, 150.27
1735514571, 213, 8, 41, 0, 0, 0.17%, 7, 0, 7, 147.40
1735514576, 213, 12, 41, 0, 0, 0.17%, 7, 0, 7, 134.56
1735514581, 213, 17, 41, 0, 0, 0.17%, 7, 0, 7, 147.26
1735514586, 213, 24, 41, 0, 0, 0.17%, 7, 0, 7, 146.13
1735514591, 213, 25, 41, 0, 0, 0.17%, 7, 0, 7, 143.67
1735514596, 214, 24, 41, 0, 0, 0.17%, 7, 0, 7, 150.06
1735514601, 214, 25, 41, 0, 0, 0.17%, 7, 0, 7, 144.38
1735514607, 214, 28, 41, 0, 0, 0.17%, 7, 0, 7, 141.19
1735514612, 215, 0, 41, 0, 0, 0.17%, 7, 0, 7, 148.89
1735514617, 215, 12, 41, 0, 0, 0.17%, 7, 0, 7, 143.03
1735514622, 215, 24, 41, 0, 0, 0.17%, 7, 0, 7, 140.26
1735514627, 215, 25, 41, 0, 0, 0.17%, 7, 0, 7, 144.65
1735514632, 216, 12, 41, 0, 0, 0.17%, 7, 0, 7, 147.26
1735514637, 216, 24, 41, 0, 0, 0.17%, 7, 0, 7, 139.85
1735514642, 216, 25, 41, 0, 0, 0.17%, 7, 0, 7, 145.99
1735514647, 217, 7, 41, 0, 0, 0.17%, 7, 0, 7, 148.23
1735514652, 217, 12, 41, 0, 0, 0.17%, 7, 0, 7, 143.54
1735514658, 217, 18, 41, 0, 0, 0.17%, 7, 0, 7, 151.48
1735514663, 217, 24, 41, 0, 0, 0.17%, 7, 0, 7, 152.09
1735514668, 217, 25, 41, 0, 0, 0.17%, 7, 0, 7, 150.54
1735514673, 218, 12, 41, 0, 0, 0.17%, 7, 0, 7, 144.62
1735514678, 218, 17, 41, 0, 0, 0.17%, 7, 0, 7, 155.98
1735514683, 218, 24, 41, 0, 0, 0.17%, 7, 0, 7, 157.66
1735514688, 218, 25, 41, 0, 0, 0.17%, 7, 0, 7, 159.45
1735514693, 218, 32, 41, 0, 0, 0.17%, 7, 0, 7, 149.12
1735514698, 219, 5, 41, 0, 0, 0.17%, 7, 0, 7, 147.31
1735514703, 219, 12, 41, 0, 0, 0.17%, 7, 0, 7, 140.11
1735514708, 219, 24, 41, 0, 0, 0.17%, 7, 0, 7, 141.16
1735514714, 219, 25, 41, 0, 0, 0.17%, 7, 0, 7, 147.47
1735514719, 220, 11, 41, 0, 0, 0.17%, 7, 0, 7, 148.45
1735514724, 220, 24, 41, 0, 0, 0.17%, 7, 0, 7, 143.83
1735514729, 220, 25, 41, 0, 0, 0.17%, 7, 0, 7, 150.37
1735514734, 220, 39, 41, 0, 0, 0.17%, 7, 0, 7, 152.52
1735514739, 221, 12, 41, 0, 0, 0.17%, 7, 0, 7, 145.11
1735514744, 221, 17, 41, 0, 0, 0.17%, 7, 0, 7, 149.91
1735514750, 221, 24, 41, 0, 0, 0.17%, 7, 0, 7, 147.18
1735514755, 221, 28, 41, 0, 0, 0.17%, 7, 0, 7, 148.66
1735514760, 221, 29, 41, 0, 0, 0.17%, 7, 0, 7, 158.03
1735514765, 221, 32, 41, 0, 0, 0.17%, 7, 0, 7, 153.45
1735514770, 222, 11, 41, 0, 0, 0.17%, 7, 0, 7, 149.55
1735514775, 222, 24, 41, 0, 0, 0.17%, 7, 0, 7, 144.96
1735514780, 222, 25, 41, 0, 0, 0.17%, 7, 0, 7, 141.56
1735514785, 223, 12, 41, 0, 0, 0.17%, 7, 0, 7, 150.49
1735514790, 223, 13, 41, 0, 0, 0.17%, 7, 0, 7, 155.18
1735514796, 223, 24, 41, 0, 0, 0.17%, 7, 0, 7, 149.99
1735514801, 223, 25, 41, 0, 0, 0.17%, 7, 0, 7, 148.39
1735514806, 223, 37, 41, 0, 0, 0.17%, 7, 0, 7, 146.85
1735514811, 224, 12, 41, 0, 0, 0.17%, 7, 0, 7, 149.10
1735514816, 224, 16, 41, 0, 0, 0.17%, 7, 0, 7, 146.33
1735514821, 224, 24, 41, 0, 0, 0.17%, 7, 0, 7, 140.81
1735514826, 224, 25, 41, 0, 0, 0.17%, 7, 0, 7, 143.16
1735514832, 224, 37, 41, 0, 0, 0.17%, 7, 0, 7, 158.15
1735514837, 225, 11, 41, 0, 0, 0.17%, 7, 0, 7, 142.03
1735514842, 225, 22, 41, 0, 0, 0.17%, 7, 0, 7, 153.92
1735514847, 225, 24, 41, 0, 0, 0.17%, 7, 0, 7, 142.11
1735514852, 225, 25, 41, 0, 0, 0.17%, 7, 0, 7, 140.49
1735514857, 225, 29, 41, 0, 0, 0.17%, 7, 0, 7, 152.86
1735514862, 225, 31, 41, 0, 0, 0.17%, 7, 0, 7, 157.49
1735514867, 225, 37, 41, 0, 0, 0.17%, 7, 0, 7, 154.50
1735514872, 226, 11, 41, 0, 0, 0.17%, 7, 0, 7, 145.75
1735514878, 226, 24, 41, 0, 0, 0.17%, 7, 0, 7, 146.93
1735514883, 226, 25, 41, 0, 0, 0.17%, 7, 0, 7, 145.21
1735514888, 226, 26, 41, 0, 0, 0.17%, 7, 0, 7, 145.48
1735514893, 226, 33, 41, 0, 0, 0.17%, 7, 0, 7, 153.32
1735514898, 227, 11, 41, 0, 0, 0.17%, 7, 0, 7, 143.00
1735514903, 227, 24, 41, 0, 0, 0.17%, 7, 0, 7, 137.51
1735514908, 227, 25, 41, 0, 0, 0.17%, 7, 0, 7, 143.49
1735514914, 227, 28, 41, 0, 0, 0.17%, 7, 0, 7, 149.70
1735514919, 227, 30, 41, 0, 0, 0.17%, 7, 0, 7, 151.85
1735514924, 228, 11, 41, 0, 0, 0.17%, 7, 0, 7, 146.56
1735514929, 228, 24, 41, 0, 0, 0.17%, 7, 0, 7, 144.10
1735514934, 228, 25, 41, 0, 0, 0.17%, 7, 0, 7, 158.56
1735514939, 228, 34, 41, 0, 0, 0.17%, 7, 0, 7, 161.27
1735514944, 228, 39, 41, 0, 0, 0.17%, 7, 0, 7, 149.62
1735514949, 229, 12, 41, 0, 0, 0.17%, 7, 0, 7, 134.56
1735514954, 229, 24, 41, 0, 0, 0.17%, 7, 0, 7, 147.36
1735514959, 229, 25, 41, 0, 0, 0.17%, 7, 0, 7, 144.58
1735514964, 229, 32, 41, 0, 0, 0.17%, 7, 0, 7, 150.60
1735514969, 229, 37, 41, 0, 0, 0.17%, 7, 0, 7, 151.42
1735514975, 230, 12, 41, 0, 0, 0.17%, 7, 0, 7, 140.36
1735514980, 230, 24, 41, 0, 0, 0.17%, 7, 0, 7, 137.71
1735514985, 230, 25, 41, 0, 0, 0.17%, 7, 0, 7, 141.93
1735514990, 230, 37, 41, 0, 0, 0.17%, 7, 0, 7, 158.50
1735514995, 230, 40, 41, 0, 0, 0.17%, 7, 0, 7, 160.78
1735515005, 231, 11, 41, 0, 0, 0.17%, 7, 0, 7, 146.59
1735515010, 231, 24, 41, 0, 0, 0.17%, 7, 0, 7, 144.19
1735515016, 231, 25, 41, 0, 0, 0.17%, 7, 0, 7, 138.55
1735515021, 232, 11, 41, 0, 0, 0.17%, 7, 0, 7, 139.48
1735515026, 232, 22, 41, 0, 0, 0.17%, 7, 0, 7, 141.03
1735515031, 232, 24, 41, 0, 0, 0.17%, 7, 0, 7, 142.42
1735515036, 232, 25, 41, 0, 0, 0.17%, 7, 0, 7, 146.84
1735515041, 233, 10, 41, 0, 0, 0.17%, 7, 0, 7, 138.45
1735515046, 233, 12, 41, 0, 0, 0.17%, 7, 0, 7, 134.77
