# unix_time, cycles_done, cur_path, paths_total, pending_total, pending_favs, map_size, unique_crashes, unique_hangs, max_depth, execs_per_sec
1735676366, 0, 0, 10, 10, 1, 0.01%, 0, 0, 1, 83.95
1735676371, 0, 2, 10, 10, 1, 0.01%, 0, 0, 1, 103.91
1735676381, 0, 3, 10, 9, 0, 0.01%, 0, 0, 1, 105.74
1735676386, 0, 4, 10, 8, 0, 0.01%, 0, 0, 1, 104.97
1735676397, 0, 5, 10, 7, 0, 0.01%, 0, 0, 1, 102.47
1735676407, 0, 6, 10, 6, 0, 0.01%, 0, 0, 1, 100.26
1735676417, 0, 7, 10, 5, 0, 0.01%, 0, 0, 1, 100.70
1735676427, 0, 8, 10, 4, 0, 0.01%, 0, 0, 1, 98.06
1735676437, 0, 9, 10, 3, 0, 0.01%, 0, 0, 1, 97.80
1735676447, 1, 0, 10, 2, 0, 0.01%, 0, 0, 1, 96.23
1735676463, 1, 1, 10, 1, 0, 0.01%, 0, 0, 1, 101.65
1735676473, 1, 2, 10, 0, 0, 0.01%, 0, 0, 1, 103.77
1735676478, 1, 4, 10, 0, 0, 0.01%, 0, 0, 1, 102.72
1735676483, 1, 5, 10, 0, 0, 0.01%, 0, 0, 1, 103.15
1735676488, 1, 7, 10, 0, 0, 0.01%, 0, 0, 1, 105.14
1735676493, 1, 8, 10, 0, 0, 0.01%, 0, 0, 1, 103.23
1735676498, 1, 9, 10, 0, 0, 0.01%, 0, 0, 1, 102.59
1735676503, 2, 1, 10, 0, 0, 0.01%, 0, 0, 1, 101.94
1735676508, 2, 10, 13, 3, 1, 0.16%, 3, 0, 3, 132.85
1735676529, 2, 10, 14, 4, 1, 0.17%, 4, 0, 3, 114.57
1735676575, 2, 11, 14, 3, 3, 0.17%, 4, 0, 3, 115.39
1735676585, 2, 11, 15, 4, 3, 0.17%, 4, 0, 4, 114.94
1735676626, 2, 12, 15, 3, 2, 0.17%, 4, 0, 4, 129.00
1735676656, 2, 13, 16, 3, 1, 0.17%, 5, 0, 4, 123.67
1735676666, 2, 13, 18, 5, 1, 0.17%, 5, 0, 4, 112.63
1735676672, 2, 13, 19, 6, 1, 0.17%, 5, 0, 4, 112.00
1735676707, 2, 13, 20, 7, 1, 0.17%, 5, 0, 4, 110.99
1735676809, 2, 15, 20, 6, 1, 0.17%, 5, 0, 4, 133.91
1735676824, 2, 15, 21, 7, 1, 0.17%, 5, 0, 5, 112.24
1735676874, 2, 15, 22, 8, 1, 0.17%, 5, 0, 5, 110.12
1735676880, 2, 16, 23, 8, 0, 0.17%, 5, 0, 5, 160.82
1735676890, 2, 16, 24, 9, 0, 0.17%, 5, 0, 5, 131.88
1735676921, 2, 16, 25, 10, 0, 0.17%, 5, 0, 5, 123.10
1735676998, 3, 10, 25, 9, 0, 0.17%, 5, 0, 5, 116.21
1735677008, 3, 11, 25, 9, 0, 0.17%, 5, 0, 5, 124.32
1735677013, 3, 12, 25, 9, 0, 0.17%, 5, 0, 5, 121.41
1735677024, 3, 13, 25, 9, 0, 0.17%, 5, 0, 5, 116.91
1735677034, 3, 15, 25, 9, 0, 0.17%, 5, 0, 5, 116.89
1735677049, 3, 18, 25, 9, 0, 0.17%, 5, 0, 5, 142.96
1735677090, 3, 20, 25, 8, 0, 0.17%, 5, 0, 5, 149.66
1735677116, 3, 20, 26, 9, 0, 0.17%, 5, 0, 6, 121.62
1735677146, 3, 20, 27, 10, 0, 0.17%, 5, 0, 6, 127.22
1735677162, 3, 20, 28, 11, 0, 0.17%, 5, 0, 6, 120.44
1735677193, 3, 20, 29, 12, 0, 0.17%, 5, 0, 6, 125.16
1735677203, 3, 20, 32, 15, 0, 0.17%, 5, 0, 6, 139.54
1735677214, 3, 24, 32, 14, 0, 0.17%, 5, 0, 6, 213.89
1735677254, 3, 31, 32, 13, 0, 0.17%, 5, 0, 6, 177.83
1735677259, 3, 31, 33, 14, 0, 0.17%, 5, 0, 7, 217.78
1735677300, 3, 31, 34, 15, 0, 0.17%, 5, 0, 7, 134.06
1735677305, 3, 31, 35, 16, 0, 0.17%, 5, 0, 7, 129.12
1735677310, 3, 32, 35, 15, 0, 0.17%, 5, 0, 7, 164.57
1735677361, 3, 33, 35, 14, 0, 0.17%, 5, 0, 7, 181.84
1735677366, 3, 33, 37, 16, 0, 0.17%, 6, 0, 8, 208.42
1735677576, 4, 10, 37, 15, 0, 0.17%, 6, 0, 8, 135.71
1735677581, 4, 12, 37, 15, 0, 0.17%, 6, 0, 8, 130.83
1735677586, 4, 15, 37, 15, 0, 0.17%, 6, 0, 8, 129.51
1735677591, 4, 19, 37, 15, 0, 0.17%, 6, 0, 8, 135.57
1735677637, 4, 22, 37, 14, 0, 0.17%, 6, 0, 8, 202.72
1735677683, 4, 23, 37, 13, 0, 0.17%, 6, 0, 8, 202.54
1735677724, 4, 25, 37, 12, 0, 0.17%, 6, 0, 8, 152.56
1735677755, 4, 31, 37, 11, 0, 0.17%, 6, 0, 8, 145.93
1735677771, 4, 33, 37, 11, 0, 0.17%, 6, 0, 8, 157.23
1735677781, 5, 10, 37, 11, 0, 0.17%, 6, 0, 8, 129.32
1735677786, 5, 12, 37, 11, 0, 0.17%, 6, 0, 8, 128.29
1735677791, 5, 13, 37, 11, 0, 0.17%, 6, 0, 8, 123.85
1735677796, 5, 15, 37, 11, 0, 0.17%, 6, 0, 8, 123.30
1735677801, 5, 17, 37, 11, 0, 0.17%, 6, 0, 8, 150.56
1735677837, 5, 27, 37, 10, 0, 0.17%, 6, 0, 8, 230.21
1735677985, 5, 29, 37, 9, 0, 0.17%, 6, 0, 8, 173.55
1735678026, 6, 11, 37, 8, 0, 0.17%, 6, 0, 8, 124.40
1735678031, 6, 12, 37, 8, 0, 0.17%, 6, 0, 8, 126.19
1735678036, 6, 15, 37, 8, 0, 0.17%, 6, 0, 8, 123.33
1735678041, 6, 28, 37, 8, 0, 0.17%, 6, 0, 8, 166.00
1735678234, 6, 30, 37, 7, 0, 0.17%, 6, 0, 8, 202.38
1735678341, 7, 10, 37, 6, 0, 0.17%, 6, 0, 8, 142.82
1735678346, 7, 12, 37, 6, 0, 0.17%, 6, 0, 8, 138.29
1735678351, 7, 13, 37, 6, 0, 0.17%, 6, 0, 8, 143.50
1735678356, 7, 14, 37, 6, 0, 0.17%, 6, 0, 8, 167.79
1735678382, 7, 15, 37, 5, 0, 0.17%, 6, 0, 8, 147.07
1735678387, 7, 35, 37, 5, 0, 0.17%, 6, 0, 8, 191.59
1735678556, 8, 11, 37, 4, 0, 0.17%, 6, 0, 8, 142.87
1735678561, 8, 13, 37, 4, 0, 0.17%, 6, 0, 8, 147.07
1735678566, 8, 15, 37, 4, 0, 0.17%, 6, 0, 8, 135.78
1735678571, 9, 11, 37, 4, 0, 0.17%, 6, 0, 8, 142.94
1735678577, 9, 12, 37, 4, 0, 0.17%, 6, 0, 8, 146.96
1735678582, 9, 15, 37, 4, 0, 0.17%, 6, 0, 8, 139.31
1735678587, 9, 31, 37, 4, 0, 0.17%, 6, 0, 8, 150.06
1735678602, 10, 10, 37, 4, 0, 0.17%, 6, 0, 8, 147.27
1735678607, 10, 12, 37, 4, 0, 0.17%, 6, 0, 8, 141.26
1735678612, 10, 13, 37, 4, 0, 0.17%, 6, 0, 8, 146.37
1735678617, 10, 15, 37, 4, 0, 0.17%, 6, 0, 8, 138.33
1735678623, 11, 11, 37, 4, 0, 0.17%, 6, 0, 8, 141.30
1735678628, 11, 13, 37, 4, 0, 0.17%, 6, 0, 8, 146.52
1735678633, 11, 15, 37, 4, 0, 0.17%, 6, 0, 8, 139.10
1735678638, 11, 30, 37, 4, 0, 0.17%, 6, 0, 8, 159.77
1735678648, 11, 34, 37, 4, 0, 0.17%, 6, 0, 8, 169.77
1735678668, 11, 34, 38, 5, 0, 0.17%, 6, 0, 8, 154.42
1735678694, 11, 37, 38, 4, 0, 0.17%, 6, 0, 8, 171.10
1735679053, 12, 11, 38, 3, 0, 0.17%, 6, 0, 8, 147.69
1735679058, 12, 13, 38, 3, 0, 0.17%, 6, 0, 8, 140.92
1735679064, 12, 15, 38, 3, 0, 0.17%, 6, 0, 8, 135.88
1735679069, 13, 11, 38, 3, 0, 0.17%, 6, 0, 8, 142.06
1735679074, 13, 13, 38, 3, 0, 0.17%, 6, 0, 8, 138.60
1735679079, 13, 15, 38, 3, 0, 0.17%, 6, 0, 8, 137.20
1735679084, 13, 21, 38, 3, 0, 0.17%, 6, 0, 8, 213.01
1735679130, 13, 26, 38, 2, 0, 0.17%, 6, 0, 8, 164.74
1735679171, 14, 10, 38, 1, 0, 0.17%, 6, 0, 8, 142.20
1735679176, 14, 12, 38, 1, 0, 0.17%, 6, 0, 8, 138.57
1735679181, 14, 15, 38, 1, 0, 0.17%, 6, 0, 8, 139.11
1735679186, 14, 19, 38, 1, 0, 0.17%, 6, 0, 8, 142.01
1735679202, 14, 23, 38, 1, 0, 0.17%, 6, 0, 8, 150.30
1735679212, 14, 25, 38, 1, 0, 0.17%, 6, 0, 8, 140.28
1735679222, 14, 30, 38, 1, 0, 0.17%, 6, 0, 8, 155.76
1735679238, 15, 11, 38, 1, 0, 0.17%, 6, 0, 8, 142.74
1735679243, 15, 13, 38, 1, 0, 0.17%, 6, 0, 8, 136.90
1735679248, 15, 15, 38, 1, 0, 0.17%, 6, 0, 8, 138.70
1735679253, 16, 11, 38, 1, 0, 0.17%, 6, 0, 8, 133.35
1735679258, 16, 13, 38, 1, 0, 0.17%, 6, 0, 8, 139.37
1735679264, 17, 10, 38, 1, 0, 0.17%, 6, 0, 8, 147.98
1735679269, 17, 11, 38, 1, 0, 0.17%, 6, 0, 8, 137.88
1735679274, 17, 13, 38, 1, 0, 0.17%, 6, 0, 8, 139.32
1735679279, 17, 35, 38, 1, 0, 0.17%, 6, 0, 8, 144.56
1735679305, 18, 11, 38, 1, 0, 0.17%, 6, 0, 8, 138.35
1735679310, 18, 13, 38, 1, 0, 0.17%, 6, 0, 8, 139.75
1735679315, 18, 15, 38, 1, 0, 0.17%, 6, 0, 8, 142.68
1735679320, 18, 27, 39, 2, 0, 0.17%, 7, 0, 8, 178.45
1735679330, 19, 11, 39, 2, 0, 0.17%, 7, 0, 8, 148.68
1735679335, 19, 13, 39, 2, 0, 0.17%, 7, 0, 8, 145.24
1735679341, 19, 15, 39, 2, 0, 0.17%, 7, 0, 8, 132.59
1735679346, 19, 26, 39, 2, 0, 0.17%, 7, 0, 8, 143.51
1735679356, 19, 38, 39, 2, 0, 0.17%, 7, 0, 8, 143.56
1735679607, 20, 11, 39, 1, 0, 0.17%, 7, 0, 8, 145.30
1735679612, 20, 13, 39, 1, 0, 0.17%, 7, 0, 8, 141.61
1735679617, 20, 15, 39, 1, 0, 0.17%, 7, 0, 8, 146.39
1735679622, 20, 22, 39, 1, 0, 0.17%, 7, 0, 8, 147.34
1735679633, 20, 36, 39, 1, 0, 0.17%, 7, 0, 8, 133.32
1735679806, 21, 10, 39, 0, 0, 0.17%, 7, 0, 8, 136.18
1735679811, 21, 12, 39, 0, 0, 0.17%, 7, 0, 8, 139.59
1735679816, 21, 15, 39, 0, 0, 0.17%, 7, 0, 8, 144.38
1735679821, 22, 10, 39, 0, 0, 0.17%, 7, 0, 8, 146.37
1735679826, 22, 12, 39, 0, 0, 0.17%, 7, 0, 8, 139.50
1735679831, 22, 15, 39, 0, 0, 0.17%, 7, 0, 8, 139.08
1735679836, 23, 10, 39, 0, 0, 0.17%, 7, 0, 8, 139.06
1735679842, 23, 12, 39, 0, 0, 0.17%, 7, 0, 8, 139.39
1735679847, 23, 15, 39, 0, 0, 0.17%, 7, 0, 8, 137.77
1735679852, 23, 19, 39, 0, 0, 0.17%, 7, 0, 8, 147.89
1735679862, 24, 11, 39, 0, 0, 0.17%, 7, 0, 8, 139.00
1735679867, 24, 13, 39, 0, 0, 0.17%, 7, 0, 8, 139.22
1735679872, 24, 15, 39, 0, 0, 0.17%, 7, 0, 8, 134.49
1735679878, 25, 10, 39, 0, 0, 0.17%, 7, 0, 8, 141.43
1735679883, 25, 12, 39, 0, 0, 0.17%, 7, 0, 8, 135.89
1735679888, 25, 15, 39, 0, 0, 0.17%, 7, 0, 8, 136.35
1735679893, 25, 28, 39, 0, 0, 0.17%, 7, 0, 8, 145.65
1735679908, 25, 38, 39, 0, 0, 0.17%, 7, 0, 8, 173.49
1735679929, 26, 11, 39, 0, 0, 0.17%, 7, 0, 8, 138.31
1735679934, 26, 13, 39, 0, 0, 0.17%, 7, 0, 8, 140.91
1735679939, 26, 16, 39, 0, 0, 0.17%, 7, 0, 8, 142.16
1735679949, 26, 18, 39, 0, 0, 0.17%, 7, 0, 8, 138.02
1735679960, 26, 19, 39, 0, 0, 0.17%, 7, 0, 8, 148.19
1735679970, 27, 11, 39, 0, 0, 0.17%, 7, 0, 8, 136.81
1735679975, 27, 13, 39, 0, 0, 0.17%, 7, 0, 8, 139.07
1735679980, 27, 15, 39, 0, 0, 0.17%, 7, 0, 8, 137.05
1735679985, 28, 10, 39, 0, 0, 0.17%, 7, 0, 8, 137.30
1735679991, 28, 12, 39, 0, 0, 0.17%, 7, 0, 8, 137.08
1735679996, 28, 15, 39, 0, 0, 0.17%, 7, 0, 8, 135.56
1735680001, 29, 0, 39, 0, 0, 0.17%, 7, 0, 8, 145.27
1735680006, 29, 11, 39, 0, 0, 0.17%, 7, 0, 8, 141.37
1735680011, 29, 13, 39, 0, 0, 0.17%, 7, 0, 8, 132.12
1735680016, 29, 15, 39, 0, 0, 0.17%, 7, 0, 8, 140.07
1735680021, 29, 36, 39, 0, 0, 0.17%, 7, 0, 8, 157.17
1735680042, 30, 11, 39, 0, 0, 0.17%, 7, 0, 8, 142.93
1735680047, 30, 13, 39, 0, 0, 0.17%, 7, 0, 8, 142.41
1735680052, 30, 15, 39, 0, 0, 0.17%, 7, 0, 8, 141.14
1735680057, 30, 26, 39, 0, 0, 0.17%, 7, 0, 8, 148.31
1735680067, 30, 28, 39, 0, 0, 0.17%, 7, 0, 8, 159.39
1735680082, 30, 38, 39, 0, 0, 0.17%, 7, 0, 8, 191.28
1735680098, 31, 10, 39, 0, 0, 0.17%, 7, 0, 8, 140.51
1735680103, 31, 12, 39, 0, 0, 0.17%, 7, 0, 8, 138.59
1735680108, 31, 15, 39, 0, 0, 0.17%, 7, 0, 8, 135.21
1735680113, 31, 24, 39, 0, 0, 0.17%, 7, 0, 8, 144.86
1735680123, 31, 32, 39, 0, 0, 0.17%, 7, 0, 8, 152.07
1735680139, 32, 10, 39, 0, 0, 0.17%, 7, 0, 8, 137.11
1735680144, 32, 12, 39, 0, 0, 0.17%, 7, 0, 8, 134.98
1735680149, 32, 15, 39, 0, 0, 0.17%, 7, 0, 8, 138.20
1735680154, 33, 10, 39, 0, 0, 0.17%, 7, 0, 8, 140.38
1735680159, 33, 12, 39, 0, 0, 0.17%, 7, 0, 8, 134.14
1735680164, 33, 15, 39, 0, 0, 0.17%, 7, 0, 8, 141.16
1735680169, 34, 10, 39, 0, 0, 0.17%, 7, 0, 8, 140.02
1735680175, 34, 12, 39, 0, 0, 0.17%, 7, 0, 8, 142.43
1735680180, 34, 15, 39, 0, 0, 0.17%, 7, 0, 8, 136.86
1735680185, 34, 24, 39, 0, 0, 0.17%, 7, 0, 8, 142.76
1735680190, 35, 10, 39, 0, 0, 0.17%, 7, 0, 8, 135.22
1735680195, 35, 12, 39, 0, 0, 0.17%, 7, 0, 8, 140.66
1735680200, 35, 15, 39, 0, 0, 0.17%, 7, 0, 8, 143.46
1735680205, 35, 16, 39, 0, 0, 0.17%, 7, 0, 8, 143.18
1735680210, 35, 22, 39, 0, 0, 0.17%, 7, 0, 8, 143.06
1735680221, 35, 36, 39, 0, 0, 0.17%, 7, 0, 8, 160.44
1735680241, 35, 38, 39, 0, 0, 0.17%, 7, 0, 8, 175.47
1735680256, 36, 10, 39, 0, 0, 0.17%, 7, 0, 8, 151.30
1735680262, 36, 12, 39, 0, 0, 0.17%, 7, 0, 8, 140.66
1735680267, 36, 15, 39, 0, 0, 0.17%, 7, 0, 8, 140.24
1735680272, 36, 18, 39, 0, 0, 0.17%, 7, 0, 8, 147.84
1735680277, 36, 29, 39, 0, 0, 0.17%, 7, 0, 8, 144.02
1735680292, 37, 11, 39, 0, 0, 0.17%, 7, 0, 8, 140.55
1735680298, 37, 13, 39, 0, 0, 0.17%, 7, 0, 8, 139.67
1735680303, 37, 15, 39, 0, 0, 0.17%, 7, 0, 8, 137.23
1735680308, 37, 24, 39, 0, 0, 0.17%, 7, 0, 8, 153.44
1735680313, 37, 35, 39, 0, 0, 0.17%, 7, 0, 8, 154.12
1735680333, 38, 10, 39, 0, 0, 0.17%, 7, 0, 8, 150.43
1735680339, 38, 13, 39, 0, 0, 0.17%, 7, 0, 8, 147.64
1735680344, 38, 15, 39, 0, 0, 0.17%, 7, 0, 8, 136.21
1735680349, 38, 17, 39, 0, 0, 0.17%, 7, 0, 8, 139.13
1735680359, 38, 32, 39, 0, 0, 0.17%, 7, 0, 8, 137.01
1735680374, 39, 10, 39, 0, 0, 0.17%, 7, 0, 8, 138.50
1735680380, 39, 12, 39, 0, 0, 0.17%, 7, 0, 8, 138.42
1735680385, 39, 15, 39, 0, 0, 0.17%, 7, 0, 8, 133.00
1735680390, 39, 38, 39, 0, 0, 0.17%, 7, 0, 8, 179.54
1735680400, 40, 11, 39, 0, 0, 0.17%, 7, 0, 8, 146.41
1735680405, 40, 13, 39, 0, 0, 0.17%, 7, 0, 8, 140.30
1735680410, 40, 15, 39, 0, 0, 0.17%, 7, 0, 8, 141.88
1735680415, 41, 11, 39, 0, 0, 0.17%, 7, 0, 8, 133.51
1735680420, 41, 13, 39, 0, 0, 0.17%, 7, 0, 8, 134.32
1735680425, 41, 15, 39, 0, 0, 0.17%, 7, 0, 8, 133.65
1735680430, 42, 10, 39, 0, 0, 0.17%, 7, 0, 8, 140.43
1735680435, 42, 12, 39, 0, 0, 0.17%, 7, 0, 8, 135.48
1735680441, 42, 14, 39, 0, 0, 0.17%, 7, 0, 8, 134.28
1735680451, 42, 15, 39, 0, 0, 0.17%, 7, 0, 8, 141.43
1735680456, 42, 17, 39, 0, 0, 0.17%, 7, 0, 8, 140.62
1735680461, 42, 23, 39, 0, 0, 0.17%, 7, 0, 8, 145.77
1735680466, 42, 29, 39, 0, 0, 0.17%, 7, 0, 8, 151.34
1735680481, 42, 38, 39, 0, 0, 0.17%, 7, 0, 8, 158.74
1735680486, 43, 10, 39, 0, 0, 0.17%, 7, 0, 8, 138.17
1735680492, 43, 12, 39, 0, 0, 0.17%, 7, 0, 8, 137.90
1735680497, 43, 15, 39, 0, 0, 0.17%, 7, 0, 8, 135.27
1735680502, 43, 20, 39, 0, 0, 0.17%, 7, 0, 8, 135.54
1735680517, 43, 21, 39, 0, 0, 0.17%, 7, 0, 8, 152.27
1735680527, 43, 22, 39, 0, 0, 0.17%, 7, 0, 8, 142.79
1735680537, 43, 27, 39, 0, 0, 0.17%, 7, 0, 8, 172.24
1735680548, 43, 36, 39, 0, 0, 0.17%, 7, 0, 8, 159.36
1735680558, 44, 11, 39, 0, 0, 0.17%, 7, 0, 8, 142.87
1735680563, 44, 13, 39, 0, 0, 0.17%, 7, 0, 8, 137.87
1735680568, 44, 15, 39, 0, 0, 0.17%, 7, 0, 8, 143.68
1735680573, 45, 11, 39, 0, 0, 0.17%, 7, 0, 8, 138.13
1735680578, 45, 13, 39, 0, 0, 0.17%, 7, 0, 8, 149.30
1735680583, 45, 15, 39, 0, 0, 0.17%, 7, 0, 8, 142.00
1735680588, 45, 17, 39, 0, 0, 0.17%, 7, 0, 8, 151.67
1735680593, 46, 10, 39, 0, 0, 0.17%, 7, 0, 8, 143.05
1735680599, 46, 13, 39, 0, 0, 0.17%, 7, 0, 8, 144.47
1735680604, 46, 15, 39, 0, 0, 0.17%, 7, 0, 8, 134.29
1735680609, 46, 30, 39, 0, 0, 0.17%, 7, 0, 8, 154.48
1735680614, 47, 10, 39, 0, 0, 0.17%, 7, 0, 8, 142.51
1735680619, 47, 12, 39, 0, 0, 0.17%, 7, 0, 8, 141.41
1735680624, 47, 15, 39, 0, 0, 0.17%, 7, 0, 8, 139.74
1735680629, 47, 19, 39, 0, 0, 0.17%, 7, 0, 8, 150.64
1735680639, 47, 27, 39, 0, 0, 0.17%, 7, 0, 8, 146.86
1735680645, 48, 7, 39, 0, 0, 0.17%, 7, 0, 8, 143.30
1735680650, 48, 11, 39, 0, 0, 0.17%, 7, 0, 8, 140.52
1735680655, 48, 13, 39, 0, 0, 0.17%, 7, 0, 8, 134.10
1735680660, 48, 15, 39, 0, 0, 0.17%, 7, 0, 8, 139.87
1735680665, 48, 26, 39, 0, 0, 0.17%, 7, 0, 8, 145.19
1735680670, 49, 8, 39, 0, 0, 0.17%, 7, 0, 8, 157.78
1735680675, 49, 11, 39, 0, 0, 0.17%, 7, 0, 8, 146.92
1735680680, 49, 13, 39, 0, 0, 0.17%, 7, 0, 8, 141.58
1735680685, 49, 15, 39, 0, 0, 0.17%, 7, 0, 8, 145.57
1735680691, 49, 20, 39, 0, 0, 0.17%, 7, 0, 8, 140.44
1735680696, 49, 27, 39, 0, 0, 0.17%, 7, 0, 8, 140.61
1735680701, 50, 10, 39, 0, 0, 0.17%, 7, 0, 8, 135.50
1735680706, 50, 12, 39, 0, 0, 0.17%, 7, 0, 8, 137.76
1735680711, 50, 15, 39, 0, 0, 0.17%, 7, 0, 8, 142.37
1735680716, 50, 20, 39, 0, 0, 0.17%, 7, 0, 8, 138.80
1735680721, 51, 10, 39, 0, 0, 0.17%, 7, 0, 8, 144.17
1735680726, 51, 12, 39, 0, 0, 0.17%, 7, 0, 8, 140.39
1735680732, 51, 15, 39, 0, 0, 0.17%, 7, 0, 8, 134.27
1735680737, 51, 21, 39, 0, 0, 0.17%, 7, 0, 8, 148.97
1735680747, 51, 28, 39, 0, 0, 0.17%, 7, 0, 8, 149.35
1735680752, 51, 29, 39, 0, 0, 0.17%, 7, 0, 8, 143.32
1735680757, 52, 2, 39, 0, 0, 0.17%, 7, 0, 8, 140.90
1735680762, 52, 11, 39, 0, 0, 0.17%, 7, 0, 8, 140.88
1735680767, 52, 13, 39, 0, 0, 0.17%, 7, 0, 8, 137.71
1735680772, 52, 15, 39, 0, 0, 0.17%, 7, 0, 8, 145.85
1735680778, 52, 32, 39, 0, 0, 0.17%, 7, 0, 8, 145.29
1735680783, 53, 10, 39, 0, 0, 0.17%, 7, 0, 8, 143.58
1735680788, 53, 13, 39, 0, 0, 0.17%, 7, 0, 8, 138.80
1735680793, 53, 14, 39, 0, 0, 0.17%, 7, 0, 8, 144.54
1735680798, 53, 15, 39, 0, 0, 0.17%, 7, 0, 8, 142.03
1735680803, 53, 27, 39, 0, 0, 0.17%, 7, 0, 8, 152.65
1735680808, 53, 33, 39, 0, 0, 0.17%, 7, 0, 8, 167.09
1735680824, 54, 11, 39, 0, 0, 0.17%, 7, 0, 8, 141.94
1735680829, 54, 13, 39, 0, 0, 0.17%, 7, 0, 8, 142.23
1735680834, 54, 15, 39, 0, 0, 0.17%, 7, 0, 8, 147.94
1735680839, 54, 20, 39, 0, 0, 0.17%, 7, 0, 8, 148.68
1735680844, 54, 34, 39, 0, 0, 0.17%, 7, 0, 8, 145.04
1735680854, 55, 10, 39, 0, 0, 0.17%, 7, 0, 8, 144.27
1735680859, 55, 12, 39, 0, 0, 0.17%, 7, 0, 8, 131.87
1735680864, 55, 15, 39, 0, 0, 0.17%, 7, 0, 8, 140.61
1735680869, 55, 27, 39, 0, 0, 0.17%, 7, 0, 8, 157.71
1735680875, 56, 10, 39, 0, 0, 0.17%, 7, 0, 8, 144.15
1735680880, 56, 12, 39, 0, 0, 0.17%, 7, 0, 8, 136.68
1735680885, 56, 15, 39, 0, 0, 0.17%, 7, 0, 8, 134.27
1735680890, 56, 38, 39, 0, 0, 0.17%, 7, 0, 8, 160.25
1735680895, 57, 10, 39, 0, 0, 0.17%, 7, 0, 8, 142.87
1735680900, 57, 12, 39, 0, 0, 0.17%, 7, 0, 8, 142.64
1735680905, 57, 15, 39, 0, 0, 0.17%, 7, 0, 8, 141.35
1735680910, 57, 36, 39, 0, 0, 0.17%, 7, 0, 8, 146.49
1735680921, 58, 10, 39, 0, 0, 0.17%, 7, 0, 8, 145.28
1735680926, 58, 12, 39, 0, 0, 0.17%, 7, 0, 8, 146.48
1735680931, 58, 15, 39, 0, 0, 0.17%, 7, 0, 8, 138.07
1735680936, 59, 10, 39, 0, 0, 0.17%, 7, 0, 8, 138.51
1735680941, 59, 12, 39, 0, 0, 0.17%, 7, 0, 8, 142.74
1735680946, 59, 15, 39, 0, 0, 0.17%, 7, 0, 8, 140.40
1735680951, 59, 37, 39, 0, 0, 0.17%, 7, 0, 8, 172.95
1735680976, 60, 10, 39, 0, 0, 0.17%, 7, 0, 8, 157.95
1735680982, 60, 12, 39, 0, 0, 0.17%, 7, 0, 8, 140.72
1735680987, 60, 15, 39, 0, 0, 0.17%, 7, 0, 8, 148.70
1735680992, 60, 26, 39, 0, 0, 0.17%, 7, 0, 8, 144.26
1735680997, 60, 30, 39, 0, 0, 0.17%, 7, 0, 8, 153.88
1735681002, 60, 36, 39, 0, 0, 0.17%, 7, 0, 8, 148.13
1735681012, 61, 10, 39, 0, 0, 0.17%, 7, 0, 8, 142.53
1735681017, 61, 12, 39, 0, 0, 0.17%, 7, 0, 8, 142.96
1735681023, 61, 15, 39, 0, 0, 0.17%, 7, 0, 8, 133.86
1735681028, 62, 9, 39, 0, 0, 0.17%, 7, 0, 8, 144.95
1735681033, 62, 11, 39, 0, 0, 0.17%, 7, 0, 8, 137.34
1735681038, 62, 13, 39, 0, 0, 0.17%, 7, 0, 8, 142.72
1735681043, 62, 15, 39, 0, 0, 0.17%, 7, 0, 8, 143.32
1735681048, 63, 11, 39, 0, 0, 0.17%, 7, 0, 8, 136.94
1735681053, 63, 13, 39, 0, 0, 0.17%, 7, 0, 8, 137.72
1735681059, 63, 15, 39, 0, 0, 0.17%, 7, 0, 8, 147.25
1735681064, 63, 17, 39, 0, 0, 0.17%, 7, 0, 8, 139.12
1735681069, 63, 23, 39, 0, 0, 0.17%, 7, 0, 8, 139.91
1735681074, 64, 10, 39, 0, 0, 0.17%, 7, 0, 8, 135.59
1735681079, 64, 12, 39, 0, 0, 0.17%, 7, 0, 8, 135.52
1735681084, 64, 15, 39, 0, 0, 0.17%, 7, 0, 8, 136.64
1735681089, 65, 10, 39, 0, 0, 0.17%, 7, 0, 8, 141.06
1735681095, 65, 12, 39, 0, 0, 0.17%, 7, 0, 8, 142.94
1735681100, 65, 15, 39, 0, 0, 0.17%, 7, 0, 8, 140.41
1735681105, 65, 36, 39, 0, 0, 0.17%, 7, 0, 8, 146.14
1735681115, 66, 10, 39, 0, 0, 0.17%, 7, 0, 8, 138.67
1735681120, 66, 12, 39, 0, 0, 0.17%, 7, 0, 8, 143.57
1735681125, 66, 14, 39, 0, 0, 0.17%, 7, 0, 8, 145.10
1735681130, 66, 15, 39, 0, 0, 0.17%, 7, 0, 8, 140.73
1735681135, 66, 27, 39, 0, 0, 0.17%, 7, 0, 8, 151.35
1735681141, 67, 10, 39, 0, 0, 0.17%, 7, 0, 8, 142.05
1735681146, 67, 12, 39, 0, 0, 0.17%, 7, 0, 8, 147.98
1735681151, 67, 15, 39, 0, 0, 0.17%, 7, 0, 8, 137.98
1735681156, 67, 29, 39, 0, 0, 0.17%, 7, 0, 8, 142.10
1735681161, 68, 0, 39, 0, 0, 0.17%, 7, 0, 8, 140.20
1735681166, 68, 10, 39, 0, 0, 0.17%, 7, 0, 8, 136.70
1735681171, 68, 12, 39, 0, 0, 0.17%, 7, 0, 8, 133.43
1735681177, 68, 15, 39, 0, 0, 0.17%, 7, 0, 8, 137.86
1735681182, 69, 10, 39, 0, 0, 0.17%, 7, 0, 8, 137.53
1735681187, 69, 12, 39, 0, 0, 0.17%, 7, 0, 8, 137.24
1735681192, 69, 15, 39, 0, 0, 0.17%, 7, 0, 8, 140.20
1735681197, 69, 25, 39, 0, 0, 0.17%, 7, 0, 8, 137.98
1735681207, 70, 10, 39, 0, 0, 0.17%, 7, 0, 8, 148.51
1735681212, 70, 12, 39, 0, 0, 0.17%, 7, 0, 8, 148.75
1735681217, 70, 15, 39, 0, 0, 0.17%, 7, 0, 8, 140.10
1735681223, 70, 36, 39, 0, 0, 0.17%, 7, 0, 8, 148.54
1735681233, 71, 8, 39, 0, 0, 0.17%, 7, 0, 8, 145.81
1735681238, 71, 11, 39, 0, 0, 0.17%, 7, 0, 8, 140.44
1735681243, 71, 13, 39, 0, 0, 0.17%, 7, 0, 8, 138.57
1735681248, 71, 15, 39, 0, 0, 0.17%, 7, 0, 8, 143.95
1735681253, 72, 11, 39, 0, 0, 0.17%, 7, 0, 8, 143.37
1735681258, 72, 13, 39, 0, 0, 0.17%, 7, 0, 8, 145.80
1735681263, 72, 15, 39, 0, 0, 0.17%, 7, 0, 8, 146.98
1735681269, 72, 33, 39, 0, 0, 0.17%, 7, 0, 8, 147.22
1735681274, 72, 34, 39, 0, 0, 0.17%, 7, 0, 8, 157.40
1735681284, 73, 10, 39, 0, 0, 0.17%, 7, 0, 8, 147.78
1735681289, 73, 12, 39, 0, 0, 0.17%, 7, 0, 8, 140.47
1735681294, 73, 15, 39, 0, 0, 0.17%, 7, 0, 8, 132.80
1735681299, 73, 28, 39, 0, 0, 0.17%, 7, 0, 8, 150.03
1735681309, 74, 11, 39, 0, 0, 0.17%, 7, 0, 8, 141.44
1735681314, 74, 13, 39, 0, 0, 0.17%, 7, 0, 8, 140.98
1735681319, 74, 15, 39, 0, 0, 0.17%, 7, 0, 8, 137.21
1735681324, 75, 11, 39, 0, 0, 0.17%, 7, 0, 8, 136.62
1735681330, 75, 13, 39, 0, 0, 0.17%, 7, 0, 8, 140.35
1735681335, 75, 15, 39, 0, 0, 0.17%, 7, 0, 8, 139.97
1735681340, 76, 11, 39, 0, 0, 0.17%, 7, 0, 8, 142.36
1735681345, 76, 12, 39, 0, 0, 0.17%, 7, 0, 8, 139.08
1735681350, 76, 15, 39, 0, 0, 0.17%, 7, 0, 8, 132.32
1735681355, 76, 18, 39, 0, 0, 0.17%, 7, 0, 8, 143.42
1735681360, 76, 20, 39, 0, 0, 0.17%, 7, 0, 8, 138.00
1735681366, 76, 31, 39, 0, 0, 0.17%, 7, 0, 8, 145.61
1735681376, 77, 12, 39, 0, 0, 0.17%, 7, 0, 8, 138.34
1735681381, 77, 15, 39, 0, 0, 0.17%, 7, 0, 8, 138.72
1735681386, 77, 19, 39, 0, 0, 0.17%, 7, 0, 8, 136.82
1735681396, 77, 25, 39, 0, 0, 0.17%, 7, 0, 8, 139.03
1735681401, 78, 10, 39, 0, 0, 0.17%, 7, 0, 8, 145.37
1735681406, 78, 12, 39, 0, 0, 0.17%, 7, 0, 8, 140.91
1735681411, 78, 15, 39, 0, 0, 0.17%, 7, 0, 8, 137.04
1735681416, 79, 7, 39, 0, 0, 0.17%, 7, 0, 8, 136.48
1735681422, 79, 11, 39, 0, 0, 0.17%, 7, 0, 8, 142.62
1735681427, 79, 13, 39, 0, 0, 0.17%, 7, 0, 8, 134.80
1735681432, 79, 15, 39, 0, 0, 0.17%, 7, 0, 8, 143.15
1735681437, 79, 16, 39, 0, 0, 0.17%, 7, 0, 8, 142.84
1735681442, 80, 11, 39, 0, 0, 0.17%, 7, 0, 8, 143.32
1735681447, 80, 13, 39, 0, 0, 0.17%, 7, 0, 8, 137.66
1735681452, 80, 15, 39, 0, 0, 0.17%, 7, 0, 8, 136.94
1735681457, 80, 19, 39, 0, 0, 0.17%, 7, 0, 8, 150.52
1735681463, 80, 34, 39, 0, 0, 0.17%, 7, 0, 8, 152.67
1735681468, 81, 10, 39, 0, 0, 0.17%, 7, 0, 8, 151.47
1735681473, 81, 12, 39, 0, 0, 0.17%, 7, 0, 8, 146.63
1735681478, 81, 15, 39, 0, 0, 0.17%, 7, 0, 8, 141.46
1735681483, 81, 34, 39, 0, 0, 0.17%, 7, 0, 8, 142.12
1735681488, 81, 37, 39, 0, 0, 0.17%, 7, 0, 8, 172.34
1735681503, 82, 11, 39, 0, 0, 0.17%, 7, 0, 8, 149.44
1735681508, 82, 13, 39, 0, 0, 0.17%, 7, 0, 8, 137.54
1735681513, 82, 15, 39, 0, 0, 0.17%, 7, 0, 8, 136.50
1735681518, 82, 21, 39, 0, 0, 0.17%, 7, 0, 8, 154.63
1735681523, 82, 26, 39, 0, 0, 0.17%, 7, 0, 8, 146.26
1735681529, 82, 37, 39, 0, 0, 0.17%, 7, 0, 8, 161.85
1735681544, 83, 7, 39, 0, 0, 0.17%, 7, 0, 8, 141.64
1735681549, 83, 11, 39, 0, 0, 0.17%, 7, 0, 8, 139.52
1735681554, 83, 13, 39, 0, 0, 0.17%, 7, 0, 8, 135.42
1735681559, 83, 15, 39, 0, 0, 0.17%, 7, 0, 8, 142.05
1735681565, 83, 37, 39, 0, 0, 0.17%, 7, 0, 8, 189.89
1735681580, 84, 11, 39, 0, 0, 0.17%, 7, 0, 8, 139.15
1735681585, 84, 13, 39, 0, 0, 0.17%, 7, 0, 8, 141.22
1735681590, 84, 15, 39, 0, 0, 0.17%, 7, 0, 8, 130.56
1735681595, 84, 20, 39, 0, 0, 0.17%, 7, 0, 8, 140.13
1735681600, 85, 11, 39, 0, 0, 0.17%, 7, 0, 8, 141.32
1735681605, 85, 13, 39, 0, 0, 0.17%, 7, 0, 8, 138.23
1735681610, 85, 15, 39, 0, 0, 0.17%, 7, 0, 8, 137.15
1735681615, 85, 38, 39, 0, 0, 0.17%, 7, 0, 8, 154.53
1735681620, 86, 12, 39, 0, 0, 0.17%, 7, 0, 8, 138.88
1735681626, 86, 15, 39, 0, 0, 0.17%, 7, 0, 8, 142.76
1735681631, 86, 18, 39, 0, 0, 0.17%, 7, 0, 8, 139.28
1735681636, 86, 19, 39, 0, 0, 0.17%, 7, 0, 8, 147.37
1735681646, 87, 11, 39, 0, 0, 0.17%, 7, 0, 8, 146.09
1735681651, 87, 13, 39, 0, 0, 0.17%, 7, 0, 8, 140.99
1735681656, 87, 15, 39, 0, 0, 0.17%, 7, 0, 8, 142.34
1735681661, 87, 20, 39, 0, 0, 0.17%, 7, 0, 8, 134.07
1735681666, 88, 11, 39, 0, 0, 0.17%, 7, 0, 8, 136.12
1735681671, 88, 13, 39, 0, 0, 0.17%, 7, 0, 8, 139.71
1735681676, 88, 15, 39, 0, 0, 0.17%, 7, 0, 8, 142.51
1735681682, 88, 27, 39, 0, 0, 0.17%, 7, 0, 8, 156.25
1735681687, 89, 11, 39, 0, 0, 0.17%, 7, 0, 8, 148.61
1735681692, 89, 13, 39, 0, 0, 0.17%, 7, 0, 8, 138.86
1735681697, 89, 15, 39, 0, 0, 0.17%, 7, 0, 8, 140.76
1735681702, 89, 27, 39, 0, 0, 0.17%, 7, 0, 8, 142.25
1735681707, 89, 29, 39, 0, 0, 0.17%, 7, 0, 8, 135.18
1735681712, 90, 10, 39, 0, 0, 0.17%, 7, 0, 8, 134.90
1735681717, 90, 12, 39, 0, 0, 0.17%, 7, 0, 8, 141.41
1735681722, 90, 15, 39, 0, 0, 0.17%, 7, 0, 8, 139.55
1735681727, 90, 16, 39, 0, 0, 0.17%, 7, 0, 8, 150.01
1735681732, 90, 21, 39, 0, 0, 0.17%, 7, 0, 8, 151.23
1735681743, 91, 11, 39, 0, 0, 0.17%, 7, 0, 8, 146.01
1735681748, 91, 13, 39, 0, 0, 0.17%, 7, 0, 8, 140.29
1735681753, 91, 15, 39, 0, 0, 0.17%, 7, 0, 8, 139.88
1735681758, 92, 11, 39, 0, 0, 0.17%, 7, 0, 8, 142.35
1735681763, 92, 13, 39, 0, 0, 0.17%, 7, 0, 8, 142.30
1735681768, 92, 15, 39, 0, 0, 0.17%, 7, 0, 8, 141.48
1735681774, 92, 30, 39, 0, 0, 0.17%, 7, 0, 8, 150.32
1735681779, 92, 38, 39, 0, 0, 0.17%, 7, 0, 8, 159.58
1735681784, 93, 10, 39, 0, 0, 0.17%, 7, 0, 8, 149.13
1735681789, 93, 12, 39, 0, 0, 0.17%, 7, 0, 8, 138.95
1735681794, 93, 15, 39, 0, 0, 0.17%, 7, 0, 8, 136.49
1735681799, 93, 28, 39, 0, 0, 0.17%, 7, 0, 8, 140.30
1735681810, 93, 34, 39, 0, 0, 0.17%, 7, 0, 8, 145.85
1735681815, 94, 11, 39, 0, 0, 0.17%, 7, 0, 8, 144.94
1735681820, 94, 13, 39, 0, 0, 0.17%, 7, 0, 8, 143.80
1735681825, 94, 15, 39, 0, 0, 0.17%, 7, 0, 8, 138.81
1735681830, 94, 28, 39, 0, 0, 0.17%, 7, 0, 8, 154.85
1735681840, 95, 11, 39, 0, 0, 0.17%, 7, 0, 8, 138.41
1735681845, 95, 13, 39, 0, 0, 0.17%, 7, 0, 8, 138.80
1735681850, 95, 15, 39, 0, 0, 0.17%, 7, 0, 8, 135.83
1735681856, 96, 10, 39, 0, 0, 0.17%, 7, 0, 8, 141.82
1735681861, 96, 12, 39, 0, 0, 0.17%, 7, 0, 8, 137.95
1735681866, 96, 15, 39, 0, 0, 0.17%, 7, 0, 8, 144.18
1735681871, 97, 10, 39, 0, 0, 0.17%, 7, 0, 8, 139.35
1735681876, 97, 12, 39, 0, 0, 0.17%, 7, 0, 8, 140.39
1735681881, 97, 15, 39, 0, 0, 0.17%, 7, 0, 8, 135.38
1735681886, 97, 19, 39, 0, 0, 0.17%, 7, 0, 8, 143.87
1735681897, 97, 28, 39, 0, 0, 0.17%, 7, 0, 8, 154.74
1735681902, 98, 11, 39, 0, 0, 0.17%, 7, 0, 8, 143.62
1735681907, 98, 13, 39, 0, 0, 0.17%, 7, 0, 8, 134.92
1735681912, 98, 15, 39, 0, 0, 0.17%, 7, 0, 8, 146.96
1735681917, 98, 34, 39, 0, 0, 0.17%, 7, 0, 8, 152.54
1735681922, 98, 37, 39, 0, 0, 0.17%, 7, 0, 8, 167.36
1735681927, 99, 10, 39, 0, 0, 0.17%, 7, 0, 8, 142.57
1735681932, 99, 12, 39, 0, 0, 0.17%, 7, 0, 8, 138.68
1735681938, 99, 15, 39, 0, 0, 0.17%, 7, 0, 8, 135.43
1735681943, 99, 22, 39, 0, 0, 0.17%, 7, 0, 8, 147.94
1735681948, 99, 23, 39, 0, 0, 0.17%, 7, 0, 8, 143.76
1735681953, 100, 10, 39, 0, 0, 0.17%, 7, 0, 8, 148.81
1735681958, 100, 12, 39, 0, 0, 0.17%, 7, 0, 8, 139.59
1735681963, 100, 15, 39, 0, 0, 0.17%, 7, 0, 8, 135.11
1735681968, 100, 35, 39, 0, 0, 0.17%, 7, 0, 8, 145.82
1735681978, 101, 7, 39, 0, 0, 0.17%, 7, 0, 8, 140.25
1735681983, 101, 11, 39, 0, 0, 0.17%, 7, 0, 8, 143.40
1735681988, 101, 13, 39, 0, 0, 0.17%, 7, 0, 8, 137.56
1735681994, 101, 15, 39, 0, 0, 0.17%, 7, 0, 8, 142.10
1735681999, 101, 21, 39, 0, 0, 0.17%, 7, 0, 8, 147.58
1735682004, 101, 25, 39, 0, 0, 0.17%, 7, 0, 8, 148.69
1735682009, 101, 28, 39, 0, 0, 0.17%, 7, 0, 8, 167.28
1735682014, 101, 33, 39, 0, 0, 0.17%, 7, 0, 8, 161.78
1735682019, 102, 0, 39, 0, 0, 0.17%, 7, 0, 8, 150.92
1735682024, 102, 11, 39, 0, 0, 0.17%, 7, 0, 8, 141.13
1735682029, 102, 13, 39, 0, 0, 0.17%, 7, 0, 8, 144.66
1735682034, 102, 15, 39, 0, 0, 0.17%, 7, 0, 8, 137.02
1735682039, 102, 28, 39, 0, 0, 0.17%, 7, 0, 8, 150.62
1735682045, 102, 29, 39, 0, 0, 0.17%, 7, 0, 8, 147.92
1735682050, 103, 8, 39, 0, 0, 0.17%, 7, 0, 8, 139.05
1735682055, 103, 11, 39, 0, 0, 0.17%, 7, 0, 8, 141.36
1735682060, 103, 13, 39, 0, 0, 0.17%, 7, 0, 8, 137.53
1735682065, 103, 15, 39, 0, 0, 0.17%, 7, 0, 8, 139.26
1735682070, 103, 30, 39, 0, 0, 0.17%, 7, 0, 8, 151.59
1735682075, 103, 31, 39, 0, 0, 0.17%, 7, 0, 8, 152.83
1735682086, 104, 11, 39, 0, 0, 0.17%, 7, 0, 8, 137.25
1735682091, 104, 13, 39, 0, 0, 0.17%, 7, 0, 8, 141.29
1735682096, 104, 15, 39, 0, 0, 0.17%, 7, 0, 8, 136.09
1735682101, 104, 16, 39, 0, 0, 0.17%, 7, 0, 8, 150.42
1735682106, 104, 18, 39, 0, 0, 0.17%, 7, 0, 8, 148.19
1735682111, 104, 27, 39, 0, 0, 0.17%, 7, 0, 8, 147.42
1735682116, 104, 34, 39, 0, 0, 0.17%, 7, 0, 8, 146.47
1735682122, 105, 11, 39, 0, 0, 0.17%, 7, 0, 8, 143.56
1735682127, 105, 13, 39, 0, 0, 0.17%, 7, 0, 8, 136.67
1735682132, 105, 15, 39, 0, 0, 0.17%, 7, 0, 8, 144.12
1735682137, 105, 29, 39, 0, 0, 0.17%, 7, 0, 8, 145.44
1735682142, 105, 33, 39, 0, 0, 0.17%, 7, 0, 8, 150.52
1735682152, 106, 11, 39, 0, 0, 0.17%, 7, 0, 8, 145.43
1735682157, 106, 13, 39, 0, 0, 0.17%, 7, 0, 8, 145.82
1735682162, 106, 15, 39, 0, 0, 0.17%, 7, 0, 8, 148.91
1735682167, 107, 10, 39, 0, 0, 0.17%, 7, 0, 8, 139.03
1735682172, 107, 12, 39, 0, 0, 0.17%, 7, 0, 8, 136.01
1735682177, 107, 15, 39, 0, 0, 0.17%, 7, 0, 8, 137.51
1735682183, 107, 17, 39, 0, 0, 0.17%, 7, 0, 8, 144.02
1735682188, 108, 10, 39, 0, 0, 0.17%, 7, 0, 8, 135.84
1735682193, 108, 12, 39, 0, 0, 0.17%, 7, 0, 8, 140.45
1735682198, 108, 15, 39, 0, 0, 0.17%, 7, 0, 8, 132.93
1735682203, 109, 8, 39, 0, 0, 0.17%, 7, 0, 8, 137.21
1735682208, 109, 11, 39, 0, 0, 0.17%, 7, 0, 8, 140.02
1735682213, 109, 13, 39, 0, 0, 0.17%, 7, 0, 8, 142.16
1735682218, 109, 15, 39, 0, 0, 0.17%, 7, 0, 8, 143.33
1735682223, 110, 10, 39, 0, 0, 0.17%, 7, 0, 8, 137.64
1735682229, 110, 12, 39, 0, 0, 0.17%, 7, 0, 8, 146.74
1735682234, 110, 15, 39, 0, 0, 0.17%, 7, 0, 8, 141.52
1735682239, 110, 19, 39, 0, 0, 0.17%, 7, 0, 8, 140.62
1735682249, 110, 22, 39, 0, 0, 0.17%, 7, 0, 8, 144.57
1735682254, 110, 27, 39, 0, 0, 0.17%, 7, 0, 8, 157.31
1735682260, 111, 10, 39, 0, 0, 0.17%, 7, 0, 8, 144.52
1735682265, 111, 13, 39, 0, 0, 0.17%, 7, 0, 8, 141.48
1735682270, 111, 15, 39, 0, 0, 0.17%, 7, 0, 8, 146.23
1735682275, 111, 24, 39, 0, 0, 0.17%, 7, 0, 8, 154.62
1735682280, 112, 4, 39, 0, 0, 0.17%, 7, 0, 8, 149.98
1735682285, 112, 11, 39, 0, 0, 0.17%, 7, 0, 8, 142.51
1735682290, 112, 13, 39, 0, 0, 0.17%, 7, 0, 8, 138.48
1735682295, 112, 15, 39, 0, 0, 0.17%, 7, 0, 8, 141.26
1735682300, 112, 37, 39, 0, 0, 0.17%, 7, 0, 8, 151.63
1735682305, 113, 11, 39, 0, 0, 0.17%, 7, 0, 8, 148.02
1735682310, 113, 13, 39, 0, 0, 0.17%, 7, 0, 8, 142.36
1735682315, 113, 15, 39, 0, 0, 0.17%, 7, 0, 8, 136.42
1735682320, 113, 16, 39, 0, 0, 0.17%, 7, 0, 8, 145.24
1735682326, 113, 17, 39, 0, 0, 0.17%, 7, 0, 8, 139.83
1735682331, 114, 10, 39, 0, 0, 0.17%, 7, 0, 8, 138.40
1735682336, 114, 12, 39, 0, 0, 0.17%, 7, 0, 8, 139.09
1735682341, 114, 15, 39, 0, 0, 0.17%, 7, 0, 8, 135.50
1735682346, 115, 10, 39, 0, 0, 0.17%, 7, 0, 8, 134.95
1735682351, 115, 12, 39, 0, 0, 0.17%, 7, 0, 8, 138.90
1735682357, 115, 15, 39, 0, 0, 0.17%, 7, 0, 8, 139.73
1735682362, 115, 20, 39, 0, 0, 0.17%, 7, 0, 8, 139.44
1735682367, 116, 10, 39, 0, 0, 0.17%, 7, 0, 8, 143.27
1735682372, 116, 13, 39, 0, 0, 0.17%, 7, 0, 8, 153.14
1735682377, 116, 15, 39, 0, 0, 0.17%, 7, 0, 8, 138.66
1735682382, 116, 30, 39, 0, 0, 0.17%, 7, 0, 8, 155.14
1735682387, 116, 35, 39, 0, 0, 0.17%, 7, 0, 8, 149.43
1735682398, 117, 7, 39, 0, 0, 0.17%, 7, 0, 8, 136.95
1735682403, 117, 11, 39, 0, 0, 0.17%, 7, 0, 8, 138.23
1735682408, 117, 13, 39, 0, 0, 0.17%, 7, 0, 8, 141.33
1735682413, 118, 3, 39, 0, 0, 0.17%, 7, 0, 8, 132.14
1735682418, 118, 11, 39, 0, 0, 0.17%, 7, 0, 8, 133.69
1735682423, 118, 13, 39, 0, 0, 0.17%, 7, 0, 8, 141.88
1735682428, 118, 15, 39, 0, 0, 0.17%, 7, 0, 8, 139.29
1735682433, 118, 24, 39, 0, 0, 0.17%, 7, 0, 8, 150.63
1735682438, 119, 11, 39, 0, 0, 0.17%, 7, 0, 8, 139.94
1735682443, 119, 13, 39, 0, 0, 0.17%, 7, 0, 8, 136.63
1735682449, 119, 15, 39, 0, 0, 0.17%, 7, 0, 8, 142.42
1735682454, 120, 11, 39, 0, 0, 0.17%, 7, 0, 8, 133.38
1735682459, 120, 13, 39, 0, 0, 0.17%, 7, 0, 8, 141.22
1735682464, 120, 15, 39, 0, 0, 0.17%, 7, 0, 8, 142.45
1735682469, 121, 11, 39, 0, 0, 0.17%, 7, 0, 8, 140.27
1735682474, 121, 13, 39, 0, 0, 0.17%, 7, 0, 8, 146.98
1735682479, 121, 15, 39, 0, 0, 0.17%, 7, 0, 8, 137.44
1735682484, 121, 19, 39, 0, 0, 0.17%, 7, 0, 8, 143.69
1735682489, 122, 10, 39, 0, 0, 0.17%, 7, 0, 8, 142.10
1735682494, 122, 12, 39, 0, 0, 0.17%, 7, 0, 8, 140.22
1735682499, 122, 15, 39, 0, 0, 0.17%, 7, 0, 8, 144.07
1735682505, 123, 10, 39, 0, 0, 0.17%, 7, 0, 8, 144.60
1735682510, 123, 12, 39, 0, 0, 0.17%, 7, 0, 8, 142.52
1735682515, 123, 15, 39, 0, 0, 0.17%, 7, 0, 8, 135.65
1735682520, 123, 32, 39, 0, 0, 0.17%, 7, 0, 8, 144.73
1735682530, 124, 11, 39, 0, 0, 0.17%, 7, 0, 8, 136.78
1735682535, 124, 13, 39, 0, 0, 0.17%, 7, 0, 8, 136.24
1735682540, 124, 15, 39, 0, 0, 0.17%, 7, 0, 8, 140.52
1735682545, 124, 23, 39, 0, 0, 0.17%, 7, 0, 8, 153.61
1735682550, 124, 30, 39, 0, 0, 0.17%, 7, 0, 8, 148.42
1735682556, 125, 11, 39, 0, 0, 0.17%, 7, 0, 8, 138.75
1735682561, 125, 13, 39, 0, 0, 0.17%, 7, 0, 8, 137.45
1735682566, 125, 15, 39, 0, 0, 0.17%, 7, 0, 8, 135.97
1735682571, 125, 17, 39, 0, 0, 0.17%, 7, 0, 8, 141.95
1735682576, 126, 10, 39, 0, 0, 0.17%, 7, 0, 8, 136.74
1735682581, 126, 12, 39, 0, 0, 0.17%, 7, 0, 8, 143.32
1735682586, 126, 15, 39, 0, 0, 0.17%, 7, 0, 8, 139.51
1735682592, 127, 10, 39, 0, 0, 0.17%, 7, 0, 8, 138.73
1735682597, 127, 12, 39, 0, 0, 0.17%, 7, 0, 8, 139.55
1735682602, 127, 15, 39, 0, 0, 0.17%, 7, 0, 8, 139.12
1735682607, 128, 10, 39, 0, 0, 0.17%, 7, 0, 8, 142.91
1735682612, 128, 12, 39, 0, 0, 0.17%, 7, 0, 8, 139.88
1735682617, 128, 15, 39, 0, 0, 0.17%, 7, 0, 8, 140.01
1735682622, 128, 24, 39, 0, 0, 0.17%, 7, 0, 8, 137.78
1735682627, 129, 10, 39, 0, 0, 0.17%, 7, 0, 8, 140.00
1735682632, 129, 12, 39, 0, 0, 0.17%, 7, 0, 8, 141.05
1735682637, 129, 15, 39, 0, 0, 0.17%, 7, 0, 8, 140.76
1735682642, 130, 10, 39, 0, 0, 0.17%, 7, 0, 8, 136.55
1735682648, 130, 12, 39, 0, 0, 0.17%, 7, 0, 8, 141.42
1735682653, 130, 15, 39, 0, 0, 0.17%, 7, 0, 8, 140.28
1735682658, 130, 21, 39, 0, 0, 0.17%, 7, 0, 8, 149.46
1735682668, 131, 11, 39, 0, 0, 0.17%, 7, 0, 8, 136.33
1735682673, 131, 13, 39, 0, 0, 0.17%, 7, 0, 8, 136.99
1735682678, 131, 15, 39, 0, 0, 0.17%, 7, 0, 8, 142.56
1735682683, 131, 16, 39, 0, 0, 0.17%, 7, 0, 8, 150.07
1735682688, 131, 24, 39, 0, 0, 0.17%, 7, 0, 8, 149.05
1735682693, 132, 11, 39, 0, 0, 0.17%, 7, 0, 8, 146.95
1735682698, 132, 13, 39, 0, 0, 0.17%, 7, 0, 8, 142.39
1735682703, 132, 23, 39, 0, 0, 0.17%, 7, 0, 8, 140.72
1735682709, 132, 29, 39, 0, 0, 0.17%, 7, 0, 8, 151.93
1735682719, 133, 11, 39, 0, 0, 0.17%, 7, 0, 8, 147.37
1735682724, 133, 13, 39, 0, 0, 0.17%, 7, 0, 8, 141.47
1735682729, 133, 15, 39, 0, 0, 0.17%, 7, 0, 8, 137.92
1735682734, 134, 7, 39, 0, 0, 0.17%, 7, 0, 8, 149.42
1735682739, 134, 10, 39, 0, 0, 0.17%, 7, 0, 8, 139.77
1735682744, 134, 12, 39, 0, 0, 0.17%, 7, 0, 8, 145.55
1735682749, 134, 15, 39, 0, 0, 0.17%, 7, 0, 8, 143.53
1735682755, 134, 31, 39, 0, 0, 0.17%, 7, 0, 8, 152.24
1735682760, 135, 10, 39, 0, 0, 0.17%, 7, 0, 8, 141.92
1735682765, 135, 12, 39, 0, 0, 0.17%, 7, 0, 8, 142.43
1735682770, 135, 14, 39, 0, 0, 0.17%, 7, 0, 8, 142.76
1735682775, 135, 15, 39, 0, 0, 0.17%, 7, 0, 8, 140.27
1735682780, 135, 21, 39, 0, 0, 0.17%, 7, 0, 8, 147.81
1735682791, 135, 24, 39, 0, 0, 0.17%, 7, 0, 8, 144.72
1735682796, 136, 11, 39, 0, 0, 0.17%, 7, 0, 8, 143.64
1735682801, 136, 13, 39, 0, 0, 0.17%, 7, 0, 8, 146.02
1735682806, 136, 15, 39, 0, 0, 0.17%, 7, 0, 8, 138.42
1735682811, 136, 34, 39, 0, 0, 0.17%, 7, 0, 8, 147.41
1735682816, 137, 11, 39, 0, 0, 0.17%, 7, 0, 8, 142.75
1735682821, 137, 13, 39, 0, 0, 0.17%, 7, 0, 8, 144.03
1735682826, 137, 15, 39, 0, 0, 0.17%, 7, 0, 8, 142.28
1735682832, 137, 25, 39, 0, 0, 0.17%, 7, 0, 8, 141.05
1735682837, 137, 30, 39, 0, 0, 0.17%, 7, 0, 8, 153.72
1735682842, 138, 6, 39, 0, 0, 0.17%, 7, 0, 8, 148.70
1735682847, 138, 11, 39, 0, 0, 0.17%, 7, 0, 8, 140.33
1735682852, 138, 13, 39, 0, 0, 0.17%, 7, 0, 8, 144.04
1735682857, 138, 15, 39, 0, 0, 0.17%, 7, 0, 8, 147.86
1735682862, 138, 22, 39, 0, 0, 0.17%, 7, 0, 8, 138.06
1735682867, 139, 10, 39, 0, 0, 0.17%, 7, 0, 8, 144.48
1735682872, 139, 12, 39, 0, 0, 0.17%, 7, 0, 8, 142.03
1735682877, 139, 15, 39, 0, 0, 0.17%, 7, 0, 8, 139.78
1735682882, 140, 10, 39, 0, 0, 0.17%, 7, 0, 8, 145.78
1735682887, 140, 13, 39, 0, 0, 0.17%, 7, 0, 8, 146.55
1735682892, 140, 15, 39, 0, 0, 0.17%, 7, 0, 8, 135.24
1735682898, 140, 34, 39, 0, 0, 0.17%, 7, 0, 8, 144.43
1735682903, 141, 10, 39, 0, 0, 0.17%, 7, 0, 8, 138.21
1735682908, 141, 12, 39, 0, 0, 0.17%, 7, 0, 8, 134.94
1735682913, 141, 15, 39, 0, 0, 0.17%, 7, 0, 8, 138.10
1735682918, 141, 20, 39, 0, 0, 0.17%, 7, 0, 8, 135.88
1735682923, 142, 11, 39, 0, 0, 0.17%, 7, 0, 8, 146.79
1735682928, 142, 13, 39, 0, 0, 0.17%, 7, 0, 8, 142.51
1735682933, 142, 15, 39, 0, 0, 0.17%, 7, 0, 8, 140.27
1735682939, 143, 11, 39, 0, 0, 0.17%, 7, 0, 8, 142.26
1735682944, 143, 13, 39, 0, 0, 0.17%, 7, 0, 8, 143.35
1735682949, 143, 15, 39, 0, 0, 0.17%, 7, 0, 8, 135.37
1735682954, 143, 18, 39, 0, 0, 0.17%, 7, 0, 8, 148.11
1735682959, 143, 33, 39, 0, 0, 0.17%, 7, 0, 8, 152.69
1735682964, 144, 10, 39, 0, 0, 0.17%, 7, 0, 8, 139.16
1735682969, 144, 12, 39, 0, 0, 0.17%, 7, 0, 8, 135.95
1735682974, 144, 15, 39, 0, 0, 0.17%, 7, 0, 8, 139.86
1735682980, 144, 19, 39, 0, 0, 0.17%, 7, 0, 8, 144.69
1735682990, 144, 23, 39, 0, 0, 0.17%, 7, 0, 8, 142.78
1735682995, 145, 10, 39, 0, 0, 0.17%, 7, 0, 8, 150.36
1735683000, 145, 12, 39, 0, 0, 0.17%, 7, 0, 8, 141.02
1735683005, 145, 15, 39, 0, 0, 0.17%, 7, 0, 8, 142.16
1735683010, 145, 29, 39, 0, 0, 0.17%, 7, 0, 8, 142.15
1735683015, 145, 34, 39, 0, 0, 0.17%, 7, 0, 8, 139.25
1735683020, 146, 10, 39, 0, 0, 0.17%, 7, 0, 8, 136.64
1735683025, 146, 12, 39, 0, 0, 0.17%, 7, 0, 8, 143.76
1735683031, 146, 15, 39, 0, 0, 0.17%, 7, 0, 8, 136.99
1735683036, 147, 10, 39, 0, 0, 0.17%, 7, 0, 8, 138.18
1735683041, 147, 12, 39, 0, 0, 0.17%, 7, 0, 8, 141.42
1735683046, 147, 15, 39, 0, 0, 0.17%, 7, 0, 8, 138.93
1735683051, 148, 10, 39, 0, 0, 0.17%, 7, 0, 8, 144.96
1735683056, 148, 12, 39, 0, 0, 0.17%, 7, 0, 8, 148.24
1735683061, 148, 15, 39, 0, 0, 0.17%, 7, 0, 8, 141.93
1735683066, 148, 16, 39, 0, 0, 0.17%, 7, 0, 8, 144.81
1735683071, 148, 27, 39, 0, 0, 0.17%, 7, 0, 8, 163.32
1735683077, 148, 29, 39, 0, 0, 0.17%, 7, 0, 8, 150.21
1735683082, 149, 9, 39, 0, 0, 0.17%, 7, 0, 8, 140.44
1735683087, 149, 11, 39, 0, 0, 0.17%, 7, 0, 8, 138.09
1735683092, 149, 13, 39, 0, 0, 0.17%, 7, 0, 8, 141.04
1735683097, 149, 15, 39, 0, 0, 0.17%, 7, 0, 8, 136.70
1735683102, 149, 33, 39, 0, 0, 0.17%, 7, 0, 8, 158.73
1735683107, 150, 6, 39, 0, 0, 0.17%, 7, 0, 8, 148.23
1735683112, 150, 11, 39, 0, 0, 0.17%, 7, 0, 8, 138.11
1735683117, 150, 13, 39, 0, 0, 0.17%, 7, 0, 8, 141.97
1735683122, 150, 15, 39, 0, 0, 0.17%, 7, 0, 8, 136.83
1735683127, 150, 20, 39, 0, 0, 0.17%, 7, 0, 8, 138.46
1735683133, 151, 11, 39, 0, 0, 0.17%, 7, 0, 8, 139.23
1735683138, 151, 13, 39, 0, 0, 0.17%, 7, 0, 8, 138.81
1735683143, 151, 15, 39, 0, 0, 0.17%, 7, 0, 8, 141.21
1735683148, 152, 11, 39, 0, 0, 0.17%, 7, 0, 8, 143.92
1735683153, 152, 13, 39, 0, 0, 0.17%, 7, 0, 8, 142.98
1735683158, 153, 10, 39, 0, 0, 0.17%, 7, 0, 8, 150.84
1735683163, 153, 12, 39, 0, 0, 0.17%, 7, 0, 8, 143.59
1735683169, 153, 15, 39, 0, 0, 0.17%, 7, 0, 8, 147.98
1735683174, 153, 21, 39, 0, 0, 0.17%, 7, 0, 8, 152.43
1735683184, 153, 23, 39, 0, 0, 0.17%, 7, 0, 8, 147.16
1735683189, 153, 28, 39, 0, 0, 0.17%, 7, 0, 8, 151.38
1735683194, 153, 35, 39, 0, 0, 0.17%, 7, 0, 8, 149.31
1735683204, 154, 10, 39, 0, 0, 0.17%, 7, 0, 8, 143.15
1735683209, 154, 12, 39, 0, 0, 0.17%, 7, 0, 8, 140.31
1735683214, 154, 15, 39, 0, 0, 0.17%, 7, 0, 8, 136.80
1735683219, 154, 33, 39, 0, 0, 0.17%, 7, 0, 8, 154.33
1735683224, 154, 36, 39, 0, 0, 0.17%, 7, 0, 8, 148.24
1735683239, 155, 11, 39, 0, 0, 0.17%, 7, 0, 8, 138.98
1735683244, 155, 13, 39, 0, 0, 0.17%, 7, 0, 8, 144.06
1735683249, 155, 15, 39, 0, 0, 0.17%, 7, 0, 8, 144.26
1735683255, 156, 11, 39, 0, 0, 0.17%, 7, 0, 8, 145.41
1735683260, 156, 13, 39, 0, 0, 0.17%, 7, 0, 8, 144.22
1735683265, 156, 15, 39, 0, 0, 0.17%, 7, 0, 8, 140.88
1735683270, 156, 25, 39, 0, 0, 0.17%, 7, 0, 8, 142.56
1735683275, 156, 38, 39, 0, 0, 0.17%, 7, 0, 8, 150.60
1735683280, 157, 7, 39, 0, 0, 0.17%, 7, 0, 8, 145.56
1735683285, 157, 11, 39, 0, 0, 0.17%, 7, 0, 8, 139.26
1735683291, 157, 15, 39, 0, 0, 0.17%, 7, 0, 8, 147.07
1735683296, 158, 10, 39, 0, 0, 0.17%, 7, 0, 8, 148.67
1735683301, 158, 12, 39, 0, 0, 0.17%, 7, 0, 8, 143.29
1735683306, 158, 15, 39, 0, 0, 0.17%, 7, 0, 8, 142.49
1735683311, 158, 35, 39, 0, 0, 0.17%, 7, 0, 8, 152.33
1735683321, 159, 10, 39, 0, 0, 0.17%, 7, 0, 8, 148.13
1735683327, 159, 12, 39, 0, 0, 0.17%, 7, 0, 8, 147.95
1735683332, 159, 15, 39, 0, 0, 0.17%, 7, 0, 8, 134.34
1735683337, 160, 10, 39, 0, 0, 0.17%, 7, 0, 8, 141.32
1735683342, 160, 12, 39, 0, 0, 0.17%, 7, 0, 8, 140.96
1735683347, 160, 15, 39, 0, 0, 0.17%, 7, 0, 8, 138.80
1735683352, 160, 25, 39, 0, 0, 0.17%, 7, 0, 8, 137.16
1735683357, 161, 10, 39, 0, 0, 0.17%, 7, 0, 8, 141.16
1735683362, 161, 12, 39, 0, 0, 0.17%, 7, 0, 8, 140.07
1735683367, 161, 13, 39, 0, 0, 0.17%, 7, 0, 8, 138.60
1735683373, 161, 15, 39, 0, 0, 0.17%, 7, 0, 8, 148.46
1735683378, 161, 23, 39, 0, 0, 0.17%, 7, 0, 8, 152.76
1735683383, 161, 33, 39, 0, 0, 0.17%, 7, 0, 8, 151.95
1735683393, 161, 37, 39, 0, 0, 0.17%, 7, 0, 8, 156.32
1735683398, 162, 1, 39, 0, 0, 0.17%, 7, 0, 8, 148.58
1735683403, 162, 12, 39, 0, 0, 0.17%, 7, 0, 8, 139.02
1735683408, 162, 13, 39, 0, 0, 0.17%, 7, 0, 8, 140.82
1735683413, 163, 0, 39, 0, 0, 0.17%, 7, 0, 8, 147.56
1735683418, 163, 10, 39, 0, 0, 0.17%, 7, 0, 8, 137.34
1735683424, 163, 12, 39, 0, 0, 0.17%, 7, 0, 8, 137.64
1735683429, 163, 15, 39, 0, 0, 0.17%, 7, 0, 8, 139.13
1735683434, 163, 24, 39, 0, 0, 0.17%, 7, 0, 8, 150.82
1735683439, 163, 35, 39, 0, 0, 0.17%, 7, 0, 8, 152.65
1735683449, 164, 10, 39, 0, 0, 0.17%, 7, 0, 8, 142.12
1735683454, 164, 12, 39, 0, 0, 0.17%, 7, 0, 8, 144.74
1735683460, 164, 15, 39, 0, 0, 0.17%, 7, 0, 8, 133.36
1735683465, 165, 9, 39, 0, 0, 0.17%, 7, 0, 8, 138.03
1735683470, 165, 11, 39, 0, 0, 0.17%, 7, 0, 8, 138.67
1735683475, 165, 13, 39, 0, 0, 0.17%, 7, 0, 8, 136.00
1735683480, 165, 15, 39, 0, 0, 0.17%, 7, 0, 8, 144.01
1735683485, 165, 23, 39, 0, 0, 0.17%, 7, 0, 8, 142.95
1735683490, 165, 26, 39, 0, 0, 0.17%, 7, 0, 8, 151.26
1735683495, 166, 11, 39, 0, 0, 0.17%, 7, 0, 8, 148.83
1735683500, 166, 13, 39, 0, 0, 0.17%, 7, 0, 8, 140.87
1735683505, 166, 15, 39, 0, 0, 0.17%, 7, 0, 8, 134.42
1735683510, 166, 20, 39, 0, 0, 0.17%, 7, 0, 8, 139.98
1735683516, 166, 23, 39, 0, 0, 0.17%, 7, 0, 8, 147.29
1735683521, 166, 25, 39, 0, 0, 0.17%, 7, 0, 8, 138.91
1735683526, 166, 27, 39, 0, 0, 0.17%, 7, 0, 8, 149.12
1735683531, 166, 30, 39, 0, 0, 0.17%, 7, 0, 8, 157.47
1735683536, 166, 37, 39, 0, 0, 0.17%, 7, 0, 8, 151.48
1735683546, 167, 10, 39, 0, 0, 0.17%, 7, 0, 8, 144.55
1735683551, 167, 12, 39, 0, 0, 0.17%, 7, 0, 8, 144.35
1735683556, 167, 15, 39, 0, 0, 0.17%, 7, 0, 8, 138.10
1735683561, 167, 20, 39, 0, 0, 0.17%, 7, 0, 8, 138.40
1735683567, 167, 27, 39, 0, 0, 0.17%, 7, 0, 8, 150.74
1735683572, 168, 11, 39, 0, 0, 0.17%, 7, 0, 8, 151.13
1735683577, 168, 13, 39, 0, 0, 0.17%, 7, 0, 8, 139.55
1735683582, 168, 15, 39, 0, 0, 0.17%, 7, 0, 8, 136.72
1735683587, 168, 25, 39, 0, 0, 0.17%, 7, 0, 8, 138.58
1735683592, 169, 11, 39, 0, 0, 0.17%, 7, 0, 8, 151.38
1735683597, 169, 13, 39, 0, 0, 0.17%, 7, 0, 8, 141.58
1735683603, 169, 15, 39, 0, 0, 0.17%, 7, 0, 8, 131.79
1735683608, 169, 26, 39, 0, 0, 0.17%, 7, 0, 8, 140.38
1735683613, 169, 29, 39, 0, 0, 0.17%, 7, 0, 8, 141.41
1735683618, 170, 10, 39, 0, 0, 0.17%, 7, 0, 8, 140.44
1735683623, 170, 12, 39, 0, 0, 0.17%, 7, 0, 8, 139.32
1735683628, 170, 15, 39, 0, 0, 0.17%, 7, 0, 8, 140.79
1735683633, 170, 18, 39, 0, 0, 0.17%, 7, 0, 8, 148.09
1735683639, 171, 10, 39, 0, 0, 0.17%, 7, 0, 8, 143.42
1735683644, 171, 12, 39, 0, 0, 0.17%, 7, 0, 8, 140.69
1735683649, 171, 15, 39, 0, 0, 0.17%, 7, 0, 8, 138.33
1735683654, 171, 28, 39, 0, 0, 0.17%, 7, 0, 8, 146.72
1735683664, 172, 11, 39, 0, 0, 0.17%, 7, 0, 8, 142.55
1735683669, 172, 13, 39, 0, 0, 0.17%, 7, 0, 8, 137.46
1735683674, 172, 15, 39, 0, 0, 0.17%, 7, 0, 8, 144.54
1735683679, 173, 11, 39, 0, 0, 0.17%, 7, 0, 8, 140.96
1735683684, 173, 13, 39, 0, 0, 0.17%, 7, 0, 8, 143.67
1735683689, 173, 15, 39, 0, 0, 0.17%, 7, 0, 8, 146.83
1735683694, 173, 36, 39, 0, 0, 0.17%, 7, 0, 8, 147.40
1735683710, 174, 11, 39, 0, 0, 0.17%, 7, 0, 8, 141.00
1735683715, 174, 13, 39, 0, 0, 0.17%, 7, 0, 8, 136.77
1735683720, 174, 15, 39, 0, 0, 0.17%, 7, 0, 8, 144.48
1735683725, 174, 20, 39, 0, 0, 0.17%, 7, 0, 8, 136.03
1735683730, 174, 35, 39, 0, 0, 0.17%, 7, 0, 8, 156.67
1735683740, 175, 11, 39, 0, 0, 0.17%, 7, 0, 8, 147.78
1735683745, 175, 13, 39, 0, 0, 0.17%, 7, 0, 8, 143.01
1735683751, 175, 15, 39, 0, 0, 0.17%, 7, 0, 8, 134.62
1735683756, 175, 23, 39, 0, 0, 0.17%, 7, 0, 8, 143.02
1735683761, 175, 24, 39, 0, 0, 0.17%, 7, 0, 8, 153.53
1735683766, 175, 30, 39, 0, 0, 0.17%, 7, 0, 8, 160.75
1735683771, 176, 10, 39, 0, 0, 0.17%, 7, 0, 8, 143.29
1735683776, 176, 12, 39, 0, 0, 0.17%, 7, 0, 8, 136.85
1735683781, 176, 15, 39, 0, 0, 0.17%, 7, 0, 8, 135.47
1735683786, 177, 10, 39, 0, 0, 0.17%, 7, 0, 8, 142.00
1735683791, 177, 12, 39, 0, 0, 0.17%, 7, 0, 8, 135.54
1735683796, 177, 15, 39, 0, 0, 0.17%, 7, 0, 8, 143.24
1735683801, 177, 17, 39, 0, 0, 0.17%, 7, 0, 8, 141.57
1735683806, 177, 33, 39, 0, 0, 0.17%, 7, 0, 8, 149.22
1735683816, 178, 10, 39, 0, 0, 0.17%, 7, 0, 8, 147.39
1735683822, 178, 12, 39, 0, 0, 0.17%, 7, 0, 8, 138.22
1735683827, 178, 15, 39, 0, 0, 0.17%, 7, 0, 8, 140.58
1735683832, 178, 31, 39, 0, 0, 0.17%, 7, 0, 8, 152.76
1735683837, 179, 8, 39, 0, 0, 0.17%, 7, 0, 8, 144.60
1735683842, 179, 11, 39, 0, 0, 0.17%, 7, 0, 8, 144.57
1735683847, 179, 13, 39, 0, 0, 0.17%, 7, 0, 8, 146.84
1735683853, 179, 15, 39, 0, 0, 0.17%, 7, 0, 8, 148.34
1735683858, 180, 11, 39, 0, 0, 0.17%, 7, 0, 8, 134.24
1735683863, 180, 13, 39, 0, 0, 0.17%, 7, 0, 8, 146.31
1735683868, 181, 10, 39, 0, 0, 0.17%, 7, 0, 8, 147.27
1735683873, 181, 12, 39, 0, 0, 0.17%, 7, 0, 8, 148.84
1735683878, 181, 15, 39, 0, 0, 0.17%, 7, 0, 8, 144.90
1735683883, 181, 22, 39, 0, 0, 0.17%, 7, 0, 8, 148.60
1735683894, 182, 11, 39, 0, 0, 0.17%, 7, 0, 8, 137.05
1735683899, 182, 13, 39, 0, 0, 0.17%, 7, 0, 8, 135.20
1735683904, 182, 15, 39, 0, 0, 0.17%, 7, 0, 8, 134.38
1735683909, 182, 26, 39, 0, 0, 0.17%, 7, 0, 8, 140.79
1735683914, 182, 35, 39, 0, 0, 0.17%, 7, 0, 8, 156.00
1735683924, 183, 10, 39, 0, 0, 0.17%, 7, 0, 8, 142.46
1735683929, 183, 12, 39, 0, 0, 0.17%, 7, 0, 8, 142.61
1735683934, 183, 15, 39, 0, 0, 0.17%, 7, 0, 8, 142.57
1735683939, 183, 29, 39, 0, 0, 0.17%, 7, 0, 8, 145.81
1735683949, 184, 11, 39, 0, 0, 0.17%, 7, 0, 8, 143.44
1735683954, 184, 13, 39, 0, 0, 0.17%, 7, 0, 8, 139.05
1735683959, 184, 15, 39, 0, 0, 0.17%, 7, 0, 8, 140.52
1735683965, 184, 24, 39, 0, 0, 0.17%, 7, 0, 8, 149.98
1735683970, 185, 11, 39, 0, 0, 0.17%, 7, 0, 8, 139.80
1735683975, 185, 13, 39, 0, 0, 0.17%, 7, 0, 8, 133.61
1735683980, 185, 15, 39, 0, 0, 0.17%, 7, 0, 8, 140.91
1735683985, 185, 33, 39, 0, 0, 0.17%, 7, 0, 8, 149.26
1735683990, 186, 10, 39, 0, 0, 0.17%, 7, 0, 8, 142.26
1735683995, 186, 12, 39, 0, 0, 0.17%, 7, 0, 8, 145.72
1735684001, 186, 15, 39, 0, 0, 0.17%, 7, 0, 8, 140.13
1735684006, 187, 10, 39, 0, 0, 0.17%, 7, 0, 8, 138.75
1735684011, 187, 13, 39, 0, 0, 0.17%, 7, 0, 8, 148.75
1735684016, 187, 15, 39, 0, 0, 0.17%, 7, 0, 8, 143.51
1735684021, 187, 20, 39, 0, 0, 0.17%, 7, 0, 8, 133.25
1735684026, 188, 6, 39, 0, 0, 0.17%, 7, 0, 8, 137.32
1735684032, 188, 11, 39, 0, 0, 0.17%, 7, 0, 8, 139.77
1735684037, 188, 13, 39, 0, 0, 0.17%, 7, 0, 8, 134.08
1735684042, 188, 15, 39, 0, 0, 0.17%, 7, 0, 8, 134.12
1735684047, 189, 11, 39, 0, 0, 0.17%, 7, 0, 8, 136.93
1735684052, 189, 13, 39, 0, 0, 0.17%, 7, 0, 8, 143.57
1735684057, 189, 15, 39, 0, 0, 0.17%, 7, 0, 8, 142.81
1735684062, 189, 20, 39, 0, 0, 0.17%, 7, 0, 8, 139.50
1735684067, 189, 22, 39, 0, 0, 0.17%, 7, 0, 8, 153.27
1735684072, 189, 25, 39, 0, 0, 0.17%, 7, 0, 8, 145.25
1735684077, 189, 35, 39, 0, 0, 0.17%, 7, 0, 8, 153.59
1735684087, 190, 10, 39, 0, 0, 0.17%, 7, 0, 8, 143.34
1735684093, 190, 12, 39, 0, 0, 0.17%, 7, 0, 8, 143.23
1735684098, 190, 15, 39, 0, 0, 0.17%, 7, 0, 8, 138.21
1735684103, 190, 33, 39, 0, 0, 0.17%, 7, 0, 8, 163.29
1735684108, 190, 35, 39, 0, 0, 0.17%, 7, 0, 8, 147.04
1735684118, 190, 36, 39, 0, 0, 0.17%, 7, 0, 8, 152.24
1735684128, 190, 37, 39, 0, 0, 0.17%, 7, 0, 8, 150.36
1735684138, 191, 10, 39, 0, 0, 0.17%, 7, 0, 8, 145.44
1735684143, 191, 12, 39, 0, 0, 0.17%, 7, 0, 8, 143.33
1735684149, 191, 14, 39, 0, 0, 0.17%, 7, 0, 8, 136.49
1735684154, 191, 15, 39, 0, 0, 0.17%, 7, 0, 8, 138.72
1735684159, 191, 31, 39, 0, 0, 0.17%, 7, 0, 8, 154.99
1735684169, 191, 35, 39, 0, 0, 0.17%, 7, 0, 8, 147.62
1735684179, 192, 11, 39, 0, 0, 0.17%, 7, 0, 8, 136.76
1735684184, 192, 13, 39, 0, 0, 0.17%, 7, 0, 8, 140.18
1735684190, 192, 15, 39, 0, 0, 0.17%, 7, 0, 8, 135.73
1735684195, 193, 10, 39, 0, 0, 0.17%, 7, 0, 8, 143.82
1735684200, 193, 12, 39, 0, 0, 0.17%, 7, 0, 8, 141.52
1735684205, 193, 14, 39, 0, 0, 0.17%, 7, 0, 8, 141.63
1735684210, 193, 15, 39, 0, 0, 0.17%, 7, 0, 8, 137.97
1735684215, 193, 34, 39, 0, 0, 0.17%, 7, 0, 8, 142.89
1735684220, 194, 10, 39, 0, 0, 0.17%, 7, 0, 8, 141.87
1735684225, 194, 12, 39, 0, 0, 0.17%, 7, 0, 8, 143.62
1735684230, 194, 15, 39, 0, 0, 0.17%, 7, 0, 8, 139.44
1735684235, 195, 8, 39, 0, 0, 0.17%, 7, 0, 8, 141.20
1735684241, 195, 11, 39, 0, 0, 0.17%, 7, 0, 8, 140.90
1735684246, 195, 15, 39, 0, 0, 0.17%, 7, 0, 8, 142.83
1735684251, 195, 23, 39, 0, 0, 0.17%, 7, 0, 8, 147.97
1735684256, 195, 37, 39, 0, 0, 0.17%, 7, 0, 8, 164.05
1735684266, 196, 10, 39, 0, 0, 0.17%, 7, 0, 8, 143.42
1735684271, 196, 12, 39, 0, 0, 0.17%, 7, 0, 8, 141.76
1735684276, 196, 14, 39, 0, 0, 0.17%, 7, 0, 8, 140.75
1735684281, 196, 15, 39, 0, 0, 0.17%, 7, 0, 8, 138.62
1735684286, 196, 25, 39, 0, 0, 0.17%, 7, 0, 8, 139.07
1735684292, 196, 29, 39, 0, 0, 0.17%, 7, 0, 8, 149.44
1735684297, 197, 10, 39, 0, 0, 0.17%, 7, 0, 8, 150.74
1735684302, 197, 12, 39, 0, 0, 0.17%, 7, 0, 8, 144.15
1735684307, 197, 15, 39, 0, 0, 0.17%, 7, 0, 8, 137.28
1735684312, 197, 24, 39, 0, 0, 0.17%, 7, 0, 8, 147.27
1735684317, 197, 25, 39, 0, 0, 0.17%, 7, 0, 8, 148.97
1735684322, 197, 27, 39, 0, 0, 0.17%, 7, 0, 8, 158.87
1735684327, 198, 6, 39, 0, 0, 0.17%, 7, 0, 8, 147.22
1735684332, 198, 11, 39, 0, 0, 0.17%, 7, 0, 8, 145.44
1735684337, 198, 13, 39, 0, 0, 0.17%, 7, 0, 8, 141.07
1735684343, 198, 15, 39, 0, 0, 0.17%, 7, 0, 8, 140.70
1735684348, 198, 20, 39, 0, 0, 0.17%, 7, 0, 8, 137.09
1735684353, 198, 30, 39, 0, 0, 0.17%, 7, 0, 8, 146.77
1735684358, 198, 36, 39, 0, 0, 0.17%, 7, 0, 8, 152.02
1735684368, 199, 10, 39, 0, 0, 0.17%, 7, 0, 8, 138.82
1735684373, 199, 12, 39, 0, 0, 0.17%, 7, 0, 8, 144.32
1735684378, 199, 15, 39, 0, 0, 0.17%, 7, 0, 8, 138.28
1735684383, 199, 21, 39, 0, 0, 0.17%, 7, 0, 8, 143.50
1735684394, 200, 10, 39, 0, 0, 0.17%, 7, 0, 8, 138.88
1735684399, 200, 12, 39, 0, 0, 0.17%, 7, 0, 8, 140.99
1735684404, 200, 15, 39, 0, 0, 0.17%, 7, 0, 8, 140.46
1735684409, 200, 19, 39, 0, 0, 0.17%, 7, 0, 8, 151.17
1735684420, 200, 26, 39, 0, 0, 0.17%, 7, 0, 8, 153.12
1735684425, 200, 30, 39, 0, 0, 0.17%, 7, 0, 8, 157.90
1735684430, 200, 36, 39, 0, 0, 0.17%, 7, 0, 8, 158.88
1735684440, 201, 10, 39, 0, 0, 0.17%, 7, 0, 8, 138.61
1735684445, 201, 12, 39, 0, 0, 0.17%, 7, 0, 8, 143.70
1735684450, 201, 15, 39, 0, 0, 0.17%, 7, 0, 8, 135.74
1735684455, 201, 16, 39, 0, 0, 0.17%, 7, 0, 8, 142.76
1735684460, 202, 2, 39, 0, 0, 0.17%, 7, 0, 8, 141.50
1735684466, 202, 11, 39, 0, 0, 0.17%, 7, 0, 8, 142.41
1735684471, 202, 13, 39, 0, 0, 0.17%, 7, 0, 8, 135.05
1735684476, 202, 15, 39, 0, 0, 0.17%, 7, 0, 8, 138.69
1735684481, 202, 28, 39, 0, 0, 0.17%, 7, 0, 8, 152.43
1735684486, 202, 35, 39, 0, 0, 0.17%, 7, 0, 8, 143.85
1735684496, 203, 10, 39, 0, 0, 0.17%, 7, 0, 8, 147.86
1735684502, 203, 12, 39, 0, 0, 0.17%, 7, 0, 8, 145.47
1735684507, 203, 15, 39, 0, 0, 0.17%, 7, 0, 8, 144.22
1735684512, 203, 20, 39, 0, 0, 0.17%, 7, 0, 8, 143.35
1735684522, 204, 11, 39, 0, 0, 0.17%, 7, 0, 8, 141.43
1735684527, 204, 15, 39, 0, 0, 0.17%, 7, 0, 8, 143.30
1735684532, 204, 32, 39, 0, 0, 0.17%, 7, 0, 8, 130.15
1735684543, 204, 34, 39, 0, 0, 0.17%, 7, 0, 8, 142.08
1735684548, 205, 10, 39, 0, 0, 0.17%, 7, 0, 8, 136.04
1735684553, 205, 12, 39, 0, 0, 0.17%, 7, 0, 8, 136.54
1735684558, 205, 15, 39, 0, 0, 0.17%, 7, 0, 8, 141.01
1735684563, 206, 9, 39, 0, 0, 0.17%, 7, 0, 8, 141.03
1735684568, 206, 11, 39, 0, 0, 0.17%, 7, 0, 8, 134.23
1735684573, 206, 13, 39, 0, 0, 0.17%, 7, 0, 8, 140.06
1735684578, 206, 15, 39, 0, 0, 0.17%, 7, 0, 8, 143.89
1735684583, 206, 26, 39, 0, 0, 0.17%, 7, 0, 8, 141.76
1735684589, 207, 10, 39, 0, 0, 0.17%, 7, 0, 8, 140.46
1735684594, 207, 12, 39, 0, 0, 0.17%, 7, 0, 8, 136.43
1735684599, 207, 15, 39, 0, 0, 0.17%, 7, 0, 8, 138.87
1735684604, 208, 10, 39, 0, 0, 0.17%, 7, 0, 8, 148.35
1735684609, 208, 12, 39, 0, 0, 0.17%, 7, 0, 8, 143.87
1735684614, 208, 15, 39, 0, 0, 0.17%, 7, 0, 8, 138.41
1735684619, 209, 10, 39, 0, 0, 0.17%, 7, 0, 8, 141.38
1735684624, 209, 12, 39, 0, 0, 0.17%, 7, 0, 8, 138.35
1735684629, 209, 14, 39, 0, 0, 0.17%, 7, 0, 8, 137.70
1735684634, 209, 15, 39, 0, 0, 0.17%, 7, 0, 8, 133.45
1735684639, 209, 16, 39, 0, 0, 0.17%, 7, 0, 8, 143.35
1735684644, 210, 2, 39, 0, 0, 0.17%, 7, 0, 8, 136.12
1735684650, 210, 11, 39, 0, 0, 0.17%, 7, 0, 8, 144.42
1735684655, 210, 13, 39, 0, 0, 0.17%, 7, 0, 8, 141.84
1735684660, 210, 15, 39, 0, 0, 0.17%, 7, 0, 8, 135.92
1735684665, 210, 35, 39, 0, 0, 0.17%, 7, 0, 8, 156.05
1735684675, 211, 10, 39, 0, 0, 0.17%, 7, 0, 8, 144.99
1735684680, 211, 12, 39, 0, 0, 0.17%, 7, 0, 8, 137.57
1735684685, 211, 13, 39, 0, 0, 0.17%, 7, 0, 8, 139.01
1735684691, 211, 15, 39, 0, 0, 0.17%, 7, 0, 8, 139.30
1735684696, 212, 11, 39, 0, 0, 0.17%, 7, 0, 8, 143.57
1735684701, 212, 13, 39, 0, 0, 0.17%, 7, 0, 8, 143.74
1735684706, 212, 15, 39, 0, 0, 0.17%, 7, 0, 8, 139.28
1735684711, 213, 11, 39, 0, 0, 0.17%, 7, 0, 8, 137.95
1735684716, 213, 13, 39, 0, 0, 0.17%, 7, 0, 8, 138.73
1735684721, 213, 15, 39, 0, 0, 0.17%, 7, 0, 8, 141.65
1735684726, 213, 18, 39, 0, 0, 0.17%, 7, 0, 8, 150.13
1735684731, 213, 19, 39, 0, 0, 0.17%, 7, 0, 8, 150.64
1735684737, 213, 24, 39, 0, 0, 0.17%, 7, 0, 8, 158.07
1735684742, 214, 7, 39, 0, 0, 0.17%, 7, 0, 8, 146.03
1735684747, 214, 11, 39, 0, 0, 0.17%, 7, 0, 8, 143.34
1735684752, 214, 13, 39, 0, 0, 0.17%, 7, 0, 8, 143.66
1735684757, 214, 15, 39, 0, 0, 0.17%, 7, 0, 8, 146.95
1735684762, 214, 18, 39, 0, 0, 0.17%, 7, 0, 8, 156.23
1735684767, 214, 25, 39, 0, 0, 0.17%, 7, 0, 8, 143.81
1735684773, 215, 10, 39, 0, 0, 0.17%, 7, 0, 8, 141.47
1735684778, 215, 12, 39, 0, 0, 0.17%, 7, 0, 8, 147.82
1735684783, 215, 15, 39, 0, 0, 0.17%, 7, 0, 8, 145.72
1735684788, 215, 35, 39, 0, 0, 0.17%, 7, 0, 8, 150.78
1735684798, 216, 5, 39, 0, 0, 0.17%, 7, 0, 8, 146.59
1735684803, 216, 11, 39, 0, 0, 0.17%, 7, 0, 8, 144.99
1735684808, 216, 13, 39, 0, 0, 0.17%, 7, 0, 8, 137.74
1735684814, 216, 14, 39, 0, 0, 0.17%, 7, 0, 8, 139.44
1735684819, 216, 15, 39, 0, 0, 0.17%, 7, 0, 8, 145.73
1735684824, 216, 34, 39, 0, 0, 0.17%, 7, 0, 8, 145.90
1735684829, 217, 11, 39, 0, 0, 0.17%, 7, 0, 8, 135.40
1735684834, 217, 13, 39, 0, 0, 0.17%, 7, 0, 8, 141.04
1735684839, 217, 15, 39, 0, 0, 0.17%, 7, 0, 8, 136.16
1735684844, 218, 12, 39, 0, 0, 0.17%, 7, 0, 8, 144.35
1735684849, 218, 15, 39, 0, 0, 0.17%, 7, 0, 8, 136.78
1735684859, 218, 17, 39, 0, 0, 0.17%, 7, 0, 8, 139.28
1735684864, 218, 19, 39, 0, 0, 0.17%, 7, 0, 8, 150.15
1735684869, 219, 10, 39, 0, 0, 0.17%, 7, 0, 8, 137.81
1735684874, 219, 12, 39, 0, 0, 0.17%, 7, 0, 8, 135.51
1735684879, 219, 15, 39, 0, 0, 0.17%, 7, 0, 8, 139.40
1735684884, 219, 29, 39, 0, 0, 0.17%, 7, 0, 8, 140.68
1735684889, 220, 8, 39, 0, 0, 0.17%, 7, 0, 8, 131.59
1735684895, 220, 11, 39, 0, 0, 0.17%, 7, 0, 8, 144.01
1735684900, 220, 13, 39, 0, 0, 0.17%, 7, 0, 8, 139.40
1735684905, 220, 15, 39, 0, 0, 0.17%, 7, 0, 8, 141.20
1735684910, 220, 24, 39, 0, 0, 0.17%, 7, 0, 8, 141.83
1735684915, 220, 38, 39, 0, 0, 0.17%, 7, 0, 8, 150.37
1735684920, 221, 11, 39, 0, 0, 0.17%, 7, 0, 8, 142.65
1735684925, 221, 13, 39, 0, 0, 0.17%, 7, 0, 8, 142.05
1735684931, 221, 15, 39, 0, 0, 0.17%, 7, 0, 8, 139.53
1735684936, 221, 31, 39, 0, 0, 0.17%, 7, 0, 8, 150.87
1735684941, 222, 7, 39, 0, 0, 0.17%, 7, 0, 8, 146.71
1735684946, 222, 10, 39, 0, 0, 0.17%, 7, 0, 8, 142.51
1735684951, 222, 12, 39, 0, 0, 0.17%, 7, 0, 8, 140.99
1735684956, 222, 15, 39, 0, 0, 0.17%, 7, 0, 8, 140.41
1735684961, 222, 16, 39, 0, 0, 0.17%, 7, 0, 8, 146.34
1735684966, 222, 32, 39, 0, 0, 0.17%, 7, 0, 8, 142.99
1735684971, 223, 10, 39, 0, 0, 0.17%, 7, 0, 8, 134.81
1735684976, 223, 12, 39, 0, 0, 0.17%, 7, 0, 8, 136.03
1735684981, 223, 15, 39, 0, 0, 0.17%, 7, 0, 8, 140.13
1735684986, 224, 10, 39, 0, 0, 0.17%, 7, 0, 8, 137.17
1735684992, 224, 12, 39, 0, 0, 0.17%, 7, 0, 8, 137.62
1735684997, 224, 15, 39, 0, 0, 0.17%, 7, 0, 8, 139.01
1735685002, 224, 35, 39, 0, 0, 0.17%, 7, 0, 8, 144.14
1735685012, 225, 10, 39, 0, 0, 0.17%, 7, 0, 8, 137.27
1735685017, 225, 11, 39, 0, 0, 0.17%, 7, 0, 8, 138.80
1735685022, 225, 13, 39, 0, 0, 0.17%, 7, 0, 8, 140.14
1735685027, 225, 35, 39, 0, 0, 0.17%, 7, 0, 8, 146.79
1735685037, 226, 3, 39, 0, 0, 0.17%, 7, 0, 8, 152.45
1735685042, 226, 10, 39, 0, 0, 0.17%, 7, 0, 8, 142.67
1735685047, 226, 13, 39, 0, 0, 0.17%, 7, 0, 8, 142.36
1735685052, 226, 15, 39, 0, 0, 0.17%, 7, 0, 8, 137.78
1735685058, 226, 25, 39, 0, 0, 0.17%, 7, 0, 8, 146.85
1735685063, 227, 10, 39, 0, 0, 0.17%, 7, 0, 8, 141.67
1735685068, 227, 12, 39, 0, 0, 0.17%, 7, 0, 8, 136.18
1735685073, 227, 15, 39, 0, 0, 0.17%, 7, 0, 8, 134.90
1735685078, 228, 1, 39, 0, 0, 0.17%, 7, 0, 8, 137.68
1735685083, 228, 7, 39, 0, 0, 0.17%, 7, 0, 8, 150.94
1735685088, 228, 11, 39, 0, 0, 0.17%, 7, 0, 8, 141.63
1735685093, 228, 13, 39, 0, 0, 0.17%, 7, 0, 8, 139.66
1735685099, 228, 14, 39, 0, 0, 0.17%, 7, 0, 8, 145.76
1735685104, 228, 15, 39, 0, 0, 0.17%, 7, 0, 8, 145.89
1735685109, 228, 16, 39, 0, 0, 0.17%, 7, 0, 8, 139.17
1735685114, 229, 11, 39, 0, 0, 0.17%, 7, 0, 8, 146.11
1735685119, 229, 13, 39, 0, 0, 0.17%, 7, 0, 8, 136.10
1735685124, 229, 14, 39, 0, 0, 0.17%, 7, 0, 8, 137.81
1735685129, 229, 15, 39, 0, 0, 0.17%, 7, 0, 8, 140.26
1735685135, 229, 36, 39, 0, 0, 0.17%, 7, 0, 8, 147.03
1735685145, 230, 11, 39, 0, 0, 0.17%, 7, 0, 8, 139.01
1735685150, 230, 13, 39, 0, 0, 0.17%, 7, 0, 8, 142.42
1735685155, 230, 15, 39, 0, 0, 0.17%, 7, 0, 8, 143.45
1735685160, 231, 11, 39, 0, 0, 0.17%, 7, 0, 8, 142.72
1735685165, 231, 13, 39, 0, 0, 0.17%, 7, 0, 8, 147.99
1735685170, 231, 15, 39, 0, 0, 0.17%, 7, 0, 8, 141.03
1735685176, 231, 20, 39, 0, 0, 0.17%, 7, 0, 8, 130.72
1735685181, 232, 10, 39, 0, 0, 0.17%, 7, 0, 8, 135.57
1735685186, 232, 12, 39, 0, 0, 0.17%, 7, 0, 8, 144.37
1735685191, 232, 15, 39, 0, 0, 0.17%, 7, 0, 8, 144.36
1735685196, 232, 32, 39, 0, 0, 0.17%, 7, 0, 8, 145.56
1735685201, 233, 8, 39, 0, 0, 0.17%, 7, 0, 8, 139.81
1735685206, 233, 11, 39, 0, 0, 0.17%, 7, 0, 8, 142.45
1735685211, 233, 13, 39, 0, 0, 0.17%, 7, 0, 8, 138.61
1735685216, 233, 15, 39, 0, 0, 0.17%, 7, 0, 8, 136.73
1735685221, 234, 10, 39, 0, 0, 0.17%, 7, 0, 8, 141.79
1735685227, 234, 12, 39, 0, 0, 0.17%, 7, 0, 8, 133.63
1735685232, 234, 15, 39, 0, 0, 0.17%, 7, 0, 8, 137.68
1735685237, 234, 24, 39, 0, 0, 0.17%, 7, 0, 8, 144.86
1735685242, 234, 27, 39, 0, 0, 0.17%, 7, 0, 8, 154.57
1735685247, 235, 10, 39, 0, 0, 0.17%, 7, 0, 8, 152.86
1735685252, 235, 12, 39, 0, 0, 0.17%, 7, 0, 8, 141.36
1735685257, 235, 15, 39, 0, 0, 0.17%, 7, 0, 8, 139.61
1735685263, 235, 21, 39, 0, 0, 0.17%, 7, 0, 8, 150.99
1735685268, 236, 10, 39, 0, 0, 0.17%, 7, 0, 8, 146.57
1735685273, 236, 12, 39, 0, 0, 0.17%, 7, 0, 8, 137.13
1735685278, 236, 15, 39, 0, 0, 0.17%, 7, 0, 8, 141.31
1735685283, 237, 10, 39, 0, 0, 0.17%, 7, 0, 8, 135.61
1735685288, 237, 12, 39, 0, 0, 0.17%, 7, 0, 8, 138.02
1735685293, 237, 15, 39, 0, 0, 0.17%, 7, 0, 8, 142.26
1735685298, 238, 10, 39, 0, 0, 0.17%, 7, 0, 8, 138.08
1735685303, 238, 12, 39, 0, 0, 0.17%, 7, 0, 8, 141.32
1735685309, 238, 15, 39, 0, 0, 0.17%, 7, 0, 8, 144.43
1735685314, 239, 3, 39, 0, 0, 0.17%, 7, 0, 8, 139.85
1735685319, 239, 11, 39, 0, 0, 0.17%, 7, 0, 8, 141.15
1735685324, 239, 13, 39, 0, 0, 0.17%, 7, 0, 8, 144.09
1735685329, 239, 15, 39, 0, 0, 0.17%, 7, 0, 8, 138.33
1735685334, 240, 10, 39, 0, 0, 0.17%, 7, 0, 8, 139.09
1735685339, 240, 12, 39, 0, 0, 0.17%, 7, 0, 8, 140.10
1735685344, 240, 15, 39, 0, 0, 0.17%, 7, 0, 8, 135.59
1735685349, 240, 35, 39, 0, 0, 0.17%, 7, 0, 8, 149.21
1735685360, 241, 10, 39, 0, 0, 0.17%, 7, 0, 8, 142.76
1735685365, 241, 12, 39, 0, 0, 0.17%, 7, 0, 8, 139.02
1735685370, 241, 15, 39, 0, 0, 0.17%, 7, 0, 8, 131.43
1735685375, 241, 25, 39, 0, 0, 0.17%, 7, 0, 8, 139.67
1735685380, 241, 28, 39, 0, 0, 0.17%, 7, 0, 8, 146.73
1735685390, 242, 11, 39, 0, 0, 0.17%, 7, 0, 8, 136.73
1735685395, 242, 13, 39, 0, 0, 0.17%, 7, 0, 8, 134.87
1735685401, 242, 15, 39, 0, 0, 0.17%, 7, 0, 8, 141.74
1735685406, 243, 10, 39, 0, 0, 0.17%, 7, 0, 8, 140.77
1735685411, 243, 12, 39, 0, 0, 0.17%, 7, 0, 8, 140.49
1735685416, 243, 15, 39, 0, 0, 0.17%, 7, 0, 8, 139.32
1735685421, 244, 10, 39, 0, 0, 0.17%, 7, 0, 8, 146.08
1735685426, 244, 12, 39, 0, 0, 0.17%, 7, 0, 8, 143.91
1735685431, 244, 15, 39, 0, 0, 0.17%, 7, 0, 8, 142.21
1735685436, 244, 26, 39, 0, 0, 0.17%, 7, 0, 8, 149.21
1735685441, 245, 6, 39, 0, 0, 0.17%, 7, 0, 8, 154.16
1735685446, 245, 11, 39, 0, 0, 0.17%, 7, 0, 8, 143.95
1735685452, 245, 13, 39, 0, 0, 0.17%, 7, 0, 8, 138.58
1735685457, 245, 15, 39, 0, 0, 0.17%, 7, 0, 8, 141.31
1735685462, 245, 26, 39, 0, 0, 0.17%, 7, 0, 8, 147.86
1735685467, 246, 10, 39, 0, 0, 0.17%, 7, 0, 8, 138.09
1735685472, 246, 12, 39, 0, 0, 0.17%, 7, 0, 8, 144.17
1735685478, 246, 15, 39, 0, 0, 0.17%, 7, 0, 8, 139.41
1735685483, 246, 26, 39, 0, 0, 0.17%, 7, 0, 8, 148.70
1735685488, 247, 11, 39, 0, 0, 0.17%, 7, 0, 8, 147.93
1735685493, 247, 13, 39, 0, 0, 0.17%, 7, 0, 8, 145.45
1735685498, 247, 15, 39, 0, 0, 0.17%, 7, 0, 8, 139.87
1735685503, 247, 26, 39, 0, 0, 0.17%, 7, 0, 8, 155.02
1735685508, 248, 11, 39, 0, 0, 0.17%, 7, 0, 8, 145.48
1735685513, 248, 13, 39, 0, 0, 0.17%, 7, 0, 8, 142.18
1735685519, 248, 21, 39, 0, 0, 0.17%, 7, 0, 8, 144.89
1735685529, 249, 11, 39, 0, 0, 0.17%, 7, 0, 8, 143.45
1735685534, 249, 13, 39, 0, 0, 0.17%, 7, 0, 8, 146.77
1735685539, 249, 15, 39, 0, 0, 0.17%, 7, 0, 8, 138.30
1735685544, 250, 11, 39, 0, 0, 0.17%, 7, 0, 8, 137.57
1735685549, 250, 13, 39, 0, 0, 0.17%, 7, 0, 8, 140.66
1735685554, 250, 15, 39, 0, 0, 0.17%, 7, 0, 8, 148.91
1735685560, 251, 11, 39, 0, 0, 0.17%, 7, 0, 8, 145.76
1735685565, 251, 13, 39, 0, 0, 0.17%, 7, 0, 8, 138.46
1735685570, 251, 14, 39, 0, 0, 0.17%, 7, 0, 8, 142.72
1735685575, 251, 15, 39, 0, 0, 0.17%, 7, 0, 8, 152.71
1735685580, 252, 12, 39, 0, 0, 0.17%, 7, 0, 8, 143.51
1735685585, 252, 15, 39, 0, 0, 0.17%, 7, 0, 8, 141.22
1735685591, 252, 32, 39, 0, 0, 0.17%, 7, 0, 8, 143.64
1735685601, 253, 11, 39, 0, 0, 0.17%, 7, 0, 8, 138.64
1735685606, 253, 13, 39, 0, 0, 0.17%, 7, 0, 8, 140.24
1735685611, 253, 15, 39, 0, 0, 0.17%, 7, 0, 8, 139.26
1735685617, 253, 37, 39, 0, 0, 0.17%, 7, 0, 8, 153.72
1735685622, 253, 38, 39, 0, 0, 0.17%, 7, 0, 8, 162.96
1735685627, 254, 11, 39, 0, 0, 0.17%, 7, 0, 8, 146.79
1735685632, 254, 13, 39, 0, 0, 0.17%, 7, 0, 8, 140.55
1735685637, 254, 15, 39, 0, 0, 0.17%, 7, 0, 8, 144.60
1735685642, 254, 28, 39, 0, 0, 0.17%, 7, 0, 8, 156.93
1735685647, 255, 10, 39, 0, 0, 0.17%, 7, 0, 8, 146.54
1735685652, 255, 12, 39, 0, 0, 0.17%, 7, 0, 8, 142.78
1735685657, 255, 15, 39, 0, 0, 0.17%, 7, 0, 8, 140.35
1735685662, 255, 27, 39, 0, 0, 0.17%, 7, 0, 8, 155.74
1735685667, 255, 31, 39, 0, 0, 0.17%, 7, 0, 8, 159.47
1735685673, 256, 10, 39, 0, 0, 0.17%, 7, 0, 8, 144.81
1735685678, 256, 12, 39, 0, 0, 0.17%, 7, 0, 8, 143.13
1735685683, 256, 15, 39, 0, 0, 0.17%, 7, 0, 8, 135.69
1735685688, 256, 18, 39, 0, 0, 0.17%, 7, 0, 8, 143.51
1735685693, 256, 20, 39, 0, 0, 0.17%, 7, 0, 8, 140.04
1735685698, 257, 1, 39, 0, 0, 0.17%, 7, 0, 8, 135.97
1735685703, 257, 11, 39, 0, 0, 0.17%, 7, 0, 8, 132.50
1735685708, 257, 13, 39, 0, 0, 0.17%, 7, 0, 8, 136.00
1735685714, 257, 15, 39, 0, 0, 0.17%, 7, 0, 8, 144.94
1735685719, 258, 10, 39, 0, 0, 0.17%, 7, 0, 8, 142.40
1735685724, 258, 12, 39, 0, 0, 0.17%, 7, 0, 8, 143.95
1735685729, 258, 15, 39, 0, 0, 0.17%, 7, 0, 8, 136.89
1735685734, 258, 33, 39, 0, 0, 0.17%, 7, 0, 8, 159.23
1735685739, 259, 10, 39, 0, 0, 0.17%, 7, 0, 8, 135.36
1735685744, 259, 12, 39, 0, 0, 0.17%, 7, 0, 8, 142.24
1735685749, 259, 15, 39, 0, 0, 0.17%, 7, 0, 8, 137.81
1735685754, 259, 32, 39, 0, 0, 0.17%, 7, 0, 8, 141.84
1735685764, 259, 38, 39, 0, 0, 0.17%, 7, 0, 8, 150.68
1735685769, 260, 12, 39, 0, 0, 0.17%, 7, 0, 8, 146.73
1735685774, 260, 13, 39, 0, 0, 0.17%, 7, 0, 8, 141.62
1735685780, 260, 15, 39, 0, 0, 0.17%, 7, 0, 8, 139.21
1735685785, 261, 11, 39, 0, 0, 0.17%, 7, 0, 8, 139.83
1735685790, 261, 13, 39, 0, 0, 0.17%, 7, 0, 8, 140.87
1735685795, 261, 15, 39, 0, 0, 0.17%, 7, 0, 8, 140.48
1735685800, 262, 10, 39, 0, 0, 0.17%, 7, 0, 8, 147.87
1735685805, 262, 12, 39, 0, 0, 0.17%, 7, 0, 8, 142.61
1735685810, 262, 15, 39, 0, 0, 0.17%, 7, 0, 8, 144.37
1735685815, 262, 31, 39, 0, 0, 0.17%, 7, 0, 8, 145.57
1735685826, 262, 32, 39, 0, 0, 0.17%, 7, 0, 8, 143.05
1735685831, 263, 10, 39, 0, 0, 0.17%, 7, 0, 8, 140.76
1735685836, 263, 12, 39, 0, 0, 0.17%, 7, 0, 8, 143.30
1735685841, 263, 15, 39, 0, 0, 0.17%, 7, 0, 8, 136.21
1735685846, 263, 24, 39, 0, 0, 0.17%, 7, 0, 8, 148.21
1735685851, 264, 10, 39, 0, 0, 0.17%, 7, 0, 8, 140.16
1735685856, 264, 12, 39, 0, 0, 0.17%, 7, 0, 8, 140.55
1735685862, 264, 15, 39, 0, 0, 0.17%, 7, 0, 8, 138.85
1735685867, 265, 10, 39, 0, 0, 0.17%, 7, 0, 8, 143.30
1735685872, 265, 12, 39, 0, 0, 0.17%, 7, 0, 8, 142.04
1735685877, 265, 15, 39, 0, 0, 0.17%, 7, 0, 8, 135.50
1735685882, 265, 16, 39, 0, 0, 0.17%, 7, 0, 8, 142.95
1735685887, 265, 21, 39, 0, 0, 0.17%, 7, 0, 8, 145.27
1735685897, 265, 31, 39, 0, 0, 0.17%, 7, 0, 8, 149.13
1735685903, 265, 33, 39, 0, 0, 0.17%, 7, 0, 8, 152.37
1735685913, 265, 34, 39, 0, 0, 0.17%, 7, 0, 8, 144.30
1735685918, 265, 37, 39, 0, 0, 0.17%, 7, 0, 8, 153.84
1735685923, 266, 11, 39, 0, 0, 0.17%, 7, 0, 8, 143.95
1735685929, 266, 13, 39, 0, 0, 0.17%, 7, 0, 8, 140.72
1735685934, 266, 15, 39, 0, 0, 0.17%, 7, 0, 8, 140.39
1735685939, 267, 11, 39, 0, 0, 0.17%, 7, 0, 8, 140.64
1735685944, 267, 13, 39, 0, 0, 0.17%, 7, 0, 8, 139.47
1735685949, 267, 15, 39, 0, 0, 0.17%, 7, 0, 8, 135.59
1735685954, 268, 11, 39, 0, 0, 0.17%, 7, 0, 8, 137.01
1735685960, 268, 13, 39, 0, 0, 0.17%, 7, 0, 8, 139.80
1735685965, 268, 15, 39, 0, 0, 0.17%, 7, 0, 8, 142.69
1735685970, 268, 30, 39, 0, 0, 0.17%, 7, 0, 8, 154.88
1735685975, 268, 34, 39, 0, 0, 0.17%, 7, 0, 8, 144.51
1735685980, 268, 37, 39, 0, 0, 0.17%, 7, 0, 8, 163.84
1735685990, 269, 11, 39, 0, 0, 0.17%, 7, 0, 8, 141.16
1735685995, 269, 13, 39, 0, 0, 0.17%, 7, 0, 8, 144.49
1735686000, 269, 15, 39, 0, 0, 0.17%, 7, 0, 8, 140.84
1735686005, 269, 17, 39, 0, 0, 0.17%, 7, 0, 8, 146.72
1735686011, 269, 18, 39, 0, 0, 0.17%, 7, 0, 8, 144.88
1735686016, 269, 23, 39, 0, 0, 0.17%, 7, 0, 8, 144.33
1735686021, 270, 11, 39, 0, 0, 0.17%, 7, 0, 8, 142.69
1735686026, 270, 15, 39, 0, 0, 0.17%, 7, 0, 8, 144.14
1735686031, 270, 18, 39, 0, 0, 0.17%, 7, 0, 8, 145.72
1735686036, 270, 23, 39, 0, 0, 0.17%, 7, 0, 8, 144.08
1735686042, 270, 34, 39, 0, 0, 0.17%, 7, 0, 8, 140.02
1735686047, 271, 10, 39, 0, 0, 0.17%, 7, 0, 8, 150.67
1735686052, 271, 12, 39, 0, 0, 0.17%, 7, 0, 8, 133.30
1735686057, 271, 15, 39, 0, 0, 0.17%, 7, 0, 8, 140.07
1735686062, 272, 6, 39, 0, 0, 0.17%, 7, 0, 8, 143.45
1735686067, 272, 11, 39, 0, 0, 0.17%, 7, 0, 8, 134.07
1735686072, 272, 13, 39, 0, 0, 0.17%, 7, 0, 8, 141.02
1735686077, 272, 15, 39, 0, 0, 0.17%, 7, 0, 8, 134.47
1735686083, 272, 19, 39, 0, 0, 0.17%, 7, 0, 8, 151.44
1735686088, 272, 32, 39, 0, 0, 0.17%, 7, 0, 8, 143.42
1735686098, 273, 11, 39, 0, 0, 0.17%, 7, 0, 8, 148.41
1735686103, 273, 13, 39, 0, 0, 0.17%, 7, 0, 8, 139.98
1735686108, 273, 19, 39, 0, 0, 0.17%, 7, 0, 8, 141.08
1735686118, 274, 10, 39, 0, 0, 0.17%, 7, 0, 8, 136.86
1735686123, 274, 12, 39, 0, 0, 0.17%, 7, 0, 8, 137.32
1735686128, 274, 15, 39, 0, 0, 0.17%, 7, 0, 8, 140.15
1735686133, 274, 28, 39, 0, 0, 0.17%, 7, 0, 8, 153.16
1735686144, 275, 11, 39, 0, 0, 0.17%, 7, 0, 8, 141.66
1735686149, 275, 13, 39, 0, 0, 0.17%, 7, 0, 8, 134.91
1735686154, 275, 15, 39, 0, 0, 0.17%, 7, 0, 8, 140.60
1735686159, 275, 17, 39, 0, 0, 0.17%, 7, 0, 8, 139.18
1735686164, 276, 10, 39, 0, 0, 0.17%, 7, 0, 8, 146.67
1735686169, 276, 12, 39, 0, 0, 0.17%, 7, 0, 8, 135.63
1735686174, 276, 15, 39, 0, 0, 0.17%, 7, 0, 8, 132.59
1735686179, 276, 18, 39, 0, 0, 0.17%, 7, 0, 8, 145.51
1735686185, 277, 10, 39, 0, 0, 0.17%, 7, 0, 8, 140.35
1735686190, 277, 12, 39, 0, 0, 0.17%, 7, 0, 8, 135.83
1735686195, 277, 15, 39, 0, 0, 0.17%, 7, 0, 8, 134.35
1735686200, 277, 35, 39, 0, 0, 0.17%, 7, 0, 8, 151.89
1735686210, 278, 3, 39, 0, 0, 0.17%, 7, 0, 8, 142.30
1735686215, 278, 12, 39, 0, 0, 0.17%, 7, 0, 8, 144.14
1735686220, 278, 15, 39, 0, 0, 0.17%, 7, 0, 8, 139.72
1735686226, 278, 17, 39, 0, 0, 0.17%, 7, 0, 8, 138.46
1735686236, 278, 19, 39, 0, 0, 0.17%, 7, 0, 8, 140.34
1735686241, 278, 29, 39, 0, 0, 0.17%, 7, 0, 8, 147.60
1735686246, 278, 30, 39, 0, 0, 0.17%, 7, 0, 8, 146.97
1735686256, 278, 33, 39, 0, 0, 0.17%, 7, 0, 8, 155.05
1735686261, 278, 38, 39, 0, 0, 0.17%, 7, 0, 8, 155.37
1735686266, 279, 10, 39, 0, 0, 0.17%, 7, 0, 8, 140.40
1735686272, 279, 12, 39, 0, 0, 0.17%, 7, 0, 8, 141.23
1735686277, 279, 15, 39, 0, 0, 0.17%, 7, 0, 8, 134.63
1735686282, 279, 26, 39, 0, 0, 0.17%, 7, 0, 8, 147.71
1735686287, 280, 11, 39, 0, 0, 0.17%, 7, 0, 8, 143.60
1735686292, 280, 13, 39, 0, 0, 0.17%, 7, 0, 8, 140.62
1735686297, 280, 15, 39, 0, 0, 0.17%, 7, 0, 8, 143.96
1735686302, 280, 30, 39, 0, 0, 0.17%, 7, 0, 8, 152.75
1735686308, 281, 10, 39, 0, 0, 0.17%, 7, 0, 8, 147.56
1735686313, 281, 12, 39, 0, 0, 0.17%, 7, 0, 8, 146.53
1735686318, 281, 15, 39, 0, 0, 0.17%, 7, 0, 8, 135.44
1735686323, 281, 17, 39, 0, 0, 0.17%, 7, 0, 8, 138.83
1735686328, 281, 20, 39, 0, 0, 0.17%, 7, 0, 8, 131.32
1735686333, 282, 10, 39, 0, 0, 0.17%, 7, 0, 8, 134.20
1735686339, 282, 12, 39, 0, 0, 0.17%, 7, 0, 8, 139.78
1735686344, 282, 15, 39, 0, 0, 0.17%, 7, 0, 8, 137.54
1735686349, 283, 9, 39, 0, 0, 0.17%, 7, 0, 8, 141.59
1735686354, 283, 11, 39, 0, 0, 0.17%, 7, 0, 8, 131.02
1735686359, 283, 13, 39, 0, 0, 0.17%, 7, 0, 8, 137.33
1735686364, 283, 15, 39, 0, 0, 0.17%, 7, 0, 8, 135.85
1735686369, 283, 20, 39, 0, 0, 0.17%, 7, 0, 8, 135.43
1735686374, 284, 11, 39, 0, 0, 0.17%, 7, 0, 8, 139.29
1735686379, 284, 13, 39, 0, 0, 0.17%, 7, 0, 8, 140.36
1735686385, 284, 15, 39, 0, 0, 0.17%, 7, 0, 8, 135.02
1735686390, 284, 20, 39, 0, 0, 0.17%, 7, 0, 8, 131.44
1735686395, 285, 11, 39, 0, 0, 0.17%, 7, 0, 8, 137.09
1735686400, 285, 13, 39, 0, 0, 0.17%, 7, 0, 8, 138.97
1735686405, 285, 15, 39, 0, 0, 0.17%, 7, 0, 8, 135.07
1735686410, 285, 26, 39, 0, 0, 0.17%, 7, 0, 8, 143.42
1735686415, 285, 31, 39, 0, 0, 0.17%, 7, 0, 8, 145.76
1735686421, 286, 10, 39, 0, 0, 0.17%, 7, 0, 8, 127.28
1735686426, 286, 12, 39, 0, 0, 0.17%, 7, 0, 8, 135.18
1735686431, 286, 15, 39, 0, 0, 0.17%, 7, 0, 8, 137.47
1735686436, 287, 10, 39, 0, 0, 0.17%, 7, 0, 8, 135.19
1735686441, 287, 12, 39, 0, 0, 0.17%, 7, 0, 8, 138.28
1735686446, 287, 15, 39, 0, 0, 0.17%, 7, 0, 8, 135.08
1735686452, 287, 20, 39, 0, 0, 0.17%, 7, 0, 8, 136.90
1735686457, 288, 10, 39, 0, 0, 0.17%, 7, 0, 8, 136.60
1735686462, 288, 12, 39, 0, 0, 0.17%, 7, 0, 8, 140.62
1735686467, 288, 15, 39, 0, 0, 0.17%, 7, 0, 8, 137.63
1735686472, 288, 37, 39, 0, 0, 0.17%, 7, 0, 8, 142.67
1735686482, 289, 11, 39, 0, 0, 0.17%, 7, 0, 8, 144.32
1735686488, 289, 13, 39, 0, 0, 0.17%, 7, 0, 8, 142.95
1735686493, 289, 15, 39, 0, 0, 0.17%, 7, 0, 8, 139.66
1735686498, 289, 16, 39, 0, 0, 0.17%, 7, 0, 8, 141.70
1735686503, 289, 31, 39, 0, 0, 0.17%, 7, 0, 8, 143.35
1735686508, 290, 10, 39, 0, 0, 0.17%, 7, 0, 8, 145.71
1735686513, 290, 12, 39, 0, 0, 0.17%, 7, 0, 8, 141.54
1735686519, 290, 15, 39, 0, 0, 0.17%, 7, 0, 8, 140.02
1735686524, 290, 20, 39, 0, 0, 0.17%, 7, 0, 8, 136.48
1735686529, 290, 38, 39, 0, 0, 0.17%, 7, 0, 8, 139.83
1735686534, 291, 2, 39, 0, 0, 0.17%, 7, 0, 8, 151.30
1735686539, 291, 11, 39, 0, 0, 0.17%, 7, 0, 8, 141.58
1735686544, 291, 13, 39, 0, 0, 0.17%, 7, 0, 8, 139.79
1735686550, 291, 15, 39, 0, 0, 0.17%, 7, 0, 8, 147.47
1735686555, 291, 16, 39, 0, 0, 0.17%, 7, 0, 8, 149.44
1735686560, 291, 35, 39, 0, 0, 0.17%, 7, 0, 8, 153.16
1735686570, 292, 11, 39, 0, 0, 0.17%, 7, 0, 8, 140.77
1735686575, 292, 13, 39, 0, 0, 0.17%, 7, 0, 8, 140.32
1735686580, 292, 15, 39, 0, 0, 0.17%, 7, 0, 8, 140.59
1735686585, 292, 22, 39, 0, 0, 0.17%, 7, 0, 8, 148.86
1735686591, 292, 34, 39, 0, 0, 0.17%, 7, 0, 8, 142.30
1735686596, 293, 10, 39, 0, 0, 0.17%, 7, 0, 8, 141.40
1735686601, 293, 12, 39, 0, 0, 0.17%, 7, 0, 8, 139.02
1735686606, 293, 15, 39, 0, 0, 0.17%, 7, 0, 8, 141.63
1735686611, 294, 3, 39, 0, 0, 0.17%, 7, 0, 8, 135.96
1735686616, 294, 10, 39, 0, 0, 0.17%, 7, 0, 8, 137.12
1735686621, 294, 12, 39, 0, 0, 0.17%, 7, 0, 8, 144.45
1735686626, 294, 14, 39, 0, 0, 0.17%, 7, 0, 8, 145.79
1735686632, 294, 15, 39, 0, 0, 0.17%, 7, 0, 8, 147.49
1735686637, 294, 25, 39, 0, 0, 0.17%, 7, 0, 8, 139.68
1735686642, 295, 10, 39, 0, 0, 0.17%, 7, 0, 8, 143.94
1735686647, 295, 12, 39, 0, 0, 0.17%, 7, 0, 8, 142.39
1735686652, 295, 14, 39, 0, 0, 0.17%, 7, 0, 8, 136.10
1735686657, 295, 15, 39, 0, 0, 0.17%, 7, 0, 8, 133.84
1735686663, 296, 2, 39, 0, 0, 0.17%, 7, 0, 8, 135.13
1735686668, 296, 10, 39, 0, 0, 0.17%, 7, 0, 8, 142.01
1735686673, 296, 12, 39, 0, 0, 0.17%, 7, 0, 8, 137.85
1735686678, 296, 14, 39, 0, 0, 0.17%, 7, 0, 8, 138.52
1735686683, 296, 15, 39, 0, 0, 0.17%, 7, 0, 8, 136.05
1735686688, 296, 20, 39, 0, 0, 0.17%, 7, 0, 8, 135.08
1735686693, 297, 10, 39, 0, 0, 0.17%, 7, 0, 8, 138.62
1735686699, 297, 12, 39, 0, 0, 0.17%, 7, 0, 8, 136.83
1735686704, 297, 14, 39, 0, 0, 0.17%, 7, 0, 8, 138.83
1735686709, 297, 15, 39, 0, 0, 0.17%, 7, 0, 8, 139.94
1735686714, 297, 29, 39, 0, 0, 0.17%, 7, 0, 8, 143.91
1735686724, 297, 33, 39, 0, 0, 0.17%, 7, 0, 8, 158.11
1735686729, 298, 11, 39, 0, 0, 0.17%, 7, 0, 8, 143.13
1735686734, 298, 13, 39, 0, 0, 0.17%, 7, 0, 8, 137.05
1735686740, 298, 15, 39, 0, 0, 0.17%, 7, 0, 8, 140.28
1735686745, 299, 11, 39, 0, 0, 0.17%, 7, 0, 8, 139.33
1735686750, 299, 13, 39, 0, 0, 0.17%, 7, 0, 8, 138.50
1735686755, 299, 15, 39, 0, 0, 0.17%, 7, 0, 8, 137.84
1735686760, 299, 34, 39, 0, 0, 0.17%, 7, 0, 8, 148.12
1735686765, 300, 11, 39, 0, 0, 0.17%, 7, 0, 8, 133.66
1735686771, 300, 13, 39, 0, 0, 0.17%, 7, 0, 8, 136.19
1735686776, 300, 15, 39, 0, 0, 0.17%, 7, 0, 8, 138.27
1735686781, 300, 20, 39, 0, 0, 0.17%, 7, 0, 8, 136.96
1735686786, 301, 11, 39, 0, 0, 0.17%, 7, 0, 8, 145.98
1735686791, 301, 13, 39, 0, 0, 0.17%, 7, 0, 8, 142.68
1735686796, 301, 15, 39, 0, 0, 0.17%, 7, 0, 8, 139.28
1735686801, 301, 33, 39, 0, 0, 0.17%, 7, 0, 8, 157.98
1735686807, 302, 7, 39, 0, 0, 0.17%, 7, 0, 8, 136.33
1735686812, 302, 10, 39, 0, 0, 0.17%, 7, 0, 8, 140.66
1735686817, 302, 12, 39, 0, 0, 0.17%, 7, 0, 8, 134.86
1735686822, 302, 15, 39, 0, 0, 0.17%, 7, 0, 8, 141.18
1735686827, 302, 28, 39, 0, 0, 0.17%, 7, 0, 8, 157.25
1735686832, 302, 36, 39, 0, 0, 0.17%, 7, 0, 8, 156.10
1735686842, 303, 6, 39, 0, 0, 0.17%, 7, 0, 8, 143.63
1735686848, 303, 11, 39, 0, 0, 0.17%, 7, 0, 8, 137.95
1735686853, 303, 13, 39, 0, 0, 0.17%, 7, 0, 8, 136.48
1735686858, 303, 15, 39, 0, 0, 0.17%, 7, 0, 8, 142.29
1735686863, 303, 22, 39, 0, 0, 0.17%, 7, 0, 8, 141.66
1735686868, 304, 10, 39, 0, 0, 0.17%, 7, 0, 8, 142.00
1735686873, 304, 12, 39, 0, 0, 0.17%, 7, 0, 8, 143.58
1735686878, 304, 15, 39, 0, 0, 0.17%, 7, 0, 8, 137.65
1735686883, 304, 36, 39, 0, 0, 0.17%, 7, 0, 8, 153.99
1735686894, 304, 37, 39, 0, 0, 0.17%, 7, 0, 8, 165.37
1735686904, 305, 10, 39, 0, 0, 0.17%, 7, 0, 8, 131.61
1735686909, 305, 12, 39, 0, 0, 0.17%, 7, 0, 8, 143.10
1735686914, 305, 15, 39, 0, 0, 0.17%, 7, 0, 8, 137.93
1735686919, 305, 27, 39, 0, 0, 0.17%, 7, 0, 8, 152.90
1735686924, 306, 6, 39, 0, 0, 0.17%, 7, 0, 8, 145.50
1735686929, 306, 11, 39, 0, 0, 0.17%, 7, 0, 8, 137.09
1735686935, 306, 13, 39, 0, 0, 0.17%, 7, 0, 8, 131.50
1735686940, 306, 15, 39, 0, 0, 0.17%, 7, 0, 8, 137.41
1735686945, 306, 18, 39, 0, 0, 0.17%, 7, 0, 8, 155.21
1735686950, 306, 24, 39, 0, 0, 0.17%, 7, 0, 8, 153.96
1735686955, 307, 11, 39, 0, 0, 0.17%, 7, 0, 8, 141.22
1735686960, 307, 13, 39, 0, 0, 0.17%, 7, 0, 8, 136.11
1735686965, 307, 15, 39, 0, 0, 0.17%, 7, 0, 8, 139.60
1735686970, 308, 11, 39, 0, 0, 0.17%, 7, 0, 8, 139.70
1735686976, 308, 13, 39, 0, 0, 0.17%, 7, 0, 8, 136.15
1735686981, 308, 15, 39, 0, 0, 0.17%, 7, 0, 8, 133.08
1735686986, 309, 10, 39, 0, 0, 0.17%, 7, 0, 8, 138.37
1735686991, 309, 13, 39, 0, 0, 0.17%, 7, 0, 8, 143.09
1735686996, 309, 15, 39, 0, 0, 0.17%, 7, 0, 8, 139.39
1735687001, 309, 20, 39, 0, 0, 0.17%, 7, 0, 8, 141.36
1735687006, 309, 35, 39, 0, 0, 0.17%, 7, 0, 8, 144.28
1735687017, 310, 10, 39, 0, 0, 0.17%, 7, 0, 8, 147.65
1735687022, 310, 12, 39, 0, 0, 0.17%, 7, 0, 8, 145.79
1735687027, 310, 15, 39, 0, 0, 0.17%, 7, 0, 8, 136.97
1735687032, 310, 20, 39, 0, 0, 0.17%, 7, 0, 8, 133.93
1735687037, 310, 21, 39, 0, 0, 0.17%, 7, 0, 8, 143.45
1735687048, 311, 11, 39, 0, 0, 0.17%, 7, 0, 8, 138.13
1735687053, 311, 13, 39, 0, 0, 0.17%, 7, 0, 8, 139.97
1735687058, 311, 15, 39, 0, 0, 0.17%, 7, 0, 8, 138.79
1735687063, 311, 19, 39, 0, 0, 0.17%, 7, 0, 8, 141.33
1735687068, 311, 21, 39, 0, 0, 0.17%, 7, 0, 8, 150.40
1735687079, 312, 6, 39, 0, 0, 0.17%, 7, 0, 8, 139.49
1735687084, 312, 11, 39, 0, 0, 0.17%, 7, 0, 8, 138.41
1735687089, 312, 13, 39, 0, 0, 0.17%, 7, 0, 8, 142.14
1735687094, 312, 15, 39, 0, 0, 0.17%, 7, 0, 8, 148.22
1735687099, 312, 19, 39, 0, 0, 0.17%, 7, 0, 8, 155.32
1735687104, 313, 10, 39, 0, 0, 0.17%, 7, 0, 8, 143.91
1735687109, 313, 12, 39, 0, 0, 0.17%, 7, 0, 8, 146.53
1735687114, 313, 14, 39, 0, 0, 0.17%, 7, 0, 8, 136.88
1735687120, 313, 15, 39, 0, 0, 0.17%, 7, 0, 8, 138.92
1735687125, 313, 19, 39, 0, 0, 0.17%, 7, 0, 8, 142.02
1735687130, 314, 3, 39, 0, 0, 0.17%, 7, 0, 8, 136.28
1735687135, 314, 11, 39, 0, 0, 0.17%, 7, 0, 8, 136.23
1735687140, 314, 13, 39, 0, 0, 0.17%, 7, 0, 8, 141.96
1735687145, 314, 15, 39, 0, 0, 0.17%, 7, 0, 8, 136.54
1735687151, 315, 11, 39, 0, 0, 0.17%, 7, 0, 8, 137.14
1735687156, 315, 13, 39, 0, 0, 0.17%, 7, 0, 8, 135.13
1735687161, 315, 15, 39, 0, 0, 0.17%, 7, 0, 8, 135.70
