# unix_time, cycles_done, cur_path, paths_total, pending_total, pending_favs, map_size, unique_crashes, unique_hangs, max_depth, execs_per_sec
1735083287, 0, 0, 10, 10, 1, 0.01%, 0, 0, 1, 83.59
1735083292, 0, 3, 10, 10, 1, 0.01%, 0, 0, 1, 104.22
1735083297, 0, 4, 10, 9, 0, 0.01%, 0, 0, 1, 101.77
1735083307, 0, 5, 10, 8, 0, 0.01%, 0, 0, 1, 101.87
1735083317, 0, 6, 10, 7, 0, 0.01%, 0, 0, 1, 101.22
1735083328, 0, 7, 10, 6, 0, 0.01%, 0, 0, 1, 99.11
1735083338, 0, 8, 10, 5, 0, 0.01%, 0, 0, 1, 97.05
1735083348, 0, 9, 10, 4, 0, 0.01%, 0, 0, 1, 94.47
1735083358, 1, 0, 10, 3, 0, 0.01%, 0, 0, 1, 93.96
1735083368, 1, 1, 10, 2, 0, 0.01%, 0, 0, 1, 100.78
1735083384, 1, 2, 10, 1, 0, 0.01%, 0, 0, 1, 91.31
1735083394, 1, 3, 10, 0, 0, 0.01%, 0, 0, 1, 102.50
1735083399, 1, 4, 10, 0, 0, 0.01%, 0, 0, 1, 103.86
1735083404, 1, 6, 10, 0, 0, 0.01%, 0, 0, 1, 104.25
1735083409, 1, 7, 10, 0, 0, 0.01%, 0, 0, 1, 101.78
1735083414, 1, 9, 10, 0, 0, 0.01%, 0, 0, 1, 103.46
1735083419, 2, 0, 10, 0, 0, 0.01%, 0, 0, 1, 100.58
1735083424, 2, 1, 10, 0, 0, 0.01%, 0, 0, 1, 101.56
1735083430, 2, 3, 10, 0, 0, 0.01%, 0, 0, 1, 105.13
1735083435, 2, 4, 10, 0, 0, 0.01%, 0, 0, 1, 102.42
1735083440, 2, 6, 10, 0, 0, 0.01%, 0, 0, 1, 102.25
1735083445, 2, 7, 10, 0, 0, 0.01%, 0, 0, 1, 101.36
1735083450, 2, 8, 10, 0, 0, 0.01%, 0, 0, 1, 102.92
1735083455, 3, 0, 10, 0, 0, 0.01%, 0, 0, 1, 102.67
1735083460, 3, 1, 10, 0, 0, 0.01%, 0, 0, 1, 103.51
1735083465, 3, 3, 10, 0, 0, 0.01%, 0, 0, 1, 102.58
1735083470, 3, 4, 10, 0, 0, 0.01%, 0, 0, 1, 104.89
1735083475, 3, 6, 10, 0, 0, 0.01%, 0, 0, 1, 107.09
1735083480, 3, 7, 10, 0, 0, 0.01%, 0, 0, 1, 105.33
1735083485, 3, 8, 10, 0, 0, 0.01%, 0, 0, 1, 102.44
1735083490, 4, 0, 10, 0, 0, 0.01%, 0, 0, 1, 103.32
1735083495, 4, 1, 10, 0, 0, 0.01%, 0, 0, 1, 103.23
1735083500, 4, 3, 10, 0, 0, 0.01%, 0, 0, 1, 105.41
1735083506, 4, 4, 10, 0, 0, 0.01%, 0, 0, 1, 102.03
1735083511, 4, 5, 10, 0, 0, 0.01%, 0, 0, 1, 102.00
1735083516, 4, 7, 10, 0, 0, 0.01%, 0, 0, 1, 101.06
1735083521, 4, 8, 10, 0, 0, 0.01%, 0, 0, 1, 99.02
1735083526, 5, 0, 10, 0, 0, 0.01%, 0, 0, 1, 104.60
1735083531, 5, 1, 10, 0, 0, 0.01%, 0, 0, 1, 105.40
1735083536, 5, 3, 10, 0, 0, 0.01%, 0, 0, 1, 102.46
1735083541, 5, 4, 10, 0, 0, 0.01%, 0, 0, 1, 101.12
1735083546, 5, 5, 10, 0, 0, 0.01%, 0, 0, 1, 103.91
1735083551, 5, 7, 10, 0, 0, 0.01%, 0, 0, 1, 103.77
1735083556, 5, 8, 10, 0, 0, 0.01%, 0, 0, 1, 102.71
1735083561, 6, 0, 10, 0, 0, 0.01%, 0, 0, 1, 102.11
1735083566, 6, 1, 10, 0, 0, 0.01%, 0, 0, 1, 103.12
1735083571, 6, 2, 10, 0, 0, 0.01%, 0, 0, 1, 104.58
1735083577, 6, 4, 10, 0, 0, 0.01%, 0, 0, 1, 102.23
1735083582, 6, 5, 10, 0, 0, 0.01%, 0, 0, 1, 104.33
1735083587, 6, 7, 10, 0, 0, 0.01%, 0, 0, 1, 100.91
1735083592, 6, 8, 10, 0, 0, 0.01%, 0, 0, 1, 102.72
1735083597, 6, 9, 10, 0, 0, 0.01%, 0, 0, 1, 102.26
1735083602, 7, 1, 10, 0, 0, 0.01%, 0, 0, 1, 102.60
1735083607, 7, 2, 10, 0, 0, 0.01%, 0, 0, 1, 100.18
1735083612, 7, 4, 10, 0, 0, 0.01%, 0, 0, 1, 103.97
1735083617, 7, 5, 10, 0, 0, 0.01%, 0, 0, 1, 103.85
1735083622, 7, 7, 10, 0, 0, 0.01%, 0, 0, 1, 101.61
1735083627, 7, 8, 10, 0, 0, 0.01%, 0, 0, 1, 103.76
1735083632, 7, 9, 10, 0, 0, 0.01%, 0, 0, 1, 104.03
1735083638, 8, 1, 10, 0, 0, 0.01%, 0, 0, 1, 105.06
1735083643, 8, 2, 10, 0, 0, 0.01%, 0, 0, 1, 102.83
1735083648, 8, 4, 10, 0, 0, 0.01%, 0, 0, 1, 103.93
1735083653, 8, 5, 10, 0, 0, 0.01%, 0, 0, 1, 103.76
1735083658, 8, 7, 10, 0, 0, 0.01%, 0, 0, 1, 102.84
1735083663, 8, 8, 10, 0, 0, 0.01%, 0, 0, 1, 102.36
1735083668, 8, 9, 10, 0, 0, 0.01%, 0, 0, 1, 102.27
1735083673, 9, 1, 10, 0, 0, 0.01%, 0, 0, 1, 104.34
1735083678, 9, 2, 10, 0, 0, 0.01%, 0, 0, 1, 105.16
1735083683, 9, 4, 10, 0, 0, 0.01%, 0, 0, 1, 103.22
1735083688, 9, 5, 10, 0, 0, 0.01%, 0, 0, 1, 102.90
1735083694, 9, 7, 10, 0, 0, 0.01%, 0, 0, 1, 104.42
1735083699, 9, 8, 10, 0, 0, 0.01%, 0, 0, 1, 102.66
1735083704, 9, 9, 10, 0, 0, 0.01%, 0, 0, 1, 101.07
1735083709, 10, 1, 10, 0, 0, 0.01%, 0, 0, 1, 101.66
1735083714, 10, 2, 10, 0, 0, 0.01%, 0, 0, 1, 100.05
1735083719, 10, 4, 10, 0, 0, 0.01%, 0, 0, 1, 102.37
1735083724, 10, 5, 10, 0, 0, 0.01%, 0, 0, 1, 101.67
1735083729, 10, 6, 10, 0, 0, 0.01%, 0, 0, 1, 102.64
1735083734, 10, 8, 10, 0, 0, 0.01%, 0, 0, 1, 100.69
1735083739, 10, 9, 10, 0, 0, 0.01%, 0, 0, 1, 102.59
1735083744, 11, 1, 10, 0, 0, 0.01%, 0, 0, 1, 101.69
1735083749, 11, 2, 10, 0, 0, 0.01%, 0, 0, 1, 101.73
1735083755, 11, 3, 10, 0, 0, 0.01%, 0, 0, 1, 99.12
1735083760, 11, 5, 10, 0, 0, 0.01%, 0, 0, 1, 101.12
1735083765, 11, 6, 10, 0, 0, 0.01%, 0, 0, 1, 103.96
1735083770, 11, 8, 10, 0, 0, 0.01%, 0, 0, 1, 101.70
1735083775, 11, 9, 10, 0, 0, 0.01%, 0, 0, 1, 106.72
1735083780, 12, 1, 10, 0, 0, 0.01%, 0, 0, 1, 101.64
1735083785, 12, 2, 10, 0, 0, 0.01%, 0, 0, 1, 103.86
1735083790, 12, 3, 10, 0, 0, 0.01%, 0, 0, 1, 102.79
1735083795, 12, 5, 10, 0, 0, 0.01%, 0, 0, 1, 100.01
1735083801, 12, 6, 10, 0, 0, 0.01%, 0, 0, 1, 102.54
1735083806, 12, 8, 10, 0, 0, 0.01%, 0, 0, 1, 102.12
1735083811, 12, 9, 10, 0, 0, 0.01%, 0, 0, 1, 100.91
1735083816, 13, 0, 10, 0, 0, 0.01%, 0, 0, 1, 104.59
1735083821, 13, 2, 10, 0, 0, 0.01%, 0, 0, 1, 103.89
1735083826, 13, 3, 10, 0, 0, 0.01%, 0, 0, 1, 101.26
1735083831, 13, 5, 10, 0, 0, 0.01%, 0, 0, 1, 103.22
1735083836, 13, 6, 10, 0, 0, 0.01%, 0, 0, 1, 104.02
1735083841, 13, 8, 10, 0, 0, 0.01%, 0, 0, 1, 103.92
1735083846, 13, 9, 10, 0, 0, 0.01%, 0, 0, 1, 104.31
1735083851, 14, 0, 10, 0, 0, 0.01%, 0, 0, 1, 102.96
1735083856, 14, 2, 10, 0, 0, 0.01%, 0, 0, 1, 99.05
1735083861, 14, 3, 10, 0, 0, 0.01%, 0, 0, 1, 103.70
1735083867, 14, 5, 10, 0, 0, 0.01%, 0, 0, 1, 103.90
1735083872, 14, 6, 10, 0, 0, 0.01%, 0, 0, 1, 104.05
1735083877, 14, 7, 10, 0, 0, 0.01%, 0, 0, 1, 102.14
1735083882, 14, 9, 10, 0, 0, 0.01%, 0, 0, 1, 102.71
1735083887, 15, 0, 10, 0, 0, 0.01%, 0, 0, 1, 102.69
1735083892, 15, 2, 10, 0, 0, 0.01%, 0, 0, 1, 108.23
1735083897, 15, 3, 10, 0, 0, 0.01%, 0, 0, 1, 108.41
1735083902, 15, 5, 10, 0, 0, 0.01%, 0, 0, 1, 105.81
1735083907, 15, 6, 10, 0, 0, 0.01%, 0, 0, 1, 105.18
1735083913, 15, 8, 10, 0, 0, 0.01%, 0, 0, 1, 108.07
1735083918, 15, 9, 10, 0, 0, 0.01%, 0, 0, 1, 107.88
1735083923, 16, 1, 10, 0, 0, 0.01%, 0, 0, 1, 109.20
1735083928, 16, 2, 10, 0, 0, 0.01%, 0, 0, 1, 109.01
1735083933, 16, 4, 10, 0, 0, 0.01%, 0, 0, 1, 107.38
1735083938, 16, 5, 10, 0, 0, 0.01%, 0, 0, 1, 110.99
1735083943, 16, 7, 10, 0, 0, 0.01%, 0, 0, 1, 108.08
1735083948, 16, 8, 10, 0, 0, 0.01%, 0, 0, 1, 112.01
1735083953, 17, 0, 10, 0, 0, 0.01%, 0, 0, 1, 109.90
1735083958, 17, 1, 10, 0, 0, 0.01%, 0, 0, 1, 110.05
1735083964, 17, 3, 10, 0, 0, 0.01%, 0, 0, 1, 109.67
1735083969, 17, 4, 10, 0, 0, 0.01%, 0, 0, 1, 107.83
1735083974, 17, 6, 10, 0, 0, 0.01%, 0, 0, 1, 108.80
1735083979, 17, 7, 10, 0, 0, 0.01%, 0, 0, 1, 107.15
1735083984, 17, 9, 10, 0, 0, 0.01%, 0, 0, 1, 105.22
1735083989, 18, 0, 10, 0, 0, 0.01%, 0, 0, 1, 104.57
1735083994, 18, 2, 10, 0, 0, 0.01%, 0, 0, 1, 105.59
1735083999, 18, 3, 10, 0, 0, 0.01%, 0, 0, 1, 103.97
1735084005, 18, 5, 10, 0, 0, 0.01%, 0, 0, 1, 104.99
1735084010, 18, 6, 10, 0, 0, 0.01%, 0, 0, 1, 109.13
1735084015, 18, 8, 10, 0, 0, 0.01%, 0, 0, 1, 107.10
1735084020, 18, 9, 10, 0, 0, 0.01%, 0, 0, 1, 108.62
1735084025, 19, 1, 10, 0, 0, 0.01%, 0, 0, 1, 106.84
1735084030, 19, 2, 10, 0, 0, 0.01%, 0, 0, 1, 107.23
1735084035, 19, 4, 10, 0, 0, 0.01%, 0, 0, 1, 106.75
1735084040, 19, 5, 10, 0, 0, 0.01%, 0, 0, 1, 107.50
1735084045, 19, 7, 10, 0, 0, 0.01%, 0, 0, 1, 106.69
1735084050, 19, 8, 10, 0, 0, 0.01%, 0, 0, 1, 107.72
1735084056, 20, 0, 10, 0, 0, 0.01%, 0, 0, 1, 107.18
1735084061, 20, 1, 10, 0, 0, 0.01%, 0, 0, 1, 105.58
1735084066, 20, 2, 10, 0, 0, 0.01%, 0, 0, 1, 106.86
1735084071, 20, 4, 10, 0, 0, 0.01%, 0, 0, 1, 108.77
1735084076, 20, 6, 10, 0, 0, 0.01%, 0, 0, 1, 109.28
1735084081, 20, 7, 10, 0, 0, 0.01%, 0, 0, 1, 107.76
1735084086, 20, 8, 10, 0, 0, 0.01%, 0, 0, 1, 106.42
1735084091, 21, 0, 10, 0, 0, 0.01%, 0, 0, 1, 107.69
1735084096, 21, 1, 10, 0, 0, 0.01%, 0, 0, 1, 109.89
1735084102, 21, 3, 10, 0, 0, 0.01%, 0, 0, 1, 109.17
1735084107, 21, 5, 10, 0, 0, 0.01%, 0, 0, 1, 108.68
1735084112, 21, 6, 10, 0, 0, 0.01%, 0, 0, 1, 108.37
1735084117, 21, 8, 10, 0, 0, 0.01%, 0, 0, 1, 107.09
1735084122, 21, 9, 10, 0, 0, 0.01%, 0, 0, 1, 107.77
1735084127, 22, 0, 10, 0, 0, 0.01%, 0, 0, 1, 105.54
1735084132, 22, 2, 10, 0, 0, 0.01%, 0, 0, 1, 108.73
1735084137, 22, 3, 10, 0, 0, 0.01%, 0, 0, 1, 105.46
1735084142, 22, 5, 10, 0, 0, 0.01%, 0, 0, 1, 106.71
1735084147, 22, 6, 10, 0, 0, 0.01%, 0, 0, 1, 110.92
1735084152, 22, 8, 10, 0, 0, 0.01%, 0, 0, 1, 110.58
1735084158, 22, 9, 10, 0, 0, 0.01%, 0, 0, 1, 108.06
1735084163, 23, 1, 10, 0, 0, 0.01%, 0, 0, 1, 106.83
1735084168, 23, 2, 10, 0, 0, 0.01%, 0, 0, 1, 106.28
1735084173, 23, 4, 10, 0, 0, 0.01%, 0, 0, 1, 107.82
1735084178, 23, 5, 10, 0, 0, 0.01%, 0, 0, 1, 108.75
1735084183, 23, 7, 10, 0, 0, 0.01%, 0, 0, 1, 108.73
1735084189, 23, 8, 10, 0, 0, 0.01%, 0, 0, 1, 107.68
1735084194, 24, 0, 10, 0, 0, 0.01%, 0, 0, 1, 107.24
1735084199, 24, 1, 10, 0, 0, 0.01%, 0, 0, 1, 108.02
1735084204, 24, 3, 10, 0, 0, 0.01%, 0, 0, 1, 108.64
1735084209, 24, 4, 10, 0, 0, 0.01%, 0, 0, 1, 106.88
1735084214, 24, 6, 10, 0, 0, 0.01%, 0, 0, 1, 107.19
1735084219, 24, 7, 10, 0, 0, 0.01%, 0, 0, 1, 109.76
1735084224, 24, 9, 10, 0, 0, 0.01%, 0, 0, 1, 109.48
1735084229, 25, 0, 10, 0, 0, 0.01%, 0, 0, 1, 110.34
1735084235, 25, 2, 10, 0, 0, 0.01%, 0, 0, 1, 108.67
1735084240, 25, 3, 10, 0, 0, 0.01%, 0, 0, 1, 106.30
1735084245, 25, 5, 10, 0, 0, 0.01%, 0, 0, 1, 108.21
1735084250, 25, 6, 10, 0, 0, 0.01%, 0, 0, 1, 106.44
1735084255, 25, 8, 10, 0, 0, 0.01%, 0, 0, 1, 111.41
1735084260, 25, 9, 10, 0, 0, 0.01%, 0, 0, 1, 108.73
1735084265, 26, 1, 10, 0, 0, 0.01%, 0, 0, 1, 108.69
1735084270, 26, 2, 10, 0, 0, 0.01%, 0, 0, 1, 104.38
1735084275, 26, 4, 10, 0, 0, 0.01%, 0, 0, 1, 106.44
1735084280, 26, 5, 10, 0, 0, 0.01%, 0, 0, 1, 106.99
1735084285, 26, 10, 11, 1, 1, 0.16%, 1, 0, 2, 114.28
1735084291, 26, 10, 12, 2, 1, 0.16%, 2, 0, 3, 116.19
1735084373, 26, 11, 13, 2, 1, 0.16%, 3, 0, 4, 130.34
1735084383, 26, 11, 14, 3, 1, 0.16%, 3, 0, 4, 123.58
1735084393, 26, 11, 15, 4, 1, 0.16%, 3, 0, 4, 118.81
1735084408, 26, 11, 17, 6, 1, 0.17%, 4, 0, 4, 115.96
1735084429, 26, 11, 18, 7, 1, 0.17%, 4, 0, 4, 116.13
1735084491, 26, 11, 19, 8, 1, 0.17%, 4, 0, 4, 114.29
1735084496, 26, 12, 19, 7, 2, 0.17%, 4, 0, 4, 130.96
1735084532, 26, 12, 20, 8, 2, 0.17%, 4, 0, 5, 116.11
1735084650, 26, 12, 22, 10, 2, 0.17%, 4, 0, 5, 135.43
1735084671, 26, 15, 22, 9, 1, 0.17%, 4, 0, 5, 208.46
1735084691, 26, 15, 23, 10, 1, 0.17%, 5, 0, 5, 264.79
1735084783, 26, 15, 27, 14, 1, 0.17%, 5, 0, 5, 226.35
1735084788, 26, 15, 29, 16, 1, 0.17%, 5, 0, 5, 177.64
1735084793, 26, 15, 30, 17, 1, 0.17%, 5, 0, 5, 171.53
1735084808, 26, 15, 31, 18, 1, 0.17%, 6, 0, 5, 171.07
1735084818, 26, 15, 32, 19, 1, 0.17%, 7, 0, 5, 169.29
1735084828, 26, 15, 33, 20, 1, 0.17%, 7, 0, 5, 172.70
1735084874, 26, 22, 33, 19, 2, 0.17%, 7, 0, 5, 132.97
1735084895, 26, 22, 34, 20, 2, 0.17%, 7, 0, 6, 273.93
1735085042, 26, 29, 34, 19, 2, 0.17%, 7, 0, 6, 174.50
1735085120, 26, 33, 34, 18, 1, 0.17%, 7, 0, 6, 113.35
1735085252, 26, 33, 35, 19, 1, 0.17%, 7, 0, 7, 176.58
1735085323, 26, 34, 35, 18, 1, 0.17%, 7, 0, 7, 164.98
1735085400, 27, 2, 35, 17, 0, 0.17%, 7, 0, 7, 142.01
1735085405, 27, 11, 35, 17, 0, 0.17%, 7, 0, 7, 129.59
1735085421, 27, 12, 35, 17, 0, 0.17%, 7, 0, 7, 131.07
1735085451, 27, 25, 35, 17, 0, 0.17%, 7, 0, 7, 138.36
1735085639, 27, 25, 36, 18, 0, 0.17%, 8, 0, 7, 191.37
1735085711, 27, 27, 36, 17, 0, 0.17%, 8, 0, 7, 132.97
1735085783, 27, 29, 36, 16, 0, 0.17%, 8, 0, 7, 130.15
1735085798, 27, 29, 37, 17, 0, 0.17%, 8, 0, 7, 162.35
1735085803, 27, 30, 37, 17, 0, 0.17%, 8, 0, 7, 134.13
1735086022, 27, 31, 37, 16, 0, 0.17%, 8, 0, 7, 234.94
1735086150, 27, 34, 37, 15, 0, 0.17%, 8, 0, 7, 155.68
1735086155, 27, 34, 38, 16, 0, 0.17%, 8, 0, 8, 159.50
1735086190, 27, 37, 38, 16, 0, 0.17%, 8, 0, 8, 170.18
1735086221, 27, 37, 39, 17, 0, 0.17%, 8, 0, 9, 159.67
1735086287, 27, 37, 40, 18, 0, 0.17%, 8, 0, 9, 161.81
1735086323, 27, 37, 41, 19, 0, 0.17%, 8, 0, 9, 143.63
1735086343, 28, 11, 41, 18, 0, 0.17%, 8, 0, 9, 142.21
1735086353, 28, 12, 41, 18, 0, 0.17%, 8, 0, 9, 132.93
1735086373, 28, 14, 41, 18, 0, 0.17%, 8, 0, 9, 149.83
1735086475, 28, 24, 41, 17, 0, 0.17%, 8, 0, 9, 210.82
1735086526, 28, 29, 41, 16, 0, 0.17%, 8, 0, 9, 125.27
1735086547, 28, 34, 41, 16, 0, 0.17%, 8, 0, 9, 140.95
1735086567, 29, 11, 41, 16, 0, 0.17%, 8, 0, 9, 137.04
1735086577, 29, 12, 41, 16, 0, 0.17%, 8, 0, 9, 130.61
1735086598, 29, 13, 41, 16, 0, 0.17%, 8, 0, 9, 163.18
1735086603, 29, 13, 42, 17, 0, 0.17%, 8, 0, 9, 145.18
1735086675, 29, 20, 42, 16, 0, 0.17%, 8, 0, 9, 185.94
1735086731, 29, 29, 42, 15, 0, 0.17%, 8, 0, 9, 146.16
1735086751, 29, 32, 42, 15, 0, 0.17%, 8, 0, 9, 154.57
1735086915, 29, 34, 42, 14, 0, 0.17%, 8, 0, 9, 147.64
1735086935, 29, 41, 42, 14, 0, 0.17%, 8, 0, 9, 127.11
1735087819, 30, 3, 42, 13, 0, 0.17%, 8, 0, 9, 152.82
1735087824, 30, 11, 42, 13, 0, 0.17%, 8, 0, 9, 145.87
1735087835, 30, 12, 42, 13, 0, 0.17%, 8, 0, 9, 149.72
1735087855, 30, 23, 42, 13, 0, 0.17%, 8, 0, 9, 207.11
1735087932, 30, 27, 42, 12, 0, 0.17%, 8, 0, 9, 155.22
1735087952, 30, 29, 42, 12, 0, 0.17%, 8, 0, 9, 143.81
1735087973, 30, 34, 42, 12, 0, 0.17%, 8, 0, 9, 164.59
1735087993, 30, 40, 42, 12, 0, 0.17%, 8, 0, 9, 220.93
1735088074, 31, 11, 42, 11, 0, 0.17%, 8, 0, 9, 151.61
1735088085, 31, 12, 42, 11, 0, 0.17%, 8, 0, 9, 133.09
1735088105, 31, 13, 42, 11, 0, 0.17%, 8, 0, 9, 149.17
1735088126, 31, 18, 42, 11, 0, 0.17%, 8, 0, 9, 184.88
1735088172, 31, 22, 42, 10, 0, 0.17%, 8, 0, 9, 153.95
1735088192, 31, 29, 42, 10, 0, 0.17%, 8, 0, 9, 133.81
1735088213, 31, 34, 42, 10, 0, 0.17%, 8, 0, 9, 163.21
1735088228, 32, 11, 42, 10, 0, 0.17%, 8, 0, 9, 166.83
1735088233, 32, 12, 42, 10, 0, 0.17%, 8, 0, 9, 144.78
1735088243, 32, 14, 42, 10, 0, 0.17%, 8, 0, 9, 158.69
1735088263, 32, 16, 42, 10, 0, 0.17%, 8, 0, 9, 163.70
1735088314, 32, 21, 42, 9, 0, 0.17%, 8, 0, 9, 142.46
1735088370, 32, 24, 42, 8, 0, 0.17%, 8, 0, 9, 161.83
1735088391, 32, 26, 42, 8, 0, 0.17%, 8, 0, 9, 165.85
1735088437, 32, 29, 42, 7, 0, 0.17%, 8, 0, 9, 146.21
1735088447, 32, 32, 42, 7, 0, 0.17%, 8, 0, 9, 184.58
1735088462, 32, 34, 42, 7, 0, 0.17%, 8, 0, 9, 156.51
1735088473, 32, 36, 42, 7, 0, 0.17%, 8, 0, 9, 160.66
1735088707, 33, 11, 42, 6, 0, 0.17%, 8, 0, 9, 148.18
1735088712, 33, 12, 42, 6, 0, 0.17%, 8, 0, 9, 139.22
1735088723, 33, 29, 42, 6, 0, 0.17%, 8, 0, 9, 135.80
1735088733, 33, 34, 42, 6, 0, 0.17%, 8, 0, 9, 158.05
1735088743, 34, 11, 42, 6, 0, 0.17%, 8, 0, 9, 143.98
1735088748, 34, 13, 42, 6, 0, 0.17%, 8, 0, 9, 145.86
1735088769, 34, 15, 42, 6, 0, 0.17%, 8, 0, 9, 177.00
1735088789, 34, 17, 42, 6, 0, 0.17%, 8, 0, 9, 195.38
1735088892, 34, 29, 42, 5, 0, 0.17%, 8, 0, 9, 148.97
1735088897, 34, 34, 42, 5, 0, 0.17%, 8, 0, 9, 160.13
1735088902, 34, 38, 42, 5, 0, 0.17%, 8, 0, 9, 239.35
1735089066, 35, 12, 42, 4, 0, 0.17%, 8, 0, 9, 157.49
1735089071, 35, 29, 42, 4, 0, 0.17%, 8, 0, 9, 148.66
1735089076, 35, 34, 42, 4, 0, 0.17%, 8, 0, 9, 162.29
1735089081, 36, 11, 42, 4, 0, 0.17%, 8, 0, 9, 151.00
1735089086, 36, 12, 42, 4, 0, 0.17%, 8, 0, 9, 148.97
1735089091, 36, 29, 42, 4, 0, 0.17%, 8, 0, 9, 152.06
1735089096, 36, 39, 42, 4, 0, 0.17%, 8, 0, 9, 162.66
1735089213, 37, 7, 42, 3, 0, 0.17%, 8, 0, 9, 163.65
1735089218, 37, 12, 42, 3, 0, 0.17%, 8, 0, 9, 143.73
1735089223, 37, 19, 42, 3, 0, 0.17%, 8, 0, 9, 171.03
1735089270, 37, 20, 42, 2, 0, 0.17%, 8, 0, 9, 152.33
1735089290, 37, 29, 42, 2, 0, 0.17%, 8, 0, 9, 140.89
1735089295, 37, 32, 42, 2, 0, 0.17%, 8, 0, 9, 182.78
1735089310, 37, 34, 42, 2, 0, 0.17%, 8, 0, 9, 163.15
1735089315, 38, 11, 42, 2, 0, 0.17%, 8, 0, 9, 151.81
1735089320, 38, 12, 42, 2, 0, 0.17%, 8, 0, 9, 156.26
1735089325, 38, 13, 42, 2, 0, 0.17%, 8, 0, 9, 143.03
1735089346, 38, 25, 42, 2, 0, 0.17%, 8, 0, 9, 181.83
1735089361, 38, 29, 42, 2, 0, 0.17%, 8, 0, 9, 140.02
1735089366, 38, 34, 42, 2, 0, 0.17%, 8, 0, 9, 160.08
1735089371, 38, 38, 42, 2, 0, 0.17%, 8, 0, 9, 167.78
1735089407, 39, 11, 42, 2, 0, 0.17%, 8, 0, 9, 154.57
1735089412, 39, 12, 42, 2, 0, 0.17%, 8, 0, 9, 150.92
1735089417, 39, 14, 42, 2, 0, 0.17%, 8, 0, 9, 158.21
1735089432, 39, 17, 42, 2, 0, 0.17%, 8, 0, 9, 147.40
1735089453, 39, 29, 42, 2, 0, 0.17%, 8, 0, 9, 150.47
1735089458, 39, 34, 42, 2, 0, 0.17%, 8, 0, 9, 152.96
1735089463, 40, 12, 42, 2, 0, 0.17%, 8, 0, 9, 143.40
1735089468, 40, 28, 42, 2, 0, 0.17%, 8, 0, 9, 127.51
1735089753, 40, 29, 42, 1, 0, 0.17%, 8, 0, 9, 148.98
1735089758, 40, 34, 42, 1, 0, 0.17%, 8, 0, 9, 157.93
1735089763, 41, 11, 42, 1, 0, 0.17%, 8, 0, 9, 145.84
1735089768, 41, 12, 42, 1, 0, 0.17%, 8, 0, 9, 140.09
1735089774, 41, 25, 42, 1, 0, 0.17%, 8, 0, 9, 193.62
1735089789, 41, 29, 42, 1, 0, 0.17%, 8, 0, 9, 153.47
1735089794, 41, 34, 42, 1, 0, 0.17%, 8, 0, 9, 151.47
1735089799, 41, 41, 42, 1, 0, 0.17%, 8, 0, 9, 174.21
1735089814, 42, 11, 42, 1, 0, 0.17%, 8, 0, 9, 139.45
1735089819, 42, 12, 42, 1, 0, 0.17%, 8, 0, 9, 149.61
1735089824, 42, 29, 42, 1, 0, 0.17%, 8, 0, 9, 147.35
1735089829, 42, 34, 42, 1, 0, 0.17%, 8, 0, 9, 157.27
1735089834, 42, 38, 42, 1, 0, 0.17%, 8, 0, 9, 179.85
1735089870, 43, 12, 42, 1, 0, 0.17%, 8, 0, 9, 138.04
1735089875, 43, 29, 42, 1, 0, 0.17%, 8, 0, 9, 144.30
1735089880, 43, 34, 42, 1, 0, 0.17%, 8, 0, 9, 159.73
1735089885, 43, 35, 42, 1, 0, 0.17%, 8, 0, 9, 135.42
1735090109, 43, 40, 42, 0, 0, 0.17%, 8, 0, 9, 158.30
1735090140, 44, 12, 42, 0, 0, 0.17%, 8, 0, 9, 150.61
1735090145, 44, 13, 42, 0, 0, 0.17%, 8, 0, 9, 140.96
1735090165, 44, 25, 42, 0, 0, 0.17%, 8, 0, 9, 162.48
1735090185, 44, 29, 42, 0, 0, 0.17%, 8, 0, 9, 155.05
1735090190, 44, 34, 42, 0, 0, 0.17%, 8, 0, 9, 156.65
1735090195, 44, 35, 42, 0, 0, 0.17%, 8, 0, 9, 187.49
1735090211, 45, 11, 42, 0, 0, 0.17%, 8, 0, 9, 161.09
1735090216, 45, 12, 42, 0, 0, 0.17%, 8, 0, 9, 150.76
1735090221, 45, 29, 42, 0, 0, 0.17%, 8, 0, 9, 164.41
1735090226, 45, 34, 42, 0, 0, 0.17%, 8, 0, 9, 161.01
1735090231, 46, 12, 42, 0, 0, 0.17%, 8, 0, 9, 138.81
1735090236, 46, 15, 42, 0, 0, 0.17%, 8, 0, 9, 169.70
1735090257, 46, 29, 42, 0, 0, 0.17%, 8, 0, 9, 146.95
1735090262, 47, 4, 42, 0, 0, 0.17%, 8, 0, 9, 157.10
1735090267, 47, 12, 42, 0, 0, 0.17%, 8, 0, 9, 146.82
1735090272, 47, 29, 42, 0, 0, 0.17%, 8, 0, 9, 137.16
1735090277, 47, 34, 42, 0, 0, 0.17%, 8, 0, 9, 151.68
1735090282, 48, 10, 42, 0, 0, 0.17%, 8, 0, 9, 150.84
1735090292, 48, 11, 42, 0, 0, 0.17%, 8, 0, 9, 136.71
1735090297, 48, 12, 42, 0, 0, 0.17%, 8, 0, 9, 135.02
1735090302, 48, 29, 42, 0, 0, 0.17%, 8, 0, 9, 156.32
1735090307, 48, 34, 42, 0, 0, 0.17%, 8, 0, 9, 152.91
1735090312, 49, 12, 42, 0, 0, 0.17%, 8, 0, 9, 146.12
1735090317, 49, 26, 42, 0, 0, 0.17%, 8, 0, 9, 144.12
1735090338, 49, 29, 42, 0, 0, 0.17%, 8, 0, 9, 148.82
1735090343, 49, 34, 42, 0, 0, 0.17%, 8, 0, 9, 150.46
1735090349, 50, 11, 42, 0, 0, 0.17%, 8, 0, 9, 148.21
1735090354, 50, 12, 42, 0, 0, 0.17%, 8, 0, 9, 150.47
1735090359, 50, 27, 42, 0, 0, 0.17%, 8, 0, 9, 145.82
1735090374, 50, 29, 42, 0, 0, 0.17%, 8, 0, 9, 161.56
1735090379, 50, 34, 42, 0, 0, 0.17%, 8, 0, 9, 161.71
1735090384, 51, 11, 42, 0, 0, 0.17%, 8, 0, 9, 148.98
1735090389, 51, 12, 42, 0, 0, 0.17%, 8, 0, 9, 149.23
1735090394, 51, 21, 42, 0, 0, 0.17%, 8, 0, 9, 151.80
1735090409, 51, 25, 42, 0, 0, 0.17%, 8, 0, 9, 169.71
1735090430, 51, 29, 42, 0, 0, 0.17%, 8, 0, 9, 152.60
1735090435, 51, 34, 42, 0, 0, 0.17%, 8, 0, 9, 151.12
1735090440, 52, 12, 42, 0, 0, 0.17%, 8, 0, 9, 147.85
1735090445, 52, 16, 42, 0, 0, 0.17%, 8, 0, 9, 149.12
1735090465, 52, 22, 42, 0, 0, 0.17%, 8, 0, 9, 163.36
1735090486, 52, 29, 42, 0, 0, 0.17%, 8, 0, 9, 152.55
1735090491, 52, 30, 42, 0, 0, 0.17%, 8, 0, 9, 186.59
1735090506, 52, 34, 42, 0, 0, 0.17%, 8, 0, 9, 169.34
1735090511, 52, 36, 42, 0, 0, 0.17%, 8, 0, 9, 183.50
1735090532, 53, 12, 42, 0, 0, 0.17%, 8, 0, 9, 136.36
1735090537, 53, 29, 42, 0, 0, 0.17%, 8, 0, 9, 139.43
1735090542, 53, 34, 42, 0, 0, 0.17%, 8, 0, 9, 155.18
1735090547, 53, 35, 42, 0, 0, 0.17%, 8, 0, 9, 166.19
1735090568, 54, 12, 42, 0, 0, 0.17%, 8, 0, 9, 137.72
1735090573, 54, 16, 42, 0, 0, 0.17%, 8, 0, 9, 140.05
1735090593, 54, 29, 42, 0, 0, 0.17%, 8, 0, 9, 144.25
1735090598, 54, 34, 42, 0, 0, 0.17%, 8, 0, 9, 155.22
1735090603, 55, 11, 42, 0, 0, 0.17%, 8, 0, 9, 146.19
1735090608, 55, 12, 42, 0, 0, 0.17%, 8, 0, 9, 147.93
1735090614, 55, 19, 42, 0, 0, 0.17%, 8, 0, 9, 140.38
1735090629, 55, 29, 42, 0, 0, 0.17%, 8, 0, 9, 153.98
1735090634, 55, 34, 42, 0, 0, 0.17%, 8, 0, 9, 156.82
1735090639, 55, 41, 42, 0, 0, 0.17%, 8, 0, 9, 172.27
1735090659, 56, 12, 42, 0, 0, 0.17%, 8, 0, 9, 140.70
1735090664, 56, 29, 42, 0, 0, 0.17%, 8, 0, 9, 142.89
1735090669, 56, 34, 42, 0, 0, 0.17%, 8, 0, 9, 153.15
1735090674, 57, 11, 42, 0, 0, 0.17%, 8, 0, 9, 153.78
1735090679, 57, 12, 42, 0, 0, 0.17%, 8, 0, 9, 137.90
1735090684, 57, 24, 42, 0, 0, 0.17%, 8, 0, 9, 156.44
1735090700, 57, 29, 42, 0, 0, 0.17%, 8, 0, 9, 137.64
1735090705, 57, 34, 42, 0, 0, 0.17%, 8, 0, 9, 144.96
1735090710, 58, 1, 42, 0, 0, 0.17%, 8, 0, 9, 139.69
1735090715, 58, 12, 42, 0, 0, 0.17%, 8, 0, 9, 141.29
1735090720, 58, 24, 42, 0, 0, 0.17%, 8, 0, 9, 152.84
1735090740, 58, 29, 42, 0, 0, 0.17%, 8, 0, 9, 149.70
1735090745, 58, 34, 42, 0, 0, 0.17%, 8, 0, 9, 151.49
1735090751, 59, 12, 42, 0, 0, 0.17%, 8, 0, 9, 143.29
1735090756, 59, 16, 42, 0, 0, 0.17%, 8, 0, 9, 147.48
1735090776, 59, 29, 42, 0, 0, 0.17%, 8, 0, 9, 151.66
1735090781, 59, 34, 42, 0, 0, 0.17%, 8, 0, 9, 159.73
1735090786, 60, 9, 42, 0, 0, 0.17%, 8, 0, 9, 156.66
1735090791, 60, 12, 42, 0, 0, 0.17%, 8, 0, 9, 144.18
1735090796, 60, 16, 42, 0, 0, 0.17%, 8, 0, 9, 143.43
1735090817, 60, 29, 42, 0, 0, 0.17%, 8, 0, 9, 148.10
1735090822, 60, 34, 42, 0, 0, 0.17%, 8, 0, 9, 164.78
1735090827, 60, 36, 42, 0, 0, 0.17%, 8, 0, 9, 183.87
1735090843, 61, 12, 42, 0, 0, 0.17%, 8, 0, 9, 149.76
1735090848, 61, 16, 42, 0, 0, 0.17%, 8, 0, 9, 152.39
1735090868, 61, 29, 42, 0, 0, 0.17%, 8, 0, 9, 141.82
1735090873, 61, 34, 42, 0, 0, 0.17%, 8, 0, 9, 158.19
1735090878, 62, 11, 42, 0, 0, 0.17%, 8, 0, 9, 154.49
1735090884, 62, 12, 42, 0, 0, 0.17%, 8, 0, 9, 152.24
1735090889, 62, 27, 42, 0, 0, 0.17%, 8, 0, 9, 144.15
1735090909, 62, 29, 42, 0, 0, 0.17%, 8, 0, 9, 151.29
1735090914, 62, 34, 42, 0, 0, 0.17%, 8, 0, 9, 156.09
1735090919, 63, 12, 42, 0, 0, 0.17%, 8, 0, 9, 143.70
1735090924, 63, 28, 42, 0, 0, 0.17%, 8, 0, 9, 159.43
1735090945, 63, 29, 42, 0, 0, 0.17%, 8, 0, 9, 152.94
1735090950, 63, 34, 42, 0, 0, 0.17%, 8, 0, 9, 156.51
1735090955, 64, 12, 42, 0, 0, 0.17%, 8, 0, 9, 149.30
1735090960, 64, 29, 42, 0, 0, 0.17%, 8, 0, 9, 147.26
1735090965, 64, 34, 42, 0, 0, 0.17%, 8, 0, 9, 152.18
1735090970, 65, 6, 42, 0, 0, 0.17%, 8, 0, 9, 148.10
1735090975, 65, 12, 42, 0, 0, 0.17%, 8, 0, 9, 147.51
1735090980, 65, 29, 42, 0, 0, 0.17%, 8, 0, 9, 136.74
1735090985, 65, 34, 42, 0, 0, 0.17%, 8, 0, 9, 147.63
1735090990, 65, 37, 42, 0, 0, 0.17%, 8, 0, 9, 158.55
1735091016, 65, 40, 42, 0, 0, 0.17%, 8, 0, 9, 161.78
1735091046, 66, 12, 42, 0, 0, 0.17%, 8, 0, 9, 158.08
1735091051, 66, 25, 42, 0, 0, 0.17%, 8, 0, 9, 167.38
1735091071, 66, 29, 42, 0, 0, 0.17%, 8, 0, 9, 144.52
1735091077, 66, 34, 42, 0, 0, 0.17%, 8, 0, 9, 150.77
1735091082, 67, 12, 42, 0, 0, 0.17%, 8, 0, 9, 139.96
1735091087, 67, 29, 42, 0, 0, 0.17%, 8, 0, 9, 142.57
1735091092, 67, 34, 42, 0, 0, 0.17%, 8, 0, 9, 152.04
1735091097, 68, 12, 42, 0, 0, 0.17%, 8, 0, 9, 155.68
1735091102, 68, 29, 42, 0, 0, 0.17%, 8, 0, 9, 151.11
1735091107, 68, 34, 42, 0, 0, 0.17%, 8, 0, 9, 158.36
1735091112, 69, 11, 42, 0, 0, 0.17%, 8, 0, 9, 157.40
1735091117, 69, 12, 42, 0, 0, 0.17%, 8, 0, 9, 141.87
1735091123, 69, 16, 42, 0, 0, 0.17%, 8, 0, 9, 141.13
1735091133, 69, 29, 42, 0, 0, 0.17%, 8, 0, 9, 148.30
1735091138, 70, 5, 42, 0, 0, 0.17%, 8, 0, 9, 160.37
1735091143, 70, 12, 42, 0, 0, 0.17%, 8, 0, 9, 145.00
1735091148, 70, 17, 42, 0, 0, 0.17%, 8, 0, 9, 158.31
1735091169, 70, 29, 42, 0, 0, 0.17%, 8, 0, 9, 143.64
1735091174, 70, 34, 42, 0, 0, 0.17%, 8, 0, 9, 160.86
1735091179, 71, 12, 42, 0, 0, 0.17%, 8, 0, 9, 145.56
1735091184, 71, 29, 42, 0, 0, 0.17%, 8, 0, 9, 143.24
1735091189, 71, 32, 42, 0, 0, 0.17%, 8, 0, 9, 148.95
1735091210, 71, 33, 42, 0, 0, 0.17%, 8, 0, 9, 170.54
1735091225, 71, 34, 42, 0, 0, 0.17%, 8, 0, 9, 158.07
1735091230, 72, 11, 42, 0, 0, 0.17%, 8, 0, 9, 149.20
1735091235, 72, 12, 42, 0, 0, 0.17%, 8, 0, 9, 144.67
1735091240, 72, 22, 42, 0, 0, 0.17%, 8, 0, 9, 177.54
1735091256, 72, 29, 42, 0, 0, 0.17%, 8, 0, 9, 138.47
1735091261, 72, 34, 42, 0, 0, 0.17%, 8, 0, 9, 161.10
1735091266, 72, 38, 42, 0, 0, 0.17%, 8, 0, 9, 170.95
1735091302, 73, 11, 42, 0, 0, 0.17%, 8, 0, 9, 161.74
1735091307, 73, 12, 42, 0, 0, 0.17%, 8, 0, 9, 146.20
1735091312, 73, 25, 42, 0, 0, 0.17%, 8, 0, 9, 175.69
1735091322, 73, 29, 42, 0, 0, 0.17%, 8, 0, 9, 158.04
1735091327, 73, 33, 42, 0, 0, 0.17%, 8, 0, 9, 187.26
1735091342, 73, 34, 42, 0, 0, 0.17%, 8, 0, 9, 161.17
1735091347, 74, 12, 42, 0, 0, 0.17%, 8, 0, 9, 151.63
1735091352, 74, 24, 42, 0, 0, 0.17%, 8, 0, 9, 155.90
1735091373, 74, 29, 42, 0, 0, 0.17%, 8, 0, 9, 141.57
1735091378, 74, 34, 42, 0, 0, 0.17%, 8, 0, 9, 154.06
1735091383, 75, 12, 42, 0, 0, 0.17%, 8, 0, 9, 146.45
1735091388, 75, 29, 42, 0, 0, 0.17%, 8, 0, 9, 146.31
1735091393, 75, 33, 42, 0, 0, 0.17%, 8, 0, 9, 166.26
1735091413, 75, 34, 42, 0, 0, 0.17%, 8, 0, 9, 154.65
1735091418, 76, 12, 42, 0, 0, 0.17%, 8, 0, 9, 137.77
1735091423, 76, 28, 42, 0, 0, 0.17%, 8, 0, 9, 188.34
1735091439, 76, 29, 42, 0, 0, 0.17%, 8, 0, 9, 147.57
1735091444, 76, 34, 42, 0, 0, 0.17%, 8, 0, 9, 153.85
1735091449, 76, 39, 42, 0, 0, 0.17%, 8, 0, 9, 167.28
1735091485, 77, 11, 42, 0, 0, 0.17%, 8, 0, 9, 152.80
1735091490, 77, 12, 42, 0, 0, 0.17%, 8, 0, 9, 154.86
1735091495, 77, 34, 42, 0, 0, 0.17%, 8, 0, 9, 158.93
1735091500, 78, 7, 42, 0, 0, 0.17%, 8, 0, 9, 150.70
1735091505, 78, 11, 42, 0, 0, 0.17%, 8, 0, 9, 152.22
1735091510, 78, 12, 42, 0, 0, 0.17%, 8, 0, 9, 141.62
1735091515, 78, 29, 42, 0, 0, 0.17%, 8, 0, 9, 149.96
1735091520, 79, 1, 42, 0, 0, 0.17%, 8, 0, 9, 157.98
1735091525, 79, 12, 42, 0, 0, 0.17%, 8, 0, 9, 146.97
1735091531, 79, 25, 42, 0, 0, 0.17%, 8, 0, 9, 167.29
1735091541, 79, 29, 42, 0, 0, 0.17%, 8, 0, 9, 143.19
1735091546, 79, 34, 42, 0, 0, 0.17%, 8, 0, 9, 154.66
1735091551, 79, 38, 42, 0, 0, 0.17%, 8, 0, 9, 165.93
1735091587, 80, 11, 42, 0, 0, 0.17%, 8, 0, 9, 143.80
1735091592, 80, 12, 42, 0, 0, 0.17%, 8, 0, 9, 139.18
1735091597, 80, 20, 42, 0, 0, 0.17%, 8, 0, 9, 156.41
1735091612, 80, 22, 42, 0, 0, 0.17%, 8, 0, 9, 150.20
1735091632, 80, 29, 42, 0, 0, 0.17%, 8, 0, 9, 153.46
1735091637, 81, 11, 42, 0, 0, 0.17%, 8, 0, 9, 154.40
1735091643, 81, 12, 42, 0, 0, 0.17%, 8, 0, 9, 138.51
1735091648, 81, 21, 42, 0, 0, 0.17%, 8, 0, 9, 150.27
1735091663, 81, 29, 42, 0, 0, 0.17%, 8, 0, 9, 146.76
1735091668, 81, 34, 42, 0, 0, 0.17%, 8, 0, 9, 142.63
1735091673, 82, 0, 42, 0, 0, 0.17%, 8, 0, 9, 156.68
1735091678, 82, 12, 42, 0, 0, 0.17%, 8, 0, 9, 144.89
1735091684, 82, 18, 42, 0, 0, 0.17%, 8, 0, 9, 144.30
1735091704, 82, 29, 42, 0, 0, 0.17%, 8, 0, 9, 150.97
1735091709, 82, 34, 42, 0, 0, 0.17%, 8, 0, 9, 149.45
1735091714, 83, 12, 42, 0, 0, 0.17%, 8, 0, 9, 144.86
1735091719, 83, 13, 42, 0, 0, 0.17%, 8, 0, 9, 151.70
1735091740, 83, 29, 42, 0, 0, 0.17%, 8, 0, 9, 150.64
1735091745, 83, 34, 42, 0, 0, 0.17%, 8, 0, 9, 159.89
1735091750, 84, 10, 42, 0, 0, 0.17%, 8, 0, 9, 142.25
1735091760, 84, 12, 42, 0, 0, 0.17%, 8, 0, 9, 148.71
1735091765, 84, 22, 42, 0, 0, 0.17%, 8, 0, 9, 155.43
1735091785, 84, 29, 42, 0, 0, 0.17%, 8, 0, 9, 153.91
1735091790, 84, 34, 42, 0, 0, 0.17%, 8, 0, 9, 150.73
1735091796, 84, 36, 42, 0, 0, 0.17%, 8, 0, 9, 184.37
1735091811, 85, 11, 42, 0, 0, 0.17%, 8, 0, 9, 139.08
1735091816, 85, 12, 42, 0, 0, 0.17%, 8, 0, 9, 154.23
1735091821, 85, 29, 42, 0, 0, 0.17%, 8, 0, 9, 149.82
1735091826, 85, 32, 42, 0, 0, 0.17%, 8, 0, 9, 186.33
1735091841, 85, 33, 42, 0, 0, 0.17%, 8, 0, 9, 185.99
1735091856, 85, 34, 42, 0, 0, 0.17%, 8, 0, 9, 166.46
1735091861, 85, 36, 42, 0, 0, 0.17%, 8, 0, 9, 167.83
1735091882, 85, 41, 42, 0, 0, 0.17%, 8, 0, 9, 184.21
1735091897, 86, 11, 42, 0, 0, 0.17%, 8, 0, 9, 139.51
1735091902, 86, 21, 42, 0, 0, 0.17%, 8, 0, 9, 141.31
1735091923, 86, 29, 42, 0, 0, 0.17%, 8, 0, 9, 149.28
1735091928, 86, 34, 42, 0, 0, 0.17%, 8, 0, 9, 164.19
1735091933, 87, 12, 42, 0, 0, 0.17%, 8, 0, 9, 156.29
1735091938, 87, 14, 42, 0, 0, 0.17%, 8, 0, 9, 151.47
1735091958, 87, 29, 42, 0, 0, 0.17%, 8, 0, 9, 150.19
1735091963, 87, 34, 42, 0, 0, 0.17%, 8, 0, 9, 151.36
1735091968, 87, 37, 42, 0, 0, 0.17%, 8, 0, 9, 159.47
1735091999, 88, 12, 42, 0, 0, 0.17%, 8, 0, 9, 152.51
1735092004, 88, 20, 42, 0, 0, 0.17%, 8, 0, 9, 152.44
1735092019, 88, 29, 42, 0, 0, 0.17%, 8, 0, 9, 141.68
1735092024, 88, 34, 42, 0, 0, 0.17%, 8, 0, 9, 159.37
1735092029, 88, 37, 42, 0, 0, 0.17%, 8, 0, 9, 170.21
1735092055, 89, 11, 42, 0, 0, 0.17%, 8, 0, 9, 140.28
1735092060, 89, 12, 42, 0, 0, 0.17%, 8, 0, 9, 144.48
1735092065, 89, 24, 42, 0, 0, 0.17%, 8, 0, 9, 157.39
1735092080, 89, 27, 42, 0, 0, 0.17%, 8, 0, 9, 148.19
1735092106, 89, 29, 42, 0, 0, 0.17%, 8, 0, 9, 151.00
1735092111, 89, 34, 42, 0, 0, 0.17%, 8, 0, 9, 155.84
1735092116, 90, 12, 42, 0, 0, 0.17%, 8, 0, 9, 148.97
1735092121, 90, 15, 42, 0, 0, 0.17%, 8, 0, 9, 175.30
1735092142, 90, 29, 42, 0, 0, 0.17%, 8, 0, 9, 145.94
1735092147, 90, 31, 42, 0, 0, 0.17%, 8, 0, 9, 168.65
1735092162, 90, 34, 42, 0, 0, 0.17%, 8, 0, 9, 162.09
1735092167, 91, 11, 42, 0, 0, 0.17%, 8, 0, 9, 151.42
1735092172, 91, 12, 42, 0, 0, 0.17%, 8, 0, 9, 144.29
1735092177, 91, 13, 42, 0, 0, 0.17%, 8, 0, 9, 144.34
1735092187, 91, 29, 42, 0, 0, 0.17%, 8, 0, 9, 152.60
1735092192, 91, 34, 42, 0, 0, 0.17%, 8, 0, 9, 158.59
1735092197, 92, 11, 42, 0, 0, 0.17%, 8, 0, 9, 147.43
1735092202, 92, 29, 42, 0, 0, 0.17%, 8, 0, 9, 149.29
1735092207, 92, 32, 42, 0, 0, 0.17%, 8, 0, 9, 153.49
1735092228, 92, 34, 42, 0, 0, 0.17%, 8, 0, 9, 165.46
1735092233, 93, 10, 42, 0, 0, 0.17%, 8, 0, 9, 144.91
1735092243, 93, 12, 42, 0, 0, 0.17%, 8, 0, 9, 144.63
1735092249, 93, 14, 42, 0, 0, 0.17%, 8, 0, 9, 158.47
1735092269, 93, 16, 42, 0, 0, 0.17%, 8, 0, 9, 146.92
1735092279, 93, 23, 42, 0, 0, 0.17%, 8, 0, 9, 169.33
1735092294, 93, 26, 42, 0, 0, 0.17%, 8, 0, 9, 153.38
1735092315, 93, 27, 42, 0, 0, 0.17%, 8, 0, 9, 153.69
1735092335, 93, 29, 42, 0, 0, 0.17%, 8, 0, 9, 150.43
1735092340, 93, 34, 42, 0, 0, 0.17%, 8, 0, 9, 151.62
1735092345, 93, 41, 42, 0, 0, 0.17%, 8, 0, 9, 167.39
1735092366, 94, 12, 42, 0, 0, 0.17%, 8, 0, 9, 138.17
1735092371, 94, 29, 42, 0, 0, 0.17%, 8, 0, 9, 147.30
1735092376, 94, 34, 42, 0, 0, 0.17%, 8, 0, 9, 153.18
1735092381, 94, 35, 42, 0, 0, 0.17%, 8, 0, 9, 181.49
1735092396, 95, 11, 42, 0, 0, 0.17%, 8, 0, 9, 166.15
1735092401, 95, 12, 42, 0, 0, 0.17%, 8, 0, 9, 153.36
1735092407, 95, 20, 42, 0, 0, 0.17%, 8, 0, 9, 154.90
1735092422, 95, 29, 42, 0, 0, 0.17%, 8, 0, 9, 136.43
1735092427, 95, 32, 42, 0, 0, 0.17%, 8, 0, 9, 143.27
1735092437, 95, 34, 42, 0, 0, 0.17%, 8, 0, 9, 151.05
1735092442, 96, 11, 42, 0, 0, 0.17%, 8, 0, 9, 151.53
1735092447, 96, 12, 42, 0, 0, 0.17%, 8, 0, 9, 147.73
1735092452, 96, 27, 42, 0, 0, 0.17%, 8, 0, 9, 138.57
1735092462, 96, 33, 42, 0, 0, 0.17%, 8, 0, 9, 158.87
1735092483, 96, 34, 42, 0, 0, 0.17%, 8, 0, 9, 162.37
1735092488, 97, 12, 42, 0, 0, 0.17%, 8, 0, 9, 138.65
1735092493, 97, 15, 42, 0, 0, 0.17%, 8, 0, 9, 173.20
1735092513, 97, 29, 42, 0, 0, 0.17%, 8, 0, 9, 149.53
1735092518, 98, 8, 42, 0, 0, 0.17%, 8, 0, 9, 156.36
1735092523, 98, 12, 42, 0, 0, 0.17%, 8, 0, 9, 144.36
1735092529, 98, 27, 42, 0, 0, 0.17%, 8, 0, 9, 141.40
1735092539, 98, 29, 42, 0, 0, 0.17%, 8, 0, 9, 149.44
1735092544, 98, 34, 42, 0, 0, 0.17%, 8, 0, 9, 159.62
1735092549, 99, 11, 42, 0, 0, 0.17%, 8, 0, 9, 149.55
1735092554, 99, 12, 42, 0, 0, 0.17%, 8, 0, 9, 143.06
1735092559, 99, 14, 42, 0, 0, 0.17%, 8, 0, 9, 157.06
1735092574, 99, 24, 42, 0, 0, 0.17%, 8, 0, 9, 142.29
1735092585, 99, 27, 42, 0, 0, 0.17%, 8, 0, 9, 152.24
1735092590, 99, 29, 42, 0, 0, 0.17%, 8, 0, 9, 141.88
1735092595, 99, 34, 42, 0, 0, 0.17%, 8, 0, 9, 159.22
1735092600, 100, 12, 42, 0, 0, 0.17%, 8, 0, 9, 149.83
1735092605, 100, 20, 42, 0, 0, 0.17%, 8, 0, 9, 153.16
1735092625, 100, 22, 42, 0, 0, 0.17%, 8, 0, 9, 179.29
1735092630, 100, 29, 42, 0, 0, 0.17%, 8, 0, 9, 158.23
1735092635, 100, 34, 42, 0, 0, 0.17%, 8, 0, 9, 154.92
1735092640, 100, 39, 42, 0, 0, 0.17%, 8, 0, 9, 157.92
1735092681, 101, 12, 42, 0, 0, 0.17%, 8, 0, 9, 150.27
1735092686, 101, 29, 42, 0, 0, 0.17%, 8, 0, 9, 150.94
1735092691, 101, 32, 42, 0, 0, 0.17%, 8, 0, 9, 173.22
1735092701, 101, 34, 42, 0, 0, 0.17%, 8, 0, 9, 160.67
1735092706, 102, 12, 42, 0, 0, 0.17%, 8, 0, 9, 149.82
1735092711, 102, 29, 42, 0, 0, 0.17%, 8, 0, 9, 142.74
1735092716, 102, 34, 42, 0, 0, 0.17%, 8, 0, 9, 161.25
1735092721, 102, 37, 42, 0, 0, 0.17%, 8, 0, 9, 158.02
1735092752, 103, 11, 42, 0, 0, 0.17%, 8, 0, 9, 133.73
1735092757, 103, 12, 42, 0, 0, 0.17%, 8, 0, 9, 133.96
1735092762, 103, 27, 42, 0, 0, 0.17%, 8, 0, 9, 142.77
1735092768, 103, 29, 42, 0, 0, 0.17%, 8, 0, 9, 155.54
1735092773, 104, 11, 42, 0, 0, 0.17%, 8, 0, 9, 158.16
1735092778, 104, 12, 42, 0, 0, 0.17%, 8, 0, 9, 142.72
1735092783, 104, 17, 42, 0, 0, 0.17%, 8, 0, 9, 156.77
1735092798, 104, 27, 42, 0, 0, 0.17%, 8, 0, 9, 137.80
1735092803, 104, 28, 42, 0, 0, 0.17%, 8, 0, 9, 166.29
1735092824, 104, 29, 42, 0, 0, 0.17%, 8, 0, 9, 145.75
1735092829, 104, 34, 42, 0, 0, 0.17%, 8, 0, 9, 153.81
1735092834, 105, 12, 42, 0, 0, 0.17%, 8, 0, 9, 148.81
1735092839, 105, 29, 42, 0, 0, 0.17%, 8, 0, 9, 147.53
1735092844, 105, 34, 42, 0, 0, 0.17%, 8, 0, 9, 157.77
1735092849, 106, 11, 42, 0, 0, 0.17%, 8, 0, 9, 154.72
1735092854, 106, 12, 42, 0, 0, 0.17%, 8, 0, 9, 154.33
1735092860, 106, 29, 42, 0, 0, 0.17%, 8, 0, 9, 159.45
1735092865, 107, 11, 42, 0, 0, 0.17%, 8, 0, 9, 149.35
1735092870, 107, 12, 42, 0, 0, 0.17%, 8, 0, 9, 146.35
1735092875, 107, 17, 42, 0, 0, 0.17%, 8, 0, 9, 161.85
1735092890, 107, 29, 42, 0, 0, 0.17%, 8, 0, 9, 138.74
1735092896, 107, 34, 42, 0, 0, 0.17%, 8, 0, 9, 162.44
1735092901, 108, 11, 42, 0, 0, 0.17%, 8, 0, 9, 153.96
1735092906, 108, 12, 42, 0, 0, 0.17%, 8, 0, 9, 154.84
1735092911, 108, 23, 42, 0, 0, 0.17%, 8, 0, 9, 173.34
1735092926, 108, 29, 42, 0, 0, 0.17%, 8, 0, 9, 145.89
1735092931, 108, 32, 42, 0, 0, 0.17%, 8, 0, 9, 157.64
1735092936, 108, 34, 42, 0, 0, 0.17%, 8, 0, 9, 150.26
1735092941, 109, 12, 42, 0, 0, 0.17%, 8, 0, 9, 141.72
1735092947, 109, 29, 42, 0, 0, 0.17%, 8, 0, 9, 146.45
1735092952, 109, 34, 42, 0, 0, 0.17%, 8, 0, 9, 160.27
1735092957, 109, 39, 42, 0, 0, 0.17%, 8, 0, 9, 165.17
1735092993, 110, 6, 42, 0, 0, 0.17%, 8, 0, 9, 151.42
1735092998, 110, 12, 42, 0, 0, 0.17%, 8, 0, 9, 139.61
1735093003, 110, 29, 42, 0, 0, 0.17%, 8, 0, 9, 138.27
1735093008, 110, 34, 42, 0, 0, 0.17%, 8, 0, 9, 162.40
1735093013, 111, 11, 42, 0, 0, 0.17%, 8, 0, 9, 147.35
1735093018, 111, 12, 42, 0, 0, 0.17%, 8, 0, 9, 150.46
1735093023, 111, 29, 42, 0, 0, 0.17%, 8, 0, 9, 142.64
1735093028, 111, 34, 42, 0, 0, 0.17%, 8, 0, 9, 157.67
1735093033, 111, 41, 42, 0, 0, 0.17%, 8, 0, 9, 180.71
1735093048, 112, 7, 42, 0, 0, 0.17%, 8, 0, 9, 148.17
1735093053, 112, 12, 42, 0, 0, 0.17%, 8, 0, 9, 140.59
1735093058, 112, 14, 42, 0, 0, 0.17%, 8, 0, 9, 157.12
1735093069, 112, 24, 42, 0, 0, 0.17%, 8, 0, 9, 157.04
1735093074, 112, 29, 42, 0, 0, 0.17%, 8, 0, 9, 157.29
1735093079, 112, 34, 42, 0, 0, 0.17%, 8, 0, 9, 150.34
1735093084, 113, 0, 42, 0, 0, 0.17%, 8, 0, 9, 148.54
1735093089, 113, 12, 42, 0, 0, 0.17%, 8, 0, 9, 141.47
1735093094, 113, 29, 42, 0, 0, 0.17%, 8, 0, 9, 142.09
1735093099, 113, 34, 42, 0, 0, 0.17%, 8, 0, 9, 161.74
1735093105, 114, 12, 42, 0, 0, 0.17%, 8, 0, 9, 148.62
1735093110, 114, 29, 42, 0, 0, 0.17%, 8, 0, 9, 139.39
1735093115, 114, 34, 42, 0, 0, 0.17%, 8, 0, 9, 151.39
1735093120, 114, 40, 42, 0, 0, 0.17%, 8, 0, 9, 161.75
1735093151, 115, 4, 42, 0, 0, 0.17%, 8, 0, 9, 133.04
1735093156, 115, 12, 42, 0, 0, 0.17%, 8, 0, 9, 138.62
1735093161, 115, 23, 42, 0, 0, 0.17%, 8, 0, 9, 162.63
1735093182, 115, 29, 42, 0, 0, 0.17%, 8, 0, 9, 149.22
1735093187, 115, 34, 42, 0, 0, 0.17%, 8, 0, 9, 155.52
1735093192, 115, 37, 42, 0, 0, 0.17%, 8, 0, 9, 159.34
1735093218, 116, 11, 42, 0, 0, 0.17%, 8, 0, 9, 142.80
1735093223, 116, 12, 42, 0, 0, 0.17%, 8, 0, 9, 140.44
1735093228, 116, 29, 42, 0, 0, 0.17%, 8, 0, 9, 150.19
1735093233, 116, 30, 42, 0, 0, 0.17%, 8, 0, 9, 190.10
1735093248, 116, 34, 42, 0, 0, 0.17%, 8, 0, 9, 143.47
1735093254, 117, 4, 42, 0, 0, 0.17%, 8, 0, 9, 144.88
1735093259, 117, 12, 42, 0, 0, 0.17%, 8, 0, 9, 147.42
1735093264, 117, 29, 42, 0, 0, 0.17%, 8, 0, 9, 138.51
1735093269, 117, 34, 42, 0, 0, 0.17%, 8, 0, 9, 146.51
1735093274, 117, 37, 42, 0, 0, 0.17%, 8, 0, 9, 153.15
1735093289, 117, 39, 42, 0, 0, 0.17%, 8, 0, 9, 165.61
1735093320, 118, 11, 42, 0, 0, 0.17%, 8, 0, 9, 152.43
1735093325, 118, 12, 42, 0, 0, 0.17%, 8, 0, 9, 144.92
1735093330, 118, 29, 42, 0, 0, 0.17%, 8, 0, 9, 149.44
1735093335, 118, 34, 42, 0, 0, 0.17%, 8, 0, 9, 150.39
1735093340, 118, 35, 42, 0, 0, 0.17%, 8, 0, 9, 189.46
1735093355, 118, 39, 42, 0, 0, 0.17%, 8, 0, 9, 171.64
1735093390, 119, 11, 42, 0, 0, 0.17%, 8, 0, 9, 156.73
1735093395, 119, 16, 42, 0, 0, 0.17%, 8, 0, 9, 148.77
1735093400, 119, 24, 42, 0, 0, 0.17%, 8, 0, 9, 154.04
1735093405, 119, 29, 42, 0, 0, 0.17%, 8, 0, 9, 151.89
1735093411, 119, 34, 42, 0, 0, 0.17%, 8, 0, 9, 154.71
1735093416, 120, 0, 42, 0, 0, 0.17%, 8, 0, 9, 156.00
1735093421, 120, 12, 42, 0, 0, 0.17%, 8, 0, 9, 146.54
1735093426, 120, 18, 42, 0, 0, 0.17%, 8, 0, 9, 151.38
1735093446, 120, 28, 42, 0, 0, 0.17%, 8, 0, 9, 187.09
1735093462, 120, 29, 42, 0, 0, 0.17%, 8, 0, 9, 156.62
1735093467, 120, 34, 42, 0, 0, 0.17%, 8, 0, 9, 158.75
1735093472, 121, 10, 42, 0, 0, 0.17%, 8, 0, 9, 141.89
1735093482, 121, 11, 42, 0, 0, 0.17%, 8, 0, 9, 146.07
1735093487, 121, 29, 42, 0, 0, 0.17%, 8, 0, 9, 149.02
1735093492, 121, 30, 42, 0, 0, 0.17%, 8, 0, 9, 160.94
1735093513, 121, 34, 42, 0, 0, 0.17%, 8, 0, 9, 149.13
1735093518, 122, 11, 42, 0, 0, 0.17%, 8, 0, 9, 146.36
1735093523, 122, 12, 42, 0, 0, 0.17%, 8, 0, 9, 134.77
1735093528, 122, 17, 42, 0, 0, 0.17%, 8, 0, 9, 157.59
1735093543, 122, 24, 42, 0, 0, 0.17%, 8, 0, 9, 152.03
1735093548, 122, 29, 42, 0, 0, 0.17%, 8, 0, 9, 143.42
1735093553, 122, 34, 42, 0, 0, 0.17%, 8, 0, 9, 148.67
1735093559, 123, 12, 42, 0, 0, 0.17%, 8, 0, 9, 143.27
1735093564, 123, 29, 42, 0, 0, 0.17%, 8, 0, 9, 138.48
1735093569, 123, 34, 42, 0, 0, 0.17%, 8, 0, 9, 155.98
1735093574, 124, 11, 42, 0, 0, 0.17%, 8, 0, 9, 147.34
1735093579, 124, 12, 42, 0, 0, 0.17%, 8, 0, 9, 137.72
1735093584, 124, 29, 42, 0, 0, 0.17%, 8, 0, 9, 142.69
1735093589, 124, 34, 42, 0, 0, 0.17%, 8, 0, 9, 150.12
1735093594, 124, 35, 42, 0, 0, 0.17%, 8, 0, 9, 192.21
1735093610, 125, 10, 42, 0, 0, 0.17%, 8, 0, 9, 148.11
1735093620, 125, 11, 42, 0, 0, 0.17%, 8, 0, 9, 138.58
1735093625, 125, 29, 42, 0, 0, 0.17%, 8, 0, 9, 137.88
1735093630, 125, 34, 42, 0, 0, 0.17%, 8, 0, 9, 144.85
1735093635, 125, 38, 42, 0, 0, 0.17%, 8, 0, 9, 157.44
1735093670, 126, 11, 42, 0, 0, 0.17%, 8, 0, 9, 148.69
1735093675, 126, 12, 42, 0, 0, 0.17%, 8, 0, 9, 150.26
1735093680, 126, 29, 42, 0, 0, 0.17%, 8, 0, 9, 156.91
1735093685, 127, 11, 42, 0, 0, 0.17%, 8, 0, 9, 151.01
1735093691, 127, 12, 42, 0, 0, 0.17%, 8, 0, 9, 142.69
1735093696, 127, 27, 42, 0, 0, 0.17%, 8, 0, 9, 149.86
1735093701, 127, 28, 42, 0, 0, 0.17%, 8, 0, 9, 183.00
1735093716, 127, 29, 42, 0, 0, 0.17%, 8, 0, 9, 149.85
1735093721, 127, 34, 42, 0, 0, 0.17%, 8, 0, 9, 163.13
1735093726, 127, 40, 42, 0, 0, 0.17%, 8, 0, 9, 157.41
1735093757, 128, 12, 42, 0, 0, 0.17%, 8, 0, 9, 137.96
1735093762, 128, 23, 42, 0, 0, 0.17%, 8, 0, 9, 143.37
1735093782, 128, 29, 42, 0, 0, 0.17%, 8, 0, 9, 157.35
1735093787, 128, 34, 42, 0, 0, 0.17%, 8, 0, 9, 152.05
1735093793, 128, 37, 42, 0, 0, 0.17%, 8, 0, 9, 163.37
1735093803, 129, 11, 42, 0, 0, 0.17%, 8, 0, 9, 150.36
1735093808, 129, 12, 42, 0, 0, 0.17%, 8, 0, 9, 152.78
1735093813, 129, 19, 42, 0, 0, 0.17%, 8, 0, 9, 142.46
1735093834, 129, 20, 42, 0, 0, 0.17%, 8, 0, 9, 144.76
1735093844, 129, 34, 42, 0, 0, 0.17%, 8, 0, 9, 153.50
1735093849, 130, 11, 42, 0, 0, 0.17%, 8, 0, 9, 156.17
1735093854, 130, 12, 42, 0, 0, 0.17%, 8, 0, 9, 145.28
1735093859, 130, 19, 42, 0, 0, 0.17%, 8, 0, 9, 140.97
1735093879, 130, 25, 42, 0, 0, 0.17%, 8, 0, 9, 157.98
1735093884, 130, 29, 42, 0, 0, 0.17%, 8, 0, 9, 153.51
1735093890, 130, 31, 42, 0, 0, 0.17%, 8, 0, 9, 175.12
1735093905, 130, 34, 42, 0, 0, 0.17%, 8, 0, 9, 158.56
1735093910, 131, 12, 42, 0, 0, 0.17%, 8, 0, 9, 144.92
1735093915, 131, 29, 42, 0, 0, 0.17%, 8, 0, 9, 139.67
1735093920, 131, 34, 42, 0, 0, 0.17%, 8, 0, 9, 134.14
1735093926, 132, 1, 42, 0, 0, 0.17%, 8, 0, 9, 140.40
1735093931, 132, 12, 42, 0, 0, 0.17%, 8, 0, 9, 133.06
1735093936, 132, 29, 42, 0, 0, 0.17%, 8, 0, 9, 142.03
1735093941, 132, 34, 42, 0, 0, 0.17%, 8, 0, 9, 160.84
1735093946, 133, 11, 42, 0, 0, 0.17%, 8, 0, 9, 148.52
1735093951, 133, 12, 42, 0, 0, 0.17%, 8, 0, 9, 147.95
1735093956, 133, 29, 42, 0, 0, 0.17%, 8, 0, 9, 151.39
1735093961, 133, 33, 42, 0, 0, 0.17%, 8, 0, 9, 164.97
1735093966, 133, 34, 42, 0, 0, 0.17%, 8, 0, 9, 156.09
1735093971, 134, 11, 42, 0, 0, 0.17%, 8, 0, 9, 155.94
1735093976, 134, 12, 42, 0, 0, 0.17%, 8, 0, 9, 152.82
1735093981, 134, 20, 42, 0, 0, 0.17%, 8, 0, 9, 159.56
1735093987, 134, 29, 42, 0, 0, 0.17%, 8, 0, 9, 137.95
1735093992, 134, 31, 42, 0, 0, 0.17%, 8, 0, 9, 162.73
1735094012, 134, 34, 42, 0, 0, 0.17%, 8, 0, 9, 146.51
1735094017, 135, 12, 42, 0, 0, 0.17%, 8, 0, 9, 143.66
1735094022, 135, 24, 42, 0, 0, 0.17%, 8, 0, 9, 152.85
1735094028, 135, 29, 42, 0, 0, 0.17%, 8, 0, 9, 147.92
1735094033, 135, 34, 42, 0, 0, 0.17%, 8, 0, 9, 160.38
1735094038, 135, 35, 42, 0, 0, 0.17%, 8, 0, 9, 173.29
1735094048, 135, 36, 42, 0, 0, 0.17%, 8, 0, 9, 188.59
1735094063, 136, 11, 42, 0, 0, 0.17%, 8, 0, 9, 141.82
1735094069, 136, 12, 42, 0, 0, 0.17%, 8, 0, 9, 153.94
1735094074, 136, 29, 42, 0, 0, 0.17%, 8, 0, 9, 142.74
1735094079, 136, 34, 42, 0, 0, 0.17%, 8, 0, 9, 143.09
