# unix_time, cycles_done, cur_path, paths_total, pending_total, pending_favs, map_size, unique_crashes, unique_hangs, max_depth, execs_per_sec
1735816823, 0, 0, 10, 10, 1, 0.01%, 0, 0, 1, 84.66
1735816828, 0, 2, 10, 10, 1, 0.01%, 0, 0, 1, 105.04
1735816833, 0, 3, 10, 9, 0, 0.01%, 0, 0, 1, 102.09
1735816843, 0, 4, 10, 8, 0, 0.01%, 0, 0, 1, 101.33
1735816854, 0, 5, 10, 7, 0, 0.01%, 0, 0, 1, 100.70
1735816864, 0, 6, 10, 6, 0, 0.01%, 0, 0, 1, 98.40
1735816874, 0, 7, 10, 5, 0, 0.01%, 0, 0, 1, 97.23
1735816884, 0, 8, 10, 4, 0, 0.01%, 0, 0, 1, 95.85
1735816894, 0, 9, 10, 3, 0, 0.01%, 0, 0, 1, 94.97
1735816904, 1, 0, 10, 2, 0, 0.01%, 0, 0, 1, 94.29
1735816915, 1, 1, 10, 1, 0, 0.01%, 0, 0, 1, 100.95
1735816930, 1, 3, 10, 0, 0, 0.01%, 0, 0, 1, 103.16
1735816935, 1, 4, 10, 0, 0, 0.01%, 0, 0, 1, 103.53
1735816940, 1, 6, 10, 0, 0, 0.01%, 0, 0, 1, 102.20
1735816945, 1, 7, 10, 0, 0, 0.01%, 0, 0, 1, 101.63
1735816950, 1, 8, 10, 0, 0, 0.01%, 0, 0, 1, 103.21
1735816956, 2, 0, 10, 0, 0, 0.01%, 0, 0, 1, 102.58
1735816961, 2, 1, 11, 1, 0, 0.16%, 1, 0, 2, 102.42
1735816966, 2, 10, 11, 1, 1, 0.16%, 1, 0, 2, 113.33
1735816971, 2, 10, 12, 2, 1, 0.16%, 2, 0, 3, 111.72
1735817012, 2, 11, 13, 2, 1, 0.16%, 3, 0, 4, 131.22
1735817027, 2, 11, 14, 3, 1, 0.16%, 3, 0, 4, 113.71
1735817048, 2, 11, 15, 4, 1, 0.16%, 3, 0, 4, 110.99
1735817084, 2, 11, 16, 5, 1, 0.17%, 4, 0, 4, 114.74
1735817130, 2, 11, 17, 6, 1, 0.17%, 4, 0, 4, 107.86
1735817135, 2, 12, 17, 5, 2, 0.17%, 4, 0, 4, 126.40
1735817192, 2, 15, 18, 5, 1, 0.17%, 5, 0, 5, 139.59
1735817202, 2, 15, 19, 6, 1, 0.17%, 5, 0, 5, 112.45
1735817249, 2, 15, 20, 7, 1, 0.17%, 5, 0, 5, 113.55
1735817357, 2, 17, 20, 6, 1, 0.17%, 5, 0, 5, 135.20
1735817382, 2, 17, 21, 7, 1, 0.17%, 5, 0, 6, 110.20
1735817428, 3, 11, 21, 6, 0, 0.17%, 5, 0, 6, 116.24
1735817434, 3, 12, 21, 6, 0, 0.17%, 5, 0, 6, 118.90
1735817449, 3, 12, 22, 7, 0, 0.17%, 5, 0, 6, 125.21
1735817454, 3, 15, 22, 7, 0, 0.17%, 5, 0, 6, 118.80
1735817475, 3, 16, 22, 7, 0, 0.17%, 5, 0, 6, 139.28
1735817495, 3, 16, 23, 8, 0, 0.17%, 5, 0, 6, 133.99
1735817542, 3, 17, 23, 7, 0, 0.17%, 5, 0, 6, 113.77
1735817547, 3, 17, 24, 8, 0, 0.17%, 5, 0, 6, 117.46
1735817568, 3, 20, 27, 11, 0, 0.17%, 5, 0, 6, 130.56
1735817614, 3, 22, 27, 10, 0, 0.17%, 5, 0, 6, 166.54
1735817639, 3, 22, 28, 11, 0, 0.17%, 5, 0, 6, 149.07
1735817660, 3, 22, 29, 12, 0, 0.17%, 5, 0, 6, 143.97
1735817731, 3, 23, 30, 12, 0, 0.17%, 5, 0, 7, 150.00
1735817757, 3, 23, 32, 14, 0, 0.17%, 5, 0, 7, 140.60
1735817788, 3, 23, 33, 15, 0, 0.17%, 5, 0, 7, 134.87
1735817803, 3, 23, 34, 16, 0, 0.17%, 5, 0, 7, 147.37
1735817813, 3, 23, 35, 17, 0, 0.17%, 5, 0, 7, 142.42
1735817829, 3, 23, 39, 21, 0, 0.17%, 6, 0, 7, 157.04
1735817839, 3, 24, 39, 20, 0, 0.17%, 6, 0, 7, 161.88
1735817921, 3, 28, 39, 19, 0, 0.17%, 6, 0, 7, 130.15
1735818089, 3, 33, 39, 18, 0, 0.17%, 6, 0, 7, 100.78
1735818941, 3, 37, 39, 17, 0, 0.17%, 6, 0, 7, 112.85
1735819739, 4, 12, 39, 16, 0, 0.17%, 6, 0, 7, 136.25
1735819745, 4, 15, 39, 16, 0, 0.17%, 6, 0, 7, 129.43
1735819750, 4, 17, 39, 16, 0, 0.17%, 6, 0, 7, 123.61
1735819755, 4, 35, 39, 16, 0, 0.17%, 6, 0, 7, 108.01
1735820502, 5, 11, 39, 15, 0, 0.17%, 6, 0, 7, 126.26
1735820507, 5, 12, 39, 15, 0, 0.17%, 6, 0, 7, 143.40
1735820513, 5, 13, 39, 15, 0, 0.17%, 6, 0, 7, 138.75
1735820538, 5, 15, 39, 14, 0, 0.17%, 6, 0, 7, 133.52
1735820543, 5, 17, 39, 14, 0, 0.17%, 6, 0, 7, 140.13
1735820554, 5, 23, 39, 14, 0, 0.17%, 6, 0, 7, 136.26
1735820564, 5, 29, 39, 14, 0, 0.17%, 6, 0, 7, 192.10
1735820595, 5, 31, 39, 13, 0, 0.17%, 6, 0, 7, 219.19
1735820631, 5, 32, 39, 12, 0, 0.17%, 6, 0, 7, 189.04
1735820671, 6, 12, 39, 11, 0, 0.17%, 6, 0, 7, 133.77
1735820677, 6, 15, 39, 11, 0, 0.17%, 6, 0, 7, 125.27
1735820682, 6, 17, 39, 11, 0, 0.17%, 6, 0, 7, 129.28
1735820687, 6, 23, 39, 11, 0, 0.17%, 6, 0, 7, 134.22
1735820697, 6, 26, 39, 11, 0, 0.17%, 6, 0, 7, 132.10
1735820738, 7, 12, 39, 10, 0, 0.17%, 6, 0, 7, 137.42
1735820743, 7, 15, 39, 10, 0, 0.17%, 6, 0, 7, 127.05
1735820748, 7, 16, 39, 10, 0, 0.17%, 6, 0, 7, 129.18
1735820759, 7, 17, 39, 10, 0, 0.17%, 6, 0, 7, 131.69
1735820764, 7, 18, 39, 10, 0, 0.17%, 6, 0, 7, 161.89
1735820795, 7, 19, 39, 9, 0, 0.17%, 6, 0, 7, 193.52
1735820876, 7, 20, 39, 8, 0, 0.17%, 6, 0, 7, 140.27
1735820887, 7, 21, 39, 8, 0, 0.17%, 6, 0, 7, 163.48
1735820912, 7, 23, 39, 7, 0, 0.17%, 6, 0, 7, 139.24
1735820917, 7, 25, 39, 7, 0, 0.17%, 6, 0, 7, 169.94
1735820963, 7, 27, 39, 6, 0, 0.17%, 6, 0, 7, 192.59
1735820989, 8, 1, 39, 5, 0, 0.17%, 6, 0, 7, 135.65
1735820994, 8, 11, 39, 5, 0, 0.17%, 6, 0, 7, 135.64
1735820999, 8, 12, 39, 5, 0, 0.17%, 6, 0, 7, 139.48
1735821005, 8, 14, 39, 5, 0, 0.17%, 6, 0, 7, 158.78
1735821030, 8, 15, 39, 4, 0, 0.17%, 6, 0, 7, 125.76
1735821035, 8, 17, 39, 4, 0, 0.17%, 6, 0, 7, 133.62
1735821041, 8, 22, 39, 4, 0, 0.17%, 6, 0, 7, 138.13
1735821056, 8, 36, 39, 4, 0, 0.17%, 6, 0, 7, 237.27
1735821122, 9, 12, 39, 3, 0, 0.17%, 6, 0, 7, 140.42
1735821127, 9, 15, 39, 3, 0, 0.17%, 6, 0, 7, 141.52
1735821133, 9, 17, 39, 3, 0, 0.17%, 6, 0, 7, 137.37
1735821138, 9, 37, 39, 3, 0, 0.17%, 6, 0, 7, 142.69
1735821153, 10, 0, 39, 3, 0, 0.17%, 6, 0, 7, 138.89
1735821158, 10, 11, 39, 3, 0, 0.17%, 6, 0, 7, 133.66
1735821163, 10, 12, 39, 3, 0, 0.17%, 6, 0, 7, 137.65
1735821168, 10, 15, 39, 3, 0, 0.17%, 6, 0, 7, 132.63
1735821173, 10, 17, 39, 3, 0, 0.17%, 6, 0, 7, 141.40
1735821179, 10, 25, 39, 3, 0, 0.17%, 6, 0, 7, 149.98
1735821189, 10, 30, 39, 3, 0, 0.17%, 6, 0, 7, 206.26
1735821260, 10, 34, 39, 2, 0, 0.17%, 6, 0, 7, 170.61
1735821306, 10, 38, 39, 1, 0, 0.17%, 6, 0, 7, 233.96
1735821469, 11, 11, 39, 0, 0, 0.17%, 6, 0, 7, 143.98
1735821474, 11, 12, 39, 0, 0, 0.17%, 6, 0, 7, 136.31
1735821479, 11, 15, 39, 0, 0, 0.17%, 6, 0, 7, 140.00
1735821484, 11, 17, 39, 0, 0, 0.17%, 6, 0, 7, 135.86
1735821490, 11, 18, 39, 0, 0, 0.17%, 6, 0, 7, 145.54
1735821500, 11, 24, 39, 0, 0, 0.17%, 6, 0, 7, 159.51
1735821510, 11, 30, 39, 0, 0, 0.17%, 6, 0, 7, 154.10
1735821520, 12, 11, 39, 0, 0, 0.17%, 6, 0, 7, 135.19
1735821526, 12, 12, 39, 0, 0, 0.17%, 6, 0, 7, 141.13
1735821531, 12, 17, 39, 0, 0, 0.17%, 6, 0, 7, 141.63
1735821536, 13, 5, 39, 0, 0, 0.17%, 6, 0, 7, 141.55
1735821541, 13, 12, 39, 0, 0, 0.17%, 6, 0, 7, 136.81
1735821546, 13, 15, 39, 0, 0, 0.17%, 6, 0, 7, 132.42
1735821551, 13, 17, 39, 0, 0, 0.17%, 6, 0, 7, 132.24
1735821557, 13, 28, 39, 0, 0, 0.17%, 6, 0, 7, 138.87
1735821567, 13, 30, 39, 0, 0, 0.17%, 6, 0, 7, 143.85
1735821577, 14, 4, 39, 0, 0, 0.17%, 6, 0, 7, 140.16
1735821582, 14, 12, 39, 0, 0, 0.17%, 6, 0, 7, 135.37
1735821587, 14, 15, 39, 0, 0, 0.17%, 6, 0, 7, 132.23
1735821593, 14, 16, 39, 0, 0, 0.17%, 6, 0, 7, 137.00
1735821598, 14, 17, 39, 0, 0, 0.17%, 6, 0, 7, 134.69
1735821603, 15, 11, 39, 0, 0, 0.17%, 6, 0, 7, 125.34
1735821608, 15, 12, 39, 0, 0, 0.17%, 6, 0, 7, 140.02
1735821613, 15, 15, 39, 0, 0, 0.17%, 6, 0, 7, 133.12
1735821618, 15, 17, 39, 0, 0, 0.17%, 6, 0, 7, 136.09
1735821624, 15, 30, 39, 0, 0, 0.17%, 6, 0, 7, 157.23
1735821629, 16, 12, 39, 0, 0, 0.17%, 6, 0, 7, 140.11
1735821634, 16, 15, 39, 0, 0, 0.17%, 6, 0, 7, 136.89
1735821639, 16, 17, 39, 0, 0, 0.17%, 6, 0, 7, 135.27
1735821644, 16, 20, 39, 0, 0, 0.17%, 6, 0, 7, 145.42
1735821649, 17, 11, 39, 0, 0, 0.17%, 6, 0, 7, 137.45
1735821654, 17, 12, 39, 0, 0, 0.17%, 6, 0, 7, 137.35
1735821660, 17, 15, 39, 0, 0, 0.17%, 6, 0, 7, 144.92
1735821665, 17, 17, 39, 0, 0, 0.17%, 6, 0, 7, 138.55
1735821670, 18, 12, 39, 0, 0, 0.17%, 6, 0, 7, 134.21
1735821675, 18, 15, 39, 0, 0, 0.17%, 6, 0, 7, 138.43
1735821680, 18, 17, 39, 0, 0, 0.17%, 6, 0, 7, 142.59
1735821685, 19, 11, 39, 0, 0, 0.17%, 6, 0, 7, 140.27
1735821691, 19, 12, 39, 0, 0, 0.17%, 6, 0, 7, 141.70
1735821696, 19, 15, 39, 0, 0, 0.17%, 6, 0, 7, 136.11
1735821701, 19, 17, 39, 0, 0, 0.17%, 6, 0, 7, 138.48
1735821706, 19, 35, 39, 0, 0, 0.17%, 6, 0, 7, 160.10
1735821711, 19, 37, 39, 0, 0, 0.17%, 6, 0, 7, 159.09
1735821726, 20, 11, 39, 0, 0, 0.17%, 6, 0, 7, 142.79
1735821731, 20, 12, 39, 0, 0, 0.17%, 6, 0, 7, 146.81
1735821737, 20, 15, 39, 0, 0, 0.17%, 6, 0, 7, 134.05
1735821742, 20, 17, 39, 0, 0, 0.17%, 6, 0, 7, 136.53
1735821747, 20, 24, 39, 0, 0, 0.17%, 6, 0, 7, 156.64
1735821757, 20, 25, 39, 0, 0, 0.17%, 6, 0, 7, 144.95
1735821767, 20, 30, 39, 0, 0, 0.17%, 6, 0, 7, 148.94
1735821772, 21, 12, 39, 0, 0, 0.17%, 6, 0, 7, 143.81
1735821777, 21, 15, 39, 0, 0, 0.17%, 6, 0, 7, 137.30
1735821783, 21, 17, 39, 0, 0, 0.17%, 6, 0, 7, 140.07
1735821788, 21, 37, 39, 0, 0, 0.17%, 6, 0, 7, 144.68
1735821798, 22, 12, 39, 0, 0, 0.17%, 6, 0, 7, 135.03
1735821803, 22, 15, 39, 0, 0, 0.17%, 6, 0, 7, 130.80
1735821808, 22, 17, 39, 0, 0, 0.17%, 6, 0, 7, 134.58
1735821813, 22, 18, 39, 0, 0, 0.17%, 6, 0, 7, 142.47
1735821818, 22, 21, 39, 0, 0, 0.17%, 6, 0, 7, 147.21
1735821829, 22, 36, 39, 0, 0, 0.17%, 6, 0, 7, 156.56
1735821844, 23, 11, 39, 0, 0, 0.17%, 6, 0, 7, 138.81
1735821849, 23, 12, 39, 0, 0, 0.17%, 6, 0, 7, 137.22
1735821854, 23, 13, 39, 0, 0, 0.17%, 6, 0, 7, 134.08
1735821864, 23, 15, 39, 0, 0, 0.17%, 6, 0, 7, 136.45
1735821869, 23, 17, 39, 0, 0, 0.17%, 6, 0, 7, 137.48
1735821875, 23, 18, 39, 0, 0, 0.17%, 6, 0, 7, 139.99
1735821880, 23, 23, 39, 0, 0, 0.17%, 6, 0, 7, 143.90
1735821885, 23, 32, 39, 0, 0, 0.17%, 6, 0, 7, 144.00
1735821900, 24, 12, 39, 0, 0, 0.17%, 6, 0, 7, 140.66
1735821910, 24, 17, 39, 0, 0, 0.17%, 6, 0, 7, 128.60
1735821921, 25, 12, 39, 0, 0, 0.17%, 6, 0, 7, 136.59
1735821926, 25, 14, 39, 0, 0, 0.17%, 6, 0, 7, 137.45
1735821936, 25, 15, 39, 0, 0, 0.17%, 6, 0, 7, 139.57
1735821941, 25, 17, 39, 0, 0, 0.17%, 6, 0, 7, 140.11
1735821946, 25, 19, 39, 0, 0, 0.17%, 6, 0, 7, 138.74
1735821957, 25, 28, 39, 0, 0, 0.17%, 6, 0, 7, 153.59
1735821967, 26, 11, 39, 0, 0, 0.17%, 6, 0, 7, 140.81
1735821972, 26, 12, 39, 0, 0, 0.17%, 6, 0, 7, 138.35
1735821977, 26, 15, 39, 0, 0, 0.17%, 6, 0, 7, 138.10
1735821982, 26, 17, 39, 0, 0, 0.17%, 6, 0, 7, 141.09
1735821987, 26, 19, 39, 0, 0, 0.17%, 6, 0, 7, 157.69
1735821992, 27, 12, 39, 0, 0, 0.17%, 6, 0, 7, 142.23
1735821998, 27, 15, 39, 0, 0, 0.17%, 6, 0, 7, 143.63
1735822003, 27, 16, 39, 0, 0, 0.17%, 6, 0, 7, 147.06
1735822008, 27, 17, 39, 0, 0, 0.17%, 6, 0, 7, 136.33
1735822013, 27, 18, 39, 0, 0, 0.17%, 6, 0, 7, 140.68
1735822018, 27, 35, 39, 0, 0, 0.17%, 6, 0, 7, 161.47
1735822028, 28, 11, 39, 0, 0, 0.17%, 6, 0, 7, 139.21
1735822034, 28, 12, 39, 0, 0, 0.17%, 6, 0, 7, 142.58
1735822039, 28, 15, 39, 0, 0, 0.17%, 6, 0, 7, 140.13
1735822044, 28, 17, 39, 0, 0, 0.17%, 6, 0, 7, 145.16
1735822049, 28, 32, 39, 0, 0, 0.17%, 6, 0, 7, 145.77
1735822064, 29, 12, 39, 0, 0, 0.17%, 6, 0, 7, 137.99
1735822070, 29, 15, 39, 0, 0, 0.17%, 6, 0, 7, 139.15
1735822075, 29, 17, 39, 0, 0, 0.17%, 6, 0, 7, 138.38
1735822080, 29, 28, 39, 0, 0, 0.17%, 6, 0, 7, 158.43
1735822085, 30, 11, 39, 0, 0, 0.17%, 6, 0, 7, 146.01
1735822090, 30, 12, 39, 0, 0, 0.17%, 6, 0, 7, 136.07
1735822095, 30, 15, 39, 0, 0, 0.17%, 6, 0, 7, 130.46
1735822100, 30, 17, 39, 0, 0, 0.17%, 6, 0, 7, 145.47
1735822105, 30, 31, 39, 0, 0, 0.17%, 6, 0, 7, 155.18
1735822116, 31, 11, 39, 0, 0, 0.17%, 6, 0, 7, 145.68
1735822121, 31, 12, 39, 0, 0, 0.17%, 6, 0, 7, 140.04
1735822126, 31, 15, 39, 0, 0, 0.17%, 6, 0, 7, 137.29
1735822131, 31, 17, 39, 0, 0, 0.17%, 6, 0, 7, 140.60
1735822136, 32, 11, 39, 0, 0, 0.17%, 6, 0, 7, 138.78
1735822141, 32, 12, 39, 0, 0, 0.17%, 6, 0, 7, 137.52
1735822147, 32, 14, 39, 0, 0, 0.17%, 6, 0, 7, 152.02
1735822152, 32, 17, 39, 0, 0, 0.17%, 6, 0, 7, 139.99
1735822157, 33, 9, 39, 0, 0, 0.17%, 6, 0, 7, 141.45
1735822162, 33, 12, 39, 0, 0, 0.17%, 6, 0, 7, 137.12
1735822167, 33, 15, 39, 0, 0, 0.17%, 6, 0, 7, 137.63
1735822172, 33, 17, 39, 0, 0, 0.17%, 6, 0, 7, 142.58
1735822177, 33, 19, 39, 0, 0, 0.17%, 6, 0, 7, 151.26
1735822183, 33, 36, 39, 0, 0, 0.17%, 6, 0, 7, 160.81
1735822198, 34, 5, 39, 0, 0, 0.17%, 6, 0, 7, 135.16
1735822203, 34, 12, 39, 0, 0, 0.17%, 6, 0, 7, 136.01
1735822208, 34, 15, 39, 0, 0, 0.17%, 6, 0, 7, 142.82
1735822213, 34, 17, 39, 0, 0, 0.17%, 6, 0, 7, 136.12
1735822218, 35, 8, 39, 0, 0, 0.17%, 6, 0, 7, 143.06
1735822223, 35, 12, 39, 0, 0, 0.17%, 6, 0, 7, 133.62
1735822229, 35, 15, 39, 0, 0, 0.17%, 6, 0, 7, 141.81
1735822234, 35, 17, 39, 0, 0, 0.17%, 6, 0, 7, 133.28
1735822239, 35, 23, 39, 0, 0, 0.17%, 6, 0, 7, 141.55
1735822244, 36, 11, 39, 0, 0, 0.17%, 6, 0, 7, 138.72
1735822249, 36, 12, 39, 0, 0, 0.17%, 6, 0, 7, 143.71
1735822254, 36, 15, 39, 0, 0, 0.17%, 6, 0, 7, 134.96
1735822259, 36, 17, 39, 0, 0, 0.17%, 6, 0, 7, 139.01
1735822264, 37, 12, 39, 0, 0, 0.17%, 6, 0, 7, 138.61
1735822269, 37, 15, 39, 0, 0, 0.17%, 6, 0, 7, 139.87
1735822274, 37, 17, 39, 0, 0, 0.17%, 6, 0, 7, 131.54
1735822285, 38, 12, 39, 0, 0, 0.17%, 6, 0, 7, 138.00
1735822290, 38, 15, 39, 0, 0, 0.17%, 6, 0, 7, 142.94
1735822295, 38, 17, 39, 0, 0, 0.17%, 6, 0, 7, 139.01
1735822300, 38, 31, 39, 0, 0, 0.17%, 6, 0, 7, 150.61
1735822311, 38, 32, 39, 0, 0, 0.17%, 6, 0, 7, 145.58
1735822316, 39, 2, 39, 0, 0, 0.17%, 6, 0, 7, 143.57
1735822321, 39, 12, 39, 0, 0, 0.17%, 6, 0, 7, 135.70
1735822326, 39, 15, 39, 0, 0, 0.17%, 6, 0, 7, 140.81
1735822331, 39, 17, 39, 0, 0, 0.17%, 6, 0, 7, 141.92
1735822336, 39, 19, 39, 0, 0, 0.17%, 6, 0, 7, 150.11
1735822342, 39, 26, 39, 0, 0, 0.17%, 6, 0, 7, 140.87
1735822352, 39, 38, 39, 0, 0, 0.17%, 6, 0, 7, 157.39
1735822367, 40, 11, 39, 0, 0, 0.17%, 6, 0, 7, 137.03
1735822372, 40, 12, 39, 0, 0, 0.17%, 6, 0, 7, 138.92
1735822377, 40, 15, 39, 0, 0, 0.17%, 6, 0, 7, 143.11
1735822383, 40, 17, 39, 0, 0, 0.17%, 6, 0, 7, 138.60
1735822388, 41, 12, 39, 0, 0, 0.17%, 6, 0, 7, 140.05
1735822393, 41, 15, 39, 0, 0, 0.17%, 6, 0, 7, 139.87
1735822398, 41, 17, 39, 0, 0, 0.17%, 6, 0, 7, 133.19
1735822403, 42, 11, 39, 0, 0, 0.17%, 6, 0, 7, 131.92
1735822408, 42, 12, 39, 0, 0, 0.17%, 6, 0, 7, 128.47
1735822414, 42, 15, 39, 0, 0, 0.17%, 6, 0, 7, 137.33
1735822419, 42, 17, 39, 0, 0, 0.17%, 6, 0, 7, 130.33
1735822424, 42, 37, 39, 0, 0, 0.17%, 6, 0, 7, 158.56
1735822429, 42, 38, 39, 0, 0, 0.17%, 6, 0, 7, 149.91
1735822445, 43, 11, 39, 0, 0, 0.17%, 6, 0, 7, 121.48
1735822450, 43, 12, 39, 0, 0, 0.17%, 6, 0, 7, 126.15
1735822455, 43, 15, 39, 0, 0, 0.17%, 6, 0, 7, 136.12
1735822460, 43, 17, 39, 0, 0, 0.17%, 6, 0, 7, 144.57
1735822465, 44, 12, 39, 0, 0, 0.17%, 6, 0, 7, 143.08
1735822470, 44, 15, 39, 0, 0, 0.17%, 6, 0, 7, 135.60
1735822476, 44, 16, 39, 0, 0, 0.17%, 6, 0, 7, 145.39
1735822481, 44, 17, 39, 0, 0, 0.17%, 6, 0, 7, 138.38
1735822486, 45, 11, 39, 0, 0, 0.17%, 6, 0, 7, 143.87
1735822491, 45, 12, 39, 0, 0, 0.17%, 6, 0, 7, 129.61
1735822496, 45, 15, 39, 0, 0, 0.17%, 6, 0, 7, 143.56
1735822501, 45, 17, 39, 0, 0, 0.17%, 6, 0, 7, 143.19
1735822506, 46, 11, 39, 0, 0, 0.17%, 6, 0, 7, 140.04
1735822511, 46, 12, 39, 0, 0, 0.17%, 6, 0, 7, 138.88
1735822517, 46, 15, 39, 0, 0, 0.17%, 6, 0, 7, 140.62
1735822522, 46, 17, 39, 0, 0, 0.17%, 6, 0, 7, 137.68
1735822527, 46, 22, 39, 0, 0, 0.17%, 6, 0, 7, 148.31
1735822532, 47, 3, 39, 0, 0, 0.17%, 6, 0, 7, 144.76
1735822537, 47, 11, 39, 0, 0, 0.17%, 6, 0, 7, 140.18
1735822542, 47, 12, 39, 0, 0, 0.17%, 6, 0, 7, 129.21
1735822548, 47, 15, 39, 0, 0, 0.17%, 6, 0, 7, 130.58
1735822553, 47, 17, 39, 0, 0, 0.17%, 6, 0, 7, 135.52
1735822558, 47, 20, 39, 0, 0, 0.17%, 6, 0, 7, 149.33
1735822563, 48, 11, 39, 0, 0, 0.17%, 6, 0, 7, 139.14
1735822568, 48, 12, 39, 0, 0, 0.17%, 6, 0, 7, 137.10
1735822573, 48, 15, 39, 0, 0, 0.17%, 6, 0, 7, 133.75
1735822579, 48, 17, 39, 0, 0, 0.17%, 6, 0, 7, 135.85
1735822584, 48, 31, 39, 0, 0, 0.17%, 6, 0, 7, 147.37
1735822589, 48, 37, 39, 0, 0, 0.17%, 6, 0, 7, 152.61
1735822594, 49, 11, 39, 0, 0, 0.17%, 6, 0, 7, 141.07
1735822599, 49, 12, 39, 0, 0, 0.17%, 6, 0, 7, 142.29
1735822604, 49, 15, 39, 0, 0, 0.17%, 6, 0, 7, 138.17
1735822609, 49, 17, 39, 0, 0, 0.17%, 6, 0, 7, 133.19
1735822614, 49, 19, 39, 0, 0, 0.17%, 6, 0, 7, 146.18
1735822619, 49, 34, 39, 0, 0, 0.17%, 6, 0, 7, 152.58
1735822629, 50, 4, 39, 0, 0, 0.17%, 6, 0, 7, 157.61
1735822634, 50, 12, 39, 0, 0, 0.17%, 6, 0, 7, 138.70
1735822640, 50, 15, 39, 0, 0, 0.17%, 6, 0, 7, 142.54
1735822645, 50, 17, 39, 0, 0, 0.17%, 6, 0, 7, 135.04
1735822650, 50, 33, 39, 0, 0, 0.17%, 6, 0, 7, 177.46
1735822660, 51, 11, 39, 0, 0, 0.17%, 6, 0, 7, 138.21
1735822665, 51, 12, 39, 0, 0, 0.17%, 6, 0, 7, 141.41
1735822670, 51, 15, 39, 0, 0, 0.17%, 6, 0, 7, 133.83
1735822675, 51, 17, 39, 0, 0, 0.17%, 6, 0, 7, 131.46
1735822680, 51, 35, 39, 0, 0, 0.17%, 6, 0, 7, 151.27
1735822685, 52, 11, 39, 0, 0, 0.17%, 6, 0, 7, 143.19
1735822691, 52, 12, 39, 0, 0, 0.17%, 6, 0, 7, 139.15
1735822696, 52, 15, 39, 0, 0, 0.17%, 6, 0, 7, 139.22
1735822701, 52, 17, 39, 0, 0, 0.17%, 6, 0, 7, 143.99
1735822706, 52, 31, 39, 0, 0, 0.17%, 6, 0, 7, 140.86
1735822711, 52, 34, 39, 0, 0, 0.17%, 6, 0, 7, 151.97
1735822727, 53, 11, 39, 0, 0, 0.17%, 6, 0, 7, 139.32
1735822732, 53, 12, 39, 0, 0, 0.17%, 6, 0, 7, 139.66
1735822737, 53, 15, 39, 0, 0, 0.17%, 6, 0, 7, 143.79
1735822742, 53, 17, 39, 0, 0, 0.17%, 6, 0, 7, 142.70
1735822747, 53, 23, 39, 0, 0, 0.17%, 6, 0, 7, 136.90
1735822752, 53, 36, 39, 0, 0, 0.17%, 6, 0, 7, 144.41
1735822763, 54, 12, 39, 0, 0, 0.17%, 6, 0, 7, 138.83
1735822773, 54, 17, 39, 0, 0, 0.17%, 6, 0, 7, 134.17
1735822778, 55, 11, 39, 0, 0, 0.17%, 6, 0, 7, 136.48
1735822783, 55, 12, 39, 0, 0, 0.17%, 6, 0, 7, 140.62
1735822788, 55, 15, 39, 0, 0, 0.17%, 6, 0, 7, 137.89
1735822794, 55, 17, 39, 0, 0, 0.17%, 6, 0, 7, 136.95
1735822799, 55, 23, 39, 0, 0, 0.17%, 6, 0, 7, 143.00
1735822804, 56, 11, 39, 0, 0, 0.17%, 6, 0, 7, 145.64
1735822809, 56, 15, 39, 0, 0, 0.17%, 6, 0, 7, 146.04
1735822814, 56, 17, 39, 0, 0, 0.17%, 6, 0, 7, 138.60
1735822819, 56, 30, 39, 0, 0, 0.17%, 6, 0, 7, 150.09
1735822824, 57, 11, 39, 0, 0, 0.17%, 6, 0, 7, 141.65
1735822829, 57, 12, 39, 0, 0, 0.17%, 6, 0, 7, 141.92
1735822835, 57, 15, 39, 0, 0, 0.17%, 6, 0, 7, 140.75
1735822840, 57, 16, 39, 0, 0, 0.17%, 6, 0, 7, 151.78
1735822845, 57, 37, 39, 0, 0, 0.17%, 6, 0, 7, 150.64
1735822855, 58, 11, 39, 0, 0, 0.17%, 6, 0, 7, 141.64
1735822861, 58, 12, 39, 0, 0, 0.17%, 6, 0, 7, 137.62
1735822866, 58, 15, 39, 0, 0, 0.17%, 6, 0, 7, 140.13
1735822871, 58, 17, 39, 0, 0, 0.17%, 6, 0, 7, 140.19
1735822876, 58, 18, 39, 0, 0, 0.17%, 6, 0, 7, 146.64
1735822881, 58, 37, 39, 0, 0, 0.17%, 6, 0, 7, 161.05
1735822886, 59, 2, 39, 0, 0, 0.17%, 6, 0, 7, 147.63
1735822891, 59, 12, 39, 0, 0, 0.17%, 6, 0, 7, 143.99
1735822902, 59, 15, 39, 0, 0, 0.17%, 6, 0, 7, 143.91
1735822907, 59, 17, 39, 0, 0, 0.17%, 6, 0, 7, 150.30
1735822912, 59, 26, 39, 0, 0, 0.17%, 6, 0, 7, 146.56
1735822922, 59, 37, 39, 0, 0, 0.17%, 6, 0, 7, 165.59
1735822933, 60, 10, 39, 0, 0, 0.17%, 6, 0, 7, 139.10
1735822938, 60, 12, 39, 0, 0, 0.17%, 6, 0, 7, 135.00
1735822943, 60, 15, 39, 0, 0, 0.17%, 6, 0, 7, 135.21
1735822948, 60, 17, 39, 0, 0, 0.17%, 6, 0, 7, 138.45
1735822953, 61, 3, 39, 0, 0, 0.17%, 6, 0, 7, 136.30
1735822958, 61, 12, 39, 0, 0, 0.17%, 6, 0, 7, 132.80
1735822963, 61, 15, 39, 0, 0, 0.17%, 6, 0, 7, 134.55
1735822969, 61, 17, 39, 0, 0, 0.17%, 6, 0, 7, 132.60
1735822974, 61, 38, 39, 0, 0, 0.17%, 6, 0, 7, 146.70
1735822984, 62, 12, 39, 0, 0, 0.17%, 6, 0, 7, 137.39
1735822989, 62, 15, 39, 0, 0, 0.17%, 6, 0, 7, 132.67
1735822994, 62, 17, 39, 0, 0, 0.17%, 6, 0, 7, 130.28
1735823000, 63, 12, 39, 0, 0, 0.17%, 6, 0, 7, 147.03
1735823010, 63, 17, 39, 0, 0, 0.17%, 6, 0, 7, 136.41
1735823015, 64, 7, 39, 0, 0, 0.17%, 6, 0, 7, 146.82
1735823020, 64, 12, 39, 0, 0, 0.17%, 6, 0, 7, 133.54
1735823030, 64, 17, 39, 0, 0, 0.17%, 6, 0, 7, 135.69
1735823035, 65, 1, 39, 0, 0, 0.17%, 6, 0, 7, 133.38
1735823041, 65, 12, 39, 0, 0, 0.17%, 6, 0, 7, 135.93
1735823046, 65, 15, 39, 0, 0, 0.17%, 6, 0, 7, 146.29
1735823051, 65, 17, 39, 0, 0, 0.17%, 6, 0, 7, 135.53
1735823056, 65, 22, 39, 0, 0, 0.17%, 6, 0, 7, 136.91
1735823061, 66, 11, 39, 0, 0, 0.17%, 6, 0, 7, 143.02
1735823066, 66, 12, 39, 0, 0, 0.17%, 6, 0, 7, 142.35
1735823071, 66, 15, 39, 0, 0, 0.17%, 6, 0, 7, 144.41
1735823077, 66, 17, 39, 0, 0, 0.17%, 6, 0, 7, 144.26
1735823082, 67, 12, 39, 0, 0, 0.17%, 6, 0, 7, 145.93
1735823087, 67, 15, 39, 0, 0, 0.17%, 6, 0, 7, 138.39
1735823092, 67, 16, 39, 0, 0, 0.17%, 6, 0, 7, 139.63
1735823097, 67, 17, 39, 0, 0, 0.17%, 6, 0, 7, 128.36
1735823102, 67, 34, 39, 0, 0, 0.17%, 6, 0, 7, 142.89
1735823113, 68, 12, 39, 0, 0, 0.17%, 6, 0, 7, 135.93
1735823118, 68, 15, 39, 0, 0, 0.17%, 6, 0, 7, 141.39
1735823123, 68, 17, 39, 0, 0, 0.17%, 6, 0, 7, 140.21
1735823128, 68, 22, 39, 0, 0, 0.17%, 6, 0, 7, 143.90
1735823133, 68, 30, 39, 0, 0, 0.17%, 6, 0, 7, 147.97
1735823138, 68, 35, 39, 0, 0, 0.17%, 6, 0, 7, 153.68
1735823143, 69, 11, 39, 0, 0, 0.17%, 6, 0, 7, 136.44
1735823148, 69, 12, 39, 0, 0, 0.17%, 6, 0, 7, 131.23
1735823153, 69, 15, 39, 0, 0, 0.17%, 6, 0, 7, 137.66
1735823158, 69, 17, 39, 0, 0, 0.17%, 6, 0, 7, 140.94
1735823164, 69, 19, 39, 0, 0, 0.17%, 6, 0, 7, 144.71
1735823169, 69, 21, 39, 0, 0, 0.17%, 6, 0, 7, 144.93
1735823179, 70, 12, 39, 0, 0, 0.17%, 6, 0, 7, 142.02
1735823184, 70, 15, 39, 0, 0, 0.17%, 6, 0, 7, 145.73
1735823190, 70, 17, 39, 0, 0, 0.17%, 6, 0, 7, 134.01
1735823200, 70, 20, 39, 0, 0, 0.17%, 6, 0, 7, 132.70
1735823205, 70, 33, 39, 0, 0, 0.17%, 6, 0, 7, 167.77
1735823215, 71, 3, 39, 0, 0, 0.17%, 6, 0, 7, 147.12
1735823220, 71, 12, 39, 0, 0, 0.17%, 6, 0, 7, 139.32
1735823225, 71, 15, 39, 0, 0, 0.17%, 6, 0, 7, 141.22
1735823231, 71, 17, 39, 0, 0, 0.17%, 6, 0, 7, 137.95
1735823236, 72, 11, 39, 0, 0, 0.17%, 6, 0, 7, 140.63
1735823241, 72, 12, 39, 0, 0, 0.17%, 6, 0, 7, 138.91
1735823246, 72, 15, 39, 0, 0, 0.17%, 6, 0, 7, 145.17
1735823251, 72, 17, 39, 0, 0, 0.17%, 6, 0, 7, 142.19
1735823256, 73, 11, 39, 0, 0, 0.17%, 6, 0, 7, 142.70
1735823261, 73, 12, 39, 0, 0, 0.17%, 6, 0, 7, 147.14
1735823267, 73, 15, 39, 0, 0, 0.17%, 6, 0, 7, 141.35
1735823272, 73, 17, 39, 0, 0, 0.17%, 6, 0, 7, 137.11
1735823277, 73, 30, 39, 0, 0, 0.17%, 6, 0, 7, 139.84
1735823282, 74, 12, 39, 0, 0, 0.17%, 6, 0, 7, 135.06
1735823287, 74, 15, 39, 0, 0, 0.17%, 6, 0, 7, 132.97
1735823292, 74, 17, 39, 0, 0, 0.17%, 6, 0, 7, 133.51
1735823298, 74, 20, 39, 0, 0, 0.17%, 6, 0, 7, 140.66
1735823303, 74, 27, 39, 0, 0, 0.17%, 6, 0, 7, 140.12
1735823313, 75, 0, 39, 0, 0, 0.17%, 6, 0, 7, 133.45
1735823318, 75, 12, 39, 0, 0, 0.17%, 6, 0, 7, 131.79
1735823323, 75, 15, 39, 0, 0, 0.17%, 6, 0, 7, 134.42
1735823329, 75, 17, 39, 0, 0, 0.17%, 6, 0, 7, 132.70
1735823334, 75, 20, 39, 0, 0, 0.17%, 6, 0, 7, 139.91
1735823339, 75, 38, 39, 0, 0, 0.17%, 6, 0, 7, 152.04
1735823349, 76, 12, 39, 0, 0, 0.17%, 6, 0, 7, 135.95
1735823354, 76, 15, 39, 0, 0, 0.17%, 6, 0, 7, 133.56
1735823359, 76, 17, 39, 0, 0, 0.17%, 6, 0, 7, 133.40
1735823364, 76, 29, 39, 0, 0, 0.17%, 6, 0, 7, 141.54
1735823374, 76, 32, 39, 0, 0, 0.17%, 6, 0, 7, 151.52
1735823385, 77, 12, 39, 0, 0, 0.17%, 6, 0, 7, 140.08
1735823390, 77, 15, 39, 0, 0, 0.17%, 6, 0, 7, 139.98
1735823395, 77, 17, 39, 0, 0, 0.17%, 6, 0, 7, 136.66
1735823400, 77, 34, 39, 0, 0, 0.17%, 6, 0, 7, 155.29
1735823405, 78, 0, 39, 0, 0, 0.17%, 6, 0, 7, 152.59
1735823410, 78, 12, 39, 0, 0, 0.17%, 6, 0, 7, 140.57
1735823416, 78, 15, 39, 0, 0, 0.17%, 6, 0, 7, 136.59
1735823421, 78, 17, 39, 0, 0, 0.17%, 6, 0, 7, 135.04
1735823426, 78, 35, 39, 0, 0, 0.17%, 6, 0, 7, 154.51
1735823431, 79, 11, 39, 0, 0, 0.17%, 6, 0, 7, 139.30
1735823436, 79, 12, 39, 0, 0, 0.17%, 6, 0, 7, 129.86
1735823441, 79, 15, 39, 0, 0, 0.17%, 6, 0, 7, 134.36
1735823446, 79, 17, 39, 0, 0, 0.17%, 6, 0, 7, 132.65
1735823451, 79, 28, 39, 0, 0, 0.17%, 6, 0, 7, 146.20
1735823457, 79, 36, 39, 0, 0, 0.17%, 6, 0, 7, 151.59
1735823462, 80, 11, 39, 0, 0, 0.17%, 6, 0, 7, 145.13
1735823467, 80, 12, 39, 0, 0, 0.17%, 6, 0, 7, 137.88
1735823472, 80, 15, 39, 0, 0, 0.17%, 6, 0, 7, 142.67
1735823477, 80, 17, 39, 0, 0, 0.17%, 6, 0, 7, 140.77
1735823482, 80, 28, 39, 0, 0, 0.17%, 6, 0, 7, 145.70
1735823488, 81, 12, 39, 0, 0, 0.17%, 6, 0, 7, 139.40
1735823493, 81, 15, 39, 0, 0, 0.17%, 6, 0, 7, 134.88
1735823498, 81, 17, 39, 0, 0, 0.17%, 6, 0, 7, 134.69
1735823503, 82, 11, 39, 0, 0, 0.17%, 6, 0, 7, 140.69
1735823508, 82, 12, 39, 0, 0, 0.17%, 6, 0, 7, 138.42
1735823513, 82, 15, 39, 0, 0, 0.17%, 6, 0, 7, 134.90
1735823519, 82, 16, 39, 0, 0, 0.17%, 6, 0, 7, 148.10
1735823524, 82, 17, 39, 0, 0, 0.17%, 6, 0, 7, 141.12
1735823529, 83, 11, 39, 0, 0, 0.17%, 6, 0, 7, 138.50
1735823534, 83, 12, 39, 0, 0, 0.17%, 6, 0, 7, 138.12
1735823539, 83, 15, 39, 0, 0, 0.17%, 6, 0, 7, 142.16
1735823544, 83, 17, 39, 0, 0, 0.17%, 6, 0, 7, 142.17
1735823550, 83, 20, 39, 0, 0, 0.17%, 6, 0, 7, 140.40
1735823555, 83, 25, 39, 0, 0, 0.17%, 6, 0, 7, 142.98
1735823560, 84, 12, 39, 0, 0, 0.17%, 6, 0, 7, 140.45
1735823565, 84, 15, 39, 0, 0, 0.17%, 6, 0, 7, 139.52
1735823570, 84, 17, 39, 0, 0, 0.17%, 6, 0, 7, 138.35
1735823575, 85, 11, 39, 0, 0, 0.17%, 6, 0, 7, 135.96
1735823580, 85, 12, 39, 0, 0, 0.17%, 6, 0, 7, 143.39
1735823586, 85, 15, 39, 0, 0, 0.17%, 6, 0, 7, 137.87
1735823591, 85, 17, 39, 0, 0, 0.17%, 6, 0, 7, 142.15
1735823596, 85, 21, 39, 0, 0, 0.17%, 6, 0, 7, 145.31
1735823601, 85, 27, 39, 0, 0, 0.17%, 6, 0, 7, 142.24
1735823611, 86, 12, 39, 0, 0, 0.17%, 6, 0, 7, 133.80
1735823616, 86, 15, 39, 0, 0, 0.17%, 6, 0, 7, 136.54
1735823622, 86, 17, 39, 0, 0, 0.17%, 6, 0, 7, 139.90
1735823627, 86, 21, 39, 0, 0, 0.17%, 6, 0, 7, 142.42
1735823632, 87, 2, 39, 0, 0, 0.17%, 6, 0, 7, 141.73
1735823637, 87, 12, 39, 0, 0, 0.17%, 6, 0, 7, 133.33
1735823642, 87, 15, 39, 0, 0, 0.17%, 6, 0, 7, 134.34
1735823647, 87, 17, 39, 0, 0, 0.17%, 6, 0, 7, 136.05
1735823652, 87, 19, 39, 0, 0, 0.17%, 6, 0, 7, 148.31
1735823657, 87, 34, 39, 0, 0, 0.17%, 6, 0, 7, 142.33
1735823668, 88, 7, 39, 0, 0, 0.17%, 6, 0, 7, 144.60
1735823673, 88, 12, 39, 0, 0, 0.17%, 6, 0, 7, 142.63
1735823678, 88, 15, 39, 0, 0, 0.17%, 6, 0, 7, 139.06
1735823683, 88, 17, 39, 0, 0, 0.17%, 6, 0, 7, 140.82
1735823688, 88, 24, 39, 0, 0, 0.17%, 6, 0, 7, 143.71
1735823693, 89, 11, 39, 0, 0, 0.17%, 6, 0, 7, 141.27
1735823699, 89, 12, 39, 0, 0, 0.17%, 6, 0, 7, 134.77
1735823704, 89, 15, 39, 0, 0, 0.17%, 6, 0, 7, 136.75
1735823709, 89, 17, 39, 0, 0, 0.17%, 6, 0, 7, 133.85
1735823714, 89, 21, 39, 0, 0, 0.17%, 6, 0, 7, 137.68
1735823719, 90, 9, 39, 0, 0, 0.17%, 6, 0, 7, 137.70
1735823724, 90, 12, 39, 0, 0, 0.17%, 6, 0, 7, 135.42
1735823729, 90, 15, 39, 0, 0, 0.17%, 6, 0, 7, 138.60
1735823735, 90, 17, 39, 0, 0, 0.17%, 6, 0, 7, 138.13
1735823740, 90, 38, 39, 0, 0, 0.17%, 6, 0, 7, 145.96
1735823750, 91, 11, 39, 0, 0, 0.17%, 6, 0, 7, 144.79
1735823755, 91, 12, 39, 0, 0, 0.17%, 6, 0, 7, 143.79
1735823760, 91, 15, 39, 0, 0, 0.17%, 6, 0, 7, 137.74
1735823765, 91, 17, 39, 0, 0, 0.17%, 6, 0, 7, 139.14
1735823770, 92, 12, 39, 0, 0, 0.17%, 6, 0, 7, 137.18
1735823776, 92, 15, 39, 0, 0, 0.17%, 6, 0, 7, 141.25
1735823781, 92, 17, 39, 0, 0, 0.17%, 6, 0, 7, 134.90
1735823791, 92, 21, 39, 0, 0, 0.17%, 6, 0, 7, 149.78
1735823796, 93, 11, 39, 0, 0, 0.17%, 6, 0, 7, 146.53
1735823802, 93, 12, 39, 0, 0, 0.17%, 6, 0, 7, 136.65
1735823807, 93, 15, 39, 0, 0, 0.17%, 6, 0, 7, 138.98
1735823812, 93, 17, 39, 0, 0, 0.17%, 6, 0, 7, 132.46
1735823817, 94, 11, 39, 0, 0, 0.17%, 6, 0, 7, 139.08
1735823822, 94, 15, 39, 0, 0, 0.17%, 6, 0, 7, 142.60
1735823827, 94, 17, 39, 0, 0, 0.17%, 6, 0, 7, 132.50
1735823832, 94, 27, 39, 0, 0, 0.17%, 6, 0, 7, 136.82
1735823838, 95, 11, 39, 0, 0, 0.17%, 6, 0, 7, 145.25
1735823843, 95, 12, 39, 0, 0, 0.17%, 6, 0, 7, 137.32
1735823848, 95, 15, 39, 0, 0, 0.17%, 6, 0, 7, 139.87
1735823853, 95, 17, 39, 0, 0, 0.17%, 6, 0, 7, 135.67
1735823858, 95, 19, 39, 0, 0, 0.17%, 6, 0, 7, 150.22
1735823863, 95, 25, 39, 0, 0, 0.17%, 6, 0, 7, 145.86
1735823868, 96, 12, 39, 0, 0, 0.17%, 6, 0, 7, 134.14
1735823873, 96, 15, 39, 0, 0, 0.17%, 6, 0, 7, 133.95
1735823879, 96, 17, 39, 0, 0, 0.17%, 6, 0, 7, 138.44
1735823884, 96, 34, 39, 0, 0, 0.17%, 6, 0, 7, 145.20
1735823894, 96, 37, 39, 0, 0, 0.17%, 6, 0, 7, 145.23
1735823899, 97, 11, 39, 0, 0, 0.17%, 6, 0, 7, 135.46
1735823904, 97, 12, 39, 0, 0, 0.17%, 6, 0, 7, 136.07
1735823909, 97, 14, 39, 0, 0, 0.17%, 6, 0, 7, 131.33
1735823914, 97, 15, 39, 0, 0, 0.17%, 6, 0, 7, 135.49
1735823920, 97, 17, 39, 0, 0, 0.17%, 6, 0, 7, 138.24
1735823925, 97, 27, 39, 0, 0, 0.17%, 6, 0, 7, 146.13
1735823930, 98, 12, 39, 0, 0, 0.17%, 6, 0, 7, 134.19
1735823935, 98, 15, 39, 0, 0, 0.17%, 6, 0, 7, 135.30
1735823940, 98, 17, 39, 0, 0, 0.17%, 6, 0, 7, 133.12
1735823945, 98, 30, 39, 0, 0, 0.17%, 6, 0, 7, 154.62
1735823950, 99, 9, 39, 0, 0, 0.17%, 6, 0, 7, 142.69
1735823955, 99, 12, 39, 0, 0, 0.17%, 6, 0, 7, 140.50
1735823961, 99, 15, 39, 0, 0, 0.17%, 6, 0, 7, 140.40
1735823966, 99, 17, 39, 0, 0, 0.17%, 6, 0, 7, 138.53
1735823971, 100, 12, 39, 0, 0, 0.17%, 6, 0, 7, 137.23
1735823976, 100, 14, 39, 0, 0, 0.17%, 6, 0, 7, 139.90
1735823981, 100, 15, 39, 0, 0, 0.17%, 6, 0, 7, 132.51
1735823986, 100, 17, 39, 0, 0, 0.17%, 6, 0, 7, 131.54
1735823997, 100, 34, 39, 0, 0, 0.17%, 6, 0, 7, 148.96
1735824007, 101, 12, 39, 0, 0, 0.17%, 6, 0, 7, 143.09
1735824012, 101, 15, 39, 0, 0, 0.17%, 6, 0, 7, 140.82
1735824017, 101, 17, 39, 0, 0, 0.17%, 6, 0, 7, 139.63
1735824022, 102, 2, 39, 0, 0, 0.17%, 6, 0, 7, 149.10
1735824028, 102, 12, 39, 0, 0, 0.17%, 6, 0, 7, 137.72
1735824033, 102, 15, 39, 0, 0, 0.17%, 6, 0, 7, 136.77
1735824038, 102, 17, 39, 0, 0, 0.17%, 6, 0, 7, 131.41
1735824043, 102, 21, 39, 0, 0, 0.17%, 6, 0, 7, 144.82
1735824048, 103, 5, 39, 0, 0, 0.17%, 6, 0, 7, 150.24
1735824053, 103, 12, 39, 0, 0, 0.17%, 6, 0, 7, 133.36
1735824058, 103, 15, 39, 0, 0, 0.17%, 6, 0, 7, 131.16
1735824064, 103, 17, 39, 0, 0, 0.17%, 6, 0, 7, 129.88
1735824069, 104, 3, 39, 0, 0, 0.17%, 6, 0, 7, 142.66
1735824074, 104, 11, 39, 0, 0, 0.17%, 6, 0, 7, 133.80
1735824079, 104, 12, 39, 0, 0, 0.17%, 6, 0, 7, 131.59
1735824084, 104, 15, 39, 0, 0, 0.17%, 6, 0, 7, 132.27
1735824089, 104, 16, 39, 0, 0, 0.17%, 6, 0, 7, 132.17
1735824094, 104, 17, 39, 0, 0, 0.17%, 6, 0, 7, 135.30
1735824100, 104, 30, 39, 0, 0, 0.17%, 6, 0, 7, 147.75
1735824105, 105, 12, 39, 0, 0, 0.17%, 6, 0, 7, 138.47
1735824110, 105, 15, 39, 0, 0, 0.17%, 6, 0, 7, 134.00
1735824115, 105, 17, 39, 0, 0, 0.17%, 6, 0, 7, 134.59
1735824120, 105, 35, 39, 0, 0, 0.17%, 6, 0, 7, 156.59
1735824125, 106, 11, 39, 0, 0, 0.17%, 6, 0, 7, 139.60
1735824130, 106, 12, 39, 0, 0, 0.17%, 6, 0, 7, 146.60
1735824135, 106, 15, 39, 0, 0, 0.17%, 6, 0, 7, 140.23
1735824140, 106, 17, 39, 0, 0, 0.17%, 6, 0, 7, 137.74
1735824145, 106, 18, 39, 0, 0, 0.17%, 6, 0, 7, 150.94
1735824151, 106, 30, 39, 0, 0, 0.17%, 6, 0, 7, 149.24
1735824156, 107, 12, 39, 0, 0, 0.17%, 6, 0, 7, 133.02
1735824161, 107, 15, 39, 0, 0, 0.17%, 6, 0, 7, 130.12
1735824166, 107, 17, 39, 0, 0, 0.17%, 6, 0, 7, 132.97
1735824171, 107, 23, 39, 0, 0, 0.17%, 6, 0, 7, 141.96
1735824177, 107, 35, 39, 0, 0, 0.17%, 6, 0, 7, 152.37
1735824182, 108, 12, 39, 0, 0, 0.17%, 6, 0, 7, 136.62
1735824187, 108, 14, 39, 0, 0, 0.17%, 6, 0, 7, 131.78
1735824192, 108, 15, 39, 0, 0, 0.17%, 6, 0, 7, 135.09
1735824197, 108, 17, 39, 0, 0, 0.17%, 6, 0, 7, 142.39
1735824202, 108, 32, 39, 0, 0, 0.17%, 6, 0, 7, 141.69
1735824213, 109, 11, 39, 0, 0, 0.17%, 6, 0, 7, 139.20
1735824218, 109, 12, 39, 0, 0, 0.17%, 6, 0, 7, 138.63
1735824223, 109, 15, 39, 0, 0, 0.17%, 6, 0, 7, 132.61
1735824228, 109, 17, 39, 0, 0, 0.17%, 6, 0, 7, 133.27
1735824233, 109, 18, 39, 0, 0, 0.17%, 6, 0, 7, 142.33
1735824238, 109, 24, 39, 0, 0, 0.17%, 6, 0, 7, 147.61
1735824243, 109, 33, 39, 0, 0, 0.17%, 6, 0, 7, 154.36
1735824248, 110, 1, 39, 0, 0, 0.17%, 6, 0, 7, 141.69
1735824254, 110, 12, 39, 0, 0, 0.17%, 6, 0, 7, 136.29
1735824259, 110, 15, 39, 0, 0, 0.17%, 6, 0, 7, 130.29
1735824264, 110, 17, 39, 0, 0, 0.17%, 6, 0, 7, 138.98
1735824269, 110, 29, 39, 0, 0, 0.17%, 6, 0, 7, 148.15
1735824279, 110, 30, 39, 0, 0, 0.17%, 6, 0, 7, 143.71
1735824284, 111, 12, 39, 0, 0, 0.17%, 6, 0, 7, 140.83
1735824289, 111, 15, 39, 0, 0, 0.17%, 6, 0, 7, 132.76
1735824295, 111, 17, 39, 0, 0, 0.17%, 6, 0, 7, 140.87
1735824300, 111, 26, 39, 0, 0, 0.17%, 6, 0, 7, 149.15
1735824305, 112, 0, 39, 0, 0, 0.17%, 6, 0, 7, 140.36
1735824310, 112, 12, 39, 0, 0, 0.17%, 6, 0, 7, 140.27
1735824315, 112, 15, 39, 0, 0, 0.17%, 6, 0, 7, 146.52
1735824320, 112, 16, 39, 0, 0, 0.17%, 6, 0, 7, 137.60
1735824325, 112, 17, 39, 0, 0, 0.17%, 6, 0, 7, 141.46
1735824336, 112, 23, 39, 0, 0, 0.17%, 6, 0, 7, 136.95
1735824341, 112, 26, 39, 0, 0, 0.17%, 6, 0, 7, 140.24
1735824346, 112, 34, 39, 0, 0, 0.17%, 6, 0, 7, 146.38
1735824356, 113, 12, 39, 0, 0, 0.17%, 6, 0, 7, 146.47
1735824362, 113, 15, 39, 0, 0, 0.17%, 6, 0, 7, 139.43
1735824367, 113, 17, 39, 0, 0, 0.17%, 6, 0, 7, 137.14
1735824372, 113, 32, 39, 0, 0, 0.17%, 6, 0, 7, 137.18
1735824382, 113, 33, 39, 0, 0, 0.17%, 6, 0, 7, 148.23
1735824387, 113, 38, 39, 0, 0, 0.17%, 6, 0, 7, 162.52
1735824392, 114, 11, 39, 0, 0, 0.17%, 6, 0, 7, 138.23
1735824397, 114, 12, 39, 0, 0, 0.17%, 6, 0, 7, 134.48
1735824403, 114, 15, 39, 0, 0, 0.17%, 6, 0, 7, 139.42
1735824408, 114, 17, 39, 0, 0, 0.17%, 6, 0, 7, 140.08
1735824413, 115, 12, 39, 0, 0, 0.17%, 6, 0, 7, 135.34
1735824418, 115, 15, 39, 0, 0, 0.17%, 6, 0, 7, 133.02
1735824423, 115, 17, 39, 0, 0, 0.17%, 6, 0, 7, 138.72
1735824428, 116, 11, 39, 0, 0, 0.17%, 6, 0, 7, 141.47
1735824433, 116, 12, 39, 0, 0, 0.17%, 6, 0, 7, 141.19
1735824439, 116, 15, 39, 0, 0, 0.17%, 6, 0, 7, 135.61
1735824444, 116, 17, 39, 0, 0, 0.17%, 6, 0, 7, 136.35
1735824449, 116, 26, 39, 0, 0, 0.17%, 6, 0, 7, 137.98
1735824454, 117, 12, 39, 0, 0, 0.17%, 6, 0, 7, 138.38
1735824459, 117, 15, 39, 0, 0, 0.17%, 6, 0, 7, 135.56
1735824464, 117, 17, 39, 0, 0, 0.17%, 6, 0, 7, 131.60
1735824470, 117, 28, 39, 0, 0, 0.17%, 6, 0, 7, 159.90
1735824475, 117, 33, 39, 0, 0, 0.17%, 6, 0, 7, 165.23
1735824485, 118, 12, 39, 0, 0, 0.17%, 6, 0, 7, 133.41
1735824490, 118, 15, 39, 0, 0, 0.17%, 6, 0, 7, 134.22
1735824495, 118, 17, 39, 0, 0, 0.17%, 6, 0, 7, 144.06
1735824501, 118, 18, 39, 0, 0, 0.17%, 6, 0, 7, 140.88
1735824506, 118, 24, 39, 0, 0, 0.17%, 6, 0, 7, 145.04
1735824511, 119, 11, 39, 0, 0, 0.17%, 6, 0, 7, 138.07
1735824516, 119, 12, 39, 0, 0, 0.17%, 6, 0, 7, 140.50
1735824521, 119, 15, 39, 0, 0, 0.17%, 6, 0, 7, 135.77
1735824526, 119, 17, 39, 0, 0, 0.17%, 6, 0, 7, 134.72
1735824532, 120, 11, 39, 0, 0, 0.17%, 6, 0, 7, 137.87
1735824537, 120, 12, 39, 0, 0, 0.17%, 6, 0, 7, 134.70
1735824542, 120, 15, 39, 0, 0, 0.17%, 6, 0, 7, 135.31
1735824547, 120, 17, 39, 0, 0, 0.17%, 6, 0, 7, 142.05
1735824552, 120, 36, 39, 0, 0, 0.17%, 6, 0, 7, 141.52
1735824557, 121, 11, 39, 0, 0, 0.17%, 6, 0, 7, 142.74
1735824562, 121, 12, 39, 0, 0, 0.17%, 6, 0, 7, 139.68
1735824568, 121, 17, 39, 0, 0, 0.17%, 6, 0, 7, 140.26
1735824573, 121, 18, 39, 0, 0, 0.17%, 6, 0, 7, 144.59
1735824578, 121, 35, 39, 0, 0, 0.17%, 6, 0, 7, 153.63
1735824583, 121, 36, 39, 0, 0, 0.17%, 6, 0, 7, 150.27
1735824593, 122, 12, 39, 0, 0, 0.17%, 6, 0, 7, 135.13
1735824599, 122, 15, 39, 0, 0, 0.17%, 6, 0, 7, 129.96
1735824604, 122, 17, 39, 0, 0, 0.17%, 6, 0, 7, 133.58
1735824609, 123, 11, 39, 0, 0, 0.17%, 6, 0, 7, 141.41
1735824614, 123, 12, 39, 0, 0, 0.17%, 6, 0, 7, 135.79
1735824619, 123, 15, 39, 0, 0, 0.17%, 6, 0, 7, 135.57
1735824624, 123, 17, 39, 0, 0, 0.17%, 6, 0, 7, 139.17
1735824630, 124, 11, 39, 0, 0, 0.17%, 6, 0, 7, 138.44
1735824635, 124, 12, 39, 0, 0, 0.17%, 6, 0, 7, 134.49
1735824640, 124, 15, 39, 0, 0, 0.17%, 6, 0, 7, 131.60
1735824645, 124, 17, 39, 0, 0, 0.17%, 6, 0, 7, 136.07
1735824650, 124, 20, 39, 0, 0, 0.17%, 6, 0, 7, 139.92
1735824655, 124, 34, 39, 0, 0, 0.17%, 6, 0, 7, 139.03
1735824660, 124, 35, 39, 0, 0, 0.17%, 6, 0, 7, 155.03
1735824666, 125, 11, 39, 0, 0, 0.17%, 6, 0, 7, 143.05
1735824671, 125, 15, 39, 0, 0, 0.17%, 6, 0, 7, 146.77
1735824676, 125, 17, 39, 0, 0, 0.17%, 6, 0, 7, 143.63
1735824681, 126, 11, 39, 0, 0, 0.17%, 6, 0, 7, 139.16
1735824686, 126, 12, 39, 0, 0, 0.17%, 6, 0, 7, 141.90
1735824692, 126, 13, 39, 0, 0, 0.17%, 6, 0, 7, 134.44
1735824697, 126, 15, 39, 0, 0, 0.17%, 6, 0, 7, 144.08
1735824702, 126, 17, 39, 0, 0, 0.17%, 6, 0, 7, 138.18
1735824707, 126, 21, 39, 0, 0, 0.17%, 6, 0, 7, 141.86
1735824712, 126, 22, 39, 0, 0, 0.17%, 6, 0, 7, 144.30
1735824717, 127, 11, 39, 0, 0, 0.17%, 6, 0, 7, 138.26
1735824722, 127, 12, 39, 0, 0, 0.17%, 6, 0, 7, 133.37
1735824727, 127, 15, 39, 0, 0, 0.17%, 6, 0, 7, 135.50
1735824733, 127, 17, 39, 0, 0, 0.17%, 6, 0, 7, 135.25
1735824738, 127, 22, 39, 0, 0, 0.17%, 6, 0, 7, 145.52
1735824743, 128, 2, 39, 0, 0, 0.17%, 6, 0, 7, 134.53
1735824748, 128, 12, 39, 0, 0, 0.17%, 6, 0, 7, 133.98
1735824753, 128, 15, 39, 0, 0, 0.17%, 6, 0, 7, 138.84
1735824758, 128, 17, 39, 0, 0, 0.17%, 6, 0, 7, 144.80
1735824764, 128, 31, 39, 0, 0, 0.17%, 6, 0, 7, 150.24
1735824769, 129, 12, 39, 0, 0, 0.17%, 6, 0, 7, 143.98
1735824779, 129, 17, 39, 0, 0, 0.17%, 6, 0, 7, 133.81
1735824784, 130, 11, 39, 0, 0, 0.17%, 6, 0, 7, 138.18
1735824789, 130, 12, 39, 0, 0, 0.17%, 6, 0, 7, 138.24
1735824795, 130, 15, 39, 0, 0, 0.17%, 6, 0, 7, 149.99
1735824800, 130, 17, 39, 0, 0, 0.17%, 6, 0, 7, 133.44
1735824805, 131, 11, 39, 0, 0, 0.17%, 6, 0, 7, 134.70
1735824810, 131, 12, 39, 0, 0, 0.17%, 6, 0, 7, 130.81
1735824815, 131, 15, 39, 0, 0, 0.17%, 6, 0, 7, 142.40
1735824820, 131, 17, 39, 0, 0, 0.17%, 6, 0, 7, 131.39
1735824825, 132, 12, 39, 0, 0, 0.17%, 6, 0, 7, 136.56
1735824831, 132, 15, 39, 0, 0, 0.17%, 6, 0, 7, 137.18
1735824836, 132, 17, 39, 0, 0, 0.17%, 6, 0, 7, 141.64
1735824841, 132, 22, 39, 0, 0, 0.17%, 6, 0, 7, 133.42
1735824846, 132, 25, 39, 0, 0, 0.17%, 6, 0, 7, 146.59
1735824851, 132, 36, 39, 0, 0, 0.17%, 6, 0, 7, 142.24
1735824861, 133, 12, 39, 0, 0, 0.17%, 6, 0, 7, 134.91
1735824866, 133, 15, 39, 0, 0, 0.17%, 6, 0, 7, 143.76
1735824872, 133, 17, 39, 0, 0, 0.17%, 6, 0, 7, 139.26
1735824877, 133, 20, 39, 0, 0, 0.17%, 6, 0, 7, 134.70
1735824882, 133, 23, 39, 0, 0, 0.17%, 6, 0, 7, 134.37
1735824887, 134, 5, 39, 0, 0, 0.17%, 6, 0, 7, 134.90
1735824892, 134, 12, 39, 0, 0, 0.17%, 6, 0, 7, 136.41
1735824898, 134, 15, 39, 0, 0, 0.17%, 6, 0, 7, 136.54
1735824903, 134, 17, 39, 0, 0, 0.17%, 6, 0, 7, 131.25
1735824908, 134, 18, 39, 0, 0, 0.17%, 6, 0, 7, 139.47
1735824913, 134, 33, 39, 0, 0, 0.17%, 6, 0, 7, 156.39
1735824923, 135, 11, 39, 0, 0, 0.17%, 6, 0, 7, 130.80
1735824928, 135, 12, 39, 0, 0, 0.17%, 6, 0, 7, 138.75
1735824934, 135, 15, 39, 0, 0, 0.17%, 6, 0, 7, 140.73
1735824939, 135, 17, 39, 0, 0, 0.17%, 6, 0, 7, 133.21
1735824944, 136, 12, 39, 0, 0, 0.17%, 6, 0, 7, 137.58
1735824949, 136, 15, 39, 0, 0, 0.17%, 6, 0, 7, 143.24
1735824954, 136, 17, 39, 0, 0, 0.17%, 6, 0, 7, 139.77
1735824964, 136, 27, 39, 0, 0, 0.17%, 6, 0, 7, 145.71
1735824969, 136, 34, 39, 0, 0, 0.17%, 6, 0, 7, 146.11
1735824975, 137, 4, 39, 0, 0, 0.17%, 6, 0, 7, 143.71
1735824980, 137, 12, 39, 0, 0, 0.17%, 6, 0, 7, 137.23
1735824985, 137, 14, 39, 0, 0, 0.17%, 6, 0, 7, 145.50
1735824990, 137, 15, 39, 0, 0, 0.17%, 6, 0, 7, 139.01
1735824995, 137, 17, 39, 0, 0, 0.17%, 6, 0, 7, 137.49
1735825000, 138, 3, 39, 0, 0, 0.17%, 6, 0, 7, 135.66
1735825005, 138, 12, 39, 0, 0, 0.17%, 6, 0, 7, 134.21
1735825011, 138, 14, 39, 0, 0, 0.17%, 6, 0, 7, 145.25
1735825016, 138, 15, 39, 0, 0, 0.17%, 6, 0, 7, 138.73
1735825021, 138, 17, 39, 0, 0, 0.17%, 6, 0, 7, 131.90
1735825026, 138, 22, 39, 0, 0, 0.17%, 6, 0, 7, 138.19
1735825031, 139, 10, 39, 0, 0, 0.17%, 6, 0, 7, 142.05
1735825036, 139, 12, 39, 0, 0, 0.17%, 6, 0, 7, 130.35
1735825042, 139, 15, 39, 0, 0, 0.17%, 6, 0, 7, 134.19
1735825047, 139, 17, 39, 0, 0, 0.17%, 6, 0, 7, 142.72
1735825052, 139, 23, 39, 0, 0, 0.17%, 6, 0, 7, 143.77
1735825057, 139, 36, 39, 0, 0, 0.17%, 6, 0, 7, 153.86
1735825062, 140, 0, 39, 0, 0, 0.17%, 6, 0, 7, 142.36
1735825067, 140, 12, 39, 0, 0, 0.17%, 6, 0, 7, 139.14
1735825072, 140, 15, 39, 0, 0, 0.17%, 6, 0, 7, 138.90
1735825077, 140, 17, 39, 0, 0, 0.17%, 6, 0, 7, 141.59
1735825083, 141, 11, 39, 0, 0, 0.17%, 6, 0, 7, 136.96
1735825088, 141, 12, 39, 0, 0, 0.17%, 6, 0, 7, 151.04
1735825093, 141, 15, 39, 0, 0, 0.17%, 6, 0, 7, 137.83
1735825098, 141, 16, 39, 0, 0, 0.17%, 6, 0, 7, 132.20
1735825103, 141, 17, 39, 0, 0, 0.17%, 6, 0, 7, 134.64
1735825109, 141, 19, 39, 0, 0, 0.17%, 6, 0, 7, 157.35
1735825114, 141, 30, 39, 0, 0, 0.17%, 6, 0, 7, 152.88
1735825119, 142, 6, 39, 0, 0, 0.17%, 6, 0, 7, 155.71
1735825124, 142, 12, 39, 0, 0, 0.17%, 6, 0, 7, 136.38
1735825129, 142, 15, 39, 0, 0, 0.17%, 6, 0, 7, 139.36
1735825134, 142, 17, 39, 0, 0, 0.17%, 6, 0, 7, 136.60
1735825139, 143, 11, 39, 0, 0, 0.17%, 6, 0, 7, 143.36
1735825144, 143, 12, 39, 0, 0, 0.17%, 6, 0, 7, 137.64
1735825149, 143, 15, 39, 0, 0, 0.17%, 6, 0, 7, 140.98
1735825155, 143, 16, 39, 0, 0, 0.17%, 6, 0, 7, 130.58
1735825160, 143, 17, 39, 0, 0, 0.17%, 6, 0, 7, 128.11
1735825165, 143, 34, 39, 0, 0, 0.17%, 6, 0, 7, 148.60
1735825170, 144, 11, 39, 0, 0, 0.17%, 6, 0, 7, 140.87
1735825175, 144, 12, 39, 0, 0, 0.17%, 6, 0, 7, 133.71
1735825180, 144, 13, 39, 0, 0, 0.17%, 6, 0, 7, 128.87
1735825185, 144, 15, 39, 0, 0, 0.17%, 6, 0, 7, 142.13
1735825191, 144, 17, 39, 0, 0, 0.17%, 6, 0, 7, 145.71
1735825196, 144, 24, 39, 0, 0, 0.17%, 6, 0, 7, 147.40
1735825201, 144, 29, 39, 0, 0, 0.17%, 6, 0, 7, 144.73
1735825206, 145, 12, 39, 0, 0, 0.17%, 6, 0, 7, 137.80
1735825211, 145, 15, 39, 0, 0, 0.17%, 6, 0, 7, 136.54
1735825222, 145, 17, 39, 0, 0, 0.17%, 6, 0, 7, 139.36
1735825227, 145, 28, 39, 0, 0, 0.17%, 6, 0, 7, 144.53
1735825232, 145, 32, 39, 0, 0, 0.17%, 6, 0, 7, 145.98
1735825237, 146, 11, 39, 0, 0, 0.17%, 6, 0, 7, 137.63
1735825242, 146, 12, 39, 0, 0, 0.17%, 6, 0, 7, 142.25
1735825247, 146, 17, 39, 0, 0, 0.17%, 6, 0, 7, 134.86
1735825258, 146, 36, 39, 0, 0, 0.17%, 6, 0, 7, 149.94
1735825268, 147, 12, 39, 0, 0, 0.17%, 6, 0, 7, 130.67
1735825273, 147, 15, 39, 0, 0, 0.17%, 6, 0, 7, 131.88
1735825278, 147, 17, 39, 0, 0, 0.17%, 6, 0, 7, 136.04
1735825284, 147, 23, 39, 0, 0, 0.17%, 6, 0, 7, 141.15
1735825289, 147, 26, 39, 0, 0, 0.17%, 6, 0, 7, 148.40
1735825294, 148, 0, 39, 0, 0, 0.17%, 6, 0, 7, 137.29
1735825299, 148, 11, 39, 0, 0, 0.17%, 6, 0, 7, 140.11
1735825304, 148, 12, 39, 0, 0, 0.17%, 6, 0, 7, 144.89
1735825309, 148, 15, 39, 0, 0, 0.17%, 6, 0, 7, 137.19
1735825314, 148, 17, 39, 0, 0, 0.17%, 6, 0, 7, 138.65
1735825320, 148, 31, 39, 0, 0, 0.17%, 6, 0, 7, 141.53
1735825325, 148, 36, 39, 0, 0, 0.17%, 6, 0, 7, 144.25
1735825330, 149, 11, 39, 0, 0, 0.17%, 6, 0, 7, 139.83
1735825335, 149, 12, 39, 0, 0, 0.17%, 6, 0, 7, 138.94
1735825340, 149, 15, 39, 0, 0, 0.17%, 6, 0, 7, 136.84
1735825345, 149, 17, 39, 0, 0, 0.17%, 6, 0, 7, 137.09
1735825351, 150, 12, 39, 0, 0, 0.17%, 6, 0, 7, 132.62
1735825356, 150, 15, 39, 0, 0, 0.17%, 6, 0, 7, 136.65
1735825361, 150, 17, 39, 0, 0, 0.17%, 6, 0, 7, 135.74
1735825366, 151, 1, 39, 0, 0, 0.17%, 6, 0, 7, 139.57
1735825371, 151, 12, 39, 0, 0, 0.17%, 6, 0, 7, 130.29
1735825376, 151, 15, 39, 0, 0, 0.17%, 6, 0, 7, 134.07
1735825381, 151, 17, 39, 0, 0, 0.17%, 6, 0, 7, 136.45
1735825386, 151, 29, 39, 0, 0, 0.17%, 6, 0, 7, 146.48
1735825392, 152, 11, 39, 0, 0, 0.17%, 6, 0, 7, 136.21
1735825397, 152, 12, 39, 0, 0, 0.17%, 6, 0, 7, 138.64
1735825402, 152, 13, 39, 0, 0, 0.17%, 6, 0, 7, 141.54
1735825407, 152, 17, 39, 0, 0, 0.17%, 6, 0, 7, 140.60
1735825418, 153, 12, 39, 0, 0, 0.17%, 6, 0, 7, 135.72
1735825423, 153, 15, 39, 0, 0, 0.17%, 6, 0, 7, 136.43
1735825428, 153, 17, 39, 0, 0, 0.17%, 6, 0, 7, 134.88
1735825433, 154, 10, 39, 0, 0, 0.17%, 6, 0, 7, 141.90
1735825438, 154, 12, 39, 0, 0, 0.17%, 6, 0, 7, 145.04
1735825443, 154, 15, 39, 0, 0, 0.17%, 6, 0, 7, 142.61
1735825449, 154, 17, 39, 0, 0, 0.17%, 6, 0, 7, 136.40
1735825454, 154, 33, 39, 0, 0, 0.17%, 6, 0, 7, 154.42
1735825464, 155, 11, 39, 0, 0, 0.17%, 6, 0, 7, 138.97
1735825469, 155, 12, 39, 0, 0, 0.17%, 6, 0, 7, 138.71
1735825474, 155, 13, 39, 0, 0, 0.17%, 6, 0, 7, 140.13
1735825479, 155, 15, 39, 0, 0, 0.17%, 6, 0, 7, 148.49
1735825484, 155, 17, 39, 0, 0, 0.17%, 6, 0, 7, 140.15
1735825490, 155, 34, 39, 0, 0, 0.17%, 6, 0, 7, 152.44
1735825495, 156, 11, 39, 0, 0, 0.17%, 6, 0, 7, 138.06
1735825500, 156, 12, 39, 0, 0, 0.17%, 6, 0, 7, 140.84
1735825505, 156, 15, 39, 0, 0, 0.17%, 6, 0, 7, 141.61
1735825510, 156, 17, 39, 0, 0, 0.17%, 6, 0, 7, 129.95
1735825515, 156, 30, 39, 0, 0, 0.17%, 6, 0, 7, 153.04
1735825520, 156, 36, 39, 0, 0, 0.17%, 6, 0, 7, 148.98
1735825525, 157, 11, 39, 0, 0, 0.17%, 6, 0, 7, 140.27
1735825531, 157, 12, 39, 0, 0, 0.17%, 6, 0, 7, 141.05
1735825536, 157, 15, 39, 0, 0, 0.17%, 6, 0, 7, 138.35
1735825541, 157, 17, 39, 0, 0, 0.17%, 6, 0, 7, 136.78
1735825546, 157, 22, 39, 0, 0, 0.17%, 6, 0, 7, 148.03
1735825551, 157, 23, 39, 0, 0, 0.17%, 6, 0, 7, 148.01
1735825556, 157, 29, 39, 0, 0, 0.17%, 6, 0, 7, 145.54
1735825561, 158, 11, 39, 0, 0, 0.17%, 6, 0, 7, 138.03
1735825567, 158, 12, 39, 0, 0, 0.17%, 6, 0, 7, 141.41
1735825572, 158, 15, 39, 0, 0, 0.17%, 6, 0, 7, 138.21
1735825577, 158, 17, 39, 0, 0, 0.17%, 6, 0, 7, 144.44
1735825582, 158, 31, 39, 0, 0, 0.17%, 6, 0, 7, 153.23
1735825587, 159, 12, 39, 0, 0, 0.17%, 6, 0, 7, 142.28
1735825592, 159, 15, 39, 0, 0, 0.17%, 6, 0, 7, 139.57
1735825597, 159, 17, 39, 0, 0, 0.17%, 6, 0, 7, 132.29
1735825602, 160, 11, 39, 0, 0, 0.17%, 6, 0, 7, 140.99
1735825607, 160, 12, 39, 0, 0, 0.17%, 6, 0, 7, 136.64
1735825612, 160, 15, 39, 0, 0, 0.17%, 6, 0, 7, 137.47
1735825618, 160, 17, 39, 0, 0, 0.17%, 6, 0, 7, 150.83
1735825623, 161, 12, 39, 0, 0, 0.17%, 6, 0, 7, 145.12
1735825628, 161, 15, 39, 0, 0, 0.17%, 6, 0, 7, 139.33
1735825633, 161, 17, 39, 0, 0, 0.17%, 6, 0, 7, 135.65
1735825638, 161, 18, 39, 0, 0, 0.17%, 6, 0, 7, 138.83
1735825643, 161, 26, 39, 0, 0, 0.17%, 6, 0, 7, 146.68
1735825648, 162, 12, 39, 0, 0, 0.17%, 6, 0, 7, 139.29
1735825659, 162, 15, 39, 0, 0, 0.17%, 6, 0, 7, 134.73
1735825664, 162, 17, 39, 0, 0, 0.17%, 6, 0, 7, 132.50
1735825669, 163, 10, 39, 0, 0, 0.17%, 6, 0, 7, 143.16
1735825674, 163, 12, 39, 0, 0, 0.17%, 6, 0, 7, 132.74
1735825679, 163, 13, 39, 0, 0, 0.17%, 6, 0, 7, 131.62
1735825684, 163, 15, 39, 0, 0, 0.17%, 6, 0, 7, 134.22
1735825690, 163, 17, 39, 0, 0, 0.17%, 6, 0, 7, 137.82
1735825695, 163, 31, 39, 0, 0, 0.17%, 6, 0, 7, 161.05
1735825700, 164, 12, 39, 0, 0, 0.17%, 6, 0, 7, 142.42
1735825705, 164, 15, 39, 0, 0, 0.17%, 6, 0, 7, 139.95
1735825710, 164, 16, 39, 0, 0, 0.17%, 6, 0, 7, 141.25
1735825715, 164, 17, 39, 0, 0, 0.17%, 6, 0, 7, 141.56
1735825720, 165, 11, 39, 0, 0, 0.17%, 6, 0, 7, 132.75
1735825725, 165, 12, 39, 0, 0, 0.17%, 6, 0, 7, 130.45
1735825731, 165, 14, 39, 0, 0, 0.17%, 6, 0, 7, 136.60
1735825736, 165, 15, 39, 0, 0, 0.17%, 6, 0, 7, 133.92
1735825741, 165, 17, 39, 0, 0, 0.17%, 6, 0, 7, 136.35
1735825746, 165, 22, 39, 0, 0, 0.17%, 6, 0, 7, 142.27
1735825751, 166, 12, 39, 0, 0, 0.17%, 6, 0, 7, 134.49
1735825761, 166, 17, 39, 0, 0, 0.17%, 6, 0, 7, 135.34
1735825767, 166, 18, 39, 0, 0, 0.17%, 6, 0, 7, 143.98
1735825772, 167, 11, 39, 0, 0, 0.17%, 6, 0, 7, 142.69
1735825777, 167, 12, 39, 0, 0, 0.17%, 6, 0, 7, 128.84
1735825782, 167, 14, 39, 0, 0, 0.17%, 6, 0, 7, 137.16
1735825787, 167, 15, 39, 0, 0, 0.17%, 6, 0, 7, 142.12
1735825792, 167, 17, 39, 0, 0, 0.17%, 6, 0, 7, 136.68
1735825798, 167, 21, 39, 0, 0, 0.17%, 6, 0, 7, 146.59
1735825803, 168, 11, 39, 0, 0, 0.17%, 6, 0, 7, 139.67
1735825808, 168, 12, 39, 0, 0, 0.17%, 6, 0, 7, 133.53
1735825813, 168, 15, 39, 0, 0, 0.17%, 6, 0, 7, 137.25
1735825818, 168, 17, 39, 0, 0, 0.17%, 6, 0, 7, 137.97
1735825823, 168, 22, 39, 0, 0, 0.17%, 6, 0, 7, 142.32
1735825828, 168, 38, 39, 0, 0, 0.17%, 6, 0, 7, 143.75
1735825834, 169, 10, 39, 0, 0, 0.17%, 6, 0, 7, 133.37
1735825839, 169, 12, 39, 0, 0, 0.17%, 6, 0, 7, 134.60
1735825844, 169, 15, 39, 0, 0, 0.17%, 6, 0, 7, 139.65
1735825849, 169, 17, 39, 0, 0, 0.17%, 6, 0, 7, 140.71
1735825854, 170, 11, 39, 0, 0, 0.17%, 6, 0, 7, 141.60
1735825859, 170, 12, 39, 0, 0, 0.17%, 6, 0, 7, 133.37
1735825865, 170, 15, 39, 0, 0, 0.17%, 6, 0, 7, 139.58
1735825870, 170, 17, 39, 0, 0, 0.17%, 6, 0, 7, 141.53
1735825875, 170, 36, 39, 0, 0, 0.17%, 6, 0, 7, 152.61
1735825880, 171, 11, 39, 0, 0, 0.17%, 6, 0, 7, 144.93
1735825885, 171, 12, 39, 0, 0, 0.17%, 6, 0, 7, 149.17
1735825890, 171, 15, 39, 0, 0, 0.17%, 6, 0, 7, 137.22
1735825895, 171, 17, 39, 0, 0, 0.17%, 6, 0, 7, 143.91
1735825900, 171, 18, 39, 0, 0, 0.17%, 6, 0, 7, 144.32
1735825906, 171, 21, 39, 0, 0, 0.17%, 6, 0, 7, 138.01
1735825911, 171, 38, 39, 0, 0, 0.17%, 6, 0, 7, 145.19
1735825916, 172, 11, 39, 0, 0, 0.17%, 6, 0, 7, 142.60
1735825921, 172, 15, 39, 0, 0, 0.17%, 6, 0, 7, 147.97
1735825926, 172, 17, 39, 0, 0, 0.17%, 6, 0, 7, 138.33
1735825931, 173, 4, 39, 0, 0, 0.17%, 6, 0, 7, 144.79
1735825936, 173, 12, 39, 0, 0, 0.17%, 6, 0, 7, 142.44
1735825941, 173, 14, 39, 0, 0, 0.17%, 6, 0, 7, 137.59
1735825947, 173, 15, 39, 0, 0, 0.17%, 6, 0, 7, 139.10
1735825952, 173, 17, 39, 0, 0, 0.17%, 6, 0, 7, 140.66
1735825957, 174, 11, 39, 0, 0, 0.17%, 6, 0, 7, 135.37
1735825962, 174, 12, 39, 0, 0, 0.17%, 6, 0, 7, 142.12
1735825967, 174, 15, 39, 0, 0, 0.17%, 6, 0, 7, 139.40
1735825972, 174, 17, 39, 0, 0, 0.17%, 6, 0, 7, 137.60
1735825978, 174, 19, 39, 0, 0, 0.17%, 6, 0, 7, 132.63
1735825983, 175, 12, 39, 0, 0, 0.17%, 6, 0, 7, 131.22
1735825988, 175, 15, 39, 0, 0, 0.17%, 6, 0, 7, 132.89
1735825993, 175, 17, 39, 0, 0, 0.17%, 6, 0, 7, 137.23
1735825998, 175, 18, 39, 0, 0, 0.17%, 6, 0, 7, 147.43
1735826003, 175, 30, 39, 0, 0, 0.17%, 6, 0, 7, 157.57
1735826008, 176, 12, 39, 0, 0, 0.17%, 6, 0, 7, 145.88
1735826014, 176, 15, 39, 0, 0, 0.17%, 6, 0, 7, 144.06
1735826019, 176, 17, 39, 0, 0, 0.17%, 6, 0, 7, 138.77
1735826024, 176, 20, 39, 0, 0, 0.17%, 6, 0, 7, 143.05
1735826029, 176, 34, 39, 0, 0, 0.17%, 6, 0, 7, 141.04
1735826039, 177, 11, 39, 0, 0, 0.17%, 6, 0, 7, 145.14
1735826044, 177, 12, 39, 0, 0, 0.17%, 6, 0, 7, 140.33
1735826049, 177, 15, 39, 0, 0, 0.17%, 6, 0, 7, 141.72
1735826054, 177, 17, 39, 0, 0, 0.17%, 6, 0, 7, 145.33
1735826060, 177, 32, 39, 0, 0, 0.17%, 6, 0, 7, 145.51
1735826065, 177, 35, 39, 0, 0, 0.17%, 6, 0, 7, 155.49
1735826070, 178, 12, 39, 0, 0, 0.17%, 6, 0, 7, 143.94
1735826080, 178, 17, 39, 0, 0, 0.17%, 6, 0, 7, 135.75
1735826090, 178, 36, 39, 0, 0, 0.17%, 6, 0, 7, 146.76
1735826101, 178, 37, 39, 0, 0, 0.17%, 6, 0, 7, 151.94
1735826106, 179, 6, 39, 0, 0, 0.17%, 6, 0, 7, 138.35
1735826111, 179, 12, 39, 0, 0, 0.17%, 6, 0, 7, 134.53
1735826116, 179, 15, 39, 0, 0, 0.17%, 6, 0, 7, 134.94
1735826121, 179, 17, 39, 0, 0, 0.17%, 6, 0, 7, 131.46
1735826126, 180, 11, 39, 0, 0, 0.17%, 6, 0, 7, 140.77
1735826131, 180, 12, 39, 0, 0, 0.17%, 6, 0, 7, 136.71
1735826137, 180, 15, 39, 0, 0, 0.17%, 6, 0, 7, 134.72
1735826142, 180, 17, 39, 0, 0, 0.17%, 6, 0, 7, 143.97
1735826147, 180, 25, 39, 0, 0, 0.17%, 6, 0, 7, 138.24
1735826152, 181, 12, 39, 0, 0, 0.17%, 6, 0, 7, 136.14
1735826157, 181, 15, 39, 0, 0, 0.17%, 6, 0, 7, 133.42
1735826162, 181, 17, 39, 0, 0, 0.17%, 6, 0, 7, 142.82
1735826168, 181, 22, 39, 0, 0, 0.17%, 6, 0, 7, 140.31
1735826173, 182, 11, 39, 0, 0, 0.17%, 6, 0, 7, 131.12
1735826178, 182, 12, 39, 0, 0, 0.17%, 6, 0, 7, 139.50
1735826183, 182, 15, 39, 0, 0, 0.17%, 6, 0, 7, 138.64
1735826188, 182, 17, 39, 0, 0, 0.17%, 6, 0, 7, 146.60
1735826193, 183, 12, 39, 0, 0, 0.17%, 6, 0, 7, 146.78
1735826198, 183, 15, 39, 0, 0, 0.17%, 6, 0, 7, 144.68
1735826204, 183, 17, 39, 0, 0, 0.17%, 6, 0, 7, 142.93
1735826209, 183, 27, 39, 0, 0, 0.17%, 6, 0, 7, 144.22
1735826214, 184, 12, 39, 0, 0, 0.17%, 6, 0, 7, 139.86
1735826219, 184, 15, 39, 0, 0, 0.17%, 6, 0, 7, 139.23
1735826224, 184, 17, 39, 0, 0, 0.17%, 6, 0, 7, 137.52
1735826229, 185, 11, 39, 0, 0, 0.17%, 6, 0, 7, 139.20
1735826235, 185, 12, 39, 0, 0, 0.17%, 6, 0, 7, 139.66
1735826240, 185, 13, 39, 0, 0, 0.17%, 6, 0, 7, 133.84
1735826245, 185, 15, 39, 0, 0, 0.17%, 6, 0, 7, 137.28
1735826250, 185, 17, 39, 0, 0, 0.17%, 6, 0, 7, 131.22
1735826255, 185, 20, 39, 0, 0, 0.17%, 6, 0, 7, 138.33
1735826260, 185, 37, 39, 0, 0, 0.17%, 6, 0, 7, 161.01
1735826265, 186, 9, 39, 0, 0, 0.17%, 6, 0, 7, 143.65
1735826271, 186, 12, 39, 0, 0, 0.17%, 6, 0, 7, 140.21
1735826276, 186, 15, 39, 0, 0, 0.17%, 6, 0, 7, 135.29
1735826281, 186, 17, 39, 0, 0, 0.17%, 6, 0, 7, 139.03
1735826286, 186, 23, 39, 0, 0, 0.17%, 6, 0, 7, 139.90
1735826291, 186, 38, 39, 0, 0, 0.17%, 6, 0, 7, 148.05
1735826296, 187, 12, 39, 0, 0, 0.17%, 6, 0, 7, 133.95
1735826301, 187, 15, 39, 0, 0, 0.17%, 6, 0, 7, 144.29
1735826307, 187, 17, 39, 0, 0, 0.17%, 6, 0, 7, 138.14
1735826312, 188, 3, 39, 0, 0, 0.17%, 6, 0, 7, 137.69
1735826317, 188, 12, 39, 0, 0, 0.17%, 6, 0, 7, 140.44
1735826322, 188, 15, 39, 0, 0, 0.17%, 6, 0, 7, 135.62
1735826327, 188, 17, 39, 0, 0, 0.17%, 6, 0, 7, 133.44
1735826333, 189, 8, 39, 0, 0, 0.17%, 6, 0, 7, 136.36
1735826338, 189, 12, 39, 0, 0, 0.17%, 6, 0, 7, 138.41
1735826343, 189, 15, 39, 0, 0, 0.17%, 6, 0, 7, 137.67
1735826348, 189, 17, 39, 0, 0, 0.17%, 6, 0, 7, 132.16
1735826353, 189, 36, 39, 0, 0, 0.17%, 6, 0, 7, 141.39
1735826363, 190, 11, 39, 0, 0, 0.17%, 6, 0, 7, 141.27
1735826369, 190, 12, 39, 0, 0, 0.17%, 6, 0, 7, 131.55
1735826374, 190, 14, 39, 0, 0, 0.17%, 6, 0, 7, 140.02
1735826379, 190, 15, 39, 0, 0, 0.17%, 6, 0, 7, 138.46
1735826384, 190, 17, 39, 0, 0, 0.17%, 6, 0, 7, 132.83
1735826389, 190, 38, 39, 0, 0, 0.17%, 6, 0, 7, 144.65
1735826394, 191, 11, 39, 0, 0, 0.17%, 6, 0, 7, 134.92
1735826400, 191, 12, 39, 0, 0, 0.17%, 6, 0, 7, 139.76
1735826405, 191, 15, 39, 0, 0, 0.17%, 6, 0, 7, 131.70
1735826410, 191, 17, 39, 0, 0, 0.17%, 6, 0, 7, 138.14
1735826415, 192, 11, 39, 0, 0, 0.17%, 6, 0, 7, 134.37
1735826420, 192, 12, 39, 0, 0, 0.17%, 6, 0, 7, 139.49
1735826425, 192, 15, 39, 0, 0, 0.17%, 6, 0, 7, 135.44
1735826431, 192, 17, 39, 0, 0, 0.17%, 6, 0, 7, 135.22
1735826436, 192, 18, 39, 0, 0, 0.17%, 6, 0, 7, 145.59
1735826441, 192, 27, 39, 0, 0, 0.17%, 6, 0, 7, 138.66
1735826446, 193, 12, 39, 0, 0, 0.17%, 6, 0, 7, 133.65
1735826451, 193, 15, 39, 0, 0, 0.17%, 6, 0, 7, 138.48
1735826456, 193, 17, 39, 0, 0, 0.17%, 6, 0, 7, 135.72
1735826461, 193, 28, 39, 0, 0, 0.17%, 6, 0, 7, 156.14
1735826466, 193, 32, 39, 0, 0, 0.17%, 6, 0, 7, 142.43
1735826477, 193, 36, 39, 0, 0, 0.17%, 6, 0, 7, 145.70
1735826482, 194, 11, 39, 0, 0, 0.17%, 6, 0, 7, 145.19
1735826487, 194, 12, 39, 0, 0, 0.17%, 6, 0, 7, 139.95
1735826492, 194, 15, 39, 0, 0, 0.17%, 6, 0, 7, 145.63
1735826497, 194, 17, 39, 0, 0, 0.17%, 6, 0, 7, 139.33
1735826502, 194, 33, 39, 0, 0, 0.17%, 6, 0, 7, 153.49
1735826507, 194, 38, 39, 0, 0, 0.17%, 6, 0, 7, 153.27
1735826512, 195, 11, 39, 0, 0, 0.17%, 6, 0, 7, 142.90
1735826517, 195, 12, 39, 0, 0, 0.17%, 6, 0, 7, 143.73
1735826523, 195, 15, 39, 0, 0, 0.17%, 6, 0, 7, 146.47
1735826528, 195, 17, 39, 0, 0, 0.17%, 6, 0, 7, 143.41
1735826533, 195, 28, 39, 0, 0, 0.17%, 6, 0, 7, 143.76
1735826538, 196, 11, 39, 0, 0, 0.17%, 6, 0, 7, 142.90
1735826543, 196, 12, 39, 0, 0, 0.17%, 6, 0, 7, 139.98
1735826548, 196, 15, 39, 0, 0, 0.17%, 6, 0, 7, 140.76
1735826553, 196, 17, 39, 0, 0, 0.17%, 6, 0, 7, 139.46
1735826559, 196, 22, 39, 0, 0, 0.17%, 6, 0, 7, 135.68
1735826564, 197, 12, 39, 0, 0, 0.17%, 6, 0, 7, 130.71
1735826569, 197, 14, 39, 0, 0, 0.17%, 6, 0, 7, 137.29
1735826574, 197, 15, 39, 0, 0, 0.17%, 6, 0, 7, 134.75
1735826579, 197, 17, 39, 0, 0, 0.17%, 6, 0, 7, 139.75
1735826584, 197, 27, 39, 0, 0, 0.17%, 6, 0, 7, 146.51
1735826590, 198, 11, 39, 0, 0, 0.17%, 6, 0, 7, 138.38
1735826595, 198, 12, 39, 0, 0, 0.17%, 6, 0, 7, 136.65
1735826600, 198, 15, 39, 0, 0, 0.17%, 6, 0, 7, 136.45
1735826605, 198, 17, 39, 0, 0, 0.17%, 6, 0, 7, 132.81
1735826610, 198, 25, 39, 0, 0, 0.17%, 6, 0, 7, 143.64
1735826615, 199, 11, 39, 0, 0, 0.17%, 6, 0, 7, 145.02
1735826620, 199, 13, 39, 0, 0, 0.17%, 6, 0, 7, 148.41
1735826626, 199, 15, 39, 0, 0, 0.17%, 6, 0, 7, 138.22
1735826631, 199, 16, 39, 0, 0, 0.17%, 6, 0, 7, 140.79
1735826641, 200, 11, 39, 0, 0, 0.17%, 6, 0, 7, 150.27
1735826646, 200, 12, 39, 0, 0, 0.17%, 6, 0, 7, 137.10
1735826651, 200, 15, 39, 0, 0, 0.17%, 6, 0, 7, 133.81
1735826657, 200, 17, 39, 0, 0, 0.17%, 6, 0, 7, 133.17
1735826662, 200, 18, 39, 0, 0, 0.17%, 6, 0, 7, 139.19
1735826667, 201, 11, 39, 0, 0, 0.17%, 6, 0, 7, 135.71
1735826672, 201, 12, 39, 0, 0, 0.17%, 6, 0, 7, 142.66
1735826677, 201, 15, 39, 0, 0, 0.17%, 6, 0, 7, 134.05
1735826682, 202, 8, 39, 0, 0, 0.17%, 6, 0, 7, 137.65
1735826687, 202, 12, 39, 0, 0, 0.17%, 6, 0, 7, 141.10
1735826692, 202, 15, 39, 0, 0, 0.17%, 6, 0, 7, 138.77
1735826698, 202, 17, 39, 0, 0, 0.17%, 6, 0, 7, 134.04
1735826703, 202, 18, 39, 0, 0, 0.17%, 6, 0, 7, 149.15
1735826708, 203, 11, 39, 0, 0, 0.17%, 6, 0, 7, 138.91
1735826713, 203, 12, 39, 0, 0, 0.17%, 6, 0, 7, 139.11
1735826718, 203, 15, 39, 0, 0, 0.17%, 6, 0, 7, 130.94
1735826723, 203, 17, 39, 0, 0, 0.17%, 6, 0, 7, 134.26
1735826728, 203, 25, 39, 0, 0, 0.17%, 6, 0, 7, 136.23
1735826734, 204, 11, 39, 0, 0, 0.17%, 6, 0, 7, 138.68
1735826739, 204, 12, 39, 0, 0, 0.17%, 6, 0, 7, 136.15
1735826744, 204, 15, 39, 0, 0, 0.17%, 6, 0, 7, 140.59
1735826749, 204, 17, 39, 0, 0, 0.17%, 6, 0, 7, 130.46
1735826754, 204, 29, 39, 0, 0, 0.17%, 6, 0, 7, 142.07
1735826759, 205, 11, 39, 0, 0, 0.17%, 6, 0, 7, 133.28
1735826765, 205, 12, 39, 0, 0, 0.17%, 6, 0, 7, 139.28
1735826770, 205, 15, 39, 0, 0, 0.17%, 6, 0, 7, 136.05
1735826775, 205, 17, 39, 0, 0, 0.17%, 6, 0, 7, 135.35
1735826780, 205, 34, 39, 0, 0, 0.17%, 6, 0, 7, 151.26
1735826785, 205, 35, 39, 0, 0, 0.17%, 6, 0, 7, 162.13
1735826790, 206, 11, 39, 0, 0, 0.17%, 6, 0, 7, 146.06
1735826795, 206, 12, 39, 0, 0, 0.17%, 6, 0, 7, 133.79
1735826800, 206, 15, 39, 0, 0, 0.17%, 6, 0, 7, 140.12
1735826805, 206, 16, 39, 0, 0, 0.17%, 6, 0, 7, 139.29
1735826811, 206, 17, 39, 0, 0, 0.17%, 6, 0, 7, 133.58
1735826816, 207, 4, 39, 0, 0, 0.17%, 6, 0, 7, 141.53
1735826821, 207, 12, 39, 0, 0, 0.17%, 6, 0, 7, 139.26
1735826826, 207, 13, 39, 0, 0, 0.17%, 6, 0, 7, 136.09
1735826831, 207, 15, 39, 0, 0, 0.17%, 6, 0, 7, 136.31
1735826836, 207, 17, 39, 0, 0, 0.17%, 6, 0, 7, 134.56
1735826841, 207, 31, 39, 0, 0, 0.17%, 6, 0, 7, 153.49
1735826847, 208, 11, 39, 0, 0, 0.17%, 6, 0, 7, 146.88
1735826852, 208, 12, 39, 0, 0, 0.17%, 6, 0, 7, 141.40
1735826857, 208, 15, 39, 0, 0, 0.17%, 6, 0, 7, 133.78
1735826862, 208, 17, 39, 0, 0, 0.17%, 6, 0, 7, 148.22
1735826867, 208, 21, 39, 0, 0, 0.17%, 6, 0, 7, 142.68
1735826873, 208, 22, 39, 0, 0, 0.17%, 6, 0, 7, 150.97
1735826878, 209, 12, 39, 0, 0, 0.17%, 6, 0, 7, 141.78
1735826883, 209, 15, 39, 0, 0, 0.17%, 6, 0, 7, 137.34
1735826888, 209, 17, 39, 0, 0, 0.17%, 6, 0, 7, 135.77
1735826893, 209, 35, 39, 0, 0, 0.17%, 6, 0, 7, 158.32
1735826898, 210, 11, 39, 0, 0, 0.17%, 6, 0, 7, 136.31
1735826903, 210, 12, 39, 0, 0, 0.17%, 6, 0, 7, 132.37
1735826908, 210, 15, 39, 0, 0, 0.17%, 6, 0, 7, 134.64
1735826913, 210, 33, 39, 0, 0, 0.17%, 6, 0, 7, 141.50
1735826924, 211, 11, 39, 0, 0, 0.17%, 6, 0, 7, 138.91
1735826929, 211, 12, 39, 0, 0, 0.17%, 6, 0, 7, 134.25
1735826934, 211, 15, 39, 0, 0, 0.17%, 6, 0, 7, 141.31
1735826939, 211, 17, 39, 0, 0, 0.17%, 6, 0, 7, 142.12
1735826944, 211, 19, 39, 0, 0, 0.17%, 6, 0, 7, 146.56
1735826949, 212, 11, 39, 0, 0, 0.17%, 6, 0, 7, 135.35
1735826955, 212, 12, 39, 0, 0, 0.17%, 6, 0, 7, 136.25
1735826960, 212, 15, 39, 0, 0, 0.17%, 6, 0, 7, 142.28
1735826965, 212, 17, 39, 0, 0, 0.17%, 6, 0, 7, 135.10
1735826970, 213, 11, 39, 0, 0, 0.17%, 6, 0, 7, 133.72
1735826975, 213, 12, 39, 0, 0, 0.17%, 6, 0, 7, 131.47
1735826980, 213, 15, 39, 0, 0, 0.17%, 6, 0, 7, 139.34
1735826985, 213, 17, 39, 0, 0, 0.17%, 6, 0, 7, 136.07
1735826990, 213, 26, 39, 0, 0, 0.17%, 6, 0, 7, 146.57
1735826995, 214, 12, 39, 0, 0, 0.17%, 6, 0, 7, 135.76
1735827001, 214, 15, 39, 0, 0, 0.17%, 6, 0, 7, 136.78
1735827006, 214, 17, 39, 0, 0, 0.17%, 6, 0, 7, 135.24
1735827011, 214, 24, 39, 0, 0, 0.17%, 6, 0, 7, 155.44
1735827016, 215, 11, 39, 0, 0, 0.17%, 6, 0, 7, 141.21
1735827021, 215, 12, 39, 0, 0, 0.17%, 6, 0, 7, 140.28
1735827026, 215, 15, 39, 0, 0, 0.17%, 6, 0, 7, 141.94
1735827031, 215, 17, 39, 0, 0, 0.17%, 6, 0, 7, 142.28
1735827037, 215, 38, 39, 0, 0, 0.17%, 6, 0, 7, 151.41
1735827042, 216, 11, 39, 0, 0, 0.17%, 6, 0, 7, 133.77
1735827047, 216, 12, 39, 0, 0, 0.17%, 6, 0, 7, 135.24
1735827052, 216, 15, 39, 0, 0, 0.17%, 6, 0, 7, 131.62
1735827057, 216, 17, 39, 0, 0, 0.17%, 6, 0, 7, 136.06
1735827062, 217, 12, 39, 0, 0, 0.17%, 6, 0, 7, 136.20
1735827073, 217, 17, 39, 0, 0, 0.17%, 6, 0, 7, 138.18
1735827083, 218, 11, 39, 0, 0, 0.17%, 6, 0, 7, 131.47
1735827088, 218, 12, 39, 0, 0, 0.17%, 6, 0, 7, 134.76
1735827093, 218, 15, 39, 0, 0, 0.17%, 6, 0, 7, 132.41
1735827098, 218, 17, 39, 0, 0, 0.17%, 6, 0, 7, 137.20
1735827103, 219, 12, 39, 0, 0, 0.17%, 6, 0, 7, 140.96
1735827114, 219, 17, 39, 0, 0, 0.17%, 6, 0, 7, 143.11
1735827119, 220, 1, 39, 0, 0, 0.17%, 6, 0, 7, 141.41
1735827124, 220, 11, 39, 0, 0, 0.17%, 6, 0, 7, 139.47
1735827129, 220, 12, 39, 0, 0, 0.17%, 6, 0, 7, 132.64
1735827134, 220, 15, 39, 0, 0, 0.17%, 6, 0, 7, 134.93
1735827140, 220, 16, 39, 0, 0, 0.17%, 6, 0, 7, 138.99
1735827145, 220, 17, 39, 0, 0, 0.17%, 6, 0, 7, 143.60
1735827150, 221, 12, 39, 0, 0, 0.17%, 6, 0, 7, 138.49
1735827155, 221, 13, 39, 0, 0, 0.17%, 6, 0, 7, 135.73
1735827160, 221, 15, 39, 0, 0, 0.17%, 6, 0, 7, 133.21
1735827165, 221, 17, 39, 0, 0, 0.17%, 6, 0, 7, 132.17
1735827171, 222, 9, 39, 0, 0, 0.17%, 6, 0, 7, 141.76
1735827176, 222, 12, 39, 0, 0, 0.17%, 6, 0, 7, 135.00
1735827181, 222, 15, 39, 0, 0, 0.17%, 6, 0, 7, 138.41
1735827186, 222, 17, 39, 0, 0, 0.17%, 6, 0, 7, 139.81
1735827191, 222, 30, 39, 0, 0, 0.17%, 6, 0, 7, 151.93
1735827197, 223, 1, 39, 0, 0, 0.17%, 6, 0, 7, 144.67
1735827202, 223, 12, 39, 0, 0, 0.17%, 6, 0, 7, 139.18
1735827207, 223, 15, 39, 0, 0, 0.17%, 6, 0, 7, 139.57
1735827212, 223, 17, 39, 0, 0, 0.17%, 6, 0, 7, 129.35
1735827217, 224, 12, 39, 0, 0, 0.17%, 6, 0, 7, 143.89
1735827222, 224, 13, 39, 0, 0, 0.17%, 6, 0, 7, 144.59
1735827227, 224, 15, 39, 0, 0, 0.17%, 6, 0, 7, 141.76
1735827233, 224, 17, 39, 0, 0, 0.17%, 6, 0, 7, 136.21
1735827238, 224, 33, 39, 0, 0, 0.17%, 6, 0, 7, 159.36
1735827243, 225, 11, 39, 0, 0, 0.17%, 6, 0, 7, 146.68
1735827248, 225, 12, 39, 0, 0, 0.17%, 6, 0, 7, 134.18
1735827253, 225, 14, 39, 0, 0, 0.17%, 6, 0, 7, 141.93
1735827258, 225, 15, 39, 0, 0, 0.17%, 6, 0, 7, 145.66
1735827263, 225, 17, 39, 0, 0, 0.17%, 6, 0, 7, 150.85
1735827269, 226, 12, 39, 0, 0, 0.17%, 6, 0, 7, 135.66
1735827274, 226, 15, 39, 0, 0, 0.17%, 6, 0, 7, 135.95
1735827279, 226, 17, 39, 0, 0, 0.17%, 6, 0, 7, 135.41
1735827284, 226, 37, 39, 0, 0, 0.17%, 6, 0, 7, 167.80
1735827289, 227, 11, 39, 0, 0, 0.17%, 6, 0, 7, 142.87
1735827294, 227, 12, 39, 0, 0, 0.17%, 6, 0, 7, 138.23
1735827300, 227, 15, 39, 0, 0, 0.17%, 6, 0, 7, 131.64
1735827305, 227, 17, 39, 0, 0, 0.17%, 6, 0, 7, 134.73
1735827310, 227, 22, 39, 0, 0, 0.17%, 6, 0, 7, 143.59
1735827315, 228, 12, 39, 0, 0, 0.17%, 6, 0, 7, 139.37
1735827320, 228, 15, 39, 0, 0, 0.17%, 6, 0, 7, 134.98
1735827325, 228, 17, 39, 0, 0, 0.17%, 6, 0, 7, 135.00
1735827331, 229, 10, 39, 0, 0, 0.17%, 6, 0, 7, 137.00
1735827336, 229, 12, 39, 0, 0, 0.17%, 6, 0, 7, 137.88
1735827341, 229, 15, 39, 0, 0, 0.17%, 6, 0, 7, 140.59
1735827346, 229, 16, 39, 0, 0, 0.17%, 6, 0, 7, 136.60
1735827351, 229, 17, 39, 0, 0, 0.17%, 6, 0, 7, 129.55
1735827356, 229, 22, 39, 0, 0, 0.17%, 6, 0, 7, 134.56
1735827361, 229, 35, 39, 0, 0, 0.17%, 6, 0, 7, 135.43
1735827366, 230, 8, 39, 0, 0, 0.17%, 6, 0, 7, 141.85
1735827372, 230, 12, 39, 0, 0, 0.17%, 6, 0, 7, 137.51
1735827377, 230, 15, 39, 0, 0, 0.17%, 6, 0, 7, 144.20
1735827382, 230, 17, 39, 0, 0, 0.17%, 6, 0, 7, 136.80
1735827387, 231, 11, 39, 0, 0, 0.17%, 6, 0, 7, 136.27
1735827392, 231, 12, 39, 0, 0, 0.17%, 6, 0, 7, 137.59
1735827397, 231, 15, 39, 0, 0, 0.17%, 6, 0, 7, 134.08
1735827403, 231, 17, 39, 0, 0, 0.17%, 6, 0, 7, 139.88
1735827408, 231, 33, 39, 0, 0, 0.17%, 6, 0, 7, 153.87
1735827413, 232, 11, 39, 0, 0, 0.17%, 6, 0, 7, 142.87
1735827418, 232, 12, 39, 0, 0, 0.17%, 6, 0, 7, 142.68
1735827423, 232, 15, 39, 0, 0, 0.17%, 6, 0, 7, 139.95
1735827428, 232, 17, 39, 0, 0, 0.17%, 6, 0, 7, 142.08
1735827434, 233, 12, 39, 0, 0, 0.17%, 6, 0, 7, 135.69
1735827439, 233, 15, 39, 0, 0, 0.17%, 6, 0, 7, 139.99
1735827449, 233, 17, 39, 0, 0, 0.17%, 6, 0, 7, 136.85
1735827454, 234, 12, 39, 0, 0, 0.17%, 6, 0, 7, 135.91
1735827459, 234, 15, 39, 0, 0, 0.17%, 6, 0, 7, 134.86
1735827465, 234, 17, 39, 0, 0, 0.17%, 6, 0, 7, 136.18
1735827470, 234, 20, 39, 0, 0, 0.17%, 6, 0, 7, 136.05
1735827480, 234, 30, 39, 0, 0, 0.17%, 6, 0, 7, 144.18
1735827485, 235, 11, 39, 0, 0, 0.17%, 6, 0, 7, 141.88
1735827490, 235, 12, 39, 0, 0, 0.17%, 6, 0, 7, 128.19
1735827495, 235, 15, 39, 0, 0, 0.17%, 6, 0, 7, 135.89
1735827500, 235, 17, 39, 0, 0, 0.17%, 6, 0, 7, 139.13
1735827506, 235, 30, 39, 0, 0, 0.17%, 6, 0, 7, 152.26
1735827511, 236, 11, 39, 0, 0, 0.17%, 6, 0, 7, 139.94
1735827516, 236, 12, 39, 0, 0, 0.17%, 6, 0, 7, 141.67
1735827521, 236, 15, 39, 0, 0, 0.17%, 6, 0, 7, 139.74
1735827526, 236, 17, 39, 0, 0, 0.17%, 6, 0, 7, 141.44
1735827531, 237, 11, 39, 0, 0, 0.17%, 6, 0, 7, 135.42
1735827537, 237, 12, 39, 0, 0, 0.17%, 6, 0, 7, 136.21
1735827542, 237, 15, 39, 0, 0, 0.17%, 6, 0, 7, 136.08
1735827547, 237, 16, 39, 0, 0, 0.17%, 6, 0, 7, 137.42
1735827552, 237, 17, 39, 0, 0, 0.17%, 6, 0, 7, 145.36
1735827557, 237, 18, 39, 0, 0, 0.17%, 6, 0, 7, 141.75
1735827562, 237, 19, 39, 0, 0, 0.17%, 6, 0, 7, 144.86
1735827567, 238, 11, 39, 0, 0, 0.17%, 6, 0, 7, 137.18
1735827573, 238, 12, 39, 0, 0, 0.17%, 6, 0, 7, 142.20
1735827578, 238, 15, 39, 0, 0, 0.17%, 6, 0, 7, 136.03
1735827583, 238, 17, 39, 0, 0, 0.17%, 6, 0, 7, 145.12
1735827588, 238, 24, 39, 0, 0, 0.17%, 6, 0, 7, 145.28
1735827593, 238, 35, 39, 0, 0, 0.17%, 6, 0, 7, 149.32
1735827598, 239, 12, 39, 0, 0, 0.17%, 6, 0, 7, 141.40
1735827603, 239, 15, 39, 0, 0, 0.17%, 6, 0, 7, 135.21
1735827608, 239, 17, 39, 0, 0, 0.17%, 6, 0, 7, 134.74
1735827613, 239, 23, 39, 0, 0, 0.17%, 6, 0, 7, 148.88
