# unix_time, cycles_done, cur_path, paths_total, pending_total, pending_favs, map_size, unique_crashes, unique_hangs, max_depth, execs_per_sec
1735773623, 0, 0, 10, 10, 1, 0.01%, 0, 0, 1, 84.39
1735773628, 0, 3, 10, 10, 1, 0.01%, 0, 0, 1, 103.69
1735773633, 0, 4, 10, 9, 0, 0.01%, 0, 0, 1, 103.99
1735773643, 0, 5, 10, 8, 0, 0.01%, 0, 0, 1, 100.90
1735773653, 0, 6, 10, 7, 0, 0.01%, 0, 0, 1, 99.71
1735773663, 0, 7, 10, 6, 0, 0.01%, 0, 0, 1, 98.71
1735773674, 0, 8, 10, 5, 0, 0.01%, 0, 0, 1, 96.88
1735773684, 0, 9, 10, 4, 0, 0.01%, 0, 0, 1, 95.24
1735773694, 1, 0, 10, 3, 0, 0.01%, 0, 0, 1, 95.40
1735773704, 1, 1, 10, 2, 0, 0.01%, 0, 0, 1, 104.56
1735773719, 1, 2, 10, 1, 0, 0.01%, 0, 0, 1, 92.21
1735773730, 1, 3, 10, 0, 0, 0.01%, 0, 0, 1, 101.86
1735773735, 1, 4, 10, 0, 0, 0.01%, 0, 0, 1, 103.66
1735773740, 1, 6, 10, 0, 0, 0.01%, 0, 0, 1, 100.62
1735773745, 1, 7, 10, 0, 0, 0.01%, 0, 0, 1, 101.91
1735773750, 1, 8, 10, 0, 0, 0.01%, 0, 0, 1, 104.14
1735773755, 2, 0, 10, 0, 0, 0.01%, 0, 0, 1, 103.09
1735773760, 2, 1, 10, 0, 0, 0.01%, 0, 0, 1, 101.98
1735773766, 2, 3, 10, 0, 0, 0.01%, 0, 0, 1, 102.56
1735773771, 2, 4, 10, 0, 0, 0.01%, 0, 0, 1, 101.61
1735773776, 2, 6, 10, 0, 0, 0.01%, 0, 0, 1, 101.77
1735773781, 2, 7, 10, 0, 0, 0.01%, 0, 0, 1, 101.18
1735773786, 2, 8, 10, 0, 0, 0.01%, 0, 0, 1, 99.99
1735773791, 3, 0, 10, 0, 0, 0.01%, 0, 0, 1, 102.07
1735773796, 3, 1, 10, 0, 0, 0.01%, 0, 0, 1, 102.89
1735773801, 3, 3, 10, 0, 0, 0.01%, 0, 0, 1, 102.59
1735773806, 3, 4, 10, 0, 0, 0.01%, 0, 0, 1, 100.32
1735773811, 3, 5, 10, 0, 0, 0.01%, 0, 0, 1, 102.81
1735773816, 3, 7, 10, 0, 0, 0.01%, 0, 0, 1, 105.04
1735773822, 3, 8, 10, 0, 0, 0.01%, 0, 0, 1, 101.95
1735773827, 4, 0, 10, 0, 0, 0.01%, 0, 0, 1, 101.30
1735773832, 4, 1, 10, 0, 0, 0.01%, 0, 0, 1, 103.98
1735773837, 4, 3, 10, 0, 0, 0.01%, 0, 0, 1, 102.28
1735773842, 4, 4, 10, 0, 0, 0.01%, 0, 0, 1, 101.52
1735773847, 4, 5, 10, 0, 0, 0.01%, 0, 0, 1, 104.21
1735773852, 4, 7, 10, 0, 0, 0.01%, 0, 0, 1, 101.55
1735773857, 4, 8, 10, 0, 0, 0.01%, 0, 0, 1, 101.13
1735773862, 5, 0, 10, 0, 0, 0.01%, 0, 0, 1, 100.20
1735773868, 5, 1, 10, 0, 0, 0.01%, 0, 0, 1, 99.60
1735773873, 5, 3, 10, 0, 0, 0.01%, 0, 0, 1, 103.89
1735773878, 5, 10, 13, 3, 1, 0.16%, 2, 0, 3, 129.96
1735773883, 5, 10, 13, 3, 1, 0.16%, 3, 0, 3, 122.48
1735773960, 5, 11, 13, 2, 2, 0.16%, 3, 0, 3, 128.00
1735773970, 5, 11, 14, 3, 2, 0.16%, 3, 0, 4, 109.95
1735773986, 5, 11, 15, 4, 2, 0.17%, 4, 0, 4, 109.41
1735774057, 5, 11, 16, 5, 2, 0.17%, 4, 0, 4, 110.75
1735774093, 5, 12, 16, 4, 2, 0.17%, 4, 0, 4, 136.21
1735774144, 5, 14, 17, 4, 1, 0.17%, 5, 0, 5, 134.89
1735774186, 5, 14, 18, 5, 1, 0.17%, 5, 0, 5, 112.39
1735774325, 5, 16, 18, 4, 1, 0.17%, 5, 0, 5, 135.89
1735774330, 5, 16, 19, 5, 1, 0.17%, 5, 0, 6, 125.94
1735774356, 5, 16, 20, 6, 1, 0.17%, 5, 0, 6, 114.55
1735774371, 5, 16, 21, 7, 1, 0.17%, 5, 0, 6, 116.42
1735774407, 5, 16, 22, 8, 1, 0.17%, 5, 0, 6, 113.58
1735774443, 5, 16, 23, 9, 1, 0.17%, 5, 0, 6, 116.67
1735774459, 5, 16, 24, 10, 1, 0.17%, 5, 0, 6, 120.60
1735774479, 5, 16, 25, 11, 1, 0.17%, 5, 0, 6, 130.23
1735774500, 5, 24, 25, 10, 0, 0.17%, 5, 0, 6, 146.15
1735774530, 5, 24, 26, 11, 0, 0.17%, 5, 0, 7, 128.27
1735774582, 5, 24, 28, 13, 0, 0.17%, 5, 0, 7, 128.89
1735774623, 6, 11, 28, 12, 0, 0.17%, 5, 0, 7, 121.66
1735774628, 6, 11, 29, 13, 0, 0.17%, 5, 0, 7, 125.80
1735774633, 6, 12, 29, 13, 0, 0.17%, 5, 0, 7, 120.61
1735774644, 6, 13, 29, 13, 0, 0.17%, 5, 0, 7, 143.86
1735774721, 6, 14, 29, 12, 0, 0.17%, 5, 0, 7, 117.86
1735774742, 6, 16, 29, 12, 0, 0.17%, 5, 0, 7, 118.02
1735774752, 6, 17, 29, 12, 0, 0.17%, 5, 0, 7, 139.13
1735774824, 6, 17, 30, 13, 0, 0.17%, 5, 0, 7, 124.52
1735774835, 6, 19, 30, 12, 0, 0.17%, 5, 0, 7, 224.26
1735774876, 6, 19, 32, 14, 0, 0.17%, 6, 0, 7, 244.82
1735775048, 6, 24, 32, 13, 0, 0.17%, 6, 0, 7, 123.36
1735775064, 6, 26, 32, 13, 0, 0.17%, 6, 0, 7, 178.67
1735775141, 7, 11, 32, 12, 0, 0.17%, 6, 0, 7, 129.50
1735775146, 7, 12, 32, 12, 0, 0.17%, 6, 0, 7, 126.09
1735775152, 7, 14, 32, 12, 0, 0.17%, 6, 0, 7, 122.45
1735775162, 7, 16, 32, 12, 0, 0.17%, 6, 0, 7, 122.80
1735775167, 7, 20, 32, 12, 0, 0.17%, 6, 0, 7, 147.43
1735775244, 8, 11, 32, 11, 0, 0.17%, 6, 0, 7, 141.39
1735775249, 8, 14, 32, 11, 0, 0.17%, 6, 0, 7, 127.09
1735775260, 8, 15, 32, 11, 0, 0.17%, 6, 0, 7, 167.95
1735775306, 8, 15, 33, 12, 0, 0.17%, 6, 0, 7, 126.37
1735775311, 8, 15, 34, 13, 0, 0.17%, 6, 0, 7, 126.24
1735775388, 8, 16, 34, 12, 0, 0.17%, 6, 0, 7, 126.94
1735775393, 8, 21, 34, 12, 0, 0.17%, 6, 0, 7, 152.84
1735775481, 8, 25, 34, 11, 0, 0.17%, 6, 0, 7, 119.77
1735775919, 8, 25, 35, 12, 0, 0.17%, 6, 0, 8, 144.55
1735775924, 8, 27, 35, 11, 0, 0.17%, 6, 0, 8, 110.65
1735776763, 8, 30, 35, 10, 0, 0.17%, 6, 0, 8, 175.78
1735776973, 9, 6, 35, 9, 0, 0.17%, 6, 0, 8, 128.04
1735776978, 9, 12, 35, 9, 0, 0.17%, 6, 0, 8, 118.94
1735776983, 9, 14, 35, 9, 0, 0.17%, 6, 0, 8, 122.00
1735776988, 9, 14, 36, 10, 0, 0.17%, 6, 0, 8, 118.15
1735776998, 9, 16, 36, 10, 0, 0.17%, 6, 0, 8, 131.57
1735777004, 9, 21, 36, 10, 0, 0.17%, 6, 0, 8, 133.67
1735777019, 9, 22, 36, 10, 0, 0.17%, 6, 0, 8, 121.58
1735777178, 9, 31, 36, 9, 0, 0.17%, 6, 0, 8, 128.22
1735777381, 9, 34, 36, 8, 0, 0.17%, 6, 0, 8, 119.65
1735777727, 9, 34, 37, 9, 0, 0.17%, 6, 0, 9, 165.00
1735777778, 9, 34, 38, 10, 0, 0.17%, 6, 0, 9, 173.61
1735777829, 10, 12, 38, 9, 0, 0.17%, 6, 0, 9, 133.06
1735777834, 10, 14, 38, 9, 0, 0.17%, 6, 0, 9, 136.38
1735777840, 10, 16, 38, 9, 0, 0.17%, 6, 0, 9, 129.27
1735777845, 10, 25, 38, 9, 0, 0.17%, 6, 0, 9, 151.46
1735777860, 10, 26, 38, 9, 0, 0.17%, 6, 0, 9, 142.27
1735777876, 10, 30, 38, 9, 0, 0.17%, 6, 0, 9, 142.66
1735777886, 10, 37, 38, 9, 0, 0.17%, 6, 0, 9, 128.81
1735778430, 10, 37, 39, 10, 0, 0.17%, 7, 0, 10, 193.69
1735778532, 11, 0, 39, 9, 0, 0.17%, 7, 0, 10, 132.11
1735778537, 11, 11, 39, 9, 0, 0.17%, 7, 0, 10, 139.56
1735778542, 11, 14, 39, 9, 0, 0.17%, 7, 0, 10, 141.99
1735778547, 11, 16, 39, 9, 0, 0.17%, 7, 0, 10, 137.86
1735778552, 11, 17, 39, 9, 0, 0.17%, 7, 0, 10, 143.52
1735778562, 11, 18, 39, 9, 0, 0.17%, 7, 0, 10, 177.25
1735778634, 11, 28, 39, 8, 0, 0.17%, 7, 0, 10, 180.62
1735778705, 11, 36, 39, 7, 0, 0.17%, 7, 0, 10, 116.34
1735779077, 11, 38, 39, 6, 0, 0.17%, 7, 0, 10, 139.78
1735779708, 12, 11, 39, 5, 0, 0.17%, 7, 0, 10, 170.75
1735779713, 12, 14, 39, 5, 0, 0.17%, 7, 0, 10, 145.73
1735779718, 12, 16, 39, 5, 0, 0.17%, 7, 0, 10, 141.53
1735779723, 12, 25, 39, 5, 0, 0.17%, 7, 0, 10, 158.86
1735779728, 12, 31, 39, 5, 0, 0.17%, 7, 0, 10, 146.53
1735779744, 13, 11, 39, 5, 0, 0.17%, 7, 0, 10, 136.63
1735779749, 13, 14, 39, 5, 0, 0.17%, 7, 0, 10, 146.40
1735779754, 13, 16, 39, 5, 0, 0.17%, 7, 0, 10, 139.59
1735779759, 13, 24, 39, 5, 0, 0.17%, 7, 0, 10, 149.16
1735779764, 13, 29, 39, 5, 0, 0.17%, 7, 0, 10, 171.76
1735779816, 13, 32, 39, 4, 0, 0.17%, 7, 0, 10, 206.55
1735779876, 13, 33, 39, 3, 0, 0.17%, 7, 0, 10, 133.04
1735780141, 14, 11, 39, 2, 0, 0.17%, 7, 0, 10, 139.81
1735780147, 14, 14, 39, 2, 0, 0.17%, 7, 0, 10, 142.48
1735780152, 14, 16, 39, 2, 0, 0.17%, 7, 0, 10, 136.39
1735780157, 14, 23, 39, 2, 0, 0.17%, 7, 0, 10, 162.97
1735780213, 15, 11, 39, 1, 0, 0.17%, 7, 0, 10, 155.02
1735780218, 15, 14, 39, 1, 0, 0.17%, 7, 0, 10, 143.48
1735780223, 15, 16, 39, 1, 0, 0.17%, 7, 0, 10, 145.95
1735780228, 15, 25, 39, 1, 0, 0.17%, 7, 0, 10, 153.68
1735780233, 16, 3, 39, 1, 0, 0.17%, 7, 0, 10, 147.13
1735780238, 16, 12, 39, 1, 0, 0.17%, 7, 0, 10, 150.02
1735780244, 16, 14, 39, 1, 0, 0.17%, 7, 0, 10, 151.65
1735780249, 16, 16, 39, 1, 0, 0.17%, 7, 0, 10, 137.15
1735780254, 17, 12, 39, 1, 0, 0.17%, 7, 0, 10, 142.89
1735780259, 17, 14, 39, 1, 0, 0.17%, 7, 0, 10, 133.89
1735780264, 17, 16, 39, 1, 0, 0.17%, 7, 0, 10, 144.86
1735780269, 17, 20, 39, 1, 0, 0.17%, 7, 0, 10, 144.99
1735780280, 17, 33, 39, 1, 0, 0.17%, 7, 0, 10, 160.38
1735780300, 18, 12, 39, 1, 0, 0.17%, 7, 0, 10, 150.18
1735780305, 18, 14, 39, 1, 0, 0.17%, 7, 0, 10, 141.67
1735780310, 18, 16, 39, 1, 0, 0.17%, 7, 0, 10, 149.24
1735780315, 18, 22, 39, 1, 0, 0.17%, 7, 0, 10, 155.14
1735780320, 19, 10, 39, 1, 0, 0.17%, 7, 0, 10, 148.81
1735780326, 19, 11, 39, 1, 0, 0.17%, 7, 0, 10, 143.99
1735780331, 19, 14, 39, 1, 0, 0.17%, 7, 0, 10, 141.41
1735780336, 19, 16, 39, 1, 0, 0.17%, 7, 0, 10, 144.06
1735780341, 19, 34, 39, 1, 0, 0.17%, 7, 0, 10, 152.17
1735780377, 20, 10, 39, 1, 0, 0.17%, 7, 0, 10, 146.86
1735780382, 20, 12, 39, 1, 0, 0.17%, 7, 0, 10, 145.16
1735780387, 20, 14, 39, 1, 0, 0.17%, 7, 0, 10, 152.93
1735780392, 20, 16, 39, 1, 0, 0.17%, 7, 0, 10, 146.40
1735780397, 21, 12, 39, 1, 0, 0.17%, 7, 0, 10, 147.00
1735780402, 21, 14, 39, 1, 0, 0.17%, 7, 0, 10, 140.29
1735780407, 21, 16, 39, 1, 0, 0.17%, 7, 0, 10, 143.21
1735780413, 21, 32, 39, 1, 0, 0.17%, 7, 0, 10, 154.33
1735780433, 22, 11, 39, 1, 0, 0.17%, 7, 0, 10, 136.20
1735780438, 22, 14, 39, 1, 0, 0.17%, 7, 0, 10, 143.00
1735780443, 22, 16, 39, 1, 0, 0.17%, 7, 0, 10, 141.72
1735780448, 22, 35, 39, 1, 0, 0.17%, 7, 0, 10, 203.36
1735780494, 22, 36, 39, 0, 0, 0.17%, 7, 0, 10, 179.58
1735780535, 23, 12, 39, 0, 0, 0.17%, 7, 0, 10, 144.59
1735780540, 23, 14, 39, 0, 0, 0.17%, 7, 0, 10, 146.94
1735780545, 23, 27, 39, 0, 0, 0.17%, 7, 0, 10, 148.72
1735780555, 23, 33, 39, 0, 0, 0.17%, 7, 0, 10, 159.69
1735780560, 23, 35, 39, 0, 0, 0.17%, 7, 0, 10, 151.91
1735780581, 24, 11, 39, 0, 0, 0.17%, 7, 0, 10, 138.88
1735780586, 24, 14, 39, 0, 0, 0.17%, 7, 0, 10, 137.69
1735780591, 24, 15, 39, 0, 0, 0.17%, 7, 0, 10, 145.11
1735780601, 24, 16, 39, 0, 0, 0.17%, 7, 0, 10, 142.42
1735780606, 24, 27, 39, 0, 0, 0.17%, 7, 0, 10, 152.52
1735780612, 25, 11, 39, 0, 0, 0.17%, 7, 0, 10, 149.99
1735780617, 25, 13, 39, 0, 0, 0.17%, 7, 0, 10, 148.90
1735780627, 25, 14, 39, 0, 0, 0.17%, 7, 0, 10, 133.90
1735780632, 25, 16, 39, 0, 0, 0.17%, 7, 0, 10, 145.31
1735780637, 25, 21, 39, 0, 0, 0.17%, 7, 0, 10, 155.36
1735780642, 26, 11, 39, 0, 0, 0.17%, 7, 0, 10, 142.31
1735780648, 26, 14, 39, 0, 0, 0.17%, 7, 0, 10, 144.83
1735780653, 26, 16, 39, 0, 0, 0.17%, 7, 0, 10, 146.51
1735780658, 26, 36, 39, 0, 0, 0.17%, 7, 0, 10, 158.94
1735780678, 27, 11, 39, 0, 0, 0.17%, 7, 0, 10, 134.04
1735780683, 27, 14, 39, 0, 0, 0.17%, 7, 0, 10, 140.46
1735780688, 27, 16, 39, 0, 0, 0.17%, 7, 0, 10, 142.68
1735780694, 27, 30, 39, 0, 0, 0.17%, 7, 0, 10, 148.54
1735780704, 28, 11, 39, 0, 0, 0.17%, 7, 0, 10, 148.65
1735780709, 28, 14, 39, 0, 0, 0.17%, 7, 0, 10, 135.10
1735780714, 28, 16, 39, 0, 0, 0.17%, 7, 0, 10, 144.13
1735780719, 29, 10, 39, 0, 0, 0.17%, 7, 0, 10, 142.20
1735780724, 29, 12, 39, 0, 0, 0.17%, 7, 0, 10, 140.04
1735780729, 29, 14, 39, 0, 0, 0.17%, 7, 0, 10, 140.92
1735780734, 29, 16, 39, 0, 0, 0.17%, 7, 0, 10, 143.68
1735780740, 29, 30, 39, 0, 0, 0.17%, 7, 0, 10, 155.90
1735780745, 30, 11, 39, 0, 0, 0.17%, 7, 0, 10, 153.03
1735780750, 30, 14, 39, 0, 0, 0.17%, 7, 0, 10, 143.90
1735780755, 30, 16, 39, 0, 0, 0.17%, 7, 0, 10, 138.48
1735780760, 31, 11, 39, 0, 0, 0.17%, 7, 0, 10, 144.24
1735780765, 31, 14, 39, 0, 0, 0.17%, 7, 0, 10, 141.35
1735780770, 31, 16, 39, 0, 0, 0.17%, 7, 0, 10, 144.17
1735780776, 31, 17, 39, 0, 0, 0.17%, 7, 0, 10, 145.97
1735780781, 32, 1, 39, 0, 0, 0.17%, 7, 0, 10, 138.90
1735780786, 32, 12, 39, 0, 0, 0.17%, 7, 0, 10, 144.10
1735780791, 32, 16, 39, 0, 0, 0.17%, 7, 0, 10, 146.22
1735780796, 33, 1, 39, 0, 0, 0.17%, 7, 0, 10, 137.58
1735780802, 33, 11, 39, 0, 0, 0.17%, 7, 0, 10, 140.88
1735780807, 33, 14, 39, 0, 0, 0.17%, 7, 0, 10, 136.41
1735780812, 33, 16, 39, 0, 0, 0.17%, 7, 0, 10, 134.99
1735780817, 33, 22, 39, 0, 0, 0.17%, 7, 0, 10, 148.57
1735780822, 33, 30, 39, 0, 0, 0.17%, 7, 0, 10, 153.36
1735780827, 33, 31, 39, 0, 0, 0.17%, 7, 0, 10, 156.37
1735780842, 34, 12, 39, 0, 0, 0.17%, 7, 0, 10, 138.16
1735780847, 34, 14, 39, 0, 0, 0.17%, 7, 0, 10, 144.20
1735780853, 34, 25, 39, 0, 0, 0.17%, 7, 0, 10, 153.33
1735780863, 35, 12, 39, 0, 0, 0.17%, 7, 0, 10, 138.62
1735780868, 35, 14, 39, 0, 0, 0.17%, 7, 0, 10, 151.91
1735780873, 35, 16, 39, 0, 0, 0.17%, 7, 0, 10, 156.31
1735780878, 35, 38, 39, 0, 0, 0.17%, 7, 0, 10, 196.50
1735780914, 36, 12, 39, 0, 0, 0.17%, 7, 0, 10, 145.44
1735780919, 36, 14, 39, 0, 0, 0.17%, 7, 0, 10, 139.31
1735780924, 36, 16, 39, 0, 0, 0.17%, 7, 0, 10, 145.22
1735780929, 36, 17, 39, 0, 0, 0.17%, 7, 0, 10, 141.13
1735780935, 37, 12, 39, 0, 0, 0.17%, 7, 0, 10, 138.01
1735780940, 37, 14, 39, 0, 0, 0.17%, 7, 0, 10, 138.46
1735780945, 37, 16, 39, 0, 0, 0.17%, 7, 0, 10, 145.55
1735780950, 37, 19, 39, 0, 0, 0.17%, 7, 0, 10, 163.78
1735780965, 37, 28, 39, 0, 0, 0.17%, 7, 0, 10, 147.18
1735780981, 38, 12, 39, 0, 0, 0.17%, 7, 0, 10, 138.72
1735780986, 38, 14, 39, 0, 0, 0.17%, 7, 0, 10, 135.95
1735780991, 38, 16, 39, 0, 0, 0.17%, 7, 0, 10, 139.50
1735780996, 38, 29, 39, 0, 0, 0.17%, 7, 0, 10, 136.69
1735781007, 38, 34, 39, 0, 0, 0.17%, 7, 0, 10, 156.74
1735781017, 39, 11, 39, 0, 0, 0.17%, 7, 0, 10, 147.66
1735781022, 39, 14, 39, 0, 0, 0.17%, 7, 0, 10, 143.56
1735781027, 39, 15, 39, 0, 0, 0.17%, 7, 0, 10, 152.98
1735781032, 39, 16, 39, 0, 0, 0.17%, 7, 0, 10, 144.01
1735781037, 39, 17, 39, 0, 0, 0.17%, 7, 0, 10, 144.81
1735781042, 39, 24, 39, 0, 0, 0.17%, 7, 0, 10, 146.35
1735781048, 39, 25, 39, 0, 0, 0.17%, 7, 0, 10, 161.84
1735781058, 39, 27, 39, 0, 0, 0.17%, 7, 0, 10, 146.18
1735781063, 39, 37, 39, 0, 0, 0.17%, 7, 0, 10, 203.23
1735781093, 40, 2, 39, 0, 0, 0.17%, 7, 0, 10, 157.01
1735781098, 40, 12, 39, 0, 0, 0.17%, 7, 0, 10, 148.78
1735781104, 40, 14, 39, 0, 0, 0.17%, 7, 0, 10, 144.39
1735781109, 40, 16, 39, 0, 0, 0.17%, 7, 0, 10, 143.47
1735781114, 41, 12, 39, 0, 0, 0.17%, 7, 0, 10, 137.25
1735781119, 41, 14, 39, 0, 0, 0.17%, 7, 0, 10, 141.09
1735781124, 41, 34, 39, 0, 0, 0.17%, 7, 0, 10, 140.24
1735781140, 42, 12, 39, 0, 0, 0.17%, 7, 0, 10, 151.57
1735781145, 42, 14, 39, 0, 0, 0.17%, 7, 0, 10, 139.64
1735781150, 42, 16, 39, 0, 0, 0.17%, 7, 0, 10, 138.37
1735781155, 43, 12, 39, 0, 0, 0.17%, 7, 0, 10, 136.62
1735781160, 43, 14, 39, 0, 0, 0.17%, 7, 0, 10, 133.64
1735781166, 43, 16, 39, 0, 0, 0.17%, 7, 0, 10, 141.83
1735781171, 44, 12, 39, 0, 0, 0.17%, 7, 0, 10, 136.82
1735781176, 44, 14, 39, 0, 0, 0.17%, 7, 0, 10, 145.28
1735781181, 44, 16, 39, 0, 0, 0.17%, 7, 0, 10, 136.31
1735781186, 44, 22, 39, 0, 0, 0.17%, 7, 0, 10, 156.86
1735781191, 44, 28, 39, 0, 0, 0.17%, 7, 0, 10, 151.05
1735781201, 45, 0, 39, 0, 0, 0.17%, 7, 0, 10, 156.48
1735781206, 45, 7, 39, 0, 0, 0.17%, 7, 0, 10, 154.16
1735781212, 45, 12, 39, 0, 0, 0.17%, 7, 0, 10, 141.77
1735781217, 45, 14, 39, 0, 0, 0.17%, 7, 0, 10, 137.43
1735781222, 45, 16, 39, 0, 0, 0.17%, 7, 0, 10, 142.82
1735781227, 45, 37, 39, 0, 0, 0.17%, 7, 0, 10, 184.81
1735781248, 46, 12, 39, 0, 0, 0.17%, 7, 0, 10, 149.64
1735781253, 46, 14, 39, 0, 0, 0.17%, 7, 0, 10, 147.04
1735781258, 46, 16, 39, 0, 0, 0.17%, 7, 0, 10, 138.41
1735781263, 46, 36, 39, 0, 0, 0.17%, 7, 0, 10, 166.95
1735781273, 47, 12, 39, 0, 0, 0.17%, 7, 0, 10, 154.49
1735781278, 47, 13, 39, 0, 0, 0.17%, 7, 0, 10, 138.31
1735781283, 47, 14, 39, 0, 0, 0.17%, 7, 0, 10, 140.76
1735781289, 47, 16, 39, 0, 0, 0.17%, 7, 0, 10, 141.86
1735781294, 48, 12, 39, 0, 0, 0.17%, 7, 0, 10, 147.98
1735781299, 48, 14, 39, 0, 0, 0.17%, 7, 0, 10, 145.25
1735781304, 48, 16, 39, 0, 0, 0.17%, 7, 0, 10, 144.73
1735781309, 48, 31, 39, 0, 0, 0.17%, 7, 0, 10, 157.86
1735781314, 49, 11, 39, 0, 0, 0.17%, 7, 0, 10, 140.71
1735781320, 49, 14, 39, 0, 0, 0.17%, 7, 0, 10, 140.74
1735781325, 49, 16, 39, 0, 0, 0.17%, 7, 0, 10, 142.40
1735781330, 50, 12, 39, 0, 0, 0.17%, 7, 0, 10, 143.06
1735781335, 50, 14, 39, 0, 0, 0.17%, 7, 0, 10, 136.86
1735781340, 50, 16, 39, 0, 0, 0.17%, 7, 0, 10, 135.40
1735781345, 50, 23, 39, 0, 0, 0.17%, 7, 0, 10, 152.19
1735781355, 50, 27, 39, 0, 0, 0.17%, 7, 0, 10, 157.00
1735781360, 51, 12, 39, 0, 0, 0.17%, 7, 0, 10, 148.27
1735781366, 51, 14, 39, 0, 0, 0.17%, 7, 0, 10, 141.88
1735781371, 51, 16, 39, 0, 0, 0.17%, 7, 0, 10, 144.93
1735781376, 52, 11, 39, 0, 0, 0.17%, 7, 0, 10, 146.65
1735781381, 52, 14, 39, 0, 0, 0.17%, 7, 0, 10, 141.83
1735781386, 52, 16, 39, 0, 0, 0.17%, 7, 0, 10, 137.13
1735781391, 52, 25, 39, 0, 0, 0.17%, 7, 0, 10, 149.53
1735781401, 52, 35, 39, 0, 0, 0.17%, 7, 0, 10, 148.65
1735781412, 53, 11, 39, 0, 0, 0.17%, 7, 0, 10, 140.11
1735781417, 53, 14, 39, 0, 0, 0.17%, 7, 0, 10, 135.89
1735781422, 53, 15, 39, 0, 0, 0.17%, 7, 0, 10, 141.70
1735781427, 53, 16, 39, 0, 0, 0.17%, 7, 0, 10, 140.88
1735781432, 53, 22, 39, 0, 0, 0.17%, 7, 0, 10, 143.06
1735781437, 53, 32, 39, 0, 0, 0.17%, 7, 0, 10, 156.00
1735781442, 53, 38, 39, 0, 0, 0.17%, 7, 0, 10, 157.57
1735781463, 54, 11, 39, 0, 0, 0.17%, 7, 0, 10, 129.06
1735781468, 54, 14, 39, 0, 0, 0.17%, 7, 0, 10, 141.49
1735781473, 54, 16, 39, 0, 0, 0.17%, 7, 0, 10, 143.93
1735781478, 54, 17, 39, 0, 0, 0.17%, 7, 0, 10, 145.85
1735781484, 54, 27, 39, 0, 0, 0.17%, 7, 0, 10, 156.99
1735781489, 55, 11, 39, 0, 0, 0.17%, 7, 0, 10, 140.48
1735781494, 55, 14, 39, 0, 0, 0.17%, 7, 0, 10, 137.60
1735781499, 55, 16, 39, 0, 0, 0.17%, 7, 0, 10, 135.14
1735781504, 55, 26, 39, 0, 0, 0.17%, 7, 0, 10, 147.53
1735781509, 56, 6, 39, 0, 0, 0.17%, 7, 0, 10, 146.47
1735781514, 56, 8, 39, 0, 0, 0.17%, 7, 0, 10, 143.06
1735781519, 56, 14, 39, 0, 0, 0.17%, 7, 0, 10, 148.57
1735781525, 56, 16, 39, 0, 0, 0.17%, 7, 0, 10, 140.41
1735781530, 56, 23, 39, 0, 0, 0.17%, 7, 0, 10, 158.89
1735781535, 56, 34, 39, 0, 0, 0.17%, 7, 0, 10, 158.90
1735781545, 57, 11, 39, 0, 0, 0.17%, 7, 0, 10, 144.80
1735781550, 57, 14, 39, 0, 0, 0.17%, 7, 0, 10, 142.49
1735781555, 57, 16, 39, 0, 0, 0.17%, 7, 0, 10, 146.25
1735781560, 57, 35, 39, 0, 0, 0.17%, 7, 0, 10, 147.33
1735781565, 58, 12, 39, 0, 0, 0.17%, 7, 0, 10, 145.75
1735781570, 58, 14, 39, 0, 0, 0.17%, 7, 0, 10, 147.87
1735781576, 58, 16, 39, 0, 0, 0.17%, 7, 0, 10, 143.08
1735781581, 59, 12, 39, 0, 0, 0.17%, 7, 0, 10, 148.39
1735781586, 59, 14, 39, 0, 0, 0.17%, 7, 0, 10, 142.72
1735781591, 59, 16, 39, 0, 0, 0.17%, 7, 0, 10, 142.27
1735781596, 59, 37, 39, 0, 0, 0.17%, 7, 0, 10, 164.55
1735781606, 59, 38, 39, 0, 0, 0.17%, 7, 0, 10, 195.11
1735781627, 60, 12, 39, 0, 0, 0.17%, 7, 0, 10, 142.74
1735781632, 60, 14, 39, 0, 0, 0.17%, 7, 0, 10, 139.91
1735781637, 60, 16, 39, 0, 0, 0.17%, 7, 0, 10, 145.05
1735781642, 60, 35, 39, 0, 0, 0.17%, 7, 0, 10, 141.27
1735781647, 61, 12, 39, 0, 0, 0.17%, 7, 0, 10, 145.45
1735781652, 61, 14, 39, 0, 0, 0.17%, 7, 0, 10, 147.74
1735781658, 61, 20, 39, 0, 0, 0.17%, 7, 0, 10, 140.08
1735781663, 61, 27, 39, 0, 0, 0.17%, 7, 0, 10, 148.06
1735781668, 61, 31, 39, 0, 0, 0.17%, 7, 0, 10, 153.58
1735781678, 61, 34, 39, 0, 0, 0.17%, 7, 0, 10, 155.69
1735781688, 62, 11, 39, 0, 0, 0.17%, 7, 0, 10, 142.89
1735781693, 62, 14, 39, 0, 0, 0.17%, 7, 0, 10, 139.63
1735781699, 62, 16, 39, 0, 0, 0.17%, 7, 0, 10, 132.50
1735781704, 62, 24, 39, 0, 0, 0.17%, 7, 0, 10, 145.61
1735781709, 63, 12, 39, 0, 0, 0.17%, 7, 0, 10, 149.90
1735781714, 63, 14, 39, 0, 0, 0.17%, 7, 0, 10, 153.60
1735781719, 63, 16, 39, 0, 0, 0.17%, 7, 0, 10, 143.06
1735781724, 64, 11, 39, 0, 0, 0.17%, 7, 0, 10, 142.43
1735781729, 64, 14, 39, 0, 0, 0.17%, 7, 0, 10, 147.53
1735781734, 64, 16, 39, 0, 0, 0.17%, 7, 0, 10, 136.29
1735781739, 64, 30, 39, 0, 0, 0.17%, 7, 0, 10, 153.24
1735781744, 64, 35, 39, 0, 0, 0.17%, 7, 0, 10, 141.47
1735781750, 65, 12, 39, 0, 0, 0.17%, 7, 0, 10, 144.59
1735781755, 65, 14, 39, 0, 0, 0.17%, 7, 0, 10, 135.13
1735781760, 65, 16, 39, 0, 0, 0.17%, 7, 0, 10, 141.19
1735781765, 65, 20, 39, 0, 0, 0.17%, 7, 0, 10, 141.47
1735781770, 65, 37, 39, 0, 0, 0.17%, 7, 0, 10, 177.13
1735781780, 66, 12, 39, 0, 0, 0.17%, 7, 0, 10, 145.54
1735781786, 66, 14, 39, 0, 0, 0.17%, 7, 0, 10, 139.24
1735781791, 66, 16, 39, 0, 0, 0.17%, 7, 0, 10, 142.22
1735781796, 66, 34, 39, 0, 0, 0.17%, 7, 0, 10, 159.00
1735781806, 67, 12, 39, 0, 0, 0.17%, 7, 0, 10, 148.61
1735781811, 67, 14, 39, 0, 0, 0.17%, 7, 0, 10, 141.27
1735781816, 67, 16, 39, 0, 0, 0.17%, 7, 0, 10, 139.53
1735781821, 67, 18, 39, 0, 0, 0.17%, 7, 0, 10, 147.35
1735781837, 68, 11, 39, 0, 0, 0.17%, 7, 0, 10, 141.49
1735781842, 68, 14, 39, 0, 0, 0.17%, 7, 0, 10, 134.99
1735781847, 68, 16, 39, 0, 0, 0.17%, 7, 0, 10, 142.38
1735781852, 69, 6, 39, 0, 0, 0.17%, 7, 0, 10, 141.05
1735781857, 69, 12, 39, 0, 0, 0.17%, 7, 0, 10, 141.64
1735781863, 69, 14, 39, 0, 0, 0.17%, 7, 0, 10, 154.06
1735781868, 69, 27, 39, 0, 0, 0.17%, 7, 0, 10, 156.78
1735781873, 69, 29, 39, 0, 0, 0.17%, 7, 0, 10, 158.18
1735781883, 69, 30, 39, 0, 0, 0.17%, 7, 0, 10, 142.47
1735781888, 70, 3, 39, 0, 0, 0.17%, 7, 0, 10, 149.87
1735781893, 70, 11, 39, 0, 0, 0.17%, 7, 0, 10, 142.09
1735781898, 70, 14, 39, 0, 0, 0.17%, 7, 0, 10, 138.71
1735781904, 70, 16, 39, 0, 0, 0.17%, 7, 0, 10, 146.57
1735781909, 70, 34, 39, 0, 0, 0.17%, 7, 0, 10, 149.89
1735781919, 71, 11, 39, 0, 0, 0.17%, 7, 0, 10, 147.12
1735781924, 71, 14, 39, 0, 0, 0.17%, 7, 0, 10, 142.04
1735781929, 71, 16, 39, 0, 0, 0.17%, 7, 0, 10, 141.23
1735781934, 71, 22, 39, 0, 0, 0.17%, 7, 0, 10, 155.73
1735781939, 72, 11, 39, 0, 0, 0.17%, 7, 0, 10, 151.72
1735781944, 72, 13, 39, 0, 0, 0.17%, 7, 0, 10, 138.02
1735781949, 72, 14, 39, 0, 0, 0.17%, 7, 0, 10, 140.05
1735781955, 72, 16, 39, 0, 0, 0.17%, 7, 0, 10, 134.47
1735781960, 73, 12, 39, 0, 0, 0.17%, 7, 0, 10, 144.59
1735781965, 73, 14, 39, 0, 0, 0.17%, 7, 0, 10, 146.65
1735781970, 73, 16, 39, 0, 0, 0.17%, 7, 0, 10, 149.64
1735781975, 74, 14, 39, 0, 0, 0.17%, 7, 0, 10, 147.04
1735781985, 74, 34, 39, 0, 0, 0.17%, 7, 0, 10, 146.60
1735781996, 75, 11, 39, 0, 0, 0.17%, 7, 0, 10, 156.28
1735782001, 75, 14, 39, 0, 0, 0.17%, 7, 0, 10, 144.61
1735782006, 75, 16, 39, 0, 0, 0.17%, 7, 0, 10, 140.39
1735782011, 75, 30, 39, 0, 0, 0.17%, 7, 0, 10, 142.05
1735782016, 76, 0, 39, 0, 0, 0.17%, 7, 0, 10, 138.50
1735782022, 76, 12, 39, 0, 0, 0.17%, 7, 0, 10, 148.59
1735782027, 76, 14, 39, 0, 0, 0.17%, 7, 0, 10, 140.52
1735782032, 76, 16, 39, 0, 0, 0.17%, 7, 0, 10, 137.85
1735782037, 77, 11, 39, 0, 0, 0.17%, 7, 0, 10, 147.64
1735782042, 77, 14, 39, 0, 0, 0.17%, 7, 0, 10, 140.10
1735782047, 77, 16, 39, 0, 0, 0.17%, 7, 0, 10, 139.77
1735782052, 77, 34, 39, 0, 0, 0.17%, 7, 0, 10, 163.96
1735782062, 78, 3, 39, 0, 0, 0.17%, 7, 0, 10, 146.10
1735782068, 78, 12, 39, 0, 0, 0.17%, 7, 0, 10, 146.10
1735782073, 78, 16, 39, 0, 0, 0.17%, 7, 0, 10, 146.64
1735782078, 78, 23, 39, 0, 0, 0.17%, 7, 0, 10, 149.67
1735782083, 78, 34, 39, 0, 0, 0.17%, 7, 0, 10, 146.18
1735782093, 79, 11, 39, 0, 0, 0.17%, 7, 0, 10, 153.83
1735782098, 79, 14, 39, 0, 0, 0.17%, 7, 0, 10, 144.50
1735782103, 79, 16, 39, 0, 0, 0.17%, 7, 0, 10, 154.47
1735782108, 79, 18, 39, 0, 0, 0.17%, 7, 0, 10, 155.40
1735782119, 80, 12, 39, 0, 0, 0.17%, 7, 0, 10, 145.70
1735782124, 80, 14, 39, 0, 0, 0.17%, 7, 0, 10, 137.31
1735782129, 80, 16, 39, 0, 0, 0.17%, 7, 0, 10, 138.74
1735782134, 80, 21, 39, 0, 0, 0.17%, 7, 0, 10, 141.44
1735782139, 81, 11, 39, 0, 0, 0.17%, 7, 0, 10, 138.91
1735782144, 81, 14, 39, 0, 0, 0.17%, 7, 0, 10, 138.05
1735782150, 81, 16, 39, 0, 0, 0.17%, 7, 0, 10, 147.68
1735782155, 82, 12, 39, 0, 0, 0.17%, 7, 0, 10, 143.92
1735782160, 82, 14, 39, 0, 0, 0.17%, 7, 0, 10, 144.96
1735782165, 82, 16, 39, 0, 0, 0.17%, 7, 0, 10, 153.85
1735782170, 83, 12, 39, 0, 0, 0.17%, 7, 0, 10, 146.46
1735782175, 83, 13, 39, 0, 0, 0.17%, 7, 0, 10, 147.75
1735782180, 83, 14, 39, 0, 0, 0.17%, 7, 0, 10, 155.04
1735782186, 83, 16, 39, 0, 0, 0.17%, 7, 0, 10, 133.68
1735782191, 84, 12, 39, 0, 0, 0.17%, 7, 0, 10, 138.07
1735782196, 84, 14, 39, 0, 0, 0.17%, 7, 0, 10, 145.85
1735782201, 85, 5, 39, 0, 0, 0.17%, 7, 0, 10, 146.48
1735782206, 85, 12, 39, 0, 0, 0.17%, 7, 0, 10, 140.19
1735782211, 85, 14, 39, 0, 0, 0.17%, 7, 0, 10, 138.73
1735782217, 86, 11, 39, 0, 0, 0.17%, 7, 0, 10, 144.88
1735782222, 86, 14, 39, 0, 0, 0.17%, 7, 0, 10, 144.46
1735782227, 86, 16, 39, 0, 0, 0.17%, 7, 0, 10, 147.36
1735782232, 86, 23, 39, 0, 0, 0.17%, 7, 0, 10, 144.12
1735782237, 87, 11, 39, 0, 0, 0.17%, 7, 0, 10, 149.79
1735782242, 87, 14, 39, 0, 0, 0.17%, 7, 0, 10, 143.65
1735782247, 87, 16, 39, 0, 0, 0.17%, 7, 0, 10, 135.28
1735782252, 88, 11, 39, 0, 0, 0.17%, 7, 0, 10, 140.29
1735782258, 88, 14, 39, 0, 0, 0.17%, 7, 0, 10, 142.57
1735782263, 88, 16, 39, 0, 0, 0.17%, 7, 0, 10, 139.18
1735782268, 89, 11, 39, 0, 0, 0.17%, 7, 0, 10, 147.21
1735782273, 89, 14, 39, 0, 0, 0.17%, 7, 0, 10, 140.72
1735782278, 89, 16, 39, 0, 0, 0.17%, 7, 0, 10, 147.48
1735782283, 90, 11, 39, 0, 0, 0.17%, 7, 0, 10, 141.27
1735782288, 90, 14, 39, 0, 0, 0.17%, 7, 0, 10, 140.46
1735782294, 90, 16, 39, 0, 0, 0.17%, 7, 0, 10, 145.48
1735782299, 90, 33, 39, 0, 0, 0.17%, 7, 0, 10, 153.35
1735782304, 91, 2, 39, 0, 0, 0.17%, 7, 0, 10, 155.15
1735782309, 91, 12, 39, 0, 0, 0.17%, 7, 0, 10, 143.91
1735782314, 91, 14, 39, 0, 0, 0.17%, 7, 0, 10, 140.26
1735782319, 91, 16, 39, 0, 0, 0.17%, 7, 0, 10, 139.59
1735782324, 91, 18, 39, 0, 0, 0.17%, 7, 0, 10, 143.14
1735782329, 91, 20, 39, 0, 0, 0.17%, 7, 0, 10, 143.32
1735782335, 92, 9, 39, 0, 0, 0.17%, 7, 0, 10, 135.57
1735782340, 92, 12, 39, 0, 0, 0.17%, 7, 0, 10, 136.83
1735782345, 92, 14, 39, 0, 0, 0.17%, 7, 0, 10, 138.79
1735782350, 92, 16, 39, 0, 0, 0.17%, 7, 0, 10, 139.73
1735782355, 92, 21, 39, 0, 0, 0.17%, 7, 0, 10, 146.42
1735782360, 93, 11, 39, 0, 0, 0.17%, 7, 0, 10, 145.24
1735782365, 93, 14, 39, 0, 0, 0.17%, 7, 0, 10, 151.24
1735782370, 93, 16, 39, 0, 0, 0.17%, 7, 0, 10, 143.41
1735782375, 94, 8, 39, 0, 0, 0.17%, 7, 0, 10, 146.51
1735782380, 94, 11, 39, 0, 0, 0.17%, 7, 0, 10, 145.26
1735782386, 94, 14, 39, 0, 0, 0.17%, 7, 0, 10, 136.93
1735782391, 94, 16, 39, 0, 0, 0.17%, 7, 0, 10, 140.85
1735782396, 94, 18, 39, 0, 0, 0.17%, 7, 0, 10, 139.77
1735782401, 94, 31, 39, 0, 0, 0.17%, 7, 0, 10, 152.87
1735782411, 95, 12, 39, 0, 0, 0.17%, 7, 0, 10, 143.07
1735782417, 95, 14, 39, 0, 0, 0.17%, 7, 0, 10, 150.47
1735782422, 95, 15, 39, 0, 0, 0.17%, 7, 0, 10, 148.89
1735782427, 95, 29, 39, 0, 0, 0.17%, 7, 0, 10, 139.43
1735782437, 95, 30, 39, 0, 0, 0.17%, 7, 0, 10, 136.40
1735782442, 96, 4, 39, 0, 0, 0.17%, 7, 0, 10, 154.00
1735782447, 96, 11, 39, 0, 0, 0.17%, 7, 0, 10, 142.17
1735782452, 96, 14, 39, 0, 0, 0.17%, 7, 0, 10, 139.57
1735782457, 96, 16, 39, 0, 0, 0.17%, 7, 0, 10, 135.44
1735782462, 97, 11, 39, 0, 0, 0.17%, 7, 0, 10, 139.65
1735782468, 97, 14, 39, 0, 0, 0.17%, 7, 0, 10, 135.43
1735782473, 97, 16, 39, 0, 0, 0.17%, 7, 0, 10, 142.48
1735782478, 97, 36, 39, 0, 0, 0.17%, 7, 0, 10, 177.79
1735782488, 98, 11, 39, 0, 0, 0.17%, 7, 0, 10, 148.08
1735782493, 98, 14, 39, 0, 0, 0.17%, 7, 0, 10, 134.91
1735782498, 98, 16, 39, 0, 0, 0.17%, 7, 0, 10, 143.72
1735782503, 99, 11, 39, 0, 0, 0.17%, 7, 0, 10, 149.58
1735782509, 99, 14, 39, 0, 0, 0.17%, 7, 0, 10, 137.23
1735782514, 99, 16, 39, 0, 0, 0.17%, 7, 0, 10, 139.12
1735782519, 99, 29, 39, 0, 0, 0.17%, 7, 0, 10, 147.13
1735782524, 99, 33, 39, 0, 0, 0.17%, 7, 0, 10, 155.54
1735782529, 100, 12, 39, 0, 0, 0.17%, 7, 0, 10, 141.64
1735782534, 100, 14, 39, 0, 0, 0.17%, 7, 0, 10, 140.56
1735782539, 100, 16, 39, 0, 0, 0.17%, 7, 0, 10, 140.48
1735782544, 100, 17, 39, 0, 0, 0.17%, 7, 0, 10, 136.45
1735782549, 100, 20, 39, 0, 0, 0.17%, 7, 0, 10, 144.34
1735782555, 100, 36, 39, 0, 0, 0.17%, 7, 0, 10, 173.07
1735782565, 101, 12, 39, 0, 0, 0.17%, 7, 0, 10, 147.33
1735782570, 101, 14, 39, 0, 0, 0.17%, 7, 0, 10, 147.91
1735782575, 101, 16, 39, 0, 0, 0.17%, 7, 0, 10, 138.22
1735782580, 101, 26, 39, 0, 0, 0.17%, 7, 0, 10, 158.87
1735782585, 101, 33, 39, 0, 0, 0.17%, 7, 0, 10, 161.29
1735782590, 102, 7, 39, 0, 0, 0.17%, 7, 0, 10, 145.42
1735782595, 102, 12, 39, 0, 0, 0.17%, 7, 0, 10, 138.41
1735782600, 102, 14, 39, 0, 0, 0.17%, 7, 0, 10, 158.17
1735782605, 102, 33, 39, 0, 0, 0.17%, 7, 0, 10, 156.61
1735782610, 103, 11, 39, 0, 0, 0.17%, 7, 0, 10, 142.54
1735782615, 103, 14, 39, 0, 0, 0.17%, 7, 0, 10, 141.89
1735782620, 103, 16, 39, 0, 0, 0.17%, 7, 0, 10, 146.80
1735782626, 103, 28, 39, 0, 0, 0.17%, 7, 0, 10, 148.63
1735782631, 104, 11, 39, 0, 0, 0.17%, 7, 0, 10, 145.09
1735782636, 104, 14, 39, 0, 0, 0.17%, 7, 0, 10, 143.31
1735782641, 104, 16, 39, 0, 0, 0.17%, 7, 0, 10, 144.13
1735782646, 104, 17, 39, 0, 0, 0.17%, 7, 0, 10, 146.62
1735782651, 105, 2, 39, 0, 0, 0.17%, 7, 0, 10, 148.48
1735782657, 105, 12, 39, 0, 0, 0.17%, 7, 0, 10, 138.86
1735782662, 105, 16, 39, 0, 0, 0.17%, 7, 0, 10, 139.09
1735782667, 105, 28, 39, 0, 0, 0.17%, 7, 0, 10, 152.75
1735782677, 106, 12, 39, 0, 0, 0.17%, 7, 0, 10, 138.13
1735782682, 106, 14, 39, 0, 0, 0.17%, 7, 0, 10, 140.47
1735782687, 106, 16, 39, 0, 0, 0.17%, 7, 0, 10, 137.39
1735782692, 107, 11, 39, 0, 0, 0.17%, 7, 0, 10, 139.39
1735782697, 107, 14, 39, 0, 0, 0.17%, 7, 0, 10, 140.69
1735782702, 107, 16, 39, 0, 0, 0.17%, 7, 0, 10, 144.19
1735782707, 107, 21, 39, 0, 0, 0.17%, 7, 0, 10, 146.18
1735782712, 107, 22, 39, 0, 0, 0.17%, 7, 0, 10, 169.49
1735782717, 107, 36, 39, 0, 0, 0.17%, 7, 0, 10, 162.28
1735782728, 108, 11, 39, 0, 0, 0.17%, 7, 0, 10, 146.14
1735782733, 108, 14, 39, 0, 0, 0.17%, 7, 0, 10, 143.02
1735782738, 108, 16, 39, 0, 0, 0.17%, 7, 0, 10, 139.95
1735782743, 108, 36, 39, 0, 0, 0.17%, 7, 0, 10, 168.46
1735782753, 109, 6, 39, 0, 0, 0.17%, 7, 0, 10, 145.05
1735782758, 109, 12, 39, 0, 0, 0.17%, 7, 0, 10, 146.14
1735782763, 109, 16, 39, 0, 0, 0.17%, 7, 0, 10, 146.23
1735782769, 110, 11, 39, 0, 0, 0.17%, 7, 0, 10, 135.38
1735782774, 110, 14, 39, 0, 0, 0.17%, 7, 0, 10, 141.80
1735782779, 110, 16, 39, 0, 0, 0.17%, 7, 0, 10, 142.29
1735782784, 110, 34, 39, 0, 0, 0.17%, 7, 0, 10, 154.47
1735782794, 111, 11, 39, 0, 0, 0.17%, 7, 0, 10, 141.32
1735782800, 111, 14, 39, 0, 0, 0.17%, 7, 0, 10, 143.89
1735782805, 111, 16, 39, 0, 0, 0.17%, 7, 0, 10, 139.93
1735782810, 112, 2, 39, 0, 0, 0.17%, 7, 0, 10, 143.15
1735782815, 112, 12, 39, 0, 0, 0.17%, 7, 0, 10, 142.24
1735782820, 112, 14, 39, 0, 0, 0.17%, 7, 0, 10, 149.00
1735782825, 112, 16, 39, 0, 0, 0.17%, 7, 0, 10, 145.55
1735782830, 113, 12, 39, 0, 0, 0.17%, 7, 0, 10, 141.36
1735782835, 113, 14, 39, 0, 0, 0.17%, 7, 0, 10, 141.69
1735782840, 113, 16, 39, 0, 0, 0.17%, 7, 0, 10, 136.04
1735782845, 113, 19, 39, 0, 0, 0.17%, 7, 0, 10, 149.22
1735782850, 113, 33, 39, 0, 0, 0.17%, 7, 0, 10, 155.81
1735782855, 113, 36, 39, 0, 0, 0.17%, 7, 0, 10, 181.12
1735782866, 114, 11, 39, 0, 0, 0.17%, 7, 0, 10, 139.00
1735782871, 114, 14, 39, 0, 0, 0.17%, 7, 0, 10, 144.78
1735782876, 114, 16, 39, 0, 0, 0.17%, 7, 0, 10, 138.84
1735782881, 115, 12, 39, 0, 0, 0.17%, 7, 0, 10, 142.01
1735782886, 115, 14, 39, 0, 0, 0.17%, 7, 0, 10, 138.75
1735782891, 115, 16, 39, 0, 0, 0.17%, 7, 0, 10, 146.52
1735782897, 115, 36, 39, 0, 0, 0.17%, 7, 0, 10, 167.79
1735782907, 116, 11, 39, 0, 0, 0.17%, 7, 0, 10, 141.26
1735782912, 116, 14, 39, 0, 0, 0.17%, 7, 0, 10, 137.02
1735782917, 116, 16, 39, 0, 0, 0.17%, 7, 0, 10, 137.29
1735782922, 116, 32, 39, 0, 0, 0.17%, 7, 0, 10, 141.80
1735782927, 117, 12, 39, 0, 0, 0.17%, 7, 0, 10, 143.39
1735782933, 117, 14, 39, 0, 0, 0.17%, 7, 0, 10, 141.10
1735782938, 117, 16, 39, 0, 0, 0.17%, 7, 0, 10, 145.97
1735782943, 118, 12, 39, 0, 0, 0.17%, 7, 0, 10, 145.35
1735782948, 118, 14, 39, 0, 0, 0.17%, 7, 0, 10, 143.26
1735782953, 118, 16, 39, 0, 0, 0.17%, 7, 0, 10, 144.42
1735782958, 118, 33, 39, 0, 0, 0.17%, 7, 0, 10, 144.29
1735782963, 119, 12, 39, 0, 0, 0.17%, 7, 0, 10, 141.42
1735782968, 119, 14, 39, 0, 0, 0.17%, 7, 0, 10, 140.12
1735782974, 119, 16, 39, 0, 0, 0.17%, 7, 0, 10, 140.31
1735782979, 119, 35, 39, 0, 0, 0.17%, 7, 0, 10, 140.10
1735782984, 120, 11, 39, 0, 0, 0.17%, 7, 0, 10, 134.79
1735782989, 120, 13, 39, 0, 0, 0.17%, 7, 0, 10, 144.85
1735782994, 120, 14, 39, 0, 0, 0.17%, 7, 0, 10, 142.54
1735782999, 120, 16, 39, 0, 0, 0.17%, 7, 0, 10, 142.42
1735783004, 121, 11, 39, 0, 0, 0.17%, 7, 0, 10, 141.58
1735783010, 121, 14, 39, 0, 0, 0.17%, 7, 0, 10, 144.56
1735783015, 121, 16, 39, 0, 0, 0.17%, 7, 0, 10, 138.38
1735783020, 121, 22, 39, 0, 0, 0.17%, 7, 0, 10, 156.56
1735783025, 122, 9, 39, 0, 0, 0.17%, 7, 0, 10, 153.94
1735783030, 122, 12, 39, 0, 0, 0.17%, 7, 0, 10, 144.16
1735783035, 122, 14, 39, 0, 0, 0.17%, 7, 0, 10, 141.43
1735783040, 122, 16, 39, 0, 0, 0.17%, 7, 0, 10, 136.96
1735783046, 122, 35, 39, 0, 0, 0.17%, 7, 0, 10, 145.52
1735783051, 123, 12, 39, 0, 0, 0.17%, 7, 0, 10, 142.90
1735783056, 123, 14, 39, 0, 0, 0.17%, 7, 0, 10, 146.94
1735783061, 123, 17, 39, 0, 0, 0.17%, 7, 0, 10, 145.54
1735783071, 123, 38, 39, 0, 0, 0.17%, 7, 0, 10, 167.68
1735783081, 124, 10, 39, 0, 0, 0.17%, 7, 0, 10, 143.99
1735783087, 124, 12, 39, 0, 0, 0.17%, 7, 0, 10, 141.17
1735783092, 124, 14, 39, 0, 0, 0.17%, 7, 0, 10, 154.46
1735783097, 124, 16, 39, 0, 0, 0.17%, 7, 0, 10, 150.67
1735783102, 124, 21, 39, 0, 0, 0.17%, 7, 0, 10, 155.82
1735783107, 125, 12, 39, 0, 0, 0.17%, 7, 0, 10, 141.30
1735783112, 125, 14, 39, 0, 0, 0.17%, 7, 0, 10, 138.72
1735783117, 125, 16, 39, 0, 0, 0.17%, 7, 0, 10, 143.39
1735783122, 125, 37, 39, 0, 0, 0.17%, 7, 0, 10, 167.12
1735783133, 126, 12, 39, 0, 0, 0.17%, 7, 0, 10, 145.38
1735783138, 126, 14, 39, 0, 0, 0.17%, 7, 0, 10, 148.56
1735783143, 126, 16, 39, 0, 0, 0.17%, 7, 0, 10, 139.85
1735783148, 126, 35, 39, 0, 0, 0.17%, 7, 0, 10, 139.47
1735783153, 127, 12, 39, 0, 0, 0.17%, 7, 0, 10, 140.44
1735783158, 127, 14, 39, 0, 0, 0.17%, 7, 0, 10, 137.71
1735783163, 127, 33, 39, 0, 0, 0.17%, 7, 0, 10, 148.83
1735783168, 128, 11, 39, 0, 0, 0.17%, 7, 0, 10, 144.82
1735783173, 128, 14, 39, 0, 0, 0.17%, 7, 0, 10, 136.30
1735783179, 128, 16, 39, 0, 0, 0.17%, 7, 0, 10, 141.41
1735783184, 128, 24, 39, 0, 0, 0.17%, 7, 0, 10, 146.68
1735783189, 128, 29, 39, 0, 0, 0.17%, 7, 0, 10, 143.57
1735783194, 129, 11, 39, 0, 0, 0.17%, 7, 0, 10, 136.68
1735783199, 129, 14, 39, 0, 0, 0.17%, 7, 0, 10, 139.76
1735783204, 129, 16, 39, 0, 0, 0.17%, 7, 0, 10, 144.80
1735783209, 130, 11, 39, 0, 0, 0.17%, 7, 0, 10, 149.02
1735783215, 130, 14, 39, 0, 0, 0.17%, 7, 0, 10, 146.86
1735783220, 130, 16, 39, 0, 0, 0.17%, 7, 0, 10, 146.16
1735783225, 131, 11, 39, 0, 0, 0.17%, 7, 0, 10, 144.51
1735783230, 131, 14, 39, 0, 0, 0.17%, 7, 0, 10, 141.91
1735783235, 131, 16, 39, 0, 0, 0.17%, 7, 0, 10, 139.16
1735783240, 131, 30, 39, 0, 0, 0.17%, 7, 0, 10, 154.92
1735783245, 132, 12, 39, 0, 0, 0.17%, 7, 0, 10, 140.25
1735783250, 132, 14, 39, 0, 0, 0.17%, 7, 0, 10, 141.86
1735783256, 132, 16, 39, 0, 0, 0.17%, 7, 0, 10, 145.29
1735783261, 133, 12, 39, 0, 0, 0.17%, 7, 0, 10, 144.69
1735783266, 133, 14, 39, 0, 0, 0.17%, 7, 0, 10, 141.99
1735783271, 133, 16, 39, 0, 0, 0.17%, 7, 0, 10, 136.81
1735783276, 133, 28, 39, 0, 0, 0.17%, 7, 0, 10, 145.79
1735783281, 133, 37, 39, 0, 0, 0.17%, 7, 0, 10, 177.24
1735783292, 134, 12, 39, 0, 0, 0.17%, 7, 0, 10, 142.95
1735783297, 134, 14, 39, 0, 0, 0.17%, 7, 0, 10, 140.66
1735783302, 134, 16, 39, 0, 0, 0.17%, 7, 0, 10, 146.87
1735783307, 134, 24, 39, 0, 0, 0.17%, 7, 0, 10, 144.22
1735783312, 134, 25, 39, 0, 0, 0.17%, 7, 0, 10, 163.33
1735783317, 134, 27, 39, 0, 0, 0.17%, 7, 0, 10, 171.47
1735783322, 134, 30, 39, 0, 0, 0.17%, 7, 0, 10, 150.36
1735783327, 135, 12, 39, 0, 0, 0.17%, 7, 0, 10, 144.70
1735783332, 135, 14, 39, 0, 0, 0.17%, 7, 0, 10, 144.63
1735783338, 135, 16, 39, 0, 0, 0.17%, 7, 0, 10, 140.51
1735783343, 135, 17, 39, 0, 0, 0.17%, 7, 0, 10, 139.09
1735783348, 135, 18, 39, 0, 0, 0.17%, 7, 0, 10, 148.02
1735783353, 136, 11, 39, 0, 0, 0.17%, 7, 0, 10, 146.47
1735783358, 136, 14, 39, 0, 0, 0.17%, 7, 0, 10, 136.20
1735783363, 136, 16, 39, 0, 0, 0.17%, 7, 0, 10, 140.75
1735783368, 136, 34, 39, 0, 0, 0.17%, 7, 0, 10, 143.07
1735783378, 137, 0, 39, 0, 0, 0.17%, 7, 0, 10, 150.66
1735783383, 137, 12, 39, 0, 0, 0.17%, 7, 0, 10, 141.40
1735783388, 137, 14, 39, 0, 0, 0.17%, 7, 0, 10, 148.08
1735783393, 137, 16, 39, 0, 0, 0.17%, 7, 0, 10, 148.96
1735783399, 137, 20, 39, 0, 0, 0.17%, 7, 0, 10, 143.20
1735783404, 138, 12, 39, 0, 0, 0.17%, 7, 0, 10, 142.53
1735783409, 138, 14, 39, 0, 0, 0.17%, 7, 0, 10, 145.14
1735783414, 138, 23, 39, 0, 0, 0.17%, 7, 0, 10, 155.52
1735783419, 139, 3, 39, 0, 0, 0.17%, 7, 0, 10, 147.70
1735783424, 139, 12, 39, 0, 0, 0.17%, 7, 0, 10, 143.48
1735783430, 139, 14, 39, 0, 0, 0.17%, 7, 0, 10, 138.56
1735783435, 139, 16, 39, 0, 0, 0.17%, 7, 0, 10, 148.53
1735783440, 139, 28, 39, 0, 0, 0.17%, 7, 0, 10, 145.12
1735783445, 140, 12, 39, 0, 0, 0.17%, 7, 0, 10, 139.11
1735783450, 140, 14, 39, 0, 0, 0.17%, 7, 0, 10, 138.85
1735783455, 140, 16, 39, 0, 0, 0.17%, 7, 0, 10, 139.72
1735783460, 140, 19, 39, 0, 0, 0.17%, 7, 0, 10, 151.60
1735783465, 141, 11, 39, 0, 0, 0.17%, 7, 0, 10, 141.04
1735783471, 141, 14, 39, 0, 0, 0.17%, 7, 0, 10, 140.67
1735783476, 141, 16, 39, 0, 0, 0.17%, 7, 0, 10, 138.72
1735783481, 141, 24, 39, 0, 0, 0.17%, 7, 0, 10, 152.88
1735783486, 141, 26, 39, 0, 0, 0.17%, 7, 0, 10, 145.76
1735783491, 141, 32, 39, 0, 0, 0.17%, 7, 0, 10, 151.05
1735783496, 142, 0, 39, 0, 0, 0.17%, 7, 0, 10, 136.91
1735783501, 142, 11, 39, 0, 0, 0.17%, 7, 0, 10, 143.20
1735783507, 142, 14, 39, 0, 0, 0.17%, 7, 0, 10, 139.72
1735783512, 142, 15, 39, 0, 0, 0.17%, 7, 0, 10, 148.04
1735783517, 142, 16, 39, 0, 0, 0.17%, 7, 0, 10, 137.88
1735783522, 142, 37, 39, 0, 0, 0.17%, 7, 0, 10, 172.78
1735783532, 143, 0, 39, 0, 0, 0.17%, 7, 0, 10, 143.27
1735783537, 143, 12, 39, 0, 0, 0.17%, 7, 0, 10, 141.23
1735783542, 143, 14, 39, 0, 0, 0.17%, 7, 0, 10, 144.78
1735783547, 143, 16, 39, 0, 0, 0.17%, 7, 0, 10, 144.48
1735783553, 143, 35, 39, 0, 0, 0.17%, 7, 0, 10, 146.20
1735783558, 144, 12, 39, 0, 0, 0.17%, 7, 0, 10, 143.63
1735783563, 144, 14, 39, 0, 0, 0.17%, 7, 0, 10, 145.59
1735783568, 145, 11, 39, 0, 0, 0.17%, 7, 0, 10, 142.78
1735783573, 145, 14, 39, 0, 0, 0.17%, 7, 0, 10, 142.20
1735783578, 145, 16, 39, 0, 0, 0.17%, 7, 0, 10, 140.52
1735783584, 145, 28, 39, 0, 0, 0.17%, 7, 0, 10, 146.60
1735783589, 146, 8, 39, 0, 0, 0.17%, 7, 0, 10, 142.07
1735783594, 146, 12, 39, 0, 0, 0.17%, 7, 0, 10, 138.93
1735783599, 146, 14, 39, 0, 0, 0.17%, 7, 0, 10, 143.11
1735783604, 146, 16, 39, 0, 0, 0.17%, 7, 0, 10, 139.64
1735783609, 146, 31, 39, 0, 0, 0.17%, 7, 0, 10, 150.12
1735783614, 146, 35, 39, 0, 0, 0.17%, 7, 0, 10, 151.12
1735783619, 147, 11, 39, 0, 0, 0.17%, 7, 0, 10, 145.79
1735783624, 147, 14, 39, 0, 0, 0.17%, 7, 0, 10, 137.36
1735783630, 147, 16, 39, 0, 0, 0.17%, 7, 0, 10, 135.99
1735783635, 147, 26, 39, 0, 0, 0.17%, 7, 0, 10, 150.43
1735783640, 147, 36, 39, 0, 0, 0.17%, 7, 0, 10, 146.37
1735783655, 148, 12, 39, 0, 0, 0.17%, 7, 0, 10, 144.76
1735783660, 148, 14, 39, 0, 0, 0.17%, 7, 0, 10, 143.89
1735783665, 148, 16, 39, 0, 0, 0.17%, 7, 0, 10, 141.04
1735783670, 149, 11, 39, 0, 0, 0.17%, 7, 0, 10, 140.24
1735783675, 149, 14, 39, 0, 0, 0.17%, 7, 0, 10, 135.88
1735783681, 149, 16, 39, 0, 0, 0.17%, 7, 0, 10, 134.43
1735783686, 149, 30, 39, 0, 0, 0.17%, 7, 0, 10, 143.85
1735783691, 150, 6, 39, 0, 0, 0.17%, 7, 0, 10, 142.28
1735783696, 150, 11, 39, 0, 0, 0.17%, 7, 0, 10, 144.34
1735783701, 150, 14, 39, 0, 0, 0.17%, 7, 0, 10, 142.58
1735783706, 150, 16, 39, 0, 0, 0.17%, 7, 0, 10, 141.78
1735783711, 150, 19, 39, 0, 0, 0.17%, 7, 0, 10, 152.39
1735783716, 150, 27, 39, 0, 0, 0.17%, 7, 0, 10, 169.30
1735783721, 151, 11, 39, 0, 0, 0.17%, 7, 0, 10, 151.24
1735783727, 151, 14, 39, 0, 0, 0.17%, 7, 0, 10, 148.67
1735783732, 151, 16, 39, 0, 0, 0.17%, 7, 0, 10, 137.66
1735783737, 151, 32, 39, 0, 0, 0.17%, 7, 0, 10, 156.23
1735783742, 152, 12, 39, 0, 0, 0.17%, 7, 0, 10, 151.25
1735783747, 152, 14, 39, 0, 0, 0.17%, 7, 0, 10, 146.51
1735783752, 152, 16, 39, 0, 0, 0.17%, 7, 0, 10, 143.31
1735783757, 152, 22, 39, 0, 0, 0.17%, 7, 0, 10, 147.21
1735783762, 153, 11, 39, 0, 0, 0.17%, 7, 0, 10, 142.73
1735783767, 153, 14, 39, 0, 0, 0.17%, 7, 0, 10, 137.69
1735783772, 153, 16, 39, 0, 0, 0.17%, 7, 0, 10, 139.43
1735783778, 154, 12, 39, 0, 0, 0.17%, 7, 0, 10, 152.70
1735783783, 154, 13, 39, 0, 0, 0.17%, 7, 0, 10, 141.75
1735783788, 154, 14, 39, 0, 0, 0.17%, 7, 0, 10, 148.09
1735783793, 154, 16, 39, 0, 0, 0.17%, 7, 0, 10, 145.09
1735783798, 155, 11, 39, 0, 0, 0.17%, 7, 0, 10, 142.88
1735783803, 155, 14, 39, 0, 0, 0.17%, 7, 0, 10, 140.59
1735783808, 155, 16, 39, 0, 0, 0.17%, 7, 0, 10, 142.01
1735783814, 155, 17, 39, 0, 0, 0.17%, 7, 0, 10, 153.39
1735783819, 155, 20, 39, 0, 0, 0.17%, 7, 0, 10, 154.91
1735783824, 156, 12, 39, 0, 0, 0.17%, 7, 0, 10, 148.98
1735783829, 156, 14, 39, 0, 0, 0.17%, 7, 0, 10, 140.35
1735783834, 156, 16, 39, 0, 0, 0.17%, 7, 0, 10, 142.11
1735783839, 156, 18, 39, 0, 0, 0.17%, 7, 0, 10, 146.99
1735783844, 156, 20, 39, 0, 0, 0.17%, 7, 0, 10, 144.01
1735783850, 156, 33, 39, 0, 0, 0.17%, 7, 0, 10, 154.71
1735783855, 157, 11, 39, 0, 0, 0.17%, 7, 0, 10, 144.20
1735783860, 157, 14, 39, 0, 0, 0.17%, 7, 0, 10, 146.83
1735783865, 157, 16, 39, 0, 0, 0.17%, 7, 0, 10, 141.70
1735783870, 158, 11, 39, 0, 0, 0.17%, 7, 0, 10, 138.83
1735783875, 158, 14, 39, 0, 0, 0.17%, 7, 0, 10, 138.26
1735783880, 158, 16, 39, 0, 0, 0.17%, 7, 0, 10, 137.48
1735783886, 158, 19, 39, 0, 0, 0.17%, 7, 0, 10, 163.38
1735783891, 158, 25, 39, 0, 0, 0.17%, 7, 0, 10, 147.18
1735783901, 159, 12, 39, 0, 0, 0.17%, 7, 0, 10, 143.39
1735783906, 159, 14, 39, 0, 0, 0.17%, 7, 0, 10, 137.04
1735783911, 160, 11, 39, 0, 0, 0.17%, 7, 0, 10, 151.54
1735783916, 160, 14, 39, 0, 0, 0.17%, 7, 0, 10, 152.19
1735783921, 160, 16, 39, 0, 0, 0.17%, 7, 0, 10, 147.26
1735783927, 160, 22, 39, 0, 0, 0.17%, 7, 0, 10, 161.92
1735783932, 160, 26, 39, 0, 0, 0.17%, 7, 0, 10, 155.24
1735783942, 161, 9, 39, 0, 0, 0.17%, 7, 0, 10, 150.10
1735783947, 161, 12, 39, 0, 0, 0.17%, 7, 0, 10, 142.52
1735783952, 161, 13, 39, 0, 0, 0.17%, 7, 0, 10, 138.98
1735783957, 161, 14, 39, 0, 0, 0.17%, 7, 0, 10, 137.36
1735783962, 161, 16, 39, 0, 0, 0.17%, 7, 0, 10, 144.46
1735783968, 162, 12, 39, 0, 0, 0.17%, 7, 0, 10, 138.76
1735783973, 162, 14, 39, 0, 0, 0.17%, 7, 0, 10, 156.37
1735783978, 163, 11, 39, 0, 0, 0.17%, 7, 0, 10, 150.25
1735783983, 163, 14, 39, 0, 0, 0.17%, 7, 0, 10, 147.24
1735783988, 163, 16, 39, 0, 0, 0.17%, 7, 0, 10, 145.76
1735783994, 163, 26, 39, 0, 0, 0.17%, 7, 0, 10, 142.75
1735784004, 164, 11, 39, 0, 0, 0.17%, 7, 0, 10, 141.92
1735784009, 164, 14, 39, 0, 0, 0.17%, 7, 0, 10, 141.02
1735784014, 164, 16, 39, 0, 0, 0.17%, 7, 0, 10, 143.14
1735784019, 164, 34, 39, 0, 0, 0.17%, 7, 0, 10, 154.88
1735784029, 165, 10, 39, 0, 0, 0.17%, 7, 0, 10, 144.10
1735784034, 165, 12, 39, 0, 0, 0.17%, 7, 0, 10, 140.79
1735784040, 165, 14, 39, 0, 0, 0.17%, 7, 0, 10, 145.14
1735784045, 165, 16, 39, 0, 0, 0.17%, 7, 0, 10, 137.10
1735784050, 165, 29, 39, 0, 0, 0.17%, 7, 0, 10, 145.01
1735784055, 165, 34, 39, 0, 0, 0.17%, 7, 0, 10, 164.78
1735784065, 166, 12, 39, 0, 0, 0.17%, 7, 0, 10, 141.68
1735784071, 166, 14, 39, 0, 0, 0.17%, 7, 0, 10, 149.32
1735784076, 166, 16, 39, 0, 0, 0.17%, 7, 0, 10, 147.77
1735784081, 166, 21, 39, 0, 0, 0.17%, 7, 0, 10, 148.25
1735784086, 167, 11, 39, 0, 0, 0.17%, 7, 0, 10, 144.80
1735784091, 167, 14, 39, 0, 0, 0.17%, 7, 0, 10, 137.15
1735784096, 167, 16, 39, 0, 0, 0.17%, 7, 0, 10, 142.52
1735784101, 167, 17, 39, 0, 0, 0.17%, 7, 0, 10, 146.89
1735784107, 167, 37, 39, 0, 0, 0.17%, 7, 0, 10, 176.86
1735784117, 168, 5, 39, 0, 0, 0.17%, 7, 0, 10, 144.77
1735784122, 168, 12, 39, 0, 0, 0.17%, 7, 0, 10, 141.49
1735784127, 168, 14, 39, 0, 0, 0.17%, 7, 0, 10, 141.39
1735784132, 168, 16, 39, 0, 0, 0.17%, 7, 0, 10, 143.44
1735784137, 168, 19, 39, 0, 0, 0.17%, 7, 0, 10, 160.03
1735784142, 169, 11, 39, 0, 0, 0.17%, 7, 0, 10, 141.83
1735784147, 169, 14, 39, 0, 0, 0.17%, 7, 0, 10, 144.33
1735784152, 169, 16, 39, 0, 0, 0.17%, 7, 0, 10, 140.22
1735784157, 169, 30, 39, 0, 0, 0.17%, 7, 0, 10, 144.88
1735784163, 170, 11, 39, 0, 0, 0.17%, 7, 0, 10, 145.23
1735784168, 170, 14, 39, 0, 0, 0.17%, 7, 0, 10, 140.06
1735784173, 170, 16, 39, 0, 0, 0.17%, 7, 0, 10, 136.87
1735784178, 171, 11, 39, 0, 0, 0.17%, 7, 0, 10, 140.45
1735784183, 171, 14, 39, 0, 0, 0.17%, 7, 0, 10, 134.66
1735784188, 171, 16, 39, 0, 0, 0.17%, 7, 0, 10, 134.78
1735784193, 171, 22, 39, 0, 0, 0.17%, 7, 0, 10, 163.41
1735784198, 171, 36, 39, 0, 0, 0.17%, 7, 0, 10, 183.98
1735784208, 172, 12, 39, 0, 0, 0.17%, 7, 0, 10, 152.29
1735784213, 172, 14, 39, 0, 0, 0.17%, 7, 0, 10, 141.38
1735784219, 172, 16, 39, 0, 0, 0.17%, 7, 0, 10, 141.53
1735784224, 172, 24, 39, 0, 0, 0.17%, 7, 0, 10, 142.46
1735784229, 173, 12, 39, 0, 0, 0.17%, 7, 0, 10, 139.20
1735784234, 173, 14, 39, 0, 0, 0.17%, 7, 0, 10, 146.84
1735784239, 173, 16, 39, 0, 0, 0.17%, 7, 0, 10, 152.66
1735784244, 174, 11, 39, 0, 0, 0.17%, 7, 0, 10, 151.04
1735784249, 174, 14, 39, 0, 0, 0.17%, 7, 0, 10, 145.36
1735784254, 174, 16, 39, 0, 0, 0.17%, 7, 0, 10, 141.24
1735784259, 174, 19, 39, 0, 0, 0.17%, 7, 0, 10, 155.21
1735784264, 175, 3, 39, 0, 0, 0.17%, 7, 0, 10, 144.05
1735784269, 175, 12, 39, 0, 0, 0.17%, 7, 0, 10, 139.81
1735784274, 175, 14, 39, 0, 0, 0.17%, 7, 0, 10, 150.58
1735784280, 175, 16, 39, 0, 0, 0.17%, 7, 0, 10, 137.23
1735784285, 175, 33, 39, 0, 0, 0.17%, 7, 0, 10, 148.03
1735784290, 176, 11, 39, 0, 0, 0.17%, 7, 0, 10, 145.97
1735784295, 176, 14, 39, 0, 0, 0.17%, 7, 0, 10, 139.56
1735784300, 176, 16, 39, 0, 0, 0.17%, 7, 0, 10, 145.42
1735784305, 176, 23, 39, 0, 0, 0.17%, 7, 0, 10, 143.47
1735784310, 176, 36, 39, 0, 0, 0.17%, 7, 0, 10, 151.17
1735784320, 177, 3, 39, 0, 0, 0.17%, 7, 0, 10, 144.96
1735784325, 177, 12, 39, 0, 0, 0.17%, 7, 0, 10, 141.21
1735784331, 177, 14, 39, 0, 0, 0.17%, 7, 0, 10, 138.96
1735784336, 177, 16, 39, 0, 0, 0.17%, 7, 0, 10, 136.50
1735784341, 177, 24, 39, 0, 0, 0.17%, 7, 0, 10, 143.79
1735784346, 178, 14, 39, 0, 0, 0.17%, 7, 0, 10, 146.45
1735784351, 178, 16, 39, 0, 0, 0.17%, 7, 0, 10, 149.33
1735784356, 178, 19, 39, 0, 0, 0.17%, 7, 0, 10, 151.03
1735784366, 179, 12, 39, 0, 0, 0.17%, 7, 0, 10, 141.58
1735784372, 179, 14, 39, 0, 0, 0.17%, 7, 0, 10, 137.77
1735784377, 179, 16, 39, 0, 0, 0.17%, 7, 0, 10, 142.64
1735784382, 180, 12, 39, 0, 0, 0.17%, 7, 0, 10, 142.47
1735784387, 180, 14, 39, 0, 0, 0.17%, 7, 0, 10, 137.38
1735784392, 180, 16, 39, 0, 0, 0.17%, 7, 0, 10, 145.52
1735784397, 181, 11, 39, 0, 0, 0.17%, 7, 0, 10, 147.48
1735784402, 181, 14, 39, 0, 0, 0.17%, 7, 0, 10, 137.07
1735784407, 181, 16, 39, 0, 0, 0.17%, 7, 0, 10, 137.89
1735784412, 181, 20, 39, 0, 0, 0.17%, 7, 0, 10, 143.06
1735784417, 181, 22, 39, 0, 0, 0.17%, 7, 0, 10, 153.57
