# unix_time, cycles_done, cur_path, paths_total, pending_total, pending_favs, map_size, unique_crashes, unique_hangs, max_depth, execs_per_sec
1734964487, 0, 0, 10, 10, 1, 0.01%, 0, 0, 1, 84.12
1734964492, 0, 2, 10, 10, 1, 0.01%, 0, 0, 1, 104.27
1734964497, 0, 3, 10, 9, 0, 0.01%, 0, 0, 1, 102.22
1734964507, 0, 4, 10, 8, 0, 0.01%, 0, 0, 1, 101.31
1734964517, 0, 5, 10, 7, 0, 0.01%, 0, 0, 1, 101.02
1734964528, 0, 6, 10, 6, 0, 0.01%, 0, 0, 1, 99.80
1734964538, 0, 7, 10, 5, 0, 0.01%, 0, 0, 1, 98.12
1734964548, 0, 8, 10, 4, 0, 0.01%, 0, 0, 1, 95.62
1734964558, 0, 9, 10, 3, 0, 0.01%, 0, 0, 1, 95.38
1734964568, 1, 0, 10, 2, 0, 0.01%, 0, 0, 1, 94.94
1734964584, 1, 1, 10, 1, 0, 0.01%, 0, 0, 1, 108.86
1734964594, 1, 2, 10, 0, 0, 0.01%, 0, 0, 1, 102.15
1734964599, 1, 4, 10, 0, 0, 0.01%, 0, 0, 1, 102.41
1734964604, 1, 5, 10, 0, 0, 0.01%, 0, 0, 1, 102.22
1734964609, 1, 7, 10, 0, 0, 0.01%, 0, 0, 1, 104.84
1734964614, 1, 8, 10, 0, 0, 0.01%, 0, 0, 1, 104.94
1734964620, 2, 0, 10, 0, 0, 0.01%, 0, 0, 1, 105.19
1734964625, 2, 1, 10, 0, 0, 0.01%, 0, 0, 1, 103.30
1734964630, 2, 3, 10, 0, 0, 0.01%, 0, 0, 1, 102.82
1734964635, 2, 4, 10, 0, 0, 0.01%, 0, 0, 1, 105.77
1734964640, 2, 5, 10, 0, 0, 0.01%, 0, 0, 1, 103.41
1734964645, 2, 7, 10, 0, 0, 0.01%, 0, 0, 1, 100.82
1734964650, 2, 8, 10, 0, 0, 0.01%, 0, 0, 1, 102.79
1734964655, 3, 0, 10, 0, 0, 0.01%, 0, 0, 1, 101.24
1734964660, 3, 1, 10, 0, 0, 0.01%, 0, 0, 1, 101.91
1734964665, 3, 2, 10, 0, 0, 0.01%, 0, 0, 1, 103.46
1734964671, 3, 4, 10, 0, 0, 0.01%, 0, 0, 1, 101.53
1734964676, 3, 5, 10, 0, 0, 0.01%, 0, 0, 1, 101.23
1734964681, 3, 7, 10, 0, 0, 0.01%, 0, 0, 1, 101.93
1734964686, 3, 8, 10, 0, 0, 0.01%, 0, 0, 1, 100.72
1734964691, 4, 0, 10, 0, 0, 0.01%, 0, 0, 1, 102.93
1734964696, 4, 1, 10, 0, 0, 0.01%, 0, 0, 1, 102.19
1734964701, 4, 2, 10, 0, 0, 0.01%, 0, 0, 1, 102.60
1734964706, 4, 4, 10, 0, 0, 0.01%, 0, 0, 1, 102.22
1734964711, 4, 5, 10, 0, 0, 0.01%, 0, 0, 1, 103.39
1734964716, 4, 7, 10, 0, 0, 0.01%, 0, 0, 1, 102.04
1734964721, 4, 8, 10, 0, 0, 0.01%, 0, 0, 1, 102.82
1734964726, 4, 9, 10, 0, 0, 0.01%, 0, 0, 1, 102.93
1734964731, 5, 1, 10, 0, 0, 0.01%, 0, 0, 1, 102.07
1734964736, 5, 2, 10, 0, 0, 0.01%, 0, 0, 1, 104.51
1734964741, 5, 4, 10, 0, 0, 0.01%, 0, 0, 1, 103.23
1734964746, 5, 5, 10, 0, 0, 0.01%, 0, 0, 1, 99.98
1734964752, 5, 6, 10, 0, 0, 0.01%, 0, 0, 1, 100.42
1734964757, 5, 8, 10, 0, 0, 0.01%, 0, 0, 1, 101.95
1734964762, 5, 9, 10, 0, 0, 0.01%, 0, 0, 1, 100.62
1734964767, 6, 1, 10, 0, 0, 0.01%, 0, 0, 1, 100.73
1734964772, 6, 2, 10, 0, 0, 0.01%, 0, 0, 1, 101.54
1734964777, 6, 3, 10, 0, 0, 0.01%, 0, 0, 1, 101.05
1734964782, 6, 5, 10, 0, 0, 0.01%, 0, 0, 1, 101.79
1734964787, 6, 6, 10, 0, 0, 0.01%, 0, 0, 1, 101.98
1734964792, 6, 8, 10, 0, 0, 0.01%, 0, 0, 1, 101.39
1734964797, 6, 9, 10, 0, 0, 0.01%, 0, 0, 1, 101.36
1734964802, 7, 0, 10, 0, 0, 0.01%, 0, 0, 1, 103.07
1734964807, 7, 2, 10, 0, 0, 0.01%, 0, 0, 1, 102.20
1734964812, 7, 3, 10, 0, 0, 0.01%, 0, 0, 1, 103.66
1734964817, 7, 5, 10, 0, 0, 0.01%, 0, 0, 1, 104.09
1734964822, 7, 6, 10, 0, 0, 0.01%, 0, 0, 1, 101.45
1734964827, 7, 7, 10, 0, 0, 0.01%, 0, 0, 1, 103.93
1734964832, 7, 9, 10, 0, 0, 0.01%, 0, 0, 1, 102.25
1734964837, 8, 0, 10, 0, 0, 0.01%, 0, 0, 1, 103.49
1734964843, 8, 2, 10, 0, 0, 0.01%, 0, 0, 1, 102.59
1734964848, 8, 3, 10, 0, 0, 0.01%, 0, 0, 1, 101.62
1734964853, 8, 4, 10, 0, 0, 0.01%, 0, 0, 1, 102.08
1734964858, 8, 6, 10, 0, 0, 0.01%, 0, 0, 1, 101.72
1734964863, 8, 7, 10, 0, 0, 0.01%, 0, 0, 1, 105.15
1734964868, 8, 9, 10, 0, 0, 0.01%, 0, 0, 1, 101.07
1734964873, 9, 0, 10, 0, 0, 0.01%, 0, 0, 1, 102.65
1734964878, 9, 1, 10, 0, 0, 0.01%, 0, 0, 1, 100.21
1734964883, 9, 3, 10, 0, 0, 0.01%, 0, 0, 1, 103.81
1734964888, 9, 4, 10, 0, 0, 0.01%, 0, 0, 1, 101.52
1734964893, 9, 6, 10, 0, 0, 0.01%, 0, 0, 1, 103.19
1734964898, 9, 7, 10, 0, 0, 0.01%, 0, 0, 1, 103.32
1734964903, 9, 8, 10, 0, 0, 0.01%, 0, 0, 1, 100.95
1734964908, 10, 0, 10, 0, 0, 0.01%, 0, 0, 1, 103.15
1734964913, 10, 1, 10, 0, 0, 0.01%, 0, 0, 1, 102.00
1734964918, 10, 3, 10, 0, 0, 0.01%, 0, 0, 1, 104.79
1734964924, 10, 4, 10, 0, 0, 0.01%, 0, 0, 1, 103.89
1734964929, 10, 6, 10, 0, 0, 0.01%, 0, 0, 1, 104.67
1734964934, 10, 7, 10, 0, 0, 0.01%, 0, 0, 1, 103.39
1734964939, 10, 8, 10, 0, 0, 0.01%, 0, 0, 1, 102.69
1734964944, 11, 0, 10, 0, 0, 0.01%, 0, 0, 1, 101.37
1734964949, 11, 1, 10, 0, 0, 0.01%, 0, 0, 1, 102.14
1734964954, 11, 3, 10, 0, 0, 0.01%, 0, 0, 1, 102.68
1734964959, 11, 4, 10, 0, 0, 0.01%, 0, 0, 1, 104.89
1734964964, 11, 6, 10, 0, 0, 0.01%, 0, 0, 1, 102.93
1734964969, 11, 7, 10, 0, 0, 0.01%, 0, 0, 1, 102.68
1734964974, 11, 8, 10, 0, 0, 0.01%, 0, 0, 1, 102.49
1734964979, 12, 0, 10, 0, 0, 0.01%, 0, 0, 1, 101.81
1734964984, 12, 1, 10, 0, 0, 0.01%, 0, 0, 1, 101.83
1734964989, 12, 3, 10, 0, 0, 0.01%, 0, 0, 1, 101.86
1734964994, 12, 4, 10, 0, 0, 0.01%, 0, 0, 1, 101.86
1734964999, 12, 5, 10, 0, 0, 0.01%, 0, 0, 1, 103.00
1734965004, 12, 7, 10, 0, 0, 0.01%, 0, 0, 1, 100.72
1734965009, 12, 8, 10, 0, 0, 0.01%, 0, 0, 1, 101.07
1734965014, 13, 0, 10, 0, 0, 0.01%, 0, 0, 1, 101.83
1734965020, 13, 1, 10, 0, 0, 0.01%, 0, 0, 1, 102.43
1734965025, 13, 2, 10, 0, 0, 0.01%, 0, 0, 1, 101.73
1734965030, 13, 4, 10, 0, 0, 0.01%, 0, 0, 1, 102.50
1734965035, 13, 5, 10, 0, 0, 0.01%, 0, 0, 1, 102.03
1734965040, 13, 7, 10, 0, 0, 0.01%, 0, 0, 1, 104.00
1734965045, 13, 8, 10, 0, 0, 0.01%, 0, 0, 1, 102.56
1734965050, 14, 0, 10, 0, 0, 0.01%, 0, 0, 1, 101.72
1734965055, 14, 1, 10, 0, 0, 0.01%, 0, 0, 1, 102.38
1734965060, 14, 2, 10, 0, 0, 0.01%, 0, 0, 1, 104.32
1734965065, 14, 4, 10, 0, 0, 0.01%, 0, 0, 1, 102.04
1734965070, 14, 5, 10, 0, 0, 0.01%, 0, 0, 1, 102.01
1734965075, 14, 7, 10, 0, 0, 0.01%, 0, 0, 1, 105.52
1734965081, 14, 8, 10, 0, 0, 0.01%, 0, 0, 1, 103.23
1734965086, 14, 9, 10, 0, 0, 0.01%, 0, 0, 1, 103.45
1734965091, 15, 1, 10, 0, 0, 0.01%, 0, 0, 1, 107.44
1734965096, 15, 2, 10, 0, 0, 0.01%, 0, 0, 1, 105.97
1734965101, 15, 4, 10, 0, 0, 0.01%, 0, 0, 1, 109.93
1734965106, 15, 5, 10, 0, 0, 0.01%, 0, 0, 1, 109.17
1734965111, 15, 7, 10, 0, 0, 0.01%, 0, 0, 1, 107.73
1734965116, 15, 8, 10, 0, 0, 0.01%, 0, 0, 1, 107.52
1734965121, 16, 0, 10, 0, 0, 0.01%, 0, 0, 1, 106.76
1734965126, 16, 1, 10, 0, 0, 0.01%, 0, 0, 1, 109.20
1734965131, 16, 3, 10, 0, 0, 0.01%, 0, 0, 1, 105.70
1734965136, 16, 4, 10, 0, 0, 0.01%, 0, 0, 1, 107.56
1734965142, 16, 6, 10, 0, 0, 0.01%, 0, 0, 1, 107.55
1734965147, 16, 7, 10, 0, 0, 0.01%, 0, 0, 1, 104.86
1734965152, 16, 9, 10, 0, 0, 0.01%, 0, 0, 1, 107.12
1734965157, 17, 0, 10, 0, 0, 0.01%, 0, 0, 1, 105.91
1734965162, 17, 2, 10, 0, 0, 0.01%, 0, 0, 1, 104.92
1734965167, 17, 3, 10, 0, 0, 0.01%, 0, 0, 1, 111.60
1734965172, 17, 5, 10, 0, 0, 0.01%, 0, 0, 1, 107.14
1734965177, 17, 6, 10, 0, 0, 0.01%, 0, 0, 1, 106.32
1734965183, 17, 8, 10, 0, 0, 0.01%, 0, 0, 1, 105.72
1734965188, 17, 9, 10, 0, 0, 0.01%, 0, 0, 1, 106.10
1734965193, 18, 1, 10, 0, 0, 0.01%, 0, 0, 1, 106.71
1734965198, 18, 2, 10, 0, 0, 0.01%, 0, 0, 1, 106.29
1734965203, 18, 4, 10, 0, 0, 0.01%, 0, 0, 1, 106.11
1734965208, 18, 5, 10, 0, 0, 0.01%, 0, 0, 1, 104.83
1734965213, 18, 7, 10, 0, 0, 0.01%, 0, 0, 1, 108.63
1734965219, 18, 8, 10, 0, 0, 0.01%, 0, 0, 1, 109.20
1734965224, 19, 0, 10, 0, 0, 0.01%, 0, 0, 1, 110.02
1734965229, 19, 1, 10, 0, 0, 0.01%, 0, 0, 1, 108.46
1734965234, 19, 3, 10, 0, 0, 0.01%, 0, 0, 1, 110.17
1734965239, 19, 4, 10, 0, 0, 0.01%, 0, 0, 1, 108.37
1734965244, 19, 6, 10, 0, 0, 0.01%, 0, 0, 1, 107.63
1734965250, 19, 7, 10, 0, 0, 0.01%, 0, 0, 1, 108.99
1734965255, 19, 9, 10, 0, 0, 0.01%, 0, 0, 1, 106.52
1734965260, 20, 0, 10, 0, 0, 0.01%, 0, 0, 1, 104.59
1734965265, 20, 2, 10, 0, 0, 0.01%, 0, 0, 1, 105.96
1734965270, 20, 3, 10, 0, 0, 0.01%, 0, 0, 1, 104.94
1734965275, 20, 5, 10, 0, 0, 0.01%, 0, 0, 1, 107.13
1734965280, 20, 6, 11, 1, 0, 0.16%, 1, 0, 2, 103.48
1734965285, 20, 10, 13, 3, 1, 0.16%, 3, 0, 3, 118.87
1734965363, 20, 11, 13, 2, 2, 0.16%, 3, 0, 3, 116.62
1734965373, 20, 11, 15, 4, 2, 0.16%, 3, 0, 4, 114.51
1734965414, 20, 11, 16, 5, 2, 0.16%, 3, 0, 4, 116.44
1734965425, 20, 11, 17, 6, 2, 0.16%, 3, 0, 4, 116.23
1734965491, 20, 12, 17, 5, 1, 0.16%, 3, 0, 4, 114.80
1734965533, 20, 12, 19, 7, 1, 0.16%, 3, 0, 4, 116.29
1734965548, 20, 14, 19, 6, 0, 0.16%, 3, 0, 4, 139.39
1734965569, 20, 14, 20, 7, 0, 0.17%, 4, 0, 5, 120.58
1734965605, 20, 14, 21, 8, 0, 0.17%, 4, 0, 5, 121.64
1734965672, 20, 19, 22, 8, 1, 0.17%, 5, 0, 6, 149.42
1734965677, 20, 19, 23, 9, 1, 0.17%, 5, 0, 6, 140.28
1734965785, 20, 19, 25, 11, 1, 0.17%, 5, 0, 6, 117.84
1734965800, 20, 21, 25, 10, 1, 0.17%, 5, 0, 6, 152.01
1734965841, 20, 21, 26, 11, 1, 0.17%, 5, 0, 7, 121.49
1734965929, 20, 23, 26, 10, 0, 0.17%, 5, 0, 7, 154.59
1734965949, 20, 23, 27, 11, 0, 0.17%, 5, 0, 7, 124.81
1734965985, 20, 23, 28, 12, 0, 0.17%, 5, 0, 7, 124.75
1734966057, 20, 27, 28, 11, 0, 0.17%, 5, 0, 7, 173.31
1734966088, 20, 27, 29, 12, 0, 0.17%, 5, 0, 8, 250.03
1734966103, 20, 27, 31, 14, 0, 0.17%, 6, 0, 8, 248.88
1734966283, 21, 3, 31, 13, 0, 0.17%, 6, 0, 8, 124.85
1734966288, 21, 12, 31, 13, 0, 0.17%, 6, 0, 8, 123.47
1734966303, 21, 15, 31, 13, 0, 0.17%, 6, 0, 8, 140.13
1734966329, 21, 15, 32, 14, 0, 0.17%, 6, 0, 8, 127.59
1734966391, 21, 15, 33, 15, 0, 0.17%, 6, 0, 8, 129.65
1734966442, 21, 18, 33, 14, 0, 0.17%, 6, 0, 8, 182.44
1734966616, 21, 18, 35, 16, 0, 0.17%, 6, 0, 8, 171.07
1734966626, 21, 19, 35, 15, 0, 0.17%, 6, 0, 8, 167.46
1734966651, 21, 21, 35, 15, 0, 0.17%, 6, 0, 8, 157.71
1734966677, 21, 22, 35, 15, 0, 0.17%, 6, 0, 8, 186.52
1734966738, 21, 28, 35, 14, 0, 0.17%, 6, 0, 8, 213.30
1734966881, 22, 11, 35, 13, 0, 0.17%, 6, 0, 8, 159.75
1734966891, 22, 12, 35, 13, 0, 0.17%, 6, 0, 8, 168.38
1734966907, 22, 13, 35, 13, 0, 0.17%, 6, 0, 8, 128.23
1734967356, 22, 16, 35, 12, 0, 0.17%, 6, 0, 8, 189.76
1734967544, 22, 21, 35, 11, 0, 0.17%, 6, 0, 8, 164.21
1734967565, 22, 21, 37, 13, 0, 0.17%, 6, 0, 8, 159.40
1734967570, 22, 22, 37, 13, 0, 0.17%, 6, 0, 8, 157.92
1734967585, 22, 24, 37, 13, 0, 0.17%, 6, 0, 8, 161.74
1734967646, 22, 24, 38, 14, 0, 0.17%, 6, 0, 8, 169.38
1734967651, 22, 26, 38, 13, 0, 0.17%, 6, 0, 8, 184.45
1734967753, 22, 33, 38, 12, 0, 0.17%, 6, 0, 8, 201.78
1734967798, 22, 36, 38, 11, 0, 0.17%, 6, 0, 8, 186.76
1734967864, 23, 12, 38, 10, 0, 0.17%, 6, 0, 8, 164.02
1734967874, 23, 18, 38, 10, 0, 0.17%, 6, 0, 8, 167.59
1734967894, 23, 21, 38, 10, 0, 0.17%, 6, 0, 8, 151.84
1734967920, 23, 22, 38, 10, 0, 0.17%, 6, 0, 8, 154.50
1734967935, 23, 30, 38, 10, 0, 0.17%, 6, 0, 8, 163.55
1734968159, 24, 12, 38, 9, 0, 0.17%, 6, 0, 8, 148.56
1734968169, 24, 20, 38, 9, 0, 0.17%, 6, 0, 8, 211.13
1734968246, 24, 21, 38, 8, 0, 0.17%, 6, 0, 8, 160.49
1734968276, 24, 22, 38, 8, 0, 0.17%, 6, 0, 8, 153.84
1734968291, 25, 17, 38, 8, 0, 0.17%, 6, 0, 8, 176.66
1734968460, 25, 21, 38, 7, 0, 0.17%, 6, 0, 8, 155.73
1734968465, 25, 22, 38, 7, 0, 0.17%, 6, 0, 8, 159.13
1734968485, 25, 29, 38, 7, 0, 0.17%, 6, 0, 8, 172.65
1734968694, 25, 32, 38, 6, 0, 0.17%, 6, 0, 8, 200.95
1734968770, 25, 34, 38, 5, 0, 0.17%, 6, 0, 8, 201.35
1734968820, 26, 12, 38, 4, 0, 0.17%, 6, 0, 8, 155.56
1734968825, 26, 21, 38, 4, 0, 0.17%, 6, 0, 8, 155.09
1734968831, 26, 22, 38, 4, 0, 0.17%, 6, 0, 8, 156.58
1734968836, 26, 37, 38, 4, 0, 0.17%, 6, 0, 8, 211.33
1734968948, 27, 21, 38, 3, 0, 0.17%, 6, 0, 8, 154.11
1734968958, 27, 22, 38, 3, 0, 0.17%, 6, 0, 8, 152.88
1734968963, 27, 31, 38, 3, 0, 0.17%, 6, 0, 8, 191.34
1734969034, 28, 12, 38, 2, 0, 0.17%, 6, 0, 8, 158.33
1734969039, 28, 16, 38, 2, 0, 0.17%, 6, 0, 8, 158.20
1734969060, 28, 21, 38, 2, 0, 0.17%, 6, 0, 8, 150.62
1734969065, 28, 22, 38, 2, 0, 0.17%, 6, 0, 8, 147.33
1734969070, 29, 13, 38, 2, 0, 0.17%, 6, 0, 8, 152.11
1734969090, 29, 21, 38, 2, 0, 0.17%, 6, 0, 8, 153.24
1734969095, 29, 22, 38, 2, 0, 0.17%, 6, 0, 8, 160.78
1734969100, 29, 25, 38, 2, 0, 0.17%, 6, 0, 8, 152.83
1734969146, 30, 12, 38, 1, 0, 0.17%, 6, 0, 8, 154.89
1734969151, 30, 15, 38, 1, 0, 0.17%, 6, 0, 8, 153.19
1734969172, 30, 21, 38, 1, 0, 0.17%, 6, 0, 8, 154.45
1734969177, 30, 22, 38, 1, 0, 0.17%, 6, 0, 8, 155.14
1734969182, 31, 21, 38, 1, 0, 0.17%, 6, 0, 8, 159.00
1734969192, 31, 22, 38, 1, 0, 0.17%, 6, 0, 8, 149.57
1734969197, 32, 9, 38, 1, 0, 0.17%, 6, 0, 8, 150.74
1734969203, 32, 21, 38, 1, 0, 0.17%, 6, 0, 8, 154.50
1734969208, 32, 22, 38, 1, 0, 0.17%, 6, 0, 8, 150.36
1734969213, 33, 0, 38, 1, 0, 0.17%, 6, 0, 8, 162.69
1734969218, 33, 21, 38, 1, 0, 0.17%, 6, 0, 8, 154.79
1734969223, 33, 22, 38, 1, 0, 0.17%, 6, 0, 8, 154.51
1734969228, 33, 30, 38, 1, 0, 0.17%, 6, 0, 8, 159.40
1734969264, 34, 12, 38, 1, 0, 0.17%, 6, 0, 8, 155.34
1734969269, 34, 21, 38, 1, 0, 0.17%, 6, 0, 8, 150.84
1734969274, 34, 22, 38, 1, 0, 0.17%, 6, 0, 8, 162.76
1734969279, 35, 10, 38, 1, 0, 0.17%, 6, 0, 8, 156.22
1734969289, 35, 17, 38, 1, 0, 0.17%, 6, 0, 8, 161.19
1734969309, 35, 21, 38, 1, 0, 0.17%, 6, 0, 8, 157.59
1734969314, 35, 22, 38, 1, 0, 0.17%, 6, 0, 8, 166.56
1734969319, 35, 32, 38, 1, 0, 0.17%, 6, 0, 8, 166.66
1734969344, 36, 5, 38, 1, 0, 0.17%, 6, 0, 8, 162.02
1734969350, 36, 21, 38, 1, 0, 0.17%, 6, 0, 8, 159.19
1734969355, 36, 22, 38, 1, 0, 0.17%, 6, 0, 8, 156.18
1734969360, 36, 28, 38, 1, 0, 0.17%, 6, 0, 8, 159.64
1734969400, 37, 19, 38, 1, 0, 0.17%, 6, 0, 8, 156.85
1734969421, 37, 21, 38, 1, 0, 0.17%, 6, 0, 8, 159.55
1734969426, 37, 22, 38, 1, 0, 0.17%, 6, 0, 8, 169.33
1734969431, 37, 28, 38, 1, 0, 0.17%, 6, 0, 8, 170.35
1734969462, 38, 9, 38, 1, 0, 0.17%, 6, 0, 8, 156.58
1734969467, 38, 15, 38, 1, 0, 0.17%, 6, 0, 8, 158.01
1734969487, 38, 17, 38, 1, 0, 0.17%, 6, 0, 8, 156.50
1734969503, 38, 21, 38, 1, 0, 0.17%, 6, 0, 8, 149.67
1734969513, 38, 22, 38, 1, 0, 0.17%, 6, 0, 8, 157.54
1734969518, 38, 23, 38, 1, 0, 0.17%, 6, 0, 8, 154.83
1734969543, 38, 34, 38, 1, 0, 0.17%, 6, 0, 8, 166.13
1734969563, 39, 21, 38, 1, 0, 0.17%, 6, 0, 8, 159.14
1734969573, 39, 27, 38, 1, 0, 0.17%, 6, 0, 8, 163.45
1734969598, 40, 12, 38, 1, 0, 0.17%, 6, 0, 8, 153.32
1734969604, 40, 13, 38, 1, 0, 0.17%, 6, 0, 8, 167.42
1734969619, 40, 17, 38, 1, 0, 0.17%, 6, 0, 8, 150.50
1734969639, 40, 21, 38, 1, 0, 0.17%, 6, 0, 8, 156.13
1734969644, 40, 22, 38, 1, 0, 0.17%, 6, 0, 8, 158.98
1734969649, 40, 23, 38, 1, 0, 0.17%, 6, 0, 8, 154.93
1734969680, 41, 21, 38, 1, 0, 0.17%, 6, 0, 8, 150.02
1734969690, 41, 22, 38, 1, 0, 0.17%, 6, 0, 8, 154.86
1734969695, 41, 29, 38, 1, 0, 0.17%, 6, 0, 8, 157.02
1734969721, 42, 4, 38, 1, 0, 0.17%, 6, 0, 8, 146.46
1734969726, 42, 21, 38, 1, 0, 0.17%, 6, 0, 8, 153.86
1734969731, 42, 22, 38, 1, 0, 0.17%, 6, 0, 8, 163.79
1734969736, 42, 34, 38, 1, 0, 0.17%, 6, 0, 8, 161.85
1734969756, 42, 35, 38, 1, 0, 0.17%, 6, 0, 8, 200.19
1734969838, 43, 7, 38, 0, 0, 0.17%, 6, 0, 8, 153.26
1734969843, 43, 21, 38, 0, 0, 0.17%, 6, 0, 8, 150.72
1734969853, 43, 22, 38, 0, 0, 0.17%, 6, 0, 8, 148.58
1734969858, 43, 36, 38, 0, 0, 0.17%, 6, 0, 8, 165.68
1734969888, 44, 21, 38, 0, 0, 0.17%, 6, 0, 8, 144.82
1734969899, 45, 12, 38, 0, 0, 0.17%, 6, 0, 8, 150.64
1734969904, 45, 21, 38, 0, 0, 0.17%, 6, 0, 8, 146.45
1734969909, 45, 22, 38, 0, 0, 0.17%, 6, 0, 8, 141.71
1734969914, 45, 35, 38, 0, 0, 0.17%, 6, 0, 8, 150.21
1734969945, 46, 21, 38, 0, 0, 0.17%, 6, 0, 8, 146.73
1734969955, 46, 22, 38, 0, 0, 0.17%, 6, 0, 8, 144.03
1734969960, 46, 33, 38, 0, 0, 0.17%, 6, 0, 8, 155.37
1734969976, 47, 12, 38, 0, 0, 0.17%, 6, 0, 8, 154.91
1734969981, 47, 19, 38, 0, 0, 0.17%, 6, 0, 8, 149.34
1734970001, 47, 21, 38, 0, 0, 0.17%, 6, 0, 8, 155.67
1734970006, 47, 22, 38, 0, 0, 0.17%, 6, 0, 8, 144.92
1734970012, 47, 28, 38, 0, 0, 0.17%, 6, 0, 8, 164.21
1734970052, 48, 11, 38, 0, 0, 0.17%, 6, 0, 8, 140.85
1734970058, 48, 12, 38, 0, 0, 0.17%, 6, 0, 8, 146.58
1734970063, 48, 13, 38, 0, 0, 0.17%, 6, 0, 8, 169.71
1734970078, 48, 14, 38, 0, 0, 0.17%, 6, 0, 8, 139.51
1734970099, 48, 21, 38, 0, 0, 0.17%, 6, 0, 8, 132.92
1734970109, 48, 22, 38, 0, 0, 0.17%, 6, 0, 8, 154.59
1734970114, 48, 34, 38, 0, 0, 0.17%, 6, 0, 8, 163.08
1734970129, 49, 12, 38, 0, 0, 0.17%, 6, 0, 8, 156.36
1734970134, 49, 21, 38, 0, 0, 0.17%, 6, 0, 8, 155.33
1734970139, 49, 22, 38, 0, 0, 0.17%, 6, 0, 8, 138.61
1734970145, 50, 12, 38, 0, 0, 0.17%, 6, 0, 8, 148.79
1734970150, 50, 21, 38, 0, 0, 0.17%, 6, 0, 8, 148.66
1734970155, 50, 22, 38, 0, 0, 0.17%, 6, 0, 8, 145.26
1734970160, 51, 12, 38, 0, 0, 0.17%, 6, 0, 8, 144.42
1734970165, 51, 21, 38, 0, 0, 0.17%, 6, 0, 8, 148.69
1734970170, 51, 22, 38, 0, 0, 0.17%, 6, 0, 8, 148.44
1734970175, 51, 30, 38, 0, 0, 0.17%, 6, 0, 8, 156.22
1734970211, 52, 6, 38, 0, 0, 0.17%, 6, 0, 8, 150.76
1734970216, 52, 12, 38, 0, 0, 0.17%, 6, 0, 8, 148.49
1734970221, 52, 21, 38, 0, 0, 0.17%, 6, 0, 8, 153.26
1734970226, 52, 22, 38, 0, 0, 0.17%, 6, 0, 8, 142.53
1734970231, 52, 30, 38, 0, 0, 0.17%, 6, 0, 8, 157.64
1734970272, 53, 21, 38, 0, 0, 0.17%, 6, 0, 8, 149.61
1734970277, 53, 22, 38, 0, 0, 0.17%, 6, 0, 8, 140.24
1734970282, 53, 28, 38, 0, 0, 0.17%, 6, 0, 8, 143.90
1734970323, 54, 16, 38, 0, 0, 0.17%, 6, 0, 8, 156.25
1734970344, 54, 21, 38, 0, 0, 0.17%, 6, 0, 8, 150.56
1734970349, 54, 22, 38, 0, 0, 0.17%, 6, 0, 8, 149.62
1734970354, 54, 31, 38, 0, 0, 0.17%, 6, 0, 8, 148.71
1734970384, 55, 21, 38, 0, 0, 0.17%, 6, 0, 8, 147.29
1734970395, 55, 22, 38, 0, 0, 0.17%, 6, 0, 8, 152.62
1734970400, 56, 21, 38, 0, 0, 0.17%, 6, 0, 8, 145.46
1734970410, 56, 22, 38, 0, 0, 0.17%, 6, 0, 8, 151.16
1734970415, 57, 13, 38, 0, 0, 0.17%, 6, 0, 8, 158.92
1734970435, 57, 21, 38, 0, 0, 0.17%, 6, 0, 8, 145.90
1734970441, 57, 22, 38, 0, 0, 0.17%, 6, 0, 8, 152.26
1734970446, 57, 34, 38, 0, 0, 0.17%, 6, 0, 8, 145.21
1734970466, 57, 37, 38, 0, 0, 0.17%, 6, 0, 8, 154.95
1734970497, 58, 21, 38, 0, 0, 0.17%, 6, 0, 8, 149.18
1734970502, 58, 22, 38, 0, 0, 0.17%, 6, 0, 8, 156.77
1734970507, 58, 33, 38, 0, 0, 0.17%, 6, 0, 8, 146.40
1734970527, 59, 1, 38, 0, 0, 0.17%, 6, 0, 8, 140.18
1734970532, 59, 21, 38, 0, 0, 0.17%, 6, 0, 8, 144.96
1734970537, 59, 22, 38, 0, 0, 0.17%, 6, 0, 8, 158.57
1734970542, 59, 35, 38, 0, 0, 0.17%, 6, 0, 8, 158.24
1734970573, 60, 12, 38, 0, 0, 0.17%, 6, 0, 8, 153.88
1734970578, 60, 18, 38, 0, 0, 0.17%, 6, 0, 8, 160.32
1734970599, 60, 21, 38, 0, 0, 0.17%, 6, 0, 8, 139.09
1734970604, 60, 22, 38, 0, 0, 0.17%, 6, 0, 8, 147.16
1734970609, 60, 37, 38, 0, 0, 0.17%, 6, 0, 8, 147.65
1734970639, 61, 12, 38, 0, 0, 0.17%, 6, 0, 8, 142.14
1734970645, 61, 21, 38, 0, 0, 0.17%, 6, 0, 8, 141.69
1734970650, 61, 22, 38, 0, 0, 0.17%, 6, 0, 8, 139.25
1734970655, 61, 29, 38, 0, 0, 0.17%, 6, 0, 8, 149.83
1734970686, 62, 5, 38, 0, 0, 0.17%, 6, 0, 8, 145.53
1734970691, 62, 21, 38, 0, 0, 0.17%, 6, 0, 8, 140.46
1734970701, 62, 24, 38, 0, 0, 0.17%, 6, 0, 8, 147.96
1734970732, 62, 27, 38, 0, 0, 0.17%, 6, 0, 8, 162.22
1734970757, 62, 33, 38, 0, 0, 0.17%, 6, 0, 8, 154.93
1734970777, 63, 12, 38, 0, 0, 0.17%, 6, 0, 8, 147.71
1734970782, 63, 18, 38, 0, 0, 0.17%, 6, 0, 8, 161.19
1734970798, 63, 21, 38, 0, 0, 0.17%, 6, 0, 8, 144.27
1734970808, 63, 22, 38, 0, 0, 0.17%, 6, 0, 8, 149.19
1734970813, 64, 12, 38, 0, 0, 0.17%, 6, 0, 8, 150.81
1734970818, 64, 21, 38, 0, 0, 0.17%, 6, 0, 8, 153.80
1734970823, 64, 22, 38, 0, 0, 0.17%, 6, 0, 8, 142.85
1734970828, 65, 21, 38, 0, 0, 0.17%, 6, 0, 8, 147.82
1734970839, 65, 22, 38, 0, 0, 0.17%, 6, 0, 8, 142.26
1734970844, 65, 23, 38, 0, 0, 0.17%, 6, 0, 8, 149.13
1734970874, 65, 34, 38, 0, 0, 0.17%, 6, 0, 8, 153.12
1734970884, 66, 21, 38, 0, 0, 0.17%, 6, 0, 8, 146.76
1734970895, 66, 22, 38, 0, 0, 0.17%, 6, 0, 8, 148.72
1734970900, 67, 12, 38, 0, 0, 0.17%, 6, 0, 8, 145.77
1734970905, 67, 21, 38, 0, 0, 0.17%, 6, 0, 8, 142.32
1734970910, 67, 22, 38, 0, 0, 0.17%, 6, 0, 8, 147.29
1734970915, 67, 30, 38, 0, 0, 0.17%, 6, 0, 8, 152.35
1734970951, 68, 8, 38, 0, 0, 0.17%, 6, 0, 8, 149.57
1734970956, 68, 21, 38, 0, 0, 0.17%, 6, 0, 8, 149.30
1734970966, 68, 22, 38, 0, 0, 0.17%, 6, 0, 8, 143.39
1734970972, 68, 25, 38, 0, 0, 0.17%, 6, 0, 8, 148.65
1734970992, 68, 33, 38, 0, 0, 0.17%, 6, 0, 8, 154.63
1734971012, 69, 21, 38, 0, 0, 0.17%, 6, 0, 8, 140.74
1734971022, 69, 22, 38, 0, 0, 0.17%, 6, 0, 8, 144.28
1734971028, 70, 21, 38, 0, 0, 0.17%, 6, 0, 8, 150.02
1734971038, 70, 22, 38, 0, 0, 0.17%, 6, 0, 8, 146.80
1734971043, 71, 21, 38, 0, 0, 0.17%, 6, 0, 8, 143.99
1734971048, 71, 22, 38, 0, 0, 0.17%, 6, 0, 8, 144.63
1734971059, 71, 27, 38, 0, 0, 0.17%, 6, 0, 8, 157.76
1734971084, 71, 35, 38, 0, 0, 0.17%, 6, 0, 8, 160.18
1734971114, 72, 13, 38, 0, 0, 0.17%, 6, 0, 8, 158.49
1734971120, 72, 21, 38, 0, 0, 0.17%, 6, 0, 8, 147.52
1734971130, 73, 5, 38, 0, 0, 0.17%, 6, 0, 8, 161.46
1734971135, 73, 18, 38, 0, 0, 0.17%, 6, 0, 8, 158.21
1734971155, 73, 21, 38, 0, 0, 0.17%, 6, 0, 8, 149.58
1734971160, 73, 22, 38, 0, 0, 0.17%, 6, 0, 8, 146.55
1734971165, 73, 29, 38, 0, 0, 0.17%, 6, 0, 8, 153.43
1734971196, 74, 12, 38, 0, 0, 0.17%, 6, 0, 8, 149.81
1734971201, 74, 21, 38, 0, 0, 0.17%, 6, 0, 8, 147.38
1734971206, 74, 22, 38, 0, 0, 0.17%, 6, 0, 8, 150.04
1734971211, 74, 34, 38, 0, 0, 0.17%, 6, 0, 8, 160.13
1734971217, 75, 4, 38, 0, 0, 0.17%, 6, 0, 8, 148.31
1734971222, 75, 10, 38, 0, 0, 0.17%, 6, 0, 8, 142.08
1734971227, 75, 12, 38, 0, 0, 0.17%, 6, 0, 8, 158.39
1734971232, 75, 19, 38, 0, 0, 0.17%, 6, 0, 8, 146.75
1734971253, 75, 21, 38, 0, 0, 0.17%, 6, 0, 8, 145.23
1734971258, 75, 22, 38, 0, 0, 0.17%, 6, 0, 8, 148.60
1734971263, 75, 25, 38, 0, 0, 0.17%, 6, 0, 8, 152.75
1734971283, 75, 29, 38, 0, 0, 0.17%, 6, 0, 8, 162.43
1734971309, 76, 5, 38, 0, 0, 0.17%, 6, 0, 8, 146.23
1734971314, 76, 21, 38, 0, 0, 0.17%, 6, 0, 8, 149.73
1734971319, 76, 22, 38, 0, 0, 0.17%, 6, 0, 8, 155.64
1734971324, 76, 23, 38, 0, 0, 0.17%, 6, 0, 8, 151.30
1734971355, 76, 34, 38, 0, 0, 0.17%, 6, 0, 8, 150.46
1734971360, 77, 12, 38, 0, 0, 0.17%, 6, 0, 8, 157.53
1734971365, 77, 21, 38, 0, 0, 0.17%, 6, 0, 8, 155.97
1734971370, 77, 22, 38, 0, 0, 0.17%, 6, 0, 8, 154.10
1734971375, 77, 27, 38, 0, 0, 0.17%, 6, 0, 8, 158.01
1734971401, 77, 32, 38, 0, 0, 0.17%, 6, 0, 8, 157.47
1734971431, 78, 11, 38, 0, 0, 0.17%, 6, 0, 8, 145.30
1734971436, 78, 12, 38, 0, 0, 0.17%, 6, 0, 8, 152.92
1734971442, 78, 21, 38, 0, 0, 0.17%, 6, 0, 8, 149.10
1734971447, 78, 22, 38, 0, 0, 0.17%, 6, 0, 8, 146.49
1734971452, 78, 26, 38, 0, 0, 0.17%, 6, 0, 8, 165.43
1734971477, 79, 12, 38, 0, 0, 0.17%, 6, 0, 8, 159.34
1734971482, 79, 18, 38, 0, 0, 0.17%, 6, 0, 8, 156.53
1734971487, 79, 19, 38, 0, 0, 0.17%, 6, 0, 8, 142.97
1734971493, 79, 21, 38, 0, 0, 0.17%, 6, 0, 8, 142.97
1734971498, 79, 22, 38, 0, 0, 0.17%, 6, 0, 8, 147.13
1734971503, 79, 26, 38, 0, 0, 0.17%, 6, 0, 8, 161.09
1734971533, 80, 21, 38, 0, 0, 0.17%, 6, 0, 8, 142.55
1734971544, 80, 22, 38, 0, 0, 0.17%, 6, 0, 8, 139.73
1734971549, 80, 36, 38, 0, 0, 0.17%, 6, 0, 8, 160.94
1734971574, 81, 12, 38, 0, 0, 0.17%, 6, 0, 8, 151.12
1734971579, 81, 21, 38, 0, 0, 0.17%, 6, 0, 8, 146.59
1734971584, 81, 22, 38, 0, 0, 0.17%, 6, 0, 8, 141.04
1734971590, 82, 7, 38, 0, 0, 0.17%, 6, 0, 8, 146.34
1734971595, 82, 21, 38, 0, 0, 0.17%, 6, 0, 8, 144.64
1734971605, 82, 22, 38, 0, 0, 0.17%, 6, 0, 8, 143.56
1734971610, 82, 26, 38, 0, 0, 0.17%, 6, 0, 8, 170.70
1734971636, 82, 30, 38, 0, 0, 0.17%, 6, 0, 8, 155.73
1734971646, 83, 12, 38, 0, 0, 0.17%, 6, 0, 8, 143.03
1734971651, 83, 21, 38, 0, 0, 0.17%, 6, 0, 8, 141.85
1734971656, 83, 22, 38, 0, 0, 0.17%, 6, 0, 8, 140.33
1734971661, 84, 12, 38, 0, 0, 0.17%, 6, 0, 8, 151.21
1734971666, 84, 13, 38, 0, 0, 0.17%, 6, 0, 8, 151.66
1734971671, 84, 17, 38, 0, 0, 0.17%, 6, 0, 8, 161.85
1734971687, 84, 21, 38, 0, 0, 0.17%, 6, 0, 8, 143.85
1734971697, 84, 22, 38, 0, 0, 0.17%, 6, 0, 8, 143.27
1734971702, 85, 16, 38, 0, 0, 0.17%, 6, 0, 8, 148.67
1734971723, 85, 21, 38, 0, 0, 0.17%, 6, 0, 8, 146.36
1734971728, 85, 22, 38, 0, 0, 0.17%, 6, 0, 8, 149.46
1734971733, 85, 26, 38, 0, 0, 0.17%, 6, 0, 8, 159.79
1734971763, 85, 33, 38, 0, 0, 0.17%, 6, 0, 8, 150.01
1734971774, 86, 21, 38, 0, 0, 0.17%, 6, 0, 8, 148.36
1734971784, 87, 3, 38, 0, 0, 0.17%, 6, 0, 8, 150.58
1734971789, 87, 21, 38, 0, 0, 0.17%, 6, 0, 8, 147.86
1734971800, 87, 22, 38, 0, 0, 0.17%, 6, 0, 8, 153.24
1734971805, 87, 33, 38, 0, 0, 0.17%, 6, 0, 8, 148.50
1734971810, 88, 13, 38, 0, 0, 0.17%, 6, 0, 8, 156.90
1734971815, 88, 16, 38, 0, 0, 0.17%, 6, 0, 8, 159.05
1734971830, 88, 21, 38, 0, 0, 0.17%, 6, 0, 8, 142.49
1734971840, 88, 22, 38, 0, 0, 0.17%, 6, 0, 8, 145.91
1734971845, 88, 26, 38, 0, 0, 0.17%, 6, 0, 8, 162.09
1734971850, 89, 12, 38, 0, 0, 0.17%, 6, 0, 8, 152.19
1734971855, 89, 17, 38, 0, 0, 0.17%, 6, 0, 8, 145.59
1734971861, 89, 21, 38, 0, 0, 0.17%, 6, 0, 8, 144.11
1734971866, 89, 22, 38, 0, 0, 0.17%, 6, 0, 8, 153.54
1734971871, 89, 26, 38, 0, 0, 0.17%, 6, 0, 8, 160.72
1734971876, 90, 8, 38, 0, 0, 0.17%, 6, 0, 8, 147.80
1734971881, 90, 15, 38, 0, 0, 0.17%, 6, 0, 8, 150.12
1734971902, 90, 21, 38, 0, 0, 0.17%, 6, 0, 8, 141.86
1734971912, 90, 22, 38, 0, 0, 0.17%, 6, 0, 8, 149.91
1734971917, 91, 17, 38, 0, 0, 0.17%, 6, 0, 8, 156.18
1734971922, 91, 18, 38, 0, 0, 0.17%, 6, 0, 8, 154.74
1734971928, 91, 21, 38, 0, 0, 0.17%, 6, 0, 8, 152.47
1734971933, 91, 22, 38, 0, 0, 0.17%, 6, 0, 8, 151.56
1734971938, 91, 30, 38, 0, 0, 0.17%, 6, 0, 8, 150.82
1734971948, 92, 2, 38, 0, 0, 0.17%, 6, 0, 8, 144.04
1734971953, 92, 17, 38, 0, 0, 0.17%, 6, 0, 8, 150.52
1734971958, 92, 18, 38, 0, 0, 0.17%, 6, 0, 8, 153.65
1734971963, 92, 21, 38, 0, 0, 0.17%, 6, 0, 8, 148.86
1734971968, 92, 22, 38, 0, 0, 0.17%, 6, 0, 8, 140.76
1734971974, 93, 6, 38, 0, 0, 0.17%, 6, 0, 8, 148.39
1734971979, 93, 21, 38, 0, 0, 0.17%, 6, 0, 8, 144.14
1734971989, 93, 22, 38, 0, 0, 0.17%, 6, 0, 8, 157.82
1734971994, 94, 14, 38, 0, 0, 0.17%, 6, 0, 8, 145.93
1734972009, 94, 21, 38, 0, 0, 0.17%, 6, 0, 8, 138.10
1734972019, 94, 22, 38, 0, 0, 0.17%, 6, 0, 8, 161.68
1734972024, 94, 31, 38, 0, 0, 0.17%, 6, 0, 8, 155.29
1734972050, 95, 12, 38, 0, 0, 0.17%, 6, 0, 8, 147.33
1734972055, 95, 21, 38, 0, 0, 0.17%, 6, 0, 8, 146.81
1734972060, 95, 22, 38, 0, 0, 0.17%, 6, 0, 8, 147.63
1734972065, 95, 26, 38, 0, 0, 0.17%, 6, 0, 8, 161.00
1734972070, 95, 30, 38, 0, 0, 0.17%, 6, 0, 8, 150.20
1734972085, 96, 21, 38, 0, 0, 0.17%, 6, 0, 8, 143.06
1734972090, 96, 22, 38, 0, 0, 0.17%, 6, 0, 8, 152.51
1734972096, 96, 27, 38, 0, 0, 0.17%, 6, 0, 8, 151.01
1734972106, 96, 32, 38, 0, 0, 0.17%, 6, 0, 8, 164.03
1734972131, 97, 12, 38, 0, 0, 0.17%, 6, 0, 8, 147.31
1734972137, 97, 21, 38, 0, 0, 0.17%, 6, 0, 8, 145.85
1734972142, 97, 22, 38, 0, 0, 0.17%, 6, 0, 8, 150.75
1734972147, 97, 34, 38, 0, 0, 0.17%, 6, 0, 8, 155.99
1734972152, 98, 12, 38, 0, 0, 0.17%, 6, 0, 8, 147.06
1734972157, 98, 21, 38, 0, 0, 0.17%, 6, 0, 8, 159.74
1734972162, 98, 22, 38, 0, 0, 0.17%, 6, 0, 8, 155.77
1734972167, 98, 34, 38, 0, 0, 0.17%, 6, 0, 8, 155.98
1734972172, 99, 21, 38, 0, 0, 0.17%, 6, 0, 8, 151.62
1734972182, 99, 22, 38, 0, 0, 0.17%, 6, 0, 8, 143.52
1734972188, 99, 27, 38, 0, 0, 0.17%, 6, 0, 8, 161.76
1734972193, 99, 37, 38, 0, 0, 0.17%, 6, 0, 8, 158.56
1734972223, 100, 13, 38, 0, 0, 0.17%, 6, 0, 8, 155.38
1734972228, 100, 21, 38, 0, 0, 0.17%, 6, 0, 8, 152.58
1734972233, 100, 22, 38, 0, 0, 0.17%, 6, 0, 8, 142.87
1734972238, 100, 36, 38, 0, 0, 0.17%, 6, 0, 8, 156.75
1734972269, 101, 21, 38, 0, 0, 0.17%, 6, 0, 8, 150.08
1734972279, 101, 22, 38, 0, 0, 0.17%, 6, 0, 8, 147.78
1734972284, 102, 21, 38, 0, 0, 0.17%, 6, 0, 8, 144.08
1734972294, 102, 22, 38, 0, 0, 0.17%, 6, 0, 8, 150.35
1734972300, 102, 37, 38, 0, 0, 0.17%, 6, 0, 8, 175.50
1734972325, 103, 12, 38, 0, 0, 0.17%, 6, 0, 8, 144.77
1734972330, 103, 21, 38, 0, 0, 0.17%, 6, 0, 8, 148.91
1734972336, 103, 22, 38, 0, 0, 0.17%, 6, 0, 8, 151.47
1734972341, 104, 11, 38, 0, 0, 0.17%, 6, 0, 8, 143.86
1734972351, 104, 20, 38, 0, 0, 0.17%, 6, 0, 8, 161.77
1734972371, 104, 21, 38, 0, 0, 0.17%, 6, 0, 8, 146.48
1734972376, 104, 22, 38, 0, 0, 0.17%, 6, 0, 8, 140.74
1734972381, 104, 30, 38, 0, 0, 0.17%, 6, 0, 8, 155.64
1734972392, 104, 34, 38, 0, 0, 0.17%, 6, 0, 8, 157.77
1734972397, 105, 5, 38, 0, 0, 0.17%, 6, 0, 8, 143.96
1734972402, 105, 21, 38, 0, 0, 0.17%, 6, 0, 8, 146.07
1734972407, 105, 22, 38, 0, 0, 0.17%, 6, 0, 8, 153.15
1734972412, 106, 12, 38, 0, 0, 0.17%, 6, 0, 8, 145.10
1734972417, 106, 17, 38, 0, 0, 0.17%, 6, 0, 8, 149.28
1734972422, 106, 21, 38, 0, 0, 0.17%, 6, 0, 8, 148.47
1734972427, 106, 22, 38, 0, 0, 0.17%, 6, 0, 8, 146.53
1734972433, 107, 12, 38, 0, 0, 0.17%, 6, 0, 8, 138.42
1734972438, 107, 21, 38, 0, 0, 0.17%, 6, 0, 8, 148.46
1734972443, 107, 22, 38, 0, 0, 0.17%, 6, 0, 8, 147.33
1734972448, 107, 34, 38, 0, 0, 0.17%, 6, 0, 8, 151.39
1734972453, 108, 12, 38, 0, 0, 0.17%, 6, 0, 8, 150.08
1734972458, 108, 13, 38, 0, 0, 0.17%, 6, 0, 8, 146.82
1734972463, 108, 14, 38, 0, 0, 0.17%, 6, 0, 8, 138.06
1734972478, 108, 21, 38, 0, 0, 0.17%, 6, 0, 8, 140.85
1734972489, 108, 22, 38, 0, 0, 0.17%, 6, 0, 8, 149.38
1734972494, 108, 29, 38, 0, 0, 0.17%, 6, 0, 8, 152.96
1734972499, 109, 0, 38, 0, 0, 0.17%, 6, 0, 8, 150.03
1734972504, 109, 21, 38, 0, 0, 0.17%, 6, 0, 8, 143.15
1734972514, 110, 12, 38, 0, 0, 0.17%, 6, 0, 8, 148.79
1734972519, 110, 21, 38, 0, 0, 0.17%, 6, 0, 8, 145.65
1734972525, 110, 22, 38, 0, 0, 0.17%, 6, 0, 8, 147.99
1734972530, 111, 5, 38, 0, 0, 0.17%, 6, 0, 8, 147.18
1734972535, 111, 10, 38, 0, 0, 0.17%, 6, 0, 8, 148.12
1734972545, 111, 21, 38, 0, 0, 0.17%, 6, 0, 8, 148.84
1734972555, 111, 22, 38, 0, 0, 0.17%, 6, 0, 8, 148.91
1734972561, 112, 12, 38, 0, 0, 0.17%, 6, 0, 8, 146.81
1734972566, 112, 20, 38, 0, 0, 0.17%, 6, 0, 8, 171.26
1734972586, 112, 21, 38, 0, 0, 0.17%, 6, 0, 8, 140.21
1734972591, 112, 22, 38, 0, 0, 0.17%, 6, 0, 8, 144.13
1734972596, 113, 12, 38, 0, 0, 0.17%, 6, 0, 8, 145.83
1734972601, 113, 21, 38, 0, 0, 0.17%, 6, 0, 8, 140.59
1734972606, 113, 22, 38, 0, 0, 0.17%, 6, 0, 8, 146.87
1734972611, 113, 26, 38, 0, 0, 0.17%, 6, 0, 8, 158.56
1734972622, 113, 30, 38, 0, 0, 0.17%, 6, 0, 8, 153.63
1734972632, 113, 32, 38, 0, 0, 0.17%, 6, 0, 8, 160.32
1734972657, 114, 2, 38, 0, 0, 0.17%, 6, 0, 8, 149.44
1734972662, 114, 21, 38, 0, 0, 0.17%, 6, 0, 8, 146.14
1734972672, 115, 3, 38, 0, 0, 0.17%, 6, 0, 8, 144.13
1734972678, 115, 12, 38, 0, 0, 0.17%, 6, 0, 8, 153.99
1734972683, 115, 21, 38, 0, 0, 0.17%, 6, 0, 8, 150.90
1734972688, 115, 22, 38, 0, 0, 0.17%, 6, 0, 8, 154.49
1734972693, 116, 12, 38, 0, 0, 0.17%, 6, 0, 8, 149.04
1734972698, 116, 21, 38, 0, 0, 0.17%, 6, 0, 8, 141.85
1734972703, 116, 22, 38, 0, 0, 0.17%, 6, 0, 8, 151.71
1734972708, 117, 21, 38, 0, 0, 0.17%, 6, 0, 8, 151.52
1734972719, 117, 22, 38, 0, 0, 0.17%, 6, 0, 8, 147.32
1734972724, 117, 29, 38, 0, 0, 0.17%, 6, 0, 8, 151.55
1734972729, 118, 10, 38, 0, 0, 0.17%, 6, 0, 8, 144.93
1734972739, 118, 21, 38, 0, 0, 0.17%, 6, 0, 8, 147.78
1734972750, 118, 22, 38, 0, 0, 0.17%, 6, 0, 8, 154.64
1734972755, 118, 28, 38, 0, 0, 0.17%, 6, 0, 8, 164.05
1734972765, 119, 18, 38, 0, 0, 0.17%, 6, 0, 8, 155.03
1734972770, 119, 21, 38, 0, 0, 0.17%, 6, 0, 8, 151.87
1734972780, 119, 22, 38, 0, 0, 0.17%, 6, 0, 8, 141.54
1734972785, 119, 29, 38, 0, 0, 0.17%, 6, 0, 8, 159.72
1734972790, 120, 15, 38, 0, 0, 0.17%, 6, 0, 8, 145.64
1734972810, 120, 21, 38, 0, 0, 0.17%, 6, 0, 8, 134.71
1734972821, 120, 22, 38, 0, 0, 0.17%, 6, 0, 8, 154.35
1734972826, 121, 17, 38, 0, 0, 0.17%, 6, 0, 8, 158.08
1734972831, 121, 21, 38, 0, 0, 0.17%, 6, 0, 8, 146.40
1734972841, 121, 22, 38, 0, 0, 0.17%, 6, 0, 8, 151.85
1734972846, 121, 23, 38, 0, 0, 0.17%, 6, 0, 8, 146.84
1734972851, 121, 32, 38, 0, 0, 0.17%, 6, 0, 8, 154.49
1734972866, 122, 21, 38, 0, 0, 0.17%, 6, 0, 8, 149.01
1734972877, 122, 22, 38, 0, 0, 0.17%, 6, 0, 8, 151.91
1734972882, 122, 30, 38, 0, 0, 0.17%, 6, 0, 8, 158.27
1734972892, 123, 21, 38, 0, 0, 0.17%, 6, 0, 8, 153.85
1734972902, 123, 22, 38, 0, 0, 0.17%, 6, 0, 8, 147.16
1734972907, 124, 12, 38, 0, 0, 0.17%, 6, 0, 8, 149.52
1734972912, 124, 21, 38, 0, 0, 0.17%, 6, 0, 8, 140.95
1734972918, 124, 22, 38, 0, 0, 0.17%, 6, 0, 8, 142.82
1734972923, 124, 29, 38, 0, 0, 0.17%, 6, 0, 8, 148.17
1734972928, 124, 31, 38, 0, 0, 0.17%, 6, 0, 8, 149.25
1734972958, 125, 21, 38, 0, 0, 0.17%, 6, 0, 8, 148.53
1734972969, 125, 22, 38, 0, 0, 0.17%, 6, 0, 8, 144.09
1734972974, 125, 33, 38, 0, 0, 0.17%, 6, 0, 8, 142.41
1734972979, 126, 17, 38, 0, 0, 0.17%, 6, 0, 8, 157.79
1734972984, 126, 21, 38, 0, 0, 0.17%, 6, 0, 8, 150.69
1734972994, 126, 22, 38, 0, 0, 0.17%, 6, 0, 8, 144.72
1734972999, 126, 25, 38, 0, 0, 0.17%, 6, 0, 8, 151.20
1734973020, 126, 30, 38, 0, 0, 0.17%, 6, 0, 8, 148.57
1734973030, 127, 16, 38, 0, 0, 0.17%, 6, 0, 8, 148.47
1734973035, 127, 18, 38, 0, 0, 0.17%, 6, 0, 8, 149.15
1734973040, 127, 21, 38, 0, 0, 0.17%, 6, 0, 8, 146.88
1734973051, 127, 22, 38, 0, 0, 0.17%, 6, 0, 8, 148.69
1734973056, 128, 21, 38, 0, 0, 0.17%, 6, 0, 8, 144.27
1734973061, 128, 22, 38, 0, 0, 0.17%, 6, 0, 8, 148.47
1734973066, 128, 29, 38, 0, 0, 0.17%, 6, 0, 8, 150.26
1734973076, 128, 34, 38, 0, 0, 0.17%, 6, 0, 8, 155.19
1734973081, 129, 15, 38, 0, 0, 0.17%, 6, 0, 8, 149.71
1734973086, 129, 21, 38, 0, 0, 0.17%, 6, 0, 8, 150.35
1734973096, 129, 22, 38, 0, 0, 0.17%, 6, 0, 8, 153.02
1734973101, 130, 12, 38, 0, 0, 0.17%, 6, 0, 8, 146.32
1734973107, 130, 16, 38, 0, 0, 0.17%, 6, 0, 8, 157.99
1734973112, 130, 18, 38, 0, 0, 0.17%, 6, 0, 8, 153.59
1734973117, 130, 21, 38, 0, 0, 0.17%, 6, 0, 8, 155.59
1734973122, 130, 22, 38, 0, 0, 0.17%, 6, 0, 8, 156.47
1734973127, 131, 12, 38, 0, 0, 0.17%, 6, 0, 8, 151.09
1734973132, 131, 14, 38, 0, 0, 0.17%, 6, 0, 8, 151.45
1734973148, 131, 21, 38, 0, 0, 0.17%, 6, 0, 8, 138.81
1734973153, 131, 22, 38, 0, 0, 0.17%, 6, 0, 8, 150.71
1734973158, 132, 12, 38, 0, 0, 0.17%, 6, 0, 8, 148.26
1734973163, 132, 18, 38, 0, 0, 0.17%, 6, 0, 8, 154.84
1734973168, 132, 21, 38, 0, 0, 0.17%, 6, 0, 8, 145.97
1734973173, 132, 22, 38, 0, 0, 0.17%, 6, 0, 8, 139.61
1734973178, 132, 28, 38, 0, 0, 0.17%, 6, 0, 8, 154.28
1734973189, 133, 12, 38, 0, 0, 0.17%, 6, 0, 8, 144.68
1734973194, 133, 18, 38, 0, 0, 0.17%, 6, 0, 8, 146.34
1734973199, 133, 21, 38, 0, 0, 0.17%, 6, 0, 8, 142.09
1734973204, 133, 22, 38, 0, 0, 0.17%, 6, 0, 8, 141.19
1734973209, 133, 23, 38, 0, 0, 0.17%, 6, 0, 8, 138.29
1734973220, 134, 19, 38, 0, 0, 0.17%, 6, 0, 8, 140.11
1734973225, 134, 21, 38, 0, 0, 0.17%, 6, 0, 8, 148.04
1734973235, 134, 22, 38, 0, 0, 0.17%, 6, 0, 8, 143.08
1734973240, 135, 7, 38, 0, 0, 0.17%, 6, 0, 8, 155.74
1734973245, 135, 13, 38, 0, 0, 0.17%, 6, 0, 8, 160.13
1734973250, 135, 21, 38, 0, 0, 0.17%, 6, 0, 8, 151.10
1734973261, 135, 22, 38, 0, 0, 0.17%, 6, 0, 8, 155.04
1734973266, 135, 24, 38, 0, 0, 0.17%, 6, 0, 8, 153.07
1734973291, 136, 3, 38, 0, 0, 0.17%, 6, 0, 8, 145.86
1734973296, 136, 12, 38, 0, 0, 0.17%, 6, 0, 8, 149.90
1734973301, 136, 21, 38, 0, 0, 0.17%, 6, 0, 8, 146.88
1734973312, 136, 22, 38, 0, 0, 0.17%, 6, 0, 8, 144.35
1734973317, 137, 21, 38, 0, 0, 0.17%, 6, 0, 8, 146.00
1734973327, 137, 22, 38, 0, 0, 0.17%, 6, 0, 8, 145.48
1734973332, 138, 12, 38, 0, 0, 0.17%, 6, 0, 8, 146.58
1734973338, 138, 16, 38, 0, 0, 0.17%, 6, 0, 8, 150.86
1734973343, 138, 21, 38, 0, 0, 0.17%, 6, 0, 8, 151.15
1734973353, 138, 22, 38, 0, 0, 0.17%, 6, 0, 8, 149.65
1734973358, 139, 12, 38, 0, 0, 0.17%, 6, 0, 8, 147.48
1734973363, 139, 21, 38, 0, 0, 0.17%, 6, 0, 8, 148.83
1734973368, 139, 22, 38, 0, 0, 0.17%, 6, 0, 8, 144.96
1734973373, 140, 10, 38, 0, 0, 0.17%, 6, 0, 8, 152.16
1734973378, 140, 14, 38, 0, 0, 0.17%, 6, 0, 8, 146.60
1734973383, 140, 18, 38, 0, 0, 0.17%, 6, 0, 8, 159.57
1734973389, 140, 21, 38, 0, 0, 0.17%, 6, 0, 8, 150.75
1734973394, 140, 22, 38, 0, 0, 0.17%, 6, 0, 8, 150.35
1734973399, 141, 10, 38, 0, 0, 0.17%, 6, 0, 8, 144.76
1734973404, 141, 21, 38, 0, 0, 0.17%, 6, 0, 8, 149.74
1734973414, 141, 29, 38, 0, 0, 0.17%, 6, 0, 8, 147.86
1734973424, 142, 21, 38, 0, 0, 0.17%, 6, 0, 8, 145.67
1734973435, 142, 22, 38, 0, 0, 0.17%, 6, 0, 8, 151.67
1734973440, 142, 25, 38, 0, 0, 0.17%, 6, 0, 8, 161.03
1734973455, 143, 2, 38, 0, 0, 0.17%, 6, 0, 8, 142.72
1734973460, 143, 19, 38, 0, 0, 0.17%, 6, 0, 8, 149.66
1734973466, 143, 21, 38, 0, 0, 0.17%, 6, 0, 8, 151.22
1734973471, 143, 22, 38, 0, 0, 0.17%, 6, 0, 8, 151.40
1734973476, 143, 32, 38, 0, 0, 0.17%, 6, 0, 8, 151.96
1734973486, 144, 13, 38, 0, 0, 0.17%, 6, 0, 8, 151.21
1734973491, 144, 21, 38, 0, 0, 0.17%, 6, 0, 8, 149.10
1734973501, 144, 22, 38, 0, 0, 0.17%, 6, 0, 8, 145.55
1734973506, 144, 24, 38, 0, 0, 0.17%, 6, 0, 8, 147.37
1734973532, 145, 12, 38, 0, 0, 0.17%, 6, 0, 8, 146.35
1734973537, 145, 21, 38, 0, 0, 0.17%, 6, 0, 8, 144.38
1734973542, 145, 22, 38, 0, 0, 0.17%, 6, 0, 8, 141.98
1734973547, 145, 28, 38, 0, 0, 0.17%, 6, 0, 8, 154.09
1734973558, 146, 12, 38, 0, 0, 0.17%, 6, 0, 8, 139.97
1734973563, 146, 14, 38, 0, 0, 0.17%, 6, 0, 8, 144.56
1734973568, 146, 16, 38, 0, 0, 0.17%, 6, 0, 8, 149.50
1734973573, 146, 21, 38, 0, 0, 0.17%, 6, 0, 8, 144.49
1734973578, 146, 22, 38, 0, 0, 0.17%, 6, 0, 8, 148.98
1734973583, 146, 26, 38, 0, 0, 0.17%, 6, 0, 8, 159.41
1734973588, 147, 12, 38, 0, 0, 0.17%, 6, 0, 8, 146.88
1734973593, 147, 21, 38, 0, 0, 0.17%, 6, 0, 8, 147.42
1734973598, 147, 22, 38, 0, 0, 0.17%, 6, 0, 8, 150.58
1734973603, 147, 23, 38, 0, 0, 0.17%, 6, 0, 8, 146.97
1734973614, 148, 21, 38, 0, 0, 0.17%, 6, 0, 8, 141.81
1734973624, 148, 22, 38, 0, 0, 0.17%, 6, 0, 8, 144.66
1734973629, 148, 27, 38, 0, 0, 0.17%, 6, 0, 8, 149.19
1734973634, 148, 29, 38, 0, 0, 0.17%, 6, 0, 8, 157.48
1734973644, 149, 9, 38, 0, 0, 0.17%, 6, 0, 8, 153.21
1734973649, 149, 21, 38, 0, 0, 0.17%, 6, 0, 8, 145.58
1734973659, 150, 3, 38, 0, 0, 0.17%, 6, 0, 8, 151.36
1734973665, 150, 12, 38, 0, 0, 0.17%, 6, 0, 8, 141.43
1734973670, 150, 21, 38, 0, 0, 0.17%, 6, 0, 8, 151.76
1734973675, 150, 22, 38, 0, 0, 0.17%, 6, 0, 8, 139.35
1734973680, 151, 12, 38, 0, 0, 0.17%, 6, 0, 8, 146.89
1734973685, 151, 21, 38, 0, 0, 0.17%, 6, 0, 8, 146.46
1734973690, 151, 22, 38, 0, 0, 0.17%, 6, 0, 8, 149.68
1734973695, 151, 34, 38, 0, 0, 0.17%, 6, 0, 8, 147.65
1734973700, 152, 12, 38, 0, 0, 0.17%, 6, 0, 8, 145.38
1734973706, 152, 21, 38, 0, 0, 0.17%, 6, 0, 8, 150.15
1734973711, 152, 22, 38, 0, 0, 0.17%, 6, 0, 8, 148.03
1734973716, 153, 12, 38, 0, 0, 0.17%, 6, 0, 8, 147.24
1734973721, 153, 16, 38, 0, 0, 0.17%, 6, 0, 8, 149.95
1734973726, 153, 21, 38, 0, 0, 0.17%, 6, 0, 8, 140.65
1734973731, 153, 22, 38, 0, 0, 0.17%, 6, 0, 8, 149.91
1734973736, 153, 30, 38, 0, 0, 0.17%, 6, 0, 8, 159.12
1734973746, 153, 31, 38, 0, 0, 0.17%, 6, 0, 8, 153.34
1734973776, 154, 21, 38, 0, 0, 0.17%, 6, 0, 8, 147.77
1734973782, 154, 22, 38, 0, 0, 0.17%, 6, 0, 8, 153.85
1734973787, 155, 11, 38, 0, 0, 0.17%, 6, 0, 8, 149.98
1734973792, 155, 14, 38, 0, 0, 0.17%, 6, 0, 8, 146.53
1734973797, 155, 21, 38, 0, 0, 0.17%, 6, 0, 8, 143.82
1734973807, 156, 6, 38, 0, 0, 0.17%, 6, 0, 8, 156.30
1734973812, 156, 21, 38, 0, 0, 0.17%, 6, 0, 8, 144.62
1734973823, 156, 22, 38, 0, 0, 0.17%, 6, 0, 8, 154.77
1734973828, 156, 23, 38, 0, 0, 0.17%, 6, 0, 8, 144.36
1734973833, 156, 24, 38, 0, 0, 0.17%, 6, 0, 8, 146.40
1734973864, 157, 21, 38, 0, 0, 0.17%, 6, 0, 8, 139.68
1734973874, 157, 22, 38, 0, 0, 0.17%, 6, 0, 8, 155.02
1734973879, 158, 21, 38, 0, 0, 0.17%, 6, 0, 8, 145.83
1734973889, 158, 22, 38, 0, 0, 0.17%, 6, 0, 8, 151.58
1734973895, 159, 21, 38, 0, 0, 0.17%, 6, 0, 8, 144.33
1734973900, 159, 22, 38, 0, 0, 0.17%, 6, 0, 8, 147.06
1734973905, 160, 10, 38, 0, 0, 0.17%, 6, 0, 8, 154.55
1734973910, 160, 21, 38, 0, 0, 0.17%, 6, 0, 8, 145.55
1734973920, 160, 22, 38, 0, 0, 0.17%, 6, 0, 8, 143.48
1734973925, 160, 35, 38, 0, 0, 0.17%, 6, 0, 8, 162.66
1734973951, 161, 12, 38, 0, 0, 0.17%, 6, 0, 8, 150.50
1734973956, 161, 21, 38, 0, 0, 0.17%, 6, 0, 8, 153.22
1734973961, 161, 22, 38, 0, 0, 0.17%, 6, 0, 8, 150.16
1734973966, 161, 24, 38, 0, 0, 0.17%, 6, 0, 8, 150.63
1734973971, 162, 8, 38, 0, 0, 0.17%, 6, 0, 8, 149.91
1734973976, 162, 12, 38, 0, 0, 0.17%, 6, 0, 8, 145.06
1734973981, 162, 21, 38, 0, 0, 0.17%, 6, 0, 8, 152.89
1734973986, 162, 22, 38, 0, 0, 0.17%, 6, 0, 8, 151.02
1734973991, 163, 12, 38, 0, 0, 0.17%, 6, 0, 8, 143.54
1734973996, 163, 21, 38, 0, 0, 0.17%, 6, 0, 8, 140.81
1734974002, 163, 22, 38, 0, 0, 0.17%, 6, 0, 8, 151.22
1734974007, 164, 21, 38, 0, 0, 0.17%, 6, 0, 8, 151.13
1734974017, 164, 22, 38, 0, 0, 0.17%, 6, 0, 8, 152.37
1734974022, 164, 25, 38, 0, 0, 0.17%, 6, 0, 8, 157.35
1734974027, 165, 12, 38, 0, 0, 0.17%, 6, 0, 8, 151.22
1734974032, 165, 21, 38, 0, 0, 0.17%, 6, 0, 8, 152.77
1734974037, 165, 22, 38, 0, 0, 0.17%, 6, 0, 8, 148.82
1734974042, 166, 18, 38, 0, 0, 0.17%, 6, 0, 8, 152.09
1734974048, 166, 21, 38, 0, 0, 0.17%, 6, 0, 8, 152.56
1734974058, 166, 22, 38, 0, 0, 0.17%, 6, 0, 8, 151.26
1734974063, 166, 23, 38, 0, 0, 0.17%, 6, 0, 8, 154.18
1734974068, 167, 12, 38, 0, 0, 0.17%, 6, 0, 8, 147.73
1734974073, 167, 21, 38, 0, 0, 0.17%, 6, 0, 8, 147.60
1734974078, 167, 22, 38, 0, 0, 0.17%, 6, 0, 8, 151.29
1734974083, 168, 12, 38, 0, 0, 0.17%, 6, 0, 8, 154.26
1734974088, 168, 21, 38, 0, 0, 0.17%, 6, 0, 8, 143.03
1734974094, 168, 22, 38, 0, 0, 0.17%, 6, 0, 8, 144.99
1734974099, 168, 36, 38, 0, 0, 0.17%, 6, 0, 8, 152.25
1734974129, 169, 12, 38, 0, 0, 0.17%, 6, 0, 8, 141.21
1734974134, 169, 13, 38, 0, 0, 0.17%, 6, 0, 8, 151.56
1734974139, 169, 21, 38, 0, 0, 0.17%, 6, 0, 8, 151.30
1734974144, 169, 22, 38, 0, 0, 0.17%, 6, 0, 8, 149.18
1734974149, 170, 12, 38, 0, 0, 0.17%, 6, 0, 8, 147.28
1734974154, 170, 17, 38, 0, 0, 0.17%, 6, 0, 8, 149.35
1734974159, 170, 21, 38, 0, 0, 0.17%, 6, 0, 8, 154.09
1734974164, 170, 22, 38, 0, 0, 0.17%, 6, 0, 8, 155.63
1734974170, 171, 12, 38, 0, 0, 0.17%, 6, 0, 8, 147.39
1734974175, 171, 16, 38, 0, 0, 0.17%, 6, 0, 8, 142.22
1734974180, 171, 21, 38, 0, 0, 0.17%, 6, 0, 8, 144.71
1734974185, 171, 22, 38, 0, 0, 0.17%, 6, 0, 8, 144.92
1734974190, 171, 33, 38, 0, 0, 0.17%, 6, 0, 8, 154.82
1734974195, 172, 4, 38, 0, 0, 0.17%, 6, 0, 8, 148.75
1734974201, 172, 21, 38, 0, 0, 0.17%, 6, 0, 8, 147.81
1734974211, 172, 22, 38, 0, 0, 0.17%, 6, 0, 8, 154.29
1734974216, 173, 21, 38, 0, 0, 0.17%, 6, 0, 8, 144.27
1734974226, 173, 22, 38, 0, 0, 0.17%, 6, 0, 8, 146.55
1734974231, 173, 24, 38, 0, 0, 0.17%, 6, 0, 8, 143.79
1734974236, 173, 36, 38, 0, 0, 0.17%, 6, 0, 8, 157.45
1734974252, 174, 21, 38, 0, 0, 0.17%, 6, 0, 8, 143.09
1734974262, 174, 22, 38, 0, 0, 0.17%, 6, 0, 8, 139.66
1734974267, 174, 24, 38, 0, 0, 0.17%, 6, 0, 8, 157.47
1734974272, 174, 36, 38, 0, 0, 0.17%, 6, 0, 8, 162.48
1734974287, 175, 21, 38, 0, 0, 0.17%, 6, 0, 8, 152.06
1734974298, 175, 22, 38, 0, 0, 0.17%, 6, 0, 8, 152.59
1734974303, 176, 17, 38, 0, 0, 0.17%, 6, 0, 8, 153.39
1734974308, 176, 21, 38, 0, 0, 0.17%, 6, 0, 8, 147.06
1734974318, 176, 32, 38, 0, 0, 0.17%, 6, 0, 8, 154.82
1734974329, 177, 12, 38, 0, 0, 0.17%, 6, 0, 8, 139.09
1734974334, 177, 14, 38, 0, 0, 0.17%, 6, 0, 8, 139.31
1734974339, 177, 21, 38, 0, 0, 0.17%, 6, 0, 8, 144.73
1734974344, 177, 22, 38, 0, 0, 0.17%, 6, 0, 8, 149.02
1734974349, 177, 37, 38, 0, 0, 0.17%, 6, 0, 8, 169.64
1734974365, 178, 12, 38, 0, 0, 0.17%, 6, 0, 8, 144.41
1734974370, 178, 21, 38, 0, 0, 0.17%, 6, 0, 8, 145.34
1734974375, 178, 22, 38, 0, 0, 0.17%, 6, 0, 8, 151.32
1734974380, 178, 36, 38, 0, 0, 0.17%, 6, 0, 8, 150.08
1734974390, 179, 12, 38, 0, 0, 0.17%, 6, 0, 8, 146.86
1734974395, 179, 21, 38, 0, 0, 0.17%, 6, 0, 8, 147.91
1734974400, 179, 22, 38, 0, 0, 0.17%, 6, 0, 8, 138.74
1734974405, 179, 32, 38, 0, 0, 0.17%, 6, 0, 8, 145.38
1734974416, 180, 12, 38, 0, 0, 0.17%, 6, 0, 8, 148.04
1734974421, 180, 21, 38, 0, 0, 0.17%, 6, 0, 8, 150.70
1734974426, 180, 22, 38, 0, 0, 0.17%, 6, 0, 8, 148.10
1734974431, 181, 8, 38, 0, 0, 0.17%, 6, 0, 8, 149.47
1734974436, 181, 21, 38, 0, 0, 0.17%, 6, 0, 8, 152.16
1734974441, 181, 22, 38, 0, 0, 0.17%, 6, 0, 8, 148.33
1734974446, 181, 28, 38, 0, 0, 0.17%, 6, 0, 8, 161.34
1734974456, 181, 30, 38, 0, 0, 0.17%, 6, 0, 8, 146.87
1734974467, 182, 12, 38, 0, 0, 0.17%, 6, 0, 8, 146.77
1734974472, 182, 17, 38, 0, 0, 0.17%, 6, 0, 8, 151.00
1734974477, 182, 21, 38, 0, 0, 0.17%, 6, 0, 8, 142.94
1734974482, 182, 22, 38, 0, 0, 0.17%, 6, 0, 8, 138.57
1734974487, 182, 30, 38, 0, 0, 0.17%, 6, 0, 8, 149.24
1734974498, 183, 5, 38, 0, 0, 0.17%, 6, 0, 8, 139.66
1734974503, 183, 12, 38, 0, 0, 0.17%, 6, 0, 8, 148.04
1734974508, 183, 21, 38, 0, 0, 0.17%, 6, 0, 8, 157.26
1734974513, 183, 22, 38, 0, 0, 0.17%, 6, 0, 8, 145.61
1734974518, 183, 26, 38, 0, 0, 0.17%, 6, 0, 8, 161.26
1734974523, 183, 30, 38, 0, 0, 0.17%, 6, 0, 8, 152.11
1734974534, 184, 12, 38, 0, 0, 0.17%, 6, 0, 8, 140.59
1734974539, 184, 17, 38, 0, 0, 0.17%, 6, 0, 8, 146.60
1734974544, 184, 21, 38, 0, 0, 0.17%, 6, 0, 8, 146.32
1734974549, 184, 22, 38, 0, 0, 0.17%, 6, 0, 8, 139.84
1734974554, 184, 29, 38, 0, 0, 0.17%, 6, 0, 8, 148.37
1734974565, 185, 12, 38, 0, 0, 0.17%, 6, 0, 8, 147.69
1734974570, 185, 18, 38, 0, 0, 0.17%, 6, 0, 8, 151.35
1734974575, 185, 21, 38, 0, 0, 0.17%, 6, 0, 8, 149.00
1734974580, 185, 22, 38, 0, 0, 0.17%, 6, 0, 8, 144.42
1734974585, 186, 13, 38, 0, 0, 0.17%, 6, 0, 8, 157.42
1734974590, 186, 19, 38, 0, 0, 0.17%, 6, 0, 8, 150.76
1734974595, 186, 20, 38, 0, 0, 0.17%, 6, 0, 8, 154.53
1734974615, 186, 21, 38, 0, 0, 0.17%, 6, 0, 8, 157.92
1734974620, 186, 22, 38, 0, 0, 0.17%, 6, 0, 8, 144.42
1734974626, 186, 29, 38, 0, 0, 0.17%, 6, 0, 8, 147.50
1734974636, 187, 21, 38, 0, 0, 0.17%, 6, 0, 8, 145.78
1734974646, 187, 22, 38, 0, 0, 0.17%, 6, 0, 8, 149.44
1734974651, 187, 32, 38, 0, 0, 0.17%, 6, 0, 8, 150.31
1734974656, 188, 0, 38, 0, 0, 0.17%, 6, 0, 8, 151.49
1734974661, 188, 12, 38, 0, 0, 0.17%, 6, 0, 8, 147.52
1734974666, 188, 15, 38, 0, 0, 0.17%, 6, 0, 8, 143.81
1734974671, 188, 21, 38, 0, 0, 0.17%, 6, 0, 8, 145.00
1734974676, 188, 22, 38, 0, 0, 0.17%, 6, 0, 8, 140.97
1734974682, 189, 3, 38, 0, 0, 0.17%, 6, 0, 8, 147.83
1734974687, 189, 12, 38, 0, 0, 0.17%, 6, 0, 8, 145.60
1734974692, 189, 21, 38, 0, 0, 0.17%, 6, 0, 8, 147.56
1734974697, 189, 22, 38, 0, 0, 0.17%, 6, 0, 8, 154.08
1734974702, 189, 34, 38, 0, 0, 0.17%, 6, 0, 8, 153.04
1734974707, 190, 21, 38, 0, 0, 0.17%, 6, 0, 8, 145.85
1734974718, 191, 12, 38, 0, 0, 0.17%, 6, 0, 8, 156.43
1734974723, 191, 21, 38, 0, 0, 0.17%, 6, 0, 8, 150.46
1734974728, 191, 22, 38, 0, 0, 0.17%, 6, 0, 8, 145.51
1734974733, 192, 2, 38, 0, 0, 0.17%, 6, 0, 8, 140.64
1734974738, 192, 12, 38, 0, 0, 0.17%, 6, 0, 8, 144.05
1734974743, 192, 13, 38, 0, 0, 0.17%, 6, 0, 8, 141.16
1734974749, 192, 21, 38, 0, 0, 0.17%, 6, 0, 8, 141.21
1734974754, 192, 22, 38, 0, 0, 0.17%, 6, 0, 8, 150.58
1734974759, 192, 37, 38, 0, 0, 0.17%, 6, 0, 8, 166.82
1734974774, 193, 21, 38, 0, 0, 0.17%, 6, 0, 8, 142.83
1734974784, 193, 27, 38, 0, 0, 0.17%, 6, 0, 8, 145.93
1734974795, 193, 30, 38, 0, 0, 0.17%, 6, 0, 8, 159.65
1734974805, 194, 12, 38, 0, 0, 0.17%, 6, 0, 8, 147.91
1734974810, 194, 21, 38, 0, 0, 0.17%, 6, 0, 8, 159.80
1734974815, 194, 22, 38, 0, 0, 0.17%, 6, 0, 8, 157.21
1734974820, 194, 25, 38, 0, 0, 0.17%, 6, 0, 8, 153.08
1734974825, 195, 12, 38, 0, 0, 0.17%, 6, 0, 8, 139.79
1734974830, 195, 21, 38, 0, 0, 0.17%, 6, 0, 8, 149.49
1734974836, 195, 22, 38, 0, 0, 0.17%, 6, 0, 8, 150.00
1734974841, 196, 12, 38, 0, 0, 0.17%, 6, 0, 8, 149.77
1734974846, 196, 21, 38, 0, 0, 0.17%, 6, 0, 8, 147.11
1734974851, 196, 22, 38, 0, 0, 0.17%, 6, 0, 8, 141.35
1734974856, 196, 29, 38, 0, 0, 0.17%, 6, 0, 8, 152.25
1734974866, 196, 33, 38, 0, 0, 0.17%, 6, 0, 8, 143.35
1734974871, 197, 21, 38, 0, 0, 0.17%, 6, 0, 8, 148.13
1734974882, 197, 35, 38, 0, 0, 0.17%, 6, 0, 8, 154.77
1734974897, 198, 12, 38, 0, 0, 0.17%, 6, 0, 8, 134.92
1734974902, 198, 21, 38, 0, 0, 0.17%, 6, 0, 8, 137.31
1734974907, 198, 22, 38, 0, 0, 0.17%, 6, 0, 8, 146.61
1734974912, 198, 28, 38, 0, 0, 0.17%, 6, 0, 8, 150.81
1734974923, 199, 10, 38, 0, 0, 0.17%, 6, 0, 8, 152.60
1734974928, 199, 21, 38, 0, 0, 0.17%, 6, 0, 8, 142.87
1734974938, 199, 22, 38, 0, 0, 0.17%, 6, 0, 8, 139.56
1734974943, 199, 26, 38, 0, 0, 0.17%, 6, 0, 8, 159.36
1734974948, 199, 28, 38, 0, 0, 0.17%, 6, 0, 8, 159.98
1734974958, 199, 31, 38, 0, 0, 0.17%, 6, 0, 8, 153.40
1734974974, 200, 11, 38, 0, 0, 0.17%, 6, 0, 8, 143.50
1734974979, 200, 17, 38, 0, 0, 0.17%, 6, 0, 8, 149.17
1734974984, 200, 21, 38, 0, 0, 0.17%, 6, 0, 8, 148.66
1734974994, 200, 22, 38, 0, 0, 0.17%, 6, 0, 8, 151.87
1734974999, 201, 16, 38, 0, 0, 0.17%, 6, 0, 8, 156.10
1734975004, 201, 18, 38, 0, 0, 0.17%, 6, 0, 8, 151.26
1734975009, 201, 21, 38, 0, 0, 0.17%, 6, 0, 8, 143.79
1734975015, 201, 22, 38, 0, 0, 0.17%, 6, 0, 8, 146.49
1734975020, 202, 12, 38, 0, 0, 0.17%, 6, 0, 8, 150.38
1734975025, 202, 13, 38, 0, 0, 0.17%, 6, 0, 8, 149.59
1734975030, 202, 21, 38, 0, 0, 0.17%, 6, 0, 8, 146.21
1734975035, 202, 22, 38, 0, 0, 0.17%, 6, 0, 8, 142.30
1734975040, 203, 12, 38, 0, 0, 0.17%, 6, 0, 8, 147.64
1734975045, 203, 21, 38, 0, 0, 0.17%, 6, 0, 8, 150.16
1734975051, 203, 22, 38, 0, 0, 0.17%, 6, 0, 8, 147.02
1734975056, 203, 25, 38, 0, 0, 0.17%, 6, 0, 8, 148.62
1734975061, 203, 28, 38, 0, 0, 0.17%, 6, 0, 8, 156.65
1734975071, 204, 19, 38, 0, 0, 0.17%, 6, 0, 8, 145.80
1734975076, 204, 21, 38, 0, 0, 0.17%, 6, 0, 8, 148.20
1734975086, 204, 22, 38, 0, 0, 0.17%, 6, 0, 8, 146.74
1734975091, 205, 12, 38, 0, 0, 0.17%, 6, 0, 8, 142.04
1734975097, 205, 16, 38, 0, 0, 0.17%, 6, 0, 8, 149.64
1734975102, 205, 21, 38, 0, 0, 0.17%, 6, 0, 8, 146.29
1734975107, 205, 22, 38, 0, 0, 0.17%, 6, 0, 8, 148.02
1734975112, 206, 8, 38, 0, 0, 0.17%, 6, 0, 8, 151.56
1734975117, 206, 15, 38, 0, 0, 0.17%, 6, 0, 8, 148.23
1734975122, 206, 18, 38, 0, 0, 0.17%, 6, 0, 8, 156.90
1734975127, 206, 20, 38, 0, 0, 0.17%, 6, 0, 8, 170.39
1734975148, 206, 21, 38, 0, 0, 0.17%, 6, 0, 8, 152.85
1734975153, 206, 22, 38, 0, 0, 0.17%, 6, 0, 8, 154.72
1734975158, 206, 36, 38, 0, 0, 0.17%, 6, 0, 8, 156.56
1734975163, 206, 37, 38, 0, 0, 0.17%, 6, 0, 8, 163.19
1734975173, 207, 12, 38, 0, 0, 0.17%, 6, 0, 8, 147.91
1734975178, 207, 21, 38, 0, 0, 0.17%, 6, 0, 8, 147.26
1734975183, 207, 22, 38, 0, 0, 0.17%, 6, 0, 8, 153.00
1734975188, 207, 34, 38, 0, 0, 0.17%, 6, 0, 8, 157.88
1734975194, 208, 9, 38, 0, 0, 0.17%, 6, 0, 8, 155.47
1734975199, 208, 21, 38, 0, 0, 0.17%, 6, 0, 8, 150.01
1734975209, 208, 22, 38, 0, 0, 0.17%, 6, 0, 8, 140.41
1734975214, 209, 21, 38, 0, 0, 0.17%, 6, 0, 8, 149.62
1734975219, 209, 22, 38, 0, 0, 0.17%, 6, 0, 8, 148.13
1734975224, 209, 34, 38, 0, 0, 0.17%, 6, 0, 8, 162.34
1734975229, 210, 12, 38, 0, 0, 0.17%, 6, 0, 8, 148.74
1734975234, 210, 21, 38, 0, 0, 0.17%, 6, 0, 8, 146.31
1734975239, 210, 22, 38, 0, 0, 0.17%, 6, 0, 8, 148.15
1734975245, 210, 29, 38, 0, 0, 0.17%, 6, 0, 8, 156.27
1734975250, 211, 6, 38, 0, 0, 0.17%, 6, 0, 8, 146.13
1734975255, 211, 12, 38, 0, 0, 0.17%, 6, 0, 8, 146.20
1734975260, 211, 21, 38, 0, 0, 0.17%, 6, 0, 8, 140.59
1734975265, 211, 22, 38, 0, 0, 0.17%, 6, 0, 8, 146.39
1734975270, 212, 12, 38, 0, 0, 0.17%, 6, 0, 8, 151.14
1734975275, 212, 16, 38, 0, 0, 0.17%, 6, 0, 8, 145.86
1734975280, 212, 21, 38, 0, 0, 0.17%, 6, 0, 8, 154.08
