# unix_time, cycles_done, cur_path, paths_total, pending_total, pending_favs, map_size, unique_crashes, unique_hangs, max_depth, execs_per_sec
1734975287, 0, 0, 10, 10, 1, 0.01%, 0, 0, 1, 81.97
1734975292, 0, 3, 10, 10, 1, 0.01%, 0, 0, 1, 102.67
1734975297, 0, 4, 10, 9, 0, 0.01%, 0, 0, 1, 103.77
1734975307, 0, 5, 10, 8, 0, 0.01%, 0, 0, 1, 102.15
1734975317, 0, 6, 10, 7, 0, 0.01%, 0, 0, 1, 102.05
1734975327, 0, 7, 10, 6, 0, 0.01%, 0, 0, 1, 99.59
1734975337, 0, 8, 10, 5, 0, 0.01%, 0, 0, 1, 99.70
1734975347, 0, 9, 10, 4, 0, 0.01%, 0, 0, 1, 97.54
1734975357, 1, 0, 10, 3, 0, 0.01%, 0, 0, 1, 95.99
1734975373, 1, 1, 10, 2, 0, 0.01%, 0, 0, 1, 89.92
1734975383, 1, 2, 10, 1, 0, 0.01%, 0, 0, 1, 93.94
1734975398, 1, 4, 10, 0, 0, 0.01%, 0, 0, 1, 100.62
1734975403, 1, 5, 10, 0, 0, 0.01%, 0, 0, 1, 101.06
1734975408, 1, 7, 10, 0, 0, 0.01%, 0, 0, 1, 101.87
1734975413, 1, 8, 10, 0, 0, 0.01%, 0, 0, 1, 103.51
1734975418, 2, 0, 10, 0, 0, 0.01%, 0, 0, 1, 105.05
1734975423, 2, 1, 10, 0, 0, 0.01%, 0, 0, 1, 101.12
1734975429, 2, 2, 10, 0, 0, 0.01%, 0, 0, 1, 105.06
1734975434, 2, 4, 10, 0, 0, 0.01%, 0, 0, 1, 104.16
1734975439, 2, 5, 10, 0, 0, 0.01%, 0, 0, 1, 102.13
1734975444, 2, 7, 10, 0, 0, 0.01%, 0, 0, 1, 101.33
1734975449, 2, 8, 10, 0, 0, 0.01%, 0, 0, 1, 100.83
1734975454, 2, 9, 10, 0, 0, 0.01%, 0, 0, 1, 100.15
1734975459, 3, 1, 10, 0, 0, 0.01%, 0, 0, 1, 101.03
1734975464, 3, 2, 10, 0, 0, 0.01%, 0, 0, 1, 102.23
1734975469, 3, 4, 10, 0, 0, 0.01%, 0, 0, 1, 104.25
1734975475, 3, 5, 10, 0, 0, 0.01%, 0, 0, 1, 102.85
1734975480, 3, 7, 10, 0, 0, 0.01%, 0, 0, 1, 102.28
1734975485, 3, 8, 10, 0, 0, 0.01%, 0, 0, 1, 102.38
1734975490, 3, 9, 10, 0, 0, 0.01%, 0, 0, 1, 103.52
1734975495, 4, 1, 10, 0, 0, 0.01%, 0, 0, 1, 102.12
1734975500, 4, 2, 10, 0, 0, 0.01%, 0, 0, 1, 103.71
1734975505, 4, 4, 10, 0, 0, 0.01%, 0, 0, 1, 103.08
1734975510, 4, 5, 10, 0, 0, 0.01%, 0, 0, 1, 101.17
1734975515, 4, 6, 10, 0, 0, 0.01%, 0, 0, 1, 103.03
1734975520, 4, 8, 10, 0, 0, 0.01%, 0, 0, 1, 101.68
1734975526, 4, 9, 10, 0, 0, 0.01%, 0, 0, 1, 100.43
1734975531, 5, 1, 10, 0, 0, 0.01%, 0, 0, 1, 102.24
1734975536, 5, 2, 10, 0, 0, 0.01%, 0, 0, 1, 104.31
1734975541, 5, 4, 10, 0, 0, 0.01%, 0, 0, 1, 105.50
1734975546, 5, 5, 10, 0, 0, 0.01%, 0, 0, 1, 102.83
1734975551, 5, 6, 10, 0, 0, 0.01%, 0, 0, 1, 104.52
1734975556, 5, 8, 10, 0, 0, 0.01%, 0, 0, 1, 103.02
1734975561, 5, 9, 10, 0, 0, 0.01%, 0, 0, 1, 102.81
1734975566, 6, 1, 10, 0, 0, 0.01%, 0, 0, 1, 100.54
1734975571, 6, 2, 10, 0, 0, 0.01%, 0, 0, 1, 102.44
1734975576, 6, 3, 10, 0, 0, 0.01%, 0, 0, 1, 103.27
1734975581, 6, 5, 10, 0, 0, 0.01%, 0, 0, 1, 103.33
1734975587, 6, 6, 10, 0, 0, 0.01%, 0, 0, 1, 102.31
1734975592, 6, 8, 10, 0, 0, 0.01%, 0, 0, 1, 104.07
1734975597, 6, 9, 10, 0, 0, 0.01%, 0, 0, 1, 102.07
1734975602, 7, 1, 10, 0, 0, 0.01%, 0, 0, 1, 103.53
1734975607, 7, 2, 10, 0, 0, 0.01%, 0, 0, 1, 102.46
1734975612, 7, 3, 10, 0, 0, 0.01%, 0, 0, 1, 102.91
1734975617, 7, 5, 10, 0, 0, 0.01%, 0, 0, 1, 102.36
1734975622, 7, 6, 10, 0, 0, 0.01%, 0, 0, 1, 102.80
1734975627, 7, 8, 10, 0, 0, 0.01%, 0, 0, 1, 103.29
1734975632, 7, 9, 10, 0, 0, 0.01%, 0, 0, 1, 101.30
1734975637, 8, 0, 10, 0, 0, 0.01%, 0, 0, 1, 104.24
1734975642, 8, 2, 10, 0, 0, 0.01%, 0, 0, 1, 102.73
1734975647, 8, 3, 10, 0, 0, 0.01%, 0, 0, 1, 101.92
1734975653, 8, 5, 10, 0, 0, 0.01%, 0, 0, 1, 99.16
1734975658, 8, 6, 10, 0, 0, 0.01%, 0, 0, 1, 100.84
1734975663, 8, 8, 10, 0, 0, 0.01%, 0, 0, 1, 101.96
1734975668, 8, 9, 10, 0, 0, 0.01%, 0, 0, 1, 103.64
1734975673, 9, 0, 10, 0, 0, 0.01%, 0, 0, 1, 101.46
1734975678, 9, 2, 10, 0, 0, 0.01%, 0, 0, 1, 100.85
1734975683, 9, 3, 10, 0, 0, 0.01%, 0, 0, 1, 102.09
1734975688, 9, 5, 10, 0, 0, 0.01%, 0, 0, 1, 99.85
1734975693, 9, 6, 10, 0, 0, 0.01%, 0, 0, 1, 100.44
1734975698, 9, 7, 10, 0, 0, 0.01%, 0, 0, 1, 104.41
1734975704, 9, 9, 10, 0, 0, 0.01%, 0, 0, 1, 103.61
1734975709, 10, 0, 10, 0, 0, 0.01%, 0, 0, 1, 102.44
1734975714, 10, 2, 10, 0, 0, 0.01%, 0, 0, 1, 101.15
1734975719, 10, 3, 10, 0, 0, 0.01%, 0, 0, 1, 102.63
1734975724, 10, 4, 10, 0, 0, 0.01%, 0, 0, 1, 103.73
1734975729, 10, 6, 10, 0, 0, 0.01%, 0, 0, 1, 103.18
1734975734, 10, 7, 10, 0, 0, 0.01%, 0, 0, 1, 102.60
1734975739, 10, 9, 10, 0, 0, 0.01%, 0, 0, 1, 103.39
1734975744, 11, 0, 10, 0, 0, 0.01%, 0, 0, 1, 102.11
1734975749, 11, 1, 10, 0, 0, 0.01%, 0, 0, 1, 101.62
1734975754, 11, 3, 10, 0, 0, 0.01%, 0, 0, 1, 100.88
1734975759, 11, 4, 10, 0, 0, 0.01%, 0, 0, 1, 102.26
1734975764, 11, 6, 10, 0, 0, 0.01%, 0, 0, 1, 100.46
1734975769, 11, 7, 10, 0, 0, 0.01%, 0, 0, 1, 102.79
1734975774, 11, 9, 10, 0, 0, 0.01%, 0, 0, 1, 102.31
1734975780, 12, 0, 10, 0, 0, 0.01%, 0, 0, 1, 104.85
1734975785, 12, 1, 10, 0, 0, 0.01%, 0, 0, 1, 103.33
1734975790, 12, 3, 10, 0, 0, 0.01%, 0, 0, 1, 105.22
1734975795, 12, 4, 10, 0, 0, 0.01%, 0, 0, 1, 106.85
1734975800, 12, 6, 10, 0, 0, 0.01%, 0, 0, 1, 101.69
1734975805, 12, 7, 10, 0, 0, 0.01%, 0, 0, 1, 102.04
1734975810, 12, 9, 10, 0, 0, 0.01%, 0, 0, 1, 104.00
1734975815, 13, 0, 10, 0, 0, 0.01%, 0, 0, 1, 103.43
1734975820, 13, 1, 10, 0, 0, 0.01%, 0, 0, 1, 104.60
1734975825, 13, 3, 10, 0, 0, 0.01%, 0, 0, 1, 103.47
1734975830, 13, 4, 10, 0, 0, 0.01%, 0, 0, 1, 103.99
1734975835, 13, 6, 10, 0, 0, 0.01%, 0, 0, 1, 102.69
1734975840, 13, 7, 10, 0, 0, 0.01%, 0, 0, 1, 105.44
1734975845, 13, 8, 10, 0, 0, 0.01%, 0, 0, 1, 103.95
1734975850, 14, 0, 10, 0, 0, 0.01%, 0, 0, 1, 105.00
1734975855, 14, 1, 10, 0, 0, 0.01%, 0, 0, 1, 101.07
1734975860, 14, 3, 10, 0, 0, 0.01%, 0, 0, 1, 100.85
1734975865, 14, 4, 10, 0, 0, 0.01%, 0, 0, 1, 101.99
1734975870, 14, 6, 10, 0, 0, 0.01%, 0, 0, 1, 105.53
1734975875, 14, 7, 10, 0, 0, 0.01%, 0, 0, 1, 106.37
1734975880, 14, 8, 10, 0, 0, 0.01%, 0, 0, 1, 103.52
1734975885, 15, 0, 10, 0, 0, 0.01%, 0, 0, 1, 100.61
1734975890, 15, 1, 10, 0, 0, 0.01%, 0, 0, 1, 105.30
1734975896, 15, 3, 10, 0, 0, 0.01%, 0, 0, 1, 105.32
1734975901, 15, 4, 10, 0, 0, 0.01%, 0, 0, 1, 105.43
1734975906, 15, 6, 10, 0, 0, 0.01%, 0, 0, 1, 106.71
1734975911, 15, 7, 10, 0, 0, 0.01%, 0, 0, 1, 112.04
1734975916, 15, 9, 10, 0, 0, 0.01%, 0, 0, 1, 108.07
1734975921, 16, 0, 10, 0, 0, 0.01%, 0, 0, 1, 109.83
1734975926, 16, 2, 10, 0, 0, 0.01%, 0, 0, 1, 108.89
1734975931, 16, 3, 10, 0, 0, 0.01%, 0, 0, 1, 108.22
1734975936, 16, 5, 10, 0, 0, 0.01%, 0, 0, 1, 109.56
1734975941, 16, 6, 10, 0, 0, 0.01%, 0, 0, 1, 107.02
1734975946, 16, 8, 10, 0, 0, 0.01%, 0, 0, 1, 106.61
1734975951, 16, 9, 10, 0, 0, 0.01%, 0, 0, 1, 106.05
1734975956, 17, 1, 10, 0, 0, 0.01%, 0, 0, 1, 105.63
1734975962, 17, 2, 10, 0, 0, 0.01%, 0, 0, 1, 104.97
1734975967, 17, 3, 10, 0, 0, 0.01%, 0, 0, 1, 104.83
1734975972, 17, 5, 10, 0, 0, 0.01%, 0, 0, 1, 105.46
1734975977, 17, 6, 10, 0, 0, 0.01%, 0, 0, 1, 105.58
1734975982, 17, 8, 11, 1, 0, 0.16%, 1, 0, 2, 108.19
1734975987, 17, 10, 11, 1, 1, 0.16%, 1, 0, 2, 124.86
1734975992, 17, 10, 12, 2, 1, 0.16%, 2, 0, 3, 116.29
1734976073, 17, 11, 13, 2, 1, 0.16%, 3, 0, 4, 132.91
1734976099, 17, 11, 14, 3, 1, 0.17%, 4, 0, 4, 118.74
1734976114, 17, 11, 15, 4, 1, 0.17%, 4, 0, 4, 113.93
1734976165, 17, 11, 16, 5, 1, 0.17%, 5, 0, 4, 116.86
1734976170, 17, 11, 17, 6, 1, 0.17%, 5, 0, 4, 118.93
1734976196, 17, 11, 18, 7, 1, 0.17%, 5, 0, 4, 120.01
1734976211, 17, 12, 18, 6, 3, 0.17%, 5, 0, 4, 134.92
1734976221, 17, 12, 19, 7, 3, 0.17%, 5, 0, 5, 113.57
1734976318, 17, 12, 21, 9, 3, 0.17%, 5, 0, 5, 113.79
1734976379, 17, 13, 21, 8, 2, 0.17%, 5, 0, 5, 152.34
1734976384, 17, 13, 22, 9, 2, 0.17%, 5, 0, 5, 128.83
1734976486, 17, 13, 26, 13, 2, 0.17%, 7, 0, 5, 127.42
1734976507, 17, 15, 26, 12, 1, 0.17%, 7, 0, 5, 125.15
1734976578, 17, 15, 28, 14, 1, 0.17%, 7, 0, 5, 120.78
1734976583, 17, 15, 30, 16, 1, 0.17%, 7, 0, 5, 120.28
1734976588, 17, 24, 30, 15, 0, 0.17%, 7, 0, 5, 221.91
1734976741, 17, 24, 31, 16, 0, 0.17%, 7, 0, 6, 142.17
1734976803, 17, 24, 32, 17, 0, 0.17%, 7, 0, 6, 143.15
1734976844, 18, 10, 32, 16, 0, 0.17%, 7, 0, 6, 118.06
1734976864, 18, 12, 32, 16, 0, 0.17%, 7, 0, 6, 118.46
1734976889, 18, 13, 32, 16, 0, 0.17%, 7, 0, 6, 129.01
1734976910, 18, 13, 33, 17, 0, 0.17%, 7, 0, 6, 126.99
1734976920, 18, 13, 35, 19, 0, 0.17%, 7, 0, 6, 131.18
1734976930, 18, 15, 35, 19, 0, 0.17%, 7, 0, 6, 129.68
1734976941, 18, 15, 36, 20, 0, 0.17%, 7, 0, 6, 131.64
1734976946, 18, 15, 37, 21, 0, 0.17%, 7, 0, 6, 132.32
1734976966, 18, 21, 37, 21, 0, 0.17%, 7, 0, 6, 145.93
1734977028, 18, 21, 38, 22, 0, 0.17%, 7, 0, 6, 118.85
1734977048, 18, 36, 38, 21, 0, 0.17%, 7, 0, 6, 172.06
1734977095, 19, 10, 38, 20, 0, 0.17%, 7, 0, 6, 157.62
1734977110, 19, 12, 38, 20, 0, 0.17%, 7, 0, 6, 117.53
1734977130, 19, 13, 38, 20, 0, 0.17%, 7, 0, 6, 127.98
1734977166, 19, 14, 38, 20, 0, 0.17%, 7, 0, 6, 135.87
1734977222, 19, 19, 38, 19, 0, 0.17%, 7, 0, 6, 190.94
1734977278, 19, 25, 38, 18, 0, 0.17%, 7, 0, 6, 152.80
1734977467, 19, 27, 38, 17, 0, 0.17%, 7, 0, 6, 156.84
1734977528, 19, 32, 38, 16, 0, 0.17%, 7, 0, 6, 162.73
1734977605, 19, 36, 38, 15, 0, 0.17%, 7, 0, 6, 140.36
1734977626, 20, 6, 38, 15, 0, 0.17%, 7, 0, 6, 142.25
1734977631, 20, 10, 38, 15, 0, 0.17%, 7, 0, 6, 131.15
1734977641, 20, 12, 38, 15, 0, 0.17%, 7, 0, 6, 132.41
1734977666, 20, 13, 38, 15, 0, 0.17%, 7, 0, 6, 124.31
1734977697, 20, 16, 38, 15, 0, 0.17%, 7, 0, 6, 175.01
1734977799, 20, 23, 38, 14, 0, 0.17%, 7, 0, 6, 225.72
1734978003, 20, 26, 38, 13, 0, 0.17%, 7, 0, 6, 154.93
1734978028, 20, 26, 39, 14, 0, 0.17%, 7, 0, 6, 135.67
1734978122, 20, 34, 39, 13, 0, 0.17%, 7, 0, 6, 165.44
1734978203, 20, 36, 39, 12, 0, 0.17%, 7, 0, 6, 139.85
1734978229, 21, 10, 39, 12, 0, 0.17%, 7, 0, 6, 139.05
1734978234, 21, 12, 39, 12, 0, 0.17%, 7, 0, 6, 129.27
1734978239, 21, 13, 39, 12, 0, 0.17%, 7, 0, 6, 142.49
1734978249, 21, 27, 39, 12, 0, 0.17%, 7, 0, 6, 138.37
1734978275, 21, 28, 39, 12, 0, 0.17%, 7, 0, 6, 207.35
1734978331, 21, 36, 39, 11, 0, 0.17%, 7, 0, 6, 137.65
1734978352, 22, 10, 39, 11, 0, 0.17%, 7, 0, 6, 129.45
1734978357, 22, 12, 39, 11, 0, 0.17%, 7, 0, 6, 130.80
1734978362, 22, 13, 39, 11, 0, 0.17%, 7, 0, 6, 129.74
1734978367, 22, 17, 39, 11, 0, 0.17%, 7, 0, 6, 153.03
1734978419, 22, 22, 39, 10, 0, 0.17%, 7, 0, 6, 157.78
1734978470, 22, 30, 39, 9, 0, 0.17%, 7, 0, 6, 188.14
1734978587, 22, 36, 39, 8, 0, 0.17%, 7, 0, 6, 143.36
1734978598, 23, 12, 39, 8, 0, 0.17%, 7, 0, 6, 126.11
1734978603, 23, 13, 39, 8, 0, 0.17%, 7, 0, 6, 127.92
1734978608, 23, 20, 39, 8, 0, 0.17%, 7, 0, 6, 122.35
1734978863, 23, 29, 39, 7, 0, 0.17%, 7, 0, 6, 148.56
1734978924, 23, 31, 39, 6, 0, 0.17%, 7, 0, 6, 204.33
1734979071, 23, 32, 39, 5, 0, 0.17%, 7, 0, 6, 148.68
1734979091, 23, 35, 39, 5, 0, 0.17%, 7, 0, 6, 153.05
1734979168, 23, 36, 39, 4, 0, 0.17%, 7, 0, 6, 127.95
1734979178, 23, 37, 39, 4, 0, 0.17%, 7, 0, 6, 204.62
1734979290, 24, 10, 39, 3, 0, 0.17%, 7, 0, 6, 141.31
1734979296, 24, 12, 39, 3, 0, 0.17%, 7, 0, 6, 131.08
1734979301, 24, 13, 39, 3, 0, 0.17%, 7, 0, 6, 131.43
1734979306, 24, 19, 39, 3, 0, 0.17%, 7, 0, 6, 141.47
1734979326, 24, 36, 39, 3, 0, 0.17%, 7, 0, 6, 146.30
1734979332, 25, 12, 39, 3, 0, 0.17%, 7, 0, 6, 133.03
1734979337, 25, 13, 39, 3, 0, 0.17%, 7, 0, 6, 137.40
1734979342, 25, 14, 39, 3, 0, 0.17%, 7, 0, 6, 139.56
1734979363, 25, 36, 39, 3, 0, 0.17%, 7, 0, 6, 119.50
1734979368, 25, 38, 39, 3, 0, 0.17%, 7, 0, 6, 153.10
1734979449, 26, 10, 39, 2, 0, 0.17%, 7, 0, 6, 138.26
1734979455, 26, 12, 39, 2, 0, 0.17%, 7, 0, 6, 134.48
1734979460, 26, 13, 39, 2, 0, 0.17%, 7, 0, 6, 127.13
1734979465, 26, 18, 39, 2, 0, 0.17%, 7, 0, 6, 159.76
1734979511, 26, 32, 39, 1, 0, 0.17%, 7, 0, 6, 129.85
1734979537, 26, 36, 39, 1, 0, 0.17%, 7, 0, 6, 134.64
1734979542, 27, 12, 39, 1, 0, 0.17%, 7, 0, 6, 131.13
1734979547, 27, 13, 39, 1, 0, 0.17%, 7, 0, 6, 129.32
1734979552, 27, 26, 39, 1, 0, 0.17%, 7, 0, 6, 132.18
1734979573, 27, 33, 39, 1, 0, 0.17%, 7, 0, 6, 161.77
1734979664, 27, 36, 39, 0, 0, 0.17%, 7, 0, 6, 135.00
1734979669, 28, 12, 39, 0, 0, 0.17%, 7, 0, 6, 130.38
1734979674, 28, 13, 39, 0, 0, 0.17%, 7, 0, 6, 132.89
1734979680, 28, 22, 39, 0, 0, 0.17%, 7, 0, 6, 130.86
1734979705, 28, 36, 39, 0, 0, 0.17%, 7, 0, 6, 133.81
1734979711, 29, 12, 39, 0, 0, 0.17%, 7, 0, 6, 127.80
1734979716, 29, 13, 39, 0, 0, 0.17%, 7, 0, 6, 128.51
1734979721, 29, 22, 39, 0, 0, 0.17%, 7, 0, 6, 135.58
1734979747, 29, 36, 39, 0, 0, 0.17%, 7, 0, 6, 137.47
1734979752, 30, 10, 39, 0, 0, 0.17%, 7, 0, 6, 133.13
1734979757, 30, 12, 39, 0, 0, 0.17%, 7, 0, 6, 131.94
1734979762, 30, 13, 39, 0, 0, 0.17%, 7, 0, 6, 137.26
1734979767, 30, 15, 39, 0, 0, 0.17%, 7, 0, 6, 140.41
1734979788, 30, 36, 39, 0, 0, 0.17%, 7, 0, 6, 128.92
1734979793, 30, 38, 39, 0, 0, 0.17%, 7, 0, 6, 145.26
1734979824, 31, 10, 39, 0, 0, 0.17%, 7, 0, 6, 142.56
1734979829, 31, 11, 39, 0, 0, 0.17%, 7, 0, 6, 134.60
1734979839, 31, 12, 39, 0, 0, 0.17%, 7, 0, 6, 123.69
1734979845, 31, 13, 39, 0, 0, 0.17%, 7, 0, 6, 123.80
1734979850, 31, 34, 39, 0, 0, 0.17%, 7, 0, 6, 149.33
1734979880, 31, 36, 39, 0, 0, 0.17%, 7, 0, 6, 131.91
1734979886, 32, 10, 39, 0, 0, 0.17%, 7, 0, 6, 142.63
1734979891, 32, 13, 39, 0, 0, 0.17%, 7, 0, 6, 131.74
1734979901, 32, 15, 39, 0, 0, 0.17%, 7, 0, 6, 142.06
1734979922, 32, 17, 39, 0, 0, 0.17%, 7, 0, 6, 127.01
1734979942, 32, 36, 39, 0, 0, 0.17%, 7, 0, 6, 131.45
1734979947, 33, 10, 39, 0, 0, 0.17%, 7, 0, 6, 138.52
1734979952, 33, 12, 39, 0, 0, 0.17%, 7, 0, 6, 137.96
1734979958, 33, 13, 39, 0, 0, 0.17%, 7, 0, 6, 133.87
1734979963, 33, 24, 39, 0, 0, 0.17%, 7, 0, 6, 150.33
1734979983, 33, 28, 39, 0, 0, 0.17%, 7, 0, 6, 149.65
1734980004, 33, 36, 39, 0, 0, 0.17%, 7, 0, 6, 137.16
1734980009, 34, 11, 39, 0, 0, 0.17%, 7, 0, 6, 129.87
1734980019, 34, 12, 39, 0, 0, 0.17%, 7, 0, 6, 133.50
1734980024, 34, 13, 39, 0, 0, 0.17%, 7, 0, 6, 127.45
1734980029, 34, 28, 39, 0, 0, 0.17%, 7, 0, 6, 130.05
1734980055, 34, 36, 39, 0, 0, 0.17%, 7, 0, 6, 132.96
1734980060, 35, 11, 39, 0, 0, 0.17%, 7, 0, 6, 130.93
1734980070, 35, 12, 39, 0, 0, 0.17%, 7, 0, 6, 135.12
1734980076, 35, 13, 39, 0, 0, 0.17%, 7, 0, 6, 133.87
1734980081, 35, 24, 39, 0, 0, 0.17%, 7, 0, 6, 145.01
1734980101, 35, 36, 39, 0, 0, 0.17%, 7, 0, 6, 135.18
1734980107, 36, 10, 39, 0, 0, 0.17%, 7, 0, 6, 127.64
1734980112, 36, 12, 39, 0, 0, 0.17%, 7, 0, 6, 135.70
1734980117, 36, 13, 39, 0, 0, 0.17%, 7, 0, 6, 132.18
1734980122, 36, 16, 39, 0, 0, 0.17%, 7, 0, 6, 153.43
1734980142, 36, 21, 39, 0, 0, 0.17%, 7, 0, 6, 133.18
1734980163, 36, 29, 39, 0, 0, 0.17%, 7, 0, 6, 125.58
1734980183, 36, 36, 39, 0, 0, 0.17%, 7, 0, 6, 142.25
1734980189, 37, 10, 39, 0, 0, 0.17%, 7, 0, 6, 135.81
1734980194, 37, 12, 39, 0, 0, 0.17%, 7, 0, 6, 128.61
1734980199, 37, 13, 39, 0, 0, 0.17%, 7, 0, 6, 137.78
1734980204, 37, 17, 39, 0, 0, 0.17%, 7, 0, 6, 131.05
1734980225, 37, 21, 39, 0, 0, 0.17%, 7, 0, 6, 130.71
1734980245, 37, 36, 39, 0, 0, 0.17%, 7, 0, 6, 142.04
1734980250, 38, 0, 39, 0, 0, 0.17%, 7, 0, 6, 132.89
1734980255, 38, 10, 39, 0, 0, 0.17%, 7, 0, 6, 132.31
1734980261, 38, 13, 39, 0, 0, 0.17%, 7, 0, 6, 133.63
1734980266, 38, 27, 39, 0, 0, 0.17%, 7, 0, 6, 137.38
1734980292, 38, 28, 39, 0, 0, 0.17%, 7, 0, 6, 149.08
1734980312, 38, 36, 39, 0, 0, 0.17%, 7, 0, 6, 138.27
1734980317, 39, 12, 39, 0, 0, 0.17%, 7, 0, 6, 126.83
1734980322, 39, 13, 39, 0, 0, 0.17%, 7, 0, 6, 129.94
1734980328, 39, 36, 39, 0, 0, 0.17%, 7, 0, 6, 138.05
1734980333, 40, 10, 39, 0, 0, 0.17%, 7, 0, 6, 129.09
1734980338, 40, 12, 39, 0, 0, 0.17%, 7, 0, 6, 132.69
1734980343, 40, 13, 39, 0, 0, 0.17%, 7, 0, 6, 129.89
1734980348, 40, 23, 39, 0, 0, 0.17%, 7, 0, 6, 148.28
1734980368, 40, 29, 39, 0, 0, 0.17%, 7, 0, 6, 132.19
1734980389, 40, 36, 39, 0, 0, 0.17%, 7, 0, 6, 136.70
1734980394, 41, 10, 39, 0, 0, 0.17%, 7, 0, 6, 131.86
1734980399, 41, 12, 39, 0, 0, 0.17%, 7, 0, 6, 127.80
1734980404, 41, 13, 39, 0, 0, 0.17%, 7, 0, 6, 132.64
1734980409, 41, 19, 39, 0, 0, 0.17%, 7, 0, 6, 134.86
1734980430, 41, 36, 39, 0, 0, 0.17%, 7, 0, 6, 133.55
1734980435, 42, 12, 39, 0, 0, 0.17%, 7, 0, 6, 130.33
1734980445, 42, 13, 39, 0, 0, 0.17%, 7, 0, 6, 126.27
1734980450, 42, 24, 39, 0, 0, 0.17%, 7, 0, 6, 150.10
1734980471, 42, 36, 39, 0, 0, 0.17%, 7, 0, 6, 133.17
1734980476, 43, 12, 39, 0, 0, 0.17%, 7, 0, 6, 131.27
1734980481, 43, 13, 39, 0, 0, 0.17%, 7, 0, 6, 135.17
1734980486, 43, 15, 39, 0, 0, 0.17%, 7, 0, 6, 139.77
1734980496, 43, 31, 39, 0, 0, 0.17%, 7, 0, 6, 142.92
1734980527, 43, 32, 39, 0, 0, 0.17%, 7, 0, 6, 138.46
1734980547, 43, 36, 39, 0, 0, 0.17%, 7, 0, 6, 149.20
1734980552, 44, 10, 39, 0, 0, 0.17%, 7, 0, 6, 136.95
1734980558, 44, 12, 39, 0, 0, 0.17%, 7, 0, 6, 140.04
1734980563, 44, 13, 39, 0, 0, 0.17%, 7, 0, 6, 137.55
1734980568, 44, 25, 39, 0, 0, 0.17%, 7, 0, 6, 157.76
1734980589, 44, 27, 39, 0, 0, 0.17%, 7, 0, 6, 144.59
1734980609, 44, 36, 39, 0, 0, 0.17%, 7, 0, 6, 132.88
1734980614, 45, 2, 39, 0, 0, 0.17%, 7, 0, 6, 134.83
1734980619, 45, 12, 39, 0, 0, 0.17%, 7, 0, 6, 132.68
1734980624, 45, 13, 39, 0, 0, 0.17%, 7, 0, 6, 134.37
1734980630, 45, 36, 39, 0, 0, 0.17%, 7, 0, 6, 134.39
1734980635, 46, 10, 39, 0, 0, 0.17%, 7, 0, 6, 135.77
1734980640, 46, 12, 39, 0, 0, 0.17%, 7, 0, 6, 135.81
1734980645, 46, 13, 39, 0, 0, 0.17%, 7, 0, 6, 129.87
1734980650, 46, 36, 39, 0, 0, 0.17%, 7, 0, 6, 132.70
1734980655, 46, 37, 39, 0, 0, 0.17%, 7, 0, 6, 158.20
1734980681, 47, 10, 39, 0, 0, 0.17%, 7, 0, 6, 140.44
1734980686, 47, 12, 39, 0, 0, 0.17%, 7, 0, 6, 124.65
1734980691, 47, 13, 39, 0, 0, 0.17%, 7, 0, 6, 126.54
1734980696, 47, 19, 39, 0, 0, 0.17%, 7, 0, 6, 135.88
1734980712, 47, 33, 39, 0, 0, 0.17%, 7, 0, 6, 137.25
1734980743, 47, 36, 39, 0, 0, 0.17%, 7, 0, 6, 138.45
1734980748, 48, 10, 39, 0, 0, 0.17%, 7, 0, 6, 134.81
1734980753, 48, 12, 39, 0, 0, 0.17%, 7, 0, 6, 130.00
1734980758, 48, 13, 39, 0, 0, 0.17%, 7, 0, 6, 134.38
1734980764, 48, 36, 39, 0, 0, 0.17%, 7, 0, 6, 134.80
1734980769, 49, 10, 39, 0, 0, 0.17%, 7, 0, 6, 130.05
1734980774, 49, 13, 39, 0, 0, 0.17%, 7, 0, 6, 128.71
1734980784, 49, 36, 39, 0, 0, 0.17%, 7, 0, 6, 138.72
1734980789, 50, 12, 39, 0, 0, 0.17%, 7, 0, 6, 128.44
1734980794, 50, 13, 39, 0, 0, 0.17%, 7, 0, 6, 128.04
1734980800, 50, 34, 39, 0, 0, 0.17%, 7, 0, 6, 138.88
1734980830, 50, 36, 39, 0, 0, 0.17%, 7, 0, 6, 134.04
1734980836, 51, 1, 39, 0, 0, 0.17%, 7, 0, 6, 143.20
1734980841, 51, 10, 39, 0, 0, 0.17%, 7, 0, 6, 139.09
1734980846, 51, 13, 39, 0, 0, 0.17%, 7, 0, 6, 143.11
1734980856, 51, 17, 39, 0, 0, 0.17%, 7, 0, 6, 131.01
1734980877, 51, 36, 39, 0, 0, 0.17%, 7, 0, 6, 137.33
1734980882, 52, 12, 39, 0, 0, 0.17%, 7, 0, 6, 130.21
1734980887, 52, 13, 39, 0, 0, 0.17%, 7, 0, 6, 139.82
1734980893, 52, 36, 39, 0, 0, 0.17%, 7, 0, 6, 136.04
1734980898, 53, 0, 39, 0, 0, 0.17%, 7, 0, 6, 139.81
1734980903, 53, 12, 39, 0, 0, 0.17%, 7, 0, 6, 137.71
1734980908, 53, 13, 39, 0, 0, 0.17%, 7, 0, 6, 127.85
1734980918, 53, 29, 39, 0, 0, 0.17%, 7, 0, 6, 131.87
1734980939, 53, 36, 39, 0, 0, 0.17%, 7, 0, 6, 144.92
1734980944, 54, 12, 39, 0, 0, 0.17%, 7, 0, 6, 134.63
1734980949, 54, 13, 39, 0, 0, 0.17%, 7, 0, 6, 130.10
1734980954, 54, 27, 39, 0, 0, 0.17%, 7, 0, 6, 132.91
1734980965, 54, 35, 39, 0, 0, 0.17%, 7, 0, 6, 144.88
1734980995, 54, 36, 39, 0, 0, 0.17%, 7, 0, 6, 130.49
1734981001, 55, 10, 39, 0, 0, 0.17%, 7, 0, 6, 136.04
1734981006, 55, 12, 39, 0, 0, 0.17%, 7, 0, 6, 130.81
1734981011, 55, 13, 39, 0, 0, 0.17%, 7, 0, 6, 128.77
1734981016, 55, 21, 39, 0, 0, 0.17%, 7, 0, 6, 131.54
1734981037, 55, 36, 39, 0, 0, 0.17%, 7, 0, 6, 138.69
1734981042, 55, 38, 39, 0, 0, 0.17%, 7, 0, 6, 140.93
1734981078, 56, 12, 39, 0, 0, 0.17%, 7, 0, 6, 127.22
1734981083, 56, 13, 39, 0, 0, 0.17%, 7, 0, 6, 136.56
1734981088, 56, 24, 39, 0, 0, 0.17%, 7, 0, 6, 145.41
1734981098, 56, 36, 39, 0, 0, 0.17%, 7, 0, 6, 140.73
1734981104, 57, 10, 39, 0, 0, 0.17%, 7, 0, 6, 133.43
1734981109, 57, 12, 39, 0, 0, 0.17%, 7, 0, 6, 125.73
1734981114, 57, 13, 39, 0, 0, 0.17%, 7, 0, 6, 132.98
1734981119, 57, 28, 39, 0, 0, 0.17%, 7, 0, 6, 149.79
1734981129, 57, 36, 39, 0, 0, 0.17%, 7, 0, 6, 136.21
1734981134, 58, 10, 39, 0, 0, 0.17%, 7, 0, 6, 135.05
1734981139, 58, 12, 39, 0, 0, 0.17%, 7, 0, 6, 132.06
1734981145, 58, 13, 39, 0, 0, 0.17%, 7, 0, 6, 131.68
1734981150, 58, 23, 39, 0, 0, 0.17%, 7, 0, 6, 147.89
1734981170, 58, 36, 39, 0, 0, 0.17%, 7, 0, 6, 143.97
1734981175, 59, 4, 39, 0, 0, 0.17%, 7, 0, 6, 136.94
1734981180, 59, 12, 39, 0, 0, 0.17%, 7, 0, 6, 137.82
1734981185, 59, 13, 39, 0, 0, 0.17%, 7, 0, 6, 137.31
1734981191, 59, 24, 39, 0, 0, 0.17%, 7, 0, 6, 146.89
1734981196, 59, 36, 39, 0, 0, 0.17%, 7, 0, 6, 141.66
1734981201, 60, 3, 39, 0, 0, 0.17%, 7, 0, 6, 142.95
1734981206, 60, 10, 39, 0, 0, 0.17%, 7, 0, 6, 135.56
1734981211, 60, 12, 39, 0, 0, 0.17%, 7, 0, 6, 129.53
1734981216, 60, 13, 39, 0, 0, 0.17%, 7, 0, 6, 138.99
1734981221, 60, 36, 39, 0, 0, 0.17%, 7, 0, 6, 136.88
1734981227, 61, 10, 39, 0, 0, 0.17%, 7, 0, 6, 129.91
1734981232, 61, 13, 39, 0, 0, 0.17%, 7, 0, 6, 134.63
1734981237, 61, 36, 39, 0, 0, 0.17%, 7, 0, 6, 138.36
1734981242, 62, 3, 39, 0, 0, 0.17%, 7, 0, 6, 137.06
1734981247, 62, 11, 39, 0, 0, 0.17%, 7, 0, 6, 132.32
1734981257, 62, 12, 39, 0, 0, 0.17%, 7, 0, 6, 126.60
1734981262, 62, 13, 39, 0, 0, 0.17%, 7, 0, 6, 143.59
1734981267, 62, 30, 39, 0, 0, 0.17%, 7, 0, 6, 163.55
1734981293, 62, 36, 39, 0, 0, 0.17%, 7, 0, 6, 143.74
1734981303, 63, 12, 39, 0, 0, 0.17%, 7, 0, 6, 130.32
1734981308, 63, 13, 39, 0, 0, 0.17%, 7, 0, 6, 134.79
1734981314, 63, 26, 39, 0, 0, 0.17%, 7, 0, 6, 138.12
1734981334, 63, 36, 39, 0, 0, 0.17%, 7, 0, 6, 143.64
1734981339, 63, 37, 39, 0, 0, 0.17%, 7, 0, 6, 152.82
1734981370, 63, 38, 39, 0, 0, 0.17%, 7, 0, 6, 139.73
1734981401, 64, 10, 39, 0, 0, 0.17%, 7, 0, 6, 131.10
1734981406, 64, 12, 39, 0, 0, 0.17%, 7, 0, 6, 129.76
1734981411, 64, 13, 39, 0, 0, 0.17%, 7, 0, 6, 134.53
1734981416, 64, 32, 39, 0, 0, 0.17%, 7, 0, 6, 147.58
1734981427, 64, 36, 39, 0, 0, 0.17%, 7, 0, 6, 140.78
1734981432, 65, 10, 39, 0, 0, 0.17%, 7, 0, 6, 129.16
1734981437, 65, 12, 39, 0, 0, 0.17%, 7, 0, 6, 133.57
1734981442, 65, 13, 39, 0, 0, 0.17%, 7, 0, 6, 130.05
1734981447, 65, 26, 39, 0, 0, 0.17%, 7, 0, 6, 128.47
1734981467, 65, 36, 39, 0, 0, 0.17%, 7, 0, 6, 133.04
1734981473, 66, 10, 39, 0, 0, 0.17%, 7, 0, 6, 130.66
1734981478, 66, 12, 39, 0, 0, 0.17%, 7, 0, 6, 125.55
1734981483, 66, 13, 39, 0, 0, 0.17%, 7, 0, 6, 124.24
1734981488, 66, 36, 39, 0, 0, 0.17%, 7, 0, 6, 143.82
1734981493, 67, 6, 39, 0, 0, 0.17%, 7, 0, 6, 135.01
1734981498, 67, 10, 39, 0, 0, 0.17%, 7, 0, 6, 131.49
1734981503, 67, 12, 39, 0, 0, 0.17%, 7, 0, 6, 135.80
1734981509, 67, 13, 39, 0, 0, 0.17%, 7, 0, 6, 132.74
1734981514, 67, 26, 39, 0, 0, 0.17%, 7, 0, 6, 135.93
1734981524, 67, 27, 39, 0, 0, 0.17%, 7, 0, 6, 134.39
1734981529, 67, 36, 39, 0, 0, 0.17%, 7, 0, 6, 133.92
1734981534, 68, 10, 39, 0, 0, 0.17%, 7, 0, 6, 133.71
1734981540, 68, 13, 39, 0, 0, 0.17%, 7, 0, 6, 136.11
1734981545, 68, 34, 39, 0, 0, 0.17%, 7, 0, 6, 137.28
1734981580, 68, 36, 39, 0, 0, 0.17%, 7, 0, 6, 132.60
1734981585, 69, 10, 39, 0, 0, 0.17%, 7, 0, 6, 126.98
1734981591, 69, 12, 39, 0, 0, 0.17%, 7, 0, 6, 129.71
1734981596, 69, 13, 39, 0, 0, 0.17%, 7, 0, 6, 132.19
1734981601, 69, 32, 39, 0, 0, 0.17%, 7, 0, 6, 142.51
1734981611, 69, 33, 39, 0, 0, 0.17%, 7, 0, 6, 141.44
1734981642, 69, 36, 39, 0, 0, 0.17%, 7, 0, 6, 136.38
1734981647, 70, 10, 39, 0, 0, 0.17%, 7, 0, 6, 138.73
1734981652, 70, 12, 39, 0, 0, 0.17%, 7, 0, 6, 125.30
1734981658, 70, 13, 40, 1, 0, 0.17%, 8, 0, 6, 128.06
1734981663, 70, 36, 40, 1, 0, 0.17%, 8, 0, 6, 134.23
1734981668, 71, 10, 40, 1, 0, 0.17%, 8, 0, 6, 141.68
1734981673, 71, 12, 40, 1, 0, 0.17%, 8, 0, 6, 137.73
1734981678, 71, 13, 40, 1, 0, 0.17%, 8, 0, 6, 134.76
1734981683, 71, 29, 40, 1, 0, 0.17%, 8, 0, 6, 134.89
1734981694, 71, 33, 40, 1, 0, 0.17%, 8, 0, 6, 148.85
1734981724, 71, 36, 40, 1, 0, 0.17%, 8, 0, 6, 140.06
1734981729, 72, 12, 40, 1, 0, 0.17%, 8, 0, 6, 128.77
1734981734, 72, 13, 40, 1, 0, 0.17%, 8, 0, 6, 132.76
1734981739, 72, 16, 40, 1, 0, 0.17%, 8, 0, 6, 150.25
1734981760, 72, 21, 40, 1, 0, 0.17%, 8, 0, 6, 135.89
1734981770, 72, 34, 40, 1, 0, 0.17%, 8, 0, 6, 132.11
1734981785, 72, 35, 40, 1, 0, 0.17%, 8, 0, 6, 144.65
1734981816, 72, 36, 40, 1, 0, 0.17%, 8, 0, 6, 137.76
1734981822, 73, 10, 40, 1, 0, 0.17%, 8, 0, 6, 133.93
1734981827, 73, 12, 40, 1, 0, 0.17%, 8, 0, 6, 125.45
1734981832, 73, 13, 40, 1, 0, 0.17%, 8, 0, 6, 134.03
1734981837, 73, 18, 40, 1, 0, 0.17%, 8, 0, 6, 133.87
1734981858, 73, 22, 40, 1, 0, 0.17%, 8, 0, 6, 135.41
1734981883, 73, 27, 40, 1, 0, 0.17%, 8, 0, 6, 134.06
1734981888, 73, 28, 40, 1, 0, 0.17%, 8, 0, 6, 137.47
1734981894, 73, 36, 40, 1, 0, 0.17%, 8, 0, 6, 144.91
1734981899, 74, 10, 40, 1, 0, 0.17%, 8, 0, 6, 131.37
1734981904, 74, 13, 40, 1, 0, 0.17%, 8, 0, 6, 126.56
1734981909, 74, 31, 40, 1, 0, 0.17%, 8, 0, 6, 135.70
1734981940, 74, 36, 40, 1, 0, 0.17%, 8, 0, 6, 136.30
1734981945, 75, 6, 40, 1, 0, 0.17%, 8, 0, 6, 139.34
1734981950, 75, 12, 40, 1, 0, 0.17%, 8, 0, 6, 127.34
1734981960, 75, 13, 40, 1, 0, 0.17%, 8, 0, 6, 130.48
1734981965, 75, 18, 40, 1, 0, 0.17%, 8, 0, 6, 127.75
1734981986, 75, 20, 40, 1, 0, 0.17%, 8, 0, 6, 149.15
1734982007, 75, 30, 40, 1, 0, 0.17%, 8, 0, 6, 146.57
1734982037, 75, 34, 40, 1, 0, 0.17%, 8, 0, 6, 156.94
1734982053, 75, 36, 40, 1, 0, 0.17%, 8, 0, 6, 141.71
1734982058, 76, 12, 40, 1, 0, 0.17%, 8, 0, 6, 135.83
1734982068, 76, 13, 40, 1, 0, 0.17%, 8, 0, 6, 132.21
1734982073, 76, 30, 40, 1, 0, 0.17%, 8, 0, 6, 156.06
1734982099, 76, 32, 40, 1, 0, 0.17%, 8, 0, 6, 146.83
1734982104, 76, 36, 40, 1, 0, 0.17%, 8, 0, 6, 142.58
1734982109, 77, 10, 40, 1, 0, 0.17%, 8, 0, 6, 134.18
1734982114, 77, 12, 40, 1, 0, 0.17%, 8, 0, 6, 127.59
1734982119, 77, 13, 40, 1, 0, 0.17%, 8, 0, 6, 137.36
1734982124, 77, 36, 40, 1, 0, 0.17%, 8, 0, 6, 134.80
1734982129, 78, 12, 40, 1, 0, 0.17%, 8, 0, 6, 132.25
1734982135, 78, 13, 40, 1, 0, 0.17%, 8, 0, 6, 134.16
1734982140, 78, 18, 40, 1, 0, 0.17%, 8, 0, 6, 143.80
1734982160, 78, 22, 40, 1, 0, 0.17%, 8, 0, 6, 143.42
1734982171, 78, 22, 41, 2, 0, 0.19%, 9, 0, 6, 127.92
1734982176, 78, 28, 41, 2, 1, 0.19%, 9, 0, 6, 144.19
1734982181, 78, 40, 45, 6, 1, 0.19%, 9, 0, 7, 187.55
1734982191, 78, 40, 46, 7, 1, 0.19%, 9, 0, 7, 132.51
1734982258, 79, 10, 46, 6, 0, 0.19%, 9, 0, 7, 128.15
1734982263, 79, 13, 46, 6, 0, 0.19%, 9, 0, 7, 136.80
1734982268, 79, 26, 46, 6, 0, 0.19%, 9, 0, 7, 134.00
1734982279, 79, 29, 46, 6, 0, 0.19%, 9, 0, 7, 137.06
1734982284, 79, 34, 46, 6, 0, 0.19%, 9, 0, 7, 144.68
1734982294, 79, 36, 46, 6, 0, 0.19%, 9, 0, 7, 134.68
1734982299, 79, 40, 46, 6, 0, 0.19%, 9, 0, 7, 137.27
1734982320, 80, 13, 46, 6, 0, 0.19%, 9, 0, 7, 130.94
1734982330, 80, 15, 46, 6, 0, 0.19%, 9, 0, 7, 142.96
1734982335, 80, 22, 46, 6, 0, 0.19%, 9, 0, 7, 137.47
1734982341, 80, 36, 46, 6, 0, 0.19%, 9, 0, 7, 135.98
1734982346, 80, 40, 46, 6, 0, 0.19%, 9, 0, 7, 139.58
1734982366, 80, 44, 46, 6, 0, 0.19%, 9, 0, 7, 146.98
1734982423, 81, 13, 46, 5, 0, 0.19%, 9, 0, 7, 139.49
1734982433, 81, 16, 46, 5, 0, 0.19%, 9, 0, 7, 146.80
1734982453, 81, 20, 46, 5, 0, 0.19%, 9, 0, 7, 169.34
1734982474, 81, 23, 46, 5, 0, 0.19%, 9, 0, 7, 155.46
1734982489, 81, 34, 46, 5, 0, 0.19%, 9, 0, 7, 149.80
1734982500, 81, 36, 46, 5, 0, 0.19%, 9, 0, 7, 143.04
1734982505, 81, 39, 46, 5, 0, 0.19%, 9, 0, 7, 144.96
1734982834, 81, 43, 46, 4, 0, 0.19%, 9, 0, 7, 132.94
1734982890, 81, 44, 46, 3, 0, 0.19%, 9, 0, 7, 133.57
1734982915, 82, 13, 46, 3, 0, 0.19%, 9, 0, 7, 134.34
1734982925, 82, 27, 46, 3, 0, 0.19%, 9, 0, 7, 141.33
1734982931, 82, 36, 46, 3, 0, 0.19%, 9, 0, 7, 139.52
1734982936, 82, 44, 46, 3, 0, 0.19%, 9, 0, 7, 128.84
1734982957, 83, 13, 46, 3, 0, 0.19%, 9, 0, 7, 133.48
1734982967, 83, 30, 46, 3, 0, 0.19%, 9, 0, 7, 160.24
1734982982, 83, 36, 46, 3, 0, 0.19%, 9, 0, 7, 137.19
1734982987, 83, 41, 46, 3, 0, 0.19%, 9, 0, 7, 119.65
1734983039, 83, 42, 46, 2, 0, 0.19%, 9, 0, 7, 140.99
1734983085, 84, 9, 46, 1, 0, 0.19%, 9, 0, 7, 133.83
1734983090, 84, 13, 46, 1, 0, 0.19%, 9, 0, 7, 130.21
1734983100, 84, 22, 46, 1, 0, 0.19%, 9, 0, 7, 130.39
1734983105, 84, 29, 46, 1, 0, 0.19%, 9, 0, 7, 131.60
1734983111, 84, 36, 46, 1, 0, 0.19%, 9, 0, 7, 132.84
1734983116, 84, 42, 46, 1, 0, 0.19%, 9, 0, 7, 128.50
1734983136, 84, 45, 46, 1, 0, 0.19%, 9, 0, 7, 205.59
1734983208, 85, 10, 46, 0, 0, 0.19%, 9, 0, 7, 134.60
1734983213, 85, 13, 46, 0, 0, 0.19%, 9, 0, 7, 134.13
1734983218, 85, 36, 46, 0, 0, 0.19%, 9, 0, 7, 141.80
1734983228, 85, 42, 46, 0, 0, 0.19%, 9, 0, 7, 127.90
1734983244, 85, 44, 46, 0, 0, 0.19%, 9, 0, 7, 139.54
1734983265, 86, 10, 46, 0, 0, 0.19%, 9, 0, 7, 127.78
1734983270, 86, 13, 46, 0, 0, 0.19%, 9, 0, 7, 131.72
1734983280, 86, 21, 46, 0, 0, 0.19%, 9, 0, 7, 130.91
1734983285, 86, 36, 46, 0, 0, 0.19%, 9, 0, 7, 128.48
1734983290, 86, 42, 46, 0, 0, 0.19%, 9, 0, 7, 128.04
1734983316, 87, 13, 46, 0, 0, 0.19%, 9, 0, 7, 131.39
1734983326, 87, 22, 46, 0, 0, 0.19%, 9, 0, 7, 135.24
1734983331, 87, 36, 46, 0, 0, 0.19%, 9, 0, 7, 138.22
1734983336, 87, 42, 46, 0, 0, 0.19%, 9, 0, 7, 133.59
1734983347, 87, 42, 47, 1, 0, 0.21%, 10, 0, 8, 127.81
1734983362, 87, 46, 47, 1, 1, 0.21%, 10, 0, 8, 120.13
1734983434, 88, 12, 47, 0, 0, 0.21%, 10, 0, 8, 138.35
1734983439, 88, 13, 47, 0, 0, 0.21%, 10, 0, 8, 141.03
1734983449, 88, 22, 47, 0, 0, 0.21%, 10, 0, 8, 138.05
1734983454, 88, 36, 47, 0, 0, 0.21%, 10, 0, 8, 130.34
1734983459, 88, 46, 47, 0, 0, 0.21%, 10, 0, 8, 132.74
1734983470, 88, 46, 48, 1, 0, 0.21%, 10, 0, 9, 126.86
1734983506, 89, 12, 48, 1, 0, 0.21%, 10, 0, 9, 133.52
1734983511, 89, 13, 48, 1, 0, 0.21%, 10, 0, 9, 128.37
1734983521, 89, 36, 48, 1, 0, 0.21%, 10, 0, 9, 150.19
1734983526, 89, 46, 48, 1, 0, 0.21%, 10, 0, 9, 134.34
1734983557, 90, 10, 48, 1, 0, 0.21%, 10, 0, 9, 132.31
1734983562, 90, 12, 48, 1, 0, 0.21%, 10, 0, 9, 130.38
1734983567, 90, 13, 48, 1, 0, 0.21%, 10, 0, 9, 135.15
1734983573, 90, 14, 48, 1, 0, 0.21%, 10, 0, 9, 134.33
1734983593, 90, 36, 48, 1, 0, 0.21%, 10, 0, 9, 136.88
1734983599, 90, 46, 48, 1, 0, 0.21%, 10, 0, 9, 139.18
1734983614, 90, 46, 49, 2, 0, 0.21%, 10, 0, 9, 146.55
1734983634, 90, 47, 50, 3, 0, 0.21%, 11, 0, 10, 193.05
1734983650, 90, 47, 51, 4, 0, 0.21%, 11, 0, 10, 151.58
1734983655, 90, 47, 52, 5, 0, 0.21%, 11, 0, 10, 145.60
1734983660, 90, 47, 53, 6, 0, 0.21%, 11, 0, 10, 143.85
1734983665, 90, 47, 54, 7, 0, 0.21%, 11, 0, 10, 145.06
1734983747, 90, 49, 54, 6, 2, 0.21%, 11, 0, 10, 132.91
1734983763, 90, 49, 55, 7, 2, 0.26%, 12, 0, 11, 154.71
1734983819, 90, 49, 56, 8, 2, 0.26%, 12, 0, 11, 144.81
1734983865, 90, 52, 56, 7, 2, 0.26%, 12, 0, 11, 181.25
1734983932, 90, 54, 57, 7, 1, 0.26%, 12, 0, 12, 168.45
1734983937, 90, 54, 60, 10, 1, 0.27%, 15, 0, 12, 190.62
1734983957, 90, 54, 61, 11, 1, 0.27%, 15, 0, 12, 153.09
1734984080, 90, 56, 61, 10, 4, 0.27%, 15, 0, 12, 147.77
1734984085, 90, 56, 62, 11, 4, 0.27%, 15, 0, 13, 196.86
1734984106, 90, 56, 63, 12, 4, 0.27%, 15, 0, 13, 147.05
1734984142, 90, 56, 64, 13, 4, 0.28%, 16, 0, 13, 152.61
1734984162, 90, 56, 65, 14, 4, 0.28%, 16, 0, 13, 148.15
1734984228, 90, 58, 65, 13, 4, 0.28%, 16, 0, 13, 196.09
1734984243, 90, 58, 66, 14, 4, 0.28%, 16, 0, 13, 158.86
1734984284, 90, 58, 67, 15, 4, 0.28%, 16, 0, 13, 142.49
1734984376, 90, 59, 67, 14, 3, 0.28%, 16, 0, 13, 168.79
1734984407, 90, 59, 68, 15, 3, 0.28%, 16, 0, 13, 152.97
1734984412, 90, 59, 69, 16, 3, 0.28%, 16, 0, 13, 150.68
1734984488, 90, 59, 70, 17, 3, 0.28%, 16, 0, 13, 151.61
1734984493, 90, 64, 71, 17, 2, 0.29%, 17, 0, 14, 193.06
1734984498, 90, 64, 74, 20, 2, 0.31%, 18, 0, 14, 195.47
1734984519, 90, 64, 75, 21, 2, 0.31%, 18, 0, 14, 152.89
1734984641, 90, 65, 75, 20, 3, 0.31%, 18, 0, 14, 202.47
1734984657, 90, 65, 78, 23, 3, 0.31%, 18, 0, 14, 169.15
1734984662, 90, 65, 79, 24, 3, 0.31%, 18, 0, 14, 153.90
1734984667, 90, 65, 80, 25, 3, 0.31%, 18, 0, 14, 151.55
1734984697, 90, 65, 81, 26, 3, 0.31%, 18, 0, 14, 149.59
1734984718, 90, 65, 82, 27, 3, 0.31%, 18, 0, 14, 152.05
1734984758, 90, 71, 83, 27, 3, 0.31%, 19, 0, 15, 203.38
1734984779, 90, 71, 84, 28, 3, 0.31%, 19, 0, 15, 148.66
1734984804, 90, 71, 85, 29, 3, 0.31%, 19, 0, 15, 149.68
1734984891, 90, 71, 86, 30, 3, 0.31%, 19, 0, 15, 156.07
1734984901, 90, 72, 87, 30, 3, 0.31%, 20, 0, 15, 141.04
1734984906, 90, 72, 89, 32, 3, 0.33%, 22, 0, 15, 176.75
1734984916, 90, 72, 90, 33, 3, 0.33%, 22, 0, 15, 163.96
1734984993, 90, 72, 91, 34, 3, 0.33%, 22, 0, 15, 146.60
1734985049, 90, 75, 91, 33, 5, 0.33%, 22, 0, 15, 198.23
1734985085, 90, 75, 92, 34, 5, 0.35%, 23, 0, 15, 152.98
1734985100, 90, 75, 93, 35, 5, 0.35%, 23, 0, 15, 152.75
1734985197, 90, 82, 94, 35, 5, 0.35%, 23, 0, 16, 190.77
1734985233, 90, 82, 95, 36, 5, 0.35%, 23, 0, 16, 147.58
1734985279, 90, 82, 96, 37, 5, 0.35%, 23, 0, 16, 145.91
1734985345, 90, 86, 96, 36, 4, 0.35%, 23, 0, 16, 203.37
1734985396, 90, 86, 97, 37, 4, 0.35%, 23, 0, 16, 146.91
1734985427, 90, 86, 98, 38, 4, 0.35%, 23, 0, 16, 148.14
1734985457, 90, 86, 99, 39, 4, 0.35%, 23, 0, 16, 152.14
1734985493, 90, 87, 99, 38, 3, 0.35%, 23, 0, 16, 205.02
1734985529, 90, 87, 100, 39, 3, 0.35%, 23, 0, 16, 148.01
1734985631, 90, 87, 103, 42, 3, 0.36%, 24, 0, 16, 160.00
1734985641, 90, 88, 103, 41, 3, 0.36%, 24, 0, 16, 209.52
1734985693, 90, 88, 104, 42, 3, 0.36%, 24, 0, 16, 151.26
1734985785, 90, 91, 104, 41, 2, 0.36%, 24, 0, 16, 183.48
1734985867, 90, 91, 108, 45, 2, 0.38%, 25, 0, 16, 136.70
1734985877, 90, 100, 108, 44, 2, 0.38%, 25, 0, 16, 135.45
