# unix_time, cycles_done, cur_path, paths_total, pending_total, pending_favs, map_size, unique_crashes, unique_hangs, max_depth, execs_per_sec
1735654766, 0, 0, 10, 10, 1, 0.01%, 0, 0, 1, 84.93
1735654771, 0, 3, 10, 10, 1, 0.01%, 0, 0, 1, 105.13
1735654776, 0, 4, 10, 9, 0, 0.01%, 0, 0, 1, 104.15
1735654786, 0, 5, 10, 8, 0, 0.01%, 0, 0, 1, 102.50
1735654797, 0, 6, 10, 7, 0, 0.01%, 0, 0, 1, 97.76
1735654807, 0, 7, 10, 6, 0, 0.01%, 0, 0, 1, 97.74
1735654817, 0, 8, 10, 5, 0, 0.01%, 0, 0, 1, 95.80
1735654828, 0, 9, 10, 4, 0, 0.01%, 0, 0, 1, 94.21
1735654838, 1, 0, 10, 3, 0, 0.01%, 0, 0, 1, 94.08
1735654848, 1, 1, 10, 2, 0, 0.01%, 0, 0, 1, 97.45
1735654864, 1, 2, 10, 1, 0, 0.01%, 0, 0, 1, 109.34
1735654874, 1, 3, 10, 0, 0, 0.01%, 0, 0, 1, 103.02
1735654879, 1, 5, 10, 0, 0, 0.01%, 0, 0, 1, 104.20
1735654884, 1, 6, 10, 0, 0, 0.01%, 0, 0, 1, 106.88
1735654889, 1, 8, 10, 0, 0, 0.01%, 0, 0, 1, 104.79
1735654894, 1, 9, 10, 0, 0, 0.01%, 0, 0, 1, 102.98
1735654900, 2, 1, 10, 0, 0, 0.01%, 0, 0, 1, 106.63
1735654905, 2, 2, 10, 0, 0, 0.01%, 0, 0, 1, 102.45
1735654910, 2, 4, 10, 0, 0, 0.01%, 0, 0, 1, 105.22
1735654915, 2, 5, 10, 0, 0, 0.01%, 0, 0, 1, 104.24
1735654920, 2, 7, 10, 0, 0, 0.01%, 0, 0, 1, 104.62
1735654925, 2, 8, 10, 0, 0, 0.01%, 0, 0, 1, 102.62
1735654931, 2, 9, 10, 0, 0, 0.01%, 0, 0, 1, 103.67
1735654936, 3, 1, 10, 0, 0, 0.01%, 0, 0, 1, 105.23
1735654941, 3, 2, 10, 0, 0, 0.01%, 0, 0, 1, 105.10
1735654946, 3, 4, 10, 0, 0, 0.01%, 0, 0, 1, 106.43
1735654951, 3, 5, 10, 0, 0, 0.01%, 0, 0, 1, 107.21
1735654956, 3, 7, 10, 0, 0, 0.01%, 0, 0, 1, 107.05
1735654962, 3, 8, 10, 0, 0, 0.01%, 0, 0, 1, 105.39
1735654967, 4, 0, 10, 0, 0, 0.01%, 0, 0, 1, 103.69
1735654972, 4, 1, 10, 0, 0, 0.01%, 0, 0, 1, 103.75
1735654977, 4, 3, 10, 0, 0, 0.01%, 0, 0, 1, 103.87
1735654982, 4, 4, 10, 0, 0, 0.01%, 0, 0, 1, 105.42
1735654987, 4, 6, 10, 0, 0, 0.01%, 0, 0, 1, 104.62
1735654993, 4, 7, 10, 0, 0, 0.01%, 0, 0, 1, 103.98
1735654998, 4, 9, 10, 0, 0, 0.01%, 0, 0, 1, 104.12
1735655003, 5, 0, 10, 0, 0, 0.01%, 0, 0, 1, 102.44
1735655008, 5, 1, 10, 0, 0, 0.01%, 0, 0, 1, 103.87
1735655013, 5, 3, 10, 0, 0, 0.01%, 0, 0, 1, 103.60
1735655018, 5, 4, 10, 0, 0, 0.01%, 0, 0, 1, 103.13
1735655023, 5, 6, 10, 0, 0, 0.01%, 0, 0, 1, 103.73
1735655029, 5, 7, 10, 0, 0, 0.01%, 0, 0, 1, 104.95
1735655034, 5, 9, 10, 0, 0, 0.01%, 0, 0, 1, 104.13
1735655039, 6, 0, 10, 0, 0, 0.01%, 0, 0, 1, 103.65
1735655044, 6, 2, 11, 1, 0, 0.16%, 1, 0, 2, 104.30
1735655049, 6, 10, 11, 1, 1, 0.16%, 1, 0, 2, 127.95
1735655137, 7, 10, 11, 0, 0, 0.16%, 1, 0, 2, 109.40
1735655157, 8, 10, 11, 0, 0, 0.16%, 1, 0, 2, 103.45
1735655178, 9, 8, 11, 0, 0, 0.16%, 1, 0, 2, 101.97
1735655183, 9, 10, 11, 0, 0, 0.16%, 1, 0, 2, 106.82
1735655194, 10, 10, 11, 0, 0, 0.16%, 1, 0, 2, 107.04
1735655204, 11, 10, 11, 0, 0, 0.16%, 1, 0, 2, 105.75
1735655214, 12, 10, 12, 1, 0, 0.16%, 2, 0, 3, 107.34
1735655230, 12, 11, 13, 2, 1, 0.16%, 3, 0, 4, 138.43
1735655255, 12, 11, 14, 3, 1, 0.16%, 3, 0, 4, 115.44
1735655266, 12, 11, 15, 4, 1, 0.16%, 3, 0, 4, 110.12
1735655363, 12, 12, 15, 3, 1, 0.16%, 3, 0, 4, 112.62
1735655373, 12, 12, 16, 4, 1, 0.16%, 3, 0, 5, 123.81
1735655419, 12, 12, 17, 5, 1, 0.16%, 3, 0, 5, 118.21
1735655450, 12, 12, 18, 6, 1, 0.17%, 4, 0, 5, 121.46
1735655516, 12, 12, 20, 8, 1, 0.17%, 5, 0, 5, 120.83
1735655527, 12, 12, 23, 11, 1, 0.17%, 5, 0, 5, 139.10
1735655542, 12, 17, 23, 10, 2, 0.17%, 5, 0, 5, 137.71
1735655558, 12, 17, 24, 11, 2, 0.17%, 5, 0, 6, 116.76
1735655629, 12, 17, 25, 12, 2, 0.17%, 5, 0, 6, 115.39
1735655659, 12, 17, 29, 16, 2, 0.17%, 5, 0, 6, 111.99
1735655670, 12, 18, 29, 15, 1, 0.17%, 5, 0, 6, 139.78
1735655711, 12, 18, 30, 16, 1, 0.17%, 5, 0, 6, 118.16
1735655721, 12, 18, 31, 17, 1, 0.17%, 5, 0, 6, 116.17
1735655788, 12, 18, 32, 18, 1, 0.17%, 5, 0, 6, 133.21
1735655793, 12, 18, 33, 19, 1, 0.17%, 5, 0, 6, 128.45
1735655798, 12, 25, 33, 18, 0, 0.17%, 5, 0, 6, 207.46
1735655818, 12, 25, 34, 19, 0, 0.17%, 6, 0, 7, 136.95
1735655839, 12, 25, 35, 20, 0, 0.17%, 6, 0, 7, 143.32
1735655921, 12, 29, 35, 19, 0, 0.17%, 6, 0, 7, 162.68
1735656008, 12, 29, 36, 20, 0, 0.17%, 7, 0, 7, 155.89
1735656084, 12, 31, 36, 19, 0, 0.17%, 7, 0, 7, 176.05
1735656120, 12, 31, 37, 20, 0, 0.17%, 7, 0, 7, 130.66
1735656207, 13, 11, 37, 19, 0, 0.17%, 7, 0, 7, 123.35
1735656218, 13, 11, 38, 20, 0, 0.17%, 7, 0, 7, 134.71
1735656223, 13, 12, 38, 20, 0, 0.17%, 7, 0, 7, 123.46
1735656233, 13, 12, 39, 21, 0, 0.17%, 7, 0, 7, 128.07
1735656244, 13, 14, 39, 21, 0, 0.17%, 7, 0, 7, 179.35
1735656300, 13, 17, 39, 20, 0, 0.17%, 7, 0, 7, 134.65
1735656325, 13, 18, 39, 20, 0, 0.17%, 7, 0, 7, 118.85
1735656345, 13, 21, 39, 20, 0, 0.17%, 7, 0, 7, 155.15
1735656397, 13, 36, 39, 19, 0, 0.17%, 7, 0, 7, 200.90
1735656509, 13, 38, 39, 18, 0, 0.17%, 7, 0, 7, 136.40
1735656565, 14, 10, 39, 17, 0, 0.17%, 7, 0, 7, 127.56
1735656571, 14, 11, 39, 17, 0, 0.17%, 7, 0, 7, 118.26
1735656581, 14, 12, 39, 17, 0, 0.17%, 7, 0, 7, 121.64
1735656601, 14, 16, 39, 17, 0, 0.17%, 7, 0, 7, 153.92
1735656653, 14, 17, 39, 16, 0, 0.17%, 7, 0, 7, 121.10
1735656673, 14, 18, 39, 16, 0, 0.17%, 7, 0, 7, 126.04
1735656694, 14, 37, 39, 16, 0, 0.17%, 7, 0, 7, 177.45
1735656755, 15, 11, 39, 15, 0, 0.17%, 7, 0, 7, 125.96
1735656760, 15, 12, 39, 15, 0, 0.17%, 7, 0, 7, 123.30
1735656765, 15, 13, 39, 15, 0, 0.17%, 7, 0, 7, 138.45
1735656817, 15, 17, 39, 14, 0, 0.17%, 7, 0, 7, 128.41
1735656822, 15, 18, 39, 14, 0, 0.17%, 7, 0, 7, 125.23
1735656827, 15, 21, 39, 14, 0, 0.17%, 7, 0, 7, 132.27
1735656853, 15, 22, 39, 14, 0, 0.17%, 7, 0, 7, 153.99
1735656904, 15, 30, 39, 13, 0, 0.17%, 7, 0, 7, 160.95
1735656965, 15, 32, 39, 12, 0, 0.17%, 7, 0, 7, 200.66
1735657083, 15, 36, 39, 11, 0, 0.17%, 7, 0, 7, 148.97
1735657114, 16, 10, 39, 11, 0, 0.17%, 7, 0, 7, 125.59
1735657119, 16, 12, 39, 11, 0, 0.17%, 7, 0, 7, 127.05
1735657124, 16, 17, 39, 11, 0, 0.17%, 7, 0, 7, 122.55
1735657129, 16, 18, 39, 11, 0, 0.17%, 7, 0, 7, 122.62
1735657134, 16, 23, 39, 11, 0, 0.17%, 7, 0, 7, 154.09
1735657201, 16, 28, 39, 10, 0, 0.17%, 7, 0, 7, 168.50
1735657257, 17, 2, 39, 9, 0, 0.17%, 7, 0, 7, 127.30
1735657262, 17, 11, 39, 9, 0, 0.17%, 7, 0, 7, 128.29
1735657267, 17, 12, 39, 9, 0, 0.17%, 7, 0, 7, 126.43
1735657272, 17, 13, 39, 9, 0, 0.17%, 7, 0, 7, 131.88
1735657293, 17, 15, 39, 9, 0, 0.17%, 7, 0, 7, 164.53
1735657354, 17, 17, 39, 8, 0, 0.17%, 7, 0, 7, 130.66
1735657359, 17, 18, 39, 8, 0, 0.17%, 7, 0, 7, 131.77
1735657364, 17, 24, 39, 8, 0, 0.17%, 7, 0, 7, 169.71
1735657411, 17, 35, 39, 7, 0, 0.17%, 7, 0, 7, 126.37
1735657568, 18, 10, 39, 6, 0, 0.17%, 7, 0, 7, 139.24
1735657573, 18, 12, 39, 6, 0, 0.17%, 7, 0, 7, 126.82
1735657578, 18, 17, 39, 6, 0, 0.17%, 7, 0, 7, 133.33
1735657583, 18, 18, 39, 6, 0, 0.17%, 7, 0, 7, 126.77
1735657588, 18, 19, 39, 6, 0, 0.17%, 7, 0, 7, 160.51
1735657640, 18, 29, 39, 5, 0, 0.17%, 7, 0, 7, 142.29
1735657660, 18, 33, 39, 5, 0, 0.17%, 7, 0, 7, 162.89
1735657817, 18, 38, 39, 4, 0, 0.17%, 7, 0, 7, 139.53
1735657838, 19, 11, 39, 4, 0, 0.17%, 7, 0, 7, 129.96
1735657843, 19, 12, 39, 4, 0, 0.17%, 7, 0, 7, 132.84
1735657848, 19, 17, 39, 4, 0, 0.17%, 7, 0, 7, 124.99
1735657853, 19, 18, 39, 4, 0, 0.17%, 7, 0, 7, 124.80
1735657858, 19, 20, 39, 4, 0, 0.17%, 7, 0, 7, 196.20
1735657909, 19, 26, 39, 3, 0, 0.17%, 7, 0, 7, 137.55
1735657970, 19, 27, 39, 2, 0, 0.17%, 7, 0, 7, 152.79
1735658021, 20, 0, 39, 1, 0, 0.17%, 7, 0, 7, 125.43
1735658026, 20, 12, 39, 1, 0, 0.17%, 7, 0, 7, 131.56
1735658032, 20, 12, 40, 2, 0, 0.17%, 8, 0, 7, 125.89
1735658037, 20, 17, 40, 2, 0, 0.17%, 8, 0, 7, 126.72
1735658042, 20, 21, 40, 2, 0, 0.17%, 8, 0, 7, 130.35
1735658068, 20, 37, 40, 2, 0, 0.17%, 8, 0, 7, 145.13
1735658088, 20, 39, 40, 2, 0, 0.17%, 8, 0, 7, 242.89
1735658226, 21, 11, 40, 1, 0, 0.17%, 8, 0, 7, 128.65
1735658231, 21, 12, 40, 1, 0, 0.17%, 8, 0, 7, 139.89
1735658236, 21, 17, 40, 1, 0, 0.17%, 8, 0, 7, 139.30
1735658242, 21, 18, 40, 1, 0, 0.17%, 8, 0, 7, 127.39
1735658247, 21, 21, 40, 1, 0, 0.17%, 8, 0, 7, 128.16
1735658252, 21, 34, 40, 1, 0, 0.17%, 8, 0, 7, 96.02
1735658953, 21, 39, 40, 0, 0, 0.17%, 8, 0, 7, 146.00
1735658974, 22, 2, 40, 0, 0, 0.17%, 8, 0, 7, 130.28
1735658979, 22, 11, 40, 0, 0, 0.17%, 8, 0, 7, 130.53
1735658984, 22, 12, 40, 0, 0, 0.17%, 8, 0, 7, 137.67
1735658989, 22, 16, 40, 0, 0, 0.17%, 8, 0, 7, 135.85
1735659010, 22, 17, 40, 0, 0, 0.17%, 8, 0, 7, 140.84
1735659015, 22, 18, 40, 0, 0, 0.17%, 8, 0, 7, 134.84
1735659020, 22, 33, 40, 0, 0, 0.17%, 8, 0, 7, 160.04
1735659036, 23, 3, 40, 0, 0, 0.17%, 8, 0, 7, 129.32
1735659041, 23, 10, 40, 0, 0, 0.17%, 8, 0, 7, 132.20
1735659046, 23, 12, 40, 0, 0, 0.17%, 8, 0, 7, 134.47
1735659051, 23, 17, 40, 0, 0, 0.17%, 8, 0, 7, 135.16
1735659056, 23, 18, 40, 0, 0, 0.17%, 8, 0, 7, 134.26
1735659062, 23, 32, 40, 0, 0, 0.17%, 8, 0, 7, 151.93
1735659082, 24, 11, 40, 0, 0, 0.17%, 8, 0, 7, 134.05
1735659087, 24, 12, 40, 0, 0, 0.17%, 8, 0, 7, 128.47
1735659092, 24, 17, 40, 0, 0, 0.17%, 8, 0, 7, 135.52
1735659098, 24, 18, 40, 0, 0, 0.17%, 8, 0, 7, 133.29
1735659103, 25, 10, 40, 0, 0, 0.17%, 8, 0, 7, 133.24
1735659108, 25, 12, 40, 0, 0, 0.17%, 8, 0, 7, 129.70
1735659113, 25, 17, 40, 0, 0, 0.17%, 8, 0, 7, 132.12
1735659118, 25, 18, 40, 0, 0, 0.17%, 8, 0, 7, 131.71
1735659123, 25, 36, 40, 0, 0, 0.17%, 8, 0, 7, 157.99
1735659154, 26, 11, 40, 0, 0, 0.17%, 8, 0, 7, 130.38
1735659160, 26, 12, 40, 0, 0, 0.17%, 8, 0, 7, 131.66
1735659165, 26, 17, 40, 0, 0, 0.17%, 8, 0, 7, 127.11
1735659170, 26, 18, 40, 0, 0, 0.17%, 8, 0, 7, 124.99
1735659175, 26, 34, 40, 0, 0, 0.17%, 8, 0, 7, 184.95
1735659205, 27, 11, 40, 0, 0, 0.17%, 8, 0, 7, 129.91
1735659211, 27, 12, 40, 0, 0, 0.17%, 8, 0, 7, 133.60
1735659216, 27, 17, 40, 0, 0, 0.17%, 8, 0, 7, 137.09
1735659221, 27, 18, 40, 0, 0, 0.17%, 8, 0, 7, 130.85
1735659226, 27, 20, 40, 0, 0, 0.17%, 8, 0, 7, 147.79
1735659247, 27, 28, 40, 0, 0, 0.17%, 8, 0, 7, 149.78
1735659262, 27, 29, 40, 0, 0, 0.17%, 8, 0, 7, 132.78
1735659282, 27, 38, 40, 0, 0, 0.17%, 8, 0, 7, 129.17
1735659303, 28, 11, 40, 0, 0, 0.17%, 8, 0, 7, 132.85
1735659308, 28, 12, 40, 0, 0, 0.17%, 8, 0, 7, 131.40
1735659313, 28, 17, 40, 0, 0, 0.17%, 8, 0, 7, 128.68
1735659318, 28, 18, 40, 0, 0, 0.17%, 8, 0, 7, 124.68
1735659323, 28, 19, 40, 0, 0, 0.17%, 8, 0, 7, 130.41
1735659344, 28, 35, 40, 0, 0, 0.17%, 8, 0, 7, 144.35
1735659365, 29, 11, 40, 0, 0, 0.17%, 8, 0, 7, 132.79
1735659370, 29, 12, 40, 0, 0, 0.17%, 8, 0, 7, 128.08
1735659375, 29, 17, 40, 0, 0, 0.17%, 8, 0, 7, 131.39
1735659380, 29, 24, 40, 0, 0, 0.17%, 8, 0, 7, 130.92
1735659401, 29, 30, 40, 0, 0, 0.17%, 8, 0, 7, 133.65
1735659421, 30, 12, 40, 0, 0, 0.17%, 8, 0, 7, 127.87
1735659431, 30, 18, 40, 0, 0, 0.17%, 8, 0, 7, 131.60
1735659437, 31, 10, 40, 0, 0, 0.17%, 8, 0, 7, 132.76
1735659442, 31, 12, 40, 0, 0, 0.17%, 8, 0, 7, 130.90
1735659447, 31, 13, 40, 0, 0, 0.17%, 8, 0, 7, 138.02
1735659473, 31, 14, 40, 0, 0, 0.17%, 8, 0, 7, 146.05
1735659488, 31, 17, 40, 0, 0, 0.17%, 8, 0, 7, 135.82
1735659493, 31, 18, 40, 0, 0, 0.17%, 8, 0, 7, 131.03
1735659498, 31, 29, 40, 0, 0, 0.17%, 8, 0, 7, 135.16
1735659504, 31, 35, 40, 0, 0, 0.17%, 8, 0, 7, 151.66
1735659524, 31, 37, 40, 0, 0, 0.17%, 8, 0, 7, 143.97
1735659544, 32, 11, 40, 0, 0, 0.17%, 8, 0, 7, 139.06
1735659549, 32, 12, 40, 0, 0, 0.17%, 8, 0, 7, 130.06
1735659554, 32, 17, 40, 0, 0, 0.17%, 8, 0, 7, 135.87
1735659560, 32, 36, 40, 0, 0, 0.17%, 8, 0, 7, 133.09
1735659570, 32, 38, 40, 0, 0, 0.17%, 8, 0, 7, 131.62
1735659580, 33, 9, 40, 0, 0, 0.17%, 8, 0, 7, 128.74
1735659585, 33, 11, 40, 0, 0, 0.17%, 8, 0, 7, 131.52
1735659590, 33, 12, 40, 0, 0, 0.17%, 8, 0, 7, 130.13
1735659596, 33, 17, 40, 0, 0, 0.17%, 8, 0, 7, 125.49
1735659601, 33, 30, 40, 0, 0, 0.17%, 8, 0, 7, 136.95
1735659616, 33, 31, 40, 0, 0, 0.17%, 8, 0, 7, 133.47
1735659637, 34, 10, 40, 0, 0, 0.17%, 8, 0, 7, 129.84
1735659642, 34, 12, 40, 0, 0, 0.17%, 8, 0, 7, 131.43
1735659647, 34, 17, 40, 0, 0, 0.17%, 8, 0, 7, 128.34
1735659652, 34, 18, 40, 0, 0, 0.17%, 8, 0, 7, 128.12
1735659657, 35, 11, 40, 0, 0, 0.17%, 8, 0, 7, 121.30
1735659662, 35, 12, 40, 0, 0, 0.17%, 8, 0, 7, 131.53
1735659667, 35, 16, 40, 0, 0, 0.17%, 8, 0, 7, 134.83
1735659688, 35, 17, 40, 0, 0, 0.17%, 8, 0, 7, 134.00
1735659693, 35, 18, 40, 0, 0, 0.17%, 8, 0, 7, 128.33
1735659698, 35, 25, 40, 0, 0, 0.17%, 8, 0, 7, 143.15
1735659729, 36, 10, 40, 0, 0, 0.17%, 8, 0, 7, 127.01
1735659734, 36, 12, 40, 0, 0, 0.17%, 8, 0, 7, 129.51
1735659740, 36, 17, 40, 0, 0, 0.17%, 8, 0, 7, 131.83
1735659745, 36, 18, 40, 0, 0, 0.17%, 8, 0, 7, 133.09
1735659750, 37, 10, 40, 0, 0, 0.17%, 8, 0, 7, 131.18
1735659755, 37, 12, 40, 0, 0, 0.17%, 8, 0, 7, 130.65
1735659760, 37, 17, 40, 0, 0, 0.17%, 8, 0, 7, 132.60
1735659765, 37, 18, 40, 0, 0, 0.17%, 8, 0, 7, 137.90
1735659770, 37, 20, 40, 0, 0, 0.17%, 8, 0, 7, 139.13
1735659791, 37, 21, 40, 0, 0, 0.17%, 8, 0, 7, 134.79
1735659796, 38, 2, 40, 0, 0, 0.17%, 8, 0, 7, 138.27
1735659801, 38, 11, 40, 0, 0, 0.17%, 8, 0, 7, 134.21
1735659806, 38, 12, 40, 0, 0, 0.17%, 8, 0, 7, 129.41
1735659811, 38, 17, 40, 0, 0, 0.17%, 8, 0, 7, 135.13
1735659817, 38, 18, 40, 0, 0, 0.17%, 8, 0, 7, 129.46
1735659822, 39, 11, 40, 0, 0, 0.17%, 8, 0, 7, 135.11
1735659827, 39, 12, 40, 0, 0, 0.17%, 8, 0, 7, 130.92
1735659832, 39, 17, 40, 0, 0, 0.17%, 8, 0, 7, 129.42
1735659837, 39, 18, 40, 0, 0, 0.17%, 8, 0, 7, 129.38
1735659842, 39, 30, 40, 0, 0, 0.17%, 8, 0, 7, 135.68
1735659847, 40, 11, 40, 0, 0, 0.17%, 8, 0, 7, 127.74
1735659852, 40, 12, 40, 0, 0, 0.17%, 8, 0, 7, 130.26
1735659857, 40, 17, 40, 0, 0, 0.17%, 8, 0, 7, 128.12
1735659863, 40, 18, 40, 0, 0, 0.17%, 8, 0, 7, 132.04
1735659868, 40, 30, 40, 0, 0, 0.17%, 8, 0, 7, 132.44
1735659873, 41, 11, 40, 0, 0, 0.17%, 8, 0, 7, 135.21
1735659878, 41, 12, 40, 0, 0, 0.17%, 8, 0, 7, 139.36
1735659883, 41, 17, 40, 0, 0, 0.17%, 8, 0, 7, 140.20
1735659888, 41, 18, 40, 0, 0, 0.17%, 8, 0, 7, 129.03
1735659894, 41, 31, 40, 0, 0, 0.17%, 8, 0, 7, 137.06
1735659914, 42, 11, 40, 0, 0, 0.17%, 8, 0, 7, 135.39
1735659919, 42, 12, 40, 0, 0, 0.17%, 8, 0, 7, 128.47
1735659924, 42, 16, 40, 0, 0, 0.17%, 8, 0, 7, 130.66
1735659929, 42, 17, 40, 0, 0, 0.17%, 8, 0, 7, 135.86
1735659935, 42, 27, 40, 0, 0, 0.17%, 8, 0, 7, 132.68
1735659955, 43, 10, 40, 0, 0, 0.17%, 8, 0, 7, 133.91
1735659960, 43, 12, 40, 0, 0, 0.17%, 8, 0, 7, 128.59
1735659966, 43, 17, 40, 0, 0, 0.17%, 8, 0, 7, 142.06
1735659971, 43, 18, 40, 0, 0, 0.17%, 8, 0, 7, 130.68
1735659976, 43, 20, 40, 0, 0, 0.17%, 8, 0, 7, 134.62
1735659981, 43, 36, 40, 0, 0, 0.17%, 8, 0, 7, 147.72
1735659991, 44, 10, 40, 0, 0, 0.17%, 8, 0, 7, 136.48
1735659996, 44, 12, 40, 0, 0, 0.17%, 8, 0, 7, 130.42
1735660001, 44, 14, 40, 0, 0, 0.17%, 8, 0, 7, 136.88
1735660027, 44, 18, 40, 0, 0, 0.17%, 8, 0, 7, 131.40
1735660032, 44, 19, 40, 0, 0, 0.17%, 8, 0, 7, 132.95
1735660058, 44, 27, 40, 0, 0, 0.17%, 8, 0, 7, 124.86
1735660079, 44, 31, 40, 0, 0, 0.17%, 8, 0, 7, 133.80
1735660084, 44, 37, 40, 0, 0, 0.17%, 8, 0, 7, 139.36
1735660094, 45, 6, 40, 0, 0, 0.17%, 8, 0, 7, 132.67
1735660099, 45, 11, 40, 0, 0, 0.17%, 8, 0, 7, 131.54
1735660105, 45, 12, 40, 0, 0, 0.17%, 8, 0, 7, 127.72
1735660110, 45, 14, 40, 0, 0, 0.17%, 8, 0, 7, 130.83
1735660115, 45, 17, 40, 0, 0, 0.17%, 8, 0, 7, 133.58
1735660120, 45, 18, 40, 0, 0, 0.17%, 8, 0, 7, 131.70
1735660125, 45, 24, 40, 0, 0, 0.17%, 8, 0, 7, 131.74
1735660146, 45, 33, 40, 0, 0, 0.17%, 8, 0, 7, 151.38
1735660161, 45, 34, 40, 0, 0, 0.17%, 8, 0, 7, 139.25
1735660192, 46, 11, 40, 0, 0, 0.17%, 8, 0, 7, 132.82
1735660197, 46, 12, 40, 0, 0, 0.17%, 8, 0, 7, 141.71
1735660202, 46, 17, 40, 0, 0, 0.17%, 8, 0, 7, 135.60
1735660208, 46, 18, 40, 0, 0, 0.17%, 8, 0, 7, 134.65
1735660213, 47, 10, 40, 0, 0, 0.17%, 8, 0, 7, 129.42
1735660218, 47, 12, 40, 0, 0, 0.17%, 8, 0, 7, 126.72
1735660223, 47, 17, 40, 0, 0, 0.17%, 8, 0, 7, 126.37
1735660228, 47, 18, 40, 0, 0, 0.17%, 8, 0, 7, 129.27
1735660233, 48, 11, 40, 0, 0, 0.17%, 8, 0, 7, 129.84
1735660238, 48, 12, 40, 0, 0, 0.17%, 8, 0, 7, 128.50
1735660244, 48, 17, 40, 0, 0, 0.17%, 8, 0, 7, 131.28
1735660249, 48, 18, 40, 0, 0, 0.17%, 8, 0, 7, 127.66
1735660254, 48, 22, 40, 0, 0, 0.17%, 8, 0, 7, 131.61
1735660275, 48, 28, 40, 0, 0, 0.17%, 8, 0, 7, 135.27
1735660295, 49, 11, 40, 0, 0, 0.17%, 8, 0, 7, 131.25
1735660300, 49, 12, 40, 0, 0, 0.17%, 8, 0, 7, 130.46
1735660306, 49, 17, 40, 0, 0, 0.17%, 8, 0, 7, 131.53
1735660311, 49, 18, 40, 0, 0, 0.17%, 8, 0, 7, 129.09
1735660316, 49, 38, 40, 0, 0, 0.17%, 8, 0, 7, 132.54
1735660321, 50, 11, 40, 0, 0, 0.17%, 8, 0, 7, 125.97
1735660326, 50, 12, 40, 0, 0, 0.17%, 8, 0, 7, 134.32
1735660331, 50, 15, 40, 0, 0, 0.17%, 8, 0, 7, 149.82
1735660352, 50, 17, 40, 0, 0, 0.17%, 8, 0, 7, 137.66
1735660357, 50, 18, 40, 0, 0, 0.17%, 8, 0, 7, 130.20
1735660362, 51, 11, 40, 0, 0, 0.17%, 8, 0, 7, 123.38
1735660367, 51, 12, 40, 0, 0, 0.17%, 8, 0, 7, 125.59
1735660372, 51, 15, 40, 0, 0, 0.17%, 8, 0, 7, 141.36
1735660393, 51, 17, 40, 0, 0, 0.17%, 8, 0, 7, 130.77
1735660398, 51, 18, 40, 0, 0, 0.17%, 8, 0, 7, 128.93
1735660403, 51, 23, 40, 0, 0, 0.17%, 8, 0, 7, 147.04
1735660418, 51, 25, 40, 0, 0, 0.17%, 8, 0, 7, 133.25
1735660449, 52, 9, 40, 0, 0, 0.17%, 8, 0, 7, 129.84
1735660454, 52, 11, 40, 0, 0, 0.17%, 8, 0, 7, 125.87
1735660459, 52, 12, 40, 0, 0, 0.17%, 8, 0, 7, 131.76
1735660464, 52, 17, 40, 0, 0, 0.17%, 8, 0, 7, 132.33
1735660469, 52, 18, 40, 0, 0, 0.17%, 8, 0, 7, 124.37
1735660474, 53, 11, 40, 0, 0, 0.17%, 8, 0, 7, 123.39
1735660480, 53, 12, 40, 0, 0, 0.17%, 8, 0, 7, 132.80
1735660485, 53, 17, 40, 0, 0, 0.17%, 8, 0, 7, 119.76
1735660490, 53, 18, 40, 0, 0, 0.17%, 8, 0, 7, 129.18
1735660495, 53, 21, 40, 0, 0, 0.17%, 8, 0, 7, 140.88
1735660500, 54, 11, 40, 0, 0, 0.17%, 8, 0, 7, 131.45
1735660505, 54, 12, 40, 0, 0, 0.17%, 8, 0, 7, 132.16
1735660510, 54, 17, 40, 0, 0, 0.17%, 8, 0, 7, 134.51
1735660515, 54, 18, 40, 0, 0, 0.17%, 8, 0, 7, 124.73
1735660520, 54, 26, 40, 0, 0, 0.17%, 8, 0, 7, 130.84
1735660541, 54, 30, 40, 0, 0, 0.17%, 8, 0, 7, 136.85
1735660546, 55, 10, 40, 0, 0, 0.17%, 8, 0, 7, 128.99
1735660551, 55, 12, 40, 0, 0, 0.17%, 8, 0, 7, 132.19
1735660556, 55, 17, 40, 0, 0, 0.17%, 8, 0, 7, 134.61
1735660561, 55, 18, 40, 0, 0, 0.17%, 8, 0, 7, 131.07
1735660567, 55, 33, 40, 0, 0, 0.17%, 8, 0, 7, 145.07
1735660572, 55, 35, 40, 0, 0, 0.17%, 8, 0, 7, 142.64
1735660577, 56, 10, 40, 0, 0, 0.17%, 8, 0, 7, 133.68
1735660582, 56, 12, 40, 0, 0, 0.17%, 8, 0, 7, 128.80
1735660587, 56, 17, 40, 0, 0, 0.17%, 8, 0, 7, 135.07
1735660592, 56, 18, 40, 0, 0, 0.17%, 8, 0, 7, 132.85
1735660598, 57, 5, 40, 0, 0, 0.17%, 8, 0, 7, 138.11
1735660603, 57, 11, 40, 0, 0, 0.17%, 8, 0, 7, 129.50
1735660608, 57, 12, 40, 0, 0, 0.17%, 8, 0, 7, 138.17
1735660613, 57, 17, 40, 0, 0, 0.17%, 8, 0, 7, 131.18
1735660618, 57, 18, 40, 0, 0, 0.17%, 8, 0, 7, 130.29
1735660623, 57, 25, 40, 0, 0, 0.17%, 8, 0, 7, 136.63
1735660628, 57, 33, 40, 0, 0, 0.17%, 8, 0, 7, 146.60
1735660634, 58, 11, 40, 0, 0, 0.17%, 8, 0, 7, 131.61
1735660639, 58, 12, 40, 0, 0, 0.17%, 8, 0, 7, 135.09
1735660644, 58, 17, 40, 0, 0, 0.17%, 8, 0, 7, 136.84
1735660649, 58, 18, 40, 0, 0, 0.17%, 8, 0, 7, 128.72
1735660654, 58, 19, 40, 0, 0, 0.17%, 8, 0, 7, 133.28
1735660659, 58, 39, 40, 0, 0, 0.17%, 8, 0, 7, 152.74
1735660679, 59, 11, 40, 0, 0, 0.17%, 8, 0, 7, 128.14
1735660684, 59, 12, 40, 0, 0, 0.17%, 8, 0, 7, 136.05
1735660690, 59, 17, 40, 0, 0, 0.17%, 8, 0, 7, 134.25
1735660695, 59, 18, 40, 0, 0, 0.17%, 8, 0, 7, 138.65
1735660700, 59, 29, 40, 0, 0, 0.17%, 8, 0, 7, 131.55
1735660705, 59, 34, 40, 0, 0, 0.17%, 8, 0, 7, 159.11
1735660715, 60, 10, 40, 0, 0, 0.17%, 8, 0, 7, 132.67
1735660720, 60, 12, 40, 0, 0, 0.17%, 8, 0, 7, 130.69
1735660726, 60, 17, 40, 0, 0, 0.17%, 8, 0, 7, 137.27
1735660731, 60, 18, 40, 0, 0, 0.17%, 8, 0, 7, 134.86
1735660736, 60, 25, 40, 0, 0, 0.17%, 8, 0, 7, 138.81
1735660746, 60, 26, 40, 0, 0, 0.17%, 8, 0, 7, 139.30
1735660767, 61, 10, 40, 0, 0, 0.17%, 8, 0, 7, 130.96
1735660772, 61, 12, 40, 0, 0, 0.17%, 8, 0, 7, 130.46
1735660777, 61, 17, 40, 0, 0, 0.17%, 8, 0, 7, 126.02
1735660782, 61, 18, 40, 0, 0, 0.17%, 8, 0, 7, 130.42
1735660788, 61, 22, 40, 0, 0, 0.17%, 8, 0, 7, 132.50
1735660808, 61, 27, 40, 0, 0, 0.17%, 8, 0, 7, 138.89
1735660813, 61, 29, 40, 0, 0, 0.17%, 8, 0, 7, 139.34
1735660818, 61, 37, 40, 0, 0, 0.17%, 8, 0, 7, 137.17
1735660823, 62, 4, 40, 0, 0, 0.17%, 8, 0, 7, 134.76
1735660829, 62, 11, 40, 0, 0, 0.17%, 8, 0, 7, 133.88
1735660834, 62, 12, 40, 0, 0, 0.17%, 8, 0, 7, 133.38
1735660839, 62, 18, 40, 0, 0, 0.17%, 8, 0, 7, 128.45
1735660844, 63, 10, 40, 0, 0, 0.17%, 8, 0, 7, 127.86
1735660849, 63, 12, 40, 0, 0, 0.17%, 8, 0, 7, 130.03
1735660854, 63, 13, 40, 0, 0, 0.17%, 8, 0, 7, 132.39
1735660860, 63, 14, 40, 0, 0, 0.17%, 8, 0, 7, 134.56
1735660865, 63, 17, 40, 0, 0, 0.17%, 8, 0, 7, 138.58
1735660870, 63, 18, 40, 0, 0, 0.17%, 8, 0, 7, 131.65
1735660875, 63, 30, 40, 0, 0, 0.17%, 8, 0, 7, 138.09
1735660880, 64, 0, 40, 0, 0, 0.17%, 8, 0, 7, 133.85
1735660885, 64, 11, 40, 0, 0, 0.17%, 8, 0, 7, 140.25
1735660891, 64, 12, 40, 0, 0, 0.17%, 8, 0, 7, 128.42
1735660896, 64, 17, 40, 0, 0, 0.17%, 8, 0, 7, 133.45
1735660901, 64, 18, 40, 0, 0, 0.17%, 8, 0, 7, 129.47
1735660906, 65, 12, 40, 0, 0, 0.17%, 8, 0, 7, 139.78
1735660916, 65, 18, 40, 0, 0, 0.17%, 8, 0, 7, 127.23
1735660922, 65, 21, 40, 0, 0, 0.17%, 8, 0, 7, 124.47
1735660927, 65, 26, 40, 0, 0, 0.17%, 8, 0, 7, 137.01
1735660932, 66, 10, 40, 0, 0, 0.17%, 8, 0, 7, 132.35
1735660937, 66, 12, 40, 0, 0, 0.17%, 8, 0, 7, 129.85
1735660942, 66, 17, 40, 0, 0, 0.17%, 8, 0, 7, 130.93
1735660947, 66, 18, 40, 0, 0, 0.17%, 8, 0, 7, 129.56
1735660952, 66, 31, 40, 0, 0, 0.17%, 8, 0, 7, 133.57
1735660958, 67, 11, 40, 0, 0, 0.17%, 8, 0, 7, 131.08
1735660963, 67, 12, 40, 0, 0, 0.17%, 8, 0, 7, 136.37
1735660968, 67, 15, 40, 0, 0, 0.17%, 8, 0, 7, 143.77
1735660973, 67, 17, 40, 0, 0, 0.17%, 8, 0, 7, 129.37
1735660978, 67, 18, 40, 0, 0, 0.17%, 8, 0, 7, 130.18
1735660983, 67, 23, 40, 0, 0, 0.17%, 8, 0, 7, 141.84
1735661004, 68, 10, 40, 0, 0, 0.17%, 8, 0, 7, 135.03
1735661009, 68, 12, 40, 0, 0, 0.17%, 8, 0, 7, 126.64
1735661014, 68, 17, 40, 0, 0, 0.17%, 8, 0, 7, 132.93
1735661019, 68, 18, 40, 0, 0, 0.17%, 8, 0, 7, 124.93
1735661025, 68, 39, 40, 0, 0, 0.17%, 8, 0, 7, 134.93
1735661045, 69, 10, 40, 0, 0, 0.17%, 8, 0, 7, 123.40
1735661051, 69, 12, 40, 0, 0, 0.17%, 8, 0, 7, 129.52
1735661056, 69, 17, 40, 0, 0, 0.17%, 8, 0, 7, 126.31
1735661061, 69, 18, 40, 0, 0, 0.17%, 8, 0, 7, 129.54
1735661066, 69, 30, 40, 0, 0, 0.17%, 8, 0, 7, 136.53
1735661071, 69, 33, 40, 0, 0, 0.17%, 8, 0, 7, 143.43
1735661076, 70, 10, 40, 0, 0, 0.17%, 8, 0, 7, 133.60
1735661081, 70, 12, 40, 0, 0, 0.17%, 8, 0, 7, 132.02
1735661087, 70, 16, 40, 0, 0, 0.17%, 8, 0, 7, 139.75
1735661097, 70, 18, 40, 0, 0, 0.17%, 8, 0, 7, 132.15
1735661102, 70, 31, 40, 0, 0, 0.17%, 8, 0, 7, 139.72
1735661107, 71, 1, 40, 0, 0, 0.17%, 8, 0, 7, 132.24
1735661112, 71, 11, 40, 0, 0, 0.17%, 8, 0, 7, 128.28
1735661117, 71, 12, 40, 0, 0, 0.17%, 8, 0, 7, 139.78
1735661122, 71, 17, 40, 0, 0, 0.17%, 8, 0, 7, 126.75
1735661128, 71, 19, 40, 0, 0, 0.17%, 8, 0, 7, 127.40
1735661133, 71, 23, 40, 0, 0, 0.17%, 8, 0, 7, 133.19
1735661138, 71, 25, 40, 0, 0, 0.17%, 8, 0, 7, 144.10
1735661148, 71, 32, 40, 0, 0, 0.17%, 8, 0, 7, 152.98
1735661164, 72, 10, 40, 0, 0, 0.17%, 8, 0, 7, 136.35
1735661169, 72, 12, 40, 0, 0, 0.17%, 8, 0, 7, 131.60
1735661174, 72, 17, 40, 0, 0, 0.17%, 8, 0, 7, 136.95
1735661179, 72, 18, 40, 0, 0, 0.17%, 8, 0, 7, 130.79
1735661184, 73, 10, 40, 0, 0, 0.17%, 8, 0, 7, 134.39
1735661189, 73, 12, 40, 0, 0, 0.17%, 8, 0, 7, 133.14
1735661194, 73, 17, 40, 0, 0, 0.17%, 8, 0, 7, 136.64
1735661205, 74, 10, 40, 0, 0, 0.17%, 8, 0, 7, 135.73
1735661210, 74, 12, 40, 0, 0, 0.17%, 8, 0, 7, 128.59
1735661215, 74, 17, 40, 0, 0, 0.17%, 8, 0, 7, 124.83
1735661220, 74, 18, 40, 0, 0, 0.17%, 8, 0, 7, 130.47
1735661225, 74, 22, 40, 0, 0, 0.17%, 8, 0, 7, 127.10
1735661230, 75, 10, 40, 0, 0, 0.17%, 8, 0, 7, 131.65
1735661235, 75, 12, 40, 0, 0, 0.17%, 8, 0, 7, 127.96
1735661241, 75, 17, 40, 0, 0, 0.17%, 8, 0, 7, 132.49
1735661246, 75, 18, 40, 0, 0, 0.17%, 8, 0, 7, 125.23
1735661251, 76, 10, 40, 0, 0, 0.17%, 8, 0, 7, 131.88
1735661256, 76, 12, 40, 0, 0, 0.17%, 8, 0, 7, 137.21
1735661261, 76, 17, 40, 0, 0, 0.17%, 8, 0, 7, 137.35
1735661266, 76, 18, 40, 0, 0, 0.17%, 8, 0, 7, 135.47
1735661272, 76, 36, 40, 0, 0, 0.17%, 8, 0, 7, 144.68
1735661282, 77, 11, 40, 0, 0, 0.17%, 8, 0, 7, 133.82
1735661287, 77, 12, 40, 0, 0, 0.17%, 8, 0, 7, 135.73
1735661292, 77, 17, 40, 0, 0, 0.17%, 8, 0, 7, 139.52
1735661297, 77, 19, 40, 0, 0, 0.17%, 8, 0, 7, 140.01
1735661308, 78, 12, 40, 0, 0, 0.17%, 8, 0, 7, 132.48
1735661318, 78, 17, 40, 0, 0, 0.17%, 8, 0, 7, 131.63
1735661323, 78, 28, 40, 0, 0, 0.17%, 8, 0, 7, 137.78
1735661328, 79, 10, 40, 0, 0, 0.17%, 8, 0, 7, 128.42
1735661333, 79, 12, 40, 0, 0, 0.17%, 8, 0, 7, 127.09
1735661339, 79, 17, 40, 0, 0, 0.17%, 8, 0, 7, 130.78
1735661344, 79, 18, 40, 0, 0, 0.17%, 8, 0, 7, 129.82
1735661349, 80, 1, 40, 0, 0, 0.17%, 8, 0, 7, 124.70
1735661354, 80, 11, 40, 0, 0, 0.17%, 8, 0, 7, 123.48
1735661359, 80, 12, 40, 0, 0, 0.17%, 8, 0, 7, 129.83
1735661364, 80, 17, 40, 0, 0, 0.17%, 8, 0, 7, 132.75
1735661370, 80, 18, 40, 0, 0, 0.17%, 8, 0, 7, 128.35
1735661375, 81, 11, 40, 0, 0, 0.17%, 8, 0, 7, 129.44
1735661380, 81, 12, 40, 0, 0, 0.17%, 8, 0, 7, 140.80
1735661385, 81, 17, 40, 0, 0, 0.17%, 8, 0, 7, 137.08
1735661390, 81, 18, 40, 0, 0, 0.17%, 8, 0, 7, 140.76
1735661395, 82, 7, 40, 0, 0, 0.17%, 8, 0, 7, 136.55
1735661400, 82, 10, 40, 0, 0, 0.17%, 8, 0, 7, 130.29
1735661406, 82, 12, 40, 0, 0, 0.17%, 8, 0, 7, 126.31
1735661411, 82, 17, 40, 0, 0, 0.17%, 8, 0, 7, 128.39
1735661416, 82, 18, 40, 0, 0, 0.17%, 8, 0, 7, 131.69
1735661421, 82, 19, 40, 0, 0, 0.17%, 8, 0, 7, 129.48
1735661426, 82, 20, 40, 0, 0, 0.17%, 8, 0, 7, 140.71
1735661431, 83, 11, 40, 0, 0, 0.17%, 8, 0, 7, 126.51
1735661437, 83, 12, 40, 0, 0, 0.17%, 8, 0, 7, 129.44
1735661442, 83, 17, 40, 0, 0, 0.17%, 8, 0, 7, 129.99
1735661447, 83, 18, 40, 0, 0, 0.17%, 8, 0, 7, 124.49
1735661452, 83, 22, 40, 0, 0, 0.17%, 8, 0, 7, 130.54
1735661457, 84, 10, 40, 0, 0, 0.17%, 8, 0, 7, 132.77
1735661462, 84, 12, 40, 0, 0, 0.17%, 8, 0, 7, 125.51
1735661468, 84, 17, 40, 0, 0, 0.17%, 8, 0, 7, 136.89
1735661473, 84, 18, 40, 0, 0, 0.17%, 8, 0, 7, 128.72
1735661478, 84, 28, 40, 0, 0, 0.17%, 8, 0, 7, 134.74
1735661483, 84, 33, 40, 0, 0, 0.17%, 8, 0, 7, 135.44
1735661488, 85, 3, 40, 0, 0, 0.17%, 8, 0, 7, 140.05
1735661494, 85, 11, 40, 0, 0, 0.17%, 8, 0, 7, 130.91
1735661499, 85, 12, 40, 0, 0, 0.17%, 8, 0, 7, 130.68
1735661504, 85, 17, 40, 0, 0, 0.17%, 8, 0, 7, 136.21
1735661509, 85, 18, 40, 0, 0, 0.17%, 8, 0, 7, 126.91
1735661514, 86, 11, 40, 0, 0, 0.17%, 8, 0, 7, 127.03
1735661519, 86, 12, 40, 0, 0, 0.17%, 8, 0, 7, 133.17
1735661524, 86, 17, 40, 0, 0, 0.17%, 8, 0, 7, 125.99
1735661530, 86, 18, 40, 0, 0, 0.17%, 8, 0, 7, 127.20
1735661535, 87, 11, 40, 0, 0, 0.17%, 8, 0, 7, 133.15
1735661540, 87, 12, 40, 0, 0, 0.17%, 8, 0, 7, 128.64
1735661545, 87, 15, 40, 0, 0, 0.17%, 8, 0, 7, 143.57
1735661550, 87, 17, 40, 0, 0, 0.17%, 8, 0, 7, 139.06
1735661556, 87, 18, 40, 0, 0, 0.17%, 8, 0, 7, 131.43
1735661561, 87, 19, 40, 0, 0, 0.17%, 8, 0, 7, 128.29
1735661566, 87, 24, 40, 0, 0, 0.17%, 8, 0, 7, 134.48
1735661571, 87, 32, 40, 0, 0, 0.17%, 8, 0, 7, 141.71
1735661576, 88, 2, 40, 0, 0, 0.17%, 8, 0, 7, 134.85
1735661581, 88, 10, 40, 0, 0, 0.17%, 8, 0, 7, 134.11
1735661586, 88, 12, 40, 0, 0, 0.17%, 8, 0, 7, 131.66
1735661591, 88, 13, 40, 0, 0, 0.17%, 8, 0, 7, 135.23
1735661596, 88, 17, 40, 0, 0, 0.17%, 8, 0, 7, 132.20
1735661602, 88, 18, 40, 0, 0, 0.17%, 8, 0, 7, 129.73
1735661607, 89, 9, 40, 0, 0, 0.17%, 8, 0, 7, 139.62
1735661612, 89, 11, 40, 0, 0, 0.17%, 8, 0, 7, 139.67
1735661617, 89, 17, 40, 0, 0, 0.17%, 8, 0, 7, 145.23
1735661622, 89, 18, 40, 0, 0, 0.17%, 8, 0, 7, 134.46
1735661627, 89, 19, 40, 0, 0, 0.17%, 8, 0, 7, 136.19
1735661632, 89, 22, 40, 0, 0, 0.17%, 8, 0, 7, 132.65
1735661638, 89, 29, 40, 0, 0, 0.17%, 8, 0, 7, 144.58
1735661643, 89, 32, 40, 0, 0, 0.17%, 8, 0, 7, 146.67
1735661648, 89, 38, 40, 0, 0, 0.17%, 8, 0, 7, 134.19
1735661653, 90, 10, 40, 0, 0, 0.17%, 8, 0, 7, 131.23
1735661658, 90, 12, 40, 0, 0, 0.17%, 8, 0, 7, 125.41
1735661664, 90, 17, 40, 0, 0, 0.17%, 8, 0, 7, 137.11
1735661669, 90, 18, 40, 0, 0, 0.17%, 8, 0, 7, 131.50
1735661674, 90, 25, 40, 0, 0, 0.17%, 8, 0, 7, 132.54
1735661684, 91, 9, 40, 0, 0, 0.17%, 8, 0, 7, 137.57
1735661689, 91, 11, 40, 0, 0, 0.17%, 8, 0, 7, 133.59
1735661695, 91, 12, 40, 0, 0, 0.17%, 8, 0, 7, 133.27
1735661700, 91, 17, 40, 0, 0, 0.17%, 8, 0, 7, 129.86
1735661705, 92, 10, 40, 0, 0, 0.17%, 8, 0, 7, 137.58
1735661710, 92, 12, 40, 0, 0, 0.17%, 8, 0, 7, 128.61
1735661720, 92, 17, 40, 0, 0, 0.17%, 8, 0, 7, 139.44
1735661726, 93, 10, 40, 0, 0, 0.17%, 8, 0, 7, 134.75
1735661731, 93, 12, 40, 0, 0, 0.17%, 8, 0, 7, 128.38
1735661736, 93, 17, 40, 0, 0, 0.17%, 8, 0, 7, 130.89
1735661741, 93, 18, 40, 0, 0, 0.17%, 8, 0, 7, 131.18
1735661746, 94, 10, 40, 0, 0, 0.17%, 8, 0, 7, 137.70
1735661751, 94, 12, 40, 0, 0, 0.17%, 8, 0, 7, 131.44
1735661757, 94, 17, 40, 0, 0, 0.17%, 8, 0, 7, 130.37
1735661762, 94, 18, 40, 0, 0, 0.17%, 8, 0, 7, 127.80
1735661767, 94, 25, 40, 0, 0, 0.17%, 8, 0, 7, 132.62
1735661777, 95, 10, 40, 0, 0, 0.17%, 8, 0, 7, 133.65
1735661782, 95, 12, 40, 0, 0, 0.17%, 8, 0, 7, 129.04
1735661788, 95, 17, 40, 0, 0, 0.17%, 8, 0, 7, 128.71
1735661793, 95, 18, 40, 0, 0, 0.17%, 8, 0, 7, 130.98
1735661798, 95, 34, 40, 0, 0, 0.17%, 8, 0, 7, 146.81
1735661808, 95, 37, 40, 0, 0, 0.17%, 8, 0, 7, 142.78
1735661813, 96, 11, 40, 0, 0, 0.17%, 8, 0, 7, 131.88
1735661818, 96, 12, 40, 0, 0, 0.17%, 8, 0, 7, 135.26
1735661823, 96, 17, 40, 0, 0, 0.17%, 8, 0, 7, 133.78
1735661829, 96, 18, 40, 0, 0, 0.17%, 8, 0, 7, 128.82
1735661834, 97, 6, 40, 0, 0, 0.17%, 8, 0, 7, 132.34
1735661839, 97, 11, 40, 0, 0, 0.17%, 8, 0, 7, 129.52
1735661844, 97, 12, 40, 0, 0, 0.17%, 8, 0, 7, 140.37
1735661849, 97, 17, 40, 0, 0, 0.17%, 8, 0, 7, 134.05
1735661855, 97, 18, 40, 0, 0, 0.17%, 8, 0, 7, 130.62
1735661860, 97, 22, 40, 0, 0, 0.17%, 8, 0, 7, 134.86
1735661865, 98, 11, 40, 0, 0, 0.17%, 8, 0, 7, 130.26
1735661870, 98, 12, 40, 0, 0, 0.17%, 8, 0, 7, 131.97
1735661875, 98, 17, 40, 0, 0, 0.17%, 8, 0, 7, 128.62
1735661880, 98, 18, 40, 0, 0, 0.17%, 8, 0, 7, 132.26
1735661885, 99, 11, 40, 0, 0, 0.17%, 8, 0, 7, 132.53
1735661891, 99, 12, 40, 0, 0, 0.17%, 8, 0, 7, 130.87
1735661896, 99, 17, 40, 0, 0, 0.17%, 8, 0, 7, 130.41
1735661901, 99, 18, 40, 0, 0, 0.17%, 8, 0, 7, 128.92
1735661906, 99, 34, 40, 0, 0, 0.17%, 8, 0, 7, 164.71
1735661911, 99, 37, 40, 0, 0, 0.17%, 8, 0, 7, 145.97
1735661921, 100, 12, 40, 0, 0, 0.17%, 8, 0, 7, 134.84
1735661926, 100, 17, 40, 0, 0, 0.17%, 8, 0, 7, 138.40
1735661932, 100, 18, 40, 0, 0, 0.17%, 8, 0, 7, 134.50
1735661937, 101, 10, 40, 0, 0, 0.17%, 8, 0, 7, 129.02
1735661942, 101, 12, 40, 0, 0, 0.17%, 8, 0, 7, 128.27
1735661947, 101, 17, 40, 0, 0, 0.17%, 8, 0, 7, 136.34
1735661952, 101, 18, 40, 0, 0, 0.17%, 8, 0, 7, 129.37
1735661957, 102, 3, 40, 0, 0, 0.17%, 8, 0, 7, 131.36
1735661962, 102, 11, 40, 0, 0, 0.17%, 8, 0, 7, 137.40
1735661968, 102, 12, 40, 0, 0, 0.17%, 8, 0, 7, 143.55
1735661973, 102, 17, 40, 0, 0, 0.17%, 8, 0, 7, 141.52
1735661978, 102, 18, 40, 0, 0, 0.17%, 8, 0, 7, 137.75
1735661983, 103, 11, 40, 0, 0, 0.17%, 8, 0, 7, 124.68
1735661988, 103, 12, 40, 0, 0, 0.17%, 8, 0, 7, 128.41
1735661993, 103, 17, 40, 0, 0, 0.17%, 8, 0, 7, 133.79
1735661998, 103, 18, 40, 0, 0, 0.17%, 8, 0, 7, 132.96
1735662004, 103, 19, 40, 0, 0, 0.17%, 8, 0, 7, 132.36
1735662009, 104, 11, 40, 0, 0, 0.17%, 8, 0, 7, 126.97
1735662014, 104, 12, 40, 0, 0, 0.17%, 8, 0, 7, 128.16
1735662019, 104, 17, 40, 0, 0, 0.17%, 8, 0, 7, 132.95
1735662024, 104, 18, 40, 0, 0, 0.17%, 8, 0, 7, 131.48
1735662029, 105, 11, 40, 0, 0, 0.17%, 8, 0, 7, 134.68
1735662034, 105, 12, 40, 0, 0, 0.17%, 8, 0, 7, 130.82
1735662040, 105, 17, 40, 0, 0, 0.17%, 8, 0, 7, 126.64
1735662045, 105, 18, 40, 0, 0, 0.17%, 8, 0, 7, 127.95
1735662050, 105, 22, 40, 0, 0, 0.17%, 8, 0, 7, 126.46
1735662055, 106, 9, 40, 0, 0, 0.17%, 8, 0, 7, 133.68
1735662060, 106, 11, 40, 0, 0, 0.17%, 8, 0, 7, 137.63
1735662065, 106, 12, 40, 0, 0, 0.17%, 8, 0, 7, 132.32
1735662070, 106, 17, 40, 0, 0, 0.17%, 8, 0, 7, 127.60
1735662076, 106, 18, 40, 0, 0, 0.17%, 8, 0, 7, 129.75
1735662081, 107, 12, 40, 0, 0, 0.17%, 8, 0, 7, 131.19
1735662086, 107, 17, 40, 0, 0, 0.17%, 8, 0, 7, 138.15
1735662096, 108, 10, 40, 0, 0, 0.17%, 8, 0, 7, 128.12
1735662101, 108, 12, 40, 0, 0, 0.17%, 8, 0, 7, 123.92
1735662107, 108, 17, 40, 0, 0, 0.17%, 8, 0, 7, 128.28
1735662112, 108, 18, 40, 0, 0, 0.17%, 8, 0, 7, 126.98
1735662117, 109, 10, 40, 0, 0, 0.17%, 8, 0, 7, 127.45
1735662122, 109, 12, 40, 0, 0, 0.17%, 8, 0, 7, 127.93
1735662127, 109, 17, 40, 0, 0, 0.17%, 8, 0, 7, 129.71
1735662132, 109, 18, 40, 0, 0, 0.17%, 8, 0, 7, 130.60
1735662137, 109, 23, 40, 0, 0, 0.17%, 8, 0, 7, 138.62
1735662143, 110, 11, 40, 0, 0, 0.17%, 8, 0, 7, 125.58
1735662148, 110, 12, 40, 0, 0, 0.17%, 8, 0, 7, 129.83
1735662153, 110, 17, 40, 0, 0, 0.17%, 8, 0, 7, 129.43
1735662158, 110, 18, 40, 0, 0, 0.17%, 8, 0, 7, 131.66
1735662163, 110, 23, 40, 0, 0, 0.17%, 8, 0, 7, 145.33
1735662168, 111, 10, 40, 0, 0, 0.17%, 8, 0, 7, 137.02
1735662174, 111, 12, 40, 0, 0, 0.17%, 8, 0, 7, 132.01
1735662179, 111, 17, 40, 0, 0, 0.17%, 8, 0, 7, 124.52
1735662184, 111, 18, 40, 0, 0, 0.17%, 8, 0, 7, 130.78
1735662189, 112, 10, 40, 0, 0, 0.17%, 8, 0, 7, 130.73
1735662194, 112, 12, 40, 0, 0, 0.17%, 8, 0, 7, 131.39
1735662205, 112, 17, 40, 0, 0, 0.17%, 8, 0, 7, 133.09
1735662210, 112, 18, 40, 0, 0, 0.17%, 8, 0, 7, 130.52
1735662215, 113, 12, 40, 0, 0, 0.17%, 8, 0, 7, 129.78
1735662220, 113, 17, 40, 0, 0, 0.17%, 8, 0, 7, 135.86
1735662225, 113, 18, 40, 0, 0, 0.17%, 8, 0, 7, 129.41
1735662230, 113, 37, 40, 0, 0, 0.17%, 8, 0, 7, 127.66
1735662236, 114, 10, 40, 0, 0, 0.17%, 8, 0, 7, 139.98
1735662241, 114, 12, 40, 0, 0, 0.17%, 8, 0, 7, 129.92
1735662251, 114, 17, 40, 0, 0, 0.17%, 8, 0, 7, 131.05
1735662256, 114, 30, 40, 0, 0, 0.17%, 8, 0, 7, 138.79
1735662261, 115, 10, 40, 0, 0, 0.17%, 8, 0, 7, 127.86
1735662266, 115, 12, 40, 0, 0, 0.17%, 8, 0, 7, 130.83
1735662271, 115, 17, 40, 0, 0, 0.17%, 8, 0, 7, 135.86
1735662277, 115, 18, 40, 0, 0, 0.17%, 8, 0, 7, 141.19
1735662282, 115, 23, 40, 0, 0, 0.17%, 8, 0, 7, 145.56
1735662287, 115, 34, 40, 0, 0, 0.17%, 8, 0, 7, 171.78
1735662292, 115, 35, 40, 0, 0, 0.17%, 8, 0, 7, 148.03
1735662297, 116, 10, 40, 0, 0, 0.17%, 8, 0, 7, 143.66
1735662302, 116, 12, 40, 0, 0, 0.17%, 8, 0, 7, 133.34
1735662312, 116, 18, 40, 0, 0, 0.17%, 8, 0, 7, 135.28
1735662318, 116, 37, 40, 0, 0, 0.17%, 8, 0, 7, 132.66
1735662323, 117, 4, 40, 0, 0, 0.17%, 8, 0, 7, 129.62
1735662328, 117, 11, 40, 0, 0, 0.17%, 8, 0, 7, 135.61
1735662333, 117, 12, 40, 0, 0, 0.17%, 8, 0, 7, 134.35
1735662338, 117, 17, 40, 0, 0, 0.17%, 8, 0, 7, 131.56
1735662344, 117, 18, 40, 0, 0, 0.17%, 8, 0, 7, 132.15
1735662349, 118, 11, 40, 0, 0, 0.17%, 8, 0, 7, 131.18
1735662354, 118, 12, 40, 0, 0, 0.17%, 8, 0, 7, 136.17
1735662359, 118, 17, 40, 0, 0, 0.17%, 8, 0, 7, 129.73
1735662364, 118, 18, 40, 0, 0, 0.17%, 8, 0, 7, 129.27
1735662369, 119, 11, 40, 0, 0, 0.17%, 8, 0, 7, 131.90
1735662374, 119, 12, 40, 0, 0, 0.17%, 8, 0, 7, 137.43
1735662379, 119, 13, 40, 0, 0, 0.17%, 8, 0, 7, 133.46
1735662385, 119, 17, 40, 0, 0, 0.17%, 8, 0, 7, 132.18
1735662390, 119, 18, 40, 0, 0, 0.17%, 8, 0, 7, 130.61
1735662395, 119, 31, 40, 0, 0, 0.17%, 8, 0, 7, 138.10
1735662400, 120, 11, 40, 0, 0, 0.17%, 8, 0, 7, 127.38
1735662405, 120, 12, 40, 0, 0, 0.17%, 8, 0, 7, 139.09
1735662410, 120, 17, 40, 0, 0, 0.17%, 8, 0, 7, 133.10
1735662416, 120, 18, 40, 0, 0, 0.17%, 8, 0, 7, 130.06
1735662421, 121, 11, 40, 0, 0, 0.17%, 8, 0, 7, 134.62
1735662426, 121, 12, 40, 0, 0, 0.17%, 8, 0, 7, 136.71
1735662431, 121, 17, 40, 0, 0, 0.17%, 8, 0, 7, 127.91
1735662436, 121, 18, 40, 0, 0, 0.17%, 8, 0, 7, 133.07
1735662441, 121, 27, 40, 0, 0, 0.17%, 8, 0, 7, 133.61
1735662447, 121, 29, 40, 0, 0, 0.17%, 8, 0, 7, 140.82
1735662452, 122, 11, 40, 0, 0, 0.17%, 8, 0, 7, 134.20
1735662457, 122, 12, 40, 0, 0, 0.17%, 8, 0, 7, 139.79
1735662462, 122, 17, 40, 0, 0, 0.17%, 8, 0, 7, 137.47
1735662467, 122, 32, 40, 0, 0, 0.17%, 8, 0, 7, 136.85
1735662472, 123, 4, 40, 0, 0, 0.17%, 8, 0, 7, 132.16
1735662477, 123, 10, 40, 0, 0, 0.17%, 8, 0, 7, 127.28
1735662482, 123, 12, 40, 0, 0, 0.17%, 8, 0, 7, 129.18
1735662488, 123, 13, 40, 0, 0, 0.17%, 8, 0, 7, 129.06
1735662493, 123, 17, 40, 0, 0, 0.17%, 8, 0, 7, 131.22
1735662498, 123, 18, 40, 0, 0, 0.17%, 8, 0, 7, 127.17
1735662503, 123, 30, 40, 0, 0, 0.17%, 8, 0, 7, 138.62
1735662508, 123, 34, 40, 0, 0, 0.17%, 8, 0, 7, 160.46
1735662513, 124, 10, 40, 0, 0, 0.17%, 8, 0, 7, 133.53
1735662518, 124, 12, 40, 0, 0, 0.17%, 8, 0, 7, 132.64
1735662523, 124, 14, 40, 0, 0, 0.17%, 8, 0, 7, 134.09
1735662529, 124, 17, 40, 0, 0, 0.17%, 8, 0, 7, 133.62
1735662534, 124, 18, 40, 0, 0, 0.17%, 8, 0, 7, 132.39
1735662539, 125, 6, 40, 0, 0, 0.17%, 8, 0, 7, 141.30
1735662544, 125, 12, 40, 0, 0, 0.17%, 8, 0, 7, 137.95
1735662554, 125, 17, 40, 0, 0, 0.17%, 8, 0, 7, 129.81
1735662559, 125, 36, 40, 0, 0, 0.17%, 8, 0, 7, 141.87
1735662570, 125, 38, 40, 0, 0, 0.17%, 8, 0, 7, 136.01
1735662575, 126, 11, 40, 0, 0, 0.17%, 8, 0, 7, 131.96
1735662580, 126, 12, 40, 0, 0, 0.17%, 8, 0, 7, 136.65
1735662585, 126, 17, 40, 0, 0, 0.17%, 8, 0, 7, 134.50
1735662590, 126, 18, 40, 0, 0, 0.17%, 8, 0, 7, 124.84
1735662595, 126, 19, 40, 0, 0, 0.17%, 8, 0, 7, 130.37
1735662601, 126, 38, 40, 0, 0, 0.17%, 8, 0, 7, 133.89
1735662606, 127, 10, 40, 0, 0, 0.17%, 8, 0, 7, 130.63
1735662611, 127, 12, 40, 0, 0, 0.17%, 8, 0, 7, 132.70
1735662616, 127, 17, 40, 0, 0, 0.17%, 8, 0, 7, 135.19
1735662621, 127, 18, 40, 0, 0, 0.17%, 8, 0, 7, 142.95
1735662626, 128, 11, 40, 0, 0, 0.17%, 8, 0, 7, 132.04
1735662631, 128, 12, 40, 0, 0, 0.17%, 8, 0, 7, 133.50
1735662637, 128, 17, 40, 0, 0, 0.17%, 8, 0, 7, 132.60
1735662642, 128, 18, 40, 0, 0, 0.17%, 8, 0, 7, 130.23
1735662647, 128, 29, 40, 0, 0, 0.17%, 8, 0, 7, 139.39
1735662652, 128, 37, 40, 0, 0, 0.17%, 8, 0, 7, 137.01
1735662657, 129, 10, 40, 0, 0, 0.17%, 8, 0, 7, 131.22
1735662662, 129, 12, 40, 0, 0, 0.17%, 8, 0, 7, 130.53
1735662668, 129, 17, 40, 0, 0, 0.17%, 8, 0, 7, 134.61
1735662673, 129, 18, 40, 0, 0, 0.17%, 8, 0, 7, 124.30
1735662678, 130, 11, 40, 0, 0, 0.17%, 8, 0, 7, 128.28
1735662683, 130, 12, 40, 0, 0, 0.17%, 8, 0, 7, 137.37
1735662688, 130, 17, 40, 0, 0, 0.17%, 8, 0, 7, 131.51
1735662693, 130, 18, 40, 0, 0, 0.17%, 8, 0, 7, 127.88
1735662699, 130, 20, 40, 0, 0, 0.17%, 8, 0, 7, 135.40
1735662704, 130, 21, 40, 0, 0, 0.17%, 8, 0, 7, 140.66
1735662709, 131, 10, 40, 0, 0, 0.17%, 8, 0, 7, 138.91
1735662714, 131, 12, 40, 0, 0, 0.17%, 8, 0, 7, 136.77
1735662719, 131, 17, 40, 0, 0, 0.17%, 8, 0, 7, 139.41
1735662724, 131, 18, 40, 0, 0, 0.17%, 8, 0, 7, 127.78
1735662730, 131, 25, 40, 0, 0, 0.17%, 8, 0, 7, 139.10
1735662740, 132, 11, 40, 0, 0, 0.17%, 8, 0, 7, 125.87
1735662745, 132, 12, 40, 0, 0, 0.17%, 8, 0, 7, 126.12
1735662750, 132, 17, 40, 0, 0, 0.17%, 8, 0, 7, 126.32
1735662755, 132, 18, 40, 0, 0, 0.17%, 8, 0, 7, 124.16
1735662760, 132, 22, 40, 0, 0, 0.17%, 8, 0, 7, 123.31
1735662765, 133, 10, 40, 0, 0, 0.17%, 8, 0, 7, 126.81
1735662770, 133, 12, 40, 0, 0, 0.17%, 8, 0, 7, 129.78
1735662776, 133, 17, 40, 0, 0, 0.17%, 8, 0, 7, 135.50
1735662781, 133, 18, 40, 0, 0, 0.17%, 8, 0, 7, 130.25
1735662786, 133, 19, 40, 0, 0, 0.17%, 8, 0, 7, 130.01
1735662791, 134, 10, 40, 0, 0, 0.17%, 8, 0, 7, 124.98
1735662796, 134, 12, 40, 0, 0, 0.17%, 8, 0, 7, 124.94
1735662802, 134, 17, 40, 0, 0, 0.17%, 8, 0, 7, 129.10
1735662807, 134, 18, 40, 0, 0, 0.17%, 8, 0, 7, 127.63
1735662812, 134, 32, 40, 0, 0, 0.17%, 8, 0, 7, 141.21
1735662817, 134, 35, 40, 0, 0, 0.17%, 8, 0, 7, 141.74
1735662822, 135, 11, 40, 0, 0, 0.17%, 8, 0, 7, 134.01
1735662827, 135, 12, 40, 0, 0, 0.17%, 8, 0, 7, 142.51
1735662832, 135, 14, 40, 0, 0, 0.17%, 8, 0, 7, 138.39
1735662837, 135, 17, 40, 0, 0, 0.17%, 8, 0, 7, 126.68
1735662843, 135, 18, 40, 0, 0, 0.17%, 8, 0, 7, 131.92
1735662848, 136, 8, 40, 0, 0, 0.17%, 8, 0, 7, 134.67
1735662853, 136, 11, 40, 0, 0, 0.17%, 8, 0, 7, 126.71
1735662858, 136, 12, 40, 0, 0, 0.17%, 8, 0, 7, 129.42
1735662863, 136, 17, 40, 0, 0, 0.17%, 8, 0, 7, 133.21
1735662868, 136, 18, 40, 0, 0, 0.17%, 8, 0, 7, 129.59
1735662874, 137, 11, 40, 0, 0, 0.17%, 8, 0, 7, 127.61
1735662879, 137, 12, 40, 0, 0, 0.17%, 8, 0, 7, 128.32
1735662884, 137, 17, 40, 0, 0, 0.17%, 8, 0, 7, 132.71
1735662889, 137, 18, 40, 0, 0, 0.17%, 8, 0, 7, 133.84
1735662894, 137, 37, 40, 0, 0, 0.17%, 8, 0, 7, 139.91
1735662899, 138, 11, 40, 0, 0, 0.17%, 8, 0, 7, 139.34
1735662905, 138, 12, 40, 0, 0, 0.17%, 8, 0, 7, 131.29
1735662910, 138, 17, 40, 0, 0, 0.17%, 8, 0, 7, 125.27
1735662915, 139, 7, 40, 0, 0, 0.17%, 8, 0, 7, 128.14
1735662920, 139, 11, 40, 0, 0, 0.17%, 8, 0, 7, 129.68
1735662925, 139, 12, 40, 0, 0, 0.17%, 8, 0, 7, 134.47
1735662930, 139, 17, 40, 0, 0, 0.17%, 8, 0, 7, 126.07
1735662935, 139, 18, 40, 0, 0, 0.17%, 8, 0, 7, 129.58
1735662941, 139, 25, 40, 0, 0, 0.17%, 8, 0, 7, 136.34
1735662946, 140, 0, 40, 0, 0, 0.17%, 8, 0, 7, 128.50
1735662951, 140, 11, 40, 0, 0, 0.17%, 8, 0, 7, 127.38
1735662956, 140, 12, 40, 0, 0, 0.17%, 8, 0, 7, 128.60
1735662961, 140, 17, 40, 0, 0, 0.17%, 8, 0, 7, 134.78
1735662966, 140, 18, 40, 0, 0, 0.17%, 8, 0, 7, 128.63
1735662972, 140, 21, 40, 0, 0, 0.17%, 8, 0, 7, 141.20
1735662977, 141, 11, 40, 0, 0, 0.17%, 8, 0, 7, 126.98
1735662982, 141, 12, 40, 0, 0, 0.17%, 8, 0, 7, 125.88
1735662987, 141, 17, 40, 0, 0, 0.17%, 8, 0, 7, 126.65
1735662992, 141, 18, 40, 0, 0, 0.17%, 8, 0, 7, 135.52
1735662997, 141, 20, 40, 0, 0, 0.17%, 8, 0, 7, 143.94
1735663003, 141, 25, 40, 0, 0, 0.17%, 8, 0, 7, 142.00
1735663008, 141, 32, 40, 0, 0, 0.17%, 8, 0, 7, 141.71
1735663013, 142, 10, 40, 0, 0, 0.17%, 8, 0, 7, 142.29
1735663018, 142, 12, 40, 0, 0, 0.17%, 8, 0, 7, 131.61
1735663023, 142, 17, 40, 0, 0, 0.17%, 8, 0, 7, 133.35
1735663028, 142, 18, 40, 0, 0, 0.17%, 8, 0, 7, 134.29
1735663034, 142, 30, 40, 0, 0, 0.17%, 8, 0, 7, 142.05
1735663039, 142, 32, 40, 0, 0, 0.17%, 8, 0, 7, 149.75
1735663044, 143, 10, 40, 0, 0, 0.17%, 8, 0, 7, 140.91
1735663049, 143, 12, 40, 0, 0, 0.17%, 8, 0, 7, 132.15
1735663054, 143, 17, 40, 0, 0, 0.17%, 8, 0, 7, 131.44
1735663059, 143, 18, 40, 0, 0, 0.17%, 8, 0, 7, 125.89
1735663064, 143, 30, 40, 0, 0, 0.17%, 8, 0, 7, 139.42
1735663069, 143, 32, 40, 0, 0, 0.17%, 8, 0, 7, 144.12
1735663075, 143, 35, 40, 0, 0, 0.17%, 8, 0, 7, 141.65
1735663080, 144, 11, 40, 0, 0, 0.17%, 8, 0, 7, 132.80
1735663085, 144, 12, 40, 0, 0, 0.17%, 8, 0, 7, 134.89
1735663090, 144, 17, 40, 0, 0, 0.17%, 8, 0, 7, 134.12
1735663095, 144, 18, 40, 0, 0, 0.17%, 8, 0, 7, 125.69
1735663100, 144, 23, 40, 0, 0, 0.17%, 8, 0, 7, 131.88
1735663106, 144, 28, 40, 0, 0, 0.17%, 8, 0, 7, 140.33
1735663111, 145, 10, 40, 0, 0, 0.17%, 8, 0, 7, 126.36
1735663116, 145, 12, 40, 0, 0, 0.17%, 8, 0, 7, 128.23
1735663121, 145, 17, 40, 0, 0, 0.17%, 8, 0, 7, 126.77
1735663126, 145, 18, 40, 0, 0, 0.17%, 8, 0, 7, 120.73
1735663131, 146, 6, 40, 0, 0, 0.17%, 8, 0, 7, 129.43
1735663136, 146, 11, 40, 0, 0, 0.17%, 8, 0, 7, 128.28
1735663141, 146, 12, 40, 0, 0, 0.17%, 8, 0, 7, 136.67
1735663147, 146, 17, 40, 0, 0, 0.17%, 8, 0, 7, 133.56
1735663152, 146, 18, 40, 0, 0, 0.17%, 8, 0, 7, 137.39
1735663157, 146, 22, 40, 0, 0, 0.17%, 8, 0, 7, 135.37
1735663162, 146, 29, 40, 0, 0, 0.17%, 8, 0, 7, 135.85
1735663167, 147, 11, 40, 0, 0, 0.17%, 8, 0, 7, 128.92
1735663172, 147, 12, 40, 0, 0, 0.17%, 8, 0, 7, 137.85
1735663178, 147, 17, 40, 0, 0, 0.17%, 8, 0, 7, 126.79
1735663183, 147, 19, 40, 0, 0, 0.17%, 8, 0, 7, 139.76
1735663193, 148, 11, 40, 0, 0, 0.17%, 8, 0, 7, 131.94
1735663198, 148, 12, 40, 0, 0, 0.17%, 8, 0, 7, 129.55
1735663203, 148, 15, 40, 0, 0, 0.17%, 8, 0, 7, 137.92
1735663209, 148, 17, 40, 0, 0, 0.17%, 8, 0, 7, 131.67
1735663214, 149, 10, 40, 0, 0, 0.17%, 8, 0, 7, 140.19
1735663219, 149, 11, 40, 0, 0, 0.17%, 8, 0, 7, 133.13
1735663224, 149, 12, 40, 0, 0, 0.17%, 8, 0, 7, 134.92
1735663229, 149, 17, 40, 0, 0, 0.17%, 8, 0, 7, 127.42
1735663234, 149, 30, 40, 0, 0, 0.17%, 8, 0, 7, 133.15
1735663239, 149, 37, 40, 0, 0, 0.17%, 8, 0, 7, 142.66
1735663245, 150, 10, 40, 0, 0, 0.17%, 8, 0, 7, 131.05
1735663250, 150, 12, 40, 0, 0, 0.17%, 8, 0, 7, 132.75
1735663255, 150, 17, 40, 0, 0, 0.17%, 8, 0, 7, 134.69
1735663260, 150, 18, 40, 0, 0, 0.17%, 8, 0, 7, 129.55
1735663265, 151, 10, 40, 0, 0, 0.17%, 8, 0, 7, 133.84
1735663270, 151, 12, 40, 0, 0, 0.17%, 8, 0, 7, 136.08
1735663276, 151, 17, 40, 0, 0, 0.17%, 8, 0, 7, 132.66
1735663281, 151, 18, 40, 0, 0, 0.17%, 8, 0, 7, 128.80
1735663286, 151, 32, 40, 0, 0, 0.17%, 8, 0, 7, 139.86
1735663291, 152, 11, 40, 0, 0, 0.17%, 8, 0, 7, 126.29
1735663296, 152, 12, 40, 0, 0, 0.17%, 8, 0, 7, 130.54
1735663301, 152, 17, 40, 0, 0, 0.17%, 8, 0, 7, 131.05
1735663306, 152, 18, 40, 0, 0, 0.17%, 8, 0, 7, 128.28
1735663312, 152, 26, 40, 0, 0, 0.17%, 8, 0, 7, 135.33
1735663317, 153, 10, 40, 0, 0, 0.17%, 8, 0, 7, 130.24
1735663322, 153, 12, 40, 0, 0, 0.17%, 8, 0, 7, 125.80
1735663327, 153, 17, 40, 0, 0, 0.17%, 8, 0, 7, 130.65
1735663332, 153, 18, 40, 0, 0, 0.17%, 8, 0, 7, 132.13
1735663337, 153, 21, 40, 0, 0, 0.17%, 8, 0, 7, 133.96
1735663343, 154, 11, 40, 0, 0, 0.17%, 8, 0, 7, 132.43
1735663348, 154, 12, 40, 0, 0, 0.17%, 8, 0, 7, 132.65
1735663353, 154, 17, 40, 0, 0, 0.17%, 8, 0, 7, 135.40
1735663358, 154, 18, 40, 0, 0, 0.17%, 8, 0, 7, 130.65
1735663363, 154, 21, 40, 0, 0, 0.17%, 8, 0, 7, 134.94
1735663368, 154, 24, 40, 0, 0, 0.17%, 8, 0, 7, 133.86
1735663374, 155, 11, 40, 0, 0, 0.17%, 8, 0, 7, 128.90
1735663379, 155, 12, 40, 0, 0, 0.17%, 8, 0, 7, 133.29
1735663384, 155, 17, 40, 0, 0, 0.17%, 8, 0, 7, 134.34
1735663389, 155, 18, 40, 0, 0, 0.17%, 8, 0, 7, 129.22
1735663394, 155, 33, 40, 0, 0, 0.17%, 8, 0, 7, 135.69
1735663399, 156, 12, 40, 0, 0, 0.17%, 8, 0, 7, 132.45
1735663404, 156, 17, 40, 0, 0, 0.17%, 8, 0, 7, 142.48
1735663409, 156, 18, 40, 0, 0, 0.17%, 8, 0, 7, 131.06
1735663415, 157, 10, 40, 0, 0, 0.17%, 8, 0, 7, 133.45
1735663420, 157, 12, 40, 0, 0, 0.17%, 8, 0, 7, 128.64
1735663425, 157, 17, 40, 0, 0, 0.17%, 8, 0, 7, 125.41
1735663430, 157, 18, 40, 0, 0, 0.17%, 8, 0, 7, 125.62
1735663435, 157, 34, 40, 0, 0, 0.17%, 8, 0, 7, 153.19
1735663445, 158, 11, 40, 0, 0, 0.17%, 8, 0, 7, 133.43
1735663450, 158, 12, 40, 0, 0, 0.17%, 8, 0, 7, 128.87
1735663456, 158, 17, 40, 0, 0, 0.17%, 8, 0, 7, 132.38
1735663461, 158, 18, 40, 0, 0, 0.17%, 8, 0, 7, 131.13
1735663466, 158, 20, 40, 0, 0, 0.17%, 8, 0, 7, 137.40
1735663471, 159, 11, 40, 0, 0, 0.17%, 8, 0, 7, 131.19
1735663476, 159, 12, 40, 0, 0, 0.17%, 8, 0, 7, 132.33
1735663481, 159, 17, 40, 0, 0, 0.17%, 8, 0, 7, 128.93
1735663487, 159, 19, 40, 0, 0, 0.17%, 8, 0, 7, 130.33
1735663492, 159, 37, 40, 0, 0, 0.17%, 8, 0, 7, 138.76
1735663497, 160, 2, 40, 0, 0, 0.17%, 8, 0, 7, 137.32
1735663502, 160, 11, 40, 0, 0, 0.17%, 8, 0, 7, 127.00
1735663507, 160, 12, 40, 0, 0, 0.17%, 8, 0, 7, 128.89
1735663512, 160, 17, 40, 0, 0, 0.17%, 8, 0, 7, 130.14
1735663518, 160, 18, 40, 0, 0, 0.17%, 8, 0, 7, 132.19
1735663523, 160, 27, 40, 0, 0, 0.17%, 8, 0, 7, 125.50
1735663528, 161, 11, 40, 0, 0, 0.17%, 8, 0, 7, 131.08
1735663533, 161, 12, 40, 0, 0, 0.17%, 8, 0, 7, 134.81
1735663538, 161, 17, 40, 0, 0, 0.17%, 8, 0, 7, 128.46
1735663543, 161, 18, 40, 0, 0, 0.17%, 8, 0, 7, 129.31
1735663548, 161, 32, 40, 0, 0, 0.17%, 8, 0, 7, 135.85
1735663554, 161, 33, 40, 0, 0, 0.17%, 8, 0, 7, 138.87
1735663559, 162, 11, 40, 0, 0, 0.17%, 8, 0, 7, 131.94
1735663564, 162, 12, 40, 0, 0, 0.17%, 8, 0, 7, 135.38
1735663569, 162, 17, 40, 0, 0, 0.17%, 8, 0, 7, 135.40
1735663574, 162, 18, 40, 0, 0, 0.17%, 8, 0, 7, 134.34
1735663579, 162, 20, 40, 0, 0, 0.17%, 8, 0, 7, 137.09
1735663585, 163, 11, 40, 0, 0, 0.17%, 8, 0, 7, 131.62
1735663590, 163, 12, 40, 0, 0, 0.17%, 8, 0, 7, 133.94
1735663595, 163, 17, 40, 0, 0, 0.17%, 8, 0, 7, 129.65
1735663600, 163, 18, 40, 0, 0, 0.17%, 8, 0, 7, 130.42
1735663605, 163, 19, 40, 0, 0, 0.17%, 8, 0, 7, 122.66
1735663610, 163, 38, 40, 0, 0, 0.17%, 8, 0, 7, 129.47
1735663615, 164, 11, 40, 0, 0, 0.17%, 8, 0, 7, 129.56
1735663620, 164, 12, 40, 0, 0, 0.17%, 8, 0, 7, 126.83
1735663626, 164, 17, 40, 0, 0, 0.17%, 8, 0, 7, 126.73
1735663631, 164, 18, 40, 0, 0, 0.17%, 8, 0, 7, 126.83
1735663636, 165, 11, 40, 0, 0, 0.17%, 8, 0, 7, 130.35
1735663641, 165, 12, 40, 0, 0, 0.17%, 8, 0, 7, 139.05
1735663646, 165, 17, 40, 0, 0, 0.17%, 8, 0, 7, 138.04
1735663651, 165, 18, 40, 0, 0, 0.17%, 8, 0, 7, 128.48
1735663657, 165, 30, 40, 0, 0, 0.17%, 8, 0, 7, 138.33
1735663662, 166, 11, 40, 0, 0, 0.17%, 8, 0, 7, 135.93
1735663667, 166, 12, 40, 0, 0, 0.17%, 8, 0, 7, 131.95
1735663672, 166, 17, 40, 0, 0, 0.17%, 8, 0, 7, 127.24
1735663677, 167, 9, 40, 0, 0, 0.17%, 8, 0, 7, 130.67
1735663682, 167, 11, 40, 0, 0, 0.17%, 8, 0, 7, 128.40
1735663687, 167, 12, 40, 0, 0, 0.17%, 8, 0, 7, 137.46
1735663692, 167, 17, 40, 0, 0, 0.17%, 8, 0, 7, 135.61
1735663698, 167, 18, 40, 0, 0, 0.17%, 8, 0, 7, 127.95
1735663703, 167, 26, 40, 0, 0, 0.17%, 8, 0, 7, 135.75
1735663708, 167, 39, 40, 0, 0, 0.17%, 8, 0, 7, 160.69
1735663728, 168, 11, 40, 0, 0, 0.17%, 8, 0, 7, 139.52
1735663733, 168, 12, 40, 0, 0, 0.17%, 8, 0, 7, 135.66
1735663738, 168, 14, 40, 0, 0, 0.17%, 8, 0, 7, 142.83
1735663743, 168, 17, 40, 0, 0, 0.17%, 8, 0, 7, 133.38
1735663749, 168, 18, 40, 0, 0, 0.17%, 8, 0, 7, 126.73
1735663754, 169, 11, 40, 0, 0, 0.17%, 8, 0, 7, 138.63
1735663759, 169, 12, 40, 0, 0, 0.17%, 8, 0, 7, 144.58
1735663764, 169, 18, 40, 0, 0, 0.17%, 8, 0, 7, 123.70
1735663769, 170, 0, 40, 0, 0, 0.17%, 8, 0, 7, 127.93
1735663774, 170, 12, 40, 0, 0, 0.17%, 8, 0, 7, 135.68
1735663785, 170, 17, 40, 0, 0, 0.17%, 8, 0, 7, 131.90
1735663790, 171, 1, 40, 0, 0, 0.17%, 8, 0, 7, 129.25
1735663795, 171, 11, 40, 0, 0, 0.17%, 8, 0, 7, 131.32
1735663800, 171, 12, 40, 0, 0, 0.17%, 8, 0, 7, 133.45
1735663805, 171, 17, 40, 0, 0, 0.17%, 8, 0, 7, 134.34
1735663811, 171, 18, 40, 0, 0, 0.17%, 8, 0, 7, 125.37
1735663816, 172, 11, 40, 0, 0, 0.17%, 8, 0, 7, 126.31
1735663821, 172, 12, 40, 0, 0, 0.17%, 8, 0, 7, 136.51
1735663826, 172, 17, 40, 0, 0, 0.17%, 8, 0, 7, 127.00
1735663831, 172, 24, 40, 0, 0, 0.17%, 8, 0, 7, 130.57
1735663836, 173, 10, 40, 0, 0, 0.17%, 8, 0, 7, 132.33
1735663841, 173, 12, 40, 0, 0, 0.17%, 8, 0, 7, 128.24
1735663847, 173, 17, 40, 0, 0, 0.17%, 8, 0, 7, 131.09
1735663852, 173, 18, 40, 0, 0, 0.17%, 8, 0, 7, 127.39
1735663857, 173, 33, 40, 0, 0, 0.17%, 8, 0, 7, 142.63
1735663862, 174, 10, 40, 0, 0, 0.17%, 8, 0, 7, 138.38
1735663867, 174, 12, 40, 0, 0, 0.17%, 8, 0, 7, 134.78
1735663872, 174, 17, 40, 0, 0, 0.17%, 8, 0, 7, 130.74
1735663877, 174, 18, 40, 0, 0, 0.17%, 8, 0, 7, 128.89
1735663883, 174, 24, 40, 0, 0, 0.17%, 8, 0, 7, 133.66
1735663888, 175, 11, 40, 0, 0, 0.17%, 8, 0, 7, 128.28
1735663893, 175, 12, 40, 0, 0, 0.17%, 8, 0, 7, 139.24
1735663898, 175, 16, 40, 0, 0, 0.17%, 8, 0, 7, 138.36
1735663903, 175, 17, 40, 0, 0, 0.17%, 8, 0, 7, 135.09
1735663908, 175, 18, 40, 0, 0, 0.17%, 8, 0, 7, 134.35
1735663914, 176, 10, 40, 0, 0, 0.17%, 8, 0, 7, 130.39
1735663919, 176, 12, 40, 0, 0, 0.17%, 8, 0, 7, 129.52
1735663924, 176, 17, 40, 0, 0, 0.17%, 8, 0, 7, 129.12
1735663929, 176, 18, 40, 0, 0, 0.17%, 8, 0, 7, 132.02
1735663934, 176, 24, 40, 0, 0, 0.17%, 8, 0, 7, 123.42
1735663939, 177, 10, 40, 0, 0, 0.17%, 8, 0, 7, 134.68
1735663944, 177, 12, 40, 0, 0, 0.17%, 8, 0, 7, 131.67
1735663949, 177, 15, 40, 0, 0, 0.17%, 8, 0, 7, 143.05
1735663955, 177, 17, 40, 0, 0, 0.17%, 8, 0, 7, 132.04
1735663960, 177, 18, 40, 0, 0, 0.17%, 8, 0, 7, 129.47
1735663965, 177, 22, 40, 0, 0, 0.17%, 8, 0, 7, 133.75
1735663970, 177, 35, 40, 0, 0, 0.17%, 8, 0, 7, 145.49
1735663975, 178, 3, 40, 0, 0, 0.17%, 8, 0, 7, 132.20
1735663980, 178, 12, 40, 0, 0, 0.17%, 8, 0, 7, 136.33
1735663985, 178, 17, 40, 0, 0, 0.17%, 8, 0, 7, 141.17
1735663991, 178, 18, 40, 0, 0, 0.17%, 8, 0, 7, 125.41
1735663996, 178, 26, 40, 0, 0, 0.17%, 8, 0, 7, 140.06
1735664001, 179, 10, 40, 0, 0, 0.17%, 8, 0, 7, 131.99
1735664006, 179, 12, 40, 0, 0, 0.17%, 8, 0, 7, 129.18
1735664011, 179, 14, 40, 0, 0, 0.17%, 8, 0, 7, 142.48
1735664016, 179, 17, 40, 0, 0, 0.17%, 8, 0, 7, 136.70
1735664021, 179, 18, 40, 0, 0, 0.17%, 8, 0, 7, 126.51
1735664026, 179, 24, 40, 0, 0, 0.17%, 8, 0, 7, 131.13
1735664032, 179, 31, 40, 0, 0, 0.17%, 8, 0, 7, 134.61
1735664037, 179, 37, 40, 0, 0, 0.17%, 8, 0, 7, 136.90
1735664042, 180, 1, 40, 0, 0, 0.17%, 8, 0, 7, 136.48
1735664047, 180, 11, 40, 0, 0, 0.17%, 8, 0, 7, 130.03
1735664052, 180, 12, 40, 0, 0, 0.17%, 8, 0, 7, 138.15
1735664057, 180, 18, 40, 0, 0, 0.17%, 8, 0, 7, 136.19
1735664063, 181, 10, 40, 0, 0, 0.17%, 8, 0, 7, 135.10
1735664068, 181, 12, 40, 0, 0, 0.17%, 8, 0, 7, 130.69
1735664073, 181, 17, 40, 0, 0, 0.17%, 8, 0, 7, 136.59
1735664083, 181, 18, 40, 0, 0, 0.17%, 8, 0, 7, 127.10
1735664088, 182, 11, 40, 0, 0, 0.17%, 8, 0, 7, 133.55
1735664093, 182, 12, 40, 0, 0, 0.17%, 8, 0, 7, 139.10
1735664099, 182, 17, 40, 0, 0, 0.17%, 8, 0, 7, 143.03
1735664104, 182, 18, 40, 0, 0, 0.17%, 8, 0, 7, 127.45
1735664109, 182, 20, 40, 0, 0, 0.17%, 8, 0, 7, 131.80
1735664114, 182, 28, 40, 0, 0, 0.17%, 8, 0, 7, 143.48
1735664119, 182, 35, 40, 0, 0, 0.17%, 8, 0, 7, 142.40
1735664124, 183, 11, 40, 0, 0, 0.17%, 8, 0, 7, 134.75
1735664129, 183, 12, 40, 0, 0, 0.17%, 8, 0, 7, 128.27
1735664135, 183, 17, 40, 0, 0, 0.17%, 8, 0, 7, 136.73
1735664140, 183, 31, 40, 0, 0, 0.17%, 8, 0, 7, 138.29
1735664145, 184, 10, 40, 0, 0, 0.17%, 8, 0, 7, 133.42
1735664150, 184, 12, 40, 0, 0, 0.17%, 8, 0, 7, 128.02
1735664160, 184, 17, 40, 0, 0, 0.17%, 8, 0, 7, 130.66
1735664166, 184, 18, 40, 0, 0, 0.17%, 8, 0, 7, 130.63
1735664171, 185, 11, 40, 0, 0, 0.17%, 8, 0, 7, 129.68
1735664176, 185, 12, 40, 0, 0, 0.17%, 8, 0, 7, 126.19
1735664181, 185, 17, 40, 0, 0, 0.17%, 8, 0, 7, 130.68
1735664186, 185, 18, 40, 0, 0, 0.17%, 8, 0, 7, 132.10
1735664191, 186, 10, 40, 0, 0, 0.17%, 8, 0, 7, 129.29
1735664197, 186, 12, 40, 0, 0, 0.17%, 8, 0, 7, 133.97
1735664202, 186, 17, 40, 0, 0, 0.17%, 8, 0, 7, 132.76
1735664207, 186, 18, 40, 0, 0, 0.17%, 8, 0, 7, 127.33
1735664212, 186, 21, 40, 0, 0, 0.17%, 8, 0, 7, 129.86
1735664217, 187, 10, 40, 0, 0, 0.17%, 8, 0, 7, 136.64
1735664222, 187, 12, 40, 0, 0, 0.17%, 8, 0, 7, 133.04
1735664227, 187, 17, 40, 0, 0, 0.17%, 8, 0, 7, 135.77
1735664233, 187, 18, 40, 0, 0, 0.17%, 8, 0, 7, 135.54
1735664238, 187, 38, 40, 0, 0, 0.17%, 8, 0, 7, 133.63
1735664243, 188, 1, 40, 0, 0, 0.17%, 8, 0, 7, 136.66
1735664248, 188, 11, 40, 0, 0, 0.17%, 8, 0, 7, 129.56
1735664253, 188, 12, 40, 0, 0, 0.17%, 8, 0, 7, 136.38
1735664258, 188, 17, 40, 0, 0, 0.17%, 8, 0, 7, 131.41
1735664263, 188, 18, 40, 0, 0, 0.17%, 8, 0, 7, 135.46
1735664269, 188, 37, 40, 0, 0, 0.17%, 8, 0, 7, 134.27
1735664274, 189, 10, 40, 0, 0, 0.17%, 8, 0, 7, 130.92
1735664279, 189, 12, 40, 0, 0, 0.17%, 8, 0, 7, 130.09
1735664284, 189, 17, 40, 0, 0, 0.17%, 8, 0, 7, 132.81
1735664289, 189, 18, 40, 0, 0, 0.17%, 8, 0, 7, 126.70
1735664294, 189, 35, 40, 0, 0, 0.17%, 8, 0, 7, 142.46
1735664300, 190, 10, 40, 0, 0, 0.17%, 8, 0, 7, 132.61
1735664305, 190, 12, 40, 0, 0, 0.17%, 8, 0, 7, 129.68
1735664310, 190, 14, 40, 0, 0, 0.17%, 8, 0, 7, 142.52
1735664315, 190, 17, 40, 0, 0, 0.17%, 8, 0, 7, 138.48
1735664320, 190, 18, 40, 0, 0, 0.17%, 8, 0, 7, 137.11
1735664325, 191, 10, 40, 0, 0, 0.17%, 8, 0, 7, 129.66
1735664331, 191, 12, 40, 0, 0, 0.17%, 8, 0, 7, 130.21
1735664336, 191, 17, 40, 0, 0, 0.17%, 8, 0, 7, 132.34
1735664341, 191, 18, 40, 0, 0, 0.17%, 8, 0, 7, 134.10
1735664346, 192, 11, 40, 0, 0, 0.17%, 8, 0, 7, 133.94
1735664351, 192, 12, 40, 0, 0, 0.17%, 8, 0, 7, 133.52
1735664356, 192, 17, 40, 0, 0, 0.17%, 8, 0, 7, 132.30
1735664361, 192, 18, 40, 0, 0, 0.17%, 8, 0, 7, 129.54
1735664367, 193, 10, 40, 0, 0, 0.17%, 8, 0, 7, 133.18
1735664372, 193, 12, 40, 0, 0, 0.17%, 8, 0, 7, 129.04
1735664377, 193, 17, 40, 0, 0, 0.17%, 8, 0, 7, 127.52
1735664382, 193, 18, 40, 0, 0, 0.17%, 8, 0, 7, 131.04
1735664387, 194, 10, 40, 0, 0, 0.17%, 8, 0, 7, 132.23
1735664392, 194, 12, 40, 0, 0, 0.17%, 8, 0, 7, 132.51
1735664398, 194, 17, 40, 0, 0, 0.17%, 8, 0, 7, 131.56
1735664403, 194, 18, 40, 0, 0, 0.17%, 8, 0, 7, 133.58
1735664408, 195, 10, 40, 0, 0, 0.17%, 8, 0, 7, 127.67
1735664413, 195, 12, 40, 0, 0, 0.17%, 8, 0, 7, 128.35
1735664418, 195, 17, 40, 0, 0, 0.17%, 8, 0, 7, 131.28
1735664423, 195, 18, 40, 0, 0, 0.17%, 8, 0, 7, 134.18
1735664428, 195, 28, 40, 0, 0, 0.17%, 8, 0, 7, 133.66
1735664433, 196, 0, 40, 0, 0, 0.17%, 8, 0, 7, 138.89
1735664439, 196, 11, 40, 0, 0, 0.17%, 8, 0, 7, 128.56
1735664444, 196, 12, 40, 0, 0, 0.17%, 8, 0, 7, 138.38
1735664449, 196, 15, 40, 0, 0, 0.17%, 8, 0, 7, 137.41
1735664454, 196, 17, 40, 0, 0, 0.17%, 8, 0, 7, 131.72
1735664459, 196, 18, 40, 0, 0, 0.17%, 8, 0, 7, 134.50
1735664464, 196, 23, 40, 0, 0, 0.17%, 8, 0, 7, 142.52
1735664469, 197, 10, 40, 0, 0, 0.17%, 8, 0, 7, 137.18
1735664474, 197, 12, 40, 0, 0, 0.17%, 8, 0, 7, 131.63
1735664480, 197, 17, 40, 0, 0, 0.17%, 8, 0, 7, 133.27
1735664485, 197, 18, 40, 0, 0, 0.17%, 8, 0, 7, 133.68
1735664490, 198, 10, 40, 0, 0, 0.17%, 8, 0, 7, 132.00
1735664495, 198, 12, 40, 0, 0, 0.17%, 8, 0, 7, 130.32
1735664500, 198, 17, 40, 0, 0, 0.17%, 8, 0, 7, 129.03
1735664505, 198, 18, 40, 0, 0, 0.17%, 8, 0, 7, 133.21
1735664511, 198, 22, 40, 0, 0, 0.17%, 8, 0, 7, 129.90
1735664516, 198, 27, 40, 0, 0, 0.17%, 8, 0, 7, 129.61
1735664521, 199, 1, 40, 0, 0, 0.17%, 8, 0, 7, 137.48
1735664526, 199, 12, 40, 0, 0, 0.17%, 8, 0, 7, 128.24
1735664537, 199, 14, 40, 0, 0, 0.17%, 8, 0, 7, 134.83
1735664542, 199, 18, 40, 0, 0, 0.17%, 8, 0, 7, 135.18
1735664547, 199, 30, 40, 0, 0, 0.17%, 8, 0, 7, 134.76
1735664552, 200, 2, 40, 0, 0, 0.17%, 8, 0, 7, 134.66
1735664557, 200, 11, 40, 0, 0, 0.17%, 8, 0, 7, 130.79
1735664562, 200, 12, 40, 0, 0, 0.17%, 8, 0, 7, 131.79
1735664567, 200, 18, 40, 0, 0, 0.17%, 8, 0, 7, 137.23
1735664573, 201, 5, 40, 0, 0, 0.17%, 8, 0, 7, 133.66
1735664578, 201, 11, 40, 0, 0, 0.17%, 8, 0, 7, 129.66
1735664583, 201, 12, 40, 0, 0, 0.17%, 8, 0, 7, 131.88
1735664588, 201, 17, 40, 0, 0, 0.17%, 8, 0, 7, 133.11
1735664593, 202, 6, 40, 0, 0, 0.17%, 8, 0, 7, 134.23
1735664598, 202, 11, 40, 0, 0, 0.17%, 8, 0, 7, 131.25
1735664603, 202, 12, 40, 0, 0, 0.17%, 8, 0, 7, 131.18
1735664609, 202, 17, 40, 0, 0, 0.17%, 8, 0, 7, 129.96
1735664614, 202, 18, 40, 0, 0, 0.17%, 8, 0, 7, 130.19
1735664619, 202, 24, 40, 0, 0, 0.17%, 8, 0, 7, 129.03
1735664624, 202, 30, 40, 0, 0, 0.17%, 8, 0, 7, 130.91
1735664629, 203, 11, 40, 0, 0, 0.17%, 8, 0, 7, 136.49
1735664634, 203, 12, 40, 0, 0, 0.17%, 8, 0, 7, 142.42
1735664640, 203, 14, 40, 0, 0, 0.17%, 8, 0, 7, 138.45
1735664645, 203, 18, 40, 0, 0, 0.17%, 8, 0, 7, 132.38
1735664650, 203, 26, 40, 0, 0, 0.17%, 8, 0, 7, 133.36
1735664660, 204, 10, 40, 0, 0, 0.17%, 8, 0, 7, 142.80
1735664665, 204, 12, 40, 0, 0, 0.17%, 8, 0, 7, 129.80
1735664676, 204, 18, 40, 0, 0, 0.17%, 8, 0, 7, 134.79
1735664681, 204, 20, 40, 0, 0, 0.17%, 8, 0, 7, 149.50
1735664686, 204, 21, 40, 0, 0, 0.17%, 8, 0, 7, 144.87
1735664691, 204, 31, 40, 0, 0, 0.17%, 8, 0, 7, 140.83
1735664696, 205, 5, 40, 0, 0, 0.17%, 8, 0, 7, 134.38
1735664701, 205, 11, 40, 0, 0, 0.17%, 8, 0, 7, 124.62
1735664707, 205, 12, 40, 0, 0, 0.17%, 8, 0, 7, 133.77
1735664712, 205, 17, 40, 0, 0, 0.17%, 8, 0, 7, 133.65
1735664717, 205, 18, 40, 0, 0, 0.17%, 8, 0, 7, 125.19
1735664722, 205, 35, 40, 0, 0, 0.17%, 8, 0, 7, 140.75
1735664727, 206, 11, 40, 0, 0, 0.17%, 8, 0, 7, 131.58
1735664732, 206, 12, 40, 0, 0, 0.17%, 8, 0, 7, 130.50
1735664738, 206, 17, 40, 0, 0, 0.17%, 8, 0, 7, 129.11
1735664743, 206, 18, 40, 0, 0, 0.17%, 8, 0, 7, 132.99
1735664748, 206, 23, 40, 0, 0, 0.17%, 8, 0, 7, 134.02
1735664753, 206, 26, 40, 0, 0, 0.17%, 8, 0, 7, 137.89
1735664758, 207, 8, 40, 0, 0, 0.17%, 8, 0, 7, 130.34
1735664763, 207, 11, 40, 0, 0, 0.17%, 8, 0, 7, 132.50
1735664769, 207, 12, 40, 0, 0, 0.17%, 8, 0, 7, 132.99
1735664774, 207, 17, 40, 0, 0, 0.17%, 8, 0, 7, 138.24
1735664779, 207, 18, 40, 0, 0, 0.17%, 8, 0, 7, 130.52
1735664784, 208, 11, 40, 0, 0, 0.17%, 8, 0, 7, 130.48
1735664789, 208, 12, 40, 0, 0, 0.17%, 8, 0, 7, 129.71
1735664794, 208, 14, 40, 0, 0, 0.17%, 8, 0, 7, 144.81
1735664800, 208, 17, 40, 0, 0, 0.17%, 8, 0, 7, 124.87
1735664805, 208, 18, 40, 0, 0, 0.17%, 8, 0, 7, 129.67
1735664810, 208, 31, 40, 0, 0, 0.17%, 8, 0, 7, 132.99
1735664815, 209, 11, 40, 0, 0, 0.17%, 8, 0, 7, 124.64
1735664820, 209, 12, 40, 0, 0, 0.17%, 8, 0, 7, 129.52
1735664825, 209, 17, 40, 0, 0, 0.17%, 8, 0, 7, 128.46
1735664830, 209, 18, 40, 0, 0, 0.17%, 8, 0, 7, 124.21
1735664835, 210, 11, 40, 0, 0, 0.17%, 8, 0, 7, 132.35
1735664841, 210, 12, 40, 0, 0, 0.17%, 8, 0, 7, 137.93
1735664846, 210, 17, 40, 0, 0, 0.17%, 8, 0, 7, 135.57
1735664851, 210, 18, 40, 0, 0, 0.17%, 8, 0, 7, 132.65
1735664856, 210, 25, 40, 0, 0, 0.17%, 8, 0, 7, 146.67
1735664861, 210, 31, 40, 0, 0, 0.17%, 8, 0, 7, 140.25
1735664866, 210, 32, 40, 0, 0, 0.17%, 8, 0, 7, 140.51
1735664871, 211, 3, 40, 0, 0, 0.17%, 8, 0, 7, 138.50
1735664876, 211, 11, 40, 0, 0, 0.17%, 8, 0, 7, 129.82
1735664882, 211, 12, 40, 0, 0, 0.17%, 8, 0, 7, 130.19
1735664887, 211, 17, 40, 0, 0, 0.17%, 8, 0, 7, 133.95
1735664892, 211, 18, 40, 0, 0, 0.17%, 8, 0, 7, 132.91
1735664897, 211, 22, 40, 0, 0, 0.17%, 8, 0, 7, 130.93
1735664902, 211, 26, 40, 0, 0, 0.17%, 8, 0, 7, 135.08
1735664907, 212, 10, 40, 0, 0, 0.17%, 8, 0, 7, 138.60
1735664912, 212, 12, 40, 0, 0, 0.17%, 8, 0, 7, 132.27
1735664923, 212, 18, 40, 0, 0, 0.17%, 8, 0, 7, 132.69
1735664928, 213, 5, 40, 0, 0, 0.17%, 8, 0, 7, 132.04
1735664933, 213, 11, 40, 0, 0, 0.17%, 8, 0, 7, 131.91
1735664938, 213, 12, 40, 0, 0, 0.17%, 8, 0, 7, 130.94
1735664943, 213, 17, 40, 0, 0, 0.17%, 8, 0, 7, 128.95
1735664948, 213, 18, 40, 0, 0, 0.17%, 8, 0, 7, 129.37
1735664953, 213, 24, 40, 0, 0, 0.17%, 8, 0, 7, 129.95
1735664959, 214, 11, 40, 0, 0, 0.17%, 8, 0, 7, 131.63
1735664964, 214, 12, 40, 0, 0, 0.17%, 8, 0, 7, 128.95
1735664969, 214, 17, 40, 0, 0, 0.17%, 8, 0, 7, 150.62
1735664974, 214, 35, 40, 0, 0, 0.17%, 8, 0, 7, 141.94
1735664979, 215, 10, 40, 0, 0, 0.17%, 8, 0, 7, 131.45
1735664984, 215, 12, 40, 0, 0, 0.17%, 8, 0, 7, 126.50
1735664990, 215, 17, 40, 0, 0, 0.17%, 8, 0, 7, 127.15
1735664995, 215, 18, 40, 0, 0, 0.17%, 8, 0, 7, 128.76
1735665000, 216, 11, 40, 0, 0, 0.17%, 8, 0, 7, 129.30
1735665005, 216, 12, 40, 0, 0, 0.17%, 8, 0, 7, 135.33
1735665010, 216, 14, 40, 0, 0, 0.17%, 8, 0, 7, 147.15
1735665015, 216, 17, 40, 0, 0, 0.17%, 8, 0, 7, 131.25
1735665020, 216, 18, 40, 0, 0, 0.17%, 8, 0, 7, 125.75
1735665025, 217, 10, 40, 0, 0, 0.17%, 8, 0, 7, 127.88
1735665030, 217, 12, 40, 0, 0, 0.17%, 8, 0, 7, 128.18
1735665036, 217, 17, 40, 0, 0, 0.17%, 8, 0, 7, 132.18
1735665041, 217, 18, 40, 0, 0, 0.17%, 8, 0, 7, 129.83
1735665046, 218, 11, 40, 0, 0, 0.17%, 8, 0, 7, 131.80
1735665051, 218, 12, 40, 0, 0, 0.17%, 8, 0, 7, 135.61
1735665056, 218, 17, 40, 0, 0, 0.17%, 8, 0, 7, 132.54
1735665061, 218, 18, 40, 0, 0, 0.17%, 8, 0, 7, 133.20
1735665066, 218, 37, 40, 0, 0, 0.17%, 8, 0, 7, 135.10
1735665072, 219, 11, 40, 0, 0, 0.17%, 8, 0, 7, 131.97
1735665077, 219, 12, 40, 0, 0, 0.17%, 8, 0, 7, 133.91
1735665082, 219, 14, 40, 0, 0, 0.17%, 8, 0, 7, 137.80
1735665087, 219, 17, 40, 0, 0, 0.17%, 8, 0, 7, 135.64
1735665092, 219, 18, 40, 0, 0, 0.17%, 8, 0, 7, 135.50
1735665097, 219, 20, 40, 0, 0, 0.17%, 8, 0, 7, 138.36
1735665102, 219, 28, 40, 0, 0, 0.17%, 8, 0, 7, 145.15
1735665108, 220, 12, 40, 0, 0, 0.17%, 8, 0, 7, 137.49
1735665113, 220, 17, 40, 0, 0, 0.17%, 8, 0, 7, 134.89
1735665123, 220, 18, 40, 0, 0, 0.17%, 8, 0, 7, 127.90
1735665128, 220, 36, 40, 0, 0, 0.17%, 8, 0, 7, 142.93
1735665133, 221, 10, 40, 0, 0, 0.17%, 8, 0, 7, 134.04
1735665138, 221, 12, 40, 0, 0, 0.17%, 8, 0, 7, 131.96
1735665144, 221, 17, 40, 0, 0, 0.17%, 8, 0, 7, 132.69
1735665149, 221, 18, 40, 0, 0, 0.17%, 8, 0, 7, 132.46
1735665154, 222, 7, 40, 0, 0, 0.17%, 8, 0, 7, 137.13
1735665159, 222, 11, 40, 0, 0, 0.17%, 8, 0, 7, 132.18
1735665164, 222, 12, 40, 0, 0, 0.17%, 8, 0, 7, 130.18
1735665169, 222, 17, 40, 0, 0, 0.17%, 8, 0, 7, 133.08
1735665175, 222, 18, 40, 0, 0, 0.17%, 8, 0, 7, 129.23
1735665180, 223, 12, 40, 0, 0, 0.17%, 8, 0, 7, 131.73
1735665190, 223, 18, 40, 0, 0, 0.17%, 8, 0, 7, 131.46
1735665195, 223, 30, 40, 0, 0, 0.17%, 8, 0, 7, 131.70
1735665201, 223, 39, 40, 0, 0, 0.17%, 8, 0, 7, 144.06
1735665206, 224, 8, 40, 0, 0, 0.17%, 8, 0, 7, 133.24
1735665211, 224, 11, 40, 0, 0, 0.17%, 8, 0, 7, 128.96
1735665216, 224, 12, 40, 0, 0, 0.17%, 8, 0, 7, 130.23
1735665221, 224, 17, 40, 0, 0, 0.17%, 8, 0, 7, 129.20
1735665226, 224, 18, 40, 0, 0, 0.17%, 8, 0, 7, 136.43
1735665232, 225, 10, 40, 0, 0, 0.17%, 8, 0, 7, 139.91
1735665237, 225, 12, 40, 0, 0, 0.17%, 8, 0, 7, 135.55
1735665242, 225, 17, 40, 0, 0, 0.17%, 8, 0, 7, 132.99
1735665252, 225, 36, 40, 0, 0, 0.17%, 8, 0, 7, 141.52
1735665263, 226, 11, 40, 0, 0, 0.17%, 8, 0, 7, 126.79
1735665268, 226, 12, 40, 0, 0, 0.17%, 8, 0, 7, 133.35
1735665273, 226, 17, 40, 0, 0, 0.17%, 8, 0, 7, 134.62
1735665278, 226, 18, 40, 0, 0, 0.17%, 8, 0, 7, 133.11
1735665283, 227, 10, 40, 0, 0, 0.17%, 8, 0, 7, 134.84
1735665288, 227, 12, 40, 0, 0, 0.17%, 8, 0, 7, 130.10
1735665293, 227, 17, 40, 0, 0, 0.17%, 8, 0, 7, 132.82
1735665299, 227, 18, 40, 0, 0, 0.17%, 8, 0, 7, 133.31
1735665304, 228, 11, 40, 0, 0, 0.17%, 8, 0, 7, 125.62
1735665309, 228, 12, 40, 0, 0, 0.17%, 8, 0, 7, 124.66
1735665314, 228, 13, 40, 0, 0, 0.17%, 8, 0, 7, 139.01
1735665319, 228, 17, 40, 0, 0, 0.17%, 8, 0, 7, 131.60
1735665324, 228, 18, 40, 0, 0, 0.17%, 8, 0, 7, 132.52
1735665330, 229, 10, 40, 0, 0, 0.17%, 8, 0, 7, 133.77
1735665335, 229, 12, 40, 0, 0, 0.17%, 8, 0, 7, 125.71
1735665340, 229, 16, 40, 0, 0, 0.17%, 8, 0, 7, 134.13
1735665345, 229, 17, 40, 0, 0, 0.17%, 8, 0, 7, 129.72
1735665350, 229, 18, 40, 0, 0, 0.17%, 8, 0, 7, 136.16
1735665355, 230, 10, 40, 0, 0, 0.17%, 8, 0, 7, 124.48
1735665360, 230, 12, 40, 0, 0, 0.17%, 8, 0, 7, 128.36
1735665366, 230, 17, 40, 0, 0, 0.17%, 8, 0, 7, 130.28
1735665371, 230, 18, 40, 0, 0, 0.17%, 8, 0, 7, 125.65
1735665376, 230, 24, 40, 0, 0, 0.17%, 8, 0, 7, 129.64
1735665381, 230, 27, 40, 0, 0, 0.17%, 8, 0, 7, 128.70
1735665386, 231, 10, 40, 0, 0, 0.17%, 8, 0, 7, 125.21
1735665391, 231, 12, 40, 0, 0, 0.17%, 8, 0, 7, 130.05
1735665396, 231, 17, 40, 0, 0, 0.17%, 8, 0, 7, 132.31
1735665401, 231, 18, 40, 0, 0, 0.17%, 8, 0, 7, 132.89
1735665407, 231, 21, 40, 0, 0, 0.17%, 8, 0, 7, 129.87
1735665412, 231, 38, 40, 0, 0, 0.17%, 8, 0, 7, 134.21
1735665417, 232, 10, 40, 0, 0, 0.17%, 8, 0, 7, 132.89
1735665422, 232, 12, 40, 0, 0, 0.17%, 8, 0, 7, 130.50
1735665427, 232, 17, 40, 0, 0, 0.17%, 8, 0, 7, 133.20
1735665432, 232, 18, 40, 0, 0, 0.17%, 8, 0, 7, 133.10
1735665438, 232, 26, 40, 0, 0, 0.17%, 8, 0, 7, 138.28
1735665443, 233, 10, 40, 0, 0, 0.17%, 8, 0, 7, 133.37
1735665448, 233, 12, 40, 0, 0, 0.17%, 8, 0, 7, 130.11
1735665453, 233, 17, 40, 0, 0, 0.17%, 8, 0, 7, 130.99
1735665458, 233, 18, 40, 0, 0, 0.17%, 8, 0, 7, 126.11
1735665464, 233, 32, 40, 0, 0, 0.17%, 8, 0, 7, 137.21
1735665469, 234, 6, 40, 0, 0, 0.17%, 8, 0, 7, 135.73
1735665474, 234, 11, 40, 0, 0, 0.17%, 8, 0, 7, 128.36
1735665479, 234, 12, 40, 0, 0, 0.17%, 8, 0, 7, 127.90
1735665484, 234, 17, 40, 0, 0, 0.17%, 8, 0, 7, 132.09
1735665489, 234, 18, 40, 0, 0, 0.17%, 8, 0, 7, 130.94
1735665494, 235, 11, 40, 0, 0, 0.17%, 8, 0, 7, 127.44
1735665499, 235, 12, 40, 0, 0, 0.17%, 8, 0, 7, 125.76
1735665505, 235, 17, 40, 0, 0, 0.17%, 8, 0, 7, 126.55
1735665510, 235, 18, 40, 0, 0, 0.17%, 8, 0, 7, 126.10
1735665515, 235, 26, 40, 0, 0, 0.17%, 8, 0, 7, 130.02
1735665520, 236, 11, 40, 0, 0, 0.17%, 8, 0, 7, 127.68
1735665525, 236, 12, 40, 0, 0, 0.17%, 8, 0, 7, 129.11
1735665530, 236, 17, 40, 0, 0, 0.17%, 8, 0, 7, 130.18
1735665535, 236, 18, 40, 0, 0, 0.17%, 8, 0, 7, 131.06
1735665541, 237, 11, 40, 0, 0, 0.17%, 8, 0, 7, 127.50
1735665546, 237, 12, 40, 0, 0, 0.17%, 8, 0, 7, 126.39
1735665551, 237, 17, 40, 0, 0, 0.17%, 8, 0, 7, 129.00
1735665556, 237, 18, 40, 0, 0, 0.17%, 8, 0, 7, 132.25
