# unix_time, cycles_done, cur_path, paths_total, pending_total, pending_favs, map_size, unique_crashes, unique_hangs, max_depth, execs_per_sec
1735018487, 0, 0, 10, 10, 1, 0.01%, 0, 0, 1, 82.99
1735018492, 0, 4, 10, 10, 1, 0.01%, 0, 0, 1, 103.71
1735018497, 0, 5, 10, 9, 0, 0.01%, 0, 0, 1, 101.37
1735018507, 0, 6, 10, 8, 0, 0.01%, 0, 0, 1, 101.31
1735018517, 0, 7, 10, 7, 0, 0.01%, 0, 0, 1, 101.45
1735018527, 0, 8, 10, 6, 0, 0.01%, 0, 0, 1, 97.53
1735018538, 0, 9, 10, 5, 0, 0.01%, 0, 0, 1, 96.75
1735018548, 1, 0, 10, 4, 0, 0.01%, 0, 0, 1, 94.71
1735018563, 1, 1, 10, 3, 0, 0.01%, 0, 0, 1, 108.50
1735018574, 1, 2, 10, 2, 0, 0.01%, 0, 0, 1, 92.85
1735018584, 1, 3, 10, 1, 0, 0.01%, 0, 0, 1, 97.68
1735018599, 1, 5, 10, 0, 0, 0.01%, 0, 0, 1, 102.38
1735018604, 1, 6, 10, 0, 0, 0.01%, 0, 0, 1, 104.32
1735018609, 1, 7, 10, 0, 0, 0.01%, 0, 0, 1, 103.55
1735018615, 1, 9, 10, 0, 0, 0.01%, 0, 0, 1, 105.48
1735018620, 2, 0, 10, 0, 0, 0.01%, 0, 0, 1, 102.64
1735018625, 2, 2, 10, 0, 0, 0.01%, 0, 0, 1, 100.23
1735018630, 2, 3, 10, 0, 0, 0.01%, 0, 0, 1, 101.47
1735018635, 2, 5, 10, 0, 0, 0.01%, 0, 0, 1, 99.95
1735018640, 2, 6, 10, 0, 0, 0.01%, 0, 0, 1, 101.09
1735018645, 2, 7, 10, 0, 0, 0.01%, 0, 0, 1, 101.47
1735018650, 2, 9, 10, 0, 0, 0.01%, 0, 0, 1, 103.13
1735018655, 3, 0, 10, 0, 0, 0.01%, 0, 0, 1, 101.29
1735018661, 3, 2, 10, 0, 0, 0.01%, 0, 0, 1, 102.25
1735018666, 3, 3, 10, 0, 0, 0.01%, 0, 0, 1, 102.09
1735018671, 3, 5, 10, 0, 0, 0.01%, 0, 0, 1, 104.66
1735018676, 3, 6, 10, 0, 0, 0.01%, 0, 0, 1, 102.33
1735018681, 3, 7, 10, 0, 0, 0.01%, 0, 0, 1, 102.91
1735018686, 3, 9, 10, 0, 0, 0.01%, 0, 0, 1, 103.82
1735018691, 4, 0, 10, 0, 0, 0.01%, 0, 0, 1, 101.43
1735018696, 4, 2, 10, 0, 0, 0.01%, 0, 0, 1, 102.40
1735018701, 4, 3, 10, 0, 0, 0.01%, 0, 0, 1, 103.55
1735018706, 4, 4, 10, 0, 0, 0.01%, 0, 0, 1, 105.15
1735018711, 4, 6, 10, 0, 0, 0.01%, 0, 0, 1, 103.40
1735018716, 4, 7, 10, 0, 0, 0.01%, 0, 0, 1, 104.26
1735018721, 4, 9, 10, 0, 0, 0.01%, 0, 0, 1, 103.45
1735018726, 5, 0, 10, 0, 0, 0.01%, 0, 0, 1, 104.30
1735018731, 5, 1, 10, 0, 0, 0.01%, 0, 0, 1, 103.15
1735018736, 5, 3, 10, 0, 0, 0.01%, 0, 0, 1, 102.37
1735018741, 5, 4, 10, 0, 0, 0.01%, 0, 0, 1, 102.39
1735018746, 5, 6, 10, 0, 0, 0.01%, 0, 0, 1, 101.14
1735018752, 5, 7, 10, 0, 0, 0.01%, 0, 0, 1, 102.25
1735018757, 5, 9, 10, 0, 0, 0.01%, 0, 0, 1, 102.25
1735018762, 6, 0, 10, 0, 0, 0.01%, 0, 0, 1, 102.45
1735018767, 6, 1, 10, 0, 0, 0.01%, 0, 0, 1, 102.74
1735018772, 6, 3, 10, 0, 0, 0.01%, 0, 0, 1, 102.49
1735018777, 6, 4, 10, 0, 0, 0.01%, 0, 0, 1, 104.72
1735018782, 6, 6, 10, 0, 0, 0.01%, 0, 0, 1, 102.71
1735018787, 6, 7, 10, 0, 0, 0.01%, 0, 0, 1, 103.61
1735018792, 6, 8, 10, 0, 0, 0.01%, 0, 0, 1, 103.77
1735018797, 7, 0, 10, 0, 0, 0.01%, 0, 0, 1, 104.67
1735018802, 7, 1, 10, 0, 0, 0.01%, 0, 0, 1, 102.49
1735018807, 7, 3, 10, 0, 0, 0.01%, 0, 0, 1, 102.67
1735018813, 7, 4, 11, 1, 0, 0.16%, 1, 0, 2, 101.06
1735018818, 7, 10, 11, 1, 1, 0.16%, 1, 0, 2, 103.77
1735018823, 7, 10, 12, 2, 1, 0.16%, 2, 0, 3, 108.84
1735018904, 7, 11, 12, 1, 1, 0.16%, 2, 0, 3, 124.03
1735018909, 7, 11, 13, 2, 1, 0.16%, 3, 0, 4, 121.87
1735018919, 7, 11, 14, 3, 1, 0.17%, 4, 0, 4, 110.26
1735018939, 7, 11, 15, 4, 1, 0.17%, 4, 0, 4, 111.62
1735018949, 7, 11, 16, 5, 1, 0.17%, 4, 0, 4, 115.72
1735018960, 7, 11, 17, 6, 1, 0.17%, 4, 0, 4, 111.62
1735018970, 7, 11, 18, 7, 1, 0.17%, 4, 0, 4, 114.42
1735018975, 7, 11, 19, 8, 1, 0.17%, 4, 0, 4, 114.67
1735019036, 7, 12, 19, 7, 2, 0.17%, 4, 0, 4, 114.41
1735019057, 7, 12, 20, 8, 2, 0.17%, 4, 0, 5, 111.92
1735019149, 7, 12, 21, 9, 2, 0.17%, 4, 0, 5, 128.41
1735019155, 7, 12, 22, 10, 2, 0.17%, 5, 0, 5, 116.10
1735019175, 7, 13, 22, 9, 2, 0.17%, 5, 0, 5, 142.16
1735019180, 7, 13, 23, 10, 2, 0.17%, 5, 0, 5, 139.87
1735019190, 7, 13, 24, 11, 2, 0.17%, 5, 0, 5, 131.04
1735019226, 7, 13, 25, 12, 2, 0.17%, 5, 0, 5, 125.62
1735019293, 7, 13, 26, 13, 2, 0.17%, 5, 0, 5, 119.36
1735019298, 7, 21, 26, 12, 1, 0.17%, 5, 0, 5, 123.89
1735019303, 7, 21, 27, 13, 1, 0.17%, 5, 0, 6, 218.52
1735019319, 7, 21, 28, 14, 1, 0.17%, 5, 0, 6, 166.77
1735019339, 7, 21, 29, 15, 1, 0.17%, 5, 0, 6, 149.49
1735019354, 7, 21, 30, 16, 1, 0.17%, 5, 0, 6, 152.89
1735019420, 7, 27, 30, 15, 1, 0.17%, 5, 0, 6, 188.29
1735019466, 7, 27, 31, 16, 1, 0.17%, 5, 0, 7, 142.57
1735019528, 7, 27, 32, 17, 1, 0.17%, 5, 0, 7, 140.47
1735019533, 7, 27, 33, 18, 1, 0.17%, 5, 0, 7, 139.21
1735019538, 7, 31, 33, 17, 0, 0.17%, 5, 0, 7, 193.85
1735019635, 7, 32, 33, 16, 0, 0.17%, 5, 0, 7, 195.12
1735019671, 7, 32, 34, 17, 0, 0.17%, 5, 0, 8, 127.55
1735019722, 7, 32, 35, 18, 0, 0.17%, 5, 0, 8, 149.24
1735019768, 7, 32, 37, 20, 0, 0.17%, 5, 0, 8, 155.21
1735019778, 7, 33, 37, 19, 0, 0.17%, 5, 0, 8, 164.06
1735019880, 7, 33, 39, 21, 0, 0.17%, 6, 0, 9, 152.35
1735019905, 8, 10, 39, 20, 0, 0.17%, 6, 0, 9, 131.66
1735019910, 8, 12, 39, 20, 0, 0.17%, 6, 0, 9, 129.34
1735019921, 8, 13, 39, 20, 0, 0.17%, 6, 0, 9, 136.65
1735019931, 8, 14, 39, 20, 0, 0.17%, 6, 0, 9, 153.30
1735019977, 8, 23, 39, 19, 0, 0.17%, 6, 0, 9, 143.15
1735020028, 8, 26, 39, 18, 0, 0.17%, 6, 0, 9, 135.05
1735020105, 8, 27, 39, 17, 0, 0.17%, 6, 0, 9, 143.57
1735020120, 8, 29, 39, 17, 0, 0.17%, 6, 0, 9, 157.39
1735020417, 8, 30, 39, 16, 0, 0.17%, 6, 0, 9, 96.38
1735021171, 8, 30, 40, 17, 0, 0.17%, 7, 0, 9, 211.42
1735021226, 8, 35, 40, 16, 0, 0.17%, 7, 0, 9, 124.23
1735022550, 8, 36, 40, 15, 0, 0.17%, 7, 0, 9, 206.64
1735022815, 9, 10, 40, 14, 0, 0.17%, 7, 0, 9, 140.53
1735022821, 9, 12, 40, 14, 0, 0.17%, 7, 0, 9, 138.34
1735022831, 9, 13, 40, 14, 0, 0.17%, 7, 0, 9, 143.53
1735022841, 9, 19, 40, 14, 0, 0.17%, 7, 0, 9, 169.12
1735022893, 9, 25, 40, 13, 0, 0.17%, 7, 0, 9, 178.25
1735022938, 9, 27, 40, 12, 0, 0.17%, 7, 0, 9, 154.29
1735022949, 10, 10, 40, 12, 0, 0.17%, 7, 0, 9, 138.48
1735022954, 10, 12, 40, 12, 0, 0.17%, 7, 0, 9, 137.09
1735022964, 10, 13, 40, 12, 0, 0.17%, 7, 0, 9, 139.11
1735022974, 10, 15, 40, 12, 0, 0.17%, 7, 0, 9, 187.82
1735023025, 10, 24, 40, 11, 0, 0.17%, 7, 0, 9, 220.39
1735023200, 10, 27, 40, 10, 0, 0.17%, 7, 0, 9, 143.86
1735023210, 10, 37, 40, 10, 0, 0.17%, 7, 0, 9, 179.18
1735023444, 10, 39, 40, 9, 0, 0.17%, 7, 0, 9, 148.78
1735023612, 11, 12, 40, 8, 0, 0.17%, 7, 0, 9, 147.01
1735023618, 11, 13, 40, 8, 0, 0.17%, 7, 0, 9, 147.06
1735023623, 11, 20, 40, 8, 0, 0.17%, 7, 0, 9, 154.19
1735023730, 11, 27, 40, 7, 0, 0.17%, 7, 0, 9, 142.91
1735023735, 12, 10, 40, 7, 0, 0.17%, 7, 0, 9, 147.99
1735023740, 12, 12, 40, 7, 0, 0.17%, 7, 0, 9, 131.40
1735023746, 12, 13, 40, 7, 0, 0.17%, 7, 0, 9, 137.33
1735023751, 12, 16, 40, 7, 0, 0.17%, 7, 0, 9, 202.74
1735023812, 12, 27, 40, 6, 0, 0.17%, 7, 0, 9, 136.07
1735023817, 12, 36, 40, 6, 0, 0.17%, 7, 0, 9, 170.74
1735023837, 13, 10, 40, 6, 0, 0.17%, 7, 0, 9, 142.99
1735023842, 13, 12, 40, 6, 0, 0.17%, 7, 0, 9, 138.46
1735023847, 13, 13, 40, 6, 0, 0.17%, 7, 0, 9, 149.60
1735023853, 13, 17, 40, 6, 0, 0.17%, 7, 0, 9, 180.38
1735023899, 13, 27, 40, 5, 0, 0.17%, 7, 0, 9, 150.03
1735023904, 13, 28, 40, 5, 0, 0.17%, 7, 0, 9, 180.57
1735023964, 13, 31, 40, 4, 0, 0.17%, 7, 0, 9, 158.44
1735023975, 14, 8, 40, 4, 0, 0.17%, 7, 0, 9, 141.29
1735023980, 14, 12, 40, 4, 0, 0.17%, 7, 0, 9, 137.31
1735023985, 14, 13, 40, 4, 0, 0.17%, 7, 0, 9, 144.94
1735023990, 14, 16, 40, 4, 0, 0.17%, 7, 0, 9, 149.73
1735024000, 14, 25, 40, 4, 0, 0.17%, 7, 0, 9, 136.75
1735024010, 14, 27, 40, 4, 0, 0.17%, 7, 0, 9, 140.34
1735024015, 15, 10, 40, 4, 0, 0.17%, 7, 0, 9, 145.41
1735024021, 15, 13, 40, 4, 0, 0.17%, 7, 0, 9, 145.24
1735024026, 15, 16, 40, 4, 0, 0.17%, 7, 0, 9, 155.69
1735024036, 15, 18, 40, 4, 0, 0.17%, 7, 0, 9, 145.09
1735024096, 15, 27, 40, 3, 0, 0.17%, 7, 0, 9, 154.19
1735024101, 15, 34, 40, 3, 0, 0.17%, 7, 0, 9, 131.50
1735024930, 15, 35, 40, 2, 0, 0.17%, 7, 0, 9, 172.96
1735024950, 16, 12, 40, 2, 0, 0.17%, 7, 0, 9, 143.78
1735024956, 16, 13, 40, 2, 0, 0.17%, 7, 0, 9, 146.27
1735024961, 16, 27, 40, 2, 0, 0.17%, 7, 0, 9, 145.72
1735024966, 17, 5, 40, 2, 0, 0.17%, 7, 0, 9, 141.70
1735024971, 17, 12, 40, 2, 0, 0.17%, 7, 0, 9, 133.02
1735024976, 17, 13, 40, 2, 0, 0.17%, 7, 0, 9, 146.67
1735024982, 17, 27, 40, 2, 0, 0.17%, 7, 0, 9, 144.18
1735024987, 17, 31, 40, 2, 0, 0.17%, 7, 0, 9, 146.16
1735024997, 18, 10, 40, 2, 0, 0.17%, 7, 0, 9, 137.83
1735025002, 18, 12, 40, 2, 0, 0.17%, 7, 0, 9, 135.93
1735025007, 18, 13, 40, 2, 0, 0.17%, 7, 0, 9, 146.17
1735025012, 18, 19, 40, 2, 0, 0.17%, 7, 0, 9, 135.51
1735025023, 18, 20, 40, 2, 0, 0.17%, 7, 0, 9, 156.13
1735025033, 18, 27, 40, 2, 0, 0.17%, 7, 0, 9, 143.35
1735025038, 18, 38, 40, 2, 0, 0.17%, 7, 0, 9, 221.44
1735025257, 19, 12, 40, 1, 0, 0.17%, 7, 0, 9, 140.98
1735025262, 19, 13, 40, 1, 0, 0.17%, 7, 0, 9, 136.35
1735025268, 19, 16, 40, 1, 0, 0.17%, 7, 0, 9, 152.40
1735025278, 19, 27, 40, 1, 0, 0.17%, 7, 0, 9, 148.58
1735025283, 20, 10, 40, 1, 0, 0.17%, 7, 0, 9, 134.97
1735025288, 20, 12, 40, 1, 0, 0.17%, 7, 0, 9, 137.52
1735025293, 20, 13, 40, 1, 0, 0.17%, 7, 0, 9, 144.77
1735025298, 20, 27, 40, 1, 0, 0.17%, 7, 0, 9, 138.55
1735025303, 20, 28, 40, 1, 0, 0.17%, 7, 0, 9, 139.63
1735025313, 20, 31, 40, 1, 0, 0.17%, 7, 0, 9, 153.05
1735025323, 20, 33, 40, 1, 0, 0.17%, 7, 0, 9, 160.30
1735025344, 21, 12, 40, 1, 0, 0.17%, 7, 0, 9, 140.01
1735025349, 21, 13, 40, 1, 0, 0.17%, 7, 0, 9, 147.40
1735025354, 21, 26, 40, 1, 0, 0.17%, 7, 0, 9, 148.12
1735025364, 21, 27, 40, 1, 0, 0.17%, 7, 0, 9, 139.68
1735025369, 22, 10, 40, 1, 0, 0.17%, 7, 0, 9, 137.07
1735025375, 22, 12, 40, 1, 0, 0.17%, 7, 0, 9, 136.98
1735025380, 22, 13, 40, 1, 0, 0.17%, 7, 0, 9, 143.57
1735025385, 22, 27, 40, 1, 0, 0.17%, 7, 0, 9, 137.46
1735025390, 23, 12, 40, 1, 0, 0.17%, 7, 0, 9, 141.48
1735025400, 23, 24, 40, 1, 0, 0.17%, 7, 0, 9, 148.87
1735025411, 23, 26, 40, 1, 0, 0.17%, 7, 0, 9, 156.88
1735025421, 23, 27, 40, 1, 0, 0.17%, 7, 0, 9, 144.83
1735025426, 23, 33, 40, 1, 0, 0.17%, 7, 0, 9, 156.33
1735025447, 23, 37, 40, 1, 0, 0.17%, 7, 0, 9, 136.33
1735025472, 24, 12, 40, 1, 0, 0.17%, 7, 0, 9, 138.22
1735025477, 24, 13, 40, 1, 0, 0.17%, 7, 0, 9, 141.65
1735025482, 24, 27, 40, 1, 0, 0.17%, 7, 0, 9, 150.21
1735025488, 24, 38, 40, 1, 0, 0.17%, 7, 0, 9, 150.07
1735025503, 25, 10, 40, 1, 0, 0.17%, 7, 0, 9, 140.72
1735025508, 25, 12, 40, 1, 0, 0.17%, 7, 0, 9, 138.30
1735025513, 25, 13, 40, 1, 0, 0.17%, 7, 0, 9, 133.91
1735025518, 25, 18, 40, 1, 0, 0.17%, 7, 0, 9, 150.40
1735025528, 25, 27, 40, 1, 0, 0.17%, 7, 0, 9, 137.71
1735025534, 25, 38, 40, 1, 0, 0.17%, 7, 0, 9, 153.64
1735025549, 26, 12, 40, 1, 0, 0.17%, 7, 0, 9, 138.32
1735025554, 26, 13, 40, 1, 0, 0.17%, 7, 0, 9, 142.87
1735025559, 26, 24, 40, 1, 0, 0.17%, 7, 0, 9, 164.54
1735025569, 26, 27, 40, 1, 0, 0.17%, 7, 0, 9, 149.82
1735025574, 26, 32, 40, 1, 0, 0.17%, 7, 0, 9, 152.96
1735025590, 27, 12, 40, 1, 0, 0.17%, 7, 0, 9, 145.39
1735025595, 27, 13, 40, 1, 0, 0.17%, 7, 0, 9, 147.68
1735025600, 27, 23, 40, 1, 0, 0.17%, 7, 0, 9, 156.98
1735025610, 27, 26, 40, 1, 0, 0.17%, 7, 0, 9, 150.35
1735025621, 27, 27, 40, 1, 0, 0.17%, 7, 0, 9, 144.20
1735025626, 27, 39, 40, 1, 0, 0.17%, 7, 0, 9, 145.45
1735025656, 28, 10, 40, 1, 0, 0.17%, 7, 0, 9, 146.95
1735025661, 28, 13, 40, 1, 0, 0.17%, 7, 0, 9, 145.69
1735025666, 28, 20, 40, 1, 0, 0.17%, 7, 0, 9, 149.03
1735025677, 28, 23, 40, 1, 0, 0.17%, 7, 0, 9, 149.69
1735025687, 28, 27, 40, 1, 0, 0.17%, 7, 0, 9, 150.68
1735025692, 29, 10, 40, 1, 0, 0.17%, 7, 0, 9, 138.35
1735025697, 29, 12, 40, 1, 0, 0.17%, 7, 0, 9, 143.41
1735025702, 29, 13, 40, 1, 0, 0.17%, 7, 0, 9, 145.08
1735025708, 29, 16, 40, 1, 0, 0.17%, 7, 0, 9, 151.02
1735025713, 29, 25, 40, 1, 0, 0.17%, 7, 0, 9, 146.69
1735025718, 29, 27, 40, 1, 0, 0.17%, 7, 0, 9, 136.14
1735025723, 30, 1, 40, 1, 0, 0.17%, 7, 0, 9, 144.10
1735025728, 30, 12, 40, 1, 0, 0.17%, 7, 0, 9, 139.23
1735025733, 30, 13, 40, 1, 0, 0.17%, 7, 0, 9, 143.61
1735025738, 30, 18, 40, 1, 0, 0.17%, 7, 0, 9, 147.25
1735025749, 30, 27, 40, 1, 0, 0.17%, 7, 0, 9, 145.64
1735025754, 30, 32, 40, 1, 0, 0.17%, 7, 0, 9, 142.47
1735025769, 31, 0, 40, 1, 0, 0.17%, 7, 0, 9, 143.23
1735025774, 31, 12, 40, 1, 0, 0.17%, 7, 0, 9, 138.35
1735025779, 31, 13, 40, 1, 0, 0.17%, 7, 0, 9, 137.81
1735025785, 31, 17, 40, 1, 0, 0.17%, 7, 0, 9, 145.18
1735025795, 31, 24, 40, 1, 0, 0.17%, 7, 0, 9, 161.54
1735025805, 31, 27, 40, 1, 0, 0.17%, 7, 0, 9, 144.67
1735025810, 32, 10, 40, 1, 0, 0.17%, 7, 0, 9, 145.71
1735025815, 32, 12, 40, 1, 0, 0.17%, 7, 0, 9, 145.37
1735025820, 32, 13, 40, 1, 0, 0.17%, 7, 0, 9, 148.22
1735025825, 32, 27, 40, 1, 0, 0.17%, 7, 0, 9, 145.97
1735025831, 32, 39, 40, 1, 0, 0.17%, 7, 0, 9, 151.92
1735025836, 33, 10, 40, 1, 0, 0.17%, 7, 0, 9, 143.60
1735025841, 33, 12, 40, 1, 0, 0.17%, 7, 0, 9, 145.01
1735025846, 33, 13, 40, 1, 0, 0.17%, 7, 0, 9, 141.39
1735025851, 33, 15, 40, 1, 0, 0.17%, 7, 0, 9, 139.04
1735025861, 33, 22, 40, 1, 0, 0.17%, 7, 0, 9, 182.56
1735025912, 33, 23, 40, 0, 0, 0.17%, 7, 0, 9, 136.07
1735025923, 33, 27, 40, 0, 0, 0.17%, 7, 0, 9, 138.81
1735025928, 33, 28, 40, 0, 0, 0.17%, 7, 0, 9, 142.10
1735025938, 34, 10, 40, 0, 0, 0.17%, 7, 0, 9, 140.50
1735025943, 34, 12, 40, 0, 0, 0.17%, 7, 0, 9, 134.31
1735025948, 34, 13, 40, 0, 0, 0.17%, 7, 0, 9, 137.83
1735025953, 34, 27, 40, 0, 0, 0.17%, 7, 0, 9, 140.65
1735025958, 35, 10, 40, 0, 0, 0.17%, 7, 0, 9, 138.86
1735025964, 35, 12, 40, 0, 0, 0.17%, 7, 0, 9, 134.39
1735025969, 35, 13, 40, 0, 0, 0.17%, 7, 0, 9, 135.56
1735025974, 35, 15, 40, 0, 0, 0.17%, 7, 0, 9, 135.25
1735025984, 35, 21, 40, 0, 0, 0.17%, 7, 0, 9, 163.48
1735025989, 35, 27, 40, 0, 0, 0.17%, 7, 0, 9, 152.12
1735025994, 35, 32, 40, 0, 0, 0.17%, 7, 0, 9, 149.48
1735026010, 36, 10, 40, 0, 0, 0.17%, 7, 0, 9, 143.25
1735026015, 36, 12, 40, 0, 0, 0.17%, 7, 0, 9, 141.66
1735026020, 36, 13, 40, 0, 0, 0.17%, 7, 0, 9, 144.31
1735026025, 36, 25, 40, 0, 0, 0.17%, 7, 0, 9, 145.93
1735026036, 36, 27, 40, 0, 0, 0.17%, 7, 0, 9, 147.25
1735026041, 37, 12, 40, 0, 0, 0.17%, 7, 0, 9, 136.35
1735026046, 37, 13, 40, 0, 0, 0.17%, 7, 0, 9, 139.88
1735026051, 37, 15, 40, 0, 0, 0.17%, 7, 0, 9, 131.89
1735026061, 37, 27, 40, 0, 0, 0.17%, 7, 0, 9, 138.94
1735026066, 37, 33, 40, 0, 0, 0.17%, 7, 0, 9, 148.46
1735026092, 38, 12, 40, 0, 0, 0.17%, 7, 0, 9, 138.95
1735026097, 38, 13, 40, 0, 0, 0.17%, 7, 0, 9, 145.55
1735026102, 38, 27, 40, 0, 0, 0.17%, 7, 0, 9, 156.88
1735026108, 39, 12, 40, 0, 0, 0.17%, 7, 0, 9, 145.33
1735026113, 39, 13, 40, 0, 0, 0.17%, 7, 0, 9, 145.37
1735026118, 39, 27, 40, 0, 0, 0.17%, 7, 0, 9, 140.23
1735026123, 40, 10, 40, 0, 0, 0.17%, 7, 0, 9, 138.62
1735026128, 40, 12, 40, 0, 0, 0.17%, 7, 0, 9, 138.36
1735026133, 40, 13, 40, 0, 0, 0.17%, 7, 0, 9, 138.92
1735026138, 40, 22, 40, 0, 0, 0.17%, 7, 0, 9, 151.03
1735026149, 40, 27, 40, 0, 0, 0.17%, 7, 0, 9, 143.15
1735026154, 40, 32, 40, 0, 0, 0.17%, 7, 0, 9, 140.96
1735026159, 41, 6, 40, 0, 0, 0.17%, 7, 0, 9, 138.76
1735026164, 41, 12, 40, 0, 0, 0.17%, 7, 0, 9, 141.13
1735026169, 41, 13, 40, 0, 0, 0.17%, 7, 0, 9, 142.27
1735026174, 41, 27, 40, 0, 0, 0.17%, 7, 0, 9, 148.36
1735026179, 41, 35, 40, 0, 0, 0.17%, 7, 0, 9, 162.69
1735026200, 42, 5, 40, 0, 0, 0.17%, 7, 0, 9, 133.73
1735026205, 42, 12, 40, 0, 0, 0.17%, 7, 0, 9, 137.51
1735026210, 42, 13, 40, 0, 0, 0.17%, 7, 0, 9, 143.27
1735026215, 42, 20, 40, 0, 0, 0.17%, 7, 0, 9, 156.33
1735026225, 42, 27, 40, 0, 0, 0.17%, 7, 0, 9, 153.89
1735026230, 42, 28, 40, 0, 0, 0.17%, 7, 0, 9, 158.94
1735026240, 43, 12, 40, 0, 0, 0.17%, 7, 0, 9, 143.47
1735026246, 43, 13, 40, 0, 0, 0.17%, 7, 0, 9, 150.43
1735026251, 43, 26, 40, 0, 0, 0.17%, 7, 0, 9, 143.57
1735026256, 43, 27, 40, 0, 0, 0.17%, 7, 0, 9, 153.33
1735026261, 44, 10, 40, 0, 0, 0.17%, 7, 0, 9, 144.39
1735026266, 44, 12, 40, 0, 0, 0.17%, 7, 0, 9, 141.22
1735026271, 44, 13, 40, 0, 0, 0.17%, 7, 0, 9, 146.70
1735026276, 44, 15, 40, 0, 0, 0.17%, 7, 0, 9, 145.45
1735026281, 44, 20, 40, 0, 0, 0.17%, 7, 0, 9, 150.97
1735026287, 44, 27, 40, 0, 0, 0.17%, 7, 0, 9, 148.32
1735026292, 44, 32, 40, 0, 0, 0.17%, 7, 0, 9, 152.94
1735026297, 45, 10, 40, 0, 0, 0.17%, 7, 0, 9, 143.41
1735026302, 45, 12, 40, 0, 0, 0.17%, 7, 0, 9, 142.63
1735026307, 45, 13, 40, 0, 0, 0.17%, 7, 0, 9, 144.57
1735026312, 45, 27, 40, 0, 0, 0.17%, 7, 0, 9, 145.65
1735026317, 45, 30, 40, 0, 0, 0.17%, 7, 0, 9, 154.55
1735026322, 45, 39, 40, 0, 0, 0.17%, 7, 0, 9, 162.54
1735026332, 46, 12, 40, 0, 0, 0.17%, 7, 0, 9, 143.06
1735026338, 46, 13, 40, 0, 0, 0.17%, 7, 0, 9, 139.23
1735026343, 46, 18, 40, 0, 0, 0.17%, 7, 0, 9, 151.46
1735026353, 46, 27, 40, 0, 0, 0.17%, 7, 0, 9, 148.24
1735026358, 46, 36, 40, 0, 0, 0.17%, 7, 0, 9, 166.68
1735026378, 46, 37, 40, 0, 0, 0.17%, 7, 0, 9, 157.35
1735026404, 47, 12, 40, 0, 0, 0.17%, 7, 0, 9, 130.62
1735026409, 47, 13, 40, 0, 0, 0.17%, 7, 0, 9, 140.00
1735026414, 47, 27, 40, 0, 0, 0.17%, 7, 0, 9, 139.68
1735026419, 48, 7, 40, 0, 0, 0.17%, 7, 0, 9, 149.59
1735026425, 48, 12, 40, 0, 0, 0.17%, 7, 0, 9, 134.44
1735026430, 48, 13, 40, 0, 0, 0.17%, 7, 0, 9, 149.05
1735026435, 48, 24, 40, 0, 0, 0.17%, 7, 0, 9, 154.00
1735026440, 48, 27, 40, 0, 0, 0.17%, 7, 0, 9, 151.85
1735026445, 49, 10, 40, 0, 0, 0.17%, 7, 0, 9, 148.56
1735026450, 49, 12, 40, 0, 0, 0.17%, 7, 0, 9, 141.50
1735026455, 49, 13, 40, 0, 0, 0.17%, 7, 0, 9, 138.88
1735026460, 49, 27, 40, 0, 0, 0.17%, 7, 0, 9, 147.72
1735026465, 50, 12, 40, 0, 0, 0.17%, 7, 0, 9, 135.90
1735026471, 50, 13, 40, 0, 0, 0.17%, 7, 0, 9, 143.33
1735026476, 50, 27, 40, 0, 0, 0.17%, 7, 0, 9, 147.47
1735026481, 50, 39, 40, 0, 0, 0.17%, 7, 0, 9, 158.16
1735026491, 51, 12, 40, 0, 0, 0.17%, 7, 0, 9, 142.07
1735026496, 51, 13, 40, 0, 0, 0.17%, 7, 0, 9, 142.79
1735026502, 51, 27, 40, 0, 0, 0.17%, 7, 0, 9, 147.32
1735026507, 51, 34, 40, 0, 0, 0.17%, 7, 0, 9, 158.94
1735026527, 52, 8, 40, 0, 0, 0.17%, 7, 0, 9, 153.67
1735026532, 52, 12, 40, 0, 0, 0.17%, 7, 0, 9, 138.17
1735026537, 52, 13, 40, 0, 0, 0.17%, 7, 0, 9, 139.44
1735026542, 52, 27, 40, 0, 0, 0.17%, 7, 0, 9, 147.62
1735026548, 53, 10, 40, 0, 0, 0.17%, 7, 0, 9, 136.98
1735026553, 53, 12, 40, 0, 0, 0.17%, 7, 0, 9, 151.47
1735026558, 53, 13, 40, 0, 0, 0.17%, 7, 0, 9, 143.28
1735026563, 53, 27, 40, 0, 0, 0.17%, 7, 0, 9, 140.42
1735026568, 54, 12, 40, 0, 0, 0.17%, 7, 0, 9, 134.47
1735026573, 54, 13, 40, 0, 0, 0.17%, 7, 0, 9, 144.73
1735026578, 54, 14, 40, 0, 0, 0.17%, 7, 0, 9, 138.88
1735026588, 54, 16, 40, 0, 0, 0.17%, 7, 0, 9, 148.76
1735026593, 54, 27, 40, 0, 0, 0.17%, 7, 0, 9, 150.37
1735026599, 54, 30, 40, 0, 0, 0.17%, 7, 0, 9, 177.25
1735026609, 54, 37, 40, 0, 0, 0.17%, 7, 0, 9, 156.01
1735026629, 54, 38, 40, 0, 0, 0.17%, 7, 0, 9, 159.44
1735026644, 55, 12, 40, 0, 0, 0.17%, 7, 0, 9, 141.27
1735026650, 55, 13, 40, 0, 0, 0.17%, 7, 0, 9, 140.93
1735026655, 55, 27, 40, 0, 0, 0.17%, 7, 0, 9, 150.40
1735026660, 56, 10, 40, 0, 0, 0.17%, 7, 0, 9, 140.62
1735026665, 56, 12, 40, 0, 0, 0.17%, 7, 0, 9, 139.74
1735026670, 56, 13, 40, 0, 0, 0.17%, 7, 0, 9, 142.37
1735026675, 56, 27, 40, 0, 0, 0.17%, 7, 0, 9, 141.96
1735026681, 56, 32, 40, 0, 0, 0.17%, 7, 0, 9, 143.65
1735026686, 57, 10, 40, 0, 0, 0.17%, 7, 0, 9, 133.87
1735026691, 57, 12, 40, 0, 0, 0.17%, 7, 0, 9, 141.57
1735026696, 57, 13, 40, 0, 0, 0.17%, 7, 0, 9, 140.48
1735026701, 57, 24, 40, 0, 0, 0.17%, 7, 0, 9, 149.21
1735026706, 57, 27, 40, 0, 0, 0.17%, 7, 0, 9, 145.72
1735026711, 58, 6, 40, 0, 0, 0.17%, 7, 0, 9, 135.30
1735026717, 58, 11, 40, 0, 0, 0.17%, 7, 0, 9, 140.96
1735026722, 58, 12, 40, 0, 0, 0.17%, 7, 0, 9, 135.00
1735026727, 58, 13, 40, 0, 0, 0.17%, 7, 0, 9, 139.97
1735026732, 58, 27, 40, 0, 0, 0.17%, 7, 0, 9, 140.31
1735026737, 58, 32, 40, 0, 0, 0.17%, 7, 0, 9, 146.11
1735026747, 59, 10, 40, 0, 0, 0.17%, 7, 0, 9, 141.91
1735026752, 59, 12, 40, 0, 0, 0.17%, 7, 0, 9, 147.68
1735026758, 59, 13, 40, 0, 0, 0.17%, 7, 0, 9, 151.18
1735026763, 59, 27, 40, 0, 0, 0.17%, 7, 0, 9, 152.23
1735026768, 59, 37, 40, 0, 0, 0.17%, 7, 0, 9, 163.11
1735026778, 60, 10, 40, 0, 0, 0.17%, 7, 0, 9, 144.61
1735026783, 60, 12, 40, 0, 0, 0.17%, 7, 0, 9, 145.86
1735026788, 60, 13, 40, 0, 0, 0.17%, 7, 0, 9, 141.33
1735026793, 60, 27, 40, 0, 0, 0.17%, 7, 0, 9, 142.72
1735026798, 61, 12, 40, 0, 0, 0.17%, 7, 0, 9, 131.09
1735026803, 61, 13, 40, 0, 0, 0.17%, 7, 0, 9, 144.94
1735026808, 61, 27, 40, 0, 0, 0.17%, 7, 0, 9, 145.13
1735026814, 62, 10, 40, 0, 0, 0.17%, 7, 0, 9, 142.62
1735026819, 62, 12, 40, 0, 0, 0.17%, 7, 0, 9, 134.80
1735026824, 62, 13, 40, 0, 0, 0.17%, 7, 0, 9, 138.55
1735026829, 62, 27, 40, 0, 0, 0.17%, 7, 0, 9, 143.81
1735026834, 62, 28, 40, 0, 0, 0.17%, 7, 0, 9, 152.05
1735026839, 63, 12, 40, 0, 0, 0.17%, 7, 0, 9, 149.68
1735026850, 63, 13, 40, 0, 0, 0.17%, 7, 0, 9, 135.84
1735026855, 63, 26, 40, 0, 0, 0.17%, 7, 0, 9, 144.26
1735026860, 63, 27, 40, 0, 0, 0.17%, 7, 0, 9, 146.73
1735026865, 64, 12, 40, 0, 0, 0.17%, 7, 0, 9, 141.65
1735026870, 64, 13, 40, 0, 0, 0.17%, 7, 0, 9, 142.55
1735026875, 64, 19, 40, 0, 0, 0.17%, 7, 0, 9, 144.09
1735026885, 64, 27, 40, 0, 0, 0.17%, 7, 0, 9, 140.28
1735026891, 65, 12, 40, 0, 0, 0.17%, 7, 0, 9, 137.79
1735026896, 65, 13, 40, 0, 0, 0.17%, 7, 0, 9, 139.31
1735026901, 65, 27, 40, 0, 0, 0.17%, 7, 0, 9, 146.05
1735026906, 65, 37, 40, 0, 0, 0.17%, 7, 0, 9, 143.50
1735026921, 66, 12, 40, 0, 0, 0.17%, 7, 0, 9, 146.04
1735026926, 66, 13, 40, 0, 0, 0.17%, 7, 0, 9, 142.18
1735026931, 66, 27, 40, 0, 0, 0.17%, 7, 0, 9, 160.43
1735026936, 66, 28, 40, 0, 0, 0.17%, 7, 0, 9, 151.46
1735026941, 66, 31, 40, 0, 0, 0.17%, 7, 0, 9, 148.40
1735026947, 67, 12, 40, 0, 0, 0.17%, 7, 0, 9, 144.34
1735026952, 67, 13, 40, 0, 0, 0.17%, 7, 0, 9, 143.21
1735026957, 67, 27, 40, 0, 0, 0.17%, 7, 0, 9, 140.75
1735026962, 67, 39, 40, 0, 0, 0.17%, 7, 0, 9, 158.58
1735026972, 68, 12, 40, 0, 0, 0.17%, 7, 0, 9, 141.86
1735026978, 68, 13, 40, 0, 0, 0.17%, 7, 0, 9, 143.93
1735026983, 68, 17, 40, 0, 0, 0.17%, 7, 0, 9, 147.69
1735026993, 68, 27, 40, 0, 0, 0.17%, 7, 0, 9, 142.60
1735026998, 69, 10, 40, 0, 0, 0.17%, 7, 0, 9, 146.73
1735027003, 69, 12, 40, 0, 0, 0.17%, 7, 0, 9, 147.42
1735027009, 69, 13, 40, 0, 0, 0.17%, 7, 0, 9, 144.05
1735027014, 69, 27, 40, 0, 0, 0.17%, 7, 0, 9, 148.31
1735027019, 70, 10, 40, 0, 0, 0.17%, 7, 0, 9, 145.49
1735027024, 70, 12, 40, 0, 0, 0.17%, 7, 0, 9, 146.94
1735027029, 70, 13, 40, 0, 0, 0.17%, 7, 0, 9, 139.93
1735027034, 70, 27, 40, 0, 0, 0.17%, 7, 0, 9, 139.52
1735027039, 70, 28, 40, 0, 0, 0.17%, 7, 0, 9, 141.29
1735027044, 70, 30, 40, 0, 0, 0.17%, 7, 0, 9, 164.34
1735027050, 71, 10, 40, 0, 0, 0.17%, 7, 0, 9, 133.25
1735027055, 71, 12, 40, 0, 0, 0.17%, 7, 0, 9, 135.32
1735027060, 71, 13, 40, 0, 0, 0.17%, 7, 0, 9, 134.92
1735027065, 71, 27, 40, 0, 0, 0.17%, 7, 0, 9, 139.54
1735027070, 72, 10, 40, 0, 0, 0.17%, 7, 0, 9, 140.36
1735027075, 72, 12, 40, 0, 0, 0.17%, 7, 0, 9, 136.14
1735027080, 72, 13, 40, 0, 0, 0.17%, 7, 0, 9, 148.25
1735027085, 72, 21, 40, 0, 0, 0.17%, 7, 0, 9, 152.43
1735027096, 72, 27, 40, 0, 0, 0.17%, 7, 0, 9, 148.77
1735027101, 72, 33, 40, 0, 0, 0.17%, 7, 0, 9, 162.32
1735027111, 73, 10, 40, 0, 0, 0.17%, 7, 0, 9, 138.11
1735027116, 73, 12, 40, 0, 0, 0.17%, 7, 0, 9, 134.25
1735027121, 73, 13, 40, 0, 0, 0.17%, 7, 0, 9, 133.52
1735027127, 73, 27, 40, 0, 0, 0.17%, 7, 0, 9, 138.75
1735027132, 74, 7, 40, 0, 0, 0.17%, 7, 0, 9, 143.93
1735027137, 74, 12, 40, 0, 0, 0.17%, 7, 0, 9, 141.98
1735027142, 74, 13, 40, 0, 0, 0.17%, 7, 0, 9, 144.50
1735027147, 74, 27, 40, 0, 0, 0.17%, 7, 0, 9, 142.26
1735027152, 75, 12, 40, 0, 0, 0.17%, 7, 0, 9, 142.79
1735027157, 75, 13, 40, 0, 0, 0.17%, 7, 0, 9, 144.19
1735027163, 75, 27, 40, 0, 0, 0.17%, 7, 0, 9, 152.99
1735027168, 76, 10, 40, 0, 0, 0.17%, 7, 0, 9, 139.25
1735027173, 76, 12, 40, 0, 0, 0.17%, 7, 0, 9, 141.53
1735027178, 76, 13, 40, 0, 0, 0.17%, 7, 0, 9, 139.71
1735027183, 76, 27, 40, 0, 0, 0.17%, 7, 0, 9, 146.44
1735027188, 77, 12, 40, 0, 0, 0.17%, 7, 0, 9, 142.08
1735027193, 77, 13, 40, 0, 0, 0.17%, 7, 0, 9, 144.90
1735027198, 77, 18, 40, 0, 0, 0.17%, 7, 0, 9, 143.26
1735027204, 77, 20, 40, 0, 0, 0.17%, 7, 0, 9, 162.34
1735027209, 77, 27, 40, 0, 0, 0.17%, 7, 0, 9, 144.48
1735027214, 78, 2, 40, 0, 0, 0.17%, 7, 0, 9, 145.00
1735027219, 78, 10, 40, 0, 0, 0.17%, 7, 0, 9, 136.03
1735027224, 78, 12, 40, 0, 0, 0.17%, 7, 0, 9, 138.55
1735027229, 78, 13, 40, 0, 0, 0.17%, 7, 0, 9, 149.34
1735027234, 78, 18, 40, 0, 0, 0.17%, 7, 0, 9, 150.19
1735027240, 78, 27, 40, 0, 0, 0.17%, 7, 0, 9, 149.80
1735027245, 79, 10, 40, 0, 0, 0.17%, 7, 0, 9, 140.55
1735027250, 79, 12, 40, 0, 0, 0.17%, 7, 0, 9, 146.28
1735027255, 79, 13, 40, 0, 0, 0.17%, 7, 0, 9, 156.30
1735027260, 79, 14, 40, 0, 0, 0.17%, 7, 0, 9, 136.30
1735027270, 79, 17, 40, 0, 0, 0.17%, 7, 0, 9, 147.86
1735027281, 79, 27, 40, 0, 0, 0.17%, 7, 0, 9, 156.05
1735027286, 80, 11, 40, 0, 0, 0.17%, 7, 0, 9, 138.03
1735027291, 80, 12, 40, 0, 0, 0.17%, 7, 0, 9, 138.78
1735027296, 80, 13, 40, 0, 0, 0.17%, 7, 0, 9, 143.60
1735027301, 80, 27, 40, 0, 0, 0.17%, 7, 0, 9, 143.45
1735027306, 81, 10, 40, 0, 0, 0.17%, 7, 0, 9, 132.89
1735027311, 81, 12, 40, 0, 0, 0.17%, 7, 0, 9, 122.83
1735027317, 81, 13, 40, 0, 0, 0.17%, 7, 0, 9, 136.74
1735027322, 81, 27, 40, 0, 0, 0.17%, 7, 0, 9, 151.26
1735027327, 82, 12, 40, 0, 0, 0.17%, 7, 0, 9, 141.39
1735027332, 82, 13, 40, 0, 0, 0.17%, 7, 0, 9, 142.93
1735027337, 82, 15, 40, 0, 0, 0.17%, 7, 0, 9, 141.74
1735027342, 82, 27, 40, 0, 0, 0.17%, 7, 0, 9, 148.39
1735027348, 82, 34, 40, 0, 0, 0.17%, 7, 0, 9, 154.13
1735027368, 83, 9, 40, 0, 0, 0.17%, 7, 0, 9, 127.01
1735027373, 83, 11, 40, 0, 0, 0.17%, 7, 0, 9, 143.41
1735027378, 83, 12, 40, 0, 0, 0.17%, 7, 0, 9, 140.13
1735027383, 83, 13, 40, 0, 0, 0.17%, 7, 0, 9, 143.75
1735027389, 83, 27, 40, 0, 0, 0.17%, 7, 0, 9, 149.10
1735027394, 83, 31, 40, 0, 0, 0.17%, 7, 0, 9, 147.96
1735027399, 83, 33, 40, 0, 0, 0.17%, 7, 0, 9, 159.65
1735027409, 84, 10, 40, 0, 0, 0.17%, 7, 0, 9, 143.43
1735027414, 84, 12, 40, 0, 0, 0.17%, 7, 0, 9, 141.03
1735027419, 84, 13, 40, 0, 0, 0.17%, 7, 0, 9, 145.04
1735027425, 84, 16, 40, 0, 0, 0.17%, 7, 0, 9, 148.15
1735027430, 84, 27, 40, 0, 0, 0.17%, 7, 0, 9, 144.05
1735027435, 85, 12, 40, 0, 0, 0.17%, 7, 0, 9, 140.27
1735027440, 85, 13, 40, 0, 0, 0.17%, 7, 0, 9, 139.95
1735027445, 85, 27, 40, 0, 0, 0.17%, 7, 0, 9, 139.93
1735027450, 86, 4, 40, 0, 0, 0.17%, 7, 0, 9, 133.87
1735027456, 86, 12, 40, 0, 0, 0.17%, 7, 0, 9, 134.53
1735027461, 86, 13, 40, 0, 0, 0.17%, 7, 0, 9, 141.79
1735027466, 86, 27, 40, 0, 0, 0.17%, 7, 0, 9, 152.16
1735027471, 87, 0, 40, 0, 0, 0.17%, 7, 0, 9, 139.54
1735027476, 87, 11, 40, 0, 0, 0.17%, 7, 0, 9, 134.92
1735027481, 87, 12, 40, 0, 0, 0.17%, 7, 0, 9, 148.10
1735027487, 87, 14, 40, 0, 0, 0.17%, 7, 0, 9, 148.46
1735027502, 87, 27, 40, 0, 0, 0.17%, 7, 0, 9, 150.65
1735027507, 88, 1, 40, 0, 0, 0.17%, 7, 0, 9, 147.61
1735027512, 88, 12, 40, 0, 0, 0.17%, 7, 0, 9, 139.79
1735027517, 88, 13, 40, 0, 0, 0.17%, 7, 0, 9, 147.58
1735027523, 88, 27, 40, 0, 0, 0.17%, 7, 0, 9, 147.65
1735027528, 88, 28, 40, 0, 0, 0.17%, 7, 0, 9, 151.05
1735027533, 88, 39, 40, 0, 0, 0.17%, 7, 0, 9, 163.10
1735027538, 89, 7, 40, 0, 0, 0.17%, 7, 0, 9, 146.37
1735027543, 89, 12, 40, 0, 0, 0.17%, 7, 0, 9, 142.32
1735027548, 89, 13, 40, 0, 0, 0.17%, 7, 0, 9, 135.82
1735027553, 89, 27, 40, 0, 0, 0.17%, 7, 0, 9, 139.04
1735027559, 90, 4, 40, 0, 0, 0.17%, 7, 0, 9, 148.73
1735027564, 90, 12, 40, 0, 0, 0.17%, 7, 0, 9, 136.50
1735027569, 90, 13, 40, 0, 0, 0.17%, 7, 0, 9, 143.14
1735027574, 90, 27, 40, 0, 0, 0.17%, 7, 0, 9, 147.31
1735027579, 90, 36, 40, 0, 0, 0.17%, 7, 0, 9, 165.09
1735027599, 91, 5, 40, 0, 0, 0.17%, 7, 0, 9, 149.90
1735027605, 91, 12, 40, 0, 0, 0.17%, 7, 0, 9, 136.89
1735027610, 91, 13, 40, 0, 0, 0.17%, 7, 0, 9, 149.75
1735027615, 91, 27, 40, 0, 0, 0.17%, 7, 0, 9, 148.17
1735027620, 91, 38, 40, 0, 0, 0.17%, 7, 0, 9, 156.43
1735027625, 92, 10, 40, 0, 0, 0.17%, 7, 0, 9, 147.68
1735027630, 92, 12, 40, 0, 0, 0.17%, 7, 0, 9, 139.99
1735027635, 92, 13, 40, 0, 0, 0.17%, 7, 0, 9, 144.01
1735027640, 92, 15, 40, 0, 0, 0.17%, 7, 0, 9, 141.62
1735027646, 92, 27, 40, 0, 0, 0.17%, 7, 0, 9, 144.24
1735027651, 92, 33, 40, 0, 0, 0.17%, 7, 0, 9, 159.87
1735027661, 93, 12, 40, 0, 0, 0.17%, 7, 0, 9, 143.30
1735027666, 93, 13, 40, 0, 0, 0.17%, 7, 0, 9, 143.78
1735027671, 93, 27, 40, 0, 0, 0.17%, 7, 0, 9, 150.78
1735027676, 93, 32, 40, 0, 0, 0.17%, 7, 0, 9, 153.10
1735027686, 94, 12, 40, 0, 0, 0.17%, 7, 0, 9, 142.14
1735027691, 94, 13, 40, 0, 0, 0.17%, 7, 0, 9, 146.45
1735027697, 94, 21, 40, 0, 0, 0.17%, 7, 0, 9, 150.46
1735027707, 94, 27, 40, 0, 0, 0.17%, 7, 0, 9, 140.53
1735027712, 94, 35, 40, 0, 0, 0.17%, 7, 0, 9, 162.41
1735027732, 95, 0, 40, 0, 0, 0.17%, 7, 0, 9, 134.84
1735027737, 95, 12, 40, 0, 0, 0.17%, 7, 0, 9, 127.85
1735027743, 95, 13, 40, 0, 0, 0.17%, 7, 0, 9, 139.53
1735027748, 95, 27, 40, 0, 0, 0.17%, 7, 0, 9, 147.93
1735027753, 96, 6, 40, 0, 0, 0.17%, 7, 0, 9, 135.98
1735027758, 96, 12, 40, 0, 0, 0.17%, 7, 0, 9, 134.28
1735027763, 96, 13, 40, 0, 0, 0.17%, 7, 0, 9, 145.91
1735027768, 96, 27, 40, 0, 0, 0.17%, 7, 0, 9, 148.96
1735027774, 96, 39, 40, 0, 0, 0.17%, 7, 0, 9, 159.03
1735027784, 97, 12, 40, 0, 0, 0.17%, 7, 0, 9, 141.23
1735027789, 97, 13, 40, 0, 0, 0.17%, 7, 0, 9, 135.54
1735027799, 98, 4, 40, 0, 0, 0.17%, 7, 0, 9, 145.74
1735027804, 98, 12, 40, 0, 0, 0.17%, 7, 0, 9, 139.15
1735027810, 98, 13, 40, 0, 0, 0.17%, 7, 0, 9, 140.96
1735027815, 98, 27, 40, 0, 0, 0.17%, 7, 0, 9, 143.18
1735027820, 98, 29, 40, 0, 0, 0.17%, 7, 0, 9, 149.85
1735027830, 99, 4, 40, 0, 0, 0.17%, 7, 0, 9, 148.90
1735027835, 99, 11, 40, 0, 0, 0.17%, 7, 0, 9, 144.87
1735027840, 99, 12, 40, 0, 0, 0.17%, 7, 0, 9, 147.33
1735027845, 99, 13, 40, 0, 0, 0.17%, 7, 0, 9, 148.44
1735027850, 99, 27, 40, 0, 0, 0.17%, 7, 0, 9, 146.83
1735027856, 100, 12, 40, 0, 0, 0.17%, 7, 0, 9, 132.80
1735027861, 100, 13, 40, 0, 0, 0.17%, 7, 0, 9, 136.15
1735027866, 100, 27, 40, 0, 0, 0.17%, 7, 0, 9, 144.25
1735027871, 101, 10, 40, 0, 0, 0.17%, 7, 0, 9, 135.87
1735027876, 101, 12, 40, 0, 0, 0.17%, 7, 0, 9, 146.70
1735027881, 101, 13, 40, 0, 0, 0.17%, 7, 0, 9, 136.21
1735027886, 101, 16, 40, 0, 0, 0.17%, 7, 0, 9, 147.79
1735027892, 101, 27, 40, 0, 0, 0.17%, 7, 0, 9, 147.61
1735027897, 102, 12, 40, 0, 0, 0.17%, 7, 0, 9, 134.19
1735027902, 102, 13, 40, 0, 0, 0.17%, 7, 0, 9, 143.41
1735027907, 102, 16, 40, 0, 0, 0.17%, 7, 0, 9, 152.26
1735027912, 102, 27, 40, 0, 0, 0.17%, 7, 0, 9, 151.35
1735027917, 103, 10, 40, 0, 0, 0.17%, 7, 0, 9, 148.60
1735027922, 103, 12, 40, 0, 0, 0.17%, 7, 0, 9, 151.89
1735027927, 103, 13, 40, 0, 0, 0.17%, 7, 0, 9, 151.78
1735027933, 103, 27, 40, 0, 0, 0.17%, 7, 0, 9, 144.27
1735027938, 103, 31, 40, 0, 0, 0.17%, 7, 0, 9, 149.68
1735027943, 104, 12, 40, 0, 0, 0.17%, 7, 0, 9, 139.23
1735027948, 104, 13, 40, 0, 0, 0.17%, 7, 0, 9, 133.97
1735027953, 104, 20, 40, 0, 0, 0.17%, 7, 0, 9, 149.68
1735027958, 104, 27, 40, 0, 0, 0.17%, 7, 0, 9, 150.28
1735027963, 105, 8, 40, 0, 0, 0.17%, 7, 0, 9, 140.43
1735027968, 105, 12, 40, 0, 0, 0.17%, 7, 0, 9, 134.29
1735027973, 105, 13, 40, 0, 0, 0.17%, 7, 0, 9, 142.88
1735027979, 105, 26, 40, 0, 0, 0.17%, 7, 0, 9, 145.53
1735027984, 105, 27, 40, 0, 0, 0.17%, 7, 0, 9, 151.04
1735027989, 105, 32, 40, 0, 0, 0.17%, 7, 0, 9, 145.91
1735027999, 105, 37, 40, 0, 0, 0.17%, 7, 0, 9, 154.56
1735028009, 106, 10, 40, 0, 0, 0.17%, 7, 0, 9, 139.15
1735028014, 106, 12, 40, 0, 0, 0.17%, 7, 0, 9, 141.08
1735028019, 106, 13, 40, 0, 0, 0.17%, 7, 0, 9, 143.67
1735028025, 106, 27, 40, 0, 0, 0.17%, 7, 0, 9, 148.13
1735028030, 106, 38, 40, 0, 0, 0.17%, 7, 0, 9, 147.10
1735028035, 107, 12, 40, 0, 0, 0.17%, 7, 0, 9, 144.71
1735028045, 107, 13, 40, 0, 0, 0.17%, 7, 0, 9, 146.88
1735028050, 107, 33, 40, 0, 0, 0.17%, 7, 0, 9, 156.77
1735028065, 108, 12, 40, 0, 0, 0.17%, 7, 0, 9, 133.58
1735028070, 108, 13, 40, 0, 0, 0.17%, 7, 0, 9, 143.97
1735028076, 108, 17, 40, 0, 0, 0.17%, 7, 0, 9, 140.52
1735028081, 108, 27, 40, 0, 0, 0.17%, 7, 0, 9, 150.87
1735028086, 108, 37, 40, 0, 0, 0.17%, 7, 0, 9, 155.22
1735028096, 108, 38, 40, 0, 0, 0.17%, 7, 0, 9, 133.63
1735028106, 109, 12, 40, 0, 0, 0.17%, 7, 0, 9, 138.40
1735028117, 109, 27, 40, 0, 0, 0.17%, 7, 0, 9, 149.41
1735028122, 110, 1, 40, 0, 0, 0.17%, 7, 0, 9, 150.03
1735028127, 110, 12, 40, 0, 0, 0.17%, 7, 0, 9, 139.05
1735028132, 110, 13, 40, 0, 0, 0.17%, 7, 0, 9, 139.48
1735028137, 110, 14, 40, 0, 0, 0.17%, 7, 0, 9, 140.91
1735028142, 110, 27, 40, 0, 0, 0.17%, 7, 0, 9, 141.19
1735028147, 110, 31, 40, 0, 0, 0.17%, 7, 0, 9, 146.18
1735028152, 111, 10, 40, 0, 0, 0.17%, 7, 0, 9, 150.14
1735028157, 111, 12, 40, 0, 0, 0.17%, 7, 0, 9, 139.97
1735028163, 111, 13, 40, 0, 0, 0.17%, 7, 0, 9, 148.08
1735028168, 111, 18, 40, 0, 0, 0.17%, 7, 0, 9, 145.56
1735028173, 111, 21, 40, 0, 0, 0.17%, 7, 0, 9, 152.14
1735028178, 111, 26, 40, 0, 0, 0.17%, 7, 0, 9, 143.41
1735028183, 111, 27, 40, 0, 0, 0.17%, 7, 0, 9, 145.45
1735028188, 112, 7, 40, 0, 0, 0.17%, 7, 0, 9, 149.40
1735028193, 112, 12, 40, 0, 0, 0.17%, 7, 0, 9, 131.85
1735028198, 112, 13, 40, 0, 0, 0.17%, 7, 0, 9, 139.71
1735028203, 112, 15, 40, 0, 0, 0.17%, 7, 0, 9, 135.90
1735028209, 112, 27, 40, 0, 0, 0.17%, 7, 0, 9, 148.50
1735028214, 113, 10, 40, 0, 0, 0.17%, 7, 0, 9, 150.12
1735028219, 113, 12, 40, 0, 0, 0.17%, 7, 0, 9, 135.74
1735028224, 113, 13, 40, 0, 0, 0.17%, 7, 0, 9, 142.24
1735028229, 113, 25, 40, 0, 0, 0.17%, 7, 0, 9, 147.36
1735028234, 113, 27, 40, 0, 0, 0.17%, 7, 0, 9, 141.63
1735028240, 113, 39, 40, 0, 0, 0.17%, 7, 0, 9, 153.89
1735028245, 114, 5, 40, 0, 0, 0.17%, 7, 0, 9, 154.13
1735028250, 114, 12, 40, 0, 0, 0.17%, 7, 0, 9, 144.48
1735028255, 114, 13, 40, 0, 0, 0.17%, 7, 0, 9, 147.12
1735028260, 114, 27, 40, 0, 0, 0.17%, 7, 0, 9, 152.13
1735028265, 114, 39, 40, 0, 0, 0.17%, 7, 0, 9, 152.70
1735028275, 115, 12, 40, 0, 0, 0.17%, 7, 0, 9, 142.17
1735028280, 115, 13, 40, 0, 0, 0.17%, 7, 0, 9, 147.83
1735028285, 115, 24, 40, 0, 0, 0.17%, 7, 0, 9, 140.85
1735028290, 115, 27, 40, 0, 0, 0.17%, 7, 0, 9, 152.98
1735028296, 115, 30, 40, 0, 0, 0.17%, 7, 0, 9, 158.10
1735028301, 115, 35, 40, 0, 0, 0.17%, 7, 0, 9, 167.41
1735028311, 116, 10, 40, 0, 0, 0.17%, 7, 0, 9, 139.48
1735028316, 116, 12, 40, 0, 0, 0.17%, 7, 0, 9, 134.93
1735028321, 116, 13, 40, 0, 0, 0.17%, 7, 0, 9, 140.65
1735028326, 116, 27, 40, 0, 0, 0.17%, 7, 0, 9, 144.50
1735028332, 116, 31, 40, 0, 0, 0.17%, 7, 0, 9, 142.52
1735028337, 117, 12, 40, 0, 0, 0.17%, 7, 0, 9, 136.91
1735028342, 117, 13, 40, 0, 0, 0.17%, 7, 0, 9, 140.82
1735028347, 117, 27, 40, 0, 0, 0.17%, 7, 0, 9, 139.74
1735028352, 118, 10, 40, 0, 0, 0.17%, 7, 0, 9, 136.24
1735028358, 118, 12, 40, 0, 0, 0.17%, 7, 0, 9, 144.74
1735028363, 118, 13, 40, 0, 0, 0.17%, 7, 0, 9, 141.84
1735028368, 118, 27, 40, 0, 0, 0.17%, 7, 0, 9, 147.28
1735028373, 118, 39, 40, 0, 0, 0.17%, 7, 0, 9, 156.31
1735028378, 119, 0, 40, 0, 0, 0.17%, 7, 0, 9, 145.41
1735028383, 119, 12, 40, 0, 0, 0.17%, 7, 0, 9, 137.51
1735028389, 119, 13, 40, 0, 0, 0.17%, 7, 0, 9, 142.72
1735028394, 119, 27, 40, 0, 0, 0.17%, 7, 0, 9, 143.72
1735028399, 120, 3, 40, 0, 0, 0.17%, 7, 0, 9, 140.10
1735028404, 120, 12, 40, 0, 0, 0.17%, 7, 0, 9, 133.17
1735028409, 120, 13, 40, 0, 0, 0.17%, 7, 0, 9, 144.19
1735028414, 120, 17, 40, 0, 0, 0.17%, 7, 0, 9, 155.46
1735028419, 120, 20, 40, 0, 0, 0.17%, 7, 0, 9, 157.13
1735028424, 120, 27, 40, 0, 0, 0.17%, 7, 0, 9, 148.19
1735028429, 120, 31, 40, 0, 0, 0.17%, 7, 0, 9, 154.55
1735028435, 121, 12, 40, 0, 0, 0.17%, 7, 0, 9, 146.87
1735028440, 121, 13, 40, 0, 0, 0.17%, 7, 0, 9, 148.58
1735028445, 121, 27, 40, 0, 0, 0.17%, 7, 0, 9, 147.62
1735028450, 122, 1, 40, 0, 0, 0.17%, 7, 0, 9, 141.09
1735028455, 122, 12, 40, 0, 0, 0.17%, 7, 0, 9, 140.14
1735028460, 122, 13, 40, 0, 0, 0.17%, 7, 0, 9, 143.85
1735028466, 122, 27, 40, 0, 0, 0.17%, 7, 0, 9, 146.71
1735028471, 123, 2, 40, 0, 0, 0.17%, 7, 0, 9, 145.49
1735028476, 123, 12, 40, 0, 0, 0.17%, 7, 0, 9, 138.14
1735028481, 123, 13, 40, 0, 0, 0.17%, 7, 0, 9, 139.50
1735028486, 123, 27, 40, 0, 0, 0.17%, 7, 0, 9, 147.12
1735028491, 123, 30, 40, 0, 0, 0.17%, 7, 0, 9, 158.15
1735028496, 124, 10, 40, 0, 0, 0.17%, 7, 0, 9, 154.46
1735028502, 124, 12, 40, 0, 0, 0.17%, 7, 0, 9, 146.15
1735028507, 124, 13, 40, 0, 0, 0.17%, 7, 0, 9, 135.40
1735028512, 124, 15, 40, 0, 0, 0.17%, 7, 0, 9, 141.60
1735028517, 124, 27, 40, 0, 0, 0.17%, 7, 0, 9, 144.47
1735028522, 125, 10, 40, 0, 0, 0.17%, 7, 0, 9, 140.09
1735028527, 125, 12, 40, 0, 0, 0.17%, 7, 0, 9, 137.10
1735028533, 125, 13, 40, 0, 0, 0.17%, 7, 0, 9, 139.13
1735028538, 125, 27, 40, 0, 0, 0.17%, 7, 0, 9, 145.31
1735028543, 125, 29, 40, 0, 0, 0.17%, 7, 0, 9, 152.25
1735028548, 126, 10, 40, 0, 0, 0.17%, 7, 0, 9, 145.54
1735028553, 126, 12, 40, 0, 0, 0.17%, 7, 0, 9, 133.28
1735028558, 126, 13, 40, 0, 0, 0.17%, 7, 0, 9, 152.16
1735028563, 126, 26, 40, 0, 0, 0.17%, 7, 0, 9, 152.34
1735028568, 126, 27, 40, 0, 0, 0.17%, 7, 0, 9, 150.67
1735028573, 126, 34, 40, 0, 0, 0.17%, 7, 0, 9, 177.20
1735028594, 127, 10, 40, 0, 0, 0.17%, 7, 0, 9, 141.32
1735028599, 127, 12, 40, 0, 0, 0.17%, 7, 0, 9, 133.98
1735028604, 127, 13, 40, 0, 0, 0.17%, 7, 0, 9, 140.76
1735028609, 127, 27, 40, 0, 0, 0.17%, 7, 0, 9, 149.19
1735028614, 127, 31, 40, 0, 0, 0.17%, 7, 0, 9, 154.94
1735028619, 127, 33, 40, 0, 0, 0.17%, 7, 0, 9, 163.19
1735028629, 128, 10, 40, 0, 0, 0.17%, 7, 0, 9, 137.06
1735028634, 128, 12, 40, 0, 0, 0.17%, 7, 0, 9, 132.97
1735028640, 128, 13, 40, 0, 0, 0.17%, 7, 0, 9, 143.34
1735028645, 128, 19, 40, 0, 0, 0.17%, 7, 0, 9, 136.49
1735028655, 128, 21, 40, 0, 0, 0.17%, 7, 0, 9, 150.90
1735028660, 128, 27, 40, 0, 0, 0.17%, 7, 0, 9, 146.15
1735028665, 128, 37, 40, 0, 0, 0.17%, 7, 0, 9, 155.90
1735028675, 128, 39, 40, 0, 0, 0.17%, 7, 0, 9, 155.15
1735028680, 129, 10, 40, 0, 0, 0.17%, 7, 0, 9, 148.79
1735028686, 129, 12, 40, 0, 0, 0.17%, 7, 0, 9, 140.81
1735028691, 129, 13, 40, 0, 0, 0.17%, 7, 0, 9, 141.99
1735028696, 129, 23, 40, 0, 0, 0.17%, 7, 0, 9, 151.73
1735028701, 129, 27, 40, 0, 0, 0.17%, 7, 0, 9, 145.58
1735028706, 129, 35, 40, 0, 0, 0.17%, 7, 0, 9, 163.57
1735028716, 130, 12, 40, 0, 0, 0.17%, 7, 0, 9, 141.05
1735028721, 130, 13, 40, 0, 0, 0.17%, 7, 0, 9, 144.67
1735028726, 130, 27, 40, 0, 0, 0.17%, 7, 0, 9, 146.05
1735028731, 131, 10, 40, 0, 0, 0.17%, 7, 0, 9, 145.15
1735028736, 131, 12, 40, 0, 0, 0.17%, 7, 0, 9, 142.09
1735028742, 131, 13, 40, 0, 0, 0.17%, 7, 0, 9, 140.99
1735028747, 131, 15, 40, 0, 0, 0.17%, 7, 0, 9, 144.96
1735028752, 131, 19, 40, 0, 0, 0.17%, 7, 0, 9, 132.61
1735028757, 131, 27, 40, 0, 0, 0.17%, 7, 0, 9, 147.04
1735028762, 131, 28, 40, 0, 0, 0.17%, 7, 0, 9, 147.83
1735028767, 132, 10, 40, 0, 0, 0.17%, 7, 0, 9, 142.09
1735028773, 132, 12, 40, 0, 0, 0.17%, 7, 0, 9, 141.13
1735028778, 132, 13, 40, 0, 0, 0.17%, 7, 0, 9, 147.13
1735028783, 132, 23, 40, 0, 0, 0.17%, 7, 0, 9, 150.25
1735028788, 132, 24, 40, 0, 0, 0.17%, 7, 0, 9, 157.56
1735028793, 132, 27, 40, 0, 0, 0.17%, 7, 0, 9, 147.63
1735028798, 133, 12, 40, 0, 0, 0.17%, 7, 0, 9, 143.48
1735028803, 133, 13, 40, 0, 0, 0.17%, 7, 0, 9, 142.93
1735028808, 133, 27, 40, 0, 0, 0.17%, 7, 0, 9, 147.33
1735028814, 134, 10, 40, 0, 0, 0.17%, 7, 0, 9, 143.91
1735028819, 134, 12, 40, 0, 0, 0.17%, 7, 0, 9, 136.25
1735028824, 134, 13, 40, 0, 0, 0.17%, 7, 0, 9, 144.50
1735028829, 134, 23, 40, 0, 0, 0.17%, 7, 0, 9, 145.14
1735028834, 134, 27, 40, 0, 0, 0.17%, 7, 0, 9, 145.66
1735028839, 134, 30, 40, 0, 0, 0.17%, 7, 0, 9, 153.55
1735028844, 135, 12, 40, 0, 0, 0.17%, 7, 0, 9, 144.77
1735028850, 135, 13, 40, 0, 0, 0.17%, 7, 0, 9, 141.48
1735028855, 135, 25, 40, 0, 0, 0.17%, 7, 0, 9, 148.82
1735028860, 135, 27, 40, 0, 0, 0.17%, 7, 0, 9, 151.32
1735028865, 136, 10, 40, 0, 0, 0.17%, 7, 0, 9, 140.47
1735028870, 136, 12, 40, 0, 0, 0.17%, 7, 0, 9, 137.94
1735028875, 136, 13, 40, 0, 0, 0.17%, 7, 0, 9, 136.46
1735028880, 136, 27, 40, 0, 0, 0.17%, 7, 0, 9, 136.75
1735028885, 137, 12, 40, 0, 0, 0.17%, 7, 0, 9, 141.36
1735028890, 137, 13, 40, 0, 0, 0.17%, 7, 0, 9, 152.77
1735028896, 137, 27, 40, 0, 0, 0.17%, 7, 0, 9, 140.11
1735028901, 138, 10, 40, 0, 0, 0.17%, 7, 0, 9, 145.67
1735028906, 138, 12, 40, 0, 0, 0.17%, 7, 0, 9, 140.38
1735028911, 138, 13, 40, 0, 0, 0.17%, 7, 0, 9, 141.01
1735028916, 138, 26, 40, 0, 0, 0.17%, 7, 0, 9, 135.40
1735028922, 138, 27, 40, 0, 0, 0.17%, 7, 0, 9, 147.38
1735028927, 138, 29, 40, 0, 0, 0.17%, 7, 0, 9, 159.90
1735028932, 138, 31, 40, 0, 0, 0.17%, 7, 0, 9, 169.26
1735028937, 139, 10, 40, 0, 0, 0.17%, 7, 0, 9, 144.16
1735028942, 139, 12, 40, 0, 0, 0.17%, 7, 0, 9, 138.96
1735028947, 139, 13, 40, 0, 0, 0.17%, 7, 0, 9, 142.12
1735028952, 139, 27, 40, 0, 0, 0.17%, 7, 0, 9, 143.19
1735028957, 140, 12, 40, 0, 0, 0.17%, 7, 0, 9, 140.08
1735028962, 140, 13, 40, 0, 0, 0.17%, 7, 0, 9, 144.23
1735028968, 140, 20, 40, 0, 0, 0.17%, 7, 0, 9, 152.53
1735028973, 140, 27, 40, 0, 0, 0.17%, 7, 0, 9, 154.18
1735028978, 140, 33, 40, 0, 0, 0.17%, 7, 0, 9, 158.97
1735028988, 141, 7, 40, 0, 0, 0.17%, 7, 0, 9, 134.16
1735028993, 141, 12, 40, 0, 0, 0.17%, 7, 0, 9, 134.88
1735028998, 141, 13, 40, 0, 0, 0.17%, 7, 0, 9, 138.76
1735029003, 141, 21, 40, 0, 0, 0.17%, 7, 0, 9, 140.88
1735029008, 141, 24, 40, 0, 0, 0.17%, 7, 0, 9, 157.58
1735029013, 141, 27, 40, 0, 0, 0.17%, 7, 0, 9, 153.42
1735029018, 141, 30, 40, 0, 0, 0.17%, 7, 0, 9, 166.82
1735029023, 142, 10, 40, 0, 0, 0.17%, 7, 0, 9, 147.14
1735029029, 142, 12, 40, 0, 0, 0.17%, 7, 0, 9, 135.64
1735029034, 142, 13, 40, 0, 0, 0.17%, 7, 0, 9, 141.75
1735029039, 142, 27, 40, 0, 0, 0.17%, 7, 0, 9, 147.70
1735029044, 142, 31, 40, 0, 0, 0.17%, 7, 0, 9, 151.72
1735029049, 143, 0, 40, 0, 0, 0.17%, 7, 0, 9, 142.70
1735029054, 143, 10, 40, 0, 0, 0.17%, 7, 0, 9, 136.66
1735029059, 143, 12, 40, 0, 0, 0.17%, 7, 0, 9, 141.42
1735029065, 143, 13, 40, 0, 0, 0.17%, 7, 0, 9, 141.60
1735029070, 143, 14, 40, 0, 0, 0.17%, 7, 0, 9, 132.63
1735029075, 143, 27, 40, 0, 0, 0.17%, 7, 0, 9, 144.82
1735029080, 144, 10, 40, 0, 0, 0.17%, 7, 0, 9, 137.13
1735029085, 144, 12, 40, 0, 0, 0.17%, 7, 0, 9, 141.13
1735029090, 144, 13, 40, 0, 0, 0.17%, 7, 0, 9, 146.53
1735029096, 144, 14, 40, 0, 0, 0.17%, 7, 0, 9, 149.97
1735029101, 144, 24, 40, 0, 0, 0.17%, 7, 0, 9, 150.98
1735029106, 144, 27, 40, 0, 0, 0.17%, 7, 0, 9, 141.07
1735029111, 145, 12, 40, 0, 0, 0.17%, 7, 0, 9, 138.36
1735029116, 145, 13, 40, 0, 0, 0.17%, 7, 0, 9, 144.77
1735029121, 145, 18, 40, 0, 0, 0.17%, 7, 0, 9, 154.06
1735029126, 145, 27, 40, 0, 0, 0.17%, 7, 0, 9, 146.76
1735029131, 145, 29, 40, 0, 0, 0.17%, 7, 0, 9, 153.94
1735029136, 145, 35, 40, 0, 0, 0.17%, 7, 0, 9, 172.86
1735029146, 146, 10, 40, 0, 0, 0.17%, 7, 0, 9, 143.76
1735029152, 146, 12, 40, 0, 0, 0.17%, 7, 0, 9, 140.66
1735029157, 146, 13, 40, 0, 0, 0.17%, 7, 0, 9, 141.16
1735029162, 146, 18, 40, 0, 0, 0.17%, 7, 0, 9, 148.00
1735029167, 146, 22, 40, 0, 0, 0.17%, 7, 0, 9, 153.79
1735029177, 146, 23, 40, 0, 0, 0.17%, 7, 0, 9, 145.46
1735029183, 146, 27, 40, 0, 0, 0.17%, 7, 0, 9, 148.34
1735029188, 147, 12, 40, 0, 0, 0.17%, 7, 0, 9, 146.25
1735029193, 147, 13, 40, 0, 0, 0.17%, 7, 0, 9, 147.53
1735029198, 147, 27, 40, 0, 0, 0.17%, 7, 0, 9, 148.49
1735029203, 148, 7, 40, 0, 0, 0.17%, 7, 0, 9, 146.52
1735029208, 148, 12, 40, 0, 0, 0.17%, 7, 0, 9, 135.74
1735029213, 148, 13, 40, 0, 0, 0.17%, 7, 0, 9, 147.73
1735029219, 148, 18, 40, 0, 0, 0.17%, 7, 0, 9, 150.75
1735029224, 148, 20, 40, 0, 0, 0.17%, 7, 0, 9, 149.77
1735029229, 148, 21, 40, 0, 0, 0.17%, 7, 0, 9, 148.90
1735029234, 148, 27, 40, 0, 0, 0.17%, 7, 0, 9, 148.42
1735029239, 149, 12, 40, 0, 0, 0.17%, 7, 0, 9, 147.38
1735029244, 149, 13, 40, 0, 0, 0.17%, 7, 0, 9, 143.37
1735029250, 149, 27, 40, 0, 0, 0.17%, 7, 0, 9, 141.10
1735029255, 149, 34, 40, 0, 0, 0.17%, 7, 0, 9, 150.16
1735029270, 150, 12, 40, 0, 0, 0.17%, 7, 0, 9, 135.86
1735029275, 150, 13, 40, 0, 0, 0.17%, 7, 0, 9, 149.27
1735029280, 150, 27, 40, 0, 0, 0.17%, 7, 0, 9, 144.61
