# unix_time, cycles_done, cur_path, paths_total, pending_total, pending_favs, map_size, unique_crashes, unique_hangs, max_depth, execs_per_sec
1735525856, 0, 0, 10, 10, 1, 0.01%, 0, 0, 1, 83.68
1735525861, 0, 3, 10, 10, 1, 0.01%, 0, 0, 1, 104.53
1735525866, 0, 4, 10, 9, 0, 0.01%, 0, 0, 1, 102.49
1735525876, 0, 5, 10, 8, 0, 0.01%, 0, 0, 1, 102.47
1735525886, 0, 6, 10, 7, 0, 0.01%, 0, 0, 1, 101.29
1735525897, 0, 7, 10, 6, 0, 0.01%, 0, 0, 1, 99.10
1735525907, 0, 8, 10, 5, 0, 0.01%, 0, 0, 1, 96.54
1735525917, 0, 9, 10, 4, 0, 0.01%, 0, 0, 1, 95.63
1735525927, 1, 0, 10, 3, 0, 0.01%, 0, 0, 1, 93.55
1735525938, 1, 1, 10, 2, 0, 0.01%, 0, 0, 1, 100.05
1735525953, 1, 2, 10, 1, 0, 0.01%, 0, 0, 1, 92.12
1735525963, 1, 3, 10, 0, 0, 0.01%, 0, 0, 1, 101.55
1735525968, 1, 4, 10, 0, 0, 0.01%, 0, 0, 1, 101.85
1735525973, 1, 6, 10, 0, 0, 0.01%, 0, 0, 1, 101.54
1735525978, 1, 7, 10, 0, 0, 0.01%, 0, 0, 1, 101.66
1735525983, 1, 8, 10, 0, 0, 0.01%, 0, 0, 1, 101.75
1735525988, 2, 0, 10, 0, 0, 0.01%, 0, 0, 1, 100.90
1735525994, 2, 1, 10, 0, 0, 0.01%, 0, 0, 1, 101.42
1735525999, 2, 3, 10, 0, 0, 0.01%, 0, 0, 1, 106.25
1735526004, 2, 4, 10, 0, 0, 0.01%, 0, 0, 1, 103.48
1735526009, 2, 6, 10, 0, 0, 0.01%, 0, 0, 1, 104.84
1735526014, 2, 7, 10, 0, 0, 0.01%, 0, 0, 1, 104.56
1735526019, 2, 8, 10, 0, 0, 0.01%, 0, 0, 1, 100.88
1735526024, 3, 0, 10, 0, 0, 0.01%, 0, 0, 1, 104.26
1735526029, 3, 1, 10, 0, 0, 0.01%, 0, 0, 1, 104.32
1735526034, 3, 3, 10, 0, 0, 0.01%, 0, 0, 1, 100.99
1735526039, 3, 4, 10, 0, 0, 0.01%, 0, 0, 1, 101.52
1735526044, 3, 5, 10, 0, 0, 0.01%, 0, 0, 1, 103.19
1735526049, 3, 7, 10, 0, 0, 0.01%, 0, 0, 1, 102.34
1735526054, 3, 8, 10, 0, 0, 0.01%, 0, 0, 1, 102.79
1735526059, 4, 0, 10, 0, 0, 0.01%, 0, 0, 1, 104.84
1735526065, 4, 1, 10, 0, 0, 0.01%, 0, 0, 1, 102.27
1735526070, 4, 3, 10, 0, 0, 0.01%, 0, 0, 1, 102.71
1735526075, 4, 4, 10, 0, 0, 0.01%, 0, 0, 1, 100.83
1735526080, 4, 5, 10, 0, 0, 0.01%, 0, 0, 1, 105.24
1735526085, 4, 7, 10, 0, 0, 0.01%, 0, 0, 1, 102.46
1735526090, 4, 8, 10, 0, 0, 0.01%, 0, 0, 1, 103.98
1735526095, 5, 0, 10, 0, 0, 0.01%, 0, 0, 1, 103.83
1735526100, 5, 1, 10, 0, 0, 0.01%, 0, 0, 1, 104.32
1735526105, 5, 3, 10, 0, 0, 0.01%, 0, 0, 1, 102.85
1735526110, 5, 4, 10, 0, 0, 0.01%, 0, 0, 1, 104.77
1735526115, 5, 5, 10, 0, 0, 0.01%, 0, 0, 1, 105.74
1735526120, 5, 7, 10, 0, 0, 0.01%, 0, 0, 1, 102.49
1735526125, 5, 8, 10, 0, 0, 0.01%, 0, 0, 1, 102.86
1735526130, 6, 0, 10, 0, 0, 0.01%, 0, 0, 1, 103.76
1735526136, 6, 1, 10, 0, 0, 0.01%, 0, 0, 1, 102.47
1735526141, 6, 2, 10, 0, 0, 0.01%, 0, 0, 1, 105.53
1735526146, 6, 4, 10, 0, 0, 0.01%, 0, 0, 1, 104.27
1735526151, 6, 5, 10, 0, 0, 0.01%, 0, 0, 1, 104.80
1735526156, 6, 7, 10, 0, 0, 0.01%, 0, 0, 1, 104.42
1735526161, 6, 8, 10, 0, 0, 0.01%, 0, 0, 1, 103.36
1735526166, 7, 0, 10, 0, 0, 0.01%, 0, 0, 1, 102.41
1735526171, 7, 1, 10, 0, 0, 0.01%, 0, 0, 1, 106.25
1735526176, 7, 2, 10, 0, 0, 0.01%, 0, 0, 1, 102.45
1735526181, 7, 4, 10, 0, 0, 0.01%, 0, 0, 1, 100.63
1735526186, 7, 10, 11, 1, 1, 0.16%, 1, 0, 2, 113.48
1735526191, 7, 10, 12, 2, 1, 0.16%, 2, 0, 3, 114.13
1735526273, 7, 11, 13, 2, 1, 0.16%, 3, 0, 4, 140.00
1735526303, 7, 11, 14, 3, 1, 0.16%, 3, 0, 4, 107.88
1735526308, 7, 11, 15, 4, 1, 0.17%, 4, 0, 4, 109.88
1735526410, 7, 12, 15, 3, 2, 0.17%, 4, 0, 4, 133.03
1735526450, 7, 12, 16, 4, 2, 0.17%, 5, 0, 5, 115.21
1735526466, 7, 12, 17, 5, 2, 0.17%, 5, 0, 5, 116.25
1735526533, 7, 12, 18, 6, 2, 0.17%, 5, 0, 5, 114.49
1735526548, 7, 12, 19, 7, 2, 0.17%, 5, 0, 5, 115.79
1735526584, 7, 14, 19, 6, 2, 0.17%, 5, 0, 5, 127.50
1735526625, 7, 14, 20, 7, 2, 0.17%, 5, 0, 5, 133.61
1735526651, 7, 14, 21, 8, 2, 0.17%, 5, 0, 5, 128.77
1735526692, 7, 14, 23, 10, 2, 0.17%, 5, 0, 5, 142.58
1735526713, 7, 17, 23, 9, 1, 0.17%, 5, 0, 5, 143.04
1735526749, 7, 17, 24, 10, 1, 0.17%, 5, 0, 6, 119.27
1735526811, 7, 17, 25, 11, 1, 0.17%, 5, 0, 6, 119.18
1735526826, 7, 17, 26, 12, 1, 0.17%, 5, 0, 6, 131.66
1735526836, 7, 17, 27, 13, 1, 0.17%, 5, 0, 6, 123.71
1735526842, 7, 19, 28, 13, 0, 0.17%, 5, 0, 6, 128.09
1735526867, 7, 19, 29, 14, 0, 0.17%, 5, 0, 6, 134.46
1735526883, 7, 19, 30, 15, 0, 0.17%, 5, 0, 6, 139.00
1735526914, 7, 19, 31, 16, 0, 0.17%, 5, 0, 6, 139.60
1735526929, 7, 19, 33, 18, 0, 0.17%, 5, 0, 6, 145.39
1735526976, 7, 21, 33, 17, 0, 0.17%, 5, 0, 6, 188.16
1735527053, 8, 5, 33, 16, 0, 0.17%, 5, 0, 6, 129.29
1735527058, 8, 11, 33, 16, 0, 0.17%, 5, 0, 6, 119.94
1735527068, 8, 12, 33, 16, 0, 0.17%, 5, 0, 6, 122.23
1735527084, 8, 13, 33, 16, 0, 0.17%, 5, 0, 6, 164.55
1735527160, 8, 14, 33, 15, 0, 0.17%, 5, 0, 6, 124.28
1735527176, 8, 15, 34, 16, 0, 0.17%, 5, 0, 6, 156.56
1735527201, 8, 15, 35, 17, 0, 0.17%, 5, 0, 6, 145.01
1735527294, 8, 17, 35, 16, 0, 0.17%, 5, 0, 6, 134.37
1735527309, 8, 25, 35, 16, 0, 0.17%, 5, 0, 6, 123.04
1735527314, 8, 25, 36, 17, 0, 0.17%, 6, 0, 7, 189.74
1735527486, 8, 28, 36, 16, 0, 0.17%, 6, 0, 7, 167.65
1735527543, 8, 30, 36, 15, 0, 0.17%, 6, 0, 7, 166.68
1735527594, 8, 31, 36, 14, 0, 0.17%, 6, 0, 7, 219.22
1735527707, 9, 11, 36, 13, 0, 0.17%, 6, 0, 7, 140.84
1735527712, 9, 12, 36, 13, 0, 0.17%, 6, 0, 7, 127.74
1735527732, 9, 17, 36, 13, 0, 0.17%, 6, 0, 7, 126.59
1735527748, 9, 28, 36, 13, 0, 0.17%, 6, 0, 7, 128.58
1735527758, 9, 34, 36, 13, 0, 0.17%, 6, 0, 7, 176.41
1735527814, 10, 11, 36, 12, 0, 0.17%, 6, 0, 7, 149.55
1735527819, 10, 12, 36, 12, 0, 0.17%, 6, 0, 7, 127.64
1735527840, 10, 16, 36, 12, 0, 0.17%, 6, 0, 7, 117.44
1735528496, 10, 17, 36, 11, 0, 0.17%, 6, 0, 7, 129.69
1735528511, 10, 28, 36, 11, 0, 0.17%, 6, 0, 7, 134.89
1735528521, 11, 11, 36, 11, 0, 0.17%, 6, 0, 7, 129.66
1735528526, 11, 12, 36, 11, 0, 0.17%, 6, 0, 7, 123.45
1735528532, 11, 17, 36, 11, 0, 0.17%, 6, 0, 7, 138.90
1735528542, 11, 18, 36, 11, 0, 0.17%, 6, 0, 7, 156.26
1735528568, 11, 18, 37, 12, 0, 0.17%, 6, 0, 7, 136.92
1735528665, 11, 20, 37, 11, 0, 0.17%, 6, 0, 7, 177.93
1735528905, 11, 26, 37, 10, 0, 0.17%, 6, 0, 7, 158.30
1735529002, 11, 28, 37, 9, 0, 0.17%, 6, 0, 7, 127.60
1735529013, 12, 12, 37, 9, 0, 0.17%, 6, 0, 7, 133.44
1735529023, 12, 17, 37, 9, 0, 0.17%, 6, 0, 7, 129.94
1735529033, 12, 24, 37, 9, 0, 0.17%, 6, 0, 7, 204.54
1735529161, 12, 27, 37, 8, 0, 0.17%, 6, 0, 7, 126.25
1735529390, 12, 28, 37, 7, 0, 0.17%, 6, 0, 7, 135.01
1735529395, 12, 30, 37, 7, 0, 0.17%, 6, 0, 7, 138.81
1735529405, 12, 33, 37, 7, 0, 0.17%, 6, 0, 7, 183.92
1735529477, 13, 11, 37, 6, 0, 0.17%, 6, 0, 7, 145.35
1735529482, 13, 12, 37, 6, 0, 0.17%, 6, 0, 7, 127.68
1735529493, 13, 17, 37, 6, 0, 0.17%, 6, 0, 7, 131.16
1735529498, 13, 28, 37, 6, 0, 0.17%, 6, 0, 7, 126.53
1735529503, 13, 30, 37, 6, 0, 0.17%, 6, 0, 7, 131.40
1735529513, 13, 32, 37, 6, 0, 0.17%, 6, 0, 7, 183.68
1735529595, 14, 11, 37, 5, 0, 0.17%, 6, 0, 7, 132.77
1735529600, 14, 12, 37, 5, 0, 0.17%, 6, 0, 7, 128.48
1735529605, 14, 17, 37, 5, 0, 0.17%, 6, 0, 7, 132.81
1735529615, 14, 22, 37, 5, 0, 0.17%, 6, 0, 7, 180.25
1735529803, 14, 28, 37, 4, 0, 0.17%, 6, 0, 7, 112.57
1735529814, 14, 30, 37, 4, 0, 0.17%, 6, 0, 7, 136.78
1735529824, 14, 31, 37, 4, 0, 0.17%, 6, 0, 7, 164.20
1735529834, 14, 35, 37, 4, 0, 0.17%, 6, 0, 7, 133.60
1735530001, 15, 11, 37, 3, 0, 0.17%, 6, 0, 7, 125.47
1735530007, 15, 12, 37, 3, 0, 0.17%, 6, 0, 7, 126.69
1735530012, 15, 17, 37, 3, 0, 0.17%, 6, 0, 7, 131.36
1735530022, 15, 28, 37, 3, 0, 0.17%, 6, 0, 7, 131.99
1735530027, 16, 11, 37, 3, 0, 0.17%, 6, 0, 7, 132.17
1735530032, 16, 12, 37, 3, 0, 0.17%, 6, 0, 7, 124.63
1735530037, 16, 13, 37, 3, 0, 0.17%, 6, 0, 7, 129.96
1735530048, 16, 16, 37, 3, 0, 0.17%, 6, 0, 7, 139.54
1735530063, 16, 17, 37, 3, 0, 0.17%, 6, 0, 7, 135.40
1735530073, 16, 18, 37, 3, 0, 0.17%, 6, 0, 7, 137.62
1735530089, 16, 28, 37, 3, 0, 0.17%, 6, 0, 7, 129.40
1735530094, 17, 11, 37, 3, 0, 0.17%, 6, 0, 7, 135.27
1735530099, 17, 12, 37, 3, 0, 0.17%, 6, 0, 7, 126.30
1735530104, 17, 17, 37, 3, 0, 0.17%, 6, 0, 7, 132.01
1735530114, 17, 28, 37, 3, 0, 0.17%, 6, 0, 7, 128.29
1735530119, 17, 29, 37, 3, 0, 0.17%, 6, 0, 7, 193.25
1735530196, 17, 34, 37, 2, 0, 0.17%, 6, 0, 7, 129.06
1735530216, 18, 3, 37, 2, 0, 0.17%, 6, 0, 7, 125.47
1735530222, 18, 12, 37, 2, 0, 0.17%, 6, 0, 7, 127.33
1735530232, 18, 14, 37, 2, 0, 0.17%, 6, 0, 7, 140.28
1735530247, 18, 17, 37, 2, 0, 0.17%, 6, 0, 7, 126.13
1735530258, 18, 28, 37, 2, 0, 0.17%, 6, 0, 7, 129.93
1735530263, 18, 36, 37, 2, 0, 0.17%, 6, 0, 7, 228.75
1735530391, 18, 36, 38, 3, 0, 0.17%, 7, 0, 7, 167.16
1735530452, 18, 37, 38, 2, 0, 0.17%, 7, 0, 7, 139.81
1735530610, 19, 5, 38, 1, 0, 0.17%, 7, 0, 7, 125.83
1735530615, 19, 12, 38, 1, 0, 0.17%, 7, 0, 7, 124.33
1735530620, 19, 17, 38, 1, 0, 0.17%, 7, 0, 7, 135.71
1735530630, 19, 25, 38, 1, 0, 0.17%, 7, 0, 7, 155.19
1735530646, 19, 26, 38, 1, 0, 0.17%, 7, 0, 7, 134.74
1735530661, 19, 28, 38, 1, 0, 0.17%, 7, 0, 7, 141.55
1735530666, 20, 11, 38, 1, 0, 0.17%, 7, 0, 7, 133.25
1735530671, 20, 12, 38, 1, 0, 0.17%, 7, 0, 7, 128.62
1735530676, 20, 17, 38, 1, 0, 0.17%, 7, 0, 7, 129.90
1735530687, 20, 28, 38, 1, 0, 0.17%, 7, 0, 7, 135.89
1735530692, 21, 11, 38, 1, 0, 0.17%, 7, 0, 7, 131.76
1735530697, 21, 12, 38, 1, 0, 0.17%, 7, 0, 7, 130.85
1735530702, 21, 17, 38, 1, 0, 0.17%, 7, 0, 7, 130.04
1735530707, 21, 23, 38, 1, 0, 0.17%, 7, 0, 7, 163.31
1735530784, 21, 28, 38, 0, 0, 0.17%, 7, 0, 7, 140.00
1735530790, 22, 11, 38, 0, 0, 0.17%, 7, 0, 7, 128.50
1735530795, 22, 12, 38, 0, 0, 0.17%, 7, 0, 7, 125.81
1735530800, 22, 17, 38, 0, 0, 0.17%, 7, 0, 7, 132.01
1735530805, 22, 28, 38, 0, 0, 0.17%, 7, 0, 7, 142.10
1735530815, 23, 12, 38, 0, 0, 0.17%, 7, 0, 7, 133.21
1735530821, 23, 17, 38, 0, 0, 0.17%, 7, 0, 7, 139.05
1735530831, 23, 28, 38, 0, 0, 0.17%, 7, 0, 7, 132.15
1735530836, 24, 11, 38, 0, 0, 0.17%, 7, 0, 7, 135.52
1735530841, 24, 12, 38, 0, 0, 0.17%, 7, 0, 7, 129.58
1735530847, 24, 17, 38, 0, 0, 0.17%, 7, 0, 7, 128.85
1735530852, 24, 19, 38, 0, 0, 0.17%, 7, 0, 7, 137.03
1735530867, 24, 26, 38, 0, 0, 0.17%, 7, 0, 7, 144.28
1735530883, 24, 28, 38, 0, 0, 0.17%, 7, 0, 7, 135.22
1735530888, 25, 11, 38, 0, 0, 0.17%, 7, 0, 7, 130.48
1735530893, 25, 12, 38, 0, 0, 0.17%, 7, 0, 7, 134.23
1735530898, 25, 17, 38, 0, 0, 0.17%, 7, 0, 7, 123.45
1735530903, 25, 28, 38, 0, 0, 0.17%, 7, 0, 7, 122.70
1735530914, 25, 29, 38, 0, 0, 0.17%, 7, 0, 7, 149.63
1735530929, 25, 33, 38, 0, 0, 0.17%, 7, 0, 7, 139.13
1735530960, 26, 11, 38, 0, 0, 0.17%, 7, 0, 7, 132.89
1735530965, 26, 12, 38, 0, 0, 0.17%, 7, 0, 7, 134.25
1735530970, 26, 17, 38, 0, 0, 0.17%, 7, 0, 7, 133.51
1735530975, 26, 21, 38, 0, 0, 0.17%, 7, 0, 7, 141.74
1735530991, 26, 27, 38, 0, 0, 0.17%, 7, 0, 7, 154.50
1735531006, 26, 28, 38, 0, 0, 0.17%, 7, 0, 7, 124.14
1735531011, 27, 11, 38, 0, 0, 0.17%, 7, 0, 7, 130.27
1735531016, 27, 12, 38, 0, 0, 0.17%, 7, 0, 7, 123.70
1735531021, 27, 17, 38, 0, 0, 0.17%, 7, 0, 7, 123.61
1735531032, 27, 28, 38, 0, 0, 0.17%, 7, 0, 7, 137.30
1735531037, 28, 12, 38, 0, 0, 0.17%, 7, 0, 7, 130.64
1735531042, 28, 17, 38, 0, 0, 0.17%, 7, 0, 7, 134.33
1735531052, 28, 28, 38, 0, 0, 0.17%, 7, 0, 7, 132.60
1735531057, 29, 12, 38, 0, 0, 0.17%, 7, 0, 7, 130.13
1735531062, 29, 14, 38, 0, 0, 0.17%, 7, 0, 7, 130.06
1735531083, 29, 17, 38, 0, 0, 0.17%, 7, 0, 7, 128.94
1735531088, 29, 28, 38, 0, 0, 0.17%, 7, 0, 7, 127.11
1735531093, 30, 2, 38, 0, 0, 0.17%, 7, 0, 7, 137.08
1735531098, 30, 12, 38, 0, 0, 0.17%, 7, 0, 7, 127.62
1735531103, 30, 17, 38, 0, 0, 0.17%, 7, 0, 7, 130.16
1735531114, 30, 28, 38, 0, 0, 0.17%, 7, 0, 7, 140.47
1735531119, 31, 10, 38, 0, 0, 0.17%, 7, 0, 7, 132.51
1735531124, 31, 12, 38, 0, 0, 0.17%, 7, 0, 7, 128.19
1735531129, 31, 17, 38, 0, 0, 0.17%, 7, 0, 7, 135.61
1735531140, 31, 28, 38, 0, 0, 0.17%, 7, 0, 7, 141.30
1735531145, 32, 11, 38, 0, 0, 0.17%, 7, 0, 7, 130.55
1735531150, 32, 12, 38, 0, 0, 0.17%, 7, 0, 7, 129.31
1735531155, 32, 17, 38, 0, 0, 0.17%, 7, 0, 7, 125.97
1735531165, 32, 22, 38, 0, 0, 0.17%, 7, 0, 7, 152.63
1735531181, 32, 28, 38, 0, 0, 0.17%, 7, 0, 7, 138.90
1735531186, 32, 29, 38, 0, 0, 0.17%, 7, 0, 7, 148.95
1735531201, 32, 30, 38, 0, 0, 0.17%, 7, 0, 7, 137.37
1735531207, 33, 11, 38, 0, 0, 0.17%, 7, 0, 7, 133.88
1735531212, 33, 12, 38, 0, 0, 0.17%, 7, 0, 7, 142.14
1735531217, 33, 13, 38, 0, 0, 0.17%, 7, 0, 7, 130.61
1735531222, 33, 17, 38, 0, 0, 0.17%, 7, 0, 7, 134.11
1735531233, 33, 28, 38, 0, 0, 0.17%, 7, 0, 7, 129.06
1735531238, 33, 31, 38, 0, 0, 0.17%, 7, 0, 7, 155.92
1735531253, 34, 11, 38, 0, 0, 0.17%, 7, 0, 7, 134.15
1735531258, 34, 17, 38, 0, 0, 0.17%, 7, 0, 7, 133.08
1735531269, 34, 18, 38, 0, 0, 0.17%, 7, 0, 7, 132.87
1735531279, 34, 28, 38, 0, 0, 0.17%, 7, 0, 7, 127.97
1735531284, 35, 11, 38, 0, 0, 0.17%, 7, 0, 7, 125.85
1735531289, 35, 12, 38, 0, 0, 0.17%, 7, 0, 7, 135.53
1735531294, 35, 17, 38, 0, 0, 0.17%, 7, 0, 7, 131.58
1735531305, 35, 22, 38, 0, 0, 0.17%, 7, 0, 7, 153.31
1735531320, 35, 28, 38, 0, 0, 0.17%, 7, 0, 7, 135.53
1735531325, 36, 12, 38, 0, 0, 0.17%, 7, 0, 7, 128.13
1735531330, 36, 17, 38, 0, 0, 0.17%, 7, 0, 7, 133.45
1735531341, 36, 28, 38, 0, 0, 0.17%, 7, 0, 7, 135.37
1735531346, 37, 12, 38, 0, 0, 0.17%, 7, 0, 7, 132.57
1735531351, 37, 17, 38, 0, 0, 0.17%, 7, 0, 7, 133.31
1735531362, 37, 28, 38, 0, 0, 0.17%, 7, 0, 7, 133.31
1735531367, 38, 5, 38, 0, 0, 0.17%, 7, 0, 7, 129.58
1735531372, 38, 12, 38, 0, 0, 0.17%, 7, 0, 7, 127.10
1735531377, 38, 17, 38, 0, 0, 0.17%, 7, 0, 7, 131.64
1735531387, 38, 28, 38, 0, 0, 0.17%, 7, 0, 7, 128.80
1735531393, 38, 30, 38, 0, 0, 0.17%, 7, 0, 7, 137.76
1735531398, 39, 9, 38, 0, 0, 0.17%, 7, 0, 7, 139.69
1735531403, 39, 12, 38, 0, 0, 0.17%, 7, 0, 7, 128.58
1735531408, 39, 17, 38, 0, 0, 0.17%, 7, 0, 7, 131.82
1735531418, 39, 28, 38, 0, 0, 0.17%, 7, 0, 7, 130.11
1735531423, 39, 29, 38, 0, 0, 0.17%, 7, 0, 7, 142.89
1735531439, 40, 11, 38, 0, 0, 0.17%, 7, 0, 7, 135.07
1735531444, 40, 12, 38, 0, 0, 0.17%, 7, 0, 7, 134.81
1735531449, 40, 17, 38, 0, 0, 0.17%, 7, 0, 7, 132.75
1735531454, 40, 22, 38, 0, 0, 0.17%, 7, 0, 7, 151.05
1735531470, 40, 28, 38, 0, 0, 0.17%, 7, 0, 7, 134.56
1735531475, 41, 11, 38, 0, 0, 0.17%, 7, 0, 7, 137.97
1735531480, 41, 12, 38, 0, 0, 0.17%, 7, 0, 7, 130.96
1735531485, 41, 17, 38, 0, 0, 0.17%, 7, 0, 7, 130.18
1735531490, 41, 21, 38, 0, 0, 0.17%, 7, 0, 7, 129.63
1735531511, 41, 28, 38, 0, 0, 0.17%, 7, 0, 7, 123.46
1735531516, 41, 34, 38, 0, 0, 0.17%, 7, 0, 7, 138.42
1735531521, 41, 36, 38, 0, 0, 0.17%, 7, 0, 7, 157.69
1735531536, 42, 11, 38, 0, 0, 0.17%, 7, 0, 7, 140.49
1735531542, 42, 12, 38, 0, 0, 0.17%, 7, 0, 7, 131.38
1735531547, 42, 17, 38, 0, 0, 0.17%, 7, 0, 7, 127.98
1735531557, 42, 28, 38, 0, 0, 0.17%, 7, 0, 7, 131.26
1735531562, 42, 37, 38, 0, 0, 0.17%, 7, 0, 7, 163.05
1735531592, 43, 11, 38, 0, 0, 0.17%, 7, 0, 7, 133.35
1735531598, 43, 17, 38, 0, 0, 0.17%, 7, 0, 7, 135.71
1735531608, 43, 28, 38, 0, 0, 0.17%, 7, 0, 7, 134.13
1735531613, 43, 32, 38, 0, 0, 0.17%, 7, 0, 7, 149.72
1735531628, 44, 12, 38, 0, 0, 0.17%, 7, 0, 7, 134.07
1735531634, 44, 17, 38, 0, 0, 0.17%, 7, 0, 7, 129.12
1735531644, 44, 28, 38, 0, 0, 0.17%, 7, 0, 7, 134.59
1735531649, 44, 32, 38, 0, 0, 0.17%, 7, 0, 7, 150.44
1735531665, 44, 34, 38, 0, 0, 0.17%, 7, 0, 7, 145.45
1735531670, 45, 12, 38, 0, 0, 0.17%, 7, 0, 7, 130.95
1735531675, 45, 17, 38, 0, 0, 0.17%, 7, 0, 7, 133.51
1735531685, 45, 28, 38, 0, 0, 0.17%, 7, 0, 7, 138.82
1735531690, 46, 10, 38, 0, 0, 0.17%, 7, 0, 7, 126.79
1735531696, 46, 11, 38, 0, 0, 0.17%, 7, 0, 7, 128.20
1735531701, 46, 12, 38, 0, 0, 0.17%, 7, 0, 7, 128.52
1735531706, 46, 15, 38, 0, 0, 0.17%, 7, 0, 7, 143.37
1735531721, 46, 17, 38, 0, 0, 0.17%, 7, 0, 7, 126.00
1735531726, 46, 21, 38, 0, 0, 0.17%, 7, 0, 7, 137.51
1735531747, 46, 28, 38, 0, 0, 0.17%, 7, 0, 7, 132.40
1735531752, 47, 11, 38, 0, 0, 0.17%, 7, 0, 7, 127.94
1735531757, 47, 12, 38, 0, 0, 0.17%, 7, 0, 7, 135.89
1735531762, 47, 17, 38, 0, 0, 0.17%, 7, 0, 7, 129.30
1735531767, 47, 28, 38, 0, 0, 0.17%, 7, 0, 7, 137.00
1735531772, 47, 30, 38, 0, 0, 0.17%, 7, 0, 7, 133.17
1735531777, 48, 11, 38, 0, 0, 0.17%, 7, 0, 7, 133.99
1735531783, 48, 12, 38, 0, 0, 0.17%, 7, 0, 7, 124.84
1735531788, 48, 17, 38, 0, 0, 0.17%, 7, 0, 7, 127.01
1735531793, 48, 28, 38, 0, 0, 0.17%, 7, 0, 7, 130.88
1735531798, 49, 2, 38, 0, 0, 0.17%, 7, 0, 7, 132.10
1735531803, 49, 11, 38, 0, 0, 0.17%, 7, 0, 7, 131.22
1735531808, 49, 12, 38, 0, 0, 0.17%, 7, 0, 7, 137.84
1735531813, 49, 17, 38, 0, 0, 0.17%, 7, 0, 7, 132.99
1735531819, 49, 28, 38, 0, 0, 0.17%, 7, 0, 7, 131.57
1735531824, 49, 36, 38, 0, 0, 0.17%, 7, 0, 7, 147.05
1735531834, 50, 11, 38, 0, 0, 0.17%, 7, 0, 7, 141.89
1735531839, 50, 12, 38, 0, 0, 0.17%, 7, 0, 7, 138.24
1735531844, 50, 17, 38, 0, 0, 0.17%, 7, 0, 7, 135.61
1735531849, 50, 20, 38, 0, 0, 0.17%, 7, 0, 7, 154.60
1735531865, 50, 28, 38, 0, 0, 0.17%, 7, 0, 7, 134.76
1735531870, 51, 11, 38, 0, 0, 0.17%, 7, 0, 7, 131.05
1735531875, 51, 12, 38, 0, 0, 0.17%, 7, 0, 7, 124.87
1735531880, 51, 17, 38, 0, 0, 0.17%, 7, 0, 7, 133.42
1735531885, 51, 28, 38, 0, 0, 0.17%, 7, 0, 7, 129.69
1735531890, 52, 5, 38, 0, 0, 0.17%, 7, 0, 7, 139.65
1735531896, 52, 12, 38, 0, 0, 0.17%, 7, 0, 7, 131.16
1735531901, 52, 17, 38, 0, 0, 0.17%, 7, 0, 7, 129.06
1735531911, 52, 28, 38, 0, 0, 0.17%, 7, 0, 7, 132.82
1735531916, 53, 12, 38, 0, 0, 0.17%, 7, 0, 7, 133.48
1735531921, 53, 17, 38, 0, 0, 0.17%, 7, 0, 7, 134.56
1735531931, 53, 28, 38, 0, 0, 0.17%, 7, 0, 7, 134.81
1735531937, 53, 34, 38, 0, 0, 0.17%, 7, 0, 7, 141.48
1735531942, 54, 12, 38, 0, 0, 0.17%, 7, 0, 7, 136.07
1735531952, 54, 13, 38, 0, 0, 0.17%, 7, 0, 7, 131.88
1735531962, 54, 17, 38, 0, 0, 0.17%, 7, 0, 7, 124.81
1735531968, 54, 28, 38, 0, 0, 0.17%, 7, 0, 7, 126.64
1735531973, 54, 29, 38, 0, 0, 0.17%, 7, 0, 7, 137.35
1735531983, 55, 12, 38, 0, 0, 0.17%, 7, 0, 7, 134.87
1735531988, 55, 17, 38, 0, 0, 0.17%, 7, 0, 7, 138.42
1735531998, 55, 22, 38, 0, 0, 0.17%, 7, 0, 7, 145.48
1735532009, 55, 26, 38, 0, 0, 0.17%, 7, 0, 7, 132.92
1735532019, 55, 28, 38, 0, 0, 0.17%, 7, 0, 7, 132.10
1735532029, 56, 12, 38, 0, 0, 0.17%, 7, 0, 7, 131.88
1735532039, 56, 16, 38, 0, 0, 0.17%, 7, 0, 7, 167.06
1735532049, 56, 17, 38, 0, 0, 0.17%, 7, 0, 7, 133.57
1735532060, 56, 28, 38, 0, 0, 0.17%, 7, 0, 7, 127.34
1735532065, 56, 31, 38, 0, 0, 0.17%, 7, 0, 7, 162.70
1735532080, 56, 35, 38, 0, 0, 0.17%, 7, 0, 7, 150.71
1735532096, 57, 11, 38, 0, 0, 0.17%, 7, 0, 7, 137.12
1735532101, 57, 12, 38, 0, 0, 0.17%, 7, 0, 7, 123.82
1735532106, 57, 17, 38, 0, 0, 0.17%, 7, 0, 7, 124.10
1735532116, 57, 18, 38, 0, 0, 0.17%, 7, 0, 7, 133.40
1735532127, 57, 28, 38, 0, 0, 0.17%, 7, 0, 7, 128.43
1735532132, 58, 11, 38, 0, 0, 0.17%, 7, 0, 7, 130.76
1735532137, 58, 12, 38, 0, 0, 0.17%, 7, 0, 7, 124.87
1735532142, 58, 17, 38, 0, 0, 0.17%, 7, 0, 7, 130.39
1735532153, 58, 28, 38, 0, 0, 0.17%, 7, 0, 7, 130.06
1735532158, 58, 30, 38, 0, 0, 0.17%, 7, 0, 7, 135.32
1735532163, 59, 10, 38, 0, 0, 0.17%, 7, 0, 7, 142.48
1735532168, 59, 12, 38, 0, 0, 0.17%, 7, 0, 7, 133.96
1735532173, 59, 17, 38, 0, 0, 0.17%, 7, 0, 7, 139.84
1735532184, 59, 28, 38, 0, 0, 0.17%, 7, 0, 7, 129.76
1735532189, 60, 11, 38, 0, 0, 0.17%, 7, 0, 7, 128.21
1735532194, 60, 12, 38, 0, 0, 0.17%, 7, 0, 7, 132.31
1735532199, 60, 17, 38, 0, 0, 0.17%, 7, 0, 7, 126.06
1735532204, 60, 28, 38, 0, 0, 0.17%, 7, 0, 7, 135.07
1735532210, 60, 34, 38, 0, 0, 0.17%, 7, 0, 7, 140.53
1735532215, 61, 11, 38, 0, 0, 0.17%, 7, 0, 7, 138.89
1735532220, 61, 12, 38, 0, 0, 0.17%, 7, 0, 7, 134.99
1735532225, 61, 14, 38, 0, 0, 0.17%, 7, 0, 7, 133.87
1735532235, 61, 17, 38, 0, 0, 0.17%, 7, 0, 7, 132.82
1735532240, 61, 28, 38, 0, 0, 0.17%, 7, 0, 7, 133.94
1735532245, 62, 2, 38, 0, 0, 0.17%, 7, 0, 7, 134.67
1735532251, 62, 7, 38, 0, 0, 0.17%, 7, 0, 7, 130.53
1735532256, 62, 12, 38, 0, 0, 0.17%, 7, 0, 7, 123.75
1735532261, 62, 13, 38, 0, 0, 0.17%, 7, 0, 7, 133.06
1735532266, 62, 17, 38, 0, 0, 0.17%, 7, 0, 7, 135.24
1735532276, 62, 28, 38, 0, 0, 0.17%, 7, 0, 7, 138.96
1735532281, 62, 33, 38, 0, 0, 0.17%, 7, 0, 7, 137.63
1735532287, 63, 11, 38, 0, 0, 0.17%, 7, 0, 7, 140.01
1735532292, 63, 12, 38, 0, 0, 0.17%, 7, 0, 7, 135.99
1735532297, 63, 17, 38, 0, 0, 0.17%, 7, 0, 7, 126.63
1735532302, 63, 28, 38, 0, 0, 0.17%, 7, 0, 7, 125.51
1735532307, 64, 11, 38, 0, 0, 0.17%, 7, 0, 7, 133.19
1735532312, 64, 12, 38, 0, 0, 0.17%, 7, 0, 7, 132.01
1735532318, 64, 13, 38, 0, 0, 0.17%, 7, 0, 7, 132.68
1735532323, 64, 17, 38, 0, 0, 0.17%, 7, 0, 7, 124.35
1735532328, 64, 28, 38, 0, 0, 0.17%, 7, 0, 7, 128.63
1735532333, 65, 0, 38, 0, 0, 0.17%, 7, 0, 7, 138.71
1735532338, 65, 11, 38, 0, 0, 0.17%, 7, 0, 7, 129.13
1735532343, 65, 12, 38, 0, 0, 0.17%, 7, 0, 7, 130.78
1735532348, 65, 17, 38, 0, 0, 0.17%, 7, 0, 7, 134.21
1735532354, 65, 18, 38, 0, 0, 0.17%, 7, 0, 7, 134.28
1735532359, 65, 28, 38, 0, 0, 0.17%, 7, 0, 7, 132.13
1735532364, 65, 33, 38, 0, 0, 0.17%, 7, 0, 7, 141.58
1735532374, 65, 37, 38, 0, 0, 0.17%, 7, 0, 7, 157.99
1735532405, 66, 12, 38, 0, 0, 0.17%, 7, 0, 7, 135.40
1735532410, 66, 17, 38, 0, 0, 0.17%, 7, 0, 7, 132.33
1735532420, 66, 27, 38, 0, 0, 0.17%, 7, 0, 7, 149.12
1735532436, 66, 28, 38, 0, 0, 0.17%, 7, 0, 7, 126.28
1735532441, 66, 31, 38, 0, 0, 0.17%, 7, 0, 7, 142.80
1735532446, 67, 11, 38, 0, 0, 0.17%, 7, 0, 7, 130.80
1735532451, 67, 12, 38, 0, 0, 0.17%, 7, 0, 7, 136.90
1735532457, 67, 17, 38, 0, 0, 0.17%, 7, 0, 7, 131.05
1735532462, 67, 23, 38, 0, 0, 0.17%, 7, 0, 7, 132.72
1735532482, 67, 28, 38, 0, 0, 0.17%, 7, 0, 7, 127.42
1735532487, 68, 12, 38, 0, 0, 0.17%, 7, 0, 7, 127.44
1735532492, 68, 17, 38, 0, 0, 0.17%, 7, 0, 7, 131.39
1735532503, 68, 28, 38, 0, 0, 0.17%, 7, 0, 7, 123.39
1735532508, 69, 6, 38, 0, 0, 0.17%, 7, 0, 7, 130.85
1735532513, 69, 12, 38, 0, 0, 0.17%, 7, 0, 7, 129.54
1735532518, 69, 17, 38, 0, 0, 0.17%, 7, 0, 7, 125.24
1735532528, 69, 19, 38, 0, 0, 0.17%, 7, 0, 7, 139.99
1735532544, 69, 22, 38, 0, 0, 0.17%, 7, 0, 7, 146.35
1735532549, 69, 28, 38, 0, 0, 0.17%, 7, 0, 7, 133.51
1735532554, 69, 37, 38, 0, 0, 0.17%, 7, 0, 7, 145.35
1735532585, 70, 12, 38, 0, 0, 0.17%, 7, 0, 7, 136.05
1735532595, 70, 13, 38, 0, 0, 0.17%, 7, 0, 7, 130.04
1735532600, 70, 17, 38, 0, 0, 0.17%, 7, 0, 7, 126.01
1735532605, 70, 21, 38, 0, 0, 0.17%, 7, 0, 7, 142.71
1735532616, 70, 28, 38, 0, 0, 0.17%, 7, 0, 7, 127.69
1735532621, 70, 36, 38, 0, 0, 0.17%, 7, 0, 7, 144.83
1735532631, 71, 12, 38, 0, 0, 0.17%, 7, 0, 7, 123.01
1735532636, 71, 17, 38, 0, 0, 0.17%, 7, 0, 7, 131.56
1735532647, 71, 20, 38, 0, 0, 0.17%, 7, 0, 7, 152.86
1735532662, 71, 28, 38, 0, 0, 0.17%, 7, 0, 7, 130.49
1735532667, 72, 7, 38, 0, 0, 0.17%, 7, 0, 7, 122.45
1735532672, 72, 12, 38, 0, 0, 0.17%, 7, 0, 7, 128.01
1735532677, 72, 17, 38, 0, 0, 0.17%, 7, 0, 7, 128.41
1735532687, 72, 28, 38, 0, 0, 0.17%, 7, 0, 7, 128.11
1735532693, 72, 30, 38, 0, 0, 0.17%, 7, 0, 7, 134.87
1735532698, 73, 11, 38, 0, 0, 0.17%, 7, 0, 7, 132.45
1735532703, 73, 12, 38, 0, 0, 0.17%, 7, 0, 7, 123.05
1735532708, 73, 13, 38, 0, 0, 0.17%, 7, 0, 7, 131.80
1735532713, 73, 17, 38, 0, 0, 0.17%, 7, 0, 7, 126.17
1735532723, 73, 28, 38, 0, 0, 0.17%, 7, 0, 7, 133.19
1735532728, 73, 29, 38, 0, 0, 0.17%, 7, 0, 7, 133.65
1735532734, 73, 33, 38, 0, 0, 0.17%, 7, 0, 7, 136.98
1735532744, 74, 12, 38, 0, 0, 0.17%, 7, 0, 7, 133.24
1735532749, 74, 14, 38, 0, 0, 0.17%, 7, 0, 7, 136.73
1735532759, 74, 17, 38, 0, 0, 0.17%, 7, 0, 7, 134.47
1735532765, 74, 27, 38, 0, 0, 0.17%, 7, 0, 7, 142.13
1735532780, 74, 28, 38, 0, 0, 0.17%, 7, 0, 7, 132.36
1735532785, 75, 3, 38, 0, 0, 0.17%, 7, 0, 7, 130.83
1735532791, 75, 12, 38, 0, 0, 0.17%, 7, 0, 7, 132.92
1735532796, 75, 15, 38, 0, 0, 0.17%, 7, 0, 7, 140.47
1735532811, 75, 17, 38, 0, 0, 0.17%, 7, 0, 7, 137.56
1735532822, 75, 28, 38, 0, 0, 0.17%, 7, 0, 7, 128.58
1735532827, 76, 11, 38, 0, 0, 0.17%, 7, 0, 7, 135.69
1735532832, 76, 12, 38, 0, 0, 0.17%, 7, 0, 7, 124.16
1735532837, 76, 17, 38, 0, 0, 0.17%, 7, 0, 7, 133.15
1735532842, 76, 18, 38, 0, 0, 0.17%, 7, 0, 7, 132.70
1735532847, 76, 20, 38, 0, 0, 0.17%, 7, 0, 7, 151.07
1735532863, 76, 28, 38, 0, 0, 0.17%, 7, 0, 7, 130.48
1735532868, 77, 11, 38, 0, 0, 0.17%, 7, 0, 7, 126.82
1735532873, 77, 12, 38, 0, 0, 0.17%, 7, 0, 7, 130.95
1735532878, 77, 17, 38, 0, 0, 0.17%, 7, 0, 7, 127.63
1735532883, 77, 28, 38, 0, 0, 0.17%, 7, 0, 7, 130.50
1735532894, 77, 35, 38, 0, 0, 0.17%, 7, 0, 7, 134.46
1735532899, 78, 12, 38, 0, 0, 0.17%, 7, 0, 7, 134.58
1735532909, 78, 17, 38, 0, 0, 0.17%, 7, 0, 7, 126.74
1735532914, 78, 21, 38, 0, 0, 0.17%, 7, 0, 7, 140.84
1735532925, 78, 25, 38, 0, 0, 0.17%, 7, 0, 7, 156.22
1735532940, 78, 28, 38, 0, 0, 0.17%, 7, 0, 7, 131.41
1735532945, 79, 11, 38, 0, 0, 0.17%, 7, 0, 7, 136.10
1735532950, 79, 12, 38, 0, 0, 0.17%, 7, 0, 7, 130.84
1735532955, 79, 17, 38, 0, 0, 0.17%, 7, 0, 7, 121.20
1735532960, 79, 28, 38, 0, 0, 0.17%, 7, 0, 7, 131.89
1735532965, 80, 5, 38, 0, 0, 0.17%, 7, 0, 7, 134.21
1735532970, 80, 12, 38, 0, 0, 0.17%, 7, 0, 7, 133.43
1735532976, 80, 13, 38, 0, 0, 0.17%, 7, 0, 7, 136.35
1735532981, 80, 17, 38, 0, 0, 0.17%, 7, 0, 7, 127.66
1735532991, 80, 24, 38, 0, 0, 0.17%, 7, 0, 7, 147.14
1735533007, 80, 28, 38, 0, 0, 0.17%, 7, 0, 7, 133.84
1735533012, 81, 11, 38, 0, 0, 0.17%, 7, 0, 7, 126.86
1735533017, 81, 12, 38, 0, 0, 0.17%, 7, 0, 7, 125.91
1735533022, 81, 17, 38, 0, 0, 0.17%, 7, 0, 7, 126.36
1735533027, 81, 28, 38, 0, 0, 0.17%, 7, 0, 7, 131.12
1735533037, 82, 12, 38, 0, 0, 0.17%, 7, 0, 7, 125.06
1735533043, 82, 17, 38, 0, 0, 0.17%, 7, 0, 7, 131.55
1735533053, 82, 18, 38, 0, 0, 0.17%, 7, 0, 7, 130.76
1735533058, 82, 28, 38, 0, 0, 0.17%, 7, 0, 7, 127.16
1735533063, 83, 12, 38, 0, 0, 0.17%, 7, 0, 7, 127.23
1735533069, 83, 17, 38, 0, 0, 0.17%, 7, 0, 7, 133.50
1735533079, 83, 28, 38, 0, 0, 0.17%, 7, 0, 7, 137.96
1735533084, 84, 11, 38, 0, 0, 0.17%, 7, 0, 7, 134.11
1735533089, 84, 12, 38, 0, 0, 0.17%, 7, 0, 7, 132.11
1735533094, 84, 17, 38, 0, 0, 0.17%, 7, 0, 7, 136.86
1735533099, 84, 28, 38, 0, 0, 0.17%, 7, 0, 7, 133.38
1735533104, 84, 35, 38, 0, 0, 0.17%, 7, 0, 7, 144.58
1735533110, 85, 8, 38, 0, 0, 0.17%, 7, 0, 7, 136.70
1735533115, 85, 12, 38, 0, 0, 0.17%, 7, 0, 7, 125.65
1735533120, 85, 17, 38, 0, 0, 0.17%, 7, 0, 7, 129.87
1735533130, 85, 22, 38, 0, 0, 0.17%, 7, 0, 7, 136.76
1735533135, 85, 25, 38, 0, 0, 0.17%, 7, 0, 7, 146.23
1735533151, 85, 28, 38, 0, 0, 0.17%, 7, 0, 7, 128.82
1735533156, 85, 30, 38, 0, 0, 0.17%, 7, 0, 7, 134.44
1735533161, 86, 11, 38, 0, 0, 0.17%, 7, 0, 7, 139.28
1735533166, 86, 12, 38, 0, 0, 0.17%, 7, 0, 7, 122.22
1735533171, 86, 17, 38, 0, 0, 0.17%, 7, 0, 7, 126.59
1735533182, 86, 28, 38, 0, 0, 0.17%, 7, 0, 7, 136.83
1735533187, 87, 12, 38, 0, 0, 0.17%, 7, 0, 7, 126.84
1735533192, 87, 17, 38, 0, 0, 0.17%, 7, 0, 7, 134.23
1735533202, 87, 27, 38, 0, 0, 0.17%, 7, 0, 7, 143.79
1735533207, 87, 28, 38, 0, 0, 0.17%, 7, 0, 7, 129.92
1735533213, 87, 34, 38, 0, 0, 0.17%, 7, 0, 7, 136.90
1735533218, 88, 11, 38, 0, 0, 0.17%, 7, 0, 7, 132.75
1735533223, 88, 12, 38, 0, 0, 0.17%, 7, 0, 7, 136.20
1735533228, 88, 17, 38, 0, 0, 0.17%, 7, 0, 7, 129.52
1735533233, 88, 28, 38, 0, 0, 0.17%, 7, 0, 7, 138.02
1735533238, 89, 10, 38, 0, 0, 0.17%, 7, 0, 7, 133.18
1735533244, 89, 11, 38, 0, 0, 0.17%, 7, 0, 7, 132.31
1735533249, 89, 17, 38, 0, 0, 0.17%, 7, 0, 7, 136.71
1735533259, 89, 28, 38, 0, 0, 0.17%, 7, 0, 7, 129.34
1735533264, 89, 32, 38, 0, 0, 0.17%, 7, 0, 7, 144.72
1735533279, 89, 35, 38, 0, 0, 0.17%, 7, 0, 7, 140.84
1735533285, 90, 11, 38, 0, 0, 0.17%, 7, 0, 7, 132.42
1735533290, 90, 12, 38, 0, 0, 0.17%, 7, 0, 7, 136.88
1735533295, 90, 13, 38, 0, 0, 0.17%, 7, 0, 7, 133.29
1735533300, 90, 17, 38, 0, 0, 0.17%, 7, 0, 7, 134.91
1735533305, 90, 19, 38, 0, 0, 0.17%, 7, 0, 7, 140.06
1735533321, 90, 28, 38, 0, 0, 0.17%, 7, 0, 7, 125.16
1735533326, 90, 32, 38, 0, 0, 0.17%, 7, 0, 7, 137.90
1735533336, 91, 12, 38, 0, 0, 0.17%, 7, 0, 7, 133.50
1735533342, 91, 17, 38, 0, 0, 0.17%, 7, 0, 7, 132.49
1735533352, 91, 19, 38, 0, 0, 0.17%, 7, 0, 7, 139.19
1735533362, 91, 21, 38, 0, 0, 0.17%, 7, 0, 7, 137.14
1735533367, 91, 28, 38, 0, 0, 0.17%, 7, 0, 7, 127.62
1735533372, 91, 34, 38, 0, 0, 0.17%, 7, 0, 7, 140.11
1735533378, 92, 7, 38, 0, 0, 0.17%, 7, 0, 7, 136.39
1735533383, 92, 12, 38, 0, 0, 0.17%, 7, 0, 7, 129.81
1735533388, 92, 17, 38, 0, 0, 0.17%, 7, 0, 7, 132.40
1735533398, 92, 28, 38, 0, 0, 0.17%, 7, 0, 7, 135.11
1735533403, 93, 11, 38, 0, 0, 0.17%, 7, 0, 7, 138.91
1735533409, 93, 12, 38, 0, 0, 0.17%, 7, 0, 7, 130.65
1735533414, 93, 15, 38, 0, 0, 0.17%, 7, 0, 7, 138.55
1735533429, 93, 17, 38, 0, 0, 0.17%, 7, 0, 7, 127.30
1735533439, 93, 28, 38, 0, 0, 0.17%, 7, 0, 7, 133.30
1735533444, 94, 11, 38, 0, 0, 0.17%, 7, 0, 7, 129.39
1735533450, 94, 12, 38, 0, 0, 0.17%, 7, 0, 7, 131.90
1735533455, 94, 17, 38, 0, 0, 0.17%, 7, 0, 7, 143.78
1735533460, 94, 21, 38, 0, 0, 0.17%, 7, 0, 7, 143.93
1735533470, 94, 23, 38, 0, 0, 0.17%, 7, 0, 7, 128.13
1735533486, 94, 24, 38, 0, 0, 0.17%, 7, 0, 7, 139.19
1735533501, 94, 28, 38, 0, 0, 0.17%, 7, 0, 7, 138.42
1735533506, 94, 29, 38, 0, 0, 0.17%, 7, 0, 7, 142.34
1735533511, 94, 36, 38, 0, 0, 0.17%, 7, 0, 7, 130.85
1735533521, 95, 11, 38, 0, 0, 0.17%, 7, 0, 7, 135.43
1735533527, 95, 12, 38, 0, 0, 0.17%, 7, 0, 7, 122.00
1735533532, 95, 17, 38, 0, 0, 0.17%, 7, 0, 7, 131.82
1735533542, 95, 21, 38, 0, 0, 0.17%, 7, 0, 7, 137.34
1735533547, 95, 28, 38, 0, 0, 0.17%, 7, 0, 7, 128.48
1735533553, 96, 6, 38, 0, 0, 0.17%, 7, 0, 7, 138.22
1735533558, 96, 12, 38, 0, 0, 0.17%, 7, 0, 7, 129.53
1735533563, 96, 17, 38, 0, 0, 0.17%, 7, 0, 7, 128.99
1735533573, 96, 28, 38, 0, 0, 0.17%, 7, 0, 7, 137.36
1735533578, 97, 5, 38, 0, 0, 0.17%, 7, 0, 7, 135.53
1735533583, 97, 12, 38, 0, 0, 0.17%, 7, 0, 7, 128.35
1735533588, 97, 15, 38, 0, 0, 0.17%, 7, 0, 7, 131.88
1735533599, 97, 17, 38, 0, 0, 0.17%, 7, 0, 7, 133.75
1735533604, 97, 23, 38, 0, 0, 0.17%, 7, 0, 7, 137.62
1735533619, 97, 28, 38, 0, 0, 0.17%, 7, 0, 7, 135.95
1735533630, 98, 11, 38, 0, 0, 0.17%, 7, 0, 7, 119.00
1735533635, 98, 12, 38, 0, 0, 0.17%, 7, 0, 7, 127.97
1735533640, 98, 17, 38, 0, 0, 0.17%, 7, 0, 7, 125.33
1735533645, 98, 23, 38, 0, 0, 0.17%, 7, 0, 7, 128.79
1735533656, 98, 28, 38, 0, 0, 0.17%, 7, 0, 7, 125.87
1735533661, 98, 32, 38, 0, 0, 0.17%, 7, 0, 7, 137.88
1735533671, 99, 12, 38, 0, 0, 0.17%, 7, 0, 7, 127.22
1735533676, 99, 17, 38, 0, 0, 0.17%, 7, 0, 7, 130.37
1735533687, 99, 28, 38, 0, 0, 0.17%, 7, 0, 7, 122.95
1735533692, 100, 12, 38, 0, 0, 0.17%, 7, 0, 7, 131.88
1735533702, 100, 17, 38, 0, 0, 0.17%, 7, 0, 7, 137.36
1735533707, 100, 28, 38, 0, 0, 0.17%, 7, 0, 7, 136.60
1735533712, 100, 32, 38, 0, 0, 0.17%, 7, 0, 7, 136.19
1735533722, 101, 11, 38, 0, 0, 0.17%, 7, 0, 7, 130.94
1735533728, 101, 12, 38, 0, 0, 0.17%, 7, 0, 7, 131.57
1735533733, 101, 17, 38, 0, 0, 0.17%, 7, 0, 7, 129.04
1735533738, 101, 28, 38, 0, 0, 0.17%, 7, 0, 7, 137.90
1735533743, 102, 0, 38, 0, 0, 0.17%, 7, 0, 7, 136.09
1735533748, 102, 12, 38, 0, 0, 0.17%, 7, 0, 7, 136.69
1735533753, 102, 16, 38, 0, 0, 0.17%, 7, 0, 7, 148.26
1735533768, 102, 17, 38, 0, 0, 0.17%, 7, 0, 7, 130.80
1735533779, 102, 25, 38, 0, 0, 0.17%, 7, 0, 7, 149.48
1735533784, 102, 28, 38, 0, 0, 0.17%, 7, 0, 7, 135.41
1735533789, 103, 0, 38, 0, 0, 0.17%, 7, 0, 7, 133.22
1735533794, 103, 11, 38, 0, 0, 0.17%, 7, 0, 7, 129.41
1735533799, 103, 12, 38, 0, 0, 0.17%, 7, 0, 7, 123.82
1735533804, 103, 14, 38, 0, 0, 0.17%, 7, 0, 7, 131.94
1735533809, 103, 17, 38, 0, 0, 0.17%, 7, 0, 7, 124.01
1735533819, 103, 28, 38, 0, 0, 0.17%, 7, 0, 7, 127.82
1735533825, 104, 11, 38, 0, 0, 0.17%, 7, 0, 7, 134.20
1735533830, 104, 12, 38, 0, 0, 0.17%, 7, 0, 7, 128.14
1735533835, 104, 17, 38, 0, 0, 0.17%, 7, 0, 7, 131.25
1735533840, 104, 28, 38, 0, 0, 0.17%, 7, 0, 7, 130.75
1735533845, 104, 34, 38, 0, 0, 0.17%, 7, 0, 7, 141.57
1735533850, 105, 1, 38, 0, 0, 0.17%, 7, 0, 7, 142.44
1735533855, 105, 12, 38, 0, 0, 0.17%, 7, 0, 7, 133.10
1735533860, 105, 17, 38, 0, 0, 0.17%, 7, 0, 7, 128.58
1735533871, 105, 28, 38, 0, 0, 0.17%, 7, 0, 7, 134.44
1735533876, 106, 12, 38, 0, 0, 0.17%, 7, 0, 7, 133.99
1735533881, 106, 17, 38, 0, 0, 0.17%, 7, 0, 7, 133.11
1735533891, 106, 27, 38, 0, 0, 0.17%, 7, 0, 7, 129.25
1735533902, 106, 28, 38, 0, 0, 0.17%, 7, 0, 7, 131.56
1735533907, 106, 30, 38, 0, 0, 0.17%, 7, 0, 7, 141.18
1735533912, 107, 12, 38, 0, 0, 0.17%, 7, 0, 7, 127.48
1735533922, 107, 17, 38, 0, 0, 0.17%, 7, 0, 7, 129.82
1735533927, 107, 28, 38, 0, 0, 0.17%, 7, 0, 7, 128.42
1735533932, 107, 31, 38, 0, 0, 0.17%, 7, 0, 7, 154.64
1735533943, 108, 12, 38, 0, 0, 0.17%, 7, 0, 7, 134.65
1735533948, 108, 17, 38, 0, 0, 0.17%, 7, 0, 7, 124.20
1735533958, 108, 28, 38, 0, 0, 0.17%, 7, 0, 7, 126.65
1735533963, 108, 32, 38, 0, 0, 0.17%, 7, 0, 7, 135.95
1735533968, 108, 37, 38, 0, 0, 0.17%, 7, 0, 7, 150.85
1735533984, 109, 11, 38, 0, 0, 0.17%, 7, 0, 7, 142.83
1735533989, 109, 12, 38, 0, 0, 0.17%, 7, 0, 7, 135.23
1735533994, 109, 17, 38, 0, 0, 0.17%, 7, 0, 7, 140.14
1735533999, 109, 28, 38, 0, 0, 0.17%, 7, 0, 7, 132.71
1735534004, 109, 32, 38, 0, 0, 0.17%, 7, 0, 7, 138.67
1735534014, 110, 12, 38, 0, 0, 0.17%, 7, 0, 7, 137.77
1735534019, 110, 17, 38, 0, 0, 0.17%, 7, 0, 7, 131.42
1735534030, 110, 28, 38, 0, 0, 0.17%, 7, 0, 7, 131.02
1735534035, 110, 33, 38, 0, 0, 0.17%, 7, 0, 7, 130.91
1735534045, 111, 11, 38, 0, 0, 0.17%, 7, 0, 7, 128.53
1735534050, 111, 12, 38, 0, 0, 0.17%, 7, 0, 7, 131.40
1735534056, 111, 17, 38, 0, 0, 0.17%, 7, 0, 7, 123.61
1735534061, 111, 28, 38, 0, 0, 0.17%, 7, 0, 7, 131.56
1735534066, 112, 6, 38, 0, 0, 0.17%, 7, 0, 7, 134.24
1735534071, 112, 12, 38, 0, 0, 0.17%, 7, 0, 7, 131.32
1735534076, 112, 15, 38, 0, 0, 0.17%, 7, 0, 7, 137.65
1735534087, 112, 17, 38, 0, 0, 0.17%, 7, 0, 7, 130.71
1735534092, 112, 25, 38, 0, 0, 0.17%, 7, 0, 7, 142.57
1735534102, 112, 28, 38, 0, 0, 0.17%, 7, 0, 7, 128.97
1735534107, 113, 12, 38, 0, 0, 0.17%, 7, 0, 7, 128.66
1735534112, 113, 17, 38, 0, 0, 0.17%, 7, 0, 7, 132.40
1735534123, 113, 22, 38, 0, 0, 0.17%, 7, 0, 7, 149.50
1735534128, 113, 28, 38, 0, 0, 0.17%, 7, 0, 7, 131.45
1735534133, 113, 37, 38, 0, 0, 0.17%, 7, 0, 7, 128.62
1735534148, 114, 11, 38, 0, 0, 0.17%, 7, 0, 7, 128.68
1735534154, 114, 12, 38, 0, 0, 0.17%, 7, 0, 7, 127.97
1735534159, 114, 17, 38, 0, 0, 0.17%, 7, 0, 7, 125.24
1735534169, 114, 28, 38, 0, 0, 0.17%, 7, 0, 7, 127.13
1735534174, 114, 37, 38, 0, 0, 0.17%, 7, 0, 7, 144.11
1735534179, 115, 11, 38, 0, 0, 0.17%, 7, 0, 7, 133.25
1735534184, 115, 12, 38, 0, 0, 0.17%, 7, 0, 7, 139.57
1735534189, 115, 17, 38, 0, 0, 0.17%, 7, 0, 7, 127.73
1735534195, 115, 28, 38, 0, 0, 0.17%, 7, 0, 7, 119.52
1735534200, 116, 11, 38, 0, 0, 0.17%, 7, 0, 7, 122.91
1735534205, 116, 12, 38, 0, 0, 0.17%, 7, 0, 7, 129.93
1735534210, 116, 17, 38, 0, 0, 0.17%, 7, 0, 7, 128.59
1735534220, 116, 28, 38, 0, 0, 0.17%, 7, 0, 7, 132.85
1735534225, 117, 11, 38, 0, 0, 0.17%, 7, 0, 7, 136.77
1735534230, 117, 12, 38, 0, 0, 0.17%, 7, 0, 7, 129.53
1735534236, 117, 16, 38, 0, 0, 0.17%, 7, 0, 7, 141.99
1735534241, 117, 17, 38, 0, 0, 0.17%, 7, 0, 7, 128.77
1735534251, 117, 19, 38, 0, 0, 0.17%, 7, 0, 7, 142.30
1735534256, 117, 20, 38, 0, 0, 0.17%, 7, 0, 7, 144.06
1735534266, 117, 24, 38, 0, 0, 0.17%, 7, 0, 7, 160.53
1735534282, 117, 28, 38, 0, 0, 0.17%, 7, 0, 7, 131.93
1735534287, 118, 11, 38, 0, 0, 0.17%, 7, 0, 7, 127.36
1735534292, 118, 12, 38, 0, 0, 0.17%, 7, 0, 7, 139.77
1735534297, 118, 13, 38, 0, 0, 0.17%, 7, 0, 7, 141.87
1735534303, 118, 17, 38, 0, 0, 0.17%, 7, 0, 7, 133.49
1735534308, 118, 23, 38, 0, 0, 0.17%, 7, 0, 7, 130.61
1735534318, 118, 28, 38, 0, 0, 0.17%, 7, 0, 7, 128.54
1735534323, 119, 11, 38, 0, 0, 0.17%, 7, 0, 7, 124.59
1735534328, 119, 12, 38, 0, 0, 0.17%, 7, 0, 7, 130.68
1735534333, 119, 17, 38, 0, 0, 0.17%, 7, 0, 7, 128.67
1735534338, 119, 19, 38, 0, 0, 0.17%, 7, 0, 7, 135.66
1735534349, 119, 28, 38, 0, 0, 0.17%, 7, 0, 7, 135.15
1735534354, 119, 29, 38, 0, 0, 0.17%, 7, 0, 7, 144.74
1735534359, 119, 31, 38, 0, 0, 0.17%, 7, 0, 7, 140.01
1735534369, 120, 11, 38, 0, 0, 0.17%, 7, 0, 7, 138.81
1735534374, 120, 12, 38, 0, 0, 0.17%, 7, 0, 7, 139.82
1735534379, 120, 17, 38, 0, 0, 0.17%, 7, 0, 7, 138.14
1735534384, 120, 28, 38, 0, 0, 0.17%, 7, 0, 7, 129.74
1735534389, 120, 29, 38, 0, 0, 0.17%, 7, 0, 7, 131.68
1735534400, 120, 36, 38, 0, 0, 0.17%, 7, 0, 7, 137.37
1735534405, 121, 11, 38, 0, 0, 0.17%, 7, 0, 7, 134.11
1735534410, 121, 12, 38, 0, 0, 0.17%, 7, 0, 7, 139.72
1735534415, 121, 17, 38, 0, 0, 0.17%, 7, 0, 7, 142.36
1735534420, 121, 24, 38, 0, 0, 0.17%, 7, 0, 7, 149.39
1735534431, 121, 28, 38, 0, 0, 0.17%, 7, 0, 7, 130.79
1735534436, 121, 35, 38, 0, 0, 0.17%, 7, 0, 7, 134.46
1735534441, 122, 11, 38, 0, 0, 0.17%, 7, 0, 7, 135.43
1735534446, 122, 12, 38, 0, 0, 0.17%, 7, 0, 7, 130.62
1735534451, 122, 17, 38, 0, 0, 0.17%, 7, 0, 7, 135.39
1735534456, 122, 28, 38, 0, 0, 0.17%, 7, 0, 7, 130.61
1735534461, 123, 0, 38, 0, 0, 0.17%, 7, 0, 7, 126.66
1735534467, 123, 12, 38, 0, 0, 0.17%, 7, 0, 7, 130.24
1735534472, 123, 17, 38, 0, 0, 0.17%, 7, 0, 7, 133.98
1735534482, 123, 26, 38, 0, 0, 0.17%, 7, 0, 7, 135.31
1735534487, 123, 28, 38, 0, 0, 0.17%, 7, 0, 7, 128.95
1735534492, 124, 11, 38, 0, 0, 0.17%, 7, 0, 7, 122.62
1735534497, 124, 12, 38, 0, 0, 0.17%, 7, 0, 7, 127.27
1735534503, 124, 15, 38, 0, 0, 0.17%, 7, 0, 7, 144.94
1735534513, 124, 17, 38, 0, 0, 0.17%, 7, 0, 7, 128.45
1735534518, 124, 28, 38, 0, 0, 0.17%, 7, 0, 7, 133.21
1735534523, 124, 34, 38, 0, 0, 0.17%, 7, 0, 7, 139.47
1735534528, 125, 2, 38, 0, 0, 0.17%, 7, 0, 7, 135.30
1735534533, 125, 12, 38, 0, 0, 0.17%, 7, 0, 7, 126.67
1735534539, 125, 17, 38, 0, 0, 0.17%, 7, 0, 7, 128.88
1735534549, 125, 24, 38, 0, 0, 0.17%, 7, 0, 7, 137.58
1735534554, 125, 28, 38, 0, 0, 0.17%, 7, 0, 7, 125.41
1735534559, 126, 11, 38, 0, 0, 0.17%, 7, 0, 7, 132.75
1735534564, 126, 12, 38, 0, 0, 0.17%, 7, 0, 7, 130.44
1735534570, 126, 17, 38, 0, 0, 0.17%, 7, 0, 7, 127.81
1735534580, 126, 25, 38, 0, 0, 0.17%, 7, 0, 7, 133.10
1735534585, 126, 28, 38, 0, 0, 0.17%, 7, 0, 7, 130.71
1735534590, 126, 37, 38, 0, 0, 0.17%, 7, 0, 7, 146.46
1735534600, 127, 12, 38, 0, 0, 0.17%, 7, 0, 7, 132.83
1735534605, 127, 15, 38, 0, 0, 0.17%, 7, 0, 7, 139.38
1735534616, 127, 17, 38, 0, 0, 0.17%, 7, 0, 7, 127.99
1735534621, 127, 23, 38, 0, 0, 0.17%, 7, 0, 7, 126.52
1735534631, 127, 28, 38, 0, 0, 0.17%, 7, 0, 7, 131.39
1735534636, 128, 2, 38, 0, 0, 0.17%, 7, 0, 7, 128.19
1735534641, 128, 11, 38, 0, 0, 0.17%, 7, 0, 7, 130.75
1735534646, 128, 12, 38, 0, 0, 0.17%, 7, 0, 7, 136.41
1735534651, 128, 16, 38, 0, 0, 0.17%, 7, 0, 7, 151.54
1735534657, 128, 17, 38, 0, 0, 0.17%, 7, 0, 7, 131.64
1735534667, 128, 27, 38, 0, 0, 0.17%, 7, 0, 7, 139.33
1735534672, 128, 28, 38, 0, 0, 0.17%, 7, 0, 7, 132.19
1735534677, 128, 34, 38, 0, 0, 0.17%, 7, 0, 7, 145.46
1735534682, 129, 11, 38, 0, 0, 0.17%, 7, 0, 7, 134.13
1735534687, 129, 12, 38, 0, 0, 0.17%, 7, 0, 7, 137.75
1735534693, 129, 17, 38, 0, 0, 0.17%, 7, 0, 7, 142.19
1735534698, 129, 28, 38, 0, 0, 0.17%, 8, 0, 7, 130.64
1735534703, 129, 31, 38, 0, 0, 0.17%, 8, 0, 7, 150.43
1735534713, 130, 12, 38, 0, 0, 0.17%, 8, 0, 7, 129.32
1735534718, 130, 17, 38, 0, 0, 0.17%, 8, 0, 7, 134.18
1735534728, 130, 18, 38, 0, 0, 0.17%, 8, 0, 7, 132.88
1735534734, 130, 24, 38, 0, 0, 0.17%, 8, 0, 7, 143.14
1735534739, 130, 28, 38, 0, 0, 0.17%, 8, 0, 7, 132.43
1735534744, 130, 31, 38, 0, 0, 0.17%, 8, 0, 7, 153.57
1735534754, 131, 12, 38, 0, 0, 0.17%, 8, 0, 7, 133.36
1735534759, 131, 17, 38, 0, 0, 0.17%, 8, 0, 7, 129.79
1735534770, 131, 28, 38, 0, 0, 0.17%, 8, 0, 7, 138.35
1735534775, 132, 8, 38, 0, 0, 0.17%, 8, 0, 7, 135.70
1735534780, 132, 12, 38, 0, 0, 0.17%, 8, 0, 7, 133.39
1735534785, 132, 17, 38, 0, 0, 0.17%, 8, 0, 7, 138.69
1735534796, 132, 28, 38, 0, 0, 0.17%, 8, 0, 7, 134.08
1735534801, 133, 12, 38, 0, 0, 0.17%, 8, 0, 7, 132.56
1735534806, 133, 17, 38, 0, 0, 0.17%, 8, 0, 7, 131.29
1735534816, 133, 28, 38, 0, 0, 0.17%, 8, 0, 7, 128.21
1735534821, 133, 30, 38, 0, 0, 0.17%, 8, 0, 7, 133.55
1735534827, 134, 12, 38, 0, 0, 0.17%, 8, 0, 7, 130.89
1735534832, 134, 17, 38, 0, 0, 0.17%, 8, 0, 7, 130.95
1735534842, 134, 28, 38, 0, 0, 0.17%, 8, 0, 7, 124.92
1735534847, 134, 31, 38, 0, 0, 0.17%, 8, 0, 7, 155.59
1735534857, 135, 12, 38, 0, 0, 0.17%, 8, 0, 7, 131.47
1735534868, 135, 15, 38, 0, 0, 0.17%, 8, 0, 7, 140.57
1735534873, 135, 17, 38, 0, 0, 0.17%, 8, 0, 7, 128.09
1735534883, 135, 18, 38, 0, 0, 0.17%, 8, 0, 7, 129.68
1735534889, 135, 22, 38, 0, 0, 0.17%, 8, 0, 7, 135.25
1735534894, 135, 28, 38, 0, 0, 0.17%, 8, 0, 7, 133.94
1735534899, 136, 0, 38, 0, 0, 0.17%, 8, 0, 7, 133.57
1735534904, 136, 12, 38, 0, 0, 0.17%, 8, 0, 7, 131.93
1735534909, 136, 16, 38, 0, 0, 0.17%, 8, 0, 7, 156.16
1735534914, 136, 17, 38, 0, 0, 0.17%, 8, 0, 7, 146.28
1735534925, 136, 19, 38, 0, 0, 0.17%, 8, 0, 7, 135.90
1735534935, 136, 27, 38, 0, 0, 0.17%, 8, 0, 7, 147.55
1735534940, 136, 28, 38, 0, 0, 0.17%, 8, 0, 7, 134.66
1735534945, 137, 11, 38, 0, 0, 0.17%, 8, 0, 7, 125.21
1735534951, 137, 12, 38, 0, 0, 0.17%, 8, 0, 7, 134.43
1735534956, 137, 16, 38, 0, 0, 0.17%, 8, 0, 7, 151.11
1735534961, 137, 17, 38, 0, 0, 0.17%, 8, 0, 7, 136.92
1735534971, 137, 28, 38, 0, 0, 0.17%, 8, 0, 7, 128.94
1735534976, 137, 36, 38, 0, 0, 0.17%, 8, 0, 7, 139.98
1735534981, 138, 11, 38, 0, 0, 0.17%, 8, 0, 7, 125.22
1735534986, 138, 12, 38, 0, 0, 0.17%, 8, 0, 7, 129.95
1735534992, 138, 17, 38, 0, 0, 0.17%, 8, 0, 7, 135.33
1735534997, 138, 28, 38, 0, 0, 0.17%, 8, 0, 7, 134.88
1735535002, 139, 11, 38, 0, 0, 0.17%, 8, 0, 7, 134.55
1735535007, 139, 12, 38, 0, 0, 0.17%, 8, 0, 7, 144.09
1735535012, 139, 17, 38, 0, 0, 0.17%, 8, 0, 7, 131.76
1735535017, 139, 28, 38, 0, 0, 0.17%, 8, 0, 7, 138.08
1735535023, 139, 36, 38, 0, 0, 0.17%, 8, 0, 7, 141.28
1735535028, 140, 11, 38, 0, 0, 0.17%, 8, 0, 7, 136.91
1735535033, 140, 12, 38, 0, 0, 0.17%, 8, 0, 7, 133.13
1735535038, 140, 17, 38, 0, 0, 0.17%, 8, 0, 7, 130.07
1735535043, 140, 25, 38, 0, 0, 0.17%, 8, 0, 7, 136.71
1735535053, 140, 28, 38, 0, 0, 0.17%, 8, 0, 7, 136.13
1735535059, 141, 12, 38, 0, 0, 0.17%, 8, 0, 7, 129.96
1735535069, 141, 17, 38, 0, 0, 0.17%, 8, 0, 7, 131.18
1735535074, 141, 28, 38, 0, 0, 0.17%, 8, 0, 7, 128.72
1735535079, 142, 11, 38, 0, 0, 0.17%, 8, 0, 7, 130.07
1735535084, 142, 12, 38, 0, 0, 0.17%, 8, 0, 7, 133.40
1735535089, 142, 17, 38, 0, 0, 0.17%, 8, 0, 7, 131.04
1735535095, 142, 20, 38, 0, 0, 0.17%, 8, 0, 7, 143.42
1735535105, 142, 24, 38, 0, 0, 0.17%, 8, 0, 7, 138.13
1735535110, 142, 27, 38, 0, 0, 0.17%, 8, 0, 7, 135.28
1735535120, 142, 28, 38, 0, 0, 0.17%, 8, 0, 7, 134.73
1735535125, 143, 12, 38, 0, 0, 0.17%, 8, 0, 7, 130.55
1735535131, 143, 13, 38, 0, 0, 0.17%, 8, 0, 7, 128.60
1735535136, 143, 17, 38, 0, 0, 0.17%, 8, 0, 7, 128.12
1735535146, 143, 28, 38, 0, 0, 0.17%, 8, 0, 7, 131.37
1735535151, 144, 12, 38, 0, 0, 0.17%, 8, 0, 7, 129.74
1735535156, 144, 17, 38, 0, 0, 0.17%, 8, 0, 7, 136.54
1735535166, 144, 28, 38, 0, 0, 0.17%, 8, 0, 7, 130.18
1735535171, 145, 11, 38, 0, 0, 0.17%, 8, 0, 7, 133.41
1735535176, 145, 12, 38, 0, 0, 0.17%, 8, 0, 7, 133.42
1735535182, 145, 17, 38, 0, 0, 0.17%, 8, 0, 7, 133.15
1735535187, 145, 28, 38, 0, 0, 0.17%, 8, 0, 7, 138.46
1735535192, 146, 11, 38, 0, 0, 0.17%, 8, 0, 7, 131.35
1735535197, 146, 12, 38, 0, 0, 0.17%, 8, 0, 7, 128.16
1735535202, 146, 17, 38, 0, 0, 0.17%, 8, 0, 7, 130.34
1735535212, 146, 27, 38, 0, 0, 0.17%, 8, 0, 7, 130.20
1735535218, 146, 28, 38, 0, 0, 0.17%, 8, 0, 7, 124.69
1735535223, 146, 30, 38, 0, 0, 0.17%, 8, 0, 7, 131.32
1735535228, 147, 11, 38, 0, 0, 0.17%, 8, 0, 7, 139.80
1735535233, 147, 12, 38, 0, 0, 0.17%, 8, 0, 7, 129.62
1735535238, 147, 17, 38, 0, 0, 0.17%, 8, 0, 7, 132.84
1735535248, 147, 28, 38, 0, 0, 0.17%, 8, 0, 7, 124.92
1735535254, 148, 12, 38, 0, 0, 0.17%, 8, 0, 7, 126.91
1735535259, 148, 17, 38, 0, 0, 0.17%, 8, 0, 7, 133.52
1735535269, 148, 28, 38, 0, 0, 0.17%, 8, 0, 7, 129.34
1735535274, 149, 12, 38, 0, 0, 0.17%, 8, 0, 7, 132.44
1735535279, 149, 17, 38, 0, 0, 0.17%, 8, 0, 7, 129.50
1735535289, 149, 18, 38, 0, 0, 0.17%, 8, 0, 7, 137.18
1735535295, 149, 28, 38, 0, 0, 0.17%, 8, 0, 7, 132.12
1735535300, 150, 6, 38, 0, 0, 0.17%, 8, 0, 7, 133.36
1735535305, 150, 12, 38, 0, 0, 0.17%, 8, 0, 7, 127.21
1735535315, 150, 17, 38, 0, 0, 0.17%, 8, 0, 7, 129.26
1735535320, 150, 24, 38, 0, 0, 0.17%, 8, 0, 7, 146.60
1735535331, 150, 28, 38, 0, 0, 0.17%, 8, 0, 7, 129.32
1735535336, 150, 36, 38, 0, 0, 0.17%, 8, 0, 7, 137.08
1735535341, 151, 11, 38, 0, 0, 0.17%, 8, 0, 7, 135.01
1735535346, 151, 12, 38, 0, 0, 0.17%, 8, 0, 7, 132.20
1735535351, 151, 17, 38, 0, 0, 0.17%, 8, 0, 7, 132.45
1735535356, 151, 28, 38, 0, 0, 0.17%, 8, 0, 7, 132.40
1735535361, 152, 11, 38, 0, 0, 0.17%, 8, 0, 7, 133.60
1735535367, 152, 12, 38, 0, 0, 0.17%, 8, 0, 7, 131.78
1735535372, 152, 17, 38, 0, 0, 0.17%, 8, 0, 7, 134.71
1735535377, 152, 19, 38, 0, 0, 0.17%, 8, 0, 7, 139.02
1735535387, 152, 28, 38, 0, 0, 0.17%, 8, 0, 7, 128.99
1735535392, 152, 30, 38, 0, 0, 0.17%, 8, 0, 7, 133.93
1735535398, 153, 12, 38, 0, 0, 0.17%, 8, 0, 7, 138.80
1735535408, 153, 17, 38, 0, 0, 0.17%, 8, 0, 7, 128.19
1735535413, 153, 18, 38, 0, 0, 0.17%, 8, 0, 7, 135.30
1735535418, 153, 28, 38, 0, 0, 0.17%, 8, 0, 7, 133.80
1735535423, 153, 36, 38, 0, 0, 0.17%, 8, 0, 7, 149.90
1735535428, 154, 11, 38, 0, 0, 0.17%, 8, 0, 7, 135.16
1735535434, 154, 12, 38, 0, 0, 0.17%, 8, 0, 7, 128.64
1735535439, 154, 17, 38, 0, 0, 0.17%, 8, 0, 7, 133.70
1735535444, 154, 18, 38, 0, 0, 0.17%, 8, 0, 7, 134.41
1735535449, 154, 28, 38, 0, 0, 0.17%, 8, 0, 7, 131.12
1735535454, 154, 32, 38, 0, 0, 0.17%, 8, 0, 7, 144.52
1735535464, 155, 12, 38, 0, 0, 0.17%, 8, 0, 7, 133.92
1735535470, 155, 17, 38, 0, 0, 0.17%, 8, 0, 7, 134.16
1735535480, 155, 28, 38, 0, 0, 0.17%, 8, 0, 7, 134.40
1735535485, 156, 11, 38, 0, 0, 0.17%, 8, 0, 7, 133.91
1735535490, 156, 12, 38, 0, 0, 0.17%, 8, 0, 7, 128.96
1735535495, 156, 13, 38, 0, 0, 0.17%, 8, 0, 7, 137.59
1735535500, 156, 17, 38, 0, 0, 0.17%, 8, 0, 7, 133.45
1735535506, 156, 28, 38, 0, 0, 0.17%, 8, 0, 7, 141.23
1735535511, 156, 30, 38, 0, 0, 0.17%, 8, 0, 7, 130.73
1735535516, 156, 34, 38, 0, 0, 0.17%, 8, 0, 7, 135.38
1735535521, 156, 36, 38, 0, 0, 0.17%, 8, 0, 7, 151.17
1735535526, 157, 7, 38, 0, 0, 0.17%, 8, 0, 7, 144.73
1735535531, 157, 12, 38, 0, 0, 0.17%, 8, 0, 7, 129.28
1735535537, 157, 17, 38, 0, 0, 0.17%, 8, 0, 7, 130.15
1735535547, 157, 23, 38, 0, 0, 0.17%, 8, 0, 7, 139.29
1735535552, 157, 28, 38, 0, 0, 0.17%, 8, 0, 7, 131.39
1735535557, 158, 11, 38, 0, 0, 0.17%, 8, 0, 7, 128.76
1735535562, 158, 12, 38, 0, 0, 0.17%, 8, 0, 7, 131.48
1735535567, 158, 17, 38, 0, 0, 0.17%, 8, 0, 7, 130.58
1735535573, 158, 28, 38, 0, 0, 0.17%, 8, 0, 7, 132.86
1735535583, 159, 12, 38, 0, 0, 0.17%, 8, 0, 7, 128.96
1735535588, 159, 17, 38, 0, 0, 0.17%, 8, 0, 7, 132.85
1735535598, 159, 19, 38, 0, 0, 0.17%, 8, 0, 7, 142.45
1735535604, 159, 28, 38, 0, 0, 0.17%, 8, 0, 7, 138.50
1735535609, 159, 35, 38, 0, 0, 0.17%, 8, 0, 7, 130.25
1735535614, 160, 11, 38, 0, 0, 0.17%, 8, 0, 7, 130.27
1735535619, 160, 12, 38, 0, 0, 0.17%, 8, 0, 7, 127.78
1735535624, 160, 17, 38, 0, 0, 0.17%, 8, 0, 7, 129.23
1735535634, 160, 28, 38, 0, 0, 0.17%, 8, 0, 7, 131.98
1735535640, 161, 12, 38, 0, 0, 0.17%, 8, 0, 7, 129.99
1735535645, 161, 17, 38, 0, 0, 0.17%, 8, 0, 7, 132.56
1735535655, 161, 24, 38, 0, 0, 0.17%, 8, 0, 7, 148.59
1735535660, 161, 28, 38, 0, 0, 0.17%, 8, 0, 7, 135.86
1735535671, 162, 12, 38, 0, 0, 0.17%, 8, 0, 7, 134.37
1735535676, 162, 17, 38, 0, 0, 0.17%, 8, 0, 7, 135.77
1735535686, 162, 28, 38, 0, 0, 0.17%, 8, 0, 7, 132.49
1735535691, 163, 8, 38, 0, 0, 0.17%, 8, 0, 7, 135.67
1735535696, 163, 12, 38, 0, 0, 0.17%, 8, 0, 7, 138.64
1735535702, 163, 15, 38, 0, 0, 0.17%, 8, 0, 7, 132.41
1735535712, 163, 17, 38, 0, 0, 0.17%, 8, 0, 7, 134.77
1735535717, 163, 28, 38, 0, 0, 0.17%, 8, 0, 7, 133.07
1735535727, 163, 31, 38, 0, 0, 0.17%, 8, 0, 7, 143.58
1735535732, 164, 11, 38, 0, 0, 0.17%, 8, 0, 7, 139.31
1735535737, 164, 12, 38, 0, 0, 0.17%, 8, 0, 7, 132.04
1735535743, 164, 17, 38, 0, 0, 0.17%, 8, 0, 7, 129.67
1735535748, 164, 23, 38, 0, 0, 0.17%, 8, 0, 7, 133.37
1735535758, 164, 24, 38, 0, 0, 0.17%, 8, 0, 7, 144.55
1735535763, 164, 28, 38, 0, 0, 0.17%, 8, 0, 7, 135.73
1735535768, 165, 11, 38, 0, 0, 0.17%, 8, 0, 7, 128.41
1735535774, 165, 12, 38, 0, 0, 0.17%, 8, 0, 7, 127.47
1735535779, 165, 17, 38, 0, 0, 0.17%, 8, 0, 7, 127.06
1735535784, 165, 24, 38, 0, 0, 0.17%, 8, 0, 7, 131.74
1735535794, 165, 28, 38, 0, 0, 0.17%, 8, 0, 7, 123.42
1735535799, 166, 11, 38, 0, 0, 0.17%, 8, 0, 7, 131.45
1735535804, 166, 17, 38, 0, 0, 0.17%, 8, 0, 7, 133.47
1735535815, 166, 28, 38, 0, 0, 0.17%, 8, 0, 7, 127.96
1735535820, 167, 11, 38, 0, 0, 0.17%, 8, 0, 7, 130.67
1735535825, 167, 12, 38, 0, 0, 0.17%, 8, 0, 7, 133.21
1735535830, 167, 17, 38, 0, 0, 0.17%, 8, 0, 7, 138.81
1735535835, 167, 28, 38, 0, 0, 0.17%, 8, 0, 7, 138.72
1735535841, 167, 31, 38, 0, 0, 0.17%, 8, 0, 7, 155.89
1735535851, 167, 33, 38, 0, 0, 0.17%, 8, 0, 7, 134.08
1735535856, 167, 35, 38, 0, 0, 0.17%, 8, 0, 7, 144.14
1735535861, 167, 37, 38, 0, 0, 0.17%, 8, 0, 7, 145.58
1735535871, 168, 12, 38, 0, 0, 0.17%, 8, 0, 7, 142.28
1735535882, 168, 17, 38, 0, 0, 0.17%, 8, 0, 7, 135.93
1735535887, 168, 28, 38, 0, 0, 0.17%, 8, 0, 7, 144.78
1735535892, 168, 32, 38, 0, 0, 0.17%, 8, 0, 7, 143.03
1735535897, 169, 11, 38, 0, 0, 0.17%, 8, 0, 7, 135.10
1735535902, 169, 12, 38, 0, 0, 0.17%, 8, 0, 7, 126.16
1735535907, 169, 17, 38, 0, 0, 0.17%, 8, 0, 7, 133.77
1735535918, 169, 28, 38, 0, 0, 0.17%, 8, 0, 7, 129.00
1735535923, 170, 11, 38, 0, 0, 0.17%, 8, 0, 7, 123.98
1735535928, 170, 12, 38, 0, 0, 0.17%, 8, 0, 7, 130.39
1735535933, 170, 16, 38, 0, 0, 0.17%, 8, 0, 7, 142.65
1735535938, 170, 17, 38, 0, 0, 0.17%, 8, 0, 7, 131.05
1735535948, 170, 28, 38, 0, 0, 0.17%, 8, 0, 7, 128.13
1735535953, 171, 12, 38, 0, 0, 0.17%, 8, 0, 7, 131.97
1735535964, 171, 17, 38, 0, 0, 0.17%, 8, 0, 7, 132.68
1735535969, 171, 28, 38, 0, 0, 0.17%, 8, 0, 7, 126.63
1735535974, 171, 35, 38, 0, 0, 0.17%, 8, 0, 7, 143.12
1735535979, 172, 11, 38, 0, 0, 0.17%, 8, 0, 7, 129.25
1735535984, 172, 12, 38, 0, 0, 0.17%, 8, 0, 7, 125.19
1735535989, 172, 17, 38, 0, 0, 0.17%, 8, 0, 7, 126.97
1735535994, 172, 28, 38, 0, 0, 0.17%, 8, 0, 7, 128.66
1735535999, 172, 33, 38, 0, 0, 0.17%, 8, 0, 7, 133.83
1735536010, 173, 11, 38, 0, 0, 0.17%, 8, 0, 7, 136.13
1735536015, 173, 12, 38, 0, 0, 0.17%, 8, 0, 7, 127.08
1735536020, 173, 17, 38, 0, 0, 0.17%, 8, 0, 7, 134.31
1735536030, 173, 28, 38, 0, 0, 0.17%, 8, 0, 7, 130.06
1735536036, 173, 33, 38, 0, 0, 0.17%, 8, 0, 7, 135.94
1735536041, 174, 11, 38, 0, 0, 0.17%, 8, 0, 7, 127.23
1735536046, 174, 12, 38, 0, 0, 0.17%, 8, 0, 7, 134.55
1735536051, 174, 17, 38, 0, 0, 0.17%, 8, 0, 7, 132.35
1735536056, 174, 28, 38, 0, 0, 0.17%, 8, 0, 7, 130.93
1735536061, 175, 2, 38, 0, 0, 0.17%, 8, 0, 7, 126.05
1735536067, 175, 11, 38, 0, 0, 0.17%, 8, 0, 7, 129.14
1735536072, 175, 12, 38, 0, 0, 0.17%, 8, 0, 7, 137.06
1735536077, 175, 17, 38, 0, 0, 0.17%, 8, 0, 7, 130.40
1735536082, 175, 28, 38, 0, 0, 0.17%, 8, 0, 7, 135.24
1735536087, 175, 33, 38, 0, 0, 0.17%, 8, 0, 7, 136.31
1735536097, 176, 11, 38, 0, 0, 0.17%, 8, 0, 7, 130.66
1735536102, 176, 12, 38, 0, 0, 0.17%, 8, 0, 7, 134.31
1735536108, 176, 17, 38, 0, 0, 0.17%, 8, 0, 7, 132.69
1735536113, 176, 24, 38, 0, 0, 0.17%, 8, 0, 7, 141.31
1735536118, 176, 28, 38, 0, 0, 0.17%, 8, 0, 7, 149.44
1735536128, 177, 12, 38, 0, 0, 0.17%, 8, 0, 7, 130.37
1735536133, 177, 17, 38, 0, 0, 0.17%, 8, 0, 7, 139.03
1735536144, 177, 28, 38, 0, 0, 0.17%, 8, 0, 7, 137.30
1735536149, 177, 35, 38, 0, 0, 0.17%, 8, 0, 7, 133.08
1735536154, 177, 37, 38, 0, 0, 0.17%, 8, 0, 7, 138.15
1735536159, 178, 11, 38, 0, 0, 0.17%, 8, 0, 7, 138.60
1735536165, 178, 12, 38, 0, 0, 0.17%, 8, 0, 7, 139.39
1735536170, 178, 17, 38, 0, 0, 0.17%, 8, 0, 7, 125.32
1735536175, 178, 18, 38, 0, 0, 0.17%, 8, 0, 7, 142.36
1735536180, 178, 27, 38, 0, 0, 0.17%, 8, 0, 7, 149.08
1735536190, 178, 28, 38, 0, 0, 0.17%, 8, 0, 7, 133.62
1735536195, 179, 12, 38, 0, 0, 0.17%, 8, 0, 7, 126.86
1735536201, 179, 17, 38, 0, 0, 0.17%, 8, 0, 7, 130.45
1735536211, 179, 28, 38, 0, 0, 0.17%, 8, 0, 7, 129.89
1735536216, 180, 12, 38, 0, 0, 0.17%, 8, 0, 7, 129.58
1735536227, 180, 17, 38, 0, 0, 0.17%, 8, 0, 7, 138.58
1735536232, 180, 20, 38, 0, 0, 0.17%, 8, 0, 7, 149.66
1735536237, 180, 28, 38, 0, 0, 0.17%, 8, 0, 7, 137.46
1735536242, 181, 11, 38, 0, 0, 0.17%, 8, 0, 7, 126.75
1735536247, 181, 12, 38, 0, 0, 0.17%, 8, 0, 7, 128.60
1735536252, 181, 17, 38, 0, 0, 0.17%, 8, 0, 7, 128.41
1735536263, 181, 18, 38, 0, 0, 0.17%, 8, 0, 7, 131.57
1735536268, 181, 28, 38, 0, 0, 0.17%, 8, 0, 7, 127.79
1735536273, 181, 30, 38, 0, 0, 0.17%, 8, 0, 7, 132.45
1735536278, 182, 8, 38, 0, 0, 0.17%, 8, 0, 7, 140.33
1735536283, 182, 12, 38, 0, 0, 0.17%, 8, 0, 7, 131.86
1735536289, 182, 16, 38, 0, 0, 0.17%, 8, 0, 7, 166.26
1735536294, 182, 17, 38, 0, 0, 0.17%, 8, 0, 7, 141.77
1735536304, 182, 20, 38, 0, 0, 0.17%, 8, 0, 7, 146.51
1735536314, 182, 28, 38, 0, 0, 0.17%, 8, 0, 7, 142.40
1735536319, 183, 12, 38, 0, 0, 0.17%, 8, 0, 7, 133.81
1735536324, 183, 17, 38, 0, 0, 0.17%, 8, 0, 7, 129.09
1735536334, 183, 28, 38, 0, 0, 0.17%, 8, 0, 7, 133.12
1735536340, 184, 12, 38, 0, 0, 0.17%, 8, 0, 7, 132.42
1735536345, 184, 17, 38, 0, 0, 0.17%, 8, 0, 7, 124.25
1735536355, 184, 28, 38, 0, 0, 0.17%, 8, 0, 7, 136.27
1735536360, 184, 37, 38, 0, 0, 0.17%, 8, 0, 7, 149.76
1735536370, 185, 12, 38, 0, 0, 0.17%, 8, 0, 7, 130.42
1735536376, 185, 15, 38, 0, 0, 0.17%, 8, 0, 7, 138.33
1735536386, 185, 17, 38, 0, 0, 0.17%, 8, 0, 7, 139.09
1735536391, 185, 28, 38, 0, 0, 0.17%, 8, 0, 7, 133.60
1735536396, 186, 4, 38, 0, 0, 0.17%, 8, 0, 7, 133.24
1735536401, 186, 12, 38, 0, 0, 0.17%, 8, 0, 7, 128.31
1735536406, 186, 17, 38, 0, 0, 0.17%, 8, 0, 7, 133.87
1735536417, 186, 28, 38, 0, 0, 0.17%, 8, 0, 7, 129.79
1735536422, 186, 31, 38, 0, 0, 0.17%, 8, 0, 7, 147.72
1735536427, 186, 34, 38, 0, 0, 0.17%, 8, 0, 7, 146.81
1735536432, 187, 11, 38, 0, 0, 0.17%, 8, 0, 7, 134.07
1735536437, 187, 12, 38, 0, 0, 0.17%, 8, 0, 7, 140.68
1735536442, 187, 17, 38, 0, 0, 0.17%, 8, 0, 7, 135.85
1735536447, 187, 23, 38, 0, 0, 0.17%, 8, 0, 7, 136.13
1735536457, 187, 28, 38, 0, 0, 0.17%, 8, 0, 7, 133.53
1735536463, 187, 33, 38, 0, 0, 0.17%, 8, 0, 7, 137.74
1735536468, 188, 7, 38, 0, 0, 0.17%, 8, 0, 7, 145.17
1735536473, 188, 11, 38, 0, 0, 0.17%, 8, 0, 7, 137.65
1735536478, 188, 12, 38, 0, 0, 0.17%, 8, 0, 7, 136.39
1735536483, 188, 14, 38, 0, 0, 0.17%, 8, 0, 7, 136.91
1735536488, 188, 17, 38, 0, 0, 0.17%, 8, 0, 7, 126.91
1735536498, 188, 28, 38, 0, 0, 0.17%, 8, 0, 7, 134.52
1735536504, 189, 10, 38, 0, 0, 0.17%, 8, 0, 7, 124.19
1735536509, 189, 12, 38, 0, 0, 0.17%, 8, 0, 7, 128.18
1735536514, 189, 17, 38, 0, 0, 0.17%, 8, 0, 7, 131.48
1735536524, 189, 19, 38, 0, 0, 0.17%, 8, 0, 7, 134.93
1735536534, 189, 22, 38, 0, 0, 0.17%, 8, 0, 7, 138.49
1735536540, 189, 24, 38, 0, 0, 0.17%, 8, 0, 7, 145.91
1735536545, 189, 26, 38, 0, 0, 0.17%, 8, 0, 7, 141.24
1735536555, 189, 28, 38, 0, 0, 0.17%, 8, 0, 7, 134.37
1735536560, 190, 11, 38, 0, 0, 0.17%, 8, 0, 7, 133.96
1735536565, 190, 12, 38, 0, 0, 0.17%, 8, 0, 7, 127.42
1735536570, 190, 17, 38, 0, 0, 0.17%, 8, 0, 7, 128.02
1735536581, 190, 28, 38, 0, 0, 0.17%, 8, 0, 7, 131.27
1735536586, 190, 32, 38, 0, 0, 0.17%, 8, 0, 7, 138.58
1735536591, 191, 2, 38, 0, 0, 0.17%, 8, 0, 7, 135.92
1735536596, 191, 12, 38, 0, 0, 0.17%, 8, 0, 7, 128.55
1735536601, 191, 17, 38, 0, 0, 0.17%, 8, 0, 7, 135.92
1735536612, 191, 18, 38, 0, 0, 0.17%, 8, 0, 7, 130.11
1735536617, 191, 28, 38, 0, 0, 0.17%, 8, 0, 7, 135.90
1735536622, 192, 11, 38, 0, 0, 0.17%, 8, 0, 7, 139.55
1735536627, 192, 12, 38, 0, 0, 0.17%, 8, 0, 7, 133.25
1735536632, 192, 13, 38, 0, 0, 0.17%, 8, 0, 7, 136.82
1735536637, 192, 17, 38, 0, 0, 0.17%, 8, 0, 7, 132.18
1735536642, 192, 28, 38, 0, 0, 0.17%, 8, 0, 7, 125.90
1735536647, 193, 11, 38, 0, 0, 0.17%, 8, 0, 7, 129.97
