# unix_time, cycles_done, cur_path, paths_total, pending_total, pending_favs, map_size, unique_crashes, unique_hangs, max_depth, execs_per_sec
1735385497, 0, 0, 10, 10, 1, 0.01%, 0, 0, 1, 81.80
1735385502, 0, 3, 10, 10, 1, 0.01%, 0, 0, 1, 103.74
1735385507, 0, 4, 10, 9, 0, 0.01%, 0, 0, 1, 102.53
1735385517, 0, 5, 10, 8, 0, 0.01%, 0, 0, 1, 101.47
1735385528, 0, 6, 10, 7, 0, 0.01%, 0, 0, 1, 99.60
1735385538, 0, 7, 10, 6, 0, 0.01%, 0, 0, 1, 97.39
1735385548, 0, 8, 10, 5, 0, 0.01%, 0, 0, 1, 97.92
1735385558, 0, 9, 10, 4, 0, 0.01%, 0, 0, 1, 97.19
1735385568, 1, 0, 10, 3, 0, 0.01%, 0, 0, 1, 94.48
1735385584, 1, 1, 10, 2, 0, 0.01%, 0, 0, 1, 107.98
1735385594, 1, 2, 10, 1, 0, 0.01%, 0, 0, 1, 92.50
1735385604, 1, 3, 10, 0, 0, 0.01%, 0, 0, 1, 100.38
1735385609, 1, 4, 10, 0, 0, 0.01%, 0, 0, 1, 101.05
1735385614, 1, 5, 10, 0, 0, 0.01%, 0, 0, 1, 100.69
1735385619, 1, 7, 10, 0, 0, 0.01%, 0, 0, 1, 102.06
1735385624, 1, 8, 10, 0, 0, 0.01%, 0, 0, 1, 100.91
1735385629, 2, 0, 10, 0, 0, 0.01%, 0, 0, 1, 100.89
1735385634, 2, 1, 10, 0, 0, 0.01%, 0, 0, 1, 103.38
1735385639, 2, 2, 10, 0, 0, 0.01%, 0, 0, 1, 101.02
1735385644, 2, 4, 10, 0, 0, 0.01%, 0, 0, 1, 102.01
1735385649, 2, 5, 10, 0, 0, 0.01%, 0, 0, 1, 103.28
1735385654, 2, 7, 10, 0, 0, 0.01%, 0, 0, 1, 102.30
1735385659, 2, 8, 10, 0, 0, 0.01%, 0, 0, 1, 103.04
1735385664, 2, 9, 10, 0, 0, 0.01%, 0, 0, 1, 102.34
1735385669, 3, 1, 10, 0, 0, 0.01%, 0, 0, 1, 99.18
1735385675, 3, 2, 10, 0, 0, 0.01%, 0, 0, 1, 101.43
1735385680, 3, 4, 10, 0, 0, 0.01%, 0, 0, 1, 101.76
1735385685, 3, 5, 10, 0, 0, 0.01%, 0, 0, 1, 105.35
1735385690, 3, 7, 10, 0, 0, 0.01%, 0, 0, 1, 103.11
1735385695, 3, 8, 10, 0, 0, 0.01%, 0, 0, 1, 105.71
1735385700, 3, 9, 10, 0, 0, 0.01%, 0, 0, 1, 102.67
1735385705, 4, 1, 10, 0, 0, 0.01%, 0, 0, 1, 101.47
1735385710, 4, 2, 10, 0, 0, 0.01%, 0, 0, 1, 103.50
1735385715, 4, 4, 10, 0, 0, 0.01%, 0, 0, 1, 103.68
1735385720, 4, 5, 10, 0, 0, 0.01%, 0, 0, 1, 102.93
1735385725, 4, 7, 10, 0, 0, 0.01%, 0, 0, 1, 103.16
1735385730, 4, 8, 10, 0, 0, 0.01%, 0, 0, 1, 103.61
1735385736, 4, 9, 10, 0, 0, 0.01%, 0, 0, 1, 101.17
1735385741, 5, 1, 10, 0, 0, 0.01%, 0, 0, 1, 102.17
1735385746, 5, 2, 10, 0, 0, 0.01%, 0, 0, 1, 104.57
1735385751, 5, 4, 10, 0, 0, 0.01%, 0, 0, 1, 104.63
1735385756, 5, 5, 10, 0, 0, 0.01%, 0, 0, 1, 104.01
1735385761, 5, 6, 11, 1, 0, 0.16%, 1, 0, 2, 101.25
1735385766, 5, 10, 12, 2, 1, 0.16%, 2, 0, 3, 117.01
1735385853, 5, 11, 14, 3, 1, 0.17%, 4, 0, 4, 127.98
1735385940, 5, 11, 15, 4, 1, 0.17%, 4, 0, 4, 109.67
1735385985, 5, 12, 15, 3, 2, 0.17%, 4, 0, 4, 133.16
1735385996, 5, 12, 16, 4, 2, 0.17%, 4, 0, 5, 111.91
1735386021, 5, 12, 17, 5, 2, 0.17%, 5, 0, 5, 107.14
1735386118, 5, 12, 18, 6, 2, 0.17%, 5, 0, 5, 116.15
1735386154, 5, 12, 20, 8, 2, 0.17%, 5, 0, 5, 114.77
1735386159, 5, 12, 24, 12, 2, 0.17%, 5, 0, 5, 120.66
1735386164, 5, 13, 24, 11, 2, 0.17%, 5, 0, 5, 118.95
1735386200, 5, 13, 25, 12, 2, 0.17%, 5, 0, 5, 119.22
1735386252, 5, 13, 26, 13, 2, 0.17%, 6, 0, 5, 122.35
1735386293, 5, 13, 27, 14, 2, 0.17%, 6, 0, 5, 143.16
1735386298, 5, 17, 27, 13, 1, 0.17%, 6, 0, 5, 153.01
1735386313, 5, 17, 28, 14, 1, 0.17%, 6, 0, 6, 119.55
1735386401, 5, 17, 29, 15, 1, 0.17%, 6, 0, 6, 155.99
1735386412, 5, 17, 34, 20, 1, 0.17%, 6, 0, 6, 160.16
1735386427, 5, 20, 34, 19, 0, 0.17%, 6, 0, 6, 150.49
1735386509, 5, 28, 34, 18, 0, 0.17%, 6, 0, 6, 192.00
1735386602, 5, 28, 36, 20, 0, 0.17%, 6, 0, 7, 198.66
1735386612, 5, 28, 37, 21, 0, 0.17%, 7, 0, 7, 182.89
1735386684, 5, 28, 38, 22, 0, 0.17%, 7, 0, 7, 150.41
1735386689, 5, 30, 38, 21, 0, 0.17%, 7, 0, 7, 188.20
1735386919, 5, 33, 38, 20, 0, 0.17%, 7, 0, 7, 167.36
1735387097, 6, 2, 38, 19, 0, 0.17%, 7, 0, 7, 138.44
1735387102, 6, 11, 38, 19, 0, 0.17%, 7, 0, 7, 138.10
1735387107, 6, 12, 38, 19, 0, 0.17%, 7, 0, 7, 139.83
1735387117, 6, 13, 38, 19, 0, 0.17%, 7, 0, 7, 140.60
1735387127, 6, 17, 38, 19, 0, 0.17%, 7, 0, 7, 142.96
1735387143, 6, 25, 38, 19, 0, 0.17%, 7, 0, 7, 185.27
1735387297, 6, 25, 39, 20, 0, 0.17%, 8, 0, 7, 214.51
1735387348, 6, 35, 39, 19, 0, 0.17%, 8, 0, 7, 203.09
1735387394, 6, 36, 39, 18, 0, 0.17%, 8, 0, 7, 176.76
1735387507, 7, 11, 39, 17, 0, 0.17%, 8, 0, 7, 143.97
1735387512, 7, 13, 39, 17, 0, 0.17%, 8, 0, 7, 134.96
1735387517, 7, 16, 39, 17, 0, 0.17%, 8, 0, 7, 190.11
1735387593, 7, 17, 39, 16, 0, 0.17%, 8, 0, 7, 138.27
1735387598, 7, 18, 39, 16, 0, 0.17%, 8, 0, 7, 152.90
1735387639, 7, 18, 40, 17, 0, 0.17%, 8, 0, 7, 163.34
1735387695, 7, 22, 40, 16, 0, 0.17%, 8, 0, 7, 198.74
1735387761, 7, 23, 40, 15, 0, 0.17%, 8, 0, 7, 180.45
1735387827, 7, 31, 40, 14, 0, 0.17%, 8, 0, 7, 186.75
1735387893, 7, 32, 40, 13, 0, 0.17%, 8, 0, 7, 173.62
1735387939, 7, 38, 40, 12, 0, 0.17%, 8, 0, 7, 210.54
1735388052, 8, 11, 40, 11, 0, 0.17%, 8, 0, 7, 144.17
1735388057, 8, 13, 40, 11, 0, 0.17%, 8, 0, 7, 151.93
1735388062, 8, 17, 40, 11, 0, 0.17%, 8, 0, 7, 140.97
1735388067, 8, 19, 40, 11, 0, 0.17%, 8, 0, 7, 181.37
1735388123, 8, 21, 40, 10, 0, 0.17%, 8, 0, 7, 166.88
1735388179, 8, 24, 40, 9, 0, 0.17%, 8, 0, 7, 170.55
1735388225, 9, 11, 40, 8, 0, 0.17%, 8, 0, 7, 136.00
1735388230, 9, 13, 40, 8, 0, 0.17%, 8, 0, 7, 145.68
1735388235, 9, 14, 40, 8, 0, 0.17%, 8, 0, 7, 128.47
1735388281, 9, 17, 40, 7, 0, 0.17%, 8, 0, 7, 152.11
1735388292, 9, 19, 40, 7, 0, 0.17%, 8, 0, 7, 154.57
1735388302, 9, 24, 40, 7, 0, 0.17%, 8, 0, 7, 153.52
1735388312, 9, 29, 40, 7, 0, 0.17%, 8, 0, 7, 188.69
1735388491, 9, 33, 40, 6, 0, 0.17%, 8, 0, 7, 150.68
1735388496, 9, 34, 40, 6, 0, 0.17%, 8, 0, 7, 155.67
1735388547, 9, 37, 40, 5, 0, 0.17%, 8, 0, 7, 222.57
1735388587, 9, 37, 41, 6, 0, 0.17%, 8, 0, 8, 165.93
1735388653, 9, 39, 41, 5, 0, 0.17%, 8, 0, 8, 158.29
1735388914, 10, 11, 41, 4, 0, 0.17%, 8, 0, 8, 141.84
1735388919, 10, 13, 41, 4, 0, 0.17%, 8, 0, 8, 153.50
1735388924, 10, 17, 41, 4, 0, 0.17%, 8, 0, 8, 137.43
1735388929, 10, 18, 41, 4, 0, 0.17%, 8, 0, 8, 151.12
1735388934, 10, 24, 41, 4, 0, 0.17%, 8, 0, 8, 146.47
1735388940, 11, 11, 41, 4, 0, 0.17%, 8, 0, 8, 144.61
1735388945, 11, 13, 41, 4, 0, 0.17%, 8, 0, 8, 149.73
1735388950, 11, 17, 41, 4, 0, 0.17%, 8, 0, 8, 138.81
1735388955, 12, 11, 41, 4, 0, 0.17%, 8, 0, 8, 141.01
1735388960, 12, 13, 41, 4, 0, 0.17%, 8, 0, 8, 142.86
1735388965, 12, 15, 41, 4, 0, 0.17%, 8, 0, 8, 158.16
1735389006, 12, 17, 41, 3, 0, 0.17%, 8, 0, 8, 138.47
1735389011, 12, 21, 41, 3, 0, 0.17%, 8, 0, 8, 147.58
1735389022, 12, 22, 41, 3, 0, 0.17%, 8, 0, 8, 136.52
1735389037, 12, 40, 41, 3, 0, 0.17%, 8, 0, 8, 176.25
1735389170, 13, 11, 41, 2, 0, 0.17%, 8, 0, 8, 140.83
1735389175, 13, 13, 41, 2, 0, 0.17%, 8, 0, 8, 142.33
1735389180, 13, 15, 41, 2, 0, 0.17%, 8, 0, 8, 138.87
1735389190, 13, 17, 41, 2, 0, 0.17%, 8, 0, 8, 146.59
1735389195, 13, 25, 41, 2, 0, 0.17%, 8, 0, 8, 158.71
1735389201, 13, 29, 41, 2, 0, 0.17%, 8, 0, 8, 144.45
1735389211, 13, 30, 41, 2, 0, 0.17%, 8, 0, 8, 151.15
1735389221, 14, 1, 41, 2, 0, 0.17%, 8, 0, 8, 147.09
1735389226, 14, 13, 41, 2, 0, 0.17%, 8, 0, 8, 145.20
1735389231, 14, 17, 41, 2, 0, 0.17%, 8, 0, 8, 149.59
1735389236, 14, 32, 41, 2, 0, 0.17%, 8, 0, 8, 140.73
1735389247, 15, 11, 41, 2, 0, 0.17%, 8, 0, 8, 132.72
1735389252, 15, 13, 41, 2, 0, 0.17%, 8, 0, 8, 140.51
1735389257, 15, 17, 41, 2, 0, 0.17%, 8, 0, 8, 146.14
1735389262, 15, 26, 41, 2, 0, 0.17%, 8, 0, 8, 195.27
1735389416, 15, 32, 41, 1, 0, 0.17%, 8, 0, 8, 141.14
1735389421, 16, 13, 41, 1, 0, 0.17%, 8, 0, 8, 142.31
1735389426, 16, 14, 41, 1, 0, 0.17%, 8, 0, 8, 143.01
1735389437, 16, 17, 41, 1, 0, 0.17%, 8, 0, 8, 147.52
1735389442, 16, 25, 41, 1, 0, 0.17%, 8, 0, 8, 162.21
1735389447, 17, 11, 41, 1, 0, 0.17%, 8, 0, 8, 147.01
1735389452, 17, 12, 41, 1, 0, 0.17%, 8, 0, 8, 139.41
1735389457, 17, 13, 41, 1, 0, 0.17%, 8, 0, 8, 138.22
1735389463, 17, 17, 41, 1, 0, 0.17%, 8, 0, 8, 140.25
1735389468, 18, 2, 41, 1, 0, 0.17%, 8, 0, 8, 139.11
1735389473, 18, 12, 41, 1, 0, 0.17%, 8, 0, 8, 139.87
1735389478, 18, 13, 41, 1, 0, 0.17%, 8, 0, 8, 138.58
1735389483, 18, 15, 41, 1, 0, 0.17%, 8, 0, 8, 138.18
1735389488, 18, 17, 41, 1, 0, 0.17%, 8, 0, 8, 140.71
1735389493, 19, 13, 41, 1, 0, 0.17%, 8, 0, 8, 138.34
1735389499, 19, 17, 41, 1, 0, 0.17%, 8, 0, 8, 142.07
1735389504, 20, 3, 41, 1, 0, 0.17%, 8, 0, 8, 145.10
1735389509, 20, 13, 41, 1, 0, 0.17%, 8, 0, 8, 141.29
1735389514, 20, 17, 41, 1, 0, 0.17%, 8, 0, 8, 151.90
1735389519, 20, 24, 41, 1, 0, 0.17%, 8, 0, 8, 149.45
1735389524, 21, 11, 41, 1, 0, 0.17%, 8, 0, 8, 139.12
1735389529, 21, 13, 41, 1, 0, 0.17%, 8, 0, 8, 145.19
1735389534, 21, 17, 41, 1, 0, 0.17%, 8, 0, 8, 146.46
1735389539, 22, 11, 41, 1, 0, 0.17%, 8, 0, 8, 142.34
1735389545, 22, 13, 41, 1, 0, 0.17%, 8, 0, 8, 145.16
1735389550, 22, 14, 41, 1, 0, 0.17%, 8, 0, 8, 136.26
1735389555, 22, 17, 41, 1, 0, 0.17%, 8, 0, 8, 138.20
1735389560, 22, 35, 41, 1, 0, 0.17%, 8, 0, 8, 152.12
1735389570, 23, 11, 41, 1, 0, 0.17%, 8, 0, 8, 147.34
1735389576, 23, 13, 41, 1, 0, 0.17%, 8, 0, 8, 138.88
1735389581, 23, 17, 41, 1, 0, 0.17%, 8, 0, 8, 141.90
1735389586, 23, 20, 41, 1, 0, 0.17%, 8, 0, 8, 137.37
1735389596, 23, 25, 41, 1, 0, 0.17%, 8, 0, 8, 149.79
1735389601, 23, 31, 41, 1, 0, 0.17%, 8, 0, 8, 149.07
1735389611, 23, 40, 41, 1, 0, 0.17%, 8, 0, 8, 173.55
1735389647, 24, 7, 41, 1, 0, 0.17%, 8, 0, 8, 135.65
1735389652, 24, 13, 41, 1, 0, 0.17%, 8, 0, 8, 139.91
1735389657, 24, 17, 41, 1, 0, 0.17%, 8, 0, 8, 149.09
1735389662, 24, 19, 41, 1, 0, 0.17%, 8, 0, 8, 143.12
1735389668, 24, 21, 41, 1, 0, 0.17%, 8, 0, 8, 142.31
1735389673, 24, 27, 41, 1, 0, 0.17%, 8, 0, 8, 171.06
1735389719, 25, 4, 41, 0, 0, 0.17%, 8, 0, 8, 135.06
1735389724, 25, 13, 41, 0, 0, 0.17%, 8, 0, 8, 139.42
1735389734, 25, 17, 41, 0, 0, 0.17%, 8, 0, 8, 137.88
1735389739, 26, 11, 41, 0, 0, 0.17%, 8, 0, 8, 142.13
1735389745, 26, 13, 41, 0, 0, 0.17%, 8, 0, 8, 143.59
1735389750, 26, 17, 41, 0, 0, 0.17%, 8, 0, 8, 132.39
1735389755, 26, 30, 41, 0, 0, 0.17%, 8, 0, 8, 152.38
1735389760, 27, 13, 41, 0, 0, 0.17%, 8, 0, 8, 142.98
1735389765, 27, 14, 41, 0, 0, 0.17%, 8, 0, 8, 145.05
1735389771, 27, 17, 41, 0, 0, 0.17%, 8, 0, 8, 143.91
1735389776, 28, 11, 41, 0, 0, 0.17%, 8, 0, 8, 140.15
1735389781, 28, 13, 41, 0, 0, 0.17%, 8, 0, 8, 146.08
1735389786, 28, 17, 41, 0, 0, 0.17%, 8, 0, 8, 151.85
1735389791, 28, 19, 41, 0, 0, 0.17%, 8, 0, 8, 144.12
1735389796, 29, 10, 41, 0, 0, 0.17%, 8, 0, 8, 146.96
1735389801, 29, 13, 41, 0, 0, 0.17%, 8, 0, 8, 142.93
1735389806, 29, 17, 41, 0, 0, 0.17%, 8, 0, 8, 140.54
1735389811, 30, 6, 41, 0, 0, 0.17%, 8, 0, 8, 144.66
1735389817, 30, 13, 41, 0, 0, 0.17%, 8, 0, 8, 138.14
1735389822, 30, 17, 41, 0, 0, 0.17%, 8, 0, 8, 138.86
1735389827, 30, 29, 41, 0, 0, 0.17%, 8, 0, 8, 147.75
1735389832, 30, 35, 41, 0, 0, 0.17%, 8, 0, 8, 148.50
1735389837, 31, 13, 41, 0, 0, 0.17%, 8, 0, 8, 149.68
1735389847, 31, 17, 41, 0, 0, 0.17%, 8, 0, 8, 136.33
1735389852, 31, 18, 41, 0, 0, 0.17%, 8, 0, 8, 141.78
1735389858, 32, 13, 41, 0, 0, 0.17%, 8, 0, 8, 145.58
1735389863, 32, 17, 41, 0, 0, 0.17%, 8, 0, 8, 137.46
1735389868, 32, 30, 41, 0, 0, 0.17%, 8, 0, 8, 139.57
1735389873, 32, 32, 41, 0, 0, 0.17%, 8, 0, 8, 146.86
1735389878, 33, 11, 41, 0, 0, 0.17%, 8, 0, 8, 138.55
1735389883, 33, 13, 41, 0, 0, 0.17%, 8, 0, 8, 142.89
1735389888, 33, 17, 41, 0, 0, 0.17%, 8, 0, 8, 139.98
1735389894, 33, 23, 41, 0, 0, 0.17%, 8, 0, 8, 143.80
1735389909, 33, 29, 41, 0, 0, 0.17%, 8, 0, 8, 147.04
1735389914, 34, 13, 41, 0, 0, 0.17%, 8, 0, 8, 138.56
1735389919, 34, 17, 41, 0, 0, 0.17%, 8, 0, 8, 142.19
1735389924, 35, 11, 41, 0, 0, 0.17%, 8, 0, 8, 139.49
1735389929, 35, 13, 41, 0, 0, 0.17%, 8, 0, 8, 139.94
1735389934, 35, 17, 41, 0, 0, 0.17%, 8, 0, 8, 137.39
1735389939, 36, 13, 41, 0, 0, 0.17%, 8, 0, 8, 139.86
1735389945, 36, 16, 41, 0, 0, 0.17%, 8, 0, 8, 147.12
1735389960, 36, 17, 41, 0, 0, 0.17%, 8, 0, 8, 135.59
1735389965, 36, 20, 41, 0, 0, 0.17%, 8, 0, 8, 141.69
1735389970, 37, 11, 41, 0, 0, 0.17%, 8, 0, 8, 135.37
1735389976, 37, 13, 41, 0, 0, 0.17%, 8, 0, 8, 145.60
1735389981, 37, 17, 41, 0, 0, 0.17%, 8, 0, 8, 137.93
1735389986, 38, 11, 41, 0, 0, 0.17%, 8, 0, 8, 135.03
1735389991, 38, 13, 41, 0, 0, 0.17%, 8, 0, 8, 139.82
1735389996, 38, 17, 41, 0, 0, 0.17%, 8, 0, 8, 145.10
1735390001, 38, 27, 41, 0, 0, 0.17%, 8, 0, 8, 136.69
1735390012, 38, 39, 41, 0, 0, 0.17%, 8, 0, 8, 159.25
1735390022, 39, 13, 41, 0, 0, 0.17%, 8, 0, 8, 140.52
1735390027, 39, 17, 41, 0, 0, 0.17%, 8, 0, 8, 140.72
1735390032, 40, 11, 41, 0, 0, 0.17%, 8, 0, 8, 146.84
1735390037, 40, 13, 41, 0, 0, 0.17%, 8, 0, 8, 152.05
1735390043, 40, 17, 41, 0, 0, 0.17%, 8, 0, 8, 144.56
1735390048, 40, 18, 41, 0, 0, 0.17%, 8, 0, 8, 147.15
1735390053, 40, 21, 41, 0, 0, 0.17%, 8, 0, 8, 136.86
1735390058, 41, 13, 41, 0, 0, 0.17%, 8, 0, 8, 143.17
1735390063, 41, 17, 41, 0, 0, 0.17%, 8, 0, 8, 135.02
1735390068, 41, 25, 41, 0, 0, 0.17%, 8, 0, 8, 147.27
1735390074, 42, 11, 41, 0, 0, 0.17%, 8, 0, 8, 140.74
1735390079, 42, 13, 41, 0, 0, 0.17%, 8, 0, 8, 148.56
1735390084, 42, 17, 41, 0, 0, 0.17%, 8, 0, 8, 138.54
1735390089, 42, 26, 41, 0, 0, 0.17%, 8, 0, 8, 162.07
1735390099, 42, 36, 41, 0, 0, 0.17%, 8, 0, 8, 167.75
1735390104, 43, 3, 41, 0, 0, 0.17%, 8, 0, 8, 140.36
1735390109, 43, 13, 41, 0, 0, 0.17%, 8, 0, 8, 134.75
1735390115, 43, 17, 41, 0, 0, 0.17%, 8, 0, 8, 142.30
1735390120, 44, 1, 41, 0, 0, 0.17%, 8, 0, 8, 142.28
1735390125, 44, 11, 41, 0, 0, 0.17%, 8, 0, 8, 137.50
1735390130, 44, 13, 41, 0, 0, 0.17%, 8, 0, 8, 141.25
1735390135, 44, 17, 41, 0, 0, 0.17%, 8, 0, 8, 142.73
1735390140, 44, 24, 41, 0, 0, 0.17%, 8, 0, 8, 144.54
1735390145, 45, 13, 41, 0, 0, 0.17%, 8, 0, 8, 144.31
1735390151, 45, 17, 41, 0, 0, 0.17%, 8, 0, 8, 146.16
1735390156, 45, 33, 41, 0, 0, 0.17%, 8, 0, 8, 148.09
1735390161, 45, 34, 41, 0, 0, 0.17%, 8, 0, 8, 144.60
1735390171, 46, 11, 41, 0, 0, 0.17%, 8, 0, 8, 134.26
1735390176, 46, 13, 41, 0, 0, 0.17%, 8, 0, 8, 143.33
1735390181, 46, 17, 41, 0, 0, 0.17%, 8, 0, 8, 141.73
1735390186, 46, 23, 41, 0, 0, 0.17%, 8, 0, 8, 145.41
1735390191, 47, 1, 41, 0, 0, 0.17%, 8, 0, 8, 153.13
1735390196, 47, 13, 41, 0, 0, 0.17%, 8, 0, 8, 145.49
1735390202, 47, 17, 41, 0, 0, 0.17%, 8, 0, 8, 146.95
1735390207, 47, 38, 41, 0, 0, 0.17%, 8, 0, 8, 159.84
1735390217, 48, 13, 41, 0, 0, 0.17%, 8, 0, 8, 144.98
1735390222, 48, 17, 41, 0, 0, 0.17%, 8, 0, 8, 143.36
1735390227, 49, 7, 41, 0, 0, 0.17%, 8, 0, 8, 143.53
1735390232, 49, 12, 41, 0, 0, 0.17%, 8, 0, 8, 143.15
1735390238, 49, 13, 41, 0, 0, 0.17%, 8, 0, 8, 139.04
1735390243, 49, 15, 41, 0, 0, 0.17%, 8, 0, 8, 139.16
1735390248, 49, 17, 41, 0, 0, 0.17%, 8, 0, 8, 145.02
1735390253, 49, 18, 41, 0, 0, 0.17%, 8, 0, 8, 150.26
1735390258, 49, 22, 41, 0, 0, 0.17%, 8, 0, 8, 149.66
1735390268, 49, 32, 41, 0, 0, 0.17%, 8, 0, 8, 150.46
1735390274, 49, 33, 41, 0, 0, 0.17%, 8, 0, 8, 132.54
1735390279, 50, 6, 41, 0, 0, 0.17%, 8, 0, 8, 137.14
1735390284, 50, 11, 41, 0, 0, 0.17%, 8, 0, 8, 141.47
1735390289, 50, 13, 41, 0, 0, 0.17%, 8, 0, 8, 143.55
1735390294, 50, 17, 41, 0, 0, 0.17%, 8, 0, 8, 137.62
1735390299, 50, 19, 41, 0, 0, 0.17%, 8, 0, 8, 136.64
1735390305, 50, 22, 41, 0, 0, 0.17%, 8, 0, 8, 150.48
1735390310, 51, 11, 41, 0, 0, 0.17%, 8, 0, 8, 148.05
1735390315, 51, 13, 41, 0, 0, 0.17%, 8, 0, 8, 140.03
1735390320, 51, 17, 41, 0, 0, 0.17%, 8, 0, 8, 150.30
1735390325, 51, 22, 41, 0, 0, 0.17%, 8, 0, 8, 153.69
1735390330, 51, 29, 41, 0, 0, 0.17%, 8, 0, 8, 159.76
1735390335, 51, 34, 41, 0, 0, 0.17%, 8, 0, 8, 149.26
1735390341, 52, 2, 41, 0, 0, 0.17%, 8, 0, 8, 152.87
1735390346, 52, 13, 41, 0, 0, 0.17%, 8, 0, 8, 146.04
1735390351, 52, 17, 41, 0, 0, 0.17%, 8, 0, 8, 148.72
1735390356, 52, 24, 41, 0, 0, 0.17%, 8, 0, 8, 145.08
1735390361, 52, 31, 41, 0, 0, 0.17%, 8, 0, 8, 134.52
1735390366, 52, 32, 41, 0, 0, 0.17%, 8, 0, 8, 139.51
1735390371, 52, 37, 41, 0, 0, 0.17%, 8, 0, 8, 151.11
1735390387, 53, 0, 41, 0, 0, 0.17%, 8, 0, 8, 144.09
1735390392, 53, 13, 41, 0, 0, 0.17%, 8, 0, 8, 142.42
1735390397, 53, 17, 41, 0, 0, 0.17%, 8, 0, 8, 140.84
1735390402, 53, 20, 41, 0, 0, 0.17%, 8, 0, 8, 144.96
1735390407, 54, 11, 41, 0, 0, 0.17%, 8, 0, 8, 131.51
1735390412, 54, 13, 41, 0, 0, 0.17%, 8, 0, 8, 144.23
1735390417, 54, 17, 41, 0, 0, 0.17%, 8, 0, 8, 139.91
1735390423, 54, 22, 41, 0, 0, 0.17%, 8, 0, 8, 144.65
1735390428, 54, 27, 41, 0, 0, 0.17%, 8, 0, 8, 140.18
1735390433, 54, 30, 41, 0, 0, 0.17%, 8, 0, 8, 153.44
1735390438, 55, 11, 41, 0, 0, 0.17%, 8, 0, 8, 138.46
1735390443, 55, 13, 41, 0, 0, 0.17%, 8, 0, 8, 134.17
1735390448, 55, 17, 41, 0, 0, 0.17%, 8, 0, 8, 142.07
1735390453, 55, 29, 41, 0, 0, 0.17%, 8, 0, 8, 142.95
1735390459, 56, 13, 41, 0, 0, 0.17%, 8, 0, 8, 146.86
1735390464, 56, 17, 41, 0, 0, 0.17%, 8, 0, 8, 142.65
1735390469, 56, 35, 41, 0, 0, 0.17%, 8, 0, 8, 150.73
1735390474, 57, 0, 41, 0, 0, 0.17%, 8, 0, 8, 142.32
1735390479, 57, 13, 41, 0, 0, 0.17%, 8, 0, 8, 141.97
1735390484, 57, 17, 41, 0, 0, 0.17%, 8, 0, 8, 141.48
1735390490, 58, 1, 41, 0, 0, 0.17%, 8, 0, 8, 138.32
1735390495, 58, 11, 41, 0, 0, 0.17%, 8, 0, 8, 138.21
1735390500, 58, 13, 41, 0, 0, 0.17%, 8, 0, 8, 146.66
1735390505, 58, 17, 41, 0, 0, 0.17%, 8, 0, 8, 148.28
1735390510, 58, 31, 41, 0, 0, 0.17%, 8, 0, 8, 137.59
1735390515, 59, 11, 41, 0, 0, 0.17%, 8, 0, 8, 140.64
1735390520, 59, 13, 41, 0, 0, 0.17%, 8, 0, 8, 144.97
1735390526, 59, 17, 41, 0, 0, 0.17%, 8, 0, 8, 140.13
1735390531, 60, 12, 41, 0, 0, 0.17%, 8, 0, 8, 133.50
1735390536, 60, 13, 41, 0, 0, 0.17%, 8, 0, 8, 145.06
1735390541, 60, 17, 41, 0, 0, 0.17%, 8, 0, 8, 137.03
1735390546, 60, 24, 41, 0, 0, 0.17%, 8, 0, 8, 145.02
1735390551, 61, 11, 41, 0, 0, 0.17%, 8, 0, 8, 145.55
1735390557, 61, 13, 41, 0, 0, 0.17%, 8, 0, 8, 143.42
1735390562, 61, 14, 41, 0, 0, 0.17%, 8, 0, 8, 138.02
1735390567, 61, 17, 41, 0, 0, 0.17%, 8, 0, 8, 141.83
1735390572, 61, 21, 41, 0, 0, 0.17%, 8, 0, 8, 135.67
1735390577, 61, 34, 41, 0, 0, 0.17%, 8, 0, 8, 143.92
1735390582, 62, 7, 41, 0, 0, 0.17%, 8, 0, 8, 144.95
1735390588, 62, 13, 41, 0, 0, 0.17%, 8, 0, 8, 141.19
1735390593, 62, 14, 41, 0, 0, 0.17%, 8, 0, 8, 133.77
1735390598, 62, 17, 41, 0, 0, 0.17%, 8, 0, 8, 141.15
1735390603, 62, 25, 41, 0, 0, 0.17%, 8, 0, 8, 159.37
1735390608, 62, 34, 41, 0, 0, 0.17%, 8, 0, 8, 141.81
1735390613, 63, 11, 41, 0, 0, 0.17%, 8, 0, 8, 146.88
1735390618, 63, 17, 41, 0, 0, 0.17%, 8, 0, 8, 149.35
1735390629, 63, 33, 41, 0, 0, 0.17%, 8, 0, 8, 154.55
1735390634, 63, 39, 41, 0, 0, 0.17%, 8, 0, 8, 163.86
1735390644, 64, 11, 41, 0, 0, 0.17%, 8, 0, 8, 136.75
1735390649, 64, 13, 41, 0, 0, 0.17%, 8, 0, 8, 142.49
1735390654, 64, 17, 41, 0, 0, 0.17%, 8, 0, 8, 136.74
1735390659, 64, 21, 41, 0, 0, 0.17%, 8, 0, 8, 136.26
1735390664, 64, 29, 41, 0, 0, 0.17%, 8, 0, 8, 139.25
1735390670, 65, 11, 41, 0, 0, 0.17%, 8, 0, 8, 140.25
1735390675, 65, 13, 41, 0, 0, 0.17%, 8, 0, 8, 140.71
1735390680, 65, 17, 41, 0, 0, 0.17%, 8, 0, 8, 139.50
1735390685, 65, 20, 41, 0, 0, 0.17%, 8, 0, 8, 145.80
1735390690, 65, 40, 41, 0, 0, 0.17%, 8, 0, 8, 172.47
1735390711, 66, 13, 41, 0, 0, 0.17%, 8, 0, 8, 139.23
1735390716, 66, 17, 41, 0, 0, 0.17%, 8, 0, 8, 143.36
1735390721, 67, 11, 41, 0, 0, 0.17%, 8, 0, 8, 137.82
1735390726, 67, 13, 41, 0, 0, 0.17%, 8, 0, 8, 138.10
1735390731, 67, 17, 41, 0, 0, 0.17%, 8, 0, 8, 143.56
1735390736, 67, 21, 41, 0, 0, 0.17%, 8, 0, 8, 142.81
1735390742, 67, 32, 41, 0, 0, 0.17%, 8, 0, 8, 143.58
1735390747, 68, 13, 41, 0, 0, 0.17%, 8, 0, 8, 138.29
1735390752, 68, 17, 41, 0, 0, 0.17%, 8, 0, 8, 138.81
1735390757, 68, 25, 41, 0, 0, 0.17%, 8, 0, 8, 154.96
1735390762, 68, 40, 41, 0, 0, 0.17%, 8, 0, 8, 169.42
1735390772, 69, 11, 41, 0, 0, 0.17%, 8, 0, 8, 149.30
1735390778, 69, 13, 41, 0, 0, 0.17%, 8, 0, 8, 140.47
1735390783, 69, 17, 41, 0, 0, 0.17%, 8, 0, 8, 138.82
1735390788, 69, 33, 41, 0, 0, 0.17%, 8, 0, 8, 145.99
1735390793, 70, 13, 41, 0, 0, 0.17%, 8, 0, 8, 144.24
1735390798, 70, 17, 41, 0, 0, 0.17%, 8, 0, 8, 140.29
1735390803, 71, 11, 41, 0, 0, 0.17%, 8, 0, 8, 139.88
1735390808, 71, 13, 41, 0, 0, 0.17%, 8, 0, 8, 138.85
1735390814, 71, 17, 41, 0, 0, 0.17%, 8, 0, 8, 145.31
1735390819, 71, 21, 41, 0, 0, 0.17%, 8, 0, 8, 140.34
1735390824, 71, 37, 41, 0, 0, 0.17%, 8, 0, 8, 156.69
1735390834, 71, 38, 41, 0, 0, 0.17%, 8, 0, 8, 164.05
1735390844, 72, 13, 41, 0, 0, 0.17%, 8, 0, 8, 141.22
1735390849, 72, 17, 41, 0, 0, 0.17%, 8, 0, 8, 143.21
1735390855, 73, 5, 41, 0, 0, 0.17%, 8, 0, 8, 138.87
1735390860, 73, 13, 41, 0, 0, 0.17%, 8, 0, 8, 135.48
1735390865, 73, 17, 41, 0, 0, 0.17%, 8, 0, 8, 140.49
1735390870, 73, 21, 41, 0, 0, 0.17%, 8, 0, 8, 140.65
1735390875, 74, 11, 41, 0, 0, 0.17%, 8, 0, 8, 137.75
1735390880, 74, 13, 41, 0, 0, 0.17%, 8, 0, 8, 134.43
1735390886, 74, 14, 41, 0, 0, 0.17%, 8, 0, 8, 140.61
1735390891, 74, 17, 41, 0, 0, 0.17%, 8, 0, 8, 151.26
1735390896, 75, 13, 41, 0, 0, 0.17%, 8, 0, 8, 148.77
1735390901, 75, 17, 41, 0, 0, 0.17%, 8, 0, 8, 143.88
1735390906, 75, 21, 41, 0, 0, 0.17%, 8, 0, 8, 138.49
1735390911, 76, 3, 41, 0, 0, 0.17%, 8, 0, 8, 138.64
1735390917, 76, 13, 41, 0, 0, 0.17%, 8, 0, 8, 135.82
1735390922, 76, 17, 41, 0, 0, 0.17%, 8, 0, 8, 143.55
1735390927, 77, 2, 41, 0, 0, 0.17%, 8, 0, 8, 145.14
1735390932, 77, 11, 41, 0, 0, 0.17%, 8, 0, 8, 139.48
1735390937, 77, 13, 41, 0, 0, 0.17%, 8, 0, 8, 141.72
1735390943, 77, 17, 41, 0, 0, 0.17%, 8, 0, 8, 140.88
1735390948, 78, 13, 41, 0, 0, 0.17%, 8, 0, 8, 137.28
1735390953, 78, 17, 41, 0, 0, 0.17%, 8, 0, 8, 148.10
1735390958, 78, 19, 41, 0, 0, 0.17%, 8, 0, 8, 146.67
1735390963, 79, 11, 41, 0, 0, 0.17%, 8, 0, 8, 137.84
1735390968, 79, 13, 41, 0, 0, 0.17%, 8, 0, 8, 141.62
1735390973, 79, 17, 41, 0, 0, 0.17%, 8, 0, 8, 138.07
1735390978, 79, 28, 41, 0, 0, 0.17%, 8, 0, 8, 159.34
1735390989, 80, 11, 41, 0, 0, 0.17%, 8, 0, 8, 143.79
1735390994, 80, 13, 41, 0, 0, 0.17%, 8, 0, 8, 144.19
1735390999, 80, 17, 41, 0, 0, 0.17%, 8, 0, 8, 137.71
1735391004, 80, 32, 41, 0, 0, 0.17%, 8, 0, 8, 143.84
1735391009, 81, 13, 41, 0, 0, 0.17%, 8, 0, 8, 138.91
1735391014, 81, 17, 41, 0, 0, 0.17%, 8, 0, 8, 144.24
1735391019, 81, 29, 41, 0, 0, 0.17%, 8, 0, 8, 146.85
1735391025, 81, 34, 41, 0, 0, 0.17%, 8, 0, 8, 144.87
1735391030, 82, 11, 41, 0, 0, 0.17%, 8, 0, 8, 146.09
1735391035, 82, 13, 41, 0, 0, 0.17%, 8, 0, 8, 135.95
1735391040, 82, 17, 41, 0, 0, 0.17%, 8, 0, 8, 132.97
1735391045, 82, 35, 41, 0, 0, 0.17%, 8, 0, 8, 142.12
1735391050, 83, 13, 41, 0, 0, 0.17%, 8, 0, 8, 146.51
1735391055, 83, 17, 41, 0, 0, 0.17%, 8, 0, 8, 141.39
1735391060, 84, 0, 41, 0, 0, 0.17%, 8, 0, 8, 143.42
1735391066, 84, 13, 41, 0, 0, 0.17%, 8, 0, 8, 141.21
1735391071, 84, 17, 41, 0, 0, 0.17%, 8, 0, 8, 141.85
1735391076, 84, 33, 41, 0, 0, 0.17%, 8, 0, 8, 146.89
1735391081, 85, 11, 41, 0, 0, 0.17%, 8, 0, 8, 140.68
1735391086, 85, 13, 41, 0, 0, 0.17%, 8, 0, 8, 146.96
1735391091, 85, 16, 41, 0, 0, 0.17%, 8, 0, 8, 152.05
1735391096, 85, 17, 41, 0, 0, 0.17%, 8, 0, 8, 144.56
1735391102, 86, 11, 41, 0, 0, 0.17%, 8, 0, 8, 145.63
1735391107, 86, 13, 41, 0, 0, 0.17%, 8, 0, 8, 140.07
1735391112, 86, 17, 41, 0, 0, 0.17%, 8, 0, 8, 155.38
1735391117, 86, 40, 41, 0, 0, 0.17%, 8, 0, 8, 173.22
1735391127, 87, 13, 41, 0, 0, 0.17%, 8, 0, 8, 141.51
1735391133, 87, 17, 41, 0, 0, 0.17%, 8, 0, 8, 139.54
1735391138, 87, 25, 41, 0, 0, 0.17%, 8, 0, 8, 161.44
1735391143, 87, 28, 41, 0, 0, 0.17%, 8, 0, 8, 159.76
1735391148, 87, 35, 41, 0, 0, 0.17%, 8, 0, 8, 156.61
1735391153, 88, 13, 41, 0, 0, 0.17%, 8, 0, 8, 145.83
1735391158, 88, 17, 41, 0, 0, 0.17%, 8, 0, 8, 138.73
1735391164, 88, 30, 41, 0, 0, 0.17%, 8, 0, 8, 148.84
1735391169, 88, 36, 41, 0, 0, 0.17%, 8, 0, 8, 156.25
1735391174, 89, 7, 41, 0, 0, 0.17%, 8, 0, 8, 144.58
1735391179, 89, 13, 41, 0, 0, 0.17%, 8, 0, 8, 143.46
1735391189, 89, 17, 41, 0, 0, 0.17%, 8, 0, 8, 134.29
1735391194, 90, 13, 41, 0, 0, 0.17%, 8, 0, 8, 141.87
1735391200, 90, 14, 41, 0, 0, 0.17%, 8, 0, 8, 140.63
1735391205, 90, 17, 41, 0, 0, 0.17%, 8, 0, 8, 141.29
1735391210, 91, 8, 41, 0, 0, 0.17%, 8, 0, 8, 138.83
1735391215, 91, 13, 41, 0, 0, 0.17%, 8, 0, 8, 140.67
1735391220, 91, 17, 41, 0, 0, 0.17%, 8, 0, 8, 137.98
1735391225, 91, 33, 41, 0, 0, 0.17%, 8, 0, 8, 144.24
1735391231, 92, 11, 41, 0, 0, 0.17%, 8, 0, 8, 140.49
1735391236, 92, 13, 41, 0, 0, 0.17%, 8, 0, 8, 144.59
1735391241, 92, 17, 41, 0, 0, 0.17%, 8, 0, 8, 150.16
1735391246, 93, 13, 41, 0, 0, 0.17%, 8, 0, 8, 142.07
1735391251, 93, 17, 41, 0, 0, 0.17%, 8, 0, 8, 141.59
1735391256, 93, 28, 41, 0, 0, 0.17%, 8, 0, 8, 161.14
1735391261, 94, 11, 41, 0, 0, 0.17%, 8, 0, 8, 145.69
1735391267, 94, 13, 41, 0, 0, 0.17%, 8, 0, 8, 139.24
1735391272, 94, 17, 41, 0, 0, 0.17%, 8, 0, 8, 144.53
1735391277, 94, 23, 41, 0, 0, 0.17%, 8, 0, 8, 137.80
1735391282, 95, 11, 41, 0, 0, 0.17%, 8, 0, 8, 144.82
1735391287, 95, 13, 41, 0, 0, 0.17%, 8, 0, 8, 144.44
1735391292, 95, 17, 41, 0, 0, 0.17%, 8, 0, 8, 136.17
1735391298, 95, 21, 41, 0, 0, 0.17%, 8, 0, 8, 139.04
1735391303, 95, 34, 41, 0, 0, 0.17%, 8, 0, 8, 136.15
1735391308, 96, 13, 41, 0, 0, 0.17%, 8, 0, 8, 143.39
1735391313, 96, 17, 41, 0, 0, 0.17%, 8, 0, 8, 141.17
1735391318, 96, 20, 41, 0, 0, 0.17%, 8, 0, 8, 143.40
1735391323, 97, 2, 41, 0, 0, 0.17%, 8, 0, 8, 140.03
1735391328, 97, 13, 41, 0, 0, 0.17%, 8, 0, 8, 142.92
1735391333, 97, 17, 41, 0, 0, 0.17%, 8, 0, 8, 141.23
1735391338, 97, 19, 41, 0, 0, 0.17%, 8, 0, 8, 142.32
1735391344, 97, 35, 41, 0, 0, 0.17%, 8, 0, 8, 151.38
1735391349, 98, 11, 41, 0, 0, 0.17%, 8, 0, 8, 141.92
1735391354, 98, 12, 41, 0, 0, 0.17%, 8, 0, 8, 141.22
1735391359, 98, 13, 41, 0, 0, 0.17%, 8, 0, 8, 144.28
1735391364, 98, 17, 41, 0, 0, 0.17%, 8, 0, 8, 150.46
1735391369, 98, 34, 41, 0, 0, 0.17%, 8, 0, 8, 150.48
1735391374, 98, 39, 41, 0, 0, 0.17%, 8, 0, 8, 144.59
1735391384, 99, 4, 41, 0, 0, 0.17%, 8, 0, 8, 134.86
1735391390, 99, 13, 41, 0, 0, 0.17%, 8, 0, 8, 146.34
1735391395, 99, 17, 41, 0, 0, 0.17%, 8, 0, 8, 139.88
1735391400, 100, 11, 41, 0, 0, 0.17%, 8, 0, 8, 143.35
1735391405, 100, 13, 41, 0, 0, 0.17%, 8, 0, 8, 143.21
1735391410, 100, 17, 41, 0, 0, 0.17%, 8, 0, 8, 136.59
1735391415, 100, 34, 41, 0, 0, 0.17%, 8, 0, 8, 153.78
1735391420, 101, 13, 41, 0, 0, 0.17%, 8, 0, 8, 140.32
1735391426, 101, 17, 41, 0, 0, 0.17%, 8, 0, 8, 143.31
1735391431, 101, 26, 41, 0, 0, 0.17%, 8, 0, 8, 155.88
1735391436, 102, 11, 41, 0, 0, 0.17%, 8, 0, 8, 144.09
1735391441, 102, 13, 41, 0, 0, 0.17%, 8, 0, 8, 143.02
1735391446, 102, 17, 41, 0, 0, 0.17%, 8, 0, 8, 141.47
1735391452, 102, 23, 41, 0, 0, 0.17%, 8, 0, 8, 144.89
1735391457, 102, 37, 41, 0, 0, 0.17%, 8, 0, 8, 150.38
1735391467, 103, 13, 41, 0, 0, 0.17%, 8, 0, 8, 141.02
1735391472, 103, 16, 41, 0, 0, 0.17%, 8, 0, 8, 150.48
1735391482, 103, 17, 41, 0, 0, 0.17%, 8, 0, 8, 144.32
1735391487, 103, 27, 41, 0, 0, 0.17%, 8, 0, 8, 139.96
1735391492, 103, 30, 41, 0, 0, 0.17%, 8, 0, 8, 150.84
1735391497, 103, 40, 41, 0, 0, 0.17%, 8, 0, 8, 151.93
1735391513, 104, 13, 41, 0, 0, 0.17%, 8, 0, 8, 140.09
1735391518, 104, 15, 41, 0, 0, 0.17%, 8, 0, 8, 148.09
1735391523, 104, 17, 41, 0, 0, 0.17%, 8, 0, 8, 141.09
1735391528, 104, 23, 41, 0, 0, 0.17%, 8, 0, 8, 141.54
1735391539, 104, 40, 41, 0, 0, 0.17%, 8, 0, 8, 174.41
1735391549, 105, 7, 41, 0, 0, 0.17%, 8, 0, 8, 141.81
1735391554, 105, 13, 41, 0, 0, 0.17%, 8, 0, 8, 140.72
1735391559, 105, 17, 41, 0, 0, 0.17%, 8, 0, 8, 144.25
1735391564, 106, 11, 41, 0, 0, 0.17%, 8, 0, 8, 142.26
1735391569, 106, 17, 41, 0, 0, 0.17%, 8, 0, 8, 152.59
1735391575, 106, 27, 41, 0, 0, 0.17%, 8, 0, 8, 153.56
1735391580, 107, 11, 41, 0, 0, 0.17%, 8, 0, 8, 142.63
1735391585, 107, 13, 41, 0, 0, 0.17%, 8, 0, 8, 132.67
1735391590, 107, 17, 41, 0, 0, 0.17%, 8, 0, 8, 138.97
1735391595, 107, 18, 41, 0, 0, 0.17%, 8, 0, 8, 144.95
1735391600, 107, 33, 41, 0, 0, 0.17%, 8, 0, 8, 153.54
1735391605, 108, 13, 41, 0, 0, 0.17%, 8, 0, 8, 146.41
1735391611, 108, 17, 41, 0, 0, 0.17%, 8, 0, 8, 145.67
1735391621, 109, 13, 41, 0, 0, 0.17%, 8, 0, 8, 139.25
1735391626, 109, 15, 41, 0, 0, 0.17%, 8, 0, 8, 143.14
1735391631, 109, 16, 41, 0, 0, 0.17%, 8, 0, 8, 139.09
1735391641, 109, 17, 41, 0, 0, 0.17%, 8, 0, 8, 149.15
1735391646, 109, 23, 41, 0, 0, 0.17%, 8, 0, 8, 144.58
1735391651, 109, 28, 41, 0, 0, 0.17%, 8, 0, 8, 163.29
1735391657, 109, 36, 41, 0, 0, 0.17%, 8, 0, 8, 164.35
1735391662, 110, 13, 41, 0, 0, 0.17%, 8, 0, 8, 140.97
1735391667, 110, 15, 41, 0, 0, 0.17%, 8, 0, 8, 145.53
1735391672, 110, 17, 41, 0, 0, 0.17%, 8, 0, 8, 137.56
1735391677, 110, 37, 41, 0, 0, 0.17%, 8, 0, 8, 157.01
1735391687, 111, 13, 41, 0, 0, 0.17%, 8, 0, 8, 148.56
1735391698, 111, 17, 41, 0, 0, 0.17%, 8, 0, 8, 139.88
1735391703, 111, 22, 41, 0, 0, 0.17%, 8, 0, 8, 139.02
1735391708, 112, 13, 41, 0, 0, 0.17%, 8, 0, 8, 138.70
1735391713, 112, 17, 41, 0, 0, 0.17%, 8, 0, 8, 138.21
1735391718, 112, 36, 41, 0, 0, 0.17%, 8, 0, 8, 153.53
1735391723, 113, 0, 41, 0, 0, 0.17%, 8, 0, 8, 150.14
1735391729, 113, 11, 41, 0, 0, 0.17%, 8, 0, 8, 140.96
1735391734, 113, 13, 41, 0, 0, 0.17%, 8, 0, 8, 150.76
1735391739, 113, 17, 41, 0, 0, 0.17%, 8, 0, 8, 139.84
1735391744, 113, 30, 41, 0, 0, 0.17%, 8, 0, 8, 151.44
1735391749, 114, 13, 41, 0, 0, 0.17%, 8, 0, 8, 141.67
1735391754, 114, 17, 41, 0, 0, 0.17%, 8, 0, 8, 142.44
1735391759, 115, 11, 41, 0, 0, 0.17%, 8, 0, 8, 142.01
1735391764, 115, 13, 41, 0, 0, 0.17%, 8, 0, 8, 144.07
1735391770, 115, 17, 41, 0, 0, 0.17%, 8, 0, 8, 136.51
1735391775, 115, 18, 41, 0, 0, 0.17%, 8, 0, 8, 142.87
1735391780, 115, 40, 41, 0, 0, 0.17%, 8, 0, 8, 168.16
1735391790, 116, 13, 41, 0, 0, 0.17%, 8, 0, 8, 138.29
1735391795, 116, 17, 41, 0, 0, 0.17%, 8, 0, 8, 140.17
1735391800, 116, 23, 41, 0, 0, 0.17%, 8, 0, 8, 149.38
1735391811, 117, 13, 41, 0, 0, 0.17%, 8, 0, 8, 145.90
1735391816, 117, 16, 41, 0, 0, 0.17%, 8, 0, 8, 146.49
1735391826, 117, 17, 41, 0, 0, 0.17%, 8, 0, 8, 147.64
1735391831, 117, 26, 41, 0, 0, 0.17%, 8, 0, 8, 158.90
1735391836, 117, 32, 41, 0, 0, 0.17%, 8, 0, 8, 142.62
1735391842, 118, 13, 41, 0, 0, 0.17%, 8, 0, 8, 142.14
1735391847, 118, 17, 41, 0, 0, 0.17%, 8, 0, 8, 138.16
1735391852, 119, 8, 41, 0, 0, 0.17%, 8, 0, 8, 133.40
1735391857, 119, 13, 41, 0, 0, 0.17%, 8, 0, 8, 135.22
1735391862, 119, 17, 41, 0, 0, 0.17%, 8, 0, 8, 135.14
1735391867, 119, 35, 41, 0, 0, 0.17%, 8, 0, 8, 141.45
1735391873, 119, 36, 41, 0, 0, 0.17%, 8, 0, 8, 152.59
1735391878, 119, 40, 41, 0, 0, 0.17%, 8, 0, 8, 153.41
1735391888, 120, 11, 41, 0, 0, 0.17%, 8, 0, 8, 152.25
1735391893, 120, 12, 41, 0, 0, 0.17%, 8, 0, 8, 150.69
1735391898, 120, 13, 41, 0, 0, 0.17%, 8, 0, 8, 141.66
1735391903, 120, 17, 41, 0, 0, 0.17%, 8, 0, 8, 142.99
1735391908, 120, 26, 41, 0, 0, 0.17%, 8, 0, 8, 148.38
1735391913, 120, 27, 41, 0, 0, 0.17%, 8, 0, 8, 148.37
1735391919, 121, 13, 41, 0, 0, 0.17%, 8, 0, 8, 141.16
1735391924, 121, 17, 41, 0, 0, 0.17%, 8, 0, 8, 147.37
1735391929, 121, 27, 41, 0, 0, 0.17%, 8, 0, 8, 139.24
1735391934, 121, 33, 41, 0, 0, 0.17%, 8, 0, 8, 154.57
1735391939, 122, 13, 41, 0, 0, 0.17%, 8, 0, 8, 144.96
1735391944, 122, 17, 41, 0, 0, 0.17%, 8, 0, 8, 142.09
1735391949, 122, 18, 41, 0, 0, 0.17%, 8, 0, 8, 147.60
1735391954, 122, 21, 41, 0, 0, 0.17%, 8, 0, 8, 140.58
1735391960, 123, 11, 41, 0, 0, 0.17%, 8, 0, 8, 141.75
1735391965, 123, 13, 41, 0, 0, 0.17%, 8, 0, 8, 140.76
1735391970, 123, 17, 41, 0, 0, 0.17%, 8, 0, 8, 141.02
1735391975, 124, 13, 41, 0, 0, 0.17%, 8, 0, 8, 141.09
1735391980, 124, 17, 41, 0, 0, 0.17%, 8, 0, 8, 145.07
1735391985, 125, 11, 41, 0, 0, 0.17%, 8, 0, 8, 142.13
1735391990, 125, 13, 41, 0, 0, 0.17%, 8, 0, 8, 141.24
1735391996, 125, 17, 41, 0, 0, 0.17%, 8, 0, 8, 137.67
1735392001, 125, 36, 41, 0, 0, 0.17%, 8, 0, 8, 149.68
1735392006, 126, 10, 41, 0, 0, 0.17%, 8, 0, 8, 138.56
1735392011, 126, 13, 41, 0, 0, 0.17%, 8, 0, 8, 135.24
1735392016, 126, 17, 41, 0, 0, 0.17%, 8, 0, 8, 142.49
1735392021, 126, 24, 41, 0, 0, 0.17%, 8, 0, 8, 147.94
1735392026, 127, 11, 41, 0, 0, 0.17%, 8, 0, 8, 135.51
1735392032, 127, 13, 41, 0, 0, 0.17%, 8, 0, 8, 142.23
1735392037, 127, 17, 41, 0, 0, 0.17%, 8, 0, 8, 139.85
1735392042, 127, 25, 41, 0, 0, 0.17%, 8, 0, 8, 147.55
1735392047, 127, 26, 41, 0, 0, 0.17%, 8, 0, 8, 162.50
1735392052, 128, 11, 41, 0, 0, 0.17%, 8, 0, 8, 147.83
1735392057, 128, 13, 41, 0, 0, 0.17%, 8, 0, 8, 142.27
1735392062, 128, 17, 41, 0, 0, 0.17%, 8, 0, 8, 139.32
1735392068, 129, 11, 41, 0, 0, 0.17%, 8, 0, 8, 141.08
1735392073, 129, 13, 41, 0, 0, 0.17%, 8, 0, 8, 142.43
1735392078, 129, 17, 41, 0, 0, 0.17%, 8, 0, 8, 147.90
1735392083, 130, 11, 41, 0, 0, 0.17%, 8, 0, 8, 139.58
1735392088, 130, 13, 41, 0, 0, 0.17%, 8, 0, 8, 135.36
1735392093, 130, 17, 41, 0, 0, 0.17%, 8, 0, 8, 139.44
1735392099, 130, 38, 41, 0, 0, 0.17%, 8, 0, 8, 146.76
1735392104, 131, 11, 41, 0, 0, 0.17%, 8, 0, 8, 142.26
1735392109, 131, 17, 41, 0, 0, 0.17%, 8, 0, 8, 144.79
1735392119, 132, 12, 41, 0, 0, 0.17%, 8, 0, 8, 137.50
1735392124, 132, 13, 41, 0, 0, 0.17%, 8, 0, 8, 144.45
1735392130, 132, 17, 41, 0, 0, 0.17%, 8, 0, 8, 142.80
1735392135, 132, 19, 41, 0, 0, 0.17%, 8, 0, 8, 143.61
1735392140, 132, 22, 41, 0, 0, 0.17%, 8, 0, 8, 145.48
1735392145, 133, 11, 41, 0, 0, 0.17%, 8, 0, 8, 140.11
1735392150, 133, 13, 41, 0, 0, 0.17%, 8, 0, 8, 139.37
1735392155, 133, 17, 41, 0, 0, 0.17%, 8, 0, 8, 146.06
1735392160, 133, 29, 41, 0, 0, 0.17%, 8, 0, 8, 145.12
1735392165, 133, 30, 41, 0, 0, 0.17%, 8, 0, 8, 147.29
1735392170, 134, 11, 41, 0, 0, 0.17%, 8, 0, 8, 147.04
1735392175, 134, 13, 41, 0, 0, 0.17%, 8, 0, 8, 146.16
1735392180, 134, 17, 41, 0, 0, 0.17%, 8, 0, 8, 141.68
1735392185, 134, 28, 41, 0, 0, 0.17%, 8, 0, 8, 152.31
1735392191, 134, 33, 41, 0, 0, 0.17%, 8, 0, 8, 154.76
1735392196, 135, 11, 41, 0, 0, 0.17%, 8, 0, 8, 144.61
1735392201, 135, 13, 41, 0, 0, 0.17%, 8, 0, 8, 143.39
1735392206, 135, 17, 41, 0, 0, 0.17%, 8, 0, 8, 147.84
1735392211, 136, 13, 41, 0, 0, 0.17%, 8, 0, 8, 145.65
1735392216, 136, 17, 41, 0, 0, 0.17%, 8, 0, 8, 140.74
1735392221, 136, 32, 41, 0, 0, 0.17%, 8, 0, 8, 141.05
1735392227, 137, 11, 41, 0, 0, 0.17%, 8, 0, 8, 136.42
1735392232, 137, 13, 41, 0, 0, 0.17%, 8, 0, 8, 135.38
1735392237, 137, 17, 41, 0, 0, 0.17%, 8, 0, 8, 144.75
1735392242, 137, 27, 41, 0, 0, 0.17%, 8, 0, 8, 146.44
1735392247, 138, 13, 41, 0, 0, 0.17%, 8, 0, 8, 143.07
1735392252, 138, 15, 41, 0, 0, 0.17%, 8, 0, 8, 139.91
1735392258, 138, 17, 41, 0, 0, 0.17%, 8, 0, 8, 139.44
1735392263, 139, 11, 41, 0, 0, 0.17%, 8, 0, 8, 143.52
1735392268, 139, 13, 41, 0, 0, 0.17%, 8, 0, 8, 143.80
1735392273, 139, 17, 41, 0, 0, 0.17%, 8, 0, 8, 142.04
1735392278, 139, 29, 41, 0, 0, 0.17%, 8, 0, 8, 147.19
1735392283, 139, 34, 41, 0, 0, 0.17%, 8, 0, 8, 146.80
1735392288, 139, 37, 41, 0, 0, 0.17%, 8, 0, 8, 160.67
1735392293, 140, 13, 41, 0, 0, 0.17%, 8, 0, 8, 149.90
1735392298, 140, 17, 41, 0, 0, 0.17%, 8, 0, 8, 139.76
1735392303, 140, 24, 41, 0, 0, 0.17%, 8, 0, 8, 139.05
1735392309, 140, 33, 41, 0, 0, 0.17%, 8, 0, 8, 143.97
1735392314, 140, 35, 41, 0, 0, 0.17%, 8, 0, 8, 157.18
1735392319, 140, 36, 41, 0, 0, 0.17%, 8, 0, 8, 162.81
1735392324, 141, 11, 41, 0, 0, 0.17%, 8, 0, 8, 149.71
1735392329, 141, 13, 41, 0, 0, 0.17%, 8, 0, 8, 144.15
1735392334, 141, 17, 41, 0, 0, 0.17%, 8, 0, 8, 139.24
1735392339, 141, 32, 41, 0, 0, 0.17%, 8, 0, 8, 152.11
1735392344, 142, 13, 41, 0, 0, 0.17%, 8, 0, 8, 146.84
1735392349, 142, 17, 41, 0, 0, 0.17%, 8, 0, 8, 143.71
1735392355, 143, 11, 41, 0, 0, 0.17%, 8, 0, 8, 140.10
1735392360, 143, 13, 41, 0, 0, 0.17%, 8, 0, 8, 140.79
1735392365, 143, 17, 41, 0, 0, 0.17%, 8, 0, 8, 146.35
1735392370, 144, 11, 41, 0, 0, 0.17%, 8, 0, 8, 146.37
1735392375, 144, 13, 41, 0, 0, 0.17%, 8, 0, 8, 143.04
1735392380, 144, 17, 41, 0, 0, 0.17%, 8, 0, 8, 137.69
1735392386, 144, 18, 41, 0, 0, 0.17%, 8, 0, 8, 142.17
1735392391, 144, 30, 41, 0, 0, 0.17%, 8, 0, 8, 150.90
1735392396, 145, 11, 41, 0, 0, 0.17%, 8, 0, 8, 149.45
1735392401, 145, 13, 41, 0, 0, 0.17%, 8, 0, 8, 145.41
1735392406, 145, 17, 41, 0, 0, 0.17%, 8, 0, 8, 150.85
1735392411, 145, 27, 41, 0, 0, 0.17%, 8, 0, 8, 148.01
1735392416, 146, 0, 41, 0, 0, 0.17%, 8, 0, 8, 160.64
1735392421, 146, 7, 41, 0, 0, 0.17%, 8, 0, 8, 145.36
1735392426, 146, 13, 41, 0, 0, 0.17%, 8, 0, 8, 140.65
1735392432, 146, 17, 41, 0, 0, 0.17%, 8, 0, 8, 139.42
1735392437, 146, 23, 41, 0, 0, 0.17%, 8, 0, 8, 146.78
1735392442, 146, 39, 41, 0, 0, 0.17%, 8, 0, 8, 159.24
1735392447, 147, 11, 41, 0, 0, 0.17%, 8, 0, 8, 148.07
1735392452, 147, 13, 41, 0, 0, 0.17%, 8, 0, 8, 138.91
1735392457, 147, 14, 41, 0, 0, 0.17%, 8, 0, 8, 135.27
1735392463, 147, 17, 41, 0, 0, 0.17%, 8, 0, 8, 146.03
1735392468, 148, 13, 41, 0, 0, 0.17%, 8, 0, 8, 145.04
1735392473, 148, 17, 41, 0, 0, 0.17%, 8, 0, 8, 145.44
1735392478, 149, 10, 41, 0, 0, 0.17%, 8, 0, 8, 144.38
1735392483, 149, 13, 41, 0, 0, 0.17%, 8, 0, 8, 137.55
1735392488, 149, 17, 41, 0, 0, 0.17%, 8, 0, 8, 141.18
1735392493, 149, 25, 41, 0, 0, 0.17%, 8, 0, 8, 162.35
1735392498, 150, 11, 41, 0, 0, 0.17%, 8, 0, 8, 153.44
1735392503, 150, 13, 41, 0, 0, 0.17%, 8, 0, 8, 141.24
1735392508, 150, 17, 41, 0, 0, 0.17%, 8, 0, 8, 145.79
1735392513, 150, 31, 41, 0, 0, 0.17%, 8, 0, 8, 154.99
1735392518, 151, 11, 41, 0, 0, 0.17%, 8, 0, 8, 147.71
1735392524, 151, 13, 41, 0, 0, 0.17%, 8, 0, 8, 151.43
1735392529, 151, 17, 41, 0, 0, 0.17%, 8, 0, 8, 140.06
1735392534, 151, 26, 41, 0, 0, 0.17%, 8, 0, 8, 156.18
1735392539, 151, 28, 41, 0, 0, 0.17%, 8, 0, 8, 159.68
1735392544, 151, 33, 41, 0, 0, 0.17%, 8, 0, 8, 149.46
1735392549, 152, 10, 41, 0, 0, 0.17%, 8, 0, 8, 141.31
1735392554, 152, 13, 41, 0, 0, 0.17%, 8, 0, 8, 142.03
1735392564, 152, 17, 41, 0, 0, 0.17%, 8, 0, 8, 142.35
1735392570, 152, 22, 41, 0, 0, 0.17%, 8, 0, 8, 143.05
1735392580, 152, 32, 41, 0, 0, 0.17%, 8, 0, 8, 143.99
1735392585, 153, 10, 41, 0, 0, 0.17%, 8, 0, 8, 131.99
1735392590, 153, 13, 41, 0, 0, 0.17%, 8, 0, 8, 140.42
1735392595, 153, 17, 41, 0, 0, 0.17%, 8, 0, 8, 145.50
1735392601, 153, 31, 41, 0, 0, 0.17%, 8, 0, 8, 149.38
1735392606, 154, 11, 41, 0, 0, 0.17%, 8, 0, 8, 138.62
1735392611, 154, 13, 41, 0, 0, 0.17%, 8, 0, 8, 138.93
1735392616, 154, 15, 41, 0, 0, 0.17%, 8, 0, 8, 142.75
1735392621, 154, 17, 41, 0, 0, 0.17%, 8, 0, 8, 140.97
1735392626, 154, 27, 41, 0, 0, 0.17%, 8, 0, 8, 144.39
1735392632, 155, 11, 41, 0, 0, 0.17%, 8, 0, 8, 144.03
1735392637, 155, 13, 41, 0, 0, 0.17%, 8, 0, 8, 132.84
1735392642, 155, 17, 41, 0, 0, 0.17%, 8, 0, 8, 137.30
1735392647, 155, 37, 41, 0, 0, 0.17%, 8, 0, 8, 164.12
1735392652, 156, 10, 41, 0, 0, 0.17%, 8, 0, 8, 150.28
1735392657, 156, 13, 41, 0, 0, 0.17%, 8, 0, 8, 140.10
1735392663, 156, 17, 41, 0, 0, 0.17%, 8, 0, 8, 130.25
1735392668, 156, 20, 41, 0, 0, 0.17%, 8, 0, 8, 141.75
1735392673, 156, 25, 41, 0, 0, 0.17%, 8, 0, 8, 151.45
1735392678, 156, 28, 41, 0, 0, 0.17%, 8, 0, 8, 166.17
1735392683, 157, 9, 41, 0, 0, 0.17%, 8, 0, 8, 149.74
1735392688, 157, 13, 41, 0, 0, 0.17%, 8, 0, 8, 137.75
1735392693, 157, 17, 41, 0, 0, 0.17%, 8, 0, 8, 145.09
1735392698, 157, 23, 41, 0, 0, 0.17%, 8, 0, 8, 141.18
1735392704, 158, 5, 41, 0, 0, 0.17%, 8, 0, 8, 145.17
1735392709, 158, 11, 41, 0, 0, 0.17%, 8, 0, 8, 150.91
1735392714, 158, 13, 41, 0, 0, 0.17%, 8, 0, 8, 152.72
1735392719, 158, 17, 41, 0, 0, 0.17%, 8, 0, 8, 147.15
1735392724, 159, 11, 41, 0, 0, 0.17%, 8, 0, 8, 157.65
1735392729, 159, 13, 41, 0, 0, 0.17%, 8, 0, 8, 141.63
1735392734, 159, 16, 41, 0, 0, 0.17%, 8, 0, 8, 148.48
1735392739, 159, 17, 41, 0, 0, 0.17%, 8, 0, 8, 148.70
1735392745, 160, 5, 41, 0, 0, 0.17%, 8, 0, 8, 141.80
1735392750, 160, 13, 41, 0, 0, 0.17%, 8, 0, 8, 137.66
1735392755, 160, 17, 41, 0, 0, 0.17%, 8, 0, 8, 137.09
1735392760, 161, 11, 41, 0, 0, 0.17%, 8, 0, 8, 138.00
1735392765, 161, 13, 41, 0, 0, 0.17%, 8, 0, 8, 136.99
1735392770, 161, 17, 41, 0, 0, 0.17%, 8, 0, 8, 135.75
1735392776, 162, 13, 41, 0, 0, 0.17%, 8, 0, 8, 143.22
1735392781, 162, 17, 41, 0, 0, 0.17%, 8, 0, 8, 143.05
1735392786, 162, 38, 41, 0, 0, 0.17%, 8, 0, 8, 143.78
1735392791, 163, 11, 41, 0, 0, 0.17%, 8, 0, 8, 141.62
1735392796, 163, 13, 41, 0, 0, 0.17%, 8, 0, 8, 150.14
1735392801, 163, 17, 41, 0, 0, 0.17%, 8, 0, 8, 139.04
1735392807, 164, 11, 41, 0, 0, 0.17%, 8, 0, 8, 137.86
1735392812, 164, 13, 41, 0, 0, 0.17%, 8, 0, 8, 153.50
1735392817, 164, 17, 41, 0, 0, 0.17%, 8, 0, 8, 148.34
1735392822, 164, 18, 41, 0, 0, 0.17%, 8, 0, 8, 146.30
1735392827, 165, 13, 41, 0, 0, 0.17%, 8, 0, 8, 136.85
1735392832, 165, 17, 41, 0, 0, 0.17%, 8, 0, 8, 135.31
1735392837, 166, 11, 41, 0, 0, 0.17%, 8, 0, 8, 141.82
1735392842, 166, 13, 41, 0, 0, 0.17%, 8, 0, 8, 151.52
1735392847, 166, 17, 41, 0, 0, 0.17%, 8, 0, 8, 148.01
1735392853, 166, 31, 41, 0, 0, 0.17%, 8, 0, 8, 143.67
1735392858, 167, 13, 41, 0, 0, 0.17%, 8, 0, 8, 144.96
1735392863, 167, 17, 41, 0, 0, 0.17%, 8, 0, 8, 142.53
1735392868, 167, 21, 41, 0, 0, 0.17%, 8, 0, 8, 141.09
1735392873, 167, 24, 41, 0, 0, 0.17%, 8, 0, 8, 142.48
1735392878, 167, 33, 41, 0, 0, 0.17%, 8, 0, 8, 149.43
1735392883, 167, 40, 41, 0, 0, 0.17%, 8, 0, 8, 159.06
1735392893, 168, 11, 41, 0, 0, 0.17%, 8, 0, 8, 149.96
1735392899, 168, 13, 41, 0, 0, 0.17%, 8, 0, 8, 141.92
1735392904, 168, 17, 41, 0, 0, 0.17%, 8, 0, 8, 147.43
1735392909, 169, 11, 41, 0, 0, 0.17%, 8, 0, 8, 143.86
1735392914, 169, 13, 41, 0, 0, 0.17%, 8, 0, 8, 139.30
1735392919, 169, 17, 41, 0, 0, 0.17%, 8, 0, 8, 137.49
1735392924, 169, 22, 41, 0, 0, 0.17%, 8, 0, 8, 149.73
1735392930, 169, 32, 41, 0, 0, 0.17%, 8, 0, 8, 148.38
1735392935, 170, 11, 41, 0, 0, 0.17%, 8, 0, 8, 143.25
1735392940, 170, 12, 41, 0, 0, 0.17%, 8, 0, 8, 146.94
1735392945, 170, 13, 41, 0, 0, 0.17%, 8, 0, 8, 148.55
1735392950, 170, 17, 41, 0, 0, 0.17%, 8, 0, 8, 144.15
1735392955, 171, 13, 41, 0, 0, 0.17%, 8, 0, 8, 139.60
1735392960, 171, 15, 41, 0, 0, 0.17%, 8, 0, 8, 140.99
1735392966, 171, 17, 41, 0, 0, 0.17%, 8, 0, 8, 142.27
1735392971, 171, 20, 41, 0, 0, 0.17%, 8, 0, 8, 146.15
1735392976, 172, 11, 41, 0, 0, 0.17%, 8, 0, 8, 145.27
1735392981, 172, 13, 41, 0, 0, 0.17%, 8, 0, 8, 146.67
1735392986, 173, 1, 41, 0, 0, 0.17%, 8, 0, 8, 151.75
1735392991, 173, 11, 41, 0, 0, 0.17%, 8, 0, 8, 142.59
1735392996, 173, 12, 41, 0, 0, 0.17%, 8, 0, 8, 136.12
1735393002, 173, 13, 41, 0, 0, 0.17%, 8, 0, 8, 151.49
1735393007, 173, 17, 41, 0, 0, 0.17%, 8, 0, 8, 145.86
1735393012, 174, 13, 41, 0, 0, 0.17%, 8, 0, 8, 142.65
1735393017, 174, 17, 41, 0, 0, 0.17%, 8, 0, 8, 144.46
1735393022, 174, 21, 41, 0, 0, 0.17%, 8, 0, 8, 144.51
1735393027, 174, 28, 41, 0, 0, 0.17%, 8, 0, 8, 145.61
1735393032, 175, 11, 41, 0, 0, 0.17%, 8, 0, 8, 150.79
1735393037, 175, 12, 41, 0, 0, 0.17%, 8, 0, 8, 137.41
1735393043, 175, 13, 41, 0, 0, 0.17%, 8, 0, 8, 145.42
1735393048, 175, 17, 41, 0, 0, 0.17%, 8, 0, 8, 146.95
1735393053, 175, 33, 41, 0, 0, 0.17%, 8, 0, 8, 158.11
1735393058, 175, 38, 41, 0, 0, 0.17%, 8, 0, 8, 153.61
1735393063, 176, 13, 41, 0, 0, 0.17%, 8, 0, 8, 150.72
1735393068, 176, 17, 41, 0, 0, 0.17%, 8, 0, 8, 140.03
1735393073, 177, 11, 41, 0, 0, 0.17%, 8, 0, 8, 139.49
1735393079, 177, 13, 41, 0, 0, 0.17%, 8, 0, 8, 139.83
1735393084, 177, 17, 41, 0, 0, 0.17%, 8, 0, 8, 140.77
1735393089, 177, 32, 41, 0, 0, 0.17%, 8, 0, 8, 153.56
1735393094, 177, 38, 41, 0, 0, 0.17%, 8, 0, 8, 151.10
1735393099, 178, 13, 41, 0, 0, 0.17%, 8, 0, 8, 138.37
1735393105, 178, 17, 41, 0, 0, 0.17%, 8, 0, 8, 140.56
1735393110, 178, 18, 41, 0, 0, 0.17%, 8, 0, 8, 143.89
1735393115, 178, 19, 41, 0, 0, 0.17%, 8, 0, 8, 142.72
1735393120, 178, 40, 41, 0, 0, 0.17%, 8, 0, 8, 153.60
1735393130, 179, 11, 41, 0, 0, 0.17%, 8, 0, 8, 148.44
1735393136, 179, 13, 41, 0, 0, 0.17%, 8, 0, 8, 141.56
1735393141, 179, 17, 41, 0, 0, 0.17%, 8, 0, 8, 142.04
1735393146, 180, 11, 41, 0, 0, 0.17%, 8, 0, 8, 140.59
1735393151, 180, 13, 41, 0, 0, 0.17%, 8, 0, 8, 141.74
1735393156, 180, 17, 41, 0, 0, 0.17%, 8, 0, 8, 149.62
1735393161, 180, 22, 41, 0, 0, 0.17%, 8, 0, 8, 150.89
1735393166, 181, 11, 41, 0, 0, 0.17%, 8, 0, 8, 147.94
1735393172, 181, 13, 41, 0, 0, 0.17%, 8, 0, 8, 144.35
1735393177, 181, 17, 41, 0, 0, 0.17%, 8, 0, 8, 144.85
1735393182, 182, 13, 41, 0, 0, 0.17%, 8, 0, 8, 143.56
1735393187, 182, 17, 41, 0, 0, 0.17%, 8, 0, 8, 141.13
1735393192, 182, 30, 41, 0, 0, 0.17%, 8, 0, 8, 152.93
1735393197, 183, 13, 41, 0, 0, 0.17%, 8, 0, 8, 145.68
1735393207, 183, 17, 41, 0, 0, 0.17%, 8, 0, 8, 142.34
1735393212, 184, 13, 41, 0, 0, 0.17%, 8, 0, 8, 144.31
1735393218, 184, 14, 41, 0, 0, 0.17%, 8, 0, 8, 140.23
1735393223, 184, 17, 41, 0, 0, 0.17%, 8, 0, 8, 140.44
1735393228, 184, 30, 41, 0, 0, 0.17%, 8, 0, 8, 148.95
1735393233, 185, 11, 41, 0, 0, 0.17%, 8, 0, 8, 141.00
1735393238, 185, 13, 41, 0, 0, 0.17%, 8, 0, 8, 141.89
1735393243, 185, 17, 41, 0, 0, 0.17%, 8, 0, 8, 143.60
1735393249, 186, 12, 41, 0, 0, 0.17%, 8, 0, 8, 138.93
1735393254, 186, 13, 41, 0, 0, 0.17%, 8, 0, 8, 143.13
1735393259, 186, 17, 41, 0, 0, 0.17%, 8, 0, 8, 139.57
1735393264, 187, 11, 41, 0, 0, 0.17%, 8, 0, 8, 140.24
1735393269, 187, 17, 41, 0, 0, 0.17%, 8, 0, 8, 144.63
1735393279, 188, 11, 41, 0, 0, 0.17%, 8, 0, 8, 154.73
1735393284, 188, 13, 41, 0, 0, 0.17%, 8, 0, 8, 140.00
1735393289, 188, 17, 41, 0, 0, 0.17%, 8, 0, 8, 137.76
1735393294, 188, 26, 41, 0, 0, 0.17%, 8, 0, 8, 159.20
1735393300, 188, 31, 41, 0, 0, 0.17%, 8, 0, 8, 143.29
1735393305, 188, 33, 41, 0, 0, 0.17%, 8, 0, 8, 150.35
1735393310, 189, 11, 41, 0, 0, 0.17%, 8, 0, 8, 142.90
1735393315, 189, 13, 41, 0, 0, 0.17%, 8, 0, 8, 154.56
1735393320, 189, 17, 41, 0, 0, 0.17%, 8, 0, 8, 148.06
1735393326, 190, 12, 41, 0, 0, 0.17%, 8, 0, 8, 137.41
1735393331, 190, 13, 41, 0, 0, 0.17%, 8, 0, 8, 144.13
1735393336, 190, 17, 41, 0, 0, 0.17%, 8, 0, 8, 142.28
1735393341, 191, 4, 41, 0, 0, 0.17%, 8, 0, 8, 141.53
1735393346, 191, 13, 41, 0, 0, 0.17%, 8, 0, 8, 142.24
1735393351, 191, 17, 41, 0, 0, 0.17%, 8, 0, 8, 143.83
1735393356, 192, 11, 41, 0, 0, 0.17%, 8, 0, 8, 145.72
1735393362, 192, 13, 41, 0, 0, 0.17%, 8, 0, 8, 138.89
1735393367, 192, 17, 41, 0, 0, 0.17%, 8, 0, 8, 143.21
1735393372, 192, 21, 41, 0, 0, 0.17%, 8, 0, 8, 134.93
1735393377, 193, 11, 41, 0, 0, 0.17%, 8, 0, 8, 133.77
1735393382, 193, 13, 41, 0, 0, 0.17%, 8, 0, 8, 147.78
1735393387, 193, 17, 41, 0, 0, 0.17%, 8, 0, 8, 146.01
1735393392, 193, 28, 41, 0, 0, 0.17%, 8, 0, 8, 149.03
1735393397, 194, 13, 41, 0, 0, 0.17%, 8, 0, 8, 139.41
1735393402, 194, 17, 41, 0, 0, 0.17%, 8, 0, 8, 139.40
1735393407, 195, 11, 41, 0, 0, 0.17%, 8, 0, 8, 148.67
1735393412, 195, 13, 41, 0, 0, 0.17%, 8, 0, 8, 142.02
1735393418, 195, 17, 41, 0, 0, 0.17%, 8, 0, 8, 139.68
1735393423, 195, 18, 41, 0, 0, 0.17%, 8, 0, 8, 148.52
1735393428, 196, 13, 41, 0, 0, 0.17%, 8, 0, 8, 141.90
1735393433, 196, 16, 41, 0, 0, 0.17%, 8, 0, 8, 145.10
1735393443, 196, 17, 41, 0, 0, 0.17%, 8, 0, 8, 146.74
1735393448, 197, 13, 41, 0, 0, 0.17%, 8, 0, 8, 140.43
1735393454, 197, 17, 41, 0, 0, 0.17%, 8, 0, 8, 143.72
1735393459, 197, 20, 41, 0, 0, 0.17%, 8, 0, 8, 142.14
1735393464, 197, 34, 41, 0, 0, 0.17%, 8, 0, 8, 139.03
1735393469, 197, 40, 41, 0, 0, 0.17%, 8, 0, 8, 149.33
1735393479, 198, 2, 41, 0, 0, 0.17%, 8, 0, 8, 144.08
1735393484, 198, 13, 41, 0, 0, 0.17%, 8, 0, 8, 143.56
1735393490, 198, 17, 41, 0, 0, 0.17%, 8, 0, 8, 137.94
1735393495, 198, 22, 41, 0, 0, 0.17%, 8, 0, 8, 151.61
1735393505, 199, 13, 41, 0, 0, 0.17%, 8, 0, 8, 143.38
1735393510, 199, 17, 41, 0, 0, 0.17%, 8, 0, 8, 141.28
1735393515, 199, 25, 41, 0, 0, 0.17%, 8, 0, 8, 163.71
1735393520, 199, 31, 41, 0, 0, 0.17%, 8, 0, 8, 151.60
1735393525, 200, 11, 41, 0, 0, 0.17%, 8, 0, 8, 146.17
1735393531, 200, 13, 41, 0, 0, 0.17%, 8, 0, 8, 147.33
1735393536, 200, 17, 41, 0, 0, 0.17%, 8, 0, 8, 141.26
1735393541, 200, 23, 41, 0, 0, 0.17%, 8, 0, 8, 152.41
1735393546, 200, 31, 41, 0, 0, 0.17%, 8, 0, 8, 156.71
1735393551, 200, 38, 41, 0, 0, 0.17%, 8, 0, 8, 156.17
1735393556, 200, 39, 41, 0, 0, 0.17%, 8, 0, 8, 160.78
1735393561, 201, 7, 41, 0, 0, 0.17%, 8, 0, 8, 152.86
1735393566, 201, 13, 41, 0, 0, 0.17%, 8, 0, 8, 142.18
1735393571, 201, 17, 41, 0, 0, 0.17%, 8, 0, 8, 139.90
1735393576, 202, 11, 41, 0, 0, 0.17%, 8, 0, 8, 143.62
1735393581, 202, 13, 41, 0, 0, 0.17%, 8, 0, 8, 148.52
1735393587, 202, 17, 41, 0, 0, 0.17%, 8, 0, 8, 152.86
1735393592, 202, 38, 41, 0, 0, 0.17%, 8, 0, 8, 150.37
1735393597, 203, 13, 41, 0, 0, 0.17%, 8, 0, 8, 142.13
1735393602, 203, 17, 41, 0, 0, 0.17%, 8, 0, 8, 137.20
1735393607, 204, 13, 41, 0, 0, 0.17%, 8, 0, 8, 147.20
1735393618, 204, 17, 41, 0, 0, 0.17%, 8, 0, 8, 141.88
1735393623, 205, 5, 41, 0, 0, 0.17%, 8, 0, 8, 135.75
1735393628, 205, 13, 41, 0, 0, 0.17%, 8, 0, 8, 140.08
1735393633, 205, 17, 41, 0, 0, 0.17%, 8, 0, 8, 143.48
1735393638, 205, 20, 41, 0, 0, 0.17%, 8, 0, 8, 140.64
1735393643, 205, 22, 41, 0, 0, 0.17%, 8, 0, 8, 146.00
1735393654, 206, 11, 41, 0, 0, 0.17%, 8, 0, 8, 147.30
1735393659, 206, 13, 41, 0, 0, 0.17%, 8, 0, 8, 144.40
1735393664, 206, 14, 41, 0, 0, 0.17%, 8, 0, 8, 137.59
1735393669, 206, 17, 41, 0, 0, 0.17%, 8, 0, 8, 143.69
1735393674, 206, 31, 41, 0, 0, 0.17%, 8, 0, 8, 148.04
1735393679, 206, 33, 41, 0, 0, 0.17%, 8, 0, 8, 145.88
1735393684, 207, 11, 41, 0, 0, 0.17%, 8, 0, 8, 141.57
1735393690, 207, 13, 41, 0, 0, 0.17%, 8, 0, 8, 146.57
1735393695, 207, 17, 41, 0, 0, 0.17%, 8, 0, 8, 142.48
1735393700, 208, 11, 41, 0, 0, 0.17%, 8, 0, 8, 144.68
1735393705, 208, 13, 41, 0, 0, 0.17%, 8, 0, 8, 149.36
1735393710, 208, 17, 41, 0, 0, 0.17%, 8, 0, 8, 144.40
1735393715, 208, 24, 41, 0, 0, 0.17%, 8, 0, 8, 144.13
1735393720, 208, 25, 41, 0, 0, 0.17%, 8, 0, 8, 145.03
1735393726, 208, 29, 41, 0, 0, 0.17%, 8, 0, 8, 146.98
1735393731, 209, 13, 41, 0, 0, 0.17%, 8, 0, 8, 138.81
1735393736, 209, 14, 41, 0, 0, 0.17%, 8, 0, 8, 138.16
1735393741, 209, 17, 41, 0, 0, 0.17%, 8, 0, 8, 139.34
1735393746, 209, 21, 41, 0, 0, 0.17%, 8, 0, 8, 142.49
1735393751, 209, 22, 41, 0, 0, 0.17%, 8, 0, 8, 149.64
1735393762, 210, 11, 41, 0, 0, 0.17%, 8, 0, 8, 145.55
1735393767, 210, 12, 41, 0, 0, 0.17%, 8, 0, 8, 141.12
1735393772, 210, 13, 41, 0, 0, 0.17%, 8, 0, 8, 140.84
1735393777, 210, 17, 41, 0, 0, 0.17%, 8, 0, 8, 135.76
1735393782, 210, 18, 41, 0, 0, 0.17%, 8, 0, 8, 148.25
1735393787, 210, 20, 41, 0, 0, 0.17%, 8, 0, 8, 142.48
1735393793, 210, 25, 41, 0, 0, 0.17%, 8, 0, 8, 157.56
1735393798, 210, 36, 41, 0, 0, 0.17%, 8, 0, 8, 163.83
1735393803, 210, 37, 41, 0, 0, 0.17%, 8, 0, 8, 154.02
1735393808, 211, 11, 41, 0, 0, 0.17%, 8, 0, 8, 144.52
1735393813, 211, 13, 41, 0, 0, 0.17%, 8, 0, 8, 145.70
1735393818, 211, 17, 41, 0, 0, 0.17%, 8, 0, 8, 142.70
1735393823, 211, 29, 41, 0, 0, 0.17%, 8, 0, 8, 143.95
1735393828, 211, 40, 41, 0, 0, 0.17%, 8, 0, 8, 163.79
1735393838, 212, 11, 41, 0, 0, 0.17%, 8, 0, 8, 148.86
1735393844, 212, 13, 41, 0, 0, 0.17%, 8, 0, 8, 146.83
1735393849, 212, 17, 41, 0, 0, 0.17%, 8, 0, 8, 139.56
1735393854, 212, 32, 41, 0, 0, 0.17%, 8, 0, 8, 141.21
1735393859, 213, 13, 41, 0, 0, 0.17%, 8, 0, 8, 138.90
1735393864, 213, 17, 41, 0, 0, 0.17%, 8, 0, 8, 139.07
1735393869, 214, 1, 41, 0, 0, 0.17%, 8, 0, 8, 152.45
1735393874, 214, 13, 41, 0, 0, 0.17%, 8, 0, 8, 144.61
1735393880, 214, 17, 41, 0, 0, 0.17%, 8, 0, 8, 140.44
1735393885, 215, 4, 41, 0, 0, 0.17%, 8, 0, 8, 143.57
1735393890, 215, 13, 41, 0, 0, 0.17%, 8, 0, 8, 136.89
1735393895, 215, 17, 41, 0, 0, 0.17%, 8, 0, 8, 142.26
1735393900, 215, 40, 41, 0, 0, 0.17%, 8, 0, 8, 160.54
1735393911, 216, 11, 41, 0, 0, 0.17%, 8, 0, 8, 150.09
1735393916, 216, 13, 41, 0, 0, 0.17%, 8, 0, 8, 145.41
1735393921, 216, 14, 41, 0, 0, 0.17%, 8, 0, 8, 148.64
1735393926, 216, 17, 41, 0, 0, 0.17%, 8, 0, 8, 148.62
1735393931, 216, 28, 41, 0, 0, 0.17%, 8, 0, 8, 152.64
1735393936, 216, 35, 41, 0, 0, 0.17%, 8, 0, 8, 148.64
1735393941, 217, 13, 41, 0, 0, 0.17%, 8, 0, 8, 137.41
1735393946, 217, 17, 41, 0, 0, 0.17%, 8, 0, 8, 135.11
1735393951, 217, 24, 41, 0, 0, 0.17%, 8, 0, 8, 148.42
1735393956, 217, 25, 41, 0, 0, 0.17%, 8, 0, 8, 161.31
1735393961, 217, 40, 41, 0, 0, 0.17%, 8, 0, 8, 166.71
1735393972, 218, 13, 41, 0, 0, 0.17%, 8, 0, 8, 153.47
1735393982, 218, 20, 41, 0, 0, 0.17%, 8, 0, 8, 144.64
1735393987, 218, 31, 41, 0, 0, 0.17%, 8, 0, 8, 146.21
1735393992, 219, 3, 41, 0, 0, 0.17%, 8, 0, 8, 138.74
1735393997, 219, 13, 41, 0, 0, 0.17%, 8, 0, 8, 139.66
1735394002, 219, 17, 41, 0, 0, 0.17%, 8, 0, 8, 143.35
1735394007, 220, 11, 41, 0, 0, 0.17%, 8, 0, 8, 143.74
1735394013, 220, 13, 41, 0, 0, 0.17%, 8, 0, 8, 143.06
1735394018, 220, 17, 41, 0, 0, 0.17%, 8, 0, 8, 139.75
1735394023, 221, 4, 41, 0, 0, 0.17%, 8, 0, 8, 141.96
1735394028, 221, 12, 41, 0, 0, 0.17%, 8, 0, 8, 138.08
1735394033, 221, 13, 41, 0, 0, 0.17%, 8, 0, 8, 135.16
1735394038, 221, 17, 41, 0, 0, 0.17%, 8, 0, 8, 136.00
1735394043, 221, 40, 41, 0, 0, 0.17%, 8, 0, 8, 141.41
1735394059, 222, 13, 41, 0, 0, 0.17%, 8, 0, 8, 140.24
1735394064, 222, 17, 41, 0, 0, 0.17%, 8, 0, 8, 133.56
1735394069, 222, 24, 41, 0, 0, 0.17%, 8, 0, 8, 148.03
1735394074, 223, 11, 41, 0, 0, 0.17%, 8, 0, 8, 147.26
1735394079, 223, 12, 41, 0, 0, 0.17%, 8, 0, 8, 144.64
1735394084, 223, 13, 41, 0, 0, 0.17%, 8, 0, 8, 141.60
1735394090, 223, 17, 41, 0, 0, 0.17%, 8, 0, 8, 145.82
1735394095, 223, 21, 41, 0, 0, 0.17%, 8, 0, 8, 139.80
1735394100, 224, 13, 41, 0, 0, 0.17%, 8, 0, 8, 143.59
1735394105, 224, 17, 41, 0, 0, 0.17%, 8, 0, 8, 141.86
1735394110, 225, 11, 41, 0, 0, 0.17%, 8, 0, 8, 142.81
1735394115, 225, 13, 41, 0, 0, 0.17%, 8, 0, 8, 135.47
1735394120, 225, 17, 41, 0, 0, 0.17%, 8, 0, 8, 143.76
1735394126, 225, 24, 41, 0, 0, 0.17%, 8, 0, 8, 144.55
1735394131, 225, 31, 41, 0, 0, 0.17%, 8, 0, 8, 144.23
1735394136, 226, 13, 41, 0, 0, 0.17%, 8, 0, 8, 144.96
1735394141, 226, 17, 41, 0, 0, 0.17%, 8, 0, 8, 140.77
1735394146, 227, 11, 41, 0, 0, 0.17%, 8, 0, 8, 142.19
1735394151, 227, 13, 41, 0, 0, 0.17%, 8, 0, 8, 140.84
1735394157, 227, 17, 41, 0, 0, 0.17%, 8, 0, 8, 134.47
1735394162, 227, 28, 41, 0, 0, 0.17%, 8, 0, 8, 153.74
1735394167, 227, 36, 41, 0, 0, 0.17%, 8, 0, 8, 157.19
1735394172, 228, 13, 41, 0, 0, 0.17%, 8, 0, 8, 146.48
1735394177, 228, 17, 41, 0, 0, 0.17%, 8, 0, 8, 143.62
1735394182, 229, 6, 41, 0, 0, 0.17%, 8, 0, 8, 148.67
1735394187, 229, 13, 41, 0, 0, 0.17%, 8, 0, 8, 149.20
1735394192, 229, 17, 41, 0, 0, 0.17%, 8, 0, 8, 143.11
1735394197, 229, 38, 41, 0, 0, 0.17%, 8, 0, 8, 157.11
1735394202, 230, 11, 41, 0, 0, 0.17%, 8, 0, 8, 151.00
1735394208, 230, 13, 41, 0, 0, 0.17%, 8, 0, 8, 146.31
1735394213, 230, 17, 41, 0, 0, 0.17%, 8, 0, 8, 141.60
1735394218, 230, 23, 41, 0, 0, 0.17%, 8, 0, 8, 142.50
1735394223, 231, 11, 41, 0, 0, 0.17%, 8, 0, 8, 142.82
1735394228, 231, 13, 41, 0, 0, 0.17%, 8, 0, 8, 145.99
1735394233, 231, 17, 41, 0, 0, 0.17%, 8, 0, 8, 143.57
1735394238, 231, 24, 41, 0, 0, 0.17%, 8, 0, 8, 144.34
1735394244, 232, 13, 41, 0, 0, 0.17%, 8, 0, 8, 143.59
1735394249, 232, 17, 41, 0, 0, 0.17%, 8, 0, 8, 149.41
1735394254, 233, 11, 41, 0, 0, 0.17%, 8, 0, 8, 140.30
1735394259, 233, 13, 41, 0, 0, 0.17%, 8, 0, 8, 144.91
1735394264, 233, 17, 41, 0, 0, 0.17%, 8, 0, 8, 138.55
1735394269, 234, 11, 41, 0, 0, 0.17%, 8, 0, 8, 145.82
1735394274, 234, 12, 41, 0, 0, 0.17%, 8, 0, 8, 150.56
1735394279, 234, 13, 41, 0, 0, 0.17%, 8, 0, 8, 141.77
1735394285, 234, 17, 41, 0, 0, 0.17%, 8, 0, 8, 148.97
1735394290, 234, 22, 41, 0, 0, 0.17%, 8, 0, 8, 153.70
1735394295, 235, 11, 41, 0, 0, 0.17%, 8, 0, 8, 148.43
1735394300, 235, 13, 41, 0, 0, 0.17%, 8, 0, 8, 144.60
1735394305, 235, 17, 41, 0, 0, 0.17%, 8, 0, 8, 141.20
1735394310, 236, 11, 41, 0, 0, 0.17%, 8, 0, 8, 140.70
1735394315, 236, 13, 41, 0, 0, 0.17%, 8, 0, 8, 137.33
1735394320, 236, 17, 41, 0, 0, 0.17%, 8, 0, 8, 137.90
1735394325, 237, 13, 41, 0, 0, 0.17%, 8, 0, 8, 146.82
1735394331, 237, 17, 41, 0, 0, 0.17%, 8, 0, 8, 142.42
1735394336, 237, 29, 41, 0, 0, 0.17%, 8, 0, 8, 148.35
1735394341, 238, 11, 41, 0, 0, 0.17%, 8, 0, 8, 141.30
1735394346, 238, 13, 41, 0, 0, 0.17%, 8, 0, 8, 147.61
1735394351, 238, 17, 41, 0, 0, 0.17%, 8, 0, 8, 141.61
1735394356, 238, 24, 41, 0, 0, 0.17%, 8, 0, 8, 146.05
1735394362, 238, 25, 41, 0, 0, 0.17%, 8, 0, 8, 143.66
1735394367, 239, 11, 41, 0, 0, 0.17%, 8, 0, 8, 151.01
1735394372, 239, 13, 41, 0, 0, 0.17%, 8, 0, 8, 143.29
1735394377, 239, 17, 41, 0, 0, 0.17%, 8, 0, 8, 138.04
1735394382, 239, 25, 41, 0, 0, 0.17%, 8, 0, 8, 160.20
1735394387, 239, 36, 41, 0, 0, 0.17%, 8, 0, 8, 152.38
1735394392, 239, 37, 41, 0, 0, 0.17%, 8, 0, 8, 151.94
1735394397, 240, 11, 41, 0, 0, 0.17%, 8, 0, 8, 143.54
1735394402, 240, 12, 41, 0, 0, 0.17%, 8, 0, 8, 137.63
1735394407, 240, 13, 41, 0, 0, 0.17%, 8, 0, 8, 145.48
1735394413, 240, 17, 41, 0, 0, 0.17%, 8, 0, 8, 140.11
1735394418, 241, 13, 41, 0, 0, 0.17%, 8, 0, 8, 143.49
1735394423, 241, 17, 41, 0, 0, 0.17%, 8, 0, 8, 140.13
1735394428, 241, 22, 41, 0, 0, 0.17%, 8, 0, 8, 149.51
1735394438, 241, 27, 41, 0, 0, 0.17%, 8, 0, 8, 136.33
1735394443, 241, 30, 41, 0, 0, 0.17%, 8, 0, 8, 145.74
1735394448, 242, 13, 41, 0, 0, 0.17%, 8, 0, 8, 146.12
1735394454, 242, 17, 41, 0, 0, 0.17%, 8, 0, 8, 146.70
1735394459, 243, 8, 41, 0, 0, 0.17%, 8, 0, 8, 137.99
1735394464, 243, 13, 41, 0, 0, 0.17%, 8, 0, 8, 135.49
1735394469, 243, 17, 41, 0, 0, 0.17%, 8, 0, 8, 143.11
1735394474, 243, 24, 41, 0, 0, 0.17%, 8, 0, 8, 142.70
1735394479, 243, 35, 41, 0, 0, 0.17%, 8, 0, 8, 147.68
1735394484, 243, 40, 41, 0, 0, 0.17%, 8, 0, 8, 149.89
1735394500, 244, 13, 41, 0, 0, 0.17%, 8, 0, 8, 140.30
1735394505, 244, 17, 41, 0, 0, 0.17%, 8, 0, 8, 141.77
1735394515, 245, 11, 41, 0, 0, 0.17%, 8, 0, 8, 147.47
1735394520, 245, 13, 41, 0, 0, 0.17%, 8, 0, 8, 141.66
1735394525, 245, 17, 41, 0, 0, 0.17%, 8, 0, 8, 141.54
1735394530, 245, 19, 41, 0, 0, 0.17%, 8, 0, 8, 141.65
1735394535, 245, 20, 41, 0, 0, 0.17%, 8, 0, 8, 135.95
1735394541, 246, 11, 41, 0, 0, 0.17%, 8, 0, 8, 139.90
1735394546, 246, 13, 41, 0, 0, 0.17%, 8, 0, 8, 141.13
1735394551, 246, 17, 41, 0, 0, 0.17%, 8, 0, 8, 141.94
1735394556, 247, 13, 41, 0, 0, 0.17%, 8, 0, 8, 139.74
1735394561, 247, 17, 41, 0, 0, 0.17%, 8, 0, 8, 141.76
1735394567, 247, 26, 41, 0, 0, 0.17%, 8, 0, 8, 156.43
1735394572, 248, 11, 41, 0, 0, 0.17%, 8, 0, 8, 149.10
1735394577, 248, 13, 41, 0, 0, 0.17%, 8, 0, 8, 140.53
1735394582, 248, 17, 41, 0, 0, 0.17%, 8, 0, 8, 140.30
1735394587, 248, 19, 41, 0, 0, 0.17%, 8, 0, 8, 140.58
1735394592, 248, 22, 41, 0, 0, 0.17%, 8, 0, 8, 149.38
1735394597, 249, 4, 41, 0, 0, 0.17%, 8, 0, 8, 151.91
1735394602, 249, 13, 41, 0, 0, 0.17%, 8, 0, 8, 144.13
1735394607, 249, 17, 41, 0, 0, 0.17%, 8, 0, 8, 144.60
1735394613, 249, 27, 41, 0, 0, 0.17%, 8, 0, 8, 142.24
1735394618, 249, 30, 41, 0, 0, 0.17%, 8, 0, 8, 158.96
1735394623, 249, 38, 41, 0, 0, 0.17%, 8, 0, 8, 156.76
1735394628, 250, 12, 41, 0, 0, 0.17%, 8, 0, 8, 138.94
1735394633, 250, 13, 41, 0, 0, 0.17%, 8, 0, 8, 148.84
1735394638, 250, 17, 41, 0, 0, 0.17%, 8, 0, 8, 139.14
1735394643, 251, 11, 41, 0, 0, 0.17%, 8, 0, 8, 136.59
1735394648, 251, 13, 41, 0, 0, 0.17%, 8, 0, 8, 137.33
1735394654, 251, 17, 41, 0, 0, 0.17%, 8, 0, 8, 140.16
1735394659, 251, 18, 41, 0, 0, 0.17%, 8, 0, 8, 145.75
1735394664, 252, 11, 41, 0, 0, 0.17%, 8, 0, 8, 143.77
1735394669, 252, 13, 41, 0, 0, 0.17%, 8, 0, 8, 143.01
1735394674, 252, 17, 41, 0, 0, 0.17%, 8, 0, 8, 147.39
1735394679, 252, 24, 41, 0, 0, 0.17%, 8, 0, 8, 140.78
1735394684, 252, 25, 41, 0, 0, 0.17%, 8, 0, 8, 148.05
1735394689, 252, 35, 41, 0, 0, 0.17%, 8, 0, 8, 147.22
1735394694, 253, 13, 41, 0, 0, 0.17%, 8, 0, 8, 137.21
1735394700, 253, 17, 41, 0, 0, 0.17%, 8, 0, 8, 141.76
1735394705, 253, 23, 41, 0, 0, 0.17%, 8, 0, 8, 144.64
1735394710, 253, 26, 41, 0, 0, 0.17%, 8, 0, 8, 152.89
1735394715, 253, 35, 41, 0, 0, 0.17%, 8, 0, 8, 155.57
1735394720, 254, 11, 41, 0, 0, 0.17%, 8, 0, 8, 141.26
1735394725, 254, 13, 41, 0, 0, 0.17%, 8, 0, 8, 139.95
1735394730, 254, 17, 41, 0, 0, 0.17%, 8, 0, 8, 136.20
1735394736, 254, 34, 41, 0, 0, 0.17%, 8, 0, 8, 139.40
1735394741, 255, 13, 41, 0, 0, 0.17%, 8, 0, 8, 137.96
1735394746, 255, 17, 41, 0, 0, 0.17%, 8, 0, 8, 138.46
1735394751, 255, 22, 41, 0, 0, 0.17%, 8, 0, 8, 135.96
1735394761, 255, 30, 41, 0, 0, 0.17%, 8, 0, 8, 156.33
1735394766, 256, 7, 41, 0, 0, 0.17%, 8, 0, 8, 140.08
1735394771, 256, 13, 41, 0, 0, 0.17%, 8, 0, 8, 141.66
1735394776, 256, 15, 41, 0, 0, 0.17%, 8, 0, 8, 143.68
1735394782, 256, 17, 41, 0, 0, 0.17%, 8, 0, 8, 142.40
1735394787, 257, 11, 41, 0, 0, 0.17%, 8, 0, 8, 138.96
1735394792, 257, 12, 41, 0, 0, 0.17%, 8, 0, 8, 144.60
1735394797, 257, 13, 41, 0, 0, 0.17%, 8, 0, 8, 143.97
1735394802, 257, 15, 41, 0, 0, 0.17%, 8, 0, 8, 137.85
1735394807, 257, 17, 41, 0, 0, 0.17%, 8, 0, 8, 141.26
1735394812, 257, 35, 41, 0, 0, 0.17%, 8, 0, 8, 158.46
1735394817, 257, 37, 41, 0, 0, 0.17%, 8, 0, 8, 150.95
1735394823, 257, 38, 41, 0, 0, 0.17%, 8, 0, 8, 158.96
1735394828, 258, 11, 41, 0, 0, 0.17%, 8, 0, 8, 148.53
1735394833, 258, 13, 41, 0, 0, 0.17%, 8, 0, 8, 145.95
1735394838, 258, 17, 41, 0, 0, 0.17%, 8, 0, 8, 146.02
1735394843, 258, 29, 41, 0, 0, 0.17%, 8, 0, 8, 148.71
1735394848, 259, 3, 41, 0, 0, 0.17%, 8, 0, 8, 147.25
1735394853, 259, 13, 41, 0, 0, 0.17%, 8, 0, 8, 143.25
1735394858, 259, 17, 41, 0, 0, 0.17%, 8, 0, 8, 139.74
1735394863, 259, 19, 41, 0, 0, 0.17%, 8, 0, 8, 151.92
1735394868, 259, 24, 41, 0, 0, 0.17%, 8, 0, 8, 144.47
1735394874, 259, 27, 41, 0, 0, 0.17%, 8, 0, 8, 144.18
1735394879, 259, 36, 41, 0, 0, 0.17%, 8, 0, 8, 157.25
1735394884, 260, 11, 41, 0, 0, 0.17%, 8, 0, 8, 145.25
1735394889, 260, 13, 41, 0, 0, 0.17%, 8, 0, 8, 139.62
1735394894, 260, 17, 41, 0, 0, 0.17%, 8, 0, 8, 141.16
1735394899, 261, 13, 41, 0, 0, 0.17%, 8, 0, 8, 140.17
1735394904, 261, 17, 41, 0, 0, 0.17%, 8, 0, 8, 138.70
1735394909, 261, 26, 41, 0, 0, 0.17%, 8, 0, 8, 151.68
1735394915, 261, 38, 41, 0, 0, 0.17%, 8, 0, 8, 157.53
1735394920, 262, 11, 41, 0, 0, 0.17%, 8, 0, 8, 144.52
1735394925, 262, 13, 41, 0, 0, 0.17%, 8, 0, 8, 141.73
1735394930, 262, 15, 41, 0, 0, 0.17%, 8, 0, 8, 138.84
1735394935, 262, 17, 41, 0, 0, 0.17%, 8, 0, 8, 148.29
1735394940, 263, 13, 41, 0, 0, 0.17%, 8, 0, 8, 146.09
1735394950, 263, 14, 41, 0, 0, 0.17%, 8, 0, 8, 143.50
1735394956, 263, 17, 41, 0, 0, 0.17%, 8, 0, 8, 138.75
1735394961, 264, 13, 41, 0, 0, 0.17%, 8, 0, 8, 140.68
1735394966, 264, 17, 41, 0, 0, 0.17%, 8, 0, 8, 143.39
1735394971, 264, 25, 41, 0, 0, 0.17%, 8, 0, 8, 138.63
1735394976, 264, 27, 41, 0, 0, 0.17%, 8, 0, 8, 160.06
1735394981, 265, 9, 41, 0, 0, 0.17%, 8, 0, 8, 150.36
1735394986, 265, 13, 41, 0, 0, 0.17%, 8, 0, 8, 144.40
1735394991, 265, 17, 41, 0, 0, 0.17%, 8, 0, 8, 141.97
1735394997, 266, 11, 41, 0, 0, 0.17%, 8, 0, 8, 148.51
1735395002, 266, 13, 41, 0, 0, 0.17%, 8, 0, 8, 148.84
1735395007, 266, 14, 41, 0, 0, 0.17%, 8, 0, 8, 137.27
1735395012, 266, 17, 41, 0, 0, 0.17%, 8, 0, 8, 137.40
1735395017, 266, 22, 41, 0, 0, 0.17%, 8, 0, 8, 153.65
1735395022, 266, 34, 41, 0, 0, 0.17%, 8, 0, 8, 149.76
1735395027, 266, 35, 41, 0, 0, 0.17%, 8, 0, 8, 152.83
1735395033, 267, 10, 41, 0, 0, 0.17%, 8, 0, 8, 140.92
1735395038, 267, 13, 41, 0, 0, 0.17%, 8, 0, 8, 143.13
1735395043, 267, 17, 41, 0, 0, 0.17%, 8, 0, 8, 145.38
1735395048, 268, 11, 41, 0, 0, 0.17%, 8, 0, 8, 140.31
1735395053, 268, 13, 41, 0, 0, 0.17%, 8, 0, 8, 138.19
1735395058, 268, 17, 41, 0, 0, 0.17%, 8, 0, 8, 139.81
1735395064, 268, 28, 41, 0, 0, 0.17%, 8, 0, 8, 160.63
1735395069, 269, 13, 41, 0, 0, 0.17%, 8, 0, 8, 141.57
1735395074, 269, 17, 41, 0, 0, 0.17%, 8, 0, 8, 140.26
1735395079, 269, 37, 41, 0, 0, 0.17%, 8, 0, 8, 151.15
1735395089, 270, 13, 41, 0, 0, 0.17%, 8, 0, 8, 144.80
1735395094, 270, 17, 41, 0, 0, 0.17%, 8, 0, 8, 143.32
1735395100, 271, 11, 41, 0, 0, 0.17%, 8, 0, 8, 140.06
1735395105, 271, 13, 41, 0, 0, 0.17%, 8, 0, 8, 139.23
1735395110, 271, 17, 41, 0, 0, 0.17%, 8, 0, 8, 137.45
1735395115, 271, 25, 41, 0, 0, 0.17%, 8, 0, 8, 158.26
1735395120, 272, 10, 41, 0, 0, 0.17%, 8, 0, 8, 147.02
1735395125, 272, 13, 41, 0, 0, 0.17%, 8, 0, 8, 140.77
1735395131, 272, 17, 41, 0, 0, 0.17%, 8, 0, 8, 147.36
1735395136, 272, 22, 41, 0, 0, 0.17%, 8, 0, 8, 146.61
1735395146, 272, 23, 41, 0, 0, 0.17%, 8, 0, 8, 145.17
1735395151, 272, 24, 41, 0, 0, 0.17%, 8, 0, 8, 149.48
1735395156, 272, 36, 41, 0, 0, 0.17%, 8, 0, 8, 157.74
1735395162, 272, 37, 41, 0, 0, 0.17%, 8, 0, 8, 166.18
1735395167, 273, 11, 41, 0, 0, 0.17%, 8, 0, 8, 150.85
1735395172, 273, 13, 41, 0, 0, 0.17%, 8, 0, 8, 152.42
1735395177, 273, 17, 41, 0, 0, 0.17%, 8, 0, 8, 147.99
1735395182, 274, 5, 41, 0, 0, 0.17%, 8, 0, 8, 141.48
1735395187, 274, 13, 41, 0, 0, 0.17%, 8, 0, 8, 143.28
1735395192, 274, 15, 41, 0, 0, 0.17%, 8, 0, 8, 141.48
1735395197, 274, 17, 41, 0, 0, 0.17%, 8, 0, 8, 144.03
1735395202, 275, 11, 41, 0, 0, 0.17%, 8, 0, 8, 142.55
1735395208, 275, 13, 41, 0, 0, 0.17%, 8, 0, 8, 146.67
1735395213, 275, 17, 41, 0, 0, 0.17%, 8, 0, 8, 146.13
1735395218, 276, 13, 41, 0, 0, 0.17%, 8, 0, 8, 139.76
1735395223, 276, 17, 41, 0, 0, 0.17%, 8, 0, 8, 147.48
1735395228, 276, 27, 41, 0, 0, 0.17%, 8, 0, 8, 141.97
1735395233, 276, 30, 41, 0, 0, 0.17%, 8, 0, 8, 158.92
1735395238, 276, 32, 41, 0, 0, 0.17%, 8, 0, 8, 150.26
1735395244, 277, 9, 41, 0, 0, 0.17%, 8, 0, 8, 143.00
1735395249, 277, 13, 41, 0, 0, 0.17%, 8, 0, 8, 134.29
1735395254, 277, 17, 41, 0, 0, 0.17%, 8, 0, 8, 137.26
1735395259, 277, 29, 41, 0, 0, 0.17%, 8, 0, 8, 160.14
1735395264, 277, 30, 41, 0, 0, 0.17%, 8, 0, 8, 152.85
1735395269, 277, 35, 41, 0, 0, 0.17%, 8, 0, 8, 149.24
1735395274, 278, 13, 41, 0, 0, 0.17%, 8, 0, 8, 146.03
1735395279, 278, 17, 41, 0, 0, 0.17%, 8, 0, 8, 145.39
1735395285, 278, 18, 41, 0, 0, 0.17%, 8, 0, 8, 148.77
1735395290, 278, 24, 41, 0, 0, 0.17%, 8, 0, 8, 143.69
1735395295, 278, 28, 41, 0, 0, 0.17%, 8, 0, 8, 146.74
1735395300, 279, 9, 41, 0, 0, 0.17%, 8, 0, 8, 153.47
1735395305, 279, 13, 41, 0, 0, 0.17%, 8, 0, 8, 143.50
1735395310, 279, 17, 41, 0, 0, 0.17%, 8, 0, 8, 148.65
1735395315, 279, 18, 41, 0, 0, 0.17%, 8, 0, 8, 151.56
1735395320, 280, 11, 41, 0, 0, 0.17%, 8, 0, 8, 144.48
1735395325, 280, 13, 41, 0, 0, 0.17%, 8, 0, 8, 141.57
1735395331, 280, 17, 41, 0, 0, 0.17%, 8, 0, 8, 145.57
1735395336, 281, 11, 41, 0, 0, 0.17%, 8, 0, 8, 136.36
1735395341, 281, 13, 41, 0, 0, 0.17%, 8, 0, 8, 150.19
1735395346, 281, 15, 41, 0, 0, 0.17%, 8, 0, 8, 142.22
1735395351, 281, 17, 41, 0, 0, 0.17%, 8, 0, 8, 143.16
1735395356, 282, 13, 41, 0, 0, 0.17%, 8, 0, 8, 141.62
1735395361, 282, 14, 41, 0, 0, 0.17%, 8, 0, 8, 149.64
1735395366, 282, 17, 41, 0, 0, 0.17%, 8, 0, 8, 139.88
1735395372, 282, 29, 41, 0, 0, 0.17%, 8, 0, 8, 149.13
1735395377, 282, 35, 41, 0, 0, 0.17%, 8, 0, 8, 145.04
1735395382, 283, 11, 41, 0, 0, 0.17%, 8, 0, 8, 139.48
1735395387, 283, 13, 41, 0, 0, 0.17%, 8, 0, 8, 135.88
1735395392, 283, 17, 41, 0, 0, 0.17%, 8, 0, 8, 146.26
1735395397, 283, 20, 41, 0, 0, 0.17%, 8, 0, 8, 140.70
1735395402, 283, 36, 41, 0, 0, 0.17%, 8, 0, 8, 161.35
1735395408, 284, 13, 41, 0, 0, 0.17%, 8, 0, 8, 143.22
1735395413, 284, 17, 41, 0, 0, 0.17%, 8, 0, 8, 139.88
1735395418, 284, 21, 41, 0, 0, 0.17%, 8, 0, 8, 144.18
1735395423, 284, 29, 41, 0, 0, 0.17%, 8, 0, 8, 143.18
1735395428, 285, 11, 41, 0, 0, 0.17%, 8, 0, 8, 140.91
1735395433, 285, 12, 41, 0, 0, 0.17%, 8, 0, 8, 152.79
1735395438, 285, 17, 41, 0, 0, 0.17%, 8, 0, 8, 151.86
1735395448, 286, 13, 41, 0, 0, 0.17%, 8, 0, 8, 142.91
1735395454, 286, 17, 41, 0, 0, 0.17%, 8, 0, 8, 152.77
1735395459, 286, 19, 41, 0, 0, 0.17%, 8, 0, 8, 142.08
1735395464, 287, 13, 41, 0, 0, 0.17%, 8, 0, 8, 133.76
1735395474, 287, 20, 41, 0, 0, 0.17%, 8, 0, 8, 148.40
1735395484, 287, 37, 41, 0, 0, 0.17%, 8, 0, 8, 151.98
1735395489, 288, 11, 41, 0, 0, 0.17%, 8, 0, 8, 134.81
1735395495, 288, 13, 41, 0, 0, 0.17%, 8, 0, 8, 137.08
1735395500, 288, 17, 41, 0, 0, 0.17%, 8, 0, 8, 137.15
1735395505, 288, 31, 41, 0, 0, 0.17%, 8, 0, 8, 140.09
1735395510, 288, 32, 41, 0, 0, 0.17%, 8, 0, 8, 146.73
1735395515, 288, 40, 41, 0, 0, 0.17%, 8, 0, 8, 165.67
1735395526, 289, 13, 41, 0, 0, 0.17%, 8, 0, 8, 144.72
1735395531, 289, 17, 41, 0, 0, 0.17%, 8, 0, 8, 146.18
1735395536, 290, 10, 41, 0, 0, 0.17%, 8, 0, 8, 140.77
1735395541, 290, 13, 41, 0, 0, 0.17%, 8, 0, 8, 139.19
1735395546, 290, 17, 41, 0, 0, 0.17%, 8, 0, 8, 145.75
1735395551, 290, 33, 41, 0, 0, 0.17%, 8, 0, 8, 151.43
1735395556, 291, 0, 41, 0, 0, 0.17%, 8, 0, 8, 137.35
1735395562, 291, 13, 41, 0, 0, 0.17%, 8, 0, 8, 141.21
1735395567, 291, 15, 41, 0, 0, 0.17%, 8, 0, 8, 145.08
1735395572, 291, 17, 41, 0, 0, 0.17%, 8, 0, 8, 140.67
1735395577, 291, 19, 41, 0, 0, 0.17%, 8, 0, 8, 149.48
1735395582, 291, 25, 41, 0, 0, 0.17%, 8, 0, 8, 156.01
1735395587, 291, 36, 41, 0, 0, 0.17%, 8, 0, 8, 154.35
1735395592, 291, 40, 41, 0, 0, 0.17%, 8, 0, 8, 176.41
1735395603, 292, 11, 41, 0, 0, 0.17%, 8, 0, 8, 142.95
1735395608, 292, 13, 41, 0, 0, 0.17%, 8, 0, 8, 142.32
1735395613, 292, 17, 41, 0, 0, 0.17%, 8, 0, 8, 140.01
1735395618, 293, 12, 41, 0, 0, 0.17%, 8, 0, 8, 143.49
1735395623, 293, 13, 41, 0, 0, 0.17%, 8, 0, 8, 142.90
1735395628, 293, 17, 41, 0, 0, 0.17%, 8, 0, 8, 144.26
1735395633, 293, 26, 41, 0, 0, 0.17%, 8, 0, 8, 163.36
1735395639, 294, 11, 41, 0, 0, 0.17%, 8, 0, 8, 135.40
1735395644, 294, 13, 41, 0, 0, 0.17%, 8, 0, 8, 137.77
1735395649, 294, 17, 41, 0, 0, 0.17%, 8, 0, 8, 142.35
1735395654, 294, 19, 41, 0, 0, 0.17%, 8, 0, 8, 143.95
1735395659, 294, 28, 41, 0, 0, 0.17%, 8, 0, 8, 147.76
1735395664, 295, 13, 41, 0, 0, 0.17%, 8, 0, 8, 148.69
1735395669, 295, 17, 41, 0, 0, 0.17%, 8, 0, 8, 142.88
1735395674, 295, 18, 41, 0, 0, 0.17%, 8, 0, 8, 151.21
1735395679, 296, 11, 41, 0, 0, 0.17%, 8, 0, 8, 141.92
1735395684, 296, 13, 41, 0, 0, 0.17%, 8, 0, 8, 143.02
1735395690, 296, 17, 41, 0, 0, 0.17%, 8, 0, 8, 139.34
1735395695, 296, 29, 41, 0, 0, 0.17%, 8, 0, 8, 149.87
1735395700, 296, 34, 41, 0, 0, 0.17%, 8, 0, 8, 142.34
1735395705, 296, 38, 41, 0, 0, 0.17%, 8, 0, 8, 146.44
1735395710, 297, 11, 41, 0, 0, 0.17%, 8, 0, 8, 141.26
1735395715, 297, 13, 41, 0, 0, 0.17%, 8, 0, 8, 143.08
1735395720, 297, 17, 41, 0, 0, 0.17%, 8, 0, 8, 141.23
1735395726, 297, 34, 41, 0, 0, 0.17%, 8, 0, 8, 141.61
1735395731, 298, 0, 41, 0, 0, 0.17%, 8, 0, 8, 147.65
1735395736, 298, 11, 41, 0, 0, 0.17%, 8, 0, 8, 141.46
1735395741, 298, 13, 41, 0, 0, 0.17%, 8, 0, 8, 150.85
1735395746, 298, 17, 41, 0, 0, 0.17%, 8, 0, 8, 144.46
1735395751, 298, 22, 41, 0, 0, 0.17%, 8, 0, 8, 144.71
1735395757, 299, 11, 41, 0, 0, 0.17%, 8, 0, 8, 139.23
1735395762, 299, 13, 41, 0, 0, 0.17%, 8, 0, 8, 141.06
1735395767, 299, 17, 41, 0, 0, 0.17%, 8, 0, 8, 144.31
1735395772, 299, 31, 41, 0, 0, 0.17%, 8, 0, 8, 144.34
1735395777, 299, 39, 41, 0, 0, 0.17%, 8, 0, 8, 138.65
1735395783, 300, 2, 41, 0, 0, 0.17%, 8, 0, 8, 133.98
1735395788, 300, 13, 41, 0, 0, 0.17%, 8, 0, 8, 141.15
1735395793, 300, 17, 41, 0, 0, 0.17%, 8, 0, 8, 143.51
1735395798, 300, 33, 41, 0, 0, 0.17%, 8, 0, 8, 148.76
1735395803, 301, 11, 41, 0, 0, 0.17%, 8, 0, 8, 146.55
1735395808, 301, 13, 41, 0, 0, 0.17%, 8, 0, 8, 145.84
1735395813, 301, 16, 41, 0, 0, 0.17%, 8, 0, 8, 155.39
1735395819, 301, 17, 41, 0, 0, 0.17%, 8, 0, 8, 132.81
1735395824, 302, 11, 41, 0, 0, 0.17%, 8, 0, 8, 139.05
1735395829, 302, 13, 41, 0, 0, 0.17%, 8, 0, 8, 151.56
1735395834, 302, 17, 41, 0, 0, 0.17%, 8, 0, 8, 146.75
1735395839, 302, 32, 41, 0, 0, 0.17%, 8, 0, 8, 143.47
1735395844, 303, 11, 41, 0, 0, 0.17%, 8, 0, 8, 143.88
1735395850, 303, 12, 41, 0, 0, 0.17%, 8, 0, 8, 135.85
1735395855, 303, 13, 41, 0, 0, 0.17%, 8, 0, 8, 144.57
1735395860, 303, 17, 41, 0, 0, 0.17%, 8, 0, 8, 144.59
1735395865, 304, 11, 41, 0, 0, 0.17%, 8, 0, 8, 143.73
1735395870, 304, 13, 41, 0, 0, 0.17%, 8, 0, 8, 139.39
1735395875, 304, 17, 41, 0, 0, 0.17%, 8, 0, 8, 144.99
1735395880, 304, 20, 41, 0, 0, 0.17%, 8, 0, 8, 137.85
1735395885, 305, 13, 41, 0, 0, 0.17%, 8, 0, 8, 139.91
1735395890, 305, 17, 41, 0, 0, 0.17%, 8, 0, 8, 146.38
1735395895, 305, 18, 41, 0, 0, 0.17%, 8, 0, 8, 156.66
1735395900, 306, 11, 41, 0, 0, 0.17%, 8, 0, 8, 145.71
1735395906, 306, 13, 41, 0, 0, 0.17%, 8, 0, 8, 145.57
1735395911, 306, 17, 41, 0, 0, 0.17%, 8, 0, 8, 140.12
1735395916, 307, 13, 41, 0, 0, 0.17%, 8, 0, 8, 142.99
1735395921, 307, 17, 41, 0, 0, 0.17%, 8, 0, 8, 142.63
1735395926, 307, 29, 41, 0, 0, 0.17%, 8, 0, 8, 148.56
1735395931, 308, 1, 41, 0, 0, 0.17%, 8, 0, 8, 148.86
1735395937, 308, 13, 41, 0, 0, 0.17%, 8, 0, 8, 139.20
1735395942, 308, 16, 41, 0, 0, 0.17%, 8, 0, 8, 152.76
1735395952, 308, 17, 41, 0, 0, 0.17%, 8, 0, 8, 143.76
1735395957, 308, 21, 41, 0, 0, 0.17%, 8, 0, 8, 142.63
1735395962, 309, 13, 41, 0, 0, 0.17%, 8, 0, 8, 141.56
1735395967, 309, 17, 41, 0, 0, 0.17%, 8, 0, 8, 143.31
1735395972, 309, 20, 41, 0, 0, 0.17%, 8, 0, 8, 148.18
1735395977, 310, 11, 41, 0, 0, 0.17%, 8, 0, 8, 139.42
1735395983, 310, 13, 41, 0, 0, 0.17%, 8, 0, 8, 137.80
1735395988, 310, 17, 41, 0, 0, 0.17%, 8, 0, 8, 133.52
1735395993, 311, 13, 41, 0, 0, 0.17%, 8, 0, 8, 139.76
1735395998, 311, 17, 41, 0, 0, 0.17%, 8, 0, 8, 141.33
1735396003, 311, 18, 41, 0, 0, 0.17%, 8, 0, 8, 143.61
1735396009, 311, 21, 41, 0, 0, 0.17%, 8, 0, 8, 138.96
1735396014, 311, 40, 41, 0, 0, 0.17%, 8, 0, 8, 163.43
1735396024, 312, 11, 41, 0, 0, 0.17%, 8, 0, 8, 147.93
1735396029, 312, 13, 41, 0, 0, 0.17%, 8, 0, 8, 143.70
1735396034, 312, 17, 41, 0, 0, 0.17%, 8, 0, 8, 139.70
1735396040, 312, 39, 41, 0, 0, 0.17%, 8, 0, 8, 154.60
1735396045, 313, 2, 41, 0, 0, 0.17%, 8, 0, 8, 151.49
1735396050, 313, 11, 41, 0, 0, 0.17%, 8, 0, 8, 141.40
1735396055, 313, 13, 41, 0, 0, 0.17%, 8, 0, 8, 147.15
1735396060, 313, 17, 41, 0, 0, 0.17%, 8, 0, 8, 143.97
1735396065, 314, 13, 41, 0, 0, 0.17%, 8, 0, 8, 141.69
1735396070, 314, 17, 41, 0, 0, 0.17%, 8, 0, 8, 138.67
1735396075, 315, 11, 41, 0, 0, 0.17%, 8, 0, 8, 142.71
1735396081, 315, 13, 41, 0, 0, 0.17%, 8, 0, 8, 140.05
1735396086, 315, 17, 41, 0, 0, 0.17%, 8, 0, 8, 139.77
1735396091, 315, 21, 41, 0, 0, 0.17%, 8, 0, 8, 136.41
1735396096, 315, 24, 41, 0, 0, 0.17%, 8, 0, 8, 150.47
1735396101, 315, 25, 41, 0, 0, 0.17%, 8, 0, 8, 160.02
1735396106, 316, 11, 41, 0, 0, 0.17%, 8, 0, 8, 144.77
1735396111, 316, 12, 41, 0, 0, 0.17%, 8, 0, 8, 137.16
1735396116, 316, 13, 41, 0, 0, 0.17%, 8, 0, 8, 143.25
1735396121, 316, 17, 41, 0, 0, 0.17%, 8, 0, 8, 144.68
1735396127, 316, 34, 41, 0, 0, 0.17%, 8, 0, 8, 148.54
1735396132, 317, 13, 41, 0, 0, 0.17%, 8, 0, 8, 142.59
1735396137, 317, 17, 41, 0, 0, 0.17%, 8, 0, 8, 144.56
1735396142, 318, 3, 41, 0, 0, 0.17%, 8, 0, 8, 147.59
1735396147, 318, 11, 41, 0, 0, 0.17%, 8, 0, 8, 139.41
1735396152, 318, 13, 41, 0, 0, 0.17%, 8, 0, 8, 144.67
1735396157, 318, 17, 41, 0, 0, 0.17%, 8, 0, 8, 146.16
1735396163, 319, 11, 41, 0, 0, 0.17%, 8, 0, 8, 137.43
1735396168, 319, 13, 41, 0, 0, 0.17%, 8, 0, 8, 148.63
1735396173, 319, 17, 41, 0, 0, 0.17%, 8, 0, 8, 141.96
1735396178, 319, 26, 41, 0, 0, 0.17%, 8, 0, 8, 158.89
1735396183, 320, 13, 41, 0, 0, 0.17%, 8, 0, 8, 144.60
1735396188, 320, 17, 41, 0, 0, 0.17%, 8, 0, 8, 146.10
1735396193, 320, 28, 41, 0, 0, 0.17%, 8, 0, 8, 154.86
1735396198, 321, 11, 41, 0, 0, 0.17%, 8, 0, 8, 143.31
1735396204, 321, 13, 41, 0, 0, 0.17%, 8, 0, 8, 148.56
1735396209, 321, 17, 41, 0, 0, 0.17%, 8, 0, 8, 149.85
1735396214, 321, 39, 41, 0, 0, 0.17%, 8, 0, 8, 144.73
1735396219, 321, 40, 41, 0, 0, 0.17%, 8, 0, 8, 164.42
1735396229, 322, 11, 41, 0, 0, 0.17%, 8, 0, 8, 139.54
1735396234, 322, 13, 41, 0, 0, 0.17%, 8, 0, 8, 148.48
1735396239, 322, 17, 41, 0, 0, 0.17%, 8, 0, 8, 150.18
1735396244, 322, 23, 41, 0, 0, 0.17%, 8, 0, 8, 152.04
1735396250, 323, 11, 41, 0, 0, 0.17%, 8, 0, 8, 145.10
1735396255, 323, 13, 41, 0, 0, 0.17%, 8, 0, 8, 142.65
1735396260, 323, 17, 41, 0, 0, 0.17%, 8, 0, 8, 139.86
1735396265, 323, 29, 41, 0, 0, 0.17%, 8, 0, 8, 151.20
1735396270, 323, 34, 41, 0, 0, 0.17%, 8, 0, 8, 145.96
1735396275, 324, 11, 41, 0, 0, 0.17%, 8, 0, 8, 137.46
1735396280, 324, 13, 41, 0, 0, 0.17%, 8, 0, 8, 141.74
1735396285, 324, 17, 41, 0, 0, 0.17%, 8, 0, 8, 138.78
1735396291, 324, 31, 41, 0, 0, 0.17%, 8, 0, 8, 137.42
