# unix_time, cycles_done, cur_path, paths_total, pending_total, pending_favs, map_size, unique_crashes, unique_hangs, max_depth, execs_per_sec
1735191287, 0, 0, 10, 10, 1, 0.01%, 0, 0, 1, 81.14
1735191292, 0, 4, 10, 10, 1, 0.01%, 0, 0, 1, 103.48
1735191297, 0, 5, 10, 9, 0, 0.01%, 0, 0, 1, 103.05
1735191307, 0, 6, 10, 8, 0, 0.01%, 0, 0, 1, 101.73
1735191317, 0, 7, 10, 7, 0, 0.01%, 0, 0, 1, 101.58
1735191327, 0, 8, 10, 6, 0, 0.01%, 0, 0, 1, 97.69
1735191338, 0, 9, 10, 5, 0, 0.01%, 0, 0, 1, 95.83
1735191348, 1, 0, 10, 4, 0, 0.01%, 0, 0, 1, 93.92
1735191358, 1, 1, 10, 3, 0, 0.01%, 0, 0, 1, 102.35
1735191374, 1, 2, 10, 2, 0, 0.01%, 0, 0, 1, 90.49
1735191384, 1, 3, 10, 1, 0, 0.01%, 0, 0, 1, 96.72
1735191399, 1, 5, 10, 0, 0, 0.01%, 0, 0, 1, 98.87
1735191404, 1, 6, 10, 0, 0, 0.01%, 0, 0, 1, 100.77
1735191409, 1, 7, 10, 0, 0, 0.01%, 0, 0, 1, 102.72
1735191414, 1, 9, 10, 0, 0, 0.01%, 0, 0, 1, 101.33
1735191420, 2, 0, 10, 0, 0, 0.01%, 0, 0, 1, 101.78
1735191425, 2, 2, 10, 0, 0, 0.01%, 0, 0, 1, 100.60
1735191430, 2, 3, 10, 0, 0, 0.01%, 0, 0, 1, 101.33
1735191435, 2, 4, 10, 0, 0, 0.01%, 0, 0, 1, 102.89
1735191440, 2, 6, 10, 0, 0, 0.01%, 0, 0, 1, 103.94
1735191445, 2, 7, 10, 0, 0, 0.01%, 0, 0, 1, 102.26
1735191450, 2, 9, 10, 0, 0, 0.01%, 0, 0, 1, 99.87
1735191455, 3, 0, 10, 0, 0, 0.01%, 0, 0, 1, 103.61
1735191460, 3, 2, 10, 0, 0, 0.01%, 0, 0, 1, 103.87
1735191465, 3, 3, 10, 0, 0, 0.01%, 0, 0, 1, 104.02
1735191471, 3, 4, 10, 0, 0, 0.01%, 0, 0, 1, 102.23
1735191476, 3, 6, 10, 0, 0, 0.01%, 0, 0, 1, 102.27
1735191481, 3, 7, 10, 0, 0, 0.01%, 0, 0, 1, 103.07
1735191486, 3, 9, 10, 0, 0, 0.01%, 0, 0, 1, 103.05
1735191491, 4, 0, 10, 0, 0, 0.01%, 0, 0, 1, 103.72
1735191496, 4, 2, 10, 0, 0, 0.01%, 0, 0, 1, 103.57
1735191501, 4, 3, 10, 0, 0, 0.01%, 0, 0, 1, 103.33
1735191506, 4, 4, 10, 0, 0, 0.01%, 0, 0, 1, 103.71
1735191511, 4, 6, 10, 0, 0, 0.01%, 0, 0, 1, 105.56
1735191516, 4, 7, 10, 0, 0, 0.01%, 0, 0, 1, 103.32
1735191521, 4, 9, 10, 0, 0, 0.01%, 0, 0, 1, 101.99
1735191526, 5, 0, 10, 0, 0, 0.01%, 0, 0, 1, 103.07
1735191531, 5, 1, 10, 0, 0, 0.01%, 0, 0, 1, 101.51
1735191536, 5, 3, 10, 0, 0, 0.01%, 0, 0, 1, 102.03
1735191542, 5, 4, 10, 0, 0, 0.01%, 0, 0, 1, 103.99
1735191547, 5, 6, 10, 0, 0, 0.01%, 0, 0, 1, 102.48
1735191552, 5, 7, 10, 0, 0, 0.01%, 0, 0, 1, 102.62
1735191557, 5, 9, 10, 0, 0, 0.01%, 0, 0, 1, 103.62
1735191562, 6, 0, 10, 0, 0, 0.01%, 0, 0, 1, 101.16
1735191567, 6, 1, 10, 0, 0, 0.01%, 0, 0, 1, 100.64
1735191572, 6, 3, 10, 0, 0, 0.01%, 0, 0, 1, 101.59
1735191578, 6, 4, 10, 0, 0, 0.01%, 0, 0, 1, 102.45
1735191583, 6, 6, 10, 0, 0, 0.01%, 0, 0, 1, 102.69
1735191588, 6, 7, 10, 0, 0, 0.01%, 0, 0, 1, 101.16
1735191593, 6, 8, 10, 0, 0, 0.01%, 0, 0, 1, 102.09
1735191598, 7, 0, 10, 0, 0, 0.01%, 0, 0, 1, 102.02
1735191603, 7, 1, 10, 0, 0, 0.01%, 0, 0, 1, 101.99
1735191608, 7, 3, 10, 0, 0, 0.01%, 0, 0, 1, 102.09
1735191613, 7, 4, 10, 0, 0, 0.01%, 0, 0, 1, 101.05
1735191618, 7, 5, 10, 0, 0, 0.01%, 0, 0, 1, 102.40
1735191623, 7, 7, 10, 0, 0, 0.01%, 0, 0, 1, 101.67
1735191628, 7, 8, 10, 0, 0, 0.01%, 0, 0, 1, 103.34
1735191633, 8, 0, 10, 0, 0, 0.01%, 0, 0, 1, 105.01
1735191638, 8, 1, 10, 0, 0, 0.01%, 0, 0, 1, 102.29
1735191643, 8, 2, 10, 0, 0, 0.01%, 0, 0, 1, 102.39
1735191648, 8, 4, 10, 0, 0, 0.01%, 0, 0, 1, 104.10
1735191653, 8, 5, 10, 0, 0, 0.01%, 0, 0, 1, 102.08
1735191658, 8, 7, 10, 0, 0, 0.01%, 0, 0, 1, 102.64
1735191663, 8, 8, 10, 0, 0, 0.01%, 0, 0, 1, 102.16
1735191668, 9, 0, 10, 0, 0, 0.01%, 0, 0, 1, 102.04
1735191673, 9, 1, 10, 0, 0, 0.01%, 0, 0, 1, 101.00
1735191679, 9, 2, 10, 0, 0, 0.01%, 0, 0, 1, 102.03
1735191684, 9, 4, 10, 0, 0, 0.01%, 0, 0, 1, 105.14
1735191689, 9, 5, 10, 0, 0, 0.01%, 0, 0, 1, 103.19
1735191694, 9, 7, 10, 0, 0, 0.01%, 0, 0, 1, 100.92
1735191699, 9, 8, 10, 0, 0, 0.01%, 0, 0, 1, 103.51
1735191704, 10, 0, 10, 0, 0, 0.01%, 0, 0, 1, 105.75
1735191709, 10, 1, 10, 0, 0, 0.01%, 0, 0, 1, 100.66
1735191714, 10, 2, 10, 0, 0, 0.01%, 0, 0, 1, 104.49
1735191719, 10, 4, 10, 0, 0, 0.01%, 0, 0, 1, 101.66
1735191724, 10, 5, 10, 0, 0, 0.01%, 0, 0, 1, 101.54
1735191729, 10, 6, 10, 0, 0, 0.01%, 0, 0, 1, 103.20
1735191734, 10, 8, 10, 0, 0, 0.01%, 0, 0, 1, 105.47
1735191739, 10, 9, 10, 0, 0, 0.01%, 0, 0, 1, 103.23
1735191744, 11, 1, 10, 0, 0, 0.01%, 0, 0, 1, 102.69
1735191749, 11, 2, 10, 0, 0, 0.01%, 0, 0, 1, 104.92
1735191754, 11, 4, 10, 0, 0, 0.01%, 0, 0, 1, 102.13
1735191759, 11, 5, 10, 0, 0, 0.01%, 0, 0, 1, 106.29
1735191764, 11, 6, 10, 0, 0, 0.01%, 0, 0, 1, 104.08
1735191769, 11, 8, 10, 0, 0, 0.01%, 0, 0, 1, 102.60
1735191775, 11, 9, 10, 0, 0, 0.01%, 0, 0, 1, 100.92
1735191780, 12, 1, 10, 0, 0, 0.01%, 0, 0, 1, 101.08
1735191785, 12, 2, 10, 0, 0, 0.01%, 0, 0, 1, 102.07
1735191790, 12, 4, 10, 0, 0, 0.01%, 0, 0, 1, 101.79
1735191795, 12, 5, 10, 0, 0, 0.01%, 0, 0, 1, 101.82
1735191800, 12, 6, 10, 0, 0, 0.01%, 0, 0, 1, 101.19
1735191805, 12, 8, 10, 0, 0, 0.01%, 0, 0, 1, 102.73
1735191810, 12, 9, 10, 0, 0, 0.01%, 0, 0, 1, 102.50
1735191816, 13, 1, 10, 0, 0, 0.01%, 0, 0, 1, 101.18
1735191821, 13, 2, 10, 0, 0, 0.01%, 0, 0, 1, 102.10
1735191826, 13, 4, 10, 0, 0, 0.01%, 0, 0, 1, 100.80
1735191831, 13, 5, 10, 0, 0, 0.01%, 0, 0, 1, 104.27
1735191836, 13, 6, 10, 0, 0, 0.01%, 0, 0, 1, 103.18
1735191841, 13, 8, 10, 0, 0, 0.01%, 0, 0, 1, 101.75
1735191846, 13, 9, 10, 0, 0, 0.01%, 0, 0, 1, 104.09
1735191851, 14, 1, 10, 0, 0, 0.01%, 0, 0, 1, 103.04
1735191856, 14, 2, 10, 0, 0, 0.01%, 0, 0, 1, 102.25
1735191862, 14, 3, 10, 0, 0, 0.01%, 0, 0, 1, 99.92
1735191867, 14, 5, 10, 0, 0, 0.01%, 0, 0, 1, 103.56
1735191872, 14, 6, 10, 0, 0, 0.01%, 0, 0, 1, 100.63
1735191877, 14, 8, 10, 0, 0, 0.01%, 0, 0, 1, 101.57
1735191882, 14, 9, 10, 0, 0, 0.01%, 0, 0, 1, 101.20
1735191887, 15, 0, 10, 0, 0, 0.01%, 0, 0, 1, 102.59
1735191892, 15, 2, 10, 0, 0, 0.01%, 0, 0, 1, 106.61
1735191897, 15, 3, 10, 0, 0, 0.01%, 0, 0, 1, 107.10
1735191902, 15, 5, 10, 0, 0, 0.01%, 0, 0, 1, 106.08
1735191907, 15, 6, 10, 0, 0, 0.01%, 0, 0, 1, 106.10
1735191912, 15, 8, 10, 0, 0, 0.01%, 0, 0, 1, 108.28
1735191917, 15, 9, 10, 0, 0, 0.01%, 0, 0, 1, 105.25
1735191922, 16, 1, 10, 0, 0, 0.01%, 0, 0, 1, 103.46
1735191927, 16, 2, 10, 0, 0, 0.01%, 0, 0, 1, 105.76
1735191932, 16, 4, 10, 0, 0, 0.01%, 0, 0, 1, 105.72
1735191937, 16, 5, 10, 0, 0, 0.01%, 0, 0, 1, 105.94
1735191943, 16, 7, 10, 0, 0, 0.01%, 0, 0, 1, 107.78
1735191948, 16, 8, 10, 0, 0, 0.01%, 0, 0, 1, 104.92
1735191953, 16, 9, 10, 0, 0, 0.01%, 0, 0, 1, 103.27
1735191958, 17, 1, 10, 0, 0, 0.01%, 0, 0, 1, 105.24
1735191963, 17, 2, 10, 0, 0, 0.01%, 0, 0, 1, 105.53
1735191968, 17, 4, 10, 0, 0, 0.01%, 0, 0, 1, 106.21
1735191973, 17, 5, 10, 0, 0, 0.01%, 0, 0, 1, 106.07
1735191978, 17, 7, 10, 0, 0, 0.01%, 0, 0, 1, 105.90
1735191983, 17, 8, 10, 0, 0, 0.01%, 0, 0, 1, 107.22
1735191988, 18, 0, 10, 0, 0, 0.01%, 0, 0, 1, 109.76
1735191993, 18, 1, 10, 0, 0, 0.01%, 0, 0, 1, 110.12
1735191998, 18, 3, 10, 0, 0, 0.01%, 0, 0, 1, 105.98
1735192003, 18, 4, 10, 0, 0, 0.01%, 0, 0, 1, 105.31
1735192008, 18, 6, 10, 0, 0, 0.01%, 0, 0, 1, 107.15
1735192014, 18, 7, 10, 0, 0, 0.01%, 0, 0, 1, 106.54
1735192019, 18, 9, 10, 0, 0, 0.01%, 0, 0, 1, 106.16
1735192024, 19, 0, 10, 0, 0, 0.01%, 0, 0, 1, 106.25
1735192029, 19, 2, 10, 0, 0, 0.01%, 0, 0, 1, 108.33
1735192034, 19, 3, 10, 0, 0, 0.01%, 0, 0, 1, 107.12
1735192040, 19, 5, 10, 0, 0, 0.01%, 0, 0, 1, 106.58
1735192045, 19, 6, 10, 0, 0, 0.01%, 0, 0, 1, 105.94
1735192050, 19, 8, 10, 0, 0, 0.01%, 0, 0, 1, 108.29
1735192055, 19, 9, 10, 0, 0, 0.01%, 0, 0, 1, 107.54
1735192060, 20, 1, 10, 0, 0, 0.01%, 0, 0, 1, 105.25
1735192065, 20, 2, 10, 0, 0, 0.01%, 0, 0, 1, 107.02
1735192070, 20, 3, 10, 0, 0, 0.01%, 0, 0, 1, 107.85
1735192075, 20, 5, 10, 0, 0, 0.01%, 0, 0, 1, 106.66
1735192080, 20, 6, 10, 0, 0, 0.01%, 0, 0, 1, 104.31
1735192085, 20, 8, 10, 0, 0, 0.01%, 0, 0, 1, 105.47
1735192090, 20, 9, 10, 0, 0, 0.01%, 0, 0, 1, 103.81
1735192095, 21, 1, 10, 0, 0, 0.01%, 0, 0, 1, 102.62
1735192100, 21, 2, 10, 0, 0, 0.01%, 0, 0, 1, 107.44
1735192105, 21, 4, 10, 0, 0, 0.01%, 0, 0, 1, 107.37
1735192110, 21, 5, 10, 0, 0, 0.01%, 0, 0, 1, 106.62
1735192115, 21, 7, 10, 0, 0, 0.01%, 0, 0, 1, 106.82
1735192121, 21, 8, 10, 0, 0, 0.01%, 0, 0, 1, 110.62
1735192126, 22, 0, 10, 0, 0, 0.01%, 0, 0, 1, 109.23
1735192131, 22, 1, 10, 0, 0, 0.01%, 0, 0, 1, 104.91
1735192136, 22, 2, 10, 0, 0, 0.01%, 0, 0, 1, 108.02
1735192141, 22, 4, 10, 0, 0, 0.01%, 0, 0, 1, 107.52
1735192146, 22, 5, 10, 0, 0, 0.01%, 0, 0, 1, 103.20
1735192151, 22, 7, 10, 0, 0, 0.01%, 0, 0, 1, 105.35
1735192156, 22, 8, 10, 0, 0, 0.01%, 0, 0, 1, 106.51
1735192161, 23, 0, 10, 0, 0, 0.01%, 0, 0, 1, 107.72
1735192166, 23, 1, 10, 0, 0, 0.01%, 0, 0, 1, 108.82
1735192171, 23, 3, 10, 0, 0, 0.01%, 0, 0, 1, 108.51
1735192177, 23, 4, 10, 0, 0, 0.01%, 0, 0, 1, 106.14
1735192182, 23, 6, 10, 0, 0, 0.01%, 0, 0, 1, 107.14
1735192187, 23, 7, 10, 0, 0, 0.01%, 0, 0, 1, 106.63
1735192192, 23, 9, 10, 0, 0, 0.01%, 0, 0, 1, 105.96
1735192197, 24, 0, 10, 0, 0, 0.01%, 0, 0, 1, 111.06
1735192202, 24, 2, 10, 0, 0, 0.01%, 0, 0, 1, 108.52
1735192207, 24, 3, 10, 0, 0, 0.01%, 0, 0, 1, 107.74
1735192212, 24, 5, 10, 0, 0, 0.01%, 0, 0, 1, 109.01
1735192217, 24, 6, 10, 0, 0, 0.01%, 0, 0, 1, 108.56
1735192222, 24, 8, 10, 0, 0, 0.01%, 0, 0, 1, 109.26
1735192227, 24, 9, 10, 0, 0, 0.01%, 0, 0, 1, 109.42
1735192232, 25, 1, 10, 0, 0, 0.01%, 0, 0, 1, 106.71
1735192238, 25, 2, 10, 0, 0, 0.01%, 0, 0, 1, 107.58
1735192243, 25, 4, 10, 0, 0, 0.01%, 0, 0, 1, 107.14
1735192248, 25, 5, 10, 0, 0, 0.01%, 0, 0, 1, 105.54
1735192253, 25, 7, 10, 0, 0, 0.01%, 0, 0, 1, 105.88
1735192258, 25, 8, 10, 0, 0, 0.01%, 0, 0, 1, 105.25
1735192263, 25, 9, 10, 0, 0, 0.01%, 0, 0, 1, 100.76
1735192268, 26, 1, 10, 0, 0, 0.01%, 0, 0, 1, 107.51
1735192273, 26, 2, 10, 0, 0, 0.01%, 0, 0, 1, 106.52
1735192278, 26, 4, 10, 0, 0, 0.01%, 0, 0, 1, 106.34
1735192284, 26, 5, 10, 0, 0, 0.01%, 0, 0, 1, 106.89
1735192289, 26, 7, 10, 0, 0, 0.01%, 0, 0, 1, 106.76
1735192294, 26, 8, 10, 0, 0, 0.01%, 0, 0, 1, 106.15
1735192299, 27, 0, 10, 0, 0, 0.01%, 0, 0, 1, 110.06
1735192304, 27, 1, 10, 0, 0, 0.01%, 0, 0, 1, 105.93
1735192309, 27, 3, 10, 0, 0, 0.01%, 0, 0, 1, 107.92
1735192314, 27, 4, 10, 0, 0, 0.01%, 0, 0, 1, 106.60
1735192319, 27, 6, 10, 0, 0, 0.01%, 0, 0, 1, 108.42
1735192324, 27, 7, 10, 0, 0, 0.01%, 0, 0, 1, 107.39
1735192330, 27, 9, 10, 0, 0, 0.01%, 0, 0, 1, 107.15
1735192335, 28, 0, 10, 0, 0, 0.01%, 0, 0, 1, 108.12
1735192340, 28, 2, 10, 0, 0, 0.01%, 0, 0, 1, 106.81
1735192345, 28, 3, 10, 0, 0, 0.01%, 0, 0, 1, 104.94
1735192350, 28, 5, 10, 0, 0, 0.01%, 0, 0, 1, 106.17
1735192355, 28, 6, 10, 0, 0, 0.01%, 0, 0, 1, 106.24
1735192360, 28, 8, 10, 0, 0, 0.01%, 0, 0, 1, 107.12
1735192365, 28, 9, 10, 0, 0, 0.01%, 0, 0, 1, 106.07
1735192370, 29, 1, 10, 0, 0, 0.01%, 0, 0, 1, 106.82
1735192375, 29, 2, 10, 0, 0, 0.01%, 0, 0, 1, 107.20
1735192381, 29, 4, 10, 0, 0, 0.01%, 0, 0, 1, 109.21
1735192386, 29, 5, 10, 0, 0, 0.01%, 0, 0, 1, 106.34
1735192391, 29, 7, 10, 0, 0, 0.01%, 0, 0, 1, 106.83
1735192396, 29, 8, 10, 0, 0, 0.01%, 0, 0, 1, 106.77
1735192401, 30, 0, 10, 0, 0, 0.01%, 0, 0, 1, 107.58
1735192406, 30, 1, 10, 0, 0, 0.01%, 0, 0, 1, 105.68
1735192411, 30, 2, 10, 0, 0, 0.01%, 0, 0, 1, 105.92
1735192416, 30, 4, 10, 0, 0, 0.01%, 0, 0, 1, 109.18
1735192422, 30, 5, 10, 0, 0, 0.01%, 0, 0, 1, 106.93
1735192427, 30, 7, 10, 0, 0, 0.01%, 0, 0, 1, 109.39
1735192432, 30, 8, 10, 0, 0, 0.01%, 0, 0, 1, 107.58
1735192437, 31, 0, 10, 0, 0, 0.01%, 0, 0, 1, 105.30
1735192442, 31, 1, 10, 0, 0, 0.01%, 0, 0, 1, 109.02
1735192447, 31, 3, 10, 0, 0, 0.01%, 0, 0, 1, 108.47
1735192452, 31, 4, 10, 0, 0, 0.01%, 0, 0, 1, 104.47
1735192457, 31, 6, 10, 0, 0, 0.01%, 0, 0, 1, 108.62
1735192462, 31, 7, 10, 0, 0, 0.01%, 0, 0, 1, 107.04
1735192467, 31, 9, 10, 0, 0, 0.01%, 0, 0, 1, 108.60
1735192472, 32, 0, 10, 0, 0, 0.01%, 0, 0, 1, 108.34
1735192478, 32, 2, 10, 0, 0, 0.01%, 0, 0, 1, 107.19
1735192483, 32, 3, 10, 0, 0, 0.01%, 0, 0, 1, 106.85
1735192488, 32, 5, 10, 0, 0, 0.01%, 0, 0, 1, 106.93
1735192493, 32, 6, 10, 0, 0, 0.01%, 0, 0, 1, 109.44
1735192498, 32, 8, 10, 0, 0, 0.01%, 0, 0, 1, 109.41
1735192503, 32, 9, 10, 0, 0, 0.01%, 0, 0, 1, 106.28
1735192508, 33, 1, 10, 0, 0, 0.01%, 0, 0, 1, 107.20
1735192513, 33, 2, 10, 0, 0, 0.01%, 0, 0, 1, 106.61
1735192518, 33, 4, 10, 0, 0, 0.01%, 0, 0, 1, 108.45
1735192523, 33, 5, 10, 0, 0, 0.01%, 0, 0, 1, 105.82
1735192529, 33, 7, 10, 0, 0, 0.01%, 0, 0, 1, 106.96
1735192534, 33, 8, 10, 0, 0, 0.01%, 0, 0, 1, 106.63
1735192539, 34, 0, 10, 0, 0, 0.01%, 0, 0, 1, 107.10
1735192544, 34, 1, 10, 0, 0, 0.01%, 0, 0, 1, 105.16
1735192549, 34, 3, 10, 0, 0, 0.01%, 0, 0, 1, 106.65
1735192554, 34, 4, 10, 0, 0, 0.01%, 0, 0, 1, 108.17
1735192560, 34, 6, 10, 0, 0, 0.01%, 0, 0, 1, 106.42
1735192565, 34, 7, 10, 0, 0, 0.01%, 0, 0, 1, 108.95
1735192570, 34, 9, 10, 0, 0, 0.01%, 0, 0, 1, 109.86
1735192575, 35, 0, 10, 0, 0, 0.01%, 0, 0, 1, 106.90
1735192580, 35, 2, 10, 0, 0, 0.01%, 0, 0, 1, 107.54
1735192585, 35, 3, 10, 0, 0, 0.01%, 0, 0, 1, 107.35
1735192590, 35, 5, 10, 0, 0, 0.01%, 0, 0, 1, 109.75
1735192595, 35, 6, 10, 0, 0, 0.01%, 0, 0, 1, 107.92
1735192600, 35, 8, 10, 0, 0, 0.01%, 0, 0, 1, 104.11
1735192606, 35, 9, 10, 0, 0, 0.01%, 0, 0, 1, 104.10
1735192611, 36, 1, 10, 0, 0, 0.01%, 0, 0, 1, 106.46
1735192616, 36, 2, 10, 0, 0, 0.01%, 0, 0, 1, 105.63
1735192621, 36, 3, 10, 0, 0, 0.01%, 0, 0, 1, 107.72
1735192626, 36, 5, 10, 0, 0, 0.01%, 0, 0, 1, 106.31
1735192631, 36, 6, 10, 0, 0, 0.01%, 0, 0, 1, 108.42
1735192636, 36, 8, 10, 0, 0, 0.01%, 0, 0, 1, 106.88
1735192641, 36, 9, 10, 0, 0, 0.01%, 0, 0, 1, 105.89
1735192646, 37, 1, 10, 0, 0, 0.01%, 0, 0, 1, 106.98
1735192651, 37, 2, 10, 0, 0, 0.01%, 0, 0, 1, 108.14
1735192656, 37, 4, 10, 0, 0, 0.01%, 0, 0, 1, 107.16
1735192661, 37, 5, 10, 0, 0, 0.01%, 0, 0, 1, 105.34
1735192666, 37, 7, 10, 0, 0, 0.01%, 0, 0, 1, 108.23
1735192671, 37, 8, 10, 0, 0, 0.01%, 0, 0, 1, 110.23
1735192677, 38, 0, 10, 0, 0, 0.01%, 0, 0, 1, 107.91
1735192682, 38, 1, 10, 0, 0, 0.01%, 0, 0, 1, 107.82
1735192687, 38, 3, 10, 0, 0, 0.01%, 0, 0, 1, 109.43
1735192692, 38, 4, 10, 0, 0, 0.01%, 0, 0, 1, 107.71
1735192697, 38, 6, 10, 0, 0, 0.01%, 0, 0, 1, 105.59
1735192702, 38, 7, 10, 0, 0, 0.01%, 0, 0, 1, 106.73
1735192707, 38, 9, 10, 0, 0, 0.01%, 0, 0, 1, 105.39
1735192712, 39, 0, 10, 0, 0, 0.01%, 0, 0, 1, 105.33
1735192717, 39, 2, 10, 0, 0, 0.01%, 0, 0, 1, 106.60
1735192722, 39, 3, 10, 0, 0, 0.01%, 0, 0, 1, 106.64
1735192727, 39, 5, 10, 0, 0, 0.01%, 0, 0, 1, 106.88
1735192733, 39, 6, 10, 0, 0, 0.01%, 0, 0, 1, 105.29
1735192738, 39, 8, 10, 0, 0, 0.01%, 0, 0, 1, 105.68
1735192743, 39, 9, 10, 0, 0, 0.01%, 0, 0, 1, 110.54
1735192748, 40, 0, 10, 0, 0, 0.01%, 0, 0, 1, 104.39
1735192753, 40, 2, 10, 0, 0, 0.01%, 0, 0, 1, 107.27
1735192758, 40, 3, 10, 0, 0, 0.01%, 0, 0, 1, 105.63
1735192763, 40, 5, 10, 0, 0, 0.01%, 0, 0, 1, 108.30
1735192768, 40, 6, 10, 0, 0, 0.01%, 0, 0, 1, 104.95
1735192773, 40, 8, 10, 0, 0, 0.01%, 0, 0, 1, 105.32
1735192778, 40, 9, 10, 0, 0, 0.01%, 0, 0, 1, 107.68
1735192783, 41, 1, 10, 0, 0, 0.01%, 0, 0, 1, 108.40
1735192788, 41, 2, 10, 0, 0, 0.01%, 0, 0, 1, 105.07
1735192793, 41, 4, 10, 0, 0, 0.01%, 0, 0, 1, 103.35
1735192798, 41, 5, 10, 0, 0, 0.01%, 0, 0, 1, 106.37
1735192804, 41, 7, 10, 0, 0, 0.01%, 0, 0, 1, 102.32
1735192809, 41, 8, 10, 0, 0, 0.01%, 0, 0, 1, 104.43
1735192814, 41, 9, 10, 0, 0, 0.01%, 0, 0, 1, 106.45
1735192819, 42, 1, 10, 0, 0, 0.01%, 0, 0, 1, 105.87
1735192824, 42, 2, 10, 0, 0, 0.01%, 0, 0, 1, 105.98
1735192829, 42, 4, 10, 0, 0, 0.01%, 0, 0, 1, 106.64
1735192834, 42, 5, 10, 0, 0, 0.01%, 0, 0, 1, 106.78
1735192839, 42, 7, 10, 0, 0, 0.01%, 0, 0, 1, 104.85
1735192844, 42, 8, 10, 0, 0, 0.01%, 0, 0, 1, 106.88
1735192849, 43, 0, 10, 0, 0, 0.01%, 0, 0, 1, 107.72
1735192855, 43, 1, 10, 0, 0, 0.01%, 0, 0, 1, 108.24
1735192860, 43, 2, 11, 1, 0, 0.16%, 1, 0, 2, 106.08
1735192865, 43, 10, 12, 2, 1, 0.16%, 2, 0, 3, 116.52
1735192946, 43, 11, 12, 1, 1, 0.16%, 2, 0, 3, 127.62
1735192951, 43, 11, 13, 2, 1, 0.16%, 3, 0, 4, 126.37
1735192961, 43, 11, 14, 3, 1, 0.16%, 3, 0, 4, 116.09
1735193012, 43, 11, 15, 4, 1, 0.17%, 4, 0, 4, 119.00
1735193078, 43, 12, 15, 3, 2, 0.17%, 4, 0, 4, 139.21
1735193088, 43, 12, 16, 4, 2, 0.17%, 4, 0, 5, 116.34
1735193114, 43, 12, 17, 5, 2, 0.17%, 4, 0, 5, 113.26
1735193124, 43, 12, 18, 6, 2, 0.17%, 4, 0, 5, 117.58
1735193139, 43, 12, 19, 7, 2, 0.17%, 4, 0, 5, 118.46
1735193195, 43, 12, 20, 8, 2, 0.17%, 4, 0, 5, 115.95
1735193252, 43, 14, 21, 8, 1, 0.17%, 5, 0, 5, 143.27
1735193267, 43, 14, 22, 9, 1, 0.17%, 5, 0, 5, 121.95
1735193277, 43, 14, 23, 10, 1, 0.17%, 5, 0, 5, 118.22
1735193359, 43, 14, 24, 11, 1, 0.17%, 5, 0, 5, 116.26
1735193369, 43, 14, 28, 15, 1, 0.17%, 6, 0, 5, 130.02
1735193374, 43, 14, 29, 16, 1, 0.17%, 7, 0, 5, 101.52
1735193379, 43, 14, 30, 17, 1, 0.17%, 7, 0, 5, 98.18
1735193395, 43, 20, 30, 16, 1, 0.17%, 7, 0, 5, 140.24
1735193410, 43, 20, 31, 17, 1, 0.17%, 7, 0, 6, 119.55
1735193441, 43, 20, 32, 18, 1, 0.17%, 7, 0, 6, 117.99
1735193532, 43, 21, 32, 17, 0, 0.17%, 7, 0, 6, 137.91
1735193568, 43, 21, 33, 18, 0, 0.17%, 7, 0, 6, 122.10
1735193640, 43, 21, 34, 19, 0, 0.17%, 7, 0, 6, 128.42
1735193666, 43, 30, 34, 18, 0, 0.17%, 7, 0, 6, 133.04
1735193676, 43, 30, 35, 19, 0, 0.17%, 7, 0, 7, 125.04
1735193804, 43, 34, 35, 18, 0, 0.17%, 7, 0, 7, 168.61
1735193819, 43, 34, 36, 19, 0, 0.17%, 7, 0, 8, 127.80
1735193927, 44, 11, 36, 18, 0, 0.17%, 7, 0, 8, 128.57
1735193942, 44, 12, 36, 18, 0, 0.17%, 7, 0, 8, 113.30
1735193968, 44, 14, 36, 18, 0, 0.17%, 7, 0, 8, 119.82
1735194008, 44, 15, 36, 18, 0, 0.17%, 7, 0, 8, 129.09
1735194419, 44, 17, 36, 17, 0, 0.17%, 7, 0, 8, 201.28
1735194507, 44, 18, 36, 16, 0, 0.17%, 7, 0, 8, 151.07
1735194598, 44, 23, 36, 15, 0, 0.17%, 7, 0, 8, 116.86
1735194970, 44, 23, 37, 16, 0, 0.17%, 7, 0, 8, 134.41
1735194980, 44, 24, 37, 15, 0, 0.17%, 7, 0, 8, 179.38
1735195062, 44, 27, 37, 14, 0, 0.17%, 7, 0, 8, 139.79
1735195251, 44, 31, 37, 13, 0, 0.17%, 7, 0, 8, 213.61
1735195327, 44, 32, 37, 12, 0, 0.17%, 7, 0, 8, 140.57
1735195348, 44, 32, 38, 13, 0, 0.17%, 7, 0, 8, 123.64
1735195456, 44, 34, 38, 12, 0, 0.17%, 7, 0, 8, 136.69
1735195476, 44, 35, 38, 12, 0, 0.17%, 7, 0, 8, 135.46
1735195558, 45, 11, 38, 11, 0, 0.17%, 7, 0, 8, 118.64
1735195568, 45, 12, 38, 11, 0, 0.17%, 7, 0, 8, 118.92
1735195594, 45, 14, 38, 11, 0, 0.17%, 7, 0, 8, 122.67
1735195630, 45, 26, 38, 11, 0, 0.17%, 7, 0, 8, 145.50
1735195691, 45, 33, 38, 10, 0, 0.17%, 7, 0, 8, 160.29
1735195773, 45, 34, 38, 9, 0, 0.17%, 7, 0, 8, 132.01
1735195794, 45, 37, 38, 9, 0, 0.17%, 7, 0, 8, 163.92
1735195871, 46, 6, 38, 8, 0, 0.17%, 7, 0, 8, 134.67
1735195876, 46, 11, 38, 8, 0, 0.17%, 7, 0, 8, 123.61
1735195886, 46, 12, 38, 8, 0, 0.17%, 7, 0, 8, 124.72
1735195917, 46, 13, 38, 8, 0, 0.17%, 7, 0, 8, 153.83
1735195968, 46, 14, 38, 7, 0, 0.17%, 7, 0, 8, 114.52
1735196004, 46, 25, 38, 7, 0, 0.17%, 7, 0, 8, 158.94
1735196081, 46, 28, 38, 6, 0, 0.17%, 7, 0, 8, 130.47
1735196295, 46, 34, 38, 5, 0, 0.17%, 7, 0, 8, 130.99
1735196316, 47, 11, 38, 5, 0, 0.17%, 7, 0, 8, 131.25
1735196331, 47, 12, 38, 5, 0, 0.17%, 7, 0, 8, 124.25
1735196362, 47, 14, 38, 5, 0, 0.17%, 7, 0, 8, 120.33
1735196398, 47, 34, 38, 5, 0, 0.17%, 7, 0, 8, 136.17
1735196418, 48, 11, 38, 5, 0, 0.17%, 7, 0, 8, 122.90
1735196429, 48, 12, 38, 5, 0, 0.17%, 7, 0, 8, 130.22
1735196459, 48, 14, 38, 5, 0, 0.17%, 7, 0, 8, 124.42
1735196480, 48, 14, 39, 6, 0, 0.17%, 7, 0, 8, 121.10
1735196495, 48, 34, 39, 6, 0, 0.17%, 7, 0, 8, 122.83
1735196521, 48, 36, 39, 6, 0, 0.17%, 7, 0, 8, 202.84
1735196572, 49, 4, 39, 5, 0, 0.17%, 7, 0, 8, 128.03
1735196577, 49, 11, 39, 5, 0, 0.17%, 7, 0, 8, 128.08
1735196587, 49, 12, 39, 5, 0, 0.17%, 7, 0, 8, 125.38
1735196608, 49, 14, 39, 5, 0, 0.17%, 7, 0, 8, 132.23
1735196628, 49, 34, 39, 5, 0, 0.17%, 7, 0, 8, 126.19
1735196654, 49, 35, 39, 5, 0, 0.17%, 7, 0, 8, 146.23
1735196685, 50, 11, 39, 5, 0, 0.17%, 7, 0, 8, 120.18
1735196695, 50, 12, 39, 5, 0, 0.17%, 7, 0, 8, 119.38
1735196716, 50, 14, 39, 5, 0, 0.17%, 7, 0, 8, 132.29
1735196736, 50, 18, 39, 5, 0, 0.17%, 7, 0, 8, 124.85
1735196757, 50, 19, 39, 5, 0, 0.17%, 7, 0, 8, 130.43
1735197011, 50, 22, 39, 4, 0, 0.17%, 7, 0, 8, 112.01
1735197506, 50, 24, 39, 3, 0, 0.17%, 7, 0, 8, 139.50
1735197526, 50, 29, 39, 3, 0, 0.17%, 7, 0, 8, 184.03
1735197578, 50, 34, 39, 2, 0, 0.17%, 7, 0, 8, 132.83
1735197598, 51, 11, 39, 2, 0, 0.17%, 7, 0, 8, 125.88
1735197608, 51, 12, 39, 2, 0, 0.17%, 7, 0, 8, 126.72
1735197629, 51, 14, 39, 2, 0, 0.17%, 7, 0, 8, 126.34
1735197650, 51, 16, 39, 2, 0, 0.17%, 7, 0, 8, 168.12
1735197701, 51, 24, 39, 1, 0, 0.17%, 7, 0, 8, 139.67
1735197721, 51, 34, 39, 1, 0, 0.17%, 7, 0, 8, 127.31
1735197747, 52, 11, 39, 1, 0, 0.17%, 7, 0, 8, 126.71
1735197758, 52, 12, 39, 1, 0, 0.17%, 7, 0, 8, 123.38
1735197778, 52, 14, 39, 1, 0, 0.17%, 7, 0, 8, 123.10
1735197799, 52, 19, 39, 1, 0, 0.17%, 7, 0, 8, 143.21
1735197819, 52, 34, 39, 1, 0, 0.17%, 7, 0, 8, 125.42
1735197840, 53, 3, 39, 1, 0, 0.17%, 7, 0, 8, 135.69
1735197845, 53, 11, 39, 1, 0, 0.17%, 7, 0, 8, 128.27
1735197850, 53, 12, 39, 1, 0, 0.17%, 7, 0, 8, 124.84
1735197861, 53, 14, 39, 1, 0, 0.17%, 7, 0, 8, 122.44
1735197876, 53, 34, 39, 1, 0, 0.17%, 7, 0, 8, 130.50
1735197886, 53, 36, 39, 1, 0, 0.17%, 7, 0, 8, 144.56
1735197907, 53, 37, 39, 1, 0, 0.17%, 7, 0, 8, 132.22
1735197927, 53, 38, 39, 1, 0, 0.17%, 7, 0, 8, 140.93
1735198231, 54, 11, 39, 0, 0, 0.17%, 7, 0, 8, 140.83
1735198236, 54, 12, 39, 0, 0, 0.17%, 7, 0, 8, 129.21
1735198246, 54, 14, 39, 0, 0, 0.17%, 7, 0, 8, 123.95
1735198257, 54, 19, 39, 0, 0, 0.17%, 7, 0, 8, 150.66
1735198277, 54, 34, 39, 0, 0, 0.17%, 7, 0, 8, 133.07
1735198287, 55, 11, 39, 0, 0, 0.17%, 7, 0, 8, 127.75
1735198292, 55, 12, 39, 0, 0, 0.17%, 7, 0, 8, 128.17
1735198303, 55, 14, 39, 0, 0, 0.17%, 7, 0, 8, 124.65
1735198318, 55, 19, 39, 0, 0, 0.17%, 7, 0, 8, 153.22
1735198333, 55, 34, 39, 0, 0, 0.17%, 7, 0, 8, 149.74
1735198349, 56, 11, 39, 0, 0, 0.17%, 7, 0, 8, 128.58
1735198354, 56, 12, 39, 0, 0, 0.17%, 7, 0, 8, 125.09
1735198359, 56, 14, 39, 0, 0, 0.17%, 7, 0, 8, 124.72
1735198365, 56, 34, 39, 0, 0, 0.17%, 7, 0, 8, 135.80
1735198370, 57, 12, 39, 0, 0, 0.17%, 7, 0, 8, 133.43
1735198375, 57, 14, 39, 0, 0, 0.17%, 7, 0, 8, 125.45
1735198385, 57, 19, 39, 0, 0, 0.17%, 7, 0, 8, 161.48
1735198405, 57, 34, 39, 0, 0, 0.17%, 7, 0, 8, 131.51
1735198410, 58, 10, 39, 0, 0, 0.17%, 7, 0, 8, 122.13
1735198421, 58, 11, 39, 0, 0, 0.17%, 7, 0, 8, 130.33
1735198426, 58, 14, 39, 0, 0, 0.17%, 7, 0, 8, 136.75
1735198436, 58, 34, 39, 0, 0, 0.17%, 7, 0, 8, 125.06
1735198441, 59, 12, 39, 0, 0, 0.17%, 7, 0, 8, 126.36
1735198446, 59, 14, 39, 0, 0, 0.17%, 7, 0, 8, 131.01
1735198452, 59, 34, 39, 0, 0, 0.17%, 7, 0, 8, 132.71
1735198457, 60, 11, 39, 0, 0, 0.17%, 7, 0, 8, 130.82
1735198462, 60, 12, 39, 0, 0, 0.17%, 7, 0, 8, 127.34
1735198467, 60, 14, 39, 0, 0, 0.17%, 7, 0, 8, 123.84
1735198472, 60, 18, 39, 0, 0, 0.17%, 7, 0, 8, 142.25
1735198493, 60, 19, 39, 0, 0, 0.17%, 7, 0, 8, 145.21
1735198508, 60, 34, 39, 0, 0, 0.17%, 7, 0, 8, 140.60
1735198518, 60, 38, 39, 0, 0, 0.17%, 7, 0, 8, 177.50
1735198539, 61, 12, 39, 0, 0, 0.17%, 7, 0, 8, 133.26
1735198544, 61, 14, 39, 0, 0, 0.17%, 7, 0, 8, 131.49
1735198549, 61, 26, 39, 0, 0, 0.17%, 7, 0, 8, 132.34
1735198569, 61, 34, 39, 0, 0, 0.17%, 7, 0, 8, 122.97
1735198580, 61, 35, 39, 0, 0, 0.17%, 7, 0, 8, 141.52
1735198610, 62, 12, 39, 0, 0, 0.17%, 7, 0, 8, 130.94
1735198615, 62, 14, 39, 0, 0, 0.17%, 7, 0, 8, 124.48
1735198621, 62, 32, 39, 0, 0, 0.17%, 7, 0, 8, 128.87
1735198641, 62, 34, 39, 0, 0, 0.17%, 7, 0, 8, 142.02
1735198652, 62, 38, 39, 0, 0, 0.17%, 7, 0, 8, 182.46
1735198667, 63, 11, 39, 0, 0, 0.17%, 7, 0, 8, 135.45
1735198672, 63, 12, 39, 0, 0, 0.17%, 7, 0, 8, 124.98
1735198677, 63, 14, 39, 0, 0, 0.17%, 7, 0, 8, 128.40
1735198682, 63, 34, 39, 0, 0, 0.17%, 7, 0, 8, 128.55
1735198687, 64, 11, 39, 0, 0, 0.17%, 7, 0, 8, 130.59
1735198693, 64, 12, 39, 0, 0, 0.17%, 7, 0, 8, 130.60
1735198698, 64, 14, 39, 0, 0, 0.17%, 7, 0, 8, 133.71
1735198703, 64, 15, 39, 0, 0, 0.17%, 7, 0, 8, 163.70
1735198723, 64, 34, 39, 0, 0, 0.17%, 7, 0, 8, 126.85
1735198729, 65, 12, 39, 0, 0, 0.17%, 7, 0, 8, 138.07
1735198739, 65, 14, 39, 0, 0, 0.17%, 7, 0, 8, 122.73
1735198744, 65, 24, 39, 0, 0, 0.17%, 7, 0, 8, 134.39
1735198764, 65, 30, 39, 0, 0, 0.17%, 7, 0, 8, 130.08
1735198785, 65, 34, 39, 0, 0, 0.17%, 7, 0, 8, 135.70
1735198790, 66, 11, 39, 0, 0, 0.17%, 7, 0, 8, 130.40
1735198795, 66, 12, 39, 0, 0, 0.17%, 7, 0, 8, 130.41
1735198800, 66, 14, 39, 0, 0, 0.17%, 7, 0, 8, 131.34
1735198806, 66, 21, 39, 0, 0, 0.17%, 7, 0, 8, 124.63
1735198826, 66, 26, 39, 0, 0, 0.17%, 7, 0, 8, 128.63
1735198852, 66, 27, 39, 0, 0, 0.17%, 7, 0, 8, 156.37
1735198872, 66, 34, 39, 0, 0, 0.17%, 7, 0, 8, 125.80
1735198878, 67, 11, 39, 0, 0, 0.17%, 7, 0, 8, 133.12
1735198883, 67, 12, 39, 0, 0, 0.17%, 7, 0, 8, 127.03
1735198888, 67, 14, 39, 0, 0, 0.17%, 7, 0, 8, 127.35
1735198893, 67, 29, 39, 0, 0, 0.17%, 7, 0, 8, 133.82
1735198908, 67, 34, 39, 0, 0, 0.17%, 7, 0, 8, 133.91
1735198914, 67, 36, 39, 0, 0, 0.17%, 7, 0, 8, 135.66
1735198939, 68, 12, 39, 0, 0, 0.17%, 7, 0, 8, 131.84
1735198945, 68, 14, 39, 0, 0, 0.17%, 7, 0, 8, 127.96
1735198950, 68, 32, 39, 0, 0, 0.17%, 7, 0, 8, 130.56
1735198975, 68, 34, 39, 0, 0, 0.17%, 7, 0, 8, 135.52
1735198980, 69, 12, 39, 0, 0, 0.17%, 7, 0, 8, 131.46
1735198985, 69, 14, 39, 0, 0, 0.17%, 7, 0, 8, 129.97
1735198991, 69, 34, 39, 0, 0, 0.17%, 7, 0, 8, 137.35
1735198996, 70, 11, 39, 0, 0, 0.17%, 7, 0, 8, 127.48
1735199001, 70, 12, 39, 0, 0, 0.17%, 7, 0, 8, 117.32
1735199006, 70, 14, 39, 0, 0, 0.17%, 7, 0, 8, 120.32
1735199011, 70, 25, 39, 0, 0, 0.17%, 7, 0, 8, 137.95
1735199032, 70, 34, 39, 0, 0, 0.17%, 7, 0, 8, 134.92
1735199037, 71, 12, 39, 0, 0, 0.17%, 7, 0, 8, 128.93
1735199042, 71, 14, 39, 0, 0, 0.17%, 7, 0, 8, 126.92
1735199052, 71, 34, 39, 0, 0, 0.17%, 7, 0, 8, 138.00
1735199058, 72, 12, 39, 0, 0, 0.17%, 7, 0, 8, 127.42
1735199063, 72, 14, 39, 0, 0, 0.17%, 7, 0, 8, 123.65
1735199068, 72, 34, 39, 0, 0, 0.17%, 7, 0, 8, 132.00
1735199073, 73, 11, 39, 0, 0, 0.17%, 7, 0, 8, 134.27
1735199078, 73, 12, 39, 0, 0, 0.17%, 7, 0, 8, 124.45
1735199084, 73, 14, 39, 0, 0, 0.17%, 7, 0, 8, 126.32
1735199089, 73, 23, 39, 0, 0, 0.17%, 7, 0, 8, 158.43
1735199109, 73, 34, 39, 0, 0, 0.17%, 7, 0, 8, 134.77
1735199114, 74, 12, 39, 0, 0, 0.17%, 7, 0, 8, 131.77
1735199120, 74, 14, 39, 0, 0, 0.17%, 7, 0, 8, 129.82
1735199125, 74, 16, 39, 0, 0, 0.17%, 7, 0, 8, 127.28
1735199145, 74, 33, 39, 0, 0, 0.17%, 7, 0, 8, 149.09
1735199166, 74, 34, 39, 0, 0, 0.17%, 7, 0, 8, 138.76
1735199171, 75, 12, 39, 0, 0, 0.17%, 7, 0, 8, 128.13
1735199176, 75, 14, 39, 0, 0, 0.17%, 7, 0, 8, 130.37
1735199181, 75, 34, 39, 0, 0, 0.17%, 7, 0, 8, 133.23
1735199186, 76, 0, 39, 0, 0, 0.17%, 7, 0, 8, 130.12
1735199192, 76, 12, 39, 0, 0, 0.17%, 7, 0, 8, 125.93
1735199197, 76, 14, 39, 0, 0, 0.17%, 7, 0, 8, 131.11
1735199202, 76, 34, 39, 0, 0, 0.17%, 7, 0, 8, 131.95
1735199207, 77, 9, 39, 0, 0, 0.17%, 7, 0, 8, 134.21
1735199212, 77, 12, 39, 0, 0, 0.17%, 7, 0, 8, 127.05
1735199217, 77, 14, 39, 0, 0, 0.17%, 7, 0, 8, 123.54
1735199223, 77, 19, 39, 0, 0, 0.17%, 7, 0, 8, 140.78
1735199243, 77, 32, 39, 0, 0, 0.17%, 7, 0, 8, 129.06
1735199264, 77, 34, 39, 0, 0, 0.17%, 7, 0, 8, 148.05
1735199269, 78, 11, 39, 0, 0, 0.17%, 7, 0, 8, 134.37
1735199274, 78, 14, 39, 0, 0, 0.17%, 7, 0, 8, 132.32
1735199284, 78, 34, 39, 0, 0, 0.17%, 7, 0, 8, 135.13
1735199290, 79, 12, 39, 0, 0, 0.17%, 7, 0, 8, 135.33
1735199295, 79, 14, 39, 0, 0, 0.17%, 7, 0, 8, 131.19
1735199305, 79, 24, 39, 0, 0, 0.17%, 7, 0, 8, 142.06
1735199326, 79, 34, 39, 0, 0, 0.17%, 7, 0, 8, 128.53
1735199331, 79, 36, 39, 0, 0, 0.17%, 7, 0, 8, 137.15
1735199351, 80, 1, 39, 0, 0, 0.17%, 7, 0, 8, 119.68
1735199357, 80, 12, 39, 0, 0, 0.17%, 7, 0, 8, 129.18
1735199362, 80, 14, 39, 0, 0, 0.17%, 7, 0, 8, 125.24
1735199367, 80, 34, 39, 0, 0, 0.17%, 7, 0, 8, 134.87
1735199372, 81, 11, 39, 0, 0, 0.17%, 7, 0, 8, 129.04
1735199377, 81, 12, 39, 0, 0, 0.17%, 7, 0, 8, 126.87
1735199382, 81, 14, 39, 0, 0, 0.17%, 7, 0, 8, 128.36
1735199387, 81, 24, 39, 0, 0, 0.17%, 7, 0, 8, 140.62
1735199403, 81, 25, 39, 0, 0, 0.17%, 7, 0, 8, 135.97
1735199429, 81, 29, 39, 0, 0, 0.17%, 7, 0, 8, 132.72
1735199444, 81, 34, 39, 0, 0, 0.17%, 7, 0, 8, 126.17
1735199450, 82, 11, 39, 0, 0, 0.17%, 7, 0, 8, 132.13
1735199455, 82, 12, 39, 0, 0, 0.17%, 7, 0, 8, 129.05
1735199460, 82, 14, 39, 0, 0, 0.17%, 7, 0, 8, 127.22
1735199465, 82, 33, 39, 0, 0, 0.17%, 7, 0, 8, 143.11
1735199485, 82, 34, 39, 0, 0, 0.17%, 7, 0, 8, 140.34
1735199491, 83, 9, 39, 0, 0, 0.17%, 7, 0, 8, 130.93
1735199496, 83, 12, 39, 0, 0, 0.17%, 7, 0, 8, 122.44
1735199501, 83, 14, 39, 0, 0, 0.17%, 7, 0, 8, 129.59
1735199506, 83, 17, 39, 0, 0, 0.17%, 7, 0, 8, 133.64
1735199526, 83, 24, 39, 0, 0, 0.17%, 7, 0, 8, 131.77
1735199552, 83, 34, 39, 0, 0, 0.17%, 7, 0, 8, 125.02
1735199557, 83, 35, 39, 0, 0, 0.17%, 7, 0, 8, 135.01
1735199588, 84, 11, 39, 0, 0, 0.17%, 7, 0, 8, 133.93
1735199593, 84, 12, 39, 0, 0, 0.17%, 7, 0, 8, 128.60
1735199599, 84, 14, 39, 0, 0, 0.17%, 7, 0, 8, 130.47
1735199604, 84, 17, 39, 0, 0, 0.17%, 7, 0, 8, 141.30
1735199624, 84, 34, 39, 0, 0, 0.17%, 7, 0, 8, 132.76
1735199629, 85, 11, 39, 0, 0, 0.17%, 7, 0, 8, 136.27
1735199635, 85, 14, 39, 0, 0, 0.17%, 7, 0, 8, 131.84
1735199640, 85, 17, 39, 0, 0, 0.17%, 7, 0, 8, 130.05
1735199665, 85, 34, 39, 0, 0, 0.17%, 7, 0, 8, 125.72
1735199671, 85, 35, 39, 0, 0, 0.17%, 7, 0, 8, 139.46
1735199702, 86, 1, 39, 0, 0, 0.17%, 7, 0, 8, 131.79
1735199707, 86, 12, 39, 0, 0, 0.17%, 7, 0, 8, 129.18
1735199712, 86, 14, 39, 0, 0, 0.17%, 7, 0, 8, 125.68
1735199717, 86, 25, 39, 0, 0, 0.17%, 7, 0, 8, 131.94
1735199743, 86, 34, 39, 0, 0, 0.17%, 7, 0, 8, 136.04
1735199748, 87, 11, 39, 0, 0, 0.17%, 7, 0, 8, 133.66
1735199753, 87, 12, 39, 0, 0, 0.17%, 7, 0, 8, 123.42
1735199758, 87, 14, 39, 0, 0, 0.17%, 7, 0, 8, 129.70
1735199763, 87, 28, 39, 0, 0, 0.17%, 7, 0, 8, 143.12
1735199784, 87, 34, 39, 0, 0, 0.17%, 7, 0, 8, 141.13
1735199789, 87, 37, 39, 0, 0, 0.17%, 7, 0, 8, 134.23
1735199809, 88, 3, 39, 0, 0, 0.17%, 7, 0, 8, 125.58
1735199814, 88, 12, 39, 0, 0, 0.17%, 7, 0, 8, 124.05
1735199820, 88, 14, 39, 0, 0, 0.17%, 7, 0, 8, 122.95
1735199825, 88, 18, 39, 0, 0, 0.17%, 7, 0, 8, 126.78
1735199845, 88, 34, 39, 0, 0, 0.17%, 7, 0, 8, 126.75
1735199856, 89, 12, 39, 0, 0, 0.17%, 7, 0, 8, 125.60
1735199861, 89, 14, 39, 0, 0, 0.17%, 7, 0, 8, 129.95
1735199866, 89, 30, 39, 0, 0, 0.17%, 7, 0, 8, 124.66
1735199887, 89, 31, 39, 0, 0, 0.17%, 7, 0, 8, 140.64
1735199918, 89, 32, 39, 0, 0, 0.17%, 7, 0, 8, 139.33
1735199943, 89, 34, 39, 0, 0, 0.17%, 7, 0, 8, 130.44
1735199948, 90, 12, 39, 0, 0, 0.17%, 7, 0, 8, 126.51
1735199953, 90, 14, 39, 0, 0, 0.17%, 7, 0, 8, 128.68
1735199959, 90, 23, 39, 0, 0, 0.17%, 7, 0, 8, 130.60
1735199979, 90, 29, 39, 0, 0, 0.17%, 7, 0, 8, 145.35
1735200000, 90, 33, 39, 0, 0, 0.17%, 7, 0, 8, 135.36
1735200021, 90, 34, 39, 0, 0, 0.17%, 7, 0, 8, 149.38
1735200026, 91, 11, 39, 0, 0, 0.17%, 7, 0, 8, 142.72
1735200031, 91, 12, 39, 0, 0, 0.17%, 7, 0, 8, 124.64
1735200036, 91, 14, 39, 0, 0, 0.17%, 7, 0, 8, 125.19
1735200041, 91, 34, 39, 0, 0, 0.17%, 7, 0, 8, 130.86
1735200046, 92, 5, 39, 0, 0, 0.17%, 7, 0, 8, 130.86
1735200051, 92, 12, 39, 0, 0, 0.17%, 7, 0, 8, 128.89
1735200057, 92, 14, 39, 0, 0, 0.17%, 7, 0, 8, 124.66
1735200062, 92, 17, 39, 0, 0, 0.17%, 7, 0, 8, 125.14
1735200082, 92, 31, 39, 0, 0, 0.17%, 7, 0, 8, 138.36
1735200118, 92, 34, 39, 0, 0, 0.17%, 7, 0, 8, 133.34
1735200123, 93, 12, 39, 0, 0, 0.17%, 7, 0, 8, 126.71
1735200128, 93, 14, 39, 0, 0, 0.17%, 7, 0, 8, 123.02
1735200138, 93, 20, 39, 0, 0, 0.17%, 7, 0, 8, 122.05
1735200169, 93, 31, 39, 0, 0, 0.17%, 7, 0, 8, 132.15
1735200205, 93, 34, 39, 0, 0, 0.17%, 7, 0, 8, 128.09
1735200210, 94, 12, 39, 0, 0, 0.17%, 7, 0, 8, 129.56
1735200215, 94, 14, 39, 0, 0, 0.17%, 7, 0, 8, 119.66
1735200220, 94, 25, 39, 0, 0, 0.17%, 7, 0, 8, 132.82
1735200246, 94, 34, 39, 0, 0, 0.17%, 7, 0, 8, 134.71
1735200251, 95, 12, 39, 0, 0, 0.17%, 7, 0, 8, 129.93
1735200256, 95, 14, 39, 0, 0, 0.17%, 7, 0, 8, 123.83
1735200262, 95, 34, 39, 0, 0, 0.17%, 7, 0, 8, 131.91
1735200267, 96, 4, 39, 0, 0, 0.17%, 7, 0, 8, 134.21
1735200272, 96, 12, 39, 0, 0, 0.17%, 7, 0, 8, 128.88
1735200277, 96, 14, 39, 0, 0, 0.17%, 7, 0, 8, 125.58
1735200282, 96, 18, 39, 0, 0, 0.17%, 7, 0, 8, 126.24
1735200303, 96, 22, 39, 0, 0, 0.17%, 7, 0, 8, 190.60
1735200318, 96, 34, 39, 0, 0, 0.17%, 7, 0, 8, 128.67
1735200323, 97, 11, 39, 0, 0, 0.17%, 7, 0, 8, 131.26
1735200328, 97, 12, 39, 0, 0, 0.17%, 7, 0, 8, 128.91
1735200334, 97, 14, 39, 0, 0, 0.17%, 7, 0, 8, 128.42
1735200339, 97, 17, 39, 0, 0, 0.17%, 7, 0, 8, 134.71
1735200359, 97, 30, 39, 0, 0, 0.17%, 7, 0, 8, 124.83
1735200380, 97, 34, 39, 0, 0, 0.17%, 7, 0, 8, 127.67
1735200385, 98, 5, 39, 0, 0, 0.17%, 7, 0, 8, 128.00
1735200390, 98, 12, 39, 0, 0, 0.17%, 7, 0, 8, 125.94
1735200395, 98, 14, 39, 0, 0, 0.17%, 7, 0, 8, 122.94
1735200401, 98, 31, 39, 0, 0, 0.17%, 7, 0, 8, 139.99
1735200431, 98, 34, 39, 0, 0, 0.17%, 7, 0, 8, 138.22
1735200436, 98, 35, 39, 0, 0, 0.17%, 7, 0, 8, 142.30
1735200472, 99, 11, 39, 0, 0, 0.17%, 7, 0, 8, 132.28
1735200477, 99, 12, 39, 0, 0, 0.17%, 7, 0, 8, 120.05
1735200482, 99, 14, 39, 0, 0, 0.17%, 7, 0, 8, 133.35
1735200487, 99, 17, 39, 0, 0, 0.17%, 7, 0, 8, 133.80
1735200508, 99, 34, 39, 0, 0, 0.17%, 7, 0, 8, 138.48
1735200513, 99, 37, 39, 0, 0, 0.17%, 7, 0, 8, 134.98
1735200533, 100, 11, 39, 0, 0, 0.17%, 7, 0, 8, 151.99
1735200539, 100, 12, 39, 0, 0, 0.17%, 7, 0, 8, 133.38
1735200544, 100, 14, 39, 0, 0, 0.17%, 7, 0, 8, 126.34
1735200549, 100, 34, 39, 0, 0, 0.17%, 7, 0, 8, 130.44
1735200554, 101, 5, 39, 0, 0, 0.17%, 7, 0, 8, 131.79
1735200559, 101, 12, 39, 0, 0, 0.17%, 7, 0, 8, 128.71
1735200564, 101, 14, 39, 0, 0, 0.17%, 7, 0, 8, 125.76
1735200569, 101, 25, 39, 0, 0, 0.17%, 7, 0, 8, 135.18
1735200590, 101, 31, 39, 0, 0, 0.17%, 7, 0, 8, 132.84
1735200620, 101, 34, 39, 0, 0, 0.17%, 7, 0, 8, 125.28
1735200631, 102, 11, 39, 0, 0, 0.17%, 7, 0, 8, 130.12
1735200636, 102, 12, 39, 0, 0, 0.17%, 7, 0, 8, 128.04
1735200641, 102, 14, 39, 0, 0, 0.17%, 7, 0, 8, 133.00
1735200646, 102, 34, 39, 0, 0, 0.17%, 7, 0, 8, 131.07
1735200651, 103, 12, 39, 0, 0, 0.17%, 7, 0, 8, 132.58
1735200656, 103, 14, 39, 0, 0, 0.17%, 7, 0, 8, 128.69
1735200667, 103, 18, 39, 0, 0, 0.17%, 7, 0, 8, 145.47
1735200682, 103, 34, 39, 0, 0, 0.17%, 7, 0, 8, 142.04
1735200687, 104, 3, 39, 0, 0, 0.17%, 7, 0, 8, 135.58
1735200693, 104, 12, 39, 0, 0, 0.17%, 7, 0, 8, 125.27
1735200698, 104, 14, 39, 0, 0, 0.17%, 7, 0, 8, 122.74
1735200703, 104, 25, 39, 0, 0, 0.17%, 7, 0, 8, 130.75
1735200724, 104, 34, 39, 0, 0, 0.17%, 7, 0, 8, 134.82
1735200729, 105, 12, 39, 0, 0, 0.17%, 7, 0, 8, 131.24
1735200739, 105, 14, 39, 0, 0, 0.17%, 7, 0, 8, 130.41
1735200744, 105, 34, 39, 0, 0, 0.17%, 7, 0, 8, 125.32
1735200749, 105, 36, 39, 0, 0, 0.17%, 7, 0, 8, 148.04
1735200770, 106, 11, 39, 0, 0, 0.17%, 7, 0, 8, 132.65
1735200775, 106, 12, 39, 0, 0, 0.17%, 7, 0, 8, 130.07
1735200780, 106, 14, 39, 0, 0, 0.17%, 7, 0, 8, 126.43
1735200785, 106, 34, 39, 0, 0, 0.17%, 7, 0, 8, 126.65
1735200791, 106, 36, 39, 0, 0, 0.17%, 7, 0, 8, 145.58
1735200811, 106, 37, 39, 0, 0, 0.17%, 7, 0, 8, 131.84
1735200831, 107, 11, 39, 0, 0, 0.17%, 7, 0, 8, 133.57
1735200837, 107, 12, 39, 0, 0, 0.17%, 7, 0, 8, 130.24
1735200842, 107, 14, 39, 0, 0, 0.17%, 7, 0, 8, 128.44
1735200847, 107, 30, 39, 0, 0, 0.17%, 7, 0, 8, 129.46
1735200867, 107, 34, 39, 0, 0, 0.17%, 7, 0, 8, 124.02
1735200878, 108, 12, 39, 0, 0, 0.17%, 7, 0, 8, 129.13
1735200883, 108, 14, 39, 0, 0, 0.17%, 7, 0, 8, 132.20
1735200888, 108, 24, 39, 0, 0, 0.17%, 7, 0, 8, 127.72
1735200914, 108, 34, 39, 0, 0, 0.17%, 7, 0, 8, 137.36
1735200919, 109, 11, 39, 0, 0, 0.17%, 7, 0, 8, 133.68
1735200924, 109, 12, 39, 0, 0, 0.17%, 7, 0, 8, 120.72
1735200929, 109, 14, 39, 0, 0, 0.17%, 7, 0, 8, 129.30
1735200934, 109, 34, 39, 0, 0, 0.17%, 7, 0, 8, 127.76
1735200939, 110, 12, 39, 0, 0, 0.17%, 7, 0, 8, 126.64
1735200945, 110, 14, 39, 0, 0, 0.17%, 7, 0, 8, 124.19
1735200950, 110, 27, 39, 0, 0, 0.17%, 7, 0, 8, 117.27
1735200970, 110, 34, 39, 0, 0, 0.17%, 7, 0, 8, 132.63
1735200976, 111, 11, 39, 0, 0, 0.17%, 7, 0, 8, 125.80
1735200981, 111, 12, 39, 0, 0, 0.17%, 7, 0, 8, 128.83
1735200986, 111, 14, 39, 0, 0, 0.17%, 7, 0, 8, 124.54
1735200991, 111, 20, 39, 0, 0, 0.17%, 7, 0, 8, 124.59
1735201022, 111, 31, 39, 0, 0, 0.17%, 7, 0, 8, 137.17
1735201052, 111, 34, 39, 0, 0, 0.17%, 7, 0, 8, 136.84
1735201057, 112, 11, 39, 0, 0, 0.17%, 7, 0, 8, 130.38
1735201062, 112, 12, 39, 0, 0, 0.17%, 7, 0, 8, 119.43
1735201068, 112, 14, 39, 0, 0, 0.17%, 7, 0, 8, 126.55
1735201073, 112, 34, 39, 0, 0, 0.17%, 7, 0, 8, 140.69
1735201078, 113, 12, 39, 0, 0, 0.17%, 7, 0, 8, 133.13
1735201083, 113, 14, 39, 0, 0, 0.17%, 7, 0, 8, 127.48
1735201088, 113, 34, 39, 0, 0, 0.17%, 7, 0, 8, 124.72
1735201093, 114, 11, 39, 0, 0, 0.17%, 7, 0, 8, 130.38
1735201099, 114, 12, 39, 0, 0, 0.17%, 7, 0, 8, 124.35
1735201104, 114, 14, 39, 0, 0, 0.17%, 7, 0, 8, 125.01
1735201109, 114, 34, 39, 0, 0, 0.17%, 7, 0, 8, 134.82
1735201114, 115, 11, 39, 0, 0, 0.17%, 7, 0, 8, 131.06
1735201119, 115, 14, 39, 0, 0, 0.17%, 7, 0, 8, 128.74
1735201124, 115, 27, 39, 0, 0, 0.17%, 7, 0, 8, 126.17
1735201150, 115, 34, 39, 0, 0, 0.17%, 7, 0, 8, 135.07
1735201155, 116, 11, 39, 0, 0, 0.17%, 7, 0, 8, 131.11
1735201160, 116, 12, 39, 0, 0, 0.17%, 7, 0, 8, 134.22
1735201165, 116, 14, 39, 0, 0, 0.17%, 7, 0, 8, 127.93
1735201170, 116, 19, 39, 0, 0, 0.17%, 7, 0, 8, 155.69
1735201191, 116, 34, 39, 0, 0, 0.17%, 7, 0, 8, 129.06
1735201196, 116, 36, 39, 0, 0, 0.17%, 7, 0, 8, 144.39
1735201217, 117, 12, 39, 0, 0, 0.17%, 7, 0, 8, 133.86
1735201222, 117, 14, 39, 0, 0, 0.17%, 7, 0, 8, 128.16
1735201232, 117, 34, 39, 0, 0, 0.17%, 7, 0, 8, 128.76
1735201237, 118, 11, 39, 0, 0, 0.17%, 7, 0, 8, 126.95
1735201242, 118, 12, 39, 0, 0, 0.17%, 7, 0, 8, 122.81
1735201248, 118, 14, 39, 0, 0, 0.17%, 7, 0, 8, 127.34
1735201253, 118, 34, 39, 0, 0, 0.17%, 7, 0, 8, 134.47
1735201258, 118, 37, 39, 0, 0, 0.17%, 7, 0, 8, 134.49
1735201283, 119, 12, 39, 0, 0, 0.17%, 7, 0, 8, 128.88
1735201289, 119, 14, 39, 0, 0, 0.17%, 7, 0, 8, 123.10
1735201294, 119, 24, 39, 0, 0, 0.17%, 7, 0, 8, 127.96
1735201315, 119, 34, 39, 0, 0, 0.17%, 7, 0, 8, 133.01
1735201320, 119, 35, 39, 0, 0, 0.17%, 7, 0, 8, 136.15
1735201351, 120, 11, 39, 0, 0, 0.17%, 7, 0, 8, 130.89
1735201356, 120, 12, 39, 0, 0, 0.17%, 7, 0, 8, 128.11
1735201361, 120, 14, 39, 0, 0, 0.17%, 7, 0, 8, 125.12
1735201366, 120, 20, 39, 0, 0, 0.17%, 7, 0, 8, 128.85
1735201397, 120, 34, 39, 0, 0, 0.17%, 7, 0, 8, 131.25
1735201407, 121, 12, 39, 0, 0, 0.17%, 7, 0, 8, 125.27
1735201412, 121, 14, 39, 0, 0, 0.17%, 7, 0, 8, 122.32
1735201417, 121, 17, 39, 0, 0, 0.17%, 7, 0, 8, 127.30
1735201438, 121, 34, 39, 0, 0, 0.17%, 7, 0, 8, 139.13
1735201443, 122, 11, 39, 0, 0, 0.17%, 7, 0, 8, 140.10
1735201448, 122, 12, 39, 0, 0, 0.17%, 7, 0, 8, 131.24
1735201453, 122, 14, 39, 0, 0, 0.17%, 7, 0, 8, 123.92
1735201458, 122, 23, 39, 0, 0, 0.17%, 7, 0, 8, 150.69
1735201479, 122, 34, 39, 0, 0, 0.17%, 7, 0, 8, 131.02
1735201484, 123, 11, 39, 0, 0, 0.17%, 7, 0, 8, 128.94
1735201489, 123, 12, 39, 0, 0, 0.17%, 7, 0, 8, 125.91
1735201494, 123, 14, 39, 0, 0, 0.17%, 7, 0, 8, 121.88
1735201499, 123, 34, 39, 0, 0, 0.17%, 7, 0, 8, 130.28
1735201504, 124, 11, 39, 0, 0, 0.17%, 7, 0, 8, 127.14
1735201510, 124, 12, 39, 0, 0, 0.17%, 7, 0, 8, 124.83
1735201515, 124, 14, 39, 0, 0, 0.17%, 7, 0, 8, 129.81
1735201520, 124, 26, 39, 0, 0, 0.17%, 7, 0, 8, 125.65
1735201541, 124, 34, 39, 0, 0, 0.17%, 7, 0, 8, 119.56
1735201546, 125, 8, 39, 0, 0, 0.17%, 7, 0, 8, 126.35
1735201551, 125, 12, 39, 0, 0, 0.17%, 7, 0, 8, 127.82
1735201556, 125, 14, 39, 0, 0, 0.17%, 7, 0, 8, 125.36
1735201566, 125, 34, 39, 0, 0, 0.17%, 7, 0, 8, 131.65
1735201572, 126, 12, 39, 0, 0, 0.17%, 7, 0, 8, 125.62
1735201577, 126, 14, 39, 0, 0, 0.17%, 7, 0, 8, 125.06
1735201582, 126, 34, 39, 0, 0, 0.17%, 7, 0, 8, 131.89
1735201587, 127, 11, 39, 0, 0, 0.17%, 7, 0, 8, 136.24
1735201592, 127, 12, 39, 0, 0, 0.17%, 7, 0, 8, 130.86
1735201597, 127, 14, 39, 0, 0, 0.17%, 7, 0, 8, 125.01
1735201602, 127, 20, 39, 0, 0, 0.17%, 7, 0, 8, 124.74
1735201633, 127, 34, 39, 0, 0, 0.17%, 7, 0, 8, 142.32
1735201638, 128, 6, 39, 0, 0, 0.17%, 7, 0, 8, 138.88
1735201644, 128, 12, 39, 0, 0, 0.17%, 7, 0, 8, 129.73
1735201649, 128, 14, 39, 0, 0, 0.17%, 7, 0, 8, 129.15
1735201654, 128, 34, 39, 0, 0, 0.17%, 7, 0, 8, 129.84
1735201664, 129, 12, 39, 0, 0, 0.17%, 7, 0, 8, 132.38
1735201669, 129, 14, 39, 0, 0, 0.17%, 7, 0, 8, 124.81
1735201674, 129, 21, 39, 0, 0, 0.17%, 7, 0, 8, 132.83
1735201700, 129, 34, 39, 0, 0, 0.17%, 7, 0, 8, 134.64
1735201705, 130, 12, 39, 0, 0, 0.17%, 7, 0, 8, 129.15
1735201710, 130, 14, 39, 0, 0, 0.17%, 7, 0, 8, 127.94
1735201720, 130, 17, 39, 0, 0, 0.17%, 7, 0, 8, 136.59
1735201741, 130, 19, 39, 0, 0, 0.17%, 7, 0, 8, 163.89
1735201756, 130, 34, 39, 0, 0, 0.17%, 7, 0, 8, 127.51
1735201761, 131, 1, 39, 0, 0, 0.17%, 7, 0, 8, 128.98
1735201766, 131, 11, 39, 0, 0, 0.17%, 7, 0, 8, 132.11
1735201772, 131, 12, 39, 0, 0, 0.17%, 7, 0, 8, 125.54
1735201777, 131, 14, 39, 0, 0, 0.17%, 7, 0, 8, 123.56
1735201782, 131, 34, 39, 0, 0, 0.17%, 7, 0, 8, 122.51
1735201787, 132, 11, 39, 0, 0, 0.17%, 7, 0, 8, 128.26
1735201792, 132, 12, 39, 0, 0, 0.17%, 7, 0, 8, 129.93
1735201798, 132, 14, 39, 0, 0, 0.17%, 7, 0, 8, 124.81
1735201803, 132, 34, 39, 0, 0, 0.17%, 7, 0, 8, 130.96
1735201808, 133, 12, 39, 0, 0, 0.17%, 7, 0, 8, 123.45
1735201813, 133, 14, 39, 0, 0, 0.17%, 7, 0, 8, 126.37
1735201818, 133, 23, 39, 0, 0, 0.17%, 7, 0, 8, 138.97
1735201838, 133, 34, 39, 0, 0, 0.17%, 7, 0, 8, 141.70
1735201843, 134, 11, 39, 0, 0, 0.17%, 7, 0, 8, 131.67
1735201849, 134, 12, 39, 0, 0, 0.17%, 7, 0, 8, 123.82
1735201854, 134, 14, 39, 0, 0, 0.17%, 7, 0, 8, 129.46
1735201859, 134, 19, 39, 0, 0, 0.17%, 7, 0, 8, 146.29
1735201879, 134, 34, 39, 0, 0, 0.17%, 7, 0, 8, 129.47
1735201884, 135, 12, 39, 0, 0, 0.17%, 7, 0, 8, 132.38
1735201890, 135, 14, 39, 0, 0, 0.17%, 7, 0, 8, 128.23
1735201895, 135, 34, 39, 0, 0, 0.17%, 7, 0, 8, 132.98
1735201905, 136, 12, 39, 0, 0, 0.17%, 7, 0, 8, 126.85
1735201910, 136, 14, 39, 0, 0, 0.17%, 7, 0, 8, 126.99
1735201915, 136, 34, 39, 0, 0, 0.17%, 7, 0, 8, 128.69
1735201920, 137, 8, 39, 0, 0, 0.17%, 7, 0, 8, 131.01
1735201925, 137, 12, 39, 0, 0, 0.17%, 7, 0, 8, 125.22
1735201930, 137, 14, 39, 0, 0, 0.17%, 7, 0, 8, 127.40
1735201935, 137, 31, 39, 0, 0, 0.17%, 7, 0, 8, 122.99
1735201966, 137, 34, 39, 0, 0, 0.17%, 7, 0, 8, 151.73
1735201971, 138, 11, 39, 0, 0, 0.17%, 7, 0, 8, 135.18
1735201977, 138, 12, 39, 0, 0, 0.17%, 7, 0, 8, 133.84
1735201982, 138, 14, 39, 0, 0, 0.17%, 7, 0, 8, 124.05
1735201987, 138, 19, 39, 0, 0, 0.17%, 7, 0, 8, 153.08
1735201997, 138, 34, 39, 0, 0, 0.17%, 7, 0, 8, 138.32
1735202002, 139, 10, 39, 0, 0, 0.17%, 7, 0, 8, 122.35
1735202013, 139, 11, 39, 0, 0, 0.17%, 7, 0, 8, 124.61
1735202018, 139, 12, 39, 0, 0, 0.17%, 7, 0, 8, 127.44
1735202023, 139, 14, 39, 0, 0, 0.17%, 7, 0, 8, 125.44
1735202028, 139, 17, 39, 0, 0, 0.17%, 7, 0, 8, 130.98
1735202049, 139, 19, 39, 0, 0, 0.17%, 7, 0, 8, 156.14
1735202059, 139, 34, 39, 0, 0, 0.17%, 7, 0, 8, 133.77
1735202064, 139, 37, 39, 0, 0, 0.17%, 7, 0, 8, 134.45
