# unix_time, cycles_done, cur_path, paths_total, pending_total, pending_favs, map_size, unique_crashes, unique_hangs, max_depth, execs_per_sec
1735417897, 0, 0, 10, 10, 1, 0.01%, 0, 0, 1, 83.25
1735417902, 0, 3, 10, 10, 1, 0.01%, 0, 0, 1, 103.54
1735417907, 0, 4, 10, 9, 0, 0.01%, 0, 0, 1, 102.37
1735417918, 0, 5, 10, 8, 0, 0.01%, 0, 0, 1, 101.15
1735417928, 0, 6, 10, 7, 0, 0.01%, 0, 0, 1, 99.33
1735417938, 0, 7, 10, 6, 0, 0.01%, 0, 0, 1, 98.10
1735417948, 0, 8, 10, 5, 0, 0.01%, 0, 0, 1, 99.32
1735417958, 0, 9, 10, 4, 0, 0.01%, 0, 0, 1, 96.62
1735417969, 1, 0, 10, 3, 0, 0.01%, 0, 0, 1, 95.03
1735417984, 1, 1, 10, 2, 0, 0.01%, 0, 0, 1, 107.02
1735417994, 1, 2, 10, 1, 0, 0.01%, 0, 0, 1, 92.39
1735418004, 1, 3, 10, 0, 0, 0.01%, 0, 0, 1, 104.25
1735418010, 1, 4, 10, 0, 0, 0.01%, 0, 0, 1, 103.98
1735418015, 1, 5, 10, 0, 0, 0.01%, 0, 0, 1, 102.11
1735418020, 1, 7, 10, 0, 0, 0.01%, 0, 0, 1, 101.79
1735418025, 1, 8, 10, 0, 0, 0.01%, 0, 0, 1, 102.25
1735418030, 2, 0, 10, 0, 0, 0.01%, 0, 0, 1, 102.60
1735418035, 2, 1, 10, 0, 0, 0.01%, 0, 0, 1, 103.04
1735418040, 2, 3, 10, 0, 0, 0.01%, 0, 0, 1, 101.16
1735418045, 2, 4, 10, 0, 0, 0.01%, 0, 0, 1, 101.85
1735418050, 2, 5, 10, 0, 0, 0.01%, 0, 0, 1, 103.73
1735418055, 2, 7, 10, 0, 0, 0.01%, 0, 0, 1, 104.30
1735418060, 2, 8, 10, 0, 0, 0.01%, 0, 0, 1, 104.94
1735418065, 3, 0, 10, 0, 0, 0.01%, 0, 0, 1, 102.35
1735418070, 3, 1, 10, 0, 0, 0.01%, 0, 0, 1, 99.65
1735418075, 3, 2, 10, 0, 0, 0.01%, 0, 0, 1, 101.65
1735418081, 3, 4, 10, 0, 0, 0.01%, 0, 0, 1, 102.18
1735418086, 3, 5, 10, 0, 0, 0.01%, 0, 0, 1, 104.52
1735418091, 3, 7, 10, 0, 0, 0.01%, 0, 0, 1, 102.61
1735418096, 3, 8, 10, 0, 0, 0.01%, 0, 0, 1, 103.97
1735418101, 4, 0, 10, 0, 0, 0.01%, 0, 0, 1, 101.94
1735418106, 4, 1, 10, 0, 0, 0.01%, 0, 0, 1, 100.69
1735418111, 4, 2, 10, 0, 0, 0.01%, 0, 0, 1, 100.76
1735418116, 4, 4, 10, 0, 0, 0.01%, 0, 0, 1, 103.71
1735418121, 4, 5, 10, 0, 0, 0.01%, 0, 0, 1, 104.16
1735418126, 4, 7, 10, 0, 0, 0.01%, 0, 0, 1, 103.71
1735418132, 4, 8, 10, 0, 0, 0.01%, 0, 0, 1, 102.37
1735418137, 5, 0, 10, 0, 0, 0.01%, 0, 0, 1, 103.84
1735418142, 5, 1, 10, 0, 0, 0.01%, 0, 0, 1, 103.21
1735418147, 5, 3, 10, 0, 0, 0.01%, 0, 0, 1, 104.65
1735418152, 5, 4, 10, 0, 0, 0.01%, 0, 0, 1, 103.10
1735418157, 5, 5, 10, 0, 0, 0.01%, 0, 0, 1, 103.38
1735418162, 5, 7, 10, 0, 0, 0.01%, 0, 0, 1, 101.77
1735418168, 5, 8, 10, 0, 0, 0.01%, 0, 0, 1, 103.22
1735418173, 6, 0, 10, 0, 0, 0.01%, 0, 0, 1, 103.56
1735418178, 6, 1, 10, 0, 0, 0.01%, 0, 0, 1, 103.98
1735418183, 6, 3, 10, 0, 0, 0.01%, 0, 0, 1, 102.87
1735418188, 6, 4, 10, 0, 0, 0.01%, 0, 0, 1, 102.79
1735418193, 6, 5, 10, 0, 0, 0.01%, 0, 0, 1, 103.04
1735418198, 6, 7, 10, 0, 0, 0.01%, 0, 0, 1, 105.43
1735418203, 6, 8, 10, 0, 0, 0.01%, 0, 0, 1, 102.19
1735418208, 7, 0, 10, 0, 0, 0.01%, 0, 0, 1, 103.22
1735418213, 7, 1, 10, 0, 0, 0.01%, 0, 0, 1, 104.22
1735418218, 7, 2, 10, 0, 0, 0.01%, 0, 0, 1, 100.52
1735418223, 7, 4, 10, 0, 0, 0.01%, 0, 0, 1, 102.85
1735418228, 7, 5, 10, 0, 0, 0.01%, 0, 0, 1, 102.81
1735418233, 7, 7, 10, 0, 0, 0.01%, 0, 0, 1, 103.55
1735418238, 7, 8, 10, 0, 0, 0.01%, 0, 0, 1, 100.58
1735418243, 7, 9, 10, 0, 0, 0.01%, 0, 0, 1, 102.69
1735418248, 8, 1, 10, 0, 0, 0.01%, 0, 0, 1, 103.37
1735418253, 8, 2, 10, 0, 0, 0.01%, 0, 0, 1, 103.25
1735418258, 8, 4, 10, 0, 0, 0.01%, 0, 0, 1, 104.04
1735418263, 8, 5, 10, 0, 0, 0.01%, 0, 0, 1, 102.26
1735418268, 8, 7, 10, 0, 0, 0.01%, 0, 0, 1, 103.33
1735418273, 8, 8, 10, 0, 0, 0.01%, 0, 0, 1, 104.90
1735418279, 8, 9, 10, 0, 0, 0.01%, 0, 0, 1, 103.84
1735418284, 9, 1, 10, 0, 0, 0.01%, 0, 0, 1, 103.40
1735418289, 9, 2, 10, 0, 0, 0.01%, 0, 0, 1, 101.46
1735418294, 9, 4, 10, 0, 0, 0.01%, 0, 0, 1, 101.20
1735418299, 9, 5, 10, 0, 0, 0.01%, 0, 0, 1, 104.03
1735418304, 9, 7, 10, 0, 0, 0.01%, 0, 0, 1, 101.67
1735418309, 9, 8, 10, 0, 0, 0.01%, 0, 0, 1, 99.59
1735418314, 9, 9, 10, 0, 0, 0.01%, 0, 0, 1, 103.74
1735418319, 10, 1, 10, 0, 0, 0.01%, 0, 0, 1, 102.90
1735418324, 10, 2, 10, 0, 0, 0.01%, 0, 0, 1, 101.34
1735418330, 10, 4, 10, 0, 0, 0.01%, 0, 0, 1, 103.20
1735418335, 10, 5, 10, 0, 0, 0.01%, 0, 0, 1, 104.83
1735418340, 10, 7, 10, 0, 0, 0.01%, 0, 0, 1, 103.91
1735418345, 10, 8, 10, 0, 0, 0.01%, 0, 0, 1, 102.58
1735418350, 10, 9, 10, 0, 0, 0.01%, 0, 0, 1, 102.72
1735418355, 11, 1, 10, 0, 0, 0.01%, 0, 0, 1, 100.80
1735418360, 11, 2, 10, 0, 0, 0.01%, 0, 0, 1, 103.27
1735418365, 11, 4, 10, 0, 0, 0.01%, 0, 0, 1, 102.69
1735418370, 11, 5, 10, 0, 0, 0.01%, 0, 0, 1, 102.24
1735418375, 11, 6, 10, 0, 0, 0.01%, 0, 0, 1, 103.35
1735418380, 11, 8, 10, 0, 0, 0.01%, 0, 0, 1, 101.87
1735418385, 11, 9, 10, 0, 0, 0.01%, 0, 0, 1, 101.83
1735418390, 12, 1, 10, 0, 0, 0.01%, 0, 0, 1, 101.95
1735418395, 12, 2, 10, 0, 0, 0.01%, 0, 0, 1, 102.63
1735418400, 12, 3, 10, 0, 0, 0.01%, 0, 0, 1, 104.30
1735418405, 12, 5, 10, 0, 0, 0.01%, 0, 0, 1, 101.49
1735418410, 12, 6, 10, 0, 0, 0.01%, 0, 0, 1, 102.13
1735418415, 12, 8, 10, 0, 0, 0.01%, 0, 0, 1, 102.83
1735418421, 12, 9, 10, 0, 0, 0.01%, 0, 0, 1, 104.63
1735418426, 13, 0, 10, 0, 0, 0.01%, 0, 0, 1, 103.70
1735418431, 13, 2, 10, 0, 0, 0.01%, 0, 0, 1, 100.79
1735418436, 13, 3, 10, 0, 0, 0.01%, 0, 0, 1, 103.74
1735418441, 13, 5, 10, 0, 0, 0.01%, 0, 0, 1, 101.78
1735418446, 13, 6, 10, 0, 0, 0.01%, 0, 0, 1, 102.38
1735418451, 13, 7, 10, 0, 0, 0.01%, 0, 0, 1, 104.78
1735418456, 13, 9, 10, 0, 0, 0.01%, 0, 0, 1, 102.31
1735418461, 14, 0, 10, 0, 0, 0.01%, 0, 0, 1, 101.34
1735418466, 14, 2, 10, 0, 0, 0.01%, 0, 0, 1, 102.88
1735418471, 14, 3, 10, 0, 0, 0.01%, 0, 0, 1, 103.80
1735418476, 14, 5, 10, 0, 0, 0.01%, 0, 0, 1, 102.25
1735418481, 14, 6, 10, 0, 0, 0.01%, 0, 0, 1, 101.60
1735418486, 14, 7, 10, 0, 0, 0.01%, 0, 0, 1, 100.04
1735418491, 14, 9, 10, 0, 0, 0.01%, 0, 0, 1, 102.61
1735418496, 15, 0, 10, 0, 0, 0.01%, 0, 0, 1, 104.43
1735418501, 15, 2, 10, 0, 0, 0.01%, 0, 0, 1, 108.65
1735418506, 15, 3, 10, 0, 0, 0.01%, 0, 0, 1, 108.59
1735418511, 15, 5, 10, 0, 0, 0.01%, 0, 0, 1, 108.02
1735418516, 15, 6, 10, 0, 0, 0.01%, 0, 0, 1, 105.06
1735418522, 15, 8, 10, 0, 0, 0.01%, 0, 0, 1, 107.32
1735418527, 15, 9, 10, 0, 0, 0.01%, 0, 0, 1, 109.59
1735418532, 16, 1, 10, 0, 0, 0.01%, 0, 0, 1, 108.36
1735418537, 16, 2, 10, 0, 0, 0.01%, 0, 0, 1, 110.17
1735418542, 16, 4, 10, 0, 0, 0.01%, 0, 0, 1, 107.24
1735418547, 16, 5, 10, 0, 0, 0.01%, 0, 0, 1, 105.58
1735418552, 16, 7, 10, 0, 0, 0.01%, 0, 0, 1, 106.88
1735418557, 16, 8, 10, 0, 0, 0.01%, 0, 0, 1, 105.65
1735418563, 17, 0, 10, 0, 0, 0.01%, 0, 0, 1, 109.10
1735418568, 17, 1, 10, 0, 0, 0.01%, 0, 0, 1, 107.13
1735418573, 17, 2, 10, 0, 0, 0.01%, 0, 0, 1, 106.26
1735418578, 17, 4, 10, 0, 0, 0.01%, 0, 0, 1, 107.58
1735418583, 17, 5, 10, 0, 0, 0.01%, 0, 0, 1, 106.91
1735418588, 17, 7, 10, 0, 0, 0.01%, 0, 0, 1, 108.89
1735418593, 17, 9, 10, 0, 0, 0.01%, 0, 0, 1, 108.67
1735418598, 18, 0, 10, 0, 0, 0.01%, 0, 0, 1, 107.61
1735418604, 18, 2, 10, 0, 0, 0.01%, 0, 0, 1, 107.77
1735418609, 18, 3, 10, 0, 0, 0.01%, 0, 0, 1, 104.71
1735418614, 18, 5, 10, 0, 0, 0.01%, 0, 0, 1, 106.81
1735418619, 18, 6, 10, 0, 0, 0.01%, 0, 0, 1, 110.78
1735418624, 18, 8, 10, 0, 0, 0.01%, 0, 0, 1, 108.88
1735418630, 18, 9, 10, 0, 0, 0.01%, 0, 0, 1, 106.68
1735418635, 19, 1, 10, 0, 0, 0.01%, 0, 0, 1, 106.49
1735418640, 19, 2, 10, 0, 0, 0.01%, 0, 0, 1, 107.29
1735418645, 19, 4, 10, 0, 0, 0.01%, 0, 0, 1, 106.87
1735418650, 19, 5, 10, 0, 0, 0.01%, 0, 0, 1, 105.93
1735418655, 19, 7, 10, 0, 0, 0.01%, 0, 0, 1, 105.04
1735418661, 19, 8, 10, 0, 0, 0.01%, 0, 0, 1, 105.28
1735418666, 20, 0, 10, 0, 0, 0.01%, 0, 0, 1, 105.97
1735418671, 20, 1, 10, 0, 0, 0.01%, 0, 0, 1, 105.01
1735418676, 20, 2, 10, 0, 0, 0.01%, 0, 0, 1, 107.99
1735418681, 20, 4, 10, 0, 0, 0.01%, 0, 0, 1, 108.54
1735418686, 20, 5, 10, 0, 0, 0.01%, 0, 0, 1, 110.60
1735418691, 20, 7, 10, 0, 0, 0.01%, 0, 0, 1, 108.81
1735418696, 20, 8, 10, 0, 0, 0.01%, 0, 0, 1, 108.20
1735418701, 21, 0, 10, 0, 0, 0.01%, 0, 0, 1, 108.10
1735418706, 21, 1, 10, 0, 0, 0.01%, 0, 0, 1, 107.28
1735418711, 21, 3, 10, 0, 0, 0.01%, 0, 0, 1, 109.68
1735418716, 21, 4, 10, 0, 0, 0.01%, 0, 0, 1, 109.56
1735418721, 21, 6, 10, 0, 0, 0.01%, 0, 0, 1, 108.32
1735418726, 21, 7, 10, 0, 0, 0.01%, 0, 0, 1, 109.05
1735418732, 21, 9, 10, 0, 0, 0.01%, 0, 0, 1, 107.07
1735418737, 22, 0, 10, 0, 0, 0.01%, 0, 0, 1, 103.36
1735418742, 22, 2, 10, 0, 0, 0.01%, 0, 0, 1, 107.37
1735418747, 22, 3, 10, 0, 0, 0.01%, 0, 0, 1, 104.46
1735418752, 22, 5, 10, 0, 0, 0.01%, 0, 0, 1, 107.16
1735418757, 22, 6, 10, 0, 0, 0.01%, 0, 0, 1, 108.02
1735418762, 22, 8, 10, 0, 0, 0.01%, 0, 0, 1, 108.76
1735418768, 22, 9, 10, 0, 0, 0.01%, 0, 0, 1, 110.09
1735418773, 23, 1, 10, 0, 0, 0.01%, 0, 0, 1, 103.19
1735418778, 23, 2, 11, 1, 0, 0.16%, 1, 0, 2, 107.26
1735418783, 23, 10, 11, 1, 1, 0.16%, 1, 0, 2, 123.83
1735418793, 23, 10, 12, 2, 1, 0.16%, 2, 0, 3, 113.45
1735418916, 23, 11, 13, 2, 1, 0.16%, 3, 0, 4, 135.32
1735418926, 23, 11, 14, 3, 1, 0.16%, 3, 0, 4, 116.57
1735418962, 23, 11, 16, 5, 1, 0.16%, 3, 0, 4, 119.42
1735418967, 23, 11, 17, 6, 1, 0.16%, 3, 0, 4, 115.99
1735419014, 23, 11, 18, 7, 1, 0.17%, 4, 0, 4, 115.71
1735419044, 23, 12, 18, 6, 2, 0.17%, 4, 0, 4, 135.08
1735419055, 23, 12, 19, 7, 2, 0.17%, 4, 0, 5, 114.08
1735419080, 23, 12, 20, 8, 2, 0.17%, 4, 0, 5, 120.67
1735419116, 23, 12, 21, 9, 2, 0.17%, 5, 0, 5, 115.01
1735419189, 23, 12, 22, 10, 2, 0.17%, 5, 0, 5, 119.38
1735419194, 23, 12, 24, 12, 2, 0.17%, 6, 0, 5, 148.20
1735419214, 23, 17, 24, 11, 2, 0.17%, 6, 0, 5, 136.00
1735419234, 23, 17, 25, 12, 2, 0.17%, 6, 0, 5, 121.13
1735419322, 23, 17, 27, 14, 2, 0.17%, 6, 0, 5, 135.07
1735419343, 23, 20, 27, 13, 1, 0.17%, 6, 0, 5, 143.24
1735419358, 23, 20, 28, 14, 1, 0.17%, 6, 0, 6, 122.65
1735419404, 23, 20, 29, 15, 1, 0.17%, 6, 0, 6, 120.10
1735419482, 24, 10, 29, 14, 0, 0.17%, 6, 0, 6, 116.80
1735419497, 24, 12, 29, 14, 0, 0.17%, 6, 0, 6, 115.78
1735419512, 24, 12, 30, 15, 0, 0.17%, 6, 0, 6, 122.32
1735419527, 24, 17, 30, 15, 0, 0.17%, 6, 0, 6, 131.37
1735419563, 24, 20, 30, 15, 0, 0.17%, 6, 0, 6, 121.74
1735419573, 24, 20, 32, 17, 0, 0.17%, 6, 0, 6, 117.29
1735419589, 24, 20, 33, 18, 0, 0.17%, 6, 0, 6, 127.65
1735419599, 24, 21, 33, 18, 0, 0.17%, 6, 0, 6, 147.83
1735419630, 24, 21, 34, 19, 0, 0.17%, 6, 0, 6, 139.30
1735419635, 24, 21, 35, 20, 0, 0.17%, 6, 0, 6, 137.68
1735419670, 24, 21, 36, 21, 0, 0.17%, 6, 0, 6, 136.66
1735419737, 24, 31, 36, 20, 0, 0.17%, 6, 0, 6, 182.96
1735419814, 24, 32, 36, 19, 0, 0.17%, 6, 0, 6, 176.49
1735419835, 24, 32, 37, 20, 0, 0.17%, 6, 0, 7, 158.13
1735419881, 24, 32, 38, 21, 0, 0.17%, 6, 0, 7, 142.13
1735419891, 24, 32, 39, 22, 0, 0.17%, 6, 0, 7, 141.14
1735419942, 24, 33, 39, 21, 0, 0.17%, 6, 0, 7, 191.86
1735419993, 24, 38, 39, 20, 0, 0.17%, 6, 0, 7, 154.72
1735420162, 24, 38, 40, 21, 0, 0.17%, 7, 0, 8, 183.62
1735420177, 24, 38, 41, 22, 0, 0.17%, 8, 0, 8, 180.29
1735420233, 24, 40, 41, 21, 0, 0.17%, 8, 0, 8, 128.56
1735420392, 25, 10, 41, 20, 0, 0.17%, 8, 0, 8, 124.44
1735420402, 25, 17, 41, 20, 0, 0.17%, 8, 0, 8, 132.21
1735420423, 25, 19, 41, 20, 0, 0.17%, 8, 0, 8, 148.45
1735420474, 25, 20, 41, 19, 0, 0.17%, 8, 0, 8, 130.74
1735420495, 25, 27, 41, 19, 0, 0.17%, 8, 0, 8, 126.76
1735420531, 25, 27, 42, 20, 0, 0.17%, 8, 0, 8, 126.46
1735420587, 25, 34, 42, 19, 0, 0.17%, 8, 0, 8, 177.91
1735420746, 25, 36, 42, 18, 0, 0.17%, 8, 0, 8, 186.36
1735420833, 26, 10, 42, 17, 0, 0.17%, 8, 0, 8, 131.85
1735420843, 26, 13, 42, 17, 0, 0.17%, 8, 0, 8, 220.53
1735420940, 26, 17, 42, 16, 0, 0.17%, 8, 0, 8, 134.48
1735420961, 26, 20, 42, 16, 0, 0.17%, 8, 0, 8, 136.11
1735420987, 26, 22, 42, 16, 0, 0.17%, 8, 0, 8, 195.04
1735421145, 26, 32, 42, 15, 0, 0.17%, 8, 0, 8, 150.20
1735421175, 27, 10, 42, 15, 0, 0.17%, 8, 0, 8, 132.13
1735421186, 27, 15, 42, 15, 0, 0.17%, 8, 0, 8, 182.00
1735421232, 27, 17, 42, 14, 0, 0.17%, 8, 0, 8, 143.49
1735421252, 27, 20, 42, 14, 0, 0.17%, 8, 0, 8, 129.46
1735421278, 27, 30, 42, 14, 0, 0.17%, 8, 0, 8, 195.56
1735421355, 27, 41, 42, 13, 0, 0.17%, 8, 0, 8, 134.51
1735421457, 28, 10, 42, 12, 0, 0.17%, 8, 0, 8, 133.98
1735421462, 28, 14, 42, 12, 0, 0.17%, 8, 0, 8, 169.18
1735421631, 28, 17, 42, 11, 0, 0.17%, 8, 0, 8, 140.28
1735421641, 28, 18, 42, 11, 0, 0.17%, 8, 0, 8, 203.20
1735421702, 28, 20, 42, 10, 0, 0.17%, 8, 0, 8, 133.52
1735421712, 28, 25, 42, 10, 0, 0.17%, 8, 0, 8, 138.82
1735421768, 28, 28, 42, 9, 0, 0.17%, 8, 0, 8, 153.64
1735421840, 28, 39, 42, 8, 0, 0.17%, 8, 0, 8, 158.15
1735421999, 29, 10, 42, 7, 0, 0.17%, 8, 0, 8, 138.79
1735422005, 29, 17, 42, 7, 0, 0.17%, 8, 0, 8, 138.62
1735422015, 29, 20, 42, 7, 0, 0.17%, 8, 0, 8, 137.29
1735422025, 29, 28, 42, 7, 0, 0.17%, 8, 0, 8, 138.44
1735422056, 29, 29, 42, 7, 0, 0.17%, 8, 0, 8, 173.75
1735422128, 29, 37, 42, 6, 0, 0.17%, 8, 0, 8, 134.61
1735422515, 30, 10, 42, 5, 0, 0.17%, 8, 0, 8, 133.68
1735422520, 30, 17, 42, 5, 0, 0.17%, 8, 0, 8, 137.58
1735422530, 30, 20, 42, 5, 0, 0.17%, 8, 0, 8, 131.61
1735422540, 31, 10, 42, 5, 0, 0.17%, 8, 0, 8, 132.44
1735422546, 31, 17, 42, 5, 0, 0.17%, 8, 0, 8, 135.72
1735422551, 31, 20, 42, 5, 0, 0.17%, 8, 0, 8, 133.98
1735422556, 31, 23, 42, 5, 0, 0.17%, 8, 0, 8, 181.08
1735422602, 31, 26, 42, 4, 0, 0.17%, 8, 0, 8, 175.54
1735422653, 31, 38, 42, 3, 0, 0.17%, 8, 0, 8, 157.58
1735422679, 32, 4, 42, 3, 0, 0.17%, 8, 0, 8, 138.51
1735422684, 32, 14, 42, 3, 0, 0.17%, 8, 0, 8, 152.63
1735422699, 32, 16, 42, 3, 0, 0.17%, 8, 0, 8, 140.55
1735422751, 32, 17, 42, 2, 0, 0.17%, 8, 0, 8, 142.73
1735422756, 32, 20, 42, 2, 0, 0.17%, 8, 0, 8, 132.77
1735422761, 32, 23, 42, 2, 0, 0.17%, 8, 0, 8, 138.76
1735422782, 33, 10, 42, 2, 0, 0.17%, 8, 0, 8, 134.26
1735422787, 33, 17, 42, 2, 0, 0.17%, 8, 0, 8, 144.31
1735422792, 33, 20, 42, 2, 0, 0.17%, 8, 0, 8, 128.61
1735422797, 33, 26, 42, 2, 0, 0.17%, 8, 0, 8, 142.01
1735422818, 33, 28, 42, 2, 0, 0.17%, 8, 0, 8, 132.07
1735422848, 33, 33, 42, 2, 0, 0.17%, 8, 0, 8, 144.41
1735422869, 33, 41, 42, 2, 0, 0.17%, 8, 0, 8, 153.65
1735422890, 34, 10, 42, 2, 0, 0.17%, 8, 0, 8, 131.19
1735422895, 34, 13, 42, 2, 0, 0.17%, 8, 0, 8, 159.08
1735422910, 34, 17, 42, 2, 0, 0.17%, 8, 0, 8, 140.58
1735422915, 34, 20, 42, 2, 0, 0.17%, 8, 0, 8, 140.15
1735422920, 35, 10, 42, 2, 0, 0.17%, 8, 0, 8, 130.95
1735422925, 35, 17, 42, 2, 0, 0.17%, 8, 0, 8, 131.09
1735422931, 35, 20, 42, 2, 0, 0.17%, 8, 0, 8, 133.31
1735422936, 36, 17, 42, 2, 0, 0.17%, 8, 0, 8, 134.15
1735422941, 36, 20, 42, 2, 0, 0.17%, 8, 0, 8, 132.82
1735422951, 37, 14, 42, 2, 0, 0.17%, 8, 0, 8, 156.55
1735422967, 37, 17, 42, 2, 0, 0.17%, 8, 0, 8, 127.78
1735422972, 37, 20, 42, 2, 0, 0.17%, 8, 0, 8, 132.45
1735422982, 37, 26, 42, 2, 0, 0.17%, 8, 0, 8, 143.25
1735422997, 38, 10, 42, 2, 0, 0.17%, 8, 0, 8, 135.98
1735423002, 38, 17, 42, 2, 0, 0.17%, 8, 0, 8, 139.44
1735423008, 38, 20, 42, 2, 0, 0.17%, 8, 0, 8, 144.13
1735423013, 38, 36, 42, 2, 0, 0.17%, 8, 0, 8, 143.85
1735423044, 39, 17, 42, 2, 0, 0.17%, 8, 0, 8, 145.00
1735423049, 39, 20, 42, 2, 0, 0.17%, 8, 0, 8, 138.50
1735423054, 39, 33, 42, 2, 0, 0.17%, 8, 0, 8, 141.63
1735423074, 39, 34, 42, 2, 0, 0.17%, 8, 0, 8, 160.30
1735423095, 40, 17, 42, 2, 0, 0.17%, 8, 0, 8, 138.01
1735423100, 40, 20, 42, 2, 0, 0.17%, 8, 0, 8, 133.02
1735423105, 40, 28, 42, 2, 0, 0.17%, 8, 0, 8, 129.63
1735423141, 40, 36, 42, 2, 0, 0.17%, 8, 0, 8, 141.94
1735423172, 40, 37, 42, 2, 0, 0.17%, 8, 0, 8, 164.95
1735423197, 41, 17, 42, 2, 0, 0.17%, 8, 0, 8, 138.64
1735423202, 41, 20, 42, 2, 0, 0.17%, 8, 0, 8, 133.97
1735423207, 42, 10, 42, 2, 0, 0.17%, 8, 0, 8, 136.88
1735423212, 42, 17, 42, 2, 0, 0.17%, 8, 0, 8, 144.54
1735423218, 42, 20, 42, 2, 0, 0.17%, 8, 0, 8, 133.69
1735423223, 43, 10, 42, 2, 0, 0.17%, 8, 0, 8, 127.45
1735423228, 43, 17, 42, 2, 0, 0.17%, 8, 0, 8, 134.07
1735423233, 43, 20, 42, 2, 0, 0.17%, 8, 0, 8, 138.30
1735423238, 43, 29, 42, 2, 0, 0.17%, 8, 0, 8, 141.49
1735423269, 44, 17, 42, 2, 0, 0.17%, 8, 0, 8, 133.18
1735423274, 44, 20, 42, 2, 0, 0.17%, 8, 0, 8, 136.40
1735423279, 44, 35, 42, 2, 0, 0.17%, 8, 0, 8, 150.08
1735423350, 44, 37, 42, 1, 0, 0.17%, 8, 0, 8, 159.87
1735423380, 45, 17, 42, 1, 0, 0.17%, 8, 0, 8, 134.23
1735423386, 45, 20, 42, 1, 0, 0.17%, 8, 0, 8, 138.79
1735423391, 46, 10, 42, 1, 0, 0.17%, 8, 0, 8, 129.70
1735423396, 46, 17, 42, 1, 0, 0.17%, 8, 0, 8, 143.59
1735423401, 46, 20, 42, 1, 0, 0.17%, 8, 0, 8, 132.35
1735423406, 46, 21, 42, 1, 0, 0.17%, 8, 0, 8, 144.87
1735423426, 46, 35, 42, 1, 0, 0.17%, 8, 0, 8, 151.53
1735423446, 47, 17, 42, 1, 0, 0.17%, 8, 0, 8, 138.22
1735423452, 47, 20, 42, 1, 0, 0.17%, 8, 0, 8, 138.28
1735423457, 47, 21, 42, 1, 0, 0.17%, 8, 0, 8, 134.46
1735423477, 47, 22, 42, 1, 0, 0.17%, 8, 0, 8, 131.67
1735423497, 48, 17, 42, 1, 0, 0.17%, 8, 0, 8, 133.16
1735423503, 48, 20, 42, 1, 0, 0.17%, 8, 0, 8, 144.89
1735423513, 49, 12, 42, 1, 0, 0.17%, 8, 0, 8, 133.35
1735423538, 49, 17, 42, 1, 0, 0.17%, 8, 0, 8, 135.86
1735423543, 49, 20, 42, 1, 0, 0.17%, 8, 0, 8, 128.75
1735423548, 49, 24, 42, 1, 0, 0.17%, 8, 0, 8, 144.57
1735423600, 50, 4, 42, 0, 0, 0.17%, 8, 0, 8, 144.45
1735423605, 50, 17, 42, 0, 0, 0.17%, 8, 0, 8, 137.03
1735423610, 50, 20, 42, 0, 0, 0.17%, 8, 0, 8, 139.30
1735423620, 50, 39, 42, 0, 0, 0.17%, 8, 0, 8, 158.92
1735423650, 51, 17, 42, 0, 0, 0.17%, 8, 0, 8, 131.25
1735423655, 51, 20, 42, 0, 0, 0.17%, 8, 0, 8, 138.12
1735423661, 51, 40, 42, 0, 0, 0.17%, 8, 0, 8, 147.12
1735423692, 52, 11, 42, 0, 0, 0.17%, 8, 0, 8, 137.92
1735423702, 52, 16, 42, 0, 0, 0.17%, 8, 0, 8, 134.45
1735423723, 52, 17, 42, 0, 0, 0.17%, 8, 0, 8, 133.35
1735423728, 52, 20, 42, 0, 0, 0.17%, 8, 0, 8, 137.60
1735423733, 52, 25, 42, 0, 0, 0.17%, 8, 0, 8, 137.47
1735423753, 52, 27, 42, 0, 0, 0.17%, 8, 0, 8, 129.47
1735423774, 52, 41, 42, 0, 0, 0.17%, 8, 0, 8, 149.79
1735423794, 53, 7, 42, 0, 0, 0.17%, 8, 0, 8, 136.72
1735423800, 53, 17, 42, 0, 0, 0.17%, 8, 0, 8, 133.55
1735423805, 53, 20, 42, 0, 0, 0.17%, 8, 0, 8, 133.07
1735423810, 54, 10, 42, 0, 0, 0.17%, 8, 0, 8, 133.17
1735423815, 54, 11, 42, 0, 0, 0.17%, 8, 0, 8, 132.74
1735423825, 54, 16, 42, 0, 0, 0.17%, 8, 0, 8, 136.04
1735423841, 54, 17, 42, 0, 0, 0.17%, 8, 0, 8, 144.55
1735423846, 54, 20, 42, 0, 0, 0.17%, 8, 0, 8, 134.34
1735423851, 54, 31, 42, 0, 0, 0.17%, 8, 0, 8, 141.73
1735423872, 55, 9, 42, 0, 0, 0.17%, 8, 0, 8, 139.56
1735423877, 55, 12, 42, 0, 0, 0.17%, 8, 0, 8, 131.76
1735423897, 55, 17, 42, 0, 0, 0.17%, 8, 0, 8, 135.95
1735423902, 55, 20, 42, 0, 0, 0.17%, 8, 0, 8, 138.21
1735423907, 55, 34, 42, 0, 0, 0.17%, 8, 0, 8, 168.39
1735423928, 56, 17, 42, 0, 0, 0.17%, 8, 0, 8, 137.80
1735423933, 56, 20, 42, 0, 0, 0.17%, 8, 0, 8, 135.61
1735423938, 57, 10, 42, 0, 0, 0.17%, 8, 0, 8, 130.90
1735423943, 57, 11, 42, 0, 0, 0.17%, 8, 0, 8, 134.03
1735423948, 57, 17, 42, 0, 0, 0.17%, 8, 0, 8, 137.71
1735423953, 57, 20, 42, 0, 0, 0.17%, 8, 0, 8, 142.77
1735423958, 57, 34, 42, 0, 0, 0.17%, 8, 0, 8, 142.75
1735423979, 57, 39, 42, 0, 0, 0.17%, 8, 0, 8, 153.04
1735424010, 58, 17, 42, 0, 0, 0.17%, 8, 0, 8, 134.36
1735424015, 58, 20, 42, 0, 0, 0.17%, 8, 0, 8, 135.76
1735424020, 59, 4, 42, 0, 0, 0.17%, 8, 0, 8, 133.55
1735424025, 59, 10, 42, 0, 0, 0.17%, 8, 0, 8, 138.94
1735424030, 59, 17, 42, 0, 0, 0.17%, 8, 0, 8, 134.32
1735424036, 59, 20, 42, 0, 0, 0.17%, 8, 0, 8, 132.43
1735424041, 59, 35, 42, 0, 0, 0.17%, 8, 0, 8, 155.60
1735424061, 60, 17, 42, 0, 0, 0.17%, 8, 0, 8, 139.12
1735424066, 60, 20, 42, 0, 0, 0.17%, 8, 0, 8, 131.60
1735424071, 60, 24, 42, 0, 0, 0.17%, 8, 0, 8, 130.72
1735424092, 61, 8, 42, 0, 0, 0.17%, 8, 0, 8, 144.51
1735424097, 61, 15, 42, 0, 0, 0.17%, 8, 0, 8, 143.74
1735424118, 61, 17, 42, 0, 0, 0.17%, 8, 0, 8, 132.77
1735424123, 61, 20, 42, 0, 0, 0.17%, 8, 0, 8, 135.03
1735424128, 62, 9, 42, 0, 0, 0.17%, 8, 0, 8, 138.01
1735424133, 62, 11, 42, 0, 0, 0.17%, 8, 0, 8, 134.79
1735424143, 62, 16, 42, 0, 0, 0.17%, 8, 0, 8, 139.02
1735424164, 62, 17, 42, 0, 0, 0.17%, 8, 0, 8, 143.42
1735424169, 62, 20, 42, 0, 0, 0.17%, 8, 0, 8, 134.24
1735424174, 62, 39, 42, 0, 0, 0.17%, 8, 0, 8, 157.36
1735424205, 63, 10, 42, 0, 0, 0.17%, 8, 0, 8, 142.41
1735424210, 63, 17, 42, 0, 0, 0.17%, 8, 0, 8, 139.02
1735424215, 63, 20, 42, 0, 0, 0.17%, 8, 0, 8, 135.79
1735424220, 63, 29, 42, 0, 0, 0.17%, 8, 0, 8, 138.19
1735424251, 63, 38, 42, 0, 0, 0.17%, 8, 0, 8, 160.22
1735424281, 64, 17, 42, 0, 0, 0.17%, 8, 0, 8, 138.56
1735424286, 64, 20, 42, 0, 0, 0.17%, 8, 0, 8, 142.14
1735424292, 64, 21, 42, 0, 0, 0.17%, 8, 0, 8, 139.21
1735424312, 64, 22, 42, 0, 0, 0.17%, 8, 0, 8, 145.42
1735424333, 65, 9, 42, 0, 0, 0.17%, 8, 0, 8, 139.93
1735424338, 65, 17, 42, 0, 0, 0.17%, 8, 0, 8, 139.40
1735424343, 65, 20, 42, 0, 0, 0.17%, 8, 0, 8, 135.92
1735424348, 65, 33, 42, 0, 0, 0.17%, 8, 0, 8, 144.05
1735424368, 65, 39, 42, 0, 0, 0.17%, 8, 0, 8, 147.21
1735424399, 65, 41, 42, 0, 0, 0.17%, 8, 0, 8, 158.56
1735424420, 66, 12, 42, 0, 0, 0.17%, 8, 0, 8, 137.58
1735424440, 66, 17, 42, 0, 0, 0.17%, 8, 0, 8, 138.47
1735424445, 66, 20, 42, 0, 0, 0.17%, 8, 0, 8, 132.39
1735424450, 66, 37, 42, 0, 0, 0.17%, 8, 0, 8, 146.55
1735424481, 67, 5, 42, 0, 0, 0.17%, 8, 0, 8, 131.45
1735424486, 67, 17, 42, 0, 0, 0.17%, 8, 0, 8, 140.49
1735424491, 67, 20, 42, 0, 0, 0.17%, 8, 0, 8, 138.38
1735424496, 68, 10, 42, 0, 0, 0.17%, 8, 0, 8, 139.00
1735424501, 68, 17, 42, 0, 0, 0.17%, 8, 0, 8, 137.28
1735424506, 68, 20, 42, 0, 0, 0.17%, 8, 0, 8, 133.99
1735424511, 68, 30, 42, 0, 0, 0.17%, 8, 0, 8, 143.67
1735424542, 68, 41, 42, 0, 0, 0.17%, 8, 0, 8, 147.87
1735424563, 69, 17, 42, 0, 0, 0.17%, 8, 0, 8, 137.34
1735424568, 69, 20, 42, 0, 0, 0.17%, 8, 0, 8, 131.26
1735424578, 70, 14, 42, 0, 0, 0.17%, 8, 0, 8, 152.78
1735424593, 70, 17, 42, 0, 0, 0.17%, 8, 0, 8, 148.40
1735424599, 70, 20, 42, 0, 0, 0.17%, 8, 0, 8, 141.43
1735424609, 71, 17, 42, 0, 0, 0.17%, 8, 0, 8, 140.40
1735424614, 71, 20, 42, 0, 0, 0.17%, 8, 0, 8, 133.52
1735424619, 71, 34, 42, 0, 0, 0.17%, 8, 0, 8, 137.45
1735424639, 72, 10, 42, 0, 0, 0.17%, 8, 0, 8, 137.33
1735424645, 72, 17, 42, 0, 0, 0.17%, 8, 0, 8, 134.37
1735424650, 72, 20, 42, 0, 0, 0.17%, 8, 0, 8, 129.15
1735424655, 72, 38, 42, 0, 0, 0.17%, 8, 0, 8, 166.33
1735424680, 73, 10, 42, 0, 0, 0.17%, 8, 0, 8, 156.47
1735424685, 73, 17, 42, 0, 0, 0.17%, 8, 0, 8, 142.09
1735424690, 73, 20, 42, 0, 0, 0.17%, 8, 0, 8, 134.79
1735424696, 73, 31, 42, 0, 0, 0.17%, 8, 0, 8, 141.32
1735424716, 74, 15, 42, 0, 0, 0.17%, 8, 0, 8, 135.71
1735424736, 74, 17, 42, 0, 0, 0.17%, 8, 0, 8, 137.17
1735424742, 74, 20, 42, 0, 0, 0.17%, 8, 0, 8, 139.67
1735424747, 75, 10, 42, 0, 0, 0.17%, 8, 0, 8, 134.18
1735424752, 75, 14, 42, 0, 0, 0.17%, 8, 0, 8, 159.89
1735424767, 75, 17, 42, 0, 0, 0.17%, 8, 0, 8, 141.24
1735424772, 75, 20, 42, 0, 0, 0.17%, 8, 0, 8, 139.71
1735424778, 76, 10, 42, 0, 0, 0.17%, 8, 0, 8, 135.37
1735424783, 76, 17, 42, 0, 0, 0.17%, 8, 0, 8, 143.40
1735424788, 76, 20, 42, 0, 0, 0.17%, 8, 0, 8, 134.38
1735424793, 76, 41, 42, 0, 0, 0.17%, 8, 0, 8, 154.34
1735424814, 77, 17, 42, 0, 0, 0.17%, 8, 0, 8, 143.44
1735424819, 77, 19, 42, 0, 0, 0.17%, 8, 0, 8, 132.09
1735424839, 77, 20, 42, 0, 0, 0.17%, 8, 0, 8, 133.84
1735424844, 78, 10, 42, 0, 0, 0.17%, 8, 0, 8, 134.56
1735424849, 78, 17, 42, 0, 0, 0.17%, 8, 0, 8, 133.43
1735424855, 78, 20, 42, 0, 0, 0.17%, 8, 0, 8, 140.05
1735424860, 79, 3, 42, 0, 0, 0.17%, 8, 0, 8, 130.33
1735424865, 79, 17, 42, 0, 0, 0.17%, 8, 0, 8, 134.18
1735424870, 79, 20, 42, 0, 0, 0.17%, 8, 0, 8, 136.78
1735424875, 79, 23, 42, 0, 0, 0.17%, 8, 0, 8, 131.48
1735424896, 80, 10, 42, 0, 0, 0.17%, 8, 0, 8, 130.29
1735424901, 80, 11, 42, 0, 0, 0.17%, 8, 0, 8, 136.46
1735424906, 80, 17, 42, 0, 0, 0.17%, 8, 0, 8, 135.06
1735424911, 80, 20, 42, 0, 0, 0.17%, 8, 0, 8, 133.95
1735424916, 80, 22, 42, 0, 0, 0.17%, 8, 0, 8, 152.84
1735424937, 81, 10, 42, 0, 0, 0.17%, 8, 0, 8, 130.83
1735424942, 81, 17, 42, 0, 0, 0.17%, 8, 0, 8, 137.48
1735424947, 81, 20, 42, 0, 0, 0.17%, 8, 0, 8, 124.94
1735424952, 81, 23, 42, 0, 0, 0.17%, 8, 0, 8, 138.21
1735424973, 81, 31, 42, 0, 0, 0.17%, 8, 0, 8, 139.73
1735424994, 81, 33, 42, 0, 0, 0.17%, 8, 0, 8, 149.29
1735425014, 82, 10, 42, 0, 0, 0.17%, 8, 0, 8, 133.68
1735425019, 82, 17, 42, 0, 0, 0.17%, 8, 0, 8, 133.25
1735425025, 82, 20, 42, 0, 0, 0.17%, 8, 0, 8, 130.44
1735425030, 82, 24, 42, 0, 0, 0.17%, 8, 0, 8, 133.18
1735425050, 82, 35, 42, 0, 0, 0.17%, 8, 0, 8, 158.45
1735425071, 82, 41, 42, 0, 0, 0.17%, 8, 0, 8, 150.05
1735425081, 83, 17, 42, 0, 0, 0.17%, 8, 0, 8, 141.69
1735425086, 83, 20, 42, 0, 0, 0.17%, 8, 0, 8, 137.78
1735425091, 83, 23, 42, 0, 0, 0.17%, 8, 0, 8, 140.18
1735425112, 84, 10, 42, 0, 0, 0.17%, 8, 0, 8, 126.16
1735425117, 84, 12, 42, 0, 0, 0.17%, 8, 0, 8, 126.02
1735425127, 84, 17, 42, 0, 0, 0.17%, 8, 0, 8, 134.93
1735425132, 84, 20, 42, 0, 0, 0.17%, 8, 0, 8, 134.18
1735425137, 85, 17, 42, 0, 0, 0.17%, 8, 0, 8, 136.97
1735425142, 85, 20, 42, 0, 0, 0.17%, 8, 0, 8, 136.60
1735425153, 85, 34, 42, 0, 0, 0.17%, 8, 0, 8, 175.13
1735425168, 86, 10, 42, 0, 0, 0.17%, 8, 0, 8, 136.32
1735425173, 86, 16, 42, 0, 0, 0.17%, 8, 0, 8, 136.12
1735425188, 86, 17, 42, 0, 0, 0.17%, 8, 0, 8, 138.08
1735425193, 86, 20, 42, 0, 0, 0.17%, 8, 0, 8, 135.38
1735425204, 86, 23, 42, 0, 0, 0.17%, 8, 0, 8, 143.56
1735425214, 86, 26, 42, 0, 0, 0.17%, 8, 0, 8, 141.67
1735425235, 87, 17, 42, 0, 0, 0.17%, 8, 0, 8, 134.66
1735425240, 87, 20, 42, 0, 0, 0.17%, 8, 0, 8, 132.73
1735425245, 87, 28, 42, 0, 0, 0.17%, 8, 0, 8, 136.93
1735425281, 88, 10, 42, 0, 0, 0.17%, 8, 0, 8, 141.88
1735425286, 88, 17, 42, 0, 0, 0.17%, 8, 0, 8, 140.45
1735425291, 88, 20, 42, 0, 0, 0.17%, 8, 0, 8, 131.38
1735425296, 88, 28, 42, 0, 0, 0.17%, 8, 0, 8, 132.83
1735425311, 89, 10, 42, 0, 0, 0.17%, 8, 0, 8, 135.87
1735425316, 89, 17, 42, 0, 0, 0.17%, 8, 0, 8, 134.28
1735425321, 89, 20, 42, 0, 0, 0.17%, 8, 0, 8, 126.58
1735425327, 90, 10, 42, 0, 0, 0.17%, 8, 0, 8, 135.46
1735425332, 90, 12, 42, 0, 0, 0.17%, 8, 0, 8, 135.61
1735425342, 90, 15, 42, 0, 0, 0.17%, 8, 0, 8, 145.31
1735425362, 90, 17, 42, 0, 0, 0.17%, 8, 0, 8, 137.07
1735425368, 90, 19, 42, 0, 0, 0.17%, 8, 0, 8, 132.46
1735425383, 90, 20, 42, 0, 0, 0.17%, 8, 0, 8, 126.98
1735425388, 90, 33, 42, 0, 0, 0.17%, 8, 0, 8, 143.61
1735425409, 90, 35, 42, 0, 0, 0.17%, 8, 0, 8, 143.45
1735425429, 91, 10, 42, 0, 0, 0.17%, 8, 0, 8, 136.24
1735425435, 91, 13, 42, 0, 0, 0.17%, 8, 0, 8, 154.51
1735425450, 91, 17, 42, 0, 0, 0.17%, 8, 0, 8, 140.93
1735425455, 91, 20, 42, 0, 0, 0.17%, 8, 0, 8, 133.65
1735425460, 92, 3, 42, 0, 0, 0.17%, 8, 0, 8, 136.09
1735425466, 92, 17, 42, 0, 0, 0.17%, 8, 0, 8, 133.49
1735425471, 92, 20, 42, 0, 0, 0.17%, 8, 0, 8, 134.66
1735425476, 92, 30, 42, 0, 0, 0.17%, 8, 0, 8, 143.89
1735425511, 93, 10, 42, 0, 0, 0.17%, 8, 0, 8, 138.09
1735425516, 93, 17, 42, 0, 0, 0.17%, 8, 0, 8, 145.40
1735425521, 93, 20, 42, 0, 0, 0.17%, 8, 0, 8, 139.32
1735425527, 93, 31, 42, 0, 0, 0.17%, 8, 0, 8, 137.33
1735425547, 94, 17, 42, 0, 0, 0.17%, 8, 0, 8, 134.43
1735425552, 94, 20, 42, 0, 0, 0.17%, 8, 0, 8, 137.53
1735425557, 94, 24, 42, 0, 0, 0.17%, 8, 0, 8, 131.62
1735425583, 95, 10, 42, 0, 0, 0.17%, 8, 0, 8, 143.60
1735425588, 95, 17, 42, 0, 0, 0.17%, 8, 0, 8, 141.23
1735425593, 95, 20, 42, 0, 0, 0.17%, 8, 0, 8, 134.54
1735425598, 95, 23, 42, 0, 0, 0.17%, 8, 0, 8, 140.06
1735425609, 96, 8, 42, 0, 0, 0.17%, 8, 0, 8, 133.75
1735425614, 96, 17, 42, 0, 0, 0.17%, 8, 0, 8, 134.81
1735425619, 96, 20, 42, 0, 0, 0.17%, 8, 0, 8, 129.07
1735425624, 96, 25, 42, 0, 0, 0.17%, 8, 0, 8, 141.69
1735425645, 96, 26, 42, 0, 0, 0.17%, 8, 0, 8, 141.83
1735425660, 97, 10, 42, 0, 0, 0.17%, 8, 0, 8, 130.99
1735425666, 97, 17, 42, 0, 0, 0.17%, 8, 0, 8, 136.44
1735425671, 97, 20, 42, 0, 0, 0.17%, 8, 0, 8, 135.82
1735425676, 97, 41, 42, 0, 0, 0.17%, 8, 0, 8, 148.14
1735425681, 98, 10, 42, 0, 0, 0.17%, 8, 0, 8, 142.54
1735425686, 98, 14, 42, 0, 0, 0.17%, 8, 0, 8, 156.62
1735425696, 98, 17, 42, 0, 0, 0.17%, 8, 0, 8, 142.78
1735425702, 98, 20, 42, 0, 0, 0.17%, 8, 0, 8, 128.02
1735425707, 98, 28, 42, 0, 0, 0.17%, 8, 0, 8, 133.87
1735425722, 99, 9, 42, 0, 0, 0.17%, 8, 0, 8, 138.49
1735425727, 99, 17, 42, 0, 0, 0.17%, 8, 0, 8, 133.89
1735425733, 99, 20, 42, 0, 0, 0.17%, 8, 0, 8, 134.24
1735425738, 100, 7, 42, 0, 0, 0.17%, 8, 0, 8, 127.76
1735425743, 100, 10, 42, 0, 0, 0.17%, 8, 0, 8, 133.34
1735425748, 100, 17, 42, 0, 0, 0.17%, 8, 0, 8, 130.08
1735425753, 100, 18, 42, 0, 0, 0.17%, 8, 0, 8, 148.90
1735425769, 100, 20, 42, 0, 0, 0.17%, 8, 0, 8, 120.27
1735425779, 100, 27, 42, 0, 0, 0.17%, 8, 0, 8, 129.53
1735425800, 100, 38, 42, 0, 0, 0.17%, 8, 0, 8, 173.63
1735425825, 101, 10, 42, 0, 0, 0.17%, 8, 0, 8, 137.35
1735425830, 101, 12, 42, 0, 0, 0.17%, 8, 0, 8, 124.18
1735425840, 101, 17, 42, 0, 0, 0.17%, 8, 0, 8, 136.84
1735425846, 101, 20, 42, 0, 0, 0.17%, 8, 0, 8, 133.90
1735425851, 101, 30, 42, 0, 0, 0.17%, 8, 0, 8, 145.19
1735425881, 102, 10, 42, 0, 0, 0.17%, 8, 0, 8, 145.57
1735425887, 102, 17, 42, 0, 0, 0.17%, 8, 0, 8, 134.25
1735425892, 102, 20, 42, 0, 0, 0.17%, 8, 0, 8, 135.39
1735425897, 102, 41, 42, 0, 0, 0.17%, 8, 0, 8, 147.62
1735425902, 103, 8, 42, 0, 0, 0.17%, 8, 0, 8, 137.66
1735425907, 103, 17, 42, 0, 0, 0.17%, 8, 0, 8, 139.87
1735425912, 103, 20, 42, 0, 0, 0.17%, 8, 0, 8, 134.68
1735425918, 103, 26, 42, 0, 0, 0.17%, 8, 0, 8, 138.99
1735425928, 103, 34, 42, 0, 0, 0.17%, 8, 0, 8, 157.65
1735425933, 103, 39, 42, 0, 0, 0.17%, 8, 0, 8, 155.35
1735425963, 104, 13, 42, 0, 0, 0.17%, 8, 0, 8, 137.01
1735425984, 104, 14, 42, 0, 0, 0.17%, 8, 0, 8, 153.38
1735425994, 104, 17, 42, 0, 0, 0.17%, 8, 0, 8, 144.54
1735425999, 104, 20, 42, 0, 0, 0.17%, 8, 0, 8, 136.17
1735426004, 104, 33, 42, 0, 0, 0.17%, 8, 0, 8, 135.04
1735426009, 105, 10, 42, 0, 0, 0.17%, 8, 0, 8, 134.68
1735426014, 105, 17, 42, 0, 0, 0.17%, 8, 0, 8, 127.76
1735426020, 105, 20, 42, 0, 0, 0.17%, 8, 0, 8, 127.92
1735426025, 106, 17, 42, 0, 0, 0.17%, 8, 0, 8, 139.83
1735426030, 106, 20, 42, 0, 0, 0.17%, 8, 0, 8, 133.68
1735426035, 106, 25, 42, 0, 0, 0.17%, 8, 0, 8, 135.90
1735426056, 107, 10, 42, 0, 0, 0.17%, 8, 0, 8, 130.98
1735426061, 107, 17, 42, 0, 0, 0.17%, 8, 0, 8, 136.61
1735426066, 107, 20, 42, 0, 0, 0.17%, 8, 0, 8, 142.15
1735426071, 107, 32, 42, 0, 0, 0.17%, 8, 0, 8, 146.17
1735426102, 108, 10, 42, 0, 0, 0.17%, 8, 0, 8, 134.41
1735426107, 108, 14, 42, 0, 0, 0.17%, 8, 0, 8, 147.79
1735426112, 108, 16, 42, 0, 0, 0.17%, 8, 0, 8, 134.42
1735426122, 108, 17, 42, 0, 0, 0.17%, 8, 0, 8, 132.13
1735426128, 108, 20, 42, 0, 0, 0.17%, 8, 0, 8, 131.65
1735426133, 109, 10, 42, 0, 0, 0.17%, 8, 0, 8, 133.94
1735426138, 109, 17, 42, 0, 0, 0.17%, 8, 0, 8, 142.05
1735426143, 109, 20, 42, 0, 0, 0.17%, 8, 0, 8, 136.57
1735426148, 110, 17, 42, 0, 0, 0.17%, 8, 0, 8, 130.82
1735426154, 110, 20, 42, 0, 0, 0.17%, 8, 0, 8, 136.63
1735426164, 111, 17, 42, 0, 0, 0.17%, 8, 0, 8, 129.95
1735426169, 111, 20, 42, 0, 0, 0.17%, 8, 0, 8, 127.41
1735426174, 112, 10, 42, 0, 0, 0.17%, 8, 0, 8, 128.49
1735426179, 112, 17, 42, 0, 0, 0.17%, 8, 0, 8, 139.40
1735426184, 112, 20, 42, 0, 0, 0.17%, 8, 0, 8, 134.40
1735426189, 112, 21, 42, 0, 0, 0.17%, 8, 0, 8, 152.29
1735426210, 112, 23, 42, 0, 0, 0.17%, 8, 0, 8, 139.90
1735426220, 112, 40, 42, 0, 0, 0.17%, 8, 0, 8, 161.54
1735426251, 112, 41, 42, 0, 0, 0.17%, 8, 0, 8, 141.21
1735426256, 113, 16, 42, 0, 0, 0.17%, 8, 0, 8, 137.83
1735426266, 113, 17, 42, 0, 0, 0.17%, 8, 0, 8, 136.42
1735426271, 113, 20, 42, 0, 0, 0.17%, 8, 0, 8, 129.12
1735426276, 113, 31, 42, 0, 0, 0.17%, 8, 0, 8, 140.09
1735426297, 114, 10, 42, 0, 0, 0.17%, 8, 0, 8, 119.78
1735426302, 114, 17, 42, 0, 0, 0.17%, 8, 0, 8, 132.22
1735426307, 114, 20, 42, 0, 0, 0.17%, 8, 0, 8, 128.62
1735426312, 115, 10, 42, 0, 0, 0.17%, 8, 0, 8, 129.36
1735426317, 115, 17, 42, 0, 0, 0.17%, 8, 0, 8, 132.61
1735426323, 115, 20, 42, 0, 0, 0.17%, 8, 0, 8, 130.84
1735426328, 115, 24, 42, 0, 0, 0.17%, 8, 0, 8, 129.00
1735426348, 116, 10, 42, 0, 0, 0.17%, 8, 0, 8, 134.63
1735426353, 116, 17, 42, 0, 0, 0.17%, 8, 0, 8, 136.80
1735426359, 116, 20, 42, 0, 0, 0.17%, 8, 0, 8, 131.92
1735426364, 116, 23, 42, 0, 0, 0.17%, 8, 0, 8, 143.36
1735426369, 116, 33, 42, 0, 0, 0.17%, 8, 0, 8, 143.48
1735426374, 116, 41, 42, 0, 0, 0.17%, 8, 0, 8, 142.72
1735426379, 117, 17, 42, 0, 0, 0.17%, 8, 0, 8, 138.06
1735426385, 117, 20, 42, 0, 0, 0.17%, 8, 0, 8, 138.29
1735426390, 117, 28, 42, 0, 0, 0.17%, 8, 0, 8, 135.68
1735426405, 117, 32, 42, 0, 0, 0.17%, 8, 0, 8, 143.94
1735426441, 118, 17, 42, 0, 0, 0.17%, 8, 0, 8, 141.85
1735426446, 118, 20, 42, 0, 0, 0.17%, 8, 0, 8, 136.45
1735426452, 118, 41, 42, 0, 0, 0.17%, 8, 0, 8, 145.52
1735426457, 119, 10, 42, 0, 0, 0.17%, 8, 0, 8, 133.24
1735426462, 119, 17, 42, 0, 0, 0.17%, 8, 0, 8, 136.15
1735426467, 119, 20, 42, 0, 0, 0.17%, 8, 0, 8, 137.86
1735426472, 119, 32, 42, 0, 0, 0.17%, 8, 0, 8, 143.00
1735426497, 120, 10, 42, 0, 0, 0.17%, 8, 0, 8, 150.79
1735426502, 120, 17, 42, 0, 0, 0.17%, 8, 0, 8, 141.22
1735426508, 120, 20, 42, 0, 0, 0.17%, 8, 0, 8, 130.72
1735426513, 120, 33, 42, 0, 0, 0.17%, 8, 0, 8, 135.41
1735426518, 120, 39, 42, 0, 0, 0.17%, 8, 0, 8, 149.57
1735426523, 121, 10, 42, 0, 0, 0.17%, 8, 0, 8, 151.96
1735426528, 121, 17, 42, 0, 0, 0.17%, 8, 0, 8, 139.17
1735426533, 121, 20, 42, 0, 0, 0.17%, 8, 0, 8, 132.38
1735426538, 121, 25, 42, 0, 0, 0.17%, 8, 0, 8, 138.94
1735426559, 121, 36, 42, 0, 0, 0.17%, 8, 0, 8, 140.10
1735426590, 121, 39, 42, 0, 0, 0.17%, 8, 0, 8, 148.37
1735426595, 122, 10, 42, 0, 0, 0.17%, 8, 0, 8, 133.60
1735426600, 122, 17, 42, 0, 0, 0.17%, 8, 0, 8, 137.53
1735426605, 122, 20, 42, 0, 0, 0.17%, 8, 0, 8, 132.01
1735426611, 123, 10, 42, 0, 0, 0.17%, 8, 0, 8, 127.41
1735426616, 123, 17, 42, 0, 0, 0.17%, 8, 0, 8, 134.31
1735426621, 123, 19, 42, 0, 0, 0.17%, 8, 0, 8, 134.86
1735426641, 123, 20, 42, 0, 0, 0.17%, 8, 0, 8, 132.43
1735426647, 124, 10, 42, 0, 0, 0.17%, 8, 0, 8, 133.18
1735426652, 124, 15, 42, 0, 0, 0.17%, 8, 0, 8, 142.12
1735426667, 124, 17, 42, 0, 0, 0.17%, 8, 0, 8, 124.68
1735426672, 124, 20, 42, 0, 0, 0.17%, 8, 0, 8, 137.14
1735426683, 124, 34, 42, 0, 0, 0.17%, 8, 0, 8, 134.80
1735426688, 125, 11, 42, 0, 0, 0.17%, 8, 0, 8, 131.58
1735426693, 125, 17, 42, 0, 0, 0.17%, 8, 0, 8, 136.37
1735426703, 125, 20, 42, 0, 0, 0.17%, 8, 0, 8, 131.84
1735426709, 126, 10, 42, 0, 0, 0.17%, 8, 0, 8, 133.35
1735426714, 126, 17, 42, 0, 0, 0.17%, 8, 0, 8, 135.36
1735426719, 126, 20, 42, 0, 0, 0.17%, 8, 0, 8, 130.18
1735426724, 126, 24, 42, 0, 0, 0.17%, 8, 0, 8, 131.18
1735426734, 127, 3, 42, 0, 0, 0.17%, 8, 0, 8, 133.89
1735426739, 127, 11, 42, 0, 0, 0.17%, 8, 0, 8, 135.41
1735426744, 127, 17, 42, 0, 0, 0.17%, 8, 0, 8, 139.21
1735426750, 127, 20, 42, 0, 0, 0.17%, 8, 0, 8, 134.96
1735426755, 128, 10, 42, 0, 0, 0.17%, 8, 0, 8, 131.68
1735426760, 128, 12, 42, 0, 0, 0.17%, 8, 0, 8, 127.83
1735426765, 128, 17, 42, 0, 0, 0.17%, 8, 0, 8, 136.40
1735426770, 128, 20, 42, 0, 0, 0.17%, 8, 0, 8, 131.66
1735426775, 129, 10, 42, 0, 0, 0.17%, 8, 0, 8, 131.20
1735426780, 129, 17, 42, 0, 0, 0.17%, 8, 0, 8, 135.58
1735426785, 129, 20, 42, 0, 0, 0.17%, 8, 0, 8, 134.37
1735426791, 129, 38, 42, 0, 0, 0.17%, 8, 0, 8, 162.28
1735426821, 130, 17, 42, 0, 0, 0.17%, 8, 0, 8, 132.53
1735426827, 130, 20, 42, 0, 0, 0.17%, 8, 0, 8, 130.74
1735426832, 130, 21, 42, 0, 0, 0.17%, 8, 0, 8, 143.29
1735426842, 130, 25, 42, 0, 0, 0.17%, 8, 0, 8, 136.72
1735426852, 130, 34, 42, 0, 0, 0.17%, 8, 0, 8, 150.23
1735426857, 130, 40, 42, 0, 0, 0.17%, 8, 0, 8, 159.03
1735426888, 131, 9, 42, 0, 0, 0.17%, 8, 0, 8, 131.18
1735426893, 131, 17, 42, 0, 0, 0.17%, 8, 0, 8, 131.15
1735426898, 131, 20, 42, 0, 0, 0.17%, 8, 0, 8, 129.37
1735426904, 131, 40, 42, 0, 0, 0.17%, 8, 0, 8, 134.97
1735426940, 132, 17, 42, 0, 0, 0.17%, 8, 0, 8, 134.86
1735426945, 132, 20, 42, 0, 0, 0.17%, 8, 0, 8, 136.79
1735426950, 133, 15, 42, 0, 0, 0.17%, 8, 0, 8, 132.85
1735426965, 133, 17, 42, 0, 0, 0.17%, 8, 0, 8, 131.10
1735426971, 133, 20, 42, 0, 0, 0.17%, 8, 0, 8, 129.31
1735426976, 133, 32, 42, 0, 0, 0.17%, 8, 0, 8, 143.18
1735427007, 134, 17, 42, 0, 0, 0.17%, 8, 0, 8, 133.60
1735427012, 134, 20, 42, 0, 0, 0.17%, 8, 0, 8, 130.18
1735427017, 134, 29, 42, 0, 0, 0.17%, 8, 0, 8, 129.84
1735427053, 135, 17, 42, 0, 0, 0.17%, 8, 0, 8, 138.04
1735427058, 135, 20, 42, 0, 0, 0.17%, 8, 0, 8, 134.43
1735427063, 136, 10, 42, 0, 0, 0.17%, 8, 0, 8, 131.40
1735427068, 136, 16, 42, 0, 0, 0.17%, 8, 0, 8, 135.06
1735427079, 136, 17, 42, 0, 0, 0.17%, 8, 0, 8, 124.15
1735427084, 136, 20, 42, 0, 0, 0.17%, 8, 0, 8, 133.19
1735427089, 137, 17, 42, 0, 0, 0.17%, 8, 0, 8, 137.26
1735427094, 137, 20, 42, 0, 0, 0.17%, 8, 0, 8, 136.18
1735427099, 137, 26, 42, 0, 0, 0.17%, 8, 0, 8, 135.34
1735427110, 137, 31, 42, 0, 0, 0.17%, 8, 0, 8, 141.51
1735427115, 137, 33, 42, 0, 0, 0.17%, 8, 0, 8, 140.12
1735427120, 138, 10, 42, 0, 0, 0.17%, 8, 0, 8, 143.03
1735427125, 138, 17, 42, 0, 0, 0.17%, 8, 0, 8, 137.99
1735427130, 138, 20, 42, 0, 0, 0.17%, 8, 0, 8, 125.17
1735427136, 138, 34, 42, 0, 0, 0.17%, 8, 0, 8, 142.47
1735427141, 139, 10, 42, 0, 0, 0.17%, 8, 0, 8, 133.54
1735427146, 139, 17, 42, 0, 0, 0.17%, 8, 0, 8, 139.05
1735427151, 139, 20, 42, 0, 0, 0.17%, 8, 0, 8, 140.83
1735427161, 139, 21, 42, 0, 0, 0.17%, 8, 0, 8, 142.07
1735427172, 140, 13, 42, 0, 0, 0.17%, 8, 0, 8, 149.52
1735427192, 140, 17, 42, 0, 0, 0.17%, 8, 0, 8, 138.07
1735427197, 140, 20, 42, 0, 0, 0.17%, 8, 0, 8, 135.96
1735427202, 140, 36, 42, 0, 0, 0.17%, 8, 0, 8, 143.60
1735427233, 141, 10, 42, 0, 0, 0.17%, 8, 0, 8, 121.76
1735427238, 141, 17, 42, 0, 0, 0.17%, 8, 0, 8, 135.85
1735427243, 141, 20, 42, 0, 0, 0.17%, 8, 0, 8, 125.31
1735427248, 141, 23, 42, 0, 0, 0.17%, 8, 0, 8, 129.78
1735427253, 141, 28, 42, 0, 0, 0.17%, 8, 0, 8, 134.95
1735427264, 141, 33, 42, 0, 0, 0.17%, 8, 0, 8, 140.51
1735427269, 141, 39, 42, 0, 0, 0.17%, 8, 0, 8, 142.57
1735427274, 142, 10, 42, 0, 0, 0.17%, 8, 0, 8, 139.51
1735427279, 142, 17, 42, 0, 0, 0.17%, 8, 0, 8, 144.19
1735427284, 142, 20, 42, 0, 0, 0.17%, 8, 0, 8, 134.10
1735427289, 142, 23, 42, 0, 0, 0.17%, 8, 0, 8, 132.14
1735427295, 142, 24, 42, 0, 0, 0.17%, 8, 0, 8, 134.24
1735427305, 142, 30, 42, 0, 0, 0.17%, 8, 0, 8, 137.21
1735427336, 143, 10, 42, 0, 0, 0.17%, 8, 0, 8, 129.41
1735427341, 143, 17, 42, 0, 0, 0.17%, 8, 0, 8, 127.68
1735427346, 143, 20, 42, 0, 0, 0.17%, 8, 0, 8, 128.16
1735427351, 143, 38, 42, 0, 0, 0.17%, 8, 0, 8, 146.36
1735427362, 143, 41, 42, 0, 0, 0.17%, 8, 0, 8, 153.42
1735427367, 144, 17, 42, 0, 0, 0.17%, 8, 0, 8, 138.93
1735427372, 144, 20, 42, 0, 0, 0.17%, 8, 0, 8, 129.45
1735427377, 145, 10, 42, 0, 0, 0.17%, 8, 0, 8, 130.34
1735427382, 145, 15, 42, 0, 0, 0.17%, 8, 0, 8, 131.97
1735427387, 145, 17, 42, 0, 0, 0.17%, 8, 0, 8, 141.35
1735427392, 145, 20, 42, 0, 0, 0.17%, 8, 0, 8, 149.06
1735427403, 145, 24, 42, 0, 0, 0.17%, 8, 0, 8, 139.44
1735427418, 145, 39, 42, 0, 0, 0.17%, 8, 0, 8, 148.57
1735427423, 146, 11, 42, 0, 0, 0.17%, 8, 0, 8, 134.84
1735427428, 146, 17, 42, 0, 0, 0.17%, 8, 0, 8, 140.71
1735427433, 146, 20, 42, 0, 0, 0.17%, 8, 0, 8, 133.74
1735427438, 146, 29, 42, 0, 0, 0.17%, 8, 0, 8, 133.46
1735427469, 147, 10, 42, 0, 0, 0.17%, 8, 0, 8, 137.81
1735427475, 147, 15, 42, 0, 0, 0.17%, 8, 0, 8, 136.46
1735427480, 147, 17, 42, 0, 0, 0.17%, 8, 0, 8, 134.06
1735427485, 147, 20, 42, 0, 0, 0.17%, 8, 0, 8, 139.29
1735427495, 148, 17, 42, 0, 0, 0.17%, 8, 0, 8, 135.05
1735427500, 148, 20, 42, 0, 0, 0.17%, 8, 0, 8, 131.39
1735427505, 148, 24, 42, 0, 0, 0.17%, 8, 0, 8, 128.84
1735427511, 148, 33, 42, 0, 0, 0.17%, 8, 0, 8, 139.05
1735427516, 148, 34, 42, 0, 0, 0.17%, 8, 0, 8, 158.65
1735427521, 149, 7, 42, 0, 0, 0.17%, 8, 0, 8, 136.19
1735427526, 149, 13, 42, 0, 0, 0.17%, 8, 0, 8, 149.02
1735427536, 149, 17, 42, 0, 0, 0.17%, 8, 0, 8, 131.42
1735427541, 149, 20, 42, 0, 0, 0.17%, 8, 0, 8, 135.45
1735427547, 149, 23, 42, 0, 0, 0.17%, 8, 0, 8, 143.92
1735427552, 149, 24, 42, 0, 0, 0.17%, 8, 0, 8, 136.18
1735427557, 149, 34, 42, 0, 0, 0.17%, 8, 0, 8, 136.61
1735427562, 150, 10, 42, 0, 0, 0.17%, 8, 0, 8, 134.35
1735427567, 150, 20, 42, 0, 0, 0.17%, 8, 0, 8, 149.64
1735427578, 150, 29, 42, 0, 0, 0.17%, 8, 0, 8, 137.14
1735427608, 150, 30, 42, 0, 0, 0.17%, 8, 0, 8, 140.39
1735427639, 151, 17, 42, 0, 0, 0.17%, 8, 0, 8, 134.10
1735427644, 151, 20, 42, 0, 0, 0.17%, 8, 0, 8, 135.71
1735427650, 151, 24, 42, 0, 0, 0.17%, 8, 0, 8, 129.42
1735427660, 152, 10, 42, 0, 0, 0.17%, 8, 0, 8, 138.66
1735427665, 152, 17, 42, 0, 0, 0.17%, 8, 0, 8, 133.32
1735427670, 152, 20, 42, 0, 0, 0.17%, 8, 0, 8, 127.96
1735427675, 153, 10, 42, 0, 0, 0.17%, 8, 0, 8, 137.64
1735427680, 153, 17, 42, 0, 0, 0.17%, 8, 0, 8, 130.92
1735427685, 153, 20, 42, 0, 0, 0.17%, 8, 0, 8, 129.95
1735427691, 154, 8, 42, 0, 0, 0.17%, 8, 0, 8, 132.94
1735427696, 154, 17, 42, 0, 0, 0.17%, 8, 0, 8, 134.96
1735427701, 154, 20, 42, 0, 0, 0.17%, 8, 0, 8, 130.64
1735427706, 154, 27, 42, 0, 0, 0.17%, 8, 0, 8, 126.68
1735427732, 154, 36, 42, 0, 0, 0.17%, 8, 0, 8, 145.97
1735427763, 155, 12, 42, 0, 0, 0.17%, 8, 0, 8, 132.92
1735427768, 155, 14, 42, 0, 0, 0.17%, 8, 0, 8, 140.67
1735427773, 155, 17, 42, 0, 0, 0.17%, 8, 0, 8, 137.49
1735427778, 155, 20, 42, 0, 0, 0.17%, 8, 0, 8, 131.03
1735427783, 156, 8, 42, 0, 0, 0.17%, 8, 0, 8, 135.41
1735427788, 156, 17, 42, 0, 0, 0.17%, 8, 0, 8, 128.89
1735427793, 156, 20, 42, 0, 0, 0.17%, 8, 0, 8, 134.81
1735427798, 156, 39, 42, 0, 0, 0.17%, 8, 0, 8, 147.03
1735427809, 157, 17, 42, 0, 0, 0.17%, 8, 0, 8, 132.39
1735427814, 157, 20, 42, 0, 0, 0.17%, 8, 0, 8, 131.77
1735427819, 157, 21, 42, 0, 0, 0.17%, 8, 0, 8, 147.87
1735427829, 157, 31, 42, 0, 0, 0.17%, 8, 0, 8, 139.69
1735427834, 158, 4, 42, 0, 0, 0.17%, 8, 0, 8, 134.91
1735427840, 158, 17, 42, 0, 0, 0.17%, 8, 0, 8, 128.25
1735427845, 158, 20, 42, 0, 0, 0.17%, 8, 0, 8, 131.72
1735427850, 159, 10, 42, 0, 0, 0.17%, 8, 0, 8, 137.12
1735427855, 159, 15, 42, 0, 0, 0.17%, 8, 0, 8, 137.35
1735427860, 159, 17, 42, 0, 0, 0.17%, 8, 0, 8, 134.49
1735427865, 159, 20, 42, 0, 0, 0.17%, 8, 0, 8, 132.53
1735427871, 160, 10, 42, 0, 0, 0.17%, 8, 0, 8, 134.45
1735427876, 160, 16, 42, 0, 0, 0.17%, 8, 0, 8, 139.84
1735427881, 160, 17, 42, 0, 0, 0.17%, 8, 0, 8, 140.23
1735427886, 160, 20, 42, 0, 0, 0.17%, 8, 0, 8, 133.98
1735427891, 161, 17, 42, 0, 0, 0.17%, 8, 0, 8, 133.73
1735427896, 161, 20, 42, 0, 0, 0.17%, 8, 0, 8, 133.66
1735427901, 162, 10, 42, 0, 0, 0.17%, 8, 0, 8, 133.43
1735427906, 162, 17, 42, 0, 0, 0.17%, 8, 0, 8, 135.03
1735427911, 162, 20, 42, 0, 0, 0.17%, 8, 0, 8, 132.85
1735427916, 162, 21, 42, 0, 0, 0.17%, 8, 0, 8, 142.20
1735427921, 162, 38, 42, 0, 0, 0.17%, 8, 0, 8, 156.38
1735427927, 163, 10, 42, 0, 0, 0.17%, 8, 0, 8, 141.11
1735427932, 163, 17, 42, 0, 0, 0.17%, 8, 0, 8, 127.98
1735427937, 163, 20, 42, 0, 0, 0.17%, 8, 0, 8, 131.67
1735427942, 164, 10, 42, 0, 0, 0.17%, 8, 0, 8, 136.74
1735427947, 164, 15, 42, 0, 0, 0.17%, 8, 0, 8, 130.04
1735427952, 164, 17, 42, 0, 0, 0.17%, 8, 0, 8, 139.64
1735427958, 164, 20, 42, 0, 0, 0.17%, 8, 0, 8, 134.80
1735427963, 165, 17, 42, 0, 0, 0.17%, 8, 0, 8, 135.54
1735427968, 165, 20, 42, 0, 0, 0.17%, 8, 0, 8, 134.83
1735427973, 166, 10, 42, 0, 0, 0.17%, 8, 0, 8, 133.71
1735427978, 166, 17, 42, 0, 0, 0.17%, 8, 0, 8, 135.22
1735427983, 166, 20, 42, 0, 0, 0.17%, 8, 0, 8, 126.02
1735427989, 166, 35, 42, 0, 0, 0.17%, 8, 0, 8, 146.32
1735428009, 167, 10, 42, 0, 0, 0.17%, 8, 0, 8, 135.94
1735428014, 167, 17, 42, 0, 0, 0.17%, 8, 0, 8, 132.58
1735428020, 167, 18, 42, 0, 0, 0.17%, 8, 0, 8, 146.50
1735428040, 167, 20, 42, 0, 0, 0.17%, 8, 0, 8, 131.66
1735428045, 168, 10, 42, 0, 0, 0.17%, 8, 0, 8, 131.83
1735428050, 168, 14, 42, 0, 0, 0.17%, 8, 0, 8, 145.38
1735428055, 168, 17, 42, 0, 0, 0.17%, 8, 0, 8, 146.51
1735428060, 168, 20, 42, 0, 0, 0.17%, 8, 0, 8, 136.46
1735428066, 169, 12, 42, 0, 0, 0.17%, 8, 0, 8, 128.39
1735428071, 169, 17, 42, 0, 0, 0.17%, 8, 0, 8, 134.06
1735428076, 169, 18, 42, 0, 0, 0.17%, 8, 0, 8, 151.03
1735428097, 169, 20, 42, 0, 0, 0.17%, 8, 0, 8, 138.08
1735428102, 170, 10, 42, 0, 0, 0.17%, 8, 0, 8, 150.06
1735428107, 170, 17, 42, 0, 0, 0.17%, 8, 0, 8, 137.64
1735428112, 170, 20, 42, 0, 0, 0.17%, 8, 0, 8, 136.98
1735428117, 170, 26, 42, 0, 0, 0.17%, 8, 0, 8, 139.33
1735428127, 171, 17, 42, 0, 0, 0.17%, 8, 0, 8, 135.79
1735428132, 171, 20, 42, 0, 0, 0.17%, 8, 0, 8, 133.97
1735428137, 171, 32, 42, 0, 0, 0.17%, 8, 0, 8, 141.76
1735428148, 171, 40, 42, 0, 0, 0.17%, 8, 0, 8, 151.90
1735428178, 172, 10, 42, 0, 0, 0.17%, 8, 0, 8, 135.33
1735428184, 172, 17, 42, 0, 0, 0.17%, 8, 0, 8, 136.75
1735428189, 172, 20, 42, 0, 0, 0.17%, 8, 0, 8, 134.24
1735428194, 172, 24, 42, 0, 0, 0.17%, 8, 0, 8, 129.92
1735428199, 173, 4, 42, 0, 0, 0.17%, 8, 0, 8, 131.64
1735428204, 173, 17, 42, 0, 0, 0.17%, 8, 0, 8, 127.96
1735428209, 173, 20, 42, 0, 0, 0.17%, 8, 0, 8, 128.01
1735428215, 173, 39, 42, 0, 0, 0.17%, 8, 0, 8, 148.35
1735428225, 174, 10, 42, 0, 0, 0.17%, 8, 0, 8, 137.60
1735428230, 174, 17, 42, 0, 0, 0.17%, 8, 0, 8, 133.93
1735428235, 174, 20, 42, 0, 0, 0.17%, 8, 0, 8, 135.08
1735428240, 174, 34, 42, 0, 0, 0.17%, 8, 0, 8, 156.08
1735428246, 175, 17, 42, 0, 0, 0.17%, 8, 0, 8, 136.06
1735428251, 175, 20, 42, 0, 0, 0.17%, 8, 0, 8, 140.00
1735428261, 176, 10, 42, 0, 0, 0.17%, 8, 0, 8, 133.94
1735428266, 176, 13, 42, 0, 0, 0.17%, 8, 0, 8, 143.57
1735428277, 176, 17, 42, 0, 0, 0.17%, 8, 0, 8, 135.47
1735428282, 176, 20, 42, 0, 0, 0.17%, 8, 0, 8, 134.73
1735428287, 177, 17, 42, 0, 0, 0.17%, 8, 0, 8, 130.49
1735428292, 177, 20, 42, 0, 0, 0.17%, 8, 0, 8, 130.73
1735428302, 177, 36, 42, 0, 0, 0.17%, 8, 0, 8, 133.45
1735428313, 178, 15, 42, 0, 0, 0.17%, 8, 0, 8, 137.54
1735428318, 178, 17, 42, 0, 0, 0.17%, 8, 0, 8, 125.30
1735428323, 178, 20, 42, 0, 0, 0.17%, 8, 0, 8, 139.38
1735428333, 178, 22, 42, 0, 0, 0.17%, 8, 0, 8, 152.25
1735428348, 179, 4, 42, 0, 0, 0.17%, 8, 0, 8, 133.34
1735428353, 179, 12, 42, 0, 0, 0.17%, 8, 0, 8, 125.81
1735428359, 179, 17, 42, 0, 0, 0.17%, 8, 0, 8, 136.29
1735428364, 179, 20, 42, 0, 0, 0.17%, 8, 0, 8, 134.41
1735428369, 179, 23, 42, 0, 0, 0.17%, 8, 0, 8, 135.99
1735428374, 179, 36, 42, 0, 0, 0.17%, 8, 0, 8, 141.34
1735428384, 180, 6, 42, 0, 0, 0.17%, 8, 0, 8, 131.62
1735428389, 180, 17, 42, 0, 0, 0.17%, 8, 0, 8, 134.91
1735428395, 180, 20, 42, 0, 0, 0.17%, 8, 0, 8, 131.36
1735428400, 181, 0, 42, 0, 0, 0.17%, 8, 0, 8, 129.25
1735428405, 181, 17, 42, 0, 0, 0.17%, 8, 0, 8, 131.97
1735428410, 181, 20, 42, 0, 0, 0.17%, 8, 0, 8, 131.95
1735428415, 181, 23, 42, 0, 0, 0.17%, 8, 0, 8, 134.14
1735428420, 181, 38, 42, 0, 0, 0.17%, 8, 0, 8, 148.87
1735428431, 182, 17, 42, 0, 0, 0.17%, 8, 0, 8, 137.88
1735428436, 182, 18, 42, 0, 0, 0.17%, 8, 0, 8, 137.16
1735428456, 182, 20, 42, 0, 0, 0.17%, 8, 0, 8, 129.53
1735428462, 183, 10, 42, 0, 0, 0.17%, 8, 0, 8, 132.25
1735428467, 183, 17, 42, 0, 0, 0.17%, 8, 0, 8, 132.34
1735428472, 183, 20, 42, 0, 0, 0.17%, 8, 0, 8, 138.74
1735428477, 183, 36, 42, 0, 0, 0.17%, 8, 0, 8, 140.14
1735428482, 184, 10, 42, 0, 0, 0.17%, 8, 0, 8, 126.87
1735428487, 184, 17, 42, 0, 0, 0.17%, 8, 0, 8, 143.38
1735428493, 184, 19, 42, 0, 0, 0.17%, 8, 0, 8, 134.06
1735428508, 184, 20, 42, 0, 0, 0.17%, 8, 0, 8, 148.82
1735428513, 185, 10, 42, 0, 0, 0.17%, 8, 0, 8, 136.71
1735428518, 185, 17, 42, 0, 0, 0.17%, 8, 0, 8, 132.25
1735428523, 185, 20, 42, 0, 0, 0.17%, 8, 0, 8, 132.77
1735428529, 185, 24, 42, 0, 0, 0.17%, 8, 0, 8, 130.83
1735428539, 186, 15, 42, 0, 0, 0.17%, 8, 0, 8, 135.36
1735428544, 186, 17, 42, 0, 0, 0.17%, 8, 0, 8, 130.35
1735428549, 186, 20, 42, 0, 0, 0.17%, 8, 0, 8, 132.63
1735428554, 186, 26, 42, 0, 0, 0.17%, 8, 0, 8, 135.79
1735428559, 187, 17, 42, 0, 0, 0.17%, 8, 0, 8, 136.12
1735428565, 187, 18, 42, 0, 0, 0.17%, 8, 0, 8, 145.89
1735428575, 187, 20, 42, 0, 0, 0.17%, 8, 0, 8, 133.22
1735428580, 187, 28, 42, 0, 0, 0.17%, 8, 0, 8, 133.11
1735428590, 187, 32, 42, 0, 0, 0.17%, 8, 0, 8, 135.19
1735428601, 188, 10, 42, 0, 0, 0.17%, 8, 0, 8, 130.37
1735428606, 188, 17, 42, 0, 0, 0.17%, 8, 0, 8, 138.83
1735428611, 188, 20, 42, 0, 0, 0.17%, 8, 0, 8, 138.06
1735428616, 188, 30, 42, 0, 0, 0.17%, 8, 0, 8, 137.67
1735428621, 188, 31, 42, 0, 0, 0.17%, 8, 0, 8, 133.61
1735428626, 188, 41, 42, 0, 0, 0.17%, 8, 0, 8, 139.84
1735428632, 189, 9, 42, 0, 0, 0.17%, 8, 0, 8, 145.12
1735428637, 189, 15, 42, 0, 0, 0.17%, 8, 0, 8, 143.83
1735428642, 189, 17, 42, 0, 0, 0.17%, 8, 0, 8, 136.88
1735428647, 189, 20, 42, 0, 0, 0.17%, 8, 0, 8, 136.55
1735428652, 189, 37, 42, 0, 0, 0.17%, 8, 0, 8, 153.98
1735428678, 190, 10, 42, 0, 0, 0.17%, 8, 0, 8, 152.23
1735428683, 190, 17, 42, 0, 0, 0.17%, 8, 0, 8, 142.18
