# unix_time, cycles_done, cur_path, paths_total, pending_total, pending_favs, map_size, unique_crashes, unique_hangs, max_depth, execs_per_sec
1735212887, 0, 0, 10, 10, 1, 0.01%, 0, 0, 1, 84.03
1735212892, 0, 3, 10, 10, 1, 0.01%, 0, 0, 1, 101.39
1735212897, 0, 4, 10, 9, 0, 0.01%, 0, 0, 1, 101.96
1735212907, 0, 5, 10, 8, 0, 0.01%, 0, 0, 1, 102.90
1735212917, 0, 6, 10, 7, 0, 0.01%, 0, 0, 1, 99.65
1735212928, 0, 7, 10, 6, 0, 0.01%, 0, 0, 1, 98.31
1735212938, 0, 8, 10, 5, 0, 0.01%, 0, 0, 1, 96.14
1735212948, 0, 9, 10, 4, 0, 0.01%, 0, 0, 1, 96.18
1735212958, 1, 0, 10, 3, 0, 0.01%, 0, 0, 1, 95.27
1735212973, 1, 1, 10, 2, 0, 0.01%, 0, 0, 1, 109.26
1735212983, 1, 2, 10, 1, 0, 0.01%, 0, 0, 1, 92.69
1735212993, 1, 3, 10, 0, 0, 0.01%, 0, 0, 1, 104.59
1735212999, 1, 4, 11, 1, 0, 0.16%, 1, 0, 2, 100.50
1735213004, 1, 10, 11, 1, 1, 0.16%, 1, 0, 2, 115.93
1735213009, 1, 10, 12, 2, 1, 0.16%, 2, 0, 3, 115.01
1735213050, 1, 11, 13, 2, 1, 0.16%, 3, 0, 4, 124.25
1735213060, 1, 11, 14, 3, 1, 0.16%, 3, 0, 4, 114.75
1735213117, 1, 12, 14, 2, 1, 0.16%, 3, 0, 4, 127.87
1735213178, 1, 13, 15, 2, 0, 0.16%, 3, 0, 5, 138.31
1735213193, 1, 13, 16, 3, 0, 0.17%, 4, 0, 5, 120.59
1735213224, 1, 13, 17, 4, 0, 0.17%, 4, 0, 5, 123.23
1735213234, 1, 13, 18, 5, 0, 0.17%, 4, 0, 5, 121.20
1735213296, 1, 13, 19, 6, 0, 0.17%, 4, 0, 5, 119.04
1735213301, 1, 13, 20, 7, 0, 0.17%, 4, 0, 5, 122.96
1735213307, 1, 13, 22, 9, 0, 0.17%, 4, 0, 5, 124.80
1735213337, 1, 15, 23, 9, 1, 0.17%, 5, 0, 6, 143.12
1735213378, 1, 22, 23, 8, 1, 0.17%, 5, 0, 6, 144.93
1735213419, 2, 12, 23, 7, 0, 0.17%, 5, 0, 6, 106.10
1735213429, 2, 15, 23, 7, 0, 0.17%, 5, 0, 6, 120.66
1735213434, 2, 15, 24, 8, 0, 0.17%, 5, 0, 6, 119.20
1735213439, 2, 21, 24, 8, 0, 0.17%, 5, 0, 6, 152.47
1735213465, 2, 21, 26, 10, 0, 0.17%, 5, 0, 6, 117.64
1735213522, 2, 21, 27, 11, 0, 0.17%, 5, 0, 6, 126.38
1735213553, 2, 21, 28, 12, 0, 0.17%, 5, 0, 6, 122.61
1735213558, 2, 22, 28, 11, 0, 0.17%, 5, 0, 6, 121.27
1735213563, 2, 22, 30, 13, 0, 0.17%, 5, 0, 7, 127.94
1735213568, 2, 24, 30, 13, 0, 0.17%, 5, 0, 7, 210.87
1735213624, 2, 29, 31, 13, 0, 0.17%, 5, 0, 8, 204.14
1735213665, 3, 12, 31, 12, 0, 0.17%, 5, 0, 8, 123.46
1735213676, 3, 14, 31, 12, 0, 0.17%, 5, 0, 8, 159.00
1735213701, 3, 14, 32, 13, 0, 0.17%, 5, 0, 8, 127.51
1735213732, 3, 14, 33, 14, 0, 0.17%, 5, 0, 8, 122.73
1735213737, 3, 15, 33, 13, 0, 0.17%, 5, 0, 8, 129.30
1735213747, 3, 16, 33, 13, 0, 0.17%, 5, 0, 8, 170.71
1735213788, 3, 21, 33, 12, 0, 0.17%, 5, 0, 8, 129.74
1735213798, 3, 22, 33, 12, 0, 0.17%, 5, 0, 8, 123.67
1735213804, 3, 28, 33, 12, 0, 0.17%, 5, 0, 8, 141.94
1735213860, 4, 12, 33, 11, 0, 0.17%, 5, 0, 8, 119.15
1735213866, 4, 15, 33, 11, 0, 0.17%, 5, 0, 8, 127.00
1735213876, 4, 22, 33, 11, 0, 0.17%, 5, 0, 8, 126.33
1735213886, 4, 25, 33, 11, 0, 0.17%, 5, 0, 8, 213.04
1735213937, 4, 27, 33, 10, 0, 0.17%, 5, 0, 8, 153.32
1735213978, 5, 12, 33, 9, 0, 0.17%, 5, 0, 8, 124.83
1735213988, 5, 15, 33, 9, 0, 0.17%, 5, 0, 8, 126.43
1735213999, 5, 17, 33, 9, 0, 0.17%, 5, 0, 8, 192.86
1735214050, 5, 19, 33, 8, 0, 0.17%, 5, 0, 8, 161.88
1735214091, 5, 20, 33, 7, 0, 0.17%, 5, 0, 8, 134.42
1735214143, 5, 21, 33, 6, 0, 0.17%, 5, 0, 8, 124.14
1735214148, 5, 22, 33, 6, 0, 0.17%, 5, 0, 8, 129.00
1735214158, 5, 26, 33, 6, 0, 0.17%, 5, 0, 8, 198.15
1735214265, 6, 12, 33, 5, 0, 0.17%, 5, 0, 8, 122.29
1735214271, 6, 14, 33, 5, 0, 0.17%, 5, 0, 8, 122.68
1735214281, 6, 15, 33, 5, 0, 0.17%, 5, 0, 8, 125.25
1735214291, 6, 18, 33, 5, 0, 0.17%, 5, 0, 8, 204.26
1735214337, 6, 22, 33, 4, 0, 0.17%, 5, 0, 8, 139.34
1735214342, 6, 32, 33, 4, 0, 0.17%, 5, 0, 8, 146.70
1735214439, 7, 3, 33, 3, 0, 0.17%, 5, 0, 8, 125.09
1735214444, 7, 12, 33, 3, 0, 0.17%, 5, 0, 8, 131.54
1735214454, 7, 15, 34, 4, 0, 0.17%, 6, 0, 8, 134.43
1735214459, 7, 22, 34, 4, 0, 0.17%, 6, 0, 8, 133.30
1735214470, 8, 12, 34, 4, 0, 0.17%, 6, 0, 8, 130.00
1735214480, 8, 15, 34, 4, 0, 0.17%, 6, 0, 8, 132.51
1735214485, 8, 22, 34, 4, 0, 0.17%, 6, 0, 8, 130.95
1735214495, 8, 25, 34, 4, 0, 0.17%, 6, 0, 8, 139.90
1735214511, 8, 26, 34, 4, 0, 0.17%, 6, 0, 8, 154.65
1735214521, 8, 28, 34, 4, 0, 0.17%, 6, 0, 8, 130.14
1735214541, 8, 30, 34, 4, 0, 0.17%, 6, 0, 8, 207.25
1735214598, 8, 33, 34, 3, 0, 0.17%, 6, 0, 8, 108.09
1735214608, 8, 33, 35, 4, 0, 0.17%, 7, 0, 8, 192.63
1735215399, 9, 12, 35, 3, 0, 0.17%, 7, 0, 8, 130.13
1735215404, 9, 14, 35, 3, 0, 0.17%, 7, 0, 8, 122.37
1735215414, 9, 15, 35, 3, 0, 0.17%, 7, 0, 8, 134.57
1735215419, 9, 22, 35, 3, 0, 0.17%, 7, 0, 8, 136.55
1735215430, 9, 25, 35, 3, 0, 0.17%, 7, 0, 8, 140.42
1735215440, 9, 34, 35, 3, 0, 0.17%, 7, 0, 8, 186.39
1735215618, 10, 12, 35, 2, 0, 0.17%, 7, 0, 8, 127.96
1735215628, 10, 15, 35, 2, 0, 0.17%, 7, 0, 8, 135.79
1735215633, 10, 22, 35, 2, 0, 0.17%, 7, 0, 8, 137.07
1735215643, 10, 31, 35, 2, 0, 0.17%, 7, 0, 8, 177.35
1735215730, 11, 12, 35, 1, 0, 0.17%, 7, 0, 8, 129.06
1735215735, 11, 15, 35, 1, 0, 0.17%, 7, 0, 8, 132.98
1735215740, 11, 22, 35, 1, 0, 0.17%, 7, 0, 8, 137.95
1735215750, 12, 12, 35, 1, 0, 0.17%, 7, 0, 8, 130.20
1735215761, 12, 15, 35, 1, 0, 0.17%, 7, 0, 8, 122.09
1735215766, 12, 22, 35, 1, 0, 0.17%, 7, 0, 8, 130.49
1735215776, 12, 28, 35, 1, 0, 0.17%, 7, 0, 8, 133.98
1735215786, 12, 32, 35, 1, 0, 0.17%, 7, 0, 8, 158.62
1735215796, 13, 12, 35, 1, 0, 0.17%, 7, 0, 8, 129.76
1735215807, 13, 13, 35, 1, 0, 0.17%, 7, 0, 8, 129.37
1735215812, 13, 15, 35, 1, 0, 0.17%, 7, 0, 8, 132.18
1735215822, 13, 18, 35, 1, 0, 0.17%, 7, 0, 8, 140.38
1735215827, 13, 22, 35, 1, 0, 0.17%, 7, 0, 8, 133.92
1735215838, 13, 33, 35, 1, 0, 0.17%, 7, 0, 8, 155.41
1735215853, 14, 12, 35, 1, 0, 0.17%, 7, 0, 8, 131.70
1735215863, 14, 15, 35, 1, 0, 0.17%, 7, 0, 8, 131.46
1735215868, 14, 22, 35, 1, 0, 0.17%, 7, 0, 8, 125.08
1735215878, 14, 23, 35, 1, 0, 0.17%, 7, 0, 8, 166.14
1735215925, 14, 33, 35, 0, 0, 0.17%, 7, 0, 8, 162.10
1735215940, 15, 1, 35, 0, 0, 0.17%, 7, 0, 8, 123.34
1735215945, 15, 12, 35, 0, 0, 0.17%, 7, 0, 8, 128.00
1735215950, 15, 15, 35, 0, 0, 0.17%, 7, 0, 8, 130.27
1735215961, 15, 22, 35, 0, 0, 0.17%, 7, 0, 8, 125.16
1735215966, 16, 5, 35, 0, 0, 0.17%, 7, 0, 8, 130.42
1735215971, 16, 12, 35, 0, 0, 0.17%, 7, 0, 8, 134.10
1735215976, 16, 15, 35, 0, 0, 0.17%, 7, 0, 8, 129.68
1735215986, 16, 22, 35, 0, 0, 0.17%, 7, 0, 8, 132.19
1735215991, 16, 31, 35, 0, 0, 0.17%, 7, 0, 8, 153.33
1735216007, 17, 12, 35, 0, 0, 0.17%, 7, 0, 8, 129.79
1735216017, 17, 15, 35, 0, 0, 0.17%, 7, 0, 8, 132.52
1735216022, 17, 22, 35, 0, 0, 0.17%, 7, 0, 8, 135.00
1735216032, 17, 24, 35, 0, 0, 0.17%, 7, 0, 8, 147.46
1735216048, 17, 34, 35, 0, 0, 0.17%, 7, 0, 8, 148.72
1735216073, 18, 4, 35, 0, 0, 0.17%, 7, 0, 8, 131.72
1735216079, 18, 12, 35, 0, 0, 0.17%, 7, 0, 8, 127.37
1735216084, 18, 15, 35, 0, 0, 0.17%, 7, 0, 8, 135.14
1735216094, 18, 22, 35, 0, 0, 0.17%, 7, 0, 8, 136.82
1735216104, 18, 31, 35, 0, 0, 0.17%, 7, 0, 8, 158.27
1735216115, 19, 2, 35, 0, 0, 0.17%, 7, 0, 8, 140.00
1735216120, 19, 12, 35, 0, 0, 0.17%, 7, 0, 8, 129.89
1735216130, 19, 15, 35, 0, 0, 0.17%, 7, 0, 8, 129.07
1735216140, 19, 22, 35, 0, 0, 0.17%, 7, 0, 8, 135.47
1735216145, 19, 26, 35, 0, 0, 0.17%, 7, 0, 8, 146.62
1735216156, 19, 30, 35, 0, 0, 0.17%, 7, 0, 8, 140.23
1735216176, 20, 11, 35, 0, 0, 0.17%, 7, 0, 8, 141.41
1735216181, 20, 12, 35, 0, 0, 0.17%, 7, 0, 8, 130.38
1735216191, 20, 15, 35, 0, 0, 0.17%, 7, 0, 8, 128.27
1735216197, 20, 21, 35, 0, 0, 0.17%, 7, 0, 8, 132.86
1735216207, 20, 22, 35, 0, 0, 0.17%, 7, 0, 8, 131.51
1735216212, 20, 25, 35, 0, 0, 0.17%, 7, 0, 8, 143.00
1735216222, 21, 12, 35, 0, 0, 0.17%, 7, 0, 8, 125.83
1735216227, 21, 15, 35, 0, 0, 0.17%, 7, 0, 8, 129.62
1735216238, 21, 22, 35, 0, 0, 0.17%, 7, 0, 8, 134.55
1735216243, 21, 22, 36, 1, 0, 0.17%, 7, 0, 8, 138.73
1735216248, 21, 27, 37, 2, 0, 0.17%, 8, 0, 8, 142.43
1735216269, 21, 32, 37, 2, 0, 0.17%, 8, 0, 8, 143.43
1735216274, 22, 0, 37, 2, 0, 0.17%, 8, 0, 8, 140.12
1735216279, 22, 12, 37, 2, 0, 0.17%, 8, 0, 8, 130.84
1735216289, 22, 15, 37, 2, 0, 0.17%, 8, 0, 8, 128.33
1735216294, 22, 18, 37, 2, 0, 0.17%, 8, 0, 8, 144.00
1735216304, 22, 22, 37, 2, 0, 0.17%, 8, 0, 8, 134.64
1735216315, 22, 25, 37, 2, 0, 0.17%, 8, 0, 8, 134.49
1735216320, 22, 35, 37, 2, 0, 0.17%, 8, 0, 8, 161.36
1735216473, 22, 35, 38, 3, 0, 0.17%, 8, 0, 8, 210.91
1735216483, 22, 35, 39, 4, 0, 0.17%, 8, 0, 8, 188.88
1735216560, 22, 38, 39, 3, 0, 0.17%, 8, 0, 8, 199.17
1735216657, 23, 8, 39, 2, 0, 0.17%, 8, 0, 8, 119.99
1735216663, 23, 12, 39, 2, 0, 0.17%, 8, 0, 8, 121.72
1735216668, 23, 15, 39, 2, 0, 0.17%, 8, 0, 8, 128.34
1735216673, 23, 18, 39, 2, 0, 0.17%, 8, 0, 8, 150.78
1735216678, 23, 22, 39, 2, 0, 0.17%, 8, 0, 8, 141.25
1735216683, 23, 37, 39, 2, 0, 0.17%, 8, 0, 8, 208.08
1735216908, 24, 4, 39, 1, 0, 0.17%, 8, 0, 8, 132.49
1735216913, 24, 12, 39, 1, 0, 0.17%, 8, 0, 8, 137.09
1735216918, 24, 15, 39, 1, 0, 0.17%, 8, 0, 8, 139.74
1735216923, 24, 22, 39, 1, 0, 0.17%, 8, 0, 8, 137.58
1735216928, 24, 25, 39, 1, 0, 0.17%, 8, 0, 8, 139.57
1735216933, 24, 27, 39, 1, 0, 0.17%, 8, 0, 8, 151.35
1735216939, 24, 36, 39, 1, 0, 0.17%, 8, 0, 8, 244.33
1735217051, 25, 12, 39, 0, 0, 0.17%, 8, 0, 8, 143.11
1735217056, 25, 15, 39, 0, 0, 0.17%, 8, 0, 8, 142.26
1735217061, 25, 22, 39, 0, 0, 0.17%, 8, 0, 8, 138.99
1735217066, 26, 0, 39, 0, 0, 0.17%, 8, 0, 8, 140.52
1735217071, 26, 12, 39, 0, 0, 0.17%, 8, 0, 8, 133.90
1735217076, 26, 15, 39, 0, 0, 0.17%, 8, 0, 8, 140.75
1735217082, 26, 22, 39, 0, 0, 0.17%, 8, 0, 8, 142.02
1735217087, 27, 12, 39, 0, 0, 0.17%, 8, 0, 8, 131.93
1735217092, 27, 15, 39, 0, 0, 0.17%, 8, 0, 8, 141.22
1735217097, 27, 22, 39, 0, 0, 0.17%, 8, 0, 8, 138.75
1735217102, 27, 26, 39, 0, 0, 0.17%, 8, 0, 8, 140.21
1735217107, 27, 37, 39, 0, 0, 0.17%, 8, 0, 8, 160.15
1735217148, 28, 12, 39, 0, 0, 0.17%, 8, 0, 8, 133.67
1735217153, 28, 15, 39, 0, 0, 0.17%, 8, 0, 8, 136.95
1735217158, 28, 22, 39, 0, 0, 0.17%, 8, 0, 8, 136.25
1735217163, 29, 12, 39, 0, 0, 0.17%, 8, 0, 8, 133.84
1735217168, 29, 14, 39, 0, 0, 0.17%, 8, 0, 8, 137.42
1735217173, 29, 15, 39, 0, 0, 0.17%, 8, 0, 8, 141.14
1735217178, 29, 22, 39, 0, 0, 0.17%, 8, 0, 8, 141.17
1735217183, 29, 38, 39, 0, 0, 0.17%, 8, 0, 8, 154.51
1735217224, 30, 12, 39, 0, 0, 0.17%, 8, 0, 8, 134.99
1735217229, 30, 15, 39, 0, 0, 0.17%, 8, 0, 8, 138.56
1735217235, 30, 21, 39, 0, 0, 0.17%, 8, 0, 8, 138.55
1735217240, 30, 22, 39, 0, 0, 0.17%, 8, 0, 8, 141.55
1735217245, 30, 37, 39, 0, 0, 0.17%, 8, 0, 8, 170.49
1735217280, 31, 12, 39, 0, 0, 0.17%, 8, 0, 8, 142.66
1735217286, 31, 15, 39, 0, 0, 0.17%, 8, 0, 8, 137.26
1735217291, 31, 22, 39, 0, 0, 0.17%, 8, 0, 8, 143.65
1735217296, 31, 28, 39, 0, 0, 0.17%, 8, 0, 8, 144.88
1735217306, 32, 12, 39, 0, 0, 0.17%, 8, 0, 8, 134.95
1735217312, 32, 15, 39, 0, 0, 0.17%, 8, 0, 8, 136.00
1735217317, 32, 22, 39, 0, 0, 0.17%, 8, 0, 8, 140.00
1735217322, 33, 12, 39, 0, 0, 0.17%, 8, 0, 8, 134.93
1735217327, 33, 15, 39, 0, 0, 0.17%, 8, 0, 8, 138.79
1735217332, 33, 22, 39, 0, 0, 0.17%, 8, 0, 8, 139.03
1735217337, 34, 9, 39, 0, 0, 0.17%, 8, 0, 8, 139.41
1735217343, 34, 12, 39, 0, 0, 0.17%, 8, 0, 8, 138.83
1735217348, 34, 15, 39, 0, 0, 0.17%, 8, 0, 8, 139.04
1735217353, 34, 19, 39, 0, 0, 0.17%, 8, 0, 8, 137.88
1735217358, 34, 22, 39, 0, 0, 0.17%, 8, 0, 8, 140.87
1735217363, 35, 12, 39, 0, 0, 0.17%, 8, 0, 8, 135.60
1735217368, 35, 15, 39, 0, 0, 0.17%, 8, 0, 8, 144.25
1735217373, 35, 22, 39, 0, 0, 0.17%, 8, 0, 8, 134.55
1735217379, 36, 12, 39, 0, 0, 0.17%, 8, 0, 8, 134.99
1735217384, 36, 15, 39, 0, 0, 0.17%, 8, 0, 8, 135.59
1735217389, 36, 22, 39, 0, 0, 0.17%, 8, 0, 8, 139.03
1735217394, 36, 25, 39, 0, 0, 0.17%, 8, 0, 8, 149.94
1735217399, 37, 12, 39, 0, 0, 0.17%, 8, 0, 8, 136.91
1735217404, 37, 15, 39, 0, 0, 0.17%, 8, 0, 8, 139.08
1735217410, 37, 22, 39, 0, 0, 0.17%, 8, 0, 8, 138.08
1735217415, 37, 29, 39, 0, 0, 0.17%, 8, 0, 8, 145.89
1735217430, 37, 34, 39, 0, 0, 0.17%, 8, 0, 8, 143.27
1735217435, 38, 12, 39, 0, 0, 0.17%, 8, 0, 8, 137.37
1735217441, 38, 15, 39, 0, 0, 0.17%, 8, 0, 8, 136.78
1735217446, 38, 22, 39, 0, 0, 0.17%, 8, 0, 8, 138.90
1735217451, 38, 26, 39, 0, 0, 0.17%, 8, 0, 8, 146.14
1735217456, 38, 29, 39, 0, 0, 0.17%, 8, 0, 8, 149.36
1735217461, 39, 12, 39, 0, 0, 0.17%, 8, 0, 8, 142.65
1735217466, 39, 15, 39, 0, 0, 0.17%, 8, 0, 8, 139.40
1735217471, 39, 18, 39, 0, 0, 0.17%, 8, 0, 8, 143.36
1735217477, 39, 20, 39, 0, 0, 0.17%, 8, 0, 8, 141.89
1735217482, 39, 22, 39, 0, 0, 0.17%, 8, 0, 8, 141.68
1735217487, 39, 25, 39, 0, 0, 0.17%, 8, 0, 8, 140.57
1735217492, 39, 32, 39, 0, 0, 0.17%, 8, 0, 8, 137.98
1735217497, 40, 12, 39, 0, 0, 0.17%, 8, 0, 8, 139.26
1735217502, 40, 15, 39, 0, 0, 0.17%, 8, 0, 8, 138.45
1735217507, 40, 21, 39, 0, 0, 0.17%, 8, 0, 8, 139.30
1735217512, 40, 22, 39, 0, 0, 0.17%, 8, 0, 8, 138.80
1735217517, 41, 11, 39, 0, 0, 0.17%, 8, 0, 8, 134.12
1735217522, 41, 12, 39, 0, 0, 0.17%, 8, 0, 8, 139.73
1735217528, 41, 15, 39, 0, 0, 0.17%, 8, 0, 8, 142.48
1735217533, 41, 22, 39, 0, 0, 0.17%, 8, 0, 8, 145.46
1735217538, 42, 12, 39, 0, 0, 0.17%, 8, 0, 8, 132.87
1735217543, 42, 15, 39, 0, 0, 0.17%, 8, 0, 8, 138.20
1735217548, 42, 22, 39, 0, 0, 0.17%, 8, 0, 8, 132.95
1735217553, 43, 12, 39, 0, 0, 0.17%, 8, 0, 8, 133.52
1735217558, 43, 15, 39, 0, 0, 0.17%, 8, 0, 8, 137.18
1735217564, 43, 22, 39, 0, 0, 0.17%, 8, 0, 8, 143.20
1735217569, 43, 30, 39, 0, 0, 0.17%, 8, 0, 8, 141.79
1735217579, 44, 12, 39, 0, 0, 0.17%, 8, 0, 8, 139.98
1735217584, 44, 13, 39, 0, 0, 0.17%, 8, 0, 8, 141.22
1735217589, 44, 15, 39, 0, 0, 0.17%, 8, 0, 8, 138.94
1735217594, 44, 18, 39, 0, 0, 0.17%, 8, 0, 8, 148.62
1735217599, 44, 22, 39, 0, 0, 0.17%, 8, 0, 8, 147.77
1735217604, 44, 27, 39, 0, 0, 0.17%, 8, 0, 8, 146.29
1735217610, 44, 32, 39, 0, 0, 0.17%, 8, 0, 8, 145.10
1735217615, 45, 12, 39, 0, 0, 0.17%, 8, 0, 8, 137.92
1735217620, 45, 15, 39, 0, 0, 0.17%, 8, 0, 8, 142.62
1735217625, 45, 22, 39, 0, 0, 0.17%, 8, 0, 8, 140.18
1735217630, 45, 34, 39, 0, 0, 0.17%, 8, 0, 8, 142.17
1735217635, 46, 1, 39, 0, 0, 0.17%, 8, 0, 8, 136.75
1735217641, 46, 12, 39, 0, 0, 0.17%, 8, 0, 8, 136.74
1735217646, 46, 22, 39, 0, 0, 0.17%, 8, 0, 8, 141.75
1735217656, 46, 27, 39, 0, 0, 0.17%, 8, 0, 8, 142.36
1735217661, 46, 37, 39, 0, 0, 0.17%, 8, 0, 8, 145.12
1735217702, 47, 12, 39, 0, 0, 0.17%, 8, 0, 8, 138.10
1735217707, 47, 15, 39, 0, 0, 0.17%, 8, 0, 8, 144.26
1735217712, 47, 22, 39, 0, 0, 0.17%, 8, 0, 8, 145.96
1735217717, 48, 12, 39, 0, 0, 0.17%, 8, 0, 8, 128.51
1735217723, 48, 15, 39, 0, 0, 0.17%, 8, 0, 8, 140.29
1735217728, 48, 22, 39, 0, 0, 0.17%, 8, 0, 8, 141.73
1735217733, 48, 30, 39, 0, 0, 0.17%, 8, 0, 8, 150.22
1735217743, 49, 12, 39, 0, 0, 0.17%, 8, 0, 8, 140.80
1735217748, 49, 13, 39, 0, 0, 0.17%, 8, 0, 8, 130.32
1735217754, 49, 15, 39, 0, 0, 0.17%, 8, 0, 8, 135.30
1735217759, 49, 22, 39, 0, 0, 0.17%, 8, 0, 8, 138.81
1735217764, 49, 34, 39, 0, 0, 0.17%, 8, 0, 8, 149.80
1735217769, 50, 2, 39, 0, 0, 0.17%, 8, 0, 8, 141.17
1735217774, 50, 12, 39, 0, 0, 0.17%, 8, 0, 8, 143.82
1735217779, 50, 15, 39, 0, 0, 0.17%, 8, 0, 8, 141.79
1735217785, 50, 22, 39, 0, 0, 0.17%, 8, 0, 8, 146.52
1735217790, 51, 15, 39, 0, 0, 0.17%, 8, 0, 8, 143.19
1735217795, 51, 17, 39, 0, 0, 0.17%, 8, 0, 8, 138.64
1735217800, 51, 22, 39, 0, 0, 0.17%, 8, 0, 8, 140.97
1735217805, 52, 8, 39, 0, 0, 0.17%, 8, 0, 8, 138.89
1735217810, 52, 12, 39, 0, 0, 0.17%, 8, 0, 8, 134.48
1735217816, 52, 15, 39, 0, 0, 0.17%, 8, 0, 8, 143.86
1735217821, 52, 21, 39, 0, 0, 0.17%, 8, 0, 8, 135.22
1735217826, 52, 22, 39, 0, 0, 0.17%, 8, 0, 8, 142.19
1735217831, 53, 12, 39, 0, 0, 0.17%, 8, 0, 8, 138.05
1735217836, 53, 15, 39, 0, 0, 0.17%, 8, 0, 8, 144.92
1735217841, 53, 22, 39, 0, 0, 0.17%, 8, 0, 8, 148.51
1735217847, 54, 15, 39, 0, 0, 0.17%, 8, 0, 8, 130.91
1735217852, 54, 22, 39, 0, 0, 0.17%, 8, 0, 8, 143.47
1735217857, 55, 1, 39, 0, 0, 0.17%, 8, 0, 8, 142.43
1735217862, 55, 12, 39, 0, 0, 0.17%, 8, 0, 8, 139.72
1735217867, 55, 15, 39, 0, 0, 0.17%, 8, 0, 8, 141.05
1735217872, 55, 22, 39, 0, 0, 0.17%, 8, 0, 8, 142.01
1735217877, 55, 32, 39, 0, 0, 0.17%, 8, 0, 8, 149.30
1735217883, 56, 12, 39, 0, 0, 0.17%, 8, 0, 8, 140.63
1735217888, 56, 15, 39, 0, 0, 0.17%, 8, 0, 8, 144.93
1735217893, 56, 22, 39, 0, 0, 0.17%, 8, 0, 8, 142.92
1735217898, 57, 12, 39, 0, 0, 0.17%, 8, 0, 8, 138.58
1735217903, 57, 15, 39, 0, 0, 0.17%, 8, 0, 8, 148.65
1735217908, 57, 22, 39, 0, 0, 0.17%, 8, 0, 8, 142.66
1735217913, 58, 12, 39, 0, 0, 0.17%, 8, 0, 8, 134.61
1735217919, 58, 15, 39, 0, 0, 0.17%, 8, 0, 8, 137.68
1735217924, 58, 21, 39, 0, 0, 0.17%, 8, 0, 8, 137.93
1735217929, 58, 22, 39, 0, 0, 0.17%, 8, 0, 8, 133.01
1735217934, 59, 7, 39, 0, 0, 0.17%, 8, 0, 8, 129.40
1735217939, 59, 12, 39, 0, 0, 0.17%, 8, 0, 8, 133.80
1735217944, 59, 15, 39, 0, 0, 0.17%, 8, 0, 8, 138.76
1735217949, 59, 22, 39, 0, 0, 0.17%, 8, 0, 8, 139.97
1735217954, 60, 12, 39, 0, 0, 0.17%, 8, 0, 8, 137.68
1735217959, 60, 15, 39, 0, 0, 0.17%, 8, 0, 8, 138.49
1735217965, 60, 22, 39, 0, 0, 0.17%, 8, 0, 8, 144.88
1735217970, 61, 12, 39, 0, 0, 0.17%, 8, 0, 8, 141.24
1735217975, 61, 15, 39, 0, 0, 0.17%, 8, 0, 8, 141.91
1735217980, 61, 22, 39, 0, 0, 0.17%, 8, 0, 8, 139.81
1735217985, 62, 7, 39, 0, 0, 0.17%, 8, 0, 8, 135.87
1735217990, 62, 12, 39, 0, 0, 0.17%, 8, 0, 8, 134.90
1735217995, 62, 15, 39, 0, 0, 0.17%, 8, 0, 8, 144.67
1735218001, 62, 22, 39, 0, 0, 0.17%, 8, 0, 8, 132.72
1735218006, 62, 28, 39, 0, 0, 0.17%, 8, 0, 8, 147.72
1735218011, 63, 12, 39, 0, 0, 0.17%, 8, 0, 8, 139.90
1735218016, 63, 15, 39, 0, 0, 0.17%, 8, 0, 8, 140.91
1735218021, 63, 22, 39, 0, 0, 0.17%, 8, 0, 8, 141.63
1735218026, 64, 12, 39, 0, 0, 0.17%, 8, 0, 8, 133.01
1735218032, 64, 15, 39, 0, 0, 0.17%, 8, 0, 8, 143.43
1735218037, 64, 22, 39, 0, 0, 0.17%, 8, 0, 8, 141.92
1735218042, 64, 24, 39, 0, 0, 0.17%, 8, 0, 8, 147.57
1735218047, 64, 28, 39, 0, 0, 0.17%, 8, 0, 8, 144.85
1735218057, 65, 12, 39, 0, 0, 0.17%, 8, 0, 8, 133.57
1735218062, 65, 15, 39, 0, 0, 0.17%, 8, 0, 8, 150.74
1735218067, 65, 22, 39, 0, 0, 0.17%, 8, 0, 8, 139.97
1735218073, 66, 12, 39, 0, 0, 0.17%, 8, 0, 8, 137.85
1735218078, 66, 15, 39, 0, 0, 0.17%, 8, 0, 8, 145.35
1735218083, 66, 22, 39, 0, 0, 0.17%, 8, 0, 8, 135.21
1735218088, 66, 24, 39, 0, 0, 0.17%, 8, 0, 8, 143.15
1735218093, 67, 15, 39, 0, 0, 0.17%, 8, 0, 8, 144.19
1735218098, 67, 22, 39, 0, 0, 0.17%, 8, 0, 8, 151.39
1735218103, 68, 12, 39, 0, 0, 0.17%, 8, 0, 8, 142.22
1735218108, 68, 15, 39, 0, 0, 0.17%, 8, 0, 8, 143.52
1735218114, 68, 22, 39, 0, 0, 0.17%, 8, 0, 8, 144.78
1735218119, 68, 31, 39, 0, 0, 0.17%, 8, 0, 8, 148.78
1735218124, 69, 1, 39, 0, 0, 0.17%, 8, 0, 8, 149.60
1735218129, 69, 12, 39, 0, 0, 0.17%, 8, 0, 8, 135.35
1735218134, 69, 15, 39, 0, 0, 0.17%, 8, 0, 8, 140.33
1735218139, 69, 16, 39, 0, 0, 0.17%, 8, 0, 8, 135.53
1735218144, 69, 22, 39, 0, 0, 0.17%, 8, 0, 8, 141.02
1735218150, 70, 12, 39, 0, 0, 0.17%, 8, 0, 8, 137.03
1735218155, 70, 14, 39, 0, 0, 0.17%, 8, 0, 8, 136.37
1735218160, 70, 15, 39, 0, 0, 0.17%, 8, 0, 8, 133.29
1735218165, 70, 22, 39, 0, 0, 0.17%, 8, 0, 8, 140.27
1735218170, 70, 26, 39, 0, 0, 0.17%, 8, 0, 8, 142.75
1735218175, 71, 7, 39, 0, 0, 0.17%, 8, 0, 8, 144.78
1735218180, 71, 12, 39, 0, 0, 0.17%, 8, 0, 8, 133.28
1735218186, 71, 15, 39, 0, 0, 0.17%, 8, 0, 8, 131.11
1735218191, 71, 22, 39, 0, 0, 0.17%, 8, 0, 8, 149.33
1735218196, 71, 28, 39, 0, 0, 0.17%, 8, 0, 8, 145.27
1735218201, 71, 36, 39, 0, 0, 0.17%, 8, 0, 8, 158.71
1735218221, 72, 12, 39, 0, 0, 0.17%, 8, 0, 8, 135.01
1735218227, 72, 15, 39, 0, 0, 0.17%, 8, 0, 8, 139.90
1735218232, 72, 20, 39, 0, 0, 0.17%, 8, 0, 8, 133.35
1735218237, 72, 22, 39, 0, 0, 0.17%, 8, 0, 8, 141.13
1735218242, 72, 31, 39, 0, 0, 0.17%, 8, 0, 8, 143.65
1735218247, 73, 12, 39, 0, 0, 0.17%, 8, 0, 8, 131.96
1735218252, 73, 13, 39, 0, 0, 0.17%, 8, 0, 8, 132.88
1735218257, 73, 15, 39, 0, 0, 0.17%, 8, 0, 8, 136.53
1735218263, 73, 22, 39, 0, 0, 0.17%, 8, 0, 8, 139.06
1735218268, 73, 28, 39, 0, 0, 0.17%, 8, 0, 8, 147.67
1735218278, 73, 30, 39, 0, 0, 0.17%, 8, 0, 8, 148.41
1735218288, 74, 12, 39, 0, 0, 0.17%, 8, 0, 8, 132.21
1735218293, 74, 15, 39, 0, 0, 0.17%, 8, 0, 8, 141.03
1735218299, 74, 21, 39, 0, 0, 0.17%, 8, 0, 8, 135.11
1735218304, 74, 22, 39, 0, 0, 0.17%, 8, 0, 8, 136.91
1735218309, 74, 37, 39, 0, 0, 0.17%, 8, 0, 8, 168.93
1735218344, 75, 12, 39, 0, 0, 0.17%, 8, 0, 8, 153.01
1735218349, 75, 15, 39, 0, 0, 0.17%, 8, 0, 8, 137.85
1735218354, 75, 22, 39, 0, 0, 0.17%, 8, 0, 8, 141.45
1735218360, 75, 26, 39, 0, 0, 0.17%, 8, 0, 8, 150.42
1735218365, 76, 12, 39, 0, 0, 0.17%, 8, 0, 8, 141.60
1735218370, 76, 15, 39, 0, 0, 0.17%, 8, 0, 8, 143.13
1735218375, 76, 18, 39, 0, 0, 0.17%, 8, 0, 8, 144.73
1735218380, 76, 22, 39, 0, 0, 0.17%, 8, 0, 8, 139.38
1735218385, 76, 24, 39, 0, 0, 0.17%, 8, 0, 8, 145.09
1735218390, 76, 36, 39, 0, 0, 0.17%, 8, 0, 8, 151.80
1735218411, 77, 12, 39, 0, 0, 0.17%, 8, 0, 8, 127.28
1735218416, 77, 15, 39, 0, 0, 0.17%, 8, 0, 8, 130.81
1735218421, 77, 22, 39, 0, 0, 0.17%, 8, 0, 8, 144.07
1735218426, 78, 12, 39, 0, 0, 0.17%, 8, 0, 8, 142.50
1735218431, 78, 15, 39, 0, 0, 0.17%, 8, 0, 8, 144.03
1735218437, 78, 22, 39, 0, 0, 0.17%, 8, 0, 8, 142.13
1735218442, 78, 24, 39, 0, 0, 0.17%, 8, 0, 8, 143.88
1735218447, 78, 38, 39, 0, 0, 0.17%, 8, 0, 8, 143.82
1735218488, 79, 12, 39, 0, 0, 0.17%, 8, 0, 8, 138.17
1735218493, 79, 15, 39, 0, 0, 0.17%, 8, 0, 8, 135.36
1735218498, 79, 22, 39, 0, 0, 0.17%, 8, 0, 8, 140.46
1735218503, 80, 6, 39, 0, 0, 0.17%, 8, 0, 8, 138.43
1735218508, 80, 12, 39, 0, 0, 0.17%, 8, 0, 8, 149.32
1735218514, 80, 15, 39, 0, 0, 0.17%, 8, 0, 8, 140.61
1735218519, 80, 22, 39, 0, 0, 0.17%, 8, 0, 8, 139.51
1735218524, 80, 26, 39, 0, 0, 0.17%, 8, 0, 8, 139.78
1735218529, 81, 12, 39, 0, 0, 0.17%, 8, 0, 8, 141.48
1735218534, 81, 15, 39, 0, 0, 0.17%, 8, 0, 8, 144.69
1735218539, 81, 22, 39, 0, 0, 0.17%, 8, 0, 8, 138.47
1735218545, 81, 25, 39, 0, 0, 0.17%, 8, 0, 8, 151.19
1735218550, 82, 12, 39, 0, 0, 0.17%, 8, 0, 8, 140.89
1735218555, 82, 13, 39, 0, 0, 0.17%, 8, 0, 8, 138.15
1735218560, 82, 15, 39, 0, 0, 0.17%, 8, 0, 8, 142.90
1735218565, 82, 16, 39, 0, 0, 0.17%, 8, 0, 8, 136.09
1735218570, 82, 22, 39, 0, 0, 0.17%, 8, 0, 8, 143.90
1735218576, 82, 31, 39, 0, 0, 0.17%, 8, 0, 8, 152.73
1735218581, 82, 34, 39, 0, 0, 0.17%, 8, 0, 8, 152.69
1735218586, 83, 12, 39, 0, 0, 0.17%, 8, 0, 8, 134.20
1735218591, 83, 15, 39, 0, 0, 0.17%, 8, 0, 8, 138.56
1735218596, 83, 22, 39, 0, 0, 0.17%, 8, 0, 8, 139.99
1735218601, 84, 12, 39, 0, 0, 0.17%, 8, 0, 8, 139.74
1735218607, 84, 15, 39, 0, 0, 0.17%, 8, 0, 8, 136.49
1735218612, 84, 22, 39, 0, 0, 0.17%, 8, 0, 8, 143.62
1735218617, 84, 37, 39, 0, 0, 0.17%, 8, 0, 8, 147.15
1735218642, 85, 12, 39, 0, 0, 0.17%, 8, 0, 8, 143.31
1735218647, 85, 15, 39, 0, 0, 0.17%, 8, 0, 8, 137.76
1735218652, 85, 21, 39, 0, 0, 0.17%, 8, 0, 8, 140.63
1735218658, 85, 22, 39, 0, 0, 0.17%, 8, 0, 8, 129.83
1735218663, 85, 29, 39, 0, 0, 0.17%, 8, 0, 8, 141.75
1735218668, 86, 8, 39, 0, 0, 0.17%, 8, 0, 8, 144.50
1735218673, 86, 12, 39, 0, 0, 0.17%, 8, 0, 8, 146.43
1735218678, 86, 15, 39, 0, 0, 0.17%, 8, 0, 8, 144.89
1735218683, 86, 22, 39, 0, 0, 0.17%, 8, 0, 8, 136.19
1735218688, 86, 37, 39, 0, 0, 0.17%, 8, 0, 8, 180.10
1735218709, 87, 12, 39, 0, 0, 0.17%, 8, 0, 8, 146.15
1735218714, 87, 15, 39, 0, 0, 0.17%, 8, 0, 8, 145.23
1735218719, 87, 22, 39, 0, 0, 0.17%, 8, 0, 8, 148.47
1735218724, 88, 12, 39, 0, 0, 0.17%, 8, 0, 8, 136.19
1735218729, 88, 15, 39, 0, 0, 0.17%, 8, 0, 8, 149.65
1735218734, 88, 19, 39, 0, 0, 0.17%, 8, 0, 8, 144.77
1735218745, 88, 22, 39, 0, 0, 0.17%, 8, 0, 8, 137.65
1735218750, 89, 12, 39, 0, 0, 0.17%, 8, 0, 8, 134.82
1735218755, 89, 15, 39, 0, 0, 0.17%, 8, 0, 8, 131.75
1735218760, 89, 22, 39, 0, 0, 0.17%, 8, 0, 8, 139.40
1735218765, 89, 27, 39, 0, 0, 0.17%, 8, 0, 8, 154.20
1735218770, 89, 32, 39, 0, 0, 0.17%, 8, 0, 8, 149.40
1735218775, 90, 12, 39, 0, 0, 0.17%, 8, 0, 8, 135.23
1735218780, 90, 15, 39, 0, 0, 0.17%, 8, 0, 8, 132.87
1735218786, 90, 20, 39, 0, 0, 0.17%, 8, 0, 8, 136.86
1735218791, 90, 22, 39, 0, 0, 0.17%, 8, 0, 8, 140.94
1735218796, 91, 12, 39, 0, 0, 0.17%, 8, 0, 8, 132.79
1735218801, 91, 15, 39, 0, 0, 0.17%, 8, 0, 8, 137.24
1735218806, 91, 22, 39, 0, 0, 0.17%, 8, 0, 8, 141.16
1735218811, 92, 11, 39, 0, 0, 0.17%, 8, 0, 8, 140.55
1735218817, 92, 12, 39, 0, 0, 0.17%, 8, 0, 8, 127.39
1735218822, 92, 15, 39, 0, 0, 0.17%, 8, 0, 8, 145.90
1735218827, 92, 22, 39, 0, 0, 0.17%, 8, 0, 8, 138.38
1735218832, 92, 32, 39, 0, 0, 0.17%, 8, 0, 8, 147.52
1735218837, 93, 12, 39, 0, 0, 0.17%, 8, 0, 8, 134.21
1735218842, 93, 13, 39, 0, 0, 0.17%, 8, 0, 8, 138.73
1735218847, 93, 15, 39, 0, 0, 0.17%, 8, 0, 8, 143.94
1735218852, 93, 22, 39, 0, 0, 0.17%, 8, 0, 8, 143.32
1735218857, 94, 12, 39, 0, 0, 0.17%, 8, 0, 8, 136.04
1735218862, 94, 15, 39, 0, 0, 0.17%, 8, 0, 8, 142.57
1735218867, 94, 22, 39, 0, 0, 0.17%, 8, 0, 8, 144.50
1735218873, 95, 12, 39, 0, 0, 0.17%, 8, 0, 8, 133.73
1735218878, 95, 15, 39, 0, 0, 0.17%, 8, 0, 8, 144.02
1735218883, 95, 22, 39, 0, 0, 0.17%, 8, 0, 8, 139.79
1735218888, 96, 12, 39, 0, 0, 0.17%, 8, 0, 8, 133.34
1735218893, 96, 14, 39, 0, 0, 0.17%, 8, 0, 8, 138.14
1735218898, 96, 15, 39, 0, 0, 0.17%, 8, 0, 8, 151.85
1735218903, 96, 22, 39, 0, 0, 0.17%, 8, 0, 8, 144.79
1735218908, 97, 12, 39, 0, 0, 0.17%, 8, 0, 8, 139.78
1735218913, 97, 15, 39, 0, 0, 0.17%, 8, 0, 8, 134.43
1735218919, 97, 20, 39, 0, 0, 0.17%, 8, 0, 8, 140.92
1735218924, 97, 22, 39, 0, 0, 0.17%, 8, 0, 8, 136.12
1735218929, 98, 6, 39, 0, 0, 0.17%, 8, 0, 8, 139.02
1735218934, 98, 15, 39, 0, 0, 0.17%, 8, 0, 8, 140.09
1735218939, 98, 22, 39, 0, 0, 0.17%, 8, 0, 8, 137.32
1735218944, 99, 12, 39, 0, 0, 0.17%, 8, 0, 8, 137.41
1735218949, 99, 15, 39, 0, 0, 0.17%, 8, 0, 8, 138.32
1735218954, 99, 20, 39, 0, 0, 0.17%, 8, 0, 8, 138.76
1735218959, 99, 22, 39, 0, 0, 0.17%, 8, 0, 8, 143.11
1735218965, 100, 12, 39, 0, 0, 0.17%, 8, 0, 8, 135.69
1735218970, 100, 13, 39, 0, 0, 0.17%, 8, 0, 8, 135.29
1735218975, 100, 15, 39, 0, 0, 0.17%, 8, 0, 8, 138.48
1735218980, 100, 22, 39, 0, 0, 0.17%, 8, 0, 8, 140.50
1735218985, 100, 34, 39, 0, 0, 0.17%, 8, 0, 8, 142.42
1735218990, 100, 35, 39, 0, 0, 0.17%, 8, 0, 8, 146.46
1735219021, 100, 37, 39, 0, 0, 0.17%, 8, 0, 8, 161.17
1735219031, 101, 12, 39, 0, 0, 0.17%, 8, 0, 8, 132.94
1735219036, 101, 15, 39, 0, 0, 0.17%, 8, 0, 8, 148.97
1735219041, 101, 21, 39, 0, 0, 0.17%, 8, 0, 8, 140.42
1735219046, 101, 22, 39, 0, 0, 0.17%, 8, 0, 8, 145.58
1735219051, 101, 29, 39, 0, 0, 0.17%, 8, 0, 8, 145.53
1735219056, 101, 36, 39, 0, 0, 0.17%, 8, 0, 8, 158.63
1735219077, 102, 12, 39, 0, 0, 0.17%, 8, 0, 8, 139.22
1735219082, 102, 15, 39, 0, 0, 0.17%, 8, 0, 8, 148.40
1735219087, 102, 22, 39, 0, 0, 0.17%, 8, 0, 8, 140.78
1735219092, 103, 12, 39, 0, 0, 0.17%, 8, 0, 8, 135.87
1735219097, 103, 15, 39, 0, 0, 0.17%, 8, 0, 8, 140.42
1735219102, 103, 22, 39, 0, 0, 0.17%, 8, 0, 8, 140.91
1735219107, 103, 38, 39, 0, 0, 0.17%, 8, 0, 8, 144.01
1735219148, 104, 4, 39, 0, 0, 0.17%, 8, 0, 8, 122.47
1735219153, 104, 12, 39, 0, 0, 0.17%, 8, 0, 8, 138.17
1735219158, 104, 15, 39, 0, 0, 0.17%, 8, 0, 8, 134.32
1735219164, 104, 22, 39, 0, 0, 0.17%, 8, 0, 8, 140.53
1735219169, 104, 33, 39, 0, 0, 0.17%, 8, 0, 8, 158.40
1735219174, 105, 12, 39, 0, 0, 0.17%, 8, 0, 8, 140.76
1735219179, 105, 15, 39, 0, 0, 0.17%, 8, 0, 8, 138.30
1735219184, 105, 22, 39, 0, 0, 0.17%, 8, 0, 8, 137.92
1735219189, 105, 32, 39, 0, 0, 0.17%, 8, 0, 8, 138.30
1735219194, 106, 8, 39, 0, 0, 0.17%, 8, 0, 8, 145.85
1735219199, 106, 12, 39, 0, 0, 0.17%, 8, 0, 8, 136.65
1735219204, 106, 15, 39, 0, 0, 0.17%, 8, 0, 8, 139.02
1735219209, 106, 22, 39, 0, 0, 0.17%, 8, 0, 8, 136.33
1735219214, 107, 12, 39, 0, 0, 0.17%, 8, 0, 8, 137.00
1735219220, 107, 15, 39, 0, 0, 0.17%, 8, 0, 8, 142.16
1735219225, 107, 22, 39, 0, 0, 0.17%, 8, 0, 8, 145.67
1735219230, 108, 12, 39, 0, 0, 0.17%, 8, 0, 8, 142.14
1735219240, 108, 15, 39, 0, 0, 0.17%, 8, 0, 8, 140.61
1735219245, 108, 22, 39, 0, 0, 0.17%, 8, 0, 8, 140.75
1735219250, 108, 23, 39, 0, 0, 0.17%, 8, 0, 8, 144.74
1735219261, 109, 12, 39, 0, 0, 0.17%, 8, 0, 8, 131.38
1735219266, 109, 15, 39, 0, 0, 0.17%, 8, 0, 8, 134.80
1735219271, 109, 22, 39, 0, 0, 0.17%, 8, 0, 8, 138.20
1735219276, 110, 8, 39, 0, 0, 0.17%, 8, 0, 8, 146.14
1735219281, 110, 12, 39, 0, 0, 0.17%, 8, 0, 8, 140.59
1735219286, 110, 15, 39, 0, 0, 0.17%, 8, 0, 8, 138.65
1735219291, 110, 22, 39, 0, 0, 0.17%, 8, 0, 8, 142.69
1735219296, 111, 12, 39, 0, 0, 0.17%, 8, 0, 8, 129.92
1735219302, 111, 15, 39, 0, 0, 0.17%, 8, 0, 8, 137.25
1735219307, 111, 22, 39, 0, 0, 0.17%, 8, 0, 8, 146.34
1735219312, 112, 2, 39, 0, 0, 0.17%, 8, 0, 8, 131.78
1735219317, 112, 12, 39, 0, 0, 0.17%, 8, 0, 8, 133.44
1735219322, 112, 15, 39, 0, 0, 0.17%, 8, 0, 8, 134.89
1735219327, 112, 22, 39, 0, 0, 0.17%, 8, 0, 8, 135.26
1735219333, 112, 29, 39, 0, 0, 0.17%, 8, 0, 8, 145.73
1735219338, 113, 0, 39, 0, 0, 0.17%, 8, 0, 8, 146.64
1735219343, 113, 12, 39, 0, 0, 0.17%, 8, 0, 8, 139.68
1735219348, 113, 15, 39, 0, 0, 0.17%, 8, 0, 8, 141.65
1735219353, 113, 22, 39, 0, 0, 0.17%, 8, 0, 8, 145.55
1735219358, 113, 23, 39, 0, 0, 0.17%, 8, 0, 8, 136.03
1735219363, 113, 32, 39, 0, 0, 0.17%, 8, 0, 8, 151.07
1735219368, 113, 33, 39, 0, 0, 0.17%, 8, 0, 8, 140.27
1735219374, 113, 36, 39, 0, 0, 0.17%, 8, 0, 8, 168.46
1735219394, 114, 15, 39, 0, 0, 0.17%, 8, 0, 8, 144.07
1735219404, 114, 22, 39, 0, 0, 0.17%, 8, 0, 8, 137.00
1735219410, 114, 28, 39, 0, 0, 0.17%, 8, 0, 8, 144.18
1735219415, 114, 33, 39, 0, 0, 0.17%, 8, 0, 8, 154.35
1735219420, 115, 12, 39, 0, 0, 0.17%, 8, 0, 8, 144.18
1735219425, 115, 15, 39, 0, 0, 0.17%, 8, 0, 8, 145.40
1735219430, 115, 21, 39, 0, 0, 0.17%, 8, 0, 8, 137.16
1735219435, 115, 22, 39, 0, 0, 0.17%, 8, 0, 8, 139.84
1735219440, 116, 12, 39, 0, 0, 0.17%, 8, 0, 8, 136.69
1735219445, 116, 15, 39, 0, 0, 0.17%, 8, 0, 8, 143.90
1735219451, 116, 22, 39, 0, 0, 0.17%, 8, 0, 8, 139.60
1735219456, 116, 25, 39, 0, 0, 0.17%, 8, 0, 8, 145.04
1735219461, 116, 26, 39, 0, 0, 0.17%, 8, 0, 8, 150.30
1735219466, 117, 12, 39, 0, 0, 0.17%, 8, 0, 8, 140.01
1735219471, 117, 15, 39, 0, 0, 0.17%, 8, 0, 8, 140.46
1735219476, 117, 22, 39, 0, 0, 0.17%, 8, 0, 8, 141.89
1735219481, 118, 12, 39, 0, 0, 0.17%, 8, 0, 8, 136.08
1735219487, 118, 15, 39, 0, 0, 0.17%, 8, 0, 8, 140.45
1735219492, 118, 22, 39, 0, 0, 0.17%, 8, 0, 8, 141.39
1735219497, 118, 23, 39, 0, 0, 0.17%, 8, 0, 8, 144.66
1735219502, 119, 12, 39, 0, 0, 0.17%, 8, 0, 8, 139.33
1735219507, 119, 15, 39, 0, 0, 0.17%, 8, 0, 8, 139.43
1735219512, 119, 17, 39, 0, 0, 0.17%, 8, 0, 8, 143.32
1735219517, 119, 22, 39, 0, 0, 0.17%, 8, 0, 8, 137.37
1735219522, 119, 34, 39, 0, 0, 0.17%, 8, 0, 8, 147.18
1735219528, 120, 12, 39, 0, 0, 0.17%, 8, 0, 8, 146.62
1735219533, 120, 15, 39, 0, 0, 0.17%, 8, 0, 8, 137.82
1735219538, 120, 22, 39, 0, 0, 0.17%, 8, 0, 8, 143.75
1735219543, 121, 12, 39, 0, 0, 0.17%, 8, 0, 8, 134.87
1735219548, 121, 15, 39, 0, 0, 0.17%, 8, 0, 8, 136.68
1735219553, 121, 17, 39, 0, 0, 0.17%, 8, 0, 8, 142.78
1735219559, 121, 22, 39, 0, 0, 0.17%, 8, 0, 8, 141.12
1735219564, 121, 37, 39, 0, 0, 0.17%, 8, 0, 8, 141.58
1735219579, 122, 12, 39, 0, 0, 0.17%, 8, 0, 8, 137.53
1735219584, 122, 15, 39, 0, 0, 0.17%, 8, 0, 8, 147.69
1735219589, 122, 22, 39, 0, 0, 0.17%, 8, 0, 8, 134.23
1735219594, 123, 7, 39, 0, 0, 0.17%, 8, 0, 8, 137.75
1735219599, 123, 12, 39, 0, 0, 0.17%, 8, 0, 8, 132.47
1735219604, 123, 15, 39, 0, 0, 0.17%, 8, 0, 8, 134.22
1735219610, 123, 22, 39, 0, 0, 0.17%, 8, 0, 8, 140.20
1735219615, 124, 12, 39, 0, 0, 0.17%, 8, 0, 8, 134.60
1735219620, 124, 15, 39, 0, 0, 0.17%, 8, 0, 8, 140.95
1735219625, 124, 22, 39, 0, 0, 0.17%, 8, 0, 8, 144.34
1735219630, 124, 35, 39, 0, 0, 0.17%, 8, 0, 8, 172.28
1735219656, 125, 12, 39, 0, 0, 0.17%, 8, 0, 8, 144.90
1735219661, 125, 15, 39, 0, 0, 0.17%, 8, 0, 8, 145.38
1735219666, 125, 22, 39, 0, 0, 0.17%, 8, 0, 8, 132.81
1735219676, 126, 4, 39, 0, 0, 0.17%, 8, 0, 8, 146.27
1735219682, 126, 12, 39, 0, 0, 0.17%, 8, 0, 8, 139.13
1735219687, 126, 15, 39, 0, 0, 0.17%, 8, 0, 8, 140.80
1735219692, 126, 19, 39, 0, 0, 0.17%, 8, 0, 8, 138.65
1735219697, 126, 22, 39, 0, 0, 0.17%, 8, 0, 8, 146.24
1735219702, 127, 2, 39, 0, 0, 0.17%, 8, 0, 8, 138.64
1735219707, 127, 12, 39, 0, 0, 0.17%, 8, 0, 8, 129.12
1735219713, 127, 15, 39, 0, 0, 0.17%, 8, 0, 8, 133.91
1735219718, 127, 18, 39, 0, 0, 0.17%, 8, 0, 8, 144.44
1735219723, 127, 22, 39, 0, 0, 0.17%, 8, 0, 8, 134.01
1735219728, 127, 36, 39, 0, 0, 0.17%, 8, 0, 8, 158.17
1735219738, 128, 12, 39, 0, 0, 0.17%, 8, 0, 8, 138.88
1735219743, 128, 15, 39, 0, 0, 0.17%, 8, 0, 8, 153.93
1735219748, 128, 21, 39, 0, 0, 0.17%, 8, 0, 8, 148.41
1735219753, 128, 22, 39, 0, 0, 0.17%, 8, 0, 8, 140.17
1735219758, 129, 12, 39, 0, 0, 0.17%, 8, 0, 8, 133.79
1735219763, 129, 15, 39, 0, 0, 0.17%, 8, 0, 8, 140.35
1735219769, 129, 22, 39, 0, 0, 0.17%, 8, 0, 8, 134.13
1735219774, 130, 0, 39, 0, 0, 0.17%, 8, 0, 8, 134.98
1735219779, 130, 12, 39, 0, 0, 0.17%, 8, 0, 8, 136.16
1735219784, 130, 15, 39, 0, 0, 0.17%, 8, 0, 8, 134.70
1735219789, 130, 22, 39, 0, 0, 0.17%, 8, 0, 8, 138.74
1735219795, 130, 37, 39, 0, 0, 0.17%, 8, 0, 8, 175.12
1735219805, 131, 12, 39, 0, 0, 0.17%, 8, 0, 8, 139.29
1735219810, 131, 13, 39, 0, 0, 0.17%, 8, 0, 8, 132.66
1735219815, 131, 15, 39, 0, 0, 0.17%, 8, 0, 8, 132.80
1735219820, 131, 22, 39, 0, 0, 0.17%, 8, 0, 8, 140.33
1735219826, 131, 32, 39, 0, 0, 0.17%, 8, 0, 8, 147.38
1735219831, 132, 3, 39, 0, 0, 0.17%, 8, 0, 8, 139.39
1735219836, 132, 12, 39, 0, 0, 0.17%, 8, 0, 8, 132.91
1735219841, 132, 15, 39, 0, 0, 0.17%, 8, 0, 8, 138.32
1735219846, 132, 22, 39, 0, 0, 0.17%, 8, 0, 8, 141.65
1735219851, 133, 12, 39, 0, 0, 0.17%, 8, 0, 8, 135.45
1735219856, 133, 15, 39, 0, 0, 0.17%, 8, 0, 8, 138.44
1735219862, 133, 22, 39, 0, 0, 0.17%, 8, 0, 8, 143.99
1735219867, 134, 12, 39, 0, 0, 0.17%, 8, 0, 8, 139.13
1735219872, 134, 15, 39, 0, 0, 0.17%, 8, 0, 8, 134.15
1735219877, 134, 19, 39, 0, 0, 0.17%, 8, 0, 8, 140.16
1735219882, 134, 22, 39, 0, 0, 0.17%, 8, 0, 8, 144.92
1735219887, 135, 12, 39, 0, 0, 0.17%, 8, 0, 8, 141.16
1735219893, 135, 15, 39, 0, 0, 0.17%, 8, 0, 8, 144.97
1735219898, 135, 22, 39, 0, 0, 0.17%, 8, 0, 8, 142.41
1735219903, 135, 34, 39, 0, 0, 0.17%, 8, 0, 8, 145.25
1735219908, 136, 12, 39, 0, 0, 0.17%, 8, 0, 8, 143.44
1735219913, 136, 15, 39, 0, 0, 0.17%, 8, 0, 8, 142.95
1735219919, 136, 22, 39, 0, 0, 0.17%, 8, 0, 8, 136.80
1735219924, 136, 29, 39, 0, 0, 0.17%, 8, 0, 8, 142.60
1735219929, 137, 12, 39, 0, 0, 0.17%, 8, 0, 8, 141.42
1735219934, 137, 15, 39, 0, 0, 0.17%, 8, 0, 8, 140.31
1735219939, 137, 19, 39, 0, 0, 0.17%, 8, 0, 8, 140.57
1735219944, 137, 22, 39, 0, 0, 0.17%, 8, 0, 8, 146.33
1735219950, 138, 9, 39, 0, 0, 0.17%, 8, 0, 8, 142.72
1735219955, 138, 12, 39, 0, 0, 0.17%, 8, 0, 8, 138.46
1735219960, 138, 15, 39, 0, 0, 0.17%, 8, 0, 8, 137.93
1735219965, 138, 22, 39, 0, 0, 0.17%, 8, 0, 8, 140.09
1735219970, 139, 15, 39, 0, 0, 0.17%, 8, 0, 8, 141.49
1735219975, 139, 22, 39, 0, 0, 0.17%, 8, 0, 8, 137.34
1735219981, 139, 27, 39, 0, 0, 0.17%, 8, 0, 8, 136.65
1735219986, 139, 29, 39, 0, 0, 0.17%, 8, 0, 8, 145.37
1735219996, 140, 12, 39, 0, 0, 0.17%, 8, 0, 8, 147.42
1735220001, 140, 15, 39, 0, 0, 0.17%, 8, 0, 8, 153.91
1735220007, 140, 22, 39, 0, 0, 0.17%, 8, 0, 8, 140.67
1735220012, 140, 38, 39, 0, 0, 0.17%, 8, 0, 8, 155.38
1735220047, 141, 12, 39, 0, 0, 0.17%, 8, 0, 8, 142.17
1735220052, 141, 15, 39, 0, 0, 0.17%, 8, 0, 8, 133.25
1735220057, 141, 22, 39, 0, 0, 0.17%, 8, 0, 8, 129.82
1735220062, 142, 11, 39, 0, 0, 0.17%, 8, 0, 8, 143.54
1735220068, 142, 12, 39, 0, 0, 0.17%, 8, 0, 8, 130.11
1735220073, 142, 15, 39, 0, 0, 0.17%, 8, 0, 8, 140.37
1735220078, 142, 22, 39, 0, 0, 0.17%, 8, 0, 8, 145.67
1735220083, 142, 29, 39, 0, 0, 0.17%, 8, 0, 8, 151.61
1735220088, 143, 2, 39, 0, 0, 0.17%, 8, 0, 8, 140.17
1735220093, 143, 12, 39, 0, 0, 0.17%, 8, 0, 8, 139.27
1735220098, 143, 15, 39, 0, 0, 0.17%, 8, 0, 8, 136.67
1735220104, 143, 22, 39, 0, 0, 0.17%, 8, 0, 8, 138.27
1735220109, 144, 12, 39, 0, 0, 0.17%, 8, 0, 8, 136.12
1735220114, 144, 15, 39, 0, 0, 0.17%, 8, 0, 8, 132.32
1735220119, 144, 22, 39, 0, 0, 0.17%, 8, 0, 8, 141.83
1735220124, 144, 33, 39, 0, 0, 0.17%, 8, 0, 8, 141.41
1735220129, 145, 12, 39, 0, 0, 0.17%, 8, 0, 8, 145.63
1735220134, 145, 15, 39, 0, 0, 0.17%, 8, 0, 8, 144.22
1735220140, 145, 22, 39, 0, 0, 0.17%, 8, 0, 8, 140.15
1735220145, 145, 28, 39, 0, 0, 0.17%, 8, 0, 8, 138.31
1735220150, 145, 29, 39, 0, 0, 0.17%, 8, 0, 8, 142.53
1735220160, 146, 12, 39, 0, 0, 0.17%, 8, 0, 8, 133.38
1735220165, 146, 15, 39, 0, 0, 0.17%, 8, 0, 8, 139.64
1735220170, 146, 22, 39, 0, 0, 0.17%, 8, 0, 8, 135.10
1735220176, 146, 24, 39, 0, 0, 0.17%, 8, 0, 8, 146.52
1735220181, 147, 12, 39, 0, 0, 0.17%, 8, 0, 8, 140.44
1735220186, 147, 15, 39, 0, 0, 0.17%, 8, 0, 8, 135.58
1735220191, 147, 22, 39, 0, 0, 0.17%, 8, 0, 8, 139.81
1735220196, 148, 12, 39, 0, 0, 0.17%, 8, 0, 8, 137.23
1735220201, 148, 15, 39, 0, 0, 0.17%, 8, 0, 8, 139.01
1735220207, 148, 22, 39, 0, 0, 0.17%, 8, 0, 8, 142.11
1735220212, 148, 32, 39, 0, 0, 0.17%, 8, 0, 8, 152.83
1735220217, 148, 38, 39, 0, 0, 0.17%, 8, 0, 8, 142.58
1735220242, 149, 12, 39, 0, 0, 0.17%, 8, 0, 8, 136.56
1735220248, 149, 15, 39, 0, 0, 0.17%, 8, 0, 8, 138.38
1735220253, 149, 22, 39, 0, 0, 0.17%, 8, 0, 8, 139.45
1735220258, 149, 26, 39, 0, 0, 0.17%, 8, 0, 8, 140.26
1735220263, 149, 28, 39, 0, 0, 0.17%, 8, 0, 8, 140.03
1735220268, 150, 6, 39, 0, 0, 0.17%, 8, 0, 8, 136.86
1735220273, 150, 12, 39, 0, 0, 0.17%, 8, 0, 8, 139.56
1735220278, 150, 13, 39, 0, 0, 0.17%, 8, 0, 8, 140.22
1735220284, 150, 15, 39, 0, 0, 0.17%, 8, 0, 8, 138.94
1735220289, 150, 17, 39, 0, 0, 0.17%, 8, 0, 8, 140.01
1735220294, 150, 22, 39, 0, 0, 0.17%, 8, 0, 8, 135.22
1735220299, 151, 12, 39, 0, 0, 0.17%, 8, 0, 8, 136.07
1735220304, 151, 15, 39, 0, 0, 0.17%, 8, 0, 8, 134.27
1735220309, 151, 21, 39, 0, 0, 0.17%, 8, 0, 8, 137.22
1735220315, 151, 22, 39, 0, 0, 0.17%, 8, 0, 8, 146.54
1735220320, 152, 12, 39, 0, 0, 0.17%, 8, 0, 8, 135.13
1735220325, 152, 15, 39, 0, 0, 0.17%, 8, 0, 8, 141.13
1735220330, 152, 22, 39, 0, 0, 0.17%, 8, 0, 8, 148.88
1735220335, 153, 12, 39, 0, 0, 0.17%, 8, 0, 8, 136.66
1735220340, 153, 15, 39, 0, 0, 0.17%, 8, 0, 8, 136.83
1735220345, 153, 22, 39, 0, 0, 0.17%, 8, 0, 8, 135.09
1735220350, 154, 12, 39, 0, 0, 0.17%, 8, 0, 8, 138.93
1735220355, 154, 14, 39, 0, 0, 0.17%, 8, 0, 8, 137.22
1735220361, 154, 15, 39, 0, 0, 0.17%, 8, 0, 8, 144.27
1735220366, 154, 22, 39, 0, 0, 0.17%, 8, 0, 8, 143.17
1735220371, 154, 36, 39, 0, 0, 0.17%, 8, 0, 8, 149.16
1735220376, 155, 12, 39, 0, 0, 0.17%, 8, 0, 8, 140.06
1735220381, 155, 13, 39, 0, 0, 0.17%, 8, 0, 8, 135.37
1735220386, 155, 15, 39, 0, 0, 0.17%, 8, 0, 8, 142.17
1735220391, 155, 22, 39, 0, 0, 0.17%, 8, 0, 8, 146.82
1735220397, 156, 9, 39, 0, 0, 0.17%, 8, 0, 8, 138.65
1735220402, 156, 12, 39, 0, 0, 0.17%, 8, 0, 8, 140.34
1735220407, 156, 15, 39, 0, 0, 0.17%, 8, 0, 8, 150.21
1735220412, 156, 22, 39, 0, 0, 0.17%, 8, 0, 8, 143.66
1735220417, 156, 31, 39, 0, 0, 0.17%, 8, 0, 8, 139.21
1735220422, 157, 12, 39, 0, 0, 0.17%, 8, 0, 8, 132.06
1735220427, 157, 15, 39, 0, 0, 0.17%, 8, 0, 8, 140.82
1735220432, 157, 22, 39, 0, 0, 0.17%, 8, 0, 8, 136.34
1735220437, 158, 4, 39, 0, 0, 0.17%, 8, 0, 8, 134.64
1735220443, 158, 12, 39, 0, 0, 0.17%, 8, 0, 8, 132.49
1735220448, 158, 15, 39, 0, 0, 0.17%, 8, 0, 8, 134.09
1735220453, 158, 22, 39, 0, 0, 0.17%, 8, 0, 8, 136.35
1735220458, 158, 28, 39, 0, 0, 0.17%, 8, 0, 8, 146.52
1735220463, 159, 12, 39, 0, 0, 0.17%, 8, 0, 8, 141.59
1735220468, 159, 15, 39, 0, 0, 0.17%, 8, 0, 8, 139.25
1735220473, 159, 21, 39, 0, 0, 0.17%, 8, 0, 8, 137.92
1735220478, 159, 22, 39, 0, 0, 0.17%, 8, 0, 8, 134.01
1735220483, 159, 37, 39, 0, 0, 0.17%, 8, 0, 8, 157.23
1735220494, 160, 12, 39, 0, 0, 0.17%, 8, 0, 8, 142.90
1735220499, 160, 15, 39, 0, 0, 0.17%, 8, 0, 8, 147.70
1735220504, 160, 22, 39, 0, 0, 0.17%, 8, 0, 8, 139.33
1735220509, 160, 27, 39, 0, 0, 0.17%, 8, 0, 8, 145.57
1735220514, 161, 12, 39, 0, 0, 0.17%, 8, 0, 8, 137.33
1735220519, 161, 15, 39, 0, 0, 0.17%, 8, 0, 8, 136.96
1735220525, 161, 22, 39, 0, 0, 0.17%, 8, 0, 8, 134.35
1735220530, 162, 11, 39, 0, 0, 0.17%, 8, 0, 8, 140.00
1735220535, 162, 12, 39, 0, 0, 0.17%, 8, 0, 8, 136.01
1735220540, 162, 15, 39, 0, 0, 0.17%, 8, 0, 8, 139.28
1735220545, 162, 19, 39, 0, 0, 0.17%, 8, 0, 8, 134.11
1735220550, 162, 21, 39, 0, 0, 0.17%, 8, 0, 8, 140.63
1735220555, 162, 22, 39, 0, 0, 0.17%, 8, 0, 8, 137.19
1735220560, 163, 12, 39, 0, 0, 0.17%, 8, 0, 8, 140.16
1735220566, 163, 15, 39, 0, 0, 0.17%, 8, 0, 8, 138.67
1735220571, 163, 22, 39, 0, 0, 0.17%, 8, 0, 8, 143.65
1735220576, 163, 26, 39, 0, 0, 0.17%, 8, 0, 8, 136.40
1735220581, 164, 12, 39, 0, 0, 0.17%, 8, 0, 8, 136.11
1735220586, 164, 15, 39, 0, 0, 0.17%, 8, 0, 8, 141.02
1735220592, 164, 22, 39, 0, 0, 0.17%, 8, 0, 8, 135.53
1735220597, 164, 32, 39, 0, 0, 0.17%, 8, 0, 8, 149.90
1735220602, 165, 12, 39, 0, 0, 0.17%, 8, 0, 8, 135.05
1735220607, 165, 15, 39, 0, 0, 0.17%, 8, 0, 8, 133.75
1735220612, 165, 22, 39, 0, 0, 0.17%, 8, 0, 8, 144.26
1735220617, 166, 12, 39, 0, 0, 0.17%, 8, 0, 8, 139.31
1735220623, 166, 14, 39, 0, 0, 0.17%, 8, 0, 8, 145.80
1735220628, 166, 15, 39, 0, 0, 0.17%, 8, 0, 8, 144.50
1735220633, 166, 22, 39, 0, 0, 0.17%, 8, 0, 8, 140.95
1735220638, 167, 12, 39, 0, 0, 0.17%, 8, 0, 8, 140.33
1735220643, 167, 15, 39, 0, 0, 0.17%, 8, 0, 8, 143.76
1735220648, 167, 22, 39, 0, 0, 0.17%, 8, 0, 8, 138.26
1735220653, 168, 12, 39, 0, 0, 0.17%, 8, 0, 8, 134.16
1735220658, 168, 15, 39, 0, 0, 0.17%, 8, 0, 8, 138.34
1735220663, 168, 22, 39, 0, 0, 0.17%, 8, 0, 8, 138.60
1735220669, 168, 38, 39, 0, 0, 0.17%, 8, 0, 8, 144.78
1735220694, 169, 15, 39, 0, 0, 0.17%, 8, 0, 8, 134.26
1735220699, 169, 22, 39, 0, 0, 0.17%, 8, 0, 8, 139.14
1735220705, 170, 0, 39, 0, 0, 0.17%, 8, 0, 8, 139.72
1735220710, 170, 12, 39, 0, 0, 0.17%, 8, 0, 8, 137.34
1735220715, 170, 15, 39, 0, 0, 0.17%, 8, 0, 8, 133.35
1735220720, 170, 22, 39, 0, 0, 0.17%, 8, 0, 8, 142.05
1735220725, 170, 25, 39, 0, 0, 0.17%, 8, 0, 8, 144.24
1735220730, 170, 32, 39, 0, 0, 0.17%, 8, 0, 8, 149.16
1735220735, 171, 12, 39, 0, 0, 0.17%, 8, 0, 8, 140.64
1735220740, 171, 15, 39, 0, 0, 0.17%, 8, 0, 8, 137.95
1735220745, 171, 22, 39, 0, 0, 0.17%, 8, 0, 8, 133.21
1735220751, 172, 12, 39, 0, 0, 0.17%, 8, 0, 8, 130.51
1735220756, 172, 15, 39, 0, 0, 0.17%, 8, 0, 8, 139.02
1735220761, 172, 22, 39, 0, 0, 0.17%, 8, 0, 8, 136.46
1735220766, 173, 3, 39, 0, 0, 0.17%, 8, 0, 8, 132.14
1735220771, 173, 12, 39, 0, 0, 0.17%, 8, 0, 8, 135.30
1735220776, 173, 15, 39, 0, 0, 0.17%, 8, 0, 8, 133.53
1735220782, 173, 22, 39, 0, 0, 0.17%, 8, 0, 8, 137.36
1735220787, 173, 23, 39, 0, 0, 0.17%, 8, 0, 8, 145.19
1735220792, 174, 12, 39, 0, 0, 0.17%, 8, 0, 8, 137.19
1735220797, 174, 15, 39, 0, 0, 0.17%, 8, 0, 8, 143.12
1735220802, 174, 22, 39, 0, 0, 0.17%, 8, 0, 8, 151.48
1735220807, 174, 24, 39, 0, 0, 0.17%, 8, 0, 8, 145.71
1735220812, 175, 12, 39, 0, 0, 0.17%, 8, 0, 8, 133.73
1735220817, 175, 15, 39, 0, 0, 0.17%, 8, 0, 8, 140.80
1735220823, 175, 22, 39, 0, 0, 0.17%, 8, 0, 8, 143.46
1735220828, 176, 12, 39, 0, 0, 0.17%, 8, 0, 8, 128.97
1735220833, 176, 15, 39, 0, 0, 0.17%, 8, 0, 8, 140.79
1735220838, 176, 18, 39, 0, 0, 0.17%, 8, 0, 8, 147.23
1735220843, 176, 22, 39, 0, 0, 0.17%, 8, 0, 8, 141.80
1735220848, 176, 23, 39, 0, 0, 0.17%, 8, 0, 8, 146.31
1735220853, 177, 12, 39, 0, 0, 0.17%, 8, 0, 8, 139.29
1735220858, 177, 15, 39, 0, 0, 0.17%, 8, 0, 8, 147.00
1735220863, 177, 22, 39, 0, 0, 0.17%, 8, 0, 8, 145.48
1735220868, 177, 38, 39, 0, 0, 0.17%, 8, 0, 8, 152.80
1735220879, 178, 12, 39, 0, 0, 0.17%, 8, 0, 8, 139.96
1735220884, 178, 15, 39, 0, 0, 0.17%, 8, 0, 8, 138.96
1735220889, 178, 18, 39, 0, 0, 0.17%, 8, 0, 8, 149.76
1735220894, 178, 21, 39, 0, 0, 0.17%, 8, 0, 8, 141.70
1735220899, 178, 22, 39, 0, 0, 0.17%, 8, 0, 8, 130.63
1735220904, 179, 3, 39, 0, 0, 0.17%, 8, 0, 8, 135.56
1735220909, 179, 12, 39, 0, 0, 0.17%, 8, 0, 8, 135.66
1735220915, 179, 15, 39, 0, 0, 0.17%, 8, 0, 8, 135.03
1735220920, 179, 22, 39, 0, 0, 0.17%, 8, 0, 8, 142.84
1735220925, 179, 23, 39, 0, 0, 0.17%, 8, 0, 8, 153.49
1735220930, 179, 28, 39, 0, 0, 0.17%, 8, 0, 8, 144.27
1735220940, 179, 35, 39, 0, 0, 0.17%, 8, 0, 8, 182.53
1735220966, 180, 8, 39, 0, 0, 0.17%, 8, 0, 8, 128.03
1735220971, 180, 12, 39, 0, 0, 0.17%, 8, 0, 8, 126.84
1735220976, 180, 15, 39, 0, 0, 0.17%, 8, 0, 8, 132.46
1735220981, 180, 22, 39, 0, 0, 0.17%, 8, 0, 8, 140.66
1735220987, 181, 12, 39, 0, 0, 0.17%, 8, 0, 8, 135.40
1735220992, 181, 15, 39, 0, 0, 0.17%, 8, 0, 8, 140.35
1735220997, 181, 22, 39, 0, 0, 0.17%, 8, 0, 8, 150.98
1735221002, 181, 38, 39, 0, 0, 0.17%, 8, 0, 8, 153.16
1735221012, 182, 12, 39, 0, 0, 0.17%, 8, 0, 8, 137.79
1735221017, 182, 15, 39, 0, 0, 0.17%, 8, 0, 8, 139.03
1735221022, 182, 22, 39, 0, 0, 0.17%, 8, 0, 8, 138.93
1735221028, 182, 27, 39, 0, 0, 0.17%, 8, 0, 8, 146.40
1735221033, 182, 28, 39, 0, 0, 0.17%, 8, 0, 8, 138.47
1735221043, 183, 12, 39, 0, 0, 0.17%, 8, 0, 8, 132.64
1735221048, 183, 15, 39, 0, 0, 0.17%, 8, 0, 8, 135.28
1735221053, 183, 22, 39, 0, 0, 0.17%, 8, 0, 8, 136.26
1735221058, 183, 28, 39, 0, 0, 0.17%, 8, 0, 8, 133.87
1735221063, 184, 3, 39, 0, 0, 0.17%, 8, 0, 8, 131.37
1735221068, 184, 12, 39, 0, 0, 0.17%, 8, 0, 8, 131.22
1735221074, 184, 15, 39, 0, 0, 0.17%, 8, 0, 8, 140.16
1735221079, 184, 17, 39, 0, 0, 0.17%, 8, 0, 8, 137.39
1735221084, 184, 22, 39, 0, 0, 0.17%, 8, 0, 8, 141.51
1735221089, 184, 23, 39, 0, 0, 0.17%, 8, 0, 8, 140.01
1735221094, 184, 35, 39, 0, 0, 0.17%, 8, 0, 8, 182.10
1735221125, 185, 12, 39, 0, 0, 0.17%, 8, 0, 8, 126.28
1735221130, 185, 15, 39, 0, 0, 0.17%, 8, 0, 8, 145.64
1735221135, 185, 22, 39, 0, 0, 0.17%, 8, 0, 8, 144.71
1735221140, 185, 28, 39, 0, 0, 0.17%, 8, 0, 8, 150.71
1735221145, 185, 31, 39, 0, 0, 0.17%, 8, 0, 8, 159.39
1735221150, 186, 12, 39, 0, 0, 0.17%, 8, 0, 8, 144.07
1735221155, 186, 15, 39, 0, 0, 0.17%, 8, 0, 8, 141.31
1735221161, 186, 19, 39, 0, 0, 0.17%, 8, 0, 8, 141.94
1735221166, 186, 20, 39, 0, 0, 0.17%, 8, 0, 8, 144.18
1735221171, 186, 22, 39, 0, 0, 0.17%, 8, 0, 8, 141.89
1735221176, 187, 12, 39, 0, 0, 0.17%, 8, 0, 8, 134.16
1735221181, 187, 15, 39, 0, 0, 0.17%, 8, 0, 8, 135.45
1735221186, 187, 16, 39, 0, 0, 0.17%, 8, 0, 8, 137.70
1735221191, 187, 17, 39, 0, 0, 0.17%, 8, 0, 8, 132.56
1735221197, 187, 19, 39, 0, 0, 0.17%, 8, 0, 8, 134.49
1735221202, 187, 22, 39, 0, 0, 0.17%, 8, 0, 8, 140.35
1735221207, 188, 10, 39, 0, 0, 0.17%, 8, 0, 8, 140.39
1735221212, 188, 12, 39, 0, 0, 0.17%, 8, 0, 8, 132.64
1735221217, 188, 15, 39, 0, 0, 0.17%, 8, 0, 8, 135.33
1735221222, 188, 22, 39, 0, 0, 0.17%, 8, 0, 8, 141.66
1735221227, 188, 28, 39, 0, 0, 0.17%, 8, 0, 8, 141.69
1735221237, 188, 35, 39, 0, 0, 0.17%, 8, 0, 8, 174.05
1735221248, 189, 12, 39, 0, 0, 0.17%, 8, 0, 8, 144.12
1735221253, 189, 15, 39, 0, 0, 0.17%, 8, 0, 8, 133.09
1735221258, 189, 22, 39, 0, 0, 0.17%, 8, 0, 8, 140.84
1735221263, 190, 2, 39, 0, 0, 0.17%, 8, 0, 8, 136.30
1735221268, 190, 12, 39, 0, 0, 0.17%, 8, 0, 8, 136.22
1735221273, 190, 15, 39, 0, 0, 0.17%, 8, 0, 8, 142.39
1735221278, 190, 22, 39, 0, 0, 0.17%, 8, 0, 8, 133.38
1735221283, 191, 12, 39, 0, 0, 0.17%, 8, 0, 8, 137.92
1735221288, 191, 15, 39, 0, 0, 0.17%, 8, 0, 8, 149.13
1735221293, 191, 22, 39, 0, 0, 0.17%, 8, 0, 8, 140.47
1735221298, 192, 5, 39, 0, 0, 0.17%, 8, 0, 8, 137.19
1735221304, 192, 12, 39, 0, 0, 0.17%, 8, 0, 8, 134.61
1735221309, 192, 15, 39, 0, 0, 0.17%, 8, 0, 8, 132.22
1735221314, 192, 22, 39, 0, 0, 0.17%, 8, 0, 8, 133.95
1735221319, 192, 31, 39, 0, 0, 0.17%, 8, 0, 8, 150.37
1735221324, 192, 33, 39, 0, 0, 0.17%, 8, 0, 8, 152.02
1735221329, 193, 12, 39, 0, 0, 0.17%, 8, 0, 8, 139.02
1735221334, 193, 15, 39, 0, 0, 0.17%, 8, 0, 8, 139.66
1735221339, 193, 19, 39, 0, 0, 0.17%, 8, 0, 8, 136.51
1735221344, 193, 22, 39, 0, 0, 0.17%, 8, 0, 8, 138.18
1735221350, 194, 12, 39, 0, 0, 0.17%, 8, 0, 8, 138.45
1735221355, 194, 15, 39, 0, 0, 0.17%, 8, 0, 8, 145.65
1735221360, 194, 22, 39, 0, 0, 0.17%, 8, 0, 8, 142.67
1735221365, 194, 29, 39, 0, 0, 0.17%, 8, 0, 8, 144.46
1735221370, 195, 12, 39, 0, 0, 0.17%, 8, 0, 8, 145.27
1735221375, 195, 13, 39, 0, 0, 0.17%, 8, 0, 8, 142.24
1735221380, 195, 15, 39, 0, 0, 0.17%, 8, 0, 8, 141.76
1735221386, 195, 18, 39, 0, 0, 0.17%, 8, 0, 8, 146.66
1735221391, 195, 22, 39, 0, 0, 0.17%, 8, 0, 8, 142.76
1735221396, 195, 31, 39, 0, 0, 0.17%, 8, 0, 8, 148.93
1735221401, 196, 4, 39, 0, 0, 0.17%, 8, 0, 8, 146.62
1735221406, 196, 15, 39, 0, 0, 0.17%, 8, 0, 8, 138.57
1735221411, 196, 22, 39, 0, 0, 0.17%, 8, 0, 8, 143.16
1735221417, 197, 8, 39, 0, 0, 0.17%, 8, 0, 8, 140.21
1735221422, 197, 12, 39, 0, 0, 0.17%, 8, 0, 8, 132.00
1735221427, 197, 15, 39, 0, 0, 0.17%, 8, 0, 8, 134.74
1735221432, 197, 20, 39, 0, 0, 0.17%, 8, 0, 8, 142.06
1735221437, 197, 22, 39, 0, 0, 0.17%, 8, 0, 8, 140.95
1735221442, 197, 38, 39, 0, 0, 0.17%, 8, 0, 8, 147.60
1735221452, 198, 12, 39, 0, 0, 0.17%, 8, 0, 8, 131.72
1735221457, 198, 15, 39, 0, 0, 0.17%, 8, 0, 8, 138.59
1735221463, 198, 22, 39, 0, 0, 0.17%, 8, 0, 8, 141.15
1735221468, 198, 28, 39, 0, 0, 0.17%, 8, 0, 8, 141.63
1735221473, 199, 0, 39, 0, 0, 0.17%, 8, 0, 8, 143.99
1735221478, 199, 12, 39, 0, 0, 0.17%, 8, 0, 8, 137.63
1735221483, 199, 15, 39, 0, 0, 0.17%, 8, 0, 8, 137.02
1735221488, 199, 22, 39, 0, 0, 0.17%, 8, 0, 8, 142.60
1735221493, 199, 28, 39, 0, 0, 0.17%, 8, 0, 8, 147.68
1735221504, 199, 33, 39, 0, 0, 0.17%, 8, 0, 8, 136.96
1735221509, 200, 11, 39, 0, 0, 0.17%, 8, 0, 8, 140.21
1735221514, 200, 12, 39, 0, 0, 0.17%, 8, 0, 8, 137.67
1735221519, 200, 15, 39, 0, 0, 0.17%, 8, 0, 8, 142.04
1735221524, 200, 17, 39, 0, 0, 0.17%, 8, 0, 8, 136.32
1735221529, 200, 22, 39, 0, 0, 0.17%, 8, 0, 8, 140.25
1735221534, 200, 33, 39, 0, 0, 0.17%, 8, 0, 8, 151.82
1735221539, 201, 12, 39, 0, 0, 0.17%, 8, 0, 8, 134.71
1735221545, 201, 15, 39, 0, 0, 0.17%, 8, 0, 8, 137.35
1735221550, 201, 22, 39, 0, 0, 0.17%, 8, 0, 8, 148.22
1735221555, 202, 12, 39, 0, 0, 0.17%, 8, 0, 8, 138.24
1735221560, 202, 15, 39, 0, 0, 0.17%, 8, 0, 8, 134.59
1735221565, 202, 22, 39, 0, 0, 0.17%, 8, 0, 8, 142.19
1735221570, 203, 12, 39, 0, 0, 0.17%, 8, 0, 8, 130.71
1735221575, 203, 15, 39, 0, 0, 0.17%, 8, 0, 8, 142.79
1735221581, 203, 22, 39, 0, 0, 0.17%, 8, 0, 8, 142.13
1735221586, 204, 10, 39, 0, 0, 0.17%, 8, 0, 8, 136.97
1735221591, 204, 15, 39, 0, 0, 0.17%, 8, 0, 8, 137.81
1735221601, 204, 22, 39, 0, 0, 0.17%, 8, 0, 8, 146.01
1735221606, 204, 36, 39, 0, 0, 0.17%, 8, 0, 8, 147.10
1735221611, 205, 12, 39, 0, 0, 0.17%, 8, 0, 8, 132.94
1735221616, 205, 15, 39, 0, 0, 0.17%, 8, 0, 8, 136.87
1735221621, 205, 22, 39, 0, 0, 0.17%, 8, 0, 8, 143.04
1735221627, 206, 12, 39, 0, 0, 0.17%, 8, 0, 8, 143.27
1735221632, 206, 15, 39, 0, 0, 0.17%, 8, 0, 8, 135.56
1735221637, 206, 19, 39, 0, 0, 0.17%, 8, 0, 8, 139.36
1735221642, 206, 22, 39, 0, 0, 0.17%, 8, 0, 8, 146.79
1735221647, 206, 30, 39, 0, 0, 0.17%, 8, 0, 8, 144.04
1735221658, 207, 0, 39, 0, 0, 0.17%, 8, 0, 8, 141.66
1735221663, 207, 12, 39, 0, 0, 0.17%, 8, 0, 8, 132.06
1735221668, 207, 15, 39, 0, 0, 0.17%, 8, 0, 8, 134.85
1735221673, 207, 19, 39, 0, 0, 0.17%, 8, 0, 8, 134.52
1735221678, 207, 22, 39, 0, 0, 0.17%, 8, 0, 8, 143.50
1735221683, 207, 38, 39, 0, 0, 0.17%, 8, 0, 8, 153.20
1735221694, 208, 12, 39, 0, 0, 0.17%, 8, 0, 8, 137.54
1735221699, 208, 15, 39, 0, 0, 0.17%, 8, 0, 8, 142.70
1735221704, 208, 22, 39, 0, 0, 0.17%, 8, 0, 8, 146.93
1735221709, 209, 0, 39, 0, 0, 0.17%, 8, 0, 8, 137.64
1735221714, 209, 12, 39, 0, 0, 0.17%, 8, 0, 8, 134.47
1735221720, 209, 15, 39, 0, 0, 0.17%, 8, 0, 8, 140.15
1735221725, 209, 22, 39, 0, 0, 0.17%, 8, 0, 8, 133.62
1735221730, 210, 12, 39, 0, 0, 0.17%, 8, 0, 8, 138.47
1735221735, 210, 14, 39, 0, 0, 0.17%, 8, 0, 8, 134.33
1735221740, 210, 15, 39, 0, 0, 0.17%, 8, 0, 8, 135.24
1735221745, 210, 22, 39, 0, 0, 0.17%, 8, 0, 8, 136.10
1735221750, 210, 30, 39, 0, 0, 0.17%, 8, 0, 8, 146.33
1735221760, 211, 12, 39, 0, 0, 0.17%, 8, 0, 8, 131.49
1735221765, 211, 13, 39, 0, 0, 0.17%, 8, 0, 8, 135.23
1735221770, 211, 15, 39, 0, 0, 0.17%, 8, 0, 8, 137.09
1735221775, 211, 22, 39, 0, 0, 0.17%, 8, 0, 8, 138.13
1735221780, 211, 23, 39, 0, 0, 0.17%, 8, 0, 8, 142.77
1735221785, 211, 31, 39, 0, 0, 0.17%, 8, 0, 8, 148.32
1735221790, 211, 38, 39, 0, 0, 0.17%, 8, 0, 8, 153.39
1735221801, 212, 12, 39, 0, 0, 0.17%, 8, 0, 8, 137.41
1735221806, 212, 15, 39, 0, 0, 0.17%, 8, 0, 8, 147.69
1735221811, 212, 22, 39, 0, 0, 0.17%, 8, 0, 8, 144.89
1735221816, 212, 30, 39, 0, 0, 0.17%, 8, 0, 8, 154.13
1735221826, 212, 38, 39, 0, 0, 0.17%, 8, 0, 8, 145.22
1735221836, 213, 8, 39, 0, 0, 0.17%, 8, 0, 8, 129.63
1735221842, 213, 12, 39, 0, 0, 0.17%, 8, 0, 8, 136.65
1735221847, 213, 22, 39, 0, 0, 0.17%, 8, 0, 8, 147.59
1735221852, 213, 23, 39, 0, 0, 0.17%, 8, 0, 8, 147.67
1735221857, 213, 37, 39, 0, 0, 0.17%, 8, 0, 8, 144.59
1735221872, 214, 12, 39, 0, 0, 0.17%, 8, 0, 8, 135.77
1735221877, 214, 15, 39, 0, 0, 0.17%, 8, 0, 8, 136.49
1735221882, 214, 22, 39, 0, 0, 0.17%, 8, 0, 8, 139.78
1735221887, 214, 23, 39, 0, 0, 0.17%, 8, 0, 8, 142.57
1735221893, 215, 12, 39, 0, 0, 0.17%, 8, 0, 8, 148.69
1735221898, 215, 15, 39, 0, 0, 0.17%, 8, 0, 8, 139.50
1735221903, 215, 22, 39, 0, 0, 0.17%, 8, 0, 8, 143.81
1735221908, 215, 24, 39, 0, 0, 0.17%, 8, 0, 8, 147.07
1735221913, 216, 12, 39, 0, 0, 0.17%, 8, 0, 8, 141.67
1735221918, 216, 15, 39, 0, 0, 0.17%, 8, 0, 8, 148.59
1735221923, 216, 22, 39, 0, 0, 0.17%, 8, 0, 8, 144.55
1735221928, 217, 12, 39, 0, 0, 0.17%, 8, 0, 8, 142.91
1735221933, 217, 15, 39, 0, 0, 0.17%, 8, 0, 8, 143.53
1735221939, 217, 21, 39, 0, 0, 0.17%, 8, 0, 8, 138.42
1735221949, 218, 12, 39, 0, 0, 0.17%, 8, 0, 8, 149.57
1735221954, 218, 15, 39, 0, 0, 0.17%, 8, 0, 8, 147.38
1735221959, 218, 22, 39, 0, 0, 0.17%, 8, 0, 8, 146.37
1735221964, 218, 35, 39, 0, 0, 0.17%, 8, 0, 8, 162.78
1735221975, 219, 12, 39, 0, 0, 0.17%, 8, 0, 8, 146.26
1735221980, 219, 15, 39, 0, 0, 0.17%, 8, 0, 8, 133.21
1735221985, 219, 19, 39, 0, 0, 0.17%, 8, 0, 8, 131.10
1735221990, 219, 22, 39, 0, 0, 0.17%, 8, 0, 8, 143.30
1735221995, 220, 12, 39, 0, 0, 0.17%, 8, 0, 8, 136.45
1735222000, 220, 15, 39, 0, 0, 0.17%, 8, 0, 8, 139.61
1735222005, 220, 17, 39, 0, 0, 0.17%, 8, 0, 8, 137.61
1735222011, 220, 22, 39, 0, 0, 0.17%, 8, 0, 8, 140.50
1735222016, 220, 23, 39, 0, 0, 0.17%, 8, 0, 8, 141.84
1735222021, 220, 33, 39, 0, 0, 0.17%, 8, 0, 8, 155.71
1735222026, 221, 7, 39, 0, 0, 0.17%, 8, 0, 8, 137.67
1735222031, 221, 12, 39, 0, 0, 0.17%, 8, 0, 8, 140.36
1735222036, 221, 15, 39, 0, 0, 0.17%, 8, 0, 8, 138.88
1735222041, 221, 22, 39, 0, 0, 0.17%, 8, 0, 8, 143.65
1735222046, 221, 25, 39, 0, 0, 0.17%, 8, 0, 8, 146.36
1735222051, 222, 15, 39, 0, 0, 0.17%, 8, 0, 8, 135.66
1735222062, 222, 22, 39, 0, 0, 0.17%, 8, 0, 8, 138.88
1735222067, 222, 25, 39, 0, 0, 0.17%, 8, 0, 8, 142.80
1735222072, 222, 26, 39, 0, 0, 0.17%, 8, 0, 8, 142.80
1735222077, 222, 28, 39, 0, 0, 0.17%, 8, 0, 8, 142.35
1735222087, 222, 36, 39, 0, 0, 0.17%, 8, 0, 8, 147.81
1735222092, 223, 12, 39, 0, 0, 0.17%, 8, 0, 8, 142.76
1735222098, 223, 15, 39, 0, 0, 0.17%, 8, 0, 8, 138.13
1735222103, 223, 22, 39, 0, 0, 0.17%, 8, 0, 8, 139.10
1735222108, 223, 32, 39, 0, 0, 0.17%, 8, 0, 8, 150.39
1735222113, 223, 36, 39, 0, 0, 0.17%, 8, 0, 8, 143.96
1735222118, 224, 12, 39, 0, 0, 0.17%, 8, 0, 8, 137.40
1735222123, 224, 15, 39, 0, 0, 0.17%, 8, 0, 8, 143.30
1735222128, 224, 22, 39, 0, 0, 0.17%, 8, 0, 8, 150.58
1735222133, 224, 36, 39, 0, 0, 0.17%, 8, 0, 8, 151.13
1735222139, 225, 12, 39, 0, 0, 0.17%, 8, 0, 8, 146.14
1735222144, 225, 15, 39, 0, 0, 0.17%, 8, 0, 8, 139.78
1735222149, 225, 22, 39, 0, 0, 0.17%, 8, 0, 8, 143.10
1735222154, 225, 35, 39, 0, 0, 0.17%, 8, 0, 8, 153.35
1735222159, 226, 9, 39, 0, 0, 0.17%, 8, 0, 8, 140.73
1735222164, 226, 12, 39, 0, 0, 0.17%, 8, 0, 8, 131.27
1735222170, 226, 15, 39, 0, 0, 0.17%, 8, 0, 8, 134.44
1735222175, 226, 22, 39, 0, 0, 0.17%, 8, 0, 8, 141.33
1735222180, 227, 12, 39, 0, 0, 0.17%, 8, 0, 8, 134.14
1735222185, 227, 15, 39, 0, 0, 0.17%, 8, 0, 8, 139.11
1735222190, 227, 22, 39, 0, 0, 0.17%, 8, 0, 8, 136.63
1735222195, 228, 6, 39, 0, 0, 0.17%, 8, 0, 8, 131.40
1735222200, 228, 12, 39, 0, 0, 0.17%, 8, 0, 8, 135.56
1735222205, 228, 13, 39, 0, 0, 0.17%, 8, 0, 8, 140.56
1735222211, 228, 15, 39, 0, 0, 0.17%, 8, 0, 8, 143.67
1735222216, 228, 22, 39, 0, 0, 0.17%, 8, 0, 8, 137.92
1735222221, 229, 7, 39, 0, 0, 0.17%, 8, 0, 8, 137.40
1735222226, 229, 12, 39, 0, 0, 0.17%, 8, 0, 8, 137.11
1735222231, 229, 15, 39, 0, 0, 0.17%, 8, 0, 8, 143.35
1735222236, 229, 22, 39, 0, 0, 0.17%, 8, 0, 8, 135.06
1735222241, 229, 35, 39, 0, 0, 0.17%, 8, 0, 8, 152.31
1735222246, 230, 10, 39, 0, 0, 0.17%, 8, 0, 8, 141.98
1735222251, 230, 12, 39, 0, 0, 0.17%, 8, 0, 8, 139.64
1735222256, 230, 15, 39, 0, 0, 0.17%, 8, 0, 8, 137.01
1735222262, 230, 22, 39, 0, 0, 0.17%, 8, 0, 8, 141.94
1735222267, 231, 12, 39, 0, 0, 0.17%, 8, 0, 8, 141.78
1735222272, 231, 22, 39, 0, 0, 0.17%, 8, 0, 8, 139.44
1735222277, 231, 23, 39, 0, 0, 0.17%, 8, 0, 8, 148.41
1735222282, 232, 12, 39, 0, 0, 0.17%, 8, 0, 8, 138.38
1735222287, 232, 15, 39, 0, 0, 0.17%, 8, 0, 8, 142.13
1735222292, 232, 22, 39, 0, 0, 0.17%, 8, 0, 8, 140.09
1735222297, 233, 10, 39, 0, 0, 0.17%, 8, 0, 8, 139.86
1735222303, 233, 12, 39, 0, 0, 0.17%, 8, 0, 8, 137.85
1735222308, 233, 15, 39, 0, 0, 0.17%, 8, 0, 8, 136.29
1735222313, 233, 22, 39, 0, 0, 0.17%, 8, 0, 8, 135.95
1735222318, 233, 32, 39, 0, 0, 0.17%, 8, 0, 8, 146.39
1735222323, 234, 12, 39, 0, 0, 0.17%, 8, 0, 8, 144.32
1735222329, 234, 15, 39, 0, 0, 0.17%, 8, 0, 8, 140.56
1735222334, 234, 22, 39, 0, 0, 0.17%, 8, 0, 8, 141.45
1735222339, 235, 15, 39, 0, 0, 0.17%, 8, 0, 8, 143.31
1735222344, 235, 22, 39, 0, 0, 0.17%, 8, 0, 8, 142.27
1735222349, 235, 34, 39, 0, 0, 0.17%, 8, 0, 8, 151.12
1735222355, 236, 12, 39, 0, 0, 0.17%, 8, 0, 8, 132.49
1735222360, 236, 15, 39, 0, 0, 0.17%, 8, 0, 8, 135.49
1735222365, 236, 19, 39, 0, 0, 0.17%, 8, 0, 8, 135.32
1735222370, 236, 22, 39, 0, 0, 0.17%, 8, 0, 8, 139.49
1735222375, 236, 28, 39, 0, 0, 0.17%, 8, 0, 8, 144.86
1735222385, 237, 12, 39, 0, 0, 0.17%, 8, 0, 8, 138.42
1735222391, 237, 15, 39, 0, 0, 0.17%, 8, 0, 8, 137.76
1735222396, 237, 22, 39, 0, 0, 0.17%, 8, 0, 8, 148.42
1735222401, 238, 11, 39, 0, 0, 0.17%, 8, 0, 8, 138.08
1735222406, 238, 12, 39, 0, 0, 0.17%, 8, 0, 8, 134.47
1735222411, 238, 15, 39, 0, 0, 0.17%, 8, 0, 8, 138.87
1735222416, 238, 22, 39, 0, 0, 0.17%, 8, 0, 8, 146.53
1735222421, 238, 27, 39, 0, 0, 0.17%, 8, 0, 8, 146.90
1735222427, 239, 7, 39, 0, 0, 0.17%, 8, 0, 8, 146.27
1735222432, 239, 12, 39, 0, 0, 0.17%, 8, 0, 8, 136.90
1735222437, 239, 15, 39, 0, 0, 0.17%, 8, 0, 8, 147.53
1735222442, 239, 22, 39, 0, 0, 0.17%, 8, 0, 8, 145.16
1735222447, 239, 30, 39, 0, 0, 0.17%, 8, 0, 8, 143.52
1735222458, 240, 12, 39, 0, 0, 0.17%, 8, 0, 8, 135.57
1735222463, 240, 15, 39, 0, 0, 0.17%, 8, 0, 8, 131.43
1735222468, 240, 21, 39, 0, 0, 0.17%, 8, 0, 8, 131.03
1735222473, 240, 22, 39, 0, 0, 0.17%, 8, 0, 8, 139.27
1735222478, 240, 26, 39, 0, 0, 0.17%, 8, 0, 8, 144.31
1735222483, 240, 38, 39, 0, 0, 0.17%, 8, 0, 8, 151.54
1735222493, 241, 12, 39, 0, 0, 0.17%, 8, 0, 8, 139.69
1735222498, 241, 15, 39, 0, 0, 0.17%, 8, 0, 8, 138.74
1735222504, 241, 22, 39, 0, 0, 0.17%, 8, 0, 8, 136.87
1735222509, 242, 1, 39, 0, 0, 0.17%, 8, 0, 8, 135.23
1735222514, 242, 12, 39, 0, 0, 0.17%, 8, 0, 8, 136.48
1735222519, 242, 15, 39, 0, 0, 0.17%, 8, 0, 8, 141.08
1735222524, 242, 17, 39, 0, 0, 0.17%, 8, 0, 8, 141.50
1735222529, 242, 22, 39, 0, 0, 0.17%, 8, 0, 8, 138.97
1735222535, 242, 28, 39, 0, 0, 0.17%, 8, 0, 8, 143.34
1735222545, 243, 12, 39, 0, 0, 0.17%, 8, 0, 8, 128.96
1735222550, 243, 15, 39, 0, 0, 0.17%, 8, 0, 8, 136.21
1735222555, 243, 22, 39, 0, 0, 0.17%, 8, 0, 8, 146.33
1735222560, 244, 12, 39, 0, 0, 0.17%, 8, 0, 8, 135.16
1735222565, 244, 15, 39, 0, 0, 0.17%, 8, 0, 8, 144.51
1735222571, 244, 22, 39, 0, 0, 0.17%, 8, 0, 8, 147.10
1735222576, 245, 12, 39, 0, 0, 0.17%, 8, 0, 8, 139.24
1735222581, 245, 15, 39, 0, 0, 0.17%, 8, 0, 8, 151.65
1735222586, 245, 22, 39, 0, 0, 0.17%, 8, 0, 8, 148.02
1735222591, 246, 12, 39, 0, 0, 0.17%, 8, 0, 8, 142.01
1735222596, 246, 15, 39, 0, 0, 0.17%, 8, 0, 8, 142.37
1735222602, 246, 22, 39, 0, 0, 0.17%, 8, 0, 8, 137.57
1735222607, 247, 9, 39, 0, 0, 0.17%, 8, 0, 8, 137.17
1735222612, 247, 12, 39, 0, 0, 0.17%, 8, 0, 8, 137.14
1735222617, 247, 15, 39, 0, 0, 0.17%, 8, 0, 8, 136.20
1735222622, 247, 22, 39, 0, 0, 0.17%, 8, 0, 8, 140.56
1735222627, 248, 12, 39, 0, 0, 0.17%, 8, 0, 8, 133.76
1735222632, 248, 15, 39, 0, 0, 0.17%, 8, 0, 8, 135.78
1735222637, 248, 22, 39, 0, 0, 0.17%, 8, 0, 8, 142.16
1735222643, 248, 32, 39, 0, 0, 0.17%, 8, 0, 8, 149.68
1735222648, 249, 12, 39, 0, 0, 0.17%, 8, 0, 8, 134.96
1735222653, 249, 15, 39, 0, 0, 0.17%, 8, 0, 8, 140.87
1735222658, 249, 22, 39, 0, 0, 0.17%, 8, 0, 8, 140.43
1735222663, 249, 30, 39, 0, 0, 0.17%, 8, 0, 8, 140.98
1735222673, 250, 12, 39, 0, 0, 0.17%, 8, 0, 8, 129.66
1735222679, 250, 15, 39, 0, 0, 0.17%, 8, 0, 8, 140.07
1735222684, 250, 22, 39, 0, 0, 0.17%, 8, 0, 8, 144.93
1735222689, 250, 30, 39, 0, 0, 0.17%, 8, 0, 8, 139.10
1735222699, 250, 35, 39, 0, 0, 0.17%, 8, 0, 8, 165.55
1735222709, 251, 12, 39, 0, 0, 0.17%, 8, 0, 8, 138.33
1735222714, 251, 15, 39, 0, 0, 0.17%, 8, 0, 8, 148.99
1735222719, 251, 22, 39, 0, 0, 0.17%, 8, 0, 8, 150.07
1735222725, 252, 12, 39, 0, 0, 0.17%, 8, 0, 8, 131.91
1735222730, 252, 15, 39, 0, 0, 0.17%, 8, 0, 8, 140.66
1735222735, 252, 22, 39, 0, 0, 0.17%, 8, 0, 8, 145.62
1735222740, 252, 34, 39, 0, 0, 0.17%, 8, 0, 8, 142.77
1735222745, 253, 12, 39, 0, 0, 0.17%, 8, 0, 8, 137.01
1735222750, 253, 15, 39, 0, 0, 0.17%, 8, 0, 8, 139.85
1735222755, 253, 16, 39, 0, 0, 0.17%, 8, 0, 8, 132.38
1735222761, 253, 21, 39, 0, 0, 0.17%, 8, 0, 8, 139.98
1735222766, 253, 22, 39, 0, 0, 0.17%, 8, 0, 8, 140.74
1735222771, 254, 12, 39, 0, 0, 0.17%, 8, 0, 8, 139.67
1735222776, 254, 15, 39, 0, 0, 0.17%, 8, 0, 8, 134.71
1735222781, 254, 22, 39, 0, 0, 0.17%, 8, 0, 8, 148.59
1735222786, 255, 12, 39, 0, 0, 0.17%, 8, 0, 8, 132.90
1735222791, 255, 15, 39, 0, 0, 0.17%, 8, 0, 8, 142.08
1735222796, 255, 22, 39, 0, 0, 0.17%, 8, 0, 8, 141.64
1735222802, 256, 11, 39, 0, 0, 0.17%, 8, 0, 8, 132.73
1735222807, 256, 12, 39, 0, 0, 0.17%, 8, 0, 8, 131.37
1735222812, 256, 15, 39, 0, 0, 0.17%, 8, 0, 8, 144.21
1735222817, 256, 22, 39, 0, 0, 0.17%, 8, 0, 8, 143.41
1735222822, 256, 27, 39, 0, 0, 0.17%, 8, 0, 8, 151.31
1735222827, 257, 12, 39, 0, 0, 0.17%, 8, 0, 8, 139.86
1735222832, 257, 15, 39, 0, 0, 0.17%, 8, 0, 8, 134.52
1735222837, 257, 19, 39, 0, 0, 0.17%, 8, 0, 8, 138.96
1735222842, 257, 22, 39, 0, 0, 0.17%, 8, 0, 8, 144.55
1735222848, 258, 12, 39, 0, 0, 0.17%, 8, 0, 8, 136.30
1735222853, 258, 15, 39, 0, 0, 0.17%, 8, 0, 8, 138.27
1735222858, 258, 22, 39, 0, 0, 0.17%, 8, 0, 8, 137.21
1735222863, 259, 12, 39, 0, 0, 0.17%, 8, 0, 8, 134.76
1735222868, 259, 15, 39, 0, 0, 0.17%, 8, 0, 8, 138.30
1735222873, 259, 22, 39, 0, 0, 0.17%, 8, 0, 8, 134.39
1735222878, 260, 12, 39, 0, 0, 0.17%, 8, 0, 8, 132.11
1735222883, 260, 15, 39, 0, 0, 0.17%, 8, 0, 8, 136.51
1735222889, 260, 22, 39, 0, 0, 0.17%, 8, 0, 8, 135.22
1735222894, 261, 5, 39, 0, 0, 0.17%, 8, 0, 8, 141.24
1735222899, 261, 12, 39, 0, 0, 0.17%, 8, 0, 8, 129.37
1735222904, 261, 15, 39, 0, 0, 0.17%, 8, 0, 8, 141.90
1735222909, 261, 22, 39, 0, 0, 0.17%, 8, 0, 8, 140.88
1735222914, 261, 24, 39, 0, 0, 0.17%, 8, 0, 8, 144.19
1735222920, 261, 35, 39, 0, 0, 0.17%, 8, 0, 8, 165.51
1735222930, 262, 12, 39, 0, 0, 0.17%, 8, 0, 8, 139.34
1735222935, 262, 15, 39, 0, 0, 0.17%, 8, 0, 8, 141.48
1735222940, 262, 22, 39, 0, 0, 0.17%, 8, 0, 8, 138.75
1735222945, 262, 32, 39, 0, 0, 0.17%, 8, 0, 8, 138.86
1735222951, 263, 12, 39, 0, 0, 0.17%, 8, 0, 8, 133.44
1735222956, 263, 15, 39, 0, 0, 0.17%, 8, 0, 8, 133.37
1735222961, 263, 22, 39, 0, 0, 0.17%, 8, 0, 8, 139.49
1735222966, 263, 25, 39, 0, 0, 0.17%, 8, 0, 8, 143.49
1735222971, 264, 12, 39, 0, 0, 0.17%, 8, 0, 8, 140.37
1735222976, 264, 13, 39, 0, 0, 0.17%, 8, 0, 8, 141.20
1735222981, 264, 15, 39, 0, 0, 0.17%, 8, 0, 8, 135.34
1735222986, 264, 17, 39, 0, 0, 0.17%, 8, 0, 8, 140.37
1735222991, 264, 22, 39, 0, 0, 0.17%, 8, 0, 8, 141.71
1735222996, 264, 31, 39, 0, 0, 0.17%, 8, 0, 8, 157.78
1735223001, 264, 32, 39, 0, 0, 0.17%, 8, 0, 8, 143.96
1735223006, 265, 12, 39, 0, 0, 0.17%, 8, 0, 8, 140.81
1735223012, 265, 13, 39, 0, 0, 0.17%, 8, 0, 8, 140.10
1735223017, 265, 14, 39, 0, 0, 0.17%, 8, 0, 8, 137.41
1735223022, 265, 15, 39, 0, 0, 0.17%, 8, 0, 8, 136.80
1735223027, 265, 17, 39, 0, 0, 0.17%, 8, 0, 8, 143.49
1735223032, 265, 22, 39, 0, 0, 0.17%, 8, 0, 8, 141.89
1735223037, 265, 34, 39, 0, 0, 0.17%, 8, 0, 8, 141.26
1735223042, 266, 12, 39, 0, 0, 0.17%, 8, 0, 8, 137.08
1735223048, 266, 15, 39, 0, 0, 0.17%, 8, 0, 8, 140.42
1735223053, 266, 22, 39, 0, 0, 0.17%, 8, 0, 8, 146.65
1735223058, 266, 30, 39, 0, 0, 0.17%, 8, 0, 8, 148.24
1735223068, 267, 12, 39, 0, 0, 0.17%, 8, 0, 8, 120.72
1735223073, 267, 15, 39, 0, 0, 0.17%, 8, 0, 8, 135.08
1735223078, 267, 17, 39, 0, 0, 0.17%, 8, 0, 8, 141.49
1735223083, 267, 22, 39, 0, 0, 0.17%, 8, 0, 8, 142.47
1735223089, 268, 12, 39, 0, 0, 0.17%, 8, 0, 8, 133.20
1735223094, 268, 15, 39, 0, 0, 0.17%, 8, 0, 8, 141.92
1735223099, 268, 22, 39, 0, 0, 0.17%, 8, 0, 8, 134.48
1735223104, 269, 4, 39, 0, 0, 0.17%, 8, 0, 8, 140.37
1735223109, 269, 12, 39, 0, 0, 0.17%, 8, 0, 8, 134.79
1735223114, 269, 15, 39, 0, 0, 0.17%, 8, 0, 8, 140.29
1735223119, 269, 22, 39, 0, 0, 0.17%, 8, 0, 8, 136.31
1735223125, 269, 25, 39, 0, 0, 0.17%, 8, 0, 8, 135.48
1735223130, 269, 29, 39, 0, 0, 0.17%, 8, 0, 8, 146.96
1735223135, 270, 3, 39, 0, 0, 0.17%, 8, 0, 8, 134.49
1735223140, 270, 12, 39, 0, 0, 0.17%, 8, 0, 8, 133.91
1735223145, 270, 15, 39, 0, 0, 0.17%, 8, 0, 8, 141.60
1735223150, 270, 18, 39, 0, 0, 0.17%, 8, 0, 8, 139.93
1735223155, 270, 22, 39, 0, 0, 0.17%, 8, 0, 8, 146.36
1735223160, 270, 23, 39, 0, 0, 0.17%, 8, 0, 8, 149.64
1735223166, 271, 12, 39, 0, 0, 0.17%, 8, 0, 8, 134.81
1735223171, 271, 15, 39, 0, 0, 0.17%, 8, 0, 8, 141.68
1735223176, 271, 18, 39, 0, 0, 0.17%, 8, 0, 8, 144.49
1735223181, 271, 22, 39, 0, 0, 0.17%, 8, 0, 8, 149.33
1735223186, 271, 26, 39, 0, 0, 0.17%, 8, 0, 8, 146.32
1735223191, 272, 12, 39, 0, 0, 0.17%, 8, 0, 8, 137.17
1735223196, 272, 15, 39, 0, 0, 0.17%, 8, 0, 8, 139.12
1735223201, 272, 22, 39, 0, 0, 0.17%, 8, 0, 8, 146.15
1735223207, 272, 24, 39, 0, 0, 0.17%, 8, 0, 8, 142.54
1735223212, 273, 12, 39, 0, 0, 0.17%, 8, 0, 8, 137.27
1735223217, 273, 15, 39, 0, 0, 0.17%, 8, 0, 8, 136.30
1735223227, 273, 22, 39, 0, 0, 0.17%, 8, 0, 8, 138.15
1735223232, 273, 35, 39, 0, 0, 0.17%, 8, 0, 8, 136.67
1735223242, 273, 37, 39, 0, 0, 0.17%, 8, 0, 8, 174.59
1735223253, 274, 12, 39, 0, 0, 0.17%, 8, 0, 8, 137.09
1735223258, 274, 15, 39, 0, 0, 0.17%, 8, 0, 8, 143.42
1735223263, 274, 20, 39, 0, 0, 0.17%, 8, 0, 8, 145.41
1735223268, 274, 22, 39, 0, 0, 0.17%, 8, 0, 8, 137.57
1735223273, 274, 37, 39, 0, 0, 0.17%, 8, 0, 8, 175.72
1735223283, 275, 12, 39, 0, 0, 0.17%, 8, 0, 8, 142.74
1735223289, 275, 15, 39, 0, 0, 0.17%, 8, 0, 8, 139.49
1735223294, 275, 22, 39, 0, 0, 0.17%, 8, 0, 8, 148.22
1735223299, 276, 12, 39, 0, 0, 0.17%, 8, 0, 8, 137.15
1735223304, 276, 15, 39, 0, 0, 0.17%, 8, 0, 8, 140.87
1735223309, 276, 22, 39, 0, 0, 0.17%, 8, 0, 8, 139.07
1735223314, 277, 12, 39, 0, 0, 0.17%, 8, 0, 8, 135.84
1735223320, 277, 15, 39, 0, 0, 0.17%, 8, 0, 8, 141.18
1735223325, 277, 22, 39, 0, 0, 0.17%, 8, 0, 8, 131.58
1735223330, 278, 12, 39, 0, 0, 0.17%, 8, 0, 8, 137.97
1735223335, 278, 15, 39, 0, 0, 0.17%, 8, 0, 8, 145.72
1735223340, 278, 22, 39, 0, 0, 0.17%, 8, 0, 8, 145.60
1735223345, 278, 25, 39, 0, 0, 0.17%, 8, 0, 8, 144.63
1735223350, 279, 12, 39, 0, 0, 0.17%, 8, 0, 8, 146.23
1735223356, 279, 15, 39, 0, 0, 0.17%, 8, 0, 8, 137.11
1735223361, 279, 20, 39, 0, 0, 0.17%, 8, 0, 8, 145.06
1735223366, 279, 22, 39, 0, 0, 0.17%, 8, 0, 8, 143.21
1735223371, 280, 12, 39, 0, 0, 0.17%, 8, 0, 8, 135.34
1735223376, 280, 15, 39, 0, 0, 0.17%, 8, 0, 8, 138.26
1735223381, 280, 22, 39, 0, 0, 0.17%, 8, 0, 8, 139.14
1735223387, 281, 10, 39, 0, 0, 0.17%, 8, 0, 8, 132.95
1735223392, 281, 12, 39, 0, 0, 0.17%, 8, 0, 8, 129.14
1735223397, 281, 15, 39, 0, 0, 0.17%, 8, 0, 8, 144.81
1735223402, 281, 22, 39, 0, 0, 0.17%, 8, 0, 8, 145.34
1735223407, 281, 35, 39, 0, 0, 0.17%, 8, 0, 8, 160.91
1735223412, 282, 12, 39, 0, 0, 0.17%, 8, 0, 8, 139.62
1735223417, 282, 15, 39, 0, 0, 0.17%, 8, 0, 8, 141.93
1735223422, 282, 22, 39, 0, 0, 0.17%, 8, 0, 8, 136.56
1735223427, 282, 32, 39, 0, 0, 0.17%, 8, 0, 8, 152.44
1735223432, 283, 0, 39, 0, 0, 0.17%, 8, 0, 8, 138.25
1735223438, 283, 12, 39, 0, 0, 0.17%, 8, 0, 8, 140.82
1735223443, 283, 15, 39, 0, 0, 0.17%, 8, 0, 8, 142.22
1735223448, 283, 22, 39, 0, 0, 0.17%, 8, 0, 8, 148.80
1735223453, 284, 12, 39, 0, 0, 0.17%, 8, 0, 8, 132.26
1735223458, 284, 15, 39, 0, 0, 0.17%, 8, 0, 8, 138.82
1735223463, 284, 22, 39, 0, 0, 0.17%, 8, 0, 8, 144.45
1735223469, 284, 29, 39, 0, 0, 0.17%, 8, 0, 8, 144.10
1735223474, 284, 34, 39, 0, 0, 0.17%, 8, 0, 8, 143.11
1735223479, 285, 8, 39, 0, 0, 0.17%, 8, 0, 8, 137.16
1735223484, 285, 12, 39, 0, 0, 0.17%, 8, 0, 8, 126.12
1735223489, 285, 15, 39, 0, 0, 0.17%, 8, 0, 8, 139.51
1735223494, 285, 22, 39, 0, 0, 0.17%, 8, 0, 8, 141.53
1735223499, 285, 23, 39, 0, 0, 0.17%, 8, 0, 8, 147.45
1735223504, 286, 12, 39, 0, 0, 0.17%, 8, 0, 8, 130.22
1735223510, 286, 15, 39, 0, 0, 0.17%, 8, 0, 8, 136.60
1735223515, 286, 22, 39, 0, 0, 0.17%, 8, 0, 8, 147.58
1735223520, 287, 12, 39, 0, 0, 0.17%, 8, 0, 8, 140.87
1735223525, 287, 15, 39, 0, 0, 0.17%, 8, 0, 8, 147.25
1735223530, 287, 21, 39, 0, 0, 0.17%, 8, 0, 8, 138.98
1735223536, 287, 22, 39, 0, 0, 0.17%, 8, 0, 8, 140.04
1735223541, 287, 27, 39, 0, 0, 0.17%, 8, 0, 8, 148.50
1735223546, 287, 28, 39, 0, 0, 0.17%, 8, 0, 8, 149.45
1735223551, 288, 4, 39, 0, 0, 0.17%, 8, 0, 8, 140.17
1735223556, 288, 12, 39, 0, 0, 0.17%, 8, 0, 8, 133.18
1735223561, 288, 15, 39, 0, 0, 0.17%, 8, 0, 8, 141.25
1735223566, 288, 20, 39, 0, 0, 0.17%, 8, 0, 8, 141.89
1735223571, 288, 22, 39, 0, 0, 0.17%, 8, 0, 8, 139.05
1735223576, 289, 12, 39, 0, 0, 0.17%, 8, 0, 8, 129.41
1735223581, 289, 15, 39, 0, 0, 0.17%, 8, 0, 8, 139.88
1735223586, 289, 22, 39, 0, 0, 0.17%, 8, 0, 8, 142.54
1735223592, 289, 32, 39, 0, 0, 0.17%, 8, 0, 8, 148.67
1735223597, 290, 8, 39, 0, 0, 0.17%, 8, 0, 8, 145.76
1735223602, 290, 15, 39, 0, 0, 0.17%, 8, 0, 8, 141.93
1735223607, 290, 22, 39, 0, 0, 0.17%, 8, 0, 8, 134.48
1735223612, 291, 12, 39, 0, 0, 0.17%, 8, 0, 8, 142.46
1735223617, 291, 15, 39, 0, 0, 0.17%, 8, 0, 8, 135.80
1735223622, 291, 22, 39, 0, 0, 0.17%, 8, 0, 8, 145.50
1735223628, 291, 31, 39, 0, 0, 0.17%, 8, 0, 8, 158.30
1735223633, 292, 1, 39, 0, 0, 0.17%, 8, 0, 8, 141.52
1735223638, 292, 12, 39, 0, 0, 0.17%, 8, 0, 8, 137.94
1735223643, 292, 15, 39, 0, 0, 0.17%, 8, 0, 8, 132.79
1735223648, 292, 22, 39, 0, 0, 0.17%, 8, 0, 8, 144.42
1735223653, 292, 38, 39, 0, 0, 0.17%, 8, 0, 8, 144.38
1735223668, 293, 12, 39, 0, 0, 0.17%, 8, 0, 8, 140.96
1735223674, 293, 15, 39, 0, 0, 0.17%, 8, 0, 8, 137.14
1735223679, 293, 22, 39, 0, 0, 0.17%, 8, 0, 8, 147.74
