# unix_time, cycles_done, cur_path, paths_total, pending_total, pending_favs, map_size, unique_crashes, unique_hangs, max_depth, execs_per_sec
1734505785, 0, 0, 10, 10, 1, 0.01%, 0, 0, 1, 82.30
1734505790, 0, 2, 10, 10, 1, 0.01%, 0, 0, 1, 103.03
1734505795, 0, 3, 10, 9, 0, 0.01%, 0, 0, 1, 103.06
1734505805, 0, 4, 10, 8, 0, 0.01%, 0, 0, 1, 102.20
1734505815, 0, 5, 10, 7, 0, 0.01%, 0, 0, 1, 102.38
1734505825, 0, 6, 10, 6, 0, 0.01%, 0, 0, 1, 101.45
1734505835, 0, 7, 10, 5, 0, 0.01%, 0, 0, 1, 99.21
1734505845, 0, 8, 10, 4, 0, 0.01%, 0, 0, 1, 98.95
1734505856, 0, 9, 10, 3, 0, 0.01%, 0, 0, 1, 97.03
1734505866, 1, 0, 10, 2, 0, 0.01%, 0, 0, 1, 95.62
1734505881, 1, 1, 10, 1, 0, 0.01%, 0, 0, 1, 98.61
1734505891, 1, 2, 10, 0, 0, 0.01%, 0, 0, 1, 101.86
1734505896, 1, 4, 10, 0, 0, 0.01%, 0, 0, 1, 103.59
1734505901, 1, 5, 10, 0, 0, 0.01%, 0, 0, 1, 102.20
1734505906, 1, 6, 10, 0, 0, 0.01%, 0, 0, 1, 101.85
1734505911, 1, 8, 10, 0, 0, 0.01%, 0, 0, 1, 101.29
1734505916, 1, 9, 10, 0, 0, 0.01%, 0, 0, 1, 102.76
1734505921, 2, 1, 10, 0, 0, 0.01%, 0, 0, 1, 105.36
1734505926, 2, 2, 10, 0, 0, 0.01%, 0, 0, 1, 104.13
1734505932, 2, 3, 10, 0, 0, 0.01%, 0, 0, 1, 100.76
1734505937, 2, 5, 10, 0, 0, 0.01%, 0, 0, 1, 99.65
1734505942, 2, 6, 10, 0, 0, 0.01%, 0, 0, 1, 102.72
1734505947, 2, 8, 10, 0, 0, 0.01%, 0, 0, 1, 104.97
1734505952, 2, 9, 10, 0, 0, 0.01%, 0, 0, 1, 103.85
1734505957, 3, 1, 10, 0, 0, 0.01%, 0, 0, 1, 102.33
1734505962, 3, 2, 10, 0, 0, 0.01%, 0, 0, 1, 102.40
1734505967, 3, 3, 10, 0, 0, 0.01%, 0, 0, 1, 103.26
1734505972, 3, 5, 10, 0, 0, 0.01%, 0, 0, 1, 99.70
1734505977, 3, 6, 10, 0, 0, 0.01%, 0, 0, 1, 102.06
1734505982, 3, 8, 10, 0, 0, 0.01%, 0, 0, 1, 104.23
1734505987, 3, 9, 10, 0, 0, 0.01%, 0, 0, 1, 102.41
1734505993, 4, 0, 10, 0, 0, 0.01%, 0, 0, 1, 101.50
1734505998, 4, 2, 10, 0, 0, 0.01%, 0, 0, 1, 102.66
1734506003, 4, 3, 10, 0, 0, 0.01%, 0, 0, 1, 103.65
1734506008, 4, 5, 10, 0, 0, 0.01%, 0, 0, 1, 100.16
1734506013, 4, 6, 10, 0, 0, 0.01%, 0, 0, 1, 103.05
1734506018, 4, 7, 10, 0, 0, 0.01%, 0, 0, 1, 103.32
1734506023, 4, 9, 10, 0, 0, 0.01%, 0, 0, 1, 101.85
1734506028, 5, 0, 10, 0, 0, 0.01%, 0, 0, 1, 101.64
1734506033, 5, 2, 10, 0, 0, 0.01%, 0, 0, 1, 98.85
1734506038, 5, 3, 10, 0, 0, 0.01%, 0, 0, 1, 100.88
1734506044, 5, 5, 10, 0, 0, 0.01%, 0, 0, 1, 103.75
1734506049, 5, 6, 10, 0, 0, 0.01%, 0, 0, 1, 102.72
1734506054, 5, 7, 10, 0, 0, 0.01%, 0, 0, 1, 101.30
1734506059, 5, 9, 10, 0, 0, 0.01%, 0, 0, 1, 100.73
1734506064, 6, 0, 10, 0, 0, 0.01%, 0, 0, 1, 101.70
1734506069, 6, 2, 10, 0, 0, 0.01%, 0, 0, 1, 99.61
1734506074, 6, 3, 10, 0, 0, 0.01%, 0, 0, 1, 101.80
1734506079, 6, 4, 10, 0, 0, 0.01%, 0, 0, 1, 103.65
1734506085, 6, 6, 10, 0, 0, 0.01%, 0, 0, 1, 101.92
1734506090, 6, 7, 10, 0, 0, 0.01%, 0, 0, 1, 103.39
1734506095, 6, 9, 10, 0, 0, 0.01%, 0, 0, 1, 102.25
1734506100, 7, 0, 10, 0, 0, 0.01%, 0, 0, 1, 102.70
1734506105, 7, 1, 10, 0, 0, 0.01%, 0, 0, 1, 102.70
1734506110, 7, 3, 10, 0, 0, 0.01%, 0, 0, 1, 100.95
1734506115, 7, 4, 10, 0, 0, 0.01%, 0, 0, 1, 102.15
1734506120, 7, 6, 10, 0, 0, 0.01%, 0, 0, 1, 100.84
1734506125, 7, 7, 10, 0, 0, 0.01%, 0, 0, 1, 99.48
1734506130, 7, 8, 10, 0, 0, 0.01%, 0, 0, 1, 101.34
1734506135, 8, 0, 10, 0, 0, 0.01%, 0, 0, 1, 103.54
1734506141, 8, 1, 10, 0, 0, 0.01%, 0, 0, 1, 105.66
1734506146, 8, 3, 10, 0, 0, 0.01%, 0, 0, 1, 102.21
1734506151, 8, 4, 10, 0, 0, 0.01%, 0, 0, 1, 101.64
1734506156, 8, 6, 10, 0, 0, 0.01%, 0, 0, 1, 103.28
1734506161, 8, 7, 10, 0, 0, 0.01%, 0, 0, 1, 100.19
1734506166, 8, 8, 10, 0, 0, 0.01%, 0, 0, 1, 102.00
1734506171, 9, 0, 10, 0, 0, 0.01%, 0, 0, 1, 101.12
1734506177, 9, 1, 10, 0, 0, 0.01%, 0, 0, 1, 104.56
1734506182, 9, 3, 10, 0, 0, 0.01%, 0, 0, 1, 104.23
1734506187, 9, 4, 10, 0, 0, 0.01%, 0, 0, 1, 104.64
1734506192, 9, 6, 10, 0, 0, 0.01%, 0, 0, 1, 103.22
1734506197, 9, 7, 10, 0, 0, 0.01%, 0, 0, 1, 105.33
1734506202, 9, 8, 10, 0, 0, 0.01%, 0, 0, 1, 101.72
1734506207, 10, 0, 10, 0, 0, 0.01%, 0, 0, 1, 100.84
1734506212, 10, 1, 10, 0, 0, 0.01%, 0, 0, 1, 102.73
1734506217, 10, 3, 10, 0, 0, 0.01%, 0, 0, 1, 103.14
1734506222, 10, 4, 10, 0, 0, 0.01%, 0, 0, 1, 101.22
1734506227, 10, 5, 10, 0, 0, 0.01%, 0, 0, 1, 102.42
1734506232, 10, 7, 10, 0, 0, 0.01%, 0, 0, 1, 103.40
1734506237, 10, 8, 10, 0, 0, 0.01%, 0, 0, 1, 101.90
1734506242, 11, 0, 10, 0, 0, 0.01%, 0, 0, 1, 101.77
1734506247, 11, 1, 10, 0, 0, 0.01%, 0, 0, 1, 101.97
1734506252, 11, 2, 10, 0, 0, 0.01%, 0, 0, 1, 101.69
1734506257, 11, 4, 10, 0, 0, 0.01%, 0, 0, 1, 104.06
1734506262, 11, 5, 10, 0, 0, 0.01%, 0, 0, 1, 100.23
1734506267, 11, 7, 10, 0, 0, 0.01%, 0, 0, 1, 100.80
1734506272, 11, 8, 10, 0, 0, 0.01%, 0, 0, 1, 102.65
1734506277, 11, 9, 10, 0, 0, 0.01%, 0, 0, 1, 101.42
1734506282, 12, 1, 10, 0, 0, 0.01%, 0, 0, 1, 102.62
1734506287, 12, 2, 10, 0, 0, 0.01%, 0, 0, 1, 101.38
1734506292, 12, 4, 10, 0, 0, 0.01%, 0, 0, 1, 102.27
1734506297, 12, 5, 10, 0, 0, 0.01%, 0, 0, 1, 99.62
1734506302, 12, 6, 10, 0, 0, 0.01%, 0, 0, 1, 100.64
1734506308, 12, 8, 10, 0, 0, 0.01%, 0, 0, 1, 103.01
1734506313, 12, 9, 10, 0, 0, 0.01%, 0, 0, 1, 103.94
1734506318, 13, 1, 10, 0, 0, 0.01%, 0, 0, 1, 103.90
1734506323, 13, 2, 10, 0, 0, 0.01%, 0, 0, 1, 103.14
1734506328, 13, 3, 10, 0, 0, 0.01%, 0, 0, 1, 102.51
1734506333, 13, 5, 10, 0, 0, 0.01%, 0, 0, 1, 101.91
1734506338, 13, 6, 10, 0, 0, 0.01%, 0, 0, 1, 103.32
1734506343, 13, 8, 10, 0, 0, 0.01%, 0, 0, 1, 101.78
1734506349, 13, 9, 10, 0, 0, 0.01%, 0, 0, 1, 103.95
1734506354, 14, 1, 10, 0, 0, 0.01%, 0, 0, 1, 100.86
1734506359, 14, 2, 10, 0, 0, 0.01%, 0, 0, 1, 103.69
1734506364, 14, 4, 10, 0, 0, 0.01%, 0, 0, 1, 105.32
1734506369, 14, 5, 10, 0, 0, 0.01%, 0, 0, 1, 102.61
1734506374, 14, 6, 10, 0, 0, 0.01%, 0, 0, 1, 103.34
1734506379, 14, 8, 10, 0, 0, 0.01%, 0, 0, 1, 103.79
1734506384, 14, 9, 10, 0, 0, 0.01%, 0, 0, 1, 102.88
1734506389, 15, 1, 10, 0, 0, 0.01%, 0, 0, 1, 103.34
1734506394, 15, 2, 10, 0, 0, 0.01%, 0, 0, 1, 106.18
1734506399, 15, 4, 10, 0, 0, 0.01%, 0, 0, 1, 107.86
1734506405, 15, 5, 10, 0, 0, 0.01%, 0, 0, 1, 110.74
1734506410, 15, 7, 10, 0, 0, 0.01%, 0, 0, 1, 107.24
1734506415, 15, 8, 10, 0, 0, 0.01%, 0, 0, 1, 104.67
1734506420, 16, 0, 10, 0, 0, 0.01%, 0, 0, 1, 104.60
1734506425, 16, 1, 10, 0, 0, 0.01%, 0, 0, 1, 108.16
1734506430, 16, 2, 10, 0, 0, 0.01%, 0, 0, 1, 105.26
1734506435, 16, 4, 10, 0, 0, 0.01%, 0, 0, 1, 107.06
1734506440, 16, 5, 10, 0, 0, 0.01%, 0, 0, 1, 106.53
1734506445, 16, 7, 10, 0, 0, 0.01%, 0, 0, 1, 108.73
1734506450, 16, 8, 10, 0, 0, 0.01%, 0, 0, 1, 108.52
1734506455, 17, 0, 10, 0, 0, 0.01%, 0, 0, 1, 107.41
1734506460, 17, 1, 10, 0, 0, 0.01%, 0, 0, 1, 107.52
1734506465, 17, 3, 10, 0, 0, 0.01%, 0, 0, 1, 107.08
1734506470, 17, 4, 10, 0, 0, 0.01%, 0, 0, 1, 107.04
1734506476, 17, 6, 10, 0, 0, 0.01%, 0, 0, 1, 106.27
1734506481, 17, 7, 10, 0, 0, 0.01%, 0, 0, 1, 105.93
1734506486, 17, 9, 10, 0, 0, 0.01%, 0, 0, 1, 106.78
1734506491, 18, 0, 10, 0, 0, 0.01%, 0, 0, 1, 107.84
1734506496, 18, 2, 10, 0, 0, 0.01%, 0, 0, 1, 105.75
1734506501, 18, 3, 10, 0, 0, 0.01%, 0, 0, 1, 109.16
1734506506, 18, 5, 10, 0, 0, 0.01%, 0, 0, 1, 103.97
1734506511, 18, 6, 10, 0, 0, 0.01%, 0, 0, 1, 107.27
1734506517, 18, 8, 10, 0, 0, 0.01%, 0, 0, 1, 106.48
1734506522, 18, 9, 10, 0, 0, 0.01%, 0, 0, 1, 107.16
1734506527, 19, 1, 10, 0, 0, 0.01%, 0, 0, 1, 104.42
1734506532, 19, 2, 10, 0, 0, 0.01%, 0, 0, 1, 103.46
1734506537, 19, 3, 10, 0, 0, 0.01%, 0, 0, 1, 107.94
1734506542, 19, 5, 10, 0, 0, 0.01%, 0, 0, 1, 108.96
1734506547, 19, 6, 10, 0, 0, 0.01%, 0, 0, 1, 108.26
1734506552, 19, 8, 10, 0, 0, 0.01%, 0, 0, 1, 106.05
1734506557, 19, 9, 10, 0, 0, 0.01%, 0, 0, 1, 106.88
1734506563, 20, 1, 10, 0, 0, 0.01%, 0, 0, 1, 105.83
1734506568, 20, 2, 10, 0, 0, 0.01%, 0, 0, 1, 107.92
1734506573, 20, 4, 10, 0, 0, 0.01%, 0, 0, 1, 109.88
1734506578, 20, 5, 10, 0, 0, 0.01%, 0, 0, 1, 109.32
1734506583, 20, 7, 10, 0, 0, 0.01%, 0, 0, 1, 107.66
1734506588, 20, 8, 10, 0, 0, 0.01%, 0, 0, 1, 105.85
1734506593, 21, 0, 10, 0, 0, 0.01%, 0, 0, 1, 104.24
1734506598, 21, 1, 10, 0, 0, 0.01%, 0, 0, 1, 104.36
1734506603, 21, 3, 10, 0, 0, 0.01%, 0, 0, 1, 105.26
1734506608, 21, 4, 10, 0, 0, 0.01%, 0, 0, 1, 105.04
1734506613, 21, 5, 10, 0, 0, 0.01%, 0, 0, 1, 106.48
1734506618, 21, 7, 10, 0, 0, 0.01%, 0, 0, 1, 108.74
1734506623, 21, 9, 10, 0, 0, 0.01%, 0, 0, 1, 108.53
1734506628, 22, 0, 10, 0, 0, 0.01%, 0, 0, 1, 109.15
1734506633, 22, 1, 10, 0, 0, 0.01%, 0, 0, 1, 106.83
1734506638, 22, 3, 10, 0, 0, 0.01%, 0, 0, 1, 103.46
1734506644, 22, 4, 10, 0, 0, 0.01%, 0, 0, 1, 105.80
1734506649, 22, 6, 10, 0, 0, 0.01%, 0, 0, 1, 104.33
1734506654, 22, 7, 10, 0, 0, 0.01%, 0, 0, 1, 105.32
1734506659, 22, 9, 10, 0, 0, 0.01%, 0, 0, 1, 110.90
1734506664, 23, 0, 10, 0, 0, 0.01%, 0, 0, 1, 106.53
1734506669, 23, 2, 10, 0, 0, 0.01%, 0, 0, 1, 107.23
1734506674, 23, 3, 10, 0, 0, 0.01%, 0, 0, 1, 106.90
1734506679, 23, 5, 10, 0, 0, 0.01%, 0, 0, 1, 108.45
1734506685, 23, 6, 10, 0, 0, 0.01%, 0, 0, 1, 109.12
1734506690, 23, 8, 10, 0, 0, 0.01%, 0, 0, 1, 106.56
1734506695, 23, 9, 10, 0, 0, 0.01%, 0, 0, 1, 109.17
1734506700, 24, 1, 10, 0, 0, 0.01%, 0, 0, 1, 108.73
1734506705, 24, 2, 10, 0, 0, 0.01%, 0, 0, 1, 105.62
1734506710, 24, 4, 10, 0, 0, 0.01%, 0, 0, 1, 107.31
1734506715, 24, 5, 10, 0, 0, 0.01%, 0, 0, 1, 107.89
1734506720, 24, 7, 10, 0, 0, 0.01%, 0, 0, 1, 106.35
1734506725, 24, 8, 10, 0, 0, 0.01%, 0, 0, 1, 106.91
1734506730, 24, 9, 10, 0, 0, 0.01%, 0, 0, 1, 108.38
1734506735, 25, 1, 10, 0, 0, 0.01%, 0, 0, 1, 107.52
1734506740, 25, 2, 10, 0, 0, 0.01%, 0, 0, 1, 106.63
1734506745, 25, 4, 10, 0, 0, 0.01%, 0, 0, 1, 107.97
1734506750, 25, 5, 10, 0, 0, 0.01%, 0, 0, 1, 106.38
1734506755, 25, 7, 10, 0, 0, 0.01%, 0, 0, 1, 106.01
1734506760, 25, 8, 10, 0, 0, 0.01%, 0, 0, 1, 105.48
1734506765, 26, 0, 10, 0, 0, 0.01%, 0, 0, 1, 106.01
1734506770, 26, 1, 10, 0, 0, 0.01%, 0, 0, 1, 106.07
1734506775, 26, 3, 10, 0, 0, 0.01%, 0, 0, 1, 107.90
1734506781, 26, 4, 10, 0, 0, 0.01%, 0, 0, 1, 107.23
1734506786, 26, 6, 10, 0, 0, 0.01%, 0, 0, 1, 107.71
1734506791, 26, 7, 10, 0, 0, 0.01%, 0, 0, 1, 107.77
1734506796, 26, 9, 10, 0, 0, 0.01%, 0, 0, 1, 104.96
1734506801, 27, 0, 10, 0, 0, 0.01%, 0, 0, 1, 105.96
1734506806, 27, 1, 10, 0, 0, 0.01%, 0, 0, 1, 104.48
1734506811, 27, 3, 10, 0, 0, 0.01%, 0, 0, 1, 106.18
1734506816, 27, 4, 10, 0, 0, 0.01%, 0, 0, 1, 105.00
1734506821, 27, 6, 10, 0, 0, 0.01%, 0, 0, 1, 106.20
1734506826, 27, 7, 10, 0, 0, 0.01%, 0, 0, 1, 109.35
1734506831, 27, 9, 10, 0, 0, 0.01%, 0, 0, 1, 109.46
1734506836, 28, 0, 10, 0, 0, 0.01%, 0, 0, 1, 107.33
1734506841, 28, 2, 10, 0, 0, 0.01%, 0, 0, 1, 107.75
1734506846, 28, 10, 13, 3, 1, 0.16%, 3, 0, 3, 128.99
1734506851, 28, 10, 14, 4, 1, 0.17%, 4, 0, 3, 121.79
1734506979, 28, 11, 14, 3, 3, 0.17%, 4, 0, 3, 133.29
1734506984, 28, 11, 15, 4, 3, 0.17%, 4, 0, 4, 121.08
1734507020, 28, 11, 16, 5, 3, 0.17%, 5, 0, 4, 116.25
1734507096, 28, 11, 17, 6, 3, 0.17%, 5, 0, 4, 117.66
1734507101, 28, 11, 18, 7, 3, 0.17%, 5, 0, 4, 118.81
1734507132, 28, 12, 18, 6, 3, 0.17%, 5, 0, 4, 133.31
1734507158, 28, 12, 19, 7, 3, 0.17%, 5, 0, 4, 116.78
1734507163, 28, 12, 20, 8, 3, 0.17%, 5, 0, 4, 116.82
1734507168, 28, 12, 21, 9, 3, 0.17%, 5, 0, 4, 116.47
1734507194, 28, 12, 22, 10, 3, 0.17%, 5, 0, 4, 116.01
1734507280, 28, 12, 23, 11, 3, 0.17%, 5, 0, 4, 117.44
1734507291, 28, 15, 23, 10, 2, 0.17%, 5, 0, 4, 153.47
1734507316, 28, 15, 24, 11, 2, 0.17%, 5, 0, 5, 121.59
1734507342, 28, 15, 25, 12, 2, 0.17%, 5, 0, 5, 123.12
1734507357, 28, 15, 26, 13, 2, 0.17%, 5, 0, 5, 120.62
1734507398, 28, 15, 28, 15, 2, 0.17%, 5, 0, 5, 126.86
1734507414, 28, 15, 30, 17, 2, 0.17%, 5, 0, 5, 140.49
1734507419, 28, 29, 30, 16, 1, 0.17%, 5, 0, 5, 122.47
1734507434, 28, 29, 31, 17, 1, 0.17%, 5, 0, 6, 133.95
1734507439, 28, 29, 32, 18, 1, 0.17%, 5, 0, 6, 130.33
1734507548, 28, 30, 32, 17, 1, 0.17%, 5, 0, 6, 155.24
1734507625, 29, 10, 32, 16, 0, 0.17%, 5, 0, 6, 122.11
1734507645, 29, 11, 32, 16, 0, 0.17%, 5, 0, 6, 117.32
1734507656, 29, 11, 35, 19, 0, 0.17%, 6, 0, 6, 137.98
1734507661, 29, 12, 35, 19, 0, 0.17%, 6, 0, 6, 120.31
1734507671, 29, 12, 36, 20, 0, 0.17%, 6, 0, 6, 131.00
1734507676, 29, 13, 36, 20, 0, 0.17%, 6, 0, 6, 122.75
1734507717, 29, 15, 36, 19, 0, 0.17%, 6, 0, 6, 127.07
1734507753, 29, 22, 36, 19, 0, 0.17%, 6, 0, 6, 202.52
1734507840, 29, 22, 37, 20, 0, 0.17%, 7, 0, 6, 161.38
1734507906, 29, 32, 37, 19, 0, 0.17%, 7, 0, 6, 203.42
1734507966, 29, 33, 37, 18, 0, 0.17%, 7, 0, 6, 148.08
1734508118, 30, 10, 37, 17, 0, 0.17%, 7, 0, 6, 158.48
1734508129, 30, 11, 37, 17, 0, 0.17%, 7, 0, 6, 149.92
1734508134, 30, 12, 37, 17, 0, 0.17%, 7, 0, 6, 152.58
1734508144, 30, 12, 38, 18, 0, 0.17%, 8, 0, 6, 153.62
1734508149, 30, 13, 38, 18, 0, 0.17%, 8, 0, 6, 144.30
1734508159, 30, 14, 38, 18, 0, 0.17%, 8, 0, 6, 166.88
1734508200, 30, 15, 38, 17, 0, 0.17%, 8, 0, 6, 154.94
1734508230, 30, 20, 38, 17, 0, 0.17%, 8, 0, 6, 202.86
1734508643, 30, 21, 38, 16, 0, 0.17%, 8, 0, 6, 130.74
1734509739, 30, 26, 38, 15, 0, 0.17%, 8, 0, 6, 169.21
1734509815, 30, 36, 38, 14, 0, 0.17%, 8, 0, 6, 205.33
1734509964, 30, 37, 38, 13, 0, 0.17%, 8, 0, 6, 179.41
1734510121, 31, 5, 38, 12, 0, 0.17%, 8, 0, 6, 156.28
1734510126, 31, 10, 38, 12, 0, 0.17%, 8, 0, 6, 159.62
1734510137, 31, 11, 38, 12, 0, 0.17%, 8, 0, 6, 145.96
1734510142, 31, 12, 38, 12, 0, 0.17%, 8, 0, 6, 151.95
1734510152, 31, 13, 38, 12, 0, 0.17%, 8, 0, 6, 144.89
1734510162, 31, 15, 38, 12, 0, 0.17%, 8, 0, 6, 160.62
1734510193, 31, 18, 38, 12, 0, 0.17%, 8, 0, 6, 206.70
1734510264, 31, 19, 38, 11, 0, 0.17%, 8, 0, 6, 154.88
1734510315, 31, 25, 38, 10, 0, 0.17%, 8, 0, 6, 208.97
1734510366, 31, 28, 38, 9, 0, 0.17%, 8, 0, 6, 219.51
1734510437, 31, 31, 38, 8, 0, 0.17%, 8, 0, 6, 154.29
1734510840, 31, 31, 39, 9, 0, 0.17%, 9, 0, 7, 214.40
1734510896, 31, 34, 39, 8, 0, 0.17%, 9, 0, 7, 172.41
1734511074, 32, 10, 39, 7, 0, 0.17%, 9, 0, 7, 141.38
1734511084, 32, 11, 39, 7, 0, 0.17%, 9, 0, 7, 137.79
1734511089, 32, 12, 39, 7, 0, 0.17%, 9, 0, 7, 143.14
1734511099, 32, 13, 39, 7, 0, 0.17%, 9, 0, 7, 146.97
1734511110, 32, 15, 39, 7, 0, 0.17%, 9, 0, 7, 149.33
1734511140, 32, 23, 39, 7, 0, 0.17%, 9, 0, 7, 237.77
1734511279, 33, 10, 39, 6, 0, 0.17%, 9, 0, 7, 140.94
1734511289, 33, 11, 39, 6, 0, 0.17%, 9, 0, 7, 142.33
1734511299, 33, 12, 39, 6, 0, 0.17%, 9, 0, 7, 142.73
1734511304, 33, 13, 39, 6, 0, 0.17%, 9, 0, 7, 150.16
1734511314, 33, 15, 39, 6, 0, 0.17%, 9, 0, 7, 149.90
1734511345, 33, 16, 39, 6, 0, 0.17%, 9, 0, 7, 136.03
1734511402, 33, 24, 39, 5, 0, 0.17%, 9, 0, 7, 161.88
1734511443, 33, 29, 39, 4, 0, 0.17%, 9, 0, 7, 158.66
1734511473, 34, 10, 39, 4, 0, 0.17%, 9, 0, 7, 148.12
1734511483, 34, 11, 39, 4, 0, 0.17%, 9, 0, 7, 140.20
1734511488, 34, 12, 39, 4, 0, 0.17%, 9, 0, 7, 155.42
1734511504, 34, 13, 39, 4, 0, 0.17%, 9, 0, 7, 140.08
1734511509, 34, 15, 39, 4, 0, 0.17%, 9, 0, 7, 146.64
1734511540, 35, 2, 39, 4, 0, 0.17%, 9, 0, 7, 158.29
1734511545, 35, 12, 39, 4, 0, 0.17%, 9, 0, 7, 148.66
1734511550, 35, 13, 39, 4, 0, 0.17%, 9, 0, 7, 140.80
1734511560, 35, 15, 39, 4, 0, 0.17%, 9, 0, 7, 140.40
1734511565, 35, 17, 39, 4, 0, 0.17%, 9, 0, 7, 151.09
1734511611, 35, 38, 39, 3, 0, 0.17%, 9, 0, 7, 135.69
1734511836, 36, 2, 39, 2, 0, 0.17%, 9, 0, 7, 155.36
1734511841, 36, 12, 39, 2, 0, 0.17%, 9, 0, 7, 147.15
1734511846, 36, 15, 39, 2, 0, 0.17%, 9, 0, 7, 143.57
1734511856, 37, 11, 39, 2, 0, 0.17%, 9, 0, 7, 141.13
1734511862, 37, 13, 39, 2, 0, 0.17%, 9, 0, 7, 146.65
1734511867, 37, 15, 39, 2, 0, 0.17%, 9, 0, 7, 144.69
1734511872, 37, 23, 39, 2, 0, 0.17%, 9, 0, 7, 166.75
1734511897, 38, 2, 39, 2, 0, 0.17%, 9, 0, 7, 174.61
1734511902, 38, 11, 39, 2, 0, 0.17%, 9, 0, 7, 154.15
1734511907, 38, 15, 39, 2, 0, 0.17%, 9, 0, 7, 150.62
1734511918, 38, 36, 39, 2, 0, 0.17%, 9, 0, 7, 167.96
1734511943, 39, 10, 39, 2, 0, 0.17%, 9, 0, 7, 158.10
1734511948, 39, 12, 39, 2, 0, 0.17%, 9, 0, 7, 144.04
1734511954, 39, 15, 39, 2, 0, 0.17%, 9, 0, 7, 138.20
1734511964, 39, 20, 39, 2, 0, 0.17%, 9, 0, 7, 161.13
1734511979, 39, 33, 39, 2, 0, 0.17%, 9, 0, 7, 147.40
1734511999, 39, 35, 39, 2, 0, 0.17%, 9, 0, 7, 213.13
1734512138, 40, 10, 39, 1, 0, 0.17%, 9, 0, 7, 163.45
1734512143, 40, 13, 39, 1, 0, 0.17%, 9, 0, 7, 147.22
1734512148, 40, 15, 39, 1, 0, 0.17%, 9, 0, 7, 151.09
1734512153, 41, 2, 39, 1, 0, 0.17%, 9, 0, 7, 153.23
1734512158, 41, 10, 39, 1, 0, 0.17%, 9, 0, 7, 144.19
1734512163, 41, 13, 39, 1, 0, 0.17%, 9, 0, 7, 140.47
1734512168, 41, 15, 39, 1, 0, 0.17%, 9, 0, 7, 141.05
1734512178, 41, 35, 39, 1, 0, 0.17%, 9, 0, 7, 174.21
1734512204, 42, 10, 39, 1, 0, 0.17%, 9, 0, 7, 141.03
1734512209, 42, 12, 39, 1, 0, 0.17%, 9, 0, 7, 136.82
1734512214, 42, 15, 39, 1, 0, 0.17%, 9, 0, 7, 142.91
1734512219, 42, 27, 39, 1, 0, 0.17%, 9, 0, 7, 155.00
1734512311, 42, 32, 39, 0, 0, 0.17%, 9, 0, 7, 155.45
1734512326, 42, 35, 39, 0, 0, 0.17%, 9, 0, 7, 144.67
1734512357, 43, 11, 39, 0, 0, 0.17%, 9, 0, 7, 137.18
1734512362, 43, 13, 39, 0, 0, 0.17%, 9, 0, 7, 142.12
1734512367, 43, 15, 39, 0, 0, 0.17%, 9, 0, 7, 151.73
1734512372, 43, 20, 39, 0, 0, 0.17%, 9, 0, 7, 159.66
1734512392, 44, 10, 39, 0, 0, 0.17%, 9, 0, 7, 146.09
1734512398, 44, 12, 39, 0, 0, 0.17%, 9, 0, 7, 149.08
1734512403, 44, 15, 39, 0, 0, 0.17%, 9, 0, 7, 143.29
1734512413, 44, 24, 39, 0, 0, 0.17%, 9, 0, 7, 140.00
1734512429, 45, 10, 39, 0, 0, 0.17%, 9, 0, 7, 146.06
1734512434, 45, 12, 39, 0, 0, 0.17%, 9, 0, 7, 146.53
1734512439, 45, 15, 39, 0, 0, 0.17%, 9, 0, 7, 145.01
1734512449, 45, 24, 39, 0, 0, 0.17%, 9, 0, 7, 146.64
1734512470, 45, 30, 39, 0, 0, 0.17%, 9, 0, 7, 143.20
1734512495, 46, 10, 39, 0, 0, 0.17%, 9, 0, 7, 137.23
1734512500, 46, 12, 39, 0, 0, 0.17%, 9, 0, 7, 142.68
1734512506, 46, 15, 39, 0, 0, 0.17%, 9, 0, 7, 140.96
1734512516, 47, 10, 39, 0, 0, 0.17%, 9, 0, 7, 147.82
1734512521, 47, 12, 39, 0, 0, 0.17%, 9, 0, 7, 144.55
1734512526, 47, 15, 39, 0, 0, 0.17%, 9, 0, 7, 147.13
1734512531, 48, 8, 39, 0, 0, 0.17%, 9, 0, 7, 149.31
1734512536, 48, 11, 39, 0, 0, 0.17%, 9, 0, 7, 149.24
1734512542, 48, 13, 39, 0, 0, 0.17%, 9, 0, 7, 144.71
1734512547, 48, 15, 39, 0, 0, 0.17%, 9, 0, 7, 147.57
1734512552, 48, 27, 39, 0, 0, 0.17%, 9, 0, 7, 154.75
1734512582, 49, 11, 39, 0, 0, 0.17%, 9, 0, 7, 141.32
1734512587, 49, 13, 39, 0, 0, 0.17%, 9, 0, 7, 146.55
1734512592, 49, 15, 39, 0, 0, 0.17%, 9, 0, 7, 146.54
1734512598, 50, 10, 39, 0, 0, 0.17%, 9, 0, 7, 145.15
1734512603, 50, 12, 39, 0, 0, 0.17%, 9, 0, 7, 135.67
1734512608, 50, 15, 39, 0, 0, 0.17%, 9, 0, 7, 143.84
1734512613, 51, 0, 39, 0, 0, 0.17%, 9, 0, 7, 148.61
1734512618, 51, 11, 39, 0, 0, 0.17%, 9, 0, 7, 146.93
1734512623, 51, 13, 39, 0, 0, 0.17%, 9, 0, 7, 148.08
1734512628, 51, 15, 39, 0, 0, 0.17%, 9, 0, 7, 146.23
1734512634, 51, 24, 39, 0, 0, 0.17%, 9, 0, 7, 146.40
1734512654, 51, 25, 39, 0, 0, 0.17%, 9, 0, 7, 156.39
1734512675, 51, 34, 39, 0, 0, 0.17%, 9, 0, 7, 166.97
1734512690, 52, 3, 39, 0, 0, 0.17%, 9, 0, 7, 144.95
1734512695, 52, 11, 39, 0, 0, 0.17%, 9, 0, 7, 143.96
1734512700, 52, 13, 39, 0, 0, 0.17%, 9, 0, 7, 135.24
1734512706, 52, 15, 39, 0, 0, 0.17%, 9, 0, 7, 143.58
1734512711, 52, 19, 39, 0, 0, 0.17%, 9, 0, 7, 146.15
1734512731, 52, 23, 39, 0, 0, 0.17%, 9, 0, 7, 166.34
1734512762, 53, 11, 39, 0, 0, 0.17%, 9, 0, 7, 138.62
1734512767, 53, 15, 39, 0, 0, 0.17%, 9, 0, 7, 144.65
1734512778, 53, 16, 39, 0, 0, 0.17%, 9, 0, 7, 143.98
1734512798, 53, 19, 39, 0, 0, 0.17%, 9, 0, 7, 153.48
1734512819, 54, 11, 39, 0, 0, 0.17%, 9, 0, 7, 142.92
1734512824, 54, 13, 39, 0, 0, 0.17%, 9, 0, 7, 146.58
1734512829, 54, 15, 39, 0, 0, 0.17%, 9, 0, 7, 138.44
1734512834, 55, 10, 39, 0, 0, 0.17%, 9, 0, 7, 151.05
1734512839, 55, 12, 39, 0, 0, 0.17%, 9, 0, 7, 145.56
1734512845, 55, 15, 39, 0, 0, 0.17%, 9, 0, 7, 144.28
1734512855, 56, 12, 39, 0, 0, 0.17%, 9, 0, 7, 146.21
1734512860, 56, 15, 39, 0, 0, 0.17%, 9, 0, 7, 147.75
1734512871, 56, 17, 39, 0, 0, 0.17%, 9, 0, 7, 149.24
1734512886, 56, 31, 39, 0, 0, 0.17%, 9, 0, 7, 157.96
1734512911, 57, 5, 39, 0, 0, 0.17%, 9, 0, 7, 168.07
1734512916, 57, 10, 39, 0, 0, 0.17%, 9, 0, 7, 148.48
1734512922, 57, 12, 39, 0, 0, 0.17%, 9, 0, 7, 141.82
1734512927, 57, 15, 39, 0, 0, 0.17%, 9, 0, 7, 146.51
1734512932, 57, 26, 39, 0, 0, 0.17%, 9, 0, 7, 150.74
1734512962, 57, 35, 39, 0, 0, 0.17%, 9, 0, 7, 161.64
1734512993, 58, 11, 39, 0, 0, 0.17%, 9, 0, 7, 139.23
1734512998, 58, 13, 39, 0, 0, 0.17%, 9, 0, 7, 144.42
1734513003, 58, 15, 39, 0, 0, 0.17%, 9, 0, 7, 151.85
1734513008, 59, 11, 39, 0, 0, 0.17%, 9, 0, 7, 150.63
1734513013, 59, 13, 39, 0, 0, 0.17%, 9, 0, 7, 145.63
1734513018, 59, 14, 39, 0, 0, 0.17%, 9, 0, 7, 145.06
1734513034, 59, 15, 39, 0, 0, 0.17%, 9, 0, 7, 151.38
1734513044, 60, 11, 39, 0, 0, 0.17%, 9, 0, 7, 139.17
1734513049, 60, 13, 39, 0, 0, 0.17%, 9, 0, 7, 133.62
1734513055, 60, 15, 39, 0, 0, 0.17%, 9, 0, 7, 150.13
1734513060, 60, 34, 39, 0, 0, 0.17%, 9, 0, 7, 164.10
1734513080, 60, 37, 39, 0, 0, 0.17%, 9, 0, 7, 153.13
1734513095, 61, 10, 39, 0, 0, 0.17%, 9, 0, 7, 151.94
1734513101, 61, 13, 39, 0, 0, 0.17%, 9, 0, 7, 143.12
1734513106, 61, 15, 39, 0, 0, 0.17%, 9, 0, 7, 141.63
1734513111, 61, 30, 39, 0, 0, 0.17%, 9, 0, 7, 139.75
1734513142, 62, 10, 39, 0, 0, 0.17%, 9, 0, 7, 143.88
1734513147, 62, 12, 39, 0, 0, 0.17%, 9, 0, 7, 139.95
1734513152, 62, 15, 39, 0, 0, 0.17%, 9, 0, 7, 146.30
1734513162, 63, 10, 39, 0, 0, 0.17%, 9, 0, 7, 146.19
1734513167, 63, 12, 39, 0, 0, 0.17%, 9, 0, 7, 143.22
1734513172, 63, 15, 39, 0, 0, 0.17%, 9, 0, 7, 148.06
1734513183, 63, 29, 39, 0, 0, 0.17%, 9, 0, 7, 157.39
1734513208, 64, 10, 39, 0, 0, 0.17%, 9, 0, 7, 146.67
1734513213, 64, 12, 39, 0, 0, 0.17%, 9, 0, 7, 141.36
1734513218, 64, 15, 39, 0, 0, 0.17%, 9, 0, 7, 144.77
1734513229, 65, 10, 39, 0, 0, 0.17%, 9, 0, 7, 150.42
1734513234, 65, 12, 39, 0, 0, 0.17%, 9, 0, 7, 145.31
1734513239, 65, 15, 39, 0, 0, 0.17%, 9, 0, 7, 147.74
1734513249, 65, 24, 39, 0, 0, 0.17%, 9, 0, 7, 142.28
1734513264, 66, 10, 39, 0, 0, 0.17%, 9, 0, 7, 146.51
1734513269, 66, 12, 39, 0, 0, 0.17%, 9, 0, 7, 149.57
1734513274, 66, 15, 39, 0, 0, 0.17%, 9, 0, 7, 147.92
1734513284, 67, 11, 39, 0, 0, 0.17%, 9, 0, 7, 150.00
1734513290, 67, 15, 39, 0, 0, 0.17%, 9, 0, 7, 150.11
1734513300, 67, 38, 39, 0, 0, 0.17%, 9, 0, 7, 182.93
1734513325, 68, 10, 39, 0, 0, 0.17%, 9, 0, 7, 139.29
1734513331, 68, 12, 39, 0, 0, 0.17%, 9, 0, 7, 140.03
1734513336, 68, 15, 39, 0, 0, 0.17%, 9, 0, 7, 149.43
1734513341, 68, 17, 39, 0, 0, 0.17%, 9, 0, 7, 152.52
1734513361, 69, 10, 39, 0, 0, 0.17%, 9, 0, 7, 149.32
1734513366, 69, 12, 39, 0, 0, 0.17%, 9, 0, 7, 145.19
1734513371, 69, 15, 39, 0, 0, 0.17%, 9, 0, 7, 149.10
1734513382, 70, 11, 39, 0, 0, 0.17%, 9, 0, 7, 143.99
1734513387, 70, 13, 39, 0, 0, 0.17%, 9, 0, 7, 149.47
1734513392, 70, 15, 39, 0, 0, 0.17%, 9, 0, 7, 148.32
1734513397, 70, 35, 39, 0, 0, 0.17%, 9, 0, 7, 178.32
1734513423, 71, 10, 39, 0, 0, 0.17%, 9, 0, 7, 144.31
1734513428, 71, 12, 39, 0, 0, 0.17%, 9, 0, 7, 145.99
1734513433, 71, 15, 39, 0, 0, 0.17%, 9, 0, 7, 150.46
1734513443, 71, 37, 39, 0, 0, 0.17%, 9, 0, 7, 157.81
1734513458, 72, 8, 39, 0, 0, 0.17%, 9, 0, 7, 153.76
1734513463, 72, 11, 39, 0, 0, 0.17%, 9, 0, 7, 142.17
1734513468, 72, 13, 39, 0, 0, 0.17%, 9, 0, 7, 141.28
1734513473, 72, 15, 39, 0, 0, 0.17%, 9, 0, 7, 141.45
1734513479, 72, 22, 39, 0, 0, 0.17%, 9, 0, 7, 170.86
1734513509, 72, 24, 39, 0, 0, 0.17%, 9, 0, 7, 143.34
1734513530, 73, 10, 39, 0, 0, 0.17%, 9, 0, 7, 155.18
1734513535, 73, 12, 39, 0, 0, 0.17%, 9, 0, 7, 148.27
1734513540, 73, 15, 39, 0, 0, 0.17%, 9, 0, 7, 148.33
1734513550, 73, 35, 39, 0, 0, 0.17%, 9, 0, 7, 181.67
1734513576, 74, 2, 39, 0, 0, 0.17%, 9, 0, 7, 139.66
1734513581, 74, 11, 39, 0, 0, 0.17%, 9, 0, 7, 142.63
1734513586, 74, 13, 39, 0, 0, 0.17%, 9, 0, 7, 143.45
1734513591, 74, 15, 39, 0, 0, 0.17%, 9, 0, 7, 149.80
1734513596, 74, 26, 39, 0, 0, 0.17%, 9, 0, 7, 146.07
1734513627, 74, 33, 39, 0, 0, 0.17%, 9, 0, 7, 160.14
1734513642, 75, 10, 39, 0, 0, 0.17%, 9, 0, 7, 147.56
1734513647, 75, 13, 39, 0, 0, 0.17%, 9, 0, 7, 144.88
1734513652, 75, 15, 39, 0, 0, 0.17%, 9, 0, 7, 144.40
1734513658, 76, 10, 39, 0, 0, 0.17%, 9, 0, 7, 147.27
1734513663, 76, 12, 39, 0, 0, 0.17%, 9, 0, 7, 150.41
1734513668, 76, 15, 39, 0, 0, 0.17%, 9, 0, 7, 147.64
1734513678, 77, 10, 39, 0, 0, 0.17%, 9, 0, 7, 144.21
1734513683, 77, 13, 39, 0, 0, 0.17%, 9, 0, 7, 145.14
1734513689, 77, 15, 39, 0, 0, 0.17%, 9, 0, 7, 144.55
1734513694, 78, 10, 39, 0, 0, 0.17%, 9, 0, 7, 147.24
1734513699, 78, 12, 39, 0, 0, 0.17%, 9, 0, 7, 146.17
1734513704, 78, 15, 39, 0, 0, 0.17%, 9, 0, 7, 145.52
1734513714, 78, 32, 39, 0, 0, 0.17%, 9, 0, 7, 152.41
1734513730, 79, 10, 39, 0, 0, 0.17%, 9, 0, 7, 137.43
1734513735, 79, 12, 39, 0, 0, 0.17%, 9, 0, 7, 139.15
1734513740, 79, 15, 39, 0, 0, 0.17%, 9, 0, 7, 142.56
1734513750, 80, 11, 39, 0, 0, 0.17%, 9, 0, 7, 154.14
1734513755, 80, 13, 39, 0, 0, 0.17%, 9, 0, 7, 145.37
1734513761, 80, 15, 39, 0, 0, 0.17%, 9, 0, 7, 142.53
1734513766, 81, 10, 39, 0, 0, 0.17%, 9, 0, 7, 147.10
1734513771, 81, 12, 39, 0, 0, 0.17%, 9, 0, 7, 138.76
1734513776, 81, 15, 39, 0, 0, 0.17%, 9, 0, 7, 143.70
1734513786, 81, 19, 39, 0, 0, 0.17%, 9, 0, 7, 147.33
1734513802, 81, 24, 39, 0, 0, 0.17%, 9, 0, 7, 146.75
1734513822, 82, 8, 39, 0, 0, 0.17%, 9, 0, 7, 147.20
1734513827, 82, 11, 39, 0, 0, 0.17%, 9, 0, 7, 145.54
1734513832, 82, 13, 39, 0, 0, 0.17%, 9, 0, 7, 144.84
1734513838, 82, 15, 39, 0, 0, 0.17%, 9, 0, 7, 152.40
1734513843, 82, 36, 39, 0, 0, 0.17%, 9, 0, 7, 176.26
1734513873, 83, 12, 39, 0, 0, 0.17%, 9, 0, 7, 145.40
1734513878, 83, 15, 39, 0, 0, 0.17%, 9, 0, 7, 147.59
1734513889, 83, 23, 39, 0, 0, 0.17%, 9, 0, 7, 169.77
1734513914, 84, 2, 39, 0, 0, 0.17%, 9, 0, 7, 153.10
1734513919, 84, 11, 39, 0, 0, 0.17%, 9, 0, 7, 147.61
1734513924, 84, 13, 39, 0, 0, 0.17%, 9, 0, 7, 143.34
1734513929, 84, 15, 39, 0, 0, 0.17%, 9, 0, 7, 146.50
1734513935, 84, 23, 39, 0, 0, 0.17%, 9, 0, 7, 171.27
1734513960, 84, 29, 39, 0, 0, 0.17%, 9, 0, 7, 157.44
1734513996, 84, 32, 39, 0, 0, 0.17%, 9, 0, 7, 145.28
1734514012, 84, 35, 39, 0, 0, 0.17%, 9, 0, 7, 172.03
1734514038, 85, 0, 39, 0, 0, 0.17%, 9, 0, 7, 139.72
1734514043, 85, 11, 39, 0, 0, 0.17%, 9, 0, 7, 136.85
1734514048, 85, 13, 39, 0, 0, 0.17%, 9, 0, 7, 145.96
1734514053, 85, 15, 39, 0, 0, 0.17%, 9, 0, 7, 151.15
1734514058, 86, 5, 39, 0, 0, 0.17%, 9, 0, 7, 142.99
1734514063, 86, 12, 39, 0, 0, 0.17%, 9, 0, 7, 139.68
1734514069, 86, 15, 39, 0, 0, 0.17%, 9, 0, 7, 142.43
1734514079, 87, 11, 39, 0, 0, 0.17%, 9, 0, 7, 150.34
1734514084, 87, 13, 39, 0, 0, 0.17%, 9, 0, 7, 147.48
1734514089, 87, 15, 39, 0, 0, 0.17%, 9, 0, 7, 149.93
1734514094, 87, 32, 39, 0, 0, 0.17%, 9, 0, 7, 154.71
1734514114, 88, 10, 39, 0, 0, 0.17%, 9, 0, 7, 150.13
1734514119, 88, 13, 39, 0, 0, 0.17%, 9, 0, 7, 147.47
1734514125, 88, 15, 39, 0, 0, 0.17%, 9, 0, 7, 143.54
1734514130, 88, 16, 39, 0, 0, 0.17%, 9, 0, 7, 144.83
1734514155, 88, 20, 39, 0, 0, 0.17%, 9, 0, 7, 169.21
1734514171, 89, 10, 39, 0, 0, 0.17%, 9, 0, 7, 136.06
1734514176, 89, 12, 39, 0, 0, 0.17%, 9, 0, 7, 142.88
1734514181, 89, 15, 39, 0, 0, 0.17%, 9, 0, 7, 149.07
1734514191, 89, 32, 39, 0, 0, 0.17%, 9, 0, 7, 153.49
1734514206, 90, 6, 39, 0, 0, 0.17%, 9, 0, 7, 153.43
1734514211, 90, 10, 39, 0, 0, 0.17%, 9, 0, 7, 155.35
1734514216, 90, 12, 39, 0, 0, 0.17%, 9, 0, 7, 143.33
1734514221, 90, 15, 39, 0, 0, 0.17%, 9, 0, 7, 142.13
1734514232, 90, 29, 39, 0, 0, 0.17%, 9, 0, 7, 158.42
1734514257, 90, 38, 39, 0, 0, 0.17%, 9, 0, 7, 180.02
1734514283, 91, 10, 39, 0, 0, 0.17%, 9, 0, 7, 157.83
1734514288, 91, 12, 39, 0, 0, 0.17%, 9, 0, 7, 144.54
1734514293, 91, 15, 39, 0, 0, 0.17%, 9, 0, 7, 139.64
1734514303, 92, 11, 39, 0, 0, 0.17%, 9, 0, 7, 144.53
1734514308, 92, 13, 39, 0, 0, 0.17%, 9, 0, 7, 149.17
1734514314, 92, 15, 39, 0, 0, 0.17%, 9, 0, 7, 150.90
1734514319, 92, 20, 39, 0, 0, 0.17%, 9, 0, 7, 163.96
1734514334, 92, 22, 39, 0, 0, 0.17%, 9, 0, 7, 151.25
1734514364, 92, 28, 39, 0, 0, 0.17%, 9, 0, 7, 157.28
1734514390, 93, 7, 39, 0, 0, 0.17%, 9, 0, 7, 158.90
1734514395, 93, 11, 39, 0, 0, 0.17%, 9, 0, 7, 147.12
1734514400, 93, 13, 39, 0, 0, 0.17%, 9, 0, 7, 144.43
1734514406, 93, 15, 39, 0, 0, 0.17%, 9, 0, 7, 147.66
1734514411, 93, 30, 39, 0, 0, 0.17%, 9, 0, 7, 148.64
1734514442, 94, 10, 39, 0, 0, 0.17%, 9, 0, 7, 141.75
1734514447, 94, 13, 39, 0, 0, 0.17%, 9, 0, 7, 151.57
1734514452, 94, 15, 39, 0, 0, 0.17%, 9, 0, 7, 159.82
1734514457, 94, 36, 39, 0, 0, 0.17%, 9, 0, 7, 158.20
1734514482, 95, 7, 39, 0, 0, 0.17%, 9, 0, 7, 159.68
1734514487, 95, 11, 39, 0, 0, 0.17%, 9, 0, 7, 150.65
1734514492, 95, 13, 39, 0, 0, 0.17%, 9, 0, 7, 143.11
1734514497, 95, 14, 39, 0, 0, 0.17%, 9, 0, 7, 142.78
1734514513, 95, 15, 39, 0, 0, 0.17%, 9, 0, 7, 143.56
1734514518, 96, 10, 39, 0, 0, 0.17%, 9, 0, 7, 150.61
1734514523, 96, 12, 39, 0, 0, 0.17%, 9, 0, 7, 150.73
1734514528, 96, 15, 39, 0, 0, 0.17%, 9, 0, 7, 144.07
1734514538, 96, 22, 39, 0, 0, 0.17%, 9, 0, 7, 183.70
1734514559, 96, 35, 39, 0, 0, 0.17%, 9, 0, 7, 171.10
1734514574, 97, 9, 39, 0, 0, 0.17%, 9, 0, 7, 152.52
1734514579, 97, 11, 39, 0, 0, 0.17%, 9, 0, 7, 150.48
1734514584, 97, 13, 39, 0, 0, 0.17%, 9, 0, 7, 146.21
1734514589, 97, 15, 39, 0, 0, 0.17%, 9, 0, 7, 145.61
1734514594, 98, 10, 39, 0, 0, 0.17%, 9, 0, 7, 150.71
1734514599, 98, 13, 39, 0, 0, 0.17%, 9, 0, 7, 143.94
1734514605, 98, 15, 39, 0, 0, 0.17%, 9, 0, 7, 142.41
1734514610, 99, 4, 39, 0, 0, 0.17%, 9, 0, 7, 149.76
1734514615, 99, 11, 39, 0, 0, 0.17%, 9, 0, 7, 152.19
1734514620, 99, 13, 39, 0, 0, 0.17%, 9, 0, 7, 146.95
1734514625, 99, 15, 39, 0, 0, 0.17%, 9, 0, 7, 139.74
1734514630, 99, 17, 39, 0, 0, 0.17%, 9, 0, 7, 151.94
1734514645, 99, 20, 39, 0, 0, 0.17%, 9, 0, 7, 152.45
1734514666, 99, 25, 39, 0, 0, 0.17%, 9, 0, 7, 157.21
1734514681, 99, 32, 39, 0, 0, 0.17%, 9, 0, 7, 158.27
1734514702, 100, 10, 39, 0, 0, 0.17%, 9, 0, 7, 143.67
1734514707, 100, 12, 39, 0, 0, 0.17%, 9, 0, 7, 137.28
1734514712, 100, 15, 39, 0, 0, 0.17%, 9, 0, 7, 141.63
1734514722, 100, 38, 39, 0, 0, 0.17%, 9, 0, 7, 185.91
1734514748, 101, 10, 39, 0, 0, 0.17%, 9, 0, 7, 148.71
1734514753, 101, 13, 39, 0, 0, 0.17%, 9, 0, 7, 142.66
1734514758, 101, 15, 39, 0, 0, 0.17%, 9, 0, 7, 148.14
1734514763, 101, 30, 39, 0, 0, 0.17%, 9, 0, 7, 148.60
1734514794, 101, 34, 39, 0, 0, 0.17%, 9, 0, 7, 170.14
1734514814, 102, 11, 39, 0, 0, 0.17%, 9, 0, 7, 144.65
1734514819, 102, 15, 39, 0, 0, 0.17%, 9, 0, 7, 146.92
1734514829, 102, 27, 39, 0, 0, 0.17%, 9, 0, 7, 153.04
1734514860, 103, 11, 39, 0, 0, 0.17%, 9, 0, 7, 152.21
1734514865, 103, 13, 39, 0, 0, 0.17%, 9, 0, 7, 146.38
1734514870, 103, 15, 39, 0, 0, 0.17%, 9, 0, 7, 148.39
1734514875, 103, 19, 39, 0, 0, 0.17%, 9, 0, 7, 151.13
1734514896, 103, 28, 39, 0, 0, 0.17%, 9, 0, 7, 160.63
1734514927, 104, 11, 39, 0, 0, 0.17%, 9, 0, 7, 146.57
1734514932, 104, 13, 39, 0, 0, 0.17%, 9, 0, 7, 141.92
1734514937, 104, 15, 39, 0, 0, 0.17%, 9, 0, 7, 142.08
1734514942, 104, 33, 39, 0, 0, 0.17%, 9, 0, 7, 152.13
1734514962, 105, 11, 39, 0, 0, 0.17%, 9, 0, 7, 140.61
1734514968, 105, 13, 39, 0, 0, 0.17%, 9, 0, 7, 143.31
1734514973, 105, 15, 39, 0, 0, 0.17%, 9, 0, 7, 150.33
1734514978, 105, 19, 39, 0, 0, 0.17%, 9, 0, 7, 151.08
1734514998, 105, 34, 39, 0, 0, 0.17%, 9, 0, 7, 156.49
1734515014, 106, 9, 39, 0, 0, 0.17%, 9, 0, 7, 157.21
1734515019, 106, 11, 39, 0, 0, 0.17%, 9, 0, 7, 146.04
1734515024, 106, 13, 39, 0, 0, 0.17%, 9, 0, 7, 146.05
1734515029, 106, 15, 39, 0, 0, 0.17%, 9, 0, 7, 151.24
1734515034, 106, 37, 39, 0, 0, 0.17%, 9, 0, 7, 148.53
1734515054, 107, 10, 39, 0, 0, 0.17%, 9, 0, 7, 147.41
1734515059, 107, 12, 39, 0, 0, 0.17%, 9, 0, 7, 147.10
1734515065, 107, 15, 39, 0, 0, 0.17%, 9, 0, 7, 142.02
1734515070, 107, 17, 39, 0, 0, 0.17%, 9, 0, 7, 148.33
1734515090, 107, 27, 39, 0, 0, 0.17%, 9, 0, 7, 157.71
1734515121, 107, 32, 39, 0, 0, 0.17%, 9, 0, 7, 140.90
1734515131, 108, 11, 39, 0, 0, 0.17%, 9, 0, 7, 145.46
1734515136, 108, 13, 39, 0, 0, 0.17%, 9, 0, 7, 142.27
1734515142, 108, 15, 39, 0, 0, 0.17%, 9, 0, 7, 143.55
1734515147, 108, 18, 39, 0, 0, 0.17%, 9, 0, 7, 153.70
1734515177, 109, 11, 39, 0, 0, 0.17%, 9, 0, 7, 141.93
1734515182, 109, 15, 39, 0, 0, 0.17%, 9, 0, 7, 146.45
1734515193, 109, 22, 39, 0, 0, 0.17%, 9, 0, 7, 168.15
1734515218, 110, 5, 39, 0, 0, 0.17%, 9, 0, 7, 151.57
1734515223, 110, 11, 39, 0, 0, 0.17%, 9, 0, 7, 143.00
1734515228, 110, 13, 39, 0, 0, 0.17%, 9, 0, 7, 138.46
1734515233, 110, 15, 39, 0, 0, 0.17%, 9, 0, 7, 159.98
1734515238, 110, 37, 39, 0, 0, 0.17%, 9, 0, 7, 154.05
1734515254, 111, 2, 39, 0, 0, 0.17%, 9, 0, 7, 165.85
1734515259, 111, 10, 39, 0, 0, 0.17%, 9, 0, 7, 153.54
1734515264, 111, 13, 39, 0, 0, 0.17%, 9, 0, 7, 143.33
1734515269, 111, 15, 39, 0, 0, 0.17%, 9, 0, 7, 147.68
1734515274, 112, 10, 39, 0, 0, 0.17%, 9, 0, 7, 156.50
1734515279, 112, 12, 39, 0, 0, 0.17%, 9, 0, 7, 151.44
1734515284, 112, 15, 39, 0, 0, 0.17%, 9, 0, 7, 149.24
1734515294, 112, 21, 39, 0, 0, 0.17%, 9, 0, 7, 171.35
1734515309, 112, 23, 39, 0, 0, 0.17%, 9, 0, 7, 168.89
1734515340, 112, 30, 39, 0, 0, 0.17%, 9, 0, 7, 145.56
1734515371, 113, 12, 39, 0, 0, 0.17%, 9, 0, 7, 142.25
1734515376, 113, 15, 39, 0, 0, 0.17%, 9, 0, 7, 141.22
1734515386, 114, 11, 39, 0, 0, 0.17%, 9, 0, 7, 151.45
1734515391, 114, 13, 39, 0, 0, 0.17%, 9, 0, 7, 148.69
1734515396, 114, 15, 39, 0, 0, 0.17%, 9, 0, 7, 144.23
1734515401, 114, 26, 39, 0, 0, 0.17%, 9, 0, 7, 152.07
1734515432, 115, 11, 39, 0, 0, 0.17%, 9, 0, 7, 143.68
1734515437, 115, 13, 39, 0, 0, 0.17%, 9, 0, 7, 145.79
1734515442, 115, 15, 39, 0, 0, 0.17%, 9, 0, 7, 138.79
1734515447, 116, 10, 39, 0, 0, 0.17%, 9, 0, 7, 141.63
1734515453, 116, 12, 39, 0, 0, 0.17%, 9, 0, 7, 139.87
1734515458, 116, 15, 39, 0, 0, 0.17%, 9, 0, 7, 143.72
1734515468, 116, 21, 39, 0, 0, 0.17%, 9, 0, 7, 165.46
1734515483, 117, 10, 39, 0, 0, 0.17%, 9, 0, 7, 154.26
1734515488, 117, 12, 39, 0, 0, 0.17%, 9, 0, 7, 146.69
1734515493, 117, 15, 39, 0, 0, 0.17%, 9, 0, 7, 145.26
1734515503, 117, 22, 39, 0, 0, 0.17%, 9, 0, 7, 169.73
1734515529, 117, 24, 39, 0, 0, 0.17%, 9, 0, 7, 169.66
1734515534, 118, 10, 39, 0, 0, 0.17%, 9, 0, 7, 157.64
1734515539, 118, 12, 39, 0, 0, 0.17%, 9, 0, 7, 148.10
1734515544, 118, 15, 39, 0, 0, 0.17%, 9, 0, 7, 143.95
1734515549, 118, 21, 39, 0, 0, 0.17%, 9, 0, 7, 153.27
1734515569, 118, 36, 39, 0, 0, 0.17%, 9, 0, 7, 162.31
1734515595, 119, 10, 39, 0, 0, 0.17%, 9, 0, 7, 153.09
1734515600, 119, 12, 39, 0, 0, 0.17%, 9, 0, 7, 145.48
1734515605, 119, 15, 39, 0, 0, 0.17%, 9, 0, 7, 142.12
1734515616, 120, 11, 39, 0, 0, 0.17%, 9, 0, 7, 142.05
1734515621, 120, 13, 39, 0, 0, 0.17%, 9, 0, 7, 145.53
1734515626, 120, 15, 39, 0, 0, 0.17%, 9, 0, 7, 142.40
1734515631, 120, 27, 39, 0, 0, 0.17%, 9, 0, 7, 150.83
1734515662, 120, 35, 39, 0, 0, 0.17%, 9, 0, 7, 162.06
1734515667, 121, 10, 39, 0, 0, 0.17%, 9, 0, 7, 146.72
1734515672, 121, 12, 39, 0, 0, 0.17%, 9, 0, 7, 140.45
1734515677, 121, 15, 39, 0, 0, 0.17%, 9, 0, 7, 144.76
1734515687, 122, 12, 39, 0, 0, 0.17%, 9, 0, 7, 145.69
1734515693, 122, 15, 39, 0, 0, 0.17%, 9, 0, 7, 152.42
1734515703, 122, 37, 39, 0, 0, 0.17%, 9, 0, 7, 154.45
1734515718, 123, 11, 39, 0, 0, 0.17%, 9, 0, 7, 149.13
1734515723, 123, 13, 39, 0, 0, 0.17%, 9, 0, 7, 146.77
1734515728, 123, 15, 39, 0, 0, 0.17%, 9, 0, 7, 145.14
1734515734, 124, 10, 39, 0, 0, 0.17%, 9, 0, 7, 145.38
1734515739, 124, 12, 39, 0, 0, 0.17%, 9, 0, 7, 147.28
1734515744, 124, 15, 39, 0, 0, 0.17%, 9, 0, 7, 148.80
1734515749, 124, 20, 39, 0, 0, 0.17%, 9, 0, 7, 161.34
1734515769, 124, 32, 39, 0, 0, 0.17%, 9, 0, 7, 154.73
1734515774, 125, 10, 39, 0, 0, 0.17%, 9, 0, 7, 145.89
1734515780, 125, 12, 39, 0, 0, 0.17%, 9, 0, 7, 141.04
1734515785, 125, 15, 39, 0, 0, 0.17%, 9, 0, 7, 145.37
1734515795, 126, 11, 39, 0, 0, 0.17%, 9, 0, 7, 135.65
1734515800, 126, 13, 39, 0, 0, 0.17%, 9, 0, 7, 140.88
1734515805, 126, 15, 39, 0, 0, 0.17%, 9, 0, 7, 154.12
1734515811, 127, 11, 39, 0, 0, 0.17%, 9, 0, 7, 148.07
1734515816, 127, 13, 39, 0, 0, 0.17%, 9, 0, 7, 148.71
1734515821, 127, 15, 39, 0, 0, 0.17%, 9, 0, 7, 142.85
1734515826, 127, 27, 39, 0, 0, 0.17%, 9, 0, 7, 152.93
1734515857, 127, 30, 39, 0, 0, 0.17%, 9, 0, 7, 143.75
1734515883, 128, 9, 39, 0, 0, 0.17%, 9, 0, 7, 143.83
1734515888, 128, 11, 39, 0, 0, 0.17%, 9, 0, 7, 137.93
1734515893, 128, 13, 39, 0, 0, 0.17%, 9, 0, 7, 147.34
1734515898, 128, 15, 39, 0, 0, 0.17%, 9, 0, 7, 145.74
1734515903, 128, 17, 39, 0, 0, 0.17%, 9, 0, 7, 145.65
1734515924, 128, 18, 39, 0, 0, 0.17%, 9, 0, 7, 148.97
1734515955, 129, 10, 39, 0, 0, 0.17%, 9, 0, 7, 146.71
1734515960, 129, 13, 39, 0, 0, 0.17%, 9, 0, 7, 150.65
1734515965, 129, 15, 39, 0, 0, 0.17%, 9, 0, 7, 149.12
1734515970, 129, 27, 39, 0, 0, 0.17%, 9, 0, 7, 146.87
1734516001, 130, 10, 39, 0, 0, 0.17%, 9, 0, 7, 139.57
1734516006, 130, 12, 39, 0, 0, 0.17%, 9, 0, 7, 142.30
1734516011, 130, 15, 39, 0, 0, 0.17%, 9, 0, 7, 143.93
1734516022, 131, 10, 39, 0, 0, 0.17%, 9, 0, 7, 147.05
1734516027, 131, 13, 39, 0, 0, 0.17%, 9, 0, 7, 144.34
1734516032, 131, 15, 39, 0, 0, 0.17%, 9, 0, 7, 150.42
1734516037, 131, 34, 39, 0, 0, 0.17%, 9, 0, 7, 149.30
1734516058, 132, 11, 39, 0, 0, 0.17%, 9, 0, 7, 144.86
1734516063, 132, 13, 39, 0, 0, 0.17%, 9, 0, 7, 149.40
1734516068, 132, 15, 39, 0, 0, 0.17%, 9, 0, 7, 144.53
1734516073, 132, 21, 39, 0, 0, 0.17%, 9, 0, 7, 159.53
1734516093, 133, 10, 39, 0, 0, 0.17%, 9, 0, 7, 150.06
1734516099, 133, 13, 39, 0, 0, 0.17%, 9, 0, 7, 145.01
1734516104, 133, 15, 39, 0, 0, 0.17%, 9, 0, 7, 152.82
1734516109, 133, 29, 39, 0, 0, 0.17%, 9, 0, 7, 145.62
1734516139, 133, 35, 39, 0, 0, 0.17%, 9, 0, 7, 161.83
1734516144, 134, 10, 39, 0, 0, 0.17%, 9, 0, 7, 159.63
1734516149, 134, 12, 39, 0, 0, 0.17%, 9, 0, 7, 148.08
1734516155, 134, 15, 39, 0, 0, 0.17%, 9, 0, 7, 143.15
1734516165, 135, 7, 39, 0, 0, 0.17%, 9, 0, 7, 147.60
1734516170, 135, 11, 39, 0, 0, 0.17%, 9, 0, 7, 142.27
1734516175, 135, 13, 39, 0, 0, 0.17%, 9, 0, 7, 145.12
1734516180, 135, 15, 39, 0, 0, 0.17%, 9, 0, 7, 142.38
1734516186, 135, 23, 39, 0, 0, 0.17%, 9, 0, 7, 167.58
1734516211, 136, 10, 39, 0, 0, 0.17%, 9, 0, 7, 147.10
1734516216, 136, 12, 39, 0, 0, 0.17%, 9, 0, 7, 141.03
1734516221, 136, 15, 39, 0, 0, 0.17%, 9, 0, 7, 144.44
1734516232, 136, 32, 39, 0, 0, 0.17%, 9, 0, 7, 157.19
1734516237, 136, 35, 39, 0, 0, 0.17%, 9, 0, 7, 158.60
1734516242, 137, 11, 39, 0, 0, 0.17%, 9, 0, 7, 150.30
1734516247, 137, 13, 39, 0, 0, 0.17%, 9, 0, 7, 153.95
1734516252, 137, 15, 39, 0, 0, 0.17%, 9, 0, 7, 143.80
1734516257, 137, 24, 39, 0, 0, 0.17%, 9, 0, 7, 141.27
1734516262, 138, 10, 39, 0, 0, 0.17%, 9, 0, 7, 154.92
1734516267, 138, 12, 39, 0, 0, 0.17%, 9, 0, 7, 145.89
1734516272, 138, 15, 39, 0, 0, 0.17%, 9, 0, 7, 143.67
1734516282, 138, 17, 39, 0, 0, 0.17%, 9, 0, 7, 150.34
1734516298, 138, 19, 39, 0, 0, 0.17%, 9, 0, 7, 136.37
1734516318, 138, 22, 39, 0, 0, 0.17%, 9, 0, 7, 171.73
1734516344, 138, 28, 39, 0, 0, 0.17%, 9, 0, 7, 154.21
1734516374, 138, 33, 39, 0, 0, 0.17%, 9, 0, 7, 158.31
1734516390, 139, 10, 39, 0, 0, 0.17%, 9, 0, 7, 139.74
1734516395, 139, 12, 39, 0, 0, 0.17%, 9, 0, 7, 150.98
1734516400, 139, 15, 39, 0, 0, 0.17%, 9, 0, 7, 146.04
1734516410, 140, 11, 39, 0, 0, 0.17%, 9, 0, 7, 135.52
1734516415, 140, 13, 39, 0, 0, 0.17%, 9, 0, 7, 136.75
1734516420, 140, 15, 39, 0, 0, 0.17%, 9, 0, 7, 141.23
1734516425, 140, 25, 39, 0, 0, 0.17%, 9, 0, 7, 159.92
1734516446, 141, 11, 39, 0, 0, 0.17%, 9, 0, 7, 140.82
1734516451, 141, 13, 39, 0, 0, 0.17%, 9, 0, 7, 141.64
1734516456, 141, 15, 39, 0, 0, 0.17%, 9, 0, 7, 150.33
1734516461, 141, 16, 39, 0, 0, 0.17%, 9, 0, 7, 150.72
1734516482, 142, 5, 39, 0, 0, 0.17%, 9, 0, 7, 141.69
1734516487, 142, 11, 39, 0, 0, 0.17%, 9, 0, 7, 141.77
1734516492, 142, 15, 39, 0, 0, 0.17%, 9, 0, 7, 146.20
1734516502, 143, 11, 39, 0, 0, 0.17%, 9, 0, 7, 145.89
1734516507, 143, 13, 39, 0, 0, 0.17%, 9, 0, 7, 143.07
1734516512, 143, 15, 39, 0, 0, 0.17%, 9, 0, 7, 143.49
1734516518, 143, 20, 39, 0, 0, 0.17%, 9, 0, 7, 156.33
1734516523, 144, 10, 39, 0, 0, 0.17%, 9, 0, 7, 142.18
1734516528, 144, 12, 39, 0, 0, 0.17%, 9, 0, 7, 149.78
1734516533, 144, 15, 39, 0, 0, 0.17%, 9, 0, 7, 150.13
1734516543, 144, 22, 39, 0, 0, 0.17%, 9, 0, 7, 154.69
1734516548, 144, 24, 39, 0, 0, 0.17%, 9, 0, 7, 149.90
1734516553, 144, 29, 39, 0, 0, 0.17%, 9, 0, 7, 157.01
1734516584, 145, 11, 39, 0, 0, 0.17%, 9, 0, 7, 140.62
1734516589, 145, 15, 39, 0, 0, 0.17%, 9, 0, 7, 146.10
1734516599, 145, 18, 39, 0, 0, 0.17%, 9, 0, 7, 154.73
1734516625, 145, 34, 39, 0, 0, 0.17%, 9, 0, 7, 160.66
1734516645, 146, 11, 39, 0, 0, 0.17%, 9, 0, 7, 143.04
1734516650, 146, 13, 39, 0, 0, 0.17%, 9, 0, 7, 142.31
1734516655, 146, 15, 39, 0, 0, 0.17%, 9, 0, 7, 142.88
1734516661, 146, 17, 39, 0, 0, 0.17%, 9, 0, 7, 149.02
1734516666, 146, 19, 39, 0, 0, 0.17%, 9, 0, 7, 150.10
1734516671, 146, 22, 39, 0, 0, 0.17%, 9, 0, 7, 155.29
1734516676, 146, 27, 39, 0, 0, 0.17%, 9, 0, 7, 159.02
1734516686, 147, 11, 39, 0, 0, 0.17%, 9, 0, 7, 142.64
1734516691, 147, 13, 39, 0, 0, 0.17%, 9, 0, 7, 137.51
1734516696, 147, 15, 39, 0, 0, 0.17%, 9, 0, 7, 137.35
1734516701, 147, 21, 39, 0, 0, 0.17%, 9, 0, 7, 168.39
1734516722, 148, 11, 39, 0, 0, 0.17%, 9, 0, 7, 142.34
1734516727, 148, 13, 39, 0, 0, 0.17%, 9, 0, 7, 142.36
1734516732, 148, 14, 39, 0, 0, 0.17%, 9, 0, 7, 135.51
1734516748, 148, 15, 39, 0, 0, 0.17%, 9, 0, 7, 145.06
1734516758, 148, 31, 39, 0, 0, 0.17%, 9, 0, 7, 190.08
1734516783, 149, 10, 39, 0, 0, 0.17%, 9, 0, 7, 142.92
1734516789, 149, 13, 39, 0, 0, 0.17%, 9, 0, 7, 142.97
1734516794, 149, 15, 39, 0, 0, 0.17%, 9, 0, 7, 144.53
1734516799, 149, 17, 39, 0, 0, 0.17%, 9, 0, 7, 152.84
1734516804, 149, 32, 39, 0, 0, 0.17%, 9, 0, 7, 143.44
1734516809, 150, 0, 39, 0, 0, 0.17%, 9, 0, 7, 142.25
1734516814, 150, 11, 39, 0, 0, 0.17%, 9, 0, 7, 143.58
1734516819, 150, 13, 39, 0, 0, 0.17%, 9, 0, 7, 144.74
1734516824, 150, 15, 39, 0, 0, 0.17%, 9, 0, 7, 143.00
1734516830, 150, 28, 39, 0, 0, 0.17%, 9, 0, 7, 151.21
1734516860, 150, 29, 39, 0, 0, 0.17%, 9, 0, 7, 143.71
1734516865, 151, 10, 39, 0, 0, 0.17%, 9, 0, 7, 137.97
1734516870, 151, 12, 39, 0, 0, 0.17%, 9, 0, 7, 143.05
1734516876, 151, 15, 39, 0, 0, 0.17%, 9, 0, 7, 144.58
1734516886, 152, 11, 39, 0, 0, 0.17%, 9, 0, 7, 140.46
1734516891, 152, 13, 39, 0, 0, 0.17%, 9, 0, 7, 143.46
1734516896, 152, 15, 39, 0, 0, 0.17%, 9, 0, 7, 140.19
1734516901, 153, 6, 39, 0, 0, 0.17%, 9, 0, 7, 145.78
1734516906, 153, 12, 39, 0, 0, 0.17%, 9, 0, 7, 146.34
1734516912, 153, 14, 39, 0, 0, 0.17%, 9, 0, 7, 145.18
1734516932, 153, 15, 39, 0, 0, 0.17%, 9, 0, 7, 137.98
1734516937, 154, 10, 39, 0, 0, 0.17%, 9, 0, 7, 152.11
1734516942, 154, 12, 39, 0, 0, 0.17%, 9, 0, 7, 141.70
1734516948, 154, 15, 39, 0, 0, 0.17%, 9, 0, 7, 138.34
1734516958, 154, 27, 39, 0, 0, 0.17%, 9, 0, 7, 150.16
1734516963, 155, 0, 39, 0, 0, 0.17%, 9, 0, 7, 157.44
1734516968, 155, 12, 39, 0, 0, 0.17%, 9, 0, 7, 153.33
1734516973, 155, 15, 39, 0, 0, 0.17%, 9, 0, 7, 150.40
1734516983, 155, 22, 39, 0, 0, 0.17%, 9, 0, 7, 159.95
1734516988, 155, 26, 39, 0, 0, 0.17%, 9, 0, 7, 158.67
1734517019, 155, 27, 39, 0, 0, 0.17%, 9, 0, 7, 148.86
1734517024, 156, 10, 39, 0, 0, 0.17%, 9, 0, 7, 145.90
1734517030, 156, 12, 39, 0, 0, 0.17%, 9, 0, 7, 142.67
1734517035, 156, 15, 39, 0, 0, 0.17%, 9, 0, 7, 145.33
1734517045, 156, 36, 39, 0, 0, 0.17%, 9, 0, 7, 175.71
1734517070, 157, 10, 39, 0, 0, 0.17%, 9, 0, 7, 141.58
1734517075, 157, 13, 39, 0, 0, 0.17%, 9, 0, 7, 142.45
1734517081, 157, 15, 39, 0, 0, 0.17%, 9, 0, 7, 142.04
1734517086, 157, 17, 39, 0, 0, 0.17%, 9, 0, 7, 155.38
1734517091, 157, 27, 39, 0, 0, 0.17%, 9, 0, 7, 147.25
1734517101, 158, 11, 39, 0, 0, 0.17%, 9, 0, 7, 146.15
1734517106, 158, 13, 39, 0, 0, 0.17%, 9, 0, 7, 143.97
1734517112, 158, 15, 39, 0, 0, 0.17%, 9, 0, 7, 148.92
1734517117, 159, 10, 39, 0, 0, 0.17%, 9, 0, 7, 149.30
1734517122, 159, 12, 39, 0, 0, 0.17%, 9, 0, 7, 145.03
1734517127, 159, 15, 39, 0, 0, 0.17%, 9, 0, 7, 142.30
1734517137, 160, 11, 39, 0, 0, 0.17%, 9, 0, 7, 145.78
1734517142, 160, 15, 39, 0, 0, 0.17%, 9, 0, 7, 149.70
1734517152, 161, 10, 39, 0, 0, 0.17%, 9, 0, 7, 153.81
1734517158, 161, 12, 39, 0, 0, 0.17%, 9, 0, 7, 144.20
1734517163, 161, 15, 39, 0, 0, 0.17%, 9, 0, 7, 148.39
1734517173, 161, 23, 39, 0, 0, 0.17%, 9, 0, 7, 155.82
1734517178, 161, 35, 39, 0, 0, 0.17%, 9, 0, 7, 171.92
1734517183, 162, 10, 39, 0, 0, 0.17%, 9, 0, 7, 159.65
1734517188, 162, 13, 39, 0, 0, 0.17%, 9, 0, 7, 143.30
1734517193, 162, 15, 39, 0, 0, 0.17%, 9, 0, 7, 142.43
1734517198, 162, 21, 39, 0, 0, 0.17%, 9, 0, 7, 157.28
1734517219, 163, 11, 39, 0, 0, 0.17%, 9, 0, 7, 148.15
1734517224, 163, 13, 39, 0, 0, 0.17%, 9, 0, 7, 142.14
1734517229, 163, 15, 39, 0, 0, 0.17%, 9, 0, 7, 145.17
1734517234, 163, 30, 39, 0, 0, 0.17%, 9, 0, 7, 149.74
1734517244, 163, 35, 39, 0, 0, 0.17%, 9, 0, 7, 164.62
1734517249, 164, 11, 39, 0, 0, 0.17%, 9, 0, 7, 149.44
1734517254, 164, 13, 39, 0, 0, 0.17%, 9, 0, 7, 139.43
1734517259, 164, 15, 39, 0, 0, 0.17%, 9, 0, 7, 147.17
1734517264, 164, 37, 39, 0, 0, 0.17%, 9, 0, 7, 145.92
1734517285, 165, 10, 39, 0, 0, 0.17%, 9, 0, 7, 147.10
1734517290, 165, 12, 39, 0, 0, 0.17%, 9, 0, 7, 140.68
1734517295, 165, 15, 39, 0, 0, 0.17%, 9, 0, 7, 140.82
1734517300, 166, 6, 39, 0, 0, 0.17%, 9, 0, 7, 151.55
1734517305, 166, 10, 39, 0, 0, 0.17%, 9, 0, 7, 144.47
1734517311, 166, 12, 39, 0, 0, 0.17%, 9, 0, 7, 137.09
1734517316, 166, 15, 39, 0, 0, 0.17%, 9, 0, 7, 140.69
1734517326, 166, 34, 39, 0, 0, 0.17%, 9, 0, 7, 156.46
1734517331, 167, 10, 39, 0, 0, 0.17%, 9, 0, 7, 142.55
1734517336, 167, 13, 39, 0, 0, 0.17%, 9, 0, 7, 149.80
1734517341, 167, 14, 39, 0, 0, 0.17%, 9, 0, 7, 144.25
1734517357, 167, 15, 39, 0, 0, 0.17%, 9, 0, 7, 140.57
1734517367, 168, 11, 39, 0, 0, 0.17%, 9, 0, 7, 141.93
1734517372, 168, 13, 39, 0, 0, 0.17%, 9, 0, 7, 138.67
1734517378, 168, 15, 39, 0, 0, 0.17%, 9, 0, 7, 132.90
1734517383, 168, 19, 39, 0, 0, 0.17%, 9, 0, 7, 135.86
1734517388, 168, 21, 39, 0, 0, 0.17%, 9, 0, 7, 153.99
1734517393, 169, 0, 39, 0, 0, 0.17%, 9, 0, 7, 156.66
1734517398, 169, 11, 39, 0, 0, 0.17%, 9, 0, 7, 142.96
1734517403, 169, 13, 39, 0, 0, 0.17%, 9, 0, 7, 141.28
1734517408, 169, 15, 39, 0, 0, 0.17%, 9, 0, 7, 136.90
1734517413, 169, 29, 39, 0, 0, 0.17%, 9, 0, 7, 144.21
1734517419, 170, 10, 39, 0, 0, 0.17%, 9, 0, 7, 153.39
1734517424, 170, 12, 39, 0, 0, 0.17%, 9, 0, 7, 144.51
1734517429, 170, 15, 39, 0, 0, 0.17%, 9, 0, 7, 141.10
1734517439, 171, 11, 39, 0, 0, 0.17%, 9, 0, 7, 142.99
1734517444, 171, 13, 39, 0, 0, 0.17%, 9, 0, 7, 142.77
1734517449, 171, 15, 39, 0, 0, 0.17%, 9, 0, 7, 139.61
1734517454, 171, 20, 39, 0, 0, 0.17%, 9, 0, 7, 155.73
1734517460, 172, 0, 39, 0, 0, 0.17%, 9, 0, 7, 148.50
1734517465, 172, 12, 39, 0, 0, 0.17%, 9, 0, 7, 144.03
1734517470, 172, 15, 39, 0, 0, 0.17%, 9, 0, 7, 146.21
1734517480, 172, 18, 39, 0, 0, 0.17%, 9, 0, 7, 157.44
1734517505, 172, 29, 39, 0, 0, 0.17%, 9, 0, 7, 154.95
1734517516, 172, 30, 39, 0, 0, 0.17%, 9, 0, 7, 150.99
1734517521, 173, 11, 39, 0, 0, 0.17%, 9, 0, 7, 145.20
1734517526, 173, 13, 39, 0, 0, 0.17%, 9, 0, 7, 143.45
1734517531, 173, 14, 39, 0, 0, 0.17%, 9, 0, 7, 147.75
1734517547, 173, 15, 39, 0, 0, 0.17%, 9, 0, 7, 148.72
1734517552, 173, 23, 39, 0, 0, 0.17%, 9, 0, 7, 166.09
1734517562, 173, 30, 39, 0, 0, 0.17%, 9, 0, 7, 154.08
1734517567, 173, 36, 39, 0, 0, 0.17%, 9, 0, 7, 168.36
1734517592, 173, 38, 39, 0, 0, 0.17%, 9, 0, 7, 147.89
1734517623, 174, 11, 39, 0, 0, 0.17%, 9, 0, 7, 154.05
1734517628, 174, 13, 39, 0, 0, 0.17%, 9, 0, 7, 144.77
1734517633, 174, 15, 39, 0, 0, 0.17%, 9, 0, 7, 146.50
1734517638, 174, 38, 39, 0, 0, 0.17%, 9, 0, 7, 172.65
1734517664, 175, 8, 39, 0, 0, 0.17%, 9, 0, 7, 157.30
1734517669, 175, 11, 39, 0, 0, 0.17%, 9, 0, 7, 147.93
1734517674, 175, 15, 39, 0, 0, 0.17%, 9, 0, 7, 150.01
1734517684, 175, 26, 39, 0, 0, 0.17%, 9, 0, 7, 158.26
1734517715, 176, 11, 39, 0, 0, 0.17%, 9, 0, 7, 149.05
1734517720, 176, 15, 39, 0, 0, 0.17%, 9, 0, 7, 148.78
1734517730, 176, 16, 39, 0, 0, 0.17%, 9, 0, 7, 140.71
1734517751, 176, 22, 39, 0, 0, 0.17%, 9, 0, 7, 149.23
1734517756, 177, 6, 39, 0, 0, 0.17%, 9, 0, 7, 145.97
1734517761, 177, 12, 39, 0, 0, 0.17%, 9, 0, 7, 147.72
1734517766, 177, 15, 39, 0, 0, 0.17%, 9, 0, 7, 142.09
1734517776, 177, 30, 39, 0, 0, 0.17%, 9, 0, 7, 144.99
1734517782, 177, 35, 39, 0, 0, 0.17%, 9, 0, 7, 170.81
1734517792, 177, 36, 39, 0, 0, 0.17%, 9, 0, 7, 169.02
1734517802, 178, 3, 39, 0, 0, 0.17%, 9, 0, 7, 154.54
1734517807, 178, 11, 39, 0, 0, 0.17%, 9, 0, 7, 147.64
1734517812, 178, 13, 39, 0, 0, 0.17%, 9, 0, 7, 133.83
1734517817, 178, 15, 39, 0, 0, 0.17%, 9, 0, 7, 150.50
1734517822, 179, 11, 39, 0, 0, 0.17%, 9, 0, 7, 149.42
1734517828, 179, 13, 39, 0, 0, 0.17%, 9, 0, 7, 141.89
1734517833, 179, 15, 39, 0, 0, 0.17%, 9, 0, 7, 148.85
1734517838, 180, 4, 39, 0, 0, 0.17%, 9, 0, 7, 157.03
1734517843, 180, 11, 39, 0, 0, 0.17%, 9, 0, 7, 150.70
1734517848, 180, 13, 39, 0, 0, 0.17%, 9, 0, 7, 141.39
1734517853, 180, 15, 39, 0, 0, 0.17%, 9, 0, 7, 144.15
1734517858, 181, 10, 39, 0, 0, 0.17%, 9, 0, 7, 147.36
1734517863, 181, 13, 39, 0, 0, 0.17%, 9, 0, 7, 140.17
1734517868, 181, 15, 39, 0, 0, 0.17%, 9, 0, 7, 143.32
1734517874, 181, 25, 39, 0, 0, 0.17%, 9, 0, 7, 147.56
1734517894, 182, 6, 39, 0, 0, 0.17%, 9, 0, 7, 158.67
1734517899, 182, 11, 39, 0, 0, 0.17%, 9, 0, 7, 146.56
1734517904, 182, 15, 39, 0, 0, 0.17%, 9, 0, 7, 145.91
1734517914, 182, 20, 39, 0, 0, 0.17%, 9, 0, 7, 148.94
1734517919, 182, 34, 39, 0, 0, 0.17%, 9, 0, 7, 151.29
1734517924, 182, 36, 39, 0, 0, 0.17%, 9, 0, 7, 152.66
1734517930, 182, 37, 39, 0, 0, 0.17%, 9, 0, 7, 149.43
1734517940, 182, 38, 39, 0, 0, 0.17%, 9, 0, 7, 186.59
1734517965, 183, 11, 39, 0, 0, 0.17%, 9, 0, 7, 142.97
1734517971, 183, 13, 39, 0, 0, 0.17%, 9, 0, 7, 147.04
1734517976, 183, 15, 39, 0, 0, 0.17%, 9, 0, 7, 144.53
1734517981, 183, 19, 39, 0, 0, 0.17%, 9, 0, 7, 144.09
1734517986, 183, 23, 39, 0, 0, 0.17%, 9, 0, 7, 166.32
1734517991, 184, 2, 39, 0, 0, 0.17%, 9, 0, 7, 157.20
1734517996, 184, 11, 39, 0, 0, 0.17%, 9, 0, 7, 141.34
1734518001, 184, 13, 39, 0, 0, 0.17%, 9, 0, 7, 146.53
1734518006, 184, 15, 39, 0, 0, 0.17%, 9, 0, 7, 152.15
1734518012, 184, 16, 39, 0, 0, 0.17%, 9, 0, 7, 147.16
1734518032, 184, 21, 39, 0, 0, 0.17%, 9, 0, 7, 154.84
1734518037, 185, 11, 39, 0, 0, 0.17%, 9, 0, 7, 147.40
1734518042, 185, 13, 39, 0, 0, 0.17%, 9, 0, 7, 149.62
1734518048, 185, 15, 39, 0, 0, 0.17%, 9, 0, 7, 155.19
1734518053, 185, 35, 39, 0, 0, 0.17%, 9, 0, 7, 169.30
1734518058, 186, 8, 39, 0, 0, 0.17%, 9, 0, 7, 153.70
1734518063, 186, 11, 39, 0, 0, 0.17%, 9, 0, 7, 145.53
1734518068, 186, 13, 39, 0, 0, 0.17%, 9, 0, 7, 151.81
1734518073, 186, 15, 39, 0, 0, 0.17%, 9, 0, 7, 150.55
1734518078, 187, 10, 39, 0, 0, 0.17%, 9, 0, 7, 142.78
1734518083, 187, 12, 39, 0, 0, 0.17%, 9, 0, 7, 138.34
1734518089, 187, 15, 39, 0, 0, 0.17%, 9, 0, 7, 144.75
1734518099, 187, 18, 39, 0, 0, 0.17%, 9, 0, 7, 161.53
1734518124, 187, 28, 39, 0, 0, 0.17%, 9, 0, 7, 151.98
1734518155, 188, 11, 39, 0, 0, 0.17%, 9, 0, 7, 146.81
1734518160, 188, 13, 39, 0, 0, 0.17%, 9, 0, 7, 145.56
1734518165, 188, 15, 39, 0, 0, 0.17%, 9, 0, 7, 152.84
1734518170, 189, 10, 39, 0, 0, 0.17%, 9, 0, 7, 153.11
1734518175, 189, 12, 39, 0, 0, 0.17%, 9, 0, 7, 149.17
1734518180, 189, 15, 39, 0, 0, 0.17%, 9, 0, 7, 148.04
1734518191, 189, 27, 39, 0, 0, 0.17%, 9, 0, 7, 158.98
1734518201, 189, 35, 39, 0, 0, 0.17%, 9, 0, 7, 163.72
1734518206, 190, 10, 39, 0, 0, 0.17%, 9, 0, 7, 151.78
1734518211, 190, 12, 39, 0, 0, 0.17%, 9, 0, 7, 143.72
1734518216, 190, 15, 39, 0, 0, 0.17%, 9, 0, 7, 140.96
1734518226, 190, 38, 39, 0, 0, 0.17%, 9, 0, 7, 177.06
1734518236, 191, 10, 39, 0, 0, 0.17%, 9, 0, 7, 147.45
1734518242, 191, 13, 39, 0, 0, 0.17%, 9, 0, 7, 144.58
1734518247, 191, 15, 39, 0, 0, 0.17%, 9, 0, 7, 141.16
1734518252, 191, 18, 39, 0, 0, 0.17%, 9, 0, 7, 155.23
1734518282, 191, 34, 39, 0, 0, 0.17%, 9, 0, 7, 153.65
1734518287, 192, 11, 39, 0, 0, 0.17%, 9, 0, 7, 141.91
1734518293, 192, 13, 39, 0, 0, 0.17%, 9, 0, 7, 145.15
1734518298, 192, 15, 39, 0, 0, 0.17%, 9, 0, 7, 149.44
1734518303, 192, 33, 39, 0, 0, 0.17%, 9, 0, 7, 164.53
1734518318, 193, 10, 39, 0, 0, 0.17%, 9, 0, 7, 149.87
1734518323, 193, 12, 39, 0, 0, 0.17%, 9, 0, 7, 142.72
1734518329, 193, 15, 39, 0, 0, 0.17%, 9, 0, 7, 145.47
1734518339, 194, 10, 39, 0, 0, 0.17%, 9, 0, 7, 144.56
1734518344, 194, 12, 39, 0, 0, 0.17%, 9, 0, 7, 143.87
1734518349, 194, 15, 39, 0, 0, 0.17%, 9, 0, 7, 146.37
1734518359, 195, 1, 39, 0, 0, 0.17%, 9, 0, 7, 143.83
1734518365, 195, 11, 39, 0, 0, 0.17%, 9, 0, 7, 149.28
1734518370, 195, 13, 39, 0, 0, 0.17%, 9, 0, 7, 145.70
1734518375, 195, 14, 39, 0, 0, 0.17%, 9, 0, 7, 142.20
1734518380, 195, 15, 39, 0, 0, 0.17%, 9, 0, 7, 138.26
1734518385, 195, 29, 39, 0, 0, 0.17%, 9, 0, 7, 153.21
1734518396, 195, 31, 39, 0, 0, 0.17%, 9, 0, 7, 202.85
1734518421, 196, 10, 39, 0, 0, 0.17%, 9, 0, 7, 146.52
1734518426, 196, 12, 39, 0, 0, 0.17%, 9, 0, 7, 142.90
1734518431, 196, 15, 39, 0, 0, 0.17%, 9, 0, 7, 145.30
1734518442, 196, 17, 39, 0, 0, 0.17%, 9, 0, 7, 148.65
1734518447, 197, 11, 39, 0, 0, 0.17%, 9, 0, 7, 141.74
1734518452, 197, 13, 39, 0, 0, 0.17%, 9, 0, 7, 142.38
1734518457, 197, 15, 39, 0, 0, 0.17%, 9, 0, 7, 150.69
1734518462, 197, 34, 39, 0, 0, 0.17%, 9, 0, 7, 160.64
1734518467, 198, 10, 39, 0, 0, 0.17%, 9, 0, 7, 149.90
1734518472, 198, 13, 39, 0, 0, 0.17%, 9, 0, 7, 146.60
1734518477, 198, 15, 39, 0, 0, 0.17%, 9, 0, 7, 155.01
1734518483, 198, 35, 39, 0, 0, 0.17%, 9, 0, 7, 163.16
1734518493, 199, 11, 39, 0, 0, 0.17%, 9, 0, 7, 151.77
1734518498, 199, 13, 39, 0, 0, 0.17%, 9, 0, 7, 143.78
1734518503, 199, 15, 39, 0, 0, 0.17%, 9, 0, 7, 151.05
1734518508, 200, 10, 39, 0, 0, 0.17%, 9, 0, 7, 146.12
1734518513, 200, 12, 39, 0, 0, 0.17%, 9, 0, 7, 152.89
1734518518, 200, 15, 39, 0, 0, 0.17%, 9, 0, 7, 147.96
1734518529, 201, 12, 39, 0, 0, 0.17%, 9, 0, 7, 145.66
1734518534, 201, 15, 39, 0, 0, 0.17%, 9, 0, 7, 140.92
1734518544, 202, 11, 39, 0, 0, 0.17%, 9, 0, 7, 141.69
1734518549, 202, 13, 39, 0, 0, 0.17%, 9, 0, 7, 147.34
1734518554, 202, 15, 39, 0, 0, 0.17%, 9, 0, 7, 154.76
1734518559, 202, 27, 39, 0, 0, 0.17%, 9, 0, 7, 158.93
1734518565, 202, 30, 39, 0, 0, 0.17%, 9, 0, 7, 144.73
1734518575, 203, 10, 39, 0, 0, 0.17%, 9, 0, 7, 151.30
1734518580, 203, 12, 39, 0, 0, 0.17%, 9, 0, 7, 146.88
1734518585, 203, 15, 39, 0, 0, 0.17%, 9, 0, 7, 147.13
1734518595, 204, 11, 39, 0, 0, 0.17%, 9, 0, 7, 142.75
1734518601, 204, 13, 39, 0, 0, 0.17%, 9, 0, 7, 145.75
1734518606, 204, 15, 39, 0, 0, 0.17%, 9, 0, 7, 151.70
1734518611, 204, 18, 39, 0, 0, 0.17%, 9, 0, 7, 158.90
1734518616, 205, 10, 39, 0, 0, 0.17%, 9, 0, 7, 153.59
1734518621, 205, 12, 39, 0, 0, 0.17%, 9, 0, 7, 143.31
1734518626, 205, 15, 39, 0, 0, 0.17%, 9, 0, 7, 144.56
1734518636, 205, 31, 39, 0, 0, 0.17%, 9, 0, 7, 198.16
1734518662, 206, 11, 39, 0, 0, 0.17%, 9, 0, 7, 143.50
1734518667, 206, 13, 39, 0, 0, 0.17%, 9, 0, 7, 138.17
1734518672, 206, 15, 39, 0, 0, 0.17%, 9, 0, 7, 141.35
1734518677, 206, 24, 39, 0, 0, 0.17%, 9, 0, 7, 137.06
1734518682, 206, 26, 39, 0, 0, 0.17%, 9, 0, 7, 150.19
1734518713, 207, 10, 39, 0, 0, 0.17%, 9, 0, 7, 147.45
1734518718, 207, 12, 39, 0, 0, 0.17%, 9, 0, 7, 147.69
1734518723, 207, 15, 39, 0, 0, 0.17%, 9, 0, 7, 139.77
1734518733, 207, 25, 39, 0, 0, 0.17%, 9, 0, 7, 164.30
1734518749, 208, 6, 39, 0, 0, 0.17%, 9, 0, 7, 142.14
1734518754, 208, 11, 39, 0, 0, 0.17%, 9, 0, 7, 138.86
1734518759, 208, 13, 39, 0, 0, 0.17%, 9, 0, 7, 140.98
1734518764, 208, 15, 39, 0, 0, 0.17%, 9, 0, 7, 147.55
1734518769, 209, 10, 39, 0, 0, 0.17%, 9, 0, 7, 144.14
1734518774, 209, 12, 39, 0, 0, 0.17%, 9, 0, 7, 141.04
1734518779, 209, 15, 39, 0, 0, 0.17%, 9, 0, 7, 142.94
1734518790, 209, 34, 39, 0, 0, 0.17%, 9, 0, 7, 149.34
1734518795, 210, 11, 39, 0, 0, 0.17%, 9, 0, 7, 149.63
1734518800, 210, 13, 39, 0, 0, 0.17%, 9, 0, 7, 150.60
1734518805, 210, 15, 39, 0, 0, 0.17%, 9, 0, 7, 156.66
1734518810, 211, 10, 39, 0, 0, 0.17%, 9, 0, 7, 142.71
1734518815, 211, 13, 39, 0, 0, 0.17%, 9, 0, 7, 142.06
1734518820, 211, 15, 39, 0, 0, 0.17%, 9, 0, 7, 145.55
1734518825, 212, 3, 39, 0, 0, 0.17%, 9, 0, 7, 147.87
1734518831, 212, 11, 39, 0, 0, 0.17%, 9, 0, 7, 148.39
1734518836, 212, 13, 39, 0, 0, 0.17%, 9, 0, 7, 144.79
1734518841, 212, 15, 39, 0, 0, 0.17%, 9, 0, 7, 142.06
1734518846, 212, 29, 39, 0, 0, 0.17%, 9, 0, 7, 154.34
1734518851, 213, 10, 39, 0, 0, 0.17%, 9, 0, 7, 152.84
1734518856, 213, 12, 39, 0, 0, 0.17%, 9, 0, 7, 146.47
1734518861, 213, 15, 39, 0, 0, 0.17%, 9, 0, 7, 144.04
1734518872, 213, 17, 39, 0, 0, 0.17%, 9, 0, 7, 137.67
1734518877, 213, 35, 39, 0, 0, 0.17%, 9, 0, 7, 157.28
1734518882, 214, 7, 39, 0, 0, 0.17%, 9, 0, 7, 154.10
1734518887, 214, 12, 39, 0, 0, 0.17%, 9, 0, 7, 145.15
1734518892, 214, 15, 39, 0, 0, 0.17%, 9, 0, 7, 148.21
1734518902, 214, 17, 39, 0, 0, 0.17%, 9, 0, 7, 142.33
1734518908, 214, 36, 39, 0, 0, 0.17%, 9, 0, 7, 167.13
1734518913, 215, 10, 39, 0, 0, 0.17%, 9, 0, 7, 150.40
1734518918, 215, 12, 39, 0, 0, 0.17%, 9, 0, 7, 142.04
1734518923, 215, 15, 39, 0, 0, 0.17%, 9, 0, 7, 141.24
1734518933, 216, 11, 39, 0, 0, 0.17%, 9, 0, 7, 152.30
1734518939, 216, 15, 39, 0, 0, 0.17%, 9, 0, 7, 149.60
1734518949, 216, 21, 39, 0, 0, 0.17%, 9, 0, 7, 159.04
1734518954, 216, 38, 39, 0, 0, 0.17%, 9, 0, 7, 187.95
1734518964, 217, 3, 39, 0, 0, 0.17%, 9, 0, 7, 140.17
1734518969, 217, 11, 39, 0, 0, 0.17%, 9, 0, 7, 139.25
1734518974, 217, 13, 39, 0, 0, 0.17%, 9, 0, 7, 137.95
1734518979, 217, 15, 39, 0, 0, 0.17%, 9, 0, 7, 144.09
1734518985, 217, 23, 39, 0, 0, 0.17%, 9, 0, 7, 163.11
1734518995, 218, 12, 39, 0, 0, 0.17%, 9, 0, 7, 149.75
1734519000, 218, 15, 39, 0, 0, 0.17%, 9, 0, 7, 146.84
1734519010, 218, 18, 39, 0, 0, 0.17%, 9, 0, 7, 152.89
1734519015, 219, 10, 39, 0, 0, 0.17%, 9, 0, 7, 145.52
1734519020, 219, 12, 39, 0, 0, 0.17%, 9, 0, 7, 142.25
1734519026, 219, 15, 39, 0, 0, 0.17%, 9, 0, 7, 146.77
1734519036, 219, 30, 39, 0, 0, 0.17%, 9, 0, 7, 141.66
1734519041, 220, 10, 39, 0, 0, 0.17%, 9, 0, 7, 140.96
1734519046, 220, 12, 39, 0, 0, 0.17%, 9, 0, 7, 143.50
1734519051, 220, 15, 39, 0, 0, 0.17%, 9, 0, 7, 140.17
1734519061, 220, 28, 39, 0, 0, 0.17%, 9, 0, 7, 154.76
1734519092, 221, 12, 39, 0, 0, 0.17%, 9, 0, 7, 142.03
1734519097, 221, 15, 39, 0, 0, 0.17%, 9, 0, 7, 142.78
1734519107, 222, 11, 39, 0, 0, 0.17%, 9, 0, 7, 142.82
1734519112, 222, 13, 39, 0, 0, 0.17%, 9, 0, 7, 143.89
1734519118, 222, 15, 39, 0, 0, 0.17%, 9, 0, 7, 145.12
1734519123, 223, 9, 39, 0, 0, 0.17%, 9, 0, 7, 147.70
1734519128, 223, 11, 39, 0, 0, 0.17%, 9, 0, 7, 147.26
1734519133, 223, 13, 39, 0, 0, 0.17%, 9, 0, 7, 146.15
1734519138, 223, 15, 39, 0, 0, 0.17%, 9, 0, 7, 144.67
1734519143, 223, 36, 39, 0, 0, 0.17%, 9, 0, 7, 166.48
1734519148, 223, 37, 39, 0, 0, 0.17%, 9, 0, 7, 157.76
1734519159, 224, 2, 39, 0, 0, 0.17%, 9, 0, 7, 142.41
1734519164, 224, 11, 39, 0, 0, 0.17%, 9, 0, 7, 142.28
1734519169, 224, 13, 39, 0, 0, 0.17%, 9, 0, 7, 140.13
1734519174, 224, 15, 39, 0, 0, 0.17%, 9, 0, 7, 151.09
1734519179, 225, 10, 39, 0, 0, 0.17%, 9, 0, 7, 142.17
1734519184, 225, 12, 39, 0, 0, 0.17%, 9, 0, 7, 141.47
1734519189, 225, 15, 39, 0, 0, 0.17%, 9, 0, 7, 142.16
1734519195, 225, 35, 39, 0, 0, 0.17%, 9, 0, 7, 147.89
1734519205, 226, 10, 39, 0, 0, 0.17%, 9, 0, 7, 147.76
1734519210, 226, 12, 39, 0, 0, 0.17%, 9, 0, 7, 136.87
1734519215, 226, 15, 39, 0, 0, 0.17%, 9, 0, 7, 140.04
1734519225, 226, 20, 39, 0, 0, 0.17%, 9, 0, 7, 154.57
1734519230, 226, 24, 39, 0, 0, 0.17%, 9, 0, 7, 142.63
1734519235, 227, 10, 39, 0, 0, 0.17%, 9, 0, 7, 149.83
1734519241, 227, 12, 39, 0, 0, 0.17%, 9, 0, 7, 143.77
1734519246, 227, 15, 39, 0, 0, 0.17%, 9, 0, 7, 144.01
1734519256, 228, 10, 39, 0, 0, 0.17%, 9, 0, 7, 145.11
1734519261, 228, 12, 39, 0, 0, 0.17%, 9, 0, 7, 145.78
1734519267, 228, 15, 39, 0, 0, 0.17%, 9, 0, 7, 146.60
1734519277, 228, 24, 39, 0, 0, 0.17%, 9, 0, 7, 152.78
1734519282, 228, 38, 39, 0, 0, 0.17%, 9, 0, 7, 175.08
1734519292, 229, 0, 39, 0, 0, 0.17%, 9, 0, 7, 148.02
1734519298, 229, 10, 39, 0, 0, 0.17%, 9, 0, 7, 147.27
1734519303, 229, 13, 39, 0, 0, 0.17%, 9, 0, 7, 140.40
1734519308, 229, 15, 39, 0, 0, 0.17%, 9, 0, 7, 134.98
1734519313, 229, 22, 39, 0, 0, 0.17%, 9, 0, 7, 155.59
1734519323, 229, 30, 39, 0, 0, 0.17%, 9, 0, 7, 151.70
1734519328, 229, 31, 39, 0, 0, 0.17%, 9, 0, 7, 165.69
1734519354, 230, 0, 39, 0, 0, 0.17%, 9, 0, 7, 151.16
1734519359, 230, 11, 39, 0, 0, 0.17%, 9, 0, 7, 139.05
1734519364, 230, 13, 39, 0, 0, 0.17%, 9, 0, 7, 141.43
1734519369, 230, 15, 39, 0, 0, 0.17%, 9, 0, 7, 146.38
1734519375, 230, 36, 39, 0, 0, 0.17%, 9, 0, 7, 165.68
1734519380, 231, 10, 39, 0, 0, 0.17%, 9, 0, 7, 158.91
1734519385, 231, 12, 39, 0, 0, 0.17%, 9, 0, 7, 146.19
1734519390, 231, 14, 39, 0, 0, 0.17%, 9, 0, 7, 145.06
1734519395, 231, 15, 39, 0, 0, 0.17%, 9, 0, 7, 145.69
1734519405, 232, 11, 39, 0, 0, 0.17%, 9, 0, 7, 139.24
1734519410, 232, 13, 39, 0, 0, 0.17%, 9, 0, 7, 144.35
1734519416, 232, 15, 39, 0, 0, 0.17%, 9, 0, 7, 146.36
1734519421, 232, 21, 39, 0, 0, 0.17%, 9, 0, 7, 157.53
1734519426, 232, 27, 39, 0, 0, 0.17%, 9, 0, 7, 152.31
1734519431, 232, 36, 39, 0, 0, 0.17%, 9, 0, 7, 157.09
1734519441, 233, 11, 39, 0, 0, 0.17%, 9, 0, 7, 151.93
1734519446, 233, 13, 39, 0, 0, 0.17%, 9, 0, 7, 144.25
1734519451, 233, 15, 39, 0, 0, 0.17%, 9, 0, 7, 150.48
1734519456, 233, 26, 39, 0, 0, 0.17%, 9, 0, 7, 151.30
1734519467, 234, 11, 39, 0, 0, 0.17%, 9, 0, 7, 139.52
1734519472, 234, 13, 39, 0, 0, 0.17%, 9, 0, 7, 143.23
1734519477, 234, 15, 39, 0, 0, 0.17%, 9, 0, 7, 151.33
1734519482, 234, 28, 39, 0, 0, 0.17%, 9, 0, 7, 155.09
1734519492, 235, 12, 39, 0, 0, 0.17%, 9, 0, 7, 146.76
1734519497, 235, 15, 39, 0, 0, 0.17%, 9, 0, 7, 145.84
1734519507, 236, 4, 39, 0, 0, 0.17%, 9, 0, 7, 146.34
1734519513, 236, 11, 39, 0, 0, 0.17%, 9, 0, 7, 150.25
1734519518, 236, 13, 39, 0, 0, 0.17%, 9, 0, 7, 148.55
1734519523, 236, 15, 39, 0, 0, 0.17%, 9, 0, 7, 139.87
1734519533, 237, 12, 39, 0, 0, 0.17%, 9, 0, 7, 144.39
1734519538, 237, 15, 39, 0, 0, 0.17%, 9, 0, 7, 145.74
1734519548, 237, 29, 39, 0, 0, 0.17%, 9, 0, 7, 145.46
1734519554, 237, 36, 39, 0, 0, 0.17%, 9, 0, 7, 155.22
1734519564, 238, 10, 39, 0, 0, 0.17%, 9, 0, 7, 143.96
1734519569, 238, 12, 39, 0, 0, 0.17%, 9, 0, 7, 143.38
1734519574, 238, 15, 39, 0, 0, 0.17%, 9, 0, 7, 144.71
1734519579, 238, 23, 39, 0, 0, 0.17%, 9, 0, 7, 149.83
1734519590, 238, 26, 39, 0, 0, 0.17%, 9, 0, 7, 161.02
1734519595, 238, 29, 39, 0, 0, 0.17%, 9, 0, 7, 149.42
1734519605, 239, 10, 39, 0, 0, 0.17%, 9, 0, 7, 144.57
1734519610, 239, 13, 39, 0, 0, 0.17%, 9, 0, 7, 142.88
1734519615, 239, 15, 39, 0, 0, 0.17%, 9, 0, 7, 139.56
1734519620, 240, 0, 39, 0, 0, 0.17%, 9, 0, 7, 145.80
1734519625, 240, 10, 39, 0, 0, 0.17%, 9, 0, 7, 148.55
1734519630, 240, 13, 39, 0, 0, 0.17%, 9, 0, 7, 143.08
1734519636, 240, 15, 39, 0, 0, 0.17%, 9, 0, 7, 140.74
1734519641, 240, 17, 39, 0, 0, 0.17%, 9, 0, 7, 143.22
1734519646, 240, 36, 39, 0, 0, 0.17%, 9, 0, 7, 154.32
1734519656, 241, 10, 39, 0, 0, 0.17%, 9, 0, 7, 150.11
1734519662, 241, 13, 39, 0, 0, 0.17%, 9, 0, 7, 143.03
1734519667, 241, 15, 39, 0, 0, 0.17%, 9, 0, 7, 141.60
1734519672, 241, 23, 39, 0, 0, 0.17%, 9, 0, 7, 148.82
1734519682, 241, 29, 39, 0, 0, 0.17%, 9, 0, 7, 152.44
1734519687, 242, 10, 39, 0, 0, 0.17%, 9, 0, 7, 149.36
1734519692, 242, 12, 39, 0, 0, 0.17%, 9, 0, 7, 143.83
1734519698, 242, 15, 39, 0, 0, 0.17%, 9, 0, 7, 144.21
1734519703, 242, 17, 39, 0, 0, 0.17%, 9, 0, 7, 154.80
1734519708, 243, 1, 39, 0, 0, 0.17%, 9, 0, 7, 148.54
1734519713, 243, 10, 39, 0, 0, 0.17%, 9, 0, 7, 147.98
1734519718, 243, 13, 39, 0, 0, 0.17%, 9, 0, 7, 149.39
1734519723, 243, 15, 39, 0, 0, 0.17%, 9, 0, 7, 140.70
1734519728, 243, 16, 39, 0, 0, 0.17%, 9, 0, 7, 140.27
1734519749, 244, 10, 39, 0, 0, 0.17%, 9, 0, 7, 138.85
1734519754, 244, 12, 39, 0, 0, 0.17%, 9, 0, 7, 143.25
1734519759, 244, 15, 39, 0, 0, 0.17%, 9, 0, 7, 144.10
1734519764, 244, 33, 39, 0, 0, 0.17%, 9, 0, 7, 150.57
1734519785, 245, 11, 39, 0, 0, 0.17%, 9, 0, 7, 147.77
1734519790, 245, 13, 39, 0, 0, 0.17%, 9, 0, 7, 139.10
1734519795, 245, 15, 39, 0, 0, 0.17%, 9, 0, 7, 140.53
1734519800, 245, 21, 39, 0, 0, 0.17%, 9, 0, 7, 154.56
1734519805, 245, 37, 39, 0, 0, 0.17%, 9, 0, 7, 149.97
1734519810, 246, 1, 39, 0, 0, 0.17%, 9, 0, 7, 146.65
1734519816, 246, 11, 39, 0, 0, 0.17%, 9, 0, 7, 146.64
1734519821, 246, 13, 39, 0, 0, 0.17%, 9, 0, 7, 143.44
1734519826, 246, 15, 39, 0, 0, 0.17%, 9, 0, 7, 140.26
1734519831, 246, 24, 39, 0, 0, 0.17%, 9, 0, 7, 139.98
1734519836, 246, 34, 39, 0, 0, 0.17%, 9, 0, 7, 150.75
1734519841, 247, 10, 39, 0, 0, 0.17%, 9, 0, 7, 144.88
1734519846, 247, 12, 39, 0, 0, 0.17%, 9, 0, 7, 143.12
1734519852, 247, 15, 39, 0, 0, 0.17%, 9, 0, 7, 148.01
1734519862, 247, 38, 39, 0, 0, 0.17%, 9, 0, 7, 156.77
1734519867, 248, 4, 39, 0, 0, 0.17%, 9, 0, 7, 148.95
1734519872, 248, 12, 39, 0, 0, 0.17%, 9, 0, 7, 147.62
1734519877, 248, 14, 39, 0, 0, 0.17%, 9, 0, 7, 144.90
1734519882, 248, 15, 39, 0, 0, 0.17%, 9, 0, 7, 146.19
1734519893, 249, 10, 39, 0, 0, 0.17%, 9, 0, 7, 144.87
1734519898, 249, 12, 39, 0, 0, 0.17%, 9, 0, 7, 140.06
1734519903, 249, 15, 39, 0, 0, 0.17%, 9, 0, 7, 144.51
1734519913, 249, 35, 39, 0, 0, 0.17%, 9, 0, 7, 167.19
1734519918, 250, 10, 39, 0, 0, 0.17%, 9, 0, 7, 155.80
1734519923, 250, 12, 39, 0, 0, 0.17%, 9, 0, 7, 146.62
1734519929, 250, 15, 39, 0, 0, 0.17%, 9, 0, 7, 143.06
1734519939, 250, 30, 39, 0, 0, 0.17%, 9, 0, 7, 147.41
1734519944, 251, 10, 39, 0, 0, 0.17%, 9, 0, 7, 145.13
1734519949, 251, 12, 39, 0, 0, 0.17%, 9, 0, 7, 142.77
1734519954, 251, 14, 39, 0, 0, 0.17%, 9, 0, 7, 143.82
1734519960, 251, 15, 39, 0, 0, 0.17%, 9, 0, 7, 143.03
1734519965, 252, 4, 39, 0, 0, 0.17%, 9, 0, 7, 156.84
1734519970, 252, 39, 40, 1, 1, 0.19%, 10, 0, 7, 142.07
1734519975, 252, 39, 42, 3, 1, 0.19%, 10, 0, 7, 122.35
1734520016, 253, 11, 42, 2, 0, 0.19%, 10, 0, 7, 139.43
1734520021, 253, 13, 42, 2, 0, 0.19%, 10, 0, 7, 141.06
1734520027, 253, 15, 42, 2, 0, 0.19%, 10, 0, 7, 152.89
1734520032, 253, 34, 42, 2, 0, 0.19%, 10, 0, 7, 151.29
1734520037, 253, 38, 42, 2, 0, 0.19%, 10, 0, 7, 165.32
1734520042, 253, 39, 42, 2, 0, 0.19%, 10, 0, 7, 142.98
1734520047, 253, 39, 43, 3, 0, 0.19%, 10, 0, 7, 130.33
1734520052, 253, 41, 44, 4, 0, 0.19%, 10, 0, 7, 144.51
1734520062, 253, 41, 45, 5, 0, 0.19%, 10, 0, 7, 117.54
1734520108, 253, 42, 45, 4, 0, 0.19%, 10, 0, 7, 156.83
1734520149, 253, 42, 46, 5, 0, 0.19%, 10, 0, 7, 155.13
1734520159, 254, 11, 46, 4, 0, 0.19%, 10, 0, 7, 142.99
1734520165, 254, 13, 46, 4, 0, 0.19%, 10, 0, 7, 147.34
1734520170, 254, 15, 46, 4, 0, 0.19%, 10, 0, 7, 152.29
1734520175, 254, 17, 46, 4, 0, 0.19%, 10, 0, 7, 148.59
1734520180, 254, 26, 46, 4, 0, 0.19%, 10, 0, 7, 146.57
1734520190, 254, 34, 46, 4, 0, 0.19%, 10, 0, 7, 149.92
1734520195, 254, 36, 46, 4, 0, 0.19%, 10, 0, 7, 150.50
1734520200, 254, 39, 46, 4, 0, 0.19%, 10, 0, 7, 142.41
1734520210, 255, 11, 46, 4, 0, 0.19%, 10, 0, 7, 141.35
1734520215, 255, 12, 46, 4, 0, 0.19%, 10, 0, 7, 145.20
1734520221, 255, 15, 46, 4, 0, 0.19%, 10, 0, 7, 144.72
1734520231, 255, 19, 46, 4, 0, 0.19%, 10, 0, 7, 148.80
1734520241, 255, 39, 46, 4, 0, 0.19%, 10, 0, 7, 138.36
1734520252, 255, 44, 46, 4, 0, 0.19%, 10, 0, 7, 144.67
1734520303, 255, 45, 46, 3, 0, 0.19%, 10, 0, 7, 140.90
1734520313, 255, 45, 47, 4, 0, 0.19%, 10, 0, 7, 222.45
1734520816, 256, 11, 47, 3, 0, 0.19%, 10, 0, 7, 149.98
1734520821, 256, 12, 47, 3, 0, 0.19%, 10, 0, 7, 148.01
1734520827, 256, 15, 47, 3, 0, 0.19%, 10, 0, 7, 145.27
1734520832, 256, 37, 47, 3, 0, 0.19%, 10, 0, 7, 154.10
1734520837, 256, 39, 47, 3, 0, 0.19%, 10, 0, 7, 147.06
1734520847, 256, 40, 47, 3, 0, 0.19%, 10, 0, 7, 159.66
1734520863, 256, 40, 48, 4, 0, 0.21%, 11, 0, 7, 131.26
1734520873, 256, 40, 49, 5, 0, 0.21%, 11, 0, 7, 136.93
1734520986, 256, 47, 49, 4, 1, 0.21%, 11, 0, 7, 167.61
1734521032, 257, 11, 49, 3, 0, 0.21%, 11, 0, 7, 150.56
1734521037, 257, 12, 49, 3, 0, 0.21%, 11, 0, 7, 142.36
1734521043, 257, 15, 49, 3, 0, 0.21%, 11, 0, 7, 137.98
1734521053, 257, 43, 49, 3, 0, 0.21%, 11, 0, 7, 123.82
1734521104, 257, 47, 49, 2, 0, 0.21%, 11, 0, 7, 142.11
1734521125, 257, 48, 51, 4, 0, 0.21%, 12, 0, 7, 175.41
1734521170, 257, 49, 51, 3, 1, 0.21%, 12, 0, 7, 171.20
1734521185, 257, 49, 52, 4, 1, 0.21%, 12, 0, 7, 148.14
1734521246, 258, 12, 52, 3, 0, 0.21%, 12, 0, 7, 148.77
1734521251, 258, 15, 52, 3, 0, 0.21%, 12, 0, 7, 141.71
1734521262, 258, 28, 52, 3, 0, 0.21%, 12, 0, 7, 146.93
1734521267, 258, 30, 52, 3, 0, 0.21%, 12, 0, 7, 145.77
1734521277, 258, 42, 52, 3, 0, 0.21%, 12, 0, 7, 150.43
1734521292, 258, 47, 52, 3, 0, 0.21%, 12, 0, 7, 141.18
1734521313, 258, 49, 52, 3, 0, 0.21%, 12, 0, 7, 149.26
1734521333, 258, 51, 52, 3, 0, 0.21%, 12, 0, 7, 188.05
1734521348, 258, 51, 53, 4, 0, 0.21%, 12, 0, 8, 155.09
1734521409, 259, 10, 53, 3, 0, 0.21%, 12, 0, 8, 144.81
1734521414, 259, 13, 53, 3, 0, 0.21%, 12, 0, 8, 141.19
1734521419, 259, 15, 53, 3, 0, 0.21%, 12, 0, 8, 147.71
1734521424, 259, 29, 53, 3, 0, 0.21%, 12, 0, 8, 145.98
1734521435, 259, 47, 53, 3, 0, 0.21%, 12, 0, 8, 142.34
1734521455, 259, 49, 53, 3, 0, 0.21%, 12, 0, 8, 152.93
1734521476, 260, 12, 53, 3, 0, 0.21%, 12, 0, 8, 142.25
1734521481, 260, 15, 53, 3, 0, 0.21%, 12, 0, 8, 143.77
1734521486, 260, 18, 53, 3, 0, 0.21%, 12, 0, 8, 155.32
1734521496, 260, 36, 53, 3, 0, 0.21%, 12, 0, 8, 164.76
1734521501, 260, 46, 53, 3, 0, 0.21%, 12, 0, 8, 137.96
1734521816, 260, 47, 53, 2, 0, 0.21%, 12, 0, 8, 142.29
1734521831, 260, 49, 53, 2, 0, 0.21%, 12, 0, 8, 157.16
1734521851, 261, 10, 53, 2, 0, 0.21%, 12, 0, 8, 140.21
1734521857, 261, 13, 53, 2, 0, 0.21%, 12, 0, 8, 139.88
1734521862, 261, 15, 53, 2, 0, 0.21%, 12, 0, 8, 143.17
1734521872, 261, 16, 53, 2, 0, 0.21%, 12, 0, 8, 141.17
1734521877, 261, 18, 53, 2, 0, 0.21%, 12, 0, 8, 147.40
1734521882, 261, 47, 53, 2, 0, 0.21%, 12, 0, 8, 138.24
1734521903, 261, 49, 53, 2, 0, 0.21%, 12, 0, 8, 148.57
1734521924, 262, 10, 53, 2, 0, 0.21%, 12, 0, 8, 144.59
1734521929, 262, 13, 53, 2, 0, 0.21%, 12, 0, 8, 145.43
1734521934, 262, 15, 53, 2, 0, 0.21%, 12, 0, 8, 141.71
1734521939, 262, 47, 53, 2, 0, 0.21%, 12, 0, 8, 149.22
1734521959, 262, 49, 53, 2, 0, 0.21%, 12, 0, 8, 154.56
1734521980, 263, 12, 53, 2, 0, 0.21%, 12, 0, 8, 149.90
1734521985, 263, 14, 53, 2, 0, 0.21%, 12, 0, 8, 144.61
1734521990, 263, 15, 53, 2, 0, 0.21%, 12, 0, 8, 142.63
1734521995, 263, 44, 53, 2, 0, 0.21%, 12, 0, 8, 147.35
1734522016, 263, 47, 53, 2, 0, 0.21%, 12, 0, 8, 142.37
1734522036, 263, 49, 53, 2, 0, 0.21%, 12, 0, 8, 148.66
1734522056, 263, 51, 53, 2, 0, 0.21%, 12, 0, 8, 152.88
1734522076, 264, 12, 53, 2, 0, 0.21%, 12, 0, 8, 148.67
1734522082, 264, 15, 53, 2, 0, 0.21%, 12, 0, 8, 147.70
1734522092, 264, 24, 53, 2, 0, 0.21%, 12, 0, 8, 147.89
1734522097, 264, 31, 53, 2, 0, 0.21%, 12, 0, 8, 203.79
1734522123, 264, 47, 53, 2, 0, 0.21%, 12, 0, 8, 147.32
1734522143, 264, 49, 53, 2, 0, 0.21%, 12, 0, 8, 152.84
1734522158, 265, 10, 53, 2, 0, 0.21%, 12, 0, 8, 143.37
1734522164, 265, 15, 53, 2, 0, 0.21%, 12, 0, 8, 149.16
1734522174, 265, 21, 53, 2, 0, 0.21%, 12, 0, 8, 150.66
1734522179, 265, 37, 53, 2, 0, 0.21%, 12, 0, 8, 152.21
1734522184, 265, 47, 53, 2, 0, 0.21%, 12, 0, 8, 145.95
1734522205, 265, 49, 53, 2, 0, 0.21%, 12, 0, 8, 152.62
1734522225, 266, 12, 53, 2, 0, 0.21%, 12, 0, 8, 144.44
1734522230, 266, 15, 53, 2, 0, 0.21%, 12, 0, 8, 140.17
1734522241, 266, 47, 53, 2, 0, 0.21%, 12, 0, 8, 147.16
1734522256, 266, 49, 53, 2, 0, 0.21%, 12, 0, 8, 154.80
1734522276, 266, 52, 53, 2, 0, 0.21%, 12, 0, 8, 196.12
1734522282, 266, 52, 54, 3, 0, 0.21%, 12, 0, 9, 269.45
1734522307, 266, 52, 56, 5, 0, 0.21%, 12, 0, 9, 169.99
1734522343, 266, 52, 57, 6, 0, 0.21%, 12, 0, 9, 169.29
1734522348, 266, 52, 58, 7, 0, 0.21%, 12, 0, 9, 169.77
1734522364, 266, 52, 59, 8, 0, 0.21%, 12, 0, 9, 170.92
1734522389, 266, 54, 59, 7, 0, 0.21%, 12, 0, 9, 199.93
1734522430, 266, 54, 60, 8, 0, 0.21%, 12, 0, 10, 168.33
1734522501, 266, 56, 60, 7, 0, 0.21%, 12, 0, 10, 253.80
1734522577, 266, 57, 60, 6, 0, 0.21%, 12, 0, 10, 245.43
1734522613, 266, 57, 62, 8, 0, 0.22%, 13, 0, 10, 176.33
1734522658, 266, 57, 63, 9, 0, 0.29%, 14, 0, 10, 159.65
1734522668, 266, 57, 64, 10, 0, 0.29%, 14, 0, 10, 164.90
1734522699, 266, 60, 65, 10, 2, 0.30%, 15, 0, 11, 160.07
1734522745, 266, 60, 66, 11, 2, 0.30%, 15, 0, 11, 190.44
1734522755, 266, 60, 68, 13, 2, 0.30%, 15, 0, 11, 165.76
1734522841, 266, 62, 69, 13, 2, 0.30%, 16, 0, 11, 177.20
1734522846, 266, 62, 72, 16, 2, 0.31%, 18, 0, 11, 218.57
1734522866, 266, 62, 73, 17, 2, 0.31%, 18, 0, 11, 153.71
1734522887, 266, 62, 74, 18, 2, 0.31%, 18, 0, 11, 156.72
1734522968, 266, 62, 75, 19, 2, 0.31%, 18, 0, 11, 163.34
1734522988, 266, 64, 76, 19, 4, 0.31%, 18, 0, 12, 171.23
1734523075, 266, 64, 77, 20, 4, 0.31%, 18, 0, 12, 166.56
1734523120, 266, 64, 78, 21, 4, 0.31%, 18, 0, 12, 152.60
1734523130, 266, 68, 78, 20, 3, 0.31%, 18, 0, 12, 186.02
1734523176, 266, 68, 79, 21, 3, 0.31%, 18, 0, 12, 152.99
1734523262, 266, 68, 80, 22, 3, 0.31%, 18, 0, 12, 163.14
1734523278, 266, 69, 80, 21, 2, 0.31%, 18, 0, 12, 171.23
1734523374, 266, 70, 80, 20, 1, 0.31%, 18, 0, 12, 169.91
1734523471, 266, 73, 80, 19, 0, 0.31%, 18, 0, 12, 160.66
1734523476, 266, 73, 82, 21, 0, 0.35%, 20, 0, 12, 208.57
1734523537, 266, 73, 83, 22, 0, 0.35%, 20, 0, 12, 156.25
1734523557, 266, 73, 84, 23, 0, 0.35%, 20, 0, 12, 152.25
1734523618, 266, 80, 84, 22, 2, 0.35%, 20, 0, 12, 160.38
1734523674, 266, 80, 85, 23, 2, 0.37%, 21, 0, 13, 158.11
1734523715, 266, 80, 86, 24, 2, 0.37%, 21, 0, 13, 157.55
1734523765, 266, 81, 88, 25, 3, 0.38%, 23, 0, 13, 189.84
