# unix_time, cycles_done, cur_path, paths_total, pending_total, pending_favs, map_size, unique_crashes, unique_hangs, max_depth, execs_per_sec
1735611566, 0, 0, 10, 10, 1, 0.01%, 0, 0, 1, 84.21
1735611571, 0, 3, 10, 10, 1, 0.01%, 0, 0, 1, 103.99
1735611577, 0, 4, 10, 9, 0, 0.01%, 0, 0, 1, 101.50
1735611587, 0, 5, 10, 8, 0, 0.01%, 0, 0, 1, 100.61
1735611597, 0, 6, 10, 7, 0, 0.01%, 0, 0, 1, 100.26
1735611607, 0, 7, 10, 6, 0, 0.01%, 0, 0, 1, 99.14
1735611617, 0, 8, 10, 5, 0, 0.01%, 0, 0, 1, 96.53
1735611627, 0, 9, 10, 4, 0, 0.01%, 0, 0, 1, 95.25
1735611638, 1, 0, 10, 3, 0, 0.01%, 0, 0, 1, 94.27
1735611648, 1, 1, 10, 2, 0, 0.01%, 0, 0, 1, 101.02
1735611663, 1, 2, 10, 1, 0, 0.01%, 0, 0, 1, 91.00
1735611673, 1, 3, 10, 0, 0, 0.01%, 0, 0, 1, 101.57
1735611679, 1, 4, 10, 0, 0, 0.01%, 0, 0, 1, 103.52
1735611684, 1, 6, 10, 0, 0, 0.01%, 0, 0, 1, 103.12
1735611689, 1, 7, 10, 0, 0, 0.01%, 0, 0, 1, 101.66
1735611694, 1, 9, 10, 0, 0, 0.01%, 0, 0, 1, 101.53
1735611699, 2, 0, 10, 0, 0, 0.01%, 0, 0, 1, 99.58
1735611704, 2, 1, 10, 0, 0, 0.01%, 0, 0, 1, 103.96
1735611709, 2, 3, 10, 0, 0, 0.01%, 0, 0, 1, 102.97
1735611714, 2, 4, 10, 0, 0, 0.01%, 0, 0, 1, 100.54
1735611720, 2, 6, 10, 0, 0, 0.01%, 0, 0, 1, 102.50
1735611725, 2, 7, 10, 0, 0, 0.01%, 0, 0, 1, 103.16
1735611730, 2, 9, 10, 0, 0, 0.01%, 0, 0, 1, 102.27
1735611735, 3, 0, 10, 0, 0, 0.01%, 0, 0, 1, 102.55
1735611740, 3, 1, 10, 0, 0, 0.01%, 0, 0, 1, 102.54
1735611745, 3, 3, 10, 0, 0, 0.01%, 0, 0, 1, 105.85
1735611750, 3, 4, 10, 0, 0, 0.01%, 0, 0, 1, 102.67
1735611755, 3, 6, 10, 0, 0, 0.01%, 0, 0, 1, 102.07
1735611760, 3, 7, 10, 0, 0, 0.01%, 0, 0, 1, 103.65
1735611765, 3, 9, 10, 0, 0, 0.01%, 0, 0, 1, 105.50
1735611771, 4, 0, 10, 0, 0, 0.01%, 0, 0, 1, 103.91
1735611776, 4, 1, 10, 0, 0, 0.01%, 0, 0, 1, 102.90
1735611781, 4, 3, 10, 0, 0, 0.01%, 0, 0, 1, 104.17
1735611786, 4, 4, 10, 0, 0, 0.01%, 0, 0, 1, 104.89
1735611791, 4, 6, 10, 0, 0, 0.01%, 0, 0, 1, 104.41
1735611796, 4, 7, 10, 0, 0, 0.01%, 0, 0, 1, 103.14
1735611801, 4, 9, 10, 0, 0, 0.01%, 0, 0, 1, 102.68
1735611806, 5, 0, 10, 0, 0, 0.01%, 0, 0, 1, 104.66
1735611811, 5, 1, 10, 0, 0, 0.01%, 0, 0, 1, 105.12
1735611816, 5, 3, 10, 0, 0, 0.01%, 0, 0, 1, 104.70
1735611822, 5, 4, 10, 0, 0, 0.01%, 0, 0, 1, 101.95
1735611827, 5, 6, 10, 0, 0, 0.01%, 0, 0, 1, 105.11
1735611832, 5, 7, 10, 0, 0, 0.01%, 0, 0, 1, 104.39
1735611837, 5, 9, 10, 0, 0, 0.01%, 0, 0, 1, 102.53
1735611842, 6, 0, 10, 0, 0, 0.01%, 0, 0, 1, 102.23
1735611847, 6, 2, 10, 0, 0, 0.01%, 0, 0, 1, 103.81
1735611852, 6, 3, 10, 0, 0, 0.01%, 0, 0, 1, 104.13
1735611857, 6, 4, 10, 0, 0, 0.01%, 0, 0, 1, 104.62
1735611862, 6, 6, 10, 0, 0, 0.01%, 0, 0, 1, 103.01
1735611867, 6, 7, 10, 0, 0, 0.01%, 0, 0, 1, 99.80
1735611873, 6, 9, 10, 0, 0, 0.01%, 0, 0, 1, 102.59
1735611878, 7, 0, 10, 0, 0, 0.01%, 0, 0, 1, 102.25
1735611883, 7, 1, 10, 0, 0, 0.01%, 0, 0, 1, 103.39
1735611888, 7, 3, 10, 0, 0, 0.01%, 0, 0, 1, 101.91
1735611893, 7, 4, 10, 0, 0, 0.01%, 0, 0, 1, 102.63
1735611898, 7, 6, 10, 0, 0, 0.01%, 0, 0, 1, 102.86
1735611903, 7, 7, 10, 0, 0, 0.01%, 0, 0, 1, 104.47
1735611908, 7, 9, 10, 0, 0, 0.01%, 0, 0, 1, 104.39
1735611913, 8, 0, 10, 0, 0, 0.01%, 0, 0, 1, 105.03
1735611918, 8, 1, 10, 0, 0, 0.01%, 0, 0, 1, 104.11
1735611923, 8, 3, 10, 0, 0, 0.01%, 0, 0, 1, 103.68
1735611929, 8, 4, 10, 0, 0, 0.01%, 0, 0, 1, 104.61
1735611934, 8, 6, 10, 0, 0, 0.01%, 0, 0, 1, 100.09
1735611939, 8, 7, 10, 0, 0, 0.01%, 0, 0, 1, 102.58
1735611944, 8, 9, 10, 0, 0, 0.01%, 0, 0, 1, 103.05
1735611949, 9, 0, 10, 0, 0, 0.01%, 0, 0, 1, 103.62
1735611954, 9, 1, 10, 0, 0, 0.01%, 0, 0, 1, 104.54
1735611959, 9, 3, 10, 0, 0, 0.01%, 0, 0, 1, 103.31
1735611964, 9, 4, 10, 0, 0, 0.01%, 0, 0, 1, 104.00
1735611969, 9, 6, 10, 0, 0, 0.01%, 0, 0, 1, 103.19
1735611974, 9, 7, 10, 0, 0, 0.01%, 0, 0, 1, 104.70
1735611979, 9, 9, 10, 0, 0, 0.01%, 0, 0, 1, 105.93
1735611985, 10, 0, 10, 0, 0, 0.01%, 0, 0, 1, 102.72
1735611990, 10, 2, 10, 0, 0, 0.01%, 0, 0, 1, 105.05
1735611995, 10, 3, 10, 0, 0, 0.01%, 0, 0, 1, 103.39
1735612000, 10, 4, 10, 0, 0, 0.01%, 0, 0, 1, 104.82
1735612005, 10, 6, 10, 0, 0, 0.01%, 0, 0, 1, 102.99
1735612010, 10, 7, 10, 0, 0, 0.01%, 0, 0, 1, 102.89
1735612015, 10, 9, 10, 0, 0, 0.01%, 0, 0, 1, 103.38
1735612020, 11, 0, 10, 0, 0, 0.01%, 0, 0, 1, 102.83
1735612026, 11, 2, 10, 0, 0, 0.01%, 0, 0, 1, 102.93
1735612031, 11, 3, 10, 0, 0, 0.01%, 0, 0, 1, 101.99
1735612036, 11, 5, 10, 0, 0, 0.01%, 0, 0, 1, 103.21
1735612041, 11, 6, 10, 0, 0, 0.01%, 0, 0, 1, 102.14
1735612046, 11, 7, 10, 0, 0, 0.01%, 0, 0, 1, 103.80
1735612051, 11, 9, 10, 0, 0, 0.01%, 0, 0, 1, 104.51
1735612056, 12, 0, 10, 0, 0, 0.01%, 0, 0, 1, 105.81
1735612062, 12, 2, 10, 0, 0, 0.01%, 0, 0, 1, 103.49
1735612067, 12, 3, 10, 0, 0, 0.01%, 0, 0, 1, 102.95
1735612072, 12, 5, 10, 0, 0, 0.01%, 0, 0, 1, 101.72
1735612077, 12, 6, 10, 0, 0, 0.01%, 0, 0, 1, 101.44
1735612082, 12, 8, 10, 0, 0, 0.01%, 0, 0, 1, 102.41
1735612087, 12, 9, 10, 0, 0, 0.01%, 0, 0, 1, 100.07
1735612092, 13, 0, 10, 0, 0, 0.01%, 0, 0, 1, 104.20
1735612098, 13, 2, 10, 0, 0, 0.01%, 0, 0, 1, 103.30
1735612103, 13, 3, 10, 0, 0, 0.01%, 0, 0, 1, 105.38
1735612108, 13, 5, 10, 0, 0, 0.01%, 0, 0, 1, 104.72
1735612113, 13, 6, 10, 0, 0, 0.01%, 0, 0, 1, 104.50
1735612118, 13, 7, 10, 0, 0, 0.01%, 0, 0, 1, 100.71
1735612123, 13, 9, 10, 0, 0, 0.01%, 0, 0, 1, 101.78
1735612128, 14, 0, 10, 0, 0, 0.01%, 0, 0, 1, 102.95
1735612133, 14, 2, 10, 0, 0, 0.01%, 0, 0, 1, 102.02
1735612138, 14, 3, 10, 0, 0, 0.01%, 0, 0, 1, 101.08
1735612143, 14, 5, 10, 0, 0, 0.01%, 0, 0, 1, 103.16
1735612149, 14, 6, 10, 0, 0, 0.01%, 0, 0, 1, 103.26
1735612154, 14, 8, 10, 0, 0, 0.01%, 0, 0, 1, 102.47
1735612159, 14, 9, 10, 0, 0, 0.01%, 0, 0, 1, 100.80
1735612164, 15, 0, 10, 0, 0, 0.01%, 0, 0, 1, 103.32
1735612169, 15, 2, 10, 0, 0, 0.01%, 0, 0, 1, 109.19
1735612174, 15, 3, 10, 0, 0, 0.01%, 0, 0, 1, 106.17
1735612179, 15, 5, 10, 0, 0, 0.01%, 0, 0, 1, 105.87
1735612185, 15, 6, 10, 0, 0, 0.01%, 0, 0, 1, 105.77
1735612190, 15, 8, 10, 0, 0, 0.01%, 0, 0, 1, 106.06
1735612195, 15, 9, 10, 0, 0, 0.01%, 0, 0, 1, 107.47
1735612200, 16, 1, 10, 0, 0, 0.01%, 0, 0, 1, 106.82
1735612205, 16, 2, 10, 0, 0, 0.01%, 0, 0, 1, 108.35
1735612210, 16, 4, 10, 0, 0, 0.01%, 0, 0, 1, 106.56
1735612215, 16, 5, 10, 0, 0, 0.01%, 0, 0, 1, 107.62
1735612220, 16, 7, 10, 0, 0, 0.01%, 0, 0, 1, 107.80
1735612226, 16, 8, 10, 0, 0, 0.01%, 0, 0, 1, 107.29
1735612231, 17, 0, 10, 0, 0, 0.01%, 0, 0, 1, 106.29
1735612236, 17, 1, 10, 0, 0, 0.01%, 0, 0, 1, 106.32
1735612241, 17, 3, 10, 0, 0, 0.01%, 0, 0, 1, 108.06
1735612246, 17, 4, 10, 0, 0, 0.01%, 0, 0, 1, 108.30
1735612251, 17, 6, 10, 0, 0, 0.01%, 0, 0, 1, 106.12
1735612257, 17, 7, 10, 0, 0, 0.01%, 0, 0, 1, 105.99
1735612262, 17, 9, 10, 0, 0, 0.01%, 0, 0, 1, 107.34
1735612267, 18, 0, 10, 0, 0, 0.01%, 0, 0, 1, 108.08
1735612272, 18, 2, 10, 0, 0, 0.01%, 0, 0, 1, 105.68
1735612277, 18, 3, 10, 0, 0, 0.01%, 0, 0, 1, 106.60
1735612282, 18, 5, 10, 0, 0, 0.01%, 0, 0, 1, 105.07
1735612287, 18, 6, 10, 0, 0, 0.01%, 0, 0, 1, 106.26
1735612292, 18, 8, 10, 0, 0, 0.01%, 0, 0, 1, 108.45
1735612297, 18, 9, 10, 0, 0, 0.01%, 0, 0, 1, 105.84
1735612303, 19, 1, 10, 0, 0, 0.01%, 0, 0, 1, 107.84
1735612308, 19, 2, 10, 0, 0, 0.01%, 0, 0, 1, 104.86
1735612313, 19, 4, 10, 0, 0, 0.01%, 0, 0, 1, 105.28
1735612318, 19, 5, 10, 0, 0, 0.01%, 0, 0, 1, 105.54
1735612323, 19, 7, 10, 0, 0, 0.01%, 0, 0, 1, 105.26
1735612328, 19, 8, 10, 0, 0, 0.01%, 0, 0, 1, 107.36
1735612333, 20, 0, 10, 0, 0, 0.01%, 0, 0, 1, 107.25
1735612339, 20, 1, 10, 0, 0, 0.01%, 0, 0, 1, 105.99
1735612344, 20, 3, 10, 0, 0, 0.01%, 0, 0, 1, 109.14
1735612349, 20, 4, 10, 0, 0, 0.01%, 0, 0, 1, 106.69
1735612354, 20, 6, 10, 0, 0, 0.01%, 0, 0, 1, 105.37
1735612359, 20, 7, 10, 0, 0, 0.01%, 0, 0, 1, 105.81
1735612364, 20, 9, 10, 0, 0, 0.01%, 0, 0, 1, 105.18
1735612370, 21, 0, 10, 0, 0, 0.01%, 0, 0, 1, 106.53
1735612375, 21, 2, 10, 0, 0, 0.01%, 0, 0, 1, 109.41
1735612380, 21, 3, 10, 0, 0, 0.01%, 0, 0, 1, 106.88
1735612385, 21, 5, 10, 0, 0, 0.01%, 0, 0, 1, 106.83
1735612390, 21, 6, 10, 0, 0, 0.01%, 0, 0, 1, 108.26
1735612395, 21, 8, 10, 0, 0, 0.01%, 0, 0, 1, 106.46
1735612400, 21, 9, 10, 0, 0, 0.01%, 0, 0, 1, 106.17
1735612405, 22, 1, 10, 0, 0, 0.01%, 0, 0, 1, 107.53
1735612411, 22, 2, 10, 0, 0, 0.01%, 0, 0, 1, 106.42
1735612416, 22, 4, 10, 0, 0, 0.01%, 0, 0, 1, 108.85
1735612421, 22, 5, 10, 0, 0, 0.01%, 0, 0, 1, 109.48
1735612426, 22, 7, 10, 0, 0, 0.01%, 0, 0, 1, 106.85
1735612431, 22, 8, 10, 0, 0, 0.01%, 0, 0, 1, 108.59
1735612436, 23, 0, 10, 0, 0, 0.01%, 0, 0, 1, 106.29
1735612441, 23, 1, 10, 0, 0, 0.01%, 0, 0, 1, 106.25
1735612446, 23, 3, 10, 0, 0, 0.01%, 0, 0, 1, 109.17
1735612451, 23, 4, 10, 0, 0, 0.01%, 0, 0, 1, 105.51
1735612456, 23, 5, 10, 0, 0, 0.01%, 0, 0, 1, 105.98
1735612461, 23, 7, 10, 0, 0, 0.01%, 0, 0, 1, 107.43
1735612467, 23, 8, 10, 0, 0, 0.01%, 0, 0, 1, 106.87
1735612472, 24, 0, 10, 0, 0, 0.01%, 0, 0, 1, 106.26
1735612477, 24, 1, 10, 0, 0, 0.01%, 0, 0, 1, 104.91
1735612482, 24, 3, 10, 0, 0, 0.01%, 0, 0, 1, 105.75
1735612487, 24, 4, 10, 0, 0, 0.01%, 0, 0, 1, 106.91
1735612492, 24, 6, 10, 0, 0, 0.01%, 0, 0, 1, 105.99
1735612497, 24, 7, 10, 0, 0, 0.01%, 0, 0, 1, 107.41
1735612502, 24, 9, 10, 0, 0, 0.01%, 0, 0, 1, 109.95
1735612508, 25, 0, 10, 0, 0, 0.01%, 0, 0, 1, 110.36
1735612513, 25, 2, 10, 0, 0, 0.01%, 0, 0, 1, 106.05
1735612518, 25, 3, 10, 0, 0, 0.01%, 0, 0, 1, 107.70
1735612523, 25, 5, 10, 0, 0, 0.01%, 0, 0, 1, 104.74
1735612528, 25, 6, 10, 0, 0, 0.01%, 0, 0, 1, 108.68
1735612533, 25, 8, 10, 0, 0, 0.01%, 0, 0, 1, 110.29
1735612538, 25, 9, 10, 0, 0, 0.01%, 0, 0, 1, 107.97
1735612543, 26, 1, 10, 0, 0, 0.01%, 0, 0, 1, 109.45
1735612548, 26, 2, 10, 0, 0, 0.01%, 0, 0, 1, 105.43
1735612553, 26, 4, 10, 0, 0, 0.01%, 0, 0, 1, 104.62
1735612558, 26, 5, 10, 0, 0, 0.01%, 0, 0, 1, 106.86
1735612563, 26, 7, 10, 0, 0, 0.01%, 0, 0, 1, 107.16
1735612568, 26, 8, 10, 0, 0, 0.01%, 0, 0, 1, 106.18
1735612573, 26, 9, 10, 0, 0, 0.01%, 0, 0, 1, 105.81
1735612579, 27, 1, 10, 0, 0, 0.01%, 0, 0, 1, 107.42
1735612584, 27, 3, 10, 0, 0, 0.01%, 0, 0, 1, 107.85
1735612589, 27, 4, 10, 0, 0, 0.01%, 0, 0, 1, 108.07
1735612594, 27, 5, 10, 0, 0, 0.01%, 0, 0, 1, 106.30
1735612599, 27, 7, 10, 0, 0, 0.01%, 0, 0, 1, 107.26
1735612604, 27, 8, 10, 0, 0, 0.01%, 0, 0, 1, 107.07
1735612609, 28, 0, 10, 0, 0, 0.01%, 0, 0, 1, 108.76
1735612614, 28, 1, 10, 0, 0, 0.01%, 0, 0, 1, 107.97
1735612620, 28, 3, 10, 0, 0, 0.01%, 0, 0, 1, 106.91
1735612625, 28, 4, 10, 0, 0, 0.01%, 0, 0, 1, 107.02
1735612630, 28, 6, 10, 0, 0, 0.01%, 0, 0, 1, 108.73
1735612635, 28, 7, 10, 0, 0, 0.01%, 0, 0, 1, 107.17
1735612640, 28, 9, 10, 0, 0, 0.01%, 0, 0, 1, 106.82
1735612645, 29, 0, 10, 0, 0, 0.01%, 0, 0, 1, 105.61
1735612650, 29, 2, 10, 0, 0, 0.01%, 0, 0, 1, 106.29
1735612656, 29, 3, 10, 0, 0, 0.01%, 0, 0, 1, 106.33
1735612661, 29, 5, 10, 0, 0, 0.01%, 0, 0, 1, 108.37
1735612666, 29, 6, 10, 0, 0, 0.01%, 0, 0, 1, 105.01
1735612671, 29, 8, 10, 0, 0, 0.01%, 0, 0, 1, 108.96
1735612676, 29, 9, 10, 0, 0, 0.01%, 0, 0, 1, 109.34
1735612681, 30, 1, 10, 0, 0, 0.01%, 0, 0, 1, 106.36
1735612686, 30, 2, 10, 0, 0, 0.01%, 0, 0, 1, 105.56
1735612692, 30, 4, 10, 0, 0, 0.01%, 0, 0, 1, 105.89
1735612697, 30, 5, 10, 0, 0, 0.01%, 0, 0, 1, 105.26
1735612702, 30, 7, 10, 0, 0, 0.01%, 0, 0, 1, 107.14
1735612707, 30, 8, 10, 0, 0, 0.01%, 0, 0, 1, 108.57
1735612712, 31, 0, 10, 0, 0, 0.01%, 0, 0, 1, 106.18
1735612717, 31, 1, 10, 0, 0, 0.01%, 0, 0, 1, 106.43
1735612722, 31, 3, 10, 0, 0, 0.01%, 0, 0, 1, 108.96
1735612727, 31, 4, 10, 0, 0, 0.01%, 0, 0, 1, 110.23
1735612732, 31, 6, 10, 0, 0, 0.01%, 0, 0, 1, 109.41
1735612737, 31, 7, 10, 0, 0, 0.01%, 0, 0, 1, 103.46
1735612742, 31, 9, 10, 0, 0, 0.01%, 0, 0, 1, 109.93
1735612747, 32, 0, 10, 0, 0, 0.01%, 0, 0, 1, 106.16
1735612752, 32, 2, 10, 0, 0, 0.01%, 0, 0, 1, 105.08
1735612758, 32, 3, 10, 0, 0, 0.01%, 0, 0, 1, 107.79
1735612763, 32, 5, 10, 0, 0, 0.01%, 0, 0, 1, 107.37
1735612768, 32, 6, 10, 0, 0, 0.01%, 0, 0, 1, 106.79
1735612773, 32, 8, 10, 0, 0, 0.01%, 0, 0, 1, 105.99
1735612778, 32, 9, 10, 0, 0, 0.01%, 0, 0, 1, 106.71
1735612783, 33, 1, 10, 0, 0, 0.01%, 0, 0, 1, 108.70
1735612789, 33, 2, 10, 0, 0, 0.01%, 0, 0, 1, 108.13
1735612794, 33, 4, 10, 0, 0, 0.01%, 0, 0, 1, 107.93
1735612799, 33, 5, 10, 0, 0, 0.01%, 0, 0, 1, 105.79
1735612804, 33, 7, 10, 0, 0, 0.01%, 0, 0, 1, 106.50
1735612809, 33, 8, 10, 0, 0, 0.01%, 0, 0, 1, 105.87
1735612814, 34, 0, 10, 0, 0, 0.01%, 0, 0, 1, 106.52
1735612819, 34, 1, 10, 0, 0, 0.01%, 0, 0, 1, 108.62
1735612824, 34, 3, 10, 0, 0, 0.01%, 0, 0, 1, 107.99
1735612829, 34, 4, 10, 0, 0, 0.01%, 0, 0, 1, 109.30
1735612834, 34, 6, 10, 0, 0, 0.01%, 0, 0, 1, 106.15
1735612840, 34, 7, 10, 0, 0, 0.01%, 0, 0, 1, 107.34
1735612845, 34, 9, 10, 0, 0, 0.01%, 0, 0, 1, 105.09
1735612850, 35, 0, 10, 0, 0, 0.01%, 0, 0, 1, 105.63
1735612855, 35, 1, 10, 0, 0, 0.01%, 0, 0, 1, 104.80
1735612860, 35, 3, 10, 0, 0, 0.01%, 0, 0, 1, 109.74
1735612865, 35, 5, 10, 0, 0, 0.01%, 0, 0, 1, 107.35
1735612870, 35, 6, 10, 0, 0, 0.01%, 0, 0, 1, 104.32
1735612875, 35, 7, 10, 0, 0, 0.01%, 0, 0, 1, 106.70
1735612881, 35, 9, 10, 0, 0, 0.01%, 0, 0, 1, 107.77
1735612886, 36, 0, 10, 0, 0, 0.01%, 0, 0, 1, 106.91
1735612891, 36, 2, 10, 0, 0, 0.01%, 0, 0, 1, 106.18
1735612896, 36, 3, 10, 0, 0, 0.01%, 0, 0, 1, 107.66
1735612901, 36, 5, 10, 0, 0, 0.01%, 0, 0, 1, 106.65
1735612906, 36, 6, 10, 0, 0, 0.01%, 0, 0, 1, 106.19
1735612911, 36, 8, 10, 0, 0, 0.01%, 0, 0, 1, 110.35
1735612917, 36, 9, 10, 0, 0, 0.01%, 0, 0, 1, 109.98
1735612922, 37, 1, 10, 0, 0, 0.01%, 0, 0, 1, 106.14
1735612927, 37, 2, 10, 0, 0, 0.01%, 0, 0, 1, 105.94
1735612932, 37, 4, 10, 0, 0, 0.01%, 0, 0, 1, 106.57
1735612937, 37, 5, 10, 0, 0, 0.01%, 0, 0, 1, 106.00
1735612942, 37, 7, 10, 0, 0, 0.01%, 0, 0, 1, 106.29
1735612947, 37, 8, 10, 0, 0, 0.01%, 0, 0, 1, 108.11
1735612952, 38, 0, 10, 0, 0, 0.01%, 0, 0, 1, 107.07
1735612957, 38, 1, 10, 0, 0, 0.01%, 0, 0, 1, 106.73
1735612963, 38, 3, 10, 0, 0, 0.01%, 0, 0, 1, 110.30
1735612968, 38, 4, 10, 0, 0, 0.01%, 0, 0, 1, 106.01
1735612973, 38, 6, 10, 0, 0, 0.01%, 0, 0, 1, 107.11
1735612978, 38, 7, 10, 0, 0, 0.01%, 0, 0, 1, 106.62
1735612983, 38, 9, 10, 0, 0, 0.01%, 0, 0, 1, 107.49
1735612988, 39, 0, 10, 0, 0, 0.01%, 0, 0, 1, 109.39
1735612993, 39, 2, 10, 0, 0, 0.01%, 0, 0, 1, 105.52
1735612998, 39, 3, 10, 0, 0, 0.01%, 0, 0, 1, 110.71
1735613003, 39, 5, 10, 0, 0, 0.01%, 0, 0, 1, 108.48
1735613008, 39, 6, 10, 0, 0, 0.01%, 0, 0, 1, 105.26
1735613013, 39, 8, 10, 0, 0, 0.01%, 0, 0, 1, 104.97
1735613019, 39, 9, 10, 0, 0, 0.01%, 0, 0, 1, 102.83
1735613024, 40, 1, 10, 0, 0, 0.01%, 0, 0, 1, 105.32
1735613029, 40, 2, 10, 0, 0, 0.01%, 0, 0, 1, 108.38
1735613034, 40, 3, 10, 0, 0, 0.01%, 0, 0, 1, 107.10
1735613039, 40, 5, 10, 0, 0, 0.01%, 0, 0, 1, 106.82
1735613044, 40, 6, 10, 0, 0, 0.01%, 0, 0, 1, 106.91
1735613049, 40, 8, 10, 0, 0, 0.01%, 0, 0, 1, 107.25
1735613054, 40, 9, 10, 0, 0, 0.01%, 0, 0, 1, 105.45
1735613059, 41, 1, 10, 0, 0, 0.01%, 0, 0, 1, 109.20
1735613065, 41, 2, 10, 0, 0, 0.01%, 0, 0, 1, 110.83
1735613070, 41, 4, 10, 0, 0, 0.01%, 0, 0, 1, 106.59
1735613075, 41, 5, 10, 0, 0, 0.01%, 0, 0, 1, 105.09
1735613080, 41, 7, 10, 0, 0, 0.01%, 0, 0, 1, 106.15
1735613085, 41, 8, 10, 0, 0, 0.01%, 0, 0, 1, 107.43
1735613090, 42, 0, 10, 0, 0, 0.01%, 0, 0, 1, 106.09
1735613095, 42, 1, 10, 0, 0, 0.01%, 0, 0, 1, 108.45
1735613100, 42, 3, 10, 0, 0, 0.01%, 0, 0, 1, 108.34
1735613106, 42, 4, 10, 0, 0, 0.01%, 0, 0, 1, 109.25
1735613111, 42, 6, 10, 0, 0, 0.01%, 0, 0, 1, 106.87
1735613116, 42, 7, 10, 0, 0, 0.01%, 0, 0, 1, 105.39
1735613121, 42, 9, 10, 0, 0, 0.01%, 0, 0, 1, 108.73
1735613126, 43, 0, 10, 0, 0, 0.01%, 0, 0, 1, 107.54
1735613132, 43, 2, 10, 0, 0, 0.01%, 0, 0, 1, 109.07
1735613137, 43, 4, 10, 0, 0, 0.01%, 0, 0, 1, 106.22
1735613142, 43, 5, 10, 0, 0, 0.01%, 0, 0, 1, 105.47
1735613147, 43, 7, 10, 0, 0, 0.01%, 0, 0, 1, 110.98
1735613152, 43, 8, 10, 0, 0, 0.01%, 0, 0, 1, 109.22
1735613157, 43, 9, 10, 0, 0, 0.01%, 0, 0, 1, 108.37
1735613162, 44, 1, 10, 0, 0, 0.01%, 0, 0, 1, 107.90
1735613167, 44, 2, 10, 0, 0, 0.01%, 0, 0, 1, 106.16
1735613172, 44, 4, 10, 0, 0, 0.01%, 0, 0, 1, 106.90
1735613177, 44, 5, 10, 0, 0, 0.01%, 0, 0, 1, 102.88
1735613183, 44, 7, 10, 0, 0, 0.01%, 0, 0, 1, 104.80
1735613188, 44, 8, 10, 0, 0, 0.01%, 0, 0, 1, 105.87
1735613193, 45, 0, 10, 0, 0, 0.01%, 0, 0, 1, 104.20
1735613198, 45, 1, 10, 0, 0, 0.01%, 0, 0, 1, 104.72
1735613203, 45, 3, 10, 0, 0, 0.01%, 0, 0, 1, 105.91
1735613208, 45, 4, 10, 0, 0, 0.01%, 0, 0, 1, 107.55
1735613213, 45, 6, 10, 0, 0, 0.01%, 0, 0, 1, 108.01
1735613218, 45, 7, 10, 0, 0, 0.01%, 0, 0, 1, 108.28
1735613223, 45, 9, 10, 0, 0, 0.01%, 0, 0, 1, 106.78
1735613228, 46, 0, 10, 0, 0, 0.01%, 0, 0, 1, 105.76
1735613233, 46, 2, 10, 0, 0, 0.01%, 0, 0, 1, 104.48
1735613239, 46, 3, 10, 0, 0, 0.01%, 0, 0, 1, 107.15
1735613244, 46, 5, 10, 0, 0, 0.01%, 0, 0, 1, 106.59
1735613249, 46, 6, 10, 0, 0, 0.01%, 0, 0, 1, 107.87
1735613254, 46, 7, 10, 0, 0, 0.01%, 0, 0, 1, 106.68
1735613259, 46, 9, 10, 0, 0, 0.01%, 0, 0, 1, 108.37
1735613264, 47, 0, 10, 0, 0, 0.01%, 0, 0, 1, 106.44
1735613269, 47, 2, 10, 0, 0, 0.01%, 0, 0, 1, 106.15
1735613274, 47, 3, 10, 0, 0, 0.01%, 0, 0, 1, 108.37
1735613279, 47, 5, 10, 0, 0, 0.01%, 0, 0, 1, 106.46
1735613284, 47, 6, 10, 0, 0, 0.01%, 0, 0, 1, 106.75
1735613289, 47, 8, 10, 0, 0, 0.01%, 0, 0, 1, 106.84
1735613294, 47, 9, 10, 0, 0, 0.01%, 0, 0, 1, 108.15
1735613299, 48, 1, 10, 0, 0, 0.01%, 0, 0, 1, 109.45
1735613304, 48, 2, 10, 0, 0, 0.01%, 0, 0, 1, 112.96
1735613309, 48, 4, 10, 0, 0, 0.01%, 0, 0, 1, 108.77
1735613314, 48, 5, 10, 0, 0, 0.01%, 0, 0, 1, 104.90
1735613319, 48, 7, 10, 0, 0, 0.01%, 0, 0, 1, 109.18
1735613324, 48, 8, 10, 0, 0, 0.01%, 0, 0, 1, 105.14
1735613329, 49, 0, 10, 0, 0, 0.01%, 0, 0, 1, 106.59
1735613335, 49, 1, 10, 0, 0, 0.01%, 0, 0, 1, 106.24
1735613340, 49, 2, 10, 0, 0, 0.01%, 0, 0, 1, 104.67
1735613345, 49, 4, 10, 0, 0, 0.01%, 0, 0, 1, 104.19
1735613350, 49, 5, 10, 0, 0, 0.01%, 0, 0, 1, 107.91
1735613355, 49, 7, 10, 0, 0, 0.01%, 0, 0, 1, 107.63
1735613360, 49, 8, 10, 0, 0, 0.01%, 0, 0, 1, 107.36
1735613365, 50, 0, 10, 0, 0, 0.01%, 0, 0, 1, 107.58
1735613370, 50, 1, 10, 0, 0, 0.01%, 0, 0, 1, 106.80
1735613376, 50, 3, 10, 0, 0, 0.01%, 0, 0, 1, 104.45
1735613381, 50, 4, 10, 0, 0, 0.01%, 0, 0, 1, 106.09
1735613386, 50, 6, 10, 0, 0, 0.01%, 0, 0, 1, 107.37
1735613391, 50, 7, 10, 0, 0, 0.01%, 0, 0, 1, 108.47
1735613396, 50, 9, 10, 0, 0, 0.01%, 0, 0, 1, 106.92
1735613401, 51, 0, 10, 0, 0, 0.01%, 0, 0, 1, 108.49
1735613406, 51, 2, 10, 0, 0, 0.01%, 0, 0, 1, 109.26
1735613412, 51, 3, 10, 0, 0, 0.01%, 0, 0, 1, 107.50
1735613417, 51, 5, 11, 1, 0, 0.16%, 1, 0, 2, 105.34
1735613422, 51, 10, 11, 1, 1, 0.16%, 1, 0, 2, 126.96
1735613427, 51, 10, 12, 2, 1, 0.16%, 2, 0, 3, 116.51
1735613457, 51, 10, 13, 3, 1, 0.16%, 3, 0, 3, 114.06
1735613540, 51, 10, 18, 8, 1, 0.16%, 3, 0, 3, 132.05
1735613561, 51, 11, 18, 7, 2, 0.16%, 3, 0, 3, 138.42
1735613581, 51, 11, 19, 8, 2, 0.16%, 3, 0, 4, 120.68
1735613618, 51, 11, 20, 9, 2, 0.17%, 4, 0, 4, 117.99
1735613643, 51, 11, 21, 10, 2, 0.17%, 5, 0, 4, 115.54
1735613705, 51, 11, 22, 11, 2, 0.17%, 5, 0, 4, 110.08
1735613720, 51, 14, 22, 10, 3, 0.17%, 5, 0, 4, 135.32
1735613736, 51, 14, 23, 11, 3, 0.17%, 5, 0, 4, 117.27
1735613777, 51, 14, 26, 14, 3, 0.17%, 5, 0, 4, 133.85
1735613787, 51, 19, 26, 13, 2, 0.17%, 5, 0, 4, 153.92
1735613792, 51, 19, 27, 14, 2, 0.17%, 5, 0, 5, 137.72
1735613911, 51, 22, 27, 13, 2, 0.17%, 5, 0, 5, 138.01
1735613942, 51, 22, 28, 14, 2, 0.17%, 5, 0, 5, 117.75
1735613978, 51, 22, 29, 15, 2, 0.17%, 5, 0, 5, 118.07
1735614040, 51, 26, 29, 14, 1, 0.17%, 5, 0, 5, 179.28
1735614086, 51, 26, 30, 15, 1, 0.17%, 5, 0, 6, 127.92
1735614148, 51, 26, 32, 17, 1, 0.17%, 5, 0, 6, 145.01
1735614163, 51, 26, 33, 18, 1, 0.17%, 5, 0, 6, 125.99
1735614168, 51, 30, 33, 17, 0, 0.17%, 5, 0, 6, 174.73
1735614245, 51, 31, 33, 16, 0, 0.17%, 5, 0, 6, 111.77
1735614668, 51, 31, 34, 17, 0, 0.17%, 6, 0, 7, 219.44
1735614679, 51, 31, 35, 18, 0, 0.17%, 7, 0, 7, 210.56
1735614739, 52, 10, 35, 17, 0, 0.17%, 7, 0, 7, 145.10
1735614755, 52, 11, 35, 17, 0, 0.17%, 7, 0, 7, 131.74
1735614765, 52, 13, 35, 17, 0, 0.17%, 7, 0, 7, 151.78
1735614821, 52, 14, 35, 16, 0, 0.17%, 7, 0, 7, 139.72
1735614837, 52, 18, 35, 16, 0, 0.17%, 7, 0, 7, 174.90
1735614954, 52, 20, 35, 15, 0, 0.17%, 7, 0, 7, 173.65
1735615025, 52, 22, 35, 14, 0, 0.17%, 7, 0, 7, 141.87
1735615045, 52, 22, 36, 15, 0, 0.17%, 7, 0, 7, 156.36
1735615056, 52, 23, 36, 15, 0, 0.17%, 7, 0, 7, 202.90
1735615137, 52, 26, 36, 14, 0, 0.17%, 7, 0, 7, 151.95
1735615162, 52, 27, 36, 14, 0, 0.17%, 7, 0, 7, 140.65
1735615645, 52, 31, 36, 13, 0, 0.17%, 7, 0, 7, 209.12
1735615666, 52, 32, 36, 13, 0, 0.17%, 7, 0, 7, 167.89
1735615737, 52, 34, 36, 12, 0, 0.17%, 7, 0, 7, 124.89
1735616358, 53, 6, 36, 11, 0, 0.17%, 7, 0, 7, 158.71
1735616363, 53, 10, 36, 11, 0, 0.17%, 7, 0, 7, 146.45
1735616374, 53, 11, 36, 11, 0, 0.17%, 7, 0, 7, 141.90
1735616389, 53, 14, 36, 11, 0, 0.17%, 7, 0, 7, 142.47
1735616399, 53, 20, 36, 11, 0, 0.17%, 7, 0, 7, 158.26
1735616430, 53, 22, 36, 11, 0, 0.17%, 7, 0, 7, 146.60
1735616445, 53, 22, 37, 12, 0, 0.17%, 7, 0, 7, 171.22
1735616450, 53, 26, 37, 12, 0, 0.17%, 7, 0, 7, 159.20
1735616481, 53, 28, 37, 12, 0, 0.17%, 7, 0, 7, 174.70
1735616521, 54, 1, 37, 11, 0, 0.17%, 7, 0, 7, 144.99
1735616526, 54, 10, 37, 11, 0, 0.17%, 7, 0, 7, 147.70
1735616536, 54, 11, 37, 11, 0, 0.17%, 7, 0, 7, 142.90
1735616547, 54, 12, 37, 11, 0, 0.17%, 7, 0, 7, 126.22
1735616787, 54, 14, 37, 10, 0, 0.17%, 7, 0, 7, 148.54
1735616802, 54, 22, 37, 10, 0, 0.17%, 7, 0, 7, 144.41
1735616818, 54, 26, 37, 10, 0, 0.17%, 7, 0, 7, 169.27
1735616848, 54, 28, 37, 10, 0, 0.17%, 7, 0, 7, 151.26
1735616869, 54, 29, 37, 10, 0, 0.17%, 7, 0, 7, 179.51
1735616904, 54, 29, 38, 11, 0, 0.17%, 7, 0, 7, 151.88
1735616975, 55, 10, 38, 10, 0, 0.17%, 7, 0, 7, 154.97
1735616985, 55, 11, 38, 10, 0, 0.17%, 7, 0, 7, 143.30
1735616996, 55, 14, 38, 10, 0, 0.17%, 7, 0, 7, 139.36
1735617011, 55, 19, 38, 10, 0, 0.17%, 7, 0, 7, 147.10
1735617036, 55, 21, 38, 10, 0, 0.17%, 7, 0, 7, 167.71
1735617108, 55, 22, 38, 9, 0, 0.17%, 7, 0, 7, 124.54
1735617128, 55, 26, 38, 9, 0, 0.17%, 7, 0, 7, 156.39
1735617159, 56, 10, 38, 9, 0, 0.17%, 7, 0, 7, 152.49
1735617169, 56, 11, 38, 9, 0, 0.17%, 7, 0, 7, 143.90
1735617180, 56, 14, 38, 9, 0, 0.17%, 7, 0, 7, 143.55
1735617190, 56, 21, 38, 9, 0, 0.17%, 7, 0, 7, 144.70
1735617220, 56, 22, 38, 9, 0, 0.17%, 7, 0, 7, 154.91
1735617235, 56, 24, 38, 9, 0, 0.17%, 7, 0, 7, 158.34
1735617297, 56, 26, 38, 8, 0, 0.17%, 7, 0, 7, 155.15
1735617327, 57, 10, 38, 8, 0, 0.17%, 7, 0, 7, 144.63
1735617338, 57, 11, 38, 8, 0, 0.17%, 7, 0, 7, 134.62
1735617348, 57, 13, 38, 8, 0, 0.17%, 7, 0, 7, 160.33
1735617363, 57, 14, 38, 8, 0, 0.17%, 7, 0, 7, 142.55
1735617378, 57, 22, 38, 8, 0, 0.17%, 7, 0, 7, 142.50
1735617394, 57, 26, 38, 8, 0, 0.17%, 7, 0, 7, 172.13
1735617425, 57, 36, 38, 8, 0, 0.17%, 7, 0, 7, 161.46
1735617552, 58, 10, 38, 7, 0, 0.17%, 7, 0, 7, 160.26
1735617562, 58, 11, 38, 7, 0, 0.17%, 7, 0, 7, 149.73
1735617573, 58, 14, 38, 7, 0, 0.17%, 7, 0, 7, 141.23
1735617583, 58, 16, 38, 7, 0, 0.17%, 7, 0, 7, 139.72
1735617770, 58, 22, 38, 6, 0, 0.17%, 7, 0, 7, 150.62
1735617785, 58, 26, 38, 6, 0, 0.17%, 7, 0, 7, 168.53
1735617816, 58, 33, 38, 6, 0, 0.17%, 7, 0, 7, 111.15
1735618255, 59, 4, 38, 5, 0, 0.17%, 7, 0, 7, 155.03
1735618260, 59, 10, 38, 5, 0, 0.17%, 7, 0, 7, 148.97
1735618270, 59, 11, 38, 5, 0, 0.17%, 7, 0, 7, 152.34
1735618275, 59, 14, 38, 5, 0, 0.17%, 7, 0, 7, 153.73
1735618291, 59, 22, 38, 5, 0, 0.17%, 7, 0, 7, 148.03
1735618311, 59, 26, 38, 5, 0, 0.17%, 7, 0, 7, 149.17
1735618337, 60, 0, 38, 5, 0, 0.17%, 7, 0, 7, 142.90
1735618342, 60, 10, 38, 5, 0, 0.17%, 7, 0, 7, 148.77
1735618352, 60, 11, 38, 5, 0, 0.17%, 7, 0, 7, 145.57
1735618357, 60, 14, 38, 5, 0, 0.17%, 7, 0, 7, 140.83
1735618372, 60, 17, 38, 5, 0, 0.17%, 7, 0, 7, 235.56
1735618556, 60, 22, 38, 4, 0, 0.17%, 7, 0, 7, 147.15
1735618576, 60, 26, 38, 4, 0, 0.17%, 7, 0, 7, 150.78
1735618601, 61, 10, 38, 4, 0, 0.17%, 7, 0, 7, 156.91
1735618612, 61, 11, 38, 4, 0, 0.17%, 7, 0, 7, 153.27
1735618622, 61, 14, 38, 4, 0, 0.17%, 7, 0, 7, 146.57
1735618632, 61, 21, 38, 4, 0, 0.17%, 7, 0, 7, 150.44
1735618662, 61, 22, 38, 4, 0, 0.17%, 7, 0, 7, 129.89
1735618683, 61, 26, 38, 4, 0, 0.17%, 7, 0, 7, 156.38
1735618713, 61, 30, 38, 4, 0, 0.17%, 7, 0, 7, 177.92
1735618739, 62, 10, 38, 4, 0, 0.17%, 7, 0, 7, 147.18
1735618749, 62, 11, 38, 4, 0, 0.17%, 7, 0, 7, 149.18
1735618754, 62, 14, 38, 4, 0, 0.17%, 7, 0, 7, 146.52
1735618769, 62, 22, 38, 4, 0, 0.17%, 7, 0, 7, 145.39
1735618790, 62, 26, 38, 4, 0, 0.17%, 7, 0, 7, 160.58
1735618815, 62, 33, 38, 4, 0, 0.17%, 7, 0, 7, 188.51
1735618830, 62, 35, 38, 4, 0, 0.17%, 7, 0, 7, 161.24
1735618881, 63, 10, 38, 3, 0, 0.17%, 7, 0, 7, 143.40
1735618886, 63, 11, 38, 3, 0, 0.17%, 7, 0, 7, 152.16
1735618892, 63, 14, 38, 3, 0, 0.17%, 7, 0, 7, 143.30
1735618897, 63, 21, 38, 3, 0, 0.17%, 7, 0, 7, 154.49
1735618922, 63, 22, 38, 3, 0, 0.17%, 7, 0, 7, 149.21
1735618932, 63, 26, 38, 3, 0, 0.17%, 7, 0, 7, 162.10
1735618947, 64, 10, 38, 3, 0, 0.17%, 7, 0, 7, 146.00
1735618952, 64, 11, 38, 3, 0, 0.17%, 7, 0, 7, 136.33
1735618958, 64, 14, 38, 3, 0, 0.17%, 7, 0, 7, 138.50
1735618963, 64, 22, 38, 3, 0, 0.17%, 7, 0, 7, 151.97
1735618973, 64, 26, 38, 3, 0, 0.17%, 7, 0, 7, 160.83
1735618989, 64, 34, 38, 3, 0, 0.17%, 7, 0, 7, 186.49
1735619004, 64, 37, 38, 3, 0, 0.17%, 7, 0, 7, 167.92
1735619060, 65, 10, 38, 2, 0, 0.17%, 7, 0, 7, 154.91
1735619065, 65, 11, 38, 2, 0, 0.17%, 7, 0, 7, 151.63
1735619070, 65, 14, 38, 2, 0, 0.17%, 7, 0, 7, 145.38
1735619080, 65, 17, 38, 2, 0, 0.17%, 7, 0, 7, 168.27
1735619090, 65, 22, 38, 2, 0, 0.17%, 7, 0, 7, 154.67
1735619101, 65, 25, 38, 2, 0, 0.17%, 7, 0, 7, 162.34
1735619147, 65, 26, 38, 1, 0, 0.17%, 7, 0, 7, 146.62
1735619162, 66, 11, 38, 1, 0, 0.17%, 7, 0, 7, 147.95
1735619167, 66, 14, 38, 1, 0, 0.17%, 7, 0, 7, 145.38
1735619172, 66, 22, 38, 1, 0, 0.17%, 7, 0, 7, 146.92
1735619177, 66, 26, 38, 1, 0, 0.17%, 7, 0, 7, 152.32
1735619182, 66, 28, 38, 1, 0, 0.17%, 7, 0, 7, 151.81
1735619202, 66, 29, 38, 1, 0, 0.17%, 7, 0, 7, 155.25
1735619218, 66, 35, 38, 1, 0, 0.17%, 7, 0, 7, 155.33
1735619238, 67, 6, 38, 1, 0, 0.17%, 7, 0, 7, 131.26
1735619243, 67, 10, 38, 1, 0, 0.17%, 7, 0, 7, 145.66
1735619248, 67, 14, 38, 1, 0, 0.17%, 7, 0, 7, 141.51
1735619253, 67, 22, 38, 1, 0, 0.17%, 7, 0, 7, 150.28
1735619258, 67, 26, 38, 1, 0, 0.17%, 7, 0, 7, 152.55
1735619263, 67, 27, 38, 1, 0, 0.17%, 7, 0, 7, 175.10
1735619284, 67, 35, 38, 1, 0, 0.17%, 7, 0, 7, 159.51
1735619299, 68, 5, 38, 1, 0, 0.17%, 7, 0, 7, 156.96
1735619304, 68, 10, 38, 1, 0, 0.17%, 7, 0, 7, 155.50
1735619309, 68, 14, 38, 1, 0, 0.17%, 7, 0, 7, 155.46
1735619314, 68, 22, 38, 1, 0, 0.17%, 7, 0, 7, 157.24
1735619319, 68, 26, 38, 1, 0, 0.17%, 7, 0, 7, 145.96
1735619324, 68, 27, 38, 1, 0, 0.17%, 7, 0, 7, 188.82
1735619340, 69, 5, 38, 1, 0, 0.17%, 7, 0, 7, 154.08
1735619345, 69, 11, 38, 1, 0, 0.17%, 7, 0, 7, 146.08
1735619350, 69, 22, 38, 1, 0, 0.17%, 7, 0, 7, 148.55
1735619355, 69, 23, 38, 1, 0, 0.17%, 7, 0, 7, 158.60
1735619375, 69, 26, 38, 1, 0, 0.17%, 7, 0, 7, 153.11
1735619380, 70, 8, 38, 1, 0, 0.17%, 7, 0, 7, 162.17
1735619385, 70, 11, 38, 1, 0, 0.17%, 7, 0, 7, 150.69
1735619390, 70, 18, 38, 1, 0, 0.17%, 7, 0, 7, 147.65
1735619411, 70, 22, 38, 1, 0, 0.17%, 7, 0, 7, 143.03
1735619416, 70, 26, 38, 1, 0, 0.17%, 7, 0, 7, 152.25
1735619421, 71, 10, 38, 1, 0, 0.17%, 7, 0, 7, 157.34
1735619426, 71, 14, 38, 1, 0, 0.17%, 7, 0, 7, 154.73
1735619431, 71, 22, 38, 1, 0, 0.17%, 7, 0, 7, 153.15
1735619436, 71, 26, 38, 1, 0, 0.17%, 7, 0, 7, 154.49
1735619441, 72, 10, 38, 1, 0, 0.17%, 7, 0, 7, 148.61
1735619446, 72, 14, 38, 1, 0, 0.17%, 7, 0, 7, 150.45
1735619452, 72, 20, 38, 1, 0, 0.17%, 7, 0, 7, 149.60
1735619482, 72, 21, 38, 1, 0, 0.17%, 7, 0, 7, 150.29
1735619508, 72, 22, 38, 1, 0, 0.17%, 7, 0, 7, 155.88
1735619513, 72, 23, 38, 1, 0, 0.17%, 7, 0, 7, 154.44
1735619533, 72, 26, 38, 1, 0, 0.17%, 7, 0, 7, 144.57
1735619544, 73, 10, 38, 1, 0, 0.17%, 7, 0, 7, 152.39
1735619549, 73, 14, 38, 1, 0, 0.17%, 7, 0, 7, 148.21
1735619554, 73, 22, 38, 1, 0, 0.17%, 7, 0, 7, 150.10
1735619559, 73, 26, 38, 1, 0, 0.17%, 7, 0, 7, 153.02
1735619564, 74, 10, 38, 1, 0, 0.17%, 7, 0, 7, 151.05
1735619569, 74, 14, 38, 1, 0, 0.17%, 7, 0, 7, 144.48
1735619574, 74, 15, 38, 1, 0, 0.17%, 7, 0, 7, 180.35
1735619615, 74, 22, 38, 0, 0, 0.17%, 7, 0, 7, 152.08
1735619620, 74, 26, 38, 0, 0, 0.17%, 7, 0, 7, 158.83
1735619630, 74, 33, 38, 0, 0, 0.17%, 7, 0, 7, 205.26
1735619645, 75, 10, 38, 0, 0, 0.17%, 7, 0, 7, 153.33
1735619650, 75, 14, 38, 0, 0, 0.17%, 7, 0, 7, 144.92
1735619655, 75, 22, 38, 0, 0, 0.17%, 7, 0, 7, 147.05
1735619660, 75, 26, 38, 0, 0, 0.17%, 7, 0, 7, 144.22
1735619666, 76, 10, 38, 0, 0, 0.17%, 7, 0, 7, 145.85
1735619671, 76, 14, 38, 0, 0, 0.17%, 7, 0, 7, 144.83
1735619676, 76, 22, 38, 0, 0, 0.17%, 7, 0, 7, 151.25
1735619681, 76, 26, 38, 0, 0, 0.17%, 7, 0, 7, 149.24
1735619686, 77, 4, 38, 0, 0, 0.17%, 7, 0, 7, 148.01
1735619691, 77, 11, 38, 0, 0, 0.17%, 7, 0, 7, 149.56
1735619696, 77, 22, 38, 0, 0, 0.17%, 7, 0, 7, 143.70
1735619702, 77, 26, 38, 0, 0, 0.17%, 7, 0, 7, 144.35
1735619712, 78, 11, 38, 0, 0, 0.17%, 7, 0, 7, 151.89
1735619717, 78, 22, 38, 0, 0, 0.17%, 7, 0, 7, 142.87
1735619722, 78, 25, 38, 0, 0, 0.17%, 7, 0, 7, 155.68
1735619742, 78, 26, 38, 0, 0, 0.17%, 7, 0, 7, 149.88
1735619747, 78, 31, 38, 0, 0, 0.17%, 7, 0, 7, 178.99
1735619772, 79, 10, 38, 0, 0, 0.17%, 7, 0, 7, 157.75
1735619777, 79, 14, 38, 0, 0, 0.17%, 7, 0, 7, 142.59
1735619783, 79, 22, 38, 0, 0, 0.17%, 7, 0, 7, 152.06
1735619788, 79, 23, 38, 0, 0, 0.17%, 7, 0, 7, 152.31
1735619808, 79, 26, 38, 0, 0, 0.17%, 7, 0, 7, 154.77
1735619813, 80, 11, 38, 0, 0, 0.17%, 7, 0, 7, 149.19
1735619818, 80, 14, 38, 0, 0, 0.17%, 7, 0, 7, 145.23
1735619824, 80, 22, 38, 0, 0, 0.17%, 7, 0, 7, 145.91
1735619829, 80, 26, 38, 0, 0, 0.17%, 7, 0, 7, 163.98
1735619834, 80, 34, 38, 0, 0, 0.17%, 7, 0, 7, 192.99
1735619849, 81, 10, 38, 0, 0, 0.17%, 7, 0, 7, 146.41
1735619854, 81, 14, 38, 0, 0, 0.17%, 7, 0, 7, 151.72
1735619859, 81, 22, 38, 0, 0, 0.17%, 7, 0, 7, 154.64
1735619865, 81, 26, 38, 0, 0, 0.17%, 7, 0, 7, 160.16
1735619870, 81, 28, 38, 0, 0, 0.17%, 7, 0, 7, 158.74
1735619890, 82, 11, 38, 0, 0, 0.17%, 7, 0, 7, 146.42
1735619895, 82, 14, 38, 0, 0, 0.17%, 7, 0, 7, 143.81
1735619900, 82, 26, 38, 0, 0, 0.17%, 7, 0, 7, 152.38
1735619910, 83, 11, 38, 0, 0, 0.17%, 7, 0, 7, 151.87
1735619915, 83, 22, 38, 0, 0, 0.17%, 7, 0, 7, 143.09
1735619920, 83, 26, 38, 0, 0, 0.17%, 7, 0, 7, 147.34
1735619931, 84, 11, 38, 0, 0, 0.17%, 7, 0, 7, 153.61
1735619936, 84, 22, 38, 0, 0, 0.17%, 7, 0, 7, 148.30
1735619941, 84, 24, 38, 0, 0, 0.17%, 7, 0, 7, 156.37
1735619961, 84, 26, 38, 0, 0, 0.17%, 7, 0, 7, 149.87
1735619966, 84, 29, 38, 0, 0, 0.17%, 7, 0, 7, 159.66
1735619987, 85, 3, 38, 0, 0, 0.17%, 7, 0, 7, 149.28
1735619992, 85, 11, 38, 0, 0, 0.17%, 7, 0, 7, 147.15
1735619997, 85, 22, 38, 0, 0, 0.17%, 7, 0, 7, 149.33
1735620002, 85, 26, 38, 0, 0, 0.17%, 7, 0, 7, 150.22
1735620012, 86, 11, 38, 0, 0, 0.17%, 7, 0, 7, 150.70
1735620017, 86, 22, 38, 0, 0, 0.17%, 7, 0, 7, 143.08
1735620023, 86, 25, 38, 0, 0, 0.17%, 7, 0, 7, 151.67
1735620043, 86, 26, 38, 0, 0, 0.17%, 7, 0, 7, 144.17
1735620048, 86, 33, 38, 0, 0, 0.17%, 7, 0, 7, 170.24
1735620069, 87, 11, 38, 0, 0, 0.17%, 7, 0, 7, 141.34
1735620074, 87, 15, 38, 0, 0, 0.17%, 7, 0, 7, 147.98
1735620089, 87, 22, 38, 0, 0, 0.17%, 7, 0, 7, 141.69
1735620094, 87, 24, 38, 0, 0, 0.17%, 7, 0, 7, 151.19
1735620114, 87, 26, 38, 0, 0, 0.17%, 7, 0, 7, 152.81
1735620119, 87, 32, 38, 0, 0, 0.17%, 7, 0, 7, 146.06
1735620150, 88, 10, 38, 0, 0, 0.17%, 7, 0, 7, 163.80
1735620155, 88, 14, 38, 0, 0, 0.17%, 7, 0, 7, 150.45
1735620160, 88, 22, 38, 0, 0, 0.17%, 7, 0, 7, 144.94
1735620165, 88, 26, 38, 0, 0, 0.17%, 7, 0, 7, 153.56
1735620175, 89, 9, 38, 0, 0, 0.17%, 7, 0, 7, 151.40
1735620180, 89, 11, 38, 0, 0, 0.17%, 7, 0, 7, 145.98
1735620185, 89, 22, 38, 0, 0, 0.17%, 7, 0, 7, 147.07
1735620190, 89, 26, 38, 0, 0, 0.17%, 7, 0, 7, 151.17
1735620201, 90, 14, 38, 0, 0, 0.17%, 7, 0, 7, 152.76
1735620206, 90, 16, 38, 0, 0, 0.17%, 7, 0, 7, 158.02
1735620221, 90, 22, 38, 0, 0, 0.17%, 7, 0, 7, 146.22
1735620226, 90, 26, 38, 0, 0, 0.17%, 7, 0, 7, 147.94
1735620231, 91, 10, 38, 0, 0, 0.17%, 7, 0, 7, 157.21
1735620236, 91, 14, 38, 0, 0, 0.17%, 7, 0, 7, 144.58
1735620241, 91, 20, 38, 0, 0, 0.17%, 7, 0, 7, 147.47
1735620267, 91, 22, 38, 0, 0, 0.17%, 7, 0, 7, 146.65
1735620272, 91, 24, 38, 0, 0, 0.17%, 7, 0, 7, 159.26
1735620292, 91, 26, 38, 0, 0, 0.17%, 7, 0, 7, 154.42
1735620297, 92, 10, 38, 0, 0, 0.17%, 7, 0, 7, 152.11
1735620302, 92, 14, 38, 0, 0, 0.17%, 7, 0, 7, 151.01
1735620308, 92, 22, 38, 0, 0, 0.17%, 7, 0, 7, 154.94
1735620313, 92, 26, 38, 0, 0, 0.17%, 7, 0, 7, 154.47
1735620318, 93, 10, 38, 0, 0, 0.17%, 7, 0, 7, 153.51
1735620323, 93, 14, 38, 0, 0, 0.17%, 7, 0, 7, 149.41
1735620328, 93, 22, 38, 0, 0, 0.17%, 7, 0, 7, 156.39
1735620333, 93, 26, 38, 0, 0, 0.17%, 7, 0, 7, 149.51
1735620338, 93, 28, 38, 0, 0, 0.17%, 7, 0, 7, 150.47
1735620359, 94, 11, 38, 0, 0, 0.17%, 7, 0, 7, 152.49
1735620364, 94, 22, 38, 0, 0, 0.17%, 7, 0, 7, 156.00
1735620369, 94, 26, 38, 0, 0, 0.17%, 7, 0, 7, 152.26
1735620379, 94, 35, 38, 0, 0, 0.17%, 7, 0, 7, 158.00
1735620400, 95, 14, 38, 0, 0, 0.17%, 7, 0, 7, 157.32
1735620405, 95, 18, 38, 0, 0, 0.17%, 7, 0, 7, 161.37
1735620425, 95, 22, 38, 0, 0, 0.17%, 7, 0, 7, 163.13
1735620430, 95, 26, 38, 0, 0, 0.17%, 7, 0, 7, 156.28
1735620435, 95, 31, 38, 0, 0, 0.17%, 7, 0, 7, 180.30
1735620461, 96, 10, 38, 0, 0, 0.17%, 7, 0, 7, 148.37
1735620466, 96, 14, 38, 0, 0, 0.17%, 7, 0, 7, 152.13
1735620471, 96, 22, 38, 0, 0, 0.17%, 7, 0, 7, 148.62
1735620476, 96, 26, 38, 0, 0, 0.17%, 7, 0, 7, 148.13
1735620481, 97, 10, 38, 0, 0, 0.17%, 7, 0, 7, 153.30
1735620486, 97, 14, 38, 0, 0, 0.17%, 7, 0, 7, 148.51
1735620491, 97, 22, 38, 0, 0, 0.17%, 7, 0, 7, 150.54
1735620497, 97, 26, 38, 0, 0, 0.17%, 7, 0, 7, 156.91
1735620502, 97, 30, 38, 0, 0, 0.17%, 7, 0, 7, 161.60
1735620527, 97, 35, 38, 0, 0, 0.17%, 7, 0, 7, 164.51
1735620547, 97, 37, 38, 0, 0, 0.17%, 7, 0, 7, 168.46
1735620568, 98, 11, 38, 0, 0, 0.17%, 7, 0, 7, 139.24
1735620573, 98, 22, 38, 0, 0, 0.17%, 7, 0, 7, 145.88
1735620578, 98, 26, 38, 0, 0, 0.17%, 7, 0, 7, 152.38
1735620588, 98, 27, 38, 0, 0, 0.17%, 7, 0, 7, 200.05
1735620604, 99, 10, 38, 0, 0, 0.17%, 7, 0, 7, 152.19
1735620609, 99, 14, 38, 0, 0, 0.17%, 7, 0, 7, 145.85
1735620614, 99, 18, 38, 0, 0, 0.17%, 7, 0, 7, 158.81
1735620634, 99, 26, 38, 0, 0, 0.17%, 7, 0, 7, 155.86
1735620644, 99, 28, 38, 0, 0, 0.17%, 7, 0, 7, 154.46
1735620664, 100, 11, 38, 0, 0, 0.17%, 7, 0, 7, 148.10
1735620669, 100, 12, 38, 0, 0, 0.17%, 7, 0, 7, 156.82
1735620680, 100, 14, 38, 0, 0, 0.17%, 7, 0, 7, 142.16
1735620685, 100, 19, 38, 0, 0, 0.17%, 7, 0, 7, 150.34
1735620716, 100, 22, 38, 0, 0, 0.17%, 7, 0, 7, 151.76
1735620721, 100, 24, 38, 0, 0, 0.17%, 7, 0, 7, 157.84
1735620736, 100, 26, 38, 0, 0, 0.17%, 7, 0, 7, 142.61
1735620746, 101, 11, 38, 0, 0, 0.17%, 7, 0, 7, 144.86
1735620751, 101, 17, 38, 0, 0, 0.17%, 7, 0, 7, 145.79
1735620767, 101, 21, 38, 0, 0, 0.17%, 7, 0, 7, 148.65
1735620797, 101, 22, 38, 0, 0, 0.17%, 7, 0, 7, 143.97
1735620802, 101, 26, 38, 0, 0, 0.17%, 7, 0, 7, 158.61
1735620807, 101, 30, 38, 0, 0, 0.17%, 7, 0, 7, 159.88
1735620838, 101, 35, 38, 0, 0, 0.17%, 7, 0, 7, 147.45
1735620853, 102, 10, 38, 0, 0, 0.17%, 7, 0, 7, 160.75
1735620858, 102, 14, 38, 0, 0, 0.17%, 7, 0, 7, 152.50
1735620863, 102, 22, 38, 0, 0, 0.17%, 7, 0, 7, 150.08
1735620868, 102, 26, 38, 0, 0, 0.17%, 7, 0, 7, 153.36
1735620873, 102, 27, 38, 0, 0, 0.17%, 7, 0, 7, 171.83
1735620894, 103, 10, 38, 0, 0, 0.17%, 7, 0, 7, 158.66
1735620899, 103, 14, 38, 0, 0, 0.17%, 7, 0, 7, 151.35
1735620904, 103, 22, 38, 0, 0, 0.17%, 7, 0, 7, 151.61
1735620909, 103, 26, 38, 0, 0, 0.17%, 7, 0, 7, 160.57
1735620914, 103, 36, 38, 0, 0, 0.17%, 7, 0, 7, 174.31
1735620934, 103, 37, 38, 0, 0, 0.17%, 7, 0, 7, 158.85
1735620949, 104, 10, 38, 0, 0, 0.17%, 7, 0, 7, 163.07
1735620954, 104, 14, 38, 0, 0, 0.17%, 7, 0, 7, 152.89
1735620960, 104, 22, 38, 0, 0, 0.17%, 7, 0, 7, 146.26
1735620965, 104, 26, 38, 0, 0, 0.17%, 7, 0, 7, 156.41
1735620970, 104, 34, 38, 0, 0, 0.17%, 7, 0, 7, 183.16
1735620985, 105, 2, 38, 0, 0, 0.17%, 7, 0, 7, 158.95
1735620990, 105, 11, 38, 0, 0, 0.17%, 7, 0, 7, 149.90
1735620995, 105, 17, 38, 0, 0, 0.17%, 7, 0, 7, 153.20
1735621011, 105, 22, 38, 0, 0, 0.17%, 7, 0, 7, 143.70
1735621016, 105, 26, 38, 0, 0, 0.17%, 7, 0, 7, 152.51
1735621021, 106, 3, 38, 0, 0, 0.17%, 7, 0, 7, 161.68
1735621026, 106, 11, 38, 0, 0, 0.17%, 7, 0, 7, 158.33
1735621031, 106, 12, 38, 0, 0, 0.17%, 7, 0, 7, 171.54
1735621041, 106, 14, 38, 0, 0, 0.17%, 7, 0, 7, 150.66
1735621046, 106, 15, 38, 0, 0, 0.17%, 7, 0, 7, 153.17
1735621061, 106, 17, 38, 0, 0, 0.17%, 7, 0, 7, 162.27
1735621077, 106, 22, 38, 0, 0, 0.17%, 7, 0, 7, 142.46
1735621082, 106, 26, 38, 0, 0, 0.17%, 7, 0, 7, 152.13
1735621087, 106, 35, 38, 0, 0, 0.17%, 7, 0, 7, 157.37
1735621107, 107, 11, 38, 0, 0, 0.17%, 7, 0, 7, 147.84
1735621112, 107, 22, 38, 0, 0, 0.17%, 7, 0, 7, 140.30
1735621118, 107, 26, 38, 0, 0, 0.17%, 7, 0, 7, 147.87
1735621128, 108, 11, 38, 0, 0, 0.17%, 7, 0, 7, 150.84
1735621133, 108, 14, 38, 0, 0, 0.17%, 7, 0, 7, 137.76
1735621138, 108, 22, 38, 0, 0, 0.17%, 7, 0, 7, 150.07
1735621143, 108, 26, 38, 0, 0, 0.17%, 7, 0, 7, 150.58
1735621148, 109, 5, 38, 0, 0, 0.17%, 7, 0, 7, 161.93
1735621153, 109, 14, 38, 0, 0, 0.17%, 7, 0, 7, 157.39
1735621158, 109, 22, 38, 0, 0, 0.17%, 7, 0, 7, 145.37
1735621164, 109, 26, 38, 0, 0, 0.17%, 7, 0, 7, 151.63
1735621174, 110, 11, 38, 0, 0, 0.17%, 7, 0, 7, 148.64
1735621179, 110, 14, 38, 0, 0, 0.17%, 7, 0, 7, 145.38
1735621184, 110, 26, 38, 0, 0, 0.17%, 7, 0, 7, 159.72
1735621194, 111, 11, 38, 0, 0, 0.17%, 7, 0, 7, 146.55
1735621199, 111, 22, 38, 0, 0, 0.17%, 7, 0, 7, 143.16
1735621205, 111, 24, 38, 0, 0, 0.17%, 7, 0, 7, 150.97
1735621225, 111, 26, 38, 0, 0, 0.17%, 7, 0, 7, 151.24
1735621230, 112, 10, 38, 0, 0, 0.17%, 7, 0, 7, 153.27
1735621235, 112, 14, 38, 0, 0, 0.17%, 7, 0, 7, 146.55
1735621240, 112, 22, 38, 0, 0, 0.17%, 7, 0, 7, 150.32
1735621245, 112, 24, 38, 0, 0, 0.17%, 7, 0, 7, 158.62
1735621260, 112, 26, 38, 0, 0, 0.17%, 7, 0, 7, 150.47
1735621271, 112, 33, 38, 0, 0, 0.17%, 7, 0, 7, 191.41
1735621286, 112, 34, 38, 0, 0, 0.17%, 7, 0, 7, 167.48
1735621302, 113, 10, 38, 0, 0, 0.17%, 7, 0, 7, 167.93
1735621307, 113, 14, 38, 0, 0, 0.17%, 7, 0, 7, 148.90
1735621312, 113, 22, 38, 0, 0, 0.17%, 7, 0, 7, 143.51
1735621317, 113, 26, 38, 0, 0, 0.17%, 7, 0, 7, 150.44
1735621322, 114, 10, 38, 0, 0, 0.17%, 7, 0, 7, 153.31
1735621327, 114, 14, 38, 0, 0, 0.17%, 7, 0, 7, 149.68
1735621332, 114, 22, 38, 0, 0, 0.17%, 7, 0, 7, 156.49
1735621337, 114, 26, 38, 0, 0, 0.17%, 7, 0, 7, 154.63
1735621342, 115, 10, 38, 0, 0, 0.17%, 7, 0, 7, 149.70
1735621347, 115, 14, 38, 0, 0, 0.17%, 7, 0, 7, 144.40
1735621352, 115, 15, 38, 0, 0, 0.17%, 7, 0, 7, 144.25
1735621368, 115, 22, 38, 0, 0, 0.17%, 7, 0, 7, 152.61
1735621373, 115, 26, 38, 0, 0, 0.17%, 7, 0, 7, 149.40
1735621378, 116, 10, 38, 0, 0, 0.17%, 7, 0, 7, 151.79
1735621383, 116, 14, 38, 0, 0, 0.17%, 7, 0, 7, 143.20
1735621388, 116, 22, 38, 0, 0, 0.17%, 7, 0, 7, 140.74
1735621393, 116, 26, 38, 0, 0, 0.17%, 7, 0, 7, 156.00
1735621398, 117, 10, 38, 0, 0, 0.17%, 7, 0, 7, 149.39
1735621403, 117, 14, 38, 0, 0, 0.17%, 7, 0, 7, 145.67
1735621409, 117, 17, 38, 0, 0, 0.17%, 7, 0, 7, 163.41
1735621419, 117, 22, 38, 0, 0, 0.17%, 7, 0, 7, 143.96
1735621424, 117, 23, 38, 0, 0, 0.17%, 7, 0, 7, 153.95
1735621444, 117, 26, 38, 0, 0, 0.17%, 7, 0, 7, 154.73
1735621454, 118, 10, 38, 0, 0, 0.17%, 7, 0, 7, 151.02
1735621459, 118, 14, 38, 0, 0, 0.17%, 7, 0, 7, 152.20
1735621465, 118, 22, 38, 0, 0, 0.17%, 7, 0, 7, 148.30
1735621470, 118, 26, 38, 0, 0, 0.17%, 7, 0, 7, 158.23
1735621475, 119, 10, 38, 0, 0, 0.17%, 7, 0, 7, 156.33
1735621480, 119, 14, 38, 0, 0, 0.17%, 7, 0, 7, 146.92
1735621485, 119, 22, 38, 0, 0, 0.17%, 7, 0, 7, 147.33
1735621490, 119, 23, 38, 0, 0, 0.17%, 7, 0, 7, 152.25
1735621510, 119, 26, 38, 0, 0, 0.17%, 7, 0, 7, 148.80
1735621515, 119, 35, 38, 0, 0, 0.17%, 7, 0, 7, 158.67
1735621535, 120, 10, 38, 0, 0, 0.17%, 7, 0, 7, 151.63
1735621540, 120, 14, 38, 0, 0, 0.17%, 7, 0, 7, 151.70
1735621546, 120, 22, 38, 0, 0, 0.17%, 7, 0, 7, 145.48
1735621551, 120, 26, 38, 0, 0, 0.17%, 7, 0, 7, 146.47
1735621556, 120, 37, 38, 0, 0, 0.17%, 7, 0, 7, 154.95
1735621576, 121, 10, 38, 0, 0, 0.17%, 7, 0, 7, 151.43
1735621581, 121, 14, 38, 0, 0, 0.17%, 7, 0, 7, 147.25
1735621586, 121, 22, 38, 0, 0, 0.17%, 7, 0, 7, 141.75
1735621592, 121, 26, 38, 0, 0, 0.17%, 7, 0, 7, 145.11
1735621597, 121, 35, 38, 0, 0, 0.17%, 7, 0, 7, 164.70
1735621617, 122, 10, 38, 0, 0, 0.17%, 7, 0, 7, 149.31
1735621622, 122, 14, 38, 0, 0, 0.17%, 7, 0, 7, 146.35
1735621628, 122, 22, 38, 0, 0, 0.17%, 7, 0, 7, 139.49
1735621633, 122, 26, 38, 0, 0, 0.17%, 7, 0, 7, 147.55
1735621638, 122, 31, 38, 0, 0, 0.17%, 7, 0, 7, 174.21
1735621663, 123, 10, 38, 0, 0, 0.17%, 7, 0, 7, 141.85
1735621669, 123, 14, 38, 0, 0, 0.17%, 7, 0, 7, 142.35
1735621674, 123, 22, 38, 0, 0, 0.17%, 7, 0, 7, 143.21
1735621679, 123, 26, 38, 0, 0, 0.17%, 7, 0, 7, 146.47
1735621684, 124, 1, 38, 0, 0, 0.17%, 7, 0, 7, 145.56
1735621689, 124, 11, 38, 0, 0, 0.17%, 7, 0, 7, 146.74
1735621694, 124, 17, 38, 0, 0, 0.17%, 7, 0, 7, 155.71
1735621710, 124, 22, 38, 0, 0, 0.17%, 7, 0, 7, 155.05
1735621715, 124, 26, 38, 0, 0, 0.17%, 7, 0, 7, 153.04
1735621720, 124, 36, 38, 0, 0, 0.17%, 7, 0, 7, 165.97
1735621740, 125, 11, 38, 0, 0, 0.17%, 7, 0, 7, 146.66
1735621745, 125, 22, 38, 0, 0, 0.17%, 7, 0, 7, 148.57
1735621750, 125, 24, 38, 0, 0, 0.17%, 7, 0, 7, 152.23
1735621771, 125, 26, 38, 0, 0, 0.17%, 7, 0, 7, 147.86
1735621781, 126, 11, 38, 0, 0, 0.17%, 7, 0, 7, 146.05
1735621786, 126, 22, 38, 0, 0, 0.17%, 7, 0, 7, 144.80
1735621791, 126, 26, 38, 0, 0, 0.17%, 7, 0, 7, 149.79
1735621801, 127, 10, 38, 0, 0, 0.17%, 7, 0, 7, 152.22
1735621807, 127, 14, 38, 0, 0, 0.17%, 7, 0, 7, 145.15
1735621812, 127, 22, 38, 0, 0, 0.17%, 7, 0, 7, 138.51
1735621817, 127, 26, 38, 0, 0, 0.17%, 7, 0, 7, 146.01
1735621822, 127, 29, 38, 0, 0, 0.17%, 7, 0, 7, 154.38
1735621842, 127, 33, 38, 0, 0, 0.17%, 7, 0, 7, 199.29
1735621857, 128, 0, 38, 0, 0, 0.17%, 7, 0, 7, 147.11
1735621862, 128, 11, 38, 0, 0, 0.17%, 7, 0, 7, 142.23
1735621868, 128, 16, 38, 0, 0, 0.17%, 7, 0, 7, 151.45
1735621883, 128, 22, 38, 0, 0, 0.17%, 7, 0, 7, 154.69
1735621888, 128, 26, 38, 0, 0, 0.17%, 7, 0, 7, 147.01
1735621898, 128, 31, 38, 0, 0, 0.17%, 7, 0, 7, 207.30
1735621923, 129, 11, 38, 0, 0, 0.17%, 7, 0, 7, 160.61
1735621928, 129, 14, 38, 0, 0, 0.17%, 7, 0, 7, 144.26
1735621934, 129, 22, 38, 0, 0, 0.17%, 7, 0, 7, 148.68
1735621939, 129, 26, 38, 0, 0, 0.17%, 7, 0, 7, 152.19
1735621944, 129, 32, 38, 0, 0, 0.17%, 7, 0, 7, 160.14
1735621969, 130, 7, 38, 0, 0, 0.17%, 7, 0, 7, 155.20
1735621974, 130, 11, 38, 0, 0, 0.17%, 7, 0, 7, 156.33
1735621979, 130, 12, 38, 0, 0, 0.17%, 7, 0, 7, 170.16
1735621989, 130, 14, 38, 0, 0, 0.17%, 7, 0, 7, 146.82
1735621994, 130, 22, 38, 0, 0, 0.17%, 7, 0, 7, 147.69
1735622000, 130, 26, 38, 0, 0, 0.17%, 7, 0, 7, 157.29
1735622005, 131, 10, 38, 0, 0, 0.17%, 7, 0, 7, 154.03
1735622010, 131, 14, 38, 0, 0, 0.17%, 7, 0, 7, 146.54
1735622015, 131, 22, 38, 0, 0, 0.17%, 7, 0, 7, 152.92
1735622020, 131, 25, 38, 0, 0, 0.17%, 7, 0, 7, 153.65
1735622040, 131, 26, 38, 0, 0, 0.17%, 7, 0, 7, 147.37
1735622046, 131, 35, 38, 0, 0, 0.17%, 7, 0, 7, 155.59
1735622066, 132, 11, 38, 0, 0, 0.17%, 7, 0, 7, 147.62
1735622071, 132, 16, 38, 0, 0, 0.17%, 7, 0, 7, 156.10
1735622087, 132, 22, 38, 0, 0, 0.17%, 7, 0, 7, 149.60
1735622092, 132, 26, 38, 0, 0, 0.17%, 7, 0, 7, 147.50
1735622102, 132, 32, 38, 0, 0, 0.17%, 7, 0, 7, 155.22
1735622127, 133, 10, 38, 0, 0, 0.17%, 7, 0, 7, 147.70
1735622133, 133, 14, 38, 0, 0, 0.17%, 7, 0, 7, 145.89
1735622138, 133, 22, 38, 0, 0, 0.17%, 7, 0, 7, 150.23
1735622143, 133, 26, 38, 0, 0, 0.17%, 7, 0, 7, 153.07
1735622148, 134, 0, 38, 0, 0, 0.17%, 7, 0, 7, 160.63
1735622153, 134, 14, 38, 0, 0, 0.17%, 7, 0, 7, 151.27
1735622158, 134, 20, 38, 0, 0, 0.17%, 7, 0, 7, 155.05
1735622189, 134, 22, 38, 0, 0, 0.17%, 7, 0, 7, 145.70
1735622194, 134, 26, 38, 0, 0, 0.17%, 7, 0, 7, 154.77
1735622199, 135, 3, 38, 0, 0, 0.17%, 7, 0, 7, 153.39
1735622204, 135, 11, 38, 0, 0, 0.17%, 7, 0, 7, 142.10
1735622209, 135, 22, 38, 0, 0, 0.17%, 7, 0, 7, 142.95
1735622214, 135, 23, 38, 0, 0, 0.17%, 7, 0, 7, 144.91
1735622235, 135, 26, 38, 0, 0, 0.17%, 7, 0, 7, 149.90
1735622240, 135, 31, 38, 0, 0, 0.17%, 7, 0, 7, 162.46
1735622270, 136, 14, 38, 0, 0, 0.17%, 7, 0, 7, 144.62
1735622275, 136, 22, 38, 0, 0, 0.17%, 7, 0, 7, 150.73
1735622280, 136, 26, 38, 0, 0, 0.17%, 7, 0, 7, 157.11
1735622285, 137, 10, 38, 0, 0, 0.17%, 7, 0, 7, 148.87
1735622291, 137, 14, 38, 0, 0, 0.17%, 7, 0, 7, 150.86
1735622296, 137, 22, 38, 0, 0, 0.17%, 7, 0, 7, 146.07
1735622301, 137, 26, 38, 0, 0, 0.17%, 7, 0, 7, 148.43
1735622311, 138, 14, 38, 0, 0, 0.17%, 7, 0, 7, 146.99
1735622316, 138, 22, 38, 0, 0, 0.17%, 7, 0, 7, 145.27
1735622322, 138, 26, 38, 0, 0, 0.17%, 7, 0, 7, 150.38
1735622327, 138, 36, 38, 0, 0, 0.17%, 7, 0, 7, 161.70
1735622347, 139, 11, 38, 0, 0, 0.17%, 7, 0, 7, 151.70
1735622352, 139, 22, 38, 0, 0, 0.17%, 7, 0, 7, 145.52
1735622357, 139, 26, 38, 0, 0, 0.17%, 7, 0, 7, 156.49
