# unix_time, cycles_done, cur_path, paths_total, pending_total, pending_favs, map_size, unique_crashes, unique_hangs, max_depth, execs_per_sec
1735202087, 0, 0, 10, 10, 1, 0.01%, 0, 0, 1, 81.63
1735202092, 0, 3, 10, 10, 1, 0.01%, 0, 0, 1, 102.71
1735202102, 0, 4, 10, 9, 0, 0.01%, 0, 0, 1, 102.54
1735202112, 0, 5, 10, 8, 0, 0.01%, 0, 0, 1, 106.02
1735202122, 0, 6, 10, 7, 0, 0.01%, 0, 0, 1, 107.86
1735202127, 0, 7, 10, 6, 0, 0.01%, 0, 0, 1, 103.00
1735202138, 0, 8, 10, 5, 0, 0.01%, 0, 0, 1, 100.17
1735202148, 0, 9, 10, 4, 0, 0.01%, 0, 0, 1, 101.28
1735202158, 1, 0, 10, 3, 0, 0.01%, 0, 0, 1, 98.99
1735202173, 1, 1, 10, 2, 0, 0.01%, 0, 0, 1, 90.17
1735202183, 1, 2, 10, 1, 0, 0.01%, 0, 0, 1, 94.52
1735202199, 1, 4, 10, 0, 0, 0.01%, 0, 0, 1, 102.29
1735202204, 1, 5, 10, 0, 0, 0.01%, 0, 0, 1, 100.61
1735202209, 1, 7, 10, 0, 0, 0.01%, 0, 0, 1, 100.17
1735202214, 1, 8, 10, 0, 0, 0.01%, 0, 0, 1, 98.62
1735202219, 1, 9, 10, 0, 0, 0.01%, 0, 0, 1, 102.29
1735202224, 2, 1, 10, 0, 0, 0.01%, 0, 0, 1, 101.88
1735202229, 2, 2, 10, 0, 0, 0.01%, 0, 0, 1, 102.64
1735202234, 2, 4, 10, 0, 0, 0.01%, 0, 0, 1, 102.92
1735202239, 2, 5, 10, 0, 0, 0.01%, 0, 0, 1, 103.42
1735202245, 2, 6, 10, 0, 0, 0.01%, 0, 0, 1, 102.98
1735202250, 2, 8, 10, 0, 0, 0.01%, 0, 0, 1, 101.17
1735202255, 2, 9, 10, 0, 0, 0.01%, 0, 0, 1, 102.58
1735202260, 3, 1, 10, 0, 0, 0.01%, 0, 0, 1, 103.91
1735202265, 3, 2, 10, 0, 0, 0.01%, 0, 0, 1, 103.43
1735202270, 3, 3, 10, 0, 0, 0.01%, 0, 0, 1, 102.48
1735202275, 3, 5, 10, 0, 0, 0.01%, 0, 0, 1, 101.02
1735202280, 3, 6, 10, 0, 0, 0.01%, 0, 0, 1, 105.43
1735202285, 3, 8, 10, 0, 0, 0.01%, 0, 0, 1, 102.53
1735202290, 3, 9, 10, 0, 0, 0.01%, 0, 0, 1, 101.46
1735202295, 4, 0, 10, 0, 0, 0.01%, 0, 0, 1, 99.35
1735202300, 4, 2, 10, 0, 0, 0.01%, 0, 0, 1, 101.47
1735202305, 4, 3, 10, 0, 0, 0.01%, 0, 0, 1, 100.12
1735202310, 4, 5, 10, 0, 0, 0.01%, 0, 0, 1, 102.85
1735202315, 4, 6, 10, 0, 0, 0.01%, 0, 0, 1, 103.02
1735202320, 4, 7, 10, 0, 0, 0.01%, 0, 0, 1, 101.21
1735202326, 4, 9, 10, 0, 0, 0.01%, 0, 0, 1, 100.94
1735202331, 5, 0, 10, 0, 0, 0.01%, 0, 0, 1, 102.75
1735202336, 5, 2, 10, 0, 0, 0.01%, 0, 0, 1, 103.39
1735202341, 5, 3, 10, 0, 0, 0.01%, 0, 0, 1, 101.25
1735202346, 5, 5, 10, 0, 0, 0.01%, 0, 0, 1, 103.19
1735202351, 5, 6, 10, 0, 0, 0.01%, 0, 0, 1, 102.98
1735202356, 5, 8, 10, 0, 0, 0.01%, 0, 0, 1, 102.43
1735202362, 5, 9, 10, 0, 0, 0.01%, 0, 0, 1, 102.21
1735202367, 6, 0, 10, 0, 0, 0.01%, 0, 0, 1, 101.87
1735202372, 6, 2, 10, 0, 0, 0.01%, 0, 0, 1, 102.45
1735202377, 6, 10, 13, 3, 1, 0.16%, 3, 0, 3, 128.12
1735202458, 6, 11, 13, 2, 2, 0.16%, 3, 0, 3, 110.63
1735202473, 6, 11, 14, 3, 2, 0.17%, 4, 0, 4, 111.09
1735202514, 6, 11, 15, 4, 2, 0.17%, 4, 0, 4, 108.99
1735202539, 6, 11, 16, 5, 2, 0.17%, 4, 0, 4, 109.55
1735202600, 6, 12, 16, 4, 2, 0.17%, 4, 0, 4, 127.00
1735202636, 6, 12, 17, 5, 2, 0.17%, 4, 0, 4, 109.44
1735202667, 6, 12, 18, 6, 2, 0.17%, 5, 0, 4, 113.23
1735202738, 6, 12, 19, 7, 2, 0.17%, 5, 0, 4, 118.10
1735202758, 6, 13, 19, 6, 2, 0.17%, 5, 0, 4, 126.86
1735202789, 6, 13, 20, 7, 2, 0.17%, 5, 0, 5, 114.98
1735202810, 6, 13, 21, 8, 2, 0.17%, 5, 0, 5, 115.81
1735202845, 6, 13, 22, 9, 2, 0.17%, 5, 0, 5, 117.23
1735202871, 6, 13, 24, 11, 2, 0.17%, 5, 0, 5, 126.35
1735202891, 6, 17, 24, 10, 1, 0.17%, 5, 0, 5, 139.78
1735202912, 6, 17, 25, 11, 1, 0.17%, 5, 0, 5, 116.62
1735202962, 6, 17, 26, 12, 1, 0.17%, 5, 0, 5, 115.68
1735202973, 6, 17, 27, 13, 1, 0.17%, 5, 0, 5, 115.10
1735203013, 6, 17, 29, 15, 1, 0.17%, 5, 0, 5, 135.19
1735203024, 6, 22, 29, 14, 0, 0.17%, 5, 0, 5, 151.81
1735203039, 6, 22, 30, 15, 0, 0.17%, 5, 0, 6, 134.81
1735203105, 6, 22, 31, 16, 0, 0.17%, 5, 0, 6, 126.93
1735203121, 6, 22, 32, 17, 0, 0.17%, 5, 0, 6, 129.11
1735203131, 6, 22, 33, 18, 0, 0.17%, 5, 0, 6, 142.46
1735203147, 7, 11, 33, 17, 0, 0.17%, 5, 0, 6, 115.67
1735203157, 7, 12, 34, 18, 0, 0.17%, 5, 0, 6, 119.31
1735203167, 7, 13, 34, 18, 0, 0.17%, 5, 0, 6, 120.99
1735203182, 7, 16, 34, 18, 0, 0.17%, 5, 0, 6, 130.75
1735203264, 7, 17, 34, 17, 0, 0.17%, 5, 0, 6, 123.76
1735203284, 7, 18, 34, 17, 0, 0.17%, 5, 0, 6, 201.06
1735203396, 7, 27, 34, 16, 0, 0.17%, 5, 0, 6, 170.95
1735203473, 7, 29, 34, 15, 0, 0.17%, 5, 0, 6, 178.63
1735203478, 7, 29, 36, 17, 0, 0.17%, 7, 0, 7, 222.57
1735203696, 7, 29, 37, 18, 0, 0.17%, 7, 0, 7, 130.88
1735203706, 7, 31, 37, 17, 0, 0.17%, 7, 0, 7, 105.75
1735204253, 7, 31, 38, 18, 0, 0.17%, 7, 0, 7, 211.82
1735204299, 7, 32, 38, 17, 0, 0.17%, 7, 0, 7, 159.26
1735204386, 7, 36, 38, 16, 0, 0.17%, 7, 0, 7, 179.70
1735204590, 8, 2, 38, 15, 0, 0.17%, 7, 0, 7, 131.87
1735204595, 8, 11, 38, 15, 0, 0.17%, 7, 0, 7, 132.62
1735204600, 8, 12, 38, 15, 0, 0.17%, 7, 0, 7, 142.46
1735204605, 8, 13, 38, 15, 0, 0.17%, 7, 0, 7, 139.27
1735204616, 8, 17, 38, 15, 0, 0.17%, 7, 0, 7, 140.23
1735204626, 8, 30, 38, 15, 0, 0.17%, 7, 0, 7, 176.29
1735204697, 8, 32, 38, 14, 0, 0.17%, 7, 0, 7, 153.69
1735204713, 9, 12, 38, 14, 0, 0.17%, 7, 0, 7, 140.54
1735204718, 9, 13, 38, 14, 0, 0.17%, 7, 0, 7, 137.57
1735204723, 9, 17, 38, 14, 0, 0.17%, 7, 0, 7, 137.36
1735204728, 9, 23, 38, 14, 0, 0.17%, 7, 0, 7, 171.42
1735204784, 9, 28, 38, 13, 0, 0.17%, 7, 0, 7, 130.74
1735204861, 9, 35, 38, 12, 0, 0.17%, 7, 0, 7, 186.65
1735205025, 10, 12, 38, 11, 0, 0.17%, 7, 0, 7, 138.86
1735205030, 10, 13, 38, 11, 0, 0.17%, 7, 0, 7, 138.14
1735205035, 10, 14, 38, 11, 0, 0.17%, 7, 0, 7, 158.30
1735205086, 10, 17, 38, 10, 0, 0.17%, 7, 0, 7, 139.00
1735205091, 10, 18, 38, 10, 0, 0.17%, 7, 0, 7, 157.39
1735205107, 10, 20, 38, 10, 0, 0.17%, 7, 0, 7, 119.65
1735205559, 10, 20, 39, 11, 0, 0.17%, 8, 0, 7, 172.24
1735205610, 10, 25, 39, 10, 0, 0.17%, 8, 0, 7, 155.99
1735205661, 10, 26, 39, 9, 0, 0.17%, 8, 0, 7, 147.24
1735205885, 10, 30, 39, 8, 0, 0.17%, 8, 0, 7, 144.75
1735205895, 10, 34, 39, 8, 0, 0.17%, 8, 0, 7, 175.44
1735206058, 11, 11, 39, 7, 0, 0.17%, 8, 0, 7, 138.91
1735206063, 11, 13, 39, 7, 0, 0.17%, 8, 0, 7, 134.68
1735206069, 11, 15, 39, 7, 0, 0.17%, 8, 0, 7, 152.55
1735206130, 11, 17, 39, 6, 0, 0.17%, 8, 0, 7, 142.34
1735206135, 11, 20, 39, 6, 0, 0.17%, 8, 0, 7, 165.97
1735206140, 11, 34, 39, 6, 0, 0.17%, 8, 0, 7, 131.97
1735206150, 12, 5, 39, 6, 0, 0.17%, 8, 0, 7, 138.89
1735206155, 12, 12, 39, 6, 0, 0.17%, 8, 0, 7, 138.50
1735206161, 12, 13, 39, 6, 0, 0.17%, 8, 0, 7, 135.05
1735206166, 12, 38, 39, 6, 0, 0.17%, 8, 0, 7, 143.43
1735206309, 13, 11, 39, 5, 0, 0.17%, 8, 0, 7, 139.24
1735206314, 13, 13, 39, 5, 0, 0.17%, 8, 0, 7, 134.14
1735206319, 13, 17, 39, 5, 0, 0.17%, 8, 0, 7, 135.02
1735206324, 13, 19, 39, 5, 0, 0.17%, 8, 0, 7, 129.00
1735206381, 13, 27, 39, 4, 0, 0.17%, 8, 0, 7, 148.19
1735206391, 13, 37, 39, 4, 0, 0.17%, 8, 0, 7, 203.28
1735206518, 14, 10, 39, 3, 0, 0.17%, 8, 0, 7, 137.35
1735206523, 14, 12, 39, 3, 0, 0.17%, 8, 0, 7, 136.38
1735206529, 14, 13, 39, 3, 0, 0.17%, 8, 0, 7, 137.73
1735206534, 14, 17, 39, 3, 0, 0.17%, 8, 0, 7, 128.61
1735206539, 15, 11, 39, 3, 0, 0.17%, 8, 0, 7, 136.74
1735206544, 15, 13, 39, 3, 0, 0.17%, 8, 0, 7, 133.49
1735206549, 15, 17, 39, 3, 0, 0.17%, 8, 0, 7, 139.50
1735206554, 15, 18, 39, 3, 0, 0.17%, 8, 0, 7, 160.88
1735206569, 15, 27, 39, 3, 0, 0.17%, 8, 0, 7, 138.26
1735206579, 15, 32, 39, 3, 0, 0.17%, 8, 0, 7, 142.93
1735206590, 15, 35, 39, 3, 0, 0.17%, 8, 0, 7, 151.88
1735206600, 16, 11, 39, 3, 0, 0.17%, 8, 0, 7, 152.11
1735206605, 16, 13, 39, 3, 0, 0.17%, 8, 0, 7, 138.25
1735206610, 16, 17, 39, 3, 0, 0.17%, 8, 0, 7, 139.17
1735206615, 16, 21, 39, 3, 0, 0.17%, 8, 0, 7, 139.72
1735206697, 16, 24, 39, 2, 0, 0.17%, 8, 0, 7, 158.31
1735206749, 17, 12, 39, 1, 0, 0.17%, 8, 0, 7, 141.29
1735206754, 17, 13, 39, 1, 0, 0.17%, 8, 0, 7, 139.21
1735206759, 17, 17, 39, 1, 0, 0.17%, 8, 0, 7, 135.84
1735206764, 18, 11, 39, 1, 0, 0.17%, 8, 0, 7, 136.88
1735206769, 18, 13, 39, 1, 0, 0.17%, 8, 0, 7, 136.97
1735206775, 18, 17, 39, 1, 0, 0.17%, 8, 0, 7, 125.93
1735206780, 19, 4, 39, 1, 0, 0.17%, 8, 0, 7, 142.82
1735206785, 19, 13, 39, 1, 0, 0.17%, 8, 0, 7, 138.03
1735206790, 19, 15, 39, 1, 0, 0.17%, 8, 0, 7, 145.66
1735206800, 19, 17, 39, 1, 0, 0.17%, 8, 0, 7, 145.04
1735206805, 20, 5, 39, 1, 0, 0.17%, 8, 0, 7, 134.84
1735206811, 20, 12, 39, 1, 0, 0.17%, 8, 0, 7, 133.91
1735206816, 20, 13, 39, 1, 0, 0.17%, 8, 0, 7, 140.79
1735206821, 20, 17, 39, 1, 0, 0.17%, 8, 0, 7, 138.52
1735206826, 20, 33, 39, 1, 0, 0.17%, 8, 0, 7, 208.47
1735206902, 21, 12, 39, 0, 0, 0.17%, 8, 0, 7, 132.22
1735206907, 21, 13, 39, 0, 0, 0.17%, 8, 0, 7, 138.04
1735206913, 21, 17, 39, 0, 0, 0.17%, 8, 0, 7, 135.73
1735206918, 21, 29, 39, 0, 0, 0.17%, 8, 0, 7, 149.19
1735206923, 22, 0, 39, 0, 0, 0.17%, 8, 0, 7, 146.33
1735206928, 22, 11, 39, 0, 0, 0.17%, 8, 0, 7, 142.61
1735206933, 22, 13, 39, 0, 0, 0.17%, 8, 0, 7, 137.46
1735206938, 22, 14, 39, 0, 0, 0.17%, 8, 0, 7, 135.14
1735206948, 22, 17, 39, 0, 0, 0.17%, 8, 0, 7, 130.28
1735206953, 23, 2, 39, 0, 0, 0.17%, 8, 0, 7, 147.79
1735206959, 23, 12, 39, 0, 0, 0.17%, 8, 0, 7, 138.27
1735206964, 23, 13, 39, 0, 0, 0.17%, 8, 0, 7, 138.99
1735206969, 23, 15, 39, 0, 0, 0.17%, 8, 0, 7, 143.95
1735206974, 23, 17, 39, 0, 0, 0.17%, 8, 0, 7, 147.02
1735206979, 23, 38, 39, 0, 0, 0.17%, 8, 0, 7, 148.41
1735206999, 24, 3, 39, 0, 0, 0.17%, 8, 0, 7, 144.00
1735207005, 24, 12, 39, 0, 0, 0.17%, 8, 0, 7, 139.48
1735207010, 24, 13, 39, 0, 0, 0.17%, 8, 0, 7, 136.83
1735207015, 24, 17, 39, 0, 0, 0.17%, 8, 0, 7, 137.41
1735207020, 24, 33, 39, 0, 0, 0.17%, 8, 0, 7, 149.54
1735207036, 25, 12, 39, 0, 0, 0.17%, 8, 0, 7, 131.54
1735207041, 25, 13, 39, 0, 0, 0.17%, 8, 0, 7, 139.10
1735207046, 25, 17, 39, 0, 0, 0.17%, 8, 0, 7, 141.81
1735207051, 26, 12, 39, 0, 0, 0.17%, 8, 0, 7, 136.62
1735207056, 26, 13, 39, 0, 0, 0.17%, 8, 0, 7, 139.99
1735207061, 26, 17, 39, 0, 0, 0.17%, 8, 0, 7, 137.59
1735207066, 26, 18, 39, 0, 0, 0.17%, 8, 0, 7, 156.73
1735207071, 27, 0, 39, 0, 0, 0.17%, 8, 0, 7, 143.58
1735207077, 27, 11, 39, 0, 0, 0.17%, 8, 0, 7, 145.77
1735207082, 27, 13, 39, 0, 0, 0.17%, 8, 0, 7, 139.05
1735207087, 27, 17, 39, 0, 0, 0.17%, 8, 0, 7, 138.66
1735207092, 28, 11, 39, 0, 0, 0.17%, 8, 0, 7, 135.27
1735207097, 28, 13, 39, 0, 0, 0.17%, 8, 0, 7, 128.61
1735207103, 28, 14, 39, 0, 0, 0.17%, 8, 0, 7, 135.50
1735207113, 28, 17, 39, 0, 0, 0.17%, 8, 0, 7, 131.98
1735207118, 29, 11, 39, 0, 0, 0.17%, 8, 0, 7, 128.93
1735207123, 29, 13, 39, 0, 0, 0.17%, 8, 0, 7, 134.64
1735207128, 29, 17, 39, 0, 0, 0.17%, 8, 0, 7, 135.98
1735207133, 29, 23, 39, 0, 0, 0.17%, 8, 0, 7, 146.13
1735207144, 29, 33, 39, 0, 0, 0.17%, 8, 0, 7, 143.20
1735207159, 30, 2, 39, 0, 0, 0.17%, 8, 0, 7, 147.63
1735207164, 30, 13, 39, 0, 0, 0.17%, 8, 0, 7, 142.43
1735207169, 30, 16, 39, 0, 0, 0.17%, 8, 0, 7, 133.84
1735207179, 30, 17, 39, 0, 0, 0.17%, 8, 0, 7, 139.19
1735207184, 30, 19, 39, 0, 0, 0.17%, 8, 0, 7, 139.52
1735207200, 30, 37, 39, 0, 0, 0.17%, 8, 0, 7, 160.15
1735207205, 31, 6, 39, 0, 0, 0.17%, 8, 0, 7, 138.89
1735207210, 31, 12, 39, 0, 0, 0.17%, 8, 0, 7, 140.10
1735207215, 31, 13, 39, 0, 0, 0.17%, 8, 0, 7, 141.47
1735207220, 31, 17, 39, 0, 0, 0.17%, 8, 0, 7, 146.24
1735207225, 31, 22, 39, 0, 0, 0.17%, 8, 0, 7, 143.69
1735207230, 32, 5, 39, 0, 0, 0.17%, 8, 0, 7, 130.93
1735207235, 32, 12, 39, 0, 0, 0.17%, 8, 0, 7, 140.01
1735207241, 32, 13, 39, 0, 0, 0.17%, 8, 0, 7, 136.86
1735207246, 32, 17, 39, 0, 0, 0.17%, 8, 0, 7, 142.56
1735207251, 32, 26, 39, 0, 0, 0.17%, 8, 0, 7, 157.57
1735207261, 33, 11, 39, 0, 0, 0.17%, 8, 0, 7, 132.07
1735207266, 33, 13, 39, 0, 0, 0.17%, 8, 0, 7, 136.92
1735207271, 33, 17, 39, 0, 0, 0.17%, 8, 0, 7, 134.36
1735207276, 33, 35, 39, 0, 0, 0.17%, 8, 0, 7, 144.99
1735207287, 34, 8, 39, 0, 0, 0.17%, 8, 0, 7, 130.11
1735207292, 34, 12, 39, 0, 0, 0.17%, 8, 0, 7, 133.67
1735207297, 34, 13, 39, 0, 0, 0.17%, 8, 0, 7, 134.58
1735207302, 34, 17, 39, 0, 0, 0.17%, 8, 0, 7, 136.76
1735207307, 34, 23, 39, 0, 0, 0.17%, 8, 0, 7, 152.28
1735207317, 34, 26, 39, 0, 0, 0.17%, 8, 0, 7, 146.71
1735207333, 34, 37, 39, 0, 0, 0.17%, 8, 0, 7, 161.47
1735207343, 35, 12, 39, 0, 0, 0.17%, 8, 0, 7, 135.77
1735207348, 35, 13, 39, 0, 0, 0.17%, 8, 0, 7, 141.14
1735207353, 35, 17, 39, 0, 0, 0.17%, 8, 0, 7, 135.80
1735207359, 36, 11, 39, 0, 0, 0.17%, 8, 0, 7, 134.88
1735207364, 36, 13, 39, 0, 0, 0.17%, 8, 0, 7, 134.02
1735207369, 36, 17, 39, 0, 0, 0.17%, 8, 0, 7, 133.09
1735207374, 36, 33, 39, 0, 0, 0.17%, 8, 0, 7, 145.69
1735207389, 36, 35, 39, 0, 0, 0.17%, 8, 0, 7, 142.47
1735207400, 37, 12, 39, 0, 0, 0.17%, 8, 0, 7, 139.54
1735207405, 37, 13, 39, 0, 0, 0.17%, 8, 0, 7, 136.08
1735207410, 37, 17, 39, 0, 0, 0.17%, 8, 0, 7, 137.51
1735207415, 37, 35, 39, 0, 0, 0.17%, 8, 0, 7, 148.85
1735207420, 37, 38, 39, 0, 0, 0.17%, 8, 0, 7, 152.36
1735207431, 38, 12, 39, 0, 0, 0.17%, 8, 0, 7, 139.63
1735207436, 38, 13, 39, 0, 0, 0.17%, 8, 0, 7, 142.23
1735207441, 38, 16, 39, 0, 0, 0.17%, 8, 0, 7, 130.98
1735207451, 38, 17, 39, 0, 0, 0.17%, 8, 0, 7, 137.96
1735207456, 39, 12, 39, 0, 0, 0.17%, 8, 0, 7, 136.07
1735207461, 39, 13, 39, 0, 0, 0.17%, 8, 0, 7, 130.01
1735207467, 39, 17, 39, 0, 0, 0.17%, 8, 0, 7, 146.54
1735207472, 39, 34, 39, 0, 0, 0.17%, 8, 0, 7, 151.03
1735207482, 40, 12, 39, 0, 0, 0.17%, 8, 0, 7, 137.43
1735207487, 40, 13, 39, 0, 0, 0.17%, 8, 0, 7, 135.72
1735207492, 40, 17, 39, 0, 0, 0.17%, 8, 0, 7, 134.01
1735207497, 41, 12, 39, 0, 0, 0.17%, 8, 0, 7, 129.70
1735207503, 41, 13, 39, 0, 0, 0.17%, 8, 0, 7, 145.40
1735207508, 41, 17, 39, 0, 0, 0.17%, 8, 0, 7, 139.17
1735207513, 41, 23, 39, 0, 0, 0.17%, 8, 0, 7, 140.11
1735207518, 41, 28, 39, 0, 0, 0.17%, 8, 0, 7, 153.00
1735207533, 42, 12, 39, 0, 0, 0.17%, 8, 0, 7, 134.65
1735207538, 42, 13, 39, 0, 0, 0.17%, 8, 0, 7, 126.92
1735207544, 42, 17, 39, 0, 0, 0.17%, 8, 0, 7, 136.27
1735207549, 42, 18, 39, 0, 0, 0.17%, 8, 0, 7, 154.92
1735207554, 42, 21, 39, 0, 0, 0.17%, 8, 0, 7, 138.16
1735207569, 42, 23, 39, 0, 0, 0.17%, 8, 0, 7, 153.58
1735207574, 42, 37, 39, 0, 0, 0.17%, 8, 0, 7, 151.94
1735207584, 43, 8, 39, 0, 0, 0.17%, 8, 0, 7, 136.44
1735207589, 43, 12, 39, 0, 0, 0.17%, 8, 0, 7, 138.50
1735207595, 43, 13, 39, 0, 0, 0.17%, 8, 0, 7, 135.13
1735207600, 43, 20, 39, 0, 0, 0.17%, 8, 0, 7, 148.53
1735207610, 44, 0, 39, 0, 0, 0.17%, 8, 0, 7, 144.72
1735207615, 44, 13, 39, 0, 0, 0.17%, 8, 0, 7, 138.07
1735207626, 44, 22, 39, 0, 0, 0.17%, 8, 0, 7, 145.65
1735207636, 44, 28, 39, 0, 0, 0.17%, 8, 0, 7, 144.47
1735207651, 45, 11, 39, 0, 0, 0.17%, 8, 0, 7, 135.83
1735207656, 45, 13, 39, 0, 0, 0.17%, 8, 0, 7, 138.04
1735207662, 45, 15, 39, 0, 0, 0.17%, 8, 0, 7, 141.02
1735207667, 45, 17, 39, 0, 0, 0.17%, 8, 0, 7, 132.74
1735207672, 46, 11, 39, 0, 0, 0.17%, 8, 0, 7, 134.14
1735207677, 46, 13, 39, 0, 0, 0.17%, 8, 0, 7, 138.06
1735207682, 46, 17, 39, 0, 0, 0.17%, 8, 0, 7, 136.13
1735207687, 47, 11, 39, 0, 0, 0.17%, 8, 0, 7, 134.72
1735207693, 47, 13, 39, 0, 0, 0.17%, 8, 0, 7, 132.64
1735207698, 47, 17, 39, 0, 0, 0.17%, 8, 0, 7, 130.55
1735207703, 47, 22, 39, 0, 0, 0.17%, 8, 0, 7, 131.25
1735207708, 47, 29, 39, 0, 0, 0.17%, 8, 0, 7, 153.27
1735207718, 48, 12, 39, 0, 0, 0.17%, 8, 0, 7, 137.80
1735207723, 48, 13, 39, 0, 0, 0.17%, 8, 0, 7, 141.11
1735207729, 48, 17, 39, 0, 0, 0.17%, 8, 0, 7, 134.76
1735207734, 48, 19, 39, 0, 0, 0.17%, 8, 0, 7, 133.30
1735207744, 48, 28, 39, 0, 0, 0.17%, 8, 0, 7, 153.58
1735207749, 49, 7, 39, 0, 0, 0.17%, 8, 0, 7, 144.45
1735207754, 49, 13, 39, 0, 0, 0.17%, 8, 0, 7, 139.24
1735207765, 49, 17, 39, 0, 0, 0.17%, 8, 0, 7, 137.66
1735207770, 50, 13, 39, 0, 0, 0.17%, 8, 0, 7, 139.31
1735207775, 50, 17, 39, 0, 0, 0.17%, 8, 0, 7, 140.48
1735207780, 50, 37, 39, 0, 0, 0.17%, 8, 0, 7, 144.50
1735207785, 50, 38, 39, 0, 0, 0.17%, 8, 0, 7, 151.31
1735207795, 51, 2, 39, 0, 0, 0.17%, 8, 0, 7, 146.22
1735207801, 51, 12, 39, 0, 0, 0.17%, 8, 0, 7, 135.47
1735207806, 51, 13, 39, 0, 0, 0.17%, 8, 0, 7, 144.32
1735207811, 51, 17, 39, 0, 0, 0.17%, 8, 0, 7, 141.28
1735207816, 52, 12, 39, 0, 0, 0.17%, 8, 0, 7, 136.21
1735207821, 52, 13, 39, 0, 0, 0.17%, 8, 0, 7, 138.51
1735207827, 52, 17, 39, 0, 0, 0.17%, 8, 0, 7, 131.24
1735207832, 52, 19, 39, 0, 0, 0.17%, 8, 0, 7, 130.69
1735207837, 53, 7, 39, 0, 0, 0.17%, 8, 0, 7, 131.18
1735207842, 53, 12, 39, 0, 0, 0.17%, 8, 0, 7, 135.51
1735207847, 53, 13, 39, 0, 0, 0.17%, 8, 0, 7, 138.45
1735207852, 53, 17, 39, 0, 0, 0.17%, 8, 0, 7, 130.54
1735207858, 53, 34, 39, 0, 0, 0.17%, 8, 0, 7, 141.22
1735207863, 54, 11, 39, 0, 0, 0.17%, 8, 0, 7, 136.85
1735207868, 54, 13, 39, 0, 0, 0.17%, 8, 0, 7, 135.11
1735207873, 54, 17, 39, 0, 0, 0.17%, 8, 0, 7, 131.38
1735207878, 55, 11, 39, 0, 0, 0.17%, 8, 0, 7, 138.09
1735207883, 55, 13, 39, 0, 0, 0.17%, 8, 0, 7, 136.29
1735207889, 55, 17, 39, 0, 0, 0.17%, 8, 0, 7, 130.73
1735207894, 55, 21, 39, 0, 0, 0.17%, 8, 0, 7, 128.03
1735207909, 55, 34, 39, 0, 0, 0.17%, 8, 0, 7, 142.87
1735207914, 56, 3, 39, 0, 0, 0.17%, 8, 0, 7, 133.95
1735207919, 56, 12, 39, 0, 0, 0.17%, 8, 0, 7, 126.01
1735207925, 56, 13, 39, 0, 0, 0.17%, 8, 0, 7, 140.99
1735207930, 56, 17, 39, 0, 0, 0.17%, 8, 0, 7, 139.57
1735207935, 56, 28, 39, 0, 0, 0.17%, 8, 0, 7, 149.76
1735207940, 57, 11, 39, 0, 0, 0.17%, 8, 0, 7, 137.21
1735207945, 57, 13, 39, 0, 0, 0.17%, 8, 0, 7, 134.64
1735207950, 57, 17, 39, 0, 0, 0.17%, 8, 0, 7, 140.19
1735207955, 58, 11, 39, 0, 0, 0.17%, 8, 0, 7, 132.90
1735207960, 58, 13, 39, 0, 0, 0.17%, 8, 0, 7, 138.91
1735207966, 58, 15, 39, 0, 0, 0.17%, 8, 0, 7, 138.19
1735207971, 58, 17, 39, 0, 0, 0.17%, 8, 0, 7, 136.35
1735207976, 59, 11, 39, 0, 0, 0.17%, 8, 0, 7, 134.39
1735207981, 59, 13, 39, 0, 0, 0.17%, 8, 0, 7, 133.14
1735207986, 59, 17, 39, 0, 0, 0.17%, 8, 0, 7, 134.52
1735207992, 60, 9, 39, 0, 0, 0.17%, 8, 0, 7, 145.32
1735207997, 60, 12, 39, 0, 0, 0.17%, 8, 0, 7, 136.32
1735208002, 60, 13, 39, 0, 0, 0.17%, 8, 0, 7, 143.09
1735208007, 60, 17, 39, 0, 0, 0.17%, 8, 0, 7, 133.03
1735208012, 60, 19, 39, 0, 0, 0.17%, 8, 0, 7, 133.75
1735208017, 61, 12, 39, 0, 0, 0.17%, 8, 0, 7, 138.82
1735208022, 61, 13, 39, 0, 0, 0.17%, 8, 0, 7, 140.62
1735208027, 61, 17, 39, 0, 0, 0.17%, 8, 0, 7, 141.93
1735208033, 61, 28, 39, 0, 0, 0.17%, 8, 0, 7, 149.42
1735208038, 61, 35, 39, 0, 0, 0.17%, 8, 0, 7, 145.61
1735208043, 62, 3, 39, 0, 0, 0.17%, 8, 0, 7, 133.21
1735208048, 62, 13, 39, 0, 0, 0.17%, 8, 0, 7, 128.52
1735208053, 62, 16, 39, 0, 0, 0.17%, 8, 0, 7, 141.74
1735208063, 63, 11, 39, 0, 0, 0.17%, 8, 0, 7, 137.08
1735208069, 63, 13, 39, 0, 0, 0.17%, 8, 0, 7, 132.55
1735208079, 63, 17, 39, 0, 0, 0.17%, 8, 0, 7, 136.85
1735208084, 63, 33, 39, 0, 0, 0.17%, 8, 0, 7, 140.86
1735208089, 63, 34, 39, 0, 0, 0.17%, 8, 0, 7, 150.02
1735208094, 64, 11, 39, 0, 0, 0.17%, 8, 0, 7, 142.71
1735208099, 64, 13, 39, 0, 0, 0.17%, 8, 0, 7, 134.98
1735208105, 64, 17, 39, 0, 0, 0.17%, 8, 0, 7, 139.76
1735208110, 65, 5, 39, 0, 0, 0.17%, 8, 0, 7, 142.54
1735208115, 65, 12, 39, 0, 0, 0.17%, 8, 0, 7, 129.95
1735208120, 65, 13, 39, 0, 0, 0.17%, 8, 0, 7, 138.64
1735208125, 65, 17, 39, 0, 0, 0.17%, 8, 0, 7, 134.42
1735208130, 65, 27, 39, 0, 0, 0.17%, 8, 0, 7, 139.33
1735208135, 66, 11, 39, 0, 0, 0.17%, 8, 0, 7, 138.69
1735208141, 66, 13, 39, 0, 0, 0.17%, 8, 0, 7, 123.72
1735208146, 66, 17, 39, 0, 0, 0.17%, 8, 0, 7, 132.61
1735208151, 66, 24, 39, 0, 0, 0.17%, 8, 0, 7, 138.02
1735208161, 66, 38, 39, 0, 0, 0.17%, 8, 0, 7, 139.46
1735208166, 67, 11, 39, 0, 0, 0.17%, 8, 0, 7, 141.07
1735208171, 67, 13, 39, 0, 0, 0.17%, 8, 0, 7, 140.52
1735208176, 67, 14, 39, 0, 0, 0.17%, 8, 0, 7, 143.60
1735208182, 67, 17, 39, 0, 0, 0.17%, 8, 0, 7, 138.49
1735208187, 67, 27, 39, 0, 0, 0.17%, 8, 0, 7, 147.75
1735208192, 67, 34, 39, 0, 0, 0.17%, 8, 0, 7, 137.89
1735208197, 68, 11, 39, 0, 0, 0.17%, 8, 0, 7, 137.07
1735208202, 68, 13, 39, 0, 0, 0.17%, 8, 0, 7, 131.40
1735208207, 68, 17, 39, 0, 0, 0.17%, 8, 0, 7, 138.13
1735208212, 68, 20, 39, 0, 0, 0.17%, 8, 0, 7, 161.68
1735208217, 68, 24, 39, 0, 0, 0.17%, 8, 0, 7, 143.89
1735208228, 69, 11, 39, 0, 0, 0.17%, 8, 0, 7, 133.47
1735208233, 69, 13, 39, 0, 0, 0.17%, 8, 0, 7, 132.75
1735208238, 69, 17, 39, 0, 0, 0.17%, 8, 0, 7, 138.26
1735208243, 69, 18, 39, 0, 0, 0.17%, 8, 0, 7, 156.94
1735208253, 69, 19, 39, 0, 0, 0.17%, 8, 0, 7, 141.26
1735208258, 69, 26, 39, 0, 0, 0.17%, 8, 0, 7, 138.31
1735208264, 69, 33, 39, 0, 0, 0.17%, 8, 0, 7, 143.69
1735208274, 70, 11, 39, 0, 0, 0.17%, 8, 0, 7, 133.25
1735208279, 70, 13, 39, 0, 0, 0.17%, 8, 0, 7, 133.32
1735208284, 70, 17, 39, 0, 0, 0.17%, 8, 0, 7, 137.19
1735208289, 70, 30, 39, 0, 0, 0.17%, 8, 0, 7, 147.95
1735208299, 71, 11, 39, 0, 0, 0.17%, 8, 0, 7, 137.90
1735208305, 71, 13, 39, 0, 0, 0.17%, 8, 0, 7, 136.17
1735208310, 71, 17, 39, 0, 0, 0.17%, 8, 0, 7, 133.10
1735208315, 72, 11, 39, 0, 0, 0.17%, 8, 0, 7, 142.81
1735208320, 72, 13, 39, 0, 0, 0.17%, 8, 0, 7, 135.65
1735208325, 72, 17, 39, 0, 0, 0.17%, 8, 0, 7, 138.66
1735208330, 72, 33, 39, 0, 0, 0.17%, 8, 0, 7, 151.09
1735208341, 73, 13, 39, 0, 0, 0.17%, 8, 0, 7, 136.38
1735208346, 73, 17, 39, 0, 0, 0.17%, 8, 0, 7, 141.14
1735208351, 73, 31, 39, 0, 0, 0.17%, 8, 0, 7, 142.98
1735208361, 73, 38, 39, 0, 0, 0.17%, 8, 0, 7, 155.95
1735208366, 74, 11, 39, 0, 0, 0.17%, 8, 0, 7, 139.07
1735208371, 74, 13, 39, 0, 0, 0.17%, 8, 0, 7, 133.19
1735208377, 74, 17, 39, 0, 0, 0.17%, 8, 0, 7, 134.37
1735208382, 74, 33, 39, 0, 0, 0.17%, 8, 0, 7, 143.06
1735208392, 75, 12, 39, 0, 0, 0.17%, 8, 0, 7, 141.51
1735208397, 75, 13, 39, 0, 0, 0.17%, 8, 0, 7, 142.51
1735208402, 75, 17, 39, 0, 0, 0.17%, 8, 0, 7, 143.40
1735208408, 76, 11, 39, 0, 0, 0.17%, 8, 0, 7, 136.86
1735208413, 76, 13, 39, 0, 0, 0.17%, 8, 0, 7, 132.94
1735208418, 76, 17, 39, 0, 0, 0.17%, 8, 0, 7, 134.89
1735208423, 76, 34, 39, 0, 0, 0.17%, 8, 0, 7, 142.71
1735208428, 77, 11, 39, 0, 0, 0.17%, 8, 0, 7, 131.16
1735208433, 77, 13, 39, 0, 0, 0.17%, 8, 0, 7, 127.81
1735208439, 77, 17, 39, 0, 0, 0.17%, 8, 0, 7, 128.85
1735208444, 77, 33, 39, 0, 0, 0.17%, 8, 0, 7, 147.14
1735208454, 78, 12, 39, 0, 0, 0.17%, 8, 0, 7, 134.14
1735208459, 78, 13, 39, 0, 0, 0.17%, 8, 0, 7, 127.71
1735208465, 78, 17, 39, 0, 0, 0.17%, 8, 0, 7, 128.71
1735208470, 79, 11, 39, 0, 0, 0.17%, 8, 0, 7, 138.25
1735208475, 79, 13, 39, 0, 0, 0.17%, 8, 0, 7, 136.29
1735208480, 79, 16, 39, 0, 0, 0.17%, 8, 0, 7, 139.22
1735208485, 79, 17, 39, 0, 0, 0.17%, 8, 0, 7, 130.70
1735208490, 80, 11, 39, 0, 0, 0.17%, 8, 0, 7, 132.33
1735208495, 80, 13, 39, 0, 0, 0.17%, 8, 0, 7, 131.65
1735208501, 80, 17, 39, 0, 0, 0.17%, 8, 0, 7, 144.64
1735208506, 80, 31, 39, 0, 0, 0.17%, 8, 0, 7, 183.23
1735208516, 80, 37, 39, 0, 0, 0.17%, 8, 0, 7, 152.57
1735208521, 80, 38, 39, 0, 0, 0.17%, 8, 0, 7, 139.89
1735208526, 81, 12, 39, 0, 0, 0.17%, 8, 0, 7, 137.37
1735208531, 81, 13, 39, 0, 0, 0.17%, 8, 0, 7, 148.22
1735208536, 81, 17, 39, 0, 0, 0.17%, 8, 0, 7, 132.46
1735208542, 82, 12, 39, 0, 0, 0.17%, 8, 0, 7, 133.35
1735208547, 82, 13, 39, 0, 0, 0.17%, 8, 0, 7, 144.87
1735208552, 82, 28, 39, 0, 0, 0.17%, 8, 0, 7, 145.81
1735208562, 83, 11, 39, 0, 0, 0.17%, 8, 0, 7, 135.41
1735208567, 83, 13, 39, 0, 0, 0.17%, 8, 0, 7, 135.40
1735208572, 83, 17, 39, 0, 0, 0.17%, 8, 0, 7, 140.58
1735208578, 83, 35, 39, 0, 0, 0.17%, 8, 0, 7, 139.01
1735208583, 84, 11, 39, 0, 0, 0.17%, 8, 0, 7, 127.68
1735208588, 84, 13, 39, 0, 0, 0.17%, 8, 0, 7, 133.95
1735208593, 84, 16, 39, 0, 0, 0.17%, 8, 0, 7, 136.09
1735208598, 84, 17, 39, 0, 0, 0.17%, 8, 0, 7, 137.62
1735208603, 84, 20, 39, 0, 0, 0.17%, 8, 0, 7, 158.67
1735208608, 85, 11, 39, 0, 0, 0.17%, 8, 0, 7, 139.65
1735208614, 85, 13, 39, 0, 0, 0.17%, 8, 0, 7, 134.51
1735208619, 85, 17, 39, 0, 0, 0.17%, 8, 0, 7, 141.25
1735208624, 86, 1, 39, 0, 0, 0.17%, 8, 0, 7, 141.58
1735208629, 86, 12, 39, 0, 0, 0.17%, 8, 0, 7, 136.48
1735208634, 86, 13, 39, 0, 0, 0.17%, 8, 0, 7, 139.72
1735208639, 86, 17, 39, 0, 0, 0.17%, 8, 0, 7, 132.51
1735208645, 86, 38, 39, 0, 0, 0.17%, 8, 0, 7, 139.20
1735208650, 87, 12, 39, 0, 0, 0.17%, 8, 0, 7, 136.67
1735208655, 87, 13, 39, 0, 0, 0.17%, 8, 0, 7, 140.05
1735208660, 87, 14, 39, 0, 0, 0.17%, 8, 0, 7, 129.79
1735208665, 87, 17, 39, 0, 0, 0.17%, 8, 0, 7, 132.66
1735208670, 87, 31, 39, 0, 0, 0.17%, 8, 0, 7, 151.67
1735208675, 88, 11, 39, 0, 0, 0.17%, 8, 0, 7, 131.82
1735208681, 88, 13, 39, 0, 0, 0.17%, 8, 0, 7, 132.18
1735208686, 88, 17, 39, 0, 0, 0.17%, 8, 0, 7, 135.44
1735208691, 89, 5, 39, 0, 0, 0.17%, 8, 0, 7, 135.17
1735208696, 89, 12, 39, 0, 0, 0.17%, 8, 0, 7, 139.41
1735208701, 89, 13, 39, 0, 0, 0.17%, 8, 0, 7, 133.70
1735208706, 89, 17, 39, 0, 0, 0.17%, 8, 0, 7, 141.95
1735208711, 90, 12, 39, 0, 0, 0.17%, 8, 0, 7, 129.22
1735208717, 90, 13, 39, 0, 0, 0.17%, 8, 0, 7, 139.81
1735208722, 90, 17, 39, 0, 0, 0.17%, 8, 0, 7, 140.38
1735208727, 91, 12, 39, 0, 0, 0.17%, 8, 0, 7, 132.26
1735208732, 91, 13, 39, 0, 0, 0.17%, 8, 0, 7, 143.97
1735208737, 91, 17, 39, 0, 0, 0.17%, 8, 0, 7, 140.32
1735208742, 91, 20, 39, 0, 0, 0.17%, 8, 0, 7, 157.51
1735208747, 92, 12, 39, 0, 0, 0.17%, 8, 0, 7, 141.52
1735208753, 92, 13, 39, 0, 0, 0.17%, 8, 0, 7, 136.66
1735208758, 92, 17, 39, 0, 0, 0.17%, 8, 0, 7, 136.95
1735208763, 92, 30, 39, 0, 0, 0.17%, 8, 0, 7, 141.98
1735208768, 93, 13, 39, 0, 0, 0.17%, 8, 0, 7, 136.13
1735208773, 93, 17, 39, 0, 0, 0.17%, 8, 0, 7, 139.31
1735208784, 94, 11, 39, 0, 0, 0.17%, 8, 0, 7, 143.14
1735208789, 94, 13, 39, 0, 0, 0.17%, 8, 0, 7, 135.90
1735208794, 94, 17, 39, 0, 0, 0.17%, 8, 0, 7, 138.18
1735208799, 94, 28, 39, 0, 0, 0.17%, 8, 0, 7, 140.46
1735208809, 94, 36, 39, 0, 0, 0.17%, 8, 0, 7, 157.16
1735208820, 95, 12, 39, 0, 0, 0.17%, 8, 0, 7, 135.94
1735208825, 95, 13, 39, 0, 0, 0.17%, 8, 0, 7, 139.31
1735208830, 95, 17, 39, 0, 0, 0.17%, 8, 0, 7, 136.49
1735208835, 95, 35, 39, 0, 0, 0.17%, 8, 0, 7, 142.58
1735208840, 96, 12, 39, 0, 0, 0.17%, 8, 0, 7, 141.02
1735208845, 96, 13, 39, 0, 0, 0.17%, 8, 0, 7, 144.78
1735208850, 96, 17, 39, 0, 0, 0.17%, 8, 0, 7, 134.39
1735208855, 96, 36, 39, 0, 0, 0.17%, 8, 0, 7, 147.70
1735208860, 97, 11, 39, 0, 0, 0.17%, 8, 0, 7, 138.69
1735208865, 97, 13, 39, 0, 0, 0.17%, 8, 0, 7, 137.24
1735208871, 97, 17, 39, 0, 0, 0.17%, 8, 0, 7, 134.80
1735208876, 98, 11, 39, 0, 0, 0.17%, 8, 0, 7, 137.04
1735208881, 98, 13, 39, 0, 0, 0.17%, 8, 0, 7, 138.27
1735208886, 98, 17, 39, 0, 0, 0.17%, 8, 0, 7, 137.58
1735208891, 98, 26, 39, 0, 0, 0.17%, 8, 0, 7, 142.18
1735208901, 98, 32, 39, 0, 0, 0.17%, 8, 0, 7, 139.05
1735208907, 99, 12, 39, 0, 0, 0.17%, 8, 0, 7, 134.35
1735208912, 99, 13, 39, 0, 0, 0.17%, 8, 0, 7, 140.07
1735208917, 99, 17, 39, 0, 0, 0.17%, 8, 0, 7, 134.03
1735208922, 100, 12, 39, 0, 0, 0.17%, 8, 0, 7, 138.05
1735208927, 100, 13, 39, 0, 0, 0.17%, 8, 0, 7, 138.08
1735208932, 100, 17, 39, 0, 0, 0.17%, 8, 0, 7, 132.54
1735208938, 100, 26, 39, 0, 0, 0.17%, 8, 0, 7, 144.86
1735208943, 100, 29, 39, 0, 0, 0.17%, 8, 0, 7, 149.80
1735208948, 100, 31, 39, 0, 0, 0.17%, 8, 0, 7, 163.99
1735208953, 100, 33, 39, 0, 0, 0.17%, 8, 0, 7, 150.09
1735208963, 101, 11, 39, 0, 0, 0.17%, 8, 0, 7, 137.11
1735208969, 101, 13, 39, 0, 0, 0.17%, 8, 0, 7, 127.04
1735208974, 101, 17, 39, 0, 0, 0.17%, 8, 0, 7, 134.05
1735208979, 101, 32, 39, 0, 0, 0.17%, 8, 0, 7, 145.40
1735208984, 102, 12, 39, 0, 0, 0.17%, 8, 0, 7, 143.11
1735208989, 102, 13, 39, 0, 0, 0.17%, 8, 0, 7, 132.23
1735208994, 102, 17, 39, 0, 0, 0.17%, 8, 0, 7, 138.88
1735208999, 103, 11, 39, 0, 0, 0.17%, 8, 0, 7, 141.48
1735209005, 103, 13, 39, 0, 0, 0.17%, 8, 0, 7, 135.40
1735209010, 103, 14, 39, 0, 0, 0.17%, 8, 0, 7, 134.34
1735209015, 103, 17, 39, 0, 0, 0.17%, 8, 0, 7, 128.71
1735209020, 104, 11, 39, 0, 0, 0.17%, 8, 0, 7, 132.86
1735209025, 104, 13, 39, 0, 0, 0.17%, 8, 0, 7, 133.40
1735209030, 104, 15, 39, 0, 0, 0.17%, 8, 0, 7, 137.86
1735209035, 104, 17, 39, 0, 0, 0.17%, 8, 0, 7, 135.03
1735209041, 104, 24, 39, 0, 0, 0.17%, 8, 0, 7, 141.39
1735209046, 104, 29, 39, 0, 0, 0.17%, 8, 0, 7, 155.29
1735209051, 105, 11, 39, 0, 0, 0.17%, 8, 0, 7, 138.95
1735209056, 105, 13, 39, 0, 0, 0.17%, 8, 0, 7, 136.54
1735209061, 105, 17, 39, 0, 0, 0.17%, 8, 0, 7, 135.44
1735209066, 105, 24, 39, 0, 0, 0.17%, 8, 0, 7, 137.57
1735209071, 106, 4, 39, 0, 0, 0.17%, 8, 0, 7, 131.82
1735209077, 106, 12, 39, 0, 0, 0.17%, 8, 0, 7, 129.82
1735209082, 106, 13, 39, 0, 0, 0.17%, 8, 0, 7, 141.86
1735209087, 106, 17, 39, 0, 0, 0.17%, 8, 0, 7, 139.03
1735209092, 107, 12, 39, 0, 0, 0.17%, 8, 0, 7, 132.45
1735209097, 107, 13, 39, 0, 0, 0.17%, 8, 0, 7, 138.68
1735209102, 107, 14, 39, 0, 0, 0.17%, 8, 0, 7, 136.39
1735209108, 107, 17, 39, 0, 0, 0.17%, 8, 0, 7, 129.71
1735209113, 107, 28, 39, 0, 0, 0.17%, 8, 0, 7, 148.88
1735209118, 108, 11, 39, 0, 0, 0.17%, 8, 0, 7, 145.02
1735209123, 108, 13, 39, 0, 0, 0.17%, 8, 0, 7, 140.31
1735209128, 108, 17, 39, 0, 0, 0.17%, 8, 0, 7, 134.56
1735209133, 109, 11, 39, 0, 0, 0.17%, 8, 0, 7, 135.84
1735209139, 109, 13, 39, 0, 0, 0.17%, 8, 0, 7, 140.88
1735209144, 109, 17, 39, 0, 0, 0.17%, 8, 0, 7, 134.61
1735209149, 110, 12, 39, 0, 0, 0.17%, 8, 0, 7, 137.51
1735209154, 110, 13, 39, 0, 0, 0.17%, 8, 0, 7, 139.37
1735209159, 110, 17, 39, 0, 0, 0.17%, 8, 0, 7, 141.38
1735209164, 110, 36, 39, 0, 0, 0.17%, 8, 0, 7, 153.17
1735209175, 111, 12, 39, 0, 0, 0.17%, 8, 0, 7, 141.40
1735209180, 111, 13, 39, 0, 0, 0.17%, 8, 0, 7, 141.80
1735209185, 111, 17, 39, 0, 0, 0.17%, 8, 0, 7, 138.84
1735209190, 111, 28, 39, 0, 0, 0.17%, 8, 0, 7, 144.40
1735209195, 111, 29, 39, 0, 0, 0.17%, 8, 0, 7, 149.54
1735209200, 112, 11, 39, 0, 0, 0.17%, 8, 0, 7, 131.11
1735209205, 112, 13, 39, 0, 0, 0.17%, 8, 0, 7, 140.09
1735209210, 112, 17, 39, 0, 0, 0.17%, 8, 0, 7, 137.70
1735209215, 113, 12, 39, 0, 0, 0.17%, 8, 0, 7, 131.41
1735209221, 113, 13, 39, 0, 0, 0.17%, 8, 0, 7, 131.85
1735209226, 113, 17, 39, 0, 0, 0.17%, 8, 0, 7, 134.50
1735209231, 114, 12, 39, 0, 0, 0.17%, 8, 0, 7, 139.01
1735209236, 114, 13, 39, 0, 0, 0.17%, 8, 0, 7, 139.12
1735209241, 114, 16, 39, 0, 0, 0.17%, 8, 0, 7, 140.89
1735209246, 114, 17, 39, 0, 0, 0.17%, 8, 0, 7, 141.70
1735209251, 114, 22, 39, 0, 0, 0.17%, 8, 0, 7, 137.93
1735209256, 114, 31, 39, 0, 0, 0.17%, 8, 0, 7, 155.80
1735209262, 115, 12, 39, 0, 0, 0.17%, 8, 0, 7, 140.45
1735209267, 115, 13, 39, 0, 0, 0.17%, 8, 0, 7, 133.88
1735209272, 115, 17, 39, 0, 0, 0.17%, 8, 0, 7, 135.53
1735209277, 115, 21, 39, 0, 0, 0.17%, 8, 0, 7, 136.37
1735209282, 115, 33, 39, 0, 0, 0.17%, 8, 0, 7, 144.57
1735209293, 116, 12, 39, 0, 0, 0.17%, 8, 0, 7, 140.16
1735209298, 116, 13, 39, 0, 0, 0.17%, 8, 0, 7, 141.42
1735209303, 116, 17, 39, 0, 0, 0.17%, 8, 0, 7, 143.51
1735209308, 116, 19, 39, 0, 0, 0.17%, 8, 0, 7, 135.74
1735209313, 116, 32, 39, 0, 0, 0.17%, 8, 0, 7, 142.49
1735209319, 116, 35, 39, 0, 0, 0.17%, 8, 0, 7, 138.18
1735209324, 117, 12, 39, 0, 0, 0.17%, 8, 0, 7, 129.71
1735209329, 117, 13, 39, 0, 0, 0.17%, 8, 0, 7, 130.49
1735209334, 117, 17, 39, 0, 0, 0.17%, 8, 0, 7, 145.77
1735209339, 118, 11, 39, 0, 0, 0.17%, 8, 0, 7, 136.26
1735209345, 118, 13, 39, 0, 0, 0.17%, 8, 0, 7, 128.91
1735209350, 118, 14, 39, 0, 0, 0.17%, 8, 0, 7, 130.80
1735209355, 118, 17, 39, 0, 0, 0.17%, 8, 0, 7, 131.75
1735209360, 118, 38, 39, 0, 0, 0.17%, 8, 0, 7, 139.99
1735209365, 119, 10, 39, 0, 0, 0.17%, 8, 0, 7, 146.85
1735209370, 119, 12, 39, 0, 0, 0.17%, 8, 0, 7, 138.80
1735209376, 119, 13, 39, 0, 0, 0.17%, 8, 0, 7, 143.44
1735209381, 119, 17, 39, 0, 0, 0.17%, 8, 0, 7, 141.61
1735209386, 120, 12, 39, 0, 0, 0.17%, 8, 0, 7, 134.23
1735209391, 120, 13, 39, 0, 0, 0.17%, 8, 0, 7, 134.37
1735209396, 120, 17, 39, 0, 0, 0.17%, 8, 0, 7, 134.70
1735209401, 120, 21, 39, 0, 0, 0.17%, 8, 0, 7, 141.82
1735209406, 120, 25, 39, 0, 0, 0.17%, 8, 0, 7, 143.44
1735209417, 120, 34, 39, 0, 0, 0.17%, 8, 0, 7, 144.80
1735209422, 120, 37, 39, 0, 0, 0.17%, 8, 0, 7, 160.44
1735209427, 121, 12, 39, 0, 0, 0.17%, 8, 0, 7, 140.18
1735209432, 121, 13, 39, 0, 0, 0.17%, 8, 0, 7, 129.85
1735209437, 121, 17, 39, 0, 0, 0.17%, 8, 0, 7, 128.90
1735209443, 122, 11, 39, 0, 0, 0.17%, 8, 0, 7, 134.80
1735209448, 122, 13, 39, 0, 0, 0.17%, 8, 0, 7, 128.90
1735209453, 122, 17, 39, 0, 0, 0.17%, 8, 0, 7, 137.97
1735209458, 122, 20, 39, 0, 0, 0.17%, 8, 0, 7, 148.66
1735209463, 122, 22, 39, 0, 0, 0.17%, 8, 0, 7, 147.37
1735209468, 123, 12, 39, 0, 0, 0.17%, 8, 0, 7, 134.22
1735209473, 123, 13, 39, 0, 0, 0.17%, 8, 0, 7, 130.41
1735209479, 123, 17, 39, 0, 0, 0.17%, 8, 0, 7, 136.47
1735209484, 124, 1, 39, 0, 0, 0.17%, 8, 0, 7, 134.07
1735209489, 124, 12, 39, 0, 0, 0.17%, 8, 0, 7, 135.12
1735209494, 124, 13, 39, 0, 0, 0.17%, 8, 0, 7, 145.86
1735209499, 124, 17, 39, 0, 0, 0.17%, 8, 0, 7, 136.75
1735209504, 125, 11, 39, 0, 0, 0.17%, 8, 0, 7, 135.82
1735209509, 125, 13, 39, 0, 0, 0.17%, 8, 0, 7, 133.60
1735209515, 125, 17, 39, 0, 0, 0.17%, 8, 0, 7, 137.70
1735209520, 125, 31, 39, 0, 0, 0.17%, 8, 0, 7, 158.94
1735209525, 126, 12, 39, 0, 0, 0.17%, 8, 0, 7, 138.12
1735209530, 126, 13, 39, 0, 0, 0.17%, 8, 0, 7, 135.29
1735209535, 126, 17, 39, 0, 0, 0.17%, 8, 0, 7, 140.60
1735209540, 126, 18, 39, 0, 0, 0.17%, 8, 0, 7, 151.17
1735209545, 127, 0, 39, 0, 0, 0.17%, 8, 0, 7, 146.80
1735209550, 127, 12, 39, 0, 0, 0.17%, 8, 0, 7, 140.01
1735209556, 127, 13, 39, 0, 0, 0.17%, 8, 0, 7, 143.51
1735209561, 127, 17, 39, 0, 0, 0.17%, 8, 0, 7, 137.40
1735209566, 127, 21, 39, 0, 0, 0.17%, 8, 0, 7, 135.40
1735209571, 127, 26, 39, 0, 0, 0.17%, 8, 0, 7, 150.99
1735209581, 128, 11, 39, 0, 0, 0.17%, 8, 0, 7, 132.77
1735209587, 128, 13, 39, 0, 0, 0.17%, 8, 0, 7, 138.03
1735209597, 128, 17, 39, 0, 0, 0.17%, 8, 0, 7, 138.37
1735209602, 129, 12, 39, 0, 0, 0.17%, 8, 0, 7, 140.71
1735209607, 129, 13, 39, 0, 0, 0.17%, 8, 0, 7, 139.01
1735209612, 129, 17, 39, 0, 0, 0.17%, 8, 0, 7, 138.00
1735209617, 129, 37, 39, 0, 0, 0.17%, 8, 0, 7, 149.84
1735209622, 130, 11, 39, 0, 0, 0.17%, 8, 0, 7, 143.79
1735209628, 130, 12, 39, 0, 0, 0.17%, 8, 0, 7, 135.85
1735209633, 130, 13, 39, 0, 0, 0.17%, 8, 0, 7, 130.89
1735209638, 130, 17, 39, 0, 0, 0.17%, 8, 0, 7, 136.18
1735209643, 130, 26, 39, 0, 0, 0.17%, 8, 0, 7, 137.29
1735209648, 130, 27, 39, 0, 0, 0.17%, 8, 0, 7, 140.35
1735209653, 131, 11, 39, 0, 0, 0.17%, 8, 0, 7, 135.52
1735209659, 131, 13, 39, 0, 0, 0.17%, 8, 0, 7, 137.69
1735209664, 131, 16, 39, 0, 0, 0.17%, 8, 0, 7, 130.94
1735209669, 131, 17, 39, 0, 0, 0.17%, 8, 0, 7, 132.03
1735209674, 132, 2, 39, 0, 0, 0.17%, 8, 0, 7, 142.12
1735209679, 132, 12, 39, 0, 0, 0.17%, 8, 0, 7, 138.54
1735209684, 132, 13, 39, 0, 0, 0.17%, 8, 0, 7, 143.02
1735209690, 132, 30, 39, 0, 0, 0.17%, 8, 0, 7, 137.91
1735209695, 132, 35, 39, 0, 0, 0.17%, 8, 0, 7, 148.96
1735209700, 133, 11, 39, 0, 0, 0.17%, 8, 0, 7, 137.67
1735209705, 133, 13, 39, 0, 0, 0.17%, 8, 0, 7, 134.78
1735209710, 133, 17, 39, 0, 0, 0.17%, 8, 0, 7, 138.15
1735209715, 133, 21, 39, 0, 0, 0.17%, 8, 0, 7, 140.90
1735209725, 134, 11, 39, 0, 0, 0.17%, 8, 0, 7, 132.42
1735209730, 134, 13, 39, 0, 0, 0.17%, 8, 0, 7, 133.34
1735209736, 134, 17, 39, 0, 0, 0.17%, 8, 0, 7, 136.57
1735209741, 134, 25, 39, 0, 0, 0.17%, 8, 0, 7, 138.49
1735209751, 135, 0, 39, 0, 0, 0.17%, 8, 0, 7, 138.80
1735209756, 135, 12, 39, 0, 0, 0.17%, 8, 0, 7, 140.01
1735209762, 135, 13, 39, 0, 0, 0.17%, 8, 0, 7, 136.88
1735209767, 135, 17, 39, 0, 0, 0.17%, 8, 0, 7, 134.82
1735209772, 135, 19, 39, 0, 0, 0.17%, 8, 0, 7, 138.58
1735209777, 136, 12, 39, 0, 0, 0.17%, 8, 0, 7, 133.77
1735209782, 136, 13, 39, 0, 0, 0.17%, 8, 0, 7, 136.76
1735209787, 136, 15, 39, 0, 0, 0.17%, 8, 0, 7, 143.31
1735209792, 136, 17, 39, 0, 0, 0.17%, 8, 0, 7, 132.86
1735209798, 136, 19, 39, 0, 0, 0.17%, 8, 0, 7, 136.14
1735209803, 136, 33, 39, 0, 0, 0.17%, 8, 0, 7, 144.82
1735209808, 137, 10, 39, 0, 0, 0.17%, 8, 0, 7, 142.71
1735209813, 137, 12, 39, 0, 0, 0.17%, 8, 0, 7, 135.06
1735209818, 137, 13, 39, 0, 0, 0.17%, 8, 0, 7, 136.36
1735209823, 137, 17, 39, 0, 0, 0.17%, 8, 0, 7, 135.79
1735209828, 137, 24, 39, 0, 0, 0.17%, 8, 0, 7, 139.42
1735209833, 138, 12, 39, 0, 0, 0.17%, 8, 0, 7, 129.89
1735209839, 138, 13, 39, 0, 0, 0.17%, 8, 0, 7, 133.50
1735209844, 138, 17, 39, 0, 0, 0.17%, 8, 0, 7, 128.65
1735209849, 138, 24, 39, 0, 0, 0.17%, 8, 0, 7, 132.59
1735209854, 138, 33, 39, 0, 0, 0.17%, 8, 0, 7, 143.13
1735209859, 139, 11, 39, 0, 0, 0.17%, 8, 0, 7, 140.39
1735209864, 139, 13, 39, 0, 0, 0.17%, 8, 0, 7, 138.60
1735209869, 139, 17, 39, 0, 0, 0.17%, 8, 0, 7, 136.75
1735209880, 140, 12, 39, 0, 0, 0.17%, 8, 0, 7, 133.04
1735209885, 140, 13, 39, 0, 0, 0.17%, 8, 0, 7, 134.08
1735209890, 140, 17, 39, 0, 0, 0.17%, 8, 0, 7, 135.96
1735209895, 141, 7, 39, 0, 0, 0.17%, 8, 0, 7, 130.36
1735209901, 141, 12, 39, 0, 0, 0.17%, 8, 0, 7, 136.05
1735209906, 141, 13, 39, 0, 0, 0.17%, 8, 0, 7, 141.19
1735209911, 141, 17, 39, 0, 0, 0.17%, 8, 0, 7, 140.35
1735209916, 141, 27, 39, 0, 0, 0.17%, 8, 0, 7, 138.84
1735209921, 142, 12, 39, 0, 0, 0.17%, 8, 0, 7, 136.29
1735209926, 142, 13, 39, 0, 0, 0.17%, 8, 0, 7, 136.50
1735209931, 143, 1, 39, 0, 0, 0.17%, 8, 0, 7, 144.52
1735209937, 143, 11, 39, 0, 0, 0.17%, 8, 0, 7, 139.77
1735209942, 143, 13, 39, 0, 0, 0.17%, 8, 0, 7, 129.37
1735209947, 143, 15, 39, 0, 0, 0.17%, 8, 0, 7, 142.75
1735209952, 143, 17, 39, 0, 0, 0.17%, 8, 0, 7, 134.94
1735209957, 143, 38, 39, 0, 0, 0.17%, 8, 0, 7, 143.16
1735209962, 144, 12, 39, 0, 0, 0.17%, 8, 0, 7, 134.01
1735209967, 144, 13, 39, 0, 0, 0.17%, 8, 0, 7, 138.76
1735209973, 144, 14, 39, 0, 0, 0.17%, 8, 0, 7, 132.97
1735209978, 144, 17, 39, 0, 0, 0.17%, 8, 0, 7, 128.69
1735209983, 145, 12, 39, 0, 0, 0.17%, 8, 0, 7, 145.04
1735209988, 145, 13, 39, 0, 0, 0.17%, 8, 0, 7, 140.03
1735209993, 145, 17, 39, 0, 0, 0.17%, 8, 0, 7, 141.73
1735209998, 145, 22, 39, 0, 0, 0.17%, 8, 0, 7, 136.21
1735210003, 145, 30, 39, 0, 0, 0.17%, 8, 0, 7, 143.78
1735210008, 145, 33, 39, 0, 0, 0.17%, 8, 0, 7, 142.22
1735210014, 146, 9, 39, 0, 0, 0.17%, 8, 0, 7, 140.88
1735210019, 146, 12, 39, 0, 0, 0.17%, 8, 0, 7, 136.53
1735210024, 146, 16, 39, 0, 0, 0.17%, 8, 0, 7, 139.34
1735210034, 146, 17, 39, 0, 0, 0.17%, 8, 0, 7, 122.47
1735210039, 147, 12, 39, 0, 0, 0.17%, 8, 0, 7, 132.63
1735210044, 147, 13, 39, 0, 0, 0.17%, 8, 0, 7, 133.44
1735210050, 147, 17, 39, 0, 0, 0.17%, 8, 0, 7, 139.49
1735210055, 147, 21, 39, 0, 0, 0.17%, 8, 0, 7, 130.09
1735210060, 148, 11, 39, 0, 0, 0.17%, 8, 0, 7, 131.83
1735210065, 148, 13, 39, 0, 0, 0.17%, 8, 0, 7, 133.68
1735210070, 148, 17, 39, 0, 0, 0.17%, 8, 0, 7, 132.78
1735210075, 148, 28, 39, 0, 0, 0.17%, 8, 0, 7, 146.57
1735210086, 148, 34, 39, 0, 0, 0.17%, 8, 0, 7, 138.96
1735210091, 149, 11, 39, 0, 0, 0.17%, 8, 0, 7, 132.83
1735210096, 149, 13, 39, 0, 0, 0.17%, 8, 0, 7, 134.47
1735210101, 149, 17, 39, 0, 0, 0.17%, 8, 0, 7, 138.04
1735210106, 149, 29, 39, 0, 0, 0.17%, 8, 0, 7, 146.57
1735210112, 149, 38, 39, 0, 0, 0.17%, 8, 0, 7, 149.22
1735210117, 150, 11, 39, 0, 0, 0.17%, 8, 0, 7, 136.96
1735210122, 150, 13, 39, 0, 0, 0.17%, 8, 0, 7, 132.60
1735210127, 150, 17, 39, 0, 0, 0.17%, 8, 0, 7, 136.12
1735210132, 151, 11, 39, 0, 0, 0.17%, 8, 0, 7, 135.79
1735210137, 151, 13, 39, 0, 0, 0.17%, 8, 0, 7, 137.62
1735210143, 151, 15, 39, 0, 0, 0.17%, 8, 0, 7, 142.22
1735210148, 151, 17, 39, 0, 0, 0.17%, 8, 0, 7, 138.31
1735210153, 152, 4, 39, 0, 0, 0.17%, 8, 0, 7, 134.15
1735210158, 152, 12, 39, 0, 0, 0.17%, 8, 0, 7, 141.42
1735210163, 152, 13, 39, 0, 0, 0.17%, 8, 0, 7, 145.41
1735210168, 153, 11, 39, 0, 0, 0.17%, 8, 0, 7, 143.60
1735210173, 153, 13, 39, 0, 0, 0.17%, 8, 0, 7, 139.72
1735210179, 153, 17, 39, 0, 0, 0.17%, 8, 0, 7, 147.89
1735210184, 153, 25, 39, 0, 0, 0.17%, 8, 0, 7, 142.13
1735210189, 153, 31, 39, 0, 0, 0.17%, 8, 0, 7, 155.92
1735210194, 153, 35, 39, 0, 0, 0.17%, 8, 0, 7, 148.51
1735210199, 154, 2, 39, 0, 0, 0.17%, 8, 0, 7, 137.39
1735210204, 154, 12, 39, 0, 0, 0.17%, 8, 0, 7, 134.83
1735210210, 154, 13, 39, 0, 0, 0.17%, 8, 0, 7, 136.97
1735210215, 154, 16, 39, 0, 0, 0.17%, 8, 0, 7, 137.58
1735210220, 154, 17, 39, 0, 0, 0.17%, 8, 0, 7, 130.04
1735210225, 154, 29, 39, 0, 0, 0.17%, 8, 0, 7, 155.87
1735210230, 155, 12, 39, 0, 0, 0.17%, 8, 0, 7, 137.78
1735210235, 155, 13, 39, 0, 0, 0.17%, 8, 0, 7, 140.36
1735210240, 155, 17, 39, 0, 0, 0.17%, 8, 0, 7, 133.82
1735210246, 156, 11, 39, 0, 0, 0.17%, 8, 0, 7, 143.83
1735210251, 156, 13, 39, 0, 0, 0.17%, 8, 0, 7, 133.72
1735210256, 156, 17, 39, 0, 0, 0.17%, 8, 0, 7, 137.27
1735210261, 157, 11, 39, 0, 0, 0.17%, 8, 0, 7, 138.99
1735210266, 157, 13, 39, 0, 0, 0.17%, 8, 0, 7, 131.62
1735210271, 157, 17, 39, 0, 0, 0.17%, 8, 0, 7, 131.34
1735210277, 157, 36, 39, 0, 0, 0.17%, 8, 0, 7, 147.12
1735210282, 158, 12, 39, 0, 0, 0.17%, 8, 0, 7, 133.80
1735210287, 158, 13, 39, 0, 0, 0.17%, 8, 0, 7, 131.29
1735210292, 158, 17, 39, 0, 0, 0.17%, 8, 0, 7, 136.37
1735210297, 159, 11, 39, 0, 0, 0.17%, 8, 0, 7, 127.60
1735210302, 159, 13, 39, 0, 0, 0.17%, 8, 0, 7, 132.98
1735210307, 159, 17, 39, 0, 0, 0.17%, 8, 0, 7, 130.23
1735210312, 159, 27, 39, 0, 0, 0.17%, 8, 0, 7, 147.71
1735210318, 159, 33, 39, 0, 0, 0.17%, 8, 0, 7, 147.34
1735210328, 159, 38, 39, 0, 0, 0.17%, 8, 0, 7, 150.26
1735210333, 160, 12, 39, 0, 0, 0.17%, 8, 0, 7, 136.43
1735210338, 160, 13, 39, 0, 0, 0.17%, 8, 0, 7, 137.70
1735210344, 160, 17, 39, 0, 0, 0.17%, 8, 0, 7, 145.01
1735210349, 161, 11, 39, 0, 0, 0.17%, 8, 0, 7, 150.32
1735210354, 161, 13, 39, 0, 0, 0.17%, 8, 0, 7, 140.43
1735210359, 161, 17, 39, 0, 0, 0.17%, 8, 0, 7, 143.34
1735210364, 162, 11, 39, 0, 0, 0.17%, 8, 0, 7, 136.56
1735210369, 162, 13, 39, 0, 0, 0.17%, 8, 0, 7, 137.13
1735210374, 162, 17, 39, 0, 0, 0.17%, 8, 0, 7, 131.96
1735210379, 162, 18, 39, 0, 0, 0.17%, 8, 0, 7, 151.23
1735210389, 162, 28, 39, 0, 0, 0.17%, 8, 0, 7, 143.98
1735210395, 162, 30, 39, 0, 0, 0.17%, 8, 0, 7, 143.29
1735210400, 162, 36, 39, 0, 0, 0.17%, 8, 0, 7, 151.82
1735210405, 163, 11, 39, 0, 0, 0.17%, 8, 0, 7, 141.85
1735210410, 163, 13, 39, 0, 0, 0.17%, 8, 0, 7, 134.66
1735210415, 163, 17, 39, 0, 0, 0.17%, 8, 0, 7, 137.56
1735210420, 164, 1, 39, 0, 0, 0.17%, 8, 0, 7, 141.59
1735210426, 164, 12, 39, 0, 0, 0.17%, 8, 0, 7, 135.15
1735210431, 164, 13, 39, 0, 0, 0.17%, 8, 0, 7, 134.80
1735210436, 164, 17, 39, 0, 0, 0.17%, 8, 0, 7, 144.20
1735210441, 165, 9, 39, 0, 0, 0.17%, 8, 0, 7, 152.16
1735210446, 165, 12, 39, 0, 0, 0.17%, 8, 0, 7, 138.19
1735210451, 165, 13, 39, 0, 0, 0.17%, 8, 0, 7, 138.10
1735210457, 165, 17, 39, 0, 0, 0.17%, 8, 0, 7, 141.42
1735210462, 166, 12, 39, 0, 0, 0.17%, 8, 0, 7, 134.11
1735210467, 166, 13, 39, 0, 0, 0.17%, 8, 0, 7, 146.72
1735210472, 166, 17, 39, 0, 0, 0.17%, 8, 0, 7, 141.90
1735210477, 167, 12, 39, 0, 0, 0.17%, 8, 0, 7, 141.52
1735210482, 167, 13, 39, 0, 0, 0.17%, 8, 0, 7, 137.23
1735210488, 167, 17, 39, 0, 0, 0.17%, 8, 0, 7, 137.20
1735210493, 167, 26, 39, 0, 0, 0.17%, 8, 0, 7, 150.63
1735210498, 168, 9, 39, 0, 0, 0.17%, 8, 0, 7, 140.48
1735210503, 168, 12, 39, 0, 0, 0.17%, 8, 0, 7, 134.20
1735210508, 168, 13, 39, 0, 0, 0.17%, 8, 0, 7, 141.40
1735210513, 168, 14, 39, 0, 0, 0.17%, 8, 0, 7, 128.64
1735210519, 168, 17, 39, 0, 0, 0.17%, 8, 0, 7, 127.74
1735210524, 169, 11, 39, 0, 0, 0.17%, 8, 0, 7, 135.15
1735210529, 169, 13, 39, 0, 0, 0.17%, 8, 0, 7, 133.80
1735210534, 169, 17, 39, 0, 0, 0.17%, 8, 0, 7, 139.33
1735210539, 169, 26, 39, 0, 0, 0.17%, 8, 0, 7, 139.44
1735210549, 170, 12, 39, 0, 0, 0.17%, 8, 0, 7, 139.50
1735210554, 170, 13, 39, 0, 0, 0.17%, 8, 0, 7, 138.32
1735210560, 170, 17, 39, 0, 0, 0.17%, 8, 0, 7, 146.88
1735210565, 170, 18, 39, 0, 0, 0.17%, 8, 0, 7, 151.90
1735210570, 171, 12, 39, 0, 0, 0.17%, 8, 0, 7, 145.08
1735210575, 171, 13, 39, 0, 0, 0.17%, 8, 0, 7, 139.36
1735210580, 171, 14, 39, 0, 0, 0.17%, 8, 0, 7, 136.20
1735210585, 171, 17, 39, 0, 0, 0.17%, 8, 0, 7, 133.19
1735210590, 171, 30, 39, 0, 0, 0.17%, 8, 0, 7, 140.48
1735210596, 171, 32, 39, 0, 0, 0.17%, 8, 0, 7, 148.92
1735210601, 172, 11, 39, 0, 0, 0.17%, 8, 0, 7, 130.12
1735210606, 172, 13, 39, 0, 0, 0.17%, 8, 0, 7, 132.48
1735210611, 172, 15, 39, 0, 0, 0.17%, 8, 0, 7, 143.18
1735210616, 172, 16, 39, 0, 0, 0.17%, 8, 0, 7, 130.83
1735210621, 172, 17, 39, 0, 0, 0.17%, 8, 0, 7, 132.29
1735210627, 173, 12, 39, 0, 0, 0.17%, 8, 0, 7, 131.97
1735210632, 173, 13, 39, 0, 0, 0.17%, 8, 0, 7, 128.63
1735210637, 173, 17, 39, 0, 0, 0.17%, 8, 0, 7, 135.08
1735210642, 173, 18, 39, 0, 0, 0.17%, 8, 0, 7, 144.59
1735210647, 173, 23, 39, 0, 0, 0.17%, 8, 0, 7, 139.86
1735210653, 173, 27, 39, 0, 0, 0.17%, 8, 0, 7, 139.60
1735210658, 174, 11, 39, 0, 0, 0.17%, 8, 0, 7, 133.30
1735210663, 174, 13, 39, 0, 0, 0.17%, 8, 0, 7, 132.78
1735210668, 174, 15, 39, 0, 0, 0.17%, 8, 0, 7, 131.23
1735210673, 174, 17, 39, 0, 0, 0.17%, 8, 0, 7, 137.06
1735210678, 174, 26, 39, 0, 0, 0.17%, 8, 0, 7, 150.58
1735210689, 175, 12, 39, 0, 0, 0.17%, 8, 0, 7, 134.83
1735210694, 175, 13, 39, 0, 0, 0.17%, 8, 0, 7, 128.71
1735210699, 175, 17, 39, 0, 0, 0.17%, 8, 0, 7, 139.87
1735210704, 175, 25, 39, 0, 0, 0.17%, 8, 0, 7, 140.72
1735210709, 175, 34, 39, 0, 0, 0.17%, 8, 0, 7, 133.74
1735210714, 176, 12, 39, 0, 0, 0.17%, 8, 0, 7, 134.07
1735210720, 176, 13, 39, 0, 0, 0.17%, 8, 0, 7, 137.21
1735210725, 176, 17, 39, 0, 0, 0.17%, 8, 0, 7, 139.34
1735210730, 177, 12, 39, 0, 0, 0.17%, 8, 0, 7, 139.85
1735210735, 177, 13, 39, 0, 0, 0.17%, 8, 0, 7, 134.27
1735210740, 177, 17, 39, 0, 0, 0.17%, 8, 0, 7, 135.49
1735210745, 177, 34, 39, 0, 0, 0.17%, 8, 0, 7, 142.19
1735210750, 177, 37, 39, 0, 0, 0.17%, 8, 0, 7, 157.27
1735210756, 177, 38, 39, 0, 0, 0.17%, 8, 0, 7, 149.27
1735210761, 178, 12, 39, 0, 0, 0.17%, 8, 0, 7, 137.24
1735210766, 178, 13, 39, 0, 0, 0.17%, 8, 0, 7, 147.38
1735210771, 178, 17, 39, 0, 0, 0.17%, 8, 0, 7, 133.44
1735210776, 179, 13, 39, 0, 0, 0.17%, 8, 0, 7, 135.62
1735210781, 179, 17, 39, 0, 0, 0.17%, 8, 0, 7, 138.41
1735210791, 179, 35, 39, 0, 0, 0.17%, 8, 0, 7, 148.76
1735210797, 180, 12, 39, 0, 0, 0.17%, 8, 0, 7, 138.92
1735210802, 180, 13, 39, 0, 0, 0.17%, 8, 0, 7, 141.51
1735210807, 180, 15, 39, 0, 0, 0.17%, 8, 0, 7, 148.94
1735210812, 180, 16, 39, 0, 0, 0.17%, 8, 0, 7, 135.06
1735210817, 180, 17, 39, 0, 0, 0.17%, 8, 0, 7, 142.56
1735210822, 181, 12, 39, 0, 0, 0.17%, 8, 0, 7, 136.56
1735210827, 181, 13, 39, 0, 0, 0.17%, 8, 0, 7, 140.79
1735210833, 181, 17, 39, 0, 0, 0.17%, 8, 0, 7, 144.92
1735210838, 181, 25, 39, 0, 0, 0.17%, 8, 0, 7, 140.44
1735210843, 182, 12, 39, 0, 0, 0.17%, 8, 0, 7, 136.37
1735210848, 182, 13, 39, 0, 0, 0.17%, 8, 0, 7, 143.51
1735210853, 182, 22, 39, 0, 0, 0.17%, 8, 0, 7, 143.33
1735210858, 183, 11, 39, 0, 0, 0.17%, 8, 0, 7, 139.49
1735210864, 183, 13, 39, 0, 0, 0.17%, 8, 0, 7, 138.70
1735210869, 183, 17, 39, 0, 0, 0.17%, 8, 0, 7, 131.49
1735210874, 183, 18, 39, 0, 0, 0.17%, 8, 0, 7, 147.72
1735210884, 183, 24, 39, 0, 0, 0.17%, 8, 0, 7, 137.48
1735210889, 184, 12, 39, 0, 0, 0.17%, 8, 0, 7, 132.10
1735210894, 184, 13, 39, 0, 0, 0.17%, 8, 0, 7, 134.88
1735210899, 184, 17, 39, 0, 0, 0.17%, 8, 0, 7, 136.32
1735210905, 184, 37, 39, 0, 0, 0.17%, 8, 0, 7, 139.85
1735210910, 185, 12, 39, 0, 0, 0.17%, 8, 0, 7, 134.72
1735210915, 185, 13, 39, 0, 0, 0.17%, 8, 0, 7, 128.50
1735210920, 185, 17, 39, 0, 0, 0.17%, 8, 0, 7, 141.48
1735210925, 185, 30, 39, 0, 0, 0.17%, 8, 0, 7, 146.14
1735210931, 186, 12, 39, 0, 0, 0.17%, 8, 0, 7, 130.87
1735210936, 186, 13, 39, 0, 0, 0.17%, 8, 0, 7, 127.53
1735210941, 186, 17, 39, 0, 0, 0.17%, 8, 0, 7, 135.16
1735210946, 186, 22, 39, 0, 0, 0.17%, 8, 0, 7, 135.98
1735210951, 187, 12, 39, 0, 0, 0.17%, 8, 0, 7, 128.67
1735210956, 187, 13, 39, 0, 0, 0.17%, 8, 0, 7, 141.04
1735210961, 187, 15, 39, 0, 0, 0.17%, 8, 0, 7, 140.01
1735210966, 187, 17, 39, 0, 0, 0.17%, 8, 0, 7, 141.16
1735210972, 188, 12, 39, 0, 0, 0.17%, 8, 0, 7, 142.86
1735210977, 188, 13, 39, 0, 0, 0.17%, 8, 0, 7, 140.85
1735210982, 188, 17, 39, 0, 0, 0.17%, 8, 0, 7, 136.39
1735210987, 188, 23, 39, 0, 0, 0.17%, 8, 0, 7, 150.99
1735210992, 188, 31, 39, 0, 0, 0.17%, 8, 0, 7, 148.15
1735210997, 188, 37, 39, 0, 0, 0.17%, 8, 0, 7, 145.03
1735211002, 189, 11, 39, 0, 0, 0.17%, 8, 0, 7, 133.41
1735211007, 189, 13, 39, 0, 0, 0.17%, 8, 0, 7, 135.44
1735211012, 189, 17, 39, 0, 0, 0.17%, 8, 0, 7, 136.86
1735211018, 189, 34, 39, 0, 0, 0.17%, 8, 0, 7, 140.84
1735211023, 189, 37, 39, 0, 0, 0.17%, 8, 0, 7, 151.34
1735211028, 190, 12, 39, 0, 0, 0.17%, 8, 0, 7, 137.30
1735211033, 190, 13, 39, 0, 0, 0.17%, 8, 0, 7, 138.63
1735211038, 190, 17, 39, 0, 0, 0.17%, 8, 0, 7, 135.58
1735211043, 190, 30, 39, 0, 0, 0.17%, 8, 0, 7, 146.90
1735211049, 191, 11, 39, 0, 0, 0.17%, 8, 0, 7, 138.84
1735211054, 191, 13, 39, 0, 0, 0.17%, 8, 0, 7, 134.42
1735211059, 191, 15, 39, 0, 0, 0.17%, 8, 0, 7, 140.53
1735211064, 191, 17, 39, 0, 0, 0.17%, 8, 0, 7, 139.73
1735211069, 192, 12, 39, 0, 0, 0.17%, 8, 0, 7, 138.61
1735211074, 192, 13, 39, 0, 0, 0.17%, 8, 0, 7, 138.37
1735211079, 192, 17, 39, 0, 0, 0.17%, 8, 0, 7, 129.38
1735211085, 192, 38, 39, 0, 0, 0.17%, 8, 0, 7, 152.19
1735211090, 193, 12, 39, 0, 0, 0.17%, 8, 0, 7, 137.89
1735211095, 193, 13, 39, 0, 0, 0.17%, 8, 0, 7, 133.93
1735211100, 193, 17, 39, 0, 0, 0.17%, 8, 0, 7, 130.06
1735211105, 193, 20, 39, 0, 0, 0.17%, 8, 0, 7, 152.64
1735211110, 194, 11, 39, 0, 0, 0.17%, 8, 0, 7, 140.53
1735211115, 194, 13, 39, 0, 0, 0.17%, 8, 0, 7, 135.10
1735211120, 194, 17, 39, 0, 0, 0.17%, 8, 0, 7, 132.68
1735211126, 194, 33, 39, 0, 0, 0.17%, 8, 0, 7, 143.15
1735211136, 195, 12, 39, 0, 0, 0.17%, 8, 0, 7, 134.92
1735211141, 195, 13, 39, 0, 0, 0.17%, 8, 0, 7, 140.33
1735211146, 195, 17, 39, 0, 0, 0.17%, 8, 0, 7, 129.22
1735211152, 195, 25, 39, 0, 0, 0.17%, 8, 0, 7, 129.86
1735211157, 196, 11, 39, 0, 0, 0.17%, 8, 0, 7, 126.61
1735211162, 196, 13, 39, 0, 0, 0.17%, 8, 0, 7, 137.24
1735211167, 196, 17, 39, 0, 0, 0.17%, 8, 0, 7, 135.68
1735211172, 196, 30, 39, 0, 0, 0.17%, 8, 0, 7, 151.61
1735211177, 197, 5, 39, 0, 0, 0.17%, 8, 0, 7, 140.19
1735211182, 197, 13, 39, 0, 0, 0.17%, 8, 0, 7, 139.08
1735211188, 197, 17, 39, 0, 0, 0.17%, 8, 0, 7, 145.07
1735211193, 197, 25, 39, 0, 0, 0.17%, 8, 0, 7, 140.83
1735211203, 198, 12, 39, 0, 0, 0.17%, 8, 0, 7, 134.84
1735211208, 198, 13, 39, 0, 0, 0.17%, 8, 0, 7, 138.68
1735211213, 198, 17, 39, 0, 0, 0.17%, 8, 0, 7, 136.83
1735211219, 199, 11, 39, 0, 0, 0.17%, 8, 0, 7, 149.83
1735211224, 199, 13, 39, 0, 0, 0.17%, 8, 0, 7, 133.53
1735211229, 199, 17, 39, 0, 0, 0.17%, 8, 0, 7, 138.88
1735211234, 199, 18, 39, 0, 0, 0.17%, 8, 0, 7, 136.80
1735211245, 199, 23, 39, 0, 0, 0.17%, 8, 0, 7, 141.95
1735211250, 199, 33, 39, 0, 0, 0.17%, 8, 0, 7, 152.26
1735211255, 200, 11, 39, 0, 0, 0.17%, 8, 0, 7, 146.21
1735211260, 200, 13, 39, 0, 0, 0.17%, 8, 0, 7, 138.80
1735211265, 200, 14, 39, 0, 0, 0.17%, 8, 0, 7, 141.79
1735211270, 200, 17, 39, 0, 0, 0.17%, 8, 0, 7, 129.95
1735211275, 200, 26, 39, 0, 0, 0.17%, 8, 0, 7, 151.77
1735211281, 201, 10, 39, 0, 0, 0.17%, 8, 0, 7, 149.08
1735211286, 201, 12, 39, 0, 0, 0.17%, 8, 0, 7, 139.74
1735211291, 201, 13, 39, 0, 0, 0.17%, 8, 0, 7, 140.71
1735211296, 201, 17, 39, 0, 0, 0.17%, 8, 0, 7, 136.85
1735211301, 202, 12, 39, 0, 0, 0.17%, 8, 0, 7, 135.60
1735211306, 202, 13, 39, 0, 0, 0.17%, 8, 0, 7, 144.84
1735211312, 202, 16, 39, 0, 0, 0.17%, 8, 0, 7, 142.98
1735211317, 202, 17, 39, 0, 0, 0.17%, 8, 0, 7, 137.82
1735211322, 203, 11, 39, 0, 0, 0.17%, 8, 0, 7, 135.39
1735211327, 203, 13, 39, 0, 0, 0.17%, 8, 0, 7, 140.12
1735211332, 203, 17, 39, 0, 0, 0.17%, 8, 0, 7, 134.88
1735211337, 204, 11, 39, 0, 0, 0.17%, 8, 0, 7, 134.86
1735211342, 204, 13, 39, 0, 0, 0.17%, 8, 0, 7, 134.16
1735211347, 204, 17, 39, 0, 0, 0.17%, 8, 0, 7, 140.52
1735211353, 205, 11, 39, 0, 0, 0.17%, 8, 0, 7, 135.75
1735211358, 205, 13, 39, 0, 0, 0.17%, 8, 0, 7, 138.65
1735211363, 205, 17, 39, 0, 0, 0.17%, 8, 0, 7, 135.29
1735211368, 205, 36, 39, 0, 0, 0.17%, 8, 0, 7, 140.31
1735211373, 206, 11, 39, 0, 0, 0.17%, 8, 0, 7, 143.98
1735211378, 206, 13, 39, 0, 0, 0.17%, 8, 0, 7, 135.03
1735211384, 206, 17, 39, 0, 0, 0.17%, 8, 0, 7, 141.26
1735211389, 207, 11, 39, 0, 0, 0.17%, 8, 0, 7, 135.37
1735211394, 207, 13, 39, 0, 0, 0.17%, 8, 0, 7, 130.99
1735211399, 207, 17, 39, 0, 0, 0.17%, 8, 0, 7, 133.38
1735211404, 208, 11, 39, 0, 0, 0.17%, 8, 0, 7, 141.26
1735211409, 208, 13, 39, 0, 0, 0.17%, 8, 0, 7, 137.20
1735211414, 208, 17, 39, 0, 0, 0.17%, 8, 0, 7, 132.61
1735211420, 209, 12, 39, 0, 0, 0.17%, 8, 0, 7, 134.69
1735211425, 209, 13, 39, 0, 0, 0.17%, 8, 0, 7, 135.98
1735211430, 209, 17, 39, 0, 0, 0.17%, 8, 0, 7, 139.00
1735211435, 209, 19, 39, 0, 0, 0.17%, 8, 0, 7, 130.52
1735211440, 209, 38, 39, 0, 0, 0.17%, 8, 0, 7, 148.54
1735211445, 210, 12, 39, 0, 0, 0.17%, 8, 0, 7, 139.95
1735211451, 210, 13, 39, 0, 0, 0.17%, 8, 0, 7, 130.61
1735211456, 210, 17, 39, 0, 0, 0.17%, 8, 0, 7, 126.77
1735211461, 211, 12, 39, 0, 0, 0.17%, 8, 0, 7, 137.04
1735211466, 211, 13, 39, 0, 0, 0.17%, 8, 0, 7, 130.01
1735211471, 211, 17, 39, 0, 0, 0.17%, 8, 0, 7, 129.78
1735211476, 211, 29, 39, 0, 0, 0.17%, 8, 0, 7, 151.39
1735211482, 212, 11, 39, 0, 0, 0.17%, 8, 0, 7, 138.98
1735211487, 212, 13, 39, 0, 0, 0.17%, 8, 0, 7, 133.53
1735211492, 212, 16, 39, 0, 0, 0.17%, 8, 0, 7, 134.56
1735211497, 212, 17, 39, 0, 0, 0.17%, 8, 0, 7, 136.91
1735211502, 212, 21, 39, 0, 0, 0.17%, 8, 0, 7, 138.08
1735211512, 212, 22, 39, 0, 0, 0.17%, 8, 0, 7, 142.70
1735211518, 212, 27, 39, 0, 0, 0.17%, 8, 0, 7, 148.31
1735211523, 212, 37, 39, 0, 0, 0.17%, 8, 0, 7, 145.52
1735211528, 213, 12, 39, 0, 0, 0.17%, 8, 0, 7, 132.82
1735211533, 213, 13, 39, 0, 0, 0.17%, 8, 0, 7, 132.02
1735211538, 213, 17, 39, 0, 0, 0.17%, 8, 0, 7, 140.31
1735211543, 213, 33, 39, 0, 0, 0.17%, 8, 0, 7, 150.70
1735211548, 214, 8, 39, 0, 0, 0.17%, 8, 0, 7, 144.60
1735211553, 214, 12, 39, 0, 0, 0.17%, 8, 0, 7, 136.99
1735211559, 214, 13, 39, 0, 0, 0.17%, 8, 0, 7, 134.26
1735211564, 214, 17, 39, 0, 0, 0.17%, 8, 0, 7, 136.36
1735211569, 215, 12, 39, 0, 0, 0.17%, 8, 0, 7, 138.08
1735211574, 215, 13, 39, 0, 0, 0.17%, 8, 0, 7, 139.74
1735211579, 215, 17, 39, 0, 0, 0.17%, 8, 0, 7, 136.84
1735211584, 216, 11, 39, 0, 0, 0.17%, 8, 0, 7, 135.85
1735211589, 216, 13, 39, 0, 0, 0.17%, 8, 0, 7, 142.41
1735211595, 216, 17, 39, 0, 0, 0.17%, 8, 0, 7, 143.43
1735211600, 217, 11, 39, 0, 0, 0.17%, 8, 0, 7, 139.30
1735211605, 217, 13, 39, 0, 0, 0.17%, 8, 0, 7, 137.04
1735211610, 217, 17, 39, 0, 0, 0.17%, 8, 0, 7, 134.59
1735211615, 217, 32, 39, 0, 0, 0.17%, 8, 0, 7, 141.80
1735211620, 217, 35, 39, 0, 0, 0.17%, 8, 0, 7, 147.64
1735211625, 218, 6, 39, 0, 0, 0.17%, 8, 0, 7, 132.18
1735211631, 218, 13, 39, 0, 0, 0.17%, 8, 0, 7, 140.18
1735211636, 218, 17, 39, 0, 0, 0.17%, 8, 0, 7, 141.97
1735211641, 218, 27, 39, 0, 0, 0.17%, 8, 0, 7, 144.29
1735211646, 219, 0, 39, 0, 0, 0.17%, 8, 0, 7, 140.17
1735211651, 219, 12, 39, 0, 0, 0.17%, 8, 0, 7, 138.07
1735211656, 219, 13, 39, 0, 0, 0.17%, 8, 0, 7, 138.13
1735211662, 219, 17, 39, 0, 0, 0.17%, 8, 0, 7, 137.04
1735211667, 219, 30, 39, 0, 0, 0.17%, 8, 0, 7, 134.65
1735211672, 219, 37, 39, 0, 0, 0.17%, 8, 0, 7, 143.43
1735211677, 220, 12, 39, 0, 0, 0.17%, 8, 0, 7, 136.66
1735211682, 220, 13, 39, 0, 0, 0.17%, 8, 0, 7, 144.32
1735211687, 220, 14, 39, 0, 0, 0.17%, 8, 0, 7, 137.74
1735211692, 220, 17, 39, 0, 0, 0.17%, 8, 0, 7, 140.04
1735211697, 221, 12, 39, 0, 0, 0.17%, 8, 0, 7, 136.43
1735211703, 221, 13, 39, 0, 0, 0.17%, 8, 0, 7, 145.98
1735211708, 221, 16, 39, 0, 0, 0.17%, 8, 0, 7, 145.66
1735211713, 221, 17, 39, 0, 0, 0.17%, 8, 0, 7, 141.92
1735211718, 221, 24, 39, 0, 0, 0.17%, 8, 0, 7, 133.77
1735211723, 221, 36, 39, 0, 0, 0.17%, 8, 0, 7, 138.75
1735211728, 222, 13, 39, 0, 0, 0.17%, 8, 0, 7, 134.10
1735211734, 222, 14, 39, 0, 0, 0.17%, 8, 0, 7, 146.93
1735211739, 222, 17, 39, 0, 0, 0.17%, 8, 0, 7, 137.89
1735211744, 222, 19, 39, 0, 0, 0.17%, 8, 0, 7, 143.11
1735211749, 222, 22, 39, 0, 0, 0.17%, 8, 0, 7, 130.66
1735211754, 222, 30, 39, 0, 0, 0.17%, 8, 0, 7, 138.57
1735211759, 223, 11, 39, 0, 0, 0.17%, 8, 0, 7, 136.13
1735211765, 223, 13, 39, 0, 0, 0.17%, 8, 0, 7, 139.27
1735211770, 223, 17, 39, 0, 0, 0.17%, 8, 0, 7, 133.33
1735211780, 224, 12, 39, 0, 0, 0.17%, 8, 0, 7, 130.39
1735211785, 224, 13, 39, 0, 0, 0.17%, 8, 0, 7, 128.55
1735211790, 224, 17, 39, 0, 0, 0.17%, 8, 0, 7, 140.86
1735211795, 225, 12, 39, 0, 0, 0.17%, 8, 0, 7, 131.37
1735211801, 225, 13, 39, 0, 0, 0.17%, 8, 0, 7, 131.71
1735211806, 225, 17, 39, 0, 0, 0.17%, 8, 0, 7, 136.18
1735211811, 225, 33, 39, 0, 0, 0.17%, 8, 0, 7, 145.32
1735211816, 226, 11, 39, 0, 0, 0.17%, 8, 0, 7, 135.94
1735211821, 226, 13, 39, 0, 0, 0.17%, 8, 0, 7, 137.94
1735211826, 226, 17, 39, 0, 0, 0.17%, 8, 0, 7, 142.96
1735211832, 226, 21, 39, 0, 0, 0.17%, 8, 0, 7, 139.40
1735211842, 227, 12, 39, 0, 0, 0.17%, 8, 0, 7, 138.65
1735211847, 227, 13, 39, 0, 0, 0.17%, 8, 0, 7, 133.59
1735211852, 227, 17, 39, 0, 0, 0.17%, 8, 0, 7, 131.42
1735211857, 227, 20, 39, 0, 0, 0.17%, 8, 0, 7, 159.28
1735211862, 227, 23, 39, 0, 0, 0.17%, 8, 0, 7, 141.53
1735211867, 228, 12, 39, 0, 0, 0.17%, 8, 0, 7, 136.49
1735211873, 228, 13, 39, 0, 0, 0.17%, 8, 0, 7, 150.02
1735211878, 228, 15, 39, 0, 0, 0.17%, 8, 0, 7, 140.66
1735211883, 228, 28, 39, 0, 0, 0.17%, 8, 0, 7, 152.50
1735211893, 228, 36, 39, 0, 0, 0.17%, 8, 0, 7, 150.99
1735211898, 229, 12, 39, 0, 0, 0.17%, 8, 0, 7, 135.99
1735211903, 229, 13, 39, 0, 0, 0.17%, 8, 0, 7, 141.54
1735211908, 229, 17, 39, 0, 0, 0.17%, 8, 0, 7, 137.46
1735211914, 229, 29, 39, 0, 0, 0.17%, 8, 0, 7, 145.35
1735211919, 230, 12, 39, 0, 0, 0.17%, 8, 0, 7, 129.79
1735211924, 230, 13, 39, 0, 0, 0.17%, 8, 0, 7, 138.40
1735211929, 230, 17, 39, 0, 0, 0.17%, 8, 0, 7, 140.31
1735211934, 230, 24, 39, 0, 0, 0.17%, 8, 0, 7, 138.45
1735211939, 230, 34, 39, 0, 0, 0.17%, 8, 0, 7, 141.68
1735211945, 231, 12, 39, 0, 0, 0.17%, 8, 0, 7, 143.19
1735211950, 231, 13, 39, 0, 0, 0.17%, 8, 0, 7, 142.75
1735211955, 231, 17, 39, 0, 0, 0.17%, 8, 0, 7, 132.05
1735211960, 231, 21, 39, 0, 0, 0.17%, 8, 0, 7, 142.99
1735211965, 231, 33, 39, 0, 0, 0.17%, 8, 0, 7, 146.42
1735211975, 232, 12, 39, 0, 0, 0.17%, 8, 0, 7, 140.19
1735211980, 232, 13, 39, 0, 0, 0.17%, 8, 0, 7, 141.84
1735211986, 232, 17, 39, 0, 0, 0.17%, 8, 0, 7, 140.88
1735211991, 232, 36, 39, 0, 0, 0.17%, 8, 0, 7, 144.87
1735211996, 233, 11, 39, 0, 0, 0.17%, 8, 0, 7, 144.72
1735212001, 233, 13, 39, 0, 0, 0.17%, 8, 0, 7, 136.53
1735212006, 233, 15, 39, 0, 0, 0.17%, 8, 0, 7, 145.44
1735212011, 233, 17, 39, 0, 0, 0.17%, 8, 0, 7, 144.80
1735212016, 233, 38, 39, 0, 0, 0.17%, 8, 0, 7, 155.83
1735212021, 234, 12, 39, 0, 0, 0.17%, 8, 0, 7, 141.30
1735212026, 234, 13, 39, 0, 0, 0.17%, 8, 0, 7, 141.77
1735212031, 234, 17, 39, 0, 0, 0.17%, 8, 0, 7, 129.76
1735212036, 234, 31, 39, 0, 0, 0.17%, 8, 0, 7, 154.35
1735212042, 235, 11, 39, 0, 0, 0.17%, 8, 0, 7, 146.83
1735212047, 235, 13, 39, 0, 0, 0.17%, 8, 0, 7, 135.78
1735212052, 235, 17, 39, 0, 0, 0.17%, 8, 0, 7, 134.80
1735212057, 235, 18, 39, 0, 0, 0.17%, 8, 0, 7, 153.57
1735212062, 236, 11, 39, 0, 0, 0.17%, 8, 0, 7, 156.02
1735212067, 236, 13, 39, 0, 0, 0.17%, 8, 0, 7, 140.09
1735212072, 236, 17, 39, 0, 0, 0.17%, 8, 0, 7, 140.98
1735212078, 237, 11, 39, 0, 0, 0.17%, 8, 0, 7, 131.88
1735212083, 237, 13, 39, 0, 0, 0.17%, 8, 0, 7, 133.98
1735212088, 237, 17, 39, 0, 0, 0.17%, 8, 0, 7, 138.58
1735212093, 237, 26, 39, 0, 0, 0.17%, 8, 0, 7, 131.86
1735212103, 237, 30, 39, 0, 0, 0.17%, 8, 0, 7, 141.86
1735212109, 237, 38, 39, 0, 0, 0.17%, 8, 0, 7, 145.72
1735212114, 238, 11, 39, 0, 0, 0.17%, 8, 0, 7, 143.28
1735212119, 238, 13, 39, 0, 0, 0.17%, 8, 0, 7, 132.76
1735212124, 238, 17, 39, 0, 0, 0.17%, 8, 0, 7, 132.60
1735212129, 238, 31, 39, 0, 0, 0.17%, 8, 0, 7, 161.55
1735212134, 238, 32, 39, 0, 0, 0.17%, 8, 0, 7, 145.23
1735212139, 238, 38, 39, 0, 0, 0.17%, 8, 0, 7, 152.23
1735212145, 239, 11, 39, 0, 0, 0.17%, 8, 0, 7, 136.21
1735212150, 239, 13, 39, 0, 0, 0.17%, 8, 0, 7, 137.18
1735212155, 239, 17, 39, 0, 0, 0.17%, 8, 0, 7, 134.19
1735212160, 239, 19, 39, 0, 0, 0.17%, 8, 0, 7, 130.47
1735212165, 239, 32, 39, 0, 0, 0.17%, 8, 0, 7, 143.41
1735212170, 240, 0, 39, 0, 0, 0.17%, 8, 0, 7, 135.47
1735212176, 240, 12, 39, 0, 0, 0.17%, 8, 0, 7, 134.42
1735212181, 240, 13, 39, 0, 0, 0.17%, 8, 0, 7, 144.84
1735212186, 240, 16, 39, 0, 0, 0.17%, 8, 0, 7, 138.85
1735212191, 240, 17, 39, 0, 0, 0.17%, 8, 0, 7, 137.97
1735212196, 240, 21, 39, 0, 0, 0.17%, 8, 0, 7, 136.56
1735212201, 240, 29, 39, 0, 0, 0.17%, 8, 0, 7, 144.08
1735212206, 241, 9, 39, 0, 0, 0.17%, 8, 0, 7, 140.46
1735212211, 241, 12, 39, 0, 0, 0.17%, 8, 0, 7, 131.75
1735212216, 241, 13, 39, 0, 0, 0.17%, 8, 0, 7, 133.45
1735212222, 241, 16, 39, 0, 0, 0.17%, 8, 0, 7, 132.62
1735212227, 241, 17, 39, 0, 0, 0.17%, 8, 0, 7, 140.39
1735212232, 241, 31, 39, 0, 0, 0.17%, 8, 0, 7, 154.78
1735212237, 242, 13, 39, 0, 0, 0.17%, 8, 0, 7, 138.34
1735212242, 242, 17, 39, 0, 0, 0.17%, 8, 0, 7, 137.57
1735212248, 242, 21, 39, 0, 0, 0.17%, 8, 0, 7, 133.05
1735212258, 243, 11, 39, 0, 0, 0.17%, 8, 0, 7, 134.45
1735212263, 243, 13, 39, 0, 0, 0.17%, 8, 0, 7, 134.48
1735212268, 243, 17, 39, 0, 0, 0.17%, 8, 0, 7, 138.34
1735212273, 243, 25, 39, 0, 0, 0.17%, 8, 0, 7, 135.38
1735212278, 243, 26, 39, 0, 0, 0.17%, 8, 0, 7, 132.45
1735212289, 244, 10, 39, 0, 0, 0.17%, 8, 0, 7, 136.15
1735212294, 244, 12, 39, 0, 0, 0.17%, 8, 0, 7, 127.80
1735212299, 244, 13, 39, 0, 0, 0.17%, 8, 0, 7, 136.37
1735212304, 244, 17, 39, 0, 0, 0.17%, 8, 0, 7, 129.26
1735212309, 244, 23, 39, 0, 0, 0.17%, 8, 0, 7, 142.12
1735212314, 245, 11, 39, 0, 0, 0.17%, 8, 0, 7, 139.45
1735212320, 245, 13, 39, 0, 0, 0.17%, 8, 0, 7, 132.80
1735212325, 245, 17, 39, 0, 0, 0.17%, 8, 0, 7, 133.12
1735212330, 245, 21, 39, 0, 0, 0.17%, 8, 0, 7, 134.22
1735212340, 246, 11, 39, 0, 0, 0.17%, 8, 0, 7, 128.48
1735212345, 246, 13, 39, 0, 0, 0.17%, 8, 0, 7, 137.07
1735212351, 246, 17, 39, 0, 0, 0.17%, 8, 0, 7, 136.61
1735212356, 247, 11, 39, 0, 0, 0.17%, 8, 0, 7, 133.69
1735212361, 247, 13, 39, 0, 0, 0.17%, 8, 0, 7, 135.29
1735212366, 247, 17, 39, 0, 0, 0.17%, 8, 0, 7, 141.70
1735212371, 247, 25, 39, 0, 0, 0.17%, 8, 0, 7, 144.45
1735212376, 248, 11, 39, 0, 0, 0.17%, 8, 0, 7, 137.54
1735212381, 248, 13, 39, 0, 0, 0.17%, 8, 0, 7, 134.80
1735212386, 248, 17, 39, 0, 0, 0.17%, 8, 0, 7, 137.54
1735212391, 248, 19, 39, 0, 0, 0.17%, 8, 0, 7, 140.79
1735212396, 248, 22, 39, 0, 0, 0.17%, 8, 0, 7, 144.02
1735212401, 249, 11, 39, 0, 0, 0.17%, 8, 0, 7, 131.54
1735212406, 249, 13, 39, 0, 0, 0.17%, 8, 0, 7, 134.84
1735212411, 249, 17, 39, 0, 0, 0.17%, 8, 0, 7, 138.81
1735212417, 249, 21, 39, 0, 0, 0.17%, 8, 0, 7, 135.37
1735212427, 250, 11, 39, 0, 0, 0.17%, 8, 0, 7, 134.14
1735212432, 250, 13, 39, 0, 0, 0.17%, 8, 0, 7, 131.54
1735212437, 250, 17, 39, 0, 0, 0.17%, 8, 0, 7, 131.74
1735212442, 251, 11, 39, 0, 0, 0.17%, 8, 0, 7, 134.58
1735212448, 251, 13, 39, 0, 0, 0.17%, 8, 0, 7, 134.09
1735212453, 251, 15, 39, 0, 0, 0.17%, 8, 0, 7, 137.35
1735212458, 251, 17, 39, 0, 0, 0.17%, 8, 0, 7, 135.31
1735212463, 251, 26, 39, 0, 0, 0.17%, 8, 0, 7, 145.44
1735212473, 251, 31, 39, 0, 0, 0.17%, 8, 0, 7, 148.51
1735212479, 251, 32, 39, 0, 0, 0.17%, 8, 0, 7, 141.18
1735212484, 252, 12, 39, 0, 0, 0.17%, 8, 0, 7, 134.45
1735212489, 252, 13, 39, 0, 0, 0.17%, 8, 0, 7, 143.12
1735212494, 252, 17, 39, 0, 0, 0.17%, 8, 0, 7, 142.61
1735212499, 253, 11, 39, 0, 0, 0.17%, 8, 0, 7, 135.41
1735212504, 253, 12, 39, 0, 0, 0.17%, 8, 0, 7, 137.13
1735212510, 253, 13, 39, 0, 0, 0.17%, 8, 0, 7, 142.73
1735212515, 253, 27, 39, 0, 0, 0.17%, 8, 0, 7, 143.99
1735212525, 254, 12, 39, 0, 0, 0.17%, 8, 0, 7, 127.95
1735212530, 254, 13, 39, 0, 0, 0.17%, 8, 0, 7, 139.90
1735212535, 254, 16, 39, 0, 0, 0.17%, 8, 0, 7, 143.06
1735212540, 254, 17, 39, 0, 0, 0.17%, 8, 0, 7, 143.30
1735212546, 254, 19, 39, 0, 0, 0.17%, 8, 0, 7, 141.39
1735212551, 254, 27, 39, 0, 0, 0.17%, 8, 0, 7, 154.05
1735212556, 254, 31, 39, 0, 0, 0.17%, 8, 0, 7, 151.96
1735212561, 255, 12, 39, 0, 0, 0.17%, 8, 0, 7, 139.96
1735212566, 255, 13, 39, 0, 0, 0.17%, 8, 0, 7, 145.28
1735212571, 255, 14, 39, 0, 0, 0.17%, 8, 0, 7, 140.27
1735212576, 255, 15, 39, 0, 0, 0.17%, 8, 0, 7, 137.25
1735212581, 255, 17, 39, 0, 0, 0.17%, 8, 0, 7, 137.69
1735212586, 255, 21, 39, 0, 0, 0.17%, 8, 0, 7, 134.50
1735212592, 255, 30, 39, 0, 0, 0.17%, 8, 0, 7, 145.49
1735212597, 256, 11, 39, 0, 0, 0.17%, 8, 0, 7, 140.65
1735212602, 256, 13, 39, 0, 0, 0.17%, 8, 0, 7, 131.56
1735212607, 256, 17, 39, 0, 0, 0.17%, 8, 0, 7, 132.70
1735212612, 257, 12, 39, 0, 0, 0.17%, 8, 0, 7, 138.25
1735212617, 257, 13, 39, 0, 0, 0.17%, 8, 0, 7, 133.26
1735212623, 257, 17, 39, 0, 0, 0.17%, 8, 0, 7, 135.36
1735212628, 257, 27, 39, 0, 0, 0.17%, 8, 0, 7, 141.77
1735212633, 258, 11, 39, 0, 0, 0.17%, 8, 0, 7, 130.08
1735212638, 258, 13, 39, 0, 0, 0.17%, 8, 0, 7, 129.83
1735212643, 258, 17, 39, 0, 0, 0.17%, 8, 0, 7, 135.86
1735212648, 258, 31, 39, 0, 0, 0.17%, 8, 0, 7, 147.65
1735212654, 259, 12, 39, 0, 0, 0.17%, 8, 0, 7, 139.66
1735212659, 259, 13, 39, 0, 0, 0.17%, 8, 0, 7, 144.01
1735212664, 259, 17, 39, 0, 0, 0.17%, 8, 0, 7, 135.81
1735212669, 259, 28, 39, 0, 0, 0.17%, 8, 0, 7, 157.00
1735212674, 260, 11, 39, 0, 0, 0.17%, 8, 0, 7, 142.96
1735212679, 260, 13, 39, 0, 0, 0.17%, 8, 0, 7, 136.45
1735212684, 260, 14, 39, 0, 0, 0.17%, 8, 0, 7, 136.14
1735212689, 260, 17, 39, 0, 0, 0.17%, 8, 0, 7, 133.95
1735212695, 261, 8, 39, 0, 0, 0.17%, 8, 0, 7, 136.29
1735212700, 261, 12, 39, 0, 0, 0.17%, 8, 0, 7, 136.10
1735212705, 261, 13, 39, 0, 0, 0.17%, 8, 0, 7, 135.60
1735212710, 261, 17, 39, 0, 0, 0.17%, 8, 0, 7, 140.73
1735212715, 262, 11, 39, 0, 0, 0.17%, 8, 0, 7, 151.69
1735212720, 262, 13, 39, 0, 0, 0.17%, 8, 0, 7, 135.79
1735212725, 262, 17, 39, 0, 0, 0.17%, 8, 0, 7, 142.59
1735212731, 262, 31, 39, 0, 0, 0.17%, 8, 0, 7, 156.99
1735212736, 262, 34, 39, 0, 0, 0.17%, 8, 0, 7, 145.30
1735212741, 263, 1, 39, 0, 0, 0.17%, 8, 0, 7, 136.76
1735212746, 263, 12, 39, 0, 0, 0.17%, 8, 0, 7, 136.24
1735212751, 263, 13, 39, 0, 0, 0.17%, 8, 0, 7, 136.84
1735212756, 263, 17, 39, 0, 0, 0.17%, 8, 0, 7, 133.48
1735212761, 263, 26, 39, 0, 0, 0.17%, 8, 0, 7, 149.47
1735212772, 264, 12, 39, 0, 0, 0.17%, 8, 0, 7, 132.65
1735212777, 264, 13, 39, 0, 0, 0.17%, 8, 0, 7, 136.92
1735212782, 264, 17, 39, 0, 0, 0.17%, 8, 0, 7, 138.18
1735212787, 264, 32, 39, 0, 0, 0.17%, 8, 0, 7, 150.17
1735212792, 264, 37, 39, 0, 0, 0.17%, 8, 0, 7, 151.10
1735212797, 265, 12, 39, 0, 0, 0.17%, 8, 0, 7, 141.28
1735212802, 265, 13, 39, 0, 0, 0.17%, 8, 0, 7, 141.71
1735212807, 265, 16, 39, 0, 0, 0.17%, 8, 0, 7, 137.44
1735212813, 265, 17, 39, 0, 0, 0.17%, 8, 0, 7, 131.42
1735212818, 265, 18, 39, 0, 0, 0.17%, 8, 0, 7, 154.77
1735212823, 265, 36, 39, 0, 0, 0.17%, 8, 0, 7, 159.27
1735212828, 265, 37, 39, 0, 0, 0.17%, 8, 0, 7, 156.32
1735212833, 266, 10, 39, 0, 0, 0.17%, 8, 0, 7, 143.33
1735212838, 266, 13, 39, 0, 0, 0.17%, 8, 0, 7, 136.39
1735212843, 266, 17, 39, 0, 0, 0.17%, 8, 0, 7, 142.90
1735212853, 267, 12, 39, 0, 0, 0.17%, 8, 0, 7, 134.66
1735212858, 267, 17, 39, 0, 0, 0.17%, 8, 0, 7, 139.72
1735212864, 268, 10, 39, 0, 0, 0.17%, 8, 0, 7, 142.03
1735212869, 268, 12, 39, 0, 0, 0.17%, 8, 0, 7, 135.98
1735212874, 268, 13, 39, 0, 0, 0.17%, 8, 0, 7, 133.98
1735212879, 268, 17, 39, 0, 0, 0.17%, 8, 0, 7, 134.18
