# unix_time, cycles_done, cur_path, paths_total, pending_total, pending_favs, map_size, unique_crashes, unique_hangs, max_depth, execs_per_sec
1734942887, 0, 0, 10, 10, 1, 0.01%, 0, 0, 1, 83.95
1734942892, 0, 4, 10, 10, 1, 0.01%, 0, 0, 1, 103.85
1734942897, 0, 5, 10, 9, 0, 0.01%, 0, 0, 1, 103.51
1734942907, 0, 6, 10, 8, 0, 0.01%, 0, 0, 1, 101.19
1734942917, 0, 7, 10, 7, 0, 0.01%, 0, 0, 1, 98.22
1734942928, 0, 8, 10, 6, 0, 0.01%, 0, 0, 1, 95.97
1734942938, 0, 9, 10, 5, 0, 0.01%, 0, 0, 1, 96.01
1734942948, 1, 0, 10, 4, 0, 0.01%, 0, 0, 1, 94.62
1734942958, 1, 1, 10, 3, 0, 0.01%, 0, 0, 1, 104.44
1734942974, 1, 2, 10, 2, 0, 0.01%, 0, 0, 1, 90.19
1734942984, 1, 3, 10, 1, 0, 0.01%, 0, 0, 1, 98.16
1734942999, 1, 4, 10, 0, 0, 0.01%, 0, 0, 1, 100.37
1734943004, 1, 6, 10, 0, 0, 0.01%, 0, 0, 1, 101.13
1734943009, 1, 7, 10, 0, 0, 0.01%, 0, 0, 1, 102.57
1734943015, 1, 9, 10, 0, 0, 0.01%, 0, 0, 1, 103.89
1734943020, 2, 0, 10, 0, 0, 0.01%, 0, 0, 1, 103.11
1734943025, 2, 2, 10, 0, 0, 0.01%, 0, 0, 1, 103.33
1734943030, 2, 3, 10, 0, 0, 0.01%, 0, 0, 1, 103.76
1734943035, 2, 4, 10, 0, 0, 0.01%, 0, 0, 1, 102.75
1734943040, 2, 6, 10, 0, 0, 0.01%, 0, 0, 1, 104.02
1734943045, 2, 7, 10, 0, 0, 0.01%, 0, 0, 1, 103.41
1734943050, 2, 9, 10, 0, 0, 0.01%, 0, 0, 1, 103.56
1734943055, 3, 0, 10, 0, 0, 0.01%, 0, 0, 1, 103.45
1734943060, 3, 2, 10, 0, 0, 0.01%, 0, 0, 1, 101.55
1734943065, 3, 3, 10, 0, 0, 0.01%, 0, 0, 1, 101.73
1734943070, 3, 4, 10, 0, 0, 0.01%, 0, 0, 1, 101.21
1734943075, 3, 6, 10, 0, 0, 0.01%, 0, 0, 1, 101.90
1734943080, 3, 7, 10, 0, 0, 0.01%, 0, 0, 1, 103.91
1734943085, 3, 9, 10, 0, 0, 0.01%, 0, 0, 1, 103.01
1734943090, 4, 0, 10, 0, 0, 0.01%, 0, 0, 1, 102.35
1734943095, 4, 1, 10, 0, 0, 0.01%, 0, 0, 1, 102.21
1734943100, 4, 3, 10, 0, 0, 0.01%, 0, 0, 1, 101.82
1734943106, 4, 4, 10, 0, 0, 0.01%, 0, 0, 1, 102.32
1734943111, 4, 6, 10, 0, 0, 0.01%, 0, 0, 1, 103.63
1734943116, 4, 7, 10, 0, 0, 0.01%, 0, 0, 1, 102.40
1734943121, 4, 8, 10, 0, 0, 0.01%, 0, 0, 1, 102.98
1734943126, 5, 0, 10, 0, 0, 0.01%, 0, 0, 1, 102.61
1734943131, 5, 1, 10, 0, 0, 0.01%, 0, 0, 1, 102.17
1734943136, 5, 3, 10, 0, 0, 0.01%, 0, 0, 1, 101.72
1734943141, 5, 4, 10, 0, 0, 0.01%, 0, 0, 1, 102.29
1734943146, 5, 5, 10, 0, 0, 0.01%, 0, 0, 1, 99.74
1734943151, 5, 7, 10, 0, 0, 0.01%, 0, 0, 1, 102.74
1734943156, 5, 8, 10, 0, 0, 0.01%, 0, 0, 1, 100.47
1734943161, 6, 0, 10, 0, 0, 0.01%, 0, 0, 1, 102.71
1734943167, 6, 1, 10, 0, 0, 0.01%, 0, 0, 1, 102.68
1734943172, 6, 2, 10, 0, 0, 0.01%, 0, 0, 1, 102.11
1734943177, 6, 10, 11, 1, 1, 0.16%, 1, 0, 2, 125.46
1734943182, 6, 10, 12, 2, 1, 0.16%, 2, 0, 3, 114.19
1734943268, 6, 11, 13, 2, 1, 0.16%, 3, 0, 4, 125.17
1734943283, 6, 11, 15, 4, 1, 0.17%, 4, 0, 4, 109.66
1734943323, 6, 11, 16, 5, 1, 0.17%, 4, 0, 4, 111.00
1734943364, 6, 11, 17, 6, 1, 0.17%, 5, 0, 4, 112.30
1734943405, 6, 12, 17, 5, 3, 0.17%, 5, 0, 4, 126.37
1734943466, 6, 12, 18, 6, 3, 0.17%, 5, 0, 5, 109.32
1734943491, 6, 12, 19, 7, 3, 0.17%, 5, 0, 5, 114.73
1734943583, 6, 14, 19, 6, 2, 0.17%, 5, 0, 5, 149.23
1734943598, 6, 14, 20, 7, 2, 0.17%, 5, 0, 5, 124.15
1734943619, 6, 14, 21, 8, 2, 0.17%, 5, 0, 5, 125.84
1734943634, 6, 14, 22, 9, 2, 0.17%, 5, 0, 5, 122.65
1734943644, 6, 14, 23, 10, 2, 0.17%, 5, 0, 5, 118.45
1734943665, 6, 14, 24, 11, 2, 0.17%, 5, 0, 5, 127.04
1734943732, 6, 14, 25, 12, 2, 0.17%, 5, 0, 5, 128.62
1734943747, 6, 16, 25, 11, 2, 0.17%, 5, 0, 5, 131.67
1734943809, 6, 16, 26, 12, 2, 0.17%, 5, 0, 5, 124.86
1734943819, 6, 16, 27, 13, 2, 0.17%, 5, 0, 5, 133.74
1734943829, 6, 20, 29, 14, 1, 0.17%, 5, 0, 5, 131.12
1734943895, 6, 20, 31, 16, 1, 0.17%, 6, 0, 6, 136.44
1734943911, 6, 25, 31, 15, 0, 0.17%, 6, 0, 6, 214.62
1734943997, 6, 25, 33, 17, 0, 0.17%, 7, 0, 6, 149.39
1734944069, 6, 25, 34, 18, 0, 0.17%, 7, 0, 6, 128.56
1734944074, 6, 27, 34, 17, 0, 0.17%, 7, 0, 6, 175.10
1734944151, 6, 33, 34, 16, 0, 0.17%, 7, 0, 6, 192.00
1734944237, 6, 33, 35, 17, 0, 0.17%, 7, 0, 7, 139.51
1734944242, 6, 33, 36, 18, 0, 0.17%, 7, 0, 7, 158.44
1734944247, 6, 33, 37, 19, 0, 0.17%, 7, 0, 7, 166.78
1734944333, 6, 36, 37, 18, 0, 0.17%, 7, 0, 7, 229.58
1734944517, 7, 11, 37, 17, 0, 0.17%, 7, 0, 7, 137.12
1734944522, 7, 12, 37, 17, 0, 0.17%, 7, 0, 7, 133.40
1734944538, 7, 16, 37, 17, 0, 0.17%, 7, 0, 7, 130.37
1734944548, 7, 20, 37, 17, 0, 0.17%, 7, 0, 7, 133.79
1734944563, 7, 23, 37, 17, 0, 0.17%, 7, 0, 7, 151.76
1734944640, 7, 28, 37, 16, 0, 0.17%, 7, 0, 7, 175.16
1734944665, 7, 28, 38, 17, 0, 0.17%, 7, 0, 7, 142.98
1734944748, 8, 12, 38, 16, 0, 0.17%, 7, 0, 7, 151.27
1734944758, 8, 16, 38, 16, 0, 0.17%, 7, 0, 7, 156.92
1734944768, 8, 20, 38, 16, 0, 0.17%, 7, 0, 7, 149.30
1734944788, 8, 29, 38, 16, 0, 0.17%, 7, 0, 7, 226.29
1734945105, 9, 4, 38, 15, 0, 0.17%, 7, 0, 7, 143.17
1734945110, 9, 12, 38, 15, 0, 0.17%, 7, 0, 7, 141.05
1734945115, 9, 13, 38, 15, 0, 0.17%, 7, 0, 7, 158.25
1734945161, 9, 16, 38, 14, 0, 0.17%, 7, 0, 7, 143.55
1734945167, 9, 20, 38, 14, 0, 0.17%, 7, 0, 7, 140.08
1734945177, 9, 24, 38, 14, 0, 0.17%, 7, 0, 7, 136.32
1734945228, 9, 26, 38, 13, 0, 0.17%, 7, 0, 7, 128.40
1734945335, 9, 26, 39, 14, 0, 0.17%, 8, 0, 7, 174.88
1734945376, 9, 31, 39, 13, 0, 0.17%, 8, 0, 7, 191.08
1734945432, 9, 38, 39, 12, 0, 0.17%, 8, 0, 7, 202.99
1734945555, 10, 12, 39, 11, 0, 0.17%, 8, 0, 7, 133.04
1734945560, 10, 16, 39, 11, 0, 0.17%, 8, 0, 7, 134.55
1734945566, 10, 20, 39, 11, 0, 0.17%, 8, 0, 7, 142.04
1734945571, 10, 27, 39, 11, 0, 0.17%, 8, 0, 7, 139.57
1734945581, 10, 30, 39, 11, 0, 0.17%, 8, 0, 7, 213.68
1734945795, 11, 12, 39, 10, 0, 0.17%, 8, 0, 7, 139.93
1734945800, 11, 16, 39, 10, 0, 0.17%, 8, 0, 7, 130.57
1734945805, 11, 17, 39, 10, 0, 0.17%, 8, 0, 7, 190.36
1734945862, 11, 20, 39, 9, 0, 0.17%, 8, 0, 7, 137.56
1734945867, 11, 22, 39, 9, 0, 0.17%, 8, 0, 7, 209.61
1734946364, 11, 27, 39, 8, 0, 0.17%, 8, 0, 7, 140.87
1734946375, 11, 34, 39, 8, 0, 0.17%, 8, 0, 7, 208.68
1734946517, 12, 8, 39, 7, 0, 0.17%, 8, 0, 7, 134.38
1734946523, 12, 12, 39, 7, 0, 0.17%, 8, 0, 7, 137.49
1734946528, 12, 16, 39, 7, 0, 0.17%, 8, 0, 7, 136.00
1734946533, 12, 19, 39, 7, 0, 0.17%, 8, 0, 7, 203.98
1734946584, 12, 20, 39, 6, 0, 0.17%, 8, 0, 7, 147.22
1734946589, 12, 24, 39, 6, 0, 0.17%, 8, 0, 7, 146.63
1734946600, 13, 1, 39, 6, 0, 0.17%, 8, 0, 7, 134.39
1734946605, 13, 12, 39, 6, 0, 0.17%, 8, 0, 7, 143.53
1734946610, 13, 14, 39, 6, 0, 0.17%, 8, 0, 7, 147.89
1734946615, 13, 16, 39, 6, 0, 0.17%, 8, 0, 7, 139.77
1734946620, 13, 20, 39, 6, 0, 0.17%, 8, 0, 7, 145.72
1734946630, 13, 29, 39, 6, 0, 0.17%, 8, 0, 7, 152.42
1734946635, 13, 32, 39, 6, 0, 0.17%, 8, 0, 7, 141.67
1734946803, 14, 12, 39, 5, 0, 0.17%, 8, 0, 7, 136.36
1734946809, 14, 15, 39, 5, 0, 0.17%, 8, 0, 7, 180.66
1734946870, 14, 16, 39, 4, 0, 0.17%, 8, 0, 7, 131.53
1734946875, 14, 20, 39, 4, 0, 0.17%, 8, 0, 7, 144.74
1734946881, 14, 21, 39, 4, 0, 0.17%, 8, 0, 7, 206.55
1734946957, 14, 24, 39, 3, 0, 0.17%, 8, 0, 7, 130.84
1734946968, 15, 12, 39, 3, 0, 0.17%, 8, 0, 7, 128.46
1734946973, 15, 16, 39, 3, 0, 0.17%, 8, 0, 7, 128.98
1734946978, 15, 20, 39, 3, 0, 0.17%, 8, 0, 7, 136.41
1734946983, 15, 30, 39, 3, 0, 0.17%, 8, 0, 7, 148.74
1734946999, 15, 36, 39, 3, 0, 0.17%, 8, 0, 7, 154.48
1734947014, 16, 12, 39, 3, 0, 0.17%, 8, 0, 7, 135.61
1734947019, 16, 16, 39, 3, 0, 0.17%, 8, 0, 7, 135.11
1734947024, 16, 19, 39, 3, 0, 0.17%, 8, 0, 7, 139.03
1734947035, 16, 20, 39, 3, 0, 0.17%, 8, 0, 7, 140.83
1734947040, 17, 12, 39, 3, 0, 0.17%, 8, 0, 7, 134.97
1734947045, 17, 16, 39, 3, 0, 0.17%, 8, 0, 7, 141.18
1734947050, 17, 20, 39, 3, 0, 0.17%, 8, 0, 7, 137.73
1734947055, 17, 35, 39, 3, 0, 0.17%, 8, 0, 7, 165.12
1734947152, 18, 12, 39, 2, 0, 0.17%, 8, 0, 7, 125.42
1734947157, 18, 16, 39, 2, 0, 0.17%, 8, 0, 7, 129.80
1734947162, 18, 20, 39, 2, 0, 0.17%, 8, 0, 7, 130.84
1734947167, 18, 24, 39, 2, 0, 0.17%, 8, 0, 7, 128.54
1734947172, 19, 12, 39, 2, 0, 0.17%, 8, 0, 7, 135.84
1734947177, 19, 16, 39, 2, 0, 0.17%, 8, 0, 7, 136.20
1734947183, 19, 20, 39, 2, 0, 0.17%, 8, 0, 7, 144.42
1734947188, 19, 34, 39, 2, 0, 0.17%, 8, 0, 7, 158.56
1734947203, 20, 12, 39, 2, 0, 0.17%, 8, 0, 7, 138.00
1734947208, 20, 16, 39, 2, 0, 0.17%, 8, 0, 7, 133.59
1734947213, 20, 20, 39, 2, 0, 0.17%, 8, 0, 7, 135.40
1734947218, 21, 12, 39, 2, 0, 0.17%, 8, 0, 7, 133.93
1734947224, 21, 16, 39, 2, 0, 0.17%, 8, 0, 7, 134.57
1734947229, 21, 18, 39, 2, 0, 0.17%, 8, 0, 7, 174.31
1734947280, 21, 20, 39, 1, 0, 0.17%, 8, 0, 7, 136.32
1734947285, 21, 35, 39, 1, 0, 0.17%, 8, 0, 7, 144.45
1734947301, 22, 5, 39, 1, 0, 0.17%, 8, 0, 7, 132.74
1734947306, 22, 12, 39, 1, 0, 0.17%, 8, 0, 7, 132.36
1734947311, 22, 16, 39, 1, 0, 0.17%, 8, 0, 7, 136.83
1734947316, 22, 20, 39, 1, 0, 0.17%, 8, 0, 7, 142.02
1734947321, 23, 12, 39, 1, 0, 0.17%, 8, 0, 7, 134.08
1734947326, 23, 16, 39, 1, 0, 0.17%, 8, 0, 7, 132.50
1734947331, 23, 20, 39, 1, 0, 0.17%, 8, 0, 7, 132.24
1734947337, 24, 11, 39, 1, 0, 0.17%, 8, 0, 7, 135.77
1734947342, 24, 12, 39, 1, 0, 0.17%, 8, 0, 7, 131.55
1734947347, 24, 16, 39, 1, 0, 0.17%, 8, 0, 7, 136.85
1734947352, 24, 20, 39, 1, 0, 0.17%, 8, 0, 7, 131.86
1734947357, 24, 26, 39, 1, 0, 0.17%, 8, 0, 7, 146.74
1734947367, 24, 37, 39, 1, 0, 0.17%, 8, 0, 7, 117.43
1734948150, 25, 10, 39, 0, 0, 0.17%, 8, 0, 7, 137.06
1734948155, 25, 12, 39, 0, 0, 0.17%, 8, 0, 7, 132.91
1734948160, 25, 15, 39, 0, 0, 0.17%, 8, 0, 7, 145.79
1734948171, 25, 16, 39, 0, 0, 0.17%, 8, 0, 7, 138.51
1734948176, 25, 20, 39, 0, 0, 0.17%, 8, 0, 7, 134.97
1734948181, 25, 33, 39, 0, 0, 0.17%, 8, 0, 7, 155.05
1734948196, 26, 12, 39, 0, 0, 0.17%, 8, 0, 7, 142.83
1734948202, 26, 14, 39, 0, 0, 0.17%, 8, 0, 7, 143.87
1734948212, 26, 16, 39, 0, 0, 0.17%, 8, 0, 7, 124.97
1734948217, 26, 20, 39, 0, 0, 0.17%, 8, 0, 7, 133.87
1734948222, 26, 30, 39, 0, 0, 0.17%, 8, 0, 7, 133.92
1734948237, 27, 12, 39, 0, 0, 0.17%, 8, 0, 7, 142.08
1734948242, 27, 16, 39, 0, 0, 0.17%, 8, 0, 7, 140.45
1734948247, 27, 18, 39, 0, 0, 0.17%, 8, 0, 7, 144.83
1734948258, 27, 20, 39, 0, 0, 0.17%, 8, 0, 7, 134.61
1734948268, 28, 12, 39, 0, 0, 0.17%, 8, 0, 7, 130.22
1734948273, 28, 16, 39, 0, 0, 0.17%, 8, 0, 7, 130.55
1734948278, 28, 20, 39, 0, 0, 0.17%, 8, 0, 7, 132.19
1734948283, 29, 12, 39, 0, 0, 0.17%, 8, 0, 7, 128.37
1734948289, 29, 16, 39, 0, 0, 0.17%, 8, 0, 7, 128.26
1734948294, 29, 19, 39, 0, 0, 0.17%, 8, 0, 7, 143.81
1734948304, 29, 20, 39, 0, 0, 0.17%, 8, 0, 7, 143.93
1734948309, 29, 21, 39, 0, 0, 0.17%, 8, 0, 7, 153.98
1734948324, 29, 31, 39, 0, 0, 0.17%, 8, 0, 7, 149.05
1734948335, 29, 36, 39, 0, 0, 0.17%, 8, 0, 7, 162.31
1734948350, 30, 12, 39, 0, 0, 0.17%, 8, 0, 7, 134.40
1734948355, 30, 16, 39, 0, 0, 0.17%, 8, 0, 7, 140.61
1734948360, 30, 20, 39, 0, 0, 0.17%, 8, 0, 7, 135.10
1734948365, 30, 24, 39, 0, 0, 0.17%, 8, 0, 7, 137.85
1734948371, 31, 12, 39, 0, 0, 0.17%, 8, 0, 7, 133.45
1734948376, 31, 16, 39, 0, 0, 0.17%, 8, 0, 7, 130.64
1734948381, 31, 20, 39, 0, 0, 0.17%, 8, 0, 7, 135.08
1734948391, 32, 16, 39, 0, 0, 0.17%, 8, 0, 7, 141.62
1734948397, 32, 20, 39, 0, 0, 0.17%, 8, 0, 7, 142.61
1734948402, 32, 31, 39, 0, 0, 0.17%, 8, 0, 7, 149.71
1734948412, 33, 12, 39, 0, 0, 0.17%, 8, 0, 7, 138.05
1734948417, 33, 16, 39, 0, 0, 0.17%, 8, 0, 7, 144.51
1734948422, 33, 20, 39, 0, 0, 0.17%, 8, 0, 7, 146.77
1734948427, 33, 22, 39, 0, 0, 0.17%, 8, 0, 7, 152.60
1734948443, 33, 27, 39, 0, 0, 0.17%, 8, 0, 7, 140.34
1734948448, 33, 30, 39, 0, 0, 0.17%, 8, 0, 7, 149.88
1734948458, 33, 33, 39, 0, 0, 0.17%, 8, 0, 7, 165.42
1734948468, 34, 2, 39, 0, 0, 0.17%, 8, 0, 7, 129.99
1734948473, 34, 12, 39, 0, 0, 0.17%, 8, 0, 7, 135.82
1734948479, 34, 16, 39, 0, 0, 0.17%, 8, 0, 7, 133.51
1734948484, 34, 20, 39, 0, 0, 0.17%, 8, 0, 7, 139.60
1734948489, 34, 22, 39, 0, 0, 0.17%, 8, 0, 7, 166.61
1734948499, 34, 34, 39, 0, 0, 0.17%, 8, 0, 7, 156.32
1734948514, 35, 12, 39, 0, 0, 0.17%, 8, 0, 7, 143.24
1734948520, 35, 16, 39, 0, 0, 0.17%, 8, 0, 7, 134.99
1734948525, 35, 20, 39, 0, 0, 0.17%, 8, 0, 7, 138.84
1734948530, 35, 21, 39, 0, 0, 0.17%, 8, 0, 7, 141.67
1734948545, 36, 4, 39, 0, 0, 0.17%, 8, 0, 7, 140.53
1734948550, 36, 12, 39, 0, 0, 0.17%, 8, 0, 7, 139.49
1734948555, 36, 16, 39, 0, 0, 0.17%, 8, 0, 7, 142.34
1734948560, 36, 20, 39, 0, 0, 0.17%, 8, 0, 7, 135.17
1734948566, 37, 7, 39, 0, 0, 0.17%, 8, 0, 7, 139.47
1734948571, 37, 12, 39, 0, 0, 0.17%, 8, 0, 7, 137.33
1734948576, 37, 20, 39, 0, 0, 0.17%, 8, 0, 7, 144.63
1734948581, 38, 12, 39, 0, 0, 0.17%, 8, 0, 7, 143.51
1734948586, 38, 16, 39, 0, 0, 0.17%, 8, 0, 7, 142.40
1734948597, 38, 18, 39, 0, 0, 0.17%, 8, 0, 7, 142.36
1734948602, 38, 20, 39, 0, 0, 0.17%, 8, 0, 7, 142.35
1734948607, 38, 31, 39, 0, 0, 0.17%, 8, 0, 7, 146.11
1734948612, 39, 8, 39, 0, 0, 0.17%, 8, 0, 7, 143.38
1734948617, 39, 12, 39, 0, 0, 0.17%, 8, 0, 7, 135.11
1734948622, 39, 16, 39, 0, 0, 0.17%, 8, 0, 7, 137.00
1734948627, 39, 20, 39, 0, 0, 0.17%, 8, 0, 7, 137.41
1734948633, 39, 25, 39, 0, 0, 0.17%, 8, 0, 7, 153.91
1734948643, 39, 26, 39, 0, 0, 0.17%, 8, 0, 7, 157.59
1734948653, 40, 12, 39, 0, 0, 0.17%, 8, 0, 7, 148.86
1734948658, 40, 16, 39, 0, 0, 0.17%, 8, 0, 7, 133.80
1734948663, 40, 20, 39, 0, 0, 0.17%, 8, 0, 7, 142.63
1734948668, 40, 32, 39, 0, 0, 0.17%, 8, 0, 7, 149.33
1734948679, 41, 12, 39, 0, 0, 0.17%, 8, 0, 7, 134.85
1734948684, 41, 16, 39, 0, 0, 0.17%, 8, 0, 7, 134.97
1734948689, 41, 19, 39, 0, 0, 0.17%, 8, 0, 7, 135.20
1734948694, 41, 20, 39, 0, 0, 0.17%, 8, 0, 7, 140.97
1734948699, 42, 12, 39, 0, 0, 0.17%, 8, 0, 7, 136.16
1734948704, 42, 16, 39, 0, 0, 0.17%, 8, 0, 7, 133.72
1734948710, 42, 20, 39, 0, 0, 0.17%, 8, 0, 7, 135.21
1734948715, 43, 6, 39, 0, 0, 0.17%, 8, 0, 7, 137.79
1734948720, 43, 12, 39, 0, 0, 0.17%, 8, 0, 7, 137.32
1734948725, 43, 16, 39, 0, 0, 0.17%, 8, 0, 7, 136.88
1734948730, 43, 20, 39, 0, 0, 0.17%, 8, 0, 7, 136.01
1734948735, 44, 12, 39, 0, 0, 0.17%, 8, 0, 7, 150.58
1734948740, 44, 16, 39, 0, 0, 0.17%, 8, 0, 7, 136.55
1734948745, 44, 20, 39, 0, 0, 0.17%, 8, 0, 7, 137.26
1734948751, 45, 12, 39, 0, 0, 0.17%, 8, 0, 7, 137.47
1734948756, 45, 16, 39, 0, 0, 0.17%, 8, 0, 7, 148.82
1734948761, 45, 20, 39, 0, 0, 0.17%, 8, 0, 7, 142.44
1734948766, 46, 12, 39, 0, 0, 0.17%, 8, 0, 7, 140.54
1734948771, 46, 16, 39, 0, 0, 0.17%, 8, 0, 7, 136.39
1734948781, 46, 19, 39, 0, 0, 0.17%, 8, 0, 7, 134.20
1734948787, 46, 20, 39, 0, 0, 0.17%, 8, 0, 7, 138.16
1734948792, 47, 12, 39, 0, 0, 0.17%, 8, 0, 7, 135.49
1734948797, 47, 16, 39, 0, 0, 0.17%, 8, 0, 7, 129.03
1734948802, 47, 20, 39, 0, 0, 0.17%, 8, 0, 7, 124.98
1734948812, 47, 36, 39, 0, 0, 0.17%, 8, 0, 7, 147.19
1734948817, 48, 12, 39, 0, 0, 0.17%, 8, 0, 7, 146.52
1734948822, 48, 16, 39, 0, 0, 0.17%, 8, 0, 7, 144.32
1734948828, 48, 20, 39, 0, 0, 0.17%, 8, 0, 7, 138.23
1734948833, 49, 8, 39, 0, 0, 0.17%, 8, 0, 7, 145.43
1734948838, 49, 16, 39, 0, 0, 0.17%, 8, 0, 7, 146.16
1734948848, 49, 20, 39, 0, 0, 0.17%, 8, 0, 7, 133.91
1734948854, 49, 31, 39, 0, 0, 0.17%, 8, 0, 7, 130.04
1734948859, 49, 37, 39, 0, 0, 0.17%, 8, 0, 7, 171.24
1734948869, 50, 12, 39, 0, 0, 0.17%, 8, 0, 7, 137.72
1734948874, 50, 16, 39, 0, 0, 0.17%, 8, 0, 7, 132.45
1734948884, 50, 20, 39, 0, 0, 0.17%, 8, 0, 7, 131.11
1734948889, 51, 12, 39, 0, 0, 0.17%, 8, 0, 7, 143.70
1734948895, 51, 16, 39, 0, 0, 0.17%, 8, 0, 7, 138.83
1734948900, 51, 20, 39, 0, 0, 0.17%, 8, 0, 7, 147.87
1734948905, 51, 21, 39, 0, 0, 0.17%, 8, 0, 7, 141.04
1734948910, 52, 12, 39, 0, 0, 0.17%, 8, 0, 7, 136.99
1734948915, 52, 16, 39, 0, 0, 0.17%, 8, 0, 7, 137.28
1734948925, 52, 20, 39, 0, 0, 0.17%, 8, 0, 7, 148.56
1734948930, 53, 12, 39, 0, 0, 0.17%, 8, 0, 7, 136.05
1734948935, 53, 16, 39, 0, 0, 0.17%, 8, 0, 7, 128.33
1734948941, 53, 20, 39, 0, 0, 0.17%, 8, 0, 7, 141.60
1734948946, 53, 36, 39, 0, 0, 0.17%, 8, 0, 7, 155.64
1734948951, 54, 6, 39, 0, 0, 0.17%, 8, 0, 7, 145.91
1734948956, 54, 10, 39, 0, 0, 0.17%, 8, 0, 7, 129.93
1734948961, 54, 12, 39, 0, 0, 0.17%, 8, 0, 7, 131.50
1734948966, 54, 16, 39, 0, 0, 0.17%, 8, 0, 7, 147.07
1734948972, 54, 19, 39, 0, 0, 0.17%, 8, 0, 7, 136.92
1734948977, 54, 20, 39, 0, 0, 0.17%, 8, 0, 7, 135.34
1734948982, 55, 12, 39, 0, 0, 0.17%, 8, 0, 7, 133.66
1734948987, 55, 16, 39, 0, 0, 0.17%, 8, 0, 7, 134.70
1734948992, 55, 20, 39, 0, 0, 0.17%, 8, 0, 7, 134.93
1734948997, 55, 22, 39, 0, 0, 0.17%, 8, 0, 7, 144.06
1734949007, 56, 12, 39, 0, 0, 0.17%, 8, 0, 7, 131.31
1734949012, 56, 16, 39, 0, 0, 0.17%, 8, 0, 7, 132.28
1734949017, 56, 20, 39, 0, 0, 0.17%, 8, 0, 7, 135.32
1734949023, 57, 12, 39, 0, 0, 0.17%, 8, 0, 7, 131.78
1734949028, 57, 16, 39, 0, 0, 0.17%, 8, 0, 7, 131.04
1734949033, 57, 20, 39, 0, 0, 0.17%, 8, 0, 7, 139.73
1734949038, 57, 28, 39, 0, 0, 0.17%, 8, 0, 7, 137.55
1734949048, 57, 32, 39, 0, 0, 0.17%, 8, 0, 7, 136.96
1734949059, 58, 6, 39, 0, 0, 0.17%, 8, 0, 7, 143.78
1734949064, 58, 12, 39, 0, 0, 0.17%, 8, 0, 7, 132.11
1734949069, 58, 16, 39, 0, 0, 0.17%, 8, 0, 7, 140.78
1734949074, 58, 20, 39, 0, 0, 0.17%, 8, 0, 7, 134.35
1734949079, 59, 12, 39, 0, 0, 0.17%, 8, 0, 7, 130.62
1734949084, 59, 16, 39, 0, 0, 0.17%, 8, 0, 7, 129.09
1734949090, 59, 20, 39, 0, 0, 0.17%, 8, 0, 7, 130.34
1734949095, 59, 21, 39, 0, 0, 0.17%, 8, 0, 7, 136.54
1734949105, 59, 32, 39, 0, 0, 0.17%, 8, 0, 7, 143.03
1734949110, 60, 12, 39, 0, 0, 0.17%, 8, 0, 7, 129.29
1734949115, 60, 16, 39, 0, 0, 0.17%, 8, 0, 7, 131.93
1734949120, 60, 20, 39, 0, 0, 0.17%, 8, 0, 7, 135.53
1734949126, 60, 36, 39, 0, 0, 0.17%, 8, 0, 7, 149.41
1734949131, 61, 12, 39, 0, 0, 0.17%, 8, 0, 7, 135.14
1734949141, 61, 16, 39, 0, 0, 0.17%, 8, 0, 7, 135.97
1734949146, 61, 20, 39, 0, 0, 0.17%, 8, 0, 7, 140.83
1734949151, 61, 28, 39, 0, 0, 0.17%, 8, 0, 7, 138.56
1734949162, 62, 12, 39, 0, 0, 0.17%, 8, 0, 7, 128.76
1734949167, 62, 16, 39, 0, 0, 0.17%, 8, 0, 7, 130.99
1734949172, 62, 20, 39, 0, 0, 0.17%, 8, 0, 7, 134.47
1734949177, 62, 36, 39, 0, 0, 0.17%, 8, 0, 7, 159.17
1734949187, 63, 12, 39, 0, 0, 0.17%, 8, 0, 7, 136.38
1734949192, 63, 16, 39, 0, 0, 0.17%, 8, 0, 7, 131.86
1734949197, 63, 20, 39, 0, 0, 0.17%, 8, 0, 7, 135.24
1734949202, 63, 21, 39, 0, 0, 0.17%, 8, 0, 7, 139.60
1734949213, 64, 12, 39, 0, 0, 0.17%, 8, 0, 7, 131.43
1734949218, 64, 16, 39, 0, 0, 0.17%, 8, 0, 7, 132.83
1734949223, 64, 20, 39, 0, 0, 0.17%, 8, 0, 7, 138.84
1734949228, 64, 36, 39, 0, 0, 0.17%, 8, 0, 7, 156.90
1734949238, 65, 12, 39, 0, 0, 0.17%, 8, 0, 7, 132.17
1734949244, 65, 14, 39, 0, 0, 0.17%, 8, 0, 7, 136.25
1734949249, 65, 16, 39, 0, 0, 0.17%, 8, 0, 7, 133.52
1734949254, 65, 20, 39, 0, 0, 0.17%, 8, 0, 7, 145.58
1734949259, 65, 28, 39, 0, 0, 0.17%, 8, 0, 7, 144.17
1734949264, 65, 38, 39, 0, 0, 0.17%, 8, 0, 7, 158.59
1734949285, 66, 12, 39, 0, 0, 0.17%, 8, 0, 7, 132.08
1734949290, 66, 16, 39, 0, 0, 0.17%, 8, 0, 7, 130.70
1734949295, 66, 20, 39, 0, 0, 0.17%, 8, 0, 7, 134.35
1734949300, 66, 37, 39, 0, 0, 0.17%, 8, 0, 7, 180.02
1734949316, 67, 12, 39, 0, 0, 0.17%, 8, 0, 7, 127.57
1734949321, 67, 13, 39, 0, 0, 0.17%, 8, 0, 7, 141.97
1734949331, 67, 16, 39, 0, 0, 0.17%, 8, 0, 7, 139.45
1734949336, 67, 20, 39, 0, 0, 0.17%, 8, 0, 7, 135.04
1734949341, 68, 12, 39, 0, 0, 0.17%, 8, 0, 7, 127.13
1734949346, 68, 16, 39, 0, 0, 0.17%, 8, 0, 7, 133.39
1734949351, 68, 20, 39, 0, 0, 0.17%, 8, 0, 7, 135.47
1734949357, 68, 37, 39, 0, 0, 0.17%, 8, 0, 7, 176.42
1734949372, 69, 12, 39, 0, 0, 0.17%, 8, 0, 7, 136.33
1734949377, 69, 16, 39, 0, 0, 0.17%, 8, 0, 7, 133.80
1734949382, 69, 20, 39, 0, 0, 0.17%, 8, 0, 7, 134.32
1734949387, 69, 30, 39, 0, 0, 0.17%, 8, 0, 7, 148.99
1734949392, 70, 12, 39, 0, 0, 0.17%, 8, 0, 7, 154.62
1734949397, 70, 15, 39, 0, 0, 0.17%, 8, 0, 7, 149.07
1734949408, 70, 16, 39, 0, 0, 0.17%, 8, 0, 7, 141.58
1734949413, 70, 20, 39, 0, 0, 0.17%, 8, 0, 7, 141.59
1734949418, 71, 12, 39, 0, 0, 0.17%, 8, 0, 7, 145.77
1734949423, 71, 16, 39, 0, 0, 0.17%, 8, 0, 7, 138.12
1734949428, 71, 20, 39, 0, 0, 0.17%, 8, 0, 7, 142.05
1734949439, 71, 31, 39, 0, 0, 0.17%, 8, 0, 7, 135.21
1734949444, 72, 12, 39, 0, 0, 0.17%, 8, 0, 7, 130.74
1734949449, 72, 16, 39, 0, 0, 0.17%, 8, 0, 7, 128.80
1734949454, 72, 20, 39, 0, 0, 0.17%, 8, 0, 7, 135.33
1734949459, 73, 7, 39, 0, 0, 0.17%, 8, 0, 7, 136.24
1734949464, 73, 12, 39, 0, 0, 0.17%, 8, 0, 7, 138.29
1734949470, 73, 16, 39, 0, 0, 0.17%, 8, 0, 7, 135.95
1734949475, 73, 20, 39, 0, 0, 0.17%, 8, 0, 7, 138.13
1734949480, 74, 12, 39, 0, 0, 0.17%, 8, 0, 7, 129.54
1734949485, 74, 16, 39, 0, 0, 0.17%, 8, 0, 7, 130.54
1734949490, 74, 20, 39, 0, 0, 0.17%, 8, 0, 7, 137.15
1734949495, 75, 12, 39, 0, 0, 0.17%, 8, 0, 7, 137.25
1734949501, 75, 13, 39, 0, 0, 0.17%, 8, 0, 7, 133.75
1734949511, 75, 16, 39, 0, 0, 0.17%, 8, 0, 7, 143.00
1734949516, 75, 20, 39, 0, 0, 0.17%, 8, 0, 7, 138.05
1734949521, 76, 7, 39, 0, 0, 0.17%, 8, 0, 7, 132.99
1734949526, 76, 12, 39, 0, 0, 0.17%, 8, 0, 7, 141.54
1734949531, 76, 16, 39, 0, 0, 0.17%, 8, 0, 7, 131.91
1734949536, 76, 20, 39, 0, 0, 0.17%, 8, 0, 7, 132.74
1734949542, 76, 25, 39, 0, 0, 0.17%, 8, 0, 7, 151.52
1734949552, 77, 12, 39, 0, 0, 0.17%, 8, 0, 7, 137.87
1734949557, 77, 16, 39, 0, 0, 0.17%, 8, 0, 7, 136.95
1734949562, 77, 20, 39, 0, 0, 0.17%, 8, 0, 7, 145.13
1734949567, 77, 21, 39, 0, 0, 0.17%, 8, 0, 7, 148.40
1734949578, 78, 12, 39, 0, 0, 0.17%, 8, 0, 7, 140.23
1734949583, 78, 16, 39, 0, 0, 0.17%, 8, 0, 7, 135.40
1734949588, 78, 20, 39, 0, 0, 0.17%, 8, 0, 7, 133.50
1734949593, 78, 23, 39, 0, 0, 0.17%, 8, 0, 7, 142.46
1734949603, 78, 37, 39, 0, 0, 0.17%, 8, 0, 7, 158.97
1734949608, 79, 11, 39, 0, 0, 0.17%, 8, 0, 7, 130.32
1734949613, 79, 12, 39, 0, 0, 0.17%, 8, 0, 7, 134.09
1734949619, 79, 16, 39, 0, 0, 0.17%, 8, 0, 7, 136.44
1734949624, 79, 20, 39, 0, 0, 0.17%, 8, 0, 7, 135.91
1734949629, 79, 22, 39, 0, 0, 0.17%, 8, 0, 7, 158.32
1734949634, 79, 31, 39, 0, 0, 0.17%, 8, 0, 7, 142.74
1734949639, 79, 34, 39, 0, 0, 0.17%, 8, 0, 7, 140.17
1734949649, 80, 12, 39, 0, 0, 0.17%, 8, 0, 7, 139.94
1734949655, 80, 16, 39, 0, 0, 0.17%, 8, 0, 7, 132.85
1734949660, 80, 20, 39, 0, 0, 0.17%, 8, 0, 7, 145.14
1734949665, 81, 12, 39, 0, 0, 0.17%, 8, 0, 7, 136.13
1734949670, 81, 16, 39, 0, 0, 0.17%, 8, 0, 7, 125.22
1734949675, 81, 20, 39, 0, 0, 0.17%, 8, 0, 7, 149.73
1734949680, 82, 12, 39, 0, 0, 0.17%, 8, 0, 7, 149.28
1734949691, 82, 13, 39, 0, 0, 0.17%, 8, 0, 7, 140.76
1734949696, 82, 15, 39, 0, 0, 0.17%, 8, 0, 7, 145.19
1734949701, 82, 20, 39, 0, 0, 0.17%, 8, 0, 7, 140.24
1734949711, 83, 16, 39, 0, 0, 0.17%, 8, 0, 7, 140.68
1734949722, 83, 20, 39, 0, 0, 0.17%, 8, 0, 7, 141.48
1734949727, 84, 12, 39, 0, 0, 0.17%, 8, 0, 7, 137.06
1734949732, 84, 16, 39, 0, 0, 0.17%, 8, 0, 7, 133.36
1734949737, 84, 20, 39, 0, 0, 0.17%, 8, 0, 7, 133.26
1734949742, 85, 12, 39, 0, 0, 0.17%, 8, 0, 7, 139.68
1734949747, 85, 16, 39, 0, 0, 0.17%, 8, 0, 7, 140.57
1734949752, 85, 20, 39, 0, 0, 0.17%, 8, 0, 7, 131.20
1734949757, 85, 27, 39, 0, 0, 0.17%, 8, 0, 7, 145.54
1734949762, 85, 29, 39, 0, 0, 0.17%, 8, 0, 7, 156.21
1734949768, 86, 4, 39, 0, 0, 0.17%, 8, 0, 7, 152.75
1734949773, 86, 12, 39, 0, 0, 0.17%, 8, 0, 7, 131.96
1734949778, 86, 16, 39, 0, 0, 0.17%, 8, 0, 7, 137.85
1734949783, 86, 20, 39, 0, 0, 0.17%, 8, 0, 7, 136.17
1734949788, 86, 33, 39, 0, 0, 0.17%, 8, 0, 7, 150.82
1734949799, 87, 12, 39, 0, 0, 0.17%, 8, 0, 7, 138.91
1734949804, 87, 16, 39, 0, 0, 0.17%, 8, 0, 7, 137.60
1734949809, 87, 20, 39, 0, 0, 0.17%, 8, 0, 7, 134.88
1734949819, 88, 12, 39, 0, 0, 0.17%, 8, 0, 7, 137.09
1734949824, 88, 16, 39, 0, 0, 0.17%, 8, 0, 7, 129.18
1734949829, 88, 20, 39, 0, 0, 0.17%, 8, 0, 7, 130.80
1734949834, 89, 12, 39, 0, 0, 0.17%, 8, 0, 7, 135.58
1734949840, 89, 16, 39, 0, 0, 0.17%, 8, 0, 7, 130.72
1734949845, 89, 20, 39, 0, 0, 0.17%, 8, 0, 7, 136.87
1734949850, 90, 7, 39, 0, 0, 0.17%, 8, 0, 7, 135.21
1734949855, 90, 12, 39, 0, 0, 0.17%, 8, 0, 7, 133.97
1734949860, 90, 16, 39, 0, 0, 0.17%, 8, 0, 7, 142.29
1734949866, 90, 20, 39, 0, 0, 0.17%, 8, 0, 7, 135.39
1734949871, 90, 37, 39, 0, 0, 0.17%, 8, 0, 7, 145.89
1734949876, 91, 10, 39, 0, 0, 0.17%, 8, 0, 7, 134.28
1734949881, 91, 12, 39, 0, 0, 0.17%, 8, 0, 7, 137.01
1734949886, 91, 14, 39, 0, 0, 0.17%, 8, 0, 7, 131.56
1734949891, 91, 16, 39, 0, 0, 0.17%, 8, 0, 7, 132.10
1734949896, 91, 19, 39, 0, 0, 0.17%, 8, 0, 7, 130.14
1734949902, 91, 20, 39, 0, 0, 0.17%, 8, 0, 7, 131.80
1734949907, 91, 35, 39, 0, 0, 0.17%, 8, 0, 7, 145.20
1734949922, 92, 11, 39, 0, 0, 0.17%, 8, 0, 7, 144.97
1734949927, 92, 12, 39, 0, 0, 0.17%, 8, 0, 7, 130.03
1734949932, 92, 14, 39, 0, 0, 0.17%, 8, 0, 7, 139.23
1734949937, 92, 16, 39, 0, 0, 0.17%, 8, 0, 7, 137.20
1734949942, 92, 20, 39, 0, 0, 0.17%, 8, 0, 7, 137.02
1734949948, 93, 12, 39, 0, 0, 0.17%, 8, 0, 7, 123.03
1734949953, 93, 13, 39, 0, 0, 0.17%, 8, 0, 7, 126.53
1734949958, 93, 16, 39, 0, 0, 0.17%, 8, 0, 7, 125.92
1734949963, 93, 20, 39, 0, 0, 0.17%, 8, 0, 7, 138.96
1734949968, 93, 29, 39, 0, 0, 0.17%, 8, 0, 7, 143.25
1734949973, 94, 12, 39, 0, 0, 0.17%, 8, 0, 7, 137.17
1734949979, 94, 16, 39, 0, 0, 0.17%, 8, 0, 7, 136.15
1734949984, 94, 20, 39, 0, 0, 0.17%, 8, 0, 7, 138.31
1734949989, 95, 10, 39, 0, 0, 0.17%, 8, 0, 7, 135.91
1734949994, 95, 12, 39, 0, 0, 0.17%, 8, 0, 7, 136.44
1734949999, 95, 16, 39, 0, 0, 0.17%, 8, 0, 7, 134.34
1734950004, 95, 20, 39, 0, 0, 0.17%, 8, 0, 7, 142.50
1734950009, 96, 12, 39, 0, 0, 0.17%, 8, 0, 7, 135.42
1734950015, 96, 16, 39, 0, 0, 0.17%, 8, 0, 7, 138.77
1734950020, 96, 20, 39, 0, 0, 0.17%, 8, 0, 7, 139.37
1734950025, 96, 28, 39, 0, 0, 0.17%, 8, 0, 7, 135.79
1734950030, 96, 35, 39, 0, 0, 0.17%, 8, 0, 7, 143.69
1734950035, 97, 5, 39, 0, 0, 0.17%, 8, 0, 7, 139.45
1734950040, 97, 10, 39, 0, 0, 0.17%, 8, 0, 7, 134.92
1734950046, 97, 12, 39, 0, 0, 0.17%, 8, 0, 7, 133.26
1734950051, 97, 16, 39, 0, 0, 0.17%, 8, 0, 7, 142.02
1734950056, 97, 18, 39, 0, 0, 0.17%, 8, 0, 7, 148.80
1734950061, 97, 20, 39, 0, 0, 0.17%, 8, 0, 7, 143.45
1734950066, 97, 33, 39, 0, 0, 0.17%, 8, 0, 7, 157.43
1734950071, 98, 12, 39, 0, 0, 0.17%, 8, 0, 7, 139.50
1734950076, 98, 16, 39, 0, 0, 0.17%, 8, 0, 7, 140.14
1734950081, 98, 20, 39, 0, 0, 0.17%, 8, 0, 7, 137.85
1734950086, 98, 36, 39, 0, 0, 0.17%, 8, 0, 7, 153.19
1734950092, 99, 11, 39, 0, 0, 0.17%, 8, 0, 7, 146.00
1734950097, 99, 12, 39, 0, 0, 0.17%, 8, 0, 7, 129.93
1734950102, 99, 16, 39, 0, 0, 0.17%, 8, 0, 7, 132.82
1734950107, 99, 20, 39, 0, 0, 0.17%, 8, 0, 7, 139.67
1734950112, 100, 8, 39, 0, 0, 0.17%, 8, 0, 7, 135.04
1734950118, 100, 12, 39, 0, 0, 0.17%, 8, 0, 7, 136.37
1734950123, 100, 16, 39, 0, 0, 0.17%, 8, 0, 7, 131.25
1734950128, 100, 20, 39, 0, 0, 0.17%, 8, 0, 7, 131.91
1734950133, 100, 34, 39, 0, 0, 0.17%, 8, 0, 7, 153.53
1734950138, 101, 12, 39, 0, 0, 0.17%, 8, 0, 7, 133.88
1734950143, 101, 16, 39, 0, 0, 0.17%, 8, 0, 7, 132.51
1734950148, 101, 20, 39, 0, 0, 0.17%, 8, 0, 7, 134.97
1734950153, 101, 22, 39, 0, 0, 0.17%, 8, 0, 7, 155.79
1734950164, 101, 30, 39, 0, 0, 0.17%, 8, 0, 7, 151.09
1734950169, 102, 12, 39, 0, 0, 0.17%, 8, 0, 7, 136.15
1734950174, 102, 16, 39, 0, 0, 0.17%, 8, 0, 7, 134.22
1734950179, 102, 20, 39, 0, 0, 0.17%, 8, 0, 7, 141.93
1734950184, 102, 38, 39, 0, 0, 0.17%, 8, 0, 7, 162.35
1734950194, 103, 12, 39, 0, 0, 0.17%, 8, 0, 7, 136.97
1734950205, 103, 16, 39, 0, 0, 0.17%, 8, 0, 7, 134.08
1734950210, 103, 20, 39, 0, 0, 0.17%, 8, 0, 7, 136.83
1734950215, 103, 25, 39, 0, 0, 0.17%, 8, 0, 7, 137.29
1734950220, 104, 12, 39, 0, 0, 0.17%, 8, 0, 7, 132.67
1734950226, 104, 16, 39, 0, 0, 0.17%, 8, 0, 7, 135.27
1734950231, 104, 20, 39, 0, 0, 0.17%, 8, 0, 7, 133.63
1734950236, 104, 36, 39, 0, 0, 0.17%, 8, 0, 7, 152.62
1734950246, 105, 12, 39, 0, 0, 0.17%, 8, 0, 7, 138.56
1734950251, 105, 16, 39, 0, 0, 0.17%, 8, 0, 7, 131.57
1734950256, 105, 20, 39, 0, 0, 0.17%, 8, 0, 7, 132.39
1734950262, 105, 22, 39, 0, 0, 0.17%, 8, 0, 7, 151.27
1734950272, 105, 29, 39, 0, 0, 0.17%, 8, 0, 7, 144.36
1734950277, 106, 12, 39, 0, 0, 0.17%, 8, 0, 7, 140.11
1734950282, 106, 16, 39, 0, 0, 0.17%, 8, 0, 7, 134.89
1734950287, 106, 20, 39, 0, 0, 0.17%, 8, 0, 7, 130.66
1734950292, 106, 27, 39, 0, 0, 0.17%, 8, 0, 7, 145.83
1734950297, 107, 12, 39, 0, 0, 0.17%, 8, 0, 7, 141.42
1734950303, 107, 16, 39, 0, 0, 0.17%, 8, 0, 7, 136.37
1734950308, 107, 20, 39, 0, 0, 0.17%, 8, 0, 7, 143.98
1734950313, 107, 27, 39, 0, 0, 0.17%, 8, 0, 7, 145.17
1734950318, 108, 12, 39, 0, 0, 0.17%, 8, 0, 7, 136.33
1734950323, 108, 16, 39, 0, 0, 0.17%, 8, 0, 7, 134.36
1734950328, 108, 20, 39, 0, 0, 0.17%, 8, 0, 7, 138.02
1734950333, 109, 12, 39, 0, 0, 0.17%, 8, 0, 7, 135.51
1734950339, 109, 16, 39, 0, 0, 0.17%, 8, 0, 7, 128.35
1734950344, 109, 20, 39, 0, 0, 0.17%, 8, 0, 7, 138.10
1734950349, 109, 34, 39, 0, 0, 0.17%, 8, 0, 7, 142.23
1734950359, 110, 12, 39, 0, 0, 0.17%, 8, 0, 7, 127.69
1734950364, 110, 16, 39, 0, 0, 0.17%, 8, 0, 7, 129.99
1734950369, 110, 20, 39, 0, 0, 0.17%, 8, 0, 7, 133.60
1734950374, 110, 26, 39, 0, 0, 0.17%, 8, 0, 7, 144.75
1734950379, 110, 31, 39, 0, 0, 0.17%, 8, 0, 7, 140.25
1734950385, 111, 12, 39, 0, 0, 0.17%, 8, 0, 7, 138.23
1734950390, 111, 16, 39, 0, 0, 0.17%, 8, 0, 7, 130.99
1734950395, 111, 20, 39, 0, 0, 0.17%, 8, 0, 7, 132.07
1734950400, 111, 22, 39, 0, 0, 0.17%, 8, 0, 7, 154.99
1734950405, 111, 25, 39, 0, 0, 0.17%, 8, 0, 7, 140.65
1734950410, 112, 12, 39, 0, 0, 0.17%, 8, 0, 7, 136.71
1734950416, 112, 14, 39, 0, 0, 0.17%, 8, 0, 7, 135.05
1734950421, 112, 16, 39, 0, 0, 0.17%, 8, 0, 7, 132.35
1734950426, 112, 17, 39, 0, 0, 0.17%, 8, 0, 7, 137.25
1734950436, 112, 20, 39, 0, 0, 0.17%, 8, 0, 7, 137.17
1734950441, 112, 31, 39, 0, 0, 0.17%, 8, 0, 7, 139.36
1734950447, 113, 10, 39, 0, 0, 0.17%, 8, 0, 7, 139.99
1734950452, 113, 12, 39, 0, 0, 0.17%, 8, 0, 7, 132.75
1734950457, 113, 16, 39, 0, 0, 0.17%, 8, 0, 7, 134.14
1734950462, 113, 20, 39, 0, 0, 0.17%, 8, 0, 7, 133.36
1734950467, 113, 34, 39, 0, 0, 0.17%, 8, 0, 7, 144.97
1734950477, 114, 12, 39, 0, 0, 0.17%, 8, 0, 7, 137.39
1734950482, 114, 13, 39, 0, 0, 0.17%, 8, 0, 7, 142.02
1734950488, 114, 16, 39, 0, 0, 0.17%, 8, 0, 7, 142.77
1734950493, 114, 20, 39, 0, 0, 0.17%, 8, 0, 7, 140.29
1734950498, 114, 22, 39, 0, 0, 0.17%, 8, 0, 7, 150.14
1734950503, 114, 33, 39, 0, 0, 0.17%, 8, 0, 7, 158.63
1734950513, 115, 12, 39, 0, 0, 0.17%, 8, 0, 7, 131.77
1734950518, 115, 16, 39, 0, 0, 0.17%, 8, 0, 7, 128.16
1734950523, 115, 20, 39, 0, 0, 0.17%, 8, 0, 7, 142.23
1734950529, 116, 12, 39, 0, 0, 0.17%, 8, 0, 7, 144.60
1734950534, 116, 16, 39, 0, 0, 0.17%, 8, 0, 7, 140.55
1734950539, 116, 20, 39, 0, 0, 0.17%, 8, 0, 7, 137.38
1734950544, 116, 34, 39, 0, 0, 0.17%, 8, 0, 7, 150.47
1734950549, 117, 12, 39, 0, 0, 0.17%, 8, 0, 7, 142.30
1734950554, 117, 16, 39, 0, 0, 0.17%, 8, 0, 7, 128.91
1734950560, 117, 20, 39, 0, 0, 0.17%, 8, 0, 7, 131.62
1734950565, 118, 5, 39, 0, 0, 0.17%, 8, 0, 7, 140.02
1734950570, 118, 12, 39, 0, 0, 0.17%, 8, 0, 7, 134.67
1734950575, 118, 16, 39, 0, 0, 0.17%, 8, 0, 7, 135.19
1734950580, 118, 20, 39, 0, 0, 0.17%, 8, 0, 7, 133.55
1734950585, 118, 26, 39, 0, 0, 0.17%, 8, 0, 7, 144.11
1734950590, 119, 12, 39, 0, 0, 0.17%, 8, 0, 7, 135.63
1734950596, 119, 16, 39, 0, 0, 0.17%, 8, 0, 7, 134.06
1734950601, 119, 20, 39, 0, 0, 0.17%, 8, 0, 7, 134.25
1734950606, 119, 27, 39, 0, 0, 0.17%, 8, 0, 7, 140.82
1734950611, 119, 29, 39, 0, 0, 0.17%, 8, 0, 7, 150.32
1734950616, 119, 32, 39, 0, 0, 0.17%, 8, 0, 7, 151.42
1734950621, 120, 10, 39, 0, 0, 0.17%, 8, 0, 7, 137.65
1734950626, 120, 12, 39, 0, 0, 0.17%, 8, 0, 7, 141.68
1734950632, 120, 16, 39, 0, 0, 0.17%, 8, 0, 7, 132.94
1734950637, 120, 20, 39, 0, 0, 0.17%, 8, 0, 7, 138.34
1734950642, 121, 12, 39, 0, 0, 0.17%, 8, 0, 7, 134.73
1734950647, 121, 14, 39, 0, 0, 0.17%, 8, 0, 7, 134.21
1734950652, 121, 16, 39, 0, 0, 0.17%, 8, 0, 7, 139.94
1734950657, 121, 20, 39, 0, 0, 0.17%, 8, 0, 7, 138.84
1734950663, 122, 12, 39, 0, 0, 0.17%, 8, 0, 7, 142.26
1734950668, 122, 16, 39, 0, 0, 0.17%, 8, 0, 7, 133.44
1734950673, 122, 20, 39, 0, 0, 0.17%, 8, 0, 7, 134.52
1734950678, 123, 12, 39, 0, 0, 0.17%, 8, 0, 7, 134.44
1734950683, 123, 16, 39, 0, 0, 0.17%, 8, 0, 7, 140.69
1734950688, 123, 20, 39, 0, 0, 0.17%, 8, 0, 7, 139.14
1734950694, 123, 33, 39, 0, 0, 0.17%, 8, 0, 7, 161.81
1734950704, 124, 12, 39, 0, 0, 0.17%, 8, 0, 7, 130.90
1734950709, 124, 16, 39, 0, 0, 0.17%, 8, 0, 7, 131.59
1734950714, 124, 17, 39, 0, 0, 0.17%, 8, 0, 7, 140.90
1734950724, 124, 20, 39, 0, 0, 0.17%, 8, 0, 7, 135.94
1734950730, 124, 21, 39, 0, 0, 0.17%, 8, 0, 7, 141.62
1734950740, 125, 12, 39, 0, 0, 0.17%, 8, 0, 7, 130.40
1734950745, 125, 16, 39, 0, 0, 0.17%, 8, 0, 7, 137.28
1734950750, 125, 20, 39, 0, 0, 0.17%, 8, 0, 7, 127.23
1734950755, 126, 12, 39, 0, 0, 0.17%, 8, 0, 7, 131.02
1734950761, 126, 16, 39, 0, 0, 0.17%, 8, 0, 7, 135.08
1734950771, 126, 20, 39, 0, 0, 0.17%, 8, 0, 7, 141.24
1734950776, 127, 12, 39, 0, 0, 0.17%, 8, 0, 7, 142.35
1734950781, 127, 16, 39, 0, 0, 0.17%, 8, 0, 7, 135.27
1734950786, 127, 20, 39, 0, 0, 0.17%, 8, 0, 7, 141.57
1734950791, 128, 12, 39, 0, 0, 0.17%, 8, 0, 7, 138.92
1734950796, 128, 16, 39, 0, 0, 0.17%, 8, 0, 7, 130.06
1734950802, 128, 20, 39, 0, 0, 0.17%, 8, 0, 7, 137.79
1734950807, 128, 24, 39, 0, 0, 0.17%, 8, 0, 7, 141.36
1734950812, 128, 26, 39, 0, 0, 0.17%, 8, 0, 7, 143.20
1734950817, 128, 35, 39, 0, 0, 0.17%, 8, 0, 7, 141.91
1734950828, 128, 36, 39, 0, 0, 0.17%, 8, 0, 7, 149.92
1734950833, 129, 12, 39, 0, 0, 0.17%, 8, 0, 7, 135.38
1734950838, 129, 16, 39, 0, 0, 0.17%, 8, 0, 7, 133.19
1734950843, 129, 20, 39, 0, 0, 0.17%, 8, 0, 7, 133.28
1734950848, 129, 24, 39, 0, 0, 0.17%, 8, 0, 7, 138.66
1734950853, 130, 12, 39, 0, 0, 0.17%, 8, 0, 7, 136.58
1734950858, 130, 16, 39, 0, 0, 0.17%, 8, 0, 7, 131.27
1734950864, 130, 20, 39, 0, 0, 0.17%, 8, 0, 7, 131.42
1734950869, 131, 9, 39, 0, 0, 0.17%, 8, 0, 7, 140.75
1734950874, 131, 12, 39, 0, 0, 0.17%, 8, 0, 7, 134.42
1734950879, 131, 16, 39, 0, 0, 0.17%, 8, 0, 7, 140.93
1734950884, 131, 20, 39, 0, 0, 0.17%, 8, 0, 7, 138.04
1734950889, 132, 1, 39, 0, 0, 0.17%, 8, 0, 7, 135.83
1734950895, 132, 12, 39, 0, 0, 0.17%, 8, 0, 7, 136.70
1734950900, 132, 14, 39, 0, 0, 0.17%, 8, 0, 7, 140.33
1734950905, 132, 16, 39, 0, 0, 0.17%, 8, 0, 7, 136.26
1734950910, 132, 19, 39, 0, 0, 0.17%, 8, 0, 7, 148.05
1734950915, 132, 20, 39, 0, 0, 0.17%, 8, 0, 7, 142.50
1734950920, 132, 21, 39, 0, 0, 0.17%, 8, 0, 7, 147.09
1734950925, 133, 3, 39, 0, 0, 0.17%, 8, 0, 7, 143.27
1734950931, 133, 12, 39, 0, 0, 0.17%, 8, 0, 7, 138.33
1734950936, 133, 19, 39, 0, 0, 0.17%, 8, 0, 7, 145.77
1734950946, 133, 20, 39, 0, 0, 0.17%, 8, 0, 7, 140.47
1734950951, 133, 28, 39, 0, 0, 0.17%, 8, 0, 7, 137.59
1734950956, 134, 12, 39, 0, 0, 0.17%, 8, 0, 7, 136.77
1734950961, 134, 16, 39, 0, 0, 0.17%, 8, 0, 7, 129.84
1734950966, 134, 20, 39, 0, 0, 0.17%, 8, 0, 7, 141.48
1734950972, 135, 12, 39, 0, 0, 0.17%, 8, 0, 7, 139.10
1734950977, 135, 16, 39, 0, 0, 0.17%, 8, 0, 7, 134.05
1734950982, 135, 20, 39, 0, 0, 0.17%, 8, 0, 7, 136.79
1734950987, 135, 25, 39, 0, 0, 0.17%, 8, 0, 7, 143.00
1734950992, 135, 33, 39, 0, 0, 0.17%, 8, 0, 7, 155.16
1734951002, 136, 16, 39, 0, 0, 0.17%, 8, 0, 7, 136.36
1734951008, 136, 20, 39, 0, 0, 0.17%, 8, 0, 7, 140.60
1734951013, 136, 29, 39, 0, 0, 0.17%, 8, 0, 7, 150.90
1734951018, 137, 12, 39, 0, 0, 0.17%, 8, 0, 7, 145.88
1734951023, 137, 16, 39, 0, 0, 0.17%, 8, 0, 7, 135.61
1734951028, 137, 20, 39, 0, 0, 0.17%, 8, 0, 7, 143.59
1734951033, 137, 24, 39, 0, 0, 0.17%, 8, 0, 7, 135.46
1734951043, 137, 37, 39, 0, 0, 0.17%, 8, 0, 7, 160.07
1734951048, 138, 12, 39, 0, 0, 0.17%, 8, 0, 7, 144.69
1734951053, 138, 16, 39, 0, 0, 0.17%, 8, 0, 7, 140.79
1734951059, 138, 20, 39, 0, 0, 0.17%, 8, 0, 7, 151.90
1734951064, 138, 21, 39, 0, 0, 0.17%, 8, 0, 7, 149.34
1734951069, 139, 0, 39, 0, 0, 0.17%, 8, 0, 7, 144.45
1734951074, 139, 12, 39, 0, 0, 0.17%, 8, 0, 7, 135.31
1734951079, 139, 16, 39, 0, 0, 0.17%, 8, 0, 7, 135.87
1734951084, 139, 20, 39, 0, 0, 0.17%, 8, 0, 7, 137.23
1734951089, 139, 34, 39, 0, 0, 0.17%, 8, 0, 7, 146.66
1734951095, 140, 12, 39, 0, 0, 0.17%, 8, 0, 7, 137.57
1734951100, 140, 16, 39, 0, 0, 0.17%, 8, 0, 7, 129.88
1734951105, 140, 20, 39, 0, 0, 0.17%, 8, 0, 7, 140.34
1734951110, 140, 21, 39, 0, 0, 0.17%, 8, 0, 7, 146.33
1734951120, 140, 22, 39, 0, 0, 0.17%, 8, 0, 7, 157.13
1734951125, 140, 36, 39, 0, 0, 0.17%, 8, 0, 7, 139.63
1734951136, 141, 12, 39, 0, 0, 0.17%, 8, 0, 7, 144.67
1734951141, 141, 16, 39, 0, 0, 0.17%, 8, 0, 7, 134.29
1734951146, 141, 20, 39, 0, 0, 0.17%, 8, 0, 7, 141.32
1734951151, 141, 31, 39, 0, 0, 0.17%, 8, 0, 7, 146.79
1734951156, 142, 12, 39, 0, 0, 0.17%, 8, 0, 7, 140.88
1734951161, 142, 16, 39, 0, 0, 0.17%, 8, 0, 7, 133.91
1734951166, 142, 20, 39, 0, 0, 0.17%, 8, 0, 7, 138.78
1734951171, 142, 36, 39, 0, 0, 0.17%, 8, 0, 7, 155.33
1734951182, 143, 12, 39, 0, 0, 0.17%, 8, 0, 7, 131.71
1734951187, 143, 20, 39, 0, 0, 0.17%, 8, 0, 7, 140.46
1734951197, 144, 12, 39, 0, 0, 0.17%, 8, 0, 7, 145.22
1734951202, 144, 16, 39, 0, 0, 0.17%, 8, 0, 7, 136.97
1734951208, 144, 20, 39, 0, 0, 0.17%, 8, 0, 7, 137.78
1734951213, 145, 12, 39, 0, 0, 0.17%, 8, 0, 7, 133.18
1734951223, 145, 16, 39, 0, 0, 0.17%, 8, 0, 7, 134.44
1734951228, 145, 20, 39, 0, 0, 0.17%, 8, 0, 7, 134.28
1734951233, 145, 29, 39, 0, 0, 0.17%, 8, 0, 7, 137.67
1734951238, 145, 31, 39, 0, 0, 0.17%, 8, 0, 7, 143.24
1734951243, 145, 36, 39, 0, 0, 0.17%, 8, 0, 7, 149.45
1734951249, 146, 12, 39, 0, 0, 0.17%, 8, 0, 7, 139.73
1734951254, 146, 16, 39, 0, 0, 0.17%, 8, 0, 7, 128.71
1734951259, 146, 20, 39, 0, 0, 0.17%, 8, 0, 7, 141.68
1734951264, 146, 26, 39, 0, 0, 0.17%, 8, 0, 7, 149.28
1734951269, 146, 38, 39, 0, 0, 0.17%, 8, 0, 7, 155.13
1734951274, 147, 12, 39, 0, 0, 0.17%, 8, 0, 7, 141.03
1734951279, 147, 16, 39, 0, 0, 0.17%, 8, 0, 7, 134.19
1734951284, 147, 20, 39, 0, 0, 0.17%, 8, 0, 7, 140.24
1734951290, 147, 22, 39, 0, 0, 0.17%, 8, 0, 7, 158.73
1734951300, 147, 30, 39, 0, 0, 0.17%, 8, 0, 7, 153.51
1734951305, 148, 12, 39, 0, 0, 0.17%, 8, 0, 7, 139.00
1734951315, 148, 16, 39, 0, 0, 0.17%, 8, 0, 7, 131.97
1734951320, 148, 20, 39, 0, 0, 0.17%, 8, 0, 7, 143.78
1734951326, 149, 12, 39, 0, 0, 0.17%, 8, 0, 7, 137.19
1734951331, 149, 16, 39, 0, 0, 0.17%, 8, 0, 7, 139.91
1734951336, 149, 20, 39, 0, 0, 0.17%, 8, 0, 7, 138.81
1734951341, 150, 12, 39, 0, 0, 0.17%, 8, 0, 7, 122.98
1734951346, 150, 13, 39, 0, 0, 0.17%, 8, 0, 7, 144.67
1734951351, 150, 16, 39, 0, 0, 0.17%, 8, 0, 7, 143.91
1734951356, 150, 20, 39, 0, 0, 0.17%, 8, 0, 7, 138.84
1734951361, 150, 37, 39, 0, 0, 0.17%, 8, 0, 7, 151.51
1734951367, 151, 2, 39, 0, 0, 0.17%, 8, 0, 7, 142.15
1734951372, 151, 12, 39, 0, 0, 0.17%, 8, 0, 7, 135.53
1734951377, 151, 16, 39, 0, 0, 0.17%, 8, 0, 7, 129.41
1734951382, 151, 17, 39, 0, 0, 0.17%, 8, 0, 7, 138.10
1734951387, 151, 20, 39, 0, 0, 0.17%, 8, 0, 7, 136.27
1734951393, 152, 12, 39, 0, 0, 0.17%, 8, 0, 7, 144.67
1734951398, 152, 20, 39, 0, 0, 0.17%, 8, 0, 7, 138.88
1734951408, 152, 24, 39, 0, 0, 0.17%, 8, 0, 7, 125.92
1734951413, 152, 27, 39, 0, 0, 0.17%, 8, 0, 7, 131.13
1734951418, 152, 38, 39, 0, 0, 0.17%, 8, 0, 7, 133.89
1734951423, 153, 12, 39, 0, 0, 0.17%, 8, 0, 7, 134.23
1734951429, 153, 16, 39, 0, 0, 0.17%, 8, 0, 7, 134.78
1734951434, 153, 17, 39, 0, 0, 0.17%, 8, 0, 7, 143.64
1734951439, 153, 20, 39, 0, 0, 0.17%, 8, 0, 7, 138.60
1734951444, 154, 12, 39, 0, 0, 0.17%, 8, 0, 7, 138.29
1734951449, 154, 16, 39, 0, 0, 0.17%, 8, 0, 7, 126.77
1734951454, 154, 20, 39, 0, 0, 0.17%, 8, 0, 7, 137.91
1734951459, 155, 11, 39, 0, 0, 0.17%, 8, 0, 7, 139.93
1734951465, 155, 12, 39, 0, 0, 0.17%, 8, 0, 7, 132.53
1734951470, 155, 16, 39, 0, 0, 0.17%, 8, 0, 7, 124.90
1734951475, 155, 20, 39, 0, 0, 0.17%, 8, 0, 7, 136.47
1734951480, 155, 33, 39, 0, 0, 0.17%, 8, 0, 7, 152.80
1734951485, 156, 3, 39, 0, 0, 0.17%, 8, 0, 7, 147.02
1734951490, 156, 12, 39, 0, 0, 0.17%, 8, 0, 7, 137.03
1734951495, 156, 16, 39, 0, 0, 0.17%, 8, 0, 7, 137.03
1734951500, 156, 20, 39, 0, 0, 0.17%, 8, 0, 7, 142.30
1734951505, 157, 12, 39, 0, 0, 0.17%, 8, 0, 7, 136.01
1734951510, 157, 16, 39, 0, 0, 0.17%, 8, 0, 7, 137.91
1734951516, 157, 20, 39, 0, 0, 0.17%, 8, 0, 7, 131.81
1734951521, 157, 27, 39, 0, 0, 0.17%, 8, 0, 7, 143.13
1734951526, 157, 32, 39, 0, 0, 0.17%, 8, 0, 7, 148.97
1734951531, 158, 12, 39, 0, 0, 0.17%, 8, 0, 7, 138.29
1734951536, 158, 16, 39, 0, 0, 0.17%, 8, 0, 7, 136.54
1734951541, 158, 20, 39, 0, 0, 0.17%, 8, 0, 7, 140.02
1734951546, 159, 12, 39, 0, 0, 0.17%, 8, 0, 7, 132.01
1734951551, 159, 14, 39, 0, 0, 0.17%, 8, 0, 7, 141.87
1734951557, 159, 16, 39, 0, 0, 0.17%, 8, 0, 7, 137.59
1734951562, 159, 20, 39, 0, 0, 0.17%, 8, 0, 7, 133.45
1734951567, 160, 12, 39, 0, 0, 0.17%, 8, 0, 7, 136.97
1734951572, 160, 16, 39, 0, 0, 0.17%, 8, 0, 7, 136.26
1734951577, 160, 20, 39, 0, 0, 0.17%, 8, 0, 7, 141.47
1734951582, 160, 23, 39, 0, 0, 0.17%, 8, 0, 7, 141.14
1734951593, 161, 4, 39, 0, 0, 0.17%, 8, 0, 7, 147.12
1734951598, 161, 12, 39, 0, 0, 0.17%, 8, 0, 7, 139.17
1734951603, 161, 16, 39, 0, 0, 0.17%, 8, 0, 7, 135.31
1734951608, 161, 20, 39, 0, 0, 0.17%, 8, 0, 7, 134.99
1734951613, 161, 37, 39, 0, 0, 0.17%, 8, 0, 7, 157.70
1734951624, 162, 12, 39, 0, 0, 0.17%, 8, 0, 7, 129.98
1734951629, 162, 16, 39, 0, 0, 0.17%, 8, 0, 7, 134.74
1734951634, 162, 20, 39, 0, 0, 0.17%, 8, 0, 7, 135.76
1734951639, 163, 12, 39, 0, 0, 0.17%, 8, 0, 7, 131.55
1734951645, 163, 14, 39, 0, 0, 0.17%, 8, 0, 7, 136.83
1734951650, 163, 16, 39, 0, 0, 0.17%, 8, 0, 7, 130.83
1734951655, 163, 20, 39, 0, 0, 0.17%, 8, 0, 7, 134.29
1734951660, 164, 12, 39, 0, 0, 0.17%, 8, 0, 7, 129.24
1734951665, 164, 16, 39, 0, 0, 0.17%, 8, 0, 7, 135.22
1734951670, 164, 20, 39, 0, 0, 0.17%, 8, 0, 7, 134.93
1734951675, 164, 32, 39, 0, 0, 0.17%, 8, 0, 7, 150.26
1734951681, 165, 12, 39, 0, 0, 0.17%, 8, 0, 7, 137.38
1734951686, 165, 16, 39, 0, 0, 0.17%, 8, 0, 7, 140.67
1734951691, 165, 20, 39, 0, 0, 0.17%, 8, 0, 7, 137.32
1734951696, 165, 35, 39, 0, 0, 0.17%, 8, 0, 7, 140.35
1734951701, 166, 12, 39, 0, 0, 0.17%, 8, 0, 7, 144.24
1734951711, 166, 16, 39, 0, 0, 0.17%, 8, 0, 7, 135.92
1734951717, 166, 20, 39, 0, 0, 0.17%, 8, 0, 7, 142.21
1734951722, 167, 12, 39, 0, 0, 0.17%, 8, 0, 7, 129.00
1734951727, 167, 16, 39, 0, 0, 0.17%, 8, 0, 7, 135.71
1734951732, 167, 20, 39, 0, 0, 0.17%, 8, 0, 7, 133.55
1734951737, 167, 21, 39, 0, 0, 0.17%, 8, 0, 7, 156.18
1734951747, 167, 38, 39, 0, 0, 0.17%, 8, 0, 7, 140.04
1734951752, 168, 12, 39, 0, 0, 0.17%, 8, 0, 7, 131.88
1734951758, 168, 16, 39, 0, 0, 0.17%, 8, 0, 7, 141.37
1734951763, 168, 20, 39, 0, 0, 0.17%, 8, 0, 7, 144.97
1734951768, 168, 34, 39, 0, 0, 0.17%, 8, 0, 7, 149.69
1734951773, 169, 12, 39, 0, 0, 0.17%, 8, 0, 7, 132.48
1734951778, 169, 16, 39, 0, 0, 0.17%, 8, 0, 7, 130.57
1734951783, 169, 20, 39, 0, 0, 0.17%, 8, 0, 7, 141.06
1734951788, 169, 27, 39, 0, 0, 0.17%, 8, 0, 7, 136.52
1734951793, 169, 29, 39, 0, 0, 0.17%, 8, 0, 7, 154.80
1734951799, 170, 12, 39, 0, 0, 0.17%, 8, 0, 7, 136.65
1734951804, 170, 16, 39, 0, 0, 0.17%, 8, 0, 7, 132.64
1734951809, 170, 20, 39, 0, 0, 0.17%, 8, 0, 7, 134.43
1734951814, 171, 12, 39, 0, 0, 0.17%, 8, 0, 7, 139.53
1734951819, 171, 16, 39, 0, 0, 0.17%, 8, 0, 7, 131.90
1734951824, 171, 20, 39, 0, 0, 0.17%, 8, 0, 7, 140.77
1734951830, 171, 36, 39, 0, 0, 0.17%, 8, 0, 7, 143.81
1734951840, 172, 12, 39, 0, 0, 0.17%, 8, 0, 7, 137.54
1734951845, 172, 16, 39, 0, 0, 0.17%, 8, 0, 7, 134.67
1734951850, 172, 20, 39, 0, 0, 0.17%, 8, 0, 7, 136.39
1734951855, 173, 4, 39, 0, 0, 0.17%, 8, 0, 7, 139.28
1734951860, 173, 12, 39, 0, 0, 0.17%, 8, 0, 7, 141.69
1734951866, 173, 16, 39, 0, 0, 0.17%, 8, 0, 7, 146.29
1734951871, 173, 20, 39, 0, 0, 0.17%, 8, 0, 7, 143.49
1734951876, 174, 12, 39, 0, 0, 0.17%, 8, 0, 7, 136.42
1734951881, 174, 14, 39, 0, 0, 0.17%, 8, 0, 7, 145.05
1734951886, 174, 16, 39, 0, 0, 0.17%, 8, 0, 7, 140.66
1734951891, 174, 17, 39, 0, 0, 0.17%, 8, 0, 7, 136.74
1734951897, 174, 20, 39, 0, 0, 0.17%, 8, 0, 7, 138.50
1734951902, 175, 12, 39, 0, 0, 0.17%, 8, 0, 7, 132.64
1734951907, 175, 16, 39, 0, 0, 0.17%, 8, 0, 7, 134.15
1734951912, 175, 20, 39, 0, 0, 0.17%, 8, 0, 7, 140.28
1734951917, 176, 12, 39, 0, 0, 0.17%, 8, 0, 7, 139.49
1734951922, 176, 16, 39, 0, 0, 0.17%, 8, 0, 7, 131.50
1734951928, 176, 20, 39, 0, 0, 0.17%, 8, 0, 7, 140.86
1734951933, 176, 24, 39, 0, 0, 0.17%, 8, 0, 7, 138.96
1734951938, 176, 29, 39, 0, 0, 0.17%, 8, 0, 7, 144.04
1734951943, 176, 30, 39, 0, 0, 0.17%, 8, 0, 7, 153.25
1734951948, 177, 8, 39, 0, 0, 0.17%, 8, 0, 7, 146.43
1734951953, 177, 12, 39, 0, 0, 0.17%, 8, 0, 7, 127.69
1734951958, 177, 15, 39, 0, 0, 0.17%, 8, 0, 7, 141.58
1734951964, 177, 16, 39, 0, 0, 0.17%, 8, 0, 7, 135.57
1734951969, 177, 20, 39, 0, 0, 0.17%, 8, 0, 7, 137.65
1734951974, 177, 23, 39, 0, 0, 0.17%, 8, 0, 7, 144.38
1734951979, 178, 12, 39, 0, 0, 0.17%, 8, 0, 7, 133.75
1734951984, 178, 16, 39, 0, 0, 0.17%, 8, 0, 7, 135.33
1734951990, 178, 20, 39, 0, 0, 0.17%, 8, 0, 7, 140.12
1734951995, 178, 32, 39, 0, 0, 0.17%, 8, 0, 7, 146.52
1734952000, 179, 12, 39, 0, 0, 0.17%, 8, 0, 7, 138.67
1734952005, 179, 16, 39, 0, 0, 0.17%, 8, 0, 7, 139.42
1734952010, 179, 20, 39, 0, 0, 0.17%, 8, 0, 7, 142.36
1734952015, 179, 34, 39, 0, 0, 0.17%, 8, 0, 7, 145.96
1734952020, 180, 2, 39, 0, 0, 0.17%, 8, 0, 7, 151.87
1734952025, 180, 12, 39, 0, 0, 0.17%, 8, 0, 7, 139.00
1734952031, 180, 16, 39, 0, 0, 0.17%, 8, 0, 7, 143.99
1734952036, 180, 18, 39, 0, 0, 0.17%, 8, 0, 7, 140.76
1734952041, 180, 20, 39, 0, 0, 0.17%, 8, 0, 7, 137.81
1734952046, 180, 36, 39, 0, 0, 0.17%, 8, 0, 7, 146.05
1734952051, 181, 12, 39, 0, 0, 0.17%, 8, 0, 7, 139.95
1734952056, 181, 16, 39, 0, 0, 0.17%, 8, 0, 7, 137.67
1734952062, 181, 20, 39, 0, 0, 0.17%, 8, 0, 7, 140.05
1734952067, 181, 33, 39, 0, 0, 0.17%, 8, 0, 7, 144.83
1734952077, 182, 12, 39, 0, 0, 0.17%, 8, 0, 7, 133.89
1734952082, 182, 16, 39, 0, 0, 0.17%, 8, 0, 7, 133.90
1734952087, 182, 20, 39, 0, 0, 0.17%, 8, 0, 7, 135.50
1734952092, 183, 12, 39, 0, 0, 0.17%, 8, 0, 7, 131.00
1734952097, 183, 16, 39, 0, 0, 0.17%, 8, 0, 7, 129.92
1734952103, 183, 19, 39, 0, 0, 0.17%, 8, 0, 7, 147.45
1734952108, 183, 20, 39, 0, 0, 0.17%, 8, 0, 7, 138.79
1734952113, 183, 23, 39, 0, 0, 0.17%, 8, 0, 7, 138.56
1734952118, 184, 12, 39, 0, 0, 0.17%, 8, 0, 7, 130.15
1734952123, 184, 14, 39, 0, 0, 0.17%, 8, 0, 7, 139.12
1734952128, 184, 16, 39, 0, 0, 0.17%, 8, 0, 7, 143.34
1734952133, 184, 20, 39, 0, 0, 0.17%, 8, 0, 7, 145.00
1734952139, 184, 34, 39, 0, 0, 0.17%, 8, 0, 7, 143.70
1734952149, 184, 38, 39, 0, 0, 0.17%, 8, 0, 7, 153.26
1734952154, 185, 12, 39, 0, 0, 0.17%, 8, 0, 7, 140.21
1734952159, 185, 16, 39, 0, 0, 0.17%, 8, 0, 7, 139.52
1734952164, 185, 18, 39, 0, 0, 0.17%, 8, 0, 7, 131.68
1734952170, 185, 20, 39, 0, 0, 0.17%, 8, 0, 7, 134.87
1734952175, 185, 23, 39, 0, 0, 0.17%, 8, 0, 7, 148.80
1734952180, 185, 36, 39, 0, 0, 0.17%, 8, 0, 7, 166.09
1734952185, 186, 12, 39, 0, 0, 0.17%, 8, 0, 7, 146.07
1734952190, 186, 15, 39, 0, 0, 0.17%, 8, 0, 7, 140.22
1734952195, 186, 16, 39, 0, 0, 0.17%, 8, 0, 7, 134.03
1734952200, 186, 20, 39, 0, 0, 0.17%, 8, 0, 7, 140.22
1734952205, 186, 30, 39, 0, 0, 0.17%, 8, 0, 7, 142.90
1734952216, 187, 12, 39, 0, 0, 0.17%, 8, 0, 7, 137.06
1734952221, 187, 16, 39, 0, 0, 0.17%, 8, 0, 7, 138.77
1734952226, 187, 20, 39, 0, 0, 0.17%, 8, 0, 7, 137.70
1734952231, 188, 12, 39, 0, 0, 0.17%, 8, 0, 7, 135.84
1734952236, 188, 16, 39, 0, 0, 0.17%, 8, 0, 7, 138.96
1734952241, 188, 20, 39, 0, 0, 0.17%, 8, 0, 7, 135.23
1734952246, 188, 25, 39, 0, 0, 0.17%, 8, 0, 7, 140.19
1734952252, 189, 12, 39, 0, 0, 0.17%, 8, 0, 7, 139.47
1734952257, 189, 14, 39, 0, 0, 0.17%, 8, 0, 7, 137.20
1734952262, 189, 16, 39, 0, 0, 0.17%, 8, 0, 7, 138.33
1734952267, 189, 20, 39, 0, 0, 0.17%, 8, 0, 7, 138.46
1734952272, 189, 33, 39, 0, 0, 0.17%, 8, 0, 7, 152.10
1734952277, 189, 36, 39, 0, 0, 0.17%, 8, 0, 7, 155.85
1734952288, 190, 12, 39, 0, 0, 0.17%, 8, 0, 7, 135.97
1734952293, 190, 16, 39, 0, 0, 0.17%, 8, 0, 7, 131.22
1734952298, 190, 20, 39, 0, 0, 0.17%, 8, 0, 7, 134.62
1734952303, 190, 33, 39, 0, 0, 0.17%, 8, 0, 7, 149.87
1734952313, 190, 34, 39, 0, 0, 0.17%, 8, 0, 7, 148.62
1734952318, 191, 4, 39, 0, 0, 0.17%, 8, 0, 7, 141.89
1734952324, 191, 12, 39, 0, 0, 0.17%, 8, 0, 7, 141.89
1734952329, 191, 16, 39, 0, 0, 0.17%, 8, 0, 7, 129.89
1734952334, 191, 20, 39, 0, 0, 0.17%, 8, 0, 7, 134.17
1734952339, 192, 12, 39, 0, 0, 0.17%, 8, 0, 7, 136.00
1734952344, 192, 16, 39, 0, 0, 0.17%, 8, 0, 7, 132.83
1734952349, 192, 20, 39, 0, 0, 0.17%, 8, 0, 7, 133.48
1734952354, 192, 35, 39, 0, 0, 0.17%, 8, 0, 7, 138.59
1734952360, 192, 37, 39, 0, 0, 0.17%, 8, 0, 7, 162.56
1734952370, 193, 12, 39, 0, 0, 0.17%, 8, 0, 7, 135.94
1734952375, 193, 16, 39, 0, 0, 0.17%, 8, 0, 7, 138.94
1734952380, 193, 20, 39, 0, 0, 0.17%, 8, 0, 7, 136.01
1734952385, 193, 30, 39, 0, 0, 0.17%, 8, 0, 7, 139.83
1734952391, 194, 12, 39, 0, 0, 0.17%, 8, 0, 7, 132.73
1734952396, 194, 16, 39, 0, 0, 0.17%, 8, 0, 7, 128.30
1734952401, 194, 20, 39, 0, 0, 0.17%, 8, 0, 7, 134.92
1734952406, 194, 33, 39, 0, 0, 0.17%, 8, 0, 7, 146.08
1734952416, 195, 12, 39, 0, 0, 0.17%, 8, 0, 7, 137.78
1734952421, 195, 16, 39, 0, 0, 0.17%, 8, 0, 7, 139.24
1734952426, 195, 20, 39, 0, 0, 0.17%, 8, 0, 7, 144.36
1734952431, 195, 26, 39, 0, 0, 0.17%, 8, 0, 7, 149.23
1734952437, 196, 12, 39, 0, 0, 0.17%, 8, 0, 7, 137.47
1734952442, 196, 16, 39, 0, 0, 0.17%, 8, 0, 7, 128.55
1734952447, 196, 20, 39, 0, 0, 0.17%, 8, 0, 7, 144.11
1734952452, 197, 12, 39, 0, 0, 0.17%, 8, 0, 7, 135.69
1734952457, 197, 16, 39, 0, 0, 0.17%, 8, 0, 7, 138.07
1734952462, 197, 20, 39, 0, 0, 0.17%, 8, 0, 7, 142.05
1734952468, 198, 12, 39, 0, 0, 0.17%, 8, 0, 7, 133.82
1734952473, 198, 16, 39, 0, 0, 0.17%, 8, 0, 7, 132.18
1734952478, 198, 20, 39, 0, 0, 0.17%, 8, 0, 7, 137.72
1734952483, 198, 21, 39, 0, 0, 0.17%, 8, 0, 7, 141.46
1734952493, 198, 35, 39, 0, 0, 0.17%, 8, 0, 7, 147.15
1734952503, 199, 12, 39, 0, 0, 0.17%, 8, 0, 7, 134.88
1734952509, 199, 16, 39, 0, 0, 0.17%, 8, 0, 7, 138.84
1734952514, 199, 20, 39, 0, 0, 0.17%, 8, 0, 7, 137.37
1734952519, 200, 5, 39, 0, 0, 0.17%, 8, 0, 7, 133.23
1734952524, 200, 12, 39, 0, 0, 0.17%, 8, 0, 7, 129.23
1734952529, 200, 16, 39, 0, 0, 0.17%, 8, 0, 7, 133.29
1734952534, 200, 20, 39, 0, 0, 0.17%, 8, 0, 7, 127.65
1734952539, 200, 32, 39, 0, 0, 0.17%, 8, 0, 7, 148.52
1734952545, 201, 12, 39, 0, 0, 0.17%, 8, 0, 7, 146.78
1734952550, 201, 16, 39, 0, 0, 0.17%, 8, 0, 7, 137.96
1734952555, 201, 20, 39, 0, 0, 0.17%, 8, 0, 7, 139.91
1734952560, 202, 12, 39, 0, 0, 0.17%, 8, 0, 7, 132.86
1734952565, 202, 16, 39, 0, 0, 0.17%, 8, 0, 7, 137.37
1734952570, 202, 20, 39, 0, 0, 0.17%, 8, 0, 7, 140.75
1734952576, 203, 12, 39, 0, 0, 0.17%, 8, 0, 7, 140.08
1734952581, 203, 16, 39, 0, 0, 0.17%, 8, 0, 7, 133.73
1734952586, 203, 20, 39, 0, 0, 0.17%, 8, 0, 7, 152.41
1734952591, 204, 12, 39, 0, 0, 0.17%, 8, 0, 7, 144.63
1734952596, 204, 16, 39, 0, 0, 0.17%, 8, 0, 7, 133.93
1734952601, 204, 20, 39, 0, 0, 0.17%, 8, 0, 7, 131.57
1734952606, 204, 24, 39, 0, 0, 0.17%, 8, 0, 7, 141.87
1734952616, 204, 27, 39, 0, 0, 0.17%, 8, 0, 7, 146.68
1734952622, 204, 30, 39, 0, 0, 0.17%, 8, 0, 7, 140.37
1734952627, 205, 12, 39, 0, 0, 0.17%, 8, 0, 7, 134.32
1734952632, 205, 16, 39, 0, 0, 0.17%, 8, 0, 7, 134.41
1734952637, 205, 18, 39, 0, 0, 0.17%, 8, 0, 7, 135.12
1734952642, 205, 20, 39, 0, 0, 0.17%, 8, 0, 7, 145.58
1734952647, 206, 12, 39, 0, 0, 0.17%, 8, 0, 7, 142.29
1734952652, 206, 14, 39, 0, 0, 0.17%, 8, 0, 7, 140.79
1734952662, 206, 16, 39, 0, 0, 0.17%, 8, 0, 7, 139.31
1734952668, 206, 20, 39, 0, 0, 0.17%, 8, 0, 7, 145.18
1734952673, 206, 22, 39, 0, 0, 0.17%, 8, 0, 7, 146.99
1734952678, 206, 31, 39, 0, 0, 0.17%, 8, 0, 7, 138.95
1734952683, 207, 7, 39, 0, 0, 0.17%, 8, 0, 7, 138.01
1734952688, 207, 12, 39, 0, 0, 0.17%, 8, 0, 7, 135.17
1734952693, 207, 16, 39, 0, 0, 0.17%, 8, 0, 7, 131.20
1734952698, 207, 20, 39, 0, 0, 0.17%, 8, 0, 7, 147.46
1734952703, 207, 21, 39, 0, 0, 0.17%, 8, 0, 7, 154.33
1734952708, 207, 36, 39, 0, 0, 0.17%, 8, 0, 7, 151.71
1734952719, 208, 12, 39, 0, 0, 0.17%, 8, 0, 7, 143.00
1734952724, 208, 14, 39, 0, 0, 0.17%, 8, 0, 7, 143.49
1734952729, 208, 16, 39, 0, 0, 0.17%, 8, 0, 7, 133.59
1734952734, 208, 20, 39, 0, 0, 0.17%, 8, 0, 7, 140.02
1734952739, 208, 23, 39, 0, 0, 0.17%, 8, 0, 7, 146.62
1734952744, 209, 12, 39, 0, 0, 0.17%, 8, 0, 7, 141.70
1734952750, 209, 14, 39, 0, 0, 0.17%, 8, 0, 7, 144.84
1734952755, 209, 16, 39, 0, 0, 0.17%, 8, 0, 7, 140.28
1734952760, 209, 20, 39, 0, 0, 0.17%, 8, 0, 7, 135.54
1734952765, 209, 28, 39, 0, 0, 0.17%, 8, 0, 7, 140.07
1734952770, 210, 12, 39, 0, 0, 0.17%, 8, 0, 7, 142.42
1734952775, 210, 16, 39, 0, 0, 0.17%, 8, 0, 7, 125.36
1734952781, 210, 20, 39, 0, 0, 0.17%, 8, 0, 7, 135.07
1734952786, 210, 22, 39, 0, 0, 0.17%, 8, 0, 7, 153.14
1734952796, 210, 28, 39, 0, 0, 0.17%, 8, 0, 7, 132.67
1734952801, 211, 12, 39, 0, 0, 0.17%, 8, 0, 7, 138.10
1734952806, 211, 16, 39, 0, 0, 0.17%, 8, 0, 7, 138.95
1734952811, 211, 20, 39, 0, 0, 0.17%, 8, 0, 7, 134.91
1734952816, 212, 12, 39, 0, 0, 0.17%, 8, 0, 7, 129.53
1734952822, 212, 14, 39, 0, 0, 0.17%, 8, 0, 7, 134.29
1734952827, 212, 16, 39, 0, 0, 0.17%, 8, 0, 7, 134.44
1734952832, 212, 20, 39, 0, 0, 0.17%, 8, 0, 7, 141.13
1734952837, 212, 26, 39, 0, 0, 0.17%, 8, 0, 7, 156.20
1734952842, 212, 37, 39, 0, 0, 0.17%, 8, 0, 7, 179.08
1734952847, 213, 12, 39, 0, 0, 0.17%, 8, 0, 7, 145.14
1734952852, 213, 13, 39, 0, 0, 0.17%, 8, 0, 7, 130.05
1734952858, 213, 16, 39, 0, 0, 0.17%, 8, 0, 7, 136.66
1734952863, 213, 20, 39, 0, 0, 0.17%, 8, 0, 7, 139.92
1734952868, 213, 29, 39, 0, 0, 0.17%, 8, 0, 7, 149.77
1734952873, 214, 12, 39, 0, 0, 0.17%, 8, 0, 7, 142.32
1734952878, 214, 16, 39, 0, 0, 0.17%, 8, 0, 7, 132.51
1734952883, 214, 20, 39, 0, 0, 0.17%, 8, 0, 7, 126.16
1734952894, 215, 12, 39, 0, 0, 0.17%, 8, 0, 7, 131.71
1734952899, 215, 16, 39, 0, 0, 0.17%, 8, 0, 7, 130.30
1734952904, 215, 20, 39, 0, 0, 0.17%, 8, 0, 7, 144.36
1734952909, 215, 38, 39, 0, 0, 0.17%, 8, 0, 7, 156.52
1734952914, 216, 12, 39, 0, 0, 0.17%, 8, 0, 7, 138.61
1734952919, 216, 16, 39, 0, 0, 0.17%, 8, 0, 7, 137.12
1734952924, 216, 17, 39, 0, 0, 0.17%, 8, 0, 7, 139.14
1734952929, 216, 20, 39, 0, 0, 0.17%, 8, 0, 7, 139.84
1734952935, 216, 21, 39, 0, 0, 0.17%, 8, 0, 7, 147.36
1734952945, 217, 4, 39, 0, 0, 0.17%, 8, 0, 7, 144.23
1734952950, 217, 12, 39, 0, 0, 0.17%, 8, 0, 7, 142.42
1734952955, 217, 16, 39, 0, 0, 0.17%, 8, 0, 7, 132.53
1734952960, 217, 20, 39, 0, 0, 0.17%, 8, 0, 7, 137.06
1734952966, 217, 28, 39, 0, 0, 0.17%, 8, 0, 7, 135.42
1734952971, 218, 12, 39, 0, 0, 0.17%, 8, 0, 7, 133.97
1734952976, 218, 16, 39, 0, 0, 0.17%, 8, 0, 7, 124.99
1734952981, 218, 20, 39, 0, 0, 0.17%, 8, 0, 7, 131.34
1734952986, 218, 31, 39, 0, 0, 0.17%, 8, 0, 7, 141.66
1734952991, 219, 12, 39, 0, 0, 0.17%, 8, 0, 7, 138.43
1734952997, 219, 16, 39, 0, 0, 0.17%, 8, 0, 7, 142.46
1734953002, 219, 20, 39, 0, 0, 0.17%, 8, 0, 7, 136.74
1734953007, 220, 12, 39, 0, 0, 0.17%, 8, 0, 7, 133.46
1734953012, 220, 16, 39, 0, 0, 0.17%, 8, 0, 7, 134.06
1734953017, 220, 20, 39, 0, 0, 0.17%, 8, 0, 7, 141.88
1734953022, 220, 21, 39, 0, 0, 0.17%, 8, 0, 7, 154.32
1734953027, 220, 31, 39, 0, 0, 0.17%, 8, 0, 7, 147.01
1734953033, 221, 12, 39, 0, 0, 0.17%, 8, 0, 7, 148.90
1734953038, 221, 16, 39, 0, 0, 0.17%, 8, 0, 7, 132.94
1734953043, 221, 20, 39, 0, 0, 0.17%, 8, 0, 7, 136.76
1734953048, 222, 12, 39, 0, 0, 0.17%, 8, 0, 7, 137.38
1734953053, 222, 16, 39, 0, 0, 0.17%, 8, 0, 7, 131.02
1734953058, 222, 20, 39, 0, 0, 0.17%, 8, 0, 7, 129.19
1734953064, 222, 23, 39, 0, 0, 0.17%, 8, 0, 7, 141.49
1734953069, 223, 12, 39, 0, 0, 0.17%, 8, 0, 7, 142.50
1734953074, 223, 16, 39, 0, 0, 0.17%, 8, 0, 7, 142.92
1734953084, 223, 20, 39, 0, 0, 0.17%, 8, 0, 7, 136.29
1734953089, 224, 10, 39, 0, 0, 0.17%, 8, 0, 7, 131.91
1734953094, 224, 12, 39, 0, 0, 0.17%, 8, 0, 7, 133.98
1734953100, 224, 16, 39, 0, 0, 0.17%, 8, 0, 7, 132.30
1734953105, 224, 20, 39, 0, 0, 0.17%, 8, 0, 7, 136.54
1734953110, 224, 21, 39, 0, 0, 0.17%, 8, 0, 7, 153.30
1734953120, 224, 27, 39, 0, 0, 0.17%, 8, 0, 7, 133.14
1734953125, 225, 12, 39, 0, 0, 0.17%, 8, 0, 7, 131.12
1734953131, 225, 13, 39, 0, 0, 0.17%, 8, 0, 7, 132.68
1734953136, 225, 14, 39, 0, 0, 0.17%, 8, 0, 7, 139.45
1734953141, 225, 16, 39, 0, 0, 0.17%, 8, 0, 7, 138.36
1734953146, 225, 17, 39, 0, 0, 0.17%, 8, 0, 7, 140.99
1734953151, 225, 20, 39, 0, 0, 0.17%, 8, 0, 7, 140.12
1734953156, 226, 5, 39, 0, 0, 0.17%, 8, 0, 7, 143.19
1734953161, 226, 12, 39, 0, 0, 0.17%, 8, 0, 7, 138.24
1734953167, 226, 16, 39, 0, 0, 0.17%, 8, 0, 7, 140.53
1734953172, 226, 20, 39, 0, 0, 0.17%, 8, 0, 7, 135.05
1734953177, 227, 12, 39, 0, 0, 0.17%, 8, 0, 7, 138.36
1734953182, 227, 16, 39, 0, 0, 0.17%, 8, 0, 7, 133.79
1734953187, 227, 20, 39, 0, 0, 0.17%, 8, 0, 7, 135.63
1734953192, 228, 12, 39, 0, 0, 0.17%, 8, 0, 7, 138.99
1734953197, 228, 13, 39, 0, 0, 0.17%, 8, 0, 7, 131.75
1734953203, 228, 16, 39, 0, 0, 0.17%, 8, 0, 7, 138.94
1734953208, 228, 20, 39, 0, 0, 0.17%, 8, 0, 7, 128.50
1734953213, 229, 5, 39, 0, 0, 0.17%, 8, 0, 7, 135.11
1734953218, 229, 12, 39, 0, 0, 0.17%, 8, 0, 7, 135.94
1734953223, 229, 16, 39, 0, 0, 0.17%, 8, 0, 7, 125.57
1734953229, 229, 17, 39, 0, 0, 0.17%, 8, 0, 7, 132.49
1734953234, 229, 20, 39, 0, 0, 0.17%, 8, 0, 7, 143.62
1734953239, 229, 22, 39, 0, 0, 0.17%, 8, 0, 7, 160.75
1734953244, 230, 12, 39, 0, 0, 0.17%, 8, 0, 7, 143.90
1734953249, 230, 16, 39, 0, 0, 0.17%, 8, 0, 7, 139.08
1734953259, 230, 20, 39, 0, 0, 0.17%, 8, 0, 7, 131.05
1734953264, 230, 21, 39, 0, 0, 0.17%, 8, 0, 7, 150.04
1734953270, 230, 27, 39, 0, 0, 0.17%, 8, 0, 7, 149.15
1734953275, 231, 12, 39, 0, 0, 0.17%, 8, 0, 7, 148.58
1734953285, 231, 16, 39, 0, 0, 0.17%, 8, 0, 7, 134.59
1734953290, 231, 20, 39, 0, 0, 0.17%, 8, 0, 7, 137.81
1734953295, 232, 12, 39, 0, 0, 0.17%, 8, 0, 7, 139.77
1734953301, 232, 16, 39, 0, 0, 0.17%, 8, 0, 7, 141.34
1734953306, 232, 20, 39, 0, 0, 0.17%, 8, 0, 7, 140.51
1734953311, 232, 22, 39, 0, 0, 0.17%, 8, 0, 7, 151.61
1734953316, 232, 23, 39, 0, 0, 0.17%, 8, 0, 7, 141.68
1734953321, 232, 29, 39, 0, 0, 0.17%, 8, 0, 7, 144.81
1734953326, 232, 30, 39, 0, 0, 0.17%, 8, 0, 7, 143.41
1734953336, 232, 35, 39, 0, 0, 0.17%, 8, 0, 7, 142.74
1734953341, 233, 12, 39, 0, 0, 0.17%, 8, 0, 7, 136.40
1734953347, 233, 16, 39, 0, 0, 0.17%, 8, 0, 7, 136.31
1734953352, 233, 20, 39, 0, 0, 0.17%, 8, 0, 7, 135.36
1734953357, 233, 31, 39, 0, 0, 0.17%, 8, 0, 7, 148.49
1734953362, 234, 12, 39, 0, 0, 0.17%, 8, 0, 7, 137.21
1734953367, 234, 14, 39, 0, 0, 0.17%, 8, 0, 7, 130.86
1734953372, 234, 16, 39, 0, 0, 0.17%, 8, 0, 7, 131.98
1734953378, 234, 20, 39, 0, 0, 0.17%, 8, 0, 7, 132.79
1734953383, 234, 27, 39, 0, 0, 0.17%, 8, 0, 7, 138.05
1734953388, 234, 33, 39, 0, 0, 0.17%, 8, 0, 7, 145.68
1734953398, 235, 12, 39, 0, 0, 0.17%, 8, 0, 7, 140.80
1734953404, 235, 16, 39, 0, 0, 0.17%, 8, 0, 7, 135.45
1734953409, 235, 20, 39, 0, 0, 0.17%, 8, 0, 7, 140.07
1734953414, 235, 26, 39, 0, 0, 0.17%, 8, 0, 7, 147.75
1734953419, 236, 12, 39, 0, 0, 0.17%, 8, 0, 7, 137.77
1734953424, 236, 16, 39, 0, 0, 0.17%, 8, 0, 7, 133.62
1734953429, 236, 20, 39, 0, 0, 0.17%, 8, 0, 7, 138.16
1734953434, 237, 12, 39, 0, 0, 0.17%, 8, 0, 7, 137.49
1734953440, 237, 16, 39, 0, 0, 0.17%, 8, 0, 7, 133.14
1734953445, 237, 20, 39, 0, 0, 0.17%, 8, 0, 7, 135.18
1734953450, 238, 12, 39, 0, 0, 0.17%, 8, 0, 7, 130.27
1734953455, 238, 16, 39, 0, 0, 0.17%, 8, 0, 7, 138.01
1734953460, 238, 20, 39, 0, 0, 0.17%, 8, 0, 7, 143.92
1734953465, 239, 12, 39, 0, 0, 0.17%, 8, 0, 7, 135.02
1734953470, 239, 16, 39, 0, 0, 0.17%, 8, 0, 7, 135.54
1734953476, 239, 20, 39, 0, 0, 0.17%, 8, 0, 7, 140.52
1734953481, 240, 0, 39, 0, 0, 0.17%, 8, 0, 7, 136.92
1734953486, 240, 12, 39, 0, 0, 0.17%, 8, 0, 7, 131.82
1734953491, 240, 16, 39, 0, 0, 0.17%, 8, 0, 7, 130.85
1734953496, 240, 20, 39, 0, 0, 0.17%, 8, 0, 7, 138.11
1734953502, 240, 23, 39, 0, 0, 0.17%, 8, 0, 7, 133.81
1734953507, 241, 12, 39, 0, 0, 0.17%, 8, 0, 7, 136.17
1734953512, 241, 16, 39, 0, 0, 0.17%, 8, 0, 7, 137.70
1734953517, 241, 20, 39, 0, 0, 0.17%, 8, 0, 7, 128.84
1734953522, 241, 36, 39, 0, 0, 0.17%, 8, 0, 7, 150.70
1734953527, 242, 12, 39, 0, 0, 0.17%, 8, 0, 7, 132.93
1734953532, 242, 16, 39, 0, 0, 0.17%, 8, 0, 7, 133.04
1734953538, 242, 20, 39, 0, 0, 0.17%, 8, 0, 7, 133.57
1734953543, 243, 8, 39, 0, 0, 0.17%, 8, 0, 7, 142.61
1734953548, 243, 12, 39, 0, 0, 0.17%, 8, 0, 7, 134.28
1734953553, 243, 16, 39, 0, 0, 0.17%, 8, 0, 7, 135.71
1734953558, 243, 20, 39, 0, 0, 0.17%, 8, 0, 7, 132.49
1734953563, 243, 32, 39, 0, 0, 0.17%, 8, 0, 7, 144.65
1734953568, 244, 12, 39, 0, 0, 0.17%, 8, 0, 7, 140.23
1734953573, 244, 16, 39, 0, 0, 0.17%, 8, 0, 7, 131.19
1734953578, 244, 20, 39, 0, 0, 0.17%, 8, 0, 7, 136.70
1734953584, 245, 12, 39, 0, 0, 0.17%, 8, 0, 7, 137.03
1734953589, 245, 16, 39, 0, 0, 0.17%, 8, 0, 7, 127.65
1734953594, 245, 20, 39, 0, 0, 0.17%, 8, 0, 7, 140.44
1734953599, 246, 2, 39, 0, 0, 0.17%, 8, 0, 7, 147.48
1734953604, 246, 12, 39, 0, 0, 0.17%, 8, 0, 7, 137.38
1734953609, 246, 16, 39, 0, 0, 0.17%, 8, 0, 7, 139.51
1734953615, 246, 20, 39, 0, 0, 0.17%, 8, 0, 7, 140.10
1734953620, 246, 27, 39, 0, 0, 0.17%, 8, 0, 7, 136.37
1734953625, 247, 7, 39, 0, 0, 0.17%, 8, 0, 7, 134.96
1734953630, 247, 12, 39, 0, 0, 0.17%, 8, 0, 7, 136.90
1734953635, 247, 16, 39, 0, 0, 0.17%, 8, 0, 7, 133.86
1734953640, 247, 20, 39, 0, 0, 0.17%, 8, 0, 7, 142.05
1734953645, 247, 31, 39, 0, 0, 0.17%, 8, 0, 7, 148.45
1734953650, 248, 12, 39, 0, 0, 0.17%, 8, 0, 7, 142.79
1734953656, 248, 16, 39, 0, 0, 0.17%, 8, 0, 7, 135.83
1734953661, 248, 20, 39, 0, 0, 0.17%, 8, 0, 7, 145.86
1734953666, 249, 12, 39, 0, 0, 0.17%, 8, 0, 7, 136.61
1734953671, 249, 16, 39, 0, 0, 0.17%, 8, 0, 7, 139.69
1734953676, 249, 20, 39, 0, 0, 0.17%, 8, 0, 7, 136.90
1734953681, 249, 35, 39, 0, 0, 0.17%, 8, 0, 7, 146.98
