# unix_time, cycles_done, cur_path, paths_total, pending_total, pending_favs, map_size, unique_crashes, unique_hangs, max_depth, execs_per_sec
1735547456, 0, 0, 10, 10, 1, 0.01%, 0, 0, 1, 82.64
1735547461, 0, 3, 10, 10, 1, 0.01%, 0, 0, 1, 102.82
1735547466, 0, 4, 10, 9, 0, 0.01%, 0, 0, 1, 103.22
1735547476, 0, 5, 10, 8, 0, 0.01%, 0, 0, 1, 103.01
1735547486, 0, 6, 10, 7, 0, 0.01%, 0, 0, 1, 100.77
1735547496, 0, 7, 10, 6, 0, 0.01%, 0, 0, 1, 101.81
1735547506, 0, 8, 10, 5, 0, 0.01%, 0, 0, 1, 100.09
1735547516, 0, 9, 10, 4, 0, 0.01%, 0, 0, 1, 98.43
1735547527, 1, 0, 10, 3, 0, 0.01%, 0, 0, 1, 96.75
1735547542, 1, 1, 10, 2, 0, 0.01%, 0, 0, 1, 89.96
1735547552, 1, 2, 10, 1, 0, 0.01%, 0, 0, 1, 93.68
1735547567, 1, 4, 10, 0, 0, 0.01%, 0, 0, 1, 101.73
1735547573, 1, 5, 10, 0, 0, 0.01%, 0, 0, 1, 102.15
1735547578, 1, 7, 10, 0, 0, 0.01%, 0, 0, 1, 102.07
1735547583, 1, 8, 10, 0, 0, 0.01%, 0, 0, 1, 104.47
1735547588, 1, 9, 10, 0, 0, 0.01%, 0, 0, 1, 103.18
1735547593, 2, 1, 10, 0, 0, 0.01%, 0, 0, 1, 101.57
1735547598, 2, 2, 10, 0, 0, 0.01%, 0, 0, 1, 101.53
1735547603, 2, 4, 10, 0, 0, 0.01%, 0, 0, 1, 100.79
1735547608, 2, 5, 10, 0, 0, 0.01%, 0, 0, 1, 100.17
1735547613, 2, 6, 10, 0, 0, 0.01%, 0, 0, 1, 99.96
1735547618, 2, 8, 10, 0, 0, 0.01%, 0, 0, 1, 103.71
1735547623, 2, 9, 10, 0, 0, 0.01%, 0, 0, 1, 103.69
1735547628, 3, 1, 10, 0, 0, 0.01%, 0, 0, 1, 102.40
1735547634, 3, 2, 10, 0, 0, 0.01%, 0, 0, 1, 100.59
1735547639, 3, 4, 10, 0, 0, 0.01%, 0, 0, 1, 103.22
1735547644, 3, 5, 10, 0, 0, 0.01%, 0, 0, 1, 103.83
1735547649, 3, 6, 10, 0, 0, 0.01%, 0, 0, 1, 103.84
1735547654, 3, 8, 10, 0, 0, 0.01%, 0, 0, 1, 101.60
1735547659, 3, 9, 10, 0, 0, 0.01%, 0, 0, 1, 100.33
1735547664, 4, 1, 10, 0, 0, 0.01%, 0, 0, 1, 101.89
1735547669, 4, 2, 10, 0, 0, 0.01%, 0, 0, 1, 101.65
1735547674, 4, 4, 10, 0, 0, 0.01%, 0, 0, 1, 105.10
1735547679, 4, 5, 10, 0, 0, 0.01%, 0, 0, 1, 102.24
1735547684, 4, 6, 10, 0, 0, 0.01%, 0, 0, 1, 101.92
1735547689, 4, 8, 10, 0, 0, 0.01%, 0, 0, 1, 102.12
1735547694, 4, 9, 10, 0, 0, 0.01%, 0, 0, 1, 101.69
1735547699, 5, 0, 10, 0, 0, 0.01%, 0, 0, 1, 101.52
1735547705, 5, 2, 10, 0, 0, 0.01%, 0, 0, 1, 102.05
1735547710, 5, 3, 10, 0, 0, 0.01%, 0, 0, 1, 101.39
1735547715, 5, 5, 10, 0, 0, 0.01%, 0, 0, 1, 100.06
1735547720, 5, 6, 10, 0, 0, 0.01%, 0, 0, 1, 103.97
1735547725, 5, 8, 10, 0, 0, 0.01%, 0, 0, 1, 102.31
1735547730, 5, 9, 10, 0, 0, 0.01%, 0, 0, 1, 101.00
1735547735, 6, 0, 10, 0, 0, 0.01%, 0, 0, 1, 105.11
1735547740, 6, 2, 10, 0, 0, 0.01%, 0, 0, 1, 102.75
1735547745, 6, 3, 10, 0, 0, 0.01%, 0, 0, 1, 100.70
1735547750, 6, 5, 10, 0, 0, 0.01%, 0, 0, 1, 102.44
1735547755, 6, 6, 10, 0, 0, 0.01%, 0, 0, 1, 103.08
1735547760, 6, 7, 10, 0, 0, 0.01%, 0, 0, 1, 102.59
1735547765, 6, 9, 10, 0, 0, 0.01%, 0, 0, 1, 101.37
1735547770, 7, 0, 10, 0, 0, 0.01%, 0, 0, 1, 101.07
1735547775, 7, 2, 10, 0, 0, 0.01%, 0, 0, 1, 103.34
1735547781, 7, 3, 10, 0, 0, 0.01%, 0, 0, 1, 103.00
1735547786, 7, 4, 10, 0, 0, 0.01%, 0, 0, 1, 102.19
1735547791, 7, 6, 10, 0, 0, 0.01%, 0, 0, 1, 102.07
1735547796, 7, 7, 10, 0, 0, 0.01%, 0, 0, 1, 103.18
1735547801, 7, 9, 10, 0, 0, 0.01%, 0, 0, 1, 102.94
1735547806, 8, 0, 10, 0, 0, 0.01%, 0, 0, 1, 101.44
1735547811, 8, 1, 10, 0, 0, 0.01%, 0, 0, 1, 102.35
1735547816, 8, 3, 10, 0, 0, 0.01%, 0, 0, 1, 100.59
1735547821, 8, 4, 10, 0, 0, 0.01%, 0, 0, 1, 103.13
1735547826, 8, 6, 10, 0, 0, 0.01%, 0, 0, 1, 102.66
1735547831, 8, 7, 10, 0, 0, 0.01%, 0, 0, 1, 103.49
1735547836, 8, 9, 10, 0, 0, 0.01%, 0, 0, 1, 101.97
1735547841, 9, 0, 10, 0, 0, 0.01%, 0, 0, 1, 100.92
1735547846, 9, 1, 10, 0, 0, 0.01%, 0, 0, 1, 100.10
1735547851, 9, 3, 10, 0, 0, 0.01%, 0, 0, 1, 100.94
1735547856, 9, 4, 10, 0, 0, 0.01%, 0, 0, 1, 102.85
1735547861, 9, 6, 10, 0, 0, 0.01%, 0, 0, 1, 101.68
1735547867, 9, 7, 10, 0, 0, 0.01%, 0, 0, 1, 100.94
1735547872, 9, 8, 10, 0, 0, 0.01%, 0, 0, 1, 102.76
1735547877, 10, 0, 10, 0, 0, 0.01%, 0, 0, 1, 103.23
1735547882, 10, 1, 10, 0, 0, 0.01%, 0, 0, 1, 103.76
1735547887, 10, 3, 10, 0, 0, 0.01%, 0, 0, 1, 102.98
1735547892, 10, 4, 10, 0, 0, 0.01%, 0, 0, 1, 104.13
1735547897, 10, 5, 10, 0, 0, 0.01%, 0, 0, 1, 102.02
1735547902, 10, 7, 10, 0, 0, 0.01%, 0, 0, 1, 103.08
1735547907, 10, 8, 10, 0, 0, 0.01%, 0, 0, 1, 102.54
1735547912, 11, 0, 10, 0, 0, 0.01%, 0, 0, 1, 101.48
1735547917, 11, 1, 10, 0, 0, 0.01%, 0, 0, 1, 102.07
1735547922, 11, 2, 10, 0, 0, 0.01%, 0, 0, 1, 100.77
1735547927, 11, 4, 10, 0, 0, 0.01%, 0, 0, 1, 100.22
1735547932, 11, 5, 10, 0, 0, 0.01%, 0, 0, 1, 101.44
1735547937, 11, 7, 10, 0, 0, 0.01%, 0, 0, 1, 102.31
1735547942, 11, 8, 10, 0, 0, 0.01%, 0, 0, 1, 102.03
1735547947, 11, 9, 10, 0, 0, 0.01%, 0, 0, 1, 101.16
1735547953, 12, 1, 10, 0, 0, 0.01%, 0, 0, 1, 101.26
1735547958, 12, 2, 10, 0, 0, 0.01%, 0, 0, 1, 101.82
1735547963, 12, 4, 10, 0, 0, 0.01%, 0, 0, 1, 102.33
1735547968, 12, 5, 10, 0, 0, 0.01%, 0, 0, 1, 101.00
1735547973, 12, 6, 10, 0, 0, 0.01%, 0, 0, 1, 102.62
1735547978, 12, 8, 10, 0, 0, 0.01%, 0, 0, 1, 101.32
1735547983, 12, 9, 10, 0, 0, 0.01%, 0, 0, 1, 101.86
1735547988, 13, 1, 10, 0, 0, 0.01%, 0, 0, 1, 103.82
1735547993, 13, 2, 10, 0, 0, 0.01%, 0, 0, 1, 102.12
1735547998, 13, 4, 10, 0, 0, 0.01%, 0, 0, 1, 101.20
1735548003, 13, 5, 10, 0, 0, 0.01%, 0, 0, 1, 103.85
1735548009, 13, 6, 10, 0, 0, 0.01%, 0, 0, 1, 101.35
1735548014, 13, 8, 10, 0, 0, 0.01%, 0, 0, 1, 102.74
1735548019, 13, 9, 10, 0, 0, 0.01%, 0, 0, 1, 101.94
1735548024, 14, 1, 10, 0, 0, 0.01%, 0, 0, 1, 101.17
1735548029, 14, 2, 10, 0, 0, 0.01%, 0, 0, 1, 103.03
1735548034, 14, 3, 10, 0, 0, 0.01%, 0, 0, 1, 102.83
1735548039, 14, 5, 10, 0, 0, 0.01%, 0, 0, 1, 99.82
1735548044, 14, 6, 10, 0, 0, 0.01%, 0, 0, 1, 102.71
1735548049, 14, 8, 10, 0, 0, 0.01%, 0, 0, 1, 100.24
1735548054, 14, 9, 10, 0, 0, 0.01%, 0, 0, 1, 103.11
1735548059, 15, 0, 10, 0, 0, 0.01%, 0, 0, 1, 105.57
1735548064, 15, 2, 10, 0, 0, 0.01%, 0, 0, 1, 107.69
1735548070, 15, 3, 10, 0, 0, 0.01%, 0, 0, 1, 108.82
1735548075, 15, 5, 10, 0, 0, 0.01%, 0, 0, 1, 106.27
1735548080, 15, 6, 10, 0, 0, 0.01%, 0, 0, 1, 107.85
1735548085, 15, 8, 10, 0, 0, 0.01%, 0, 0, 1, 105.96
1735548090, 15, 9, 10, 0, 0, 0.01%, 0, 0, 1, 108.72
1735548095, 16, 1, 10, 0, 0, 0.01%, 0, 0, 1, 108.91
1735548100, 16, 2, 10, 0, 0, 0.01%, 0, 0, 1, 103.16
1735548105, 16, 4, 10, 0, 0, 0.01%, 0, 0, 1, 103.67
1735548110, 16, 5, 10, 0, 0, 0.01%, 0, 0, 1, 105.45
1735548115, 16, 7, 10, 0, 0, 0.01%, 0, 0, 1, 106.57
1735548120, 16, 8, 10, 0, 0, 0.01%, 0, 0, 1, 111.07
1735548125, 17, 0, 10, 0, 0, 0.01%, 0, 0, 1, 106.54
1735548130, 17, 1, 10, 0, 0, 0.01%, 0, 0, 1, 106.94
1735548135, 17, 3, 10, 0, 0, 0.01%, 0, 0, 1, 107.26
1735548140, 17, 4, 10, 0, 0, 0.01%, 0, 0, 1, 107.16
1735548145, 17, 5, 10, 0, 0, 0.01%, 0, 0, 1, 106.40
1735548150, 17, 7, 10, 0, 0, 0.01%, 0, 0, 1, 105.19
1735548155, 17, 8, 10, 0, 0, 0.01%, 0, 0, 1, 104.13
1735548160, 18, 0, 10, 0, 0, 0.01%, 0, 0, 1, 107.20
1735548166, 18, 1, 10, 0, 0, 0.01%, 0, 0, 1, 108.38
1735548171, 18, 3, 10, 0, 0, 0.01%, 0, 0, 1, 104.69
1735548176, 18, 4, 10, 0, 0, 0.01%, 0, 0, 1, 106.49
1735548181, 18, 6, 10, 0, 0, 0.01%, 0, 0, 1, 107.28
1735548186, 18, 7, 10, 0, 0, 0.01%, 0, 0, 1, 108.47
1735548191, 18, 9, 10, 0, 0, 0.01%, 0, 0, 1, 108.86
1735548196, 19, 0, 10, 0, 0, 0.01%, 0, 0, 1, 107.21
1735548201, 19, 2, 10, 0, 0, 0.01%, 0, 0, 1, 106.98
1735548206, 19, 3, 10, 0, 0, 0.01%, 0, 0, 1, 107.92
1735548211, 19, 5, 10, 0, 0, 0.01%, 0, 0, 1, 104.96
1735548216, 19, 6, 10, 0, 0, 0.01%, 0, 0, 1, 106.46
1735548221, 19, 7, 10, 0, 0, 0.01%, 0, 0, 1, 106.88
1735548226, 19, 9, 10, 0, 0, 0.01%, 0, 0, 1, 108.58
1735548231, 20, 0, 10, 0, 0, 0.01%, 0, 0, 1, 105.80
1735548236, 20, 2, 10, 0, 0, 0.01%, 0, 0, 1, 107.22
1735548242, 20, 3, 10, 0, 0, 0.01%, 0, 0, 1, 108.30
1735548247, 20, 5, 10, 0, 0, 0.01%, 0, 0, 1, 107.38
1735548252, 20, 6, 10, 0, 0, 0.01%, 0, 0, 1, 110.02
1735548257, 20, 8, 10, 0, 0, 0.01%, 0, 0, 1, 108.66
1735548262, 20, 9, 10, 0, 0, 0.01%, 0, 0, 1, 106.58
1735548267, 21, 1, 10, 0, 0, 0.01%, 0, 0, 1, 108.31
1735548272, 21, 2, 10, 0, 0, 0.01%, 0, 0, 1, 107.05
1735548277, 21, 4, 10, 0, 0, 0.01%, 0, 0, 1, 105.65
1735548282, 21, 5, 10, 0, 0, 0.01%, 0, 0, 1, 107.11
1735548288, 21, 7, 10, 0, 0, 0.01%, 0, 0, 1, 106.24
1735548293, 21, 8, 10, 0, 0, 0.01%, 0, 0, 1, 108.26
1735548298, 22, 0, 10, 0, 0, 0.01%, 0, 0, 1, 104.20
1735548303, 22, 1, 10, 0, 0, 0.01%, 0, 0, 1, 105.54
1735548308, 22, 3, 10, 0, 0, 0.01%, 0, 0, 1, 107.02
1735548313, 22, 4, 10, 0, 0, 0.01%, 0, 0, 1, 107.49
1735548318, 22, 5, 10, 0, 0, 0.01%, 0, 0, 1, 105.27
1735548323, 22, 7, 10, 0, 0, 0.01%, 0, 0, 1, 107.22
1735548328, 22, 8, 10, 0, 0, 0.01%, 0, 0, 1, 104.73
1735548333, 23, 0, 10, 0, 0, 0.01%, 0, 0, 1, 104.97
1735548338, 23, 1, 10, 0, 0, 0.01%, 0, 0, 1, 106.01
1735548343, 23, 3, 10, 0, 0, 0.01%, 0, 0, 1, 108.15
1735548348, 23, 4, 10, 0, 0, 0.01%, 0, 0, 1, 104.51
1735548353, 23, 6, 10, 0, 0, 0.01%, 0, 0, 1, 106.96
1735548358, 23, 7, 10, 0, 0, 0.01%, 0, 0, 1, 103.19
1735548364, 23, 9, 10, 0, 0, 0.01%, 0, 0, 1, 106.19
1735548369, 24, 0, 10, 0, 0, 0.01%, 0, 0, 1, 105.61
1735548374, 24, 2, 10, 0, 0, 0.01%, 0, 0, 1, 105.33
1735548379, 24, 3, 10, 0, 0, 0.01%, 0, 0, 1, 106.78
1735548384, 24, 4, 10, 0, 0, 0.01%, 0, 0, 1, 107.82
1735548389, 24, 6, 10, 0, 0, 0.01%, 0, 0, 1, 106.18
1735548394, 24, 7, 10, 0, 0, 0.01%, 0, 0, 1, 104.11
1735548399, 24, 9, 10, 0, 0, 0.01%, 0, 0, 1, 104.92
1735548404, 25, 0, 10, 0, 0, 0.01%, 0, 0, 1, 107.92
1735548409, 25, 2, 10, 0, 0, 0.01%, 0, 0, 1, 104.74
1735548414, 25, 3, 10, 0, 0, 0.01%, 0, 0, 1, 105.17
1735548419, 25, 5, 10, 0, 0, 0.01%, 0, 0, 1, 107.95
1735548424, 25, 6, 10, 0, 0, 0.01%, 0, 0, 1, 106.91
1735548429, 25, 8, 10, 0, 0, 0.01%, 0, 0, 1, 108.27
1735548434, 25, 9, 10, 0, 0, 0.01%, 0, 0, 1, 106.64
1735548439, 26, 1, 10, 0, 0, 0.01%, 0, 0, 1, 107.89
1735548444, 26, 2, 10, 0, 0, 0.01%, 0, 0, 1, 106.41
1735548449, 26, 4, 10, 0, 0, 0.01%, 0, 0, 1, 110.38
1735548454, 26, 5, 10, 0, 0, 0.01%, 0, 0, 1, 107.70
1735548459, 26, 7, 10, 0, 0, 0.01%, 0, 0, 1, 107.68
1735548464, 26, 8, 10, 0, 0, 0.01%, 0, 0, 1, 104.74
1735548469, 26, 9, 10, 0, 0, 0.01%, 0, 0, 1, 108.19
1735548474, 27, 1, 10, 0, 0, 0.01%, 0, 0, 1, 108.14
1735548480, 27, 2, 10, 0, 0, 0.01%, 0, 0, 1, 107.46
1735548485, 27, 4, 10, 0, 0, 0.01%, 0, 0, 1, 107.83
1735548490, 27, 5, 10, 0, 0, 0.01%, 0, 0, 1, 108.74
1735548495, 27, 7, 10, 0, 0, 0.01%, 0, 0, 1, 111.23
1735548500, 27, 8, 10, 0, 0, 0.01%, 0, 0, 1, 110.54
1735548505, 28, 0, 10, 0, 0, 0.01%, 0, 0, 1, 105.16
1735548510, 28, 1, 10, 0, 0, 0.01%, 0, 0, 1, 105.41
1735548515, 28, 3, 10, 0, 0, 0.01%, 0, 0, 1, 104.78
1735548520, 28, 4, 10, 0, 0, 0.01%, 0, 0, 1, 106.67
1735548525, 28, 6, 10, 0, 0, 0.01%, 0, 0, 1, 107.36
1735548530, 28, 7, 10, 0, 0, 0.01%, 0, 0, 1, 109.93
1735548536, 28, 9, 10, 0, 0, 0.01%, 0, 0, 1, 106.30
1735548541, 29, 0, 10, 0, 0, 0.01%, 0, 0, 1, 105.42
1735548546, 29, 2, 10, 0, 0, 0.01%, 0, 0, 1, 106.43
1735548551, 29, 3, 10, 0, 0, 0.01%, 0, 0, 1, 107.33
1735548556, 29, 5, 10, 0, 0, 0.01%, 0, 0, 1, 107.00
1735548561, 29, 6, 10, 0, 0, 0.01%, 0, 0, 1, 106.81
1735548566, 29, 8, 10, 0, 0, 0.01%, 0, 0, 1, 107.94
1735548571, 29, 9, 10, 0, 0, 0.01%, 0, 0, 1, 107.22
1735548576, 30, 1, 10, 0, 0, 0.01%, 0, 0, 1, 105.65
1735548581, 30, 2, 11, 1, 0, 0.16%, 1, 0, 2, 105.48
1735548587, 30, 10, 11, 1, 1, 0.16%, 1, 0, 2, 109.75
1735548592, 30, 10, 12, 2, 1, 0.16%, 2, 0, 3, 115.16
1735548674, 30, 11, 13, 2, 1, 0.16%, 3, 0, 4, 128.34
1735548684, 30, 11, 14, 3, 1, 0.16%, 3, 0, 4, 117.04
1735548714, 30, 11, 15, 4, 1, 0.17%, 4, 0, 4, 117.98
1735548760, 30, 11, 16, 5, 1, 0.17%, 4, 0, 4, 118.31
1735548801, 30, 12, 16, 4, 2, 0.17%, 4, 0, 4, 111.53
1735548908, 30, 14, 17, 4, 1, 0.17%, 5, 0, 5, 141.42
1735548924, 30, 14, 18, 5, 1, 0.17%, 5, 0, 5, 114.21
1735548995, 30, 14, 19, 6, 1, 0.17%, 5, 0, 5, 120.34
1735549051, 30, 14, 21, 8, 1, 0.17%, 5, 0, 5, 128.12
1735549082, 30, 16, 21, 7, 1, 0.17%, 5, 0, 5, 140.84
1735549132, 30, 16, 22, 8, 1, 0.17%, 5, 0, 6, 113.52
1735549214, 31, 4, 22, 7, 0, 0.17%, 5, 0, 6, 111.74
1735549220, 31, 11, 22, 7, 0, 0.17%, 5, 0, 6, 117.39
1735549225, 31, 11, 23, 8, 0, 0.17%, 5, 0, 6, 127.23
1735549240, 31, 12, 23, 8, 0, 0.17%, 5, 0, 6, 117.65
1735549265, 31, 12, 26, 11, 0, 0.17%, 5, 0, 6, 127.77
1735549275, 31, 14, 26, 11, 0, 0.17%, 5, 0, 6, 122.02
1735549301, 31, 14, 28, 13, 0, 0.17%, 5, 0, 6, 123.94
1735549306, 31, 14, 29, 14, 0, 0.17%, 5, 0, 6, 117.37
1735549316, 31, 16, 29, 14, 0, 0.17%, 5, 0, 6, 117.23
1735549352, 31, 17, 29, 14, 0, 0.17%, 5, 0, 6, 145.87
1735549429, 31, 19, 29, 13, 0, 0.17%, 5, 0, 6, 167.12
1735549506, 31, 20, 29, 12, 0, 0.17%, 5, 0, 6, 161.07
1735549516, 31, 20, 30, 13, 0, 0.17%, 5, 0, 6, 127.98
1735549521, 31, 20, 31, 14, 0, 0.17%, 5, 0, 6, 127.33
1735549630, 31, 22, 31, 13, 0, 0.17%, 5, 0, 6, 132.16
1735549722, 31, 28, 31, 12, 0, 0.17%, 5, 0, 6, 241.05
1735549835, 31, 28, 33, 14, 0, 0.17%, 5, 0, 6, 222.31
1735549845, 31, 28, 34, 15, 0, 0.17%, 6, 0, 6, 181.35
1735549886, 31, 28, 36, 17, 0, 0.17%, 8, 0, 6, 188.46
1735549896, 31, 28, 37, 18, 0, 0.17%, 8, 0, 6, 183.50
1735549922, 31, 30, 37, 17, 0, 0.17%, 8, 0, 6, 208.40
1735549952, 31, 30, 38, 18, 0, 0.17%, 8, 0, 7, 168.18
1735549978, 31, 30, 39, 19, 0, 0.17%, 8, 0, 7, 162.61
1735549983, 31, 30, 40, 20, 0, 0.17%, 8, 0, 7, 164.21
1735550034, 31, 31, 40, 19, 0, 0.17%, 8, 0, 7, 162.27
1735550095, 31, 31, 41, 20, 0, 0.17%, 8, 0, 7, 189.79
1735550177, 31, 36, 41, 19, 0, 0.17%, 8, 0, 7, 140.84
1735550264, 31, 37, 41, 18, 0, 0.17%, 8, 0, 7, 186.68
1735550345, 32, 7, 41, 17, 0, 0.17%, 8, 0, 7, 137.59
1735550351, 32, 11, 41, 17, 0, 0.17%, 8, 0, 7, 139.89
1735550361, 32, 12, 41, 17, 0, 0.17%, 8, 0, 7, 138.50
1735550382, 32, 14, 41, 17, 0, 0.17%, 8, 0, 7, 139.31
1735550402, 32, 16, 41, 17, 0, 0.17%, 8, 0, 7, 135.55
1735550422, 32, 25, 41, 17, 0, 0.17%, 8, 0, 7, 203.74
1735550478, 32, 26, 41, 16, 0, 0.17%, 8, 0, 7, 171.15
1735550529, 32, 39, 41, 15, 0, 0.17%, 8, 0, 7, 226.44
1735550621, 33, 11, 41, 14, 0, 0.17%, 8, 0, 7, 138.81
1735550631, 33, 12, 41, 14, 0, 0.17%, 8, 0, 7, 139.33
1735550651, 33, 13, 41, 14, 0, 0.17%, 8, 0, 7, 151.62
1735550697, 33, 14, 41, 13, 0, 0.17%, 8, 0, 7, 131.29
1735550718, 33, 15, 41, 13, 0, 0.17%, 8, 0, 7, 201.37
1735550815, 33, 16, 41, 12, 0, 0.17%, 8, 0, 7, 133.68
1735550836, 33, 18, 41, 12, 0, 0.17%, 8, 0, 7, 190.20
1735550887, 33, 22, 41, 11, 0, 0.17%, 8, 0, 7, 144.44
1735550907, 33, 23, 41, 11, 0, 0.17%, 8, 0, 7, 140.27
1735550963, 33, 26, 41, 10, 0, 0.17%, 8, 0, 7, 134.96
1735550984, 33, 32, 41, 10, 0, 0.17%, 8, 0, 7, 219.70
1735551055, 34, 11, 41, 9, 0, 0.17%, 8, 0, 7, 134.72
1735551060, 34, 12, 41, 9, 0, 0.17%, 8, 0, 7, 131.04
1735551081, 34, 14, 41, 9, 0, 0.17%, 8, 0, 7, 135.59
1735551101, 34, 16, 41, 9, 0, 0.17%, 8, 0, 7, 137.96
1735551122, 34, 19, 41, 9, 0, 0.17%, 8, 0, 7, 145.77
1735551142, 34, 32, 41, 9, 0, 0.17%, 8, 0, 7, 159.78
1735551173, 34, 33, 41, 9, 0, 0.17%, 8, 0, 7, 141.51
1735551311, 34, 34, 41, 8, 0, 0.17%, 8, 0, 7, 232.77
1735551465, 34, 38, 41, 7, 0, 0.17%, 8, 0, 7, 111.73
1735551765, 34, 40, 41, 6, 0, 0.17%, 8, 0, 7, 167.44
1735552396, 35, 11, 41, 5, 0, 0.17%, 8, 0, 7, 143.99
1735552407, 35, 12, 41, 5, 0, 0.17%, 8, 0, 7, 139.17
1735552427, 35, 14, 41, 5, 0, 0.17%, 8, 0, 7, 139.71
1735552448, 35, 15, 41, 5, 0, 0.17%, 8, 0, 7, 154.32
1735552468, 35, 16, 41, 5, 0, 0.17%, 8, 0, 7, 126.55
1735552489, 35, 27, 41, 5, 0, 0.17%, 8, 0, 7, 169.88
1735552540, 36, 11, 41, 4, 0, 0.17%, 8, 0, 7, 132.25
1735552550, 36, 12, 41, 4, 0, 0.17%, 8, 0, 7, 126.92
1735552571, 36, 14, 41, 4, 0, 0.17%, 8, 0, 7, 127.79
1735552591, 36, 16, 41, 4, 0, 0.17%, 8, 0, 7, 142.20
1735552612, 36, 29, 41, 4, 0, 0.17%, 8, 0, 7, 161.04
1735552668, 36, 39, 41, 3, 0, 0.17%, 8, 0, 7, 175.49
1735552683, 37, 11, 41, 3, 0, 0.17%, 8, 0, 7, 143.06
1735552689, 37, 12, 41, 3, 0, 0.17%, 8, 0, 7, 140.47
1735552699, 37, 14, 41, 3, 0, 0.17%, 8, 0, 7, 142.56
1735552709, 37, 16, 41, 3, 0, 0.17%, 8, 0, 7, 130.87
1735552719, 37, 31, 41, 3, 0, 0.17%, 8, 0, 7, 151.10
1735552750, 38, 11, 41, 3, 0, 0.17%, 8, 0, 7, 130.22
1735552755, 38, 12, 41, 3, 0, 0.17%, 8, 0, 7, 136.49
1735552765, 38, 14, 41, 3, 0, 0.17%, 8, 0, 7, 136.66
1735552776, 38, 16, 41, 3, 0, 0.17%, 8, 0, 7, 142.86
1735552786, 39, 11, 41, 3, 0, 0.17%, 8, 0, 7, 140.94
1735552791, 39, 12, 41, 3, 0, 0.17%, 8, 0, 7, 147.32
1735552797, 39, 14, 41, 3, 0, 0.17%, 8, 0, 7, 137.00
1735552802, 39, 16, 41, 3, 0, 0.17%, 8, 0, 7, 143.98
1735552807, 39, 24, 41, 3, 0, 0.17%, 8, 0, 7, 162.24
1735552853, 39, 35, 41, 2, 0, 0.17%, 8, 0, 7, 180.80
1735552992, 40, 12, 41, 1, 0, 0.17%, 8, 0, 7, 133.95
1735552997, 40, 14, 41, 1, 0, 0.17%, 8, 0, 7, 136.59
1735553002, 40, 16, 41, 1, 0, 0.17%, 8, 0, 7, 142.14
1735553012, 41, 12, 41, 1, 0, 0.17%, 8, 0, 7, 133.84
1735553017, 41, 14, 41, 1, 0, 0.17%, 8, 0, 7, 134.49
1735553022, 41, 16, 41, 1, 0, 0.17%, 8, 0, 7, 133.10
1735553027, 42, 11, 41, 1, 0, 0.17%, 8, 0, 7, 130.89
1735553033, 42, 12, 41, 1, 0, 0.17%, 8, 0, 7, 131.13
1735553038, 42, 14, 41, 1, 0, 0.17%, 8, 0, 7, 134.01
1735553043, 42, 16, 41, 1, 0, 0.17%, 8, 0, 7, 145.52
1735553048, 42, 38, 41, 1, 0, 0.17%, 8, 0, 7, 175.55
1735553073, 43, 11, 41, 1, 0, 0.17%, 8, 0, 7, 138.53
1735553079, 43, 12, 41, 1, 0, 0.17%, 8, 0, 7, 131.38
1735553084, 43, 14, 41, 1, 0, 0.17%, 8, 0, 7, 131.94
1735553089, 43, 16, 41, 1, 0, 0.17%, 8, 0, 7, 140.53
1735553094, 44, 11, 41, 1, 0, 0.17%, 8, 0, 7, 142.93
1735553099, 44, 12, 41, 1, 0, 0.17%, 8, 0, 7, 145.17
1735553104, 44, 14, 41, 1, 0, 0.17%, 8, 0, 7, 144.84
1735553110, 44, 16, 41, 1, 0, 0.17%, 8, 0, 7, 147.55
1735553115, 44, 19, 41, 1, 0, 0.17%, 8, 0, 7, 142.96
1735553135, 44, 21, 41, 1, 0, 0.17%, 8, 0, 7, 143.65
1735553187, 45, 12, 41, 0, 0, 0.17%, 8, 0, 7, 123.85
1735553192, 45, 14, 41, 0, 0, 0.17%, 8, 0, 7, 131.61
1735553197, 45, 16, 41, 0, 0, 0.17%, 8, 0, 7, 136.66
1735553202, 45, 34, 41, 0, 0, 0.17%, 8, 0, 7, 144.47
1735553233, 46, 12, 41, 0, 0, 0.17%, 8, 0, 7, 141.73
1735553238, 46, 14, 41, 0, 0, 0.17%, 8, 0, 7, 139.84
1735553243, 46, 16, 41, 0, 0, 0.17%, 8, 0, 7, 142.48
1735553248, 46, 19, 41, 0, 0, 0.17%, 8, 0, 7, 141.76
1735553269, 46, 29, 41, 0, 0, 0.17%, 8, 0, 7, 155.01
1735553290, 46, 40, 41, 0, 0, 0.17%, 8, 0, 7, 170.80
1735553320, 47, 12, 41, 0, 0, 0.17%, 8, 0, 7, 134.19
1735553325, 47, 14, 41, 0, 0, 0.17%, 8, 0, 7, 130.50
1735553330, 47, 16, 41, 0, 0, 0.17%, 8, 0, 7, 131.99
1735553336, 47, 29, 41, 0, 0, 0.17%, 8, 0, 7, 140.57
1735553356, 48, 11, 41, 0, 0, 0.17%, 8, 0, 7, 135.34
1735553361, 48, 12, 41, 0, 0, 0.17%, 8, 0, 7, 139.02
1735553366, 48, 14, 41, 0, 0, 0.17%, 8, 0, 7, 146.03
1735553371, 48, 16, 41, 0, 0, 0.17%, 8, 0, 7, 142.42
1735553377, 49, 12, 41, 0, 0, 0.17%, 8, 0, 7, 136.19
1735553382, 49, 14, 41, 0, 0, 0.17%, 8, 0, 7, 135.20
1735553387, 49, 16, 41, 0, 0, 0.17%, 8, 0, 7, 133.68
1735553392, 49, 18, 41, 0, 0, 0.17%, 8, 0, 7, 156.89
1735553412, 49, 37, 41, 0, 0, 0.17%, 8, 0, 7, 153.70
1735553443, 50, 12, 41, 0, 0, 0.17%, 8, 0, 7, 134.56
1735553448, 50, 14, 41, 0, 0, 0.17%, 8, 0, 7, 138.56
1735553453, 50, 16, 41, 0, 0, 0.17%, 8, 0, 7, 145.29
1735553458, 50, 33, 41, 0, 0, 0.17%, 8, 0, 7, 162.60
1735553479, 51, 11, 41, 0, 0, 0.17%, 8, 0, 7, 130.39
1735553484, 51, 12, 41, 0, 0, 0.17%, 8, 0, 7, 136.83
1735553489, 51, 14, 41, 0, 0, 0.17%, 8, 0, 7, 137.28
1735553494, 51, 16, 41, 0, 0, 0.17%, 8, 0, 7, 137.97
1735553499, 51, 24, 41, 0, 0, 0.17%, 8, 0, 7, 146.61
1735553520, 51, 36, 41, 0, 0, 0.17%, 8, 0, 7, 149.72
1735553550, 52, 11, 41, 0, 0, 0.17%, 8, 0, 7, 129.30
1735553556, 52, 12, 41, 0, 0, 0.17%, 8, 0, 7, 133.92
1735553561, 52, 14, 41, 0, 0, 0.17%, 8, 0, 7, 139.52
1735553566, 52, 16, 41, 0, 0, 0.17%, 8, 0, 7, 144.63
1735553571, 52, 34, 41, 0, 0, 0.17%, 8, 0, 7, 161.28
1735553596, 53, 11, 41, 0, 0, 0.17%, 8, 0, 7, 162.12
1735553602, 53, 12, 41, 0, 0, 0.17%, 8, 0, 7, 141.11
1735553607, 53, 14, 41, 0, 0, 0.17%, 8, 0, 7, 137.98
1735553612, 53, 16, 41, 0, 0, 0.17%, 8, 0, 7, 135.50
1735553617, 53, 17, 41, 0, 0, 0.17%, 8, 0, 7, 139.40
1735553637, 53, 26, 41, 0, 0, 0.17%, 8, 0, 7, 140.34
1735553658, 53, 37, 41, 0, 0, 0.17%, 8, 0, 7, 156.75
1735553688, 54, 12, 41, 0, 0, 0.17%, 8, 0, 7, 137.59
1735553694, 54, 14, 41, 0, 0, 0.17%, 8, 0, 7, 134.92
1735553699, 54, 16, 41, 0, 0, 0.17%, 8, 0, 7, 137.85
1735553704, 55, 12, 41, 0, 0, 0.17%, 8, 0, 7, 137.56
1735553709, 55, 14, 41, 0, 0, 0.17%, 8, 0, 7, 145.02
1735553714, 55, 16, 41, 0, 0, 0.17%, 8, 0, 7, 140.74
1735553719, 55, 18, 41, 0, 0, 0.17%, 8, 0, 7, 144.21
1735553740, 55, 31, 41, 0, 0, 0.17%, 8, 0, 7, 170.07
1735553770, 56, 12, 41, 0, 0, 0.17%, 8, 0, 7, 130.39
1735553776, 56, 14, 41, 0, 0, 0.17%, 8, 0, 7, 140.46
1735553781, 56, 16, 41, 0, 0, 0.17%, 8, 0, 7, 135.60
1735553791, 56, 25, 41, 0, 0, 0.17%, 8, 0, 7, 146.70
1735553806, 56, 30, 41, 0, 0, 0.17%, 8, 0, 7, 158.69
1735553827, 57, 11, 41, 0, 0, 0.17%, 8, 0, 7, 144.34
1735553832, 57, 12, 41, 0, 0, 0.17%, 8, 0, 7, 137.45
1735553837, 57, 14, 41, 0, 0, 0.17%, 8, 0, 7, 138.97
1735553842, 57, 16, 41, 0, 0, 0.17%, 8, 0, 7, 135.23
1735553847, 57, 40, 41, 0, 0, 0.17%, 8, 0, 7, 179.46
1735553873, 58, 3, 41, 0, 0, 0.17%, 8, 0, 7, 142.94
1735553878, 58, 11, 41, 0, 0, 0.17%, 8, 0, 7, 139.09
1735553883, 58, 12, 41, 0, 0, 0.17%, 8, 0, 7, 142.51
1735553888, 58, 14, 41, 0, 0, 0.17%, 8, 0, 7, 133.68
1735553893, 58, 16, 41, 0, 0, 0.17%, 8, 0, 7, 132.42
1735553899, 58, 29, 41, 0, 0, 0.17%, 8, 0, 7, 135.44
1735553919, 58, 35, 41, 0, 0, 0.17%, 8, 0, 7, 161.66
1735553939, 59, 11, 41, 0, 0, 0.17%, 8, 0, 7, 126.88
1735553944, 59, 12, 41, 0, 0, 0.17%, 8, 0, 7, 129.91
1735553950, 59, 14, 41, 0, 0, 0.17%, 8, 0, 7, 141.42
1735553955, 59, 16, 41, 0, 0, 0.17%, 8, 0, 7, 141.19
1735553960, 59, 26, 41, 0, 0, 0.17%, 8, 0, 7, 142.51
1735553980, 59, 36, 41, 0, 0, 0.17%, 8, 0, 7, 152.69
1735554011, 60, 12, 41, 0, 0, 0.17%, 8, 0, 7, 140.92
1735554016, 60, 14, 41, 0, 0, 0.17%, 8, 0, 7, 142.19
1735554021, 60, 16, 41, 0, 0, 0.17%, 8, 0, 7, 128.41
1735554026, 61, 12, 41, 0, 0, 0.17%, 8, 0, 7, 136.15
1735554031, 61, 14, 41, 0, 0, 0.17%, 8, 0, 7, 144.96
1735554037, 61, 16, 41, 0, 0, 0.17%, 8, 0, 7, 136.16
1735554042, 62, 11, 41, 0, 0, 0.17%, 8, 0, 7, 139.62
1735554047, 62, 12, 41, 0, 0, 0.17%, 8, 0, 7, 141.34
1735554052, 62, 14, 41, 0, 0, 0.17%, 8, 0, 7, 132.73
1735554057, 62, 16, 41, 0, 0, 0.17%, 8, 0, 7, 142.52
1735554062, 62, 20, 41, 0, 0, 0.17%, 8, 0, 7, 139.65
1735554083, 63, 12, 41, 0, 0, 0.17%, 8, 0, 7, 137.37
1735554088, 63, 14, 41, 0, 0, 0.17%, 8, 0, 7, 129.42
1735554093, 63, 16, 41, 0, 0, 0.17%, 8, 0, 7, 141.36
1735554098, 64, 11, 41, 0, 0, 0.17%, 8, 0, 7, 139.99
1735554103, 64, 12, 41, 0, 0, 0.17%, 8, 0, 7, 137.52
1735554108, 64, 14, 41, 0, 0, 0.17%, 8, 0, 7, 139.57
1735554113, 64, 15, 41, 0, 0, 0.17%, 8, 0, 7, 160.38
1735554134, 64, 16, 41, 0, 0, 0.17%, 8, 0, 7, 134.72
1735554139, 64, 23, 41, 0, 0, 0.17%, 8, 0, 7, 153.05
1735554160, 65, 12, 41, 0, 0, 0.17%, 8, 0, 7, 133.31
1735554165, 65, 14, 41, 0, 0, 0.17%, 8, 0, 7, 137.08
1735554175, 66, 11, 41, 0, 0, 0.17%, 8, 0, 7, 146.36
1735554180, 66, 12, 41, 0, 0, 0.17%, 8, 0, 7, 133.93
1735554186, 66, 14, 41, 0, 0, 0.17%, 8, 0, 7, 134.68
1735554191, 66, 16, 41, 0, 0, 0.17%, 8, 0, 7, 142.17
1735554196, 67, 11, 41, 0, 0, 0.17%, 8, 0, 7, 138.73
1735554201, 67, 12, 41, 0, 0, 0.17%, 8, 0, 7, 137.20
1735554206, 67, 14, 41, 0, 0, 0.17%, 8, 0, 7, 147.35
1735554211, 67, 15, 41, 0, 0, 0.17%, 8, 0, 7, 159.25
1735554232, 67, 16, 41, 0, 0, 0.17%, 8, 0, 7, 137.63
1735554237, 67, 27, 41, 0, 0, 0.17%, 8, 0, 7, 140.55
1735554257, 68, 11, 41, 0, 0, 0.17%, 8, 0, 7, 135.46
1735554262, 68, 12, 41, 0, 0, 0.17%, 8, 0, 7, 135.78
1735554268, 68, 14, 41, 0, 0, 0.17%, 8, 0, 7, 146.49
1735554273, 68, 16, 41, 0, 0, 0.17%, 8, 0, 7, 149.19
1735554278, 68, 19, 41, 0, 0, 0.17%, 8, 0, 7, 140.65
1735554298, 68, 22, 41, 0, 0, 0.17%, 8, 0, 7, 137.77
1735554319, 69, 11, 41, 0, 0, 0.17%, 8, 0, 7, 133.28
1735554324, 69, 12, 41, 0, 0, 0.17%, 8, 0, 7, 136.00
1735554329, 69, 14, 41, 0, 0, 0.17%, 8, 0, 7, 144.87
1735554334, 69, 15, 41, 0, 0, 0.17%, 8, 0, 7, 159.76
1735554350, 69, 16, 41, 0, 0, 0.17%, 8, 0, 7, 138.71
1735554355, 69, 27, 41, 0, 0, 0.17%, 8, 0, 7, 146.01
1735554375, 70, 11, 41, 0, 0, 0.17%, 8, 0, 7, 137.08
1735554380, 70, 12, 41, 0, 0, 0.17%, 8, 0, 7, 140.06
1735554385, 70, 14, 41, 0, 0, 0.17%, 8, 0, 7, 129.23
1735554391, 70, 16, 41, 0, 0, 0.17%, 8, 0, 7, 138.88
1735554396, 70, 20, 41, 0, 0, 0.17%, 8, 0, 7, 141.09
1735554416, 70, 28, 41, 0, 0, 0.17%, 8, 0, 7, 159.46
1735554447, 71, 12, 41, 0, 0, 0.17%, 8, 0, 7, 130.89
1735554452, 71, 14, 41, 0, 0, 0.17%, 8, 0, 7, 135.12
1735554457, 71, 16, 41, 0, 0, 0.17%, 8, 0, 7, 136.08
1735554462, 72, 7, 41, 0, 0, 0.17%, 8, 0, 7, 141.26
1735554468, 72, 11, 41, 0, 0, 0.17%, 8, 0, 7, 137.09
1735554473, 72, 12, 41, 0, 0, 0.17%, 8, 0, 7, 133.33
1735554478, 72, 14, 41, 0, 0, 0.17%, 8, 0, 7, 142.21
1735554483, 72, 16, 41, 0, 0, 0.17%, 8, 0, 7, 133.83
1735554488, 72, 40, 41, 0, 0, 0.17%, 8, 0, 7, 177.23
1735554514, 73, 6, 41, 0, 0, 0.17%, 8, 0, 7, 145.62
1735554519, 73, 10, 41, 0, 0, 0.17%, 8, 0, 7, 138.16
1735554529, 73, 12, 41, 0, 0, 0.17%, 8, 0, 7, 133.82
1735554535, 73, 14, 41, 0, 0, 0.17%, 8, 0, 7, 136.79
1735554540, 73, 16, 41, 0, 0, 0.17%, 8, 0, 7, 136.22
1735554545, 74, 6, 41, 0, 0, 0.17%, 8, 0, 7, 134.79
1735554550, 74, 12, 41, 0, 0, 0.17%, 8, 0, 7, 134.76
1735554555, 74, 14, 41, 0, 0, 0.17%, 8, 0, 7, 134.84
1735554560, 74, 16, 41, 0, 0, 0.17%, 8, 0, 7, 133.37
1735554565, 74, 22, 41, 0, 0, 0.17%, 8, 0, 7, 141.54
1735554591, 74, 25, 41, 0, 0, 0.17%, 8, 0, 7, 144.91
1735554612, 74, 26, 41, 0, 0, 0.17%, 8, 0, 7, 136.82
1735554632, 75, 12, 41, 0, 0, 0.17%, 8, 0, 7, 134.62
1735554638, 75, 14, 41, 0, 0, 0.17%, 8, 0, 7, 142.75
1735554643, 75, 16, 41, 0, 0, 0.17%, 8, 0, 7, 136.47
1735554648, 75, 31, 41, 0, 0, 0.17%, 8, 0, 7, 157.92
1735554678, 75, 32, 41, 0, 0, 0.17%, 8, 0, 7, 151.39
1735554709, 76, 10, 41, 0, 0, 0.17%, 8, 0, 7, 130.30
1735554719, 76, 11, 41, 0, 0, 0.17%, 8, 0, 7, 138.18
1735554724, 76, 12, 41, 0, 0, 0.17%, 8, 0, 7, 137.18
1735554729, 76, 14, 41, 0, 0, 0.17%, 8, 0, 7, 134.97
1735554735, 76, 16, 41, 0, 0, 0.17%, 8, 0, 7, 127.67
1735554740, 76, 17, 41, 0, 0, 0.17%, 8, 0, 7, 132.15
1735554760, 76, 26, 41, 0, 0, 0.17%, 8, 0, 7, 140.54
1735554781, 77, 12, 41, 0, 0, 0.17%, 8, 0, 7, 147.72
1735554786, 77, 14, 41, 0, 0, 0.17%, 8, 0, 7, 144.68
1735554791, 77, 16, 41, 0, 0, 0.17%, 8, 0, 7, 144.12
1735554796, 77, 17, 41, 0, 0, 0.17%, 8, 0, 7, 134.13
1735554817, 77, 32, 41, 0, 0, 0.17%, 8, 0, 7, 153.25
1735554847, 78, 12, 41, 0, 0, 0.17%, 8, 0, 7, 140.13
1735554852, 78, 14, 41, 0, 0, 0.17%, 8, 0, 7, 138.65
1735554858, 78, 16, 41, 0, 0, 0.17%, 8, 0, 7, 136.27
1735554863, 79, 11, 41, 0, 0, 0.17%, 8, 0, 7, 134.68
1735554868, 79, 12, 41, 0, 0, 0.17%, 8, 0, 7, 127.86
1735554873, 79, 14, 41, 0, 0, 0.17%, 8, 0, 7, 141.64
1735554878, 79, 16, 41, 0, 0, 0.17%, 8, 0, 7, 141.97
1735554883, 79, 28, 41, 0, 0, 0.17%, 8, 0, 7, 167.76
1735554914, 79, 35, 41, 0, 0, 0.17%, 8, 0, 7, 167.48
1735554929, 79, 38, 41, 0, 0, 0.17%, 8, 0, 7, 156.89
1735554960, 80, 11, 41, 0, 0, 0.17%, 8, 0, 7, 145.88
1735554965, 80, 12, 41, 0, 0, 0.17%, 8, 0, 7, 137.87
1735554970, 80, 14, 41, 0, 0, 0.17%, 8, 0, 7, 135.92
1735554975, 80, 16, 41, 0, 0, 0.17%, 8, 0, 7, 133.17
1735554980, 81, 4, 41, 0, 0, 0.17%, 8, 0, 7, 139.65
1735554985, 81, 12, 41, 0, 0, 0.17%, 8, 0, 7, 131.30
1735554991, 81, 14, 41, 0, 0, 0.17%, 8, 0, 7, 133.32
1735554996, 81, 16, 41, 0, 0, 0.17%, 8, 0, 7, 140.23
1735555001, 81, 31, 41, 0, 0, 0.17%, 8, 0, 7, 139.95
1735555032, 82, 12, 41, 0, 0, 0.17%, 8, 0, 7, 134.60
1735555037, 82, 14, 41, 0, 0, 0.17%, 8, 0, 7, 133.72
1735555042, 82, 16, 41, 0, 0, 0.17%, 8, 0, 7, 141.51
1735555047, 83, 11, 41, 0, 0, 0.17%, 8, 0, 7, 140.41
1735555052, 83, 12, 41, 0, 0, 0.17%, 8, 0, 7, 139.25
1735555057, 83, 14, 41, 0, 0, 0.17%, 8, 0, 7, 134.40
1735555062, 83, 16, 41, 0, 0, 0.17%, 8, 0, 7, 138.27
1735555068, 83, 22, 41, 0, 0, 0.17%, 8, 0, 7, 139.58
1735555088, 83, 36, 41, 0, 0, 0.17%, 8, 0, 7, 139.40
1735555119, 84, 11, 41, 0, 0, 0.17%, 8, 0, 7, 147.34
1735555124, 84, 12, 41, 0, 0, 0.17%, 8, 0, 7, 142.13
1735555129, 84, 16, 41, 0, 0, 0.17%, 8, 0, 7, 142.77
1735555135, 84, 20, 41, 0, 0, 0.17%, 8, 0, 7, 141.57
1735555155, 84, 36, 41, 0, 0, 0.17%, 8, 0, 7, 148.17
1735555186, 85, 11, 41, 0, 0, 0.17%, 8, 0, 7, 142.45
1735555191, 85, 12, 41, 0, 0, 0.17%, 8, 0, 7, 139.01
1735555196, 85, 13, 41, 0, 0, 0.17%, 8, 0, 7, 136.69
1735555216, 85, 14, 41, 0, 0, 0.17%, 8, 0, 7, 145.08
1735555222, 85, 16, 41, 0, 0, 0.17%, 8, 0, 7, 138.35
1735555227, 85, 28, 41, 0, 0, 0.17%, 8, 0, 7, 159.26
1735555257, 85, 30, 41, 0, 0, 0.17%, 8, 0, 7, 161.04
1735555273, 85, 39, 41, 0, 0, 0.17%, 8, 0, 7, 160.10
1735555293, 86, 11, 41, 0, 0, 0.17%, 8, 0, 7, 137.61
1735555298, 86, 12, 41, 0, 0, 0.17%, 8, 0, 7, 145.23
1735555303, 86, 13, 41, 0, 0, 0.17%, 8, 0, 7, 134.77
1735555324, 86, 14, 41, 0, 0, 0.17%, 8, 0, 7, 138.09
1735555329, 86, 16, 41, 0, 0, 0.17%, 8, 0, 7, 135.27
1735555334, 86, 28, 41, 0, 0, 0.17%, 8, 0, 7, 159.99
1735555365, 87, 11, 41, 0, 0, 0.17%, 8, 0, 7, 123.08
1735555370, 87, 12, 41, 0, 0, 0.17%, 8, 0, 7, 140.25
1735555375, 87, 14, 41, 0, 0, 0.17%, 8, 0, 7, 144.39
1735555380, 87, 16, 41, 0, 0, 0.17%, 8, 0, 7, 146.80
1735555385, 87, 26, 41, 0, 0, 0.17%, 8, 0, 7, 143.46
1735555405, 88, 12, 41, 0, 0, 0.17%, 8, 0, 7, 146.79
1735555416, 88, 14, 41, 0, 0, 0.17%, 8, 0, 7, 129.28
1735555421, 88, 16, 41, 0, 0, 0.17%, 8, 0, 7, 132.69
1735555426, 88, 30, 41, 0, 0, 0.17%, 8, 0, 7, 155.72
1735555441, 89, 3, 41, 0, 0, 0.17%, 8, 0, 7, 150.79
1735555446, 89, 12, 41, 0, 0, 0.17%, 8, 0, 7, 140.57
1735555451, 89, 14, 41, 0, 0, 0.17%, 8, 0, 7, 137.86
1735555457, 89, 16, 41, 0, 0, 0.17%, 8, 0, 7, 138.17
1735555462, 89, 23, 41, 0, 0, 0.17%, 8, 0, 7, 144.39
1735555482, 89, 26, 41, 0, 0, 0.17%, 8, 0, 7, 140.00
1735555493, 89, 31, 41, 0, 0, 0.17%, 8, 0, 7, 162.13
1735555523, 90, 12, 41, 0, 0, 0.17%, 8, 0, 7, 140.91
1735555528, 90, 14, 41, 0, 0, 0.17%, 8, 0, 7, 133.78
1735555534, 90, 16, 41, 0, 0, 0.17%, 8, 0, 7, 133.22
1735555539, 90, 21, 41, 0, 0, 0.17%, 8, 0, 7, 147.49
1735555559, 91, 11, 41, 0, 0, 0.17%, 8, 0, 7, 138.35
1735555564, 91, 12, 41, 0, 0, 0.17%, 8, 0, 7, 129.73
1735555569, 91, 14, 41, 0, 0, 0.17%, 8, 0, 7, 132.02
1735555574, 91, 16, 41, 0, 0, 0.17%, 8, 0, 7, 141.61
1735555580, 91, 26, 41, 0, 0, 0.17%, 8, 0, 7, 138.49
1735555590, 91, 33, 41, 0, 0, 0.17%, 8, 0, 7, 172.23
1735555610, 91, 38, 41, 0, 0, 0.17%, 8, 0, 7, 183.35
1735555636, 91, 39, 41, 0, 0, 0.17%, 8, 0, 7, 175.13
1735555656, 92, 12, 41, 0, 0, 0.17%, 8, 0, 7, 140.91
1735555661, 92, 14, 41, 0, 0, 0.17%, 8, 0, 7, 144.09
1735555666, 92, 16, 41, 0, 0, 0.17%, 8, 0, 7, 136.02
1735555672, 92, 27, 41, 0, 0, 0.17%, 8, 0, 7, 142.66
1735555692, 92, 36, 41, 0, 0, 0.17%, 8, 0, 7, 140.95
1735555723, 92, 39, 41, 0, 0, 0.17%, 8, 0, 7, 156.50
1735555744, 92, 40, 41, 0, 0, 0.17%, 8, 0, 7, 179.36
1735555769, 93, 10, 41, 0, 0, 0.17%, 8, 0, 7, 137.30
1735555785, 93, 12, 41, 0, 0, 0.17%, 8, 0, 7, 135.34
1735555790, 93, 14, 41, 0, 0, 0.17%, 8, 0, 7, 130.60
1735555795, 93, 16, 41, 0, 0, 0.17%, 8, 0, 7, 135.53
1735555800, 94, 11, 41, 0, 0, 0.17%, 8, 0, 7, 136.36
1735555805, 94, 12, 41, 0, 0, 0.17%, 8, 0, 7, 137.07
1735555810, 94, 14, 41, 0, 0, 0.17%, 8, 0, 7, 138.59
1735555816, 94, 16, 41, 0, 0, 0.17%, 8, 0, 7, 141.53
1735555821, 95, 12, 41, 0, 0, 0.17%, 8, 0, 7, 135.26
1735555826, 95, 13, 41, 0, 0, 0.17%, 8, 0, 7, 137.59
1735555846, 95, 14, 41, 0, 0, 0.17%, 8, 0, 7, 146.35
1735555851, 95, 16, 41, 0, 0, 0.17%, 8, 0, 7, 139.93
1735555857, 95, 24, 41, 0, 0, 0.17%, 8, 0, 7, 142.90
1735555877, 95, 25, 41, 0, 0, 0.17%, 8, 0, 7, 153.57
1735555898, 96, 10, 41, 0, 0, 0.17%, 8, 0, 7, 130.18
1735555908, 96, 12, 41, 0, 0, 0.17%, 8, 0, 7, 134.08
1735555913, 96, 14, 41, 0, 0, 0.17%, 8, 0, 7, 136.06
1735555918, 96, 16, 41, 0, 0, 0.17%, 8, 0, 7, 139.27
1735555923, 97, 11, 41, 0, 0, 0.17%, 8, 0, 7, 142.59
1735555929, 97, 12, 41, 0, 0, 0.17%, 8, 0, 7, 140.87
1735555934, 97, 13, 41, 0, 0, 0.17%, 8, 0, 7, 131.19
1735555954, 97, 14, 41, 0, 0, 0.17%, 8, 0, 7, 143.54
1735555959, 97, 16, 41, 0, 0, 0.17%, 8, 0, 7, 133.28
1735555965, 97, 20, 41, 0, 0, 0.17%, 8, 0, 7, 142.23
1735555985, 97, 32, 41, 0, 0, 0.17%, 8, 0, 7, 156.66
1735556010, 97, 35, 41, 0, 0, 0.17%, 8, 0, 7, 155.02
1735556031, 98, 11, 41, 0, 0, 0.17%, 8, 0, 7, 139.22
1735556036, 98, 12, 41, 0, 0, 0.17%, 8, 0, 7, 134.78
1735556041, 98, 14, 41, 0, 0, 0.17%, 8, 0, 7, 144.45
1735556046, 98, 16, 41, 0, 0, 0.17%, 8, 0, 7, 142.67
1735556052, 99, 12, 41, 0, 0, 0.17%, 8, 0, 7, 138.88
1735556057, 99, 14, 41, 0, 0, 0.17%, 8, 0, 7, 146.32
1735556062, 99, 16, 41, 0, 0, 0.17%, 8, 0, 7, 138.99
1735556067, 99, 33, 41, 0, 0, 0.17%, 8, 0, 7, 162.45
1735556087, 100, 12, 41, 0, 0, 0.17%, 8, 0, 7, 143.94
1735556093, 100, 14, 41, 0, 0, 0.17%, 8, 0, 7, 146.83
1735556098, 100, 16, 41, 0, 0, 0.17%, 8, 0, 7, 139.66
1735556103, 100, 34, 41, 0, 0, 0.17%, 8, 0, 7, 167.65
1735556129, 101, 11, 41, 0, 0, 0.17%, 8, 0, 7, 137.85
1735556134, 101, 12, 41, 0, 0, 0.17%, 8, 0, 7, 137.05
1735556139, 101, 14, 41, 0, 0, 0.17%, 8, 0, 7, 137.44
1735556144, 101, 16, 41, 0, 0, 0.17%, 8, 0, 7, 144.95
1735556149, 102, 12, 41, 0, 0, 0.17%, 8, 0, 7, 137.19
1735556154, 102, 14, 41, 0, 0, 0.17%, 8, 0, 7, 139.83
1735556159, 102, 16, 41, 0, 0, 0.17%, 8, 0, 7, 140.52
1735556169, 103, 12, 41, 0, 0, 0.17%, 8, 0, 7, 130.18
1735556175, 103, 14, 41, 0, 0, 0.17%, 8, 0, 7, 142.28
1735556180, 103, 16, 41, 0, 0, 0.17%, 8, 0, 7, 133.18
1735556185, 103, 34, 41, 0, 0, 0.17%, 8, 0, 7, 166.52
1735556215, 104, 10, 41, 0, 0, 0.17%, 8, 0, 7, 135.60
1735556226, 104, 12, 41, 0, 0, 0.17%, 8, 0, 7, 134.75
1735556231, 104, 14, 41, 0, 0, 0.17%, 8, 0, 7, 134.80
1735556236, 104, 16, 41, 0, 0, 0.17%, 8, 0, 7, 130.79
1735556241, 104, 23, 41, 0, 0, 0.17%, 8, 0, 7, 139.94
1735556262, 104, 36, 41, 0, 0, 0.17%, 8, 0, 7, 148.78
1735556293, 105, 11, 41, 0, 0, 0.17%, 8, 0, 7, 149.22
1735556298, 105, 12, 41, 0, 0, 0.17%, 8, 0, 7, 145.97
1735556303, 105, 14, 41, 0, 0, 0.17%, 8, 0, 7, 138.12
1735556308, 105, 16, 41, 0, 0, 0.17%, 8, 0, 7, 139.19
1735556313, 105, 40, 41, 0, 0, 0.17%, 8, 0, 7, 180.49
1735556344, 106, 12, 41, 0, 0, 0.17%, 8, 0, 7, 134.44
1735556349, 106, 14, 41, 0, 0, 0.17%, 8, 0, 7, 140.23
1735556354, 106, 16, 41, 0, 0, 0.17%, 8, 0, 7, 145.00
1735556359, 106, 17, 41, 0, 0, 0.17%, 8, 0, 7, 140.65
1735556380, 106, 22, 41, 0, 0, 0.17%, 8, 0, 7, 137.86
1735556401, 106, 27, 41, 0, 0, 0.17%, 8, 0, 7, 145.08
1735556421, 106, 36, 41, 0, 0, 0.17%, 8, 0, 7, 133.98
1735556437, 106, 37, 41, 0, 0, 0.17%, 8, 0, 7, 155.92
1735556468, 107, 12, 41, 0, 0, 0.17%, 8, 0, 7, 141.19
1735556473, 107, 14, 41, 0, 0, 0.17%, 8, 0, 7, 131.24
1735556478, 107, 16, 41, 0, 0, 0.17%, 8, 0, 7, 136.07
1735556483, 107, 32, 41, 0, 0, 0.17%, 8, 0, 7, 145.93
1735556514, 108, 11, 41, 0, 0, 0.17%, 8, 0, 7, 156.53
1735556519, 108, 12, 41, 0, 0, 0.17%, 8, 0, 7, 143.36
1735556524, 108, 14, 41, 0, 0, 0.17%, 8, 0, 7, 139.79
1735556529, 108, 16, 41, 0, 0, 0.17%, 8, 0, 7, 134.03
1735556534, 108, 24, 41, 0, 0, 0.17%, 8, 0, 7, 138.98
1735556555, 109, 11, 41, 0, 0, 0.17%, 8, 0, 7, 143.57
1735556560, 109, 12, 41, 0, 0, 0.17%, 8, 0, 7, 131.14
1735556565, 109, 14, 41, 0, 0, 0.17%, 8, 0, 7, 147.26
1735556570, 109, 16, 41, 0, 0, 0.17%, 8, 0, 7, 142.03
1735556575, 109, 30, 41, 0, 0, 0.17%, 8, 0, 7, 153.90
1735556596, 109, 39, 41, 0, 0, 0.17%, 8, 0, 7, 182.37
1735556611, 110, 11, 41, 0, 0, 0.17%, 8, 0, 7, 141.71
1735556616, 110, 12, 41, 0, 0, 0.17%, 8, 0, 7, 137.76
1735556621, 110, 14, 41, 0, 0, 0.17%, 8, 0, 7, 138.69
1735556626, 110, 15, 41, 0, 0, 0.17%, 8, 0, 7, 154.72
1735556647, 110, 16, 41, 0, 0, 0.17%, 8, 0, 7, 141.23
1735556652, 110, 39, 41, 0, 0, 0.17%, 8, 0, 7, 176.11
1735556667, 111, 11, 41, 0, 0, 0.17%, 8, 0, 7, 145.41
1735556672, 111, 12, 41, 0, 0, 0.17%, 8, 0, 7, 147.24
1735556677, 111, 14, 41, 0, 0, 0.17%, 8, 0, 7, 141.83
1735556682, 111, 16, 41, 0, 0, 0.17%, 8, 0, 7, 141.01
1735556688, 111, 24, 41, 0, 0, 0.17%, 8, 0, 7, 138.36
1735556708, 111, 29, 41, 0, 0, 0.17%, 8, 0, 7, 131.99
1735556728, 112, 12, 41, 0, 0, 0.17%, 8, 0, 7, 134.79
1735556733, 112, 14, 41, 0, 0, 0.17%, 8, 0, 7, 137.10
1735556739, 112, 16, 41, 0, 0, 0.17%, 8, 0, 7, 148.29
1735556749, 112, 28, 41, 0, 0, 0.17%, 8, 0, 7, 175.81
1735556775, 112, 39, 41, 0, 0, 0.17%, 8, 0, 7, 164.99
1735556785, 113, 11, 41, 0, 0, 0.17%, 8, 0, 7, 136.94
1735556790, 113, 12, 41, 0, 0, 0.17%, 8, 0, 7, 138.15
1735556795, 113, 14, 41, 0, 0, 0.17%, 8, 0, 7, 144.50
1735556801, 113, 16, 41, 0, 0, 0.17%, 8, 0, 7, 137.06
1735556806, 113, 22, 41, 0, 0, 0.17%, 8, 0, 7, 140.37
1735556826, 113, 35, 41, 0, 0, 0.17%, 8, 0, 7, 168.16
1735556842, 114, 1, 41, 0, 0, 0.17%, 8, 0, 7, 145.64
1735556847, 114, 11, 41, 0, 0, 0.17%, 8, 0, 7, 140.24
1735556852, 114, 12, 41, 0, 0, 0.17%, 8, 0, 7, 133.55
1735556857, 114, 14, 41, 0, 0, 0.17%, 8, 0, 7, 145.41
1735556862, 114, 16, 41, 0, 0, 0.17%, 8, 0, 7, 142.61
1735556867, 114, 36, 41, 0, 0, 0.17%, 8, 0, 7, 148.08
1735556883, 115, 12, 41, 0, 0, 0.17%, 8, 0, 7, 136.76
1735556888, 115, 14, 41, 0, 0, 0.17%, 8, 0, 7, 138.53
1735556893, 115, 16, 41, 0, 0, 0.17%, 8, 0, 7, 146.26
1735556898, 115, 18, 41, 0, 0, 0.17%, 8, 0, 7, 144.66
1735556919, 115, 36, 41, 0, 0, 0.17%, 8, 0, 7, 146.59
1735556934, 116, 11, 41, 0, 0, 0.17%, 8, 0, 7, 134.65
1735556939, 116, 12, 41, 0, 0, 0.17%, 8, 0, 7, 126.40
1735556944, 116, 14, 41, 0, 0, 0.17%, 8, 0, 7, 133.38
1735556949, 116, 16, 41, 0, 0, 0.17%, 8, 0, 7, 139.68
1735556955, 116, 24, 41, 0, 0, 0.17%, 8, 0, 7, 140.63
1735556975, 116, 25, 41, 0, 0, 0.17%, 8, 0, 7, 147.29
1735556996, 117, 10, 41, 0, 0, 0.17%, 8, 0, 7, 130.86
1735557006, 117, 12, 41, 0, 0, 0.17%, 8, 0, 7, 143.63
1735557011, 117, 14, 41, 0, 0, 0.17%, 8, 0, 7, 135.16
1735557016, 117, 16, 41, 0, 0, 0.17%, 8, 0, 7, 145.87
1735557021, 117, 31, 41, 0, 0, 0.17%, 8, 0, 7, 151.19
1735557052, 117, 39, 41, 0, 0, 0.17%, 8, 0, 7, 169.44
1735557062, 118, 12, 41, 0, 0, 0.17%, 8, 0, 7, 133.58
1735557067, 118, 14, 41, 0, 0, 0.17%, 8, 0, 7, 129.16
1735557073, 118, 16, 41, 0, 0, 0.17%, 8, 0, 7, 133.81
1735557078, 118, 20, 41, 0, 0, 0.17%, 8, 0, 7, 142.39
1735557099, 118, 33, 41, 0, 0, 0.17%, 8, 0, 7, 163.12
1735557119, 119, 11, 41, 0, 0, 0.17%, 8, 0, 7, 139.55
1735557124, 119, 12, 41, 0, 0, 0.17%, 8, 0, 7, 141.65
1735557130, 119, 14, 41, 0, 0, 0.17%, 8, 0, 7, 138.25
1735557135, 119, 16, 41, 0, 0, 0.17%, 8, 0, 7, 141.27
1735557140, 120, 12, 41, 0, 0, 0.17%, 8, 0, 7, 141.05
1735557145, 120, 14, 41, 0, 0, 0.17%, 8, 0, 7, 140.13
1735557150, 120, 16, 41, 0, 0, 0.17%, 8, 0, 7, 137.18
1735557160, 121, 12, 41, 0, 0, 0.17%, 8, 0, 7, 144.58
1735557166, 121, 14, 41, 0, 0, 0.17%, 8, 0, 7, 138.82
1735557171, 121, 16, 41, 0, 0, 0.17%, 8, 0, 7, 143.91
1735557176, 122, 12, 41, 0, 0, 0.17%, 8, 0, 7, 136.04
1735557181, 122, 14, 41, 0, 0, 0.17%, 8, 0, 7, 136.08
1735557186, 122, 16, 41, 0, 0, 0.17%, 8, 0, 7, 137.78
1735557196, 123, 12, 41, 0, 0, 0.17%, 8, 0, 7, 132.00
1735557201, 123, 14, 41, 0, 0, 0.17%, 8, 0, 7, 141.22
1735557206, 123, 16, 41, 0, 0, 0.17%, 8, 0, 7, 140.28
1735557212, 123, 21, 41, 0, 0, 0.17%, 8, 0, 7, 151.74
1735557232, 124, 11, 41, 0, 0, 0.17%, 8, 0, 7, 127.65
1735557237, 124, 12, 41, 0, 0, 0.17%, 8, 0, 7, 133.95
1735557243, 124, 14, 41, 0, 0, 0.17%, 8, 0, 7, 140.48
1735557248, 124, 16, 41, 0, 0, 0.17%, 8, 0, 7, 139.52
1735557253, 124, 18, 41, 0, 0, 0.17%, 8, 0, 7, 154.49
1735557273, 124, 23, 41, 0, 0, 0.17%, 8, 0, 7, 151.73
1735557289, 124, 40, 41, 0, 0, 0.17%, 8, 0, 7, 163.83
1735557319, 125, 12, 41, 0, 0, 0.17%, 8, 0, 7, 140.65
1735557325, 125, 14, 41, 0, 0, 0.17%, 8, 0, 7, 134.24
1735557330, 125, 16, 41, 0, 0, 0.17%, 8, 0, 7, 141.01
1735557335, 125, 18, 41, 0, 0, 0.17%, 8, 0, 7, 146.76
1735557355, 126, 12, 41, 0, 0, 0.17%, 8, 0, 7, 142.72
1735557361, 126, 14, 41, 0, 0, 0.17%, 8, 0, 7, 145.09
1735557366, 126, 16, 41, 0, 0, 0.17%, 8, 0, 7, 147.71
1735557371, 126, 22, 41, 0, 0, 0.17%, 8, 0, 7, 149.71
1735557381, 126, 35, 41, 0, 0, 0.17%, 8, 0, 7, 143.39
1735557402, 127, 0, 41, 0, 0, 0.17%, 8, 0, 7, 143.10
1735557407, 127, 12, 41, 0, 0, 0.17%, 8, 0, 7, 137.43
1735557412, 127, 14, 41, 0, 0, 0.17%, 8, 0, 7, 140.44
1735557417, 127, 16, 41, 0, 0, 0.17%, 8, 0, 7, 143.06
1735557422, 127, 27, 41, 0, 0, 0.17%, 8, 0, 7, 139.58
1735557443, 127, 31, 41, 0, 0, 0.17%, 8, 0, 7, 141.35
1735557458, 127, 35, 41, 0, 0, 0.17%, 8, 0, 7, 176.11
1735557478, 127, 36, 41, 0, 0, 0.17%, 8, 0, 7, 145.77
1735557484, 128, 11, 41, 0, 0, 0.17%, 8, 0, 7, 137.66
1735557489, 128, 12, 41, 0, 0, 0.17%, 8, 0, 7, 143.18
1735557494, 128, 14, 41, 0, 0, 0.17%, 8, 0, 7, 134.34
1735557499, 128, 16, 41, 0, 0, 0.17%, 8, 0, 7, 137.26
1735557504, 128, 27, 41, 0, 0, 0.17%, 8, 0, 7, 142.33
1735557525, 128, 28, 41, 0, 0, 0.17%, 8, 0, 7, 165.00
1735557555, 128, 35, 41, 0, 0, 0.17%, 8, 0, 7, 153.57
1735557561, 129, 11, 41, 0, 0, 0.17%, 8, 0, 7, 150.01
1735557566, 129, 12, 41, 0, 0, 0.17%, 8, 0, 7, 144.55
1735557571, 129, 14, 41, 0, 0, 0.17%, 8, 0, 7, 137.71
1735557576, 129, 16, 41, 0, 0, 0.17%, 8, 0, 7, 141.85
1735557581, 130, 11, 41, 0, 0, 0.17%, 8, 0, 7, 136.89
1735557586, 130, 12, 41, 0, 0, 0.17%, 8, 0, 7, 134.28
1735557592, 130, 14, 41, 0, 0, 0.17%, 8, 0, 7, 142.57
1735557597, 130, 16, 41, 0, 0, 0.17%, 8, 0, 7, 139.55
1735557602, 130, 21, 41, 0, 0, 0.17%, 8, 0, 7, 146.04
1735557622, 130, 33, 41, 0, 0, 0.17%, 8, 0, 7, 174.07
1735557643, 131, 11, 41, 0, 0, 0.17%, 8, 0, 7, 138.48
1735557648, 131, 12, 41, 0, 0, 0.17%, 8, 0, 7, 140.03
1735557653, 131, 14, 41, 0, 0, 0.17%, 8, 0, 7, 132.29
1735557658, 131, 16, 41, 0, 0, 0.17%, 8, 0, 7, 136.93
1735557663, 131, 29, 41, 0, 0, 0.17%, 8, 0, 7, 138.97
1735557684, 132, 11, 41, 0, 0, 0.17%, 8, 0, 7, 133.59
1735557689, 132, 12, 41, 0, 0, 0.17%, 8, 0, 7, 145.08
1735557694, 132, 14, 41, 0, 0, 0.17%, 8, 0, 7, 139.97
1735557699, 132, 16, 41, 0, 0, 0.17%, 8, 0, 7, 134.13
1735557705, 132, 30, 41, 0, 0, 0.17%, 8, 0, 7, 153.24
1735557725, 133, 12, 41, 0, 0, 0.17%, 8, 0, 7, 126.29
1735557735, 133, 14, 41, 0, 0, 0.17%, 8, 0, 7, 135.62
1735557740, 133, 15, 41, 0, 0, 0.17%, 8, 0, 7, 159.06
1735557756, 133, 16, 41, 0, 0, 0.17%, 8, 0, 7, 143.46
1735557761, 134, 12, 41, 0, 0, 0.17%, 8, 0, 7, 141.02
1735557766, 134, 14, 41, 0, 0, 0.17%, 8, 0, 7, 136.38
1735557771, 134, 16, 41, 0, 0, 0.17%, 8, 0, 7, 140.74
1735557776, 134, 38, 41, 0, 0, 0.17%, 8, 0, 7, 159.00
1735557807, 135, 12, 41, 0, 0, 0.17%, 8, 0, 7, 145.63
1735557812, 135, 14, 41, 0, 0, 0.17%, 8, 0, 7, 132.65
1735557817, 135, 16, 41, 0, 0, 0.17%, 8, 0, 7, 133.02
1735557822, 135, 20, 41, 0, 0, 0.17%, 8, 0, 7, 138.27
1735557843, 135, 36, 41, 0, 0, 0.17%, 8, 0, 7, 139.51
1735557853, 136, 12, 41, 0, 0, 0.17%, 8, 0, 7, 147.51
1735557858, 136, 14, 41, 0, 0, 0.17%, 8, 0, 7, 134.38
1735557864, 136, 16, 41, 0, 0, 0.17%, 8, 0, 7, 137.06
1735557869, 137, 0, 41, 0, 0, 0.17%, 8, 0, 7, 139.93
1735557874, 137, 12, 41, 0, 0, 0.17%, 8, 0, 7, 141.10
1735557879, 137, 14, 41, 0, 0, 0.17%, 8, 0, 7, 143.18
1735557884, 137, 16, 41, 0, 0, 0.17%, 8, 0, 7, 145.20
1735557895, 137, 22, 41, 0, 0, 0.17%, 8, 0, 7, 138.24
1735557900, 137, 24, 41, 0, 0, 0.17%, 8, 0, 7, 140.57
1735557925, 138, 12, 41, 0, 0, 0.17%, 8, 0, 7, 127.51
1735557931, 138, 14, 41, 0, 0, 0.17%, 8, 0, 7, 132.58
1735557936, 138, 15, 41, 0, 0, 0.17%, 8, 0, 7, 151.01
1735557946, 138, 16, 41, 0, 0, 0.17%, 8, 0, 7, 135.14
1735557951, 138, 31, 41, 0, 0, 0.17%, 8, 0, 7, 152.42
1735557967, 139, 11, 41, 0, 0, 0.17%, 8, 0, 7, 143.82
1735557972, 139, 12, 41, 0, 0, 0.17%, 8, 0, 7, 131.48
1735557977, 139, 14, 41, 0, 0, 0.17%, 8, 0, 7, 140.21
1735557982, 139, 16, 41, 0, 0, 0.17%, 8, 0, 7, 140.77
1735557987, 139, 39, 41, 0, 0, 0.17%, 8, 0, 7, 165.92
1735557997, 139, 40, 41, 0, 0, 0.17%, 8, 0, 7, 179.77
1735558012, 140, 11, 41, 0, 0, 0.17%, 8, 0, 7, 140.87
1735558017, 140, 14, 41, 0, 0, 0.17%, 8, 0, 7, 140.17
1735558028, 140, 16, 41, 0, 0, 0.17%, 8, 0, 7, 140.04
1735558033, 140, 27, 41, 0, 0, 0.17%, 8, 0, 7, 137.73
1735558043, 140, 40, 41, 0, 0, 0.17%, 8, 0, 7, 181.74
1735558053, 141, 11, 41, 0, 0, 0.17%, 8, 0, 7, 138.00
1735558058, 141, 12, 41, 0, 0, 0.17%, 8, 0, 7, 135.59
1735558063, 141, 14, 41, 0, 0, 0.17%, 8, 0, 7, 137.22
1735558069, 141, 16, 41, 0, 0, 0.17%, 8, 0, 7, 137.04
1735558074, 142, 11, 41, 0, 0, 0.17%, 8, 0, 7, 138.48
1735558079, 142, 12, 41, 0, 0, 0.17%, 8, 0, 7, 135.88
1735558084, 142, 14, 41, 0, 0, 0.17%, 8, 0, 7, 140.62
1735558089, 142, 16, 41, 0, 0, 0.17%, 8, 0, 7, 141.55
1735558094, 142, 30, 41, 0, 0, 0.17%, 8, 0, 7, 164.79
1735558115, 143, 11, 41, 0, 0, 0.17%, 8, 0, 7, 141.90
1735558120, 143, 12, 41, 0, 0, 0.17%, 8, 0, 7, 142.39
1735558125, 143, 14, 41, 0, 0, 0.17%, 8, 0, 7, 134.92
1735558130, 143, 15, 41, 0, 0, 0.17%, 8, 0, 7, 151.86
1735558140, 143, 16, 41, 0, 0, 0.17%, 8, 0, 7, 140.10
1735558146, 143, 26, 41, 0, 0, 0.17%, 8, 0, 7, 137.73
1735558156, 143, 31, 41, 0, 0, 0.17%, 8, 0, 7, 159.15
1735558171, 143, 40, 41, 0, 0, 0.17%, 8, 0, 7, 186.42
1735558181, 144, 11, 41, 0, 0, 0.17%, 8, 0, 7, 145.97
1735558187, 144, 12, 41, 0, 0, 0.17%, 8, 0, 7, 135.94
1735558192, 144, 13, 41, 0, 0, 0.17%, 8, 0, 7, 141.26
1735558212, 144, 14, 41, 0, 0, 0.17%, 8, 0, 7, 133.35
1735558217, 144, 16, 41, 0, 0, 0.17%, 8, 0, 7, 132.92
1735558223, 144, 31, 41, 0, 0, 0.17%, 8, 0, 7, 156.35
1735558233, 144, 33, 41, 0, 0, 0.17%, 8, 0, 7, 178.07
1735558248, 144, 36, 41, 0, 0, 0.17%, 8, 0, 7, 150.60
