# unix_time, cycles_done, cur_path, paths_total, pending_total, pending_favs, map_size, unique_crashes, unique_hangs, max_depth, execs_per_sec
1734986087, 0, 0, 10, 10, 1, 0.01%, 0, 0, 1, 82.64
1734986092, 0, 4, 10, 10, 1, 0.01%, 0, 0, 1, 103.16
1734986102, 0, 5, 10, 9, 0, 0.01%, 0, 0, 1, 107.73
1734986107, 0, 6, 10, 8, 0, 0.01%, 0, 0, 1, 103.03
1734986117, 0, 7, 10, 7, 0, 0.01%, 0, 0, 1, 100.51
1734986127, 0, 8, 10, 6, 0, 0.01%, 0, 0, 1, 98.90
1734986137, 0, 9, 10, 5, 0, 0.01%, 0, 0, 1, 99.22
1734986148, 1, 0, 10, 4, 0, 0.01%, 0, 0, 1, 98.33
1734986163, 1, 1, 10, 3, 0, 0.01%, 0, 0, 1, 89.78
1734986173, 1, 2, 10, 2, 0, 0.01%, 0, 0, 1, 94.17
1734986188, 1, 3, 10, 1, 0, 0.01%, 0, 0, 1, 106.01
1734986198, 1, 4, 10, 0, 0, 0.01%, 0, 0, 1, 104.07
1734986203, 1, 6, 10, 0, 0, 0.01%, 0, 0, 1, 104.94
1734986208, 1, 7, 10, 0, 0, 0.01%, 0, 0, 1, 101.96
1734986214, 1, 9, 10, 0, 0, 0.01%, 0, 0, 1, 103.58
1734986219, 2, 0, 10, 0, 0, 0.01%, 0, 0, 1, 101.99
1734986224, 2, 1, 10, 0, 0, 0.01%, 0, 0, 1, 103.13
1734986229, 2, 3, 10, 0, 0, 0.01%, 0, 0, 1, 101.92
1734986234, 2, 4, 10, 0, 0, 0.01%, 0, 0, 1, 100.12
1734986239, 2, 5, 10, 0, 0, 0.01%, 0, 0, 1, 101.26
1734986244, 2, 7, 10, 0, 0, 0.01%, 0, 0, 1, 102.49
1734986249, 2, 8, 10, 0, 0, 0.01%, 0, 0, 1, 100.99
1734986254, 3, 0, 10, 0, 0, 0.01%, 0, 0, 1, 103.67
1734986259, 3, 1, 10, 0, 0, 0.01%, 0, 0, 1, 103.49
1734986264, 3, 3, 10, 0, 0, 0.01%, 0, 0, 1, 102.49
1734986269, 3, 4, 10, 0, 0, 0.01%, 0, 0, 1, 102.04
1734986274, 3, 5, 10, 0, 0, 0.01%, 0, 0, 1, 102.34
1734986279, 3, 7, 10, 0, 0, 0.01%, 0, 0, 1, 101.96
1734986284, 3, 8, 10, 0, 0, 0.01%, 0, 0, 1, 100.17
1734986289, 4, 0, 10, 0, 0, 0.01%, 0, 0, 1, 101.32
1734986295, 4, 1, 10, 0, 0, 0.01%, 0, 0, 1, 101.39
1734986300, 4, 2, 10, 0, 0, 0.01%, 0, 0, 1, 101.81
1734986305, 4, 4, 10, 0, 0, 0.01%, 0, 0, 1, 101.37
1734986310, 4, 5, 10, 0, 0, 0.01%, 0, 0, 1, 99.70
1734986315, 4, 7, 10, 0, 0, 0.01%, 0, 0, 1, 100.95
1734986320, 4, 8, 10, 0, 0, 0.01%, 0, 0, 1, 101.44
1734986325, 4, 10, 11, 1, 1, 0.16%, 1, 0, 2, 109.64
1734986330, 4, 10, 12, 2, 1, 0.16%, 2, 0, 3, 112.23
1734986411, 4, 11, 12, 1, 1, 0.16%, 2, 0, 3, 116.39
1734986416, 4, 11, 13, 2, 1, 0.16%, 3, 0, 4, 122.66
1734986421, 4, 11, 14, 3, 1, 0.16%, 3, 0, 4, 114.03
1734986447, 4, 11, 15, 4, 1, 0.17%, 4, 0, 4, 112.71
1734986452, 4, 11, 16, 5, 1, 0.17%, 4, 0, 4, 111.15
1734986538, 4, 11, 17, 6, 1, 0.17%, 4, 0, 4, 121.16
1734986548, 4, 12, 17, 5, 2, 0.17%, 4, 0, 4, 122.42
1734986584, 4, 12, 18, 6, 2, 0.17%, 4, 0, 5, 113.19
1734986614, 4, 12, 19, 7, 2, 0.17%, 4, 0, 5, 108.62
1734986705, 4, 12, 20, 8, 2, 0.17%, 4, 0, 5, 117.94
1734986720, 4, 12, 22, 10, 2, 0.17%, 4, 0, 5, 114.91
1734986725, 4, 12, 23, 11, 2, 0.17%, 4, 0, 5, 112.94
1734986730, 4, 19, 24, 11, 1, 0.17%, 5, 0, 6, 134.18
1734986746, 4, 19, 25, 12, 1, 0.17%, 5, 0, 6, 120.98
1734986802, 4, 19, 26, 13, 1, 0.17%, 5, 0, 6, 118.71
1734986807, 4, 19, 27, 14, 1, 0.17%, 5, 0, 6, 115.02
1734986859, 4, 22, 27, 13, 1, 0.17%, 5, 0, 6, 194.65
1734986926, 4, 22, 29, 15, 1, 0.17%, 5, 0, 6, 123.98
1734986941, 4, 23, 29, 14, 1, 0.17%, 5, 0, 6, 151.06
1734987018, 4, 27, 29, 13, 0, 0.17%, 5, 0, 6, 146.93
1734987100, 5, 1, 29, 12, 0, 0.17%, 5, 0, 6, 124.30
1734987105, 5, 10, 29, 12, 0, 0.17%, 5, 0, 6, 123.50
1734987110, 5, 12, 30, 13, 0, 0.17%, 5, 0, 6, 117.63
1734987115, 5, 13, 30, 13, 0, 0.17%, 5, 0, 6, 143.14
1734987166, 5, 13, 31, 14, 0, 0.17%, 5, 0, 6, 126.79
1734987187, 5, 14, 31, 13, 0, 0.17%, 5, 0, 6, 136.46
1734987207, 5, 14, 32, 14, 0, 0.17%, 5, 0, 6, 138.21
1734987212, 5, 14, 33, 15, 0, 0.17%, 5, 0, 6, 141.12
1734987223, 5, 14, 34, 16, 0, 0.17%, 5, 0, 6, 143.12
1734987274, 5, 14, 35, 17, 0, 0.17%, 5, 0, 6, 138.16
1734987305, 5, 19, 35, 16, 0, 0.17%, 5, 0, 6, 135.33
1734987310, 5, 23, 35, 16, 0, 0.17%, 5, 0, 6, 131.85
1734987321, 5, 26, 35, 16, 0, 0.17%, 5, 0, 6, 161.22
1734987412, 5, 26, 36, 17, 0, 0.17%, 6, 0, 7, 151.31
1734987494, 5, 29, 36, 16, 0, 0.17%, 6, 0, 7, 199.91
1734987535, 5, 29, 37, 17, 0, 0.17%, 6, 0, 7, 138.26
1734987597, 5, 29, 38, 18, 0, 0.17%, 6, 0, 7, 156.40
1734987612, 5, 29, 39, 19, 0, 0.17%, 6, 0, 7, 143.96
1734987617, 5, 31, 39, 18, 0, 0.17%, 6, 0, 7, 213.75
1734987669, 5, 36, 39, 17, 0, 0.17%, 6, 0, 7, 199.05
1734987730, 6, 10, 39, 16, 0, 0.17%, 6, 0, 7, 134.45
1734987735, 6, 12, 39, 16, 0, 0.17%, 6, 0, 7, 129.52
1734987740, 6, 15, 39, 16, 0, 0.17%, 6, 0, 7, 130.07
1734987791, 6, 16, 39, 15, 0, 0.17%, 6, 0, 7, 141.58
1734987853, 6, 18, 39, 14, 0, 0.17%, 6, 0, 7, 203.16
1734987914, 6, 19, 39, 13, 0, 0.17%, 6, 0, 7, 127.28
1734987919, 6, 23, 39, 13, 0, 0.17%, 6, 0, 7, 130.49
1734987929, 6, 30, 39, 13, 0, 0.17%, 6, 0, 7, 200.21
1734987986, 7, 10, 39, 12, 0, 0.17%, 6, 0, 7, 131.98
1734987991, 7, 12, 39, 12, 0, 0.17%, 6, 0, 7, 130.63
1734987996, 7, 16, 39, 12, 0, 0.17%, 6, 0, 7, 135.38
1734988001, 7, 23, 39, 12, 0, 0.17%, 6, 0, 7, 129.00
1734988006, 7, 23, 40, 13, 0, 0.17%, 6, 0, 7, 131.06
1734988012, 7, 24, 40, 13, 0, 0.17%, 6, 0, 7, 161.90
1734988068, 7, 35, 40, 12, 0, 0.17%, 6, 0, 7, 185.54
1734988236, 7, 37, 40, 11, 0, 0.17%, 6, 0, 7, 206.77
1734988348, 7, 38, 40, 10, 0, 0.17%, 6, 0, 7, 128.79
1734988644, 8, 6, 40, 9, 0, 0.17%, 6, 0, 7, 126.89
1734988649, 8, 12, 40, 9, 0, 0.17%, 6, 0, 7, 128.29
1734988654, 8, 16, 40, 9, 0, 0.17%, 6, 0, 7, 128.94
1734988659, 8, 17, 40, 9, 0, 0.17%, 6, 0, 7, 132.20
1734988716, 8, 19, 40, 8, 0, 0.17%, 6, 0, 7, 138.32
1734988721, 8, 23, 40, 8, 0, 0.17%, 6, 0, 7, 136.63
1734988726, 8, 27, 40, 8, 0, 0.17%, 6, 0, 7, 137.96
1734988731, 8, 28, 40, 8, 0, 0.17%, 6, 0, 7, 168.03
1734988788, 8, 32, 40, 7, 0, 0.17%, 6, 0, 7, 217.85
1734988864, 8, 34, 40, 6, 0, 0.17%, 6, 0, 7, 191.51
1734988951, 8, 39, 40, 5, 0, 0.17%, 6, 0, 7, 190.24
1734989119, 9, 10, 40, 4, 0, 0.17%, 6, 0, 7, 131.16
1734989124, 9, 12, 40, 4, 0, 0.17%, 6, 0, 7, 123.17
1734989129, 9, 19, 40, 4, 0, 0.17%, 6, 0, 7, 125.14
1734989134, 9, 23, 40, 4, 0, 0.17%, 6, 0, 7, 131.68
1734989140, 10, 6, 40, 4, 0, 0.17%, 6, 0, 7, 131.21
1734989145, 10, 12, 40, 4, 0, 0.17%, 6, 0, 7, 126.04
1734989150, 10, 19, 40, 4, 0, 0.17%, 6, 0, 7, 132.10
1734989155, 10, 23, 40, 4, 0, 0.17%, 6, 0, 7, 136.15
1734989160, 10, 31, 40, 4, 0, 0.17%, 6, 0, 7, 140.01
1734989170, 11, 10, 40, 4, 0, 0.17%, 6, 0, 7, 132.44
1734989175, 11, 12, 40, 4, 0, 0.17%, 6, 0, 7, 129.51
1734989181, 11, 19, 40, 4, 0, 0.17%, 6, 0, 7, 124.06
1734989186, 11, 21, 40, 4, 0, 0.17%, 6, 0, 7, 175.88
1734989242, 11, 23, 40, 3, 0, 0.17%, 6, 0, 7, 132.80
1734989247, 11, 25, 40, 3, 0, 0.17%, 6, 0, 7, 161.77
1734989299, 11, 33, 40, 2, 0, 0.17%, 6, 0, 7, 205.44
1734989355, 12, 10, 40, 1, 0, 0.17%, 6, 0, 7, 128.52
1734989360, 12, 12, 40, 1, 0, 0.17%, 6, 0, 7, 124.97
1734989365, 12, 19, 40, 1, 0, 0.17%, 6, 0, 7, 123.32
1734989370, 12, 23, 40, 1, 0, 0.17%, 6, 0, 7, 131.25
1734989375, 12, 35, 40, 1, 0, 0.17%, 6, 0, 7, 140.59
1734989386, 13, 6, 40, 1, 0, 0.17%, 6, 0, 7, 127.57
1734989391, 13, 12, 40, 1, 0, 0.17%, 6, 0, 7, 130.78
1734989396, 13, 19, 40, 1, 0, 0.17%, 6, 0, 7, 128.12
1734989401, 13, 23, 40, 1, 0, 0.17%, 6, 0, 7, 129.60
1734989406, 14, 10, 40, 1, 0, 0.17%, 6, 0, 7, 131.56
1734989411, 14, 12, 40, 1, 0, 0.17%, 6, 0, 7, 126.66
1734989416, 14, 14, 40, 1, 0, 0.17%, 6, 0, 7, 138.26
1734989422, 14, 15, 40, 1, 0, 0.17%, 6, 0, 7, 136.16
1734989427, 14, 19, 40, 1, 0, 0.17%, 6, 0, 7, 127.43
1734989432, 14, 23, 40, 1, 0, 0.17%, 6, 0, 7, 127.06
1734989437, 14, 30, 40, 1, 0, 0.17%, 6, 0, 7, 133.87
1734989452, 15, 12, 40, 1, 0, 0.17%, 6, 0, 7, 123.10
1734989457, 15, 17, 40, 1, 0, 0.17%, 6, 0, 7, 130.18
1734989462, 15, 19, 40, 1, 0, 0.17%, 6, 0, 7, 131.81
1734989468, 15, 20, 40, 1, 0, 0.17%, 6, 0, 7, 133.41
1734989529, 15, 23, 40, 0, 0, 0.17%, 6, 0, 7, 131.67
1734989534, 15, 28, 40, 0, 0, 0.17%, 6, 0, 7, 132.65
1734989539, 15, 30, 40, 0, 0, 0.17%, 6, 0, 7, 136.16
1734989544, 15, 38, 40, 0, 0, 0.17%, 6, 0, 7, 161.92
1734989559, 16, 12, 40, 0, 0, 0.17%, 6, 0, 7, 127.35
1734989565, 16, 19, 40, 0, 0, 0.17%, 6, 0, 7, 129.41
1734989570, 16, 23, 40, 0, 0, 0.17%, 6, 0, 7, 133.59
1734989580, 16, 29, 40, 0, 0, 0.17%, 6, 0, 7, 134.47
1734989590, 16, 33, 40, 0, 0, 0.17%, 6, 0, 7, 145.27
1734989601, 17, 11, 40, 0, 0, 0.17%, 6, 0, 7, 131.13
1734989606, 17, 12, 40, 0, 0, 0.17%, 6, 0, 7, 122.69
1734989611, 17, 14, 40, 0, 0, 0.17%, 6, 0, 7, 134.16
1734989616, 17, 19, 40, 0, 0, 0.17%, 6, 0, 7, 133.51
1734989621, 17, 23, 40, 0, 0, 0.17%, 6, 0, 7, 128.20
1734989626, 18, 10, 40, 0, 0, 0.17%, 6, 0, 7, 120.65
1734989631, 18, 12, 40, 0, 0, 0.17%, 6, 0, 7, 125.70
1734989636, 18, 19, 40, 0, 0, 0.17%, 6, 0, 7, 128.37
1734989642, 18, 23, 40, 0, 0, 0.17%, 6, 0, 7, 131.56
1734989647, 19, 10, 40, 0, 0, 0.17%, 6, 0, 7, 126.25
1734989652, 19, 12, 40, 0, 0, 0.17%, 6, 0, 7, 124.96
1734989657, 19, 14, 40, 0, 0, 0.17%, 6, 0, 7, 131.12
1734989662, 19, 19, 40, 0, 0, 0.17%, 6, 0, 7, 131.23
1734989667, 19, 23, 40, 0, 0, 0.17%, 6, 0, 7, 131.90
1734989673, 19, 24, 40, 0, 0, 0.17%, 6, 0, 7, 133.09
1734989678, 19, 26, 40, 0, 0, 0.17%, 6, 0, 7, 139.61
1734989683, 20, 6, 40, 0, 0, 0.17%, 6, 0, 7, 133.99
1734989688, 20, 12, 40, 0, 0, 0.17%, 6, 0, 7, 127.00
1734989693, 20, 19, 40, 0, 0, 0.17%, 6, 0, 7, 128.85
1734989698, 20, 23, 40, 0, 0, 0.17%, 6, 0, 7, 125.50
1734989709, 20, 35, 40, 0, 0, 0.17%, 6, 0, 7, 129.64
1734989714, 21, 12, 40, 0, 0, 0.17%, 6, 0, 7, 133.89
1734989719, 21, 19, 40, 0, 0, 0.17%, 6, 0, 7, 125.76
1734989724, 21, 23, 40, 0, 0, 0.17%, 6, 0, 7, 131.02
1734989729, 22, 2, 40, 0, 0, 0.17%, 6, 0, 7, 128.64
1734989734, 22, 12, 40, 0, 0, 0.17%, 6, 0, 7, 126.17
1734989739, 22, 14, 40, 0, 0, 0.17%, 6, 0, 7, 140.91
1734989744, 22, 19, 40, 0, 0, 0.17%, 6, 0, 7, 131.47
1734989749, 22, 21, 40, 0, 0, 0.17%, 6, 0, 7, 137.72
1734989754, 22, 23, 40, 0, 0, 0.17%, 6, 0, 7, 127.83
1734989760, 22, 29, 40, 0, 0, 0.17%, 6, 0, 7, 133.70
1734989765, 22, 33, 40, 0, 0, 0.17%, 6, 0, 7, 135.74
1734989770, 23, 5, 40, 0, 0, 0.17%, 6, 0, 7, 135.61
1734989775, 23, 11, 40, 0, 0, 0.17%, 6, 0, 7, 125.09
1734989780, 23, 12, 40, 0, 0, 0.17%, 6, 0, 7, 129.25
1734989785, 23, 19, 40, 0, 0, 0.17%, 6, 0, 7, 128.02
1734989791, 23, 23, 40, 0, 0, 0.17%, 6, 0, 7, 129.05
1734989796, 24, 10, 40, 0, 0, 0.17%, 6, 0, 7, 132.23
1734989801, 24, 12, 40, 0, 0, 0.17%, 6, 0, 7, 136.10
1734989806, 24, 19, 40, 0, 0, 0.17%, 6, 0, 7, 133.37
1734989811, 24, 23, 40, 0, 0, 0.17%, 6, 0, 7, 132.83
1734989816, 25, 12, 40, 0, 0, 0.17%, 6, 0, 7, 127.64
1734989821, 25, 14, 40, 0, 0, 0.17%, 6, 0, 7, 125.31
1734989827, 25, 19, 40, 0, 0, 0.17%, 6, 0, 7, 137.60
1734989832, 25, 23, 40, 0, 0, 0.17%, 6, 0, 7, 135.43
1734989842, 26, 7, 40, 0, 0, 0.17%, 6, 0, 7, 134.71
1734989847, 26, 12, 40, 0, 0, 0.17%, 6, 0, 7, 124.81
1734989852, 26, 19, 40, 0, 0, 0.17%, 6, 0, 7, 127.89
1734989858, 26, 23, 40, 0, 0, 0.17%, 6, 0, 7, 131.42
1734989863, 26, 28, 40, 0, 0, 0.17%, 6, 0, 7, 132.93
1734989868, 27, 10, 40, 0, 0, 0.17%, 6, 0, 7, 132.99
1734989873, 27, 12, 40, 0, 0, 0.17%, 6, 0, 7, 127.01
1734989878, 27, 19, 40, 0, 0, 0.17%, 6, 0, 7, 124.19
1734989884, 27, 23, 40, 0, 0, 0.17%, 6, 0, 7, 125.63
1734989889, 28, 10, 40, 0, 0, 0.17%, 6, 0, 7, 123.92
1734989894, 28, 12, 40, 0, 0, 0.17%, 6, 0, 7, 124.16
1734989899, 28, 19, 40, 0, 0, 0.17%, 6, 0, 7, 129.68
1734989904, 28, 23, 40, 0, 0, 0.17%, 6, 0, 7, 130.40
1734989909, 28, 34, 40, 0, 0, 0.17%, 6, 0, 7, 146.80
1734989914, 28, 34, 41, 1, 0, 0.17%, 7, 0, 7, 162.16
1734989924, 29, 12, 41, 1, 0, 0.17%, 7, 0, 7, 133.99
1734989929, 29, 19, 41, 1, 0, 0.17%, 7, 0, 7, 135.14
1734989934, 29, 23, 41, 1, 0, 0.17%, 7, 0, 7, 129.34
1734989940, 29, 40, 41, 1, 0, 0.17%, 7, 0, 7, 125.46
1734990068, 30, 12, 41, 0, 0, 0.17%, 7, 0, 7, 128.82
1734990073, 30, 19, 41, 0, 0, 0.17%, 7, 0, 7, 130.55
1734990078, 30, 23, 41, 0, 0, 0.17%, 7, 0, 7, 135.06
1734990083, 31, 5, 41, 0, 0, 0.17%, 7, 0, 7, 130.33
1734990088, 31, 12, 41, 0, 0, 0.17%, 7, 0, 7, 133.15
1734990093, 31, 19, 41, 0, 0, 0.17%, 7, 0, 7, 132.60
1734990098, 31, 23, 41, 0, 0, 0.17%, 7, 0, 7, 132.15
1734990109, 32, 12, 41, 0, 0, 0.17%, 7, 0, 7, 125.12
1734990114, 32, 17, 41, 0, 0, 0.17%, 7, 0, 7, 127.46
1734990119, 32, 19, 41, 0, 0, 0.17%, 7, 0, 7, 129.38
1734990124, 32, 23, 41, 0, 0, 0.17%, 7, 0, 7, 134.42
1734990129, 32, 37, 41, 0, 0, 0.17%, 7, 0, 7, 143.20
1734990144, 33, 6, 41, 0, 0, 0.17%, 7, 0, 7, 130.17
1734990149, 33, 12, 41, 0, 0, 0.17%, 7, 0, 7, 127.45
1734990154, 33, 19, 41, 0, 0, 0.17%, 7, 0, 7, 133.76
1734990165, 33, 23, 41, 0, 0, 0.17%, 7, 0, 7, 127.50
1734990170, 33, 34, 41, 0, 0, 0.17%, 7, 0, 7, 146.86
1734990175, 34, 12, 41, 0, 0, 0.17%, 7, 0, 7, 129.43
1734990180, 34, 19, 41, 0, 0, 0.17%, 7, 0, 7, 127.32
1734990185, 34, 23, 41, 0, 0, 0.17%, 7, 0, 7, 123.98
1734990191, 34, 35, 41, 0, 0, 0.17%, 7, 0, 7, 130.44
1734990196, 35, 10, 41, 0, 0, 0.17%, 7, 0, 7, 128.16
1734990201, 35, 12, 41, 0, 0, 0.17%, 7, 0, 7, 126.77
1734990206, 35, 19, 41, 0, 0, 0.17%, 7, 0, 7, 127.78
1734990211, 35, 23, 41, 0, 0, 0.17%, 7, 0, 7, 127.85
1734990216, 35, 40, 41, 0, 0, 0.17%, 7, 0, 7, 153.88
1734990237, 36, 10, 41, 0, 0, 0.17%, 7, 0, 7, 131.43
1734990242, 36, 12, 41, 0, 0, 0.17%, 7, 0, 7, 131.51
1734990247, 36, 19, 41, 0, 0, 0.17%, 7, 0, 7, 138.08
1734990252, 36, 21, 41, 0, 0, 0.17%, 7, 0, 7, 133.71
1734990257, 36, 23, 41, 0, 0, 0.17%, 7, 0, 7, 129.70
1734990262, 37, 11, 41, 0, 0, 0.17%, 7, 0, 7, 135.47
1734990267, 37, 12, 41, 0, 0, 0.17%, 7, 0, 7, 127.46
1734990272, 37, 19, 41, 0, 0, 0.17%, 7, 0, 7, 126.18
1734990277, 37, 23, 41, 0, 0, 0.17%, 7, 0, 7, 125.87
1734990283, 38, 10, 41, 0, 0, 0.17%, 7, 0, 7, 127.25
1734990288, 38, 12, 41, 0, 0, 0.17%, 7, 0, 7, 126.90
1734990293, 38, 19, 41, 0, 0, 0.17%, 7, 0, 7, 129.18
1734990298, 38, 22, 41, 0, 0, 0.17%, 7, 0, 7, 135.68
1734990303, 38, 23, 41, 0, 0, 0.17%, 7, 0, 7, 135.21
1734990308, 39, 12, 41, 0, 0, 0.17%, 7, 0, 7, 130.92
1734990314, 39, 19, 41, 0, 0, 0.17%, 7, 0, 7, 128.10
1734990319, 39, 23, 41, 0, 0, 0.17%, 7, 0, 7, 133.64
1734990324, 40, 10, 41, 0, 0, 0.17%, 7, 0, 7, 133.15
1734990329, 40, 12, 41, 0, 0, 0.17%, 7, 0, 7, 129.15
1734990334, 40, 19, 41, 0, 0, 0.17%, 7, 0, 7, 133.61
1734990339, 40, 23, 41, 0, 0, 0.17%, 7, 0, 7, 132.97
1734990345, 40, 37, 41, 0, 0, 0.17%, 7, 0, 7, 146.66
1734990350, 41, 10, 41, 0, 0, 0.17%, 7, 0, 7, 134.20
1734990355, 41, 12, 41, 0, 0, 0.17%, 7, 0, 7, 125.57
1734990360, 41, 19, 41, 0, 0, 0.17%, 7, 0, 7, 135.28
1734990365, 41, 23, 41, 0, 0, 0.17%, 7, 0, 7, 133.38
1734990370, 42, 10, 41, 0, 0, 0.17%, 7, 0, 7, 126.08
1734990375, 42, 12, 41, 0, 0, 0.17%, 7, 0, 7, 121.87
1734990380, 42, 19, 41, 0, 0, 0.17%, 7, 0, 7, 127.87
1734990386, 42, 23, 41, 0, 0, 0.17%, 7, 0, 7, 131.34
1734990391, 42, 27, 41, 0, 0, 0.17%, 7, 0, 7, 133.63
1734990396, 43, 12, 41, 0, 0, 0.17%, 7, 0, 7, 135.22
1734990406, 43, 19, 41, 0, 0, 0.17%, 7, 0, 7, 131.11
1734990411, 43, 23, 41, 0, 0, 0.17%, 7, 0, 7, 127.65
1734990416, 44, 7, 41, 0, 0, 0.17%, 7, 0, 7, 129.60
1734990422, 44, 12, 41, 0, 0, 0.17%, 7, 0, 7, 123.41
1734990427, 44, 19, 41, 0, 0, 0.17%, 7, 0, 7, 127.60
1734990432, 44, 21, 41, 0, 0, 0.17%, 7, 0, 7, 132.60
1734990437, 44, 23, 41, 0, 0, 0.17%, 7, 0, 7, 131.34
1734990442, 45, 10, 41, 0, 0, 0.17%, 7, 0, 7, 134.24
1734990447, 45, 12, 41, 0, 0, 0.17%, 7, 0, 7, 127.36
1734990453, 45, 19, 41, 0, 0, 0.17%, 7, 0, 7, 127.98
1734990458, 45, 23, 41, 0, 0, 0.17%, 7, 0, 7, 128.31
1734990463, 46, 8, 41, 0, 0, 0.17%, 7, 0, 7, 132.96
1734990468, 46, 12, 41, 0, 0, 0.17%, 7, 0, 7, 129.47
1734990473, 46, 19, 41, 0, 0, 0.17%, 7, 0, 7, 128.61
1734990478, 46, 23, 41, 0, 0, 0.17%, 7, 0, 7, 131.95
1734990484, 46, 27, 41, 0, 0, 0.17%, 7, 0, 7, 135.01
1734990489, 46, 30, 41, 0, 0, 0.17%, 7, 0, 7, 131.68
1734990494, 47, 10, 41, 0, 0, 0.17%, 7, 0, 7, 123.80
1734990499, 47, 12, 41, 0, 0, 0.17%, 7, 0, 7, 123.74
1734990504, 47, 16, 41, 0, 0, 0.17%, 7, 0, 7, 129.57
1734990509, 47, 19, 41, 0, 0, 0.17%, 7, 0, 7, 133.13
1734990515, 47, 23, 41, 0, 0, 0.17%, 7, 0, 7, 125.94
1734990520, 48, 10, 41, 0, 0, 0.17%, 7, 0, 7, 126.28
1734990525, 48, 12, 41, 0, 0, 0.17%, 7, 0, 7, 125.26
1734990530, 48, 19, 41, 0, 0, 0.17%, 7, 0, 7, 126.01
1734990535, 48, 23, 41, 0, 0, 0.17%, 7, 0, 7, 129.62
1734990540, 48, 24, 41, 0, 0, 0.17%, 7, 0, 7, 126.20
1734990545, 48, 27, 41, 0, 0, 0.17%, 7, 0, 7, 136.92
1734990550, 49, 10, 41, 0, 0, 0.17%, 7, 0, 7, 128.18
1734990555, 49, 12, 41, 0, 0, 0.17%, 7, 0, 7, 128.79
1734990561, 49, 19, 41, 0, 0, 0.17%, 7, 0, 7, 130.20
1734990566, 49, 23, 41, 0, 0, 0.17%, 7, 0, 7, 134.42
1734990571, 49, 31, 41, 0, 0, 0.17%, 7, 0, 7, 132.10
1734990576, 49, 32, 41, 0, 0, 0.17%, 7, 0, 7, 149.12
1734990591, 50, 12, 41, 0, 0, 0.17%, 7, 0, 7, 130.54
1734990602, 50, 13, 41, 0, 0, 0.17%, 7, 0, 7, 132.12
1734990607, 50, 16, 41, 0, 0, 0.17%, 7, 0, 7, 130.42
1734990612, 50, 17, 41, 0, 0, 0.17%, 7, 0, 7, 129.38
1734990617, 50, 19, 41, 0, 0, 0.17%, 7, 0, 7, 124.25
1734990622, 50, 23, 41, 0, 0, 0.17%, 7, 0, 7, 125.19
1734990627, 50, 32, 41, 0, 0, 0.17%, 7, 0, 7, 136.86
1734990638, 51, 12, 41, 0, 0, 0.17%, 7, 0, 7, 127.32
1734990643, 51, 13, 41, 0, 0, 0.17%, 7, 0, 7, 135.75
1734990648, 51, 19, 41, 0, 0, 0.17%, 7, 0, 7, 134.56
1734990653, 51, 21, 41, 0, 0, 0.17%, 7, 0, 7, 137.93
1734990658, 51, 23, 41, 0, 0, 0.17%, 7, 0, 7, 132.22
1734990664, 51, 39, 41, 0, 0, 0.17%, 7, 0, 7, 137.22
1734990674, 52, 8, 41, 0, 0, 0.17%, 7, 0, 7, 125.95
1734990679, 52, 12, 41, 0, 0, 0.17%, 7, 0, 7, 124.53
1734990684, 52, 19, 41, 0, 0, 0.17%, 7, 0, 7, 132.06
1734990689, 52, 23, 41, 0, 0, 0.17%, 7, 0, 7, 129.46
1734990694, 53, 5, 41, 0, 0, 0.17%, 7, 0, 7, 122.97
1734990699, 53, 10, 41, 0, 0, 0.17%, 7, 0, 7, 132.15
1734990705, 53, 12, 41, 0, 0, 0.17%, 7, 0, 7, 128.50
1734990710, 53, 16, 41, 0, 0, 0.17%, 7, 0, 7, 137.66
1734990715, 53, 19, 41, 0, 0, 0.17%, 7, 0, 7, 131.03
1734990720, 53, 23, 41, 0, 0, 0.17%, 7, 0, 7, 123.26
1734990725, 53, 40, 41, 0, 0, 0.17%, 7, 0, 7, 156.57
1734990746, 54, 10, 41, 0, 0, 0.17%, 7, 0, 7, 127.80
1734990751, 54, 12, 41, 0, 0, 0.17%, 7, 0, 7, 132.21
1734990756, 54, 13, 41, 0, 0, 0.17%, 7, 0, 7, 127.11
1734990761, 54, 15, 41, 0, 0, 0.17%, 7, 0, 7, 125.80
1734990767, 54, 19, 41, 0, 0, 0.17%, 7, 0, 7, 127.12
1734990772, 54, 23, 41, 0, 0, 0.17%, 7, 0, 7, 133.24
1734990777, 54, 30, 41, 0, 0, 0.17%, 7, 0, 7, 134.09
1734990782, 55, 12, 41, 0, 0, 0.17%, 7, 0, 7, 134.18
1734990792, 55, 16, 41, 0, 0, 0.17%, 7, 0, 7, 127.51
1734990797, 55, 19, 41, 0, 0, 0.17%, 7, 0, 7, 129.78
1734990802, 55, 23, 41, 0, 0, 0.17%, 7, 0, 7, 133.51
1734990808, 56, 12, 41, 0, 0, 0.17%, 7, 0, 7, 123.72
1734990813, 56, 14, 41, 0, 0, 0.17%, 7, 0, 7, 135.44
1734990823, 56, 19, 41, 0, 0, 0.17%, 7, 0, 7, 134.76
1734990828, 56, 23, 41, 0, 0, 0.17%, 7, 0, 7, 135.30
1734990833, 56, 31, 41, 0, 0, 0.17%, 7, 0, 7, 134.75
1734990838, 57, 12, 41, 0, 0, 0.17%, 7, 0, 7, 133.57
1734990849, 57, 19, 41, 0, 0, 0.17%, 7, 0, 7, 137.72
1734990854, 57, 23, 41, 0, 0, 0.17%, 7, 0, 7, 138.49
1734990859, 57, 31, 41, 0, 0, 0.17%, 7, 0, 7, 138.67
1734990864, 58, 12, 41, 0, 0, 0.17%, 7, 0, 7, 129.79
1734990869, 58, 19, 41, 0, 0, 0.17%, 7, 0, 7, 133.06
1734990875, 58, 23, 41, 0, 0, 0.17%, 7, 0, 7, 133.06
1734990880, 58, 33, 41, 0, 0, 0.17%, 7, 0, 7, 138.88
1734990885, 59, 10, 41, 0, 0, 0.17%, 7, 0, 7, 137.74
1734990890, 59, 12, 41, 0, 0, 0.17%, 7, 0, 7, 126.62
1734990895, 59, 19, 41, 0, 0, 0.17%, 7, 0, 7, 124.63
1734990900, 59, 23, 41, 0, 0, 0.17%, 7, 0, 7, 127.84
1734990906, 60, 1, 41, 0, 0, 0.17%, 7, 0, 7, 132.35
1734990911, 60, 12, 41, 0, 0, 0.17%, 7, 0, 7, 128.40
1734990916, 60, 19, 41, 0, 0, 0.17%, 7, 0, 7, 129.88
1734990921, 60, 23, 41, 0, 0, 0.17%, 7, 0, 7, 129.25
1734990926, 60, 32, 41, 0, 0, 0.17%, 7, 0, 7, 139.78
1734990936, 61, 10, 41, 0, 0, 0.17%, 7, 0, 7, 130.63
1734990942, 61, 12, 41, 0, 0, 0.17%, 7, 0, 7, 130.76
1734990947, 61, 17, 41, 0, 0, 0.17%, 7, 0, 7, 131.78
1734990952, 61, 19, 41, 0, 0, 0.17%, 7, 0, 7, 128.55
1734990957, 61, 23, 41, 0, 0, 0.17%, 7, 0, 7, 125.88
1734990962, 62, 10, 41, 0, 0, 0.17%, 7, 0, 7, 127.74
1734990967, 62, 12, 41, 0, 0, 0.17%, 7, 0, 7, 128.45
1734990972, 62, 19, 41, 0, 0, 0.17%, 7, 0, 7, 128.37
1734990977, 62, 23, 41, 0, 0, 0.17%, 7, 0, 7, 128.57
1734990982, 63, 12, 41, 0, 0, 0.17%, 7, 0, 7, 125.82
1734990987, 63, 16, 41, 0, 0, 0.17%, 7, 0, 7, 127.08
1734990998, 63, 18, 41, 0, 0, 0.17%, 7, 0, 7, 136.59
1734991003, 63, 19, 41, 0, 0, 0.17%, 7, 0, 7, 135.65
1734991008, 63, 23, 41, 0, 0, 0.17%, 7, 0, 7, 128.43
1734991013, 64, 12, 41, 0, 0, 0.17%, 7, 0, 7, 128.99
1734991019, 64, 19, 41, 0, 0, 0.17%, 7, 0, 7, 129.45
1734991024, 64, 23, 41, 0, 0, 0.17%, 7, 0, 7, 126.52
1734991029, 64, 28, 41, 0, 0, 0.17%, 7, 0, 7, 131.94
1734991034, 65, 3, 41, 0, 0, 0.17%, 7, 0, 7, 128.33
1734991039, 65, 12, 41, 0, 0, 0.17%, 7, 0, 7, 128.93
1734991049, 65, 19, 41, 0, 0, 0.17%, 7, 0, 7, 127.42
1734991055, 65, 23, 41, 0, 0, 0.17%, 7, 0, 7, 131.35
1734991060, 66, 12, 41, 0, 0, 0.17%, 7, 0, 7, 128.28
1734991065, 66, 19, 41, 0, 0, 0.17%, 7, 0, 7, 129.47
1734991070, 66, 23, 41, 0, 0, 0.17%, 7, 0, 7, 129.99
1734991075, 67, 10, 41, 0, 0, 0.17%, 7, 0, 7, 127.72
1734991080, 67, 12, 41, 0, 0, 0.17%, 7, 0, 7, 131.76
1734991086, 67, 19, 41, 0, 0, 0.17%, 7, 0, 7, 133.21
1734991091, 67, 23, 41, 0, 0, 0.17%, 7, 0, 7, 137.59
1734991096, 67, 32, 41, 0, 0, 0.17%, 7, 0, 7, 145.31
1734991106, 68, 12, 41, 0, 0, 0.17%, 7, 0, 7, 131.07
1734991111, 68, 19, 41, 0, 0, 0.17%, 7, 0, 7, 128.61
1734991116, 68, 23, 41, 0, 0, 0.17%, 7, 0, 7, 130.25
1734991122, 68, 26, 41, 0, 0, 0.17%, 7, 0, 7, 141.30
1734991127, 69, 6, 41, 0, 0, 0.17%, 7, 0, 7, 135.84
1734991132, 69, 12, 41, 0, 0, 0.17%, 7, 0, 7, 125.35
1734991137, 69, 19, 41, 0, 0, 0.17%, 7, 0, 7, 127.56
1734991142, 69, 23, 41, 0, 0, 0.17%, 7, 0, 7, 124.54
1734991147, 69, 24, 41, 0, 0, 0.17%, 7, 0, 7, 130.53
1734991152, 69, 29, 41, 0, 0, 0.17%, 7, 0, 7, 130.10
1734991163, 69, 34, 41, 0, 0, 0.17%, 7, 0, 7, 144.38
1734991168, 69, 37, 41, 0, 0, 0.17%, 7, 0, 7, 148.10
1734991173, 70, 10, 41, 0, 0, 0.17%, 7, 0, 7, 136.71
1734991178, 70, 12, 41, 0, 0, 0.17%, 7, 0, 7, 124.59
1734991183, 70, 19, 41, 0, 0, 0.17%, 7, 0, 7, 125.00
1734991188, 70, 23, 41, 0, 0, 0.17%, 7, 0, 7, 118.82
1734991193, 71, 12, 41, 0, 0, 0.17%, 7, 0, 7, 127.90
1734991204, 71, 19, 41, 0, 0, 0.17%, 7, 0, 7, 131.88
1734991209, 71, 23, 41, 0, 0, 0.17%, 7, 0, 7, 134.43
1734991214, 71, 32, 41, 0, 0, 0.17%, 7, 0, 7, 140.33
1734991219, 72, 0, 41, 0, 0, 0.17%, 7, 0, 7, 135.03
1734991224, 72, 10, 41, 0, 0, 0.17%, 7, 0, 7, 130.68
1734991229, 72, 12, 41, 0, 0, 0.17%, 7, 0, 7, 126.64
1734991234, 72, 19, 41, 0, 0, 0.17%, 7, 0, 7, 130.30
1734991239, 72, 23, 41, 0, 0, 0.17%, 7, 0, 7, 136.16
1734991244, 72, 38, 41, 0, 0, 0.17%, 7, 0, 7, 147.73
1734991249, 73, 10, 41, 0, 0, 0.17%, 7, 0, 7, 128.90
1734991254, 73, 12, 41, 0, 0, 0.17%, 7, 0, 7, 127.84
1734991259, 73, 19, 41, 0, 0, 0.17%, 7, 0, 7, 127.09
1734991265, 73, 23, 41, 0, 0, 0.17%, 7, 0, 7, 127.15
1734991270, 73, 32, 41, 0, 0, 0.17%, 7, 0, 7, 142.81
1734991280, 73, 36, 41, 0, 0, 0.17%, 7, 0, 7, 146.43
1734991290, 73, 39, 41, 0, 0, 0.17%, 7, 0, 7, 145.77
1734991300, 74, 10, 41, 0, 0, 0.17%, 7, 0, 7, 133.87
1734991306, 74, 12, 41, 0, 0, 0.17%, 7, 0, 7, 132.96
1734991311, 74, 19, 41, 0, 0, 0.17%, 7, 0, 7, 123.79
1734991316, 74, 23, 41, 0, 0, 0.17%, 7, 0, 7, 134.12
1734991321, 74, 25, 41, 0, 0, 0.17%, 7, 0, 7, 126.41
1734991326, 74, 28, 41, 0, 0, 0.17%, 7, 0, 7, 137.95
1734991331, 74, 31, 41, 0, 0, 0.17%, 7, 0, 7, 138.29
1734991337, 75, 12, 41, 0, 0, 0.17%, 7, 0, 7, 134.03
1734991342, 75, 19, 41, 0, 0, 0.17%, 7, 0, 7, 127.79
1734991352, 75, 23, 41, 0, 0, 0.17%, 7, 0, 7, 130.52
1734991357, 76, 12, 41, 0, 0, 0.17%, 7, 0, 7, 124.75
1734991362, 76, 19, 41, 0, 0, 0.17%, 7, 0, 7, 127.37
1734991367, 76, 23, 41, 0, 0, 0.17%, 7, 0, 7, 128.16
1734991373, 76, 32, 41, 0, 0, 0.17%, 7, 0, 7, 140.27
1734991383, 77, 10, 41, 0, 0, 0.17%, 7, 0, 7, 132.09
1734991388, 77, 12, 41, 0, 0, 0.17%, 7, 0, 7, 131.88
1734991393, 77, 19, 41, 0, 0, 0.17%, 7, 0, 7, 133.28
1734991398, 77, 23, 41, 0, 0, 0.17%, 7, 0, 7, 132.56
1734991403, 78, 12, 41, 0, 0, 0.17%, 7, 0, 7, 129.38
1734991409, 78, 14, 41, 0, 0, 0.17%, 7, 0, 7, 133.28
1734991414, 78, 19, 41, 0, 0, 0.17%, 7, 0, 7, 132.27
1734991419, 78, 23, 41, 0, 0, 0.17%, 7, 0, 7, 130.09
1734991424, 78, 40, 41, 0, 0, 0.17%, 7, 0, 7, 143.18
1734991444, 79, 10, 41, 0, 0, 0.17%, 7, 0, 7, 131.66
1734991450, 79, 12, 41, 0, 0, 0.17%, 7, 0, 7, 123.87
1734991455, 79, 16, 41, 0, 0, 0.17%, 7, 0, 7, 135.24
1734991460, 79, 19, 41, 0, 0, 0.17%, 7, 0, 7, 132.70
1734991465, 79, 23, 41, 0, 0, 0.17%, 7, 0, 7, 138.56
1734991470, 80, 10, 41, 0, 0, 0.17%, 7, 0, 7, 134.17
1734991475, 80, 12, 41, 0, 0, 0.17%, 7, 0, 7, 133.94
1734991480, 80, 19, 41, 0, 0, 0.17%, 7, 0, 7, 135.75
1734991485, 80, 23, 41, 0, 0, 0.17%, 7, 0, 7, 131.49
1734991491, 80, 35, 41, 0, 0, 0.17%, 7, 0, 7, 136.96
1734991496, 81, 10, 41, 0, 0, 0.17%, 7, 0, 7, 127.78
1734991501, 81, 12, 41, 0, 0, 0.17%, 7, 0, 7, 129.98
1734991506, 81, 19, 41, 0, 0, 0.17%, 7, 0, 7, 128.60
1734991511, 81, 23, 41, 0, 0, 0.17%, 7, 0, 7, 126.26
1734991517, 82, 12, 41, 0, 0, 0.17%, 7, 0, 7, 126.08
1734991522, 82, 19, 41, 0, 0, 0.17%, 7, 0, 7, 128.14
1734991532, 82, 23, 41, 0, 0, 0.17%, 7, 0, 7, 131.03
1734991537, 82, 24, 41, 0, 0, 0.17%, 7, 0, 7, 127.50
1734991542, 82, 27, 41, 0, 0, 0.17%, 7, 0, 7, 128.64
1734991547, 83, 12, 41, 0, 0, 0.17%, 7, 0, 7, 131.80
1734991553, 83, 19, 41, 0, 0, 0.17%, 7, 0, 7, 127.63
1734991563, 83, 23, 41, 0, 0, 0.17%, 7, 0, 7, 139.41
1734991568, 84, 12, 41, 0, 0, 0.17%, 7, 0, 7, 131.62
1734991573, 84, 18, 41, 0, 0, 0.17%, 7, 0, 7, 139.05
1734991578, 84, 19, 41, 0, 0, 0.17%, 7, 0, 7, 134.39
1734991584, 84, 23, 41, 0, 0, 0.17%, 7, 0, 7, 128.98
1734991589, 84, 28, 41, 0, 0, 0.17%, 7, 0, 7, 130.43
1734991594, 85, 3, 41, 0, 0, 0.17%, 7, 0, 7, 130.49
1734991599, 85, 12, 41, 0, 0, 0.17%, 7, 0, 7, 127.53
1734991609, 85, 15, 41, 0, 0, 0.17%, 7, 0, 7, 128.75
1734991614, 85, 19, 41, 0, 0, 0.17%, 7, 0, 7, 135.59
1734991619, 85, 21, 41, 0, 0, 0.17%, 7, 0, 7, 134.29
1734991625, 85, 23, 41, 0, 0, 0.17%, 7, 0, 7, 129.57
1734991630, 85, 31, 41, 0, 0, 0.17%, 7, 0, 7, 140.82
1734991635, 85, 40, 41, 0, 0, 0.17%, 7, 0, 7, 163.74
1734991655, 86, 10, 41, 0, 0, 0.17%, 7, 0, 7, 124.75
1734991661, 86, 12, 41, 0, 0, 0.17%, 7, 0, 7, 132.25
1734991666, 86, 19, 41, 0, 0, 0.17%, 7, 0, 7, 131.75
1734991671, 86, 23, 41, 0, 0, 0.17%, 7, 0, 7, 135.83
1734991676, 87, 10, 41, 0, 0, 0.17%, 7, 0, 7, 134.16
1734991681, 87, 12, 41, 0, 0, 0.17%, 7, 0, 7, 131.79
1734991686, 87, 13, 41, 0, 0, 0.17%, 7, 0, 7, 123.70
1734991691, 87, 19, 41, 0, 0, 0.17%, 7, 0, 7, 140.50
1734991697, 87, 23, 41, 0, 0, 0.17%, 7, 0, 7, 137.47
1734991702, 87, 29, 41, 0, 0, 0.17%, 7, 0, 7, 133.41
1734991707, 87, 31, 41, 0, 0, 0.17%, 7, 0, 7, 130.89
1734991712, 88, 10, 41, 0, 0, 0.17%, 7, 0, 7, 135.94
1734991717, 88, 12, 41, 0, 0, 0.17%, 7, 0, 7, 133.40
1734991722, 88, 18, 41, 0, 0, 0.17%, 7, 0, 7, 135.89
1734991727, 88, 19, 41, 0, 0, 0.17%, 7, 0, 7, 127.07
1734991733, 88, 23, 41, 0, 0, 0.17%, 7, 0, 7, 133.45
1734991738, 89, 12, 41, 0, 0, 0.17%, 7, 0, 7, 129.18
1734991743, 89, 19, 41, 0, 0, 0.17%, 7, 0, 7, 134.56
1734991748, 89, 23, 41, 0, 0, 0.17%, 7, 0, 7, 133.67
1734991753, 90, 10, 41, 0, 0, 0.17%, 7, 0, 7, 132.40
1734991758, 90, 12, 41, 0, 0, 0.17%, 7, 0, 7, 135.64
1734991764, 90, 17, 41, 0, 0, 0.17%, 7, 0, 7, 133.35
1734991769, 90, 19, 41, 0, 0, 0.17%, 7, 0, 7, 131.51
1734991774, 90, 23, 41, 0, 0, 0.17%, 7, 0, 7, 128.03
1734991779, 90, 33, 41, 0, 0, 0.17%, 7, 0, 7, 140.89
1734991784, 90, 36, 41, 0, 0, 0.17%, 7, 0, 7, 137.11
1734991790, 90, 40, 41, 0, 0, 0.17%, 7, 0, 7, 149.49
1734991810, 91, 10, 41, 0, 0, 0.17%, 7, 0, 7, 127.05
1734991815, 91, 12, 41, 0, 0, 0.17%, 7, 0, 7, 125.17
1734991820, 91, 19, 41, 0, 0, 0.17%, 7, 0, 7, 126.56
1734991825, 91, 23, 41, 0, 0, 0.17%, 7, 0, 7, 131.45
1734991830, 92, 8, 41, 0, 0, 0.17%, 7, 0, 7, 135.06
1734991836, 92, 12, 41, 0, 0, 0.17%, 7, 0, 7, 127.79
1734991841, 92, 18, 41, 0, 0, 0.17%, 7, 0, 7, 139.76
1734991846, 92, 19, 41, 0, 0, 0.17%, 7, 0, 7, 132.76
1734991851, 92, 23, 41, 0, 0, 0.17%, 7, 0, 7, 129.69
1734991856, 92, 28, 41, 0, 0, 0.17%, 7, 0, 7, 131.81
1734991861, 93, 10, 41, 0, 0, 0.17%, 7, 0, 7, 129.55
1734991866, 93, 12, 41, 0, 0, 0.17%, 7, 0, 7, 132.67
1734991872, 93, 17, 41, 0, 0, 0.17%, 7, 0, 7, 134.84
1734991877, 93, 19, 41, 0, 0, 0.17%, 7, 0, 7, 127.50
1734991882, 93, 23, 41, 0, 0, 0.17%, 7, 0, 7, 128.34
1734991887, 93, 29, 41, 0, 0, 0.17%, 7, 0, 7, 134.07
1734991892, 94, 2, 41, 0, 0, 0.17%, 7, 0, 7, 126.48
1734991897, 94, 12, 41, 0, 0, 0.17%, 7, 0, 7, 125.60
1734991902, 94, 19, 41, 0, 0, 0.17%, 7, 0, 7, 129.03
1734991907, 94, 23, 41, 0, 0, 0.17%, 7, 0, 7, 132.70
1734991913, 94, 28, 41, 0, 0, 0.17%, 7, 0, 7, 134.99
1734991918, 94, 34, 41, 0, 0, 0.17%, 7, 0, 7, 150.65
1734991923, 95, 10, 41, 0, 0, 0.17%, 7, 0, 7, 130.92
1734991928, 95, 12, 41, 0, 0, 0.17%, 7, 0, 7, 127.34
1734991933, 95, 19, 41, 0, 0, 0.17%, 7, 0, 7, 128.15
1734991938, 95, 23, 41, 0, 0, 0.17%, 7, 0, 7, 134.81
1734991943, 95, 24, 41, 0, 0, 0.17%, 7, 0, 7, 134.43
1734991948, 95, 39, 41, 0, 0, 0.17%, 7, 0, 7, 147.24
1734991959, 96, 10, 41, 0, 0, 0.17%, 7, 0, 7, 130.50
1734991964, 96, 12, 41, 0, 0, 0.17%, 7, 0, 7, 134.14
1734991969, 96, 19, 41, 0, 0, 0.17%, 7, 0, 7, 127.71
1734991974, 96, 23, 41, 0, 0, 0.17%, 7, 0, 7, 125.48
1734991979, 96, 30, 41, 0, 0, 0.17%, 7, 0, 7, 125.53
1734991985, 96, 38, 41, 0, 0, 0.17%, 7, 0, 7, 145.09
1734991990, 97, 10, 41, 0, 0, 0.17%, 7, 0, 7, 130.63
1734991995, 97, 12, 41, 0, 0, 0.17%, 7, 0, 7, 122.48
1734992000, 97, 19, 41, 0, 0, 0.17%, 7, 0, 7, 130.67
1734992005, 97, 23, 41, 0, 0, 0.17%, 7, 0, 7, 129.70
1734992010, 97, 28, 41, 0, 0, 0.17%, 7, 0, 7, 130.48
1734992015, 97, 33, 41, 0, 0, 0.17%, 7, 0, 7, 136.29
1734992020, 98, 1, 41, 0, 0, 0.17%, 7, 0, 7, 136.10
1734992025, 98, 10, 41, 0, 0, 0.17%, 7, 0, 7, 136.89
1734992031, 98, 12, 41, 0, 0, 0.17%, 7, 0, 7, 132.61
1734992036, 98, 19, 41, 0, 0, 0.17%, 7, 0, 7, 138.41
1734992041, 98, 23, 41, 0, 0, 0.17%, 7, 0, 7, 130.76
1734992046, 98, 27, 41, 0, 0, 0.17%, 7, 0, 7, 144.27
1734992051, 99, 12, 41, 0, 0, 0.17%, 7, 0, 7, 129.03
1734992057, 99, 19, 41, 0, 0, 0.17%, 7, 0, 7, 130.99
1734992062, 99, 23, 41, 0, 0, 0.17%, 7, 0, 7, 134.38
1734992067, 99, 32, 41, 0, 0, 0.17%, 7, 0, 7, 144.17
1734992077, 99, 38, 41, 0, 0, 0.17%, 7, 0, 7, 145.53
1734992082, 100, 5, 41, 0, 0, 0.17%, 7, 0, 7, 137.13
1734992087, 100, 12, 41, 0, 0, 0.17%, 7, 0, 7, 130.69
1734992093, 100, 19, 41, 0, 0, 0.17%, 7, 0, 7, 127.67
1734992098, 100, 23, 41, 0, 0, 0.17%, 7, 0, 7, 129.75
1734992103, 100, 33, 41, 0, 0, 0.17%, 7, 0, 7, 140.79
1734992108, 101, 7, 41, 0, 0, 0.17%, 7, 0, 7, 133.57
1734992113, 101, 12, 41, 0, 0, 0.17%, 7, 0, 7, 128.59
1734992119, 101, 19, 41, 0, 0, 0.17%, 7, 0, 7, 124.45
1734992124, 101, 23, 41, 0, 0, 0.17%, 7, 0, 7, 132.12
1734992129, 101, 27, 41, 0, 0, 0.17%, 7, 0, 7, 132.34
1734992134, 102, 10, 41, 0, 0, 0.17%, 7, 0, 7, 134.04
1734992139, 102, 12, 41, 0, 0, 0.17%, 7, 0, 7, 128.64
1734992144, 102, 19, 41, 0, 0, 0.17%, 7, 0, 7, 129.02
1734992149, 102, 23, 41, 0, 0, 0.17%, 7, 0, 7, 129.56
1734992155, 102, 29, 41, 0, 0, 0.17%, 7, 0, 7, 130.66
1734992160, 103, 3, 41, 0, 0, 0.17%, 7, 0, 7, 129.62
1734992165, 103, 10, 41, 0, 0, 0.17%, 7, 0, 7, 130.07
1734992170, 103, 12, 41, 0, 0, 0.17%, 7, 0, 7, 129.62
1734992175, 103, 19, 41, 0, 0, 0.17%, 7, 0, 7, 132.29
1734992180, 103, 23, 41, 0, 0, 0.17%, 7, 0, 7, 129.24
1734992186, 103, 28, 41, 0, 0, 0.17%, 7, 0, 7, 136.35
1734992191, 104, 10, 41, 0, 0, 0.17%, 7, 0, 7, 130.24
1734992196, 104, 12, 41, 0, 0, 0.17%, 7, 0, 7, 129.66
1734992201, 104, 19, 41, 0, 0, 0.17%, 7, 0, 7, 137.54
1734992206, 104, 23, 41, 0, 0, 0.17%, 7, 0, 7, 128.62
1734992211, 104, 38, 41, 0, 0, 0.17%, 7, 0, 7, 140.94
1734992216, 105, 10, 41, 0, 0, 0.17%, 7, 0, 7, 130.81
1734992222, 105, 12, 41, 0, 0, 0.17%, 7, 0, 7, 128.63
1734992227, 105, 19, 41, 0, 0, 0.17%, 7, 0, 7, 127.78
1734992232, 105, 23, 41, 0, 0, 0.17%, 7, 0, 7, 136.69
1734992237, 105, 34, 41, 0, 0, 0.17%, 7, 0, 7, 143.85
1734992242, 106, 10, 41, 0, 0, 0.17%, 7, 0, 7, 134.64
1734992247, 106, 12, 41, 0, 0, 0.17%, 7, 0, 7, 135.78
1734992252, 106, 19, 41, 0, 0, 0.17%, 7, 0, 7, 126.55
1734992258, 106, 23, 41, 0, 0, 0.17%, 7, 0, 7, 129.38
1734992263, 106, 25, 41, 0, 0, 0.17%, 7, 0, 7, 127.68
1734992268, 106, 29, 41, 0, 0, 0.17%, 7, 0, 7, 131.52
1734992273, 107, 12, 41, 0, 0, 0.17%, 7, 0, 7, 132.89
1734992283, 107, 20, 41, 0, 0, 0.17%, 7, 0, 7, 143.29
1734992294, 107, 23, 41, 0, 0, 0.17%, 7, 0, 7, 139.60
1734992299, 107, 27, 41, 0, 0, 0.17%, 7, 0, 7, 134.05
1734992304, 108, 12, 41, 0, 0, 0.17%, 7, 0, 7, 127.24
1734992309, 108, 19, 41, 0, 0, 0.17%, 7, 0, 7, 131.09
1734992314, 108, 23, 41, 0, 0, 0.17%, 7, 0, 7, 128.33
1734992319, 109, 10, 41, 0, 0, 0.17%, 7, 0, 7, 133.43
1734992324, 109, 12, 41, 0, 0, 0.17%, 7, 0, 7, 126.39
1734992330, 109, 19, 41, 0, 0, 0.17%, 7, 0, 7, 126.71
1734992335, 109, 23, 41, 0, 0, 0.17%, 7, 0, 7, 128.63
1734992340, 109, 27, 41, 0, 0, 0.17%, 7, 0, 7, 133.78
1734992345, 110, 10, 41, 0, 0, 0.17%, 7, 0, 7, 121.68
1734992350, 110, 12, 41, 0, 0, 0.17%, 7, 0, 7, 127.77
1734992355, 110, 14, 41, 0, 0, 0.17%, 7, 0, 7, 133.03
1734992360, 110, 16, 41, 0, 0, 0.17%, 7, 0, 7, 138.37
1734992365, 110, 19, 41, 0, 0, 0.17%, 7, 0, 7, 126.96
1734992371, 110, 23, 41, 0, 0, 0.17%, 7, 0, 7, 123.65
1734992376, 111, 12, 41, 0, 0, 0.17%, 7, 0, 7, 131.36
1734992386, 111, 19, 41, 0, 0, 0.17%, 7, 0, 7, 131.22
1734992391, 111, 23, 41, 0, 0, 0.17%, 7, 0, 7, 123.27
1734992396, 111, 36, 41, 0, 0, 0.17%, 7, 0, 7, 132.61
1734992401, 111, 39, 41, 0, 0, 0.17%, 7, 0, 7, 136.83
1734992407, 112, 8, 41, 0, 0, 0.17%, 7, 0, 7, 131.36
1734992412, 112, 12, 41, 0, 0, 0.17%, 7, 0, 7, 128.00
1734992417, 112, 16, 41, 0, 0, 0.17%, 7, 0, 7, 137.12
1734992422, 112, 19, 41, 0, 0, 0.17%, 7, 0, 7, 134.47
1734992427, 112, 22, 41, 0, 0, 0.17%, 7, 0, 7, 139.21
1734992432, 112, 23, 41, 0, 0, 0.17%, 7, 0, 7, 132.06
1734992438, 112, 34, 41, 0, 0, 0.17%, 7, 0, 7, 139.20
1734992443, 113, 6, 41, 0, 0, 0.17%, 7, 0, 7, 135.01
1734992448, 113, 12, 41, 0, 0, 0.17%, 7, 0, 7, 132.42
1734992453, 113, 18, 41, 0, 0, 0.17%, 7, 0, 7, 141.30
1734992458, 113, 19, 41, 0, 0, 0.17%, 7, 0, 7, 140.08
1734992463, 113, 21, 41, 0, 0, 0.17%, 7, 0, 7, 143.30
1734992469, 113, 23, 41, 0, 0, 0.17%, 7, 0, 7, 136.96
1734992474, 113, 24, 41, 0, 0, 0.17%, 7, 0, 7, 135.50
1734992484, 114, 12, 41, 0, 0, 0.17%, 7, 0, 7, 125.17
1734992489, 114, 19, 41, 0, 0, 0.17%, 7, 0, 7, 127.82
1734992494, 114, 23, 41, 0, 0, 0.17%, 7, 0, 7, 134.18
1734992499, 115, 8, 41, 0, 0, 0.17%, 7, 0, 7, 131.20
1734992505, 115, 12, 41, 0, 0, 0.17%, 7, 0, 7, 128.18
1734992510, 115, 19, 41, 0, 0, 0.17%, 7, 0, 7, 131.65
1734992515, 115, 23, 41, 0, 0, 0.17%, 7, 0, 7, 134.38
1734992520, 115, 27, 41, 0, 0, 0.17%, 7, 0, 7, 130.66
1734992525, 116, 10, 41, 0, 0, 0.17%, 7, 0, 7, 132.04
1734992530, 116, 12, 41, 0, 0, 0.17%, 7, 0, 7, 127.61
1734992535, 116, 18, 41, 0, 0, 0.17%, 7, 0, 7, 139.82
1734992540, 116, 19, 41, 0, 0, 0.17%, 7, 0, 7, 130.69
1734992546, 116, 23, 41, 0, 0, 0.17%, 7, 0, 7, 131.11
1734992551, 116, 24, 41, 0, 0, 0.17%, 7, 0, 7, 129.34
1734992556, 117, 2, 41, 0, 0, 0.17%, 7, 0, 7, 127.22
1734992561, 117, 12, 41, 0, 0, 0.17%, 7, 0, 7, 124.59
1734992566, 117, 15, 41, 0, 0, 0.17%, 7, 0, 7, 126.77
1734992571, 117, 19, 41, 0, 0, 0.17%, 7, 0, 7, 129.95
1734992582, 117, 23, 41, 0, 0, 0.17%, 7, 0, 7, 129.04
1734992587, 117, 37, 41, 0, 0, 0.17%, 7, 0, 7, 145.60
1734992592, 118, 10, 41, 0, 0, 0.17%, 7, 0, 7, 129.08
1734992597, 118, 12, 41, 0, 0, 0.17%, 7, 0, 7, 129.77
1734992602, 118, 19, 41, 0, 0, 0.17%, 7, 0, 7, 134.94
1734992607, 118, 23, 41, 0, 0, 0.17%, 7, 0, 7, 129.80
1734992612, 118, 31, 41, 0, 0, 0.17%, 7, 0, 7, 131.04
1734992617, 119, 12, 41, 0, 0, 0.17%, 7, 0, 7, 132.13
1734992622, 119, 19, 41, 0, 0, 0.17%, 7, 0, 7, 130.31
1734992628, 119, 23, 41, 0, 0, 0.17%, 7, 0, 7, 131.23
1734992638, 119, 40, 41, 0, 0, 0.17%, 7, 0, 7, 164.37
1734992653, 120, 0, 41, 0, 0, 0.17%, 7, 0, 7, 135.61
1734992659, 120, 12, 41, 0, 0, 0.17%, 7, 0, 7, 126.30
1734992664, 120, 19, 41, 0, 0, 0.17%, 7, 0, 7, 132.97
1734992669, 120, 23, 41, 0, 0, 0.17%, 7, 0, 7, 134.04
1734992679, 120, 35, 41, 0, 0, 0.17%, 7, 0, 7, 139.75
1734992684, 120, 40, 41, 0, 0, 0.17%, 7, 0, 7, 145.35
1734992689, 121, 12, 41, 0, 0, 0.17%, 7, 0, 7, 136.45
1734992700, 121, 15, 41, 0, 0, 0.17%, 7, 0, 7, 134.12
1734992705, 121, 19, 41, 0, 0, 0.17%, 7, 0, 7, 126.97
1734992710, 121, 21, 41, 0, 0, 0.17%, 7, 0, 7, 133.97
1734992715, 121, 23, 41, 0, 0, 0.17%, 7, 0, 7, 137.69
1734992720, 122, 10, 41, 0, 0, 0.17%, 7, 0, 7, 128.42
1734992725, 122, 12, 41, 0, 0, 0.17%, 7, 0, 7, 127.47
1734992731, 122, 19, 41, 0, 0, 0.17%, 7, 0, 7, 135.16
1734992736, 122, 23, 41, 0, 0, 0.17%, 7, 0, 7, 130.47
1734992741, 123, 12, 41, 0, 0, 0.17%, 7, 0, 7, 128.46
1734992746, 123, 19, 41, 0, 0, 0.17%, 7, 0, 7, 128.67
1734992751, 123, 23, 41, 0, 0, 0.17%, 7, 0, 7, 131.82
1734992762, 123, 33, 41, 0, 0, 0.17%, 7, 0, 7, 133.54
1734992767, 124, 12, 41, 0, 0, 0.17%, 7, 0, 7, 128.65
1734992772, 124, 19, 41, 0, 0, 0.17%, 7, 0, 7, 129.54
1734992777, 124, 23, 41, 0, 0, 0.17%, 7, 0, 7, 130.78
1734992782, 124, 37, 41, 0, 0, 0.17%, 7, 0, 7, 157.01
1734992792, 125, 12, 41, 0, 0, 0.17%, 7, 0, 7, 133.53
1734992797, 125, 19, 41, 0, 0, 0.17%, 7, 0, 7, 130.19
1734992802, 125, 21, 41, 0, 0, 0.17%, 7, 0, 7, 136.22
1734992808, 125, 23, 41, 0, 0, 0.17%, 7, 0, 7, 132.20
1734992813, 125, 33, 41, 0, 0, 0.17%, 7, 0, 7, 142.46
1734992818, 126, 10, 41, 0, 0, 0.17%, 7, 0, 7, 136.87
1734992823, 126, 12, 41, 0, 0, 0.17%, 7, 0, 7, 136.22
1734992828, 126, 13, 41, 0, 0, 0.17%, 7, 0, 7, 135.99
1734992833, 126, 19, 41, 0, 0, 0.17%, 7, 0, 7, 132.14
1734992838, 126, 23, 41, 0, 0, 0.17%, 7, 0, 7, 132.47
1734992844, 126, 33, 41, 0, 0, 0.17%, 7, 0, 7, 131.00
1734992849, 127, 10, 41, 0, 0, 0.17%, 7, 0, 7, 131.83
1734992854, 127, 12, 41, 0, 0, 0.17%, 7, 0, 7, 129.48
1734992859, 127, 19, 41, 0, 0, 0.17%, 7, 0, 7, 131.41
1734992864, 127, 23, 41, 0, 0, 0.17%, 7, 0, 7, 136.30
1734992869, 128, 10, 41, 0, 0, 0.17%, 7, 0, 7, 129.59
1734992874, 128, 12, 41, 0, 0, 0.17%, 7, 0, 7, 129.11
1734992879, 128, 13, 41, 0, 0, 0.17%, 7, 0, 7, 131.25
1734992884, 128, 19, 41, 0, 0, 0.17%, 7, 0, 7, 128.53
1734992890, 128, 22, 41, 0, 0, 0.17%, 7, 0, 7, 133.97
1734992895, 128, 23, 41, 0, 0, 0.17%, 7, 0, 7, 133.79
1734992900, 128, 27, 41, 0, 0, 0.17%, 7, 0, 7, 137.17
1734992905, 128, 33, 41, 0, 0, 0.17%, 7, 0, 7, 138.65
1734992910, 128, 34, 41, 0, 0, 0.17%, 7, 0, 7, 143.47
1734992915, 129, 10, 41, 0, 0, 0.17%, 7, 0, 7, 129.23
1734992920, 129, 12, 41, 0, 0, 0.17%, 7, 0, 7, 135.89
1734992925, 129, 19, 41, 0, 0, 0.17%, 7, 0, 7, 131.94
1734992930, 129, 23, 41, 0, 0, 0.17%, 7, 0, 7, 131.18
1734992936, 130, 12, 41, 0, 0, 0.17%, 7, 0, 7, 125.37
1734992941, 130, 19, 41, 0, 0, 0.17%, 7, 0, 7, 134.44
1734992946, 130, 23, 41, 0, 0, 0.17%, 7, 0, 7, 128.44
1734992956, 130, 30, 41, 0, 0, 0.17%, 7, 0, 7, 134.47
1734992961, 130, 38, 41, 0, 0, 0.17%, 7, 0, 7, 146.02
1734992966, 131, 10, 41, 0, 0, 0.17%, 7, 0, 7, 135.73
1734992971, 131, 12, 41, 0, 0, 0.17%, 7, 0, 7, 127.67
1734992977, 131, 19, 41, 0, 0, 0.17%, 7, 0, 7, 129.95
1734992982, 131, 23, 41, 0, 0, 0.17%, 7, 0, 7, 125.63
1734992987, 132, 2, 41, 0, 0, 0.17%, 7, 0, 7, 132.03
1734992992, 132, 12, 41, 0, 0, 0.17%, 7, 0, 7, 129.25
1734992997, 132, 19, 41, 0, 0, 0.17%, 7, 0, 7, 132.80
1734993002, 132, 23, 41, 0, 0, 0.17%, 7, 0, 7, 136.06
1734993007, 133, 4, 41, 0, 0, 0.17%, 7, 0, 7, 134.53
1734993012, 133, 12, 41, 0, 0, 0.17%, 7, 0, 7, 126.25
1734993018, 133, 19, 41, 0, 0, 0.17%, 7, 0, 7, 126.73
1734993023, 133, 23, 41, 0, 0, 0.17%, 7, 0, 7, 129.75
1734993028, 133, 36, 41, 0, 0, 0.17%, 7, 0, 7, 143.83
1734993033, 134, 10, 41, 0, 0, 0.17%, 7, 0, 7, 131.43
1734993038, 134, 12, 41, 0, 0, 0.17%, 7, 0, 7, 123.89
1734993043, 134, 19, 41, 0, 0, 0.17%, 7, 0, 7, 129.91
1734993048, 134, 23, 41, 0, 0, 0.17%, 7, 0, 7, 130.91
1734993054, 135, 10, 41, 0, 0, 0.17%, 7, 0, 7, 126.73
1734993059, 135, 12, 41, 0, 0, 0.17%, 7, 0, 7, 126.66
1734993064, 135, 19, 41, 0, 0, 0.17%, 7, 0, 7, 133.54
1734993069, 135, 23, 41, 0, 0, 0.17%, 7, 0, 7, 132.50
1734993074, 135, 33, 41, 0, 0, 0.17%, 7, 0, 7, 136.70
1734993079, 136, 2, 41, 0, 0, 0.17%, 7, 0, 7, 139.42
1734993085, 136, 11, 41, 0, 0, 0.17%, 7, 0, 7, 126.61
1734993090, 136, 12, 41, 0, 0, 0.17%, 7, 0, 7, 133.10
1734993095, 136, 14, 41, 0, 0, 0.17%, 7, 0, 7, 128.53
1734993100, 136, 15, 41, 0, 0, 0.17%, 7, 0, 7, 130.03
1734993105, 136, 16, 41, 0, 0, 0.17%, 7, 0, 7, 129.57
1734993110, 136, 19, 41, 0, 0, 0.17%, 7, 0, 7, 129.51
1734993116, 136, 23, 41, 0, 0, 0.17%, 7, 0, 7, 130.83
1734993121, 137, 10, 41, 0, 0, 0.17%, 7, 0, 7, 127.54
1734993126, 137, 12, 41, 0, 0, 0.17%, 7, 0, 7, 134.24
1734993131, 137, 19, 41, 0, 0, 0.17%, 7, 0, 7, 130.49
1734993136, 137, 23, 41, 0, 0, 0.17%, 7, 0, 7, 125.75
1734993141, 137, 25, 41, 0, 0, 0.17%, 7, 0, 7, 136.89
1734993147, 137, 34, 41, 0, 0, 0.17%, 7, 0, 7, 147.96
1734993152, 138, 12, 41, 0, 0, 0.17%, 7, 0, 7, 133.34
1734993157, 138, 13, 41, 0, 0, 0.17%, 7, 0, 7, 134.41
1734993162, 138, 19, 41, 0, 0, 0.17%, 7, 0, 7, 132.17
1734993167, 138, 23, 41, 0, 0, 0.17%, 7, 0, 7, 132.85
1734993173, 139, 10, 41, 0, 0, 0.17%, 7, 0, 7, 126.77
1734993178, 139, 12, 41, 0, 0, 0.17%, 7, 0, 7, 130.28
1734993183, 139, 14, 41, 0, 0, 0.17%, 7, 0, 7, 134.14
1734993188, 139, 16, 41, 0, 0, 0.17%, 7, 0, 7, 132.69
1734993193, 139, 19, 41, 0, 0, 0.17%, 7, 0, 7, 126.75
1734993198, 139, 23, 41, 0, 0, 0.17%, 7, 0, 7, 130.96
1734993203, 140, 4, 41, 0, 0, 0.17%, 7, 0, 7, 137.72
1734993208, 140, 12, 41, 0, 0, 0.17%, 7, 0, 7, 125.84
1734993214, 140, 19, 41, 0, 0, 0.17%, 7, 0, 7, 128.20
1734993219, 140, 23, 41, 0, 0, 0.17%, 7, 0, 7, 132.29
1734993224, 140, 25, 41, 0, 0, 0.17%, 7, 0, 7, 133.59
1734993229, 141, 7, 41, 0, 0, 0.17%, 7, 0, 7, 134.65
1734993234, 141, 12, 41, 0, 0, 0.17%, 7, 0, 7, 130.82
1734993239, 141, 19, 41, 0, 0, 0.17%, 7, 0, 7, 128.35
1734993244, 141, 23, 41, 0, 0, 0.17%, 7, 0, 7, 130.04
1734993250, 141, 24, 41, 0, 0, 0.17%, 7, 0, 7, 133.14
1734993255, 142, 0, 41, 0, 0, 0.17%, 7, 0, 7, 130.95
1734993260, 142, 12, 41, 0, 0, 0.17%, 7, 0, 7, 127.37
1734993265, 142, 13, 41, 0, 0, 0.17%, 7, 0, 7, 128.14
1734993270, 142, 18, 41, 0, 0, 0.17%, 7, 0, 7, 135.23
1734993276, 142, 19, 41, 0, 0, 0.17%, 7, 0, 7, 133.55
1734993281, 142, 23, 41, 0, 0, 0.17%, 7, 0, 7, 134.62
1734993291, 142, 26, 41, 0, 0, 0.17%, 7, 0, 7, 137.33
1734993296, 143, 12, 41, 0, 0, 0.17%, 7, 0, 7, 125.75
1734993301, 143, 19, 41, 0, 0, 0.17%, 7, 0, 7, 131.94
1734993306, 143, 23, 41, 0, 0, 0.17%, 7, 0, 7, 127.03
1734993311, 144, 10, 41, 0, 0, 0.17%, 7, 0, 7, 127.54
1734993317, 144, 12, 41, 0, 0, 0.17%, 7, 0, 7, 140.74
1734993322, 144, 19, 41, 0, 0, 0.17%, 7, 0, 7, 125.76
1734993327, 144, 23, 41, 0, 0, 0.17%, 7, 0, 7, 126.24
1734993332, 144, 29, 41, 0, 0, 0.17%, 7, 0, 7, 132.01
1734993337, 145, 10, 41, 0, 0, 0.17%, 7, 0, 7, 125.16
1734993342, 145, 12, 41, 0, 0, 0.17%, 7, 0, 7, 128.57
1734993347, 145, 19, 41, 0, 0, 0.17%, 7, 0, 7, 132.71
1734993353, 145, 23, 41, 0, 0, 0.17%, 7, 0, 7, 135.34
1734993358, 146, 11, 41, 0, 0, 0.17%, 7, 0, 7, 128.09
1734993363, 146, 12, 41, 0, 0, 0.17%, 7, 0, 7, 132.53
1734993368, 146, 19, 41, 0, 0, 0.17%, 7, 0, 7, 130.58
1734993373, 146, 23, 41, 0, 0, 0.17%, 7, 0, 7, 130.31
1734993378, 147, 10, 41, 0, 0, 0.17%, 7, 0, 7, 132.98
1734993384, 147, 12, 41, 0, 0, 0.17%, 7, 0, 7, 129.08
1734993389, 147, 14, 41, 0, 0, 0.17%, 7, 0, 7, 132.85
1734993394, 147, 19, 41, 0, 0, 0.17%, 7, 0, 7, 131.61
1734993399, 147, 23, 41, 0, 0, 0.17%, 7, 0, 7, 129.16
1734993404, 147, 33, 41, 0, 0, 0.17%, 7, 0, 7, 137.55
1734993409, 148, 3, 41, 0, 0, 0.17%, 7, 0, 7, 131.70
1734993414, 148, 12, 41, 0, 0, 0.17%, 7, 0, 7, 126.73
1734993420, 148, 19, 41, 0, 0, 0.17%, 7, 0, 7, 134.40
1734993425, 148, 23, 41, 0, 0, 0.17%, 7, 0, 7, 132.42
1734993430, 148, 30, 41, 0, 0, 0.17%, 7, 0, 7, 138.03
1734993435, 148, 37, 41, 0, 0, 0.17%, 7, 0, 7, 155.02
1734993446, 149, 10, 41, 0, 0, 0.17%, 7, 0, 7, 131.30
1734993451, 149, 12, 41, 0, 0, 0.17%, 7, 0, 7, 124.45
1734993456, 149, 19, 41, 0, 0, 0.17%, 7, 0, 7, 130.79
1734993461, 149, 20, 41, 0, 0, 0.17%, 7, 0, 7, 137.50
1734993466, 149, 23, 41, 0, 0, 0.17%, 7, 0, 7, 130.74
1734993471, 149, 24, 41, 0, 0, 0.17%, 7, 0, 7, 131.24
1734993476, 149, 35, 41, 0, 0, 0.17%, 7, 0, 7, 134.94
1734993481, 150, 10, 41, 0, 0, 0.17%, 7, 0, 7, 129.33
1734993486, 150, 12, 41, 0, 0, 0.17%, 7, 0, 7, 139.83
1734993491, 150, 14, 41, 0, 0, 0.17%, 7, 0, 7, 131.23
1734993497, 150, 19, 41, 0, 0, 0.17%, 7, 0, 7, 131.47
1734993502, 150, 23, 41, 0, 0, 0.17%, 7, 0, 7, 135.16
1734993507, 151, 12, 41, 0, 0, 0.17%, 7, 0, 7, 133.66
1734993512, 151, 19, 41, 0, 0, 0.17%, 7, 0, 7, 128.13
1734993517, 151, 21, 41, 0, 0, 0.17%, 7, 0, 7, 139.63
1734993522, 151, 23, 41, 0, 0, 0.17%, 7, 0, 7, 133.76
1734993527, 152, 9, 41, 0, 0, 0.17%, 7, 0, 7, 135.13
1734993532, 152, 12, 41, 0, 0, 0.17%, 7, 0, 7, 129.78
1734993538, 152, 17, 41, 0, 0, 0.17%, 7, 0, 7, 134.10
1734993543, 152, 19, 41, 0, 0, 0.17%, 7, 0, 7, 131.95
1734993548, 152, 20, 41, 0, 0, 0.17%, 7, 0, 7, 132.64
1734993553, 152, 23, 41, 0, 0, 0.17%, 7, 0, 7, 130.67
1734993558, 152, 37, 41, 0, 0, 0.17%, 7, 0, 7, 136.91
1734993568, 153, 10, 41, 0, 0, 0.17%, 7, 0, 7, 128.26
1734993574, 153, 12, 41, 0, 0, 0.17%, 7, 0, 7, 128.09
1734993579, 153, 19, 41, 0, 0, 0.17%, 7, 0, 7, 132.21
1734993584, 153, 23, 41, 0, 0, 0.17%, 7, 0, 7, 126.93
1734993589, 154, 12, 41, 0, 0, 0.17%, 7, 0, 7, 130.31
1734993594, 154, 16, 41, 0, 0, 0.17%, 7, 0, 7, 132.78
1734993599, 154, 19, 41, 0, 0, 0.17%, 7, 0, 7, 130.40
1734993604, 154, 22, 41, 0, 0, 0.17%, 7, 0, 7, 128.48
1734993615, 154, 23, 41, 0, 0, 0.17%, 7, 0, 7, 133.10
1734993620, 155, 10, 41, 0, 0, 0.17%, 7, 0, 7, 132.59
1734993625, 155, 12, 41, 0, 0, 0.17%, 7, 0, 7, 127.34
1734993630, 155, 19, 41, 0, 0, 0.17%, 7, 0, 7, 134.32
1734993635, 155, 23, 41, 0, 0, 0.17%, 7, 0, 7, 127.46
1734993641, 155, 25, 41, 0, 0, 0.17%, 7, 0, 7, 128.63
1734993646, 156, 10, 41, 0, 0, 0.17%, 7, 0, 7, 128.49
1734993651, 156, 12, 41, 0, 0, 0.17%, 7, 0, 7, 130.41
1734993656, 156, 19, 41, 0, 0, 0.17%, 7, 0, 7, 130.25
1734993661, 156, 23, 41, 0, 0, 0.17%, 7, 0, 7, 135.64
1734993666, 156, 24, 41, 0, 0, 0.17%, 7, 0, 7, 129.50
1734993672, 156, 29, 41, 0, 0, 0.17%, 7, 0, 7, 130.33
1734993677, 156, 32, 41, 0, 0, 0.17%, 7, 0, 7, 140.99
1734993682, 157, 10, 41, 0, 0, 0.17%, 7, 0, 7, 133.21
1734993687, 157, 12, 41, 0, 0, 0.17%, 7, 0, 7, 130.16
1734993692, 157, 17, 41, 0, 0, 0.17%, 7, 0, 7, 125.54
1734993698, 157, 19, 41, 0, 0, 0.17%, 7, 0, 7, 127.24
1734993703, 157, 23, 41, 0, 0, 0.17%, 7, 0, 7, 127.47
1734993708, 157, 34, 41, 0, 0, 0.17%, 7, 0, 7, 141.14
1734993713, 157, 39, 41, 0, 0, 0.17%, 7, 0, 7, 147.12
1734993718, 158, 4, 41, 0, 0, 0.17%, 7, 0, 7, 134.78
1734993723, 158, 12, 41, 0, 0, 0.17%, 7, 0, 7, 127.69
1734993728, 158, 19, 41, 0, 0, 0.17%, 7, 0, 7, 125.66
1734993734, 158, 23, 41, 0, 0, 0.17%, 7, 0, 7, 127.58
1734993739, 159, 2, 41, 0, 0, 0.17%, 7, 0, 7, 132.29
1734993744, 159, 10, 41, 0, 0, 0.17%, 7, 0, 7, 132.79
1734993749, 159, 12, 41, 0, 0, 0.17%, 7, 0, 7, 125.99
1734993754, 159, 19, 41, 0, 0, 0.17%, 7, 0, 7, 128.48
1734993759, 159, 23, 41, 0, 0, 0.17%, 7, 0, 7, 122.85
1734993764, 160, 10, 41, 0, 0, 0.17%, 7, 0, 7, 131.78
1734993769, 160, 12, 41, 0, 0, 0.17%, 7, 0, 7, 128.50
1734993774, 160, 19, 41, 0, 0, 0.17%, 7, 0, 7, 138.47
1734993780, 160, 22, 41, 0, 0, 0.17%, 7, 0, 7, 142.46
1734993785, 160, 23, 41, 0, 0, 0.17%, 7, 0, 7, 134.03
1734993790, 160, 27, 41, 0, 0, 0.17%, 7, 0, 7, 139.39
1734993795, 160, 36, 41, 0, 0, 0.17%, 7, 0, 7, 134.64
1734993800, 161, 12, 41, 0, 0, 0.17%, 7, 0, 7, 134.71
1734993805, 161, 19, 41, 0, 0, 0.17%, 7, 0, 7, 128.29
1734993810, 161, 23, 41, 0, 0, 0.17%, 7, 0, 7, 131.68
1734993821, 161, 30, 41, 0, 0, 0.17%, 7, 0, 7, 128.20
1734993826, 161, 31, 41, 0, 0, 0.17%, 7, 0, 7, 140.08
1734993831, 161, 40, 41, 0, 0, 0.17%, 7, 0, 7, 142.26
1734993836, 162, 10, 41, 0, 0, 0.17%, 7, 0, 7, 128.99
1734993841, 162, 12, 41, 0, 0, 0.17%, 7, 0, 7, 129.92
1734993846, 162, 15, 41, 0, 0, 0.17%, 7, 0, 7, 130.41
1734993852, 162, 19, 41, 0, 0, 0.17%, 7, 0, 7, 125.51
1734993857, 162, 23, 41, 0, 0, 0.17%, 7, 0, 7, 132.44
1734993862, 162, 29, 41, 0, 0, 0.17%, 7, 0, 7, 140.15
1734993867, 163, 10, 41, 0, 0, 0.17%, 7, 0, 7, 130.96
1734993872, 163, 12, 41, 0, 0, 0.17%, 7, 0, 7, 133.38
1734993877, 163, 19, 41, 0, 0, 0.17%, 7, 0, 7, 127.50
1734993882, 163, 23, 41, 0, 0, 0.17%, 7, 0, 7, 130.29
1734993888, 163, 31, 41, 0, 0, 0.17%, 7, 0, 7, 132.18
1734993893, 163, 32, 41, 0, 0, 0.17%, 7, 0, 7, 139.26
1734993898, 164, 0, 41, 0, 0, 0.17%, 7, 0, 7, 131.65
1734993903, 164, 10, 41, 0, 0, 0.17%, 7, 0, 7, 124.58
1734993908, 164, 12, 41, 0, 0, 0.17%, 7, 0, 7, 128.57
1734993913, 164, 18, 41, 0, 0, 0.17%, 7, 0, 7, 134.05
1734993919, 164, 19, 41, 0, 0, 0.17%, 7, 0, 7, 130.26
1734993924, 164, 23, 41, 0, 0, 0.17%, 7, 0, 7, 125.33
1734993934, 165, 12, 41, 0, 0, 0.17%, 7, 0, 7, 122.65
1734993939, 165, 19, 41, 0, 0, 0.17%, 7, 0, 7, 127.72
1734993944, 165, 23, 41, 0, 0, 0.17%, 7, 0, 7, 130.88
1734993950, 166, 10, 41, 0, 0, 0.17%, 7, 0, 7, 127.72
1734993955, 166, 12, 41, 0, 0, 0.17%, 7, 0, 7, 124.84
1734993960, 166, 18, 41, 0, 0, 0.17%, 7, 0, 7, 135.31
1734993965, 166, 19, 41, 0, 0, 0.17%, 7, 0, 7, 126.99
1734993970, 166, 23, 41, 0, 0, 0.17%, 7, 0, 7, 128.36
1734993975, 166, 24, 41, 0, 0, 0.17%, 7, 0, 7, 134.12
1734993980, 167, 0, 41, 0, 0, 0.17%, 7, 0, 7, 131.77
1734993985, 167, 10, 41, 0, 0, 0.17%, 7, 0, 7, 130.96
1734993991, 167, 12, 41, 0, 0, 0.17%, 7, 0, 7, 129.36
1734993996, 167, 19, 41, 0, 0, 0.17%, 7, 0, 7, 121.78
1734994001, 167, 23, 41, 0, 0, 0.17%, 7, 0, 7, 125.23
1734994006, 168, 6, 41, 0, 0, 0.17%, 7, 0, 7, 125.82
1734994011, 168, 11, 41, 0, 0, 0.17%, 7, 0, 7, 130.46
1734994016, 168, 12, 41, 0, 0, 0.17%, 7, 0, 7, 124.08
1734994021, 168, 15, 41, 0, 0, 0.17%, 7, 0, 7, 131.63
1734994026, 168, 19, 41, 0, 0, 0.17%, 7, 0, 7, 136.23
1734994031, 168, 23, 41, 0, 0, 0.17%, 7, 0, 7, 128.71
1734994037, 169, 10, 41, 0, 0, 0.17%, 7, 0, 7, 133.03
1734994042, 169, 12, 41, 0, 0, 0.17%, 7, 0, 7, 124.81
1734994047, 169, 19, 41, 0, 0, 0.17%, 7, 0, 7, 128.77
1734994052, 169, 20, 41, 0, 0, 0.17%, 7, 0, 7, 134.75
1734994057, 169, 22, 41, 0, 0, 0.17%, 7, 0, 7, 135.91
1734994062, 169, 23, 41, 0, 0, 0.17%, 7, 0, 7, 131.20
1734994068, 169, 27, 41, 0, 0, 0.17%, 7, 0, 7, 136.14
1734994073, 169, 37, 41, 0, 0, 0.17%, 7, 0, 7, 153.43
1734994083, 170, 12, 41, 0, 0, 0.17%, 7, 0, 7, 128.64
1734994088, 170, 19, 41, 0, 0, 0.17%, 7, 0, 7, 133.19
1734994093, 170, 23, 41, 0, 0, 0.17%, 7, 0, 7, 129.67
1734994098, 171, 3, 41, 0, 0, 0.17%, 7, 0, 7, 130.73
1734994103, 171, 12, 41, 0, 0, 0.17%, 7, 0, 7, 125.89
1734994109, 171, 19, 41, 0, 0, 0.17%, 7, 0, 7, 133.76
1734994114, 171, 23, 41, 0, 0, 0.17%, 7, 0, 7, 131.43
1734994119, 172, 10, 41, 0, 0, 0.17%, 7, 0, 7, 131.25
1734994124, 172, 12, 41, 0, 0, 0.17%, 7, 0, 7, 124.46
1734994129, 172, 19, 41, 0, 0, 0.17%, 7, 0, 7, 129.12
1734994134, 172, 21, 41, 0, 0, 0.17%, 7, 0, 7, 146.39
1734994139, 172, 23, 41, 0, 0, 0.17%, 7, 0, 7, 135.29
1734994145, 172, 25, 41, 0, 0, 0.17%, 7, 0, 7, 128.83
1734994150, 173, 10, 41, 0, 0, 0.17%, 7, 0, 7, 128.19
1734994155, 173, 12, 41, 0, 0, 0.17%, 7, 0, 7, 128.68
1734994160, 173, 19, 41, 0, 0, 0.17%, 7, 0, 7, 133.88
1734994165, 173, 23, 41, 0, 0, 0.17%, 7, 0, 7, 131.30
1734994170, 173, 27, 41, 0, 0, 0.17%, 7, 0, 7, 133.66
1734994175, 174, 10, 41, 0, 0, 0.17%, 7, 0, 7, 127.54
1734994181, 174, 12, 41, 0, 0, 0.17%, 7, 0, 7, 119.95
1734994186, 174, 13, 41, 0, 0, 0.17%, 7, 0, 7, 124.17
1734994191, 174, 18, 41, 0, 0, 0.17%, 7, 0, 7, 134.11
1734994196, 174, 19, 41, 0, 0, 0.17%, 7, 0, 7, 131.36
1734994201, 174, 22, 41, 0, 0, 0.17%, 7, 0, 7, 134.03
1734994206, 174, 23, 41, 0, 0, 0.17%, 7, 0, 7, 134.36
1734994211, 175, 10, 41, 0, 0, 0.17%, 7, 0, 7, 126.25
1734994216, 175, 12, 41, 0, 0, 0.17%, 7, 0, 7, 129.20
1734994222, 175, 19, 41, 0, 0, 0.17%, 7, 0, 7, 129.80
1734994227, 175, 23, 41, 0, 0, 0.17%, 7, 0, 7, 131.45
1734994232, 175, 33, 41, 0, 0, 0.17%, 7, 0, 7, 137.37
1734994237, 176, 2, 41, 0, 0, 0.17%, 7, 0, 7, 130.89
1734994242, 176, 12, 41, 0, 0, 0.17%, 7, 0, 7, 129.35
1734994247, 176, 13, 41, 0, 0, 0.17%, 7, 0, 7, 131.46
1734994252, 176, 19, 41, 0, 0, 0.17%, 7, 0, 7, 128.56
1734994258, 176, 23, 41, 0, 0, 0.17%, 7, 0, 7, 127.88
1734994263, 177, 10, 41, 0, 0, 0.17%, 7, 0, 7, 136.08
1734994268, 177, 12, 41, 0, 0, 0.17%, 7, 0, 7, 133.08
1734994273, 177, 19, 41, 0, 0, 0.17%, 7, 0, 7, 128.33
1734994278, 177, 23, 41, 0, 0, 0.17%, 7, 0, 7, 131.52
1734994284, 178, 12, 41, 0, 0, 0.17%, 7, 0, 7, 133.74
1734994294, 178, 19, 41, 0, 0, 0.17%, 7, 0, 7, 131.12
1734994299, 178, 23, 41, 0, 0, 0.17%, 7, 0, 7, 139.26
1734994304, 178, 24, 41, 0, 0, 0.17%, 7, 0, 7, 135.85
1734994309, 178, 35, 41, 0, 0, 0.17%, 7, 0, 7, 132.04
1734994315, 179, 12, 41, 0, 0, 0.17%, 7, 0, 7, 131.26
1734994320, 179, 19, 41, 0, 0, 0.17%, 7, 0, 7, 130.54
1734994325, 179, 23, 41, 0, 0, 0.17%, 7, 0, 7, 124.36
1734994330, 180, 10, 41, 0, 0, 0.17%, 7, 0, 7, 129.03
1734994335, 180, 12, 41, 0, 0, 0.17%, 7, 0, 7, 126.38
1734994340, 180, 19, 41, 0, 0, 0.17%, 7, 0, 7, 128.14
1734994345, 180, 23, 41, 0, 0, 0.17%, 7, 0, 7, 126.36
1734994351, 181, 10, 41, 0, 0, 0.17%, 7, 0, 7, 131.03
1734994356, 181, 12, 41, 0, 0, 0.17%, 7, 0, 7, 134.52
1734994361, 181, 19, 41, 0, 0, 0.17%, 7, 0, 7, 129.45
1734994366, 181, 23, 41, 0, 0, 0.17%, 7, 0, 7, 124.42
1734994371, 181, 32, 41, 0, 0, 0.17%, 7, 0, 7, 133.99
1734994377, 182, 10, 41, 0, 0, 0.17%, 7, 0, 7, 133.36
1734994382, 182, 12, 41, 0, 0, 0.17%, 7, 0, 7, 132.79
1734994387, 182, 14, 41, 0, 0, 0.17%, 7, 0, 7, 137.82
1734994392, 182, 17, 41, 0, 0, 0.17%, 7, 0, 7, 132.87
1734994397, 182, 19, 41, 0, 0, 0.17%, 7, 0, 7, 129.31
1734994402, 182, 23, 41, 0, 0, 0.17%, 7, 0, 7, 131.12
1734994407, 182, 36, 41, 0, 0, 0.17%, 7, 0, 7, 139.61
1734994412, 183, 10, 41, 0, 0, 0.17%, 7, 0, 7, 125.61
1734994418, 183, 12, 41, 0, 0, 0.17%, 7, 0, 7, 128.79
1734994423, 183, 19, 41, 0, 0, 0.17%, 7, 0, 7, 132.65
1734994428, 183, 23, 41, 0, 0, 0.17%, 7, 0, 7, 125.57
1734994433, 184, 10, 41, 0, 0, 0.17%, 7, 0, 7, 129.17
1734994438, 184, 12, 41, 0, 0, 0.17%, 7, 0, 7, 125.55
1734994443, 184, 18, 41, 0, 0, 0.17%, 7, 0, 7, 137.09
1734994448, 184, 19, 41, 0, 0, 0.17%, 7, 0, 7, 132.48
1734994454, 184, 23, 41, 0, 0, 0.17%, 7, 0, 7, 127.47
1734994459, 185, 10, 41, 0, 0, 0.17%, 7, 0, 7, 125.08
1734994464, 185, 12, 41, 0, 0, 0.17%, 7, 0, 7, 131.50
1734994469, 185, 19, 41, 0, 0, 0.17%, 7, 0, 7, 129.87
1734994474, 185, 23, 41, 0, 0, 0.17%, 7, 0, 7, 127.77
1734994479, 186, 8, 41, 0, 0, 0.17%, 7, 0, 7, 134.97
1734994484, 186, 12, 41, 0, 0, 0.17%, 7, 0, 7, 130.07
1734994489, 186, 19, 41, 0, 0, 0.17%, 7, 0, 7, 133.37
1734994495, 186, 23, 41, 0, 0, 0.17%, 7, 0, 7, 136.78
1734994500, 187, 10, 41, 0, 0, 0.17%, 7, 0, 7, 128.95
1734994505, 187, 12, 41, 0, 0, 0.17%, 7, 0, 7, 130.15
1734994510, 187, 19, 41, 0, 0, 0.17%, 7, 0, 7, 126.20
1734994515, 187, 23, 41, 0, 0, 0.17%, 7, 0, 7, 128.40
1734994520, 188, 6, 41, 0, 0, 0.17%, 7, 0, 7, 129.80
1734994525, 188, 12, 41, 0, 0, 0.17%, 7, 0, 7, 126.51
1734994531, 188, 19, 41, 0, 0, 0.17%, 7, 0, 7, 130.63
1734994541, 188, 23, 41, 0, 0, 0.17%, 7, 0, 7, 134.11
1734994546, 189, 10, 41, 0, 0, 0.17%, 7, 0, 7, 123.30
1734994551, 189, 12, 41, 0, 0, 0.17%, 7, 0, 7, 123.37
1734994556, 189, 19, 41, 0, 0, 0.17%, 7, 0, 7, 130.56
1734994561, 189, 23, 41, 0, 0, 0.17%, 7, 0, 7, 128.88
1734994566, 189, 36, 41, 0, 0, 0.17%, 7, 0, 7, 128.81
1734994572, 190, 10, 41, 0, 0, 0.17%, 7, 0, 7, 131.13
1734994577, 190, 12, 41, 0, 0, 0.17%, 7, 0, 7, 129.85
1734994582, 190, 19, 41, 0, 0, 0.17%, 7, 0, 7, 126.27
1734994587, 190, 23, 41, 0, 0, 0.17%, 7, 0, 7, 130.27
1734994592, 190, 38, 41, 0, 0, 0.17%, 7, 0, 7, 148.77
1734994597, 191, 10, 41, 0, 0, 0.17%, 7, 0, 7, 132.90
1734994603, 191, 12, 41, 0, 0, 0.17%, 7, 0, 7, 129.40
1734994608, 191, 19, 41, 0, 0, 0.17%, 7, 0, 7, 129.38
1734994613, 191, 23, 41, 0, 0, 0.17%, 7, 0, 7, 139.68
1734994618, 191, 26, 41, 0, 0, 0.17%, 7, 0, 7, 140.98
1734994623, 191, 33, 41, 0, 0, 0.17%, 7, 0, 7, 138.80
1734994628, 192, 10, 41, 0, 0, 0.17%, 7, 0, 7, 134.05
1734994634, 192, 12, 41, 0, 0, 0.17%, 7, 0, 7, 130.03
1734994639, 192, 16, 41, 0, 0, 0.17%, 7, 0, 7, 130.65
1734994644, 192, 19, 41, 0, 0, 0.17%, 7, 0, 7, 125.79
1734994649, 192, 23, 41, 0, 0, 0.17%, 7, 0, 7, 129.68
1734994654, 192, 27, 41, 0, 0, 0.17%, 7, 0, 7, 128.65
1734994659, 193, 10, 41, 0, 0, 0.17%, 7, 0, 7, 132.76
1734994664, 193, 12, 41, 0, 0, 0.17%, 7, 0, 7, 129.27
1734994669, 193, 19, 41, 0, 0, 0.17%, 7, 0, 7, 128.03
1734994674, 193, 23, 41, 0, 0, 0.17%, 7, 0, 7, 124.68
1734994680, 194, 10, 41, 0, 0, 0.17%, 7, 0, 7, 132.45
1734994685, 194, 12, 41, 0, 0, 0.17%, 7, 0, 7, 128.75
1734994690, 194, 19, 41, 0, 0, 0.17%, 7, 0, 7, 132.47
1734994695, 194, 23, 41, 0, 0, 0.17%, 7, 0, 7, 129.40
1734994700, 194, 26, 41, 0, 0, 0.17%, 7, 0, 7, 140.36
1734994705, 195, 10, 41, 0, 0, 0.17%, 7, 0, 7, 128.31
1734994710, 195, 12, 41, 0, 0, 0.17%, 7, 0, 7, 129.46
1734994716, 195, 19, 41, 0, 0, 0.17%, 7, 0, 7, 127.28
1734994721, 195, 23, 41, 0, 0, 0.17%, 7, 0, 7, 129.84
1734994726, 195, 33, 41, 0, 0, 0.17%, 7, 0, 7, 141.36
1734994731, 196, 10, 41, 0, 0, 0.17%, 7, 0, 7, 126.29
1734994736, 196, 12, 41, 0, 0, 0.17%, 7, 0, 7, 126.69
1734994741, 196, 19, 41, 0, 0, 0.17%, 7, 0, 7, 126.73
1734994747, 196, 23, 41, 0, 0, 0.17%, 7, 0, 7, 132.32
1734994752, 197, 9, 41, 0, 0, 0.17%, 7, 0, 7, 130.51
1734994757, 197, 12, 41, 0, 0, 0.17%, 7, 0, 7, 128.06
1734994762, 197, 17, 41, 0, 0, 0.17%, 7, 0, 7, 132.53
1734994767, 197, 19, 41, 0, 0, 0.17%, 7, 0, 7, 128.76
1734994772, 197, 20, 41, 0, 0, 0.17%, 7, 0, 7, 134.94
1734994777, 197, 23, 41, 0, 0, 0.17%, 7, 0, 7, 132.34
1734994782, 197, 34, 41, 0, 0, 0.17%, 7, 0, 7, 148.64
1734994788, 198, 10, 41, 0, 0, 0.17%, 7, 0, 7, 136.21
1734994793, 198, 12, 41, 0, 0, 0.17%, 7, 0, 7, 131.86
1734994798, 198, 16, 41, 0, 0, 0.17%, 7, 0, 7, 133.64
1734994803, 198, 19, 41, 0, 0, 0.17%, 7, 0, 7, 132.39
1734994808, 198, 23, 41, 0, 0, 0.17%, 7, 0, 7, 127.28
1734994813, 199, 10, 41, 0, 0, 0.17%, 7, 0, 7, 124.89
1734994818, 199, 12, 41, 0, 0, 0.17%, 7, 0, 7, 133.36
1734994824, 199, 16, 41, 0, 0, 0.17%, 7, 0, 7, 126.73
1734994829, 199, 19, 41, 0, 0, 0.17%, 7, 0, 7, 123.00
1734994834, 199, 23, 41, 0, 0, 0.17%, 7, 0, 7, 128.58
1734994839, 199, 26, 41, 0, 0, 0.17%, 7, 0, 7, 144.33
1734994844, 200, 2, 41, 0, 0, 0.17%, 7, 0, 7, 137.97
1734994849, 200, 10, 41, 0, 0, 0.17%, 7, 0, 7, 130.40
1734994855, 200, 12, 41, 0, 0, 0.17%, 7, 0, 7, 136.07
1734994860, 200, 19, 41, 0, 0, 0.17%, 7, 0, 7, 133.68
1734994865, 200, 23, 41, 0, 0, 0.17%, 7, 0, 7, 130.41
1734994870, 200, 24, 41, 0, 0, 0.17%, 7, 0, 7, 138.41
1734994875, 200, 29, 41, 0, 0, 0.17%, 7, 0, 7, 130.50
1734994880, 201, 10, 41, 0, 0, 0.17%, 7, 0, 7, 127.92
1734994886, 201, 12, 41, 0, 0, 0.17%, 7, 0, 7, 124.91
1734994891, 201, 19, 41, 0, 0, 0.17%, 7, 0, 7, 122.84
1734994896, 201, 23, 41, 0, 0, 0.17%, 7, 0, 7, 132.37
1734994901, 202, 10, 41, 0, 0, 0.17%, 7, 0, 7, 134.10
1734994906, 202, 12, 41, 0, 0, 0.17%, 7, 0, 7, 130.15
1734994911, 202, 19, 41, 0, 0, 0.17%, 7, 0, 7, 122.58
1734994916, 202, 23, 41, 0, 0, 0.17%, 7, 0, 7, 129.07
1734994921, 202, 27, 41, 0, 0, 0.17%, 7, 0, 7, 137.04
1734994926, 202, 32, 41, 0, 0, 0.17%, 7, 0, 7, 134.17
1734994932, 202, 40, 41, 0, 0, 0.17%, 7, 0, 7, 139.13
1734994937, 203, 10, 41, 0, 0, 0.17%, 7, 0, 7, 134.26
1734994942, 203, 12, 41, 0, 0, 0.17%, 7, 0, 7, 129.68
1734994947, 203, 19, 41, 0, 0, 0.17%, 7, 0, 7, 128.53
1734994952, 203, 23, 41, 0, 0, 0.17%, 7, 0, 7, 124.77
1734994957, 203, 25, 41, 0, 0, 0.17%, 7, 0, 7, 129.62
1734994962, 204, 10, 41, 0, 0, 0.17%, 7, 0, 7, 127.80
1734994967, 204, 12, 41, 0, 0, 0.17%, 7, 0, 7, 125.67
1734994973, 204, 19, 41, 0, 0, 0.17%, 7, 0, 7, 130.40
1734994978, 204, 23, 41, 0, 0, 0.17%, 7, 0, 7, 133.44
1734994983, 204, 31, 41, 0, 0, 0.17%, 7, 0, 7, 135.65
1734994988, 204, 40, 41, 0, 0, 0.17%, 7, 0, 7, 138.64
1734994993, 205, 12, 41, 0, 0, 0.17%, 7, 0, 7, 134.18
1734994998, 205, 16, 41, 0, 0, 0.17%, 7, 0, 7, 137.12
1734995004, 205, 19, 41, 0, 0, 0.17%, 7, 0, 7, 127.20
1734995014, 205, 23, 41, 0, 0, 0.17%, 7, 0, 7, 133.58
1734995019, 205, 28, 41, 0, 0, 0.17%, 7, 0, 7, 138.55
1734995024, 206, 12, 41, 0, 0, 0.17%, 7, 0, 7, 128.03
1734995029, 206, 19, 41, 0, 0, 0.17%, 7, 0, 7, 131.69
1734995034, 206, 23, 41, 0, 0, 0.17%, 7, 0, 7, 132.13
1734995040, 206, 28, 41, 0, 0, 0.17%, 7, 0, 7, 138.34
1734995045, 206, 32, 41, 0, 0, 0.17%, 7, 0, 7, 142.82
1734995055, 206, 33, 41, 0, 0, 0.17%, 7, 0, 7, 145.19
1734995060, 207, 12, 41, 0, 0, 0.17%, 7, 0, 7, 129.84
1734995065, 207, 19, 41, 0, 0, 0.17%, 7, 0, 7, 124.56
1734995071, 207, 23, 41, 0, 0, 0.17%, 7, 0, 7, 135.27
1734995076, 208, 7, 41, 0, 0, 0.17%, 7, 0, 7, 134.07
1734995081, 208, 11, 41, 0, 0, 0.17%, 7, 0, 7, 126.41
1734995086, 208, 12, 41, 0, 0, 0.17%, 7, 0, 7, 125.89
1734995091, 208, 19, 41, 0, 0, 0.17%, 7, 0, 7, 129.75
1734995097, 208, 23, 41, 0, 0, 0.17%, 7, 0, 7, 125.51
1734995102, 209, 10, 41, 0, 0, 0.17%, 7, 0, 7, 130.07
1734995107, 209, 12, 41, 0, 0, 0.17%, 7, 0, 7, 128.30
1734995112, 209, 19, 41, 0, 0, 0.17%, 7, 0, 7, 133.41
1734995117, 209, 23, 41, 0, 0, 0.17%, 7, 0, 7, 130.04
1734995122, 209, 27, 41, 0, 0, 0.17%, 7, 0, 7, 132.31
1734995128, 209, 33, 41, 0, 0, 0.17%, 7, 0, 7, 137.61
1734995133, 210, 9, 41, 0, 0, 0.17%, 7, 0, 7, 135.17
1734995138, 210, 12, 41, 0, 0, 0.17%, 7, 0, 7, 125.67
1734995143, 210, 13, 41, 0, 0, 0.17%, 7, 0, 7, 131.94
1734995148, 210, 19, 41, 0, 0, 0.17%, 7, 0, 7, 130.80
1734995153, 210, 23, 41, 0, 0, 0.17%, 7, 0, 7, 129.47
1734995163, 211, 12, 41, 0, 0, 0.17%, 7, 0, 7, 133.27
1734995169, 211, 19, 41, 0, 0, 0.17%, 7, 0, 7, 128.48
1734995174, 211, 23, 41, 0, 0, 0.17%, 7, 0, 7, 134.12
1734995179, 211, 37, 41, 0, 0, 0.17%, 7, 0, 7, 145.01
1734995189, 212, 12, 41, 0, 0, 0.17%, 7, 0, 7, 128.24
1734995194, 212, 19, 41, 0, 0, 0.17%, 7, 0, 7, 127.94
1734995205, 212, 28, 41, 0, 0, 0.17%, 7, 0, 7, 132.52
1734995215, 213, 12, 41, 0, 0, 0.17%, 7, 0, 7, 124.69
1734995220, 213, 19, 41, 0, 0, 0.17%, 7, 0, 7, 131.54
1734995225, 213, 23, 41, 0, 0, 0.17%, 7, 0, 7, 134.58
1734995230, 213, 29, 41, 0, 0, 0.17%, 7, 0, 7, 132.23
1734995235, 214, 10, 41, 0, 0, 0.17%, 7, 0, 7, 132.39
1734995241, 214, 12, 41, 0, 0, 0.17%, 7, 0, 7, 128.58
1734995246, 214, 19, 41, 0, 0, 0.17%, 7, 0, 7, 136.72
1734995251, 214, 23, 41, 0, 0, 0.17%, 7, 0, 7, 132.15
1734995256, 215, 10, 41, 0, 0, 0.17%, 7, 0, 7, 131.28
1734995261, 215, 12, 41, 0, 0, 0.17%, 7, 0, 7, 133.78
1734995266, 215, 19, 41, 0, 0, 0.17%, 7, 0, 7, 128.75
1734995272, 215, 23, 41, 0, 0, 0.17%, 7, 0, 7, 133.91
1734995277, 215, 36, 41, 0, 0, 0.17%, 7, 0, 7, 141.33
1734995282, 216, 12, 41, 0, 0, 0.17%, 7, 0, 7, 132.03
1734995287, 216, 19, 41, 0, 0, 0.17%, 7, 0, 7, 136.29
1734995292, 216, 23, 41, 0, 0, 0.17%, 7, 0, 7, 134.68
1734995302, 216, 25, 41, 0, 0, 0.17%, 7, 0, 7, 134.41
1734995307, 216, 33, 41, 0, 0, 0.17%, 7, 0, 7, 133.13
1734995312, 216, 35, 41, 0, 0, 0.17%, 7, 0, 7, 132.54
1734995317, 217, 10, 41, 0, 0, 0.17%, 7, 0, 7, 131.31
1734995322, 217, 12, 41, 0, 0, 0.17%, 7, 0, 7, 129.86
1734995327, 217, 18, 41, 0, 0, 0.17%, 7, 0, 7, 139.68
1734995333, 217, 19, 41, 0, 0, 0.17%, 7, 0, 7, 139.27
1734995338, 217, 23, 41, 0, 0, 0.17%, 7, 0, 7, 131.20
1734995343, 217, 33, 41, 0, 0, 0.17%, 7, 0, 7, 135.39
1734995348, 217, 39, 41, 0, 0, 0.17%, 7, 0, 7, 141.22
1734995353, 218, 12, 41, 0, 0, 0.17%, 7, 0, 7, 136.41
1734995364, 218, 23, 41, 0, 0, 0.17%, 7, 0, 7, 141.01
1734995374, 218, 35, 41, 0, 0, 0.17%, 7, 0, 7, 141.66
1734995379, 219, 12, 41, 0, 0, 0.17%, 7, 0, 7, 132.73
1734995384, 219, 16, 41, 0, 0, 0.17%, 7, 0, 7, 134.34
1734995389, 219, 19, 41, 0, 0, 0.17%, 7, 0, 7, 132.81
1734995394, 219, 23, 41, 0, 0, 0.17%, 7, 0, 7, 129.45
1734995400, 220, 10, 41, 0, 0, 0.17%, 7, 0, 7, 131.70
1734995405, 220, 12, 41, 0, 0, 0.17%, 7, 0, 7, 126.65
1734995410, 220, 19, 41, 0, 0, 0.17%, 7, 0, 7, 131.11
1734995415, 220, 23, 41, 0, 0, 0.17%, 7, 0, 7, 130.26
1734995420, 221, 10, 41, 0, 0, 0.17%, 7, 0, 7, 129.98
1734995426, 221, 12, 41, 0, 0, 0.17%, 7, 0, 7, 128.80
1734995431, 221, 19, 41, 0, 0, 0.17%, 7, 0, 7, 124.49
1734995436, 221, 21, 41, 0, 0, 0.17%, 7, 0, 7, 131.64
1734995441, 221, 23, 41, 0, 0, 0.17%, 7, 0, 7, 135.27
1734995446, 221, 34, 41, 0, 0, 0.17%, 7, 0, 7, 147.60
1734995451, 222, 10, 41, 0, 0, 0.17%, 7, 0, 7, 134.72
1734995457, 222, 12, 41, 0, 0, 0.17%, 7, 0, 7, 127.37
1734995462, 222, 17, 41, 0, 0, 0.17%, 7, 0, 7, 130.76
1734995467, 222, 19, 41, 0, 0, 0.17%, 7, 0, 7, 136.75
1734995472, 222, 23, 41, 0, 0, 0.17%, 7, 0, 7, 137.43
1734995477, 222, 27, 41, 0, 0, 0.17%, 7, 0, 7, 138.96
1734995482, 222, 32, 41, 0, 0, 0.17%, 7, 0, 7, 141.57
1734995487, 223, 10, 41, 0, 0, 0.17%, 7, 0, 7, 137.57
1734995493, 223, 12, 41, 0, 0, 0.17%, 7, 0, 7, 133.81
1734995498, 223, 16, 41, 0, 0, 0.17%, 7, 0, 7, 134.36
1734995503, 223, 19, 41, 0, 0, 0.17%, 7, 0, 7, 125.67
1734995508, 223, 23, 41, 0, 0, 0.17%, 7, 0, 7, 132.90
1734995513, 223, 38, 41, 0, 0, 0.17%, 7, 0, 7, 147.25
1734995524, 224, 12, 41, 0, 0, 0.17%, 7, 0, 7, 129.32
1734995529, 224, 19, 41, 0, 0, 0.17%, 7, 0, 7, 133.63
1734995534, 224, 23, 41, 0, 0, 0.17%, 7, 0, 7, 130.11
1734995539, 225, 10, 41, 0, 0, 0.17%, 7, 0, 7, 124.96
1734995544, 225, 12, 41, 0, 0, 0.17%, 7, 0, 7, 124.70
1734995549, 225, 14, 41, 0, 0, 0.17%, 7, 0, 7, 133.49
1734995554, 225, 19, 41, 0, 0, 0.17%, 7, 0, 7, 131.28
1734995560, 225, 23, 41, 0, 0, 0.17%, 7, 0, 7, 126.58
1734995565, 225, 30, 41, 0, 0, 0.17%, 7, 0, 7, 130.33
1734995570, 226, 10, 41, 0, 0, 0.17%, 7, 0, 7, 136.16
1734995575, 226, 12, 41, 0, 0, 0.17%, 7, 0, 7, 133.32
1734995580, 226, 13, 41, 0, 0, 0.17%, 7, 0, 7, 130.14
1734995585, 226, 19, 41, 0, 0, 0.17%, 7, 0, 7, 131.73
1734995591, 226, 22, 41, 0, 0, 0.17%, 7, 0, 7, 125.62
1734995596, 226, 23, 41, 0, 0, 0.17%, 7, 0, 7, 130.56
1734995601, 227, 10, 41, 0, 0, 0.17%, 7, 0, 7, 130.54
1734995606, 227, 12, 41, 0, 0, 0.17%, 7, 0, 7, 126.19
1734995611, 227, 16, 41, 0, 0, 0.17%, 7, 0, 7, 119.10
1734995616, 227, 19, 41, 0, 0, 0.17%, 7, 0, 7, 134.32
1734995621, 227, 23, 41, 0, 0, 0.17%, 7, 0, 7, 130.54
1734995626, 228, 10, 41, 0, 0, 0.17%, 7, 0, 7, 128.23
1734995631, 228, 12, 41, 0, 0, 0.17%, 7, 0, 7, 123.75
1734995637, 228, 19, 41, 0, 0, 0.17%, 7, 0, 7, 125.81
1734995642, 228, 23, 41, 0, 0, 0.17%, 7, 0, 7, 130.81
1734995647, 229, 12, 41, 0, 0, 0.17%, 7, 0, 7, 133.95
1734995652, 229, 19, 41, 0, 0, 0.17%, 7, 0, 7, 136.58
1734995662, 229, 20, 41, 0, 0, 0.17%, 7, 0, 7, 134.60
1734995667, 229, 21, 41, 0, 0, 0.17%, 7, 0, 7, 133.24
1734995672, 229, 23, 41, 0, 0, 0.17%, 7, 0, 7, 126.88
1734995678, 229, 26, 41, 0, 0, 0.17%, 7, 0, 7, 133.08
1734995683, 229, 38, 41, 0, 0, 0.17%, 7, 0, 7, 140.55
1734995688, 230, 10, 41, 0, 0, 0.17%, 7, 0, 7, 135.16
1734995693, 230, 12, 41, 0, 0, 0.17%, 7, 0, 7, 134.07
1734995698, 230, 23, 41, 0, 0, 0.17%, 7, 0, 7, 138.44
1734995703, 231, 10, 41, 0, 0, 0.17%, 7, 0, 7, 133.32
1734995708, 231, 12, 41, 0, 0, 0.17%, 7, 0, 7, 135.34
1734995714, 231, 19, 41, 0, 0, 0.17%, 7, 0, 7, 137.04
1734995719, 231, 23, 41, 0, 0, 0.17%, 7, 0, 7, 133.13
1734995724, 232, 5, 41, 0, 0, 0.17%, 7, 0, 7, 132.61
1734995729, 232, 12, 41, 0, 0, 0.17%, 7, 0, 7, 125.38
1734995739, 232, 19, 41, 0, 0, 0.17%, 7, 0, 7, 132.45
1734995745, 232, 23, 41, 0, 0, 0.17%, 7, 0, 7, 126.18
1734995750, 233, 12, 41, 0, 0, 0.17%, 7, 0, 7, 124.66
1734995755, 233, 19, 41, 0, 0, 0.17%, 7, 0, 7, 129.87
1734995760, 233, 23, 41, 0, 0, 0.17%, 7, 0, 7, 135.72
1734995765, 234, 10, 41, 0, 0, 0.17%, 7, 0, 7, 130.27
1734995770, 234, 12, 41, 0, 0, 0.17%, 7, 0, 7, 127.87
1734995775, 234, 17, 41, 0, 0, 0.17%, 7, 0, 7, 136.62
1734995785, 234, 19, 41, 0, 0, 0.17%, 7, 0, 7, 128.89
1734995790, 234, 23, 41, 0, 0, 0.17%, 7, 0, 7, 136.76
1734995795, 234, 28, 41, 0, 0, 0.17%, 7, 0, 7, 128.47
1734995801, 234, 35, 41, 0, 0, 0.17%, 7, 0, 7, 130.92
1734995806, 235, 12, 41, 0, 0, 0.17%, 7, 0, 7, 132.36
1734995811, 235, 16, 41, 0, 0, 0.17%, 7, 0, 7, 137.10
1734995821, 235, 19, 41, 0, 0, 0.17%, 7, 0, 7, 123.86
1734995826, 235, 20, 41, 0, 0, 0.17%, 7, 0, 7, 131.16
1734995831, 235, 23, 41, 0, 0, 0.17%, 7, 0, 7, 133.30
1734995837, 235, 31, 41, 0, 0, 0.17%, 7, 0, 7, 132.52
1734995842, 236, 12, 41, 0, 0, 0.17%, 7, 0, 7, 131.00
1734995847, 236, 14, 41, 0, 0, 0.17%, 7, 0, 7, 132.84
1734995852, 236, 19, 41, 0, 0, 0.17%, 7, 0, 7, 130.03
1734995857, 236, 23, 41, 0, 0, 0.17%, 7, 0, 7, 132.84
1734995863, 237, 6, 41, 0, 0, 0.17%, 7, 0, 7, 128.14
1734995868, 237, 12, 41, 0, 0, 0.17%, 7, 0, 7, 129.16
1734995873, 237, 19, 41, 0, 0, 0.17%, 7, 0, 7, 136.88
1734995878, 237, 23, 41, 0, 0, 0.17%, 7, 0, 7, 135.35
1734995888, 238, 12, 41, 0, 0, 0.17%, 7, 0, 7, 126.15
1734995893, 238, 14, 41, 0, 0, 0.17%, 7, 0, 7, 134.91
1734995898, 238, 19, 41, 0, 0, 0.17%, 7, 0, 7, 130.43
1734995903, 238, 23, 41, 0, 0, 0.17%, 7, 0, 7, 131.88
1734995909, 238, 32, 41, 0, 0, 0.17%, 7, 0, 7, 143.97
1734995919, 239, 12, 41, 0, 0, 0.17%, 7, 0, 7, 135.27
1734995924, 239, 19, 41, 0, 0, 0.17%, 7, 0, 7, 128.51
1734995929, 239, 23, 41, 0, 0, 0.17%, 7, 0, 7, 128.59
1734995934, 239, 40, 41, 0, 0, 0.17%, 7, 0, 7, 146.98
1734995939, 240, 10, 41, 0, 0, 0.17%, 7, 0, 7, 131.50
1734995945, 240, 12, 41, 0, 0, 0.17%, 7, 0, 7, 130.89
1734995950, 240, 19, 41, 0, 0, 0.17%, 7, 0, 7, 132.95
1734995955, 240, 23, 41, 0, 0, 0.17%, 7, 0, 7, 127.27
1734995960, 240, 26, 41, 0, 0, 0.17%, 7, 0, 7, 138.30
1734995965, 241, 10, 41, 0, 0, 0.17%, 7, 0, 7, 130.85
1734995970, 241, 12, 41, 0, 0, 0.17%, 7, 0, 7, 129.57
1734995975, 241, 19, 41, 0, 0, 0.17%, 7, 0, 7, 132.32
1734995980, 241, 23, 41, 0, 0, 0.17%, 7, 0, 7, 129.09
1734995985, 242, 10, 41, 0, 0, 0.17%, 7, 0, 7, 130.91
1734995990, 242, 12, 41, 0, 0, 0.17%, 7, 0, 7, 125.17
1734995996, 242, 17, 41, 0, 0, 0.17%, 7, 0, 7, 133.77
1734996001, 242, 19, 41, 0, 0, 0.17%, 7, 0, 7, 127.48
1734996006, 242, 23, 41, 0, 0, 0.17%, 7, 0, 7, 135.04
1734996011, 242, 24, 41, 0, 0, 0.17%, 7, 0, 7, 127.50
1734996016, 242, 32, 41, 0, 0, 0.17%, 7, 0, 7, 141.70
1734996021, 243, 6, 41, 0, 0, 0.17%, 7, 0, 7, 134.49
1734996027, 243, 12, 41, 0, 0, 0.17%, 7, 0, 7, 134.62
1734996032, 243, 19, 41, 0, 0, 0.17%, 7, 0, 7, 136.77
1734996037, 243, 23, 41, 0, 0, 0.17%, 7, 0, 7, 138.86
1734996047, 244, 12, 41, 0, 0, 0.17%, 7, 0, 7, 131.37
1734996052, 244, 16, 41, 0, 0, 0.17%, 7, 0, 7, 137.10
1734996058, 244, 19, 41, 0, 0, 0.17%, 7, 0, 7, 128.51
1734996063, 244, 23, 41, 0, 0, 0.17%, 7, 0, 7, 134.31
1734996068, 245, 10, 41, 0, 0, 0.17%, 7, 0, 7, 130.53
1734996073, 245, 12, 41, 0, 0, 0.17%, 7, 0, 7, 124.38
1734996078, 245, 19, 41, 0, 0, 0.17%, 7, 0, 7, 133.33
1734996083, 245, 23, 41, 0, 0, 0.17%, 7, 0, 7, 129.35
1734996088, 246, 10, 41, 0, 0, 0.17%, 7, 0, 7, 127.73
1734996094, 246, 12, 41, 0, 0, 0.17%, 7, 0, 7, 134.74
1734996099, 246, 19, 41, 0, 0, 0.17%, 7, 0, 7, 133.34
1734996104, 246, 23, 41, 0, 0, 0.17%, 7, 0, 7, 129.18
1734996109, 246, 32, 41, 0, 0, 0.17%, 7, 0, 7, 140.66
1734996114, 247, 10, 41, 0, 0, 0.17%, 7, 0, 7, 138.53
1734996119, 247, 12, 41, 0, 0, 0.17%, 7, 0, 7, 130.75
1734996125, 247, 19, 41, 0, 0, 0.17%, 7, 0, 7, 131.74
1734996130, 247, 23, 41, 0, 0, 0.17%, 7, 0, 7, 143.33
1734996135, 247, 36, 41, 0, 0, 0.17%, 7, 0, 7, 138.64
1734996140, 248, 12, 41, 0, 0, 0.17%, 7, 0, 7, 131.03
1734996150, 248, 15, 41, 0, 0, 0.17%, 7, 0, 7, 131.11
1734996156, 248, 19, 41, 0, 0, 0.17%, 7, 0, 7, 123.36
1734996161, 248, 23, 41, 0, 0, 0.17%, 7, 0, 7, 123.85
1734996166, 248, 25, 41, 0, 0, 0.17%, 7, 0, 7, 134.43
1734996171, 248, 38, 41, 0, 0, 0.17%, 7, 0, 7, 143.75
1734996176, 248, 40, 41, 0, 0, 0.17%, 7, 0, 7, 152.52
1734996181, 249, 10, 41, 0, 0, 0.17%, 7, 0, 7, 135.38
1734996186, 249, 12, 41, 0, 0, 0.17%, 7, 0, 7, 120.60
1734996191, 249, 19, 41, 0, 0, 0.17%, 7, 0, 7, 129.30
1734996197, 249, 23, 41, 0, 0, 0.17%, 7, 0, 7, 130.52
1734996202, 249, 29, 41, 0, 0, 0.17%, 7, 0, 7, 130.44
1734996207, 249, 35, 41, 0, 0, 0.17%, 7, 0, 7, 137.40
1734996212, 250, 10, 41, 0, 0, 0.17%, 7, 0, 7, 129.96
1734996217, 250, 12, 41, 0, 0, 0.17%, 7, 0, 7, 126.92
1734996223, 250, 19, 41, 0, 0, 0.17%, 7, 0, 7, 127.28
1734996228, 250, 21, 41, 0, 0, 0.17%, 7, 0, 7, 130.81
1734996233, 250, 23, 41, 0, 0, 0.17%, 7, 0, 7, 129.15
1734996238, 250, 25, 41, 0, 0, 0.17%, 7, 0, 7, 134.25
1734996243, 251, 3, 41, 0, 0, 0.17%, 7, 0, 7, 134.91
1734996248, 251, 10, 41, 0, 0, 0.17%, 7, 0, 7, 132.89
1734996253, 251, 12, 41, 0, 0, 0.17%, 7, 0, 7, 130.16
1734996258, 251, 16, 41, 0, 0, 0.17%, 7, 0, 7, 132.41
1734996264, 251, 19, 41, 0, 0, 0.17%, 7, 0, 7, 125.60
1734996269, 251, 23, 41, 0, 0, 0.17%, 7, 0, 7, 129.14
1734996274, 251, 29, 41, 0, 0, 0.17%, 7, 0, 7, 128.66
1734996279, 252, 10, 41, 0, 0, 0.17%, 7, 0, 7, 130.06
1734996284, 252, 12, 41, 0, 0, 0.17%, 7, 0, 7, 132.14
1734996289, 252, 19, 41, 0, 0, 0.17%, 7, 0, 7, 129.81
1734996294, 252, 23, 41, 0, 0, 0.17%, 7, 0, 7, 134.52
1734996300, 252, 31, 41, 0, 0, 0.17%, 7, 0, 7, 130.77
1734996305, 253, 6, 41, 0, 0, 0.17%, 7, 0, 7, 131.27
1734996310, 253, 12, 41, 0, 0, 0.17%, 7, 0, 7, 124.43
1734996315, 253, 19, 41, 0, 0, 0.17%, 7, 0, 7, 133.12
1734996320, 253, 23, 41, 0, 0, 0.17%, 7, 0, 7, 127.65
1734996325, 254, 10, 41, 0, 0, 0.17%, 7, 0, 7, 127.76
1734996330, 254, 12, 41, 0, 0, 0.17%, 7, 0, 7, 137.24
1734996336, 254, 17, 41, 0, 0, 0.17%, 7, 0, 7, 138.70
1734996341, 254, 19, 41, 0, 0, 0.17%, 7, 0, 7, 129.60
1734996346, 254, 23, 41, 0, 0, 0.17%, 7, 0, 7, 133.38
1734996351, 255, 10, 41, 0, 0, 0.17%, 7, 0, 7, 133.89
1734996356, 255, 12, 41, 0, 0, 0.17%, 7, 0, 7, 132.86
1734996361, 255, 15, 41, 0, 0, 0.17%, 7, 0, 7, 129.85
1734996366, 255, 19, 41, 0, 0, 0.17%, 7, 0, 7, 130.27
1734996371, 255, 23, 41, 0, 0, 0.17%, 7, 0, 7, 133.62
1734996376, 256, 10, 41, 0, 0, 0.17%, 7, 0, 7, 132.34
1734996382, 256, 12, 41, 0, 0, 0.17%, 7, 0, 7, 125.22
1734996387, 256, 19, 41, 0, 0, 0.17%, 7, 0, 7, 135.65
1734996392, 256, 23, 41, 0, 0, 0.17%, 7, 0, 7, 126.20
1734996397, 257, 10, 41, 0, 0, 0.17%, 7, 0, 7, 129.47
1734996402, 257, 12, 41, 0, 0, 0.17%, 7, 0, 7, 134.42
1734996407, 257, 19, 41, 0, 0, 0.17%, 7, 0, 7, 136.27
1734996413, 257, 23, 41, 0, 0, 0.17%, 7, 0, 7, 136.22
1734996418, 258, 10, 41, 0, 0, 0.17%, 7, 0, 7, 136.03
1734996423, 258, 12, 41, 0, 0, 0.17%, 7, 0, 7, 136.43
1734996428, 258, 16, 41, 0, 0, 0.17%, 7, 0, 7, 129.32
1734996433, 258, 19, 41, 0, 0, 0.17%, 7, 0, 7, 135.89
1734996438, 258, 23, 41, 0, 0, 0.17%, 7, 0, 7, 137.77
1734996443, 258, 25, 41, 0, 0, 0.17%, 7, 0, 7, 133.99
1734996449, 259, 8, 41, 0, 0, 0.17%, 7, 0, 7, 131.80
1734996454, 259, 12, 41, 0, 0, 0.17%, 7, 0, 7, 129.18
1734996459, 259, 14, 41, 0, 0, 0.17%, 7, 0, 7, 137.27
1734996464, 259, 19, 41, 0, 0, 0.17%, 7, 0, 7, 139.70
1734996469, 259, 23, 41, 0, 0, 0.17%, 7, 0, 7, 137.01
1734996479, 259, 33, 41, 0, 0, 0.17%, 7, 0, 7, 134.70
1734996485, 260, 12, 41, 0, 0, 0.17%, 7, 0, 7, 131.83
1734996495, 260, 19, 41, 0, 0, 0.17%, 7, 0, 7, 131.89
1734996500, 260, 23, 41, 0, 0, 0.17%, 7, 0, 7, 131.01
1734996505, 260, 31, 41, 0, 0, 0.17%, 7, 0, 7, 142.92
1734996510, 261, 12, 41, 0, 0, 0.17%, 7, 0, 7, 128.70
1734996515, 261, 19, 41, 0, 0, 0.17%, 7, 0, 7, 129.40
1734996520, 261, 23, 41, 0, 0, 0.17%, 7, 0, 7, 134.66
1734996526, 262, 10, 41, 0, 0, 0.17%, 7, 0, 7, 132.44
1734996531, 262, 12, 41, 0, 0, 0.17%, 7, 0, 7, 136.10
1734996536, 262, 19, 41, 0, 0, 0.17%, 7, 0, 7, 131.30
1734996541, 262, 23, 41, 0, 0, 0.17%, 7, 0, 7, 133.99
1734996546, 262, 40, 41, 0, 0, 0.17%, 7, 0, 7, 144.12
1734996551, 263, 12, 41, 0, 0, 0.17%, 7, 0, 7, 127.47
1734996557, 263, 19, 41, 0, 0, 0.17%, 7, 0, 7, 129.48
1734996562, 263, 23, 41, 0, 0, 0.17%, 7, 0, 7, 128.30
1734996567, 263, 27, 41, 0, 0, 0.17%, 7, 0, 7, 141.52
1734996572, 263, 30, 41, 0, 0, 0.17%, 7, 0, 7, 134.41
1734996577, 264, 10, 41, 0, 0, 0.17%, 7, 0, 7, 131.29
1734996582, 264, 12, 41, 0, 0, 0.17%, 7, 0, 7, 133.70
1734996588, 264, 19, 41, 0, 0, 0.17%, 7, 0, 7, 134.05
1734996593, 264, 23, 41, 0, 0, 0.17%, 7, 0, 7, 131.58
1734996598, 265, 10, 41, 0, 0, 0.17%, 7, 0, 7, 128.84
1734996603, 265, 12, 41, 0, 0, 0.17%, 7, 0, 7, 130.34
1734996608, 265, 19, 41, 0, 0, 0.17%, 7, 0, 7, 127.44
1734996613, 265, 23, 41, 0, 0, 0.17%, 7, 0, 7, 131.08
1734996618, 266, 10, 41, 0, 0, 0.17%, 7, 0, 7, 127.21
1734996624, 266, 12, 41, 0, 0, 0.17%, 7, 0, 7, 124.96
1734996629, 266, 19, 41, 0, 0, 0.17%, 7, 0, 7, 128.52
1734996634, 266, 23, 41, 0, 0, 0.17%, 7, 0, 7, 128.84
1734996639, 267, 3, 41, 0, 0, 0.17%, 7, 0, 7, 133.74
1734996644, 267, 12, 41, 0, 0, 0.17%, 7, 0, 7, 127.29
1734996649, 267, 18, 41, 0, 0, 0.17%, 7, 0, 7, 136.18
1734996655, 267, 19, 41, 0, 0, 0.17%, 7, 0, 7, 130.51
1734996660, 267, 23, 41, 0, 0, 0.17%, 7, 0, 7, 128.96
1734996665, 268, 10, 41, 0, 0, 0.17%, 7, 0, 7, 132.32
1734996670, 268, 12, 41, 0, 0, 0.17%, 7, 0, 7, 126.20
1734996675, 268, 19, 41, 0, 0, 0.17%, 7, 0, 7, 129.64
1734996680, 268, 23, 41, 0, 0, 0.17%, 7, 0, 7, 133.27
1734996685, 268, 24, 41, 0, 0, 0.17%, 7, 0, 7, 128.33
1734996691, 268, 25, 41, 0, 0, 0.17%, 7, 0, 7, 128.02
1734996701, 269, 12, 41, 0, 0, 0.17%, 7, 0, 7, 127.19
1734996706, 269, 14, 41, 0, 0, 0.17%, 7, 0, 7, 129.79
1734996711, 269, 19, 41, 0, 0, 0.17%, 7, 0, 7, 129.00
1734996716, 269, 23, 41, 0, 0, 0.17%, 7, 0, 7, 134.30
1734996721, 269, 31, 41, 0, 0, 0.17%, 7, 0, 7, 137.08
1734996727, 269, 32, 41, 0, 0, 0.17%, 7, 0, 7, 142.15
1734996737, 269, 35, 41, 0, 0, 0.17%, 7, 0, 7, 145.44
1734996742, 270, 12, 41, 0, 0, 0.17%, 7, 0, 7, 134.28
1734996747, 270, 13, 41, 0, 0, 0.17%, 7, 0, 7, 136.37
1734996752, 270, 19, 41, 0, 0, 0.17%, 7, 0, 7, 131.52
1734996757, 270, 23, 41, 0, 0, 0.17%, 7, 0, 7, 133.76
1734996768, 271, 10, 41, 0, 0, 0.17%, 7, 0, 7, 130.02
1734996773, 271, 12, 41, 0, 0, 0.17%, 7, 0, 7, 125.07
1734996778, 271, 19, 41, 0, 0, 0.17%, 7, 0, 7, 130.43
1734996783, 271, 20, 41, 0, 0, 0.17%, 7, 0, 7, 134.52
1734996788, 271, 21, 41, 0, 0, 0.17%, 7, 0, 7, 137.38
1734996793, 271, 23, 41, 0, 0, 0.17%, 7, 0, 7, 139.28
1734996799, 271, 30, 41, 0, 0, 0.17%, 7, 0, 7, 131.53
1734996804, 271, 36, 41, 0, 0, 0.17%, 7, 0, 7, 133.87
1734996809, 272, 12, 41, 0, 0, 0.17%, 7, 0, 7, 128.74
1734996814, 272, 19, 41, 0, 0, 0.17%, 7, 0, 7, 127.12
1734996819, 272, 23, 41, 0, 0, 0.17%, 7, 0, 7, 127.92
1734996824, 272, 27, 41, 0, 0, 0.17%, 7, 0, 7, 136.28
1734996830, 272, 29, 41, 0, 0, 0.17%, 7, 0, 7, 136.27
1734996835, 273, 6, 41, 0, 0, 0.17%, 7, 0, 7, 137.38
1734996840, 273, 10, 41, 0, 0, 0.17%, 7, 0, 7, 136.93
1734996845, 273, 12, 41, 0, 0, 0.17%, 7, 0, 7, 130.62
1734996850, 273, 19, 41, 0, 0, 0.17%, 7, 0, 7, 131.99
1734996855, 273, 23, 41, 0, 0, 0.17%, 7, 0, 7, 136.19
1734996861, 273, 39, 41, 0, 0, 0.17%, 7, 0, 7, 136.57
1734996866, 274, 12, 41, 0, 0, 0.17%, 7, 0, 7, 128.57
1734996871, 274, 19, 41, 0, 0, 0.17%, 7, 0, 7, 132.23
1734996881, 274, 23, 41, 0, 0, 0.17%, 7, 0, 7, 136.62
