# unix_time, cycles_done, cur_path, paths_total, pending_total, pending_favs, map_size, unique_crashes, unique_hangs, max_depth, execs_per_sec
1735040087, 0, 0, 10, 10, 1, 0.01%, 0, 0, 1, 83.59
1735040092, 0, 3, 10, 10, 1, 0.01%, 0, 0, 1, 103.25
1735040097, 0, 4, 10, 9, 0, 0.01%, 0, 0, 1, 103.67
1735040107, 0, 5, 10, 8, 0, 0.01%, 0, 0, 1, 102.85
1735040117, 0, 6, 10, 7, 0, 0.01%, 0, 0, 1, 100.54
1735040127, 0, 7, 10, 6, 0, 0.01%, 0, 0, 1, 98.66
1735040137, 0, 8, 10, 5, 0, 0.01%, 0, 0, 1, 99.19
1735040147, 0, 9, 10, 4, 0, 0.01%, 0, 0, 1, 99.75
1735040158, 1, 0, 10, 3, 0, 0.01%, 0, 0, 1, 96.86
1735040173, 1, 1, 10, 2, 0, 0.01%, 0, 0, 1, 90.04
1735040183, 1, 2, 10, 1, 0, 0.01%, 0, 0, 1, 93.43
1735040193, 1, 3, 10, 0, 0, 0.01%, 0, 0, 1, 103.71
1735040198, 1, 4, 10, 0, 0, 0.01%, 0, 0, 1, 102.72
1735040203, 1, 5, 10, 0, 0, 0.01%, 0, 0, 1, 102.21
1735040208, 1, 7, 10, 0, 0, 0.01%, 0, 0, 1, 103.37
1735040214, 1, 8, 10, 0, 0, 0.01%, 0, 0, 1, 102.03
1735040219, 2, 0, 10, 0, 0, 0.01%, 0, 0, 1, 100.58
1735040224, 2, 1, 10, 0, 0, 0.01%, 0, 0, 1, 101.95
1735040229, 2, 2, 10, 0, 0, 0.01%, 0, 0, 1, 103.15
1735040234, 2, 4, 10, 0, 0, 0.01%, 0, 0, 1, 102.87
1735040239, 2, 5, 10, 0, 0, 0.01%, 0, 0, 1, 100.97
1735040244, 2, 7, 10, 0, 0, 0.01%, 0, 0, 1, 101.58
1735040249, 2, 8, 10, 0, 0, 0.01%, 0, 0, 1, 100.60
1735040254, 2, 9, 10, 0, 0, 0.01%, 0, 0, 1, 105.23
1735040260, 3, 1, 10, 0, 0, 0.01%, 0, 0, 1, 100.86
1735040265, 3, 2, 10, 0, 0, 0.01%, 0, 0, 1, 100.65
1735040270, 3, 4, 10, 0, 0, 0.01%, 0, 0, 1, 102.96
1735040275, 3, 5, 10, 0, 0, 0.01%, 0, 0, 1, 101.71
1735040280, 3, 6, 10, 0, 0, 0.01%, 0, 0, 1, 102.00
1735040285, 3, 8, 10, 0, 0, 0.01%, 0, 0, 1, 103.16
1735040290, 3, 9, 10, 0, 0, 0.01%, 0, 0, 1, 99.30
1735040295, 4, 1, 10, 0, 0, 0.01%, 0, 0, 1, 101.72
1735040300, 4, 2, 10, 0, 0, 0.01%, 0, 0, 1, 104.29
1735040305, 4, 4, 10, 0, 0, 0.01%, 0, 0, 1, 99.76
1735040310, 4, 5, 10, 0, 0, 0.01%, 0, 0, 1, 101.79
1735040316, 4, 6, 10, 0, 0, 0.01%, 0, 0, 1, 97.85
1735040321, 4, 8, 10, 0, 0, 0.01%, 0, 0, 1, 100.04
1735040326, 4, 9, 10, 0, 0, 0.01%, 0, 0, 1, 100.07
1735040331, 5, 0, 10, 0, 0, 0.01%, 0, 0, 1, 101.03
1735040336, 5, 2, 10, 0, 0, 0.01%, 0, 0, 1, 101.81
1735040341, 5, 3, 10, 0, 0, 0.01%, 0, 0, 1, 100.67
1735040346, 5, 5, 10, 0, 0, 0.01%, 0, 0, 1, 101.58
1735040351, 5, 6, 10, 0, 0, 0.01%, 0, 0, 1, 101.93
1735040356, 5, 7, 10, 0, 0, 0.01%, 0, 0, 1, 102.09
1735040361, 5, 9, 10, 0, 0, 0.01%, 0, 0, 1, 102.53
1735040366, 6, 0, 10, 0, 0, 0.01%, 0, 0, 1, 105.79
1735040371, 6, 2, 10, 0, 0, 0.01%, 0, 0, 1, 103.33
1735040376, 6, 3, 10, 0, 0, 0.01%, 0, 0, 1, 102.34
1735040381, 6, 5, 10, 0, 0, 0.01%, 0, 0, 1, 103.90
1735040387, 6, 6, 10, 0, 0, 0.01%, 0, 0, 1, 101.54
1735040392, 6, 7, 10, 0, 0, 0.01%, 0, 0, 1, 102.85
1735040397, 6, 9, 10, 0, 0, 0.01%, 0, 0, 1, 102.31
1735040402, 7, 0, 10, 0, 0, 0.01%, 0, 0, 1, 104.18
1735040407, 7, 2, 10, 0, 0, 0.01%, 0, 0, 1, 101.14
1735040412, 7, 3, 10, 0, 0, 0.01%, 0, 0, 1, 100.63
1735040417, 7, 4, 10, 0, 0, 0.01%, 0, 0, 1, 99.10
1735040422, 7, 6, 10, 0, 0, 0.01%, 0, 0, 1, 102.89
1735040427, 7, 7, 10, 0, 0, 0.01%, 0, 0, 1, 103.17
1735040432, 7, 9, 10, 0, 0, 0.01%, 0, 0, 1, 101.49
1735040437, 8, 0, 10, 0, 0, 0.01%, 0, 0, 1, 100.88
1735040442, 8, 1, 10, 0, 0, 0.01%, 0, 0, 1, 102.16
1735040447, 8, 3, 10, 0, 0, 0.01%, 0, 0, 1, 102.10
1735040452, 8, 4, 10, 0, 0, 0.01%, 0, 0, 1, 98.55
1735040458, 8, 6, 10, 0, 0, 0.01%, 0, 0, 1, 100.33
1735040463, 8, 7, 10, 0, 0, 0.01%, 0, 0, 1, 101.40
1735040468, 8, 8, 10, 0, 0, 0.01%, 0, 0, 1, 102.90
1735040473, 9, 0, 10, 0, 0, 0.01%, 0, 0, 1, 101.47
1735040478, 9, 1, 10, 0, 0, 0.01%, 0, 0, 1, 100.01
1735040483, 9, 3, 10, 0, 0, 0.01%, 0, 0, 1, 102.65
1735040488, 9, 4, 10, 0, 0, 0.01%, 0, 0, 1, 102.81
1735040493, 9, 5, 10, 0, 0, 0.01%, 0, 0, 1, 101.07
1735040498, 9, 7, 10, 0, 0, 0.01%, 0, 0, 1, 101.46
1735040503, 9, 8, 10, 0, 0, 0.01%, 0, 0, 1, 100.98
1735040508, 10, 0, 10, 0, 0, 0.01%, 0, 0, 1, 102.13
1735040513, 10, 1, 10, 0, 0, 0.01%, 0, 0, 1, 101.28
1735040518, 10, 2, 10, 0, 0, 0.01%, 0, 0, 1, 99.42
1735040523, 10, 4, 10, 0, 0, 0.01%, 0, 0, 1, 101.44
1735040528, 10, 5, 10, 0, 0, 0.01%, 0, 0, 1, 103.16
1735040533, 10, 7, 10, 0, 0, 0.01%, 0, 0, 1, 102.26
1735040538, 10, 8, 10, 0, 0, 0.01%, 0, 0, 1, 101.61
1735040543, 10, 9, 10, 0, 0, 0.01%, 0, 0, 1, 100.84
1735040549, 11, 1, 10, 0, 0, 0.01%, 0, 0, 1, 101.91
1735040554, 11, 2, 10, 0, 0, 0.01%, 0, 0, 1, 100.84
1735040559, 11, 4, 10, 0, 0, 0.01%, 0, 0, 1, 101.00
1735040564, 11, 5, 10, 0, 0, 0.01%, 0, 0, 1, 100.42
1735040569, 11, 6, 10, 0, 0, 0.01%, 0, 0, 1, 99.04
1735040574, 11, 8, 10, 0, 0, 0.01%, 0, 0, 1, 100.06
1735040579, 11, 9, 10, 0, 0, 0.01%, 0, 0, 1, 104.31
1735040584, 12, 1, 10, 0, 0, 0.01%, 0, 0, 1, 101.07
1735040589, 12, 2, 10, 0, 0, 0.01%, 0, 0, 1, 102.99
1735040594, 12, 3, 10, 0, 0, 0.01%, 0, 0, 1, 102.84
1735040599, 12, 5, 10, 0, 0, 0.01%, 0, 0, 1, 102.12
1735040604, 12, 6, 11, 1, 0, 0.16%, 1, 0, 2, 102.39
1735040609, 12, 10, 11, 1, 1, 0.16%, 1, 0, 2, 111.15
1735040614, 12, 10, 12, 2, 1, 0.16%, 2, 0, 3, 109.67
1735040696, 12, 11, 12, 1, 1, 0.16%, 2, 0, 3, 140.19
1735040701, 12, 11, 13, 2, 1, 0.16%, 3, 0, 4, 125.30
1735040726, 12, 11, 14, 3, 1, 0.16%, 3, 0, 4, 118.79
1735040828, 12, 12, 14, 2, 1, 0.16%, 3, 0, 4, 115.71
1735040833, 12, 12, 15, 3, 1, 0.16%, 3, 0, 5, 125.34
1735040905, 12, 12, 16, 4, 1, 0.16%, 3, 0, 5, 114.78
1735040940, 12, 12, 17, 5, 1, 0.16%, 3, 0, 5, 114.94
1735040961, 12, 12, 18, 6, 1, 0.16%, 3, 0, 5, 115.85
1735041001, 12, 14, 18, 5, 0, 0.16%, 3, 0, 5, 101.25
1735041006, 12, 14, 28, 15, 0, 0.16%, 3, 0, 6, 183.13
1735041012, 12, 14, 30, 17, 0, 0.16%, 5, 0, 6, 238.09
1735041216, 12, 14, 31, 18, 0, 0.17%, 6, 0, 6, 157.80
1735041261, 12, 14, 32, 19, 0, 0.17%, 6, 0, 6, 154.10
1735041307, 12, 30, 33, 19, 1, 0.17%, 7, 0, 7, 172.74
1735041327, 12, 30, 34, 20, 1, 0.17%, 7, 0, 7, 154.23
1735041332, 12, 30, 35, 21, 1, 0.17%, 7, 0, 7, 153.82
1735041393, 12, 30, 36, 22, 1, 0.17%, 7, 0, 7, 153.40
1735041403, 12, 30, 37, 23, 1, 0.17%, 7, 0, 7, 139.56
1735041429, 12, 34, 37, 22, 2, 0.17%, 7, 0, 7, 202.48
1735041506, 12, 35, 38, 22, 1, 0.17%, 7, 0, 8, 206.19
1735041526, 12, 35, 39, 23, 1, 0.17%, 7, 0, 8, 156.35
1735041567, 12, 35, 40, 24, 1, 0.17%, 7, 0, 8, 157.35
1735041577, 12, 35, 41, 25, 1, 0.17%, 7, 0, 8, 153.52
1735041623, 13, 12, 41, 24, 0, 0.17%, 7, 0, 8, 136.16
1735041643, 13, 13, 41, 24, 0, 0.17%, 7, 0, 8, 142.98
1735041694, 13, 17, 41, 23, 0, 0.17%, 7, 0, 8, 139.30
1735041746, 13, 23, 41, 22, 0, 0.17%, 7, 0, 8, 157.49
1735041802, 13, 24, 41, 21, 0, 0.17%, 7, 0, 8, 148.83
1735041863, 13, 26, 41, 20, 0, 0.17%, 7, 0, 8, 144.07
1735041915, 13, 26, 42, 21, 0, 0.17%, 7, 0, 8, 148.04
1735041925, 13, 34, 42, 20, 0, 0.17%, 7, 0, 8, 142.03
1735041941, 13, 34, 43, 21, 0, 0.17%, 7, 0, 8, 151.32
1735041946, 13, 35, 43, 21, 0, 0.17%, 7, 0, 8, 162.38
1735041966, 13, 37, 43, 21, 0, 0.17%, 7, 0, 8, 166.55
1735042002, 13, 37, 44, 22, 0, 0.17%, 7, 0, 9, 156.26
1735042083, 13, 43, 44, 21, 0, 0.17%, 7, 0, 9, 123.69
1735042437, 13, 43, 45, 22, 0, 0.17%, 7, 0, 10, 183.48
1735042523, 14, 12, 45, 21, 0, 0.17%, 7, 0, 10, 125.07
1735042539, 14, 22, 45, 21, 0, 0.17%, 7, 0, 10, 198.51
1735042590, 14, 34, 45, 20, 0, 0.17%, 7, 0, 10, 144.43
1735042611, 14, 35, 45, 20, 0, 0.17%, 7, 0, 10, 149.77
1735042626, 14, 40, 45, 20, 0, 0.17%, 7, 0, 10, 144.48
1735042708, 15, 10, 45, 19, 0, 0.17%, 7, 0, 10, 133.37
1735042718, 15, 12, 45, 19, 0, 0.17%, 7, 0, 10, 128.06
1735042723, 15, 20, 45, 19, 0, 0.17%, 7, 0, 10, 133.44
1735042780, 15, 34, 45, 18, 0, 0.17%, 7, 0, 10, 143.70
1735042785, 15, 35, 45, 18, 0, 0.17%, 7, 0, 10, 142.09
1735042790, 15, 36, 45, 18, 0, 0.17%, 7, 0, 10, 198.10
1735042852, 15, 38, 45, 17, 0, 0.17%, 7, 0, 10, 238.31
1735042949, 15, 38, 46, 18, 0, 0.17%, 8, 0, 10, 164.60
1735043025, 15, 45, 46, 17, 0, 0.17%, 8, 0, 10, 130.28
1735043412, 16, 12, 46, 16, 0, 0.17%, 8, 0, 10, 144.02
1735043417, 16, 15, 46, 16, 0, 0.17%, 8, 0, 10, 171.34
1735043468, 16, 18, 46, 15, 0, 0.17%, 8, 0, 10, 168.05
1735043514, 16, 29, 46, 14, 0, 0.17%, 8, 0, 10, 174.53
1735043672, 16, 32, 46, 13, 0, 0.17%, 8, 0, 10, 187.68
1735043733, 16, 33, 46, 12, 0, 0.17%, 8, 0, 10, 207.63
1735043789, 16, 34, 46, 11, 0, 0.17%, 8, 0, 10, 136.43
1735043794, 16, 35, 46, 11, 0, 0.17%, 8, 0, 10, 148.08
1735043799, 16, 40, 46, 11, 0, 0.17%, 8, 0, 10, 152.65
1735043830, 17, 15, 46, 11, 0, 0.17%, 8, 0, 10, 136.73
1735043851, 17, 25, 46, 11, 0, 0.17%, 8, 0, 10, 164.14
1735043912, 17, 34, 46, 10, 0, 0.17%, 8, 0, 10, 136.67
1735043918, 17, 35, 46, 10, 0, 0.17%, 8, 0, 10, 144.07
1735043923, 17, 36, 46, 10, 0, 0.17%, 8, 0, 10, 150.25
1735043943, 17, 42, 46, 10, 0, 0.17%, 8, 0, 10, 200.76
1735044030, 18, 21, 46, 9, 0, 0.17%, 8, 0, 10, 149.60
1735044086, 18, 27, 46, 8, 0, 0.17%, 8, 0, 10, 180.51
1735044254, 18, 34, 46, 7, 0, 0.17%, 8, 0, 10, 136.03
1735044259, 18, 35, 46, 7, 0, 0.17%, 8, 0, 10, 144.97
1735044264, 18, 41, 46, 7, 0, 0.17%, 8, 0, 10, 125.99
1735044473, 19, 3, 46, 6, 0, 0.17%, 8, 0, 10, 149.51
1735044478, 19, 16, 46, 6, 0, 0.17%, 8, 0, 10, 141.81
1735044595, 19, 22, 46, 5, 0, 0.17%, 8, 0, 10, 142.85
1735044616, 19, 31, 46, 5, 0, 0.17%, 8, 0, 10, 211.43
1735044672, 19, 34, 46, 4, 0, 0.17%, 8, 0, 10, 145.93
1735044677, 19, 35, 46, 4, 0, 0.17%, 8, 0, 10, 147.20
1735044682, 19, 40, 46, 4, 0, 0.17%, 8, 0, 10, 145.59
1735044713, 20, 1, 46, 4, 0, 0.17%, 8, 0, 10, 156.74
1735044718, 20, 12, 46, 4, 0, 0.17%, 8, 0, 10, 138.03
1735044723, 20, 34, 46, 4, 0, 0.17%, 8, 0, 10, 134.39
1735044728, 20, 35, 46, 4, 0, 0.17%, 8, 0, 10, 146.66
1735044733, 21, 12, 46, 4, 0, 0.17%, 8, 0, 10, 139.48
1735044738, 21, 19, 46, 4, 0, 0.17%, 8, 0, 10, 173.34
1735044795, 21, 34, 46, 3, 0, 0.17%, 8, 0, 10, 133.48
1735044800, 21, 35, 46, 3, 0, 0.17%, 8, 0, 10, 140.35
1735044805, 21, 44, 46, 3, 0, 0.17%, 8, 0, 10, 169.79
1735044927, 22, 9, 46, 2, 0, 0.17%, 8, 0, 10, 144.44
1735044933, 22, 10, 46, 2, 0, 0.17%, 8, 0, 10, 123.69
1735044943, 22, 12, 46, 2, 0, 0.17%, 8, 0, 10, 135.16
1735044948, 22, 31, 46, 2, 0, 0.17%, 8, 0, 10, 147.68
1735044969, 22, 34, 46, 2, 0, 0.17%, 8, 0, 10, 136.33
1735044974, 22, 35, 46, 2, 0, 0.17%, 8, 0, 10, 144.43
1735044979, 22, 39, 46, 2, 0, 0.17%, 8, 0, 10, 204.77
1735045061, 22, 42, 46, 1, 0, 0.17%, 8, 0, 10, 146.29
1735045091, 23, 12, 46, 1, 0, 0.17%, 8, 0, 10, 125.83
1735045096, 23, 28, 46, 1, 0, 0.17%, 8, 0, 10, 190.25
1735045254, 23, 34, 46, 0, 0, 0.17%, 8, 0, 10, 138.50
1735045260, 23, 35, 46, 0, 0, 0.17%, 8, 0, 10, 138.69
1735045265, 24, 12, 46, 0, 0, 0.17%, 8, 0, 10, 135.94
1735045270, 24, 31, 46, 0, 0, 0.17%, 8, 0, 10, 135.39
1735045296, 24, 34, 46, 0, 0, 0.17%, 8, 0, 10, 136.52
1735045301, 24, 35, 46, 0, 0, 0.17%, 8, 0, 10, 141.30
1735045306, 25, 34, 46, 0, 0, 0.17%, 8, 0, 10, 137.79
1735045311, 25, 35, 46, 0, 0, 0.17%, 8, 0, 10, 145.70
1735045316, 26, 3, 46, 0, 0, 0.17%, 8, 0, 10, 135.76
1735045321, 26, 34, 46, 0, 0, 0.17%, 8, 0, 10, 144.89
1735045327, 26, 35, 46, 0, 0, 0.17%, 8, 0, 10, 136.01
1735045332, 26, 42, 46, 0, 0, 0.17%, 8, 0, 10, 136.65
1735045363, 27, 6, 46, 0, 0, 0.17%, 8, 0, 10, 144.00
1735045368, 27, 23, 46, 0, 0, 0.17%, 8, 0, 10, 139.27
1735045388, 27, 34, 46, 0, 0, 0.17%, 8, 0, 10, 137.27
1735045393, 27, 35, 46, 0, 0, 0.17%, 8, 0, 10, 143.57
1735045399, 27, 42, 46, 0, 0, 0.17%, 8, 0, 10, 141.86
1735045414, 28, 12, 46, 0, 0, 0.17%, 8, 0, 10, 138.31
1735045419, 28, 28, 46, 0, 0, 0.17%, 8, 0, 10, 149.00
1735045434, 28, 34, 46, 0, 0, 0.17%, 8, 0, 10, 147.52
1735045439, 28, 35, 46, 0, 0, 0.17%, 8, 0, 10, 139.35
1735045445, 28, 39, 46, 0, 0, 0.17%, 8, 0, 10, 145.99
1735045475, 29, 12, 46, 0, 0, 0.17%, 8, 0, 10, 131.74
1735045480, 29, 34, 46, 0, 0, 0.17%, 8, 0, 10, 137.11
1735045485, 29, 35, 46, 0, 0, 0.17%, 8, 0, 10, 142.82
1735045490, 30, 12, 46, 0, 0, 0.17%, 8, 0, 10, 138.62
1735045495, 30, 18, 46, 0, 0, 0.17%, 8, 0, 10, 130.82
1735045516, 30, 34, 46, 0, 0, 0.17%, 8, 0, 10, 138.23
1735045521, 30, 35, 46, 0, 0, 0.17%, 8, 0, 10, 143.90
1735045526, 30, 37, 46, 0, 0, 0.17%, 8, 0, 10, 157.19
1735045552, 31, 12, 46, 0, 0, 0.17%, 8, 0, 10, 145.53
1735045557, 31, 20, 46, 0, 0, 0.17%, 8, 0, 10, 138.09
1735045583, 31, 33, 46, 0, 0, 0.17%, 8, 0, 10, 147.57
1735045603, 31, 34, 46, 0, 0, 0.17%, 8, 0, 10, 143.29
1735045608, 31, 35, 46, 0, 0, 0.17%, 8, 0, 10, 143.13
1735045613, 31, 38, 46, 0, 0, 0.17%, 8, 0, 10, 165.21
1735045639, 32, 12, 46, 0, 0, 0.17%, 8, 0, 10, 146.97
1735045644, 32, 26, 46, 0, 0, 0.17%, 8, 0, 10, 145.59
1735045664, 32, 34, 46, 0, 0, 0.17%, 8, 0, 10, 144.79
1735045670, 32, 35, 46, 0, 0, 0.17%, 8, 0, 10, 140.88
1735045675, 33, 12, 46, 0, 0, 0.17%, 8, 0, 10, 128.63
1735045680, 33, 32, 46, 0, 0, 0.17%, 8, 0, 10, 150.83
1735045700, 33, 33, 46, 0, 0, 0.17%, 8, 0, 10, 150.01
1735045721, 33, 34, 46, 0, 0, 0.17%, 8, 0, 10, 137.53
1735045726, 33, 35, 46, 0, 0, 0.17%, 8, 0, 10, 139.55
1735045731, 33, 37, 46, 0, 0, 0.17%, 8, 0, 10, 147.71
1735045762, 34, 11, 46, 0, 0, 0.17%, 8, 0, 10, 127.22
1735045772, 34, 12, 46, 0, 0, 0.17%, 8, 0, 10, 134.68
1735045777, 34, 23, 46, 0, 0, 0.17%, 8, 0, 10, 139.11
1735045797, 34, 34, 46, 0, 0, 0.17%, 8, 0, 10, 137.02
1735045803, 34, 35, 46, 0, 0, 0.17%, 8, 0, 10, 138.53
1735045808, 34, 36, 46, 0, 0, 0.17%, 8, 0, 10, 157.45
1735045828, 35, 16, 46, 0, 0, 0.17%, 8, 0, 10, 134.67
1735045848, 35, 20, 46, 0, 0, 0.17%, 8, 0, 10, 132.41
1735045869, 35, 34, 46, 0, 0, 0.17%, 8, 0, 10, 132.85
1735045874, 35, 35, 46, 0, 0, 0.17%, 8, 0, 10, 142.35
1735045879, 36, 12, 46, 0, 0, 0.17%, 8, 0, 10, 132.29
1735045884, 36, 34, 46, 0, 0, 0.17%, 8, 0, 10, 138.64
1735045890, 36, 35, 46, 0, 0, 0.17%, 8, 0, 10, 146.35
1735045895, 37, 12, 46, 0, 0, 0.17%, 8, 0, 10, 130.77
1735045900, 37, 34, 46, 0, 0, 0.17%, 8, 0, 10, 133.59
1735045905, 37, 35, 46, 0, 0, 0.17%, 8, 0, 10, 139.25
1735045910, 37, 41, 46, 0, 0, 0.17%, 8, 0, 10, 164.07
1735045930, 38, 7, 46, 0, 0, 0.17%, 8, 0, 10, 138.96
1735045936, 38, 12, 46, 0, 0, 0.17%, 8, 0, 10, 134.84
1735045941, 38, 21, 46, 0, 0, 0.17%, 8, 0, 10, 134.60
1735045956, 38, 33, 46, 0, 0, 0.17%, 8, 0, 10, 142.28
1735045961, 38, 34, 46, 0, 0, 0.17%, 8, 0, 10, 136.38
1735045966, 38, 35, 46, 0, 0, 0.17%, 8, 0, 10, 141.47
1735045972, 39, 12, 46, 0, 0, 0.17%, 8, 0, 10, 135.86
1735045977, 39, 34, 46, 0, 0, 0.17%, 8, 0, 10, 133.73
1735045982, 39, 35, 46, 0, 0, 0.17%, 8, 0, 10, 137.31
1735045987, 40, 0, 46, 0, 0, 0.17%, 8, 0, 10, 142.82
1735045992, 40, 22, 46, 0, 0, 0.17%, 8, 0, 10, 143.62
1735046013, 40, 23, 46, 0, 0, 0.17%, 8, 0, 10, 138.71
1735046018, 40, 34, 46, 0, 0, 0.17%, 8, 0, 10, 141.68
1735046023, 40, 35, 46, 0, 0, 0.17%, 8, 0, 10, 142.13
1735046028, 41, 4, 46, 0, 0, 0.17%, 8, 0, 10, 139.95
1735046033, 41, 12, 46, 0, 0, 0.17%, 8, 0, 10, 133.58
1735046038, 41, 27, 46, 0, 0, 0.17%, 8, 0, 10, 159.40
1735046054, 41, 34, 46, 0, 0, 0.17%, 8, 0, 10, 142.97
1735046059, 41, 35, 46, 0, 0, 0.17%, 8, 0, 10, 139.89
1735046064, 42, 12, 46, 0, 0, 0.17%, 8, 0, 10, 133.90
1735046069, 42, 34, 46, 0, 0, 0.17%, 8, 0, 10, 140.31
1735046075, 42, 35, 46, 0, 0, 0.17%, 8, 0, 10, 143.65
1735046080, 42, 36, 46, 0, 0, 0.17%, 8, 0, 10, 146.07
1735046085, 43, 10, 46, 0, 0, 0.17%, 8, 0, 10, 138.62
1735046090, 43, 23, 46, 0, 0, 0.17%, 8, 0, 10, 134.25
1735046095, 43, 34, 46, 0, 0, 0.17%, 8, 0, 10, 139.42
1735046100, 43, 35, 46, 0, 0, 0.17%, 8, 0, 10, 142.85
1735046105, 44, 1, 46, 0, 0, 0.17%, 8, 0, 10, 142.12
1735046111, 44, 16, 46, 0, 0, 0.17%, 8, 0, 10, 143.58
1735046131, 44, 24, 46, 0, 0, 0.17%, 8, 0, 10, 132.69
1735046152, 44, 34, 46, 0, 0, 0.17%, 8, 0, 10, 127.11
1735046157, 44, 35, 46, 0, 0, 0.17%, 8, 0, 10, 136.56
1735046162, 45, 7, 46, 0, 0, 0.17%, 8, 0, 10, 136.22
1735046167, 45, 12, 46, 0, 0, 0.17%, 8, 0, 10, 131.33
1735046173, 45, 22, 46, 0, 0, 0.17%, 8, 0, 10, 134.98
1735046178, 45, 32, 46, 0, 0, 0.17%, 8, 0, 10, 153.74
1735046198, 45, 34, 46, 0, 0, 0.17%, 8, 0, 10, 136.45
1735046204, 45, 35, 46, 0, 0, 0.17%, 8, 0, 10, 144.21
1735046209, 45, 37, 46, 0, 0, 0.17%, 8, 0, 10, 147.51
1735046214, 45, 43, 46, 0, 0, 0.17%, 8, 0, 10, 157.51
1735046245, 46, 12, 46, 0, 0, 0.17%, 8, 0, 10, 124.97
1735046250, 46, 14, 46, 0, 0, 0.17%, 8, 0, 10, 151.46
1735046265, 46, 27, 46, 0, 0, 0.17%, 8, 0, 10, 151.30
1735046280, 46, 34, 46, 0, 0, 0.17%, 8, 0, 10, 140.75
1735046286, 46, 35, 46, 0, 0, 0.17%, 8, 0, 10, 141.30
1735046291, 46, 39, 46, 0, 0, 0.17%, 8, 0, 10, 144.49
1735046321, 46, 45, 46, 0, 0, 0.17%, 8, 0, 10, 172.31
1735046352, 47, 12, 46, 0, 0, 0.17%, 8, 0, 10, 123.88
1735046357, 47, 19, 46, 0, 0, 0.17%, 8, 0, 10, 134.98
1735046378, 47, 30, 46, 0, 0, 0.17%, 8, 0, 10, 141.58
1735046398, 47, 34, 46, 0, 0, 0.17%, 8, 0, 10, 140.26
1735046403, 47, 35, 46, 0, 0, 0.17%, 8, 0, 10, 144.89
1735046408, 47, 38, 46, 0, 0, 0.17%, 8, 0, 10, 151.60
1735046439, 47, 40, 46, 0, 0, 0.17%, 8, 0, 10, 140.74
1735046444, 48, 4, 46, 0, 0, 0.17%, 8, 0, 10, 140.59
1735046450, 48, 12, 46, 0, 0, 0.17%, 8, 0, 10, 131.59
1735046455, 48, 34, 46, 0, 0, 0.17%, 8, 0, 10, 135.07
1735046460, 48, 35, 46, 0, 0, 0.17%, 8, 0, 10, 140.10
1735046465, 49, 12, 46, 0, 0, 0.17%, 8, 0, 10, 130.64
1735046470, 49, 34, 46, 0, 0, 0.17%, 8, 0, 10, 133.29
1735046475, 49, 35, 46, 0, 0, 0.17%, 8, 0, 10, 142.76
1735046480, 49, 43, 46, 0, 0, 0.17%, 8, 0, 10, 168.05
1735046511, 50, 19, 46, 0, 0, 0.17%, 8, 0, 10, 133.23
1735046532, 50, 32, 46, 0, 0, 0.17%, 8, 0, 10, 139.85
1735046537, 50, 34, 46, 0, 0, 0.17%, 8, 0, 10, 142.10
1735046542, 50, 35, 46, 0, 0, 0.17%, 8, 0, 10, 143.54
1735046547, 51, 12, 46, 0, 0, 0.17%, 8, 0, 10, 129.30
1735046552, 51, 30, 46, 0, 0, 0.17%, 8, 0, 10, 150.76
1735046573, 51, 32, 46, 0, 0, 0.17%, 8, 0, 10, 151.48
1735046578, 51, 34, 46, 0, 0, 0.17%, 8, 0, 10, 137.18
1735046583, 51, 35, 46, 0, 0, 0.17%, 8, 0, 10, 134.55
1735046588, 51, 37, 46, 0, 0, 0.17%, 8, 0, 10, 142.82
1735046594, 52, 11, 46, 0, 0, 0.17%, 8, 0, 10, 129.52
1735046604, 52, 12, 46, 0, 0, 0.17%, 8, 0, 10, 138.27
1735046609, 52, 17, 46, 0, 0, 0.17%, 8, 0, 10, 130.46
1735046629, 52, 34, 46, 0, 0, 0.17%, 8, 0, 10, 143.58
1735046634, 52, 35, 46, 0, 0, 0.17%, 8, 0, 10, 145.22
1735046639, 53, 12, 46, 0, 0, 0.17%, 8, 0, 10, 139.63
1735046644, 53, 16, 46, 0, 0, 0.17%, 8, 0, 10, 146.93
1735046650, 53, 34, 46, 0, 0, 0.17%, 8, 0, 10, 146.98
1735046655, 53, 35, 46, 0, 0, 0.17%, 8, 0, 10, 150.56
1735046660, 54, 12, 46, 0, 0, 0.17%, 8, 0, 10, 136.44
1735046665, 54, 26, 46, 0, 0, 0.17%, 8, 0, 10, 137.74
1735046680, 54, 33, 46, 0, 0, 0.17%, 8, 0, 10, 144.03
1735046685, 54, 34, 46, 0, 0, 0.17%, 8, 0, 10, 147.63
1735046690, 54, 35, 46, 0, 0, 0.17%, 8, 0, 10, 143.69
1735046696, 55, 6, 46, 0, 0, 0.17%, 8, 0, 10, 135.24
1735046701, 55, 12, 46, 0, 0, 0.17%, 8, 0, 10, 137.25
1735046706, 55, 26, 46, 0, 0, 0.17%, 8, 0, 10, 128.74
1735046711, 55, 34, 46, 0, 0, 0.17%, 8, 0, 10, 135.43
1735046716, 55, 35, 46, 0, 0, 0.17%, 8, 0, 10, 138.70
1735046721, 55, 40, 46, 0, 0, 0.17%, 8, 0, 10, 149.67
1735046726, 56, 9, 46, 0, 0, 0.17%, 8, 0, 10, 137.98
1735046732, 56, 12, 46, 0, 0, 0.17%, 8, 0, 10, 128.51
1735046737, 56, 22, 46, 0, 0, 0.17%, 8, 0, 10, 140.90
1735046742, 56, 34, 46, 0, 0, 0.17%, 8, 0, 10, 135.38
1735046747, 56, 35, 46, 0, 0, 0.17%, 8, 0, 10, 137.48
1735046752, 57, 7, 46, 0, 0, 0.17%, 8, 0, 10, 132.92
1735046757, 57, 12, 46, 0, 0, 0.17%, 8, 0, 10, 127.76
1735046762, 57, 13, 46, 0, 0, 0.17%, 8, 0, 10, 130.91
1735046783, 57, 22, 46, 0, 0, 0.17%, 8, 0, 10, 129.65
1735046788, 57, 34, 46, 0, 0, 0.17%, 8, 0, 10, 130.22
1735046793, 57, 35, 46, 0, 0, 0.17%, 8, 0, 10, 146.69
1735046798, 57, 41, 46, 0, 0, 0.17%, 8, 0, 10, 161.17
1735046818, 58, 12, 46, 0, 0, 0.17%, 8, 0, 10, 138.37
1735046824, 58, 28, 46, 0, 0, 0.17%, 8, 0, 10, 148.52
1735046844, 58, 33, 46, 0, 0, 0.17%, 8, 0, 10, 146.60
1735046849, 58, 34, 46, 0, 0, 0.17%, 8, 0, 10, 141.38
1735046855, 58, 35, 46, 0, 0, 0.17%, 8, 0, 10, 142.76
1735046860, 58, 43, 46, 0, 0, 0.17%, 8, 0, 10, 169.74
1735046875, 59, 12, 46, 0, 0, 0.17%, 8, 0, 10, 138.52
1735046880, 59, 14, 46, 0, 0, 0.17%, 8, 0, 10, 148.35
1735046901, 59, 19, 46, 0, 0, 0.17%, 8, 0, 10, 140.23
1735046906, 59, 34, 46, 0, 0, 0.17%, 8, 0, 10, 138.13
1735046911, 59, 35, 46, 0, 0, 0.17%, 8, 0, 10, 142.52
1735046916, 60, 12, 46, 0, 0, 0.17%, 8, 0, 10, 133.46
1735046921, 60, 16, 46, 0, 0, 0.17%, 8, 0, 10, 144.33
1735046927, 60, 34, 46, 0, 0, 0.17%, 8, 0, 10, 139.22
1735046932, 60, 35, 46, 0, 0, 0.17%, 8, 0, 10, 147.57
1735046937, 60, 40, 46, 0, 0, 0.17%, 8, 0, 10, 139.34
1735046947, 61, 12, 46, 0, 0, 0.17%, 8, 0, 10, 126.72
1735046952, 61, 34, 46, 0, 0, 0.17%, 8, 0, 10, 140.40
1735046957, 61, 35, 46, 0, 0, 0.17%, 8, 0, 10, 146.07
1735046962, 61, 42, 46, 0, 0, 0.17%, 8, 0, 10, 146.84
1735046968, 62, 1, 46, 0, 0, 0.17%, 8, 0, 10, 140.09
1735046973, 62, 28, 46, 0, 0, 0.17%, 8, 0, 10, 136.85
1735046978, 62, 32, 46, 0, 0, 0.17%, 8, 0, 10, 132.73
1735046983, 62, 34, 46, 0, 0, 0.17%, 8, 0, 10, 138.14
1735046988, 62, 35, 46, 0, 0, 0.17%, 8, 0, 10, 148.01
1735046993, 63, 12, 46, 0, 0, 0.17%, 8, 0, 10, 142.12
1735046998, 63, 24, 46, 0, 0, 0.17%, 8, 0, 10, 142.86
1735047019, 63, 34, 46, 0, 0, 0.17%, 8, 0, 10, 143.95
1735047024, 63, 35, 46, 0, 0, 0.17%, 8, 0, 10, 147.47
1735047029, 63, 36, 46, 0, 0, 0.17%, 8, 0, 10, 143.94
1735047034, 63, 42, 46, 0, 0, 0.17%, 8, 0, 10, 141.86
1735047045, 64, 12, 46, 0, 0, 0.17%, 8, 0, 10, 126.52
1735047050, 64, 17, 46, 0, 0, 0.17%, 8, 0, 10, 122.97
1735047070, 64, 34, 46, 0, 0, 0.17%, 8, 0, 10, 132.55
1735047075, 64, 35, 46, 0, 0, 0.17%, 8, 0, 10, 137.01
1735047080, 65, 12, 46, 0, 0, 0.17%, 8, 0, 10, 132.75
1735047085, 65, 16, 46, 0, 0, 0.17%, 8, 0, 10, 135.71
1735047090, 65, 34, 46, 0, 0, 0.17%, 8, 0, 10, 135.89
1735047096, 65, 35, 46, 0, 0, 0.17%, 8, 0, 10, 142.86
1735047101, 66, 12, 46, 0, 0, 0.17%, 8, 0, 10, 131.64
1735047106, 66, 34, 46, 0, 0, 0.17%, 8, 0, 10, 142.52
1735047111, 66, 35, 46, 0, 0, 0.17%, 8, 0, 10, 140.54
1735047116, 67, 12, 46, 0, 0, 0.17%, 8, 0, 10, 126.53
1735047121, 67, 16, 46, 0, 0, 0.17%, 8, 0, 10, 136.11
1735047126, 67, 34, 46, 0, 0, 0.17%, 8, 0, 10, 139.78
1735047131, 67, 35, 46, 0, 0, 0.17%, 8, 0, 10, 143.13
1735047137, 68, 24, 46, 0, 0, 0.17%, 8, 0, 10, 132.35
1735047142, 68, 34, 46, 0, 0, 0.17%, 8, 0, 10, 128.72
1735047147, 68, 35, 46, 0, 0, 0.17%, 8, 0, 10, 138.58
1735047152, 69, 12, 46, 0, 0, 0.17%, 8, 0, 10, 139.70
1735047157, 69, 34, 46, 0, 0, 0.17%, 8, 0, 10, 137.42
1735047162, 69, 35, 46, 0, 0, 0.17%, 8, 0, 10, 145.92
1735047168, 70, 0, 46, 0, 0, 0.17%, 8, 0, 10, 145.28
1735047173, 70, 34, 46, 0, 0, 0.17%, 8, 0, 10, 135.52
1735047178, 70, 35, 46, 0, 0, 0.17%, 8, 0, 10, 142.99
1735047183, 71, 12, 46, 0, 0, 0.17%, 8, 0, 10, 141.43
1735047188, 71, 34, 46, 0, 0, 0.17%, 8, 0, 10, 139.28
1735047193, 71, 35, 46, 0, 0, 0.17%, 8, 0, 10, 138.96
1735047198, 71, 36, 46, 0, 0, 0.17%, 8, 0, 10, 136.86
1735047203, 72, 12, 46, 0, 0, 0.17%, 8, 0, 10, 137.39
1735047209, 72, 34, 46, 0, 0, 0.17%, 8, 0, 10, 133.49
1735047214, 72, 35, 46, 0, 0, 0.17%, 8, 0, 10, 141.00
1735047219, 73, 12, 46, 0, 0, 0.17%, 8, 0, 10, 134.96
1735047224, 73, 34, 46, 0, 0, 0.17%, 8, 0, 10, 139.03
1735047229, 73, 35, 46, 0, 0, 0.17%, 8, 0, 10, 147.21
1735047234, 74, 12, 46, 0, 0, 0.17%, 8, 0, 10, 139.53
1735047239, 74, 34, 46, 0, 0, 0.17%, 8, 0, 10, 144.15
1735047245, 74, 35, 46, 0, 0, 0.17%, 8, 0, 10, 147.12
1735047250, 75, 12, 46, 0, 0, 0.17%, 8, 0, 10, 135.87
1735047255, 75, 13, 46, 0, 0, 0.17%, 8, 0, 10, 131.39
1735047275, 75, 17, 46, 0, 0, 0.17%, 8, 0, 10, 131.59
1735047280, 75, 34, 46, 0, 0, 0.17%, 8, 0, 10, 144.82
1735047286, 75, 35, 46, 0, 0, 0.17%, 8, 0, 10, 149.04
1735047291, 75, 43, 46, 0, 0, 0.17%, 8, 0, 10, 153.51
1735047301, 76, 2, 46, 0, 0, 0.17%, 8, 0, 10, 135.24
1735047306, 76, 23, 46, 0, 0, 0.17%, 8, 0, 10, 137.52
1735047311, 76, 30, 46, 0, 0, 0.17%, 8, 0, 10, 144.35
1735047316, 76, 34, 46, 0, 0, 0.17%, 8, 0, 10, 140.25
1735047322, 76, 35, 46, 0, 0, 0.17%, 8, 0, 10, 147.10
1735047327, 77, 10, 46, 0, 0, 0.17%, 8, 0, 10, 129.70
1735047332, 77, 12, 46, 0, 0, 0.17%, 8, 0, 10, 135.37
1735047337, 77, 25, 46, 0, 0, 0.17%, 8, 0, 10, 136.87
1735047353, 77, 27, 46, 0, 0, 0.17%, 8, 0, 10, 148.21
1735047358, 77, 34, 46, 0, 0, 0.17%, 8, 0, 10, 138.61
1735047363, 77, 35, 46, 0, 0, 0.17%, 8, 0, 10, 143.91
1735047368, 78, 12, 46, 0, 0, 0.17%, 8, 0, 10, 130.35
1735047373, 78, 25, 46, 0, 0, 0.17%, 8, 0, 10, 137.38
1735047389, 78, 34, 46, 0, 0, 0.17%, 8, 0, 10, 129.02
1735047394, 78, 35, 46, 0, 0, 0.17%, 8, 0, 10, 145.20
1735047399, 78, 40, 46, 0, 0, 0.17%, 8, 0, 10, 145.66
1735047404, 79, 12, 46, 0, 0, 0.17%, 8, 0, 10, 140.94
1735047409, 79, 31, 46, 0, 0, 0.17%, 8, 0, 10, 134.37
1735047419, 79, 34, 46, 0, 0, 0.17%, 8, 0, 10, 138.46
1735047424, 79, 35, 46, 0, 0, 0.17%, 8, 0, 10, 131.56
1735047430, 79, 41, 46, 0, 0, 0.17%, 8, 0, 10, 158.78
1735047440, 80, 12, 46, 0, 0, 0.17%, 8, 0, 10, 133.23
1735047445, 80, 15, 46, 0, 0, 0.17%, 8, 0, 10, 132.40
1735047465, 80, 24, 46, 0, 0, 0.17%, 8, 0, 10, 135.71
1735047470, 80, 34, 46, 0, 0, 0.17%, 8, 0, 10, 141.51
1735047475, 80, 35, 46, 0, 0, 0.17%, 8, 0, 10, 140.06
1735047480, 80, 40, 46, 0, 0, 0.17%, 8, 0, 10, 157.06
1735047485, 80, 43, 46, 0, 0, 0.17%, 8, 0, 10, 140.84
1735047496, 81, 12, 46, 0, 0, 0.17%, 8, 0, 10, 134.51
1735047501, 81, 33, 46, 0, 0, 0.17%, 8, 0, 10, 148.31
1735047506, 81, 34, 46, 0, 0, 0.17%, 8, 0, 10, 143.99
1735047516, 81, 35, 46, 0, 0, 0.17%, 8, 0, 10, 139.92
1735047522, 81, 40, 46, 0, 0, 0.17%, 8, 0, 10, 148.94
1735047527, 82, 12, 46, 0, 0, 0.17%, 8, 0, 10, 136.38
1735047532, 82, 13, 46, 0, 0, 0.17%, 8, 0, 10, 134.98
1735047537, 82, 34, 46, 0, 0, 0.17%, 8, 0, 10, 145.94
1735047542, 82, 35, 46, 0, 0, 0.17%, 8, 0, 10, 138.25
1735047547, 83, 4, 46, 0, 0, 0.17%, 8, 0, 10, 138.36
1735047552, 83, 34, 46, 0, 0, 0.17%, 8, 0, 10, 136.06
1735047557, 83, 35, 46, 0, 0, 0.17%, 8, 0, 10, 141.96
1735047563, 84, 12, 46, 0, 0, 0.17%, 8, 0, 10, 136.89
1735047568, 84, 34, 46, 0, 0, 0.17%, 8, 0, 10, 139.92
1735047573, 84, 35, 46, 0, 0, 0.17%, 8, 0, 10, 145.26
1735047578, 85, 7, 46, 0, 0, 0.17%, 8, 0, 10, 135.63
1735047583, 85, 12, 46, 0, 0, 0.17%, 8, 0, 10, 132.05
1735047588, 85, 30, 46, 0, 0, 0.17%, 8, 0, 10, 145.73
1735047593, 85, 34, 46, 0, 0, 0.17%, 8, 0, 10, 139.54
1735047599, 85, 35, 46, 0, 0, 0.17%, 8, 0, 10, 144.35
1735047604, 85, 43, 46, 0, 0, 0.17%, 8, 0, 10, 159.78
1735047614, 86, 27, 46, 0, 0, 0.17%, 8, 0, 10, 136.50
1735047619, 86, 34, 46, 0, 0, 0.17%, 8, 0, 10, 139.75
1735047624, 86, 35, 46, 0, 0, 0.17%, 8, 0, 10, 141.07
1735047629, 87, 11, 46, 0, 0, 0.17%, 8, 0, 10, 130.41
1735047635, 87, 12, 46, 0, 0, 0.17%, 8, 0, 10, 129.18
1735047640, 87, 34, 46, 0, 0, 0.17%, 8, 0, 10, 149.64
1735047650, 88, 3, 46, 0, 0, 0.17%, 8, 0, 10, 142.17
1735047655, 88, 12, 46, 0, 0, 0.17%, 8, 0, 10, 133.98
1735047660, 88, 34, 46, 0, 0, 0.17%, 8, 0, 10, 142.88
1735047665, 88, 35, 46, 0, 0, 0.17%, 8, 0, 10, 146.15
1735047670, 89, 12, 46, 0, 0, 0.17%, 8, 0, 10, 135.59
1735047675, 89, 14, 46, 0, 0, 0.17%, 8, 0, 10, 153.81
1735047680, 89, 18, 46, 0, 0, 0.17%, 8, 0, 10, 137.97
1735047701, 89, 34, 46, 0, 0, 0.17%, 8, 0, 10, 124.08
1735047706, 89, 35, 46, 0, 0, 0.17%, 8, 0, 10, 134.07
1735047711, 90, 12, 46, 0, 0, 0.17%, 8, 0, 10, 127.58
1735047716, 90, 18, 46, 0, 0, 0.17%, 8, 0, 10, 128.78
1735047722, 90, 34, 46, 0, 0, 0.17%, 8, 0, 10, 139.38
1735047727, 90, 35, 46, 0, 0, 0.17%, 8, 0, 10, 141.89
1735047732, 90, 38, 46, 0, 0, 0.17%, 8, 0, 10, 155.24
1735047737, 91, 12, 46, 0, 0, 0.17%, 8, 0, 10, 135.66
1735047742, 91, 23, 46, 0, 0, 0.17%, 8, 0, 10, 142.42
1735047747, 91, 28, 46, 0, 0, 0.17%, 8, 0, 10, 135.71
1735047753, 91, 34, 46, 0, 0, 0.17%, 8, 0, 10, 135.89
1735047758, 91, 35, 46, 0, 0, 0.17%, 8, 0, 10, 141.87
1735047763, 92, 12, 46, 0, 0, 0.17%, 8, 0, 10, 134.75
1735047768, 92, 20, 46, 0, 0, 0.17%, 8, 0, 10, 137.68
1735047773, 92, 34, 46, 0, 0, 0.17%, 8, 0, 10, 137.02
1735047778, 92, 35, 46, 0, 0, 0.17%, 8, 0, 10, 142.55
1735047783, 93, 12, 46, 0, 0, 0.17%, 8, 0, 10, 130.26
1735047789, 93, 19, 46, 0, 0, 0.17%, 8, 0, 10, 128.48
1735047794, 93, 30, 46, 0, 0, 0.17%, 8, 0, 10, 140.33
1735047799, 93, 34, 46, 0, 0, 0.17%, 8, 0, 10, 145.76
1735047804, 93, 35, 46, 0, 0, 0.17%, 8, 0, 10, 143.68
1735047809, 94, 12, 46, 0, 0, 0.17%, 8, 0, 10, 140.61
1735047814, 94, 34, 46, 0, 0, 0.17%, 8, 0, 10, 138.53
1735047820, 94, 35, 46, 0, 0, 0.17%, 8, 0, 10, 141.81
1735047825, 95, 12, 46, 0, 0, 0.17%, 8, 0, 10, 134.48
1735047830, 95, 15, 46, 0, 0, 0.17%, 8, 0, 10, 144.29
1735047835, 95, 20, 46, 0, 0, 0.17%, 8, 0, 10, 138.33
1735047840, 95, 34, 46, 0, 0, 0.17%, 8, 0, 10, 138.52
1735047845, 95, 35, 46, 0, 0, 0.17%, 8, 0, 10, 152.55
1735047851, 96, 12, 46, 0, 0, 0.17%, 8, 0, 10, 139.12
1735047856, 96, 34, 46, 0, 0, 0.17%, 8, 0, 10, 138.40
1735047861, 96, 35, 46, 0, 0, 0.17%, 8, 0, 10, 148.24
1735047866, 96, 37, 46, 0, 0, 0.17%, 8, 0, 10, 142.18
1735047876, 97, 12, 46, 0, 0, 0.17%, 8, 0, 10, 131.42
1735047881, 97, 34, 46, 0, 0, 0.17%, 8, 0, 10, 138.29
1735047887, 97, 35, 46, 0, 0, 0.17%, 8, 0, 10, 148.76
1735047892, 98, 12, 46, 0, 0, 0.17%, 8, 0, 10, 134.34
1735047897, 98, 25, 46, 0, 0, 0.17%, 8, 0, 10, 139.52
1735047902, 98, 34, 46, 0, 0, 0.17%, 8, 0, 10, 135.53
1735047907, 98, 35, 46, 0, 0, 0.17%, 8, 0, 10, 147.35
1735047912, 99, 12, 46, 0, 0, 0.17%, 8, 0, 10, 138.27
1735047918, 99, 34, 46, 0, 0, 0.17%, 8, 0, 10, 136.05
1735047923, 99, 35, 46, 0, 0, 0.17%, 8, 0, 10, 138.84
1735047928, 100, 9, 46, 0, 0, 0.17%, 8, 0, 10, 133.93
1735047933, 100, 19, 46, 0, 0, 0.17%, 8, 0, 10, 138.54
1735047938, 100, 31, 46, 0, 0, 0.17%, 8, 0, 10, 141.17
1735047943, 100, 34, 46, 0, 0, 0.17%, 8, 0, 10, 139.23
1735047948, 100, 35, 46, 0, 0, 0.17%, 8, 0, 10, 141.78
1735047953, 101, 12, 46, 0, 0, 0.17%, 8, 0, 10, 138.63
1735047959, 101, 34, 46, 0, 0, 0.17%, 8, 0, 10, 134.75
1735047964, 101, 35, 46, 0, 0, 0.17%, 8, 0, 10, 140.72
1735047969, 102, 8, 46, 0, 0, 0.17%, 8, 0, 10, 137.65
1735047974, 102, 34, 46, 0, 0, 0.17%, 8, 0, 10, 128.45
1735047985, 102, 43, 46, 0, 0, 0.17%, 8, 0, 10, 142.48
1735047995, 103, 2, 46, 0, 0, 0.17%, 8, 0, 10, 140.60
1735048000, 103, 12, 46, 0, 0, 0.17%, 8, 0, 10, 142.00
1735048005, 103, 34, 46, 0, 0, 0.17%, 8, 0, 10, 130.25
1735048010, 103, 35, 46, 0, 0, 0.17%, 8, 0, 10, 139.61
1735048015, 104, 12, 46, 0, 0, 0.17%, 8, 0, 10, 123.63
1735048020, 104, 34, 46, 0, 0, 0.17%, 8, 0, 10, 137.22
1735048025, 104, 35, 46, 0, 0, 0.17%, 8, 0, 10, 140.99
1735048031, 104, 45, 46, 0, 0, 0.17%, 8, 0, 10, 189.85
1735048056, 105, 12, 46, 0, 0, 0.17%, 8, 0, 10, 137.27
1735048061, 105, 13, 46, 0, 0, 0.17%, 8, 0, 10, 132.64
1735048066, 105, 34, 46, 0, 0, 0.17%, 8, 0, 10, 141.22
1735048071, 105, 35, 46, 0, 0, 0.17%, 8, 0, 10, 136.17
1735048076, 105, 38, 46, 0, 0, 0.17%, 8, 0, 10, 144.74
1735048086, 106, 4, 46, 0, 0, 0.17%, 8, 0, 10, 143.65
1735048092, 106, 12, 46, 0, 0, 0.17%, 8, 0, 10, 135.89
1735048097, 106, 34, 46, 0, 0, 0.17%, 8, 0, 10, 137.87
1735048102, 106, 35, 46, 0, 0, 0.17%, 8, 0, 10, 138.94
1735048107, 107, 7, 46, 0, 0, 0.17%, 8, 0, 10, 134.04
1735048112, 107, 12, 46, 0, 0, 0.17%, 8, 0, 10, 125.66
1735048118, 107, 34, 46, 0, 0, 0.17%, 8, 0, 10, 137.83
1735048123, 107, 35, 46, 0, 0, 0.17%, 8, 0, 10, 145.49
1735048128, 108, 12, 46, 0, 0, 0.17%, 8, 0, 10, 152.62
1735048133, 108, 31, 46, 0, 0, 0.17%, 8, 0, 10, 140.58
1735048138, 108, 34, 46, 0, 0, 0.17%, 8, 0, 10, 143.29
1735048143, 108, 35, 46, 0, 0, 0.17%, 8, 0, 10, 141.92
1735048153, 109, 12, 46, 0, 0, 0.17%, 8, 0, 10, 133.31
1735048158, 109, 21, 46, 0, 0, 0.17%, 8, 0, 10, 130.80
1735048179, 109, 26, 46, 0, 0, 0.17%, 8, 0, 10, 129.84
1735048184, 109, 30, 46, 0, 0, 0.17%, 8, 0, 10, 137.51
1735048189, 109, 34, 46, 0, 0, 0.17%, 8, 0, 10, 134.63
1735048194, 109, 35, 46, 0, 0, 0.17%, 8, 0, 10, 137.00
1735048199, 110, 12, 46, 0, 0, 0.17%, 8, 0, 10, 122.96
1735048204, 110, 17, 46, 0, 0, 0.17%, 8, 0, 10, 125.83
1735048210, 110, 34, 46, 0, 0, 0.17%, 8, 0, 10, 145.17
1735048215, 110, 35, 46, 0, 0, 0.17%, 8, 0, 10, 142.66
1735048220, 110, 38, 46, 0, 0, 0.17%, 8, 0, 10, 165.60
1735048225, 111, 12, 46, 0, 0, 0.17%, 8, 0, 10, 150.31
1735048230, 111, 17, 46, 0, 0, 0.17%, 8, 0, 10, 129.25
1735048235, 111, 29, 46, 0, 0, 0.17%, 8, 0, 10, 136.25
1735048256, 111, 34, 46, 0, 0, 0.17%, 8, 0, 10, 133.87
1735048261, 111, 35, 46, 0, 0, 0.17%, 8, 0, 10, 146.24
1735048266, 112, 7, 46, 0, 0, 0.17%, 8, 0, 10, 132.68
1735048271, 112, 12, 46, 0, 0, 0.17%, 8, 0, 10, 141.17
1735048276, 112, 34, 46, 0, 0, 0.17%, 8, 0, 10, 135.63
1735048281, 112, 35, 46, 0, 0, 0.17%, 8, 0, 10, 133.52
1735048286, 112, 43, 46, 0, 0, 0.17%, 8, 0, 10, 149.41
1735048292, 113, 12, 46, 0, 0, 0.17%, 8, 0, 10, 137.41
1735048297, 113, 34, 46, 0, 0, 0.17%, 8, 0, 10, 135.91
1735048302, 113, 35, 46, 0, 0, 0.17%, 8, 0, 10, 144.05
1735048307, 114, 12, 46, 0, 0, 0.17%, 8, 0, 10, 133.42
1735048312, 114, 25, 46, 0, 0, 0.17%, 8, 0, 10, 139.83
1735048317, 114, 34, 46, 0, 0, 0.17%, 8, 0, 10, 145.78
1735048323, 114, 35, 46, 0, 0, 0.17%, 8, 0, 10, 147.46
1735048328, 114, 43, 46, 0, 0, 0.17%, 8, 0, 10, 158.64
1735048333, 115, 12, 46, 0, 0, 0.17%, 8, 0, 10, 141.49
1735048338, 115, 24, 46, 0, 0, 0.17%, 8, 0, 10, 134.08
1735048343, 115, 34, 46, 0, 0, 0.17%, 8, 0, 10, 132.83
1735048348, 115, 35, 46, 0, 0, 0.17%, 8, 0, 10, 140.34
1735048353, 115, 45, 46, 0, 0, 0.17%, 8, 0, 10, 177.33
1735048363, 116, 0, 46, 0, 0, 0.17%, 8, 0, 10, 152.09
1735048369, 116, 12, 46, 0, 0, 0.17%, 8, 0, 10, 137.63
1735048374, 116, 34, 46, 0, 0, 0.17%, 8, 0, 10, 137.11
1735048379, 116, 35, 46, 0, 0, 0.17%, 8, 0, 10, 144.63
1735048384, 117, 12, 46, 0, 0, 0.17%, 8, 0, 10, 139.03
1735048389, 117, 29, 46, 0, 0, 0.17%, 8, 0, 10, 154.57
1735048410, 117, 34, 46, 0, 0, 0.17%, 8, 0, 10, 141.36
1735048415, 117, 35, 46, 0, 0, 0.17%, 8, 0, 10, 150.94
1735048420, 117, 37, 46, 0, 0, 0.17%, 8, 0, 10, 150.15
1735048425, 117, 45, 46, 0, 0, 0.17%, 8, 0, 10, 148.90
1735048440, 118, 12, 46, 0, 0, 0.17%, 8, 0, 10, 141.91
1735048445, 118, 27, 46, 0, 0, 0.17%, 8, 0, 10, 149.03
1735048450, 118, 31, 46, 0, 0, 0.17%, 8, 0, 10, 145.74
1735048456, 118, 34, 46, 0, 0, 0.17%, 8, 0, 10, 140.38
1735048461, 118, 35, 46, 0, 0, 0.17%, 8, 0, 10, 138.89
1735048466, 119, 12, 46, 0, 0, 0.17%, 8, 0, 10, 128.75
1735048471, 119, 34, 46, 0, 0, 0.17%, 8, 0, 10, 133.83
1735048476, 119, 35, 46, 0, 0, 0.17%, 8, 0, 10, 141.26
1735048481, 119, 41, 46, 0, 0, 0.17%, 8, 0, 10, 150.69
1735048487, 120, 12, 46, 0, 0, 0.17%, 8, 0, 10, 134.58
1735048492, 120, 17, 46, 0, 0, 0.17%, 8, 0, 10, 126.15
1735048497, 120, 18, 46, 0, 0, 0.17%, 8, 0, 10, 128.23
1735048502, 120, 34, 46, 0, 0, 0.17%, 8, 0, 10, 132.38
1735048507, 120, 35, 46, 0, 0, 0.17%, 8, 0, 10, 143.90
1735048512, 120, 38, 46, 0, 0, 0.17%, 8, 0, 10, 146.98
1735048523, 121, 7, 46, 0, 0, 0.17%, 8, 0, 10, 140.25
1735048528, 121, 28, 46, 0, 0, 0.17%, 8, 0, 10, 129.96
1735048533, 121, 34, 46, 0, 0, 0.17%, 8, 0, 10, 135.88
1735048538, 121, 35, 46, 0, 0, 0.17%, 8, 0, 10, 140.67
1735048543, 121, 45, 46, 0, 0, 0.17%, 8, 0, 10, 138.79
1735048559, 122, 3, 46, 0, 0, 0.17%, 8, 0, 10, 138.70
1735048564, 122, 12, 46, 0, 0, 0.17%, 8, 0, 10, 127.29
1735048569, 122, 34, 46, 0, 0, 0.17%, 8, 0, 10, 135.65
1735048574, 122, 35, 46, 0, 0, 0.17%, 8, 0, 10, 144.51
1735048579, 123, 12, 46, 0, 0, 0.17%, 8, 0, 10, 128.59
1735048585, 123, 34, 46, 0, 0, 0.17%, 8, 0, 10, 135.11
1735048590, 123, 35, 46, 0, 0, 0.17%, 8, 0, 10, 137.66
1735048595, 123, 39, 46, 0, 0, 0.17%, 8, 0, 10, 145.07
1735048600, 124, 9, 46, 0, 0, 0.17%, 8, 0, 10, 144.12
1735048605, 124, 12, 46, 0, 0, 0.17%, 8, 0, 10, 132.64
1735048610, 124, 16, 46, 0, 0, 0.17%, 8, 0, 10, 133.78
1735048615, 124, 34, 46, 0, 0, 0.17%, 8, 0, 10, 136.65
1735048621, 124, 35, 46, 0, 0, 0.17%, 8, 0, 10, 141.41
1735048626, 124, 41, 46, 0, 0, 0.17%, 8, 0, 10, 141.69
1735048631, 125, 12, 46, 0, 0, 0.17%, 8, 0, 10, 138.87
1735048636, 125, 34, 46, 0, 0, 0.17%, 8, 0, 10, 131.77
1735048641, 125, 35, 46, 0, 0, 0.17%, 8, 0, 10, 140.69
1735048646, 126, 12, 46, 0, 0, 0.17%, 8, 0, 10, 137.08
1735048651, 126, 15, 46, 0, 0, 0.17%, 8, 0, 10, 139.42
1735048657, 126, 34, 46, 0, 0, 0.17%, 8, 0, 10, 136.31
1735048662, 126, 35, 46, 0, 0, 0.17%, 8, 0, 10, 136.27
1735048667, 127, 12, 46, 0, 0, 0.17%, 8, 0, 10, 127.47
1735048672, 127, 34, 46, 0, 0, 0.17%, 8, 0, 10, 127.64
1735048677, 127, 35, 46, 0, 0, 0.17%, 8, 0, 10, 142.34
1735048682, 127, 45, 46, 0, 0, 0.17%, 8, 0, 10, 158.89
1735048692, 128, 12, 46, 0, 0, 0.17%, 8, 0, 10, 124.91
1735048697, 128, 32, 46, 0, 0, 0.17%, 8, 0, 10, 138.42
1735048702, 128, 34, 46, 0, 0, 0.17%, 8, 0, 10, 135.02
1735048713, 128, 35, 46, 0, 0, 0.17%, 8, 0, 10, 133.98
1735048718, 129, 24, 46, 0, 0, 0.17%, 8, 0, 10, 137.58
1735048723, 129, 25, 46, 0, 0, 0.17%, 8, 0, 10, 144.89
1735048728, 129, 34, 46, 0, 0, 0.17%, 8, 0, 10, 140.83
1735048733, 129, 35, 46, 0, 0, 0.17%, 8, 0, 10, 146.27
1735048738, 129, 36, 46, 0, 0, 0.17%, 8, 0, 10, 154.06
1735048744, 130, 12, 46, 0, 0, 0.17%, 8, 0, 10, 142.42
1735048749, 130, 19, 46, 0, 0, 0.17%, 8, 0, 10, 133.26
1735048754, 130, 34, 46, 0, 0, 0.17%, 8, 0, 10, 136.74
1735048759, 130, 35, 46, 0, 0, 0.17%, 8, 0, 10, 145.13
1735048764, 130, 40, 46, 0, 0, 0.17%, 8, 0, 10, 144.17
1735048774, 130, 43, 46, 0, 0, 0.17%, 8, 0, 10, 157.28
1735048779, 131, 9, 46, 0, 0, 0.17%, 8, 0, 10, 145.91
1735048784, 131, 21, 46, 0, 0, 0.17%, 8, 0, 10, 133.11
1735048790, 131, 31, 46, 0, 0, 0.17%, 8, 0, 10, 137.88
1735048795, 131, 34, 46, 0, 0, 0.17%, 8, 0, 10, 138.52
1735048800, 131, 35, 46, 0, 0, 0.17%, 8, 0, 10, 133.56
1735048805, 132, 2, 46, 0, 0, 0.17%, 8, 0, 10, 139.37
1735048810, 132, 12, 46, 0, 0, 0.17%, 8, 0, 10, 132.60
1735048815, 132, 34, 46, 0, 0, 0.17%, 8, 0, 10, 140.85
1735048820, 132, 35, 46, 0, 0, 0.17%, 8, 0, 10, 141.03
1735048826, 133, 12, 46, 0, 0, 0.17%, 8, 0, 10, 133.35
1735048831, 133, 34, 46, 0, 0, 0.17%, 8, 0, 10, 144.96
1735048836, 133, 35, 46, 0, 0, 0.17%, 8, 0, 10, 145.27
1735048841, 134, 7, 46, 0, 0, 0.17%, 8, 0, 10, 136.82
1735048846, 134, 12, 46, 0, 0, 0.17%, 8, 0, 10, 128.08
1735048852, 134, 34, 46, 0, 0, 0.17%, 8, 0, 10, 133.90
1735048857, 134, 35, 46, 0, 0, 0.17%, 8, 0, 10, 140.16
1735048862, 134, 38, 46, 0, 0, 0.17%, 8, 0, 10, 153.80
1735048872, 135, 12, 46, 0, 0, 0.17%, 8, 0, 10, 124.68
1735048877, 135, 18, 46, 0, 0, 0.17%, 8, 0, 10, 134.99
1735048882, 135, 24, 46, 0, 0, 0.17%, 8, 0, 10, 136.40
1735048888, 135, 34, 46, 0, 0, 0.17%, 8, 0, 10, 142.59
1735048893, 135, 35, 46, 0, 0, 0.17%, 8, 0, 10, 137.83
1735048898, 135, 39, 46, 0, 0, 0.17%, 8, 0, 10, 144.88
1735048903, 136, 3, 46, 0, 0, 0.17%, 8, 0, 10, 140.77
1735048908, 136, 12, 46, 0, 0, 0.17%, 8, 0, 10, 133.11
1735048913, 136, 34, 46, 0, 0, 0.17%, 8, 0, 10, 132.98
1735048919, 136, 35, 46, 0, 0, 0.17%, 8, 0, 10, 141.64
1735048924, 137, 9, 46, 0, 0, 0.17%, 8, 0, 10, 138.68
1735048929, 137, 12, 46, 0, 0, 0.17%, 8, 0, 10, 135.81
1735048934, 137, 34, 46, 0, 0, 0.17%, 8, 0, 10, 133.74
1735048939, 137, 35, 46, 0, 0, 0.17%, 8, 0, 10, 137.29
1735048944, 137, 38, 46, 0, 0, 0.17%, 8, 0, 10, 153.93
1735048954, 138, 12, 46, 0, 0, 0.17%, 8, 0, 10, 135.48
1735048959, 138, 13, 46, 0, 0, 0.17%, 8, 0, 10, 131.01
1735048964, 138, 21, 46, 0, 0, 0.17%, 8, 0, 10, 142.21
1735048970, 138, 22, 46, 0, 0, 0.17%, 8, 0, 10, 132.30
1735048975, 138, 29, 46, 0, 0, 0.17%, 8, 0, 10, 137.09
1735048980, 138, 32, 46, 0, 0, 0.17%, 8, 0, 10, 138.76
1735048985, 138, 34, 46, 0, 0, 0.17%, 8, 0, 10, 127.66
1735048990, 138, 35, 46, 0, 0, 0.17%, 8, 0, 10, 136.72
1735048995, 139, 13, 46, 0, 0, 0.17%, 8, 0, 10, 130.87
1735049000, 139, 23, 46, 0, 0, 0.17%, 8, 0, 10, 138.72
1735049005, 139, 34, 46, 0, 0, 0.17%, 8, 0, 10, 143.68
1735049010, 139, 35, 46, 0, 0, 0.17%, 8, 0, 10, 146.97
1735049016, 139, 42, 46, 0, 0, 0.17%, 8, 0, 10, 149.68
1735049026, 140, 12, 46, 0, 0, 0.17%, 8, 0, 10, 143.60
1735049031, 140, 34, 46, 0, 0, 0.17%, 8, 0, 10, 131.91
1735049036, 140, 35, 46, 0, 0, 0.17%, 8, 0, 10, 137.13
1735049041, 141, 12, 46, 0, 0, 0.17%, 8, 0, 10, 129.17
1735049046, 141, 34, 46, 0, 0, 0.17%, 8, 0, 10, 139.56
1735049051, 141, 35, 46, 0, 0, 0.17%, 8, 0, 10, 140.19
1735049056, 141, 43, 46, 0, 0, 0.17%, 8, 0, 10, 155.33
1735049061, 142, 12, 46, 0, 0, 0.17%, 8, 0, 10, 141.95
1735049067, 142, 34, 46, 0, 0, 0.17%, 8, 0, 10, 146.29
1735049072, 142, 35, 46, 0, 0, 0.17%, 8, 0, 10, 141.76
1735049077, 142, 41, 46, 0, 0, 0.17%, 8, 0, 10, 151.46
1735049082, 142, 44, 46, 0, 0, 0.17%, 8, 0, 10, 159.79
1735049113, 143, 10, 46, 0, 0, 0.17%, 8, 0, 10, 130.87
1735049118, 143, 23, 46, 0, 0, 0.17%, 8, 0, 10, 137.96
1735049123, 143, 31, 46, 0, 0, 0.17%, 8, 0, 10, 141.06
1735049128, 143, 34, 46, 0, 0, 0.17%, 8, 0, 10, 139.35
1735049133, 143, 35, 46, 0, 0, 0.17%, 8, 0, 10, 147.64
1735049138, 143, 43, 46, 0, 0, 0.17%, 8, 0, 10, 161.21
1735049149, 144, 12, 46, 0, 0, 0.17%, 8, 0, 10, 132.59
1735049154, 144, 34, 46, 0, 0, 0.17%, 8, 0, 10, 134.81
1735049159, 144, 35, 46, 0, 0, 0.17%, 8, 0, 10, 137.39
1735049164, 145, 12, 46, 0, 0, 0.17%, 8, 0, 10, 129.40
1735049169, 145, 13, 46, 0, 0, 0.17%, 8, 0, 10, 133.48
1735049174, 145, 25, 46, 0, 0, 0.17%, 8, 0, 10, 134.50
1735049179, 145, 34, 46, 0, 0, 0.17%, 8, 0, 10, 140.75
1735049185, 145, 35, 46, 0, 0, 0.17%, 8, 0, 10, 142.66
1735049190, 146, 12, 46, 0, 0, 0.17%, 8, 0, 10, 135.61
1735049195, 146, 20, 46, 0, 0, 0.17%, 8, 0, 10, 133.08
1735049200, 146, 27, 46, 0, 0, 0.17%, 8, 0, 10, 142.94
1735049205, 146, 34, 46, 0, 0, 0.17%, 8, 0, 10, 142.90
1735049210, 146, 35, 46, 0, 0, 0.17%, 8, 0, 10, 150.50
1735049216, 146, 40, 46, 0, 0, 0.17%, 8, 0, 10, 151.25
1735049221, 147, 12, 46, 0, 0, 0.17%, 8, 0, 10, 140.78
1735049226, 147, 14, 46, 0, 0, 0.17%, 8, 0, 10, 148.64
1735049231, 147, 34, 46, 0, 0, 0.17%, 8, 0, 10, 142.00
1735049236, 147, 35, 46, 0, 0, 0.17%, 8, 0, 10, 144.90
1735049241, 148, 10, 46, 0, 0, 0.17%, 8, 0, 10, 129.62
1735049246, 148, 33, 46, 0, 0, 0.17%, 8, 0, 10, 134.11
1735049252, 148, 34, 46, 0, 0, 0.17%, 8, 0, 10, 141.75
1735049257, 148, 35, 46, 0, 0, 0.17%, 8, 0, 10, 146.32
1735049262, 149, 7, 46, 0, 0, 0.17%, 8, 0, 10, 141.99
1735049267, 149, 12, 46, 0, 0, 0.17%, 8, 0, 10, 127.03
1735049272, 149, 34, 46, 0, 0, 0.17%, 8, 0, 10, 132.92
1735049277, 149, 35, 46, 0, 0, 0.17%, 8, 0, 10, 142.85
1735049282, 150, 12, 46, 0, 0, 0.17%, 8, 0, 10, 134.06
1735049288, 150, 34, 46, 0, 0, 0.17%, 8, 0, 10, 136.29
1735049293, 150, 35, 46, 0, 0, 0.17%, 8, 0, 10, 144.51
1735049298, 151, 11, 46, 0, 0, 0.17%, 8, 0, 10, 137.92
1735049303, 151, 34, 46, 0, 0, 0.17%, 8, 0, 10, 133.33
1735049308, 151, 35, 46, 0, 0, 0.17%, 8, 0, 10, 138.56
1735049313, 151, 37, 46, 0, 0, 0.17%, 8, 0, 10, 150.90
1735049323, 152, 12, 46, 0, 0, 0.17%, 8, 0, 10, 139.06
1735049329, 152, 20, 46, 0, 0, 0.17%, 8, 0, 10, 135.14
1735049334, 152, 34, 46, 0, 0, 0.17%, 8, 0, 10, 141.71
1735049339, 152, 35, 46, 0, 0, 0.17%, 8, 0, 10, 140.84
1735049344, 153, 12, 46, 0, 0, 0.17%, 8, 0, 10, 129.60
1735049349, 153, 28, 46, 0, 0, 0.17%, 8, 0, 10, 140.34
1735049354, 153, 34, 46, 0, 0, 0.17%, 8, 0, 10, 135.04
1735049359, 153, 35, 46, 0, 0, 0.17%, 8, 0, 10, 142.15
1735049364, 154, 12, 46, 0, 0, 0.17%, 8, 0, 10, 133.96
1735049370, 154, 34, 46, 0, 0, 0.17%, 8, 0, 10, 138.72
1735049375, 154, 35, 46, 0, 0, 0.17%, 8, 0, 10, 142.89
1735049380, 154, 39, 46, 0, 0, 0.17%, 8, 0, 10, 144.63
1735049385, 155, 12, 46, 0, 0, 0.17%, 8, 0, 10, 132.98
1735049390, 155, 34, 46, 0, 0, 0.17%, 8, 0, 10, 146.96
1735049395, 155, 35, 46, 0, 0, 0.17%, 8, 0, 10, 145.86
1735049400, 156, 12, 46, 0, 0, 0.17%, 8, 0, 10, 124.83
1735049405, 156, 14, 46, 0, 0, 0.17%, 8, 0, 10, 130.81
1735049411, 156, 24, 46, 0, 0, 0.17%, 8, 0, 10, 129.04
1735049416, 156, 34, 46, 0, 0, 0.17%, 8, 0, 10, 145.07
1735049426, 156, 35, 46, 0, 0, 0.17%, 8, 0, 10, 136.85
1735049431, 156, 38, 46, 0, 0, 0.17%, 8, 0, 10, 137.68
1735049436, 157, 12, 46, 0, 0, 0.17%, 8, 0, 10, 130.67
1735049442, 157, 34, 46, 0, 0, 0.17%, 8, 0, 10, 136.56
1735049447, 157, 35, 46, 0, 0, 0.17%, 8, 0, 10, 152.28
1735049452, 157, 41, 46, 0, 0, 0.17%, 8, 0, 10, 149.61
1735049457, 158, 12, 46, 0, 0, 0.17%, 8, 0, 10, 135.08
1735049462, 158, 23, 46, 0, 0, 0.17%, 8, 0, 10, 135.61
1735049467, 158, 33, 46, 0, 0, 0.17%, 8, 0, 10, 142.17
1735049472, 158, 34, 46, 0, 0, 0.17%, 8, 0, 10, 141.58
1735049477, 158, 35, 46, 0, 0, 0.17%, 8, 0, 10, 150.07
1735049482, 158, 40, 46, 0, 0, 0.17%, 8, 0, 10, 141.60
1735049493, 159, 12, 46, 0, 0, 0.17%, 8, 0, 10, 131.23
1735049498, 159, 31, 46, 0, 0, 0.17%, 8, 0, 10, 131.84
1735049503, 159, 34, 46, 0, 0, 0.17%, 8, 0, 10, 137.15
1735049513, 159, 35, 46, 0, 0, 0.17%, 8, 0, 10, 131.23
1735049519, 159, 42, 46, 0, 0, 0.17%, 8, 0, 10, 143.49
1735049524, 160, 5, 46, 0, 0, 0.17%, 8, 0, 10, 137.19
1735049529, 160, 12, 46, 0, 0, 0.17%, 8, 0, 10, 127.61
1735049534, 160, 20, 46, 0, 0, 0.17%, 8, 0, 10, 137.69
1735049539, 160, 22, 46, 0, 0, 0.17%, 8, 0, 10, 136.08
1735049544, 160, 34, 46, 0, 0, 0.17%, 8, 0, 10, 142.45
1735049549, 160, 35, 46, 0, 0, 0.17%, 8, 0, 10, 142.97
1735049554, 161, 12, 46, 0, 0, 0.17%, 8, 0, 10, 137.68
1735049559, 161, 15, 46, 0, 0, 0.17%, 8, 0, 10, 135.83
1735049564, 161, 21, 46, 0, 0, 0.17%, 8, 0, 10, 137.96
1735049570, 161, 27, 46, 0, 0, 0.17%, 8, 0, 10, 139.17
1735049575, 161, 34, 46, 0, 0, 0.17%, 8, 0, 10, 140.82
1735049580, 161, 35, 46, 0, 0, 0.17%, 8, 0, 10, 141.80
1735049585, 162, 12, 46, 0, 0, 0.17%, 8, 0, 10, 130.12
1735049590, 162, 17, 46, 0, 0, 0.17%, 8, 0, 10, 131.01
1735049596, 162, 28, 46, 0, 0, 0.17%, 8, 0, 10, 146.29
1735049601, 162, 33, 46, 0, 0, 0.17%, 8, 0, 10, 146.42
1735049606, 162, 34, 46, 0, 0, 0.17%, 8, 0, 10, 142.18
1735049611, 163, 7, 46, 0, 0, 0.17%, 8, 0, 10, 146.15
1735049616, 163, 12, 46, 0, 0, 0.17%, 8, 0, 10, 136.86
1735049621, 163, 22, 46, 0, 0, 0.17%, 8, 0, 10, 137.63
1735049626, 163, 32, 46, 0, 0, 0.17%, 8, 0, 10, 140.50
1735049631, 163, 34, 46, 0, 0, 0.17%, 8, 0, 10, 137.31
1735049637, 163, 35, 46, 0, 0, 0.17%, 8, 0, 10, 144.78
1735049642, 164, 22, 46, 0, 0, 0.17%, 8, 0, 10, 139.37
1735049647, 164, 23, 46, 0, 0, 0.17%, 8, 0, 10, 146.52
1735049652, 164, 26, 46, 0, 0, 0.17%, 8, 0, 10, 140.57
1735049657, 164, 34, 46, 0, 0, 0.17%, 8, 0, 10, 143.74
1735049662, 164, 35, 46, 0, 0, 0.17%, 8, 0, 10, 147.78
1735049667, 164, 40, 46, 0, 0, 0.17%, 8, 0, 10, 152.72
1735049672, 165, 12, 46, 0, 0, 0.17%, 8, 0, 10, 144.43
1735049677, 165, 16, 46, 0, 0, 0.17%, 8, 0, 10, 142.31
1735049683, 165, 23, 46, 0, 0, 0.17%, 8, 0, 10, 141.64
1735049688, 165, 26, 46, 0, 0, 0.17%, 8, 0, 10, 136.99
1735049693, 165, 34, 46, 0, 0, 0.17%, 8, 0, 10, 140.40
1735049698, 165, 35, 46, 0, 0, 0.17%, 8, 0, 10, 143.22
1735049703, 166, 12, 46, 0, 0, 0.17%, 8, 0, 10, 139.63
1735049708, 166, 22, 46, 0, 0, 0.17%, 8, 0, 10, 139.02
1735049714, 166, 34, 46, 0, 0, 0.17%, 8, 0, 10, 137.11
1735049719, 166, 35, 46, 0, 0, 0.17%, 8, 0, 10, 143.39
1735049724, 166, 36, 46, 0, 0, 0.17%, 8, 0, 10, 146.31
1735049729, 166, 38, 46, 0, 0, 0.17%, 8, 0, 10, 152.17
1735049739, 166, 40, 46, 0, 0, 0.17%, 8, 0, 10, 138.98
1735049744, 167, 12, 46, 0, 0, 0.17%, 8, 0, 10, 139.95
1735049750, 167, 26, 46, 0, 0, 0.17%, 8, 0, 10, 142.56
1735049755, 167, 34, 46, 0, 0, 0.17%, 8, 0, 10, 130.88
1735049760, 167, 35, 46, 0, 0, 0.17%, 8, 0, 10, 141.79
1735049765, 168, 12, 46, 0, 0, 0.17%, 8, 0, 10, 131.88
1735049770, 168, 27, 46, 0, 0, 0.17%, 8, 0, 10, 149.08
1735049775, 168, 33, 46, 0, 0, 0.17%, 8, 0, 10, 144.71
1735049781, 168, 34, 46, 0, 0, 0.17%, 8, 0, 10, 144.30
1735049786, 168, 35, 46, 0, 0, 0.17%, 8, 0, 10, 144.39
1735049791, 168, 41, 46, 0, 0, 0.17%, 8, 0, 10, 149.76
1735049796, 169, 12, 46, 0, 0, 0.17%, 8, 0, 10, 129.89
1735049801, 169, 17, 46, 0, 0, 0.17%, 8, 0, 10, 125.49
1735049807, 169, 20, 46, 0, 0, 0.17%, 8, 0, 10, 135.17
1735049812, 169, 34, 46, 0, 0, 0.17%, 8, 0, 10, 142.89
1735049817, 169, 35, 46, 0, 0, 0.17%, 8, 0, 10, 145.22
1735049822, 169, 40, 46, 0, 0, 0.17%, 8, 0, 10, 148.16
1735049827, 170, 12, 46, 0, 0, 0.17%, 8, 0, 10, 139.94
1735049832, 170, 33, 46, 0, 0, 0.17%, 8, 0, 10, 141.63
1735049838, 170, 34, 46, 0, 0, 0.17%, 8, 0, 10, 6.82
1735049843, 170, 35, 46, 0, 0, 0.17%, 8, 0, 10, 144.21
1735049848, 170, 43, 46, 0, 0, 0.17%, 8, 0, 10, 154.64
1735049859, 171, 12, 46, 0, 0, 0.17%, 8, 0, 10, 132.45
1735049864, 171, 30, 46, 0, 0, 0.17%, 8, 0, 10, 137.36
1735049869, 171, 34, 46, 0, 0, 0.17%, 8, 0, 10, 141.57
1735049874, 171, 35, 46, 0, 0, 0.17%, 8, 0, 10, 149.02
1735049879, 172, 11, 46, 0, 0, 0.17%, 8, 0, 10, 134.54
1735049884, 172, 12, 46, 0, 0, 0.17%, 8, 0, 10, 129.10
1735049889, 172, 34, 46, 0, 0, 0.17%, 8, 0, 10, 146.33
1735049894, 172, 35, 46, 0, 0, 0.17%, 8, 0, 10, 139.65
1735049900, 173, 12, 46, 0, 0, 0.17%, 8, 0, 10, 124.51
1735049905, 173, 27, 46, 0, 0, 0.17%, 8, 0, 10, 140.45
1735049910, 173, 34, 46, 0, 0, 0.17%, 8, 0, 10, 142.05
1735049915, 173, 35, 46, 0, 0, 0.17%, 8, 0, 10, 149.12
1735049920, 174, 9, 46, 0, 0, 0.17%, 8, 0, 10, 143.97
1735049925, 174, 28, 46, 0, 0, 0.17%, 8, 0, 10, 142.18
1735049930, 174, 34, 46, 0, 0, 0.17%, 8, 0, 10, 145.01
1735049935, 174, 35, 46, 0, 0, 0.17%, 8, 0, 10, 147.54
1735049940, 175, 12, 46, 0, 0, 0.17%, 8, 0, 10, 145.92
1735049945, 175, 34, 46, 0, 0, 0.17%, 8, 0, 10, 138.11
1735049951, 175, 35, 46, 0, 0, 0.17%, 8, 0, 10, 144.13
1735049956, 176, 12, 46, 0, 0, 0.17%, 8, 0, 10, 133.47
1735049961, 176, 20, 46, 0, 0, 0.17%, 8, 0, 10, 125.28
1735049966, 176, 34, 46, 0, 0, 0.17%, 8, 0, 10, 134.54
1735049971, 176, 35, 46, 0, 0, 0.17%, 8, 0, 10, 150.29
1735049976, 177, 12, 46, 0, 0, 0.17%, 8, 0, 10, 132.66
1735049981, 177, 13, 46, 0, 0, 0.17%, 8, 0, 10, 131.93
1735049986, 177, 24, 46, 0, 0, 0.17%, 8, 0, 10, 139.95
1735049991, 177, 26, 46, 0, 0, 0.17%, 8, 0, 10, 133.32
1735049997, 177, 34, 46, 0, 0, 0.17%, 8, 0, 10, 136.25
1735050002, 177, 35, 46, 0, 0, 0.17%, 8, 0, 10, 143.48
1735050007, 177, 44, 46, 0, 0, 0.17%, 8, 0, 10, 149.00
1735050038, 178, 7, 46, 0, 0, 0.17%, 8, 0, 10, 126.13
1735050043, 178, 12, 46, 0, 0, 0.17%, 8, 0, 10, 127.99
1735050048, 178, 34, 46, 0, 0, 0.17%, 8, 0, 10, 126.40
1735050053, 178, 35, 46, 0, 0, 0.17%, 8, 0, 10, 137.12
1735050058, 179, 5, 46, 0, 0, 0.17%, 8, 0, 10, 127.03
1735050064, 179, 34, 46, 0, 0, 0.17%, 8, 0, 10, 126.34
1735050069, 179, 35, 46, 0, 0, 0.17%, 8, 0, 10, 142.36
1735050074, 179, 41, 46, 0, 0, 0.17%, 8, 0, 10, 151.67
1735050079, 180, 0, 46, 0, 0, 0.17%, 8, 0, 10, 144.46
1735050084, 180, 29, 46, 0, 0, 0.17%, 8, 0, 10, 133.96
1735050089, 180, 34, 46, 0, 0, 0.17%, 8, 0, 10, 132.78
1735050094, 180, 35, 46, 0, 0, 0.17%, 8, 0, 10, 133.16
1735050099, 180, 38, 46, 0, 0, 0.17%, 8, 0, 10, 149.38
1735050110, 181, 12, 46, 0, 0, 0.17%, 8, 0, 10, 136.29
1735050115, 181, 34, 46, 0, 0, 0.17%, 8, 0, 10, 125.72
1735050120, 181, 35, 46, 0, 0, 0.17%, 8, 0, 10, 134.84
1735050125, 182, 12, 46, 0, 0, 0.17%, 8, 0, 10, 131.30
1735050130, 182, 34, 46, 0, 0, 0.17%, 8, 0, 10, 137.87
1735050136, 182, 35, 46, 0, 0, 0.17%, 8, 0, 10, 131.36
1735050141, 183, 12, 46, 0, 0, 0.17%, 8, 0, 10, 139.81
1735050146, 183, 30, 46, 0, 0, 0.17%, 8, 0, 10, 138.10
1735050151, 183, 33, 46, 0, 0, 0.17%, 8, 0, 10, 144.42
1735050156, 183, 34, 46, 0, 0, 0.17%, 8, 0, 10, 142.04
1735050161, 183, 35, 46, 0, 0, 0.17%, 8, 0, 10, 149.37
1735050166, 184, 12, 46, 0, 0, 0.17%, 8, 0, 10, 134.55
1735050172, 184, 34, 46, 0, 0, 0.17%, 8, 0, 10, 139.39
1735050177, 184, 35, 46, 0, 0, 0.17%, 8, 0, 10, 144.44
1735050182, 184, 37, 46, 0, 0, 0.17%, 8, 0, 10, 146.91
1735050187, 185, 12, 46, 0, 0, 0.17%, 8, 0, 10, 138.82
1735050192, 185, 22, 46, 0, 0, 0.17%, 8, 0, 10, 134.81
1735050197, 185, 34, 46, 0, 0, 0.17%, 8, 0, 10, 140.21
1735050203, 185, 35, 46, 0, 0, 0.17%, 8, 0, 10, 144.45
1735050208, 186, 12, 46, 0, 0, 0.17%, 8, 0, 10, 137.14
1735050213, 186, 34, 46, 0, 0, 0.17%, 8, 0, 10, 143.05
1735050218, 186, 35, 46, 0, 0, 0.17%, 8, 0, 10, 147.76
1735050223, 187, 12, 46, 0, 0, 0.17%, 8, 0, 10, 135.63
1735050228, 187, 34, 46, 0, 0, 0.17%, 8, 0, 10, 135.88
1735050233, 187, 35, 46, 0, 0, 0.17%, 8, 0, 10, 139.57
1735050239, 188, 3, 46, 0, 0, 0.17%, 8, 0, 10, 146.16
1735050244, 188, 11, 46, 0, 0, 0.17%, 8, 0, 10, 132.16
1735050249, 188, 34, 46, 0, 0, 0.17%, 8, 0, 10, 137.19
1735050254, 188, 35, 46, 0, 0, 0.17%, 8, 0, 10, 138.00
1735050259, 189, 7, 46, 0, 0, 0.17%, 8, 0, 10, 139.22
1735050264, 189, 12, 46, 0, 0, 0.17%, 8, 0, 10, 137.67
1735050270, 189, 13, 46, 0, 0, 0.17%, 8, 0, 10, 136.85
1735050275, 189, 34, 46, 0, 0, 0.17%, 8, 0, 10, 141.85
1735050280, 190, 10, 46, 0, 0, 0.17%, 8, 0, 10, 145.20
1735050285, 190, 12, 46, 0, 0, 0.17%, 8, 0, 10, 136.08
1735050290, 190, 33, 46, 0, 0, 0.17%, 8, 0, 10, 139.52
1735050295, 190, 34, 46, 0, 0, 0.17%, 8, 0, 10, 134.21
1735050300, 190, 35, 46, 0, 0, 0.17%, 8, 0, 10, 142.86
1735050305, 191, 12, 46, 0, 0, 0.17%, 8, 0, 10, 134.77
1735050310, 191, 31, 46, 0, 0, 0.17%, 8, 0, 10, 139.21
1735050315, 191, 34, 46, 0, 0, 0.17%, 8, 0, 10, 136.85
1735050320, 191, 35, 46, 0, 0, 0.17%, 8, 0, 10, 142.53
1735050325, 192, 12, 46, 0, 0, 0.17%, 8, 0, 10, 132.42
1735050331, 192, 27, 46, 0, 0, 0.17%, 8, 0, 10, 141.25
1735050336, 192, 34, 46, 0, 0, 0.17%, 8, 0, 10, 138.12
1735050341, 192, 35, 46, 0, 0, 0.17%, 8, 0, 10, 140.70
1735050346, 193, 12, 46, 0, 0, 0.17%, 8, 0, 10, 132.82
1735050351, 193, 34, 46, 0, 0, 0.17%, 8, 0, 10, 140.83
1735050356, 193, 35, 46, 0, 0, 0.17%, 8, 0, 10, 145.87
1735050362, 194, 12, 46, 0, 0, 0.17%, 8, 0, 10, 132.69
1735050367, 194, 29, 46, 0, 0, 0.17%, 8, 0, 10, 141.42
1735050372, 194, 34, 46, 0, 0, 0.17%, 8, 0, 10, 136.87
1735050377, 194, 35, 46, 0, 0, 0.17%, 8, 0, 10, 142.20
1735050382, 194, 37, 46, 0, 0, 0.17%, 8, 0, 10, 156.01
1735050387, 195, 12, 46, 0, 0, 0.17%, 8, 0, 10, 141.22
1735050393, 195, 30, 46, 0, 0, 0.17%, 8, 0, 10, 144.18
1735050398, 195, 34, 46, 0, 0, 0.17%, 8, 0, 10, 146.16
1735050403, 195, 35, 46, 0, 0, 0.17%, 8, 0, 10, 151.58
1735050408, 196, 12, 46, 0, 0, 0.17%, 8, 0, 10, 140.12
1735050413, 196, 19, 46, 0, 0, 0.17%, 8, 0, 10, 131.46
1735050418, 196, 34, 46, 0, 0, 0.17%, 8, 0, 10, 135.44
1735050423, 196, 35, 46, 0, 0, 0.17%, 8, 0, 10, 151.87
1735050428, 196, 44, 46, 0, 0, 0.17%, 8, 0, 10, 159.17
1735050444, 197, 10, 46, 0, 0, 0.17%, 8, 0, 10, 137.29
1735050449, 197, 33, 46, 0, 0, 0.17%, 8, 0, 10, 130.42
1735050454, 197, 34, 46, 0, 0, 0.17%, 8, 0, 10, 137.36
1735050459, 197, 35, 46, 0, 0, 0.17%, 8, 0, 10, 143.86
1735050464, 198, 12, 46, 0, 0, 0.17%, 8, 0, 10, 135.91
1735050469, 198, 34, 46, 0, 0, 0.17%, 8, 0, 10, 142.06
1735050475, 198, 35, 46, 0, 0, 0.17%, 8, 0, 10, 142.86
1735050480, 199, 12, 46, 0, 0, 0.17%, 8, 0, 10, 135.10
1735050485, 199, 34, 46, 0, 0, 0.17%, 8, 0, 10, 131.23
1735050490, 199, 35, 46, 0, 0, 0.17%, 8, 0, 10, 139.81
1735050495, 200, 12, 46, 0, 0, 0.17%, 8, 0, 10, 137.92
1735050500, 200, 20, 46, 0, 0, 0.17%, 8, 0, 10, 134.39
1735050505, 200, 34, 46, 0, 0, 0.17%, 8, 0, 10, 133.24
1735050511, 200, 35, 46, 0, 0, 0.17%, 8, 0, 10, 144.95
1735050516, 201, 10, 46, 0, 0, 0.17%, 8, 0, 10, 136.05
1735050521, 201, 34, 46, 0, 0, 0.17%, 8, 0, 10, 133.13
1735050531, 202, 3, 46, 0, 0, 0.17%, 8, 0, 10, 138.28
1735050536, 202, 12, 46, 0, 0, 0.17%, 8, 0, 10, 128.79
1735050542, 202, 20, 46, 0, 0, 0.17%, 8, 0, 10, 127.67
1735050547, 202, 26, 46, 0, 0, 0.17%, 8, 0, 10, 131.00
1735050552, 202, 34, 46, 0, 0, 0.17%, 8, 0, 10, 133.27
1735050557, 202, 35, 46, 0, 0, 0.17%, 8, 0, 10, 138.47
1735050562, 202, 38, 46, 0, 0, 0.17%, 8, 0, 10, 156.13
1735050572, 203, 12, 46, 0, 0, 0.17%, 8, 0, 10, 139.29
1735050577, 203, 34, 46, 0, 0, 0.17%, 8, 0, 10, 142.56
1735050582, 203, 35, 46, 0, 0, 0.17%, 8, 0, 10, 136.10
1735050587, 203, 37, 46, 0, 0, 0.17%, 8, 0, 10, 139.28
1735050593, 203, 40, 46, 0, 0, 0.17%, 8, 0, 10, 143.73
1735050598, 204, 9, 46, 0, 0, 0.17%, 8, 0, 10, 140.19
1735050603, 204, 12, 46, 0, 0, 0.17%, 8, 0, 10, 133.42
1735050608, 204, 17, 46, 0, 0, 0.17%, 8, 0, 10, 129.69
1735050613, 204, 34, 46, 0, 0, 0.17%, 8, 0, 10, 141.42
1735050619, 204, 35, 46, 0, 0, 0.17%, 8, 0, 10, 150.58
1735050624, 205, 11, 46, 0, 0, 0.17%, 8, 0, 10, 141.83
1735050629, 205, 12, 46, 0, 0, 0.17%, 8, 0, 10, 135.82
1735050634, 205, 33, 46, 0, 0, 0.17%, 8, 0, 10, 146.29
1735050639, 205, 34, 46, 0, 0, 0.17%, 8, 0, 10, 138.53
1735050644, 205, 35, 46, 0, 0, 0.17%, 8, 0, 10, 139.04
1735050650, 206, 12, 46, 0, 0, 0.17%, 8, 0, 10, 142.48
1735050655, 206, 34, 46, 0, 0, 0.17%, 8, 0, 10, 141.25
1735050660, 206, 35, 46, 0, 0, 0.17%, 8, 0, 10, 144.35
1735050665, 207, 12, 46, 0, 0, 0.17%, 8, 0, 10, 134.31
1735050670, 207, 34, 46, 0, 0, 0.17%, 8, 0, 10, 138.93
1735050676, 207, 35, 46, 0, 0, 0.17%, 8, 0, 10, 143.21
1735050681, 208, 12, 46, 0, 0, 0.17%, 8, 0, 10, 138.81
1735050686, 208, 34, 46, 0, 0, 0.17%, 8, 0, 10, 139.29
1735050691, 208, 35, 46, 0, 0, 0.17%, 8, 0, 10, 145.94
1735050696, 209, 4, 46, 0, 0, 0.17%, 8, 0, 10, 142.53
1735050701, 209, 12, 46, 0, 0, 0.17%, 8, 0, 10, 131.89
1735050706, 209, 32, 46, 0, 0, 0.17%, 8, 0, 10, 138.45
1735050711, 209, 34, 46, 0, 0, 0.17%, 8, 0, 10, 141.16
1735050717, 209, 35, 46, 0, 0, 0.17%, 8, 0, 10, 142.32
1735050722, 210, 10, 46, 0, 0, 0.17%, 8, 0, 10, 130.27
1735050727, 210, 12, 46, 0, 0, 0.17%, 8, 0, 10, 137.25
1735050732, 210, 13, 46, 0, 0, 0.17%, 8, 0, 10, 144.38
1735050737, 210, 17, 46, 0, 0, 0.17%, 8, 0, 10, 130.48
1735050742, 210, 20, 46, 0, 0, 0.17%, 8, 0, 10, 140.49
1735050747, 210, 34, 46, 0, 0, 0.17%, 8, 0, 10, 141.30
1735050753, 210, 35, 46, 0, 0, 0.17%, 8, 0, 10, 140.50
1735050758, 210, 40, 46, 0, 0, 0.17%, 8, 0, 10, 145.34
1735050763, 211, 12, 46, 0, 0, 0.17%, 8, 0, 10, 127.90
1735050768, 211, 34, 46, 0, 0, 0.17%, 8, 0, 10, 141.64
1735050773, 211, 35, 46, 0, 0, 0.17%, 8, 0, 10, 141.17
1735050779, 211, 36, 46, 0, 0, 0.17%, 8, 0, 10, 148.72
1735050784, 211, 38, 46, 0, 0, 0.17%, 8, 0, 10, 148.32
1735050789, 211, 44, 46, 0, 0, 0.17%, 8, 0, 10, 156.04
1735050794, 212, 2, 46, 0, 0, 0.17%, 8, 0, 10, 145.66
1735050799, 212, 12, 46, 0, 0, 0.17%, 8, 0, 10, 132.44
1735050804, 212, 25, 46, 0, 0, 0.17%, 8, 0, 10, 131.60
1735050809, 212, 34, 46, 0, 0, 0.17%, 8, 0, 10, 136.94
1735050814, 212, 35, 46, 0, 0, 0.17%, 8, 0, 10, 139.99
1735050820, 212, 40, 46, 0, 0, 0.17%, 8, 0, 10, 145.33
1735050825, 213, 12, 46, 0, 0, 0.17%, 8, 0, 10, 145.76
1735050830, 213, 34, 46, 0, 0, 0.17%, 8, 0, 10, 139.04
1735050835, 213, 35, 46, 0, 0, 0.17%, 8, 0, 10, 141.39
1735050840, 213, 41, 46, 0, 0, 0.17%, 8, 0, 10, 162.51
1735050845, 214, 9, 46, 0, 0, 0.17%, 8, 0, 10, 143.50
1735050850, 214, 15, 46, 0, 0, 0.17%, 8, 0, 10, 138.07
1735050860, 214, 17, 46, 0, 0, 0.17%, 8, 0, 10, 137.28
1735050865, 214, 34, 46, 0, 0, 0.17%, 8, 0, 10, 141.25
1735050870, 214, 35, 46, 0, 0, 0.17%, 8, 0, 10, 142.20
1735050876, 214, 36, 46, 0, 0, 0.17%, 8, 0, 10, 133.20
1735050881, 215, 12, 46, 0, 0, 0.17%, 8, 0, 10, 129.85
