# unix_time, cycles_done, cur_path, paths_total, pending_total, pending_favs, map_size, unique_crashes, unique_hangs, max_depth, execs_per_sec
1735396297, 0, 0, 10, 10, 1, 0.01%, 0, 0, 1, 82.90
1735396302, 0, 4, 10, 10, 1, 0.01%, 0, 0, 1, 104.95
1735396307, 0, 5, 10, 9, 0, 0.01%, 0, 0, 1, 101.87
1735396317, 0, 6, 10, 8, 0, 0.01%, 0, 0, 1, 101.96
1735396327, 0, 7, 10, 7, 0, 0.01%, 0, 0, 1, 101.87
1735396337, 0, 8, 10, 6, 0, 0.01%, 0, 0, 1, 97.93
1735396348, 0, 9, 10, 5, 0, 0.01%, 0, 0, 1, 95.66
1735396358, 1, 0, 10, 4, 0, 0.01%, 0, 0, 1, 94.43
1735396368, 1, 1, 10, 3, 0, 0.01%, 0, 0, 1, 103.95
1735396384, 1, 2, 10, 2, 0, 0.01%, 0, 0, 1, 92.36
1735396394, 1, 3, 10, 1, 0, 0.01%, 0, 0, 1, 98.39
1735396410, 1, 5, 10, 0, 0, 0.01%, 0, 0, 1, 104.27
1735396415, 1, 6, 11, 1, 0, 0.16%, 1, 0, 2, 102.38
1735396420, 1, 10, 13, 3, 1, 0.16%, 3, 0, 3, 131.41
1735396435, 1, 10, 14, 4, 1, 0.17%, 4, 0, 3, 116.83
1735396491, 1, 11, 14, 3, 3, 0.17%, 4, 0, 3, 131.45
1735396522, 1, 12, 14, 2, 2, 0.17%, 4, 0, 3, 129.96
1735396553, 1, 13, 15, 2, 1, 0.17%, 5, 0, 4, 129.14
1735396568, 1, 13, 16, 3, 1, 0.17%, 5, 0, 4, 110.41
1735396599, 1, 14, 16, 2, 1, 0.17%, 5, 0, 4, 127.09
1735396609, 1, 14, 17, 3, 1, 0.17%, 5, 0, 5, 111.91
1735396635, 1, 14, 18, 4, 1, 0.17%, 5, 0, 5, 112.86
1735396727, 1, 14, 19, 5, 1, 0.17%, 5, 0, 5, 113.97
1735396763, 1, 18, 19, 4, 0, 0.17%, 5, 0, 5, 165.79
1735396773, 1, 18, 21, 6, 0, 0.17%, 5, 0, 6, 144.10
1735396779, 1, 18, 22, 7, 0, 0.17%, 5, 0, 6, 135.45
1735396789, 1, 18, 23, 8, 0, 0.17%, 5, 0, 6, 136.67
1735396830, 1, 18, 24, 9, 0, 0.17%, 5, 0, 6, 134.57
1735396871, 1, 19, 24, 8, 0, 0.17%, 5, 0, 6, 139.30
1735396923, 1, 21, 25, 8, 0, 0.17%, 5, 0, 7, 189.18
1735396958, 1, 21, 26, 9, 0, 0.17%, 5, 0, 7, 147.13
1735396968, 1, 21, 27, 10, 0, 0.17%, 5, 0, 7, 144.52
1735397034, 1, 23, 27, 9, 0, 0.17%, 5, 0, 7, 189.02
1735397085, 2, 11, 27, 8, 0, 0.17%, 5, 0, 7, 135.88
1735397090, 2, 12, 27, 8, 0, 0.17%, 5, 0, 7, 129.42
1735397096, 2, 14, 27, 8, 0, 0.17%, 5, 0, 7, 126.04
1735397106, 2, 20, 27, 8, 0, 0.17%, 5, 0, 7, 184.08
1735397147, 2, 22, 27, 7, 0, 0.17%, 5, 0, 7, 147.98
1735397188, 2, 25, 27, 6, 0, 0.17%, 5, 0, 7, 146.13
1735397209, 2, 25, 28, 7, 0, 0.17%, 5, 0, 8, 178.73
1735397260, 2, 26, 28, 6, 0, 0.17%, 5, 0, 8, 224.51
1735397321, 2, 27, 28, 5, 0, 0.17%, 5, 0, 8, 159.60
1735397341, 2, 27, 29, 6, 0, 0.17%, 5, 0, 9, 152.36
1735397357, 2, 27, 30, 7, 0, 0.17%, 5, 0, 9, 150.57
1735397362, 2, 27, 31, 8, 0, 0.17%, 5, 0, 9, 149.82
1735397413, 3, 11, 31, 7, 0, 0.17%, 5, 0, 9, 120.96
1735397418, 3, 12, 31, 7, 0, 0.17%, 5, 0, 9, 122.65
1735397424, 3, 14, 31, 7, 0, 0.17%, 5, 0, 9, 124.26
1735397434, 4, 10, 31, 7, 0, 0.17%, 5, 0, 9, 120.84
1735397439, 4, 11, 32, 8, 0, 0.17%, 5, 0, 9, 129.42
1735397444, 4, 12, 35, 11, 0, 0.17%, 5, 0, 9, 140.48
1735397449, 4, 14, 35, 11, 0, 0.17%, 5, 0, 9, 130.25
1735397460, 4, 32, 35, 11, 0, 0.17%, 5, 0, 9, 170.84
1735397536, 4, 33, 35, 10, 0, 0.17%, 5, 0, 9, 133.15
1735397582, 4, 33, 37, 12, 0, 0.17%, 7, 0, 9, 255.42
1735397761, 4, 34, 37, 11, 0, 0.17%, 7, 0, 9, 178.09
1735398036, 5, 11, 37, 10, 0, 0.17%, 7, 0, 9, 145.00
1735398041, 5, 13, 37, 10, 0, 0.17%, 7, 0, 9, 131.07
1735398047, 5, 14, 37, 10, 0, 0.17%, 7, 0, 9, 141.49
1735398052, 5, 15, 37, 10, 0, 0.17%, 7, 0, 9, 161.80
1735398088, 5, 16, 37, 9, 0, 0.17%, 7, 0, 9, 140.28
1735398129, 5, 29, 37, 8, 0, 0.17%, 7, 0, 9, 215.38
1735398216, 6, 11, 37, 7, 0, 0.17%, 7, 0, 9, 141.52
1735398221, 6, 12, 37, 7, 0, 0.17%, 7, 0, 9, 131.43
1735398226, 6, 14, 37, 7, 0, 0.17%, 7, 0, 9, 134.65
1735398231, 6, 36, 37, 7, 0, 0.17%, 7, 0, 9, 147.27
1735398445, 7, 12, 37, 6, 0, 0.17%, 7, 0, 9, 130.66
1735398450, 7, 13, 37, 6, 0, 0.17%, 7, 0, 9, 136.14
1735398455, 7, 14, 37, 6, 0, 0.17%, 7, 0, 9, 137.58
1735398460, 7, 26, 37, 6, 0, 0.17%, 7, 0, 9, 149.69
1735398466, 8, 11, 37, 6, 0, 0.17%, 7, 0, 9, 139.19
1735398471, 8, 13, 37, 6, 0, 0.17%, 7, 0, 9, 133.13
1735398476, 8, 14, 37, 6, 0, 0.17%, 7, 0, 9, 131.61
1735398481, 8, 17, 38, 7, 0, 0.17%, 7, 0, 9, 141.05
1735398507, 8, 30, 38, 6, 0, 0.17%, 7, 0, 9, 146.07
1735398567, 8, 35, 38, 5, 0, 0.17%, 7, 0, 9, 153.90
1735398761, 9, 11, 38, 4, 0, 0.17%, 7, 0, 9, 136.40
1735398766, 9, 13, 38, 4, 0, 0.17%, 7, 0, 9, 132.64
1735398771, 9, 14, 38, 4, 0, 0.17%, 7, 0, 9, 139.81
1735398777, 9, 24, 38, 4, 0, 0.17%, 7, 0, 9, 202.32
1735398848, 9, 29, 38, 3, 0, 0.17%, 7, 0, 9, 149.77
1735398868, 9, 30, 38, 3, 0, 0.17%, 7, 0, 9, 131.19
1735398894, 9, 37, 38, 3, 0, 0.17%, 7, 0, 9, 225.32
1735399098, 10, 12, 38, 2, 0, 0.17%, 7, 0, 9, 130.72
1735399103, 10, 13, 38, 2, 0, 0.17%, 7, 0, 9, 132.32
1735399108, 10, 14, 38, 2, 0, 0.17%, 7, 0, 9, 133.20
1735399113, 11, 12, 38, 2, 0, 0.17%, 7, 0, 9, 137.26
1735399118, 11, 14, 38, 2, 0, 0.17%, 7, 0, 9, 139.37
1735399123, 11, 21, 38, 2, 0, 0.17%, 7, 0, 9, 146.11
1735399129, 11, 31, 38, 2, 0, 0.17%, 7, 0, 9, 153.66
1735399221, 11, 35, 38, 1, 0, 0.17%, 7, 0, 9, 143.27
1735399226, 12, 1, 38, 1, 0, 0.17%, 7, 0, 9, 138.43
1735399231, 12, 12, 38, 1, 0, 0.17%, 7, 0, 9, 129.44
1735399236, 12, 14, 38, 1, 0, 0.17%, 7, 0, 9, 131.48
1735399241, 12, 22, 38, 1, 0, 0.17%, 7, 0, 9, 133.13
1735399252, 13, 12, 38, 1, 0, 0.17%, 7, 0, 9, 138.47
1735399257, 13, 14, 38, 1, 0, 0.17%, 7, 0, 9, 136.54
1735399262, 14, 11, 38, 1, 0, 0.17%, 7, 0, 9, 140.73
1735399267, 14, 12, 38, 1, 0, 0.17%, 7, 0, 9, 127.97
1735399272, 14, 14, 38, 1, 0, 0.17%, 7, 0, 9, 128.14
1735399277, 14, 17, 38, 1, 0, 0.17%, 7, 0, 9, 136.75
1735399283, 14, 24, 38, 1, 0, 0.17%, 7, 0, 9, 144.88
1735399288, 14, 29, 38, 1, 0, 0.17%, 7, 0, 9, 144.42
1735399303, 15, 12, 38, 1, 0, 0.17%, 7, 0, 9, 134.98
1735399308, 15, 14, 38, 1, 0, 0.17%, 7, 0, 9, 132.83
1735399313, 16, 6, 38, 1, 0, 0.17%, 7, 0, 9, 134.95
1735399318, 16, 12, 38, 1, 0, 0.17%, 7, 0, 9, 131.22
1735399324, 16, 14, 38, 1, 0, 0.17%, 7, 0, 9, 135.55
1735399334, 16, 21, 38, 1, 0, 0.17%, 7, 0, 9, 142.06
1735399339, 16, 29, 38, 1, 0, 0.17%, 7, 0, 9, 149.41
1735399349, 17, 12, 38, 1, 0, 0.17%, 7, 0, 9, 132.99
1735399354, 17, 14, 38, 1, 0, 0.17%, 7, 0, 9, 130.28
1735399360, 17, 28, 38, 1, 0, 0.17%, 7, 0, 9, 134.47
1735399528, 18, 10, 38, 0, 0, 0.17%, 7, 0, 9, 135.00
1735399533, 18, 12, 38, 0, 0, 0.17%, 7, 0, 9, 137.85
1735399538, 18, 14, 38, 0, 0, 0.17%, 7, 0, 9, 138.66
1735399544, 18, 15, 38, 0, 0, 0.17%, 7, 0, 9, 137.21
1735399554, 19, 11, 38, 0, 0, 0.17%, 7, 0, 9, 132.96
1735399559, 19, 13, 38, 0, 0, 0.17%, 7, 0, 9, 136.85
1735399564, 19, 14, 38, 0, 0, 0.17%, 7, 0, 9, 138.22
1735399569, 19, 23, 38, 0, 0, 0.17%, 7, 0, 9, 155.48
1735399575, 19, 26, 38, 0, 0, 0.17%, 7, 0, 9, 158.82
1735399585, 20, 12, 38, 0, 0, 0.17%, 7, 0, 9, 136.22
1735399590, 20, 14, 38, 0, 0, 0.17%, 7, 0, 9, 134.94
1735399595, 20, 22, 38, 0, 0, 0.17%, 7, 0, 9, 141.33
1735399605, 20, 35, 38, 0, 0, 0.17%, 7, 0, 9, 140.95
1735399610, 21, 11, 38, 0, 0, 0.17%, 7, 0, 9, 135.85
1735399615, 21, 13, 38, 0, 0, 0.17%, 7, 0, 9, 135.30
1735399621, 21, 14, 38, 0, 0, 0.17%, 7, 0, 9, 137.67
1735399626, 22, 11, 38, 0, 0, 0.17%, 7, 0, 9, 136.34
1735399631, 22, 12, 38, 0, 0, 0.17%, 7, 0, 9, 132.67
1735399636, 22, 14, 38, 0, 0, 0.17%, 7, 0, 9, 130.66
1735399641, 23, 11, 38, 0, 0, 0.17%, 7, 0, 9, 138.25
1735399646, 23, 13, 38, 0, 0, 0.17%, 7, 0, 9, 128.62
1735399652, 23, 14, 38, 0, 0, 0.17%, 7, 0, 9, 133.23
1735399657, 23, 16, 38, 0, 0, 0.17%, 7, 0, 9, 130.57
1735399667, 24, 11, 38, 0, 0, 0.17%, 7, 0, 9, 135.07
1735399672, 24, 12, 38, 0, 0, 0.17%, 7, 0, 9, 136.86
1735399677, 24, 14, 38, 0, 0, 0.17%, 7, 0, 9, 137.80
1735399683, 24, 28, 38, 0, 0, 0.17%, 7, 0, 9, 160.56
1735399708, 25, 12, 38, 0, 0, 0.17%, 7, 0, 9, 130.56
1735399713, 25, 14, 38, 0, 0, 0.17%, 7, 0, 9, 135.22
1735399718, 25, 19, 38, 0, 0, 0.17%, 7, 0, 9, 140.02
1735399728, 25, 30, 38, 0, 0, 0.17%, 7, 0, 9, 142.89
1735399738, 26, 11, 38, 0, 0, 0.17%, 7, 0, 9, 144.42
1735399744, 26, 13, 38, 0, 0, 0.17%, 7, 0, 9, 135.63
1735399749, 26, 14, 38, 0, 0, 0.17%, 7, 0, 9, 131.39
1735399754, 26, 19, 38, 0, 0, 0.17%, 7, 0, 9, 142.52
1735399759, 27, 11, 38, 0, 0, 0.17%, 7, 0, 9, 131.94
1735399764, 27, 12, 38, 0, 0, 0.17%, 7, 0, 9, 136.50
1735399769, 27, 14, 38, 0, 0, 0.17%, 7, 0, 9, 133.70
1735399774, 28, 8, 38, 0, 0, 0.17%, 7, 0, 9, 125.62
1735399779, 28, 12, 38, 0, 0, 0.17%, 7, 0, 9, 129.49
1735399785, 28, 14, 38, 0, 0, 0.17%, 7, 0, 9, 132.44
1735399790, 28, 21, 38, 0, 0, 0.17%, 7, 0, 9, 136.80
1735399800, 28, 25, 38, 0, 0, 0.17%, 7, 0, 9, 136.30
1735399805, 29, 10, 38, 0, 0, 0.17%, 7, 0, 9, 140.20
1735399810, 29, 12, 38, 0, 0, 0.17%, 7, 0, 9, 133.33
1735399815, 29, 14, 38, 0, 0, 0.17%, 7, 0, 9, 128.49
1735399821, 29, 18, 38, 0, 0, 0.17%, 7, 0, 9, 143.24
1735399826, 30, 11, 38, 0, 0, 0.17%, 7, 0, 9, 142.75
1735399831, 30, 12, 38, 0, 0, 0.17%, 7, 0, 9, 133.62
1735399836, 30, 14, 38, 0, 0, 0.17%, 7, 0, 9, 131.52
1735399841, 30, 22, 38, 0, 0, 0.17%, 7, 0, 9, 139.40
1735399852, 31, 12, 38, 0, 0, 0.17%, 7, 0, 9, 138.72
1735399857, 31, 14, 38, 0, 0, 0.17%, 7, 0, 9, 129.50
1735399862, 31, 23, 38, 0, 0, 0.17%, 7, 0, 9, 148.51
1735399872, 32, 12, 38, 0, 0, 0.17%, 7, 0, 9, 132.65
1735399877, 32, 14, 38, 0, 0, 0.17%, 7, 0, 9, 134.16
1735399882, 32, 17, 38, 0, 0, 0.17%, 7, 0, 9, 142.40
1735399887, 33, 11, 38, 0, 0, 0.17%, 7, 0, 9, 138.82
1735399893, 33, 12, 38, 0, 0, 0.17%, 7, 0, 9, 144.29
1735399898, 33, 14, 38, 0, 0, 0.17%, 7, 0, 9, 132.78
1735399903, 33, 32, 38, 0, 0, 0.17%, 7, 0, 9, 141.52
1735399908, 34, 11, 38, 0, 0, 0.17%, 7, 0, 9, 143.70
1735399913, 34, 12, 38, 0, 0, 0.17%, 7, 0, 9, 137.59
1735399918, 34, 14, 38, 0, 0, 0.17%, 7, 0, 9, 139.40
1735399923, 34, 18, 38, 0, 0, 0.17%, 7, 0, 9, 141.12
1735399928, 34, 23, 38, 0, 0, 0.17%, 7, 0, 9, 137.88
1735399939, 35, 11, 38, 0, 0, 0.17%, 7, 0, 9, 133.82
1735399944, 35, 12, 38, 0, 0, 0.17%, 7, 0, 9, 132.67
1735399949, 35, 14, 38, 0, 0, 0.17%, 7, 0, 9, 135.67
1735399954, 35, 24, 38, 0, 0, 0.17%, 7, 0, 9, 151.85
1735399959, 36, 11, 38, 0, 0, 0.17%, 7, 0, 9, 140.42
1735399964, 36, 12, 38, 0, 0, 0.17%, 7, 0, 9, 135.06
1735399970, 36, 14, 38, 0, 0, 0.17%, 7, 0, 9, 134.54
1735399975, 36, 36, 38, 0, 0, 0.17%, 7, 0, 9, 137.68
1735399985, 37, 12, 38, 0, 0, 0.17%, 7, 0, 9, 126.15
1735399990, 37, 14, 38, 0, 0, 0.17%, 7, 0, 9, 133.29
1735399995, 37, 32, 38, 0, 0, 0.17%, 7, 0, 9, 140.66
1735400006, 38, 12, 38, 0, 0, 0.17%, 7, 0, 9, 134.69
1735400011, 38, 13, 38, 0, 0, 0.17%, 7, 0, 9, 134.45
1735400016, 38, 14, 38, 0, 0, 0.17%, 7, 0, 9, 133.24
1735400021, 39, 12, 38, 0, 0, 0.17%, 7, 0, 9, 125.91
1735400026, 39, 14, 38, 0, 0, 0.17%, 7, 0, 9, 133.05
1735400037, 40, 11, 38, 0, 0, 0.17%, 7, 0, 9, 134.21
1735400042, 40, 13, 38, 0, 0, 0.17%, 7, 0, 9, 133.07
1735400047, 40, 14, 38, 0, 0, 0.17%, 7, 0, 9, 137.29
1735400052, 40, 16, 38, 0, 0, 0.17%, 7, 0, 9, 133.36
1735400057, 40, 19, 38, 0, 0, 0.17%, 7, 0, 9, 129.58
1735400067, 40, 27, 38, 0, 0, 0.17%, 7, 0, 9, 147.35
1735400088, 41, 9, 38, 0, 0, 0.17%, 7, 0, 9, 139.47
1735400093, 41, 12, 38, 0, 0, 0.17%, 7, 0, 9, 131.74
1735400098, 41, 14, 38, 0, 0, 0.17%, 7, 0, 9, 135.69
1735400103, 41, 35, 38, 0, 0, 0.17%, 7, 0, 9, 144.43
1735400109, 42, 1, 38, 0, 0, 0.17%, 7, 0, 9, 139.16
1735400114, 42, 11, 38, 0, 0, 0.17%, 7, 0, 9, 139.38
1735400119, 42, 13, 38, 0, 0, 0.17%, 7, 0, 9, 132.49
1735400124, 42, 14, 38, 0, 0, 0.17%, 7, 0, 9, 127.33
1735400129, 42, 31, 38, 0, 0, 0.17%, 7, 0, 9, 139.43
1735400135, 43, 11, 38, 0, 0, 0.17%, 7, 0, 9, 134.44
1735400140, 43, 13, 38, 0, 0, 0.17%, 7, 0, 9, 139.95
1735400145, 43, 14, 38, 0, 0, 0.17%, 7, 0, 9, 136.31
1735400150, 43, 17, 38, 0, 0, 0.17%, 7, 0, 9, 133.84
1735400155, 44, 11, 38, 0, 0, 0.17%, 7, 0, 9, 136.18
1735400160, 44, 12, 38, 0, 0, 0.17%, 7, 0, 9, 133.48
1735400166, 44, 14, 38, 0, 0, 0.17%, 7, 0, 9, 133.71
1735400171, 44, 23, 38, 0, 0, 0.17%, 7, 0, 9, 153.43
1735400181, 44, 30, 38, 0, 0, 0.17%, 7, 0, 9, 143.29
1735400191, 45, 11, 38, 0, 0, 0.17%, 7, 0, 9, 136.08
1735400196, 45, 12, 38, 0, 0, 0.17%, 7, 0, 9, 132.89
1735400201, 45, 14, 38, 0, 0, 0.17%, 7, 0, 9, 129.86
1735400207, 45, 23, 38, 0, 0, 0.17%, 7, 0, 9, 144.27
1735400217, 46, 12, 38, 0, 0, 0.17%, 7, 0, 9, 131.59
1735400222, 46, 14, 38, 0, 0, 0.17%, 7, 0, 9, 135.18
1735400227, 46, 19, 38, 0, 0, 0.17%, 7, 0, 9, 135.25
1735400237, 47, 11, 38, 0, 0, 0.17%, 7, 0, 9, 135.51
1735400242, 47, 13, 38, 0, 0, 0.17%, 7, 0, 9, 136.54
1735400248, 47, 14, 38, 0, 0, 0.17%, 7, 0, 9, 133.21
1735400253, 47, 15, 38, 0, 0, 0.17%, 7, 0, 9, 141.70
1735400258, 48, 11, 38, 0, 0, 0.17%, 7, 0, 9, 147.37
1735400263, 48, 13, 38, 0, 0, 0.17%, 7, 0, 9, 136.81
1735400268, 48, 14, 38, 0, 0, 0.17%, 7, 0, 9, 128.95
1735400273, 49, 12, 38, 0, 0, 0.17%, 7, 0, 9, 130.28
1735400278, 49, 13, 38, 0, 0, 0.17%, 7, 0, 9, 134.04
1735400284, 49, 14, 38, 0, 0, 0.17%, 7, 0, 9, 133.70
1735400289, 50, 12, 38, 0, 0, 0.17%, 7, 0, 9, 130.13
1735400294, 50, 14, 38, 0, 0, 0.17%, 7, 0, 9, 135.07
1735400299, 50, 37, 38, 0, 0, 0.17%, 7, 0, 9, 137.16
1735400330, 51, 11, 38, 0, 0, 0.17%, 7, 0, 9, 138.37
1735400335, 51, 12, 38, 0, 0, 0.17%, 7, 0, 9, 138.75
1735400341, 51, 14, 38, 0, 0, 0.17%, 7, 0, 9, 131.38
1735400346, 51, 22, 38, 0, 0, 0.17%, 7, 0, 9, 145.00
1735400356, 51, 33, 38, 0, 0, 0.17%, 7, 0, 9, 141.39
1735400361, 52, 11, 38, 0, 0, 0.17%, 7, 0, 9, 136.32
1735400366, 52, 13, 38, 0, 0, 0.17%, 7, 0, 9, 134.40
1735400371, 52, 14, 38, 0, 0, 0.17%, 7, 0, 9, 135.61
1735400376, 52, 20, 38, 0, 0, 0.17%, 7, 0, 9, 141.27
1735400382, 53, 11, 38, 0, 0, 0.17%, 7, 0, 9, 138.03
1735400387, 53, 13, 38, 0, 0, 0.17%, 7, 0, 9, 140.44
1735400392, 53, 14, 38, 0, 0, 0.17%, 7, 0, 9, 135.01
1735400397, 54, 11, 38, 0, 0, 0.17%, 7, 0, 9, 141.54
1735400402, 54, 13, 38, 0, 0, 0.17%, 7, 0, 9, 139.03
1735400407, 54, 14, 38, 0, 0, 0.17%, 7, 0, 9, 135.49
1735400412, 54, 35, 38, 0, 0, 0.17%, 7, 0, 9, 139.37
1735400417, 55, 11, 38, 0, 0, 0.17%, 7, 0, 9, 133.45
1735400423, 55, 12, 38, 0, 0, 0.17%, 7, 0, 9, 138.86
1735400428, 55, 14, 38, 0, 0, 0.17%, 7, 0, 9, 134.94
1735400433, 55, 26, 38, 0, 0, 0.17%, 7, 0, 9, 145.83
1735400443, 55, 29, 38, 0, 0, 0.17%, 7, 0, 9, 160.60
1735400453, 55, 32, 38, 0, 0, 0.17%, 7, 0, 9, 140.72
1735400458, 56, 11, 38, 0, 0, 0.17%, 7, 0, 9, 138.20
1735400464, 56, 13, 38, 0, 0, 0.17%, 7, 0, 9, 132.11
1735400469, 56, 14, 38, 0, 0, 0.17%, 7, 0, 9, 133.39
1735400474, 56, 29, 38, 0, 0, 0.17%, 7, 0, 9, 162.67
1735400484, 56, 36, 38, 0, 0, 0.17%, 7, 0, 9, 146.21
1735400489, 57, 3, 38, 0, 0, 0.17%, 7, 0, 9, 132.24
1735400494, 57, 11, 38, 0, 0, 0.17%, 7, 0, 9, 134.71
1735400499, 57, 13, 38, 0, 0, 0.17%, 7, 0, 9, 133.42
1735400505, 57, 14, 38, 0, 0, 0.17%, 7, 0, 9, 138.76
1735400510, 58, 11, 38, 0, 0, 0.17%, 7, 0, 9, 133.58
1735400515, 58, 13, 38, 0, 0, 0.17%, 7, 0, 9, 132.91
1735400520, 58, 14, 38, 0, 0, 0.17%, 7, 0, 9, 130.28
1735400525, 58, 16, 38, 0, 0, 0.17%, 7, 0, 9, 131.53
1735400535, 58, 28, 38, 0, 0, 0.17%, 7, 0, 9, 149.33
1735400546, 59, 11, 38, 0, 0, 0.17%, 7, 0, 9, 139.02
1735400551, 59, 13, 38, 0, 0, 0.17%, 7, 0, 9, 140.09
1735400556, 59, 14, 38, 0, 0, 0.17%, 7, 0, 9, 129.53
1735400561, 60, 12, 38, 0, 0, 0.17%, 7, 0, 9, 133.21
1735400566, 60, 13, 38, 0, 0, 0.17%, 7, 0, 9, 136.77
1735400571, 60, 14, 38, 0, 0, 0.17%, 7, 0, 9, 137.84
1735400576, 61, 12, 38, 0, 0, 0.17%, 7, 0, 9, 135.10
1735400581, 61, 14, 38, 0, 0, 0.17%, 7, 0, 9, 134.92
1735400587, 61, 19, 38, 0, 0, 0.17%, 7, 0, 9, 140.86
1735400597, 62, 12, 38, 0, 0, 0.17%, 7, 0, 9, 134.61
1735400602, 62, 13, 38, 0, 0, 0.17%, 7, 0, 9, 128.92
1735400607, 62, 14, 38, 0, 0, 0.17%, 7, 0, 9, 145.60
1735400612, 62, 33, 38, 0, 0, 0.17%, 7, 0, 9, 141.55
1735400617, 63, 11, 38, 0, 0, 0.17%, 7, 0, 9, 138.57
1735400622, 63, 13, 38, 0, 0, 0.17%, 7, 0, 9, 129.23
1735400627, 63, 14, 38, 0, 0, 0.17%, 7, 0, 9, 144.15
1735400633, 63, 33, 38, 0, 0, 0.17%, 7, 0, 9, 146.59
1735400638, 64, 11, 38, 0, 0, 0.17%, 7, 0, 9, 138.64
1735400643, 64, 12, 38, 0, 0, 0.17%, 7, 0, 9, 132.35
1735400648, 64, 14, 38, 0, 0, 0.17%, 7, 0, 9, 127.89
1735400653, 64, 21, 38, 0, 0, 0.17%, 7, 0, 9, 133.54
1735400658, 64, 26, 38, 0, 0, 0.17%, 7, 0, 9, 145.06
1735400669, 64, 30, 38, 0, 0, 0.17%, 7, 0, 9, 152.00
1735400679, 65, 11, 38, 0, 0, 0.17%, 7, 0, 9, 139.97
1735400684, 65, 12, 38, 0, 0, 0.17%, 7, 0, 9, 133.13
1735400689, 65, 14, 38, 0, 0, 0.17%, 7, 0, 9, 128.07
1735400694, 65, 28, 38, 0, 0, 0.17%, 7, 0, 9, 156.32
1735400699, 65, 28, 39, 1, 0, 0.17%, 8, 0, 10, 165.70
1735400709, 66, 9, 39, 1, 0, 0.17%, 8, 0, 10, 136.61
1735400715, 66, 12, 39, 1, 0, 0.17%, 8, 0, 10, 133.02
1735400720, 66, 14, 39, 1, 0, 0.17%, 8, 0, 10, 135.04
1735400725, 67, 11, 39, 1, 0, 0.17%, 8, 0, 10, 133.24
1735400730, 67, 13, 39, 1, 0, 0.17%, 8, 0, 10, 134.29
1735400735, 67, 14, 39, 1, 0, 0.17%, 8, 0, 10, 136.15
1735400740, 67, 30, 39, 1, 0, 0.17%, 8, 0, 10, 146.22
1735400745, 68, 6, 39, 1, 0, 0.17%, 8, 0, 10, 130.31
1735400750, 68, 11, 39, 1, 0, 0.17%, 8, 0, 10, 136.72
1735400756, 68, 13, 39, 1, 0, 0.17%, 8, 0, 10, 140.09
1735400761, 68, 14, 39, 1, 0, 0.17%, 8, 0, 10, 140.83
1735400766, 68, 28, 39, 1, 0, 0.17%, 8, 0, 10, 150.22
1735400771, 69, 11, 39, 1, 0, 0.17%, 8, 0, 10, 139.66
1735400776, 69, 13, 39, 1, 0, 0.17%, 8, 0, 10, 137.86
1735400781, 69, 14, 39, 1, 0, 0.17%, 8, 0, 10, 135.83
1735400786, 69, 23, 39, 1, 0, 0.17%, 8, 0, 10, 147.19
1735400791, 69, 33, 39, 1, 0, 0.17%, 8, 0, 10, 153.71
1735400797, 70, 11, 39, 1, 0, 0.17%, 8, 0, 10, 147.66
1735400802, 70, 13, 39, 1, 0, 0.17%, 8, 0, 10, 137.23
1735400807, 70, 14, 39, 1, 0, 0.17%, 8, 0, 10, 130.11
1735400812, 70, 21, 39, 1, 0, 0.17%, 8, 0, 10, 137.33
1735400817, 71, 12, 39, 1, 0, 0.17%, 8, 0, 10, 135.87
1735400822, 71, 14, 39, 1, 0, 0.17%, 8, 0, 10, 131.88
1735400827, 71, 15, 39, 1, 0, 0.17%, 8, 0, 10, 137.93
1735400832, 71, 20, 39, 1, 0, 0.17%, 8, 0, 10, 145.10
1735400838, 71, 38, 39, 1, 0, 0.17%, 8, 0, 10, 136.17
1735400997, 72, 11, 39, 0, 0, 0.17%, 8, 0, 10, 138.43
1735401002, 72, 13, 39, 0, 0, 0.17%, 8, 0, 10, 135.73
1735401007, 72, 14, 39, 0, 0, 0.17%, 8, 0, 10, 134.07
1735401012, 72, 16, 39, 0, 0, 0.17%, 8, 0, 10, 133.14
1735401017, 72, 19, 39, 0, 0, 0.17%, 8, 0, 10, 140.29
1735401028, 73, 13, 39, 0, 0, 0.17%, 8, 0, 10, 139.15
1735401033, 73, 14, 39, 0, 0, 0.17%, 8, 0, 10, 138.11
1735401038, 74, 11, 39, 0, 0, 0.17%, 8, 0, 10, 131.75
1735401043, 74, 13, 39, 0, 0, 0.17%, 8, 0, 10, 131.11
1735401048, 74, 14, 39, 0, 0, 0.17%, 8, 0, 10, 139.26
1735401053, 74, 36, 39, 0, 0, 0.17%, 8, 0, 10, 141.42
1735401058, 75, 12, 39, 0, 0, 0.17%, 8, 0, 10, 134.75
1735401063, 75, 14, 39, 0, 0, 0.17%, 8, 0, 10, 131.67
1735401068, 76, 4, 39, 0, 0, 0.17%, 8, 0, 10, 136.07
1735401073, 76, 12, 39, 0, 0, 0.17%, 8, 0, 10, 132.66
1735401079, 76, 14, 39, 0, 0, 0.17%, 8, 0, 10, 131.48
1735401084, 76, 15, 39, 0, 0, 0.17%, 8, 0, 10, 132.56
1735401089, 76, 26, 39, 0, 0, 0.17%, 8, 0, 10, 145.40
1735401099, 77, 12, 39, 0, 0, 0.17%, 8, 0, 10, 127.75
1735401104, 77, 14, 39, 0, 0, 0.17%, 8, 0, 10, 132.76
1735401109, 77, 29, 39, 0, 0, 0.17%, 8, 0, 10, 148.45
1735401120, 78, 12, 39, 0, 0, 0.17%, 8, 0, 10, 137.49
1735401125, 78, 14, 39, 0, 0, 0.17%, 8, 0, 10, 134.68
1735401130, 78, 17, 39, 0, 0, 0.17%, 8, 0, 10, 132.64
1735401135, 79, 11, 39, 0, 0, 0.17%, 8, 0, 10, 131.12
1735401140, 79, 13, 39, 0, 0, 0.17%, 8, 0, 10, 130.82
1735401145, 79, 14, 39, 0, 0, 0.17%, 8, 0, 10, 132.46
1735401151, 79, 21, 39, 0, 0, 0.17%, 8, 0, 10, 143.74
1735401156, 79, 28, 39, 0, 0, 0.17%, 8, 0, 10, 159.13
1735401161, 80, 11, 39, 0, 0, 0.17%, 8, 0, 10, 139.47
1735401166, 80, 13, 39, 0, 0, 0.17%, 8, 0, 10, 134.00
1735401171, 80, 14, 39, 0, 0, 0.17%, 8, 0, 10, 138.38
1735401176, 81, 12, 39, 0, 0, 0.17%, 8, 0, 10, 139.90
1735401181, 81, 14, 39, 0, 0, 0.17%, 8, 0, 10, 135.88
1735401187, 81, 25, 39, 0, 0, 0.17%, 8, 0, 10, 147.43
1735401192, 82, 11, 39, 0, 0, 0.17%, 8, 0, 10, 136.23
1735401197, 82, 13, 39, 0, 0, 0.17%, 8, 0, 10, 135.92
1735401202, 82, 14, 39, 0, 0, 0.17%, 8, 0, 10, 139.53
1735401207, 83, 12, 39, 0, 0, 0.17%, 8, 0, 10, 132.74
1735401212, 83, 14, 39, 0, 0, 0.17%, 8, 0, 10, 135.75
1735401217, 84, 2, 39, 0, 0, 0.17%, 8, 0, 10, 141.15
1735401222, 84, 12, 39, 0, 0, 0.17%, 8, 0, 10, 135.21
1735401228, 84, 14, 39, 0, 0, 0.17%, 8, 0, 10, 133.39
1735401233, 84, 21, 39, 0, 0, 0.17%, 8, 0, 10, 146.48
1735401238, 85, 11, 39, 0, 0, 0.17%, 8, 0, 10, 135.84
1735401243, 85, 13, 39, 0, 0, 0.17%, 8, 0, 10, 138.08
1735401248, 85, 14, 39, 0, 0, 0.17%, 8, 0, 10, 143.84
1735401253, 85, 38, 39, 0, 0, 0.17%, 8, 0, 10, 162.04
1735401279, 86, 2, 39, 0, 0, 0.17%, 8, 0, 10, 145.55
1735401284, 86, 12, 39, 0, 0, 0.17%, 8, 0, 10, 134.62
1735401289, 86, 14, 39, 0, 0, 0.17%, 8, 0, 10, 135.23
1735401294, 86, 16, 39, 0, 0, 0.17%, 8, 0, 10, 142.31
1735401299, 86, 22, 39, 0, 0, 0.17%, 8, 0, 10, 145.52
1735401310, 86, 27, 39, 0, 0, 0.17%, 8, 0, 10, 147.37
1735401315, 86, 37, 39, 0, 0, 0.17%, 8, 0, 10, 149.81
1735401320, 87, 5, 39, 0, 0, 0.17%, 8, 0, 10, 139.45
1735401325, 87, 12, 39, 0, 0, 0.17%, 8, 0, 10, 135.13
1735401330, 87, 14, 39, 0, 0, 0.17%, 8, 0, 10, 133.01
1735401335, 87, 16, 39, 0, 0, 0.17%, 8, 0, 10, 138.46
1735401340, 87, 21, 39, 0, 0, 0.17%, 8, 0, 10, 152.49
1735401345, 87, 31, 39, 0, 0, 0.17%, 8, 0, 10, 146.97
1735401350, 87, 35, 39, 0, 0, 0.17%, 8, 0, 10, 146.11
1735401355, 87, 38, 39, 0, 0, 0.17%, 8, 0, 10, 166.77
1735401386, 88, 11, 39, 0, 0, 0.17%, 8, 0, 10, 130.98
1735401391, 88, 13, 39, 0, 0, 0.17%, 8, 0, 10, 131.91
1735401396, 88, 14, 39, 0, 0, 0.17%, 8, 0, 10, 140.85
1735401402, 88, 16, 39, 0, 0, 0.17%, 8, 0, 10, 134.11
1735401407, 88, 24, 39, 0, 0, 0.17%, 8, 0, 10, 144.72
1735401412, 89, 11, 39, 0, 0, 0.17%, 8, 0, 10, 135.82
1735401417, 89, 13, 39, 0, 0, 0.17%, 8, 0, 10, 141.18
1735401422, 89, 14, 39, 0, 0, 0.17%, 8, 0, 10, 136.81
1735401427, 90, 12, 39, 0, 0, 0.17%, 8, 0, 10, 137.99
1735401432, 90, 14, 39, 0, 0, 0.17%, 8, 0, 10, 131.03
1735401442, 90, 21, 39, 0, 0, 0.17%, 8, 0, 10, 143.80
1735401448, 91, 12, 39, 0, 0, 0.17%, 8, 0, 10, 139.52
1735401453, 91, 14, 39, 0, 0, 0.17%, 8, 0, 10, 135.35
1735401458, 91, 15, 39, 0, 0, 0.17%, 8, 0, 10, 135.69
1735401463, 92, 4, 39, 0, 0, 0.17%, 8, 0, 10, 136.16
1735401468, 92, 13, 39, 0, 0, 0.17%, 8, 0, 10, 135.15
1735401473, 92, 14, 39, 0, 0, 0.17%, 8, 0, 10, 134.51
1735401478, 92, 28, 39, 0, 0, 0.17%, 8, 0, 10, 156.82
1735401484, 92, 38, 39, 0, 0, 0.17%, 8, 0, 10, 156.53
1735401514, 93, 11, 39, 0, 0, 0.17%, 8, 0, 10, 137.42
1735401519, 93, 13, 39, 0, 0, 0.17%, 8, 0, 10, 133.34
1735401524, 93, 14, 39, 0, 0, 0.17%, 8, 0, 10, 139.23
1735401530, 94, 11, 39, 0, 0, 0.17%, 8, 0, 10, 141.43
1735401535, 94, 13, 39, 0, 0, 0.17%, 8, 0, 10, 129.22
1735401540, 94, 14, 39, 0, 0, 0.17%, 8, 0, 10, 136.62
1735401545, 94, 22, 39, 0, 0, 0.17%, 8, 0, 10, 144.51
1735401550, 95, 7, 39, 0, 0, 0.17%, 8, 0, 10, 144.38
1735401555, 95, 12, 39, 0, 0, 0.17%, 8, 0, 10, 138.18
1735401561, 95, 14, 39, 0, 0, 0.17%, 8, 0, 10, 133.42
1735401566, 95, 18, 39, 0, 0, 0.17%, 8, 0, 10, 139.11
1735401571, 96, 6, 39, 0, 0, 0.17%, 8, 0, 10, 132.27
1735401576, 96, 12, 39, 0, 0, 0.17%, 8, 0, 10, 133.28
1735401581, 96, 14, 39, 0, 0, 0.17%, 8, 0, 10, 135.02
1735401586, 97, 9, 39, 0, 0, 0.17%, 8, 0, 10, 136.77
1735401592, 97, 12, 39, 0, 0, 0.17%, 8, 0, 10, 128.03
1735401597, 97, 14, 39, 0, 0, 0.17%, 8, 0, 10, 139.94
1735401602, 97, 34, 39, 0, 0, 0.17%, 8, 0, 10, 144.04
1735401607, 98, 11, 39, 0, 0, 0.17%, 8, 0, 10, 140.95
1735401612, 98, 13, 39, 0, 0, 0.17%, 8, 0, 10, 138.49
1735401617, 98, 14, 39, 0, 0, 0.17%, 8, 0, 10, 138.80
1735401622, 98, 34, 39, 0, 0, 0.17%, 8, 0, 10, 146.39
1735401628, 99, 5, 39, 0, 0, 0.17%, 8, 0, 10, 136.17
1735401633, 99, 12, 39, 0, 0, 0.17%, 8, 0, 10, 132.99
1735401638, 99, 14, 39, 0, 0, 0.17%, 8, 0, 10, 127.79
1735401643, 99, 36, 39, 0, 0, 0.17%, 8, 0, 10, 146.77
1735401648, 100, 11, 39, 0, 0, 0.17%, 8, 0, 10, 136.28
1735401653, 100, 13, 39, 0, 0, 0.17%, 8, 0, 10, 135.16
1735401658, 100, 14, 39, 0, 0, 0.17%, 8, 0, 10, 136.68
1735401664, 100, 21, 39, 0, 0, 0.17%, 8, 0, 10, 144.79
1735401669, 100, 35, 39, 0, 0, 0.17%, 8, 0, 10, 147.46
1735401674, 101, 11, 39, 0, 0, 0.17%, 8, 0, 10, 139.56
1735401679, 101, 13, 39, 0, 0, 0.17%, 8, 0, 10, 138.50
1735401684, 101, 14, 39, 0, 0, 0.17%, 8, 0, 10, 136.90
1735401689, 102, 12, 39, 0, 0, 0.17%, 8, 0, 10, 134.66
1735401695, 102, 14, 39, 0, 0, 0.17%, 8, 0, 10, 131.62
1735401700, 103, 11, 39, 0, 0, 0.17%, 8, 0, 10, 130.91
1735401705, 103, 13, 39, 0, 0, 0.17%, 8, 0, 10, 136.47
1735401710, 103, 14, 39, 0, 0, 0.17%, 8, 0, 10, 133.50
1735401715, 104, 12, 39, 0, 0, 0.17%, 8, 0, 10, 136.46
1735401721, 104, 14, 39, 0, 0, 0.17%, 8, 0, 10, 132.68
1735401726, 105, 3, 39, 0, 0, 0.17%, 8, 0, 10, 135.08
1735401731, 105, 12, 39, 0, 0, 0.17%, 8, 0, 10, 134.30
1735401736, 105, 14, 39, 0, 0, 0.17%, 8, 0, 10, 135.18
1735401741, 105, 38, 39, 0, 0, 0.17%, 8, 0, 10, 158.90
1735401772, 106, 12, 39, 0, 0, 0.17%, 8, 0, 10, 136.55
1735401777, 106, 14, 39, 0, 0, 0.17%, 8, 0, 10, 133.86
1735401782, 106, 18, 39, 0, 0, 0.17%, 8, 0, 10, 142.55
1735401788, 106, 22, 39, 0, 0, 0.17%, 8, 0, 10, 146.06
1735401798, 107, 12, 39, 0, 0, 0.17%, 8, 0, 10, 128.31
1735401803, 107, 14, 39, 0, 0, 0.17%, 8, 0, 10, 131.21
1735401808, 108, 11, 39, 0, 0, 0.17%, 8, 0, 10, 137.82
1735401813, 108, 13, 39, 0, 0, 0.17%, 8, 0, 10, 135.09
1735401819, 108, 14, 39, 0, 0, 0.17%, 8, 0, 10, 134.55
1735401824, 109, 12, 39, 0, 0, 0.17%, 8, 0, 10, 141.41
1735401829, 109, 14, 39, 0, 0, 0.17%, 8, 0, 10, 132.61
1735401834, 109, 31, 39, 0, 0, 0.17%, 8, 0, 10, 142.76
1735401839, 110, 11, 39, 0, 0, 0.17%, 8, 0, 10, 135.54
1735401845, 110, 13, 39, 0, 0, 0.17%, 8, 0, 10, 127.02
1735401850, 110, 14, 39, 0, 0, 0.17%, 8, 0, 10, 132.44
1735401855, 110, 20, 39, 0, 0, 0.17%, 8, 0, 10, 140.57
1735401860, 110, 22, 39, 0, 0, 0.17%, 8, 0, 10, 145.63
1735401865, 111, 11, 39, 0, 0, 0.17%, 8, 0, 10, 137.19
1735401870, 111, 13, 39, 0, 0, 0.17%, 8, 0, 10, 136.83
1735401875, 111, 14, 39, 0, 0, 0.17%, 8, 0, 10, 138.74
1735401880, 111, 29, 39, 0, 0, 0.17%, 8, 0, 10, 146.10
1735401885, 111, 31, 39, 0, 0, 0.17%, 8, 0, 10, 144.58
1735401891, 112, 6, 39, 0, 0, 0.17%, 8, 0, 10, 137.34
1735401896, 112, 11, 39, 0, 0, 0.17%, 8, 0, 10, 132.34
1735401901, 112, 13, 39, 0, 0, 0.17%, 8, 0, 10, 141.37
1735401906, 112, 14, 39, 0, 0, 0.17%, 8, 0, 10, 138.59
1735401911, 112, 15, 39, 0, 0, 0.17%, 8, 0, 10, 145.14
1735401917, 113, 12, 39, 0, 0, 0.17%, 8, 0, 10, 134.25
1735401922, 113, 14, 39, 0, 0, 0.17%, 8, 0, 10, 135.60
1735401927, 113, 16, 39, 0, 0, 0.17%, 8, 0, 10, 143.58
1735401932, 113, 25, 39, 0, 0, 0.17%, 8, 0, 10, 149.15
1735401937, 113, 26, 39, 0, 0, 0.17%, 8, 0, 10, 158.56
1735401942, 114, 6, 39, 0, 0, 0.17%, 8, 0, 10, 141.24
1735401947, 114, 12, 39, 0, 0, 0.17%, 8, 0, 10, 138.41
1735401953, 114, 14, 39, 0, 0, 0.17%, 8, 0, 10, 137.91
1735401958, 114, 21, 39, 0, 0, 0.17%, 8, 0, 10, 147.04
1735401963, 115, 3, 39, 0, 0, 0.17%, 8, 0, 10, 144.31
1735401968, 115, 12, 39, 0, 0, 0.17%, 8, 0, 10, 135.97
1735401973, 115, 14, 39, 0, 0, 0.17%, 8, 0, 10, 134.41
1735401978, 115, 22, 39, 0, 0, 0.17%, 8, 0, 10, 140.97
1735401989, 115, 33, 39, 0, 0, 0.17%, 8, 0, 10, 144.05
1735401994, 116, 12, 39, 0, 0, 0.17%, 8, 0, 10, 136.48
1735401999, 116, 14, 39, 0, 0, 0.17%, 8, 0, 10, 138.40
1735402004, 116, 33, 39, 0, 0, 0.17%, 8, 0, 10, 153.69
1735402009, 117, 11, 39, 0, 0, 0.17%, 8, 0, 10, 138.80
1735402014, 117, 13, 39, 0, 0, 0.17%, 8, 0, 10, 135.84
1735402019, 117, 14, 39, 0, 0, 0.17%, 8, 0, 10, 137.60
1735402025, 117, 33, 39, 0, 0, 0.17%, 8, 0, 10, 144.50
1735402030, 118, 12, 39, 0, 0, 0.17%, 8, 0, 10, 134.23
1735402035, 118, 14, 39, 0, 0, 0.17%, 8, 0, 10, 135.26
1735402040, 119, 2, 39, 0, 0, 0.17%, 8, 0, 10, 132.39
1735402045, 119, 12, 39, 0, 0, 0.17%, 8, 0, 10, 142.15
1735402050, 119, 14, 39, 0, 0, 0.17%, 8, 0, 10, 136.31
1735402056, 119, 21, 39, 0, 0, 0.17%, 8, 0, 10, 145.67
1735402061, 120, 11, 39, 0, 0, 0.17%, 8, 0, 10, 133.01
1735402066, 120, 13, 39, 0, 0, 0.17%, 8, 0, 10, 136.40
1735402071, 120, 14, 39, 0, 0, 0.17%, 8, 0, 10, 136.78
1735402076, 120, 24, 39, 0, 0, 0.17%, 8, 0, 10, 139.91
1735402081, 120, 29, 39, 0, 0, 0.17%, 8, 0, 10, 146.06
1735402086, 121, 7, 39, 0, 0, 0.17%, 8, 0, 10, 141.97
1735402091, 121, 12, 39, 0, 0, 0.17%, 8, 0, 10, 135.60
1735402096, 121, 14, 39, 0, 0, 0.17%, 8, 0, 10, 132.42
1735402101, 121, 18, 39, 0, 0, 0.17%, 8, 0, 10, 141.17
1735402106, 121, 26, 39, 0, 0, 0.17%, 8, 0, 10, 150.64
1735402117, 122, 12, 39, 0, 0, 0.17%, 8, 0, 10, 135.43
1735402122, 122, 14, 39, 0, 0, 0.17%, 8, 0, 10, 133.33
1735402127, 122, 15, 39, 0, 0, 0.17%, 8, 0, 10, 134.24
1735402132, 122, 19, 39, 0, 0, 0.17%, 8, 0, 10, 145.47
1735402142, 122, 27, 39, 0, 0, 0.17%, 8, 0, 10, 142.89
1735402147, 123, 9, 39, 0, 0, 0.17%, 8, 0, 10, 145.73
1735402153, 123, 13, 39, 0, 0, 0.17%, 8, 0, 10, 141.20
1735402158, 123, 14, 39, 0, 0, 0.17%, 8, 0, 10, 128.44
1735402163, 123, 24, 39, 0, 0, 0.17%, 8, 0, 10, 152.67
1735402168, 124, 11, 39, 0, 0, 0.17%, 8, 0, 10, 133.37
1735402173, 124, 13, 39, 0, 0, 0.17%, 8, 0, 10, 135.03
1735402178, 124, 14, 39, 0, 0, 0.17%, 8, 0, 10, 138.49
1735402183, 125, 11, 39, 0, 0, 0.17%, 8, 0, 10, 135.29
1735402189, 125, 14, 39, 0, 0, 0.17%, 8, 0, 10, 131.42
1735402199, 126, 13, 39, 0, 0, 0.17%, 8, 0, 10, 134.24
1735402204, 126, 14, 39, 0, 0, 0.17%, 8, 0, 10, 137.33
1735402209, 126, 27, 39, 0, 0, 0.17%, 8, 0, 10, 141.98
1735402214, 126, 29, 39, 0, 0, 0.17%, 8, 0, 10, 143.28
1735402225, 127, 12, 39, 0, 0, 0.17%, 8, 0, 10, 142.83
1735402230, 127, 14, 39, 0, 0, 0.17%, 8, 0, 10, 133.48
1735402235, 127, 21, 39, 0, 0, 0.17%, 8, 0, 10, 143.69
1735402240, 127, 35, 39, 0, 0, 0.17%, 8, 0, 10, 150.18
1735402245, 128, 2, 39, 0, 0, 0.17%, 8, 0, 10, 140.97
1735402250, 128, 11, 39, 0, 0, 0.17%, 8, 0, 10, 138.43
1735402255, 128, 13, 39, 0, 0, 0.17%, 8, 0, 10, 139.63
1735402260, 128, 14, 39, 0, 0, 0.17%, 8, 0, 10, 139.72
1735402265, 128, 25, 39, 0, 0, 0.17%, 8, 0, 10, 153.46
1735402271, 128, 31, 39, 0, 0, 0.17%, 8, 0, 10, 140.85
1735402276, 128, 37, 39, 0, 0, 0.17%, 8, 0, 10, 138.53
1735402281, 129, 12, 39, 0, 0, 0.17%, 8, 0, 10, 130.41
1735402286, 129, 14, 39, 0, 0, 0.17%, 8, 0, 10, 133.91
1735402291, 129, 28, 39, 0, 0, 0.17%, 8, 0, 10, 161.24
1735402301, 130, 12, 39, 0, 0, 0.17%, 8, 0, 10, 139.84
1735402306, 130, 14, 39, 0, 0, 0.17%, 8, 0, 10, 139.90
1735402312, 130, 19, 39, 0, 0, 0.17%, 8, 0, 10, 144.47
1735402322, 131, 12, 39, 0, 0, 0.17%, 8, 0, 10, 134.07
1735402327, 131, 14, 39, 0, 0, 0.17%, 8, 0, 10, 139.31
1735402332, 131, 38, 39, 0, 0, 0.17%, 8, 0, 10, 136.73
1735402363, 132, 11, 39, 0, 0, 0.17%, 8, 0, 10, 139.15
1735402368, 132, 13, 39, 0, 0, 0.17%, 8, 0, 10, 133.42
1735402373, 132, 14, 39, 0, 0, 0.17%, 8, 0, 10, 130.34
1735402378, 133, 12, 39, 0, 0, 0.17%, 8, 0, 10, 127.24
1735402383, 133, 14, 39, 0, 0, 0.17%, 8, 0, 10, 134.21
1735402389, 133, 15, 39, 0, 0, 0.17%, 8, 0, 10, 136.54
1735402394, 133, 20, 39, 0, 0, 0.17%, 8, 0, 10, 140.04
1735402399, 134, 11, 39, 0, 0, 0.17%, 8, 0, 10, 133.22
1735402404, 134, 13, 39, 0, 0, 0.17%, 8, 0, 10, 128.26
1735402409, 134, 14, 39, 0, 0, 0.17%, 8, 0, 10, 131.52
1735402414, 134, 32, 39, 0, 0, 0.17%, 8, 0, 10, 134.10
1735402419, 135, 11, 39, 0, 0, 0.17%, 8, 0, 10, 131.97
1735402424, 135, 13, 39, 0, 0, 0.17%, 8, 0, 10, 135.77
1735402430, 135, 14, 39, 0, 0, 0.17%, 8, 0, 10, 131.84
1735402435, 136, 11, 39, 0, 0, 0.17%, 8, 0, 10, 133.69
1735402440, 136, 13, 39, 0, 0, 0.17%, 8, 0, 10, 127.38
1735402445, 136, 14, 39, 0, 0, 0.17%, 8, 0, 10, 135.00
1735402450, 137, 12, 39, 0, 0, 0.17%, 8, 0, 10, 140.31
1735402455, 137, 14, 39, 0, 0, 0.17%, 8, 0, 10, 140.01
1735402461, 137, 25, 39, 0, 0, 0.17%, 8, 0, 10, 150.78
1735402466, 138, 11, 39, 0, 0, 0.17%, 8, 0, 10, 132.86
1735402471, 138, 13, 39, 0, 0, 0.17%, 8, 0, 10, 136.55
1735402476, 138, 14, 39, 0, 0, 0.17%, 8, 0, 10, 136.29
1735402481, 138, 25, 39, 0, 0, 0.17%, 8, 0, 10, 145.52
1735402486, 139, 12, 39, 0, 0, 0.17%, 8, 0, 10, 136.35
1735402491, 139, 14, 39, 0, 0, 0.17%, 8, 0, 10, 130.84
1735402496, 139, 21, 39, 0, 0, 0.17%, 8, 0, 10, 147.34
1735402501, 140, 11, 39, 0, 0, 0.17%, 8, 0, 10, 140.93
1735402507, 140, 13, 39, 0, 0, 0.17%, 8, 0, 10, 136.36
1735402512, 140, 14, 39, 0, 0, 0.17%, 8, 0, 10, 147.17
1735402517, 140, 23, 39, 0, 0, 0.17%, 8, 0, 10, 151.42
1735402522, 141, 11, 39, 0, 0, 0.17%, 8, 0, 10, 144.38
1735402527, 141, 12, 39, 0, 0, 0.17%, 8, 0, 10, 131.36
1735402532, 141, 14, 39, 0, 0, 0.17%, 8, 0, 10, 125.61
1735402537, 141, 17, 39, 0, 0, 0.17%, 8, 0, 10, 129.66
1735402543, 142, 11, 39, 0, 0, 0.17%, 8, 0, 10, 138.62
1735402548, 142, 13, 39, 0, 0, 0.17%, 8, 0, 10, 138.45
1735402553, 142, 14, 39, 0, 0, 0.17%, 8, 0, 10, 141.22
1735402558, 143, 3, 39, 0, 0, 0.17%, 8, 0, 10, 139.77
1735402563, 143, 12, 39, 0, 0, 0.17%, 8, 0, 10, 134.17
1735402568, 143, 14, 39, 0, 0, 0.17%, 8, 0, 10, 134.29
1735402574, 143, 33, 39, 0, 0, 0.17%, 8, 0, 10, 138.66
1735402579, 144, 9, 39, 0, 0, 0.17%, 8, 0, 10, 139.68
1735402584, 144, 12, 39, 0, 0, 0.17%, 8, 0, 10, 132.22
1735402589, 144, 14, 39, 0, 0, 0.17%, 8, 0, 10, 134.48
1735402594, 144, 20, 39, 0, 0, 0.17%, 8, 0, 10, 145.30
1735402599, 144, 23, 39, 0, 0, 0.17%, 8, 0, 10, 146.32
1735402609, 144, 34, 39, 0, 0, 0.17%, 8, 0, 10, 135.87
1735402614, 145, 12, 39, 0, 0, 0.17%, 8, 0, 10, 136.79
1735402620, 145, 14, 39, 0, 0, 0.17%, 8, 0, 10, 138.63
1735402625, 146, 0, 39, 0, 0, 0.17%, 8, 0, 10, 139.51
1735402630, 146, 11, 39, 0, 0, 0.17%, 8, 0, 10, 139.91
1735402635, 146, 13, 39, 0, 0, 0.17%, 8, 0, 10, 134.53
1735402640, 146, 14, 39, 0, 0, 0.17%, 8, 0, 10, 130.55
1735402646, 147, 11, 39, 0, 0, 0.17%, 8, 0, 10, 138.77
1735402651, 147, 14, 39, 0, 0, 0.17%, 8, 0, 10, 139.83
1735402656, 148, 2, 39, 0, 0, 0.17%, 8, 0, 10, 134.44
1735402661, 148, 11, 39, 0, 0, 0.17%, 8, 0, 10, 135.31
1735402666, 148, 13, 39, 0, 0, 0.17%, 8, 0, 10, 134.31
1735402671, 148, 14, 39, 0, 0, 0.17%, 8, 0, 10, 132.00
1735402677, 148, 27, 39, 0, 0, 0.17%, 8, 0, 10, 142.10
1735402682, 149, 11, 39, 0, 0, 0.17%, 8, 0, 10, 139.87
1735402687, 149, 13, 39, 0, 0, 0.17%, 8, 0, 10, 130.60
1735402692, 149, 14, 39, 0, 0, 0.17%, 8, 0, 10, 136.59
1735402697, 150, 12, 39, 0, 0, 0.17%, 8, 0, 10, 136.69
1735402702, 150, 14, 39, 0, 0, 0.17%, 8, 0, 10, 129.06
1735402708, 151, 11, 39, 0, 0, 0.17%, 8, 0, 10, 128.92
1735402713, 151, 13, 39, 0, 0, 0.17%, 8, 0, 10, 131.48
1735402718, 151, 14, 39, 0, 0, 0.17%, 8, 0, 10, 127.04
1735402723, 151, 35, 39, 0, 0, 0.17%, 8, 0, 10, 138.75
1735402728, 152, 11, 39, 0, 0, 0.17%, 8, 0, 10, 138.14
1735402733, 152, 13, 39, 0, 0, 0.17%, 8, 0, 10, 131.75
1735402739, 152, 14, 39, 0, 0, 0.17%, 8, 0, 10, 141.51
1735402744, 153, 11, 39, 0, 0, 0.17%, 8, 0, 10, 140.44
1735402749, 153, 13, 39, 0, 0, 0.17%, 8, 0, 10, 132.29
1735402754, 153, 14, 39, 0, 0, 0.17%, 8, 0, 10, 135.63
1735402759, 153, 37, 39, 0, 0, 0.17%, 8, 0, 10, 145.47
1735402764, 154, 8, 39, 0, 0, 0.17%, 8, 0, 10, 138.03
1735402770, 154, 12, 39, 0, 0, 0.17%, 8, 0, 10, 137.15
1735402775, 154, 14, 39, 0, 0, 0.17%, 8, 0, 10, 135.49
1735402780, 154, 26, 39, 0, 0, 0.17%, 8, 0, 10, 144.15
1735402790, 155, 11, 39, 0, 0, 0.17%, 8, 0, 10, 133.94
1735402795, 155, 14, 39, 0, 0, 0.17%, 8, 0, 10, 134.37
1735402800, 155, 25, 39, 0, 0, 0.17%, 8, 0, 10, 144.03
1735402806, 156, 11, 39, 0, 0, 0.17%, 8, 0, 10, 142.64
1735402811, 156, 13, 39, 0, 0, 0.17%, 8, 0, 10, 135.94
1735402816, 156, 14, 39, 0, 0, 0.17%, 8, 0, 10, 132.20
1735402821, 157, 11, 39, 0, 0, 0.17%, 8, 0, 10, 135.77
1735402826, 157, 13, 39, 0, 0, 0.17%, 8, 0, 10, 131.62
1735402831, 157, 14, 39, 0, 0, 0.17%, 8, 0, 10, 137.26
1735402836, 158, 11, 39, 0, 0, 0.17%, 8, 0, 10, 138.06
1735402841, 158, 13, 39, 0, 0, 0.17%, 8, 0, 10, 136.04
1735402847, 158, 14, 39, 0, 0, 0.17%, 8, 0, 10, 136.03
1735402852, 158, 36, 39, 0, 0, 0.17%, 8, 0, 10, 139.90
1735402857, 159, 12, 39, 0, 0, 0.17%, 8, 0, 10, 134.35
1735402862, 159, 14, 39, 0, 0, 0.17%, 8, 0, 10, 133.52
1735402867, 159, 15, 39, 0, 0, 0.17%, 8, 0, 10, 131.30
1735402872, 159, 28, 39, 0, 0, 0.17%, 8, 0, 10, 153.77
1735402883, 159, 35, 39, 0, 0, 0.17%, 8, 0, 10, 144.34
1735402888, 160, 12, 39, 0, 0, 0.17%, 8, 0, 10, 137.38
1735402893, 160, 14, 39, 0, 0, 0.17%, 8, 0, 10, 134.02
1735402898, 160, 25, 39, 0, 0, 0.17%, 8, 0, 10, 151.78
1735402903, 160, 35, 39, 0, 0, 0.17%, 8, 0, 10, 145.17
1735402908, 161, 11, 39, 0, 0, 0.17%, 8, 0, 10, 140.39
1735402913, 161, 14, 39, 0, 0, 0.17%, 8, 0, 10, 135.08
1735402924, 161, 26, 39, 0, 0, 0.17%, 8, 0, 10, 142.04
1735402929, 162, 11, 39, 0, 0, 0.17%, 8, 0, 10, 136.04
1735402934, 162, 13, 39, 0, 0, 0.17%, 8, 0, 10, 139.53
1735402939, 162, 15, 39, 0, 0, 0.17%, 8, 0, 10, 141.46
1735402944, 162, 31, 39, 0, 0, 0.17%, 8, 0, 10, 142.48
1735402950, 163, 3, 39, 0, 0, 0.17%, 8, 0, 10, 130.95
1735402955, 163, 11, 39, 0, 0, 0.17%, 8, 0, 10, 131.66
1735402960, 163, 13, 39, 0, 0, 0.17%, 8, 0, 10, 137.89
1735402965, 163, 14, 39, 0, 0, 0.17%, 8, 0, 10, 144.77
1735402970, 163, 15, 39, 0, 0, 0.17%, 8, 0, 10, 135.60
1735402975, 164, 11, 39, 0, 0, 0.17%, 8, 0, 10, 134.94
1735402981, 164, 13, 39, 0, 0, 0.17%, 8, 0, 10, 138.89
1735402986, 164, 14, 39, 0, 0, 0.17%, 8, 0, 10, 143.83
1735402991, 164, 35, 39, 0, 0, 0.17%, 8, 0, 10, 138.57
1735402996, 165, 12, 39, 0, 0, 0.17%, 8, 0, 10, 135.35
1735403001, 165, 14, 39, 0, 0, 0.17%, 8, 0, 10, 134.95
1735403006, 165, 19, 39, 0, 0, 0.17%, 8, 0, 10, 135.93
1735403017, 166, 12, 39, 0, 0, 0.17%, 8, 0, 10, 139.89
1735403022, 166, 14, 39, 0, 0, 0.17%, 8, 0, 10, 141.03
1735403027, 166, 23, 39, 0, 0, 0.17%, 8, 0, 10, 138.09
1735403037, 166, 33, 39, 0, 0, 0.17%, 8, 0, 10, 142.82
1735403042, 167, 12, 39, 0, 0, 0.17%, 8, 0, 10, 137.39
1735403047, 167, 14, 39, 0, 0, 0.17%, 8, 0, 10, 136.74
1735403052, 168, 2, 39, 0, 0, 0.17%, 8, 0, 10, 136.83
1735403057, 168, 12, 39, 0, 0, 0.17%, 8, 0, 10, 135.71
1735403062, 168, 14, 39, 0, 0, 0.17%, 8, 0, 10, 135.82
1735403068, 169, 11, 39, 0, 0, 0.17%, 8, 0, 10, 134.05
1735403073, 169, 13, 39, 0, 0, 0.17%, 8, 0, 10, 139.07
1735403078, 169, 14, 39, 0, 0, 0.17%, 8, 0, 10, 137.99
1735403083, 169, 28, 39, 0, 0, 0.17%, 8, 0, 10, 148.94
1735403088, 169, 37, 39, 0, 0, 0.17%, 8, 0, 10, 149.66
1735403093, 170, 11, 39, 0, 0, 0.17%, 8, 0, 10, 126.85
1735403098, 170, 13, 39, 0, 0, 0.17%, 8, 0, 10, 130.96
1735403103, 170, 14, 39, 0, 0, 0.17%, 8, 0, 10, 134.36
1735403109, 170, 26, 39, 0, 0, 0.17%, 8, 0, 10, 145.23
1735403114, 170, 35, 39, 0, 0, 0.17%, 8, 0, 10, 143.09
1735403119, 171, 4, 39, 0, 0, 0.17%, 8, 0, 10, 133.94
1735403124, 171, 11, 39, 0, 0, 0.17%, 8, 0, 10, 137.39
1735403129, 171, 13, 39, 0, 0, 0.17%, 8, 0, 10, 136.51
1735403134, 171, 14, 39, 0, 0, 0.17%, 8, 0, 10, 144.68
1735403139, 171, 17, 39, 0, 0, 0.17%, 8, 0, 10, 142.57
1735403145, 171, 19, 39, 0, 0, 0.17%, 8, 0, 10, 140.19
1735403150, 172, 11, 39, 0, 0, 0.17%, 8, 0, 10, 139.50
1735403155, 172, 13, 39, 0, 0, 0.17%, 8, 0, 10, 137.00
1735403160, 172, 14, 39, 0, 0, 0.17%, 8, 0, 10, 140.16
1735403165, 172, 22, 39, 0, 0, 0.17%, 8, 0, 10, 137.83
1735403171, 172, 30, 39, 0, 0, 0.17%, 8, 0, 10, 145.60
1735403181, 172, 35, 39, 0, 0, 0.17%, 8, 0, 10, 144.02
1735403186, 173, 12, 39, 0, 0, 0.17%, 8, 0, 10, 138.03
1735403191, 173, 14, 39, 0, 0, 0.17%, 8, 0, 10, 134.27
1735403196, 174, 1, 39, 0, 0, 0.17%, 8, 0, 10, 141.07
1735403201, 174, 12, 39, 0, 0, 0.17%, 8, 0, 10, 135.11
1735403206, 174, 13, 39, 0, 0, 0.17%, 8, 0, 10, 138.15
1735403212, 174, 14, 39, 0, 0, 0.17%, 8, 0, 10, 134.27
1735403217, 174, 17, 39, 0, 0, 0.17%, 8, 0, 10, 136.73
1735403222, 175, 12, 39, 0, 0, 0.17%, 8, 0, 10, 137.64
1735403227, 175, 14, 39, 0, 0, 0.17%, 8, 0, 10, 132.97
1735403232, 175, 16, 39, 0, 0, 0.17%, 8, 0, 10, 131.67
1735403237, 175, 17, 39, 0, 0, 0.17%, 8, 0, 10, 134.94
1735403243, 175, 33, 39, 0, 0, 0.17%, 8, 0, 10, 148.46
1735403248, 176, 11, 39, 0, 0, 0.17%, 8, 0, 10, 137.49
1735403253, 176, 13, 39, 0, 0, 0.17%, 8, 0, 10, 145.67
1735403258, 176, 14, 39, 0, 0, 0.17%, 8, 0, 10, 136.31
1735403263, 176, 37, 39, 0, 0, 0.17%, 8, 0, 10, 133.17
1735403268, 177, 12, 39, 0, 0, 0.17%, 8, 0, 10, 136.56
1735403273, 177, 14, 39, 0, 0, 0.17%, 8, 0, 10, 137.57
1735403279, 177, 17, 39, 0, 0, 0.17%, 8, 0, 10, 139.92
1735403284, 177, 32, 39, 0, 0, 0.17%, 8, 0, 10, 139.03
1735403289, 177, 33, 39, 0, 0, 0.17%, 8, 0, 10, 143.87
1735403294, 177, 38, 39, 0, 0, 0.17%, 8, 0, 10, 152.11
1735403325, 178, 11, 39, 0, 0, 0.17%, 8, 0, 10, 131.05
1735403330, 178, 13, 39, 0, 0, 0.17%, 8, 0, 10, 128.72
1735403335, 178, 14, 39, 0, 0, 0.17%, 8, 0, 10, 137.49
1735403340, 179, 12, 39, 0, 0, 0.17%, 8, 0, 10, 138.73
1735403345, 179, 14, 39, 0, 0, 0.17%, 8, 0, 10, 135.77
1735403350, 179, 34, 39, 0, 0, 0.17%, 8, 0, 10, 141.89
1735403356, 180, 11, 39, 0, 0, 0.17%, 8, 0, 10, 138.42
1735403361, 180, 13, 39, 0, 0, 0.17%, 8, 0, 10, 133.56
1735403366, 180, 14, 39, 0, 0, 0.17%, 8, 0, 10, 134.44
1735403371, 181, 12, 39, 0, 0, 0.17%, 8, 0, 10, 138.45
1735403376, 181, 14, 39, 0, 0, 0.17%, 8, 0, 10, 131.90
1735403381, 181, 27, 39, 0, 0, 0.17%, 8, 0, 10, 137.10
1735403392, 181, 36, 39, 0, 0, 0.17%, 8, 0, 10, 145.49
1735403397, 182, 11, 39, 0, 0, 0.17%, 8, 0, 10, 143.36
1735403402, 182, 13, 39, 0, 0, 0.17%, 8, 0, 10, 133.03
1735403407, 182, 14, 39, 0, 0, 0.17%, 8, 0, 10, 136.30
1735403412, 182, 24, 39, 0, 0, 0.17%, 8, 0, 10, 145.16
1735403417, 183, 11, 39, 0, 0, 0.17%, 8, 0, 10, 140.08
1735403422, 183, 13, 39, 0, 0, 0.17%, 8, 0, 10, 139.99
1735403428, 183, 14, 39, 0, 0, 0.17%, 8, 0, 10, 132.61
1735403433, 183, 23, 39, 0, 0, 0.17%, 8, 0, 10, 144.56
1735403438, 184, 11, 39, 0, 0, 0.17%, 8, 0, 10, 138.42
1735403443, 184, 13, 39, 0, 0, 0.17%, 8, 0, 10, 135.80
1735403448, 184, 14, 39, 0, 0, 0.17%, 8, 0, 10, 143.71
1735403453, 185, 12, 39, 0, 0, 0.17%, 8, 0, 10, 136.87
1735403458, 185, 14, 39, 0, 0, 0.17%, 8, 0, 10, 134.68
1735403463, 186, 11, 39, 0, 0, 0.17%, 8, 0, 10, 135.41
1735403469, 186, 13, 39, 0, 0, 0.17%, 8, 0, 10, 133.50
1735403474, 186, 14, 39, 0, 0, 0.17%, 8, 0, 10, 136.80
1735403479, 186, 17, 39, 0, 0, 0.17%, 8, 0, 10, 134.41
1735403484, 186, 34, 39, 0, 0, 0.17%, 8, 0, 10, 150.54
1735403489, 187, 12, 39, 0, 0, 0.17%, 8, 0, 10, 143.71
1735403495, 187, 14, 39, 0, 0, 0.17%, 8, 0, 10, 136.46
1735403500, 188, 11, 39, 0, 0, 0.17%, 8, 0, 10, 137.43
1735403505, 188, 12, 39, 0, 0, 0.17%, 8, 0, 10, 132.03
1735403510, 188, 14, 39, 0, 0, 0.17%, 8, 0, 10, 132.36
1735403515, 188, 21, 39, 0, 0, 0.17%, 8, 0, 10, 142.35
1735403520, 188, 35, 39, 0, 0, 0.17%, 8, 0, 10, 150.67
1735403525, 189, 4, 39, 0, 0, 0.17%, 8, 0, 10, 134.10
1735403530, 189, 12, 39, 0, 0, 0.17%, 8, 0, 10, 134.50
1735403536, 189, 14, 39, 0, 0, 0.17%, 8, 0, 10, 138.53
1735403541, 189, 23, 39, 0, 0, 0.17%, 8, 0, 10, 146.24
1735403551, 190, 7, 39, 0, 0, 0.17%, 8, 0, 10, 139.79
1735403556, 190, 13, 39, 0, 0, 0.17%, 8, 0, 10, 131.51
1735403562, 190, 14, 39, 0, 0, 0.17%, 8, 0, 10, 130.74
1735403567, 191, 11, 39, 0, 0, 0.17%, 8, 0, 10, 132.48
1735403572, 191, 13, 39, 0, 0, 0.17%, 8, 0, 10, 132.62
1735403577, 191, 14, 39, 0, 0, 0.17%, 8, 0, 10, 131.27
1735403582, 192, 12, 39, 0, 0, 0.17%, 8, 0, 10, 131.78
1735403587, 192, 14, 39, 0, 0, 0.17%, 8, 0, 10, 131.91
1735403593, 192, 15, 39, 0, 0, 0.17%, 8, 0, 10, 134.79
1735403598, 192, 36, 39, 0, 0, 0.17%, 8, 0, 10, 144.41
1735403603, 193, 1, 39, 0, 0, 0.17%, 8, 0, 10, 138.43
1735403608, 193, 12, 39, 0, 0, 0.17%, 8, 0, 10, 134.47
1735403613, 193, 14, 39, 0, 0, 0.17%, 8, 0, 10, 132.53
1735403618, 193, 24, 39, 0, 0, 0.17%, 8, 0, 10, 149.79
1735403624, 194, 8, 39, 0, 0, 0.17%, 8, 0, 10, 135.30
1735403629, 194, 13, 39, 0, 0, 0.17%, 8, 0, 10, 129.59
1735403634, 194, 14, 39, 0, 0, 0.17%, 8, 0, 10, 128.80
1735403639, 195, 11, 39, 0, 0, 0.17%, 8, 0, 10, 137.03
1735403644, 195, 14, 39, 0, 0, 0.17%, 8, 0, 10, 137.30
1735403649, 195, 18, 39, 0, 0, 0.17%, 8, 0, 10, 134.65
1735403654, 196, 11, 39, 0, 0, 0.17%, 8, 0, 10, 133.15
1735403660, 196, 13, 39, 0, 0, 0.17%, 8, 0, 10, 133.57
1735403665, 196, 14, 39, 0, 0, 0.17%, 8, 0, 10, 140.51
1735403670, 196, 31, 39, 0, 0, 0.17%, 8, 0, 10, 143.88
1735403675, 196, 35, 39, 0, 0, 0.17%, 8, 0, 10, 141.72
1735403680, 196, 37, 39, 0, 0, 0.17%, 8, 0, 10, 145.36
1735403685, 197, 12, 39, 0, 0, 0.17%, 8, 0, 10, 136.12
1735403691, 197, 14, 39, 0, 0, 0.17%, 8, 0, 10, 129.40
1735403696, 197, 26, 39, 0, 0, 0.17%, 8, 0, 10, 149.44
1735403706, 198, 11, 39, 0, 0, 0.17%, 8, 0, 10, 133.27
1735403711, 198, 13, 39, 0, 0, 0.17%, 8, 0, 10, 129.80
1735403716, 198, 14, 39, 0, 0, 0.17%, 8, 0, 10, 130.53
1735403722, 199, 12, 39, 0, 0, 0.17%, 8, 0, 10, 134.03
1735403727, 199, 14, 39, 0, 0, 0.17%, 8, 0, 10, 133.86
1735403732, 200, 0, 39, 0, 0, 0.17%, 8, 0, 10, 135.46
1735403737, 200, 13, 39, 0, 0, 0.17%, 8, 0, 10, 136.11
1735403742, 200, 14, 39, 0, 0, 0.17%, 8, 0, 10, 133.92
1735403747, 201, 12, 39, 0, 0, 0.17%, 8, 0, 10, 135.82
1735403752, 201, 14, 39, 0, 0, 0.17%, 8, 0, 10, 141.80
1735403758, 202, 3, 39, 0, 0, 0.17%, 8, 0, 10, 134.01
1735403763, 202, 12, 39, 0, 0, 0.17%, 8, 0, 10, 137.64
1735403768, 202, 14, 39, 0, 0, 0.17%, 8, 0, 10, 127.46
1735403773, 203, 11, 39, 0, 0, 0.17%, 8, 0, 10, 132.86
1735403778, 203, 13, 39, 0, 0, 0.17%, 8, 0, 10, 135.46
1735403783, 203, 14, 39, 0, 0, 0.17%, 8, 0, 10, 135.60
1735403788, 203, 34, 39, 0, 0, 0.17%, 8, 0, 10, 148.24
1735403793, 204, 12, 39, 0, 0, 0.17%, 8, 0, 10, 136.40
1735403799, 204, 14, 39, 0, 0, 0.17%, 8, 0, 10, 135.78
1735403804, 204, 28, 39, 0, 0, 0.17%, 8, 0, 10, 149.37
1735403814, 204, 34, 39, 0, 0, 0.17%, 8, 0, 10, 140.75
1735403819, 205, 12, 39, 0, 0, 0.17%, 8, 0, 10, 133.38
1735403824, 205, 14, 39, 0, 0, 0.17%, 8, 0, 10, 127.46
1735403829, 206, 3, 39, 0, 0, 0.17%, 8, 0, 10, 134.68
1735403834, 206, 12, 39, 0, 0, 0.17%, 8, 0, 10, 131.41
1735403840, 206, 14, 39, 0, 0, 0.17%, 8, 0, 10, 132.83
1735403845, 206, 33, 39, 0, 0, 0.17%, 8, 0, 10, 149.57
1735403850, 207, 11, 39, 0, 0, 0.17%, 8, 0, 10, 140.92
1735403855, 207, 13, 39, 0, 0, 0.17%, 8, 0, 10, 135.18
1735403860, 207, 14, 39, 0, 0, 0.17%, 8, 0, 10, 134.43
1735403865, 207, 18, 39, 0, 0, 0.17%, 8, 0, 10, 134.18
1735403871, 208, 12, 39, 0, 0, 0.17%, 8, 0, 10, 136.67
1735403876, 208, 14, 39, 0, 0, 0.17%, 8, 0, 10, 131.42
1735403881, 208, 26, 39, 0, 0, 0.17%, 8, 0, 10, 148.73
1735403891, 208, 29, 39, 0, 0, 0.17%, 8, 0, 10, 156.65
1735403896, 208, 33, 39, 0, 0, 0.17%, 8, 0, 10, 150.25
1735403901, 208, 34, 39, 0, 0, 0.17%, 8, 0, 10, 143.10
1735403906, 208, 38, 39, 0, 0, 0.17%, 8, 0, 10, 156.78
1735403937, 209, 12, 39, 0, 0, 0.17%, 8, 0, 10, 139.95
1735403942, 209, 14, 39, 0, 0, 0.17%, 8, 0, 10, 136.55
1735403947, 210, 8, 39, 0, 0, 0.17%, 8, 0, 10, 137.39
1735403952, 210, 12, 39, 0, 0, 0.17%, 8, 0, 10, 127.79
1735403958, 210, 14, 39, 0, 0, 0.17%, 8, 0, 10, 126.96
1735403963, 210, 32, 39, 0, 0, 0.17%, 8, 0, 10, 146.55
1735403968, 211, 11, 39, 0, 0, 0.17%, 8, 0, 10, 134.38
1735403973, 211, 13, 39, 0, 0, 0.17%, 8, 0, 10, 135.37
1735403978, 211, 14, 39, 0, 0, 0.17%, 8, 0, 10, 135.09
1735403983, 211, 23, 39, 0, 0, 0.17%, 8, 0, 10, 144.21
1735403989, 212, 11, 39, 0, 0, 0.17%, 8, 0, 10, 136.36
1735403994, 212, 13, 39, 0, 0, 0.17%, 8, 0, 10, 135.36
1735403999, 212, 14, 39, 0, 0, 0.17%, 8, 0, 10, 130.98
1735404004, 212, 29, 39, 0, 0, 0.17%, 8, 0, 10, 147.46
1735404009, 213, 11, 39, 0, 0, 0.17%, 8, 0, 10, 130.17
1735404014, 213, 13, 39, 0, 0, 0.17%, 8, 0, 10, 133.94
1735404019, 213, 14, 39, 0, 0, 0.17%, 8, 0, 10, 136.78
1735404025, 213, 21, 39, 0, 0, 0.17%, 8, 0, 10, 140.18
1735404030, 213, 29, 39, 0, 0, 0.17%, 8, 0, 10, 148.27
1735404035, 214, 11, 39, 0, 0, 0.17%, 8, 0, 10, 141.93
1735404040, 214, 13, 39, 0, 0, 0.17%, 8, 0, 10, 135.88
1735404045, 214, 14, 39, 0, 0, 0.17%, 8, 0, 10, 149.53
1735404051, 214, 16, 39, 0, 0, 0.17%, 8, 0, 10, 136.38
1735404056, 214, 31, 39, 0, 0, 0.17%, 8, 0, 10, 142.67
1735404061, 215, 12, 39, 0, 0, 0.17%, 8, 0, 10, 129.52
1735404066, 215, 14, 39, 0, 0, 0.17%, 8, 0, 10, 126.87
1735404071, 215, 20, 39, 0, 0, 0.17%, 8, 0, 10, 142.01
1735404076, 215, 30, 39, 0, 0, 0.17%, 8, 0, 10, 147.77
1735404086, 216, 12, 39, 0, 0, 0.17%, 8, 0, 10, 132.32
1735404091, 216, 14, 39, 0, 0, 0.17%, 8, 0, 10, 131.57
1735404097, 217, 11, 39, 0, 0, 0.17%, 8, 0, 10, 139.81
1735404102, 217, 13, 39, 0, 0, 0.17%, 8, 0, 10, 140.33
1735404107, 217, 14, 39, 0, 0, 0.17%, 8, 0, 10, 133.04
1735404112, 217, 34, 39, 0, 0, 0.17%, 8, 0, 10, 142.80
1735404117, 218, 12, 39, 0, 0, 0.17%, 8, 0, 10, 136.86
1735404122, 218, 14, 39, 0, 0, 0.17%, 8, 0, 10, 137.77
1735404127, 218, 37, 39, 0, 0, 0.17%, 8, 0, 10, 143.08
1735404133, 219, 11, 39, 0, 0, 0.17%, 8, 0, 10, 143.25
1735404138, 219, 13, 39, 0, 0, 0.17%, 8, 0, 10, 141.85
1735404143, 219, 14, 39, 0, 0, 0.17%, 8, 0, 10, 131.38
1735404148, 219, 26, 39, 0, 0, 0.17%, 8, 0, 10, 145.83
1735404153, 219, 27, 39, 0, 0, 0.17%, 8, 0, 10, 148.55
1735404164, 219, 36, 39, 0, 0, 0.17%, 8, 0, 10, 142.58
1735404169, 220, 13, 39, 0, 0, 0.17%, 8, 0, 10, 135.91
1735404174, 220, 14, 39, 0, 0, 0.17%, 8, 0, 10, 133.54
1735404179, 220, 17, 39, 0, 0, 0.17%, 8, 0, 10, 134.21
1735404184, 220, 35, 39, 0, 0, 0.17%, 8, 0, 10, 146.76
1735404189, 221, 11, 39, 0, 0, 0.17%, 8, 0, 10, 131.78
1735404194, 221, 14, 39, 0, 0, 0.17%, 8, 0, 10, 137.77
1735404199, 221, 15, 39, 0, 0, 0.17%, 8, 0, 10, 148.36
1735404210, 221, 27, 39, 0, 0, 0.17%, 8, 0, 10, 152.99
1735404215, 222, 11, 39, 0, 0, 0.17%, 8, 0, 10, 137.67
1735404220, 222, 13, 39, 0, 0, 0.17%, 8, 0, 10, 130.28
1735404225, 222, 14, 39, 0, 0, 0.17%, 8, 0, 10, 129.90
1735404230, 223, 12, 39, 0, 0, 0.17%, 8, 0, 10, 134.63
1735404236, 223, 14, 39, 0, 0, 0.17%, 8, 0, 10, 133.32
1735404241, 224, 11, 39, 0, 0, 0.17%, 8, 0, 10, 138.60
1735404246, 224, 13, 39, 0, 0, 0.17%, 8, 0, 10, 133.21
1735404251, 224, 14, 39, 0, 0, 0.17%, 8, 0, 10, 128.87
1735404256, 224, 37, 39, 0, 0, 0.17%, 8, 0, 10, 145.23
1735404261, 225, 11, 39, 0, 0, 0.17%, 8, 0, 10, 139.52
1735404267, 225, 13, 39, 0, 0, 0.17%, 8, 0, 10, 133.36
1735404272, 225, 14, 39, 0, 0, 0.17%, 8, 0, 10, 135.15
1735404277, 225, 27, 39, 0, 0, 0.17%, 8, 0, 10, 145.58
1735404282, 225, 35, 39, 0, 0, 0.17%, 8, 0, 10, 151.42
1735404287, 226, 12, 39, 0, 0, 0.17%, 8, 0, 10, 137.20
1735404292, 226, 14, 39, 0, 0, 0.17%, 8, 0, 10, 133.21
1735404297, 226, 15, 39, 0, 0, 0.17%, 8, 0, 10, 138.69
1735404302, 227, 11, 39, 0, 0, 0.17%, 8, 0, 10, 144.37
1735404308, 227, 13, 39, 0, 0, 0.17%, 8, 0, 10, 131.65
1735404313, 227, 14, 39, 0, 0, 0.17%, 8, 0, 10, 130.65
1735404318, 227, 23, 39, 0, 0, 0.17%, 8, 0, 10, 147.72
1735404328, 227, 28, 39, 0, 0, 0.17%, 8, 0, 10, 144.37
1735404333, 228, 12, 39, 0, 0, 0.17%, 8, 0, 10, 132.79
1735404338, 228, 14, 39, 0, 0, 0.17%, 8, 0, 10, 138.26
1735404343, 228, 21, 39, 0, 0, 0.17%, 8, 0, 10, 145.16
1735404349, 228, 31, 39, 0, 0, 0.17%, 8, 0, 10, 132.73
1735404354, 228, 34, 39, 0, 0, 0.17%, 8, 0, 10, 140.09
1735404359, 229, 4, 39, 0, 0, 0.17%, 8, 0, 10, 131.63
1735404364, 229, 12, 39, 0, 0, 0.17%, 8, 0, 10, 135.04
1735404369, 229, 14, 39, 0, 0, 0.17%, 8, 0, 10, 129.97
1735404374, 229, 22, 39, 0, 0, 0.17%, 8, 0, 10, 137.45
1735404385, 230, 12, 39, 0, 0, 0.17%, 8, 0, 10, 142.73
1735404390, 230, 14, 39, 0, 0, 0.17%, 8, 0, 10, 130.59
1735404395, 230, 23, 39, 0, 0, 0.17%, 8, 0, 10, 137.62
1735404405, 231, 12, 39, 0, 0, 0.17%, 8, 0, 10, 135.39
1735404411, 231, 14, 39, 0, 0, 0.17%, 8, 0, 10, 132.81
1735404416, 231, 17, 39, 0, 0, 0.17%, 8, 0, 10, 142.99
1735404421, 231, 20, 39, 0, 0, 0.17%, 8, 0, 10, 139.45
1735404431, 232, 12, 39, 0, 0, 0.17%, 8, 0, 10, 132.04
1735404436, 232, 14, 39, 0, 0, 0.17%, 8, 0, 10, 133.02
1735404442, 232, 23, 39, 0, 0, 0.17%, 8, 0, 10, 144.75
1735404452, 233, 12, 39, 0, 0, 0.17%, 8, 0, 10, 136.88
1735404457, 233, 14, 39, 0, 0, 0.17%, 8, 0, 10, 131.31
1735404462, 233, 19, 39, 0, 0, 0.17%, 8, 0, 10, 138.36
1735404472, 234, 11, 39, 0, 0, 0.17%, 8, 0, 10, 136.27
1735404477, 234, 13, 39, 0, 0, 0.17%, 8, 0, 10, 133.34
1735404482, 234, 14, 39, 0, 0, 0.17%, 8, 0, 10, 136.48
1735404487, 234, 15, 39, 0, 0, 0.17%, 8, 0, 10, 138.00
1735404493, 235, 12, 39, 0, 0, 0.17%, 8, 0, 10, 134.47
1735404498, 235, 14, 39, 0, 0, 0.17%, 8, 0, 10, 135.59
1735404503, 235, 28, 39, 0, 0, 0.17%, 8, 0, 10, 158.33
1735404513, 236, 12, 39, 0, 0, 0.17%, 8, 0, 10, 137.05
1735404518, 236, 14, 39, 0, 0, 0.17%, 8, 0, 10, 136.53
1735404523, 236, 18, 39, 0, 0, 0.17%, 8, 0, 10, 138.62
1735404528, 237, 11, 39, 0, 0, 0.17%, 8, 0, 10, 141.15
1735404534, 237, 12, 39, 0, 0, 0.17%, 8, 0, 10, 133.70
1735404539, 237, 14, 39, 0, 0, 0.17%, 8, 0, 10, 133.00
1735404544, 237, 31, 39, 0, 0, 0.17%, 8, 0, 10, 136.03
1735404549, 237, 33, 39, 0, 0, 0.17%, 8, 0, 10, 142.50
1735404554, 238, 11, 39, 0, 0, 0.17%, 8, 0, 10, 136.96
1735404559, 238, 13, 39, 0, 0, 0.17%, 8, 0, 10, 134.44
1735404565, 238, 14, 39, 0, 0, 0.17%, 8, 0, 10, 136.24
1735404570, 238, 24, 39, 0, 0, 0.17%, 8, 0, 10, 145.08
1735404575, 238, 27, 39, 0, 0, 0.17%, 8, 0, 10, 147.83
1735404580, 239, 1, 39, 0, 0, 0.17%, 8, 0, 10, 132.70
1735404585, 239, 11, 39, 0, 0, 0.17%, 8, 0, 10, 133.90
1735404590, 239, 13, 39, 0, 0, 0.17%, 8, 0, 10, 130.12
1735404595, 239, 14, 39, 0, 0, 0.17%, 8, 0, 10, 136.00
1735404601, 239, 25, 39, 0, 0, 0.17%, 8, 0, 10, 146.90
1735404606, 239, 28, 39, 0, 0, 0.17%, 8, 0, 10, 145.86
1735404611, 239, 34, 39, 0, 0, 0.17%, 8, 0, 10, 150.02
1735404616, 240, 11, 39, 0, 0, 0.17%, 8, 0, 10, 134.48
1735404621, 240, 13, 39, 0, 0, 0.17%, 8, 0, 10, 132.20
1735404626, 240, 14, 39, 0, 0, 0.17%, 8, 0, 10, 129.66
1735404631, 241, 10, 39, 0, 0, 0.17%, 8, 0, 10, 141.06
1735404637, 241, 12, 39, 0, 0, 0.17%, 8, 0, 10, 137.49
1735404642, 241, 14, 39, 0, 0, 0.17%, 8, 0, 10, 135.58
1735404647, 241, 37, 39, 0, 0, 0.17%, 8, 0, 10, 143.78
1735404657, 241, 38, 39, 0, 0, 0.17%, 8, 0, 10, 165.49
1735404682, 242, 11, 39, 0, 0, 0.17%, 8, 0, 10, 131.04
1735404688, 242, 13, 39, 0, 0, 0.17%, 8, 0, 10, 133.58
1735404693, 242, 14, 39, 0, 0, 0.17%, 8, 0, 10, 135.67
1735404698, 242, 29, 39, 0, 0, 0.17%, 8, 0, 10, 154.51
1735404703, 242, 36, 39, 0, 0, 0.17%, 8, 0, 10, 145.77
1735404708, 243, 0, 39, 0, 0, 0.17%, 8, 0, 10, 132.27
1735404713, 243, 11, 39, 0, 0, 0.17%, 8, 0, 10, 135.00
1735404718, 243, 13, 39, 0, 0, 0.17%, 8, 0, 10, 135.61
1735404723, 243, 14, 39, 0, 0, 0.17%, 8, 0, 10, 130.86
1735404729, 243, 26, 39, 0, 0, 0.17%, 8, 0, 10, 146.57
1735404734, 244, 1, 39, 0, 0, 0.17%, 8, 0, 10, 135.68
1735404739, 244, 12, 39, 0, 0, 0.17%, 8, 0, 10, 130.89
1735404744, 244, 14, 39, 0, 0, 0.17%, 8, 0, 10, 128.92
1735404754, 244, 32, 39, 0, 0, 0.17%, 8, 0, 10, 142.24
1735404760, 245, 12, 39, 0, 0, 0.17%, 8, 0, 10, 142.42
1735404765, 245, 14, 39, 0, 0, 0.17%, 8, 0, 10, 133.97
1735404770, 245, 28, 39, 0, 0, 0.17%, 8, 0, 10, 151.77
1735404780, 246, 12, 39, 0, 0, 0.17%, 8, 0, 10, 137.06
1735404785, 246, 14, 39, 0, 0, 0.17%, 8, 0, 10, 132.00
1735404790, 246, 24, 39, 0, 0, 0.17%, 8, 0, 10, 149.15
1735404795, 247, 11, 39, 0, 0, 0.17%, 8, 0, 10, 130.92
1735404801, 247, 13, 39, 0, 0, 0.17%, 8, 0, 10, 139.94
1735404806, 247, 14, 39, 0, 0, 0.17%, 8, 0, 10, 134.54
1735404811, 247, 21, 39, 0, 0, 0.17%, 8, 0, 10, 145.09
1735404816, 248, 12, 39, 0, 0, 0.17%, 8, 0, 10, 134.89
1735404821, 248, 14, 39, 0, 0, 0.17%, 8, 0, 10, 136.53
1735404826, 248, 36, 39, 0, 0, 0.17%, 8, 0, 10, 139.62
1735404832, 249, 12, 39, 0, 0, 0.17%, 8, 0, 10, 132.41
1735404837, 249, 13, 39, 0, 0, 0.17%, 8, 0, 10, 129.23
1735404842, 249, 14, 39, 0, 0, 0.17%, 8, 0, 10, 132.92
1735404847, 249, 24, 39, 0, 0, 0.17%, 8, 0, 10, 132.63
1735404852, 249, 36, 39, 0, 0, 0.17%, 8, 0, 10, 143.77
1735404857, 249, 37, 39, 0, 0, 0.17%, 8, 0, 10, 140.38
1735404863, 250, 11, 39, 0, 0, 0.17%, 8, 0, 10, 147.65
1735404868, 250, 13, 39, 0, 0, 0.17%, 8, 0, 10, 138.88
1735404873, 250, 14, 39, 0, 0, 0.17%, 8, 0, 10, 130.11
1735404878, 250, 32, 39, 0, 0, 0.17%, 8, 0, 10, 140.90
1735404883, 251, 10, 39, 0, 0, 0.17%, 8, 0, 10, 143.03
1735404888, 251, 12, 39, 0, 0, 0.17%, 8, 0, 10, 135.60
1735404894, 251, 14, 39, 0, 0, 0.17%, 8, 0, 10, 135.23
1735404899, 251, 18, 39, 0, 0, 0.17%, 8, 0, 10, 141.58
1735404904, 252, 3, 39, 0, 0, 0.17%, 8, 0, 10, 138.82
1735404909, 252, 13, 39, 0, 0, 0.17%, 8, 0, 10, 138.52
1735404914, 252, 14, 39, 0, 0, 0.17%, 8, 0, 10, 131.74
1735404919, 252, 17, 39, 0, 0, 0.17%, 8, 0, 10, 137.33
1735404924, 252, 19, 39, 0, 0, 0.17%, 8, 0, 10, 137.95
1735404935, 253, 12, 39, 0, 0, 0.17%, 8, 0, 10, 134.13
1735404940, 253, 14, 39, 0, 0, 0.17%, 8, 0, 10, 133.23
1735404945, 254, 11, 39, 0, 0, 0.17%, 8, 0, 10, 131.49
1735404950, 254, 13, 39, 0, 0, 0.17%, 8, 0, 10, 135.41
1735404955, 254, 14, 39, 0, 0, 0.17%, 8, 0, 10, 145.12
1735404960, 254, 30, 39, 0, 0, 0.17%, 8, 0, 10, 142.38
1735404966, 255, 11, 39, 0, 0, 0.17%, 8, 0, 10, 145.74
1735404971, 255, 13, 39, 0, 0, 0.17%, 8, 0, 10, 137.18
1735404976, 255, 14, 39, 0, 0, 0.17%, 8, 0, 10, 132.72
1735404981, 255, 35, 39, 0, 0, 0.17%, 8, 0, 10, 138.32
1735404986, 256, 11, 39, 0, 0, 0.17%, 8, 0, 10, 138.87
1735404991, 256, 13, 39, 0, 0, 0.17%, 8, 0, 10, 138.72
1735404996, 256, 14, 39, 0, 0, 0.17%, 8, 0, 10, 134.57
1735405001, 256, 22, 39, 0, 0, 0.17%, 8, 0, 10, 139.80
1735405006, 256, 37, 39, 0, 0, 0.17%, 8, 0, 10, 142.70
1735405011, 257, 2, 39, 0, 0, 0.17%, 8, 0, 10, 137.97
1735405017, 257, 12, 39, 0, 0, 0.17%, 8, 0, 10, 139.78
1735405022, 257, 14, 39, 0, 0, 0.17%, 8, 0, 10, 134.19
1735405027, 258, 11, 39, 0, 0, 0.17%, 8, 0, 10, 133.35
1735405032, 258, 13, 39, 0, 0, 0.17%, 8, 0, 10, 129.84
1735405037, 258, 14, 39, 0, 0, 0.17%, 8, 0, 10, 138.34
1735405042, 259, 12, 39, 0, 0, 0.17%, 8, 0, 10, 137.71
1735405047, 259, 14, 39, 0, 0, 0.17%, 8, 0, 10, 131.03
1735405052, 260, 3, 39, 0, 0, 0.17%, 8, 0, 10, 133.35
1735405058, 260, 12, 39, 0, 0, 0.17%, 8, 0, 10, 134.18
1735405063, 260, 14, 39, 0, 0, 0.17%, 8, 0, 10, 131.03
1735405068, 260, 20, 39, 0, 0, 0.17%, 8, 0, 10, 134.15
1735405073, 260, 23, 39, 0, 0, 0.17%, 8, 0, 10, 145.82
1735405083, 261, 12, 39, 0, 0, 0.17%, 8, 0, 10, 134.16
1735405088, 261, 14, 39, 0, 0, 0.17%, 8, 0, 10, 131.12
1735405094, 261, 27, 39, 0, 0, 0.17%, 8, 0, 10, 144.99
1735405104, 261, 35, 39, 0, 0, 0.17%, 8, 0, 10, 139.70
1735405109, 261, 38, 39, 0, 0, 0.17%, 8, 0, 10, 156.19
1735405140, 262, 12, 39, 0, 0, 0.17%, 8, 0, 10, 127.94
1735405145, 262, 14, 39, 0, 0, 0.17%, 8, 0, 10, 138.97
1735405150, 262, 38, 39, 0, 0, 0.17%, 8, 0, 10, 141.20
1735405181, 263, 11, 39, 0, 0, 0.17%, 8, 0, 10, 143.93
1735405186, 263, 13, 39, 0, 0, 0.17%, 8, 0, 10, 140.03
1735405191, 263, 14, 39, 0, 0, 0.17%, 8, 0, 10, 145.26
1735405196, 264, 12, 39, 0, 0, 0.17%, 8, 0, 10, 132.44
1735405201, 264, 14, 39, 0, 0, 0.17%, 8, 0, 10, 130.18
1735405206, 264, 17, 39, 0, 0, 0.17%, 8, 0, 10, 135.38
1735405212, 264, 35, 39, 0, 0, 0.17%, 8, 0, 10, 145.50
1735405217, 265, 11, 39, 0, 0, 0.17%, 8, 0, 10, 138.16
1735405222, 265, 13, 39, 0, 0, 0.17%, 8, 0, 10, 140.45
1735405227, 265, 14, 39, 0, 0, 0.17%, 8, 0, 10, 137.98
1735405232, 266, 12, 39, 0, 0, 0.17%, 8, 0, 10, 126.98
1735405237, 266, 14, 39, 0, 0, 0.17%, 8, 0, 10, 132.32
1735405242, 266, 20, 39, 0, 0, 0.17%, 8, 0, 10, 144.46
1735405248, 266, 27, 39, 0, 0, 0.17%, 8, 0, 10, 146.06
1735405253, 266, 36, 39, 0, 0, 0.17%, 8, 0, 10, 148.09
1735405258, 267, 11, 39, 0, 0, 0.17%, 8, 0, 10, 140.29
1735405263, 267, 13, 39, 0, 0, 0.17%, 8, 0, 10, 134.06
1735405268, 267, 14, 39, 0, 0, 0.17%, 8, 0, 10, 131.67
1735405273, 268, 12, 39, 0, 0, 0.17%, 8, 0, 10, 140.46
1735405278, 268, 13, 39, 0, 0, 0.17%, 8, 0, 10, 136.80
1735405283, 268, 14, 39, 0, 0, 0.17%, 8, 0, 10, 143.04
1735405288, 269, 12, 39, 0, 0, 0.17%, 8, 0, 10, 130.57
1735405294, 269, 14, 39, 0, 0, 0.17%, 8, 0, 10, 128.48
1735405299, 269, 18, 39, 0, 0, 0.17%, 8, 0, 10, 143.93
1735405304, 270, 11, 39, 0, 0, 0.17%, 8, 0, 10, 137.83
1735405309, 270, 13, 39, 0, 0, 0.17%, 8, 0, 10, 134.22
1735405314, 270, 14, 39, 0, 0, 0.17%, 8, 0, 10, 135.62
1735405319, 271, 11, 39, 0, 0, 0.17%, 8, 0, 10, 133.22
1735405325, 271, 13, 39, 0, 0, 0.17%, 8, 0, 10, 131.73
1735405330, 271, 14, 39, 0, 0, 0.17%, 8, 0, 10, 134.07
1735405335, 271, 24, 39, 0, 0, 0.17%, 8, 0, 10, 155.94
1735405340, 272, 12, 39, 0, 0, 0.17%, 8, 0, 10, 137.81
1735405345, 272, 14, 39, 0, 0, 0.17%, 8, 0, 10, 137.06
1735405350, 272, 31, 39, 0, 0, 0.17%, 8, 0, 10, 140.85
1735405355, 273, 11, 39, 0, 0, 0.17%, 8, 0, 10, 130.67
1735405360, 273, 13, 39, 0, 0, 0.17%, 8, 0, 10, 144.12
1735405365, 273, 14, 39, 0, 0, 0.17%, 8, 0, 10, 145.40
1735405371, 273, 24, 39, 0, 0, 0.17%, 8, 0, 10, 144.41
1735405376, 273, 37, 39, 0, 0, 0.17%, 8, 0, 10, 144.67
1735405381, 274, 12, 39, 0, 0, 0.17%, 8, 0, 10, 138.59
1735405386, 274, 14, 39, 0, 0, 0.17%, 8, 0, 10, 140.92
1735405396, 275, 12, 39, 0, 0, 0.17%, 8, 0, 10, 135.54
1735405402, 275, 14, 39, 0, 0, 0.17%, 8, 0, 10, 132.76
1735405407, 275, 23, 39, 0, 0, 0.17%, 8, 0, 10, 148.42
1735405412, 275, 38, 39, 0, 0, 0.17%, 8, 0, 10, 143.64
1735405442, 276, 11, 39, 0, 0, 0.17%, 8, 0, 10, 145.62
1735405448, 276, 13, 39, 0, 0, 0.17%, 8, 0, 10, 132.70
1735405453, 276, 14, 39, 0, 0, 0.17%, 8, 0, 10, 141.41
1735405458, 276, 25, 39, 0, 0, 0.17%, 8, 0, 10, 144.50
1735405463, 276, 28, 39, 0, 0, 0.17%, 8, 0, 10, 158.51
1735405468, 276, 30, 39, 0, 0, 0.17%, 8, 0, 10, 155.24
1735405473, 277, 11, 39, 0, 0, 0.17%, 8, 0, 10, 150.53
1735405478, 277, 13, 39, 0, 0, 0.17%, 8, 0, 10, 131.77
1735405483, 277, 14, 39, 0, 0, 0.17%, 8, 0, 10, 132.84
1735405488, 277, 31, 39, 0, 0, 0.17%, 8, 0, 10, 138.03
1735405493, 278, 11, 39, 0, 0, 0.17%, 8, 0, 10, 139.56
1735405499, 278, 13, 39, 0, 0, 0.17%, 8, 0, 10, 137.50
1735405504, 278, 14, 39, 0, 0, 0.17%, 8, 0, 10, 135.85
1735405509, 278, 32, 39, 0, 0, 0.17%, 8, 0, 10, 142.66
1735405514, 279, 12, 39, 0, 0, 0.17%, 8, 0, 10, 136.56
1735405519, 279, 14, 39, 0, 0, 0.17%, 8, 0, 10, 129.28
1735405524, 279, 15, 39, 0, 0, 0.17%, 8, 0, 10, 143.58
1735405530, 279, 16, 39, 0, 0, 0.17%, 8, 0, 10, 142.39
1735405535, 279, 38, 39, 0, 0, 0.17%, 8, 0, 10, 147.03
1735405565, 280, 12, 39, 0, 0, 0.17%, 8, 0, 10, 139.57
1735405571, 280, 14, 39, 0, 0, 0.17%, 8, 0, 10, 136.94
1735405576, 281, 11, 39, 0, 0, 0.17%, 8, 0, 10, 137.27
1735405581, 281, 13, 39, 0, 0, 0.17%, 8, 0, 10, 133.74
1735405586, 281, 14, 39, 0, 0, 0.17%, 8, 0, 10, 125.80
1735405591, 281, 23, 39, 0, 0, 0.17%, 8, 0, 10, 146.07
1735405596, 282, 11, 39, 0, 0, 0.17%, 8, 0, 10, 140.40
1735405601, 282, 13, 39, 0, 0, 0.17%, 8, 0, 10, 138.50
1735405606, 282, 14, 39, 0, 0, 0.17%, 8, 0, 10, 130.09
1735405612, 282, 27, 39, 0, 0, 0.17%, 8, 0, 10, 142.32
1735405617, 282, 35, 39, 0, 0, 0.17%, 8, 0, 10, 148.67
1735405622, 283, 11, 39, 0, 0, 0.17%, 8, 0, 10, 139.53
1735405627, 283, 13, 39, 0, 0, 0.17%, 8, 0, 10, 133.49
1735405632, 283, 14, 39, 0, 0, 0.17%, 8, 0, 10, 135.02
1735405637, 284, 11, 39, 0, 0, 0.17%, 8, 0, 10, 132.09
1735405642, 284, 13, 39, 0, 0, 0.17%, 8, 0, 10, 135.04
1735405648, 284, 14, 39, 0, 0, 0.17%, 8, 0, 10, 139.64
1735405653, 285, 12, 39, 0, 0, 0.17%, 8, 0, 10, 143.80
1735405658, 285, 14, 39, 0, 0, 0.17%, 8, 0, 10, 140.43
1735405663, 285, 32, 39, 0, 0, 0.17%, 8, 0, 10, 142.06
1735405668, 286, 11, 39, 0, 0, 0.17%, 8, 0, 10, 136.43
1735405673, 286, 13, 39, 0, 0, 0.17%, 8, 0, 10, 134.32
1735405679, 286, 14, 39, 0, 0, 0.17%, 8, 0, 10, 139.83
1735405684, 286, 32, 39, 0, 0, 0.17%, 8, 0, 10, 137.00
1735405689, 287, 12, 39, 0, 0, 0.17%, 8, 0, 10, 133.75
1735405694, 287, 14, 39, 0, 0, 0.17%, 8, 0, 10, 130.99
1735405699, 288, 9, 39, 0, 0, 0.17%, 8, 0, 10, 128.82
1735405705, 288, 12, 39, 0, 0, 0.17%, 8, 0, 10, 128.89
1735405710, 288, 14, 39, 0, 0, 0.17%, 8, 0, 10, 129.36
1735405715, 288, 24, 39, 0, 0, 0.17%, 8, 0, 10, 143.09
1735405720, 289, 7, 39, 0, 0, 0.17%, 8, 0, 10, 136.26
1735405725, 289, 12, 39, 0, 0, 0.17%, 8, 0, 10, 134.93
1735405730, 289, 14, 39, 0, 0, 0.17%, 8, 0, 10, 131.52
1735405735, 289, 24, 39, 0, 0, 0.17%, 8, 0, 10, 146.70
1735405740, 289, 25, 39, 0, 0, 0.17%, 8, 0, 10, 143.35
1735405745, 289, 38, 39, 0, 0, 0.17%, 8, 0, 10, 153.02
1735405776, 290, 11, 39, 0, 0, 0.17%, 8, 0, 10, 132.92
1735405781, 290, 13, 39, 0, 0, 0.17%, 8, 0, 10, 132.22
1735405787, 290, 14, 39, 0, 0, 0.17%, 8, 0, 10, 141.32
1735405792, 290, 28, 39, 0, 0, 0.17%, 8, 0, 10, 143.22
1735405797, 291, 11, 39, 0, 0, 0.17%, 8, 0, 10, 135.56
1735405802, 291, 13, 39, 0, 0, 0.17%, 8, 0, 10, 130.49
1735405807, 291, 14, 39, 0, 0, 0.17%, 8, 0, 10, 139.02
1735405813, 291, 19, 39, 0, 0, 0.17%, 8, 0, 10, 136.76
1735405818, 291, 34, 39, 0, 0, 0.17%, 8, 0, 10, 147.58
1735405823, 292, 11, 39, 0, 0, 0.17%, 8, 0, 10, 135.53
1735405828, 292, 13, 39, 0, 0, 0.17%, 8, 0, 10, 132.37
1735405833, 292, 14, 39, 0, 0, 0.17%, 8, 0, 10, 132.53
1735405838, 292, 15, 39, 0, 0, 0.17%, 8, 0, 10, 133.36
1735405843, 293, 11, 39, 0, 0, 0.17%, 8, 0, 10, 130.98
1735405848, 293, 14, 39, 0, 0, 0.17%, 8, 0, 10, 135.14
1735405854, 293, 25, 39, 0, 0, 0.17%, 8, 0, 10, 138.86
1735405864, 294, 13, 39, 0, 0, 0.17%, 8, 0, 10, 135.69
1735405869, 294, 14, 39, 0, 0, 0.17%, 8, 0, 10, 133.87
1735405874, 294, 34, 39, 0, 0, 0.17%, 8, 0, 10, 149.98
1735405879, 295, 11, 39, 0, 0, 0.17%, 8, 0, 10, 136.89
1735405884, 295, 13, 39, 0, 0, 0.17%, 8, 0, 10, 133.61
1735405889, 295, 14, 39, 0, 0, 0.17%, 8, 0, 10, 143.53
1735405895, 295, 35, 39, 0, 0, 0.17%, 8, 0, 10, 148.18
1735405900, 296, 12, 39, 0, 0, 0.17%, 8, 0, 10, 133.67
1735405905, 296, 14, 39, 0, 0, 0.17%, 8, 0, 10, 130.40
1735405910, 296, 18, 39, 0, 0, 0.17%, 8, 0, 10, 138.94
1735405915, 296, 19, 39, 0, 0, 0.17%, 8, 0, 10, 139.34
1735405926, 296, 26, 39, 0, 0, 0.17%, 8, 0, 10, 150.16
1735405931, 297, 11, 39, 0, 0, 0.17%, 8, 0, 10, 140.75
1735405936, 297, 14, 39, 0, 0, 0.17%, 8, 0, 10, 137.99
1735405941, 297, 34, 39, 0, 0, 0.17%, 8, 0, 10, 142.66
1735405946, 298, 7, 39, 0, 0, 0.17%, 8, 0, 10, 141.72
1735405951, 298, 12, 39, 0, 0, 0.17%, 8, 0, 10, 137.26
1735405957, 298, 14, 39, 0, 0, 0.17%, 8, 0, 10, 137.39
1735405962, 298, 21, 39, 0, 0, 0.17%, 8, 0, 10, 148.44
1735405967, 299, 7, 39, 0, 0, 0.17%, 8, 0, 10, 141.78
1735405972, 299, 13, 39, 0, 0, 0.17%, 8, 0, 10, 135.71
1735405977, 299, 14, 39, 0, 0, 0.17%, 8, 0, 10, 129.77
1735405982, 299, 33, 39, 0, 0, 0.17%, 8, 0, 10, 147.51
1735405988, 300, 11, 39, 0, 0, 0.17%, 8, 0, 10, 133.75
1735405993, 300, 13, 39, 0, 0, 0.17%, 8, 0, 10, 128.27
1735405998, 300, 14, 39, 0, 0, 0.17%, 8, 0, 10, 136.93
1735406003, 301, 12, 39, 0, 0, 0.17%, 8, 0, 10, 133.65
1735406008, 301, 14, 39, 0, 0, 0.17%, 8, 0, 10, 132.69
1735406013, 301, 24, 39, 0, 0, 0.17%, 8, 0, 10, 146.95
1735406018, 301, 30, 39, 0, 0, 0.17%, 8, 0, 10, 143.45
1735406029, 301, 32, 39, 0, 0, 0.17%, 8, 0, 10, 152.07
1735406034, 301, 33, 39, 0, 0, 0.17%, 8, 0, 10, 148.25
1735406039, 302, 12, 39, 0, 0, 0.17%, 8, 0, 10, 139.82
1735406044, 302, 14, 39, 0, 0, 0.17%, 8, 0, 10, 135.92
1735406049, 302, 16, 39, 0, 0, 0.17%, 8, 0, 10, 145.88
1735406055, 302, 17, 39, 0, 0, 0.17%, 8, 0, 10, 140.32
1735406060, 302, 21, 39, 0, 0, 0.17%, 8, 0, 10, 140.63
1735406065, 302, 26, 39, 0, 0, 0.17%, 8, 0, 10, 141.87
1735406075, 302, 27, 39, 0, 0, 0.17%, 8, 0, 10, 143.87
1735406080, 303, 11, 39, 0, 0, 0.17%, 8, 0, 10, 139.34
1735406085, 303, 13, 39, 0, 0, 0.17%, 8, 0, 10, 134.12
1735406091, 303, 14, 39, 0, 0, 0.17%, 8, 0, 10, 134.70
1735406096, 303, 24, 39, 0, 0, 0.17%, 8, 0, 10, 144.25
1735406101, 304, 12, 39, 0, 0, 0.17%, 8, 0, 10, 136.11
1735406106, 304, 14, 39, 0, 0, 0.17%, 8, 0, 10, 137.26
1735406111, 304, 16, 39, 0, 0, 0.17%, 8, 0, 10, 135.01
1735406116, 305, 7, 39, 0, 0, 0.17%, 8, 0, 10, 140.09
1735406122, 305, 11, 39, 0, 0, 0.17%, 8, 0, 10, 135.49
1735406127, 305, 13, 39, 0, 0, 0.17%, 8, 0, 10, 135.43
1735406132, 305, 14, 39, 0, 0, 0.17%, 8, 0, 10, 147.76
1735406137, 305, 29, 39, 0, 0, 0.17%, 8, 0, 10, 147.14
1735406142, 305, 32, 39, 0, 0, 0.17%, 8, 0, 10, 148.11
1735406147, 306, 11, 39, 0, 0, 0.17%, 8, 0, 10, 138.12
1735406152, 306, 14, 39, 0, 0, 0.17%, 8, 0, 10, 137.05
1735406163, 306, 18, 39, 0, 0, 0.17%, 8, 0, 10, 136.88
1735406168, 307, 13, 39, 0, 0, 0.17%, 8, 0, 10, 142.12
1735406173, 307, 14, 39, 0, 0, 0.17%, 8, 0, 10, 131.18
1735406178, 307, 16, 39, 0, 0, 0.17%, 8, 0, 10, 143.10
1735406183, 307, 21, 39, 0, 0, 0.17%, 8, 0, 10, 148.98
1735406189, 307, 37, 39, 0, 0, 0.17%, 8, 0, 10, 140.59
1735406194, 308, 11, 39, 0, 0, 0.17%, 8, 0, 10, 136.54
1735406199, 308, 13, 39, 0, 0, 0.17%, 8, 0, 10, 130.12
1735406204, 308, 14, 39, 0, 0, 0.17%, 8, 0, 10, 124.13
1735406209, 309, 12, 39, 0, 0, 0.17%, 8, 0, 10, 132.96
1735406214, 309, 14, 39, 0, 0, 0.17%, 8, 0, 10, 140.70
1735406219, 309, 24, 39, 0, 0, 0.17%, 8, 0, 10, 135.57
1735406225, 309, 27, 39, 0, 0, 0.17%, 8, 0, 10, 145.37
1735406235, 309, 31, 39, 0, 0, 0.17%, 8, 0, 10, 129.22
1735406240, 310, 11, 39, 0, 0, 0.17%, 8, 0, 10, 131.03
1735406245, 310, 13, 39, 0, 0, 0.17%, 8, 0, 10, 129.69
1735406251, 310, 14, 39, 0, 0, 0.17%, 8, 0, 10, 129.02
1735406256, 311, 11, 39, 0, 0, 0.17%, 8, 0, 10, 138.35
1735406261, 311, 13, 39, 0, 0, 0.17%, 8, 0, 10, 134.44
1735406266, 311, 14, 39, 0, 0, 0.17%, 8, 0, 10, 133.82
1735406271, 312, 12, 39, 0, 0, 0.17%, 8, 0, 10, 128.16
1735406276, 312, 14, 39, 0, 0, 0.17%, 8, 0, 10, 136.75
1735406281, 312, 28, 39, 0, 0, 0.17%, 8, 0, 10, 146.02
1735406291, 312, 30, 39, 0, 0, 0.17%, 8, 0, 10, 145.99
1735406297, 313, 4, 39, 0, 0, 0.17%, 8, 0, 10, 136.36
1735406302, 313, 12, 39, 0, 0, 0.17%, 8, 0, 10, 136.37
1735406307, 313, 14, 39, 0, 0, 0.17%, 8, 0, 10, 134.02
1735406312, 313, 22, 39, 0, 0, 0.17%, 8, 0, 10, 145.99
1735406322, 313, 36, 39, 0, 0, 0.17%, 8, 0, 10, 139.27
1735406327, 314, 12, 39, 0, 0, 0.17%, 8, 0, 10, 132.93
1735406333, 314, 14, 39, 0, 0, 0.17%, 8, 0, 10, 136.79
1735406338, 314, 17, 39, 0, 0, 0.17%, 8, 0, 10, 136.64
1735406343, 314, 24, 39, 0, 0, 0.17%, 8, 0, 10, 149.86
1735406348, 315, 11, 39, 0, 0, 0.17%, 8, 0, 10, 134.44
1735406353, 315, 13, 39, 0, 0, 0.17%, 8, 0, 10, 131.78
1735406358, 315, 14, 39, 0, 0, 0.17%, 8, 0, 10, 134.94
1735406364, 315, 19, 39, 0, 0, 0.17%, 8, 0, 10, 140.79
1735406369, 315, 28, 39, 0, 0, 0.17%, 8, 0, 10, 146.64
1735406379, 315, 35, 39, 0, 0, 0.17%, 8, 0, 10, 133.73
1735406384, 316, 12, 39, 0, 0, 0.17%, 8, 0, 10, 133.49
1735406389, 316, 14, 39, 0, 0, 0.17%, 8, 0, 10, 135.35
1735406394, 316, 18, 39, 0, 0, 0.17%, 8, 0, 10, 142.99
1735406400, 316, 36, 39, 0, 0, 0.17%, 8, 0, 10, 139.02
1735406405, 317, 11, 39, 0, 0, 0.17%, 8, 0, 10, 138.41
1735406410, 317, 13, 39, 0, 0, 0.17%, 8, 0, 10, 131.82
1735406415, 317, 14, 39, 0, 0, 0.17%, 8, 0, 10, 144.28
1735406420, 318, 11, 39, 0, 0, 0.17%, 8, 0, 10, 137.66
1735406425, 318, 13, 39, 0, 0, 0.17%, 8, 0, 10, 138.75
1735406430, 318, 14, 39, 0, 0, 0.17%, 8, 0, 10, 134.74
1735406435, 319, 12, 39, 0, 0, 0.17%, 8, 0, 10, 137.42
1735406441, 319, 14, 39, 0, 0, 0.17%, 8, 0, 10, 135.95
1735406446, 320, 6, 39, 0, 0, 0.17%, 8, 0, 10, 143.63
1735406451, 320, 12, 39, 0, 0, 0.17%, 8, 0, 10, 135.67
1735406456, 320, 14, 39, 0, 0, 0.17%, 8, 0, 10, 133.54
1735406461, 321, 4, 39, 0, 0, 0.17%, 8, 0, 10, 137.23
1735406466, 321, 12, 39, 0, 0, 0.17%, 8, 0, 10, 135.68
1735406472, 321, 14, 39, 0, 0, 0.17%, 8, 0, 10, 135.22
1735406477, 321, 15, 39, 0, 0, 0.17%, 8, 0, 10, 138.07
1735406482, 321, 25, 39, 0, 0, 0.17%, 8, 0, 10, 141.38
1735406487, 321, 28, 39, 0, 0, 0.17%, 8, 0, 10, 160.67
1735406497, 322, 13, 39, 0, 0, 0.17%, 8, 0, 10, 144.05
1735406503, 322, 14, 39, 0, 0, 0.17%, 8, 0, 10, 138.60
1735406508, 322, 21, 39, 0, 0, 0.17%, 8, 0, 10, 144.03
1735406513, 322, 26, 39, 0, 0, 0.17%, 8, 0, 10, 152.43
1735406518, 323, 11, 39, 0, 0, 0.17%, 8, 0, 10, 141.16
1735406523, 323, 13, 39, 0, 0, 0.17%, 8, 0, 10, 134.57
1735406529, 323, 14, 39, 0, 0, 0.17%, 8, 0, 10, 142.46
1735406534, 324, 12, 39, 0, 0, 0.17%, 8, 0, 10, 140.09
1735406539, 324, 14, 39, 0, 0, 0.17%, 8, 0, 10, 132.03
1735406544, 324, 15, 39, 0, 0, 0.17%, 8, 0, 10, 136.25
1735406549, 324, 16, 39, 0, 0, 0.17%, 8, 0, 10, 131.05
1735406555, 325, 11, 39, 0, 0, 0.17%, 8, 0, 10, 137.53
1735406560, 325, 13, 39, 0, 0, 0.17%, 8, 0, 10, 137.55
1735406565, 325, 14, 39, 0, 0, 0.17%, 8, 0, 10, 141.34
1735406570, 326, 11, 39, 0, 0, 0.17%, 8, 0, 10, 134.35
1735406575, 326, 13, 39, 0, 0, 0.17%, 8, 0, 10, 135.33
1735406580, 326, 14, 39, 0, 0, 0.17%, 8, 0, 10, 141.46
1735406586, 327, 11, 39, 0, 0, 0.17%, 8, 0, 10, 139.57
1735406591, 327, 13, 39, 0, 0, 0.17%, 8, 0, 10, 139.32
1735406596, 327, 14, 39, 0, 0, 0.17%, 8, 0, 10, 138.34
1735406601, 327, 22, 39, 0, 0, 0.17%, 8, 0, 10, 140.72
1735406606, 327, 32, 39, 0, 0, 0.17%, 8, 0, 10, 144.10
1735406611, 328, 10, 39, 0, 0, 0.17%, 8, 0, 10, 143.68
1735406617, 328, 12, 39, 0, 0, 0.17%, 8, 0, 10, 139.50
1735406622, 328, 14, 39, 0, 0, 0.17%, 8, 0, 10, 139.53
1735406627, 328, 28, 39, 0, 0, 0.17%, 8, 0, 10, 152.49
1735406637, 328, 38, 39, 0, 0, 0.17%, 8, 0, 10, 167.19
1735406663, 329, 4, 39, 0, 0, 0.17%, 8, 0, 10, 128.01
1735406668, 329, 12, 39, 0, 0, 0.17%, 8, 0, 10, 132.64
1735406673, 329, 14, 39, 0, 0, 0.17%, 8, 0, 10, 131.86
1735406678, 329, 15, 39, 0, 0, 0.17%, 8, 0, 10, 136.76
1735406683, 329, 17, 39, 0, 0, 0.17%, 8, 0, 10, 136.71
1735406688, 329, 20, 39, 0, 0, 0.17%, 8, 0, 10, 133.98
1735406694, 329, 32, 39, 0, 0, 0.17%, 8, 0, 10, 141.93
1735406699, 330, 10, 39, 0, 0, 0.17%, 8, 0, 10, 137.94
1735406704, 330, 12, 39, 0, 0, 0.17%, 8, 0, 10, 139.76
1735406709, 330, 14, 39, 0, 0, 0.17%, 8, 0, 10, 133.96
1735406714, 330, 24, 39, 0, 0, 0.17%, 8, 0, 10, 137.44
1735406719, 330, 31, 39, 0, 0, 0.17%, 8, 0, 10, 143.64
1735406724, 330, 34, 39, 0, 0, 0.17%, 8, 0, 10, 151.15
1735406729, 331, 11, 39, 0, 0, 0.17%, 8, 0, 10, 134.33
1735406735, 331, 13, 39, 0, 0, 0.17%, 8, 0, 10, 132.46
1735406740, 331, 14, 39, 0, 0, 0.17%, 8, 0, 10, 133.50
1735406745, 331, 23, 39, 0, 0, 0.17%, 8, 0, 10, 151.36
1735406755, 331, 36, 39, 0, 0, 0.17%, 8, 0, 10, 147.00
1735406760, 332, 11, 39, 0, 0, 0.17%, 8, 0, 10, 140.42
1735406765, 332, 13, 39, 0, 0, 0.17%, 8, 0, 10, 129.21
1735406770, 332, 14, 39, 0, 0, 0.17%, 8, 0, 10, 132.42
1735406775, 332, 28, 39, 0, 0, 0.17%, 8, 0, 10, 153.36
1735406780, 333, 3, 39, 0, 0, 0.17%, 8, 0, 10, 141.07
1735406786, 333, 12, 39, 0, 0, 0.17%, 8, 0, 10, 137.32
1735406791, 333, 14, 39, 0, 0, 0.17%, 8, 0, 10, 133.07
1735406796, 333, 29, 39, 0, 0, 0.17%, 8, 0, 10, 146.49
1735406806, 333, 32, 39, 0, 0, 0.17%, 8, 0, 10, 135.02
1735406811, 334, 12, 39, 0, 0, 0.17%, 8, 0, 10, 134.21
1735406816, 334, 14, 39, 0, 0, 0.17%, 8, 0, 10, 132.60
1735406822, 334, 30, 39, 0, 0, 0.17%, 8, 0, 10, 143.78
1735406832, 335, 3, 39, 0, 0, 0.17%, 8, 0, 10, 141.95
1735406837, 335, 12, 39, 0, 0, 0.17%, 8, 0, 10, 136.88
1735406842, 335, 14, 39, 0, 0, 0.17%, 8, 0, 10, 134.01
1735406847, 336, 11, 39, 0, 0, 0.17%, 8, 0, 10, 136.48
1735406852, 336, 13, 39, 0, 0, 0.17%, 8, 0, 10, 130.88
1735406858, 336, 14, 39, 0, 0, 0.17%, 8, 0, 10, 131.95
1735406863, 336, 34, 39, 0, 0, 0.17%, 8, 0, 10, 139.11
1735406868, 337, 11, 39, 0, 0, 0.17%, 8, 0, 10, 140.43
1735406873, 337, 13, 39, 0, 0, 0.17%, 8, 0, 10, 132.26
1735406878, 337, 14, 39, 0, 0, 0.17%, 8, 0, 10, 128.16
1735406883, 337, 36, 39, 0, 0, 0.17%, 8, 0, 10, 139.50
1735406889, 338, 12, 39, 0, 0, 0.17%, 8, 0, 10, 132.58
1735406894, 338, 14, 39, 0, 0, 0.17%, 8, 0, 10, 131.55
1735406899, 339, 9, 39, 0, 0, 0.17%, 8, 0, 10, 133.88
1735406904, 339, 12, 39, 0, 0, 0.17%, 8, 0, 10, 137.10
1735406909, 339, 14, 39, 0, 0, 0.17%, 8, 0, 10, 135.63
1735406914, 339, 22, 39, 0, 0, 0.17%, 8, 0, 10, 140.49
1735406925, 339, 28, 39, 0, 0, 0.17%, 8, 0, 10, 152.66
1735406930, 340, 2, 39, 0, 0, 0.17%, 8, 0, 10, 138.17
1735406935, 340, 12, 39, 0, 0, 0.17%, 8, 0, 10, 131.04
1735406940, 340, 14, 39, 0, 0, 0.17%, 8, 0, 10, 131.99
1735406945, 340, 16, 39, 0, 0, 0.17%, 8, 0, 10, 130.21
1735406955, 341, 12, 39, 0, 0, 0.17%, 8, 0, 10, 131.90
1735406960, 341, 14, 39, 0, 0, 0.17%, 8, 0, 10, 135.04
1735406971, 342, 13, 39, 0, 0, 0.17%, 8, 0, 10, 134.27
1735406976, 342, 14, 39, 0, 0, 0.17%, 8, 0, 10, 133.27
1735406981, 342, 21, 39, 0, 0, 0.17%, 8, 0, 10, 143.74
1735406986, 343, 11, 39, 0, 0, 0.17%, 8, 0, 10, 140.80
1735406991, 343, 13, 39, 0, 0, 0.17%, 8, 0, 10, 132.61
1735406997, 343, 14, 39, 0, 0, 0.17%, 8, 0, 10, 134.79
1735407002, 343, 27, 39, 0, 0, 0.17%, 8, 0, 10, 137.80
1735407007, 344, 11, 39, 0, 0, 0.17%, 8, 0, 10, 137.90
1735407012, 344, 13, 39, 0, 0, 0.17%, 8, 0, 10, 132.84
1735407017, 344, 14, 39, 0, 0, 0.17%, 8, 0, 10, 138.54
1735407022, 344, 16, 39, 0, 0, 0.17%, 8, 0, 10, 136.24
1735407028, 345, 12, 39, 0, 0, 0.17%, 8, 0, 10, 126.35
1735407033, 345, 14, 39, 0, 0, 0.17%, 8, 0, 10, 136.90
1735407038, 345, 27, 39, 0, 0, 0.17%, 8, 0, 10, 132.38
1735407048, 346, 11, 39, 0, 0, 0.17%, 8, 0, 10, 139.86
1735407053, 346, 13, 39, 0, 0, 0.17%, 8, 0, 10, 132.88
1735407058, 346, 14, 39, 0, 0, 0.17%, 8, 0, 10, 137.07
1735407064, 347, 12, 39, 0, 0, 0.17%, 8, 0, 10, 133.44
1735407069, 347, 14, 39, 0, 0, 0.17%, 8, 0, 10, 136.11
1735407074, 348, 11, 39, 0, 0, 0.17%, 8, 0, 10, 134.02
1735407079, 348, 13, 39, 0, 0, 0.17%, 8, 0, 10, 129.84
1735407084, 348, 14, 39, 0, 0, 0.17%, 8, 0, 10, 136.44
1735407089, 349, 11, 39, 0, 0, 0.17%, 8, 0, 10, 129.48
