# unix_time, cycles_done, cur_path, paths_total, pending_total, pending_favs, map_size, unique_crashes, unique_hangs, max_depth, execs_per_sec
1735158887, 0, 0, 10, 10, 1, 0.01%, 0, 0, 1, 83.25
1735158892, 0, 3, 10, 10, 1, 0.01%, 0, 0, 1, 104.51
1735158897, 0, 4, 10, 9, 0, 0.01%, 0, 0, 1, 101.57
1735158907, 0, 5, 10, 8, 0, 0.01%, 0, 0, 1, 102.32
1735158917, 0, 6, 10, 7, 0, 0.01%, 0, 0, 1, 98.16
1735158928, 0, 7, 10, 6, 0, 0.01%, 0, 0, 1, 97.94
1735158938, 0, 8, 10, 5, 0, 0.01%, 0, 0, 1, 97.51
1735158948, 0, 9, 10, 4, 0, 0.01%, 0, 0, 1, 95.42
1735158958, 1, 0, 10, 3, 0, 0.01%, 0, 0, 1, 94.98
1735158968, 1, 1, 10, 2, 0, 0.01%, 0, 0, 1, 103.45
1735158984, 1, 2, 10, 1, 0, 0.01%, 0, 0, 1, 91.94
1735158994, 1, 3, 10, 0, 0, 0.01%, 0, 0, 1, 101.48
1735158999, 1, 4, 10, 0, 0, 0.01%, 0, 0, 1, 102.83
1735159004, 1, 6, 10, 0, 0, 0.01%, 0, 0, 1, 103.41
1735159009, 1, 7, 10, 0, 0, 0.01%, 0, 0, 1, 101.66
1735159014, 1, 9, 10, 0, 0, 0.01%, 0, 0, 1, 101.77
1735159019, 2, 0, 10, 0, 0, 0.01%, 0, 0, 1, 101.96
1735159025, 2, 1, 10, 0, 0, 0.01%, 0, 0, 1, 104.47
1735159030, 2, 3, 10, 0, 0, 0.01%, 0, 0, 1, 103.32
1735159035, 2, 4, 10, 0, 0, 0.01%, 0, 0, 1, 103.28
1735159040, 2, 6, 10, 0, 0, 0.01%, 0, 0, 1, 105.27
1735159045, 2, 7, 11, 1, 0, 0.16%, 1, 0, 2, 101.65
1735159050, 2, 10, 11, 1, 1, 0.16%, 1, 0, 2, 119.15
1735159092, 3, 0, 11, 0, 0, 0.16%, 1, 0, 2, 104.39
1735159097, 3, 10, 11, 0, 0, 0.16%, 1, 0, 2, 108.71
1735159117, 4, 10, 11, 0, 0, 0.16%, 1, 0, 2, 108.00
1735159127, 5, 10, 11, 0, 0, 0.16%, 1, 0, 2, 107.85
1735159137, 6, 10, 11, 0, 0, 0.16%, 1, 0, 2, 106.11
1735159148, 7, 10, 11, 0, 0, 0.16%, 1, 0, 2, 103.34
1735159158, 8, 10, 11, 0, 0, 0.16%, 1, 0, 2, 104.29
1735159168, 9, 4, 11, 0, 0, 0.16%, 1, 0, 2, 103.23
1735159173, 9, 10, 11, 0, 0, 0.16%, 1, 0, 2, 104.57
1735159184, 10, 10, 11, 0, 0, 0.16%, 1, 0, 2, 105.80
1735159194, 11, 1, 11, 0, 0, 0.16%, 1, 0, 2, 102.59
1735159199, 11, 10, 11, 0, 0, 0.16%, 1, 0, 2, 106.22
1735159209, 12, 0, 11, 0, 0, 0.16%, 1, 0, 2, 103.68
1735159214, 12, 4, 11, 0, 0, 0.16%, 1, 0, 2, 101.16
1735159219, 12, 10, 11, 0, 0, 0.16%, 1, 0, 2, 107.07
1735159230, 13, 10, 12, 1, 0, 0.16%, 2, 0, 3, 105.69
1735159245, 13, 11, 13, 2, 1, 0.16%, 3, 0, 4, 132.35
1735159281, 13, 11, 14, 3, 1, 0.16%, 3, 0, 4, 111.95
1735159322, 13, 11, 15, 4, 1, 0.16%, 3, 0, 4, 111.25
1735159378, 13, 12, 15, 3, 1, 0.16%, 3, 0, 4, 132.57
1735159430, 13, 12, 16, 4, 1, 0.17%, 4, 0, 5, 113.96
1735159460, 13, 12, 17, 5, 1, 0.17%, 4, 0, 5, 109.85
1735159496, 13, 12, 18, 6, 1, 0.17%, 4, 0, 5, 116.87
1735159538, 13, 12, 20, 8, 1, 0.17%, 4, 0, 5, 123.65
1735159548, 13, 16, 21, 8, 1, 0.17%, 5, 0, 6, 131.17
1735159563, 13, 16, 22, 9, 1, 0.17%, 5, 0, 6, 131.71
1735159568, 13, 16, 23, 10, 1, 0.17%, 5, 0, 6, 135.50
1735159578, 13, 16, 24, 11, 1, 0.17%, 5, 0, 6, 132.93
1735159670, 13, 20, 24, 10, 2, 0.17%, 5, 0, 6, 128.17
1735159691, 13, 20, 26, 12, 2, 0.17%, 5, 0, 7, 131.37
1735159706, 13, 20, 27, 13, 2, 0.17%, 5, 0, 7, 127.96
1735159727, 13, 20, 28, 14, 2, 0.17%, 5, 0, 7, 128.03
1735159753, 13, 20, 29, 15, 2, 0.17%, 5, 0, 7, 130.28
1735159794, 13, 22, 29, 14, 1, 0.17%, 5, 0, 7, 156.73
1735159804, 13, 22, 30, 15, 1, 0.17%, 5, 0, 7, 138.09
1735159814, 13, 22, 31, 16, 1, 0.17%, 5, 0, 7, 127.13
1735159917, 13, 24, 34, 18, 0, 0.17%, 5, 0, 7, 145.73
1735160034, 13, 30, 34, 17, 0, 0.17%, 5, 0, 7, 181.50
1735160106, 13, 33, 34, 16, 0, 0.17%, 5, 0, 7, 118.66
1735160387, 13, 33, 35, 17, 0, 0.17%, 6, 0, 8, 197.63
1735160397, 13, 33, 36, 18, 0, 0.17%, 7, 0, 8, 191.88
1735160402, 13, 33, 37, 19, 0, 0.17%, 8, 0, 8, 198.64
1735160464, 13, 36, 37, 18, 0, 0.17%, 8, 0, 8, 182.14
1735160606, 13, 36, 38, 19, 0, 0.17%, 8, 0, 9, 183.36
1735160622, 14, 10, 38, 18, 0, 0.17%, 8, 0, 9, 127.17
1735160627, 14, 11, 38, 18, 0, 0.17%, 8, 0, 9, 125.97
1735160632, 14, 11, 39, 19, 0, 0.17%, 8, 0, 9, 138.00
1735160637, 14, 12, 39, 19, 0, 0.17%, 8, 0, 9, 127.84
1735160653, 14, 16, 39, 19, 0, 0.17%, 8, 0, 9, 136.19
1735160678, 14, 19, 39, 19, 0, 0.17%, 8, 0, 9, 200.42
1735160745, 14, 20, 39, 18, 0, 0.17%, 8, 0, 9, 137.01
1735160776, 14, 21, 39, 18, 0, 0.17%, 8, 0, 9, 188.31
1735160888, 14, 22, 39, 17, 0, 0.17%, 8, 0, 9, 133.86
1735160909, 14, 25, 39, 17, 0, 0.17%, 8, 0, 9, 154.87
1735161042, 15, 11, 39, 16, 0, 0.17%, 8, 0, 9, 141.94
1735161052, 15, 15, 39, 16, 0, 0.17%, 8, 0, 9, 188.80
1735161118, 15, 16, 39, 15, 0, 0.17%, 8, 0, 9, 151.93
1735161138, 15, 17, 39, 15, 0, 0.17%, 8, 0, 9, 148.32
1735161184, 15, 18, 39, 14, 0, 0.17%, 8, 0, 9, 163.49
1735161230, 15, 20, 39, 13, 0, 0.17%, 8, 0, 9, 153.22
1735161261, 15, 22, 39, 13, 0, 0.17%, 8, 0, 9, 143.26
1735161282, 15, 23, 39, 13, 0, 0.17%, 8, 0, 9, 164.71
1735161332, 15, 28, 39, 12, 0, 0.17%, 8, 0, 9, 214.71
1735161398, 15, 31, 39, 11, 0, 0.17%, 8, 0, 9, 191.22
1735161469, 16, 1, 39, 10, 0, 0.17%, 8, 0, 9, 152.01
1735161475, 16, 11, 39, 10, 0, 0.17%, 8, 0, 9, 141.79
1735161480, 16, 15, 39, 10, 0, 0.17%, 8, 0, 9, 160.92
1735161500, 16, 18, 39, 10, 0, 0.17%, 8, 0, 9, 141.32
1735161515, 16, 20, 39, 10, 0, 0.17%, 8, 0, 9, 142.45
1735161531, 16, 22, 39, 10, 0, 0.17%, 8, 0, 9, 138.60
1735161541, 16, 24, 39, 10, 0, 0.17%, 8, 0, 9, 151.84
1735161561, 16, 37, 39, 10, 0, 0.17%, 8, 0, 9, 176.50
1735161821, 17, 10, 39, 9, 0, 0.17%, 8, 0, 9, 130.94
1735161827, 17, 13, 39, 9, 0, 0.17%, 8, 0, 9, 162.69
1735161873, 17, 20, 39, 8, 0, 0.17%, 8, 0, 9, 151.73
1735161878, 17, 22, 39, 8, 0, 0.17%, 8, 0, 9, 144.67
1735161883, 17, 26, 39, 8, 0, 0.17%, 8, 0, 9, 165.03
1735161955, 18, 11, 39, 7, 0, 0.17%, 8, 0, 9, 137.95
1735161960, 18, 13, 39, 7, 0, 0.17%, 8, 0, 9, 140.76
1735161980, 18, 20, 39, 7, 0, 0.17%, 8, 0, 9, 145.46
1735161985, 18, 22, 39, 7, 0, 0.17%, 8, 0, 9, 140.71
1735161990, 18, 34, 39, 7, 0, 0.17%, 8, 0, 9, 124.57
1735162276, 18, 38, 39, 6, 0, 0.17%, 8, 0, 9, 173.83
1735162322, 19, 10, 39, 5, 0, 0.17%, 8, 0, 9, 149.67
1735162327, 19, 20, 39, 5, 0, 0.17%, 8, 0, 9, 150.26
1735162337, 19, 22, 39, 5, 0, 0.17%, 8, 0, 9, 144.69
1735162342, 19, 27, 39, 5, 0, 0.17%, 8, 0, 9, 94.22
1735163040, 19, 36, 39, 4, 0, 0.17%, 8, 0, 9, 181.17
1735163065, 20, 11, 39, 4, 0, 0.17%, 8, 0, 9, 146.49
1735163070, 20, 20, 39, 4, 0, 0.17%, 8, 0, 9, 144.48
1735163075, 20, 22, 39, 4, 0, 0.17%, 8, 0, 9, 142.44
1735163081, 20, 35, 39, 4, 0, 0.17%, 8, 0, 9, 119.06
1735163366, 21, 9, 39, 3, 0, 0.17%, 8, 0, 9, 132.99
1735163372, 21, 11, 39, 3, 0, 0.17%, 8, 0, 9, 144.02
1735163377, 21, 20, 39, 3, 0, 0.17%, 8, 0, 9, 141.39
1735163382, 21, 21, 39, 3, 0, 0.17%, 8, 0, 9, 155.60
1735163402, 21, 22, 39, 3, 0, 0.17%, 8, 0, 9, 154.73
1735163408, 22, 11, 39, 3, 0, 0.17%, 8, 0, 9, 145.59
1735163413, 22, 18, 39, 3, 0, 0.17%, 8, 0, 9, 142.93
1735163433, 22, 20, 39, 3, 0, 0.17%, 8, 0, 9, 143.96
1735163438, 22, 22, 39, 3, 0, 0.17%, 8, 0, 9, 148.71
1735163444, 22, 32, 39, 3, 0, 0.17%, 8, 0, 9, 110.27
1735164136, 23, 10, 39, 2, 0, 0.17%, 8, 0, 9, 153.11
1735164142, 23, 20, 39, 2, 0, 0.17%, 8, 0, 9, 143.29
1735164152, 23, 22, 39, 2, 0, 0.17%, 8, 0, 9, 134.96
1735164157, 23, 32, 39, 2, 0, 0.17%, 8, 0, 9, 183.02
1735164183, 24, 10, 39, 2, 0, 0.17%, 8, 0, 9, 141.63
1735164188, 24, 20, 39, 2, 0, 0.17%, 8, 0, 9, 150.11
1735164198, 24, 22, 39, 2, 0, 0.17%, 8, 0, 9, 144.88
1735164203, 25, 11, 39, 2, 0, 0.17%, 8, 0, 9, 138.56
1735164208, 25, 14, 39, 2, 0, 0.17%, 8, 0, 9, 201.14
1735164265, 25, 17, 39, 1, 0, 0.17%, 8, 0, 9, 136.43
1735164285, 25, 19, 39, 1, 0, 0.17%, 8, 0, 9, 154.14
1735164300, 25, 20, 39, 1, 0, 0.17%, 8, 0, 9, 139.91
1735164311, 25, 22, 39, 1, 0, 0.17%, 8, 0, 9, 148.85
1735164316, 25, 31, 39, 1, 0, 0.17%, 8, 0, 9, 164.71
1735164347, 26, 11, 39, 1, 0, 0.17%, 8, 0, 9, 144.00
1735164352, 26, 19, 39, 1, 0, 0.17%, 8, 0, 9, 148.02
1735164372, 26, 20, 39, 1, 0, 0.17%, 8, 0, 9, 154.82
1735164377, 26, 22, 39, 1, 0, 0.17%, 8, 0, 9, 146.56
1735164382, 27, 8, 39, 1, 0, 0.17%, 8, 0, 9, 140.59
1735164387, 27, 11, 39, 1, 0, 0.17%, 8, 0, 9, 139.08
1735164393, 27, 14, 39, 1, 0, 0.17%, 8, 0, 9, 142.95
1735164413, 27, 16, 39, 1, 0, 0.17%, 8, 0, 9, 139.30
1735164423, 27, 20, 39, 1, 0, 0.17%, 8, 0, 9, 148.79
1735164429, 27, 22, 39, 1, 0, 0.17%, 8, 0, 9, 146.07
1735164434, 27, 34, 39, 1, 0, 0.17%, 8, 0, 9, 179.62
1735164470, 28, 10, 39, 1, 0, 0.17%, 8, 0, 9, 141.76
1735164475, 28, 12, 39, 1, 0, 0.17%, 8, 0, 9, 138.06
1735164495, 28, 20, 39, 1, 0, 0.17%, 8, 0, 9, 150.43
1735164506, 28, 22, 39, 1, 0, 0.17%, 8, 0, 9, 143.57
1735164511, 29, 11, 39, 1, 0, 0.17%, 8, 0, 9, 141.72
1735164516, 29, 20, 39, 1, 0, 0.17%, 8, 0, 9, 134.88
1735164521, 29, 22, 39, 1, 0, 0.17%, 8, 0, 9, 141.41
1735164526, 29, 27, 39, 1, 0, 0.17%, 8, 0, 9, 184.80
1735164552, 29, 29, 39, 1, 0, 0.17%, 8, 0, 9, 169.78
1735164603, 29, 36, 39, 0, 0, 0.17%, 8, 0, 9, 160.68
1735164628, 30, 7, 39, 0, 0, 0.17%, 8, 0, 9, 125.37
1735164633, 30, 11, 39, 0, 0, 0.17%, 8, 0, 9, 137.24
1735164638, 30, 20, 39, 0, 0, 0.17%, 8, 0, 9, 138.44
1735164644, 30, 22, 39, 0, 0, 0.17%, 8, 0, 9, 141.92
1735164649, 30, 27, 39, 0, 0, 0.17%, 8, 0, 9, 162.88
1735164674, 31, 10, 39, 0, 0, 0.17%, 8, 0, 9, 153.08
1735164680, 31, 20, 39, 0, 0, 0.17%, 8, 0, 9, 145.41
1735164690, 31, 22, 39, 0, 0, 0.17%, 8, 0, 9, 140.20
1735164695, 32, 11, 39, 0, 0, 0.17%, 8, 0, 9, 145.15
1735164700, 32, 20, 39, 0, 0, 0.17%, 8, 0, 9, 144.60
1735164705, 32, 22, 39, 0, 0, 0.17%, 8, 0, 9, 144.24
1735164711, 33, 10, 39, 0, 0, 0.17%, 8, 0, 9, 145.58
1735164716, 33, 20, 39, 0, 0, 0.17%, 8, 0, 9, 143.79
1735164726, 33, 22, 39, 0, 0, 0.17%, 8, 0, 9, 148.29
1735164731, 33, 23, 39, 0, 0, 0.17%, 8, 0, 9, 152.00
1735164746, 33, 27, 39, 0, 0, 0.17%, 8, 0, 9, 165.97
1735164761, 33, 34, 39, 0, 0, 0.17%, 8, 0, 9, 184.96
1735164797, 34, 0, 39, 0, 0, 0.17%, 8, 0, 9, 161.15
1735164802, 34, 11, 39, 0, 0, 0.17%, 8, 0, 9, 139.32
1735164808, 34, 20, 39, 0, 0, 0.17%, 8, 0, 9, 136.68
1735164813, 34, 22, 39, 0, 0, 0.17%, 8, 0, 9, 140.05
1735164818, 34, 30, 39, 0, 0, 0.17%, 8, 0, 9, 141.29
1735164838, 35, 11, 39, 0, 0, 0.17%, 8, 0, 9, 154.57
1735164843, 35, 20, 39, 0, 0, 0.17%, 8, 0, 9, 145.19
1735164849, 35, 22, 39, 0, 0, 0.17%, 8, 0, 9, 138.91
1735164859, 35, 26, 39, 0, 0, 0.17%, 8, 0, 9, 144.09
1735164890, 35, 29, 39, 0, 0, 0.17%, 8, 0, 9, 145.22
1735164905, 35, 31, 39, 0, 0, 0.17%, 8, 0, 9, 149.76
1735164936, 35, 32, 39, 0, 0, 0.17%, 8, 0, 9, 168.32
1735164967, 36, 10, 39, 0, 0, 0.17%, 8, 0, 9, 136.70
1735164972, 36, 18, 39, 0, 0, 0.17%, 8, 0, 9, 140.43
1735164982, 36, 20, 39, 0, 0, 0.17%, 8, 0, 9, 145.60
1735164987, 36, 22, 39, 0, 0, 0.17%, 8, 0, 9, 141.75
1735164993, 37, 10, 39, 0, 0, 0.17%, 8, 0, 9, 135.93
1735164998, 37, 13, 39, 0, 0, 0.17%, 8, 0, 9, 145.01
1735165018, 37, 20, 39, 0, 0, 0.17%, 8, 0, 9, 145.51
1735165023, 37, 22, 39, 0, 0, 0.17%, 8, 0, 9, 142.04
1735165028, 37, 27, 39, 0, 0, 0.17%, 8, 0, 9, 154.77
1735165039, 38, 10, 39, 0, 0, 0.17%, 8, 0, 9, 137.72
1735165044, 38, 20, 39, 0, 0, 0.17%, 8, 0, 9, 142.16
1735165054, 38, 22, 39, 0, 0, 0.17%, 8, 0, 9, 142.57
1735165059, 38, 33, 39, 0, 0, 0.17%, 8, 0, 9, 195.54
1735165085, 39, 11, 39, 0, 0, 0.17%, 8, 0, 9, 145.16
1735165090, 39, 20, 39, 0, 0, 0.17%, 8, 0, 9, 142.83
1735165095, 39, 22, 39, 0, 0, 0.17%, 8, 0, 9, 143.44
1735165100, 40, 10, 39, 0, 0, 0.17%, 8, 0, 9, 130.97
1735165105, 40, 20, 39, 0, 0, 0.17%, 8, 0, 9, 141.60
1735165115, 40, 22, 39, 0, 0, 0.17%, 8, 0, 9, 137.12
1735165121, 41, 11, 39, 0, 0, 0.17%, 8, 0, 9, 139.20
1735165126, 41, 19, 39, 0, 0, 0.17%, 8, 0, 9, 150.46
1735165131, 41, 20, 39, 0, 0, 0.17%, 8, 0, 9, 149.44
1735165141, 41, 22, 39, 0, 0, 0.17%, 8, 0, 9, 145.49
1735165147, 42, 5, 39, 0, 0, 0.17%, 8, 0, 9, 144.22
1735165152, 42, 10, 39, 0, 0, 0.17%, 8, 0, 9, 135.71
1735165157, 42, 14, 39, 0, 0, 0.17%, 8, 0, 9, 141.93
1735165177, 42, 20, 39, 0, 0, 0.17%, 8, 0, 9, 143.48
1735165187, 42, 22, 39, 0, 0, 0.17%, 8, 0, 9, 142.93
1735165193, 43, 11, 39, 0, 0, 0.17%, 8, 0, 9, 146.57
1735165198, 43, 13, 39, 0, 0, 0.17%, 8, 0, 9, 141.09
1735165208, 43, 20, 39, 0, 0, 0.17%, 8, 0, 9, 138.78
1735165213, 43, 22, 39, 0, 0, 0.17%, 8, 0, 9, 136.90
1735165218, 44, 10, 39, 0, 0, 0.17%, 8, 0, 9, 139.34
1735165224, 44, 20, 39, 0, 0, 0.17%, 8, 0, 9, 146.51
1735165234, 44, 22, 39, 0, 0, 0.17%, 8, 0, 9, 131.27
1735165239, 44, 28, 39, 0, 0, 0.17%, 8, 0, 9, 142.99
1735165270, 45, 11, 39, 0, 0, 0.17%, 8, 0, 9, 146.46
1735165275, 45, 20, 39, 0, 0, 0.17%, 8, 0, 9, 141.93
1735165280, 45, 22, 39, 0, 0, 0.17%, 8, 0, 9, 134.93
1735165285, 46, 1, 39, 0, 0, 0.17%, 8, 0, 9, 137.45
1735165290, 46, 11, 39, 0, 0, 0.17%, 8, 0, 9, 139.60
1735165295, 46, 12, 39, 0, 0, 0.17%, 8, 0, 9, 135.35
1735165306, 46, 17, 39, 0, 0, 0.17%, 8, 0, 9, 130.84
1735165326, 46, 20, 39, 0, 0, 0.17%, 8, 0, 9, 138.51
1735165331, 46, 22, 39, 0, 0, 0.17%, 8, 0, 9, 149.36
1735165336, 47, 10, 39, 0, 0, 0.17%, 8, 0, 9, 139.10
1735165341, 47, 14, 39, 0, 0, 0.17%, 8, 0, 9, 144.51
1735165352, 47, 20, 39, 0, 0, 0.17%, 8, 0, 9, 147.89
1735165362, 47, 22, 39, 0, 0, 0.17%, 8, 0, 9, 142.78
1735165367, 48, 11, 39, 0, 0, 0.17%, 8, 0, 9, 138.50
1735165372, 48, 14, 39, 0, 0, 0.17%, 8, 0, 9, 143.50
1735165377, 48, 20, 39, 0, 0, 0.17%, 8, 0, 9, 148.01
1735165382, 48, 22, 39, 0, 0, 0.17%, 8, 0, 9, 146.35
1735165387, 49, 10, 39, 0, 0, 0.17%, 8, 0, 9, 149.56
1735165392, 49, 15, 39, 0, 0, 0.17%, 8, 0, 9, 152.29
1735165413, 49, 20, 39, 0, 0, 0.17%, 8, 0, 9, 148.49
1735165418, 49, 22, 39, 0, 0, 0.17%, 8, 0, 9, 150.05
1735165423, 49, 29, 39, 0, 0, 0.17%, 8, 0, 9, 149.74
1735165444, 49, 36, 39, 0, 0, 0.17%, 8, 0, 9, 163.64
1735165459, 49, 38, 39, 0, 0, 0.17%, 8, 0, 9, 143.10
1735165474, 50, 10, 39, 0, 0, 0.17%, 8, 0, 9, 133.25
1735165479, 50, 20, 39, 0, 0, 0.17%, 8, 0, 9, 138.84
1735165489, 50, 22, 39, 0, 0, 0.17%, 8, 0, 9, 153.61
1735165494, 50, 36, 39, 0, 0, 0.17%, 8, 0, 9, 163.89
1735165499, 51, 10, 39, 0, 0, 0.17%, 8, 0, 9, 155.14
1735165504, 51, 20, 39, 0, 0, 0.17%, 8, 0, 9, 146.57
1735165515, 51, 22, 39, 0, 0, 0.17%, 8, 0, 9, 126.56
1735165520, 52, 10, 39, 0, 0, 0.17%, 8, 0, 9, 133.64
1735165525, 52, 20, 39, 0, 0, 0.17%, 8, 0, 9, 143.80
1735165530, 52, 22, 39, 0, 0, 0.17%, 8, 0, 9, 146.98
1735165541, 52, 29, 39, 0, 0, 0.17%, 8, 0, 9, 138.47
1735165551, 52, 35, 39, 0, 0, 0.17%, 8, 0, 9, 183.03
1735165587, 53, 10, 39, 0, 0, 0.17%, 8, 0, 9, 141.45
1735165592, 53, 20, 39, 0, 0, 0.17%, 8, 0, 9, 144.00
1735165602, 53, 21, 39, 0, 0, 0.17%, 8, 0, 9, 157.47
1735165618, 53, 22, 39, 0, 0, 0.17%, 8, 0, 9, 140.62
1735165623, 54, 10, 39, 0, 0, 0.17%, 8, 0, 9, 146.96
1735165628, 54, 16, 39, 0, 0, 0.17%, 8, 0, 9, 145.10
1735165633, 54, 20, 39, 0, 0, 0.17%, 8, 0, 9, 136.98
1735165643, 54, 22, 39, 0, 0, 0.17%, 8, 0, 9, 147.42
1735165648, 54, 26, 39, 0, 0, 0.17%, 8, 0, 9, 149.38
1735165679, 55, 11, 39, 0, 0, 0.17%, 8, 0, 9, 139.24
1735165684, 55, 20, 39, 0, 0, 0.17%, 8, 0, 9, 137.64
1735165689, 55, 22, 39, 0, 0, 0.17%, 8, 0, 9, 143.21
1735165694, 56, 7, 39, 0, 0, 0.17%, 8, 0, 9, 139.70
1735165700, 56, 20, 39, 0, 0, 0.17%, 8, 0, 9, 144.88
1735165710, 56, 22, 39, 0, 0, 0.17%, 8, 0, 9, 147.16
1735165715, 56, 25, 39, 0, 0, 0.17%, 8, 0, 9, 162.35
1735165746, 57, 11, 39, 0, 0, 0.17%, 8, 0, 9, 145.10
1735165751, 57, 20, 39, 0, 0, 0.17%, 8, 0, 9, 152.50
1735165756, 57, 22, 39, 0, 0, 0.17%, 8, 0, 9, 142.81
1735165761, 58, 2, 39, 0, 0, 0.17%, 8, 0, 9, 155.69
1735165766, 58, 20, 39, 0, 0, 0.17%, 8, 0, 9, 148.97
1735165777, 58, 22, 39, 0, 0, 0.17%, 8, 0, 9, 136.62
1735165782, 59, 11, 39, 0, 0, 0.17%, 8, 0, 9, 145.54
1735165787, 59, 20, 39, 0, 0, 0.17%, 8, 0, 9, 145.99
1735165792, 59, 22, 39, 0, 0, 0.17%, 8, 0, 9, 140.47
1735165797, 59, 27, 39, 0, 0, 0.17%, 8, 0, 9, 140.46
1735165808, 60, 11, 39, 0, 0, 0.17%, 8, 0, 9, 145.30
1735165813, 60, 20, 39, 0, 0, 0.17%, 8, 0, 9, 143.97
1735165818, 60, 22, 39, 0, 0, 0.17%, 8, 0, 9, 140.85
1735165823, 60, 30, 39, 0, 0, 0.17%, 8, 0, 9, 151.90
1735165843, 60, 38, 39, 0, 0, 0.17%, 8, 0, 9, 149.36
1735165864, 61, 11, 39, 0, 0, 0.17%, 8, 0, 9, 140.83
1735165869, 61, 20, 39, 0, 0, 0.17%, 8, 0, 9, 140.43
1735165874, 61, 22, 39, 0, 0, 0.17%, 8, 0, 9, 142.28
1735165879, 61, 23, 39, 0, 0, 0.17%, 8, 0, 9, 142.66
1735165899, 62, 4, 39, 0, 0, 0.17%, 8, 0, 9, 156.93
1735165905, 62, 20, 39, 0, 0, 0.17%, 8, 0, 9, 146.43
1735165915, 62, 22, 39, 0, 0, 0.17%, 8, 0, 9, 145.03
1735165920, 63, 11, 39, 0, 0, 0.17%, 8, 0, 9, 143.19
1735165925, 63, 20, 39, 0, 0, 0.17%, 8, 0, 9, 144.05
1735165931, 63, 22, 39, 0, 0, 0.17%, 8, 0, 9, 154.10
1735165936, 63, 29, 39, 0, 0, 0.17%, 8, 0, 9, 152.98
1735165941, 64, 10, 39, 0, 0, 0.17%, 8, 0, 9, 142.49
1735165946, 64, 19, 39, 0, 0, 0.17%, 8, 0, 9, 148.39
1735165951, 64, 20, 39, 0, 0, 0.17%, 8, 0, 9, 143.86
1735165962, 64, 22, 39, 0, 0, 0.17%, 8, 0, 9, 143.17
1735165967, 64, 23, 39, 0, 0, 0.17%, 8, 0, 9, 155.90
1735165977, 65, 11, 39, 0, 0, 0.17%, 8, 0, 9, 140.27
1735165982, 65, 20, 39, 0, 0, 0.17%, 8, 0, 9, 141.13
1735165992, 65, 22, 39, 0, 0, 0.17%, 8, 0, 9, 144.57
1735165998, 65, 30, 39, 0, 0, 0.17%, 8, 0, 9, 147.63
1735166008, 66, 10, 39, 0, 0, 0.17%, 8, 0, 9, 135.69
1735166013, 66, 20, 39, 0, 0, 0.17%, 8, 0, 9, 141.25
1735166023, 66, 22, 39, 0, 0, 0.17%, 8, 0, 9, 150.09
1735166028, 66, 37, 39, 0, 0, 0.17%, 8, 0, 9, 171.50
1735166064, 67, 9, 39, 0, 0, 0.17%, 8, 0, 9, 144.99
1735166069, 67, 20, 39, 0, 0, 0.17%, 8, 0, 9, 147.32
1735166080, 67, 22, 39, 0, 0, 0.17%, 8, 0, 9, 147.58
1735166085, 67, 35, 39, 0, 0, 0.17%, 8, 0, 9, 175.66
1735166120, 68, 10, 39, 0, 0, 0.17%, 8, 0, 9, 142.49
1735166126, 68, 20, 39, 0, 0, 0.17%, 8, 0, 9, 144.65
1735166136, 68, 22, 39, 0, 0, 0.17%, 8, 0, 9, 143.15
1735166141, 68, 25, 39, 0, 0, 0.17%, 8, 0, 9, 163.07
1735166167, 69, 10, 39, 0, 0, 0.17%, 8, 0, 9, 150.74
1735166172, 69, 20, 39, 0, 0, 0.17%, 8, 0, 9, 148.18
1735166182, 69, 22, 39, 0, 0, 0.17%, 8, 0, 9, 140.53
1735166187, 70, 20, 39, 0, 0, 0.17%, 8, 0, 9, 147.80
1735166198, 70, 22, 39, 0, 0, 0.17%, 8, 0, 9, 140.09
1735166203, 71, 11, 39, 0, 0, 0.17%, 8, 0, 9, 140.10
1735166208, 71, 20, 39, 0, 0, 0.17%, 8, 0, 9, 146.49
1735166213, 71, 22, 39, 0, 0, 0.17%, 8, 0, 9, 140.67
1735166218, 71, 29, 39, 0, 0, 0.17%, 8, 0, 9, 148.04
1735166224, 72, 10, 39, 0, 0, 0.17%, 8, 0, 9, 141.61
1735166229, 72, 20, 39, 0, 0, 0.17%, 8, 0, 9, 144.09
1735166239, 72, 22, 39, 0, 0, 0.17%, 8, 0, 9, 148.07
1735166244, 72, 27, 39, 0, 0, 0.17%, 8, 0, 9, 159.95
1735166249, 73, 10, 39, 0, 0, 0.17%, 8, 0, 9, 148.83
1735166254, 73, 20, 39, 0, 0, 0.17%, 8, 0, 9, 143.29
1735166265, 73, 22, 39, 0, 0, 0.17%, 8, 0, 9, 141.02
1735166270, 73, 29, 39, 0, 0, 0.17%, 8, 0, 9, 134.24
1735166275, 74, 10, 39, 0, 0, 0.17%, 8, 0, 9, 144.00
1735166280, 74, 20, 39, 0, 0, 0.17%, 8, 0, 9, 147.19
1735166285, 74, 22, 39, 0, 0, 0.17%, 8, 0, 9, 136.74
1735166295, 75, 10, 39, 0, 0, 0.17%, 8, 0, 9, 137.39
1735166301, 75, 18, 39, 0, 0, 0.17%, 8, 0, 9, 134.60
1735166306, 75, 20, 39, 0, 0, 0.17%, 8, 0, 9, 145.94
1735166316, 75, 22, 39, 0, 0, 0.17%, 8, 0, 9, 136.89
1735166321, 75, 35, 39, 0, 0, 0.17%, 8, 0, 9, 172.24
1735166342, 76, 10, 39, 0, 0, 0.17%, 8, 0, 9, 131.27
1735166347, 76, 12, 39, 0, 0, 0.17%, 8, 0, 9, 139.69
1735166352, 76, 20, 39, 0, 0, 0.17%, 8, 0, 9, 148.07
1735166357, 76, 22, 39, 0, 0, 0.17%, 8, 0, 9, 150.08
1735166362, 77, 10, 39, 0, 0, 0.17%, 8, 0, 9, 142.25
1735166367, 77, 20, 39, 0, 0, 0.17%, 8, 0, 9, 146.55
1735166377, 77, 22, 39, 0, 0, 0.17%, 8, 0, 9, 140.31
1735166382, 77, 31, 39, 0, 0, 0.17%, 8, 0, 9, 155.73
1735166397, 78, 11, 39, 0, 0, 0.17%, 8, 0, 9, 132.02
1735166403, 78, 13, 39, 0, 0, 0.17%, 8, 0, 9, 135.26
1735166408, 78, 20, 39, 0, 0, 0.17%, 8, 0, 9, 141.03
1735166413, 78, 22, 39, 0, 0, 0.17%, 8, 0, 9, 150.72
1735166418, 78, 31, 39, 0, 0, 0.17%, 8, 0, 9, 153.47
1735166428, 79, 17, 39, 0, 0, 0.17%, 8, 0, 9, 143.95
1735166438, 79, 20, 39, 0, 0, 0.17%, 8, 0, 9, 156.23
1735166449, 79, 22, 39, 0, 0, 0.17%, 8, 0, 9, 140.72
1735166454, 80, 11, 39, 0, 0, 0.17%, 8, 0, 9, 138.92
1735166459, 80, 20, 39, 0, 0, 0.17%, 8, 0, 9, 140.85
1735166464, 80, 22, 39, 0, 0, 0.17%, 8, 0, 9, 139.30
1735166469, 81, 10, 39, 0, 0, 0.17%, 8, 0, 9, 137.10
1735166475, 81, 20, 39, 0, 0, 0.17%, 8, 0, 9, 140.70
1735166480, 81, 22, 39, 0, 0, 0.17%, 8, 0, 9, 144.12
1735166485, 82, 10, 39, 0, 0, 0.17%, 8, 0, 9, 146.28
1735166490, 82, 13, 39, 0, 0, 0.17%, 8, 0, 9, 145.96
1735166495, 82, 20, 39, 0, 0, 0.17%, 8, 0, 9, 149.62
1735166505, 82, 22, 39, 0, 0, 0.17%, 8, 0, 9, 142.08
1735166510, 82, 26, 39, 0, 0, 0.17%, 8, 0, 9, 150.17
1735166526, 83, 11, 39, 0, 0, 0.17%, 8, 0, 9, 139.89
1735166531, 83, 20, 39, 0, 0, 0.17%, 8, 0, 9, 143.80
1735166536, 83, 22, 39, 0, 0, 0.17%, 8, 0, 9, 133.67
1735166541, 84, 5, 39, 0, 0, 0.17%, 8, 0, 9, 134.96
1735166546, 84, 20, 39, 0, 0, 0.17%, 8, 0, 9, 145.33
1735166557, 84, 21, 39, 0, 0, 0.17%, 8, 0, 9, 157.64
1735166567, 84, 22, 39, 0, 0, 0.17%, 8, 0, 9, 151.26
1735166572, 85, 11, 39, 0, 0, 0.17%, 8, 0, 9, 144.29
1735166577, 85, 20, 39, 0, 0, 0.17%, 8, 0, 9, 146.77
1735166582, 85, 22, 39, 0, 0, 0.17%, 8, 0, 9, 145.30
1735166587, 85, 38, 39, 0, 0, 0.17%, 8, 0, 9, 143.05
1735166598, 86, 11, 39, 0, 0, 0.17%, 8, 0, 9, 139.12
1735166603, 86, 15, 39, 0, 0, 0.17%, 8, 0, 9, 148.94
1735166613, 86, 19, 39, 0, 0, 0.17%, 8, 0, 9, 145.82
1735166618, 86, 20, 39, 0, 0, 0.17%, 8, 0, 9, 146.45
1735166628, 86, 22, 39, 0, 0, 0.17%, 8, 0, 9, 144.54
1735166633, 87, 11, 39, 0, 0, 0.17%, 8, 0, 9, 136.31
1735166639, 87, 20, 39, 0, 0, 0.17%, 8, 0, 9, 144.19
1735166644, 87, 22, 39, 0, 0, 0.17%, 8, 0, 9, 138.65
1735166649, 87, 23, 39, 0, 0, 0.17%, 8, 0, 9, 142.16
1735166654, 87, 26, 39, 0, 0, 0.17%, 8, 0, 9, 149.50
1735166664, 88, 10, 39, 0, 0, 0.17%, 8, 0, 9, 140.79
1735166669, 88, 20, 39, 0, 0, 0.17%, 8, 0, 9, 144.18
1735166680, 88, 22, 39, 0, 0, 0.17%, 8, 0, 9, 143.23
1735166685, 89, 11, 39, 0, 0, 0.17%, 8, 0, 9, 145.29
1735166690, 89, 20, 39, 0, 0, 0.17%, 8, 0, 9, 153.20
1735166695, 89, 22, 39, 0, 0, 0.17%, 8, 0, 9, 141.80
1735166700, 90, 2, 39, 0, 0, 0.17%, 8, 0, 9, 138.71
1735166705, 90, 11, 39, 0, 0, 0.17%, 8, 0, 9, 146.22
1735166711, 90, 20, 39, 0, 0, 0.17%, 8, 0, 9, 145.10
1735166716, 90, 22, 39, 0, 0, 0.17%, 8, 0, 9, 140.89
1735166721, 91, 11, 39, 0, 0, 0.17%, 8, 0, 9, 148.76
1735166726, 91, 20, 39, 0, 0, 0.17%, 8, 0, 9, 139.09
1735166731, 91, 22, 39, 0, 0, 0.17%, 8, 0, 9, 144.13
1735166736, 92, 2, 39, 0, 0, 0.17%, 8, 0, 9, 143.15
1735166742, 92, 10, 39, 0, 0, 0.17%, 8, 0, 9, 147.26
1735166747, 92, 20, 39, 0, 0, 0.17%, 8, 0, 9, 146.48
1735166752, 92, 22, 39, 0, 0, 0.17%, 8, 0, 9, 148.24
1735166757, 92, 37, 39, 0, 0, 0.17%, 8, 0, 9, 153.22
1735166798, 93, 11, 39, 0, 0, 0.17%, 8, 0, 9, 149.00
1735166803, 93, 20, 39, 0, 0, 0.17%, 8, 0, 9, 144.69
1735166808, 93, 22, 39, 0, 0, 0.17%, 8, 0, 9, 147.63
1735166813, 93, 36, 39, 0, 0, 0.17%, 8, 0, 9, 149.58
1735166824, 94, 11, 39, 0, 0, 0.17%, 8, 0, 9, 146.93
1735166829, 94, 20, 39, 0, 0, 0.17%, 8, 0, 9, 146.37
1735166839, 94, 22, 39, 0, 0, 0.17%, 8, 0, 9, 143.74
1735166844, 95, 11, 39, 0, 0, 0.17%, 8, 0, 9, 139.47
1735166849, 95, 20, 39, 0, 0, 0.17%, 8, 0, 9, 152.21
1735166854, 95, 22, 39, 0, 0, 0.17%, 8, 0, 9, 147.25
1735166859, 95, 24, 39, 0, 0, 0.17%, 8, 0, 9, 158.98
1735166880, 96, 11, 39, 0, 0, 0.17%, 8, 0, 9, 155.01
1735166885, 96, 20, 39, 0, 0, 0.17%, 8, 0, 9, 148.45
1735166890, 96, 22, 39, 0, 0, 0.17%, 8, 0, 9, 152.95
1735166895, 97, 7, 39, 0, 0, 0.17%, 8, 0, 9, 149.27
1735166900, 97, 11, 39, 0, 0, 0.17%, 8, 0, 9, 138.24
1735166906, 97, 20, 39, 0, 0, 0.17%, 8, 0, 9, 139.06
1735166916, 97, 22, 39, 0, 0, 0.17%, 8, 0, 9, 144.37
1735166921, 97, 32, 39, 0, 0, 0.17%, 8, 0, 9, 183.59
1735166931, 98, 10, 39, 0, 0, 0.17%, 8, 0, 9, 156.84
1735166937, 98, 17, 39, 0, 0, 0.17%, 8, 0, 9, 142.66
1735166942, 98, 20, 39, 0, 0, 0.17%, 8, 0, 9, 148.31
1735166952, 98, 22, 39, 0, 0, 0.17%, 8, 0, 9, 141.54
1735166957, 99, 20, 39, 0, 0, 0.17%, 8, 0, 9, 141.67
1735166967, 99, 22, 39, 0, 0, 0.17%, 8, 0, 9, 140.34
1735166973, 99, 26, 39, 0, 0, 0.17%, 8, 0, 9, 145.15
1735166978, 99, 32, 39, 0, 0, 0.17%, 8, 0, 9, 153.27
1735166988, 100, 11, 39, 0, 0, 0.17%, 8, 0, 9, 147.74
1735166993, 100, 20, 39, 0, 0, 0.17%, 8, 0, 9, 141.67
1735166998, 100, 22, 39, 0, 0, 0.17%, 8, 0, 9, 136.12
1735167003, 100, 29, 39, 0, 0, 0.17%, 8, 0, 9, 156.13
1735167008, 101, 10, 39, 0, 0, 0.17%, 8, 0, 9, 138.56
1735167013, 101, 20, 39, 0, 0, 0.17%, 8, 0, 9, 147.62
1735167024, 101, 22, 39, 0, 0, 0.17%, 8, 0, 9, 136.03
1735167029, 101, 30, 39, 0, 0, 0.17%, 8, 0, 9, 144.48
1735167034, 102, 11, 39, 0, 0, 0.17%, 8, 0, 9, 144.14
1735167039, 102, 20, 39, 0, 0, 0.17%, 8, 0, 9, 141.40
1735167044, 102, 22, 39, 0, 0, 0.17%, 8, 0, 9, 143.46
1735167049, 102, 23, 39, 0, 0, 0.17%, 8, 0, 9, 148.10
1735167054, 103, 7, 39, 0, 0, 0.17%, 8, 0, 9, 153.16
1735167060, 103, 11, 39, 0, 0, 0.17%, 8, 0, 9, 143.27
1735167065, 103, 20, 39, 0, 0, 0.17%, 8, 0, 9, 157.23
1735167070, 103, 22, 39, 0, 0, 0.17%, 8, 0, 9, 146.10
1735167075, 104, 10, 39, 0, 0, 0.17%, 8, 0, 9, 143.16
1735167080, 104, 20, 39, 0, 0, 0.17%, 8, 0, 9, 145.70
1735167090, 104, 22, 39, 0, 0, 0.17%, 8, 0, 9, 144.57
1735167095, 104, 31, 39, 0, 0, 0.17%, 8, 0, 9, 153.79
1735167100, 105, 11, 39, 0, 0, 0.17%, 8, 0, 9, 148.03
1735167105, 105, 20, 39, 0, 0, 0.17%, 8, 0, 9, 146.56
1735167111, 105, 22, 39, 0, 0, 0.17%, 8, 0, 9, 138.79
1735167116, 105, 28, 39, 0, 0, 0.17%, 8, 0, 9, 139.85
1735167146, 105, 36, 39, 0, 0, 0.17%, 8, 0, 9, 145.82
1735167156, 105, 38, 39, 0, 0, 0.17%, 8, 0, 9, 150.74
1735167167, 106, 11, 39, 0, 0, 0.17%, 8, 0, 9, 141.40
1735167172, 106, 20, 39, 0, 0, 0.17%, 8, 0, 9, 135.07
1735167182, 106, 22, 39, 0, 0, 0.17%, 8, 0, 9, 141.31
1735167187, 106, 35, 39, 0, 0, 0.17%, 8, 0, 9, 167.26
1735167198, 107, 5, 39, 0, 0, 0.17%, 8, 0, 9, 145.41
1735167203, 107, 10, 39, 0, 0, 0.17%, 8, 0, 9, 142.51
1735167208, 107, 13, 39, 0, 0, 0.17%, 8, 0, 9, 137.29
1735167213, 107, 20, 39, 0, 0, 0.17%, 8, 0, 9, 140.81
1735167218, 107, 22, 39, 0, 0, 0.17%, 8, 0, 9, 145.40
1735167223, 108, 4, 39, 0, 0, 0.17%, 8, 0, 9, 147.55
1735167228, 108, 11, 39, 0, 0, 0.17%, 8, 0, 9, 139.48
1735167233, 108, 16, 39, 0, 0, 0.17%, 8, 0, 9, 152.23
1735167244, 108, 20, 39, 0, 0, 0.17%, 8, 0, 9, 144.03
1735167249, 108, 22, 39, 0, 0, 0.17%, 8, 0, 9, 142.48
1735167254, 109, 10, 39, 0, 0, 0.17%, 8, 0, 9, 138.19
1735167259, 109, 20, 39, 0, 0, 0.17%, 8, 0, 9, 141.15
1735167269, 109, 22, 39, 0, 0, 0.17%, 8, 0, 9, 139.75
1735167275, 110, 11, 39, 0, 0, 0.17%, 8, 0, 9, 141.07
1735167280, 110, 20, 39, 0, 0, 0.17%, 8, 0, 9, 150.99
1735167285, 110, 22, 39, 0, 0, 0.17%, 8, 0, 9, 150.74
1735167290, 111, 10, 39, 0, 0, 0.17%, 8, 0, 9, 136.74
1735167295, 111, 18, 39, 0, 0, 0.17%, 8, 0, 9, 144.73
1735167300, 111, 20, 39, 0, 0, 0.17%, 8, 0, 9, 147.51
1735167306, 111, 22, 39, 0, 0, 0.17%, 8, 0, 9, 139.89
1735167311, 111, 25, 39, 0, 0, 0.17%, 8, 0, 9, 153.19
1735167326, 112, 0, 39, 0, 0, 0.17%, 8, 0, 9, 148.20
1735167331, 112, 11, 39, 0, 0, 0.17%, 8, 0, 9, 140.66
1735167336, 112, 20, 39, 0, 0, 0.17%, 8, 0, 9, 145.70
1735167341, 112, 22, 39, 0, 0, 0.17%, 8, 0, 9, 143.58
1735167346, 112, 36, 39, 0, 0, 0.17%, 8, 0, 9, 158.19
1735167357, 113, 10, 39, 0, 0, 0.17%, 8, 0, 9, 140.75
1735167362, 113, 15, 39, 0, 0, 0.17%, 8, 0, 9, 160.45
1735167367, 113, 20, 39, 0, 0, 0.17%, 8, 0, 9, 152.52
1735167372, 113, 22, 39, 0, 0, 0.17%, 8, 0, 9, 140.92
1735167377, 114, 10, 39, 0, 0, 0.17%, 8, 0, 9, 137.50
1735167382, 114, 14, 39, 0, 0, 0.17%, 8, 0, 9, 139.33
1735167387, 114, 19, 39, 0, 0, 0.17%, 8, 0, 9, 149.55
1735167393, 114, 20, 39, 0, 0, 0.17%, 8, 0, 9, 148.12
1735167403, 114, 22, 39, 0, 0, 0.17%, 8, 0, 9, 132.57
1735167408, 115, 10, 39, 0, 0, 0.17%, 8, 0, 9, 140.27
1735167413, 115, 20, 39, 0, 0, 0.17%, 8, 0, 9, 141.01
1735167423, 115, 22, 39, 0, 0, 0.17%, 8, 0, 9, 143.02
1735167428, 116, 11, 39, 0, 0, 0.17%, 8, 0, 9, 142.77
1735167434, 116, 20, 39, 0, 0, 0.17%, 8, 0, 9, 154.04
1735167439, 116, 22, 39, 0, 0, 0.17%, 8, 0, 9, 138.32
1735167444, 117, 5, 39, 0, 0, 0.17%, 8, 0, 9, 136.15
1735167449, 117, 20, 39, 0, 0, 0.17%, 8, 0, 9, 146.55
1735167459, 117, 22, 39, 0, 0, 0.17%, 8, 0, 9, 145.01
1735167464, 118, 11, 39, 0, 0, 0.17%, 8, 0, 9, 151.54
1735167469, 118, 15, 39, 0, 0, 0.17%, 8, 0, 9, 155.99
1735167475, 118, 20, 39, 0, 0, 0.17%, 8, 0, 9, 139.03
1735167480, 118, 22, 39, 0, 0, 0.17%, 8, 0, 9, 139.14
1735167485, 119, 10, 39, 0, 0, 0.17%, 8, 0, 9, 151.57
1735167490, 119, 12, 39, 0, 0, 0.17%, 8, 0, 9, 149.51
1735167495, 119, 20, 39, 0, 0, 0.17%, 8, 0, 9, 145.92
1735167506, 119, 22, 39, 0, 0, 0.17%, 8, 0, 9, 152.17
1735167511, 120, 10, 39, 0, 0, 0.17%, 8, 0, 9, 142.08
1735167516, 120, 20, 39, 0, 0, 0.17%, 8, 0, 9, 142.32
1735167526, 120, 22, 39, 0, 0, 0.17%, 8, 0, 9, 140.29
1735167531, 121, 10, 39, 0, 0, 0.17%, 8, 0, 9, 143.66
1735167536, 121, 20, 39, 0, 0, 0.17%, 8, 0, 9, 146.23
1735167547, 121, 22, 39, 0, 0, 0.17%, 8, 0, 9, 145.52
1735167552, 122, 11, 39, 0, 0, 0.17%, 8, 0, 9, 144.08
1735167557, 122, 20, 39, 0, 0, 0.17%, 8, 0, 9, 154.28
1735167562, 122, 22, 39, 0, 0, 0.17%, 8, 0, 9, 150.69
1735167567, 122, 27, 39, 0, 0, 0.17%, 8, 0, 9, 171.46
1735167578, 122, 33, 39, 0, 0, 0.17%, 8, 0, 9, 197.77
1735167603, 122, 38, 39, 0, 0, 0.17%, 8, 0, 9, 149.59
1735167608, 123, 10, 39, 0, 0, 0.17%, 8, 0, 9, 140.83
1735167613, 123, 17, 39, 0, 0, 0.17%, 8, 0, 9, 137.06
1735167619, 123, 20, 39, 0, 0, 0.17%, 8, 0, 9, 144.83
1735167629, 123, 22, 39, 0, 0, 0.17%, 8, 0, 9, 135.39
1735167634, 123, 26, 39, 0, 0, 0.17%, 8, 0, 9, 149.83
1735167639, 123, 35, 39, 0, 0, 0.17%, 8, 0, 9, 166.39
1735167649, 123, 37, 39, 0, 0, 0.17%, 8, 0, 9, 163.82
1735167669, 124, 5, 39, 0, 0, 0.17%, 8, 0, 9, 139.95
1735167674, 124, 13, 39, 0, 0, 0.17%, 8, 0, 9, 146.21
1735167680, 124, 20, 39, 0, 0, 0.17%, 8, 0, 9, 151.43
1735167690, 124, 22, 39, 0, 0, 0.17%, 8, 0, 9, 147.07
1735167695, 124, 37, 39, 0, 0, 0.17%, 8, 0, 9, 157.44
1735167705, 125, 11, 39, 0, 0, 0.17%, 8, 0, 9, 144.25
1735167710, 125, 20, 39, 0, 0, 0.17%, 8, 0, 9, 150.99
1735167716, 125, 22, 39, 0, 0, 0.17%, 8, 0, 9, 151.27
1735167721, 126, 11, 39, 0, 0, 0.17%, 8, 0, 9, 145.84
1735167726, 126, 20, 39, 0, 0, 0.17%, 8, 0, 9, 140.55
1735167731, 126, 22, 39, 0, 0, 0.17%, 8, 0, 9, 138.61
1735167742, 127, 19, 39, 0, 0, 0.17%, 8, 0, 9, 144.19
1735167747, 127, 20, 39, 0, 0, 0.17%, 8, 0, 9, 147.26
1735167757, 127, 22, 39, 0, 0, 0.17%, 8, 0, 9, 144.89
1735167762, 127, 26, 39, 0, 0, 0.17%, 8, 0, 9, 139.83
1735167767, 128, 10, 39, 0, 0, 0.17%, 8, 0, 9, 134.24
1735167772, 128, 20, 39, 0, 0, 0.17%, 8, 0, 9, 144.83
1735167782, 128, 22, 39, 0, 0, 0.17%, 8, 0, 9, 141.02
1735167788, 128, 30, 39, 0, 0, 0.17%, 8, 0, 9, 142.21
1735167793, 128, 36, 39, 0, 0, 0.17%, 8, 0, 9, 151.72
1735167798, 128, 38, 39, 0, 0, 0.17%, 8, 0, 9, 147.52
1735167803, 129, 10, 39, 0, 0, 0.17%, 8, 0, 9, 144.75
1735167808, 129, 12, 39, 0, 0, 0.17%, 8, 0, 9, 135.45
1735167813, 129, 20, 39, 0, 0, 0.17%, 8, 0, 9, 141.55
1735167824, 129, 22, 39, 0, 0, 0.17%, 8, 0, 9, 139.58
1735167829, 130, 11, 39, 0, 0, 0.17%, 8, 0, 9, 144.54
1735167834, 130, 20, 39, 0, 0, 0.17%, 8, 0, 9, 145.77
1735167839, 130, 22, 39, 0, 0, 0.17%, 8, 0, 9, 147.67
1735167844, 130, 26, 39, 0, 0, 0.17%, 8, 0, 9, 148.28
1735167849, 131, 5, 39, 0, 0, 0.17%, 8, 0, 9, 142.74
1735167854, 131, 11, 39, 0, 0, 0.17%, 8, 0, 9, 149.12
1735167859, 131, 12, 39, 0, 0, 0.17%, 8, 0, 9, 146.68
1735167865, 131, 17, 39, 0, 0, 0.17%, 8, 0, 9, 140.83
1735167870, 131, 20, 39, 0, 0, 0.17%, 8, 0, 9, 146.16
1735167875, 131, 22, 39, 0, 0, 0.17%, 8, 0, 9, 147.78
1735167880, 132, 10, 39, 0, 0, 0.17%, 8, 0, 9, 143.21
1735167885, 132, 20, 39, 0, 0, 0.17%, 8, 0, 9, 149.59
1735167896, 132, 22, 39, 0, 0, 0.17%, 8, 0, 9, 137.77
1735167901, 132, 37, 39, 0, 0, 0.17%, 8, 0, 9, 162.15
1735167911, 133, 8, 39, 0, 0, 0.17%, 8, 0, 9, 145.26
1735167916, 133, 11, 39, 0, 0, 0.17%, 8, 0, 9, 141.44
1735167921, 133, 20, 39, 0, 0, 0.17%, 8, 0, 9, 137.76
1735167926, 133, 22, 39, 0, 0, 0.17%, 8, 0, 9, 142.95
1735167932, 133, 23, 39, 0, 0, 0.17%, 8, 0, 9, 146.34
1735167937, 133, 24, 39, 0, 0, 0.17%, 8, 0, 9, 160.59
1735167947, 134, 11, 39, 0, 0, 0.17%, 8, 0, 9, 141.34
1735167952, 134, 14, 39, 0, 0, 0.17%, 8, 0, 9, 152.65
1735167957, 134, 20, 39, 0, 0, 0.17%, 8, 0, 9, 148.93
1735167962, 134, 21, 39, 0, 0, 0.17%, 8, 0, 9, 157.97
1735167967, 134, 22, 39, 0, 0, 0.17%, 8, 0, 9, 150.82
1735167972, 134, 24, 39, 0, 0, 0.17%, 8, 0, 9, 155.65
1735167977, 135, 11, 39, 0, 0, 0.17%, 8, 0, 9, 147.15
1735167982, 135, 20, 39, 0, 0, 0.17%, 8, 0, 9, 143.04
1735167988, 135, 22, 39, 0, 0, 0.17%, 8, 0, 9, 140.58
1735167993, 135, 31, 39, 0, 0, 0.17%, 8, 0, 9, 142.82
1735168003, 136, 11, 39, 0, 0, 0.17%, 8, 0, 9, 138.12
1735168008, 136, 20, 39, 0, 0, 0.17%, 8, 0, 9, 144.02
1735168013, 136, 22, 39, 0, 0, 0.17%, 8, 0, 9, 141.44
1735168019, 137, 10, 39, 0, 0, 0.17%, 8, 0, 9, 141.16
1735168024, 137, 20, 39, 0, 0, 0.17%, 8, 0, 9, 139.35
1735168034, 138, 10, 39, 0, 0, 0.17%, 8, 0, 9, 151.81
1735168039, 138, 20, 39, 0, 0, 0.17%, 8, 0, 9, 147.73
1735168049, 138, 22, 39, 0, 0, 0.17%, 8, 0, 9, 143.35
1735168055, 139, 11, 39, 0, 0, 0.17%, 8, 0, 9, 140.28
1735168060, 139, 20, 39, 0, 0, 0.17%, 8, 0, 9, 138.12
1735168065, 139, 22, 39, 0, 0, 0.17%, 8, 0, 9, 139.76
1735168070, 139, 32, 39, 0, 0, 0.17%, 8, 0, 9, 166.18
1735168080, 139, 35, 39, 0, 0, 0.17%, 8, 0, 9, 165.69
1735168091, 140, 11, 39, 0, 0, 0.17%, 8, 0, 9, 142.34
1735168096, 140, 16, 39, 0, 0, 0.17%, 8, 0, 9, 147.46
1735168101, 140, 20, 39, 0, 0, 0.17%, 8, 0, 9, 150.21
1735168106, 140, 22, 39, 0, 0, 0.17%, 8, 0, 9, 142.74
1735168111, 140, 32, 39, 0, 0, 0.17%, 8, 0, 9, 165.10
1735168122, 141, 11, 39, 0, 0, 0.17%, 8, 0, 9, 142.26
1735168127, 141, 20, 39, 0, 0, 0.17%, 8, 0, 9, 149.46
1735168132, 141, 21, 39, 0, 0, 0.17%, 8, 0, 9, 146.87
1735168137, 141, 22, 39, 0, 0, 0.17%, 8, 0, 9, 139.30
1735168142, 142, 11, 39, 0, 0, 0.17%, 8, 0, 9, 138.81
1735168147, 142, 12, 39, 0, 0, 0.17%, 8, 0, 9, 139.11
1735168153, 142, 20, 39, 0, 0, 0.17%, 8, 0, 9, 143.28
1735168158, 142, 22, 39, 0, 0, 0.17%, 8, 0, 9, 150.14
1735168163, 143, 10, 39, 0, 0, 0.17%, 8, 0, 9, 153.50
1735168168, 143, 20, 39, 0, 0, 0.17%, 8, 0, 9, 147.38
1735168178, 143, 22, 39, 0, 0, 0.17%, 8, 0, 9, 146.89
1735168183, 144, 11, 39, 0, 0, 0.17%, 8, 0, 9, 142.15
1735168189, 144, 20, 39, 0, 0, 0.17%, 8, 0, 9, 140.76
1735168194, 144, 22, 39, 0, 0, 0.17%, 8, 0, 9, 145.92
1735168199, 144, 30, 39, 0, 0, 0.17%, 8, 0, 9, 141.61
1735168204, 145, 11, 39, 0, 0, 0.17%, 8, 0, 9, 141.94
1735168209, 145, 20, 39, 0, 0, 0.17%, 8, 0, 9, 143.13
1735168214, 145, 22, 39, 0, 0, 0.17%, 8, 0, 9, 141.87
1735168219, 145, 37, 39, 0, 0, 0.17%, 8, 0, 9, 156.74
1735168230, 146, 10, 39, 0, 0, 0.17%, 8, 0, 9, 141.93
1735168235, 146, 20, 39, 0, 0, 0.17%, 8, 0, 9, 144.58
1735168245, 146, 22, 39, 0, 0, 0.17%, 8, 0, 9, 143.90
1735168250, 146, 27, 39, 0, 0, 0.17%, 8, 0, 9, 168.28
1735168255, 147, 11, 39, 0, 0, 0.17%, 8, 0, 9, 144.47
1735168260, 147, 20, 39, 0, 0, 0.17%, 8, 0, 9, 139.90
1735168266, 147, 22, 39, 0, 0, 0.17%, 8, 0, 9, 144.32
1735168271, 148, 10, 39, 0, 0, 0.17%, 8, 0, 9, 141.46
1735168276, 148, 20, 39, 0, 0, 0.17%, 8, 0, 9, 148.89
1735168286, 148, 22, 39, 0, 0, 0.17%, 8, 0, 9, 153.08
1735168291, 149, 11, 39, 0, 0, 0.17%, 8, 0, 9, 141.43
1735168296, 149, 13, 39, 0, 0, 0.17%, 8, 0, 9, 154.88
1735168301, 149, 20, 39, 0, 0, 0.17%, 8, 0, 9, 140.46
1735168307, 149, 22, 39, 0, 0, 0.17%, 8, 0, 9, 144.23
1735168312, 149, 25, 39, 0, 0, 0.17%, 8, 0, 9, 148.67
1735168322, 150, 11, 39, 0, 0, 0.17%, 8, 0, 9, 139.95
1735168327, 150, 20, 39, 0, 0, 0.17%, 8, 0, 9, 149.22
1735168332, 150, 22, 39, 0, 0, 0.17%, 8, 0, 9, 142.87
1735168337, 150, 26, 39, 0, 0, 0.17%, 8, 0, 9, 139.75
1735168348, 150, 32, 39, 0, 0, 0.17%, 8, 0, 9, 159.69
1735168353, 151, 10, 39, 0, 0, 0.17%, 8, 0, 9, 138.90
1735168358, 151, 14, 39, 0, 0, 0.17%, 8, 0, 9, 146.63
1735168363, 151, 16, 39, 0, 0, 0.17%, 8, 0, 9, 140.32
1735168368, 151, 18, 39, 0, 0, 0.17%, 8, 0, 9, 137.50
1735168373, 151, 20, 39, 0, 0, 0.17%, 8, 0, 9, 145.11
1735168383, 151, 22, 39, 0, 0, 0.17%, 8, 0, 9, 142.26
1735168388, 152, 11, 39, 0, 0, 0.17%, 8, 0, 9, 143.37
1735168394, 152, 20, 39, 0, 0, 0.17%, 8, 0, 9, 145.60
1735168399, 152, 22, 39, 0, 0, 0.17%, 8, 0, 9, 144.41
1735168404, 153, 10, 39, 0, 0, 0.17%, 8, 0, 9, 139.26
1735168409, 153, 20, 39, 0, 0, 0.17%, 8, 0, 9, 144.86
1735168419, 153, 22, 39, 0, 0, 0.17%, 8, 0, 9, 143.30
1735168424, 153, 35, 39, 0, 0, 0.17%, 8, 0, 9, 166.46
1735168434, 154, 11, 39, 0, 0, 0.17%, 8, 0, 9, 141.65
1735168439, 154, 20, 39, 0, 0, 0.17%, 8, 0, 9, 149.62
1735168450, 154, 22, 39, 0, 0, 0.17%, 8, 0, 9, 146.54
1735168455, 154, 27, 39, 0, 0, 0.17%, 8, 0, 9, 162.87
1735168460, 154, 33, 39, 0, 0, 0.17%, 8, 0, 9, 182.37
1735168475, 155, 11, 39, 0, 0, 0.17%, 8, 0, 9, 143.18
1735168480, 155, 20, 39, 0, 0, 0.17%, 8, 0, 9, 148.78
1735168485, 155, 22, 39, 0, 0, 0.17%, 8, 0, 9, 144.18
1735168491, 155, 23, 39, 0, 0, 0.17%, 8, 0, 9, 143.58
1735168496, 156, 10, 39, 0, 0, 0.17%, 8, 0, 9, 139.97
1735168501, 156, 20, 39, 0, 0, 0.17%, 8, 0, 9, 141.15
1735168511, 156, 22, 39, 0, 0, 0.17%, 8, 0, 9, 140.52
1735168516, 157, 10, 39, 0, 0, 0.17%, 8, 0, 9, 136.96
1735168522, 157, 20, 39, 0, 0, 0.17%, 8, 0, 9, 143.54
1735168532, 157, 22, 39, 0, 0, 0.17%, 8, 0, 9, 136.19
1735168537, 158, 11, 39, 0, 0, 0.17%, 8, 0, 9, 143.24
1735168542, 158, 16, 39, 0, 0, 0.17%, 8, 0, 9, 147.28
1735168547, 158, 20, 39, 0, 0, 0.17%, 8, 0, 9, 144.16
1735168553, 158, 22, 39, 0, 0, 0.17%, 8, 0, 9, 147.32
1735168558, 158, 28, 39, 0, 0, 0.17%, 8, 0, 9, 149.15
1735168573, 158, 30, 39, 0, 0, 0.17%, 8, 0, 9, 145.53
1735168578, 159, 10, 39, 0, 0, 0.17%, 8, 0, 9, 144.88
1735168583, 159, 20, 39, 0, 0, 0.17%, 8, 0, 9, 143.69
1735168593, 159, 22, 39, 0, 0, 0.17%, 8, 0, 9, 141.55
1735168599, 159, 35, 39, 0, 0, 0.17%, 8, 0, 9, 165.73
1735168604, 160, 0, 39, 0, 0, 0.17%, 8, 0, 9, 152.08
1735168609, 160, 11, 39, 0, 0, 0.17%, 8, 0, 9, 148.53
1735168614, 160, 19, 39, 0, 0, 0.17%, 8, 0, 9, 144.43
1735168619, 160, 20, 39, 0, 0, 0.17%, 8, 0, 9, 144.18
1735168624, 160, 22, 39, 0, 0, 0.17%, 8, 0, 9, 142.54
1735168629, 161, 10, 39, 0, 0, 0.17%, 8, 0, 9, 150.54
1735168634, 161, 20, 39, 0, 0, 0.17%, 8, 0, 9, 147.71
1735168644, 161, 22, 39, 0, 0, 0.17%, 8, 0, 9, 137.15
1735168649, 162, 11, 39, 0, 0, 0.17%, 8, 0, 9, 139.32
1735168654, 162, 20, 39, 0, 0, 0.17%, 8, 0, 9, 144.00
1735168660, 162, 22, 39, 0, 0, 0.17%, 8, 0, 9, 134.59
1735168670, 162, 23, 39, 0, 0, 0.17%, 8, 0, 9, 141.42
1735168675, 162, 33, 39, 0, 0, 0.17%, 8, 0, 9, 158.31
1735168680, 163, 11, 39, 0, 0, 0.17%, 8, 0, 9, 149.45
1735168685, 163, 16, 39, 0, 0, 0.17%, 8, 0, 9, 141.84
1735168690, 163, 20, 39, 0, 0, 0.17%, 8, 0, 9, 144.64
1735168696, 163, 22, 39, 0, 0, 0.17%, 8, 0, 9, 146.25
1735168701, 163, 24, 39, 0, 0, 0.17%, 8, 0, 9, 155.18
1735168706, 164, 11, 39, 0, 0, 0.17%, 8, 0, 9, 154.30
1735168711, 164, 18, 39, 0, 0, 0.17%, 8, 0, 9, 149.96
1735168716, 164, 20, 39, 0, 0, 0.17%, 8, 0, 9, 143.57
1735168721, 164, 22, 39, 0, 0, 0.17%, 8, 0, 9, 143.55
1735168726, 165, 5, 39, 0, 0, 0.17%, 8, 0, 9, 143.49
1735168732, 165, 11, 39, 0, 0, 0.17%, 8, 0, 9, 138.15
1735168737, 165, 15, 39, 0, 0, 0.17%, 8, 0, 9, 148.86
1735168742, 165, 20, 39, 0, 0, 0.17%, 8, 0, 9, 141.03
1735168747, 165, 22, 39, 0, 0, 0.17%, 8, 0, 9, 134.69
1735168752, 165, 32, 39, 0, 0, 0.17%, 8, 0, 9, 164.83
1735168762, 165, 35, 39, 0, 0, 0.17%, 8, 0, 9, 171.31
1735168773, 166, 11, 39, 0, 0, 0.17%, 8, 0, 9, 143.85
1735168778, 166, 20, 39, 0, 0, 0.17%, 8, 0, 9, 145.25
1735168783, 166, 22, 39, 0, 0, 0.17%, 8, 0, 9, 141.72
1735168788, 167, 1, 39, 0, 0, 0.17%, 8, 0, 9, 141.04
1735168793, 167, 20, 39, 0, 0, 0.17%, 8, 0, 9, 149.10
1735168804, 167, 22, 39, 0, 0, 0.17%, 8, 0, 9, 139.37
1735168809, 168, 11, 39, 0, 0, 0.17%, 8, 0, 9, 138.10
1735168814, 168, 20, 39, 0, 0, 0.17%, 8, 0, 9, 144.83
1735168819, 168, 22, 39, 0, 0, 0.17%, 8, 0, 9, 142.03
1735168824, 168, 29, 39, 0, 0, 0.17%, 8, 0, 9, 149.04
1735168829, 169, 10, 39, 0, 0, 0.17%, 8, 0, 9, 145.93
1735168835, 169, 20, 39, 0, 0, 0.17%, 8, 0, 9, 144.76
1735168845, 169, 22, 39, 0, 0, 0.17%, 8, 0, 9, 143.02
1735168850, 170, 11, 39, 0, 0, 0.17%, 8, 0, 9, 137.75
1735168855, 170, 20, 39, 0, 0, 0.17%, 8, 0, 9, 147.32
1735168860, 170, 22, 39, 0, 0, 0.17%, 8, 0, 9, 139.10
1735168865, 171, 6, 39, 0, 0, 0.17%, 8, 0, 9, 143.43
1735168870, 171, 20, 39, 0, 0, 0.17%, 8, 0, 9, 146.47
1735168881, 171, 22, 39, 0, 0, 0.17%, 8, 0, 9, 143.93
1735168886, 171, 34, 39, 0, 0, 0.17%, 8, 0, 9, 180.53
1735168906, 172, 10, 39, 0, 0, 0.17%, 8, 0, 9, 149.74
1735168911, 172, 20, 39, 0, 0, 0.17%, 8, 0, 9, 143.59
1735168921, 172, 22, 39, 0, 0, 0.17%, 8, 0, 9, 136.43
1735168927, 172, 27, 39, 0, 0, 0.17%, 8, 0, 9, 153.57
1735168932, 172, 33, 39, 0, 0, 0.17%, 8, 0, 9, 168.97
1735168937, 172, 36, 39, 0, 0, 0.17%, 8, 0, 9, 150.06
1735168947, 173, 11, 39, 0, 0, 0.17%, 8, 0, 9, 150.94
1735168952, 173, 20, 39, 0, 0, 0.17%, 8, 0, 9, 139.74
1735168957, 173, 22, 39, 0, 0, 0.17%, 8, 0, 9, 141.56
1735168963, 173, 26, 39, 0, 0, 0.17%, 8, 0, 9, 144.09
1735168973, 173, 27, 39, 0, 0, 0.17%, 8, 0, 9, 163.60
1735168978, 174, 10, 39, 0, 0, 0.17%, 8, 0, 9, 147.77
1735168983, 174, 20, 39, 0, 0, 0.17%, 8, 0, 9, 143.72
1735168993, 174, 22, 39, 0, 0, 0.17%, 8, 0, 9, 149.04
1735168998, 174, 25, 39, 0, 0, 0.17%, 8, 0, 9, 157.30
1735169003, 174, 28, 39, 0, 0, 0.17%, 8, 0, 9, 151.43
1735169014, 174, 31, 39, 0, 0, 0.17%, 8, 0, 9, 150.55
1735169019, 174, 36, 39, 0, 0, 0.17%, 8, 0, 9, 163.53
1735169024, 175, 10, 39, 0, 0, 0.17%, 8, 0, 9, 150.21
1735169029, 175, 20, 39, 0, 0, 0.17%, 8, 0, 9, 141.04
1735169040, 175, 22, 39, 0, 0, 0.17%, 8, 0, 9, 143.64
1735169045, 176, 10, 39, 0, 0, 0.17%, 8, 0, 9, 141.65
1735169050, 176, 20, 39, 0, 0, 0.17%, 8, 0, 9, 150.51
1735169060, 176, 22, 39, 0, 0, 0.17%, 8, 0, 9, 142.31
1735169065, 176, 27, 39, 0, 0, 0.17%, 8, 0, 9, 168.78
1735169070, 176, 35, 39, 0, 0, 0.17%, 8, 0, 9, 180.96
1735169081, 177, 11, 39, 0, 0, 0.17%, 8, 0, 9, 144.96
1735169086, 177, 20, 39, 0, 0, 0.17%, 8, 0, 9, 146.06
1735169091, 177, 21, 39, 0, 0, 0.17%, 8, 0, 9, 148.66
1735169096, 177, 22, 39, 0, 0, 0.17%, 8, 0, 9, 153.62
1735169101, 177, 24, 39, 0, 0, 0.17%, 8, 0, 9, 149.68
1735169106, 177, 25, 39, 0, 0, 0.17%, 8, 0, 9, 157.79
1735169111, 178, 10, 39, 0, 0, 0.17%, 8, 0, 9, 142.07
1735169116, 178, 20, 39, 0, 0, 0.17%, 8, 0, 9, 147.21
1735169127, 178, 22, 39, 0, 0, 0.17%, 8, 0, 9, 145.13
1735169132, 179, 11, 39, 0, 0, 0.17%, 8, 0, 9, 139.09
1735169137, 179, 20, 39, 0, 0, 0.17%, 8, 0, 9, 149.23
1735169142, 179, 22, 39, 0, 0, 0.17%, 8, 0, 9, 146.44
1735169147, 180, 11, 39, 0, 0, 0.17%, 8, 0, 9, 140.37
1735169152, 180, 15, 39, 0, 0, 0.17%, 8, 0, 9, 145.94
1735169158, 180, 20, 39, 0, 0, 0.17%, 8, 0, 9, 142.51
1735169163, 180, 22, 39, 0, 0, 0.17%, 8, 0, 9, 146.77
1735169168, 181, 10, 39, 0, 0, 0.17%, 8, 0, 9, 135.84
1735169173, 181, 20, 39, 0, 0, 0.17%, 8, 0, 9, 140.09
1735169183, 181, 21, 39, 0, 0, 0.17%, 8, 0, 9, 147.39
1735169189, 181, 22, 39, 0, 0, 0.17%, 8, 0, 9, 140.12
1735169194, 182, 11, 39, 0, 0, 0.17%, 8, 0, 9, 138.73
1735169199, 182, 20, 39, 0, 0, 0.17%, 8, 0, 9, 130.41
1735169204, 182, 22, 39, 0, 0, 0.17%, 8, 0, 9, 146.90
1735169209, 183, 10, 39, 0, 0, 0.17%, 8, 0, 9, 146.43
1735169214, 183, 20, 39, 0, 0, 0.17%, 8, 0, 9, 143.89
1735169224, 183, 22, 39, 0, 0, 0.17%, 8, 0, 9, 157.16
1735169229, 183, 30, 39, 0, 0, 0.17%, 8, 0, 9, 148.38
1735169235, 184, 4, 39, 0, 0, 0.17%, 8, 0, 9, 142.55
1735169240, 184, 11, 39, 0, 0, 0.17%, 8, 0, 9, 140.24
1735169245, 184, 19, 39, 0, 0, 0.17%, 8, 0, 9, 138.60
1735169250, 184, 20, 39, 0, 0, 0.17%, 8, 0, 9, 137.50
1735169255, 184, 22, 39, 0, 0, 0.17%, 8, 0, 9, 140.43
1735169260, 184, 35, 39, 0, 0, 0.17%, 8, 0, 9, 169.77
1735169270, 184, 37, 39, 0, 0, 0.17%, 8, 0, 9, 172.31
1735169281, 184, 38, 39, 0, 0, 0.17%, 8, 0, 9, 148.59
1735169286, 185, 11, 39, 0, 0, 0.17%, 8, 0, 9, 149.71
1735169291, 185, 20, 39, 0, 0, 0.17%, 8, 0, 9, 144.86
1735169296, 185, 22, 39, 0, 0, 0.17%, 8, 0, 9, 142.54
1735169301, 185, 34, 39, 0, 0, 0.17%, 8, 0, 9, 166.49
1735169312, 185, 35, 39, 0, 0, 0.17%, 8, 0, 9, 170.42
1735169322, 186, 4, 39, 0, 0, 0.17%, 8, 0, 9, 145.46
1735169327, 186, 20, 39, 0, 0, 0.17%, 8, 0, 9, 146.91
1735169337, 186, 22, 39, 0, 0, 0.17%, 8, 0, 9, 135.34
1735169342, 186, 37, 39, 0, 0, 0.17%, 8, 0, 9, 159.27
1735169352, 187, 2, 39, 0, 0, 0.17%, 8, 0, 9, 147.52
1735169357, 187, 13, 39, 0, 0, 0.17%, 8, 0, 9, 142.98
1735169363, 187, 20, 39, 0, 0, 0.17%, 8, 0, 9, 153.27
1735169373, 187, 22, 39, 0, 0, 0.17%, 8, 0, 9, 137.33
1735169378, 188, 11, 39, 0, 0, 0.17%, 8, 0, 9, 141.54
1735169383, 188, 20, 39, 0, 0, 0.17%, 8, 0, 9, 145.94
1735169388, 188, 22, 39, 0, 0, 0.17%, 8, 0, 9, 136.44
1735169393, 188, 37, 39, 0, 0, 0.17%, 8, 0, 9, 159.99
1735169404, 189, 10, 39, 0, 0, 0.17%, 8, 0, 9, 152.24
1735169409, 189, 20, 39, 0, 0, 0.17%, 8, 0, 9, 147.05
1735169419, 189, 22, 39, 0, 0, 0.17%, 8, 0, 9, 144.90
1735169424, 190, 6, 39, 0, 0, 0.17%, 8, 0, 9, 144.03
1735169429, 190, 11, 39, 0, 0, 0.17%, 8, 0, 9, 138.91
1735169434, 190, 20, 39, 0, 0, 0.17%, 8, 0, 9, 140.11
1735169439, 190, 22, 39, 0, 0, 0.17%, 8, 0, 9, 143.23
1735169445, 190, 34, 39, 0, 0, 0.17%, 8, 0, 9, 161.45
1735169455, 191, 10, 39, 0, 0, 0.17%, 8, 0, 9, 140.15
1735169460, 191, 19, 39, 0, 0, 0.17%, 8, 0, 9, 148.32
1735169465, 191, 20, 39, 0, 0, 0.17%, 8, 0, 9, 141.48
1735169475, 191, 22, 39, 0, 0, 0.17%, 8, 0, 9, 136.88
1735169480, 191, 35, 39, 0, 0, 0.17%, 8, 0, 9, 168.49
1735169491, 192, 10, 39, 0, 0, 0.17%, 8, 0, 9, 139.21
1735169496, 192, 20, 39, 0, 0, 0.17%, 8, 0, 9, 139.02
1735169501, 192, 22, 39, 0, 0, 0.17%, 8, 0, 9, 134.89
1735169506, 193, 10, 39, 0, 0, 0.17%, 8, 0, 9, 142.71
1735169511, 193, 20, 39, 0, 0, 0.17%, 8, 0, 9, 145.95
1735169522, 193, 22, 39, 0, 0, 0.17%, 8, 0, 9, 140.16
1735169527, 194, 11, 39, 0, 0, 0.17%, 8, 0, 9, 151.53
1735169532, 194, 20, 39, 0, 0, 0.17%, 8, 0, 9, 140.62
1735169537, 194, 22, 39, 0, 0, 0.17%, 8, 0, 9, 146.32
1735169542, 195, 11, 39, 0, 0, 0.17%, 8, 0, 9, 141.17
1735169547, 195, 20, 39, 0, 0, 0.17%, 8, 0, 9, 149.61
1735169552, 195, 22, 39, 0, 0, 0.17%, 8, 0, 9, 147.78
1735169558, 196, 10, 39, 0, 0, 0.17%, 8, 0, 9, 139.45
1735169563, 196, 12, 39, 0, 0, 0.17%, 8, 0, 9, 138.82
1735169568, 196, 14, 39, 0, 0, 0.17%, 8, 0, 9, 146.42
1735169573, 196, 20, 39, 0, 0, 0.17%, 8, 0, 9, 146.24
1735169578, 196, 22, 39, 0, 0, 0.17%, 8, 0, 9, 149.06
1735169584, 196, 31, 39, 0, 0, 0.17%, 8, 0, 9, 148.06
1735169594, 197, 10, 39, 0, 0, 0.17%, 8, 0, 9, 141.26
1735169599, 197, 20, 39, 0, 0, 0.17%, 8, 0, 9, 136.85
1735169609, 197, 22, 39, 0, 0, 0.17%, 8, 0, 9, 136.20
1735169614, 198, 11, 39, 0, 0, 0.17%, 8, 0, 9, 138.68
1735169619, 198, 14, 39, 0, 0, 0.17%, 8, 0, 9, 139.86
1735169624, 198, 15, 39, 0, 0, 0.17%, 8, 0, 9, 144.45
1735169630, 198, 20, 39, 0, 0, 0.17%, 8, 0, 9, 142.29
1735169635, 198, 22, 39, 0, 0, 0.17%, 8, 0, 9, 145.08
1735169640, 198, 25, 39, 0, 0, 0.17%, 8, 0, 9, 157.59
1735169645, 198, 29, 39, 0, 0, 0.17%, 8, 0, 9, 148.57
1735169650, 199, 1, 39, 0, 0, 0.17%, 8, 0, 9, 137.83
1735169655, 199, 11, 39, 0, 0, 0.17%, 8, 0, 9, 135.38
1735169661, 199, 20, 39, 0, 0, 0.17%, 8, 0, 9, 144.93
1735169666, 199, 22, 39, 0, 0, 0.17%, 8, 0, 9, 142.79
1735169671, 199, 30, 39, 0, 0, 0.17%, 8, 0, 9, 141.68
1735169676, 200, 6, 39, 0, 0, 0.17%, 8, 0, 9, 143.25
1735169681, 200, 11, 39, 0, 0, 0.17%, 8, 0, 9, 142.52
