# unix_time, cycles_done, cur_path, paths_total, pending_total, pending_favs, map_size, unique_crashes, unique_hangs, max_depth, execs_per_sec
1735007687, 0, 0, 10, 10, 1, 0.01%, 0, 0, 1, 84.03
1735007692, 0, 3, 10, 10, 1, 0.01%, 0, 0, 1, 103.60
1735007697, 0, 4, 10, 9, 0, 0.01%, 0, 0, 1, 102.21
1735007707, 0, 5, 10, 8, 0, 0.01%, 0, 0, 1, 103.42
1735007717, 0, 6, 10, 7, 0, 0.01%, 0, 0, 1, 101.53
1735007727, 0, 7, 10, 6, 0, 0.01%, 0, 0, 1, 101.19
1735007738, 0, 8, 10, 5, 0, 0.01%, 0, 0, 1, 98.05
1735007748, 0, 9, 10, 4, 0, 0.01%, 0, 0, 1, 96.22
1735007758, 1, 0, 10, 3, 0, 0.01%, 0, 0, 1, 95.33
1735007773, 1, 1, 10, 2, 0, 0.01%, 0, 0, 1, 107.88
1735007784, 1, 2, 10, 1, 0, 0.01%, 0, 0, 1, 92.22
1735007794, 1, 3, 10, 0, 0, 0.01%, 0, 0, 1, 103.26
1735007799, 1, 4, 10, 0, 0, 0.01%, 0, 0, 1, 104.19
1735007804, 1, 6, 10, 0, 0, 0.01%, 0, 0, 1, 102.38
1735007809, 1, 7, 10, 0, 0, 0.01%, 0, 0, 1, 102.53
1735007814, 1, 8, 10, 0, 0, 0.01%, 0, 0, 1, 103.54
1735007819, 2, 0, 10, 0, 0, 0.01%, 0, 0, 1, 102.49
1735007825, 2, 1, 10, 0, 0, 0.01%, 0, 0, 1, 105.15
1735007830, 2, 3, 10, 0, 0, 0.01%, 0, 0, 1, 105.17
1735007835, 2, 4, 10, 0, 0, 0.01%, 0, 0, 1, 103.95
1735007840, 2, 6, 10, 0, 0, 0.01%, 0, 0, 1, 101.74
1735007845, 2, 7, 10, 0, 0, 0.01%, 0, 0, 1, 102.33
1735007850, 2, 8, 10, 0, 0, 0.01%, 0, 0, 1, 100.81
1735007855, 3, 0, 10, 0, 0, 0.01%, 0, 0, 1, 102.76
1735007860, 3, 1, 10, 0, 0, 0.01%, 0, 0, 1, 103.84
1735007865, 3, 3, 10, 0, 0, 0.01%, 0, 0, 1, 102.99
1735007870, 3, 4, 10, 0, 0, 0.01%, 0, 0, 1, 101.27
1735007875, 3, 6, 10, 0, 0, 0.01%, 0, 0, 1, 103.04
1735007880, 3, 7, 10, 0, 0, 0.01%, 0, 0, 1, 100.24
1735007886, 3, 8, 10, 0, 0, 0.01%, 0, 0, 1, 103.02
1735007891, 4, 0, 10, 0, 0, 0.01%, 0, 0, 1, 104.06
1735007896, 4, 1, 10, 0, 0, 0.01%, 0, 0, 1, 103.76
1735007901, 4, 3, 10, 0, 0, 0.01%, 0, 0, 1, 104.08
1735007906, 4, 4, 10, 0, 0, 0.01%, 0, 0, 1, 104.97
1735007911, 4, 6, 10, 0, 0, 0.01%, 0, 0, 1, 101.11
1735007916, 4, 7, 10, 0, 0, 0.01%, 0, 0, 1, 102.03
1735007921, 4, 8, 10, 0, 0, 0.01%, 0, 0, 1, 99.36
1735007927, 5, 0, 10, 0, 0, 0.01%, 0, 0, 1, 104.24
1735007932, 5, 1, 10, 0, 0, 0.01%, 0, 0, 1, 100.88
1735007937, 5, 3, 10, 0, 0, 0.01%, 0, 0, 1, 102.93
1735007942, 5, 4, 10, 0, 0, 0.01%, 0, 0, 1, 104.51
1735007947, 5, 5, 10, 0, 0, 0.01%, 0, 0, 1, 102.10
1735007952, 5, 7, 10, 0, 0, 0.01%, 0, 0, 1, 102.15
1735007957, 5, 8, 10, 0, 0, 0.01%, 0, 0, 1, 102.60
1735007962, 6, 0, 10, 0, 0, 0.01%, 0, 0, 1, 101.50
1735007967, 6, 1, 10, 0, 0, 0.01%, 0, 0, 1, 103.83
1735007972, 6, 3, 10, 0, 0, 0.01%, 0, 0, 1, 106.08
1735007977, 6, 4, 10, 0, 0, 0.01%, 0, 0, 1, 102.96
1735007982, 6, 5, 10, 0, 0, 0.01%, 0, 0, 1, 102.27
1735007987, 6, 7, 10, 0, 0, 0.01%, 0, 0, 1, 102.56
1735007992, 6, 8, 10, 0, 0, 0.01%, 0, 0, 1, 104.12
1735007997, 7, 0, 10, 0, 0, 0.01%, 0, 0, 1, 100.71
1735008002, 7, 1, 10, 0, 0, 0.01%, 0, 0, 1, 103.55
1735008008, 7, 2, 10, 0, 0, 0.01%, 0, 0, 1, 104.73
1735008013, 7, 4, 10, 0, 0, 0.01%, 0, 0, 1, 100.77
1735008018, 7, 5, 10, 0, 0, 0.01%, 0, 0, 1, 102.39
1735008023, 7, 7, 10, 0, 0, 0.01%, 0, 0, 1, 103.11
1735008028, 7, 8, 10, 0, 0, 0.01%, 0, 0, 1, 101.29
1735008033, 7, 9, 10, 0, 0, 0.01%, 0, 0, 1, 105.04
1735008038, 8, 1, 10, 0, 0, 0.01%, 0, 0, 1, 102.51
1735008043, 8, 2, 10, 0, 0, 0.01%, 0, 0, 1, 100.58
1735008048, 8, 4, 10, 0, 0, 0.01%, 0, 0, 1, 102.73
1735008053, 8, 10, 13, 3, 1, 0.16%, 3, 0, 3, 130.99
1735008139, 8, 11, 13, 2, 2, 0.16%, 3, 0, 3, 125.74
1735008180, 8, 11, 15, 4, 2, 0.17%, 4, 0, 4, 111.04
1735008277, 8, 12, 15, 3, 2, 0.17%, 4, 0, 4, 129.32
1735008333, 8, 13, 16, 3, 1, 0.17%, 5, 0, 5, 146.53
1735008354, 8, 13, 18, 5, 1, 0.17%, 5, 0, 5, 121.74
1735008369, 8, 13, 20, 7, 1, 0.17%, 5, 0, 5, 123.44
1735008502, 8, 15, 20, 6, 1, 0.17%, 5, 0, 5, 155.52
1735008538, 8, 15, 21, 7, 1, 0.17%, 5, 0, 6, 123.60
1735008610, 8, 15, 22, 8, 1, 0.17%, 5, 0, 6, 125.97
1735008630, 8, 17, 22, 7, 0, 0.17%, 5, 0, 6, 166.04
1735008650, 8, 17, 24, 9, 0, 0.17%, 5, 0, 6, 133.73
1735008661, 8, 17, 25, 10, 0, 0.17%, 5, 0, 6, 132.36
1735008748, 8, 17, 26, 11, 0, 0.17%, 5, 0, 6, 125.77
1735008753, 8, 24, 26, 10, 0, 0.17%, 5, 0, 6, 177.91
1735008784, 8, 24, 27, 11, 0, 0.17%, 5, 0, 7, 164.50
1735008789, 8, 24, 28, 12, 0, 0.17%, 5, 0, 7, 171.03
1735008840, 8, 24, 29, 13, 0, 0.17%, 5, 0, 7, 177.45
1735008870, 8, 26, 29, 12, 0, 0.17%, 5, 0, 7, 134.51
1735008968, 8, 26, 30, 13, 0, 0.17%, 6, 0, 8, 173.43
1735009029, 8, 27, 30, 12, 0, 0.17%, 6, 0, 8, 185.11
1735009115, 9, 11, 30, 11, 0, 0.17%, 6, 0, 8, 131.01
1735009126, 9, 12, 30, 11, 0, 0.17%, 6, 0, 8, 139.81
1735009136, 9, 12, 31, 12, 0, 0.17%, 6, 0, 8, 153.70
1735009141, 9, 13, 31, 12, 0, 0.17%, 6, 0, 8, 142.70
1735009172, 9, 15, 31, 12, 0, 0.17%, 6, 0, 8, 133.07
1735009192, 9, 15, 32, 13, 0, 0.17%, 6, 0, 8, 152.45
1735009202, 9, 16, 32, 13, 0, 0.17%, 6, 0, 8, 173.35
1735009259, 9, 16, 33, 14, 0, 0.17%, 6, 0, 8, 142.19
1735009275, 9, 16, 34, 15, 0, 0.17%, 6, 0, 8, 156.09
1735009280, 9, 22, 34, 14, 0, 0.17%, 6, 0, 8, 122.65
1735009514, 9, 22, 35, 15, 0, 0.17%, 7, 0, 8, 206.85
1735009569, 9, 23, 35, 14, 0, 0.17%, 7, 0, 8, 188.81
1735009620, 9, 23, 37, 16, 0, 0.17%, 7, 0, 8, 147.04
1735009635, 9, 32, 37, 15, 0, 0.17%, 7, 0, 8, 132.25
1735009671, 9, 32, 38, 16, 0, 0.17%, 7, 0, 8, 151.81
1735009681, 9, 32, 39, 17, 0, 0.17%, 7, 0, 8, 156.17
1735009758, 9, 33, 39, 16, 0, 0.17%, 7, 0, 8, 180.18
1735009839, 10, 11, 39, 15, 0, 0.17%, 7, 0, 8, 141.93
1735009844, 10, 13, 39, 15, 0, 0.17%, 7, 0, 8, 146.23
1735009849, 10, 14, 39, 15, 0, 0.17%, 7, 0, 8, 172.49
1735009910, 10, 15, 39, 14, 0, 0.17%, 7, 0, 8, 145.79
1735009915, 10, 19, 39, 14, 0, 0.17%, 7, 0, 8, 136.81
1735009961, 10, 21, 39, 13, 0, 0.17%, 7, 0, 8, 163.97
1735009997, 10, 21, 40, 14, 0, 0.17%, 7, 0, 8, 164.58
1735010012, 10, 31, 40, 13, 0, 0.17%, 7, 0, 8, 190.49
1735010089, 11, 11, 40, 12, 0, 0.17%, 7, 0, 8, 151.77
1735010094, 11, 13, 40, 12, 0, 0.17%, 7, 0, 8, 147.53
1735010099, 11, 14, 40, 12, 0, 0.17%, 7, 0, 8, 149.18
1735010120, 11, 15, 40, 12, 0, 0.17%, 7, 0, 8, 148.82
1735010125, 11, 22, 40, 12, 0, 0.17%, 7, 0, 8, 185.54
1735010140, 11, 25, 40, 12, 0, 0.17%, 7, 0, 8, 161.26
1735010201, 11, 34, 40, 11, 0, 0.17%, 7, 0, 8, 246.57
1735010314, 12, 10, 40, 10, 0, 0.17%, 7, 0, 8, 145.51
1735010324, 12, 12, 40, 10, 0, 0.17%, 7, 0, 8, 144.06
1735010329, 12, 13, 40, 10, 0, 0.17%, 7, 0, 8, 143.79
1735010334, 12, 15, 40, 10, 0, 0.17%, 7, 0, 8, 143.71
1735010339, 12, 26, 40, 10, 0, 0.17%, 7, 0, 8, 173.71
1735010355, 12, 30, 40, 10, 0, 0.17%, 7, 0, 8, 154.51
1735010411, 12, 39, 40, 9, 0, 0.17%, 7, 0, 8, 145.92
1735010865, 13, 12, 40, 8, 0, 0.17%, 7, 0, 8, 140.18
1735010870, 13, 13, 40, 8, 0, 0.17%, 7, 0, 8, 142.71
1735010875, 13, 15, 40, 8, 0, 0.17%, 7, 0, 8, 141.82
1735010880, 13, 20, 40, 8, 0, 0.17%, 7, 0, 8, 143.24
1735010931, 13, 28, 40, 7, 0, 0.17%, 7, 0, 8, 191.67
1735011089, 14, 11, 40, 6, 0, 0.17%, 7, 0, 8, 149.71
1735011094, 14, 13, 40, 6, 0, 0.17%, 7, 0, 8, 140.53
1735011100, 14, 15, 40, 6, 0, 0.17%, 7, 0, 8, 147.12
1735011105, 14, 26, 40, 6, 0, 0.17%, 7, 0, 8, 159.22
1735011110, 14, 28, 40, 6, 0, 0.17%, 7, 0, 8, 163.20
1735011130, 14, 35, 40, 6, 0, 0.17%, 7, 0, 8, 208.03
1735011217, 14, 39, 40, 5, 0, 0.17%, 7, 0, 8, 160.98
1735011247, 15, 13, 40, 5, 0, 0.17%, 7, 0, 8, 141.71
1735011252, 15, 15, 40, 5, 0, 0.17%, 7, 0, 8, 143.27
1735011257, 15, 26, 40, 5, 0, 0.17%, 7, 0, 8, 153.73
1735011262, 15, 37, 40, 5, 0, 0.17%, 7, 0, 8, 170.62
1735011339, 16, 11, 40, 4, 0, 0.17%, 7, 0, 8, 142.32
1735011344, 16, 13, 40, 4, 0, 0.17%, 7, 0, 8, 137.95
1735011349, 16, 15, 40, 4, 0, 0.17%, 7, 0, 8, 139.24
1735011355, 16, 29, 40, 4, 0, 0.17%, 7, 0, 8, 178.89
1735011533, 16, 38, 40, 3, 0, 0.17%, 7, 0, 8, 117.84
1735012048, 16, 39, 40, 2, 0, 0.17%, 7, 0, 8, 157.17
1735012063, 17, 11, 40, 2, 0, 0.17%, 7, 0, 8, 147.32
1735012068, 17, 13, 40, 2, 0, 0.17%, 7, 0, 8, 142.23
1735012073, 17, 15, 40, 2, 0, 0.17%, 7, 0, 8, 144.53
1735012078, 17, 19, 40, 2, 0, 0.17%, 7, 0, 8, 141.37
1735012099, 17, 24, 40, 2, 0, 0.17%, 7, 0, 8, 152.92
1735012119, 18, 11, 40, 2, 0, 0.17%, 7, 0, 8, 138.42
1735012125, 18, 13, 40, 2, 0, 0.17%, 7, 0, 8, 146.78
1735012130, 18, 15, 40, 2, 0, 0.17%, 7, 0, 8, 146.10
1735012135, 18, 17, 40, 2, 0, 0.17%, 7, 0, 8, 147.37
1735012155, 18, 25, 40, 2, 0, 0.17%, 7, 0, 8, 155.60
1735012175, 19, 11, 40, 2, 0, 0.17%, 7, 0, 8, 149.81
1735012181, 19, 13, 40, 2, 0, 0.17%, 7, 0, 8, 143.55
1735012186, 19, 15, 40, 2, 0, 0.17%, 7, 0, 8, 146.43
1735012191, 19, 32, 40, 2, 0, 0.17%, 7, 0, 8, 154.43
1735012221, 20, 12, 40, 2, 0, 0.17%, 7, 0, 8, 141.28
1735012226, 20, 14, 40, 2, 0, 0.17%, 7, 0, 8, 146.10
1735012231, 20, 15, 40, 2, 0, 0.17%, 7, 0, 8, 147.56
1735012237, 21, 11, 40, 2, 0, 0.17%, 7, 0, 8, 144.09
1735012242, 21, 13, 40, 2, 0, 0.17%, 7, 0, 8, 150.20
1735012247, 21, 15, 40, 2, 0, 0.17%, 7, 0, 8, 145.90
1735012252, 21, 16, 40, 2, 0, 0.17%, 7, 0, 8, 139.37
1735012272, 21, 29, 40, 2, 0, 0.17%, 7, 0, 8, 166.60
1735012303, 22, 12, 40, 2, 0, 0.17%, 7, 0, 8, 143.58
1735012308, 22, 13, 40, 2, 0, 0.17%, 7, 0, 8, 147.83
1735012313, 22, 15, 40, 2, 0, 0.17%, 7, 0, 8, 143.66
1735012319, 22, 20, 40, 2, 0, 0.17%, 7, 0, 8, 136.56
1735012339, 22, 31, 40, 2, 0, 0.17%, 7, 0, 8, 158.57
1735012364, 23, 8, 40, 2, 0, 0.17%, 7, 0, 8, 148.36
1735012369, 23, 12, 40, 2, 0, 0.17%, 7, 0, 8, 147.98
1735012374, 23, 13, 40, 2, 0, 0.17%, 7, 0, 8, 138.04
1735012380, 23, 15, 40, 2, 0, 0.17%, 7, 0, 8, 147.52
1735012385, 23, 36, 40, 2, 0, 0.17%, 7, 0, 8, 197.58
1735012466, 24, 12, 40, 1, 0, 0.17%, 7, 0, 8, 146.64
1735012471, 24, 13, 40, 1, 0, 0.17%, 7, 0, 8, 140.30
1735012477, 24, 14, 40, 1, 0, 0.17%, 7, 0, 8, 143.47
1735012482, 24, 15, 40, 1, 0, 0.17%, 7, 0, 8, 136.47
1735012487, 25, 12, 40, 1, 0, 0.17%, 7, 0, 8, 147.08
1735012492, 25, 13, 40, 1, 0, 0.17%, 7, 0, 8, 145.32
1735012497, 25, 14, 40, 1, 0, 0.17%, 7, 0, 8, 151.28
1735012502, 25, 15, 40, 1, 0, 0.17%, 7, 0, 8, 146.30
1735012507, 25, 24, 40, 1, 0, 0.17%, 7, 0, 8, 151.49
1735012512, 26, 12, 40, 1, 0, 0.17%, 7, 0, 8, 143.73
1735012517, 26, 15, 40, 1, 0, 0.17%, 7, 0, 8, 149.20
1735012523, 26, 18, 40, 1, 0, 0.17%, 7, 0, 8, 163.82
1735012569, 27, 11, 40, 0, 0, 0.17%, 7, 0, 8, 131.54
1735012574, 27, 13, 40, 0, 0, 0.17%, 7, 0, 8, 139.10
1735012579, 27, 15, 40, 0, 0, 0.17%, 7, 0, 8, 144.64
1735012584, 28, 2, 40, 0, 0, 0.17%, 7, 0, 8, 152.13
1735012589, 28, 12, 40, 0, 0, 0.17%, 7, 0, 8, 138.99
1735012595, 28, 13, 40, 0, 0, 0.17%, 7, 0, 8, 147.90
1735012600, 28, 15, 40, 0, 0, 0.17%, 7, 0, 8, 147.55
1735012605, 29, 10, 40, 0, 0, 0.17%, 7, 0, 8, 152.42
1735012610, 29, 12, 40, 0, 0, 0.17%, 7, 0, 8, 149.38
1735012615, 29, 13, 40, 0, 0, 0.17%, 7, 0, 8, 151.24
1735012620, 29, 15, 40, 0, 0, 0.17%, 7, 0, 8, 145.10
1735012625, 29, 35, 40, 0, 0, 0.17%, 7, 0, 8, 176.47
1735012640, 29, 38, 40, 0, 0, 0.17%, 7, 0, 8, 155.69
1735012671, 30, 12, 40, 0, 0, 0.17%, 7, 0, 8, 138.30
1735012676, 30, 13, 40, 0, 0, 0.17%, 7, 0, 8, 140.65
1735012681, 30, 19, 40, 0, 0, 0.17%, 7, 0, 8, 150.65
1735012686, 30, 25, 40, 0, 0, 0.17%, 7, 0, 8, 145.76
1735012692, 30, 33, 40, 0, 0, 0.17%, 7, 0, 8, 146.03
1735012722, 30, 37, 40, 0, 0, 0.17%, 7, 0, 8, 150.98
1735012753, 31, 12, 40, 0, 0, 0.17%, 7, 0, 8, 142.57
1735012758, 31, 13, 40, 0, 0, 0.17%, 7, 0, 8, 143.95
1735012763, 31, 15, 40, 0, 0, 0.17%, 7, 0, 8, 143.80
1735012768, 31, 30, 40, 0, 0, 0.17%, 7, 0, 8, 139.99
1735012783, 32, 11, 40, 0, 0, 0.17%, 7, 0, 8, 142.72
1735012789, 32, 13, 40, 0, 0, 0.17%, 7, 0, 8, 141.52
1735012794, 32, 15, 40, 0, 0, 0.17%, 7, 0, 8, 138.43
1735012799, 33, 2, 40, 0, 0, 0.17%, 7, 0, 8, 148.59
1735012804, 33, 12, 40, 0, 0, 0.17%, 7, 0, 8, 139.70
1735012809, 33, 13, 40, 0, 0, 0.17%, 7, 0, 8, 150.86
1735012814, 33, 15, 40, 0, 0, 0.17%, 7, 0, 8, 142.03
1735012819, 33, 21, 40, 0, 0, 0.17%, 7, 0, 8, 157.50
1735012835, 33, 29, 40, 0, 0, 0.17%, 7, 0, 8, 161.51
1735012845, 34, 11, 40, 0, 0, 0.17%, 7, 0, 8, 140.89
1735012850, 34, 13, 40, 0, 0, 0.17%, 7, 0, 8, 145.69
1735012855, 34, 15, 40, 0, 0, 0.17%, 7, 0, 8, 145.73
1735012860, 35, 11, 40, 0, 0, 0.17%, 7, 0, 8, 150.31
1735012866, 35, 13, 40, 0, 0, 0.17%, 7, 0, 8, 144.41
1735012871, 35, 15, 40, 0, 0, 0.17%, 7, 0, 8, 144.87
1735012876, 35, 24, 40, 0, 0, 0.17%, 7, 0, 8, 155.09
1735012881, 35, 35, 40, 0, 0, 0.17%, 7, 0, 8, 167.92
1735012891, 36, 12, 40, 0, 0, 0.17%, 7, 0, 8, 147.41
1735012896, 36, 13, 40, 0, 0, 0.17%, 7, 0, 8, 147.00
1735012901, 36, 15, 40, 0, 0, 0.17%, 7, 0, 8, 142.26
1735012907, 37, 12, 40, 0, 0, 0.17%, 7, 0, 8, 146.82
1735012912, 37, 15, 40, 0, 0, 0.17%, 7, 0, 8, 153.69
1735012917, 37, 39, 40, 0, 0, 0.17%, 7, 0, 8, 161.67
1735012932, 38, 4, 40, 0, 0, 0.17%, 7, 0, 8, 139.76
1735012937, 38, 13, 40, 0, 0, 0.17%, 7, 0, 8, 148.23
1735012942, 38, 15, 40, 0, 0, 0.17%, 7, 0, 8, 143.70
1735012947, 38, 21, 40, 0, 0, 0.17%, 7, 0, 8, 150.70
1735012953, 39, 2, 40, 0, 0, 0.17%, 7, 0, 8, 151.70
1735012958, 39, 12, 40, 0, 0, 0.17%, 7, 0, 8, 139.27
1735012963, 39, 13, 40, 0, 0, 0.17%, 7, 0, 8, 147.42
1735012968, 39, 15, 40, 0, 0, 0.17%, 7, 0, 8, 146.32
1735012973, 40, 12, 40, 0, 0, 0.17%, 7, 0, 8, 143.34
1735012978, 40, 15, 40, 0, 0, 0.17%, 7, 0, 8, 146.60
1735012989, 41, 12, 40, 0, 0, 0.17%, 7, 0, 8, 145.44
1735012994, 41, 13, 40, 0, 0, 0.17%, 7, 0, 8, 142.68
1735012999, 41, 15, 40, 0, 0, 0.17%, 7, 0, 8, 141.72
1735013004, 41, 30, 40, 0, 0, 0.17%, 7, 0, 8, 140.09
1735013014, 42, 11, 40, 0, 0, 0.17%, 7, 0, 8, 148.18
1735013019, 42, 13, 40, 0, 0, 0.17%, 7, 0, 8, 143.44
1735013024, 42, 15, 40, 0, 0, 0.17%, 7, 0, 8, 142.01
1735013029, 42, 21, 40, 0, 0, 0.17%, 7, 0, 8, 150.63
1735013035, 42, 23, 40, 0, 0, 0.17%, 7, 0, 8, 144.15
1735013055, 42, 30, 40, 0, 0, 0.17%, 7, 0, 8, 148.37
1735013060, 42, 34, 40, 0, 0, 0.17%, 7, 0, 8, 156.55
1735013081, 42, 35, 40, 0, 0, 0.17%, 7, 0, 8, 160.30
1735013086, 43, 12, 40, 0, 0, 0.17%, 7, 0, 8, 144.89
1735013091, 43, 13, 40, 0, 0, 0.17%, 7, 0, 8, 141.22
1735013096, 43, 15, 40, 0, 0, 0.17%, 7, 0, 8, 141.55
1735013102, 44, 12, 40, 0, 0, 0.17%, 7, 0, 8, 150.63
1735013107, 44, 13, 40, 0, 0, 0.17%, 7, 0, 8, 147.47
1735013112, 44, 15, 40, 0, 0, 0.17%, 7, 0, 8, 146.44
1735013117, 44, 20, 40, 0, 0, 0.17%, 7, 0, 8, 144.94
1735013122, 45, 11, 40, 0, 0, 0.17%, 7, 0, 8, 141.61
1735013127, 45, 13, 40, 0, 0, 0.17%, 7, 0, 8, 145.27
1735013133, 45, 15, 40, 0, 0, 0.17%, 7, 0, 8, 146.09
1735013138, 46, 11, 40, 0, 0, 0.17%, 7, 0, 8, 148.02
1735013143, 46, 13, 40, 0, 0, 0.17%, 7, 0, 8, 147.13
1735013148, 46, 15, 40, 0, 0, 0.17%, 7, 0, 8, 142.09
1735013153, 46, 37, 40, 0, 0, 0.17%, 7, 0, 8, 162.43
1735013168, 47, 11, 40, 0, 0, 0.17%, 7, 0, 8, 145.19
1735013173, 47, 13, 40, 0, 0, 0.17%, 7, 0, 8, 145.05
1735013179, 47, 15, 40, 0, 0, 0.17%, 7, 0, 8, 145.00
1735013184, 47, 17, 40, 0, 0, 0.17%, 7, 0, 8, 149.93
1735013189, 48, 11, 40, 0, 0, 0.17%, 7, 0, 8, 154.92
1735013194, 48, 13, 40, 0, 0, 0.17%, 7, 0, 8, 145.70
1735013199, 48, 15, 40, 0, 0, 0.17%, 7, 0, 8, 141.07
1735013204, 48, 23, 40, 0, 0, 0.17%, 7, 0, 8, 153.30
1735013209, 48, 30, 40, 0, 0, 0.17%, 7, 0, 8, 147.55
1735013214, 49, 11, 40, 0, 0, 0.17%, 7, 0, 8, 141.93
1735013219, 49, 13, 40, 0, 0, 0.17%, 7, 0, 8, 146.99
1735013225, 49, 15, 40, 0, 0, 0.17%, 7, 0, 8, 143.19
1735013230, 49, 25, 40, 0, 0, 0.17%, 7, 0, 8, 144.58
1735013235, 49, 34, 40, 0, 0, 0.17%, 7, 0, 8, 153.31
1735013245, 50, 11, 40, 0, 0, 0.17%, 7, 0, 8, 141.38
1735013250, 50, 13, 40, 0, 0, 0.17%, 7, 0, 8, 138.53
1735013255, 50, 15, 40, 0, 0, 0.17%, 7, 0, 8, 145.25
1735013261, 51, 12, 40, 0, 0, 0.17%, 7, 0, 8, 145.05
1735013266, 51, 13, 40, 0, 0, 0.17%, 7, 0, 8, 150.55
1735013271, 51, 14, 40, 0, 0, 0.17%, 7, 0, 8, 150.92
1735013276, 51, 15, 40, 0, 0, 0.17%, 7, 0, 8, 142.61
1735013281, 51, 33, 40, 0, 0, 0.17%, 7, 0, 8, 149.02
1735013291, 52, 11, 40, 0, 0, 0.17%, 7, 0, 8, 159.66
1735013296, 52, 13, 40, 0, 0, 0.17%, 7, 0, 8, 148.40
1735013301, 52, 15, 40, 0, 0, 0.17%, 7, 0, 8, 147.51
1735013307, 52, 19, 40, 0, 0, 0.17%, 7, 0, 8, 150.33
1735013312, 53, 8, 40, 0, 0, 0.17%, 7, 0, 8, 148.61
1735013317, 53, 12, 40, 0, 0, 0.17%, 7, 0, 8, 146.08
1735013322, 53, 15, 40, 0, 0, 0.17%, 7, 0, 8, 156.72
1735013327, 53, 22, 40, 0, 0, 0.17%, 7, 0, 8, 158.31
1735013332, 53, 27, 40, 0, 0, 0.17%, 7, 0, 8, 159.39
1735013353, 53, 31, 40, 0, 0, 0.17%, 7, 0, 8, 149.10
1735013368, 54, 12, 40, 0, 0, 0.17%, 7, 0, 8, 145.49
1735013373, 54, 13, 40, 0, 0, 0.17%, 7, 0, 8, 140.70
1735013378, 54, 15, 40, 0, 0, 0.17%, 7, 0, 8, 149.24
1735013383, 54, 32, 40, 0, 0, 0.17%, 7, 0, 8, 151.88
1735013399, 55, 12, 40, 0, 0, 0.17%, 7, 0, 8, 150.94
1735013404, 55, 13, 40, 0, 0, 0.17%, 7, 0, 8, 144.63
1735013409, 56, 11, 40, 0, 0, 0.17%, 7, 0, 8, 150.93
1735013414, 56, 13, 40, 0, 0, 0.17%, 7, 0, 8, 139.79
1735013419, 56, 15, 40, 0, 0, 0.17%, 7, 0, 8, 147.12
1735013424, 56, 26, 40, 0, 0, 0.17%, 7, 0, 8, 160.66
1735013430, 56, 30, 40, 0, 0, 0.17%, 7, 0, 8, 146.15
1735013435, 56, 38, 40, 0, 0, 0.17%, 7, 0, 8, 159.73
1735013450, 57, 9, 40, 0, 0, 0.17%, 7, 0, 8, 144.65
1735013455, 57, 12, 40, 0, 0, 0.17%, 7, 0, 8, 148.51
1735013460, 57, 13, 40, 0, 0, 0.17%, 7, 0, 8, 147.27
1735013465, 57, 15, 40, 0, 0, 0.17%, 7, 0, 8, 144.14
1735013470, 58, 4, 40, 0, 0, 0.17%, 7, 0, 8, 148.00
1735013475, 58, 12, 40, 0, 0, 0.17%, 7, 0, 8, 143.95
1735013481, 58, 13, 40, 0, 0, 0.17%, 7, 0, 8, 144.04
1735013486, 58, 14, 40, 0, 0, 0.17%, 7, 0, 8, 148.74
1735013491, 58, 15, 40, 0, 0, 0.17%, 7, 0, 8, 154.78
1735013496, 58, 34, 40, 0, 0, 0.17%, 7, 0, 8, 160.55
1735013501, 59, 1, 40, 0, 0, 0.17%, 7, 0, 8, 153.42
1735013506, 59, 11, 40, 0, 0, 0.17%, 7, 0, 8, 145.11
1735013511, 59, 13, 40, 0, 0, 0.17%, 7, 0, 8, 140.01
1735013516, 59, 15, 40, 0, 0, 0.17%, 7, 0, 8, 144.28
1735013521, 60, 12, 40, 0, 0, 0.17%, 7, 0, 8, 147.96
1735013527, 60, 13, 40, 0, 0, 0.17%, 7, 0, 8, 147.00
1735013532, 60, 15, 40, 0, 0, 0.17%, 7, 0, 8, 151.76
1735013537, 60, 28, 40, 0, 0, 0.17%, 7, 0, 8, 150.50
1735013542, 61, 12, 40, 0, 0, 0.17%, 7, 0, 8, 144.37
1735013547, 61, 13, 40, 0, 0, 0.17%, 7, 0, 8, 144.52
1735013552, 61, 17, 40, 0, 0, 0.17%, 7, 0, 8, 141.47
1735013558, 61, 39, 40, 0, 0, 0.17%, 7, 0, 8, 162.46
1735013568, 62, 12, 40, 0, 0, 0.17%, 7, 0, 8, 141.62
1735013573, 62, 13, 40, 0, 0, 0.17%, 7, 0, 8, 144.14
1735013578, 62, 15, 40, 0, 0, 0.17%, 7, 0, 8, 146.20
1735013583, 62, 16, 40, 0, 0, 0.17%, 7, 0, 8, 151.68
1735013588, 63, 12, 40, 0, 0, 0.17%, 7, 0, 8, 144.21
1735013593, 63, 13, 40, 0, 0, 0.17%, 7, 0, 8, 140.24
1735013598, 63, 15, 40, 0, 0, 0.17%, 7, 0, 8, 147.90
1735013603, 63, 29, 40, 0, 0, 0.17%, 7, 0, 8, 153.79
1735013608, 63, 30, 40, 0, 0, 0.17%, 7, 0, 8, 151.81
1735013614, 64, 10, 40, 0, 0, 0.17%, 7, 0, 8, 140.93
1735013619, 64, 12, 40, 0, 0, 0.17%, 7, 0, 8, 143.88
1735013624, 64, 13, 40, 0, 0, 0.17%, 7, 0, 8, 149.53
1735013629, 64, 15, 40, 0, 0, 0.17%, 7, 0, 8, 143.88
1735013634, 65, 12, 40, 0, 0, 0.17%, 7, 0, 8, 137.88
1735013639, 65, 13, 40, 0, 0, 0.17%, 7, 0, 8, 144.98
1735013645, 65, 15, 40, 0, 0, 0.17%, 7, 0, 8, 149.24
1735013650, 65, 22, 40, 0, 0, 0.17%, 7, 0, 8, 155.99
1735013655, 65, 24, 40, 0, 0, 0.17%, 7, 0, 8, 149.24
1735013660, 66, 11, 40, 0, 0, 0.17%, 7, 0, 8, 140.94
1735013665, 66, 13, 40, 0, 0, 0.17%, 7, 0, 8, 141.31
1735013670, 66, 15, 40, 0, 0, 0.17%, 7, 0, 8, 146.65
1735013675, 67, 12, 40, 0, 0, 0.17%, 7, 0, 8, 145.69
1735013680, 67, 13, 40, 0, 0, 0.17%, 7, 0, 8, 144.94
1735013685, 67, 15, 40, 0, 0, 0.17%, 7, 0, 8, 145.51
1735013691, 67, 16, 40, 0, 0, 0.17%, 7, 0, 8, 148.73
1735013696, 68, 12, 40, 0, 0, 0.17%, 7, 0, 8, 143.17
1735013701, 68, 13, 40, 0, 0, 0.17%, 7, 0, 8, 146.62
1735013706, 68, 15, 40, 0, 0, 0.17%, 7, 0, 8, 149.63
1735013711, 69, 13, 40, 0, 0, 0.17%, 7, 0, 8, 144.00
1735013716, 69, 15, 40, 0, 0, 0.17%, 7, 0, 8, 149.51
1735013721, 69, 16, 40, 0, 0, 0.17%, 7, 0, 8, 143.56
1735013727, 69, 39, 40, 0, 0, 0.17%, 7, 0, 8, 157.75
1735013737, 70, 12, 40, 0, 0, 0.17%, 7, 0, 8, 155.71
1735013742, 70, 13, 40, 0, 0, 0.17%, 7, 0, 8, 145.70
1735013747, 70, 27, 40, 0, 0, 0.17%, 7, 0, 8, 147.70
1735013752, 70, 37, 40, 0, 0, 0.17%, 7, 0, 8, 151.78
1735013762, 71, 12, 40, 0, 0, 0.17%, 7, 0, 8, 145.90
1735013767, 71, 13, 40, 0, 0, 0.17%, 7, 0, 8, 147.82
1735013772, 71, 15, 40, 0, 0, 0.17%, 7, 0, 8, 146.35
1735013777, 71, 29, 40, 0, 0, 0.17%, 7, 0, 8, 148.37
1735013783, 71, 35, 40, 0, 0, 0.17%, 7, 0, 8, 148.83
1735013788, 72, 11, 40, 0, 0, 0.17%, 7, 0, 8, 142.17
1735013793, 72, 13, 40, 0, 0, 0.17%, 7, 0, 8, 144.99
1735013798, 72, 15, 40, 0, 0, 0.17%, 7, 0, 8, 140.95
1735013803, 73, 1, 40, 0, 0, 0.17%, 7, 0, 8, 149.88
1735013808, 73, 12, 40, 0, 0, 0.17%, 7, 0, 8, 147.50
1735013813, 73, 13, 40, 0, 0, 0.17%, 7, 0, 8, 146.17
1735013819, 73, 15, 40, 0, 0, 0.17%, 7, 0, 8, 147.90
1735013824, 73, 37, 40, 0, 0, 0.17%, 7, 0, 8, 150.41
1735013834, 74, 7, 40, 0, 0, 0.17%, 7, 0, 8, 152.99
1735013839, 74, 13, 40, 0, 0, 0.17%, 7, 0, 8, 148.49
1735013844, 74, 15, 40, 0, 0, 0.17%, 7, 0, 8, 150.89
1735013849, 74, 26, 40, 0, 0, 0.17%, 7, 0, 8, 147.72
1735013854, 75, 11, 40, 0, 0, 0.17%, 7, 0, 8, 146.21
1735013859, 75, 13, 40, 0, 0, 0.17%, 7, 0, 8, 140.68
1735013864, 75, 15, 40, 0, 0, 0.17%, 7, 0, 8, 139.40
1735013869, 75, 31, 40, 0, 0, 0.17%, 7, 0, 8, 150.52
1735013880, 76, 11, 40, 0, 0, 0.17%, 7, 0, 8, 142.26
1735013885, 76, 13, 40, 0, 0, 0.17%, 7, 0, 8, 143.42
1735013890, 76, 15, 40, 0, 0, 0.17%, 7, 0, 8, 145.09
1735013895, 76, 28, 40, 0, 0, 0.17%, 7, 0, 8, 152.13
1735013900, 77, 11, 40, 0, 0, 0.17%, 7, 0, 8, 147.53
1735013905, 77, 13, 40, 0, 0, 0.17%, 7, 0, 8, 148.57
1735013910, 77, 15, 40, 0, 0, 0.17%, 7, 0, 8, 138.41
1735013915, 78, 12, 40, 0, 0, 0.17%, 7, 0, 8, 147.40
1735013921, 78, 13, 40, 0, 0, 0.17%, 7, 0, 8, 149.44
1735013926, 78, 15, 40, 0, 0, 0.17%, 7, 0, 8, 150.95
1735013931, 78, 26, 40, 0, 0, 0.17%, 7, 0, 8, 142.05
1735013936, 78, 37, 40, 0, 0, 0.17%, 7, 0, 8, 149.33
1735013941, 79, 11, 40, 0, 0, 0.17%, 7, 0, 8, 149.41
1735013946, 79, 13, 40, 0, 0, 0.17%, 7, 0, 8, 146.35
1735013952, 79, 15, 40, 0, 0, 0.17%, 7, 0, 8, 143.65
1735013957, 79, 29, 40, 0, 0, 0.17%, 7, 0, 8, 153.38
1735013962, 80, 11, 40, 0, 0, 0.17%, 7, 0, 8, 149.63
1735013967, 80, 13, 40, 0, 0, 0.17%, 7, 0, 8, 150.98
1735013972, 80, 15, 40, 0, 0, 0.17%, 7, 0, 8, 147.88
1735013977, 80, 24, 40, 0, 0, 0.17%, 7, 0, 8, 149.81
1735013982, 80, 27, 40, 0, 0, 0.17%, 7, 0, 8, 153.11
1735013987, 80, 33, 40, 0, 0, 0.17%, 7, 0, 8, 149.80
1735013993, 80, 38, 40, 0, 0, 0.17%, 7, 0, 8, 161.22
1735014003, 81, 12, 40, 0, 0, 0.17%, 7, 0, 8, 149.80
1735014008, 81, 13, 40, 0, 0, 0.17%, 7, 0, 8, 154.99
1735014013, 81, 29, 40, 0, 0, 0.17%, 7, 0, 8, 157.82
1735014023, 82, 11, 40, 0, 0, 0.17%, 7, 0, 8, 151.20
1735014029, 82, 13, 40, 0, 0, 0.17%, 7, 0, 8, 138.63
1735014034, 82, 15, 40, 0, 0, 0.17%, 7, 0, 8, 142.53
1735014039, 82, 32, 40, 0, 0, 0.17%, 7, 0, 8, 154.72
1735014044, 82, 34, 40, 0, 0, 0.17%, 7, 0, 8, 154.77
1735014049, 82, 39, 40, 0, 0, 0.17%, 7, 0, 8, 161.17
1735014059, 83, 11, 40, 0, 0, 0.17%, 7, 0, 8, 140.36
1735014064, 83, 13, 40, 0, 0, 0.17%, 7, 0, 8, 144.37
1735014069, 83, 15, 40, 0, 0, 0.17%, 7, 0, 8, 148.11
1735014074, 83, 31, 40, 0, 0, 0.17%, 7, 0, 8, 148.77
1735014080, 83, 33, 40, 0, 0, 0.17%, 7, 0, 8, 145.52
1735014090, 83, 38, 40, 0, 0, 0.17%, 7, 0, 8, 160.19
1735014095, 84, 11, 40, 0, 0, 0.17%, 7, 0, 8, 148.76
1735014100, 84, 13, 40, 0, 0, 0.17%, 7, 0, 8, 142.22
1735014105, 84, 15, 40, 0, 0, 0.17%, 7, 0, 8, 141.69
1735014110, 84, 18, 40, 0, 0, 0.17%, 7, 0, 8, 143.43
1735014131, 84, 19, 40, 0, 0, 0.17%, 7, 0, 8, 140.90
1735014136, 84, 34, 40, 0, 0, 0.17%, 7, 0, 8, 160.87
1735014141, 85, 12, 40, 0, 0, 0.17%, 7, 0, 8, 145.53
1735014147, 85, 13, 40, 0, 0, 0.17%, 7, 0, 8, 144.52
1735014152, 85, 15, 40, 0, 0, 0.17%, 7, 0, 8, 150.70
1735014157, 85, 27, 40, 0, 0, 0.17%, 7, 0, 8, 152.73
1735014162, 85, 28, 40, 0, 0, 0.17%, 7, 0, 8, 154.92
1735014167, 86, 11, 40, 0, 0, 0.17%, 7, 0, 8, 138.45
1735014172, 86, 13, 40, 0, 0, 0.17%, 7, 0, 8, 146.79
1735014177, 86, 15, 40, 0, 0, 0.17%, 7, 0, 8, 147.96
1735014183, 87, 11, 40, 0, 0, 0.17%, 7, 0, 8, 149.63
1735014188, 87, 13, 40, 0, 0, 0.17%, 7, 0, 8, 150.38
1735014193, 87, 15, 40, 0, 0, 0.17%, 7, 0, 8, 155.78
1735014198, 87, 22, 40, 0, 0, 0.17%, 7, 0, 8, 159.28
1735014203, 87, 31, 40, 0, 0, 0.17%, 7, 0, 8, 152.68
1735014208, 88, 11, 40, 0, 0, 0.17%, 7, 0, 8, 147.06
1735014213, 88, 13, 40, 0, 0, 0.17%, 7, 0, 8, 142.99
1735014218, 88, 15, 40, 0, 0, 0.17%, 7, 0, 8, 142.88
1735014224, 89, 12, 40, 0, 0, 0.17%, 7, 0, 8, 142.47
1735014229, 89, 13, 40, 0, 0, 0.17%, 7, 0, 8, 139.70
1735014234, 89, 15, 40, 0, 0, 0.17%, 7, 0, 8, 140.89
1735014239, 89, 26, 40, 0, 0, 0.17%, 7, 0, 8, 155.18
1735014244, 90, 11, 40, 0, 0, 0.17%, 7, 0, 8, 147.30
1735014249, 90, 13, 40, 0, 0, 0.17%, 7, 0, 8, 141.17
1735014254, 90, 15, 40, 0, 0, 0.17%, 7, 0, 8, 139.93
1735014259, 90, 34, 40, 0, 0, 0.17%, 7, 0, 8, 159.39
1735014265, 90, 37, 40, 0, 0, 0.17%, 7, 0, 8, 162.83
1735014270, 91, 7, 40, 0, 0, 0.17%, 7, 0, 8, 157.36
1735014275, 91, 12, 40, 0, 0, 0.17%, 7, 0, 8, 146.49
1735014280, 91, 13, 40, 0, 0, 0.17%, 7, 0, 8, 157.17
1735014285, 91, 15, 40, 0, 0, 0.17%, 7, 0, 8, 148.63
1735014290, 91, 23, 40, 0, 0, 0.17%, 7, 0, 8, 148.32
1735014295, 91, 30, 40, 0, 0, 0.17%, 7, 0, 8, 151.50
1735014300, 91, 38, 40, 0, 0, 0.17%, 7, 0, 8, 147.59
1735014306, 92, 12, 40, 0, 0, 0.17%, 7, 0, 8, 139.77
1735014311, 92, 13, 40, 0, 0, 0.17%, 7, 0, 8, 144.86
1735014316, 92, 15, 40, 0, 0, 0.17%, 7, 0, 8, 148.32
1735014321, 92, 38, 40, 0, 0, 0.17%, 7, 0, 8, 156.56
1735014326, 93, 11, 40, 0, 0, 0.17%, 7, 0, 8, 145.72
1735014331, 93, 13, 40, 0, 0, 0.17%, 7, 0, 8, 146.11
1735014336, 93, 15, 40, 0, 0, 0.17%, 7, 0, 8, 143.11
1735014341, 93, 21, 40, 0, 0, 0.17%, 7, 0, 8, 148.38
1735014347, 93, 29, 40, 0, 0, 0.17%, 7, 0, 8, 154.64
1735014352, 93, 35, 40, 0, 0, 0.17%, 7, 0, 8, 159.83
1735014357, 94, 3, 40, 0, 0, 0.17%, 7, 0, 8, 148.10
1735014362, 94, 12, 40, 0, 0, 0.17%, 7, 0, 8, 146.28
1735014367, 94, 15, 40, 0, 0, 0.17%, 7, 0, 8, 147.79
1735014372, 94, 30, 40, 0, 0, 0.17%, 7, 0, 8, 144.94
1735014378, 94, 35, 40, 0, 0, 0.17%, 7, 0, 8, 148.30
1735014383, 95, 1, 40, 0, 0, 0.17%, 7, 0, 8, 157.41
1735014388, 95, 12, 40, 0, 0, 0.17%, 7, 0, 8, 150.06
1735014393, 95, 13, 40, 0, 0, 0.17%, 7, 0, 8, 141.17
1735014398, 95, 15, 40, 0, 0, 0.17%, 7, 0, 8, 149.35
1735014403, 96, 12, 40, 0, 0, 0.17%, 7, 0, 8, 145.96
1735014408, 96, 13, 40, 0, 0, 0.17%, 7, 0, 8, 150.36
1735014414, 96, 15, 40, 0, 0, 0.17%, 7, 0, 8, 148.80
1735014419, 96, 20, 40, 0, 0, 0.17%, 7, 0, 8, 151.74
1735014424, 96, 31, 40, 0, 0, 0.17%, 7, 0, 8, 143.00
1735014429, 97, 8, 40, 0, 0, 0.17%, 7, 0, 8, 142.43
1735014434, 97, 13, 40, 0, 0, 0.17%, 7, 0, 8, 142.01
1735014439, 97, 15, 40, 0, 0, 0.17%, 7, 0, 8, 152.03
1735014445, 97, 23, 40, 0, 0, 0.17%, 7, 0, 8, 153.40
1735014450, 98, 11, 40, 0, 0, 0.17%, 7, 0, 8, 149.18
1735014455, 98, 13, 40, 0, 0, 0.17%, 7, 0, 8, 147.90
1735014460, 98, 15, 40, 0, 0, 0.17%, 7, 0, 8, 150.84
1735014465, 98, 16, 40, 0, 0, 0.17%, 7, 0, 8, 148.79
1735014470, 98, 32, 40, 0, 0, 0.17%, 7, 0, 8, 150.67
1735014475, 98, 36, 40, 0, 0, 0.17%, 7, 0, 8, 144.81
1735014506, 99, 1, 40, 0, 0, 0.17%, 7, 0, 8, 151.35
1735014511, 99, 12, 40, 0, 0, 0.17%, 7, 0, 8, 141.09
1735014516, 99, 15, 40, 0, 0, 0.17%, 7, 0, 8, 151.90
1735014521, 100, 11, 40, 0, 0, 0.17%, 7, 0, 8, 142.05
1735014527, 100, 13, 40, 0, 0, 0.17%, 7, 0, 8, 141.90
1735014532, 100, 15, 40, 0, 0, 0.17%, 7, 0, 8, 140.44
1735014537, 100, 35, 40, 0, 0, 0.17%, 7, 0, 8, 157.25
1735014542, 100, 36, 40, 0, 0, 0.17%, 7, 0, 8, 152.31
1735014557, 100, 37, 40, 0, 0, 0.17%, 7, 0, 8, 165.54
1735014562, 101, 2, 40, 0, 0, 0.17%, 7, 0, 8, 150.49
1735014568, 101, 11, 40, 0, 0, 0.17%, 7, 0, 8, 143.88
1735014573, 101, 13, 40, 0, 0, 0.17%, 7, 0, 8, 143.55
1735014578, 101, 15, 40, 0, 0, 0.17%, 7, 0, 8, 142.71
1735014583, 101, 24, 40, 0, 0, 0.17%, 7, 0, 8, 153.34
1735014588, 102, 11, 40, 0, 0, 0.17%, 7, 0, 8, 150.62
1735014593, 102, 13, 40, 0, 0, 0.17%, 7, 0, 8, 142.75
1735014598, 102, 15, 40, 0, 0, 0.17%, 7, 0, 8, 146.02
1735014603, 102, 18, 40, 0, 0, 0.17%, 7, 0, 8, 145.73
1735014608, 102, 27, 40, 0, 0, 0.17%, 7, 0, 8, 144.16
1735014613, 103, 11, 40, 0, 0, 0.17%, 7, 0, 8, 148.97
1735014618, 103, 13, 40, 0, 0, 0.17%, 7, 0, 8, 143.33
1735014623, 103, 15, 40, 0, 0, 0.17%, 7, 0, 8, 145.41
1735014629, 103, 18, 40, 0, 0, 0.17%, 7, 0, 8, 144.56
1735014634, 103, 27, 40, 0, 0, 0.17%, 7, 0, 8, 164.25
1735014639, 103, 34, 40, 0, 0, 0.17%, 7, 0, 8, 157.76
1735014644, 104, 11, 40, 0, 0, 0.17%, 7, 0, 8, 138.04
1735014649, 104, 13, 40, 0, 0, 0.17%, 7, 0, 8, 145.46
1735014654, 104, 15, 40, 0, 0, 0.17%, 7, 0, 8, 144.07
1735014659, 105, 2, 40, 0, 0, 0.17%, 7, 0, 8, 146.70
1735014665, 105, 11, 40, 0, 0, 0.17%, 7, 0, 8, 140.98
1735014670, 105, 13, 40, 0, 0, 0.17%, 7, 0, 8, 140.88
1735014675, 105, 15, 40, 0, 0, 0.17%, 7, 0, 8, 149.53
1735014680, 105, 39, 40, 0, 0, 0.17%, 7, 0, 8, 159.45
1735014690, 106, 13, 40, 0, 0, 0.17%, 7, 0, 8, 146.55
1735014695, 106, 14, 40, 0, 0, 0.17%, 7, 0, 8, 149.58
1735014701, 106, 15, 40, 0, 0, 0.17%, 7, 0, 8, 146.74
1735014706, 107, 11, 40, 0, 0, 0.17%, 7, 0, 8, 150.29
1735014711, 107, 13, 40, 0, 0, 0.17%, 7, 0, 8, 139.57
1735014716, 107, 15, 40, 0, 0, 0.17%, 7, 0, 8, 148.65
1735014721, 108, 11, 40, 0, 0, 0.17%, 7, 0, 8, 144.08
1735014726, 108, 13, 40, 0, 0, 0.17%, 7, 0, 8, 145.41
1735014731, 108, 15, 40, 0, 0, 0.17%, 7, 0, 8, 138.18
1735014737, 109, 11, 40, 0, 0, 0.17%, 7, 0, 8, 144.85
1735014742, 109, 13, 40, 0, 0, 0.17%, 7, 0, 8, 146.46
1735014747, 109, 14, 40, 0, 0, 0.17%, 7, 0, 8, 143.96
1735014752, 109, 15, 40, 0, 0, 0.17%, 7, 0, 8, 139.83
1735014757, 109, 28, 40, 0, 0, 0.17%, 7, 0, 8, 150.86
1735014762, 109, 38, 40, 0, 0, 0.17%, 7, 0, 8, 153.30
1735014772, 110, 12, 40, 0, 0, 0.17%, 7, 0, 8, 145.58
1735014778, 110, 13, 40, 0, 0, 0.17%, 7, 0, 8, 154.54
1735014783, 110, 15, 40, 0, 0, 0.17%, 7, 0, 8, 145.01
1735014788, 110, 39, 40, 0, 0, 0.17%, 7, 0, 8, 157.21
1735014798, 111, 12, 40, 0, 0, 0.17%, 7, 0, 8, 150.65
1735014803, 111, 13, 40, 0, 0, 0.17%, 7, 0, 8, 142.32
1735014808, 111, 15, 40, 0, 0, 0.17%, 7, 0, 8, 147.35
1735014813, 111, 38, 40, 0, 0, 0.17%, 7, 0, 8, 153.20
1735014819, 112, 11, 40, 0, 0, 0.17%, 7, 0, 8, 144.94
1735014824, 112, 13, 40, 0, 0, 0.17%, 7, 0, 8, 144.76
1735014829, 112, 15, 40, 0, 0, 0.17%, 7, 0, 8, 144.07
1735014834, 113, 11, 40, 0, 0, 0.17%, 7, 0, 8, 145.90
1735014839, 113, 13, 40, 0, 0, 0.17%, 7, 0, 8, 144.45
1735014844, 113, 15, 40, 0, 0, 0.17%, 7, 0, 8, 141.06
1735014849, 114, 11, 40, 0, 0, 0.17%, 7, 0, 8, 143.22
1735014855, 114, 13, 40, 0, 0, 0.17%, 7, 0, 8, 145.69
1735014860, 114, 15, 40, 0, 0, 0.17%, 7, 0, 8, 144.02
1735014865, 115, 11, 40, 0, 0, 0.17%, 7, 0, 8, 145.32
1735014870, 115, 13, 40, 0, 0, 0.17%, 7, 0, 8, 144.83
1735014875, 115, 15, 40, 0, 0, 0.17%, 7, 0, 8, 143.72
1735014880, 115, 23, 40, 0, 0, 0.17%, 7, 0, 8, 151.79
1735014885, 115, 34, 40, 0, 0, 0.17%, 7, 0, 8, 157.73
1735014890, 115, 35, 40, 0, 0, 0.17%, 7, 0, 8, 162.62
1735014895, 116, 12, 40, 0, 0, 0.17%, 7, 0, 8, 147.98
1735014901, 116, 13, 40, 0, 0, 0.17%, 7, 0, 8, 143.63
1735014906, 116, 15, 40, 0, 0, 0.17%, 7, 0, 8, 137.48
1735014911, 116, 19, 40, 0, 0, 0.17%, 7, 0, 8, 152.45
1735014916, 116, 29, 40, 0, 0, 0.17%, 7, 0, 8, 151.13
1735014921, 117, 11, 40, 0, 0, 0.17%, 7, 0, 8, 140.64
1735014926, 117, 13, 40, 0, 0, 0.17%, 7, 0, 8, 136.74
1735014932, 117, 15, 40, 0, 0, 0.17%, 7, 0, 8, 142.27
1735014937, 117, 37, 40, 0, 0, 0.17%, 7, 0, 8, 154.84
1735014947, 118, 11, 40, 0, 0, 0.17%, 7, 0, 8, 144.89
1735014952, 118, 13, 40, 0, 0, 0.17%, 7, 0, 8, 144.08
1735014957, 118, 15, 40, 0, 0, 0.17%, 7, 0, 8, 146.97
1735014962, 119, 11, 40, 0, 0, 0.17%, 7, 0, 8, 147.24
1735014967, 119, 13, 40, 0, 0, 0.17%, 7, 0, 8, 145.28
1735014972, 119, 15, 40, 0, 0, 0.17%, 7, 0, 8, 148.12
1735014978, 119, 33, 40, 0, 0, 0.17%, 7, 0, 8, 154.52
1735014988, 119, 37, 40, 0, 0, 0.17%, 7, 0, 8, 150.96
1735014993, 120, 12, 40, 0, 0, 0.17%, 7, 0, 8, 149.91
1735014998, 120, 13, 40, 0, 0, 0.17%, 7, 0, 8, 140.47
1735015003, 120, 15, 40, 0, 0, 0.17%, 7, 0, 8, 147.03
1735015008, 120, 37, 40, 0, 0, 0.17%, 7, 0, 8, 159.42
1735015013, 121, 11, 40, 0, 0, 0.17%, 7, 0, 8, 152.03
1735015018, 121, 13, 40, 0, 0, 0.17%, 7, 0, 8, 143.43
1735015024, 121, 15, 40, 0, 0, 0.17%, 7, 0, 8, 148.60
1735015029, 121, 22, 40, 0, 0, 0.17%, 7, 0, 8, 158.80
1735015034, 122, 11, 40, 0, 0, 0.17%, 7, 0, 8, 145.49
1735015039, 122, 13, 40, 0, 0, 0.17%, 7, 0, 8, 143.56
1735015044, 122, 15, 40, 0, 0, 0.17%, 7, 0, 8, 148.54
1735015049, 122, 26, 40, 0, 0, 0.17%, 7, 0, 8, 156.03
1735015055, 123, 11, 40, 0, 0, 0.17%, 7, 0, 8, 152.72
1735015060, 123, 13, 40, 0, 0, 0.17%, 7, 0, 8, 149.12
1735015065, 123, 15, 40, 0, 0, 0.17%, 7, 0, 8, 149.42
1735015070, 123, 22, 40, 0, 0, 0.17%, 7, 0, 8, 169.15
1735015075, 124, 11, 40, 0, 0, 0.17%, 7, 0, 8, 153.82
1735015080, 124, 13, 40, 0, 0, 0.17%, 7, 0, 8, 150.33
1735015085, 124, 15, 40, 0, 0, 0.17%, 7, 0, 8, 143.12
1735015091, 125, 11, 40, 0, 0, 0.17%, 7, 0, 8, 143.99
1735015096, 125, 13, 40, 0, 0, 0.17%, 7, 0, 8, 147.90
1735015101, 125, 15, 40, 0, 0, 0.17%, 7, 0, 8, 152.71
1735015106, 125, 29, 40, 0, 0, 0.17%, 7, 0, 8, 151.62
1735015111, 126, 11, 40, 0, 0, 0.17%, 7, 0, 8, 146.38
1735015116, 126, 13, 40, 0, 0, 0.17%, 7, 0, 8, 149.04
1735015121, 126, 15, 40, 0, 0, 0.17%, 7, 0, 8, 154.54
1735015126, 126, 26, 40, 0, 0, 0.17%, 7, 0, 8, 153.88
1735015131, 126, 34, 40, 0, 0, 0.17%, 7, 0, 8, 152.13
1735015136, 126, 39, 40, 0, 0, 0.17%, 7, 0, 8, 157.98
1735015141, 127, 9, 40, 0, 0, 0.17%, 7, 0, 8, 145.07
1735015147, 127, 13, 40, 0, 0, 0.17%, 7, 0, 8, 147.09
1735015152, 127, 15, 40, 0, 0, 0.17%, 7, 0, 8, 148.55
1735015157, 128, 8, 40, 0, 0, 0.17%, 7, 0, 8, 150.41
1735015162, 128, 12, 40, 0, 0, 0.17%, 7, 0, 8, 139.88
1735015167, 128, 13, 40, 0, 0, 0.17%, 7, 0, 8, 145.19
1735015172, 128, 15, 40, 0, 0, 0.17%, 7, 0, 8, 142.31
1735015177, 128, 26, 40, 0, 0, 0.17%, 7, 0, 8, 152.05
1735015182, 129, 11, 40, 0, 0, 0.17%, 7, 0, 8, 152.73
1735015188, 129, 13, 40, 0, 0, 0.17%, 7, 0, 8, 144.25
1735015193, 129, 15, 40, 0, 0, 0.17%, 7, 0, 8, 145.16
1735015198, 130, 11, 40, 0, 0, 0.17%, 7, 0, 8, 139.88
1735015203, 130, 13, 40, 0, 0, 0.17%, 7, 0, 8, 143.17
1735015208, 130, 15, 40, 0, 0, 0.17%, 7, 0, 8, 146.79
1735015213, 130, 36, 40, 0, 0, 0.17%, 7, 0, 8, 148.81
1735015224, 131, 12, 40, 0, 0, 0.17%, 7, 0, 8, 143.18
1735015229, 131, 13, 40, 0, 0, 0.17%, 7, 0, 8, 144.32
1735015234, 131, 15, 40, 0, 0, 0.17%, 7, 0, 8, 147.94
1735015239, 132, 12, 40, 0, 0, 0.17%, 7, 0, 8, 146.63
1735015244, 132, 13, 40, 0, 0, 0.17%, 7, 0, 8, 145.44
1735015249, 133, 11, 40, 0, 0, 0.17%, 7, 0, 8, 146.88
1735015254, 133, 13, 40, 0, 0, 0.17%, 7, 0, 8, 144.98
1735015259, 133, 15, 40, 0, 0, 0.17%, 7, 0, 8, 141.95
1735015264, 134, 11, 40, 0, 0, 0.17%, 7, 0, 8, 139.75
1735015270, 134, 13, 40, 0, 0, 0.17%, 7, 0, 8, 143.82
1735015275, 134, 15, 40, 0, 0, 0.17%, 7, 0, 8, 150.91
1735015280, 134, 28, 40, 0, 0, 0.17%, 7, 0, 8, 155.92
1735015285, 135, 11, 40, 0, 0, 0.17%, 7, 0, 8, 154.52
1735015290, 135, 13, 40, 0, 0, 0.17%, 7, 0, 8, 147.39
1735015295, 135, 15, 40, 0, 0, 0.17%, 7, 0, 8, 145.95
1735015301, 136, 11, 40, 0, 0, 0.17%, 7, 0, 8, 143.49
1735015306, 136, 13, 40, 0, 0, 0.17%, 7, 0, 8, 146.64
1735015311, 136, 15, 40, 0, 0, 0.17%, 7, 0, 8, 149.30
1735015316, 136, 24, 40, 0, 0, 0.17%, 7, 0, 8, 154.97
1735015321, 136, 37, 40, 0, 0, 0.17%, 7, 0, 8, 156.30
1735015326, 136, 39, 40, 0, 0, 0.17%, 7, 0, 8, 158.78
1735015336, 137, 11, 40, 0, 0, 0.17%, 7, 0, 8, 145.96
1735015341, 137, 13, 40, 0, 0, 0.17%, 7, 0, 8, 142.45
1735015347, 137, 15, 40, 0, 0, 0.17%, 7, 0, 8, 148.22
1735015352, 137, 22, 40, 0, 0, 0.17%, 7, 0, 8, 164.21
1735015357, 137, 25, 40, 0, 0, 0.17%, 7, 0, 8, 150.50
1735015362, 137, 30, 40, 0, 0, 0.17%, 7, 0, 8, 153.52
1735015367, 138, 11, 40, 0, 0, 0.17%, 7, 0, 8, 140.47
1735015372, 138, 13, 40, 0, 0, 0.17%, 7, 0, 8, 153.09
1735015377, 138, 15, 40, 0, 0, 0.17%, 7, 0, 8, 149.69
1735015382, 138, 31, 40, 0, 0, 0.17%, 7, 0, 8, 147.60
1735015388, 139, 4, 40, 0, 0, 0.17%, 7, 0, 8, 147.21
1735015393, 139, 11, 40, 0, 0, 0.17%, 7, 0, 8, 145.77
1735015398, 139, 13, 40, 0, 0, 0.17%, 7, 0, 8, 147.29
1735015403, 139, 15, 40, 0, 0, 0.17%, 7, 0, 8, 148.45
1735015408, 139, 30, 40, 0, 0, 0.17%, 7, 0, 8, 144.47
1735015413, 140, 12, 40, 0, 0, 0.17%, 7, 0, 8, 144.09
1735015419, 140, 13, 40, 0, 0, 0.17%, 7, 0, 8, 139.51
1735015424, 140, 15, 40, 0, 0, 0.17%, 7, 0, 8, 142.24
1735015429, 140, 30, 40, 0, 0, 0.17%, 7, 0, 8, 139.64
1735015434, 140, 38, 40, 0, 0, 0.17%, 7, 0, 8, 153.18
1735015439, 141, 11, 40, 0, 0, 0.17%, 7, 0, 8, 149.75
1735015444, 141, 13, 40, 0, 0, 0.17%, 7, 0, 8, 148.31
1735015449, 141, 15, 40, 0, 0, 0.17%, 7, 0, 8, 134.87
1735015454, 142, 11, 40, 0, 0, 0.17%, 7, 0, 8, 144.40
1735015460, 142, 13, 40, 0, 0, 0.17%, 7, 0, 8, 144.56
1735015465, 142, 15, 40, 0, 0, 0.17%, 7, 0, 8, 148.80
1735015470, 142, 34, 40, 0, 0, 0.17%, 7, 0, 8, 163.45
1735015475, 143, 11, 40, 0, 0, 0.17%, 7, 0, 8, 147.16
1735015480, 143, 13, 40, 0, 0, 0.17%, 7, 0, 8, 144.93
1735015485, 143, 15, 40, 0, 0, 0.17%, 7, 0, 8, 149.42
1735015490, 143, 25, 40, 0, 0, 0.17%, 7, 0, 8, 152.97
1735015495, 143, 32, 40, 0, 0, 0.17%, 7, 0, 8, 155.10
1735015500, 144, 6, 40, 0, 0, 0.17%, 7, 0, 8, 141.74
1735015505, 144, 12, 40, 0, 0, 0.17%, 7, 0, 8, 137.31
1735015511, 144, 13, 40, 0, 0, 0.17%, 7, 0, 8, 142.88
1735015516, 144, 14, 40, 0, 0, 0.17%, 7, 0, 8, 148.99
1735015521, 144, 15, 40, 0, 0, 0.17%, 7, 0, 8, 144.87
1735015526, 145, 12, 40, 0, 0, 0.17%, 7, 0, 8, 144.23
1735015531, 145, 13, 40, 0, 0, 0.17%, 7, 0, 8, 138.54
1735015536, 145, 14, 40, 0, 0, 0.17%, 7, 0, 8, 148.84
1735015541, 145, 15, 40, 0, 0, 0.17%, 7, 0, 8, 152.53
1735015547, 146, 12, 40, 0, 0, 0.17%, 7, 0, 8, 145.02
1735015552, 146, 13, 40, 0, 0, 0.17%, 7, 0, 8, 142.15
1735015557, 146, 15, 40, 0, 0, 0.17%, 7, 0, 8, 146.47
1735015562, 146, 18, 40, 0, 0, 0.17%, 7, 0, 8, 139.35
1735015567, 147, 11, 40, 0, 0, 0.17%, 7, 0, 8, 139.02
1735015572, 147, 13, 40, 0, 0, 0.17%, 7, 0, 8, 139.62
1735015578, 147, 15, 40, 0, 0, 0.17%, 7, 0, 8, 138.40
1735015583, 147, 21, 40, 0, 0, 0.17%, 7, 0, 8, 151.88
1735015588, 147, 27, 40, 0, 0, 0.17%, 7, 0, 8, 151.06
1735015593, 148, 11, 40, 0, 0, 0.17%, 7, 0, 8, 140.49
1735015598, 148, 13, 40, 0, 0, 0.17%, 7, 0, 8, 140.50
1735015603, 148, 15, 40, 0, 0, 0.17%, 7, 0, 8, 142.45
1735015608, 148, 26, 40, 0, 0, 0.17%, 7, 0, 8, 151.91
1735015613, 148, 32, 40, 0, 0, 0.17%, 7, 0, 8, 159.12
1735015618, 149, 0, 40, 0, 0, 0.17%, 7, 0, 8, 155.42
1735015623, 149, 11, 40, 0, 0, 0.17%, 7, 0, 8, 147.88
1735015629, 149, 13, 40, 0, 0, 0.17%, 7, 0, 8, 146.57
1735015634, 149, 15, 40, 0, 0, 0.17%, 7, 0, 8, 137.54
1735015639, 149, 33, 40, 0, 0, 0.17%, 7, 0, 8, 152.93
1735015644, 149, 34, 40, 0, 0, 0.17%, 7, 0, 8, 160.69
1735015649, 150, 11, 40, 0, 0, 0.17%, 7, 0, 8, 151.76
1735015654, 150, 13, 40, 0, 0, 0.17%, 7, 0, 8, 140.25
1735015659, 150, 15, 40, 0, 0, 0.17%, 7, 0, 8, 145.40
1735015664, 150, 25, 40, 0, 0, 0.17%, 7, 0, 8, 150.95
1735015669, 151, 11, 40, 0, 0, 0.17%, 7, 0, 8, 148.16
1735015675, 151, 13, 40, 0, 0, 0.17%, 7, 0, 8, 145.44
1735015680, 151, 15, 40, 0, 0, 0.17%, 7, 0, 8, 147.74
1735015685, 151, 17, 40, 0, 0, 0.17%, 7, 0, 8, 154.78
1735015690, 151, 30, 40, 0, 0, 0.17%, 7, 0, 8, 149.54
1735015695, 152, 12, 40, 0, 0, 0.17%, 7, 0, 8, 136.64
1735015700, 152, 13, 40, 0, 0, 0.17%, 7, 0, 8, 136.72
1735015705, 152, 15, 40, 0, 0, 0.17%, 7, 0, 8, 143.94
1735015710, 152, 21, 40, 0, 0, 0.17%, 7, 0, 8, 152.52
1735015716, 152, 29, 40, 0, 0, 0.17%, 7, 0, 8, 162.74
1735015726, 153, 11, 40, 0, 0, 0.17%, 7, 0, 8, 150.39
1735015731, 153, 13, 40, 0, 0, 0.17%, 7, 0, 8, 140.74
1735015736, 153, 15, 40, 0, 0, 0.17%, 7, 0, 8, 140.78
1735015741, 153, 20, 40, 0, 0, 0.17%, 7, 0, 8, 139.77
1735015746, 154, 3, 40, 0, 0, 0.17%, 7, 0, 8, 149.25
1735015751, 154, 13, 40, 0, 0, 0.17%, 7, 0, 8, 149.12
1735015757, 154, 14, 40, 0, 0, 0.17%, 7, 0, 8, 148.77
1735015762, 154, 15, 40, 0, 0, 0.17%, 7, 0, 8, 142.46
1735015767, 155, 11, 40, 0, 0, 0.17%, 7, 0, 8, 142.20
1735015772, 155, 13, 40, 0, 0, 0.17%, 7, 0, 8, 143.25
1735015777, 155, 15, 40, 0, 0, 0.17%, 7, 0, 8, 137.28
1735015782, 155, 25, 40, 0, 0, 0.17%, 7, 0, 8, 142.72
1735015787, 156, 0, 40, 0, 0, 0.17%, 7, 0, 8, 153.50
1735015792, 156, 13, 40, 0, 0, 0.17%, 7, 0, 8, 148.49
1735015798, 156, 15, 40, 0, 0, 0.17%, 7, 0, 8, 146.15
1735015803, 156, 28, 40, 0, 0, 0.17%, 7, 0, 8, 148.32
1735015808, 157, 11, 40, 0, 0, 0.17%, 7, 0, 8, 148.40
1735015813, 157, 13, 40, 0, 0, 0.17%, 7, 0, 8, 139.32
1735015818, 157, 15, 40, 0, 0, 0.17%, 7, 0, 8, 142.06
1735015823, 157, 26, 40, 0, 0, 0.17%, 7, 0, 8, 146.46
1735015828, 157, 27, 40, 0, 0, 0.17%, 7, 0, 8, 160.87
1735015834, 158, 11, 40, 0, 0, 0.17%, 7, 0, 8, 148.86
1735015839, 158, 13, 40, 0, 0, 0.17%, 7, 0, 8, 144.79
1735015844, 158, 15, 40, 0, 0, 0.17%, 7, 0, 8, 143.09
1735015849, 158, 18, 40, 0, 0, 0.17%, 7, 0, 8, 149.41
1735015854, 159, 11, 40, 0, 0, 0.17%, 7, 0, 8, 140.97
1735015859, 159, 13, 40, 0, 0, 0.17%, 7, 0, 8, 141.44
1735015864, 159, 15, 40, 0, 0, 0.17%, 7, 0, 8, 139.29
1735015869, 159, 16, 40, 0, 0, 0.17%, 7, 0, 8, 145.57
1735015875, 159, 18, 40, 0, 0, 0.17%, 7, 0, 8, 142.33
1735015880, 159, 28, 40, 0, 0, 0.17%, 7, 0, 8, 150.20
1735015885, 160, 11, 40, 0, 0, 0.17%, 7, 0, 8, 143.58
1735015890, 160, 13, 40, 0, 0, 0.17%, 7, 0, 8, 145.02
1735015895, 160, 15, 40, 0, 0, 0.17%, 7, 0, 8, 150.36
1735015900, 161, 11, 40, 0, 0, 0.17%, 7, 0, 8, 146.24
1735015905, 161, 12, 40, 0, 0, 0.17%, 7, 0, 8, 140.04
1735015910, 161, 13, 40, 0, 0, 0.17%, 7, 0, 8, 139.35
1735015916, 161, 15, 40, 0, 0, 0.17%, 7, 0, 8, 144.25
1735015921, 161, 18, 40, 0, 0, 0.17%, 7, 0, 8, 154.04
1735015926, 162, 11, 40, 0, 0, 0.17%, 7, 0, 8, 150.85
1735015931, 162, 13, 40, 0, 0, 0.17%, 7, 0, 8, 143.89
1735015936, 162, 15, 40, 0, 0, 0.17%, 7, 0, 8, 142.65
1735015941, 162, 31, 40, 0, 0, 0.17%, 7, 0, 8, 144.40
1735015952, 162, 37, 40, 0, 0, 0.17%, 7, 0, 8, 159.63
1735015957, 162, 39, 40, 0, 0, 0.17%, 7, 0, 8, 173.60
1735015962, 163, 11, 40, 0, 0, 0.17%, 7, 0, 8, 154.20
1735015967, 163, 13, 40, 0, 0, 0.17%, 7, 0, 8, 150.85
1735015972, 163, 15, 40, 0, 0, 0.17%, 7, 0, 8, 145.99
1735015977, 164, 11, 40, 0, 0, 0.17%, 7, 0, 8, 149.20
1735015982, 164, 13, 40, 0, 0, 0.17%, 7, 0, 8, 146.75
1735015987, 164, 15, 40, 0, 0, 0.17%, 7, 0, 8, 154.38
1735015992, 165, 12, 40, 0, 0, 0.17%, 7, 0, 8, 145.16
1735015998, 165, 13, 40, 0, 0, 0.17%, 7, 0, 8, 147.07
1735016003, 165, 30, 40, 0, 0, 0.17%, 7, 0, 8, 147.96
1735016013, 166, 13, 40, 0, 0, 0.17%, 7, 0, 8, 145.82
1735016018, 166, 15, 40, 0, 0, 0.17%, 7, 0, 8, 151.46
1735016023, 166, 31, 40, 0, 0, 0.17%, 7, 0, 8, 151.35
1735016033, 167, 11, 40, 0, 0, 0.17%, 7, 0, 8, 153.87
1735016038, 167, 13, 40, 0, 0, 0.17%, 7, 0, 8, 150.72
1735016043, 167, 15, 40, 0, 0, 0.17%, 7, 0, 8, 150.06
1735016049, 168, 12, 40, 0, 0, 0.17%, 7, 0, 8, 142.38
1735016054, 168, 13, 40, 0, 0, 0.17%, 7, 0, 8, 144.26
1735016059, 168, 15, 40, 0, 0, 0.17%, 7, 0, 8, 155.32
1735016064, 168, 17, 40, 0, 0, 0.17%, 7, 0, 8, 153.19
1735016069, 168, 27, 40, 0, 0, 0.17%, 7, 0, 8, 147.50
1735016074, 169, 12, 40, 0, 0, 0.17%, 7, 0, 8, 150.66
1735016079, 169, 13, 40, 0, 0, 0.17%, 7, 0, 8, 149.30
1735016084, 170, 4, 40, 0, 0, 0.17%, 7, 0, 8, 140.39
1735016090, 170, 11, 40, 0, 0, 0.17%, 7, 0, 8, 145.00
1735016095, 170, 13, 40, 0, 0, 0.17%, 7, 0, 8, 144.89
1735016100, 170, 14, 40, 0, 0, 0.17%, 7, 0, 8, 149.74
1735016105, 170, 15, 40, 0, 0, 0.17%, 7, 0, 8, 143.64
1735016110, 170, 31, 40, 0, 0, 0.17%, 7, 0, 8, 151.49
1735016115, 170, 33, 40, 0, 0, 0.17%, 7, 0, 8, 138.08
1735016125, 171, 12, 40, 0, 0, 0.17%, 7, 0, 8, 145.08
1735016131, 171, 13, 40, 0, 0, 0.17%, 7, 0, 8, 141.21
1735016136, 171, 15, 40, 0, 0, 0.17%, 7, 0, 8, 139.86
1735016141, 171, 19, 40, 0, 0, 0.17%, 7, 0, 8, 143.75
1735016146, 171, 30, 40, 0, 0, 0.17%, 7, 0, 8, 136.64
1735016151, 172, 11, 40, 0, 0, 0.17%, 7, 0, 8, 149.03
1735016156, 172, 13, 40, 0, 0, 0.17%, 7, 0, 8, 142.55
1735016162, 172, 15, 40, 0, 0, 0.17%, 7, 0, 8, 147.41
1735016167, 172, 23, 40, 0, 0, 0.17%, 7, 0, 8, 140.52
1735016172, 172, 32, 40, 0, 0, 0.17%, 7, 0, 8, 144.78
1735016177, 172, 35, 40, 0, 0, 0.17%, 7, 0, 8, 163.26
1735016182, 173, 4, 40, 0, 0, 0.17%, 7, 0, 8, 144.35
1735016187, 173, 12, 40, 0, 0, 0.17%, 7, 0, 8, 144.55
1735016192, 173, 13, 40, 0, 0, 0.17%, 7, 0, 8, 144.82
1735016198, 173, 15, 40, 0, 0, 0.17%, 7, 0, 8, 141.31
1735016203, 173, 18, 40, 0, 0, 0.17%, 7, 0, 8, 147.45
1735016208, 174, 11, 40, 0, 0, 0.17%, 7, 0, 8, 143.93
1735016213, 174, 13, 40, 0, 0, 0.17%, 7, 0, 8, 141.74
1735016218, 174, 15, 40, 0, 0, 0.17%, 7, 0, 8, 152.02
1735016223, 174, 28, 40, 0, 0, 0.17%, 7, 0, 8, 146.67
1735016228, 174, 33, 40, 0, 0, 0.17%, 7, 0, 8, 147.99
1735016233, 175, 11, 40, 0, 0, 0.17%, 7, 0, 8, 150.74
1735016239, 175, 13, 40, 0, 0, 0.17%, 7, 0, 8, 140.81
1735016244, 175, 15, 40, 0, 0, 0.17%, 7, 0, 8, 144.48
1735016249, 176, 11, 40, 0, 0, 0.17%, 7, 0, 8, 144.83
1735016254, 176, 13, 40, 0, 0, 0.17%, 7, 0, 8, 144.77
1735016259, 176, 15, 40, 0, 0, 0.17%, 7, 0, 8, 150.26
1735016264, 176, 36, 40, 0, 0, 0.17%, 7, 0, 8, 157.92
1735016269, 177, 5, 40, 0, 0, 0.17%, 7, 0, 8, 154.81
1735016274, 177, 12, 40, 0, 0, 0.17%, 7, 0, 8, 151.58
1735016280, 177, 13, 40, 0, 0, 0.17%, 7, 0, 8, 146.02
1735016285, 177, 15, 40, 0, 0, 0.17%, 7, 0, 8, 143.80
1735016290, 177, 37, 40, 0, 0, 0.17%, 7, 0, 8, 150.32
1735016295, 178, 12, 40, 0, 0, 0.17%, 7, 0, 8, 142.66
1735016300, 178, 13, 40, 0, 0, 0.17%, 7, 0, 8, 147.08
1735016305, 178, 15, 40, 0, 0, 0.17%, 7, 0, 8, 153.57
1735016310, 179, 12, 40, 0, 0, 0.17%, 7, 0, 8, 144.10
1735016316, 179, 13, 40, 0, 0, 0.17%, 7, 0, 8, 150.19
1735016321, 179, 15, 40, 0, 0, 0.17%, 7, 0, 8, 141.33
1735016326, 180, 12, 40, 0, 0, 0.17%, 7, 0, 8, 136.74
1735016331, 180, 15, 40, 0, 0, 0.17%, 7, 0, 8, 148.39
1735016336, 181, 11, 40, 0, 0, 0.17%, 7, 0, 8, 147.16
1735016341, 181, 13, 40, 0, 0, 0.17%, 7, 0, 8, 146.69
1735016347, 181, 15, 40, 0, 0, 0.17%, 7, 0, 8, 143.91
1735016352, 182, 3, 40, 0, 0, 0.17%, 7, 0, 8, 141.92
1735016357, 182, 12, 40, 0, 0, 0.17%, 7, 0, 8, 143.89
1735016362, 182, 13, 40, 0, 0, 0.17%, 7, 0, 8, 140.29
1735016367, 182, 15, 40, 0, 0, 0.17%, 7, 0, 8, 143.43
1735016372, 182, 22, 40, 0, 0, 0.17%, 7, 0, 8, 157.21
1735016377, 183, 12, 40, 0, 0, 0.17%, 7, 0, 8, 145.77
1735016382, 183, 13, 40, 0, 0, 0.17%, 7, 0, 8, 149.17
1735016388, 183, 15, 40, 0, 0, 0.17%, 7, 0, 8, 147.71
1735016393, 184, 11, 40, 0, 0, 0.17%, 7, 0, 8, 146.26
1735016398, 184, 13, 40, 0, 0, 0.17%, 7, 0, 8, 140.46
1735016403, 184, 15, 40, 0, 0, 0.17%, 7, 0, 8, 138.37
1735016408, 184, 20, 40, 0, 0, 0.17%, 7, 0, 8, 139.18
1735016413, 184, 39, 40, 0, 0, 0.17%, 7, 0, 8, 169.24
1735016418, 185, 6, 40, 0, 0, 0.17%, 7, 0, 8, 146.80
1735016424, 185, 12, 40, 0, 0, 0.17%, 7, 0, 8, 141.20
1735016429, 185, 13, 40, 0, 0, 0.17%, 7, 0, 8, 143.53
1735016434, 185, 15, 40, 0, 0, 0.17%, 7, 0, 8, 145.73
1735016439, 185, 16, 40, 0, 0, 0.17%, 7, 0, 8, 151.69
1735016444, 186, 12, 40, 0, 0, 0.17%, 7, 0, 8, 139.67
1735016449, 186, 13, 40, 0, 0, 0.17%, 7, 0, 8, 146.32
1735016454, 186, 15, 40, 0, 0, 0.17%, 7, 0, 8, 154.39
1735016459, 187, 12, 40, 0, 0, 0.17%, 7, 0, 8, 145.49
1735016465, 187, 13, 40, 0, 0, 0.17%, 7, 0, 8, 149.44
1735016470, 187, 15, 40, 0, 0, 0.17%, 7, 0, 8, 150.82
1735016475, 188, 11, 40, 0, 0, 0.17%, 7, 0, 8, 156.94
1735016480, 188, 13, 40, 0, 0, 0.17%, 7, 0, 8, 149.58
1735016485, 188, 15, 40, 0, 0, 0.17%, 7, 0, 8, 145.51
1735016490, 188, 17, 40, 0, 0, 0.17%, 7, 0, 8, 150.18
1735016495, 188, 31, 40, 0, 0, 0.17%, 7, 0, 8, 154.08
1735016505, 188, 34, 40, 0, 0, 0.17%, 7, 0, 8, 143.85
1735016510, 189, 12, 40, 0, 0, 0.17%, 7, 0, 8, 138.00
1735016516, 189, 13, 40, 0, 0, 0.17%, 7, 0, 8, 142.42
1735016521, 189, 24, 40, 0, 0, 0.17%, 7, 0, 8, 145.81
1735016526, 189, 33, 40, 0, 0, 0.17%, 7, 0, 8, 150.35
1735016536, 190, 7, 40, 0, 0, 0.17%, 7, 0, 8, 146.23
1735016541, 190, 12, 40, 0, 0, 0.17%, 7, 0, 8, 141.32
1735016546, 190, 15, 40, 0, 0, 0.17%, 7, 0, 8, 152.44
1735016551, 190, 23, 40, 0, 0, 0.17%, 7, 0, 8, 156.54
1735016557, 190, 28, 40, 0, 0, 0.17%, 7, 0, 8, 158.01
1735016562, 191, 11, 40, 0, 0, 0.17%, 7, 0, 8, 153.43
1735016567, 191, 13, 40, 0, 0, 0.17%, 7, 0, 8, 142.90
1735016572, 191, 15, 40, 0, 0, 0.17%, 7, 0, 8, 150.24
1735016577, 191, 17, 40, 0, 0, 0.17%, 7, 0, 8, 157.86
1735016582, 191, 37, 40, 0, 0, 0.17%, 7, 0, 8, 163.06
1735016587, 192, 11, 40, 0, 0, 0.17%, 7, 0, 8, 143.39
1735016593, 192, 13, 40, 0, 0, 0.17%, 7, 0, 8, 145.49
1735016598, 192, 15, 40, 0, 0, 0.17%, 7, 0, 8, 147.41
1735016603, 192, 28, 40, 0, 0, 0.17%, 7, 0, 8, 146.29
1735016608, 192, 38, 40, 0, 0, 0.17%, 7, 0, 8, 159.68
1735016618, 193, 12, 40, 0, 0, 0.17%, 7, 0, 8, 146.71
1735016623, 193, 13, 40, 0, 0, 0.17%, 7, 0, 8, 154.40
1735016629, 193, 15, 40, 0, 0, 0.17%, 7, 0, 8, 151.50
1735016634, 194, 12, 40, 0, 0, 0.17%, 7, 0, 8, 145.61
1735016639, 194, 15, 40, 0, 0, 0.17%, 7, 0, 8, 156.03
1735016644, 194, 25, 40, 0, 0, 0.17%, 7, 0, 8, 151.52
1735016649, 195, 9, 40, 0, 0, 0.17%, 7, 0, 8, 144.40
1735016654, 195, 12, 40, 0, 0, 0.17%, 7, 0, 8, 141.37
1735016660, 195, 13, 40, 0, 0, 0.17%, 7, 0, 8, 144.41
1735016665, 195, 14, 40, 0, 0, 0.17%, 7, 0, 8, 152.46
1735016670, 195, 15, 40, 0, 0, 0.17%, 7, 0, 8, 141.79
1735016675, 196, 13, 40, 0, 0, 0.17%, 7, 0, 8, 142.54
1735016680, 196, 15, 40, 0, 0, 0.17%, 7, 0, 8, 143.55
1735016685, 196, 19, 40, 0, 0, 0.17%, 7, 0, 8, 144.14
1735016691, 197, 11, 40, 0, 0, 0.17%, 7, 0, 8, 141.55
1735016696, 197, 13, 40, 0, 0, 0.17%, 7, 0, 8, 143.78
1735016701, 197, 15, 40, 0, 0, 0.17%, 7, 0, 8, 145.89
1735016706, 197, 25, 40, 0, 0, 0.17%, 7, 0, 8, 150.15
1735016711, 198, 11, 40, 0, 0, 0.17%, 7, 0, 8, 149.47
1735016716, 198, 13, 40, 0, 0, 0.17%, 7, 0, 8, 142.76
1735016721, 198, 15, 40, 0, 0, 0.17%, 7, 0, 8, 146.47
1735016727, 199, 11, 40, 0, 0, 0.17%, 7, 0, 8, 144.62
1735016732, 199, 13, 40, 0, 0, 0.17%, 7, 0, 8, 141.08
1735016737, 199, 15, 40, 0, 0, 0.17%, 7, 0, 8, 139.59
1735016742, 199, 19, 40, 0, 0, 0.17%, 7, 0, 8, 142.49
1735016747, 200, 9, 40, 0, 0, 0.17%, 7, 0, 8, 140.91
1735016752, 200, 13, 40, 0, 0, 0.17%, 7, 0, 8, 143.99
1735016758, 200, 15, 40, 0, 0, 0.17%, 7, 0, 8, 145.45
1735016763, 201, 11, 40, 0, 0, 0.17%, 7, 0, 8, 141.66
1735016768, 201, 13, 40, 0, 0, 0.17%, 7, 0, 8, 147.98
1735016773, 201, 15, 40, 0, 0, 0.17%, 7, 0, 8, 152.12
1735016778, 201, 18, 40, 0, 0, 0.17%, 7, 0, 8, 141.33
1735016783, 201, 20, 40, 0, 0, 0.17%, 7, 0, 8, 138.29
1735016788, 202, 2, 40, 0, 0, 0.17%, 7, 0, 8, 142.53
1735016794, 202, 12, 40, 0, 0, 0.17%, 7, 0, 8, 150.53
1735016799, 202, 13, 40, 0, 0, 0.17%, 7, 0, 8, 142.97
1735016804, 202, 15, 40, 0, 0, 0.17%, 7, 0, 8, 148.89
1735016809, 203, 13, 40, 0, 0, 0.17%, 7, 0, 8, 136.73
1735016814, 203, 15, 40, 0, 0, 0.17%, 7, 0, 8, 142.56
1735016819, 203, 27, 40, 0, 0, 0.17%, 7, 0, 8, 157.73
1735016824, 204, 4, 40, 0, 0, 0.17%, 7, 0, 8, 154.27
1735016829, 204, 12, 40, 0, 0, 0.17%, 7, 0, 8, 148.78
1735016834, 204, 13, 40, 0, 0, 0.17%, 7, 0, 8, 147.45
1735016840, 204, 15, 40, 0, 0, 0.17%, 7, 0, 8, 139.97
1735016845, 204, 18, 40, 0, 0, 0.17%, 7, 0, 8, 143.02
1735016850, 204, 34, 40, 0, 0, 0.17%, 7, 0, 8, 151.77
1735016855, 205, 11, 40, 0, 0, 0.17%, 7, 0, 8, 144.42
1735016860, 205, 13, 40, 0, 0, 0.17%, 7, 0, 8, 139.16
1735016865, 205, 15, 40, 0, 0, 0.17%, 7, 0, 8, 149.40
1735016871, 205, 28, 40, 0, 0, 0.17%, 7, 0, 8, 155.94
1735016876, 206, 11, 40, 0, 0, 0.17%, 7, 0, 8, 146.00
1735016881, 206, 13, 40, 0, 0, 0.17%, 7, 0, 8, 154.01
1735016886, 206, 15, 40, 0, 0, 0.17%, 7, 0, 8, 144.15
1735016891, 207, 12, 40, 0, 0, 0.17%, 7, 0, 8, 143.42
1735016896, 207, 13, 40, 0, 0, 0.17%, 7, 0, 8, 137.01
1735016901, 207, 15, 40, 0, 0, 0.17%, 7, 0, 8, 138.18
1735016906, 207, 27, 40, 0, 0, 0.17%, 7, 0, 8, 156.41
1735016912, 207, 30, 40, 0, 0, 0.17%, 7, 0, 8, 145.34
1735016917, 208, 12, 40, 0, 0, 0.17%, 7, 0, 8, 148.57
1735016922, 208, 13, 40, 0, 0, 0.17%, 7, 0, 8, 150.29
1735016927, 208, 38, 40, 0, 0, 0.17%, 7, 0, 8, 157.75
1735016937, 209, 11, 40, 0, 0, 0.17%, 7, 0, 8, 145.10
1735016942, 209, 13, 40, 0, 0, 0.17%, 7, 0, 8, 146.69
1735016947, 209, 14, 40, 0, 0, 0.17%, 7, 0, 8, 150.73
1735016952, 209, 15, 40, 0, 0, 0.17%, 7, 0, 8, 139.47
1735016958, 209, 27, 40, 0, 0, 0.17%, 7, 0, 8, 151.96
1735016963, 209, 33, 40, 0, 0, 0.17%, 7, 0, 8, 162.07
1735016968, 209, 38, 40, 0, 0, 0.17%, 7, 0, 8, 144.01
1735016978, 209, 39, 40, 0, 0, 0.17%, 7, 0, 8, 157.19
1735016983, 210, 11, 40, 0, 0, 0.17%, 7, 0, 8, 149.70
1735016988, 210, 13, 40, 0, 0, 0.17%, 7, 0, 8, 143.23
1735016993, 210, 15, 40, 0, 0, 0.17%, 7, 0, 8, 145.78
1735016998, 210, 22, 40, 0, 0, 0.17%, 7, 0, 8, 164.53
1735017003, 211, 11, 40, 0, 0, 0.17%, 7, 0, 8, 147.49
1735017008, 211, 13, 40, 0, 0, 0.17%, 7, 0, 8, 145.95
1735017014, 211, 15, 40, 0, 0, 0.17%, 7, 0, 8, 151.04
1735017019, 211, 31, 40, 0, 0, 0.17%, 7, 0, 8, 156.67
1735017024, 212, 2, 40, 0, 0, 0.17%, 7, 0, 8, 144.87
1735017029, 212, 12, 40, 0, 0, 0.17%, 7, 0, 8, 138.86
1735017034, 212, 13, 40, 0, 0, 0.17%, 7, 0, 8, 145.94
1735017039, 212, 15, 40, 0, 0, 0.17%, 7, 0, 8, 148.64
1735017044, 213, 13, 40, 0, 0, 0.17%, 7, 0, 8, 146.35
1735017049, 213, 15, 40, 0, 0, 0.17%, 7, 0, 8, 150.17
1735017055, 214, 11, 40, 0, 0, 0.17%, 7, 0, 8, 147.20
1735017060, 214, 13, 40, 0, 0, 0.17%, 7, 0, 8, 144.39
1735017065, 214, 15, 40, 0, 0, 0.17%, 7, 0, 8, 140.67
1735017070, 214, 16, 40, 0, 0, 0.17%, 7, 0, 8, 148.97
1735017075, 215, 5, 40, 0, 0, 0.17%, 7, 0, 8, 148.98
1735017080, 215, 13, 40, 0, 0, 0.17%, 7, 0, 8, 143.40
1735017085, 215, 15, 40, 0, 0, 0.17%, 7, 0, 8, 142.81
1735017091, 216, 8, 40, 0, 0, 0.17%, 7, 0, 8, 144.45
1735017096, 216, 12, 40, 0, 0, 0.17%, 7, 0, 8, 147.88
1735017101, 216, 13, 40, 0, 0, 0.17%, 7, 0, 8, 145.52
1735017106, 216, 15, 40, 0, 0, 0.17%, 7, 0, 8, 148.13
1735017111, 216, 17, 40, 0, 0, 0.17%, 7, 0, 8, 149.10
1735017116, 217, 0, 40, 0, 0, 0.17%, 7, 0, 8, 154.00
1735017121, 217, 12, 40, 0, 0, 0.17%, 7, 0, 8, 149.13
1735017127, 217, 13, 40, 0, 0, 0.17%, 7, 0, 8, 148.98
1735017132, 217, 15, 40, 0, 0, 0.17%, 7, 0, 8, 149.28
1735017137, 217, 37, 40, 0, 0, 0.17%, 7, 0, 8, 154.17
1735017142, 218, 11, 40, 0, 0, 0.17%, 7, 0, 8, 141.04
1735017147, 218, 13, 40, 0, 0, 0.17%, 7, 0, 8, 142.99
1735017152, 218, 15, 40, 0, 0, 0.17%, 7, 0, 8, 142.68
1735017157, 219, 0, 40, 0, 0, 0.17%, 7, 0, 8, 149.46
1735017162, 219, 11, 40, 0, 0, 0.17%, 7, 0, 8, 152.29
1735017167, 219, 13, 40, 0, 0, 0.17%, 7, 0, 8, 152.59
1735017173, 219, 15, 40, 0, 0, 0.17%, 7, 0, 8, 150.87
1735017178, 220, 12, 40, 0, 0, 0.17%, 7, 0, 8, 143.45
1735017183, 220, 13, 40, 0, 0, 0.17%, 7, 0, 8, 147.63
1735017188, 220, 14, 40, 0, 0, 0.17%, 7, 0, 8, 150.78
1735017193, 220, 15, 40, 0, 0, 0.17%, 7, 0, 8, 148.37
1735017198, 221, 11, 40, 0, 0, 0.17%, 7, 0, 8, 146.55
1735017203, 221, 13, 40, 0, 0, 0.17%, 7, 0, 8, 139.77
1735017208, 221, 15, 40, 0, 0, 0.17%, 7, 0, 8, 137.47
1735017214, 222, 11, 40, 0, 0, 0.17%, 7, 0, 8, 140.69
1735017219, 222, 13, 40, 0, 0, 0.17%, 7, 0, 8, 143.14
1735017224, 222, 15, 40, 0, 0, 0.17%, 7, 0, 8, 137.87
1735017229, 222, 26, 40, 0, 0, 0.17%, 7, 0, 8, 153.96
1735017234, 223, 11, 40, 0, 0, 0.17%, 7, 0, 8, 143.58
1735017239, 223, 13, 40, 0, 0, 0.17%, 7, 0, 8, 139.55
1735017244, 223, 15, 40, 0, 0, 0.17%, 7, 0, 8, 141.53
1735017250, 223, 23, 40, 0, 0, 0.17%, 7, 0, 8, 156.64
1735017255, 223, 36, 40, 0, 0, 0.17%, 7, 0, 8, 152.96
1735017265, 224, 13, 40, 0, 0, 0.17%, 7, 0, 8, 147.04
1735017270, 224, 15, 40, 0, 0, 0.17%, 7, 0, 8, 153.75
1735017275, 224, 28, 40, 0, 0, 0.17%, 7, 0, 8, 151.32
1735017280, 225, 1, 40, 0, 0, 0.17%, 7, 0, 8, 142.54
1735017286, 225, 12, 40, 0, 0, 0.17%, 7, 0, 8, 146.61
1735017291, 225, 13, 40, 0, 0, 0.17%, 7, 0, 8, 144.61
1735017296, 225, 15, 40, 0, 0, 0.17%, 7, 0, 8, 145.85
1735017301, 226, 13, 40, 0, 0, 0.17%, 7, 0, 8, 146.40
1735017306, 226, 15, 40, 0, 0, 0.17%, 7, 0, 8, 145.14
1735017311, 226, 19, 40, 0, 0, 0.17%, 7, 0, 8, 148.68
1735017316, 226, 20, 40, 0, 0, 0.17%, 7, 0, 8, 141.74
1735017321, 226, 32, 40, 0, 0, 0.17%, 7, 0, 8, 136.47
1735017332, 227, 11, 40, 0, 0, 0.17%, 7, 0, 8, 147.36
1735017337, 227, 13, 40, 0, 0, 0.17%, 7, 0, 8, 138.41
1735017342, 227, 15, 40, 0, 0, 0.17%, 7, 0, 8, 138.22
1735017347, 228, 11, 40, 0, 0, 0.17%, 7, 0, 8, 146.15
1735017352, 228, 13, 40, 0, 0, 0.17%, 7, 0, 8, 136.46
1735017357, 228, 15, 40, 0, 0, 0.17%, 7, 0, 8, 122.89
1735017362, 228, 29, 40, 0, 0, 0.17%, 7, 0, 8, 135.39
1735017373, 228, 36, 40, 0, 0, 0.17%, 7, 0, 8, 154.53
1735017378, 229, 11, 40, 0, 0, 0.17%, 7, 0, 8, 142.25
1735017383, 229, 13, 40, 0, 0, 0.17%, 7, 0, 8, 143.98
1735017388, 229, 15, 40, 0, 0, 0.17%, 7, 0, 8, 146.46
1735017393, 229, 17, 40, 0, 0, 0.17%, 7, 0, 8, 152.10
1735017398, 230, 12, 40, 0, 0, 0.17%, 7, 0, 8, 145.50
1735017404, 230, 13, 40, 0, 0, 0.17%, 7, 0, 8, 149.11
1735017409, 230, 15, 40, 0, 0, 0.17%, 7, 0, 8, 149.99
1735017414, 230, 16, 40, 0, 0, 0.17%, 7, 0, 8, 149.02
1735017419, 230, 19, 40, 0, 0, 0.17%, 7, 0, 8, 157.66
1735017424, 230, 27, 40, 0, 0, 0.17%, 7, 0, 8, 153.22
1735017429, 230, 33, 40, 0, 0, 0.17%, 7, 0, 8, 152.15
1735017434, 231, 11, 40, 0, 0, 0.17%, 7, 0, 8, 152.24
1735017439, 231, 13, 40, 0, 0, 0.17%, 7, 0, 8, 143.66
1735017444, 231, 15, 40, 0, 0, 0.17%, 7, 0, 8, 141.78
1735017450, 232, 11, 40, 0, 0, 0.17%, 7, 0, 8, 144.71
1735017455, 232, 13, 40, 0, 0, 0.17%, 7, 0, 8, 147.34
1735017460, 232, 15, 40, 0, 0, 0.17%, 7, 0, 8, 148.18
1735017465, 233, 11, 40, 0, 0, 0.17%, 7, 0, 8, 145.56
1735017470, 233, 13, 40, 0, 0, 0.17%, 7, 0, 8, 141.88
1735017475, 233, 15, 40, 0, 0, 0.17%, 7, 0, 8, 147.64
1735017480, 234, 12, 40, 0, 0, 0.17%, 7, 0, 8, 141.08
1735017486, 234, 13, 40, 0, 0, 0.17%, 7, 0, 8, 148.16
1735017491, 234, 15, 40, 0, 0, 0.17%, 7, 0, 8, 154.81
1735017496, 235, 12, 40, 0, 0, 0.17%, 7, 0, 8, 140.46
1735017501, 235, 13, 40, 0, 0, 0.17%, 7, 0, 8, 144.96
1735017506, 235, 15, 40, 0, 0, 0.17%, 7, 0, 8, 145.74
1735017511, 236, 11, 40, 0, 0, 0.17%, 7, 0, 8, 147.25
1735017516, 236, 13, 40, 0, 0, 0.17%, 7, 0, 8, 139.73
1735017521, 236, 15, 40, 0, 0, 0.17%, 7, 0, 8, 146.87
1735017527, 237, 12, 40, 0, 0, 0.17%, 7, 0, 8, 151.28
1735017532, 237, 13, 40, 0, 0, 0.17%, 7, 0, 8, 143.97
1735017537, 237, 15, 40, 0, 0, 0.17%, 7, 0, 8, 143.46
1735017542, 237, 18, 40, 0, 0, 0.17%, 7, 0, 8, 144.60
1735017547, 237, 22, 40, 0, 0, 0.17%, 7, 0, 8, 156.93
1735017552, 238, 12, 40, 0, 0, 0.17%, 7, 0, 8, 148.89
1735017558, 238, 13, 40, 0, 0, 0.17%, 7, 0, 8, 149.45
1735017563, 238, 15, 40, 0, 0, 0.17%, 7, 0, 8, 155.60
1735017568, 238, 33, 40, 0, 0, 0.17%, 7, 0, 8, 142.69
1735017573, 239, 11, 40, 0, 0, 0.17%, 7, 0, 8, 140.94
1735017578, 239, 13, 40, 0, 0, 0.17%, 7, 0, 8, 141.91
1735017583, 239, 15, 40, 0, 0, 0.17%, 7, 0, 8, 149.65
1735017588, 240, 4, 40, 0, 0, 0.17%, 7, 0, 8, 143.97
1735017593, 240, 12, 40, 0, 0, 0.17%, 7, 0, 8, 142.05
1735017598, 240, 15, 40, 0, 0, 0.17%, 7, 0, 8, 147.15
1735017603, 241, 9, 40, 0, 0, 0.17%, 7, 0, 8, 147.73
1735017609, 241, 12, 40, 0, 0, 0.17%, 7, 0, 8, 142.80
1735017614, 241, 13, 40, 0, 0, 0.17%, 7, 0, 8, 143.55
1735017619, 241, 15, 40, 0, 0, 0.17%, 7, 0, 8, 145.89
1735017624, 241, 18, 40, 0, 0, 0.17%, 7, 0, 8, 144.64
1735017629, 242, 12, 40, 0, 0, 0.17%, 7, 0, 8, 144.63
1735017634, 242, 15, 40, 0, 0, 0.17%, 7, 0, 8, 152.53
1735017639, 242, 16, 40, 0, 0, 0.17%, 7, 0, 8, 149.05
1735017645, 242, 20, 40, 0, 0, 0.17%, 7, 0, 8, 142.37
1735017650, 242, 24, 40, 0, 0, 0.17%, 7, 0, 8, 157.42
1735017655, 242, 38, 40, 0, 0, 0.17%, 7, 0, 8, 153.33
1735017665, 243, 12, 40, 0, 0, 0.17%, 7, 0, 8, 144.51
1735017670, 243, 13, 40, 0, 0, 0.17%, 7, 0, 8, 142.95
1735017675, 243, 15, 40, 0, 0, 0.17%, 7, 0, 8, 137.85
1735017680, 244, 12, 40, 0, 0, 0.17%, 7, 0, 8, 138.81
1735017685, 244, 13, 40, 0, 0, 0.17%, 7, 0, 8, 146.13
1735017691, 244, 15, 40, 0, 0, 0.17%, 7, 0, 8, 145.40
1735017696, 244, 33, 40, 0, 0, 0.17%, 7, 0, 8, 156.84
1735017701, 244, 36, 40, 0, 0, 0.17%, 7, 0, 8, 148.71
1735017706, 245, 11, 40, 0, 0, 0.17%, 7, 0, 8, 145.20
1735017711, 245, 13, 40, 0, 0, 0.17%, 7, 0, 8, 150.26
1735017716, 245, 15, 40, 0, 0, 0.17%, 7, 0, 8, 150.43
1735017721, 245, 28, 40, 0, 0, 0.17%, 7, 0, 8, 145.56
1735017727, 246, 11, 40, 0, 0, 0.17%, 7, 0, 8, 146.79
1735017732, 246, 13, 40, 0, 0, 0.17%, 7, 0, 8, 146.83
1735017737, 246, 15, 40, 0, 0, 0.17%, 7, 0, 8, 143.70
1735017742, 247, 11, 40, 0, 0, 0.17%, 7, 0, 8, 148.86
1735017747, 247, 13, 40, 0, 0, 0.17%, 7, 0, 8, 145.65
1735017752, 247, 15, 40, 0, 0, 0.17%, 7, 0, 8, 147.76
1735017757, 248, 12, 40, 0, 0, 0.17%, 7, 0, 8, 146.86
1735017762, 248, 13, 40, 0, 0, 0.17%, 7, 0, 8, 138.51
1735017768, 248, 15, 40, 0, 0, 0.17%, 7, 0, 8, 137.84
1735017773, 248, 32, 40, 0, 0, 0.17%, 7, 0, 8, 153.44
1735017778, 249, 1, 40, 0, 0, 0.17%, 7, 0, 8, 147.56
1735017783, 249, 12, 40, 0, 0, 0.17%, 7, 0, 8, 141.16
1735017788, 249, 13, 40, 0, 0, 0.17%, 7, 0, 8, 147.91
1735017793, 249, 15, 40, 0, 0, 0.17%, 7, 0, 8, 148.85
1735017799, 249, 32, 40, 0, 0, 0.17%, 7, 0, 8, 151.38
1735017804, 250, 11, 40, 0, 0, 0.17%, 7, 0, 8, 146.44
1735017809, 250, 13, 40, 0, 0, 0.17%, 7, 0, 8, 143.00
1735017814, 250, 15, 40, 0, 0, 0.17%, 7, 0, 8, 146.82
1735017819, 250, 28, 40, 0, 0, 0.17%, 7, 0, 8, 155.77
1735017824, 251, 4, 40, 0, 0, 0.17%, 7, 0, 8, 145.33
1735017830, 251, 12, 40, 0, 0, 0.17%, 7, 0, 8, 144.86
1735017835, 251, 13, 40, 0, 0, 0.17%, 7, 0, 8, 144.13
1735017840, 251, 14, 40, 0, 0, 0.17%, 7, 0, 8, 148.42
1735017845, 251, 15, 40, 0, 0, 0.17%, 7, 0, 8, 146.36
1735017850, 252, 10, 40, 0, 0, 0.17%, 7, 0, 8, 150.36
1735017855, 252, 12, 40, 0, 0, 0.17%, 7, 0, 8, 145.37
1735017860, 252, 13, 40, 0, 0, 0.17%, 7, 0, 8, 145.51
1735017865, 252, 15, 40, 0, 0, 0.17%, 7, 0, 8, 143.84
1735017871, 252, 31, 40, 0, 0, 0.17%, 7, 0, 8, 152.64
1735017876, 253, 8, 40, 0, 0, 0.17%, 7, 0, 8, 145.72
1735017881, 253, 12, 40, 0, 0, 0.17%, 7, 0, 8, 139.48
1735017886, 253, 15, 40, 0, 0, 0.17%, 7, 0, 8, 140.24
1735017891, 253, 18, 40, 0, 0, 0.17%, 7, 0, 8, 151.24
1735017896, 254, 11, 40, 0, 0, 0.17%, 7, 0, 8, 146.55
1735017901, 254, 13, 40, 0, 0, 0.17%, 7, 0, 8, 141.98
1735017906, 254, 15, 40, 0, 0, 0.17%, 7, 0, 8, 148.16
1735017911, 255, 11, 40, 0, 0, 0.17%, 7, 0, 8, 145.45
1735017917, 255, 13, 40, 0, 0, 0.17%, 7, 0, 8, 141.41
1735017922, 255, 15, 40, 0, 0, 0.17%, 7, 0, 8, 145.64
1735017927, 255, 25, 40, 0, 0, 0.17%, 7, 0, 8, 147.53
1735017932, 256, 12, 40, 0, 0, 0.17%, 7, 0, 8, 150.17
1735017937, 256, 13, 40, 0, 0, 0.17%, 7, 0, 8, 144.57
1735017942, 256, 15, 40, 0, 0, 0.17%, 7, 0, 8, 153.95
1735017947, 256, 21, 40, 0, 0, 0.17%, 7, 0, 8, 157.60
1735017953, 256, 36, 40, 0, 0, 0.17%, 7, 0, 8, 154.61
1735017958, 257, 1, 40, 0, 0, 0.17%, 7, 0, 8, 141.84
1735017963, 257, 13, 40, 0, 0, 0.17%, 7, 0, 8, 145.93
1735017968, 257, 14, 40, 0, 0, 0.17%, 7, 0, 8, 156.98
1735017973, 257, 15, 40, 0, 0, 0.17%, 7, 0, 8, 151.39
1735017978, 257, 33, 40, 0, 0, 0.17%, 7, 0, 8, 155.27
1735017988, 258, 12, 40, 0, 0, 0.17%, 7, 0, 8, 147.83
1735017993, 258, 13, 40, 0, 0, 0.17%, 7, 0, 8, 152.37
1735017998, 258, 15, 40, 0, 0, 0.17%, 7, 0, 8, 150.57
1735018003, 259, 12, 40, 0, 0, 0.17%, 7, 0, 8, 144.49
1735018009, 259, 13, 40, 0, 0, 0.17%, 7, 0, 8, 144.50
1735018014, 260, 0, 40, 0, 0, 0.17%, 7, 0, 8, 149.74
1735018019, 260, 12, 40, 0, 0, 0.17%, 7, 0, 8, 148.00
1735018024, 260, 13, 40, 0, 0, 0.17%, 7, 0, 8, 153.02
1735018029, 260, 15, 40, 0, 0, 0.17%, 7, 0, 8, 152.26
1735018034, 261, 11, 40, 0, 0, 0.17%, 7, 0, 8, 151.62
1735018039, 261, 13, 40, 0, 0, 0.17%, 7, 0, 8, 145.14
1735018045, 261, 15, 40, 0, 0, 0.17%, 7, 0, 8, 142.65
1735018050, 261, 24, 40, 0, 0, 0.17%, 7, 0, 8, 151.76
1735018055, 262, 12, 40, 0, 0, 0.17%, 7, 0, 8, 139.39
1735018060, 262, 13, 40, 0, 0, 0.17%, 7, 0, 8, 144.30
1735018065, 262, 15, 40, 0, 0, 0.17%, 7, 0, 8, 139.54
1735018070, 262, 20, 40, 0, 0, 0.17%, 7, 0, 8, 141.39
1735018075, 262, 21, 40, 0, 0, 0.17%, 7, 0, 8, 154.25
1735018080, 262, 29, 40, 0, 0, 0.17%, 7, 0, 8, 148.71
1735018086, 263, 4, 40, 0, 0, 0.17%, 7, 0, 8, 148.55
1735018091, 263, 11, 40, 0, 0, 0.17%, 7, 0, 8, 142.52
1735018096, 263, 13, 40, 0, 0, 0.17%, 7, 0, 8, 141.07
1735018101, 263, 15, 40, 0, 0, 0.17%, 7, 0, 8, 149.83
1735018106, 263, 18, 40, 0, 0, 0.17%, 7, 0, 8, 155.04
1735018111, 264, 11, 40, 0, 0, 0.17%, 7, 0, 8, 145.53
1735018116, 264, 13, 40, 0, 0, 0.17%, 7, 0, 8, 144.09
1735018122, 264, 15, 40, 0, 0, 0.17%, 7, 0, 8, 142.11
1735018127, 265, 11, 40, 0, 0, 0.17%, 7, 0, 8, 146.13
1735018132, 265, 13, 40, 0, 0, 0.17%, 7, 0, 8, 145.48
1735018137, 265, 15, 40, 0, 0, 0.17%, 7, 0, 8, 141.03
1735018142, 265, 34, 40, 0, 0, 0.17%, 7, 0, 8, 160.15
1735018147, 266, 11, 40, 0, 0, 0.17%, 7, 0, 8, 147.50
1735018153, 266, 13, 40, 0, 0, 0.17%, 7, 0, 8, 148.38
1735018158, 266, 15, 40, 0, 0, 0.17%, 7, 0, 8, 151.59
1735018163, 266, 23, 40, 0, 0, 0.17%, 7, 0, 8, 147.99
1735018168, 267, 10, 40, 0, 0, 0.17%, 7, 0, 8, 148.85
1735018173, 267, 12, 40, 0, 0, 0.17%, 7, 0, 8, 144.26
1735018178, 267, 15, 40, 0, 0, 0.17%, 7, 0, 8, 152.00
1735018183, 268, 11, 40, 0, 0, 0.17%, 7, 0, 8, 149.43
1735018188, 268, 13, 40, 0, 0, 0.17%, 7, 0, 8, 142.75
1735018193, 268, 15, 40, 0, 0, 0.17%, 7, 0, 8, 152.34
1735018198, 268, 25, 40, 0, 0, 0.17%, 7, 0, 8, 150.80
1735018204, 269, 11, 40, 0, 0, 0.17%, 7, 0, 8, 153.90
1735018209, 269, 13, 40, 0, 0, 0.17%, 7, 0, 8, 144.97
1735018214, 269, 15, 40, 0, 0, 0.17%, 7, 0, 8, 148.17
1735018219, 269, 22, 40, 0, 0, 0.17%, 7, 0, 8, 166.19
1735018224, 269, 34, 40, 0, 0, 0.17%, 7, 0, 8, 167.43
1735018229, 269, 36, 40, 0, 0, 0.17%, 7, 0, 8, 162.74
1735018234, 270, 2, 40, 0, 0, 0.17%, 7, 0, 8, 155.63
1735018239, 270, 11, 40, 0, 0, 0.17%, 7, 0, 8, 147.24
1735018244, 270, 13, 40, 0, 0, 0.17%, 7, 0, 8, 143.80
1735018249, 270, 15, 40, 0, 0, 0.17%, 7, 0, 8, 135.48
1735018254, 270, 18, 40, 0, 0, 0.17%, 7, 0, 8, 144.35
1735018260, 270, 31, 40, 0, 0, 0.17%, 7, 0, 8, 148.19
1735018270, 271, 12, 40, 0, 0, 0.17%, 7, 0, 8, 141.81
1735018275, 271, 13, 40, 0, 0, 0.17%, 7, 0, 8, 150.42
1735018280, 271, 15, 40, 0, 0, 0.17%, 7, 0, 8, 146.68
1735018285, 271, 30, 40, 0, 0, 0.17%, 7, 0, 8, 150.60
1735018290, 271, 34, 40, 0, 0, 0.17%, 7, 0, 8, 148.03
1735018295, 272, 3, 40, 0, 0, 0.17%, 7, 0, 8, 158.24
1735018301, 272, 12, 40, 0, 0, 0.17%, 7, 0, 8, 149.64
1735018306, 272, 13, 40, 0, 0, 0.17%, 7, 0, 8, 151.98
1735018311, 272, 15, 40, 0, 0, 0.17%, 7, 0, 8, 150.56
1735018316, 272, 37, 40, 0, 0, 0.17%, 7, 0, 8, 150.79
1735018321, 272, 38, 40, 0, 0, 0.17%, 7, 0, 8, 167.35
1735018326, 273, 4, 40, 0, 0, 0.17%, 7, 0, 8, 154.58
1735018331, 273, 12, 40, 0, 0, 0.17%, 7, 0, 8, 144.76
1735018336, 273, 13, 40, 0, 0, 0.17%, 7, 0, 8, 141.79
1735018342, 273, 14, 40, 0, 0, 0.17%, 7, 0, 8, 148.89
1735018347, 273, 15, 40, 0, 0, 0.17%, 7, 0, 8, 147.01
1735018352, 273, 31, 40, 0, 0, 0.17%, 7, 0, 8, 145.81
1735018357, 273, 38, 40, 0, 0, 0.17%, 7, 0, 8, 161.54
1735018362, 274, 0, 40, 0, 0, 0.17%, 7, 0, 8, 164.48
1735018367, 274, 11, 40, 0, 0, 0.17%, 7, 0, 8, 150.53
1735018372, 274, 13, 40, 0, 0, 0.17%, 7, 0, 8, 146.80
1735018377, 274, 14, 40, 0, 0, 0.17%, 7, 0, 8, 150.06
1735018383, 274, 15, 40, 0, 0, 0.17%, 7, 0, 8, 143.07
1735018388, 275, 12, 40, 0, 0, 0.17%, 7, 0, 8, 150.57
1735018393, 275, 13, 40, 0, 0, 0.17%, 7, 0, 8, 152.09
1735018398, 275, 15, 40, 0, 0, 0.17%, 7, 0, 8, 145.10
1735018403, 276, 12, 40, 0, 0, 0.17%, 7, 0, 8, 143.41
1735018408, 276, 13, 40, 0, 0, 0.17%, 7, 0, 8, 147.07
1735018413, 276, 15, 40, 0, 0, 0.17%, 7, 0, 8, 139.24
1735018418, 276, 34, 40, 0, 0, 0.17%, 7, 0, 8, 148.70
1735018424, 277, 12, 40, 0, 0, 0.17%, 7, 0, 8, 147.74
1735018429, 277, 13, 40, 0, 0, 0.17%, 7, 0, 8, 149.56
1735018434, 277, 15, 40, 0, 0, 0.17%, 7, 0, 8, 148.02
1735018439, 277, 25, 40, 0, 0, 0.17%, 7, 0, 8, 142.11
1735018444, 277, 30, 40, 0, 0, 0.17%, 7, 0, 8, 145.54
1735018449, 277, 32, 40, 0, 0, 0.17%, 7, 0, 8, 144.47
1735018454, 278, 11, 40, 0, 0, 0.17%, 7, 0, 8, 151.68
1735018459, 278, 13, 40, 0, 0, 0.17%, 7, 0, 8, 145.70
1735018465, 278, 15, 40, 0, 0, 0.17%, 7, 0, 8, 151.79
1735018470, 279, 12, 40, 0, 0, 0.17%, 7, 0, 8, 141.65
1735018475, 279, 13, 40, 0, 0, 0.17%, 7, 0, 8, 140.61
1735018480, 279, 15, 40, 0, 0, 0.17%, 7, 0, 8, 141.92
