# unix_time, cycles_done, cur_path, paths_total, pending_total, pending_favs, map_size, unique_crashes, unique_hangs, max_depth, execs_per_sec
1735471856, 0, 0, 10, 10, 1, 0.01%, 0, 0, 1, 81.88
1735471861, 0, 4, 10, 10, 1, 0.01%, 0, 0, 1, 105.01
1735471866, 0, 5, 10, 9, 0, 0.01%, 0, 0, 1, 100.85
1735471876, 0, 6, 10, 8, 0, 0.01%, 0, 0, 1, 99.94
1735471886, 0, 7, 10, 7, 0, 0.01%, 0, 0, 1, 99.44
1735471896, 0, 8, 10, 6, 0, 0.01%, 0, 0, 1, 98.27
1735471906, 0, 9, 10, 5, 0, 0.01%, 0, 0, 1, 96.92
1735471917, 1, 0, 10, 4, 0, 0.01%, 0, 0, 1, 95.93
1735471932, 1, 1, 10, 3, 0, 0.01%, 0, 0, 1, 108.02
1735471942, 1, 2, 10, 2, 0, 0.01%, 0, 0, 1, 92.25
1735471952, 1, 3, 10, 1, 0, 0.01%, 0, 0, 1, 101.25
1735471967, 1, 5, 10, 0, 0, 0.01%, 0, 0, 1, 103.52
1735471973, 1, 6, 10, 0, 0, 0.01%, 0, 0, 1, 103.32
1735471978, 1, 7, 10, 0, 0, 0.01%, 0, 0, 1, 102.08
1735471983, 1, 9, 10, 0, 0, 0.01%, 0, 0, 1, 102.28
1735471988, 2, 0, 10, 0, 0, 0.01%, 0, 0, 1, 102.79
1735471993, 2, 2, 10, 0, 0, 0.01%, 0, 0, 1, 100.95
1735471998, 2, 3, 10, 0, 0, 0.01%, 0, 0, 1, 107.68
1735472003, 2, 5, 10, 0, 0, 0.01%, 0, 0, 1, 104.45
1735472009, 2, 6, 10, 0, 0, 0.01%, 0, 0, 1, 103.29
1735472014, 2, 7, 10, 0, 0, 0.01%, 0, 0, 1, 103.26
1735472019, 2, 9, 10, 0, 0, 0.01%, 0, 0, 1, 103.66
1735472024, 3, 0, 10, 0, 0, 0.01%, 0, 0, 1, 100.90
1735472029, 3, 2, 10, 0, 0, 0.01%, 0, 0, 1, 103.30
1735472034, 3, 3, 10, 0, 0, 0.01%, 0, 0, 1, 101.72
1735472039, 3, 5, 10, 0, 0, 0.01%, 0, 0, 1, 101.68
1735472045, 3, 6, 10, 0, 0, 0.01%, 0, 0, 1, 102.67
1735472050, 3, 8, 10, 0, 0, 0.01%, 0, 0, 1, 101.53
1735472055, 3, 9, 10, 0, 0, 0.01%, 0, 0, 1, 104.88
1735472060, 4, 0, 10, 0, 0, 0.01%, 0, 0, 1, 101.76
1735472065, 4, 2, 10, 0, 0, 0.01%, 0, 0, 1, 104.80
1735472070, 4, 3, 10, 0, 0, 0.01%, 0, 0, 1, 104.13
1735472075, 4, 5, 10, 0, 0, 0.01%, 0, 0, 1, 105.25
1735472080, 4, 6, 10, 0, 0, 0.01%, 0, 0, 1, 104.54
1735472085, 4, 8, 10, 0, 0, 0.01%, 0, 0, 1, 102.97
1735472090, 4, 9, 10, 0, 0, 0.01%, 0, 0, 1, 104.49
1735472095, 5, 0, 10, 0, 0, 0.01%, 0, 0, 1, 104.04
1735472101, 5, 2, 10, 0, 0, 0.01%, 0, 0, 1, 102.46
1735472106, 5, 3, 10, 0, 0, 0.01%, 0, 0, 1, 103.82
1735472111, 5, 5, 10, 0, 0, 0.01%, 0, 0, 1, 103.75
1735472116, 5, 6, 10, 0, 0, 0.01%, 0, 0, 1, 104.75
1735472121, 5, 8, 10, 0, 0, 0.01%, 0, 0, 1, 102.40
1735472126, 5, 9, 10, 0, 0, 0.01%, 0, 0, 1, 102.48
1735472131, 6, 1, 10, 0, 0, 0.01%, 0, 0, 1, 104.99
1735472137, 6, 2, 10, 0, 0, 0.01%, 0, 0, 1, 104.54
1735472142, 6, 3, 10, 0, 0, 0.01%, 0, 0, 1, 104.71
1735472147, 6, 10, 13, 3, 1, 0.16%, 2, 0, 3, 130.98
1735472152, 6, 10, 13, 3, 1, 0.16%, 3, 0, 3, 119.38
1735472229, 6, 11, 13, 2, 2, 0.16%, 3, 0, 3, 128.90
1735472265, 6, 11, 14, 3, 2, 0.16%, 3, 0, 4, 112.98
1735472358, 6, 12, 14, 2, 1, 0.16%, 3, 0, 4, 137.62
1735472414, 7, 8, 14, 1, 0, 0.16%, 3, 0, 4, 104.31
1735472419, 7, 11, 15, 2, 0, 0.17%, 4, 0, 4, 108.79
1735472435, 7, 14, 16, 3, 1, 0.17%, 5, 0, 5, 139.58
1735472450, 7, 14, 17, 4, 1, 0.17%, 5, 0, 5, 113.89
1735472543, 7, 14, 18, 5, 1, 0.17%, 5, 0, 5, 117.97
1735472564, 7, 14, 19, 6, 1, 0.17%, 5, 0, 5, 118.71
1735472605, 7, 15, 19, 5, 1, 0.17%, 5, 0, 5, 115.45
1735472626, 7, 15, 21, 7, 1, 0.17%, 5, 0, 6, 118.15
1735472636, 7, 15, 22, 8, 1, 0.17%, 5, 0, 6, 116.28
1735472734, 7, 15, 23, 9, 1, 0.17%, 5, 0, 6, 130.17
1735472739, 7, 19, 23, 8, 0, 0.17%, 5, 0, 6, 154.66
1735472754, 7, 19, 25, 10, 0, 0.17%, 6, 0, 7, 228.69
1735472759, 7, 19, 26, 11, 0, 0.17%, 6, 0, 7, 159.65
1735472769, 7, 19, 27, 12, 0, 0.17%, 6, 0, 7, 145.40
1735472780, 7, 19, 28, 13, 0, 0.17%, 6, 0, 7, 145.35
1735472785, 7, 19, 30, 15, 0, 0.17%, 6, 0, 7, 144.29
1735472846, 7, 19, 31, 16, 0, 0.17%, 6, 0, 7, 134.04
1735472866, 8, 11, 31, 15, 0, 0.17%, 6, 0, 7, 117.87
1735472876, 8, 12, 31, 15, 0, 0.17%, 6, 0, 7, 121.24
1735472882, 8, 14, 31, 15, 0, 0.17%, 6, 0, 7, 128.31
1735472897, 8, 14, 32, 16, 0, 0.17%, 6, 0, 7, 126.89
1735472902, 8, 15, 32, 16, 0, 0.17%, 6, 0, 7, 119.43
1735472918, 8, 24, 32, 16, 0, 0.17%, 6, 0, 7, 148.66
1735472928, 8, 24, 33, 17, 0, 0.17%, 6, 0, 8, 221.78
1735473131, 8, 24, 34, 18, 0, 0.17%, 6, 0, 8, 191.02
1735473203, 8, 24, 35, 19, 0, 0.17%, 6, 0, 8, 138.85
1735473218, 8, 32, 35, 18, 0, 0.17%, 6, 0, 8, 199.10
1735473499, 8, 33, 35, 17, 0, 0.17%, 6, 0, 8, 184.44
1735473555, 8, 33, 36, 18, 0, 0.17%, 6, 0, 9, 284.05
1735473565, 8, 33, 37, 19, 0, 0.17%, 6, 0, 9, 273.22
1735473943, 8, 35, 37, 18, 0, 0.17%, 6, 0, 9, 209.37
1735474065, 9, 10, 37, 17, 0, 0.17%, 6, 0, 9, 174.19
1735474070, 9, 11, 37, 17, 0, 0.17%, 6, 0, 9, 160.09
1735474075, 9, 12, 37, 17, 0, 0.17%, 6, 0, 9, 169.70
1735474080, 9, 13, 37, 17, 0, 0.17%, 6, 0, 9, 174.32
1735474120, 9, 14, 37, 16, 0, 0.17%, 6, 0, 9, 157.06
1735474130, 9, 15, 37, 16, 0, 0.17%, 6, 0, 9, 165.97
1735474135, 9, 17, 37, 16, 0, 0.17%, 6, 0, 9, 138.78
1735474405, 9, 21, 37, 15, 0, 0.17%, 6, 0, 9, 153.82
1735474552, 9, 28, 37, 14, 0, 0.17%, 6, 0, 9, 226.38
1735474613, 9, 36, 37, 13, 0, 0.17%, 6, 0, 9, 162.61
1735474819, 10, 11, 37, 12, 0, 0.17%, 6, 0, 9, 155.91
1735474824, 10, 12, 37, 12, 0, 0.17%, 6, 0, 9, 157.43
1735474829, 10, 14, 37, 12, 0, 0.17%, 6, 0, 9, 156.92
1735474834, 10, 15, 37, 12, 0, 0.17%, 6, 0, 9, 160.58
1735474844, 10, 16, 37, 12, 0, 0.17%, 6, 0, 9, 157.82
1735474884, 10, 17, 37, 11, 0, 0.17%, 6, 0, 9, 145.09
1735474900, 10, 22, 37, 11, 0, 0.17%, 6, 0, 9, 211.96
1735474961, 10, 27, 37, 10, 0, 0.17%, 6, 0, 9, 177.74
1735475027, 11, 11, 37, 9, 0, 0.17%, 6, 0, 9, 159.18
1735475032, 11, 14, 37, 9, 0, 0.17%, 6, 0, 9, 155.96
1735475037, 11, 15, 37, 9, 0, 0.17%, 6, 0, 9, 148.28
1735475042, 11, 30, 37, 9, 0, 0.17%, 6, 0, 9, 208.73
1735475134, 12, 11, 37, 8, 0, 0.17%, 6, 0, 9, 157.31
1735475139, 12, 14, 37, 8, 0, 0.17%, 6, 0, 9, 154.90
1735475144, 12, 15, 37, 8, 0, 0.17%, 6, 0, 9, 152.88
1735475149, 12, 21, 37, 8, 0, 0.17%, 6, 0, 9, 180.19
1735475159, 12, 23, 37, 8, 0, 0.17%, 6, 0, 9, 205.47
1735475205, 12, 26, 37, 7, 0, 0.17%, 6, 0, 9, 147.75
1735475383, 13, 11, 37, 6, 0, 0.17%, 6, 0, 9, 156.90
1735475388, 13, 12, 37, 6, 0, 0.17%, 6, 0, 9, 149.93
1735475393, 13, 15, 37, 6, 0, 0.17%, 6, 0, 9, 153.52
1735475398, 13, 18, 37, 6, 0, 0.17%, 6, 0, 9, 154.34
1735475465, 13, 18, 38, 7, 0, 0.17%, 7, 0, 9, 144.66
1735475480, 13, 20, 38, 6, 0, 0.17%, 7, 0, 9, 172.33
1735475521, 13, 33, 38, 5, 0, 0.17%, 7, 0, 9, 165.03
1735475557, 13, 34, 38, 5, 0, 0.17%, 7, 0, 9, 138.28
1735475648, 14, 12, 38, 4, 0, 0.17%, 7, 0, 9, 140.50
1735475654, 14, 14, 38, 4, 0, 0.17%, 7, 0, 9, 151.35
1735475659, 14, 15, 38, 4, 0, 0.17%, 7, 0, 9, 140.85
1735475664, 14, 24, 38, 4, 0, 0.17%, 7, 0, 9, 170.89
1735475669, 14, 25, 38, 4, 0, 0.17%, 7, 0, 9, 156.19
1735475720, 15, 12, 38, 3, 0, 0.17%, 7, 0, 9, 143.61
1735475725, 15, 14, 38, 3, 0, 0.17%, 7, 0, 9, 150.81
1735475730, 15, 15, 38, 3, 0, 0.17%, 7, 0, 9, 161.19
1735475735, 15, 16, 38, 3, 0, 0.17%, 7, 0, 9, 142.24
1735475745, 15, 21, 38, 3, 0, 0.17%, 7, 0, 9, 159.06
1735475750, 15, 25, 38, 3, 0, 0.17%, 7, 0, 9, 139.68
1735475760, 15, 27, 38, 3, 0, 0.17%, 7, 0, 9, 150.58
1735475776, 15, 29, 38, 3, 0, 0.17%, 7, 0, 9, 165.29
1735475857, 16, 11, 38, 2, 0, 0.17%, 7, 0, 9, 137.86
1735475863, 16, 14, 38, 2, 0, 0.17%, 7, 0, 9, 143.60
1735475868, 16, 15, 38, 2, 0, 0.17%, 7, 0, 9, 147.28
1735475873, 16, 22, 38, 2, 0, 0.17%, 7, 0, 9, 149.06
1735475888, 16, 33, 38, 2, 0, 0.17%, 7, 0, 9, 169.49
1735475898, 16, 37, 38, 2, 0, 0.17%, 7, 0, 9, 163.41
1735476066, 17, 12, 38, 1, 0, 0.17%, 7, 0, 9, 147.38
1735476071, 17, 14, 38, 1, 0, 0.17%, 7, 0, 9, 148.79
1735476077, 17, 15, 38, 1, 0, 0.17%, 7, 0, 9, 143.69
1735476082, 18, 12, 38, 1, 0, 0.17%, 7, 0, 9, 140.69
1735476087, 18, 14, 38, 1, 0, 0.17%, 7, 0, 9, 143.60
1735476092, 18, 15, 38, 1, 0, 0.17%, 7, 0, 9, 137.08
1735476097, 18, 18, 38, 1, 0, 0.17%, 7, 0, 9, 143.53
1735476112, 18, 37, 38, 1, 0, 0.17%, 7, 0, 9, 164.39
1735476138, 19, 11, 38, 1, 0, 0.17%, 7, 0, 9, 150.27
1735476143, 19, 14, 38, 1, 0, 0.17%, 7, 0, 9, 150.55
1735476148, 19, 15, 38, 1, 0, 0.17%, 7, 0, 9, 149.40
1735476153, 19, 28, 38, 1, 0, 0.17%, 7, 0, 9, 150.99
1735476168, 20, 9, 38, 1, 0, 0.17%, 7, 0, 9, 144.56
1735476173, 20, 12, 38, 1, 0, 0.17%, 7, 0, 9, 143.93
1735476178, 20, 14, 38, 1, 0, 0.17%, 7, 0, 9, 147.78
1735476184, 20, 15, 38, 1, 0, 0.17%, 7, 0, 9, 152.81
1735476189, 20, 34, 38, 1, 0, 0.17%, 7, 0, 9, 156.52
1735476224, 21, 11, 38, 1, 0, 0.17%, 7, 0, 9, 144.12
1735476229, 21, 14, 38, 1, 0, 0.17%, 7, 0, 9, 145.30
1735476235, 21, 15, 38, 1, 0, 0.17%, 7, 0, 9, 144.03
1735476240, 21, 31, 38, 1, 0, 0.17%, 7, 0, 9, 171.61
1735476316, 22, 7, 38, 0, 0, 0.17%, 7, 0, 9, 143.22
1735476321, 22, 12, 38, 0, 0, 0.17%, 7, 0, 9, 150.54
1735476326, 22, 14, 38, 0, 0, 0.17%, 7, 0, 9, 140.00
1735476331, 22, 15, 38, 0, 0, 0.17%, 7, 0, 9, 147.02
1735476336, 22, 17, 38, 0, 0, 0.17%, 7, 0, 9, 173.70
1735476351, 22, 25, 38, 0, 0, 0.17%, 7, 0, 9, 146.49
1735476362, 23, 12, 38, 0, 0, 0.17%, 7, 0, 9, 142.44
1735476367, 23, 14, 38, 0, 0, 0.17%, 7, 0, 9, 143.15
1735476372, 23, 15, 38, 0, 0, 0.17%, 7, 0, 9, 152.36
1735476377, 23, 22, 38, 0, 0, 0.17%, 7, 0, 9, 149.98
1735476392, 24, 12, 38, 0, 0, 0.17%, 7, 0, 9, 145.64
1735476397, 24, 14, 38, 0, 0, 0.17%, 7, 0, 9, 142.85
1735476402, 24, 15, 38, 0, 0, 0.17%, 7, 0, 9, 142.53
1735476407, 24, 25, 38, 0, 0, 0.17%, 7, 0, 9, 151.48
1735476417, 25, 11, 38, 0, 0, 0.17%, 7, 0, 9, 148.30
1735476422, 25, 14, 38, 0, 0, 0.17%, 7, 0, 9, 142.99
1735476427, 25, 15, 38, 0, 0, 0.17%, 7, 0, 9, 140.12
1735476432, 26, 11, 38, 0, 0, 0.17%, 7, 0, 9, 141.77
1735476437, 26, 14, 38, 0, 0, 0.17%, 7, 0, 9, 146.45
1735476443, 26, 15, 38, 0, 0, 0.17%, 7, 0, 9, 156.64
1735476448, 26, 20, 38, 0, 0, 0.17%, 7, 0, 9, 152.55
1735476458, 26, 28, 38, 0, 0, 0.17%, 7, 0, 9, 146.69
1735476473, 27, 12, 38, 0, 0, 0.17%, 7, 0, 9, 148.13
1735476478, 27, 14, 38, 0, 0, 0.17%, 7, 0, 9, 142.29
1735476484, 27, 15, 38, 0, 0, 0.17%, 7, 0, 9, 146.06
1735476489, 27, 31, 38, 0, 0, 0.17%, 7, 0, 9, 158.61
1735476519, 28, 12, 38, 0, 0, 0.17%, 7, 0, 9, 141.05
1735476524, 28, 14, 38, 0, 0, 0.17%, 7, 0, 9, 155.57
1735476529, 28, 15, 38, 0, 0, 0.17%, 7, 0, 9, 144.74
1735476534, 29, 12, 38, 0, 0, 0.17%, 7, 0, 9, 141.08
1735476539, 29, 13, 38, 0, 0, 0.17%, 7, 0, 9, 149.15
1735476550, 29, 15, 38, 0, 0, 0.17%, 7, 0, 9, 150.21
1735476555, 29, 23, 38, 0, 0, 0.17%, 7, 0, 9, 158.67
1735476565, 30, 7, 38, 0, 0, 0.17%, 7, 0, 9, 151.54
1735476570, 30, 12, 38, 0, 0, 0.17%, 7, 0, 9, 145.75
1735476575, 30, 13, 38, 0, 0, 0.17%, 7, 0, 9, 149.11
1735476585, 30, 14, 38, 0, 0, 0.17%, 7, 0, 9, 143.85
1735476591, 30, 15, 38, 0, 0, 0.17%, 7, 0, 9, 153.71
1735476596, 30, 18, 38, 0, 0, 0.17%, 7, 0, 9, 147.14
1735476606, 30, 30, 38, 0, 0, 0.17%, 7, 0, 9, 163.32
1735476621, 31, 11, 38, 0, 0, 0.17%, 7, 0, 9, 138.04
1735476626, 31, 14, 38, 0, 0, 0.17%, 7, 0, 9, 143.18
1735476632, 31, 15, 38, 0, 0, 0.17%, 7, 0, 9, 144.83
1735476637, 32, 11, 38, 0, 0, 0.17%, 7, 0, 9, 146.16
1735476642, 32, 14, 38, 0, 0, 0.17%, 7, 0, 9, 136.66
1735476647, 32, 15, 38, 0, 0, 0.17%, 7, 0, 9, 143.32
1735476652, 32, 31, 38, 0, 0, 0.17%, 7, 0, 9, 157.67
1735476662, 33, 12, 38, 0, 0, 0.17%, 7, 0, 9, 152.30
1735476667, 33, 14, 38, 0, 0, 0.17%, 7, 0, 9, 146.39
1735476672, 33, 15, 38, 0, 0, 0.17%, 7, 0, 9, 148.21
1735476677, 33, 36, 38, 0, 0, 0.17%, 7, 0, 9, 176.17
1735476713, 34, 7, 38, 0, 0, 0.17%, 7, 0, 9, 153.17
1735476718, 34, 10, 38, 0, 0, 0.17%, 7, 0, 9, 145.26
1735476723, 34, 12, 38, 0, 0, 0.17%, 7, 0, 9, 135.99
1735476728, 34, 14, 38, 0, 0, 0.17%, 7, 0, 9, 146.98
1735476733, 34, 15, 38, 0, 0, 0.17%, 7, 0, 9, 153.76
1735476738, 35, 12, 38, 0, 0, 0.17%, 7, 0, 9, 142.37
1735476743, 35, 14, 38, 0, 0, 0.17%, 7, 0, 9, 151.43
1735476748, 35, 15, 38, 0, 0, 0.17%, 7, 0, 9, 152.04
1735476753, 35, 17, 38, 0, 0, 0.17%, 7, 0, 9, 178.28
1735476764, 35, 18, 38, 0, 0, 0.17%, 7, 0, 9, 157.01
1735476779, 36, 11, 38, 0, 0, 0.17%, 7, 0, 9, 147.04
1735476784, 36, 14, 38, 0, 0, 0.17%, 7, 0, 9, 145.99
1735476789, 36, 15, 38, 0, 0, 0.17%, 7, 0, 9, 145.84
1735476794, 36, 34, 38, 0, 0, 0.17%, 7, 0, 9, 147.75
1735476805, 36, 36, 38, 0, 0, 0.17%, 7, 0, 9, 166.03
1735476815, 37, 11, 38, 0, 0, 0.17%, 7, 0, 9, 143.39
1735476820, 37, 12, 38, 0, 0, 0.17%, 7, 0, 9, 146.05
1735476825, 37, 15, 38, 0, 0, 0.17%, 7, 0, 9, 142.74
1735476830, 38, 9, 38, 0, 0, 0.17%, 7, 0, 9, 141.81
1735476835, 38, 12, 38, 0, 0, 0.17%, 7, 0, 9, 140.23
1735476840, 38, 14, 38, 0, 0, 0.17%, 7, 0, 9, 141.03
1735476845, 38, 15, 38, 0, 0, 0.17%, 7, 0, 9, 140.17
1735476850, 39, 11, 38, 0, 0, 0.17%, 7, 0, 9, 140.95
1735476855, 39, 14, 38, 0, 0, 0.17%, 7, 0, 9, 152.32
1735476860, 39, 15, 38, 0, 0, 0.17%, 7, 0, 9, 144.95
1735476866, 39, 35, 38, 0, 0, 0.17%, 7, 0, 9, 158.42
1735476906, 40, 12, 38, 0, 0, 0.17%, 7, 0, 9, 149.15
1735476911, 40, 14, 38, 0, 0, 0.17%, 7, 0, 9, 145.36
1735476916, 40, 15, 38, 0, 0, 0.17%, 7, 0, 9, 142.49
1735476921, 40, 17, 38, 0, 0, 0.17%, 7, 0, 9, 162.75
1735476927, 40, 33, 38, 0, 0, 0.17%, 7, 0, 9, 160.95
1735476937, 41, 0, 38, 0, 0, 0.17%, 7, 0, 9, 147.63
1735476942, 41, 12, 38, 0, 0, 0.17%, 7, 0, 9, 142.43
1735476947, 41, 14, 38, 0, 0, 0.17%, 7, 0, 9, 146.43
1735476952, 41, 15, 38, 0, 0, 0.17%, 7, 0, 9, 149.88
1735476957, 41, 20, 38, 0, 0, 0.17%, 7, 0, 9, 141.82
1735476968, 41, 26, 38, 0, 0, 0.17%, 7, 0, 9, 165.00
1735476973, 42, 4, 38, 0, 0, 0.17%, 7, 0, 9, 156.79
1735476978, 42, 12, 38, 0, 0, 0.17%, 7, 0, 9, 142.26
1735476983, 42, 14, 38, 0, 0, 0.17%, 7, 0, 9, 148.16
1735476988, 42, 15, 38, 0, 0, 0.17%, 7, 0, 9, 144.34
1735476993, 42, 17, 38, 0, 0, 0.17%, 7, 0, 9, 160.86
1735476998, 42, 24, 38, 0, 0, 0.17%, 7, 0, 9, 162.61
1735477008, 43, 11, 38, 0, 0, 0.17%, 7, 0, 9, 147.79
1735477013, 43, 14, 38, 0, 0, 0.17%, 7, 0, 9, 143.76
1735477018, 43, 15, 38, 0, 0, 0.17%, 7, 0, 9, 137.93
1735477023, 43, 29, 38, 0, 0, 0.17%, 7, 0, 9, 150.37
1735477039, 43, 33, 38, 0, 0, 0.17%, 7, 0, 9, 190.42
1735477049, 44, 12, 38, 0, 0, 0.17%, 7, 0, 9, 146.70
1735477054, 44, 14, 38, 0, 0, 0.17%, 7, 0, 9, 139.56
1735477059, 44, 15, 38, 0, 0, 0.17%, 7, 0, 9, 136.13
1735477064, 44, 37, 38, 0, 0, 0.17%, 7, 0, 9, 165.55
1735477089, 45, 7, 38, 0, 0, 0.17%, 7, 0, 9, 167.09
1735477095, 45, 12, 38, 0, 0, 0.17%, 7, 0, 9, 145.00
1735477100, 45, 13, 38, 0, 0, 0.17%, 7, 0, 9, 146.32
1735477105, 45, 14, 38, 0, 0, 0.17%, 7, 0, 9, 149.16
1735477110, 45, 15, 38, 0, 0, 0.17%, 7, 0, 9, 146.73
1735477115, 45, 21, 38, 0, 0, 0.17%, 7, 0, 9, 168.22
1735477125, 45, 32, 38, 0, 0, 0.17%, 7, 0, 9, 187.68
1735477156, 46, 5, 38, 0, 0, 0.17%, 7, 0, 9, 135.80
1735477161, 46, 12, 38, 0, 0, 0.17%, 7, 0, 9, 138.70
1735477166, 46, 14, 38, 0, 0, 0.17%, 7, 0, 9, 142.20
1735477171, 46, 15, 38, 0, 0, 0.17%, 7, 0, 9, 142.40
1735477176, 47, 11, 38, 0, 0, 0.17%, 7, 0, 9, 139.92
1735477181, 47, 14, 38, 0, 0, 0.17%, 7, 0, 9, 146.50
1735477186, 47, 15, 38, 0, 0, 0.17%, 7, 0, 9, 141.87
1735477191, 48, 11, 38, 0, 0, 0.17%, 7, 0, 9, 146.64
1735477196, 48, 12, 38, 0, 0, 0.17%, 7, 0, 9, 144.96
1735477202, 48, 14, 38, 0, 0, 0.17%, 7, 0, 9, 149.32
1735477207, 49, 6, 38, 0, 0, 0.17%, 7, 0, 9, 148.61
1735477212, 49, 11, 38, 0, 0, 0.17%, 7, 0, 9, 141.79
1735477217, 49, 14, 38, 0, 0, 0.17%, 7, 0, 9, 155.51
1735477222, 49, 15, 38, 0, 0, 0.17%, 7, 0, 9, 148.77
1735477227, 49, 18, 38, 0, 0, 0.17%, 7, 0, 9, 146.76
1735477237, 50, 11, 38, 0, 0, 0.17%, 7, 0, 9, 139.06
1735477242, 50, 12, 38, 0, 0, 0.17%, 7, 0, 9, 141.50
1735477247, 50, 14, 38, 0, 0, 0.17%, 7, 0, 9, 138.25
1735477253, 50, 15, 38, 0, 0, 0.17%, 7, 0, 9, 140.98
1735477258, 51, 12, 38, 0, 0, 0.17%, 7, 0, 9, 148.21
1735477263, 51, 14, 38, 0, 0, 0.17%, 7, 0, 9, 139.54
1735477268, 51, 15, 38, 0, 0, 0.17%, 7, 0, 9, 145.86
1735477273, 52, 11, 38, 0, 0, 0.17%, 7, 0, 9, 144.97
1735477278, 52, 12, 38, 0, 0, 0.17%, 7, 0, 9, 137.24
1735477283, 52, 13, 38, 0, 0, 0.17%, 7, 0, 9, 151.05
1735477288, 52, 14, 38, 0, 0, 0.17%, 7, 0, 9, 137.19
1735477293, 52, 15, 38, 0, 0, 0.17%, 7, 0, 9, 153.29
1735477299, 52, 31, 38, 0, 0, 0.17%, 7, 0, 9, 154.27
1735477304, 53, 12, 38, 0, 0, 0.17%, 7, 0, 9, 148.35
1735477309, 53, 14, 38, 0, 0, 0.17%, 7, 0, 9, 138.01
1735477314, 53, 15, 38, 0, 0, 0.17%, 7, 0, 9, 144.35
1735477319, 53, 33, 38, 0, 0, 0.17%, 7, 0, 9, 180.09
1735477329, 54, 11, 38, 0, 0, 0.17%, 7, 0, 9, 145.18
1735477335, 54, 12, 38, 0, 0, 0.17%, 7, 0, 9, 149.82
1735477340, 54, 15, 38, 0, 0, 0.17%, 7, 0, 9, 143.22
1735477345, 54, 35, 38, 0, 0, 0.17%, 7, 0, 9, 145.33
1735477355, 55, 11, 38, 0, 0, 0.17%, 7, 0, 9, 152.35
1735477360, 55, 12, 38, 0, 0, 0.17%, 7, 0, 9, 149.29
1735477365, 55, 14, 38, 0, 0, 0.17%, 7, 0, 9, 154.62
1735477370, 56, 2, 38, 0, 0, 0.17%, 7, 0, 9, 149.72
1735477375, 56, 11, 38, 0, 0, 0.17%, 7, 0, 9, 147.88
1735477381, 56, 14, 38, 0, 0, 0.17%, 7, 0, 9, 141.56
1735477386, 56, 15, 38, 0, 0, 0.17%, 7, 0, 9, 139.45
1735477391, 56, 17, 38, 0, 0, 0.17%, 7, 0, 9, 158.51
1735477396, 56, 26, 38, 0, 0, 0.17%, 7, 0, 9, 161.19
1735477406, 57, 11, 38, 0, 0, 0.17%, 7, 0, 9, 150.51
1735477411, 57, 14, 38, 0, 0, 0.17%, 7, 0, 9, 147.91
1735477416, 57, 15, 38, 0, 0, 0.17%, 7, 0, 9, 144.41
1735477421, 57, 23, 38, 0, 0, 0.17%, 7, 0, 9, 143.34
1735477431, 57, 31, 38, 0, 0, 0.17%, 7, 0, 9, 144.10
1735477441, 58, 12, 38, 0, 0, 0.17%, 7, 0, 9, 140.89
1735477447, 58, 14, 38, 0, 0, 0.17%, 7, 0, 9, 143.21
1735477452, 58, 15, 38, 0, 0, 0.17%, 7, 0, 9, 145.32
1735477457, 58, 27, 38, 0, 0, 0.17%, 7, 0, 9, 149.77
1735477472, 58, 36, 38, 0, 0, 0.17%, 7, 0, 9, 161.31
1735477482, 59, 11, 38, 0, 0, 0.17%, 7, 0, 9, 139.58
1735477488, 59, 12, 38, 0, 0, 0.17%, 7, 0, 9, 142.10
1735477493, 59, 15, 38, 0, 0, 0.17%, 7, 0, 9, 151.54
1735477498, 60, 11, 38, 0, 0, 0.17%, 7, 0, 9, 145.82
1735477503, 60, 12, 38, 0, 0, 0.17%, 7, 0, 9, 144.97
1735477508, 60, 15, 38, 0, 0, 0.17%, 7, 0, 9, 149.50
1735477513, 60, 17, 38, 0, 0, 0.17%, 7, 0, 9, 155.62
1735477523, 60, 32, 38, 0, 0, 0.17%, 7, 0, 9, 172.88
1735477534, 61, 12, 38, 0, 0, 0.17%, 7, 0, 9, 153.03
1735477539, 61, 14, 38, 0, 0, 0.17%, 7, 0, 9, 144.50
1735477544, 61, 15, 38, 0, 0, 0.17%, 7, 0, 9, 147.57
1735477549, 61, 29, 38, 0, 0, 0.17%, 7, 0, 9, 161.45
1735477559, 62, 2, 38, 0, 0, 0.17%, 7, 0, 9, 138.83
1735477564, 62, 12, 38, 0, 0, 0.17%, 7, 0, 9, 142.31
1735477569, 62, 14, 38, 0, 0, 0.17%, 7, 0, 9, 141.47
1735477574, 62, 15, 38, 0, 0, 0.17%, 7, 0, 9, 146.09
1735477580, 62, 23, 38, 0, 0, 0.17%, 7, 0, 9, 158.55
1735477590, 63, 11, 38, 0, 0, 0.17%, 7, 0, 9, 136.07
1735477595, 63, 14, 38, 0, 0, 0.17%, 7, 0, 9, 143.44
1735477600, 63, 15, 38, 0, 0, 0.17%, 7, 0, 9, 138.55
1735477605, 63, 20, 38, 0, 0, 0.17%, 7, 0, 9, 140.16
1735477616, 64, 0, 38, 0, 0, 0.17%, 7, 0, 9, 138.93
1735477621, 64, 11, 38, 0, 0, 0.17%, 7, 0, 9, 140.87
1735477626, 64, 12, 38, 0, 0, 0.17%, 7, 0, 9, 144.55
1735477631, 64, 14, 38, 0, 0, 0.17%, 7, 0, 9, 147.35
1735477636, 64, 28, 38, 0, 0, 0.17%, 7, 0, 9, 147.39
1735477652, 65, 11, 38, 0, 0, 0.17%, 7, 0, 9, 155.66
1735477657, 65, 14, 38, 0, 0, 0.17%, 7, 0, 9, 147.24
1735477662, 65, 15, 38, 0, 0, 0.17%, 7, 0, 9, 143.10
1735477667, 65, 16, 38, 0, 0, 0.17%, 7, 0, 9, 149.78
1735477677, 65, 34, 38, 0, 0, 0.17%, 7, 0, 9, 143.29
1735477693, 66, 12, 38, 0, 0, 0.17%, 7, 0, 9, 139.74
1735477698, 66, 14, 38, 0, 0, 0.17%, 7, 0, 9, 143.04
1735477703, 66, 15, 38, 0, 0, 0.17%, 7, 0, 9, 144.65
1735477708, 66, 31, 38, 0, 0, 0.17%, 7, 0, 9, 151.58
1735477713, 66, 36, 38, 0, 0, 0.17%, 7, 0, 9, 170.64
1735477723, 67, 12, 38, 0, 0, 0.17%, 7, 0, 9, 146.02
1735477728, 67, 14, 38, 0, 0, 0.17%, 7, 0, 9, 137.51
1735477733, 67, 15, 38, 0, 0, 0.17%, 7, 0, 9, 136.70
1735477739, 68, 12, 38, 0, 0, 0.17%, 7, 0, 9, 150.51
1735477744, 68, 14, 38, 0, 0, 0.17%, 7, 0, 9, 148.09
1735477749, 68, 15, 38, 0, 0, 0.17%, 7, 0, 9, 133.88
1735477754, 68, 25, 38, 0, 0, 0.17%, 7, 0, 9, 147.06
1735477759, 69, 2, 38, 0, 0, 0.17%, 7, 0, 9, 144.28
1735477764, 69, 9, 38, 0, 0, 0.17%, 7, 0, 9, 142.32
1735477769, 69, 12, 38, 0, 0, 0.17%, 7, 0, 9, 143.31
1735477775, 69, 14, 38, 0, 0, 0.17%, 7, 0, 9, 135.56
1735477780, 69, 15, 38, 0, 0, 0.17%, 7, 0, 9, 143.47
1735477785, 70, 12, 38, 0, 0, 0.17%, 7, 0, 9, 147.07
1735477790, 70, 14, 38, 0, 0, 0.17%, 7, 0, 9, 140.05
1735477795, 70, 15, 38, 0, 0, 0.17%, 7, 0, 9, 146.71
1735477800, 71, 11, 38, 0, 0, 0.17%, 7, 0, 9, 150.57
1735477805, 71, 14, 38, 0, 0, 0.17%, 7, 0, 9, 144.99
1735477810, 71, 15, 38, 0, 0, 0.17%, 7, 0, 9, 143.33
1735477815, 72, 11, 38, 0, 0, 0.17%, 7, 0, 9, 139.54
1735477820, 72, 12, 38, 0, 0, 0.17%, 7, 0, 9, 139.68
1735477825, 72, 14, 38, 0, 0, 0.17%, 7, 0, 9, 138.60
1735477830, 72, 15, 38, 0, 0, 0.17%, 7, 0, 9, 142.53
1735477835, 73, 11, 38, 0, 0, 0.17%, 7, 0, 9, 148.40
1735477840, 73, 12, 38, 0, 0, 0.17%, 7, 0, 9, 141.11
1735477845, 73, 15, 38, 0, 0, 0.17%, 7, 0, 9, 139.38
1735477850, 73, 27, 38, 0, 0, 0.17%, 7, 0, 9, 145.53
1735477866, 73, 30, 38, 0, 0, 0.17%, 7, 0, 9, 144.32
1735477881, 73, 37, 38, 0, 0, 0.17%, 7, 0, 9, 159.80
1735477896, 74, 12, 38, 0, 0, 0.17%, 7, 0, 9, 142.40
1735477901, 74, 14, 38, 0, 0, 0.17%, 7, 0, 9, 140.68
1735477906, 74, 15, 38, 0, 0, 0.17%, 7, 0, 9, 152.16
1735477912, 74, 31, 38, 0, 0, 0.17%, 7, 0, 9, 155.43
1735477917, 74, 33, 38, 0, 0, 0.17%, 7, 0, 9, 191.01
1735477927, 75, 11, 38, 0, 0, 0.17%, 7, 0, 9, 148.86
1735477932, 75, 14, 38, 0, 0, 0.17%, 7, 0, 9, 149.48
1735477942, 75, 24, 38, 0, 0, 0.17%, 7, 0, 9, 154.89
1735477952, 75, 32, 38, 0, 0, 0.17%, 7, 0, 9, 175.00
1735477962, 76, 11, 38, 0, 0, 0.17%, 7, 0, 9, 142.49
1735477968, 76, 14, 38, 0, 0, 0.17%, 7, 0, 9, 144.34
1735477973, 76, 15, 38, 0, 0, 0.17%, 7, 0, 9, 142.01
1735477978, 76, 25, 38, 0, 0, 0.17%, 7, 0, 9, 151.61
1735477983, 76, 26, 38, 0, 0, 0.17%, 7, 0, 9, 174.32
1735477993, 77, 11, 38, 0, 0, 0.17%, 7, 0, 9, 152.78
1735477998, 77, 14, 38, 0, 0, 0.17%, 7, 0, 9, 148.36
1735478004, 77, 15, 38, 0, 0, 0.17%, 7, 0, 9, 144.30
1735478009, 78, 11, 38, 0, 0, 0.17%, 7, 0, 9, 146.90
1735478014, 78, 14, 38, 0, 0, 0.17%, 7, 0, 9, 153.28
1735478019, 78, 15, 38, 0, 0, 0.17%, 7, 0, 9, 145.37
1735478024, 79, 11, 38, 0, 0, 0.17%, 7, 0, 9, 141.40
1735478029, 79, 12, 38, 0, 0, 0.17%, 7, 0, 9, 142.62
1735478034, 79, 14, 38, 0, 0, 0.17%, 7, 0, 9, 137.70
1735478039, 80, 11, 38, 0, 0, 0.17%, 7, 0, 9, 141.43
1735478044, 80, 12, 38, 0, 0, 0.17%, 7, 0, 9, 145.64
1735478049, 80, 13, 38, 0, 0, 0.17%, 7, 0, 9, 146.49
1735478055, 80, 14, 38, 0, 0, 0.17%, 7, 0, 9, 137.40
1735478060, 80, 15, 38, 0, 0, 0.17%, 7, 0, 9, 142.00
1735478065, 81, 11, 38, 0, 0, 0.17%, 7, 0, 9, 143.97
1735478070, 81, 14, 38, 0, 0, 0.17%, 7, 0, 9, 142.97
1735478075, 81, 15, 38, 0, 0, 0.17%, 7, 0, 9, 146.83
1735478080, 81, 17, 38, 0, 0, 0.17%, 7, 0, 9, 167.78
1735478085, 81, 18, 38, 0, 0, 0.17%, 7, 0, 9, 147.92
1735478096, 82, 11, 38, 0, 0, 0.17%, 7, 0, 9, 147.47
1735478101, 82, 14, 38, 0, 0, 0.17%, 7, 0, 9, 144.38
1735478106, 82, 15, 38, 0, 0, 0.17%, 7, 0, 9, 140.43
1735478111, 82, 19, 38, 0, 0, 0.17%, 7, 0, 9, 152.94
1735478121, 82, 37, 38, 0, 0, 0.17%, 7, 0, 9, 162.75
1735478126, 83, 4, 38, 0, 0, 0.17%, 7, 0, 9, 147.23
1735478131, 83, 11, 38, 0, 0, 0.17%, 7, 0, 9, 148.52
1735478137, 83, 14, 38, 0, 0, 0.17%, 7, 0, 9, 141.72
1735478142, 83, 15, 38, 0, 0, 0.17%, 7, 0, 9, 142.92
1735478147, 83, 37, 38, 0, 0, 0.17%, 7, 0, 9, 151.33
1735478157, 84, 12, 38, 0, 0, 0.17%, 7, 0, 9, 147.76
1735478162, 84, 14, 38, 0, 0, 0.17%, 7, 0, 9, 145.43
1735478167, 84, 15, 38, 0, 0, 0.17%, 7, 0, 9, 151.00
1735478172, 84, 36, 38, 0, 0, 0.17%, 7, 0, 9, 169.67
1735478182, 85, 11, 38, 0, 0, 0.17%, 7, 0, 9, 149.55
1735478188, 85, 14, 38, 0, 0, 0.17%, 7, 0, 9, 143.63
1735478193, 85, 15, 38, 0, 0, 0.17%, 7, 0, 9, 144.70
1735478198, 85, 22, 38, 0, 0, 0.17%, 7, 0, 9, 151.88
1735478213, 86, 8, 38, 0, 0, 0.17%, 7, 0, 9, 144.48
1735478218, 86, 12, 38, 0, 0, 0.17%, 7, 0, 9, 139.08
1735478223, 86, 14, 38, 0, 0, 0.17%, 7, 0, 9, 143.02
1735478228, 86, 15, 38, 0, 0, 0.17%, 7, 0, 9, 148.14
1735478233, 86, 32, 38, 0, 0, 0.17%, 7, 0, 9, 175.18
1735478243, 87, 12, 38, 0, 0, 0.17%, 7, 0, 9, 147.46
1735478248, 87, 14, 38, 0, 0, 0.17%, 7, 0, 9, 143.60
1735478253, 87, 15, 38, 0, 0, 0.17%, 7, 0, 9, 147.77
1735478258, 87, 17, 38, 0, 0, 0.17%, 7, 0, 9, 148.23
1735478264, 87, 22, 38, 0, 0, 0.17%, 7, 0, 9, 147.68
1735478274, 87, 23, 38, 0, 0, 0.17%, 7, 0, 9, 147.46
1735478279, 87, 30, 38, 0, 0, 0.17%, 7, 0, 9, 165.97
1735478289, 87, 36, 38, 0, 0, 0.17%, 7, 0, 9, 161.92
1735478299, 88, 11, 38, 0, 0, 0.17%, 7, 0, 9, 157.39
1735478305, 88, 14, 38, 0, 0, 0.17%, 7, 0, 9, 151.25
1735478310, 88, 15, 38, 0, 0, 0.17%, 7, 0, 9, 145.58
1735478315, 88, 26, 38, 0, 0, 0.17%, 7, 0, 9, 170.85
1735478320, 89, 11, 38, 0, 0, 0.17%, 7, 0, 9, 157.26
1735478325, 89, 14, 38, 0, 0, 0.17%, 7, 0, 9, 149.27
1735478330, 89, 15, 38, 0, 0, 0.17%, 7, 0, 9, 143.89
1735478335, 89, 16, 38, 0, 0, 0.17%, 7, 0, 9, 144.61
1735478345, 90, 11, 38, 0, 0, 0.17%, 7, 0, 9, 141.69
1735478351, 90, 14, 38, 0, 0, 0.17%, 7, 0, 9, 147.29
1735478356, 90, 15, 38, 0, 0, 0.17%, 7, 0, 9, 155.69
1735478361, 90, 24, 38, 0, 0, 0.17%, 7, 0, 9, 175.76
1735478366, 91, 11, 38, 0, 0, 0.17%, 7, 0, 9, 151.37
1735478371, 91, 12, 38, 0, 0, 0.17%, 7, 0, 9, 147.03
1735478376, 91, 14, 38, 0, 0, 0.17%, 7, 0, 9, 141.63
1735478381, 91, 15, 38, 0, 0, 0.17%, 7, 0, 9, 142.03
1735478386, 91, 34, 38, 0, 0, 0.17%, 7, 0, 9, 156.04
1735478402, 92, 12, 38, 0, 0, 0.17%, 7, 0, 9, 145.60
1735478407, 92, 14, 38, 0, 0, 0.17%, 7, 0, 9, 139.15
1735478412, 92, 15, 38, 0, 0, 0.17%, 7, 0, 9, 142.47
1735478417, 92, 20, 38, 0, 0, 0.17%, 7, 0, 9, 148.61
1735478422, 93, 11, 38, 0, 0, 0.17%, 7, 0, 9, 138.24
1735478427, 93, 14, 38, 0, 0, 0.17%, 7, 0, 9, 140.76
1735478432, 93, 15, 38, 0, 0, 0.17%, 7, 0, 9, 144.49
1735478437, 94, 11, 38, 0, 0, 0.17%, 7, 0, 9, 147.78
1735478442, 94, 14, 38, 0, 0, 0.17%, 7, 0, 9, 140.73
1735478447, 94, 15, 38, 0, 0, 0.17%, 7, 0, 9, 139.63
1735478452, 94, 23, 38, 0, 0, 0.17%, 7, 0, 9, 152.85
1735478457, 95, 5, 38, 0, 0, 0.17%, 7, 0, 9, 146.69
1735478462, 95, 12, 38, 0, 0, 0.17%, 7, 0, 9, 142.30
1735478468, 95, 13, 38, 0, 0, 0.17%, 7, 0, 9, 141.44
1735478473, 95, 14, 38, 0, 0, 0.17%, 7, 0, 9, 147.49
1735478478, 95, 15, 38, 0, 0, 0.17%, 7, 0, 9, 141.86
1735478483, 95, 26, 38, 0, 0, 0.17%, 7, 0, 9, 159.70
1735478488, 95, 36, 38, 0, 0, 0.17%, 7, 0, 9, 162.71
1735478498, 96, 12, 38, 0, 0, 0.17%, 7, 0, 9, 146.63
1735478504, 96, 13, 38, 0, 0, 0.17%, 7, 0, 9, 146.13
1735478509, 96, 14, 38, 0, 0, 0.17%, 7, 0, 9, 140.21
1735478514, 96, 15, 38, 0, 0, 0.17%, 7, 0, 9, 145.93
1735478519, 97, 4, 38, 0, 0, 0.17%, 7, 0, 9, 138.60
1735478524, 97, 11, 38, 0, 0, 0.17%, 7, 0, 9, 142.22
1735478529, 97, 13, 38, 0, 0, 0.17%, 7, 0, 9, 150.57
1735478534, 97, 14, 38, 0, 0, 0.17%, 7, 0, 9, 155.83
1735478539, 97, 15, 38, 0, 0, 0.17%, 7, 0, 9, 151.24
1735478544, 97, 36, 38, 0, 0, 0.17%, 7, 0, 9, 161.19
1735478554, 98, 11, 38, 0, 0, 0.17%, 7, 0, 9, 146.55
1735478560, 98, 14, 38, 0, 0, 0.17%, 7, 0, 9, 149.54
1735478565, 98, 15, 38, 0, 0, 0.17%, 7, 0, 9, 145.44
1735478570, 99, 3, 38, 0, 0, 0.17%, 7, 0, 9, 153.33
1735478575, 99, 12, 38, 0, 0, 0.17%, 7, 0, 9, 146.14
1735478580, 99, 13, 38, 0, 0, 0.17%, 7, 0, 9, 152.43
1735478585, 99, 14, 38, 0, 0, 0.17%, 7, 0, 9, 148.45
1735478590, 99, 15, 38, 0, 0, 0.17%, 7, 0, 9, 142.49
1735478595, 99, 18, 38, 0, 0, 0.17%, 7, 0, 9, 140.86
1735478600, 99, 30, 38, 0, 0, 0.17%, 7, 0, 9, 156.84
1735478610, 99, 33, 38, 0, 0, 0.17%, 7, 0, 9, 184.00
1735478616, 100, 11, 38, 0, 0, 0.17%, 7, 0, 9, 152.87
1735478621, 100, 12, 38, 0, 0, 0.17%, 7, 0, 9, 144.90
1735478626, 100, 15, 38, 0, 0, 0.17%, 7, 0, 9, 150.85
1735478631, 101, 6, 38, 0, 0, 0.17%, 7, 0, 9, 147.19
1735478636, 101, 12, 38, 0, 0, 0.17%, 7, 0, 9, 143.23
1735478641, 101, 14, 38, 0, 0, 0.17%, 7, 0, 9, 148.01
1735478646, 101, 15, 38, 0, 0, 0.17%, 7, 0, 9, 142.20
1735478651, 101, 31, 38, 0, 0, 0.17%, 7, 0, 9, 160.04
1735478657, 102, 11, 38, 0, 0, 0.17%, 7, 0, 9, 151.70
1735478662, 102, 14, 38, 0, 0, 0.17%, 7, 0, 9, 139.75
1735478667, 102, 15, 38, 0, 0, 0.17%, 7, 0, 9, 146.22
1735478672, 102, 36, 38, 0, 0, 0.17%, 7, 0, 9, 170.88
1735478682, 103, 3, 38, 0, 0, 0.17%, 7, 0, 9, 162.99
1735478687, 103, 12, 38, 0, 0, 0.17%, 7, 0, 9, 149.60
1735478692, 103, 14, 38, 0, 0, 0.17%, 7, 0, 9, 145.89
1735478697, 103, 15, 38, 0, 0, 0.17%, 7, 0, 9, 149.77
1735478702, 103, 20, 38, 0, 0, 0.17%, 7, 0, 9, 149.16
1735478708, 103, 21, 38, 0, 0, 0.17%, 7, 0, 9, 156.42
1735478713, 103, 31, 38, 0, 0, 0.17%, 7, 0, 9, 148.91
1735478718, 104, 11, 38, 0, 0, 0.17%, 7, 0, 9, 143.43
1735478723, 104, 14, 38, 0, 0, 0.17%, 7, 0, 9, 154.81
1735478728, 104, 15, 38, 0, 0, 0.17%, 7, 0, 9, 146.25
1735478733, 105, 11, 38, 0, 0, 0.17%, 7, 0, 9, 147.01
1735478738, 105, 12, 38, 0, 0, 0.17%, 7, 0, 9, 153.81
1735478743, 105, 14, 38, 0, 0, 0.17%, 7, 0, 9, 139.59
1735478748, 105, 15, 38, 0, 0, 0.17%, 7, 0, 9, 141.87
1735478753, 106, 11, 38, 0, 0, 0.17%, 7, 0, 9, 149.46
1735478758, 106, 12, 38, 0, 0, 0.17%, 7, 0, 9, 141.60
1735478763, 106, 14, 38, 0, 0, 0.17%, 7, 0, 9, 149.49
1735478768, 106, 32, 38, 0, 0, 0.17%, 7, 0, 9, 160.52
1735478779, 106, 34, 38, 0, 0, 0.17%, 7, 0, 9, 159.96
1735478789, 107, 11, 38, 0, 0, 0.17%, 7, 0, 9, 152.51
1735478794, 107, 12, 38, 0, 0, 0.17%, 7, 0, 9, 141.06
1735478799, 107, 14, 38, 0, 0, 0.17%, 7, 0, 9, 140.65
1735478804, 107, 15, 38, 0, 0, 0.17%, 7, 0, 9, 140.05
1735478809, 108, 11, 38, 0, 0, 0.17%, 7, 0, 9, 143.73
1735478814, 108, 14, 38, 0, 0, 0.17%, 7, 0, 9, 144.44
1735478820, 108, 15, 38, 0, 0, 0.17%, 7, 0, 9, 142.86
1735478825, 109, 12, 38, 0, 0, 0.17%, 7, 0, 9, 145.79
1735478830, 109, 14, 38, 0, 0, 0.17%, 7, 0, 9, 143.76
1735478835, 109, 15, 38, 0, 0, 0.17%, 7, 0, 9, 151.21
1735478840, 109, 25, 38, 0, 0, 0.17%, 7, 0, 9, 156.92
1735478845, 109, 31, 38, 0, 0, 0.17%, 7, 0, 9, 163.27
1735478850, 110, 11, 38, 0, 0, 0.17%, 7, 0, 9, 151.69
1735478855, 110, 14, 38, 0, 0, 0.17%, 7, 0, 9, 142.17
1735478861, 110, 15, 38, 0, 0, 0.17%, 7, 0, 9, 149.01
1735478866, 110, 29, 38, 0, 0, 0.17%, 7, 0, 9, 160.15
1735478881, 110, 32, 38, 0, 0, 0.17%, 7, 0, 9, 166.56
1735478891, 111, 11, 38, 0, 0, 0.17%, 7, 0, 9, 148.96
1735478896, 111, 14, 38, 0, 0, 0.17%, 7, 0, 9, 142.48
1735478902, 111, 15, 38, 0, 0, 0.17%, 7, 0, 9, 144.21
1735478907, 112, 11, 38, 0, 0, 0.17%, 7, 0, 9, 146.55
1735478912, 112, 14, 38, 0, 0, 0.17%, 7, 0, 9, 145.43
1735478917, 112, 15, 38, 0, 0, 0.17%, 7, 0, 9, 140.26
1735478922, 112, 16, 38, 0, 0, 0.17%, 7, 0, 9, 146.11
1735478927, 113, 11, 38, 0, 0, 0.17%, 7, 0, 9, 141.66
1735478933, 113, 13, 38, 0, 0, 0.17%, 7, 0, 9, 141.45
1735478938, 113, 14, 38, 0, 0, 0.17%, 7, 0, 9, 144.18
1735478943, 113, 15, 38, 0, 0, 0.17%, 7, 0, 9, 145.63
1735478948, 113, 22, 38, 0, 0, 0.17%, 7, 0, 9, 140.11
1735478958, 113, 30, 38, 0, 0, 0.17%, 7, 0, 9, 157.27
1735478963, 113, 32, 38, 0, 0, 0.17%, 7, 0, 9, 180.05
1735478974, 114, 11, 38, 0, 0, 0.17%, 7, 0, 9, 149.42
1735478979, 114, 12, 38, 0, 0, 0.17%, 7, 0, 9, 147.30
1735478984, 114, 15, 38, 0, 0, 0.17%, 7, 0, 9, 149.55
1735478989, 115, 11, 38, 0, 0, 0.17%, 7, 0, 9, 149.24
1735478994, 115, 12, 38, 0, 0, 0.17%, 7, 0, 9, 142.26
1735478999, 115, 14, 38, 0, 0, 0.17%, 7, 0, 9, 148.82
1735479004, 115, 35, 38, 0, 0, 0.17%, 7, 0, 9, 150.09
1735479019, 116, 12, 38, 0, 0, 0.17%, 7, 0, 9, 143.92
1735479025, 116, 14, 38, 0, 0, 0.17%, 7, 0, 9, 138.46
1735479030, 116, 15, 38, 0, 0, 0.17%, 7, 0, 9, 141.00
1735479035, 116, 35, 38, 0, 0, 0.17%, 7, 0, 9, 155.37
1735479045, 117, 11, 38, 0, 0, 0.17%, 7, 0, 9, 152.45
1735479050, 117, 14, 38, 0, 0, 0.17%, 7, 0, 9, 149.88
1735479055, 117, 15, 38, 0, 0, 0.17%, 7, 0, 9, 148.20
1735479060, 117, 22, 38, 0, 0, 0.17%, 7, 0, 9, 149.95
1735479070, 118, 12, 38, 0, 0, 0.17%, 7, 0, 9, 154.88
1735479075, 118, 14, 38, 0, 0, 0.17%, 7, 0, 9, 147.54
1735479080, 118, 15, 38, 0, 0, 0.17%, 7, 0, 9, 146.52
1735479086, 118, 17, 38, 0, 0, 0.17%, 7, 0, 9, 156.08
1735479091, 118, 36, 38, 0, 0, 0.17%, 7, 0, 9, 169.70
1735479101, 119, 12, 38, 0, 0, 0.17%, 7, 0, 9, 146.20
1735479106, 119, 14, 38, 0, 0, 0.17%, 7, 0, 9, 143.11
1735479111, 119, 15, 38, 0, 0, 0.17%, 7, 0, 9, 148.50
1735479116, 119, 30, 38, 0, 0, 0.17%, 7, 0, 9, 161.68
1735479121, 120, 7, 38, 0, 0, 0.17%, 7, 0, 9, 147.09
1735479126, 120, 12, 38, 0, 0, 0.17%, 7, 0, 9, 147.01
1735479132, 120, 14, 38, 0, 0, 0.17%, 7, 0, 9, 135.85
1735479137, 120, 15, 38, 0, 0, 0.17%, 7, 0, 9, 148.33
1735479142, 121, 12, 38, 0, 0, 0.17%, 7, 0, 9, 146.82
1735479147, 121, 14, 38, 0, 0, 0.17%, 7, 0, 9, 147.71
1735479152, 121, 15, 38, 0, 0, 0.17%, 7, 0, 9, 136.74
1735479157, 121, 19, 38, 0, 0, 0.17%, 7, 0, 9, 155.46
1735479167, 121, 30, 38, 0, 0, 0.17%, 7, 0, 9, 156.60
1735479172, 122, 11, 38, 0, 0, 0.17%, 7, 0, 9, 147.25
1735479177, 122, 14, 38, 0, 0, 0.17%, 7, 0, 9, 146.91
1735479182, 122, 15, 38, 0, 0, 0.17%, 7, 0, 9, 139.64
1735479188, 122, 20, 38, 0, 0, 0.17%, 7, 0, 9, 145.22
1735479193, 122, 31, 38, 0, 0, 0.17%, 7, 0, 9, 156.87
1735479203, 123, 12, 38, 0, 0, 0.17%, 7, 0, 9, 142.76
1735479208, 123, 14, 38, 0, 0, 0.17%, 7, 0, 9, 146.56
1735479213, 123, 15, 38, 0, 0, 0.17%, 7, 0, 9, 136.30
1735479218, 123, 31, 38, 0, 0, 0.17%, 7, 0, 9, 152.98
1735479223, 123, 32, 38, 0, 0, 0.17%, 7, 0, 9, 185.94
1735479234, 124, 11, 38, 0, 0, 0.17%, 7, 0, 9, 144.76
1735479239, 124, 12, 38, 0, 0, 0.17%, 7, 0, 9, 148.24
1735479244, 124, 15, 38, 0, 0, 0.17%, 7, 0, 9, 141.42
1735479249, 125, 5, 38, 0, 0, 0.17%, 7, 0, 9, 142.16
1735479254, 125, 12, 38, 0, 0, 0.17%, 7, 0, 9, 142.31
1735479259, 125, 14, 38, 0, 0, 0.17%, 7, 0, 9, 138.17
1735479264, 125, 15, 38, 0, 0, 0.17%, 7, 0, 9, 143.24
1735479269, 126, 12, 38, 0, 0, 0.17%, 7, 0, 9, 145.32
1735479274, 126, 14, 38, 0, 0, 0.17%, 7, 0, 9, 145.72
1735479279, 126, 15, 38, 0, 0, 0.17%, 7, 0, 9, 151.18
1735479285, 126, 32, 38, 0, 0, 0.17%, 7, 0, 9, 163.38
1735479295, 126, 34, 38, 0, 0, 0.17%, 7, 0, 9, 154.75
1735479305, 127, 12, 38, 0, 0, 0.17%, 7, 0, 9, 147.21
1735479310, 127, 14, 38, 0, 0, 0.17%, 7, 0, 9, 140.37
1735479315, 127, 15, 38, 0, 0, 0.17%, 7, 0, 9, 144.54
1735479320, 127, 16, 38, 0, 0, 0.17%, 7, 0, 9, 149.41
1735479325, 128, 11, 38, 0, 0, 0.17%, 7, 0, 9, 146.03
1735479330, 128, 14, 38, 0, 0, 0.17%, 7, 0, 9, 142.59
1735479335, 128, 15, 38, 0, 0, 0.17%, 7, 0, 9, 143.53
1735479341, 128, 18, 38, 0, 0, 0.17%, 7, 0, 9, 146.93
1735479351, 128, 35, 38, 0, 0, 0.17%, 7, 0, 9, 161.56
1735479361, 129, 12, 38, 0, 0, 0.17%, 7, 0, 9, 151.23
1735479366, 129, 14, 38, 0, 0, 0.17%, 7, 0, 9, 138.74
1735479371, 129, 15, 38, 0, 0, 0.17%, 7, 0, 9, 143.47
1735479376, 129, 19, 38, 0, 0, 0.17%, 7, 0, 9, 159.86
1735479387, 129, 24, 38, 0, 0, 0.17%, 7, 0, 9, 160.42
1735479392, 129, 29, 38, 0, 0, 0.17%, 7, 0, 9, 155.82
1735479397, 129, 32, 38, 0, 0, 0.17%, 7, 0, 9, 176.58
1735479407, 130, 12, 38, 0, 0, 0.17%, 7, 0, 9, 143.87
1735479412, 130, 14, 38, 0, 0, 0.17%, 7, 0, 9, 142.55
1735479417, 130, 15, 38, 0, 0, 0.17%, 7, 0, 9, 138.10
1735479422, 130, 32, 38, 0, 0, 0.17%, 7, 0, 9, 179.24
1735479432, 131, 12, 38, 0, 0, 0.17%, 7, 0, 9, 141.72
1735479438, 131, 14, 38, 0, 0, 0.17%, 7, 0, 9, 135.32
1735479443, 131, 15, 38, 0, 0, 0.17%, 7, 0, 9, 142.09
1735479448, 131, 26, 38, 0, 0, 0.17%, 7, 0, 9, 157.61
1735479453, 132, 11, 38, 0, 0, 0.17%, 7, 0, 9, 150.34
1735479458, 132, 12, 38, 0, 0, 0.17%, 7, 0, 9, 149.76
1735479463, 132, 13, 38, 0, 0, 0.17%, 7, 0, 9, 150.25
1735479468, 132, 14, 38, 0, 0, 0.17%, 7, 0, 9, 153.59
1735479473, 132, 19, 38, 0, 0, 0.17%, 7, 0, 9, 154.48
1735479478, 133, 0, 38, 0, 0, 0.17%, 7, 0, 9, 146.43
1735479484, 133, 12, 38, 0, 0, 0.17%, 7, 0, 9, 148.49
1735479489, 133, 14, 38, 0, 0, 0.17%, 7, 0, 9, 152.13
1735479494, 133, 15, 38, 0, 0, 0.17%, 7, 0, 9, 144.55
1735479499, 133, 16, 38, 0, 0, 0.17%, 7, 0, 9, 152.71
1735479504, 133, 22, 38, 0, 0, 0.17%, 7, 0, 9, 148.14
1735479509, 134, 1, 38, 0, 0, 0.17%, 7, 0, 9, 147.89
1735479514, 134, 12, 38, 0, 0, 0.17%, 7, 0, 9, 141.15
1735479520, 134, 14, 38, 0, 0, 0.17%, 7, 0, 9, 149.18
1735479525, 134, 15, 38, 0, 0, 0.17%, 7, 0, 9, 147.71
1735479530, 134, 22, 38, 0, 0, 0.17%, 7, 0, 9, 152.49
1735479535, 135, 12, 38, 0, 0, 0.17%, 7, 0, 9, 151.57
1735479540, 135, 14, 38, 0, 0, 0.17%, 7, 0, 9, 146.89
1735479545, 135, 15, 38, 0, 0, 0.17%, 7, 0, 9, 148.39
1735479550, 135, 27, 38, 0, 0, 0.17%, 7, 0, 9, 148.79
1735479560, 135, 30, 38, 0, 0, 0.17%, 7, 0, 9, 151.42
1735479566, 135, 31, 38, 0, 0, 0.17%, 7, 0, 9, 150.38
1735479571, 136, 0, 38, 0, 0, 0.17%, 7, 0, 9, 152.09
1735479576, 136, 12, 38, 0, 0, 0.17%, 7, 0, 9, 143.06
1735479581, 136, 14, 38, 0, 0, 0.17%, 7, 0, 9, 139.61
1735479586, 136, 15, 38, 0, 0, 0.17%, 7, 0, 9, 137.42
1735479591, 136, 16, 38, 0, 0, 0.17%, 7, 0, 9, 145.53
1735479596, 136, 25, 38, 0, 0, 0.17%, 7, 0, 9, 158.58
1735479602, 137, 11, 38, 0, 0, 0.17%, 7, 0, 9, 144.08
1735479607, 137, 14, 38, 0, 0, 0.17%, 7, 0, 9, 141.77
1735479612, 137, 15, 38, 0, 0, 0.17%, 7, 0, 9, 146.20
1735479617, 137, 29, 38, 0, 0, 0.17%, 7, 0, 9, 145.98
1735479627, 138, 12, 38, 0, 0, 0.17%, 7, 0, 9, 146.21
1735479632, 138, 14, 38, 0, 0, 0.17%, 7, 0, 9, 150.09
1735479637, 138, 15, 38, 0, 0, 0.17%, 7, 0, 9, 159.38
1735479642, 138, 27, 38, 0, 0, 0.17%, 7, 0, 9, 160.08
1735479653, 138, 29, 38, 0, 0, 0.17%, 7, 0, 9, 165.71
1735479658, 138, 34, 38, 0, 0, 0.17%, 7, 0, 9, 154.93
1735479668, 138, 35, 38, 0, 0, 0.17%, 7, 0, 9, 155.52
1735479678, 139, 11, 38, 0, 0, 0.17%, 7, 0, 9, 152.68
1735479683, 139, 12, 38, 0, 0, 0.17%, 7, 0, 9, 153.98
1735479688, 139, 14, 38, 0, 0, 0.17%, 7, 0, 9, 143.13
1735479693, 140, 0, 38, 0, 0, 0.17%, 7, 0, 9, 147.65
1735479698, 140, 12, 38, 0, 0, 0.17%, 7, 0, 9, 143.89
1735479704, 140, 14, 38, 0, 0, 0.17%, 7, 0, 9, 145.22
1735479709, 140, 15, 38, 0, 0, 0.17%, 7, 0, 9, 156.28
1735479714, 140, 21, 38, 0, 0, 0.17%, 7, 0, 9, 159.95
1735479719, 140, 26, 38, 0, 0, 0.17%, 7, 0, 9, 157.67
1735479724, 141, 12, 38, 0, 0, 0.17%, 7, 0, 9, 146.86
1735479729, 141, 14, 38, 0, 0, 0.17%, 7, 0, 9, 148.38
1735479734, 141, 15, 38, 0, 0, 0.17%, 7, 0, 9, 144.58
1735479739, 141, 36, 38, 0, 0, 0.17%, 7, 0, 9, 179.97
1735479744, 142, 11, 38, 0, 0, 0.17%, 7, 0, 9, 168.88
1735479749, 142, 12, 38, 0, 0, 0.17%, 7, 0, 9, 151.10
1735479754, 142, 14, 38, 0, 0, 0.17%, 7, 0, 9, 147.84
1735479759, 142, 15, 38, 0, 0, 0.17%, 7, 0, 9, 139.90
1735479765, 142, 21, 38, 0, 0, 0.17%, 7, 0, 9, 151.53
1735479770, 143, 12, 38, 0, 0, 0.17%, 7, 0, 9, 145.13
1735479775, 143, 14, 38, 0, 0, 0.17%, 7, 0, 9, 148.21
1735479780, 143, 15, 38, 0, 0, 0.17%, 7, 0, 9, 144.89
1735479785, 143, 28, 38, 0, 0, 0.17%, 7, 0, 9, 145.36
1735479790, 144, 11, 38, 0, 0, 0.17%, 7, 0, 9, 151.35
1735479795, 144, 14, 38, 0, 0, 0.17%, 7, 0, 9, 139.41
1735479800, 144, 15, 38, 0, 0, 0.17%, 7, 0, 9, 142.94
1735479805, 144, 20, 38, 0, 0, 0.17%, 7, 0, 9, 140.50
1735479811, 144, 35, 38, 0, 0, 0.17%, 7, 0, 9, 156.56
1735479826, 145, 12, 38, 0, 0, 0.17%, 7, 0, 9, 139.00
1735479831, 145, 14, 38, 0, 0, 0.17%, 7, 0, 9, 142.23
1735479836, 145, 15, 38, 0, 0, 0.17%, 7, 0, 9, 145.04
1735479841, 145, 17, 38, 0, 0, 0.17%, 7, 0, 9, 152.79
1735479846, 146, 12, 38, 0, 0, 0.17%, 7, 0, 9, 146.47
1735479851, 146, 14, 38, 0, 0, 0.17%, 7, 0, 9, 141.10
1735479857, 146, 15, 38, 0, 0, 0.17%, 7, 0, 9, 144.96
1735479862, 146, 27, 38, 0, 0, 0.17%, 7, 0, 9, 144.73
1735479867, 147, 11, 38, 0, 0, 0.17%, 7, 0, 9, 137.22
1735479872, 147, 12, 38, 0, 0, 0.17%, 7, 0, 9, 144.36
1735479877, 147, 15, 38, 0, 0, 0.17%, 7, 0, 9, 148.47
1735479882, 147, 17, 38, 0, 0, 0.17%, 7, 0, 9, 143.54
1735479892, 147, 18, 38, 0, 0, 0.17%, 7, 0, 9, 150.80
1735479898, 148, 11, 38, 0, 0, 0.17%, 7, 0, 9, 148.17
1735479903, 148, 14, 38, 0, 0, 0.17%, 7, 0, 9, 147.23
1735479908, 148, 15, 38, 0, 0, 0.17%, 7, 0, 9, 140.35
1735479913, 148, 28, 38, 0, 0, 0.17%, 7, 0, 9, 153.35
1735479923, 148, 30, 38, 0, 0, 0.17%, 7, 0, 9, 147.41
1735479928, 149, 11, 38, 0, 0, 0.17%, 7, 0, 9, 145.40
1735479934, 149, 12, 38, 0, 0, 0.17%, 7, 0, 9, 148.49
1735479939, 149, 15, 38, 0, 0, 0.17%, 7, 0, 9, 154.15
1735479944, 150, 2, 38, 0, 0, 0.17%, 7, 0, 9, 149.25
1735479949, 150, 11, 38, 0, 0, 0.17%, 7, 0, 9, 152.81
1735479954, 150, 14, 38, 0, 0, 0.17%, 7, 0, 9, 146.75
1735479959, 150, 15, 38, 0, 0, 0.17%, 7, 0, 9, 146.98
1735479964, 150, 30, 38, 0, 0, 0.17%, 7, 0, 9, 158.26
1735479975, 151, 12, 38, 0, 0, 0.17%, 7, 0, 9, 144.76
1735479980, 151, 14, 38, 0, 0, 0.17%, 7, 0, 9, 148.69
1735479985, 151, 15, 38, 0, 0, 0.17%, 7, 0, 9, 146.53
1735479990, 151, 20, 38, 0, 0, 0.17%, 7, 0, 9, 146.86
1735479995, 151, 23, 38, 0, 0, 0.17%, 7, 0, 9, 160.87
1735480000, 152, 12, 38, 0, 0, 0.17%, 7, 0, 9, 144.12
1735480005, 152, 14, 38, 0, 0, 0.17%, 7, 0, 9, 143.59
1735480010, 152, 15, 38, 0, 0, 0.17%, 7, 0, 9, 140.17
1735480015, 153, 12, 38, 0, 0, 0.17%, 7, 0, 9, 147.18
1735480020, 153, 14, 38, 0, 0, 0.17%, 7, 0, 9, 139.87
1735480026, 153, 15, 38, 0, 0, 0.17%, 7, 0, 9, 141.23
1735480031, 153, 23, 38, 0, 0, 0.17%, 7, 0, 9, 146.42
1735480036, 154, 12, 38, 0, 0, 0.17%, 7, 0, 9, 143.35
1735480041, 154, 14, 38, 0, 0, 0.17%, 7, 0, 9, 148.93
1735480046, 154, 15, 38, 0, 0, 0.17%, 7, 0, 9, 144.21
1735480051, 154, 36, 38, 0, 0, 0.17%, 7, 0, 9, 155.16
1735480062, 155, 12, 38, 0, 0, 0.17%, 7, 0, 9, 157.20
1735480067, 155, 14, 38, 0, 0, 0.17%, 7, 0, 9, 147.95
1735480072, 155, 36, 38, 0, 0, 0.17%, 7, 0, 9, 151.69
1735480082, 156, 11, 38, 0, 0, 0.17%, 7, 0, 9, 140.99
1735480087, 156, 12, 38, 0, 0, 0.17%, 7, 0, 9, 144.09
1735480092, 156, 14, 38, 0, 0, 0.17%, 7, 0, 9, 136.66
1735480097, 156, 15, 38, 0, 0, 0.17%, 7, 0, 9, 142.21
1735480102, 157, 5, 38, 0, 0, 0.17%, 7, 0, 9, 162.45
1735480107, 157, 12, 38, 0, 0, 0.17%, 7, 0, 9, 141.83
1735480113, 157, 13, 38, 0, 0, 0.17%, 7, 0, 9, 143.31
1735480118, 157, 14, 38, 0, 0, 0.17%, 7, 0, 9, 139.87
1735480123, 157, 15, 38, 0, 0, 0.17%, 7, 0, 9, 148.56
1735480128, 157, 28, 38, 0, 0, 0.17%, 7, 0, 9, 158.64
1735480133, 157, 31, 38, 0, 0, 0.17%, 7, 0, 9, 160.37
1735480143, 157, 33, 38, 0, 0, 0.17%, 7, 0, 9, 174.95
1735480153, 158, 12, 38, 0, 0, 0.17%, 7, 0, 9, 152.89
1735480158, 158, 14, 38, 0, 0, 0.17%, 7, 0, 9, 134.84
1735480164, 158, 15, 38, 0, 0, 0.17%, 7, 0, 9, 140.44
1735480169, 159, 12, 38, 0, 0, 0.17%, 7, 0, 9, 137.73
1735480174, 159, 13, 38, 0, 0, 0.17%, 7, 0, 9, 149.48
1735480179, 159, 14, 38, 0, 0, 0.17%, 7, 0, 9, 145.90
1735480184, 159, 15, 38, 0, 0, 0.17%, 7, 0, 9, 144.52
1735480189, 159, 26, 38, 0, 0, 0.17%, 7, 0, 9, 154.25
1735480194, 159, 28, 38, 0, 0, 0.17%, 7, 0, 9, 156.19
1735480199, 160, 6, 38, 0, 0, 0.17%, 7, 0, 9, 136.50
1735480205, 160, 12, 38, 0, 0, 0.17%, 7, 0, 9, 147.65
1735480210, 160, 14, 38, 0, 0, 0.17%, 7, 0, 9, 147.84
1735480215, 160, 15, 38, 0, 0, 0.17%, 7, 0, 9, 143.35
1735480220, 161, 12, 38, 0, 0, 0.17%, 7, 0, 9, 141.26
1735480225, 161, 14, 38, 0, 0, 0.17%, 7, 0, 9, 137.97
1735480230, 161, 15, 38, 0, 0, 0.17%, 7, 0, 9, 142.17
1735480235, 161, 32, 38, 0, 0, 0.17%, 7, 0, 9, 186.47
1735480245, 162, 11, 38, 0, 0, 0.17%, 7, 0, 9, 141.17
1735480251, 162, 14, 38, 0, 0, 0.17%, 7, 0, 9, 150.38
1735480256, 162, 15, 38, 0, 0, 0.17%, 7, 0, 9, 139.83
1735480261, 163, 11, 38, 0, 0, 0.17%, 7, 0, 9, 145.67
1735480266, 163, 14, 38, 0, 0, 0.17%, 7, 0, 9, 140.56
1735480271, 163, 15, 38, 0, 0, 0.17%, 7, 0, 9, 142.94
1735480276, 164, 6, 38, 0, 0, 0.17%, 7, 0, 9, 139.06
1735480281, 164, 12, 38, 0, 0, 0.17%, 7, 0, 9, 139.05
1735480286, 164, 14, 38, 0, 0, 0.17%, 7, 0, 9, 142.20
1735480291, 164, 15, 38, 0, 0, 0.17%, 7, 0, 9, 136.36
1735480296, 164, 17, 38, 0, 0, 0.17%, 7, 0, 9, 154.99
1735480302, 165, 11, 38, 0, 0, 0.17%, 7, 0, 9, 150.06
1735480307, 165, 12, 38, 0, 0, 0.17%, 7, 0, 9, 140.78
1735480312, 165, 14, 38, 0, 0, 0.17%, 7, 0, 9, 142.27
1735480317, 165, 15, 38, 0, 0, 0.17%, 7, 0, 9, 150.10
1735480322, 165, 23, 38, 0, 0, 0.17%, 7, 0, 9, 158.80
1735480327, 165, 37, 38, 0, 0, 0.17%, 7, 0, 9, 152.48
1735480332, 166, 12, 38, 0, 0, 0.17%, 7, 0, 9, 146.91
1735480337, 166, 14, 38, 0, 0, 0.17%, 7, 0, 9, 139.02
1735480342, 166, 15, 38, 0, 0, 0.17%, 7, 0, 9, 143.71
1735480347, 166, 18, 38, 0, 0, 0.17%, 7, 0, 9, 143.38
1735480353, 166, 33, 38, 0, 0, 0.17%, 7, 0, 9, 180.46
1735480363, 166, 35, 38, 0, 0, 0.17%, 7, 0, 9, 176.91
1735480373, 167, 12, 38, 0, 0, 0.17%, 7, 0, 9, 143.48
1735480378, 167, 14, 38, 0, 0, 0.17%, 7, 0, 9, 145.42
1735480383, 167, 15, 38, 0, 0, 0.17%, 7, 0, 9, 145.65
1735480388, 167, 22, 38, 0, 0, 0.17%, 7, 0, 9, 156.12
1735480393, 168, 7, 38, 0, 0, 0.17%, 7, 0, 9, 151.85
1735480398, 168, 12, 38, 0, 0, 0.17%, 7, 0, 9, 146.31
1735480404, 168, 14, 38, 0, 0, 0.17%, 7, 0, 9, 143.81
1735480409, 168, 15, 38, 0, 0, 0.17%, 7, 0, 9, 142.53
1735480414, 169, 11, 38, 0, 0, 0.17%, 7, 0, 9, 146.46
1735480419, 169, 14, 38, 0, 0, 0.17%, 7, 0, 9, 143.26
1735480424, 169, 15, 38, 0, 0, 0.17%, 7, 0, 9, 146.45
1735480429, 169, 25, 38, 0, 0, 0.17%, 7, 0, 9, 152.53
1735480434, 169, 27, 38, 0, 0, 0.17%, 7, 0, 9, 151.05
1735480444, 169, 30, 38, 0, 0, 0.17%, 7, 0, 9, 148.25
1735480449, 170, 12, 38, 0, 0, 0.17%, 7, 0, 9, 144.60
1735480455, 170, 14, 38, 0, 0, 0.17%, 7, 0, 9, 140.65
1735480460, 170, 15, 38, 0, 0, 0.17%, 7, 0, 9, 140.71
1735480465, 170, 16, 38, 0, 0, 0.17%, 7, 0, 9, 141.10
1735480470, 171, 11, 38, 0, 0, 0.17%, 7, 0, 9, 140.19
1735480475, 171, 14, 38, 0, 0, 0.17%, 7, 0, 9, 137.19
1735480481, 171, 15, 38, 0, 0, 0.17%, 7, 0, 9, 139.73
1735480486, 171, 22, 38, 0, 0, 0.17%, 7, 0, 9, 149.74
1735480496, 171, 33, 38, 0, 0, 0.17%, 7, 0, 9, 173.51
1735480506, 172, 12, 38, 0, 0, 0.17%, 7, 0, 9, 149.17
1735480511, 172, 14, 38, 0, 0, 0.17%, 7, 0, 9, 142.21
1735480516, 172, 15, 38, 0, 0, 0.17%, 7, 0, 9, 145.94
1735480521, 173, 6, 38, 0, 0, 0.17%, 7, 0, 9, 150.97
1735480526, 173, 11, 38, 0, 0, 0.17%, 7, 0, 9, 144.67
1735480531, 173, 14, 38, 0, 0, 0.17%, 7, 0, 9, 144.82
1735480536, 173, 15, 38, 0, 0, 0.17%, 7, 0, 9, 151.75
1735480541, 174, 11, 38, 0, 0, 0.17%, 7, 0, 9, 139.35
1735480546, 174, 12, 38, 0, 0, 0.17%, 7, 0, 9, 142.83
1735480552, 174, 14, 38, 0, 0, 0.17%, 7, 0, 9, 145.89
1735480557, 174, 15, 38, 0, 0, 0.17%, 7, 0, 9, 146.71
1735480562, 174, 24, 38, 0, 0, 0.17%, 7, 0, 9, 166.95
1735480567, 175, 5, 38, 0, 0, 0.17%, 7, 0, 9, 158.51
1735480572, 175, 12, 38, 0, 0, 0.17%, 7, 0, 9, 144.79
1735480577, 175, 13, 38, 0, 0, 0.17%, 7, 0, 9, 145.54
1735480582, 175, 14, 38, 0, 0, 0.17%, 7, 0, 9, 142.58
1735480587, 175, 15, 38, 0, 0, 0.17%, 7, 0, 9, 141.34
1735480593, 176, 11, 38, 0, 0, 0.17%, 7, 0, 9, 141.45
1735480598, 176, 14, 38, 0, 0, 0.17%, 7, 0, 9, 141.23
1735480603, 176, 15, 38, 0, 0, 0.17%, 7, 0, 9, 142.33
1735480608, 176, 27, 38, 0, 0, 0.17%, 7, 0, 9, 138.52
1735480618, 177, 12, 38, 0, 0, 0.17%, 7, 0, 9, 141.52
1735480623, 177, 14, 38, 0, 0, 0.17%, 7, 0, 9, 142.83
1735480628, 177, 15, 38, 0, 0, 0.17%, 7, 0, 9, 144.14
1735480633, 178, 12, 38, 0, 0, 0.17%, 7, 0, 9, 148.63
1735480638, 178, 14, 38, 0, 0, 0.17%, 7, 0, 9, 142.09
1735480643, 178, 15, 38, 0, 0, 0.17%, 7, 0, 9, 149.89
1735480648, 178, 18, 38, 0, 0, 0.17%, 7, 0, 9, 142.48
1735480653, 179, 10, 38, 0, 0, 0.17%, 7, 0, 9, 146.04
1735480658, 179, 12, 38, 0, 0, 0.17%, 7, 0, 9, 144.86
1735480664, 179, 14, 38, 0, 0, 0.17%, 7, 0, 9, 140.99
1735480669, 179, 15, 38, 0, 0, 0.17%, 7, 0, 9, 144.47
1735480674, 179, 33, 38, 0, 0, 0.17%, 7, 0, 9, 188.09
1735480684, 179, 37, 38, 0, 0, 0.17%, 7, 0, 9, 154.11
1735480689, 180, 10, 38, 0, 0, 0.17%, 7, 0, 9, 153.43
1735480694, 180, 12, 38, 0, 0, 0.17%, 7, 0, 9, 146.11
1735480700, 180, 14, 38, 0, 0, 0.17%, 7, 0, 9, 144.52
1735480705, 180, 15, 38, 0, 0, 0.17%, 7, 0, 9, 150.42
1735480710, 181, 4, 38, 0, 0, 0.17%, 7, 0, 9, 149.19
1735480715, 181, 12, 38, 0, 0, 0.17%, 7, 0, 9, 145.07
1735480720, 181, 14, 38, 0, 0, 0.17%, 7, 0, 9, 147.34
1735480725, 181, 15, 38, 0, 0, 0.17%, 7, 0, 9, 145.75
1735480730, 181, 16, 38, 0, 0, 0.17%, 7, 0, 9, 147.11
1735480735, 181, 28, 38, 0, 0, 0.17%, 7, 0, 9, 155.30
1735480740, 182, 3, 38, 0, 0, 0.17%, 7, 0, 9, 152.59
1735480745, 182, 11, 38, 0, 0, 0.17%, 7, 0, 9, 151.42
1735480751, 182, 14, 38, 0, 0, 0.17%, 7, 0, 9, 139.33
1735480756, 182, 15, 38, 0, 0, 0.17%, 7, 0, 9, 142.35
1735480761, 182, 23, 38, 0, 0, 0.17%, 7, 0, 9, 152.09
1735480766, 182, 28, 38, 0, 0, 0.17%, 7, 0, 9, 154.47
1735480776, 183, 12, 38, 0, 0, 0.17%, 7, 0, 9, 152.01
1735480781, 183, 14, 38, 0, 0, 0.17%, 7, 0, 9, 141.61
1735480786, 183, 15, 38, 0, 0, 0.17%, 7, 0, 9, 150.86
1735480791, 183, 27, 38, 0, 0, 0.17%, 7, 0, 9, 153.99
1735480796, 184, 11, 38, 0, 0, 0.17%, 7, 0, 9, 147.68
1735480801, 184, 14, 38, 0, 0, 0.17%, 7, 0, 9, 141.69
1735480806, 184, 15, 38, 0, 0, 0.17%, 7, 0, 9, 146.04
1735480812, 185, 0, 38, 0, 0, 0.17%, 7, 0, 9, 148.15
1735480817, 185, 11, 38, 0, 0, 0.17%, 7, 0, 9, 146.10
1735480822, 185, 14, 38, 0, 0, 0.17%, 7, 0, 9, 142.66
1735480827, 185, 15, 38, 0, 0, 0.17%, 7, 0, 9, 149.85
1735480832, 186, 11, 38, 0, 0, 0.17%, 7, 0, 9, 148.72
1735480837, 186, 14, 38, 0, 0, 0.17%, 7, 0, 9, 143.87
1735480842, 186, 15, 38, 0, 0, 0.17%, 7, 0, 9, 138.00
1735480852, 187, 11, 38, 0, 0, 0.17%, 7, 0, 9, 143.33
1735480857, 187, 12, 38, 0, 0, 0.17%, 7, 0, 9, 139.87
1735480862, 187, 14, 38, 0, 0, 0.17%, 7, 0, 9, 138.04
1735480867, 187, 15, 38, 0, 0, 0.17%, 7, 0, 9, 142.85
1735480872, 187, 22, 38, 0, 0, 0.17%, 7, 0, 9, 148.88
1735480878, 188, 11, 38, 0, 0, 0.17%, 7, 0, 9, 138.87
1735480883, 188, 14, 38, 0, 0, 0.17%, 7, 0, 9, 148.77
1735480888, 188, 15, 38, 0, 0, 0.17%, 7, 0, 9, 142.99
1735480893, 188, 17, 38, 0, 0, 0.17%, 7, 0, 9, 156.30
1735480903, 189, 12, 38, 0, 0, 0.17%, 7, 0, 9, 144.00
1735480908, 189, 14, 38, 0, 0, 0.17%, 7, 0, 9, 142.56
1735480913, 189, 15, 38, 0, 0, 0.17%, 7, 0, 9, 153.90
1735480918, 189, 23, 38, 0, 0, 0.17%, 7, 0, 9, 157.81
1735480924, 190, 11, 38, 0, 0, 0.17%, 7, 0, 9, 151.59
1735480929, 190, 12, 38, 0, 0, 0.17%, 7, 0, 9, 154.94
1735480934, 190, 15, 38, 0, 0, 0.17%, 7, 0, 9, 148.70
1735480939, 190, 19, 38, 0, 0, 0.17%, 7, 0, 9, 154.05
1735480944, 191, 6, 38, 0, 0, 0.17%, 7, 0, 9, 137.94
1735480949, 191, 12, 38, 0, 0, 0.17%, 7, 0, 9, 139.79
1735480954, 191, 14, 38, 0, 0, 0.17%, 7, 0, 9, 143.31
1735480959, 191, 15, 38, 0, 0, 0.17%, 7, 0, 9, 149.70
1735480965, 191, 24, 38, 0, 0, 0.17%, 7, 0, 9, 153.80
1735480970, 192, 12, 38, 0, 0, 0.17%, 7, 0, 9, 147.36
1735480975, 192, 14, 38, 0, 0, 0.17%, 7, 0, 9, 149.11
1735480980, 192, 15, 38, 0, 0, 0.17%, 7, 0, 9, 143.50
1735480985, 193, 11, 38, 0, 0, 0.17%, 7, 0, 9, 138.83
1735480990, 193, 13, 38, 0, 0, 0.17%, 7, 0, 9, 148.56
1735480995, 193, 14, 38, 0, 0, 0.17%, 7, 0, 9, 145.83
1735481000, 193, 15, 38, 0, 0, 0.17%, 7, 0, 9, 137.04
1735481005, 194, 2, 38, 0, 0, 0.17%, 7, 0, 9, 145.39
1735481011, 194, 12, 38, 0, 0, 0.17%, 7, 0, 9, 148.08
1735481016, 194, 14, 38, 0, 0, 0.17%, 7, 0, 9, 155.88
1735481021, 194, 15, 38, 0, 0, 0.17%, 7, 0, 9, 151.17
1735481026, 195, 12, 38, 0, 0, 0.17%, 7, 0, 9, 145.57
1735481031, 195, 14, 38, 0, 0, 0.17%, 7, 0, 9, 142.98
1735481036, 195, 15, 38, 0, 0, 0.17%, 7, 0, 9, 148.82
1735481041, 196, 11, 38, 0, 0, 0.17%, 7, 0, 9, 142.91
1735481046, 196, 12, 38, 0, 0, 0.17%, 7, 0, 9, 142.50
1735481051, 196, 15, 38, 0, 0, 0.17%, 7, 0, 9, 142.30
1735481057, 197, 8, 38, 0, 0, 0.17%, 7, 0, 9, 144.64
1735481062, 197, 12, 38, 0, 0, 0.17%, 7, 0, 9, 142.25
1735481067, 197, 14, 38, 0, 0, 0.17%, 7, 0, 9, 132.22
1735481072, 197, 15, 38, 0, 0, 0.17%, 7, 0, 9, 137.75
1735481077, 197, 31, 38, 0, 0, 0.17%, 7, 0, 9, 153.31
1735481082, 197, 34, 38, 0, 0, 0.17%, 7, 0, 9, 150.14
1735481092, 198, 3, 38, 0, 0, 0.17%, 7, 0, 9, 150.63
1735481097, 198, 12, 38, 0, 0, 0.17%, 7, 0, 9, 145.67
1735481102, 198, 14, 38, 0, 0, 0.17%, 7, 0, 9, 139.88
1735481108, 198, 15, 38, 0, 0, 0.17%, 7, 0, 9, 138.72
1735481113, 199, 11, 38, 0, 0, 0.17%, 7, 0, 9, 142.70
1735481118, 199, 14, 38, 0, 0, 0.17%, 7, 0, 9, 147.05
1735481123, 199, 15, 38, 0, 0, 0.17%, 7, 0, 9, 142.38
1735481128, 199, 29, 38, 0, 0, 0.17%, 7, 0, 9, 160.56
1735481138, 200, 12, 38, 0, 0, 0.17%, 7, 0, 9, 149.85
1735481143, 200, 14, 38, 0, 0, 0.17%, 7, 0, 9, 144.69
1735481148, 200, 15, 38, 0, 0, 0.17%, 7, 0, 9, 139.64
1735481154, 200, 36, 38, 0, 0, 0.17%, 7, 0, 9, 166.19
1735481164, 201, 4, 38, 0, 0, 0.17%, 7, 0, 9, 157.00
1735481169, 201, 12, 38, 0, 0, 0.17%, 7, 0, 9, 148.18
1735481174, 201, 14, 38, 0, 0, 0.17%, 7, 0, 9, 145.24
1735481179, 201, 15, 38, 0, 0, 0.17%, 7, 0, 9, 144.29
1735481184, 201, 17, 38, 0, 0, 0.17%, 7, 0, 9, 146.85
1735481194, 202, 12, 38, 0, 0, 0.17%, 7, 0, 9, 146.01
1735481199, 202, 14, 38, 0, 0, 0.17%, 7, 0, 9, 142.35
1735481204, 202, 15, 38, 0, 0, 0.17%, 7, 0, 9, 145.64
1735481209, 202, 21, 38, 0, 0, 0.17%, 7, 0, 9, 160.98
1735481214, 203, 12, 38, 0, 0, 0.17%, 7, 0, 9, 143.27
1735481219, 203, 14, 38, 0, 0, 0.17%, 7, 0, 9, 139.46
1735481225, 203, 15, 38, 0, 0, 0.17%, 7, 0, 9, 145.50
1735481230, 204, 12, 38, 0, 0, 0.17%, 7, 0, 9, 145.75
1735481235, 204, 14, 38, 0, 0, 0.17%, 7, 0, 9, 139.02
1735481240, 204, 15, 38, 0, 0, 0.17%, 7, 0, 9, 135.65
1735481245, 204, 26, 38, 0, 0, 0.17%, 7, 0, 9, 164.36
1735481250, 204, 31, 38, 0, 0, 0.17%, 7, 0, 9, 153.37
1735481255, 205, 4, 38, 0, 0, 0.17%, 7, 0, 9, 150.86
1735481261, 205, 12, 38, 0, 0, 0.17%, 7, 0, 9, 145.84
1735481266, 205, 14, 38, 0, 0, 0.17%, 7, 0, 9, 143.64
1735481271, 205, 15, 38, 0, 0, 0.17%, 7, 0, 9, 140.74
1735481276, 205, 17, 38, 0, 0, 0.17%, 7, 0, 9, 167.84
1735481281, 206, 9, 38, 0, 0, 0.17%, 7, 0, 9, 154.19
1735481286, 206, 12, 38, 0, 0, 0.17%, 7, 0, 9, 141.87
1735481291, 206, 14, 38, 0, 0, 0.17%, 7, 0, 9, 146.36
1735481296, 206, 15, 38, 0, 0, 0.17%, 7, 0, 9, 138.53
1735481301, 207, 11, 38, 0, 0, 0.17%, 7, 0, 9, 140.89
1735481307, 207, 14, 38, 0, 0, 0.17%, 7, 0, 9, 146.95
1735481312, 207, 15, 38, 0, 0, 0.17%, 7, 0, 9, 138.79
1735481317, 208, 11, 38, 0, 0, 0.17%, 7, 0, 9, 145.42
1735481322, 208, 12, 38, 0, 0, 0.17%, 7, 0, 9, 144.91
1735481327, 208, 15, 38, 0, 0, 0.17%, 7, 0, 9, 138.01
1735481332, 209, 11, 38, 0, 0, 0.17%, 7, 0, 9, 150.65
1735481338, 209, 14, 38, 0, 0, 0.17%, 7, 0, 9, 138.45
1735481343, 209, 15, 38, 0, 0, 0.17%, 7, 0, 9, 152.28
1735481348, 209, 26, 38, 0, 0, 0.17%, 7, 0, 9, 170.75
1735481353, 209, 37, 38, 0, 0, 0.17%, 7, 0, 9, 163.62
1735481363, 210, 12, 38, 0, 0, 0.17%, 7, 0, 9, 143.98
1735481368, 210, 14, 38, 0, 0, 0.17%, 7, 0, 9, 139.14
1735481373, 210, 15, 38, 0, 0, 0.17%, 7, 0, 9, 134.90
1735481378, 210, 31, 38, 0, 0, 0.17%, 7, 0, 9, 149.39
1735481383, 210, 35, 38, 0, 0, 0.17%, 7, 0, 9, 142.35
1735481398, 210, 37, 38, 0, 0, 0.17%, 7, 0, 9, 153.59
1735481403, 211, 11, 38, 0, 0, 0.17%, 7, 0, 9, 142.59
1735481409, 211, 14, 38, 0, 0, 0.17%, 7, 0, 9, 149.99
1735481414, 211, 15, 38, 0, 0, 0.17%, 7, 0, 9, 149.74
1735481419, 212, 11, 38, 0, 0, 0.17%, 7, 0, 9, 152.10
1735481424, 212, 14, 38, 0, 0, 0.17%, 7, 0, 9, 142.55
1735481429, 212, 15, 38, 0, 0, 0.17%, 7, 0, 9, 143.71
1735481434, 212, 22, 38, 0, 0, 0.17%, 7, 0, 9, 138.81
1735481444, 212, 29, 38, 0, 0, 0.17%, 7, 0, 9, 156.09
1735481450, 212, 37, 38, 0, 0, 0.17%, 7, 0, 9, 164.83
1735481455, 213, 11, 38, 0, 0, 0.17%, 7, 0, 9, 153.38
1735481460, 213, 12, 38, 0, 0, 0.17%, 7, 0, 9, 145.49
1735481465, 213, 14, 38, 0, 0, 0.17%, 7, 0, 9, 136.27
1735481470, 213, 15, 38, 0, 0, 0.17%, 7, 0, 9, 153.34
1735481475, 213, 20, 38, 0, 0, 0.17%, 7, 0, 9, 147.12
1735481480, 213, 23, 38, 0, 0, 0.17%, 7, 0, 9, 162.89
1735481485, 214, 10, 38, 0, 0, 0.17%, 7, 0, 9, 162.30
1735481490, 214, 12, 38, 0, 0, 0.17%, 7, 0, 9, 148.94
1735481496, 214, 14, 38, 0, 0, 0.17%, 7, 0, 9, 142.78
1735481501, 214, 15, 38, 0, 0, 0.17%, 7, 0, 9, 139.76
1735481506, 214, 27, 38, 0, 0, 0.17%, 7, 0, 9, 157.48
1735481511, 215, 11, 38, 0, 0, 0.17%, 7, 0, 9, 143.13
1735481516, 215, 12, 38, 0, 0, 0.17%, 7, 0, 9, 143.23
1735481521, 215, 15, 38, 0, 0, 0.17%, 7, 0, 9, 147.56
1735481526, 216, 1, 38, 0, 0, 0.17%, 7, 0, 9, 141.65
1735481531, 216, 12, 38, 0, 0, 0.17%, 7, 0, 9, 143.89
1735481536, 216, 14, 38, 0, 0, 0.17%, 7, 0, 9, 143.02
1735481541, 216, 15, 38, 0, 0, 0.17%, 7, 0, 9, 142.71
1735481546, 217, 11, 38, 0, 0, 0.17%, 7, 0, 9, 146.28
1735481551, 217, 14, 38, 0, 0, 0.17%, 7, 0, 9, 139.97
1735481556, 217, 15, 38, 0, 0, 0.17%, 7, 0, 9, 140.23
1735481561, 217, 19, 38, 0, 0, 0.17%, 7, 0, 9, 146.17
1735481566, 218, 11, 38, 0, 0, 0.17%, 7, 0, 9, 146.45
1735481572, 218, 12, 38, 0, 0, 0.17%, 7, 0, 9, 141.08
1735481577, 218, 14, 38, 0, 0, 0.17%, 7, 0, 9, 149.12
1735481582, 218, 17, 38, 0, 0, 0.17%, 7, 0, 9, 147.51
1735481592, 218, 36, 38, 0, 0, 0.17%, 7, 0, 9, 166.42
1735481602, 219, 11, 38, 0, 0, 0.17%, 7, 0, 9, 139.64
1735481607, 219, 14, 38, 0, 0, 0.17%, 7, 0, 9, 151.00
1735481612, 219, 15, 38, 0, 0, 0.17%, 7, 0, 9, 148.10
1735481617, 220, 11, 38, 0, 0, 0.17%, 7, 0, 9, 143.62
1735481622, 220, 14, 38, 0, 0, 0.17%, 7, 0, 9, 157.37
1735481627, 220, 15, 38, 0, 0, 0.17%, 7, 0, 9, 148.73
1735481633, 221, 4, 38, 0, 0, 0.17%, 7, 0, 9, 149.28
1735481638, 221, 12, 38, 0, 0, 0.17%, 7, 0, 9, 146.87
1735481643, 221, 14, 38, 0, 0, 0.17%, 7, 0, 9, 140.34
1735481648, 221, 15, 38, 0, 0, 0.17%, 7, 0, 9, 146.74
1735481653, 221, 29, 38, 0, 0, 0.17%, 7, 0, 9, 159.83
1735481658, 222, 6, 38, 0, 0, 0.17%, 7, 0, 9, 143.88
1735481663, 222, 12, 38, 0, 0, 0.17%, 7, 0, 9, 139.29
1735481668, 222, 14, 38, 0, 0, 0.17%, 7, 0, 9, 138.60
1735481674, 222, 15, 38, 0, 0, 0.17%, 7, 0, 9, 143.60
1735481679, 223, 12, 38, 0, 0, 0.17%, 7, 0, 9, 146.94
1735481684, 223, 14, 38, 0, 0, 0.17%, 7, 0, 9, 141.67
1735481689, 223, 15, 38, 0, 0, 0.17%, 7, 0, 9, 141.96
1735481694, 223, 30, 38, 0, 0, 0.17%, 7, 0, 9, 169.52
1735481699, 224, 9, 38, 0, 0, 0.17%, 7, 0, 9, 152.22
1735481704, 224, 12, 38, 0, 0, 0.17%, 7, 0, 9, 148.97
1735481709, 224, 14, 38, 0, 0, 0.17%, 7, 0, 9, 154.12
1735481714, 224, 22, 38, 0, 0, 0.17%, 7, 0, 9, 153.01
1735481724, 224, 33, 38, 0, 0, 0.17%, 7, 0, 9, 187.48
1735481735, 225, 12, 38, 0, 0, 0.17%, 7, 0, 9, 145.82
1735481740, 225, 14, 38, 0, 0, 0.17%, 7, 0, 9, 146.26
1735481745, 225, 15, 38, 0, 0, 0.17%, 7, 0, 9, 144.03
1735481750, 226, 11, 38, 0, 0, 0.17%, 7, 0, 9, 141.03
1735481755, 226, 14, 38, 0, 0, 0.17%, 7, 0, 9, 147.03
1735481760, 226, 15, 38, 0, 0, 0.17%, 7, 0, 9, 143.41
1735481765, 227, 11, 38, 0, 0, 0.17%, 7, 0, 9, 146.79
1735481770, 227, 14, 38, 0, 0, 0.17%, 7, 0, 9, 141.23
1735481775, 227, 15, 38, 0, 0, 0.17%, 7, 0, 9, 142.55
1735481780, 227, 22, 38, 0, 0, 0.17%, 7, 0, 9, 149.52
1735481791, 227, 30, 38, 0, 0, 0.17%, 7, 0, 9, 155.21
1735481796, 228, 12, 38, 0, 0, 0.17%, 7, 0, 9, 141.06
1735481801, 228, 14, 38, 0, 0, 0.17%, 7, 0, 9, 144.15
1735481806, 228, 15, 38, 0, 0, 0.17%, 7, 0, 9, 145.90
1735481811, 228, 20, 38, 0, 0, 0.17%, 7, 0, 9, 146.89
1735481816, 228, 27, 38, 0, 0, 0.17%, 7, 0, 9, 156.63
1735481821, 229, 4, 38, 0, 0, 0.17%, 7, 0, 9, 143.57
1735481826, 229, 12, 38, 0, 0, 0.17%, 7, 0, 9, 143.66
1735481832, 229, 14, 38, 0, 0, 0.17%, 7, 0, 9, 144.16
1735481837, 229, 15, 38, 0, 0, 0.17%, 7, 0, 9, 146.68
1735481842, 229, 35, 38, 0, 0, 0.17%, 7, 0, 9, 161.56
1735481852, 230, 11, 38, 0, 0, 0.17%, 7, 0, 9, 144.88
1735481857, 230, 14, 38, 0, 0, 0.17%, 7, 0, 9, 146.93
1735481862, 230, 15, 38, 0, 0, 0.17%, 7, 0, 9, 142.70
1735481867, 231, 11, 38, 0, 0, 0.17%, 7, 0, 9, 138.38
1735481872, 231, 12, 38, 0, 0, 0.17%, 7, 0, 9, 150.24
1735481878, 231, 14, 38, 0, 0, 0.17%, 7, 0, 9, 150.52
1735481883, 232, 11, 38, 0, 0, 0.17%, 7, 0, 9, 149.99
1735481888, 232, 12, 38, 0, 0, 0.17%, 7, 0, 9, 143.04
1735481893, 232, 14, 38, 0, 0, 0.17%, 7, 0, 9, 143.16
1735481898, 232, 15, 38, 0, 0, 0.17%, 7, 0, 9, 146.75
1735481903, 232, 17, 38, 0, 0, 0.17%, 7, 0, 9, 159.58
1735481908, 232, 29, 38, 0, 0, 0.17%, 7, 0, 9, 165.76
1735481913, 233, 9, 38, 0, 0, 0.17%, 7, 0, 9, 154.36
1735481918, 233, 12, 38, 0, 0, 0.17%, 7, 0, 9, 145.63
1735481923, 233, 14, 38, 0, 0, 0.17%, 7, 0, 9, 143.97
1735481929, 233, 15, 38, 0, 0, 0.17%, 7, 0, 9, 143.49
1735481934, 233, 17, 38, 0, 0, 0.17%, 7, 0, 9, 156.19
1735481939, 234, 11, 38, 0, 0, 0.17%, 7, 0, 9, 142.60
1735481944, 234, 14, 38, 0, 0, 0.17%, 7, 0, 9, 147.57
1735481949, 234, 15, 38, 0, 0, 0.17%, 7, 0, 9, 151.19
1735481954, 234, 28, 38, 0, 0, 0.17%, 7, 0, 9, 150.86
1735481960, 234, 37, 38, 0, 0, 0.17%, 7, 0, 9, 160.68
1735481970, 235, 11, 38, 0, 0, 0.17%, 7, 0, 9, 149.53
1735481975, 235, 12, 38, 0, 0, 0.17%, 7, 0, 9, 144.17
1735481980, 235, 14, 38, 0, 0, 0.17%, 7, 0, 9, 154.19
1735481985, 236, 11, 38, 0, 0, 0.17%, 7, 0, 9, 150.27
1735481990, 236, 12, 38, 0, 0, 0.17%, 7, 0, 9, 143.16
1735481995, 236, 14, 38, 0, 0, 0.17%, 7, 0, 9, 142.10
1735482000, 236, 15, 38, 0, 0, 0.17%, 7, 0, 9, 146.48
1735482005, 236, 17, 38, 0, 0, 0.17%, 7, 0, 9, 158.79
1735482010, 236, 35, 38, 0, 0, 0.17%, 7, 0, 9, 164.65
1735482020, 237, 11, 38, 0, 0, 0.17%, 7, 0, 9, 157.25
1735482025, 237, 14, 38, 0, 0, 0.17%, 7, 0, 9, 146.63
1735482031, 237, 15, 38, 0, 0, 0.17%, 7, 0, 9, 142.09
1735482036, 237, 19, 38, 0, 0, 0.17%, 7, 0, 9, 151.42
1735482041, 238, 11, 38, 0, 0, 0.17%, 7, 0, 9, 145.46
1735482046, 238, 14, 38, 0, 0, 0.17%, 7, 0, 9, 148.18
1735482051, 238, 15, 38, 0, 0, 0.17%, 7, 0, 9, 144.84
1735482056, 238, 16, 38, 0, 0, 0.17%, 7, 0, 9, 151.09
1735482061, 239, 11, 38, 0, 0, 0.17%, 7, 0, 9, 144.22
1735482066, 239, 14, 38, 0, 0, 0.17%, 7, 0, 9, 141.12
1735482071, 239, 15, 38, 0, 0, 0.17%, 7, 0, 9, 146.84
1735482076, 240, 11, 38, 0, 0, 0.17%, 7, 0, 9, 149.96
1735482081, 240, 14, 38, 0, 0, 0.17%, 7, 0, 9, 142.44
1735482086, 240, 15, 38, 0, 0, 0.17%, 7, 0, 9, 147.62
1735482091, 240, 19, 38, 0, 0, 0.17%, 7, 0, 9, 150.14
1735482096, 241, 11, 38, 0, 0, 0.17%, 7, 0, 9, 148.13
1735482101, 241, 14, 38, 0, 0, 0.17%, 7, 0, 9, 145.58
1735482107, 241, 15, 38, 0, 0, 0.17%, 7, 0, 9, 143.26
1735482112, 241, 30, 38, 0, 0, 0.17%, 7, 0, 9, 162.27
1735482122, 242, 12, 38, 0, 0, 0.17%, 7, 0, 9, 151.80
1735482127, 242, 14, 38, 0, 0, 0.17%, 7, 0, 9, 145.84
1735482132, 242, 15, 38, 0, 0, 0.17%, 7, 0, 9, 145.01
1735482137, 242, 28, 38, 0, 0, 0.17%, 7, 0, 9, 146.42
1735482142, 243, 3, 38, 0, 0, 0.17%, 7, 0, 9, 145.92
1735482147, 243, 12, 38, 0, 0, 0.17%, 7, 0, 9, 145.89
1735482152, 243, 14, 38, 0, 0, 0.17%, 7, 0, 9, 146.86
1735482157, 243, 15, 38, 0, 0, 0.17%, 7, 0, 9, 147.85
1735482163, 243, 37, 38, 0, 0, 0.17%, 7, 0, 9, 162.98
1735482168, 244, 11, 38, 0, 0, 0.17%, 7, 0, 9, 144.21
1735482173, 244, 14, 38, 0, 0, 0.17%, 7, 0, 9, 140.58
1735482178, 244, 15, 38, 0, 0, 0.17%, 7, 0, 9, 140.92
1735482183, 244, 25, 38, 0, 0, 0.17%, 7, 0, 9, 149.58
1735482188, 244, 29, 38, 0, 0, 0.17%, 7, 0, 9, 158.22
1735482193, 244, 35, 38, 0, 0, 0.17%, 7, 0, 9, 154.91
1735482208, 245, 12, 38, 0, 0, 0.17%, 7, 0, 9, 141.85
1735482213, 245, 14, 38, 0, 0, 0.17%, 7, 0, 9, 140.41
1735482218, 245, 15, 38, 0, 0, 0.17%, 7, 0, 9, 143.22
1735482223, 246, 11, 38, 0, 0, 0.17%, 7, 0, 9, 135.48
1735482228, 246, 14, 38, 0, 0, 0.17%, 7, 0, 9, 143.38
1735482234, 246, 15, 38, 0, 0, 0.17%, 7, 0, 9, 141.45
1735482239, 246, 27, 38, 0, 0, 0.17%, 7, 0, 9, 143.08
1735482249, 246, 34, 38, 0, 0, 0.17%, 7, 0, 9, 154.20
1735482259, 247, 11, 38, 0, 0, 0.17%, 7, 0, 9, 148.93
1735482264, 247, 12, 38, 0, 0, 0.17%, 7, 0, 9, 144.91
1735482269, 247, 14, 38, 0, 0, 0.17%, 7, 0, 9, 141.55
1735482274, 248, 11, 38, 0, 0, 0.17%, 7, 0, 9, 144.11
1735482279, 248, 12, 38, 0, 0, 0.17%, 7, 0, 9, 140.53
1735482284, 248, 14, 38, 0, 0, 0.17%, 7, 0, 9, 142.32
1735482289, 248, 15, 38, 0, 0, 0.17%, 7, 0, 9, 156.07
1735482295, 248, 27, 38, 0, 0, 0.17%, 7, 0, 9, 154.63
1735482300, 248, 32, 38, 0, 0, 0.17%, 7, 0, 9, 183.26
1735482310, 249, 12, 38, 0, 0, 0.17%, 7, 0, 9, 146.40
1735482315, 249, 14, 38, 0, 0, 0.17%, 7, 0, 9, 142.84
1735482320, 249, 15, 38, 0, 0, 0.17%, 7, 0, 9, 139.91
1735482325, 249, 16, 38, 0, 0, 0.17%, 7, 0, 9, 152.25
1735482330, 250, 12, 38, 0, 0, 0.17%, 7, 0, 9, 144.68
1735482335, 250, 14, 38, 0, 0, 0.17%, 7, 0, 9, 144.04
1735482340, 250, 15, 38, 0, 0, 0.17%, 7, 0, 9, 141.51
1735482346, 251, 11, 38, 0, 0, 0.17%, 7, 0, 9, 153.75
1735482351, 251, 14, 38, 0, 0, 0.17%, 7, 0, 9, 149.70
1735482356, 251, 15, 38, 0, 0, 0.17%, 7, 0, 9, 152.32
1735482361, 251, 18, 38, 0, 0, 0.17%, 7, 0, 9, 144.21
1735482366, 251, 22, 38, 0, 0, 0.17%, 7, 0, 9, 151.23
1735482376, 252, 12, 38, 0, 0, 0.17%, 7, 0, 9, 150.41
1735482381, 252, 14, 38, 0, 0, 0.17%, 7, 0, 9, 149.04
1735482386, 252, 15, 38, 0, 0, 0.17%, 7, 0, 9, 142.20
1735482391, 252, 22, 38, 0, 0, 0.17%, 7, 0, 9, 145.70
1735482396, 253, 11, 38, 0, 0, 0.17%, 7, 0, 9, 145.90
1735482401, 253, 12, 38, 0, 0, 0.17%, 7, 0, 9, 145.09
1735482406, 253, 14, 38, 0, 0, 0.17%, 7, 0, 9, 148.44
1735482412, 254, 11, 38, 0, 0, 0.17%, 7, 0, 9, 151.57
1735482417, 254, 12, 38, 0, 0, 0.17%, 7, 0, 9, 147.58
1735482422, 254, 14, 38, 0, 0, 0.17%, 7, 0, 9, 145.25
1735482427, 254, 15, 38, 0, 0, 0.17%, 7, 0, 9, 156.55
1735482432, 254, 17, 38, 0, 0, 0.17%, 7, 0, 9, 156.33
1735482437, 255, 11, 38, 0, 0, 0.17%, 7, 0, 9, 148.44
1735482442, 255, 12, 38, 0, 0, 0.17%, 7, 0, 9, 143.00
1735482447, 255, 15, 38, 0, 0, 0.17%, 7, 0, 9, 148.30
1735482452, 255, 27, 38, 0, 0, 0.17%, 7, 0, 9, 144.08
1735482463, 256, 12, 38, 0, 0, 0.17%, 7, 0, 9, 140.47
1735482468, 256, 14, 38, 0, 0, 0.17%, 7, 0, 9, 146.65
1735482473, 256, 15, 38, 0, 0, 0.17%, 7, 0, 9, 148.27
1735482478, 256, 25, 38, 0, 0, 0.17%, 7, 0, 9, 150.45
1735482483, 257, 12, 38, 0, 0, 0.17%, 7, 0, 9, 150.40
1735482488, 257, 14, 38, 0, 0, 0.17%, 7, 0, 9, 141.98
1735482493, 257, 15, 38, 0, 0, 0.17%, 7, 0, 9, 142.73
1735482499, 258, 11, 38, 0, 0, 0.17%, 7, 0, 9, 146.20
1735482504, 258, 14, 38, 0, 0, 0.17%, 7, 0, 9, 139.87
1735482509, 258, 15, 38, 0, 0, 0.17%, 7, 0, 9, 137.91
1735482514, 258, 26, 38, 0, 0, 0.17%, 7, 0, 9, 155.98
1735482519, 258, 33, 38, 0, 0, 0.17%, 7, 0, 9, 182.70
1735482529, 259, 11, 38, 0, 0, 0.17%, 7, 0, 9, 147.21
1735482534, 259, 13, 38, 0, 0, 0.17%, 7, 0, 9, 146.57
1735482539, 259, 14, 38, 0, 0, 0.17%, 7, 0, 9, 142.48
1735482544, 259, 15, 38, 0, 0, 0.17%, 7, 0, 9, 141.05
1735482550, 259, 29, 38, 0, 0, 0.17%, 7, 0, 9, 158.32
1735482555, 260, 11, 38, 0, 0, 0.17%, 7, 0, 9, 157.32
1735482560, 260, 12, 38, 0, 0, 0.17%, 7, 0, 9, 149.96
1735482565, 260, 14, 38, 0, 0, 0.17%, 7, 0, 9, 153.25
1735482570, 260, 15, 38, 0, 0, 0.17%, 7, 0, 9, 142.07
1735482575, 260, 22, 38, 0, 0, 0.17%, 7, 0, 9, 142.70
1735482580, 261, 11, 38, 0, 0, 0.17%, 7, 0, 9, 149.54
1735482585, 261, 14, 38, 0, 0, 0.17%, 7, 0, 9, 148.96
1735482590, 261, 15, 38, 0, 0, 0.17%, 7, 0, 9, 148.08
1735482596, 262, 12, 38, 0, 0, 0.17%, 7, 0, 9, 142.88
1735482601, 262, 14, 38, 0, 0, 0.17%, 7, 0, 9, 143.70
1735482606, 262, 15, 38, 0, 0, 0.17%, 7, 0, 9, 139.85
1735482611, 262, 27, 38, 0, 0, 0.17%, 7, 0, 9, 151.38
1735482616, 263, 3, 38, 0, 0, 0.17%, 7, 0, 9, 157.00
1735482621, 263, 12, 38, 0, 0, 0.17%, 7, 0, 9, 146.82
1735482626, 263, 14, 38, 0, 0, 0.17%, 7, 0, 9, 144.16
1735482631, 263, 15, 38, 0, 0, 0.17%, 7, 0, 9, 139.62
1735482636, 263, 21, 38, 0, 0, 0.17%, 7, 0, 9, 154.20
1735482642, 263, 28, 38, 0, 0, 0.17%, 7, 0, 9, 153.23
1735482647, 264, 11, 38, 0, 0, 0.17%, 7, 0, 9, 144.24
