# unix_time, cycles_done, cur_path, paths_total, pending_total, pending_favs, map_size, unique_crashes, unique_hangs, max_depth, execs_per_sec
1735428697, 0, 0, 10, 10, 1, 0.01%, 0, 0, 1, 81.63
1735428702, 0, 4, 10, 10, 1, 0.01%, 0, 0, 1, 103.64
1735428712, 0, 5, 10, 9, 0, 0.01%, 0, 0, 1, 107.12
1735428717, 0, 6, 10, 8, 0, 0.01%, 0, 0, 1, 100.84
1735428728, 0, 7, 10, 7, 0, 0.01%, 0, 0, 1, 99.95
1735428738, 0, 8, 10, 6, 0, 0.01%, 0, 0, 1, 97.85
1735428748, 0, 9, 10, 5, 0, 0.01%, 0, 0, 1, 98.22
1735428758, 1, 0, 10, 4, 0, 0.01%, 0, 0, 1, 96.93
1735428773, 1, 1, 10, 3, 0, 0.01%, 0, 0, 1, 94.12
1735428784, 1, 2, 10, 2, 0, 0.01%, 0, 0, 1, 92.65
1735428794, 1, 3, 10, 1, 0, 0.01%, 0, 0, 1, 101.73
1735428809, 1, 4, 10, 0, 0, 0.01%, 0, 0, 1, 103.70
1735428814, 1, 6, 10, 0, 0, 0.01%, 0, 0, 1, 102.20
1735428819, 1, 7, 10, 0, 0, 0.01%, 0, 0, 1, 102.04
1735428824, 1, 9, 10, 0, 0, 0.01%, 0, 0, 1, 103.86
1735428829, 2, 0, 10, 0, 0, 0.01%, 0, 0, 1, 102.29
1735428834, 2, 1, 10, 0, 0, 0.01%, 0, 0, 1, 104.31
1735428839, 2, 3, 10, 0, 0, 0.01%, 0, 0, 1, 105.07
1735428844, 2, 4, 10, 0, 0, 0.01%, 0, 0, 1, 102.42
1735428849, 2, 6, 10, 0, 0, 0.01%, 0, 0, 1, 103.68
1735428854, 2, 7, 10, 0, 0, 0.01%, 0, 0, 1, 103.11
1735428860, 2, 8, 10, 0, 0, 0.01%, 0, 0, 1, 101.56
1735428865, 3, 0, 10, 0, 0, 0.01%, 0, 0, 1, 100.42
1735428870, 3, 1, 10, 0, 0, 0.01%, 0, 0, 1, 101.96
1735428875, 3, 3, 10, 0, 0, 0.01%, 0, 0, 1, 103.57
1735428880, 3, 4, 10, 0, 0, 0.01%, 0, 0, 1, 104.54
1735428885, 3, 6, 10, 0, 0, 0.01%, 0, 0, 1, 105.50
1735428890, 3, 7, 10, 0, 0, 0.01%, 0, 0, 1, 105.23
1735428895, 3, 8, 10, 0, 0, 0.01%, 0, 0, 1, 101.80
1735428900, 4, 0, 10, 0, 0, 0.01%, 0, 0, 1, 103.35
1735428905, 4, 1, 10, 0, 0, 0.01%, 0, 0, 1, 100.94
1735428910, 4, 3, 10, 0, 0, 0.01%, 0, 0, 1, 103.96
1735428915, 4, 4, 10, 0, 0, 0.01%, 0, 0, 1, 102.49
1735428920, 4, 5, 10, 0, 0, 0.01%, 0, 0, 1, 102.55
1735428925, 4, 7, 10, 0, 0, 0.01%, 0, 0, 1, 102.05
1735428930, 4, 8, 10, 0, 0, 0.01%, 0, 0, 1, 103.48
1735428935, 5, 0, 10, 0, 0, 0.01%, 0, 0, 1, 102.23
1735428940, 5, 1, 10, 0, 0, 0.01%, 0, 0, 1, 100.79
1735428946, 5, 3, 10, 0, 0, 0.01%, 0, 0, 1, 103.42
1735428951, 5, 4, 10, 0, 0, 0.01%, 0, 0, 1, 102.85
1735428956, 5, 5, 10, 0, 0, 0.01%, 0, 0, 1, 103.56
1735428961, 5, 7, 10, 0, 0, 0.01%, 0, 0, 1, 99.54
1735428966, 5, 8, 10, 0, 0, 0.01%, 0, 0, 1, 101.97
1735428971, 6, 0, 10, 0, 0, 0.01%, 0, 0, 1, 102.86
1735428976, 6, 1, 10, 0, 0, 0.01%, 0, 0, 1, 101.94
1735428981, 6, 2, 10, 0, 0, 0.01%, 0, 0, 1, 101.95
1735428987, 6, 4, 10, 0, 0, 0.01%, 0, 0, 1, 104.58
1735428992, 6, 5, 10, 0, 0, 0.01%, 0, 0, 1, 105.51
1735428997, 6, 10, 11, 1, 1, 0.16%, 1, 0, 2, 106.05
1735429002, 6, 10, 12, 2, 1, 0.16%, 2, 0, 3, 117.91
1735429088, 6, 11, 13, 2, 1, 0.16%, 3, 0, 4, 127.68
1735429114, 6, 11, 14, 3, 1, 0.16%, 3, 0, 4, 111.91
1735429190, 6, 11, 15, 4, 1, 0.16%, 3, 0, 4, 116.88
1735429226, 6, 12, 15, 3, 1, 0.16%, 3, 0, 4, 135.06
1735429261, 6, 12, 16, 4, 1, 0.17%, 4, 0, 5, 108.61
1735429338, 6, 12, 17, 5, 1, 0.17%, 4, 0, 5, 113.93
1735429384, 6, 12, 19, 7, 1, 0.17%, 4, 0, 5, 122.09
1735429410, 6, 15, 20, 7, 1, 0.17%, 5, 0, 6, 139.97
1735429420, 6, 15, 21, 8, 1, 0.17%, 5, 0, 6, 123.45
1735429492, 6, 15, 22, 9, 1, 0.17%, 5, 0, 6, 120.41
1735429503, 6, 15, 23, 10, 1, 0.17%, 5, 0, 6, 122.68
1735429538, 6, 19, 23, 9, 1, 0.17%, 5, 0, 6, 155.66
1735429554, 6, 19, 24, 10, 1, 0.17%, 5, 0, 7, 121.33
1735429564, 6, 19, 25, 11, 1, 0.17%, 6, 0, 7, 118.55
1735429636, 6, 19, 26, 12, 1, 0.17%, 6, 0, 7, 120.60
1735429652, 6, 19, 31, 17, 1, 0.17%, 6, 0, 7, 127.59
1735429667, 6, 23, 31, 16, 0, 0.17%, 6, 0, 7, 139.96
1735429682, 6, 23, 32, 17, 0, 0.17%, 6, 0, 8, 118.90
1735429780, 6, 23, 34, 19, 0, 0.17%, 6, 0, 8, 126.27
1735429791, 6, 23, 35, 20, 0, 0.17%, 6, 0, 8, 146.07
1735429796, 6, 23, 36, 21, 0, 0.17%, 6, 0, 8, 133.28
1735429801, 6, 24, 36, 20, 0, 0.17%, 6, 0, 8, 162.59
1735429898, 6, 24, 38, 22, 0, 0.17%, 6, 0, 8, 197.19
1735429989, 6, 25, 38, 21, 0, 0.17%, 6, 0, 8, 126.60
1735430350, 6, 33, 38, 20, 0, 0.17%, 6, 0, 8, 199.24
1735430448, 6, 34, 38, 19, 0, 0.17%, 6, 0, 8, 174.38
1735430844, 6, 36, 38, 18, 0, 0.17%, 6, 0, 8, 204.11
1735430935, 6, 37, 38, 17, 0, 0.17%, 6, 0, 8, 173.36
1735431042, 7, 11, 38, 16, 0, 0.17%, 6, 0, 8, 130.34
1735431047, 7, 12, 38, 16, 0, 0.17%, 6, 0, 8, 138.02
1735431057, 7, 15, 38, 16, 0, 0.17%, 6, 0, 8, 131.44
1735431067, 7, 18, 38, 16, 0, 0.17%, 6, 0, 8, 140.99
1735431134, 7, 19, 38, 15, 0, 0.17%, 6, 0, 8, 135.66
1735431149, 7, 21, 38, 15, 0, 0.17%, 6, 0, 8, 93.84
1735431958, 7, 22, 38, 14, 0, 0.17%, 6, 0, 8, 190.56
1735432014, 7, 32, 38, 13, 0, 0.17%, 6, 0, 8, 221.37
1735432111, 8, 6, 38, 12, 0, 0.17%, 6, 0, 8, 145.58
1735432116, 8, 12, 38, 12, 0, 0.17%, 6, 0, 8, 144.58
1735432126, 8, 15, 38, 12, 0, 0.17%, 6, 0, 8, 149.26
1735432142, 8, 17, 38, 12, 0, 0.17%, 6, 0, 8, 172.83
1735432193, 8, 19, 38, 11, 0, 0.17%, 6, 0, 8, 132.93
1735432209, 8, 26, 38, 11, 0, 0.17%, 6, 0, 8, 178.62
1735432285, 9, 11, 38, 10, 0, 0.17%, 6, 0, 8, 139.52
1735432291, 9, 12, 38, 10, 0, 0.17%, 6, 0, 8, 129.96
1735432296, 9, 14, 38, 10, 0, 0.17%, 6, 0, 8, 182.31
1735432347, 9, 15, 38, 9, 0, 0.17%, 6, 0, 8, 144.40
1735432352, 9, 19, 38, 9, 0, 0.17%, 6, 0, 8, 130.18
1735432357, 9, 31, 38, 9, 0, 0.17%, 6, 0, 8, 154.52
1735432434, 9, 36, 38, 8, 0, 0.17%, 6, 0, 8, 155.60
1735432454, 10, 11, 38, 8, 0, 0.17%, 6, 0, 8, 135.26
1735432459, 10, 12, 38, 8, 0, 0.17%, 6, 0, 8, 136.69
1735432464, 10, 15, 38, 8, 0, 0.17%, 6, 0, 8, 136.29
1735432469, 10, 19, 38, 8, 0, 0.17%, 6, 0, 8, 130.78
1735432474, 10, 28, 38, 8, 0, 0.17%, 6, 0, 8, 150.76
1735432556, 11, 11, 38, 7, 0, 0.17%, 6, 0, 8, 143.69
1735432561, 11, 12, 38, 7, 0, 0.17%, 6, 0, 8, 138.11
1735432567, 11, 15, 38, 7, 0, 0.17%, 6, 0, 8, 132.04
1735432572, 11, 19, 38, 7, 0, 0.17%, 6, 0, 8, 127.88
1735432577, 12, 11, 38, 7, 0, 0.17%, 6, 0, 8, 135.86
1735432582, 12, 12, 38, 7, 0, 0.17%, 6, 0, 8, 131.39
1735432587, 12, 15, 38, 7, 0, 0.17%, 6, 0, 8, 133.95
1735432592, 12, 19, 38, 7, 0, 0.17%, 6, 0, 8, 134.88
1735432597, 12, 25, 38, 7, 0, 0.17%, 6, 0, 8, 151.90
1735432613, 12, 31, 38, 7, 0, 0.17%, 6, 0, 8, 140.61
1735432628, 13, 7, 38, 7, 0, 0.17%, 6, 0, 8, 135.37
1735432633, 13, 12, 38, 7, 0, 0.17%, 6, 0, 8, 135.94
1735432638, 13, 15, 38, 7, 0, 0.17%, 6, 0, 8, 135.01
1735432643, 13, 19, 38, 7, 0, 0.17%, 6, 0, 8, 139.69
1735432654, 13, 28, 38, 7, 0, 0.17%, 6, 0, 8, 147.19
1735432669, 14, 12, 38, 7, 0, 0.17%, 6, 0, 8, 130.34
1735432674, 14, 13, 38, 7, 0, 0.17%, 6, 0, 8, 169.93
1735432726, 14, 15, 38, 6, 0, 0.17%, 6, 0, 8, 137.04
1735432731, 14, 19, 38, 6, 0, 0.17%, 6, 0, 8, 137.16
1735432736, 14, 30, 38, 6, 0, 0.17%, 6, 0, 8, 118.33
1735433103, 15, 12, 38, 5, 0, 0.17%, 6, 0, 8, 126.04
1735433109, 15, 15, 38, 5, 0, 0.17%, 6, 0, 8, 130.62
1735433114, 15, 19, 38, 5, 0, 0.17%, 6, 0, 8, 135.12
1735433124, 15, 20, 38, 5, 0, 0.17%, 6, 0, 8, 140.40
1735433180, 15, 35, 38, 4, 0, 0.17%, 6, 0, 8, 168.41
1735433624, 16, 11, 38, 3, 0, 0.17%, 6, 0, 8, 144.88
1735433630, 16, 12, 38, 3, 0, 0.17%, 6, 0, 8, 141.14
1735433635, 16, 15, 38, 3, 0, 0.17%, 6, 0, 8, 138.93
1735433640, 16, 19, 38, 3, 0, 0.17%, 6, 0, 8, 130.66
1735433645, 16, 25, 38, 3, 0, 0.17%, 6, 0, 8, 142.20
1735433660, 16, 27, 38, 3, 0, 0.17%, 6, 0, 8, 192.13
1735433803, 17, 12, 38, 2, 0, 0.17%, 6, 0, 8, 133.91
1735433808, 17, 15, 38, 2, 0, 0.17%, 6, 0, 8, 139.35
1735433813, 17, 19, 38, 2, 0, 0.17%, 6, 0, 8, 138.99
1735433818, 18, 1, 38, 2, 0, 0.17%, 6, 0, 8, 136.28
1735433824, 18, 12, 38, 2, 0, 0.17%, 6, 0, 8, 132.37
1735433829, 18, 15, 38, 2, 0, 0.17%, 6, 0, 8, 145.11
1735433834, 18, 19, 38, 2, 0, 0.17%, 6, 0, 8, 141.18
1735433844, 18, 29, 38, 2, 0, 0.17%, 6, 0, 8, 192.23
1735433921, 19, 11, 38, 1, 0, 0.17%, 6, 0, 8, 137.63
1735433926, 19, 12, 38, 1, 0, 0.17%, 6, 0, 8, 134.13
1735433931, 19, 15, 38, 1, 0, 0.17%, 6, 0, 8, 139.35
1735433937, 19, 19, 38, 1, 0, 0.17%, 6, 0, 8, 141.72
1735433942, 19, 28, 38, 1, 0, 0.17%, 6, 0, 8, 147.97
1735433957, 19, 32, 38, 1, 0, 0.17%, 6, 0, 8, 139.70
1735433983, 20, 9, 38, 1, 0, 0.17%, 6, 0, 8, 133.29
1735433988, 20, 12, 38, 1, 0, 0.17%, 6, 0, 8, 135.45
1735433994, 20, 15, 38, 1, 0, 0.17%, 6, 0, 8, 131.20
1735433999, 20, 16, 38, 1, 0, 0.17%, 6, 0, 8, 158.20
1735434050, 20, 19, 38, 0, 0, 0.17%, 6, 0, 8, 136.76
1735434055, 20, 21, 38, 0, 0, 0.17%, 6, 0, 8, 181.96
1735434065, 21, 12, 38, 0, 0, 0.17%, 6, 0, 8, 137.17
1735434070, 21, 15, 38, 0, 0, 0.17%, 6, 0, 8, 136.12
1735434076, 21, 19, 38, 0, 0, 0.17%, 6, 0, 8, 137.59
1735434086, 21, 26, 38, 0, 0, 0.17%, 6, 0, 8, 140.59
1735434101, 22, 11, 38, 0, 0, 0.17%, 6, 0, 8, 139.10
1735434106, 22, 15, 38, 0, 0, 0.17%, 6, 0, 8, 139.92
1735434111, 22, 19, 38, 0, 0, 0.17%, 6, 0, 8, 146.76
1735434122, 23, 11, 38, 0, 0, 0.17%, 6, 0, 8, 131.27
1735434127, 23, 12, 38, 0, 0, 0.17%, 6, 0, 8, 146.14
1735434132, 23, 15, 38, 0, 0, 0.17%, 6, 0, 8, 141.46
1735434137, 23, 19, 38, 0, 0, 0.17%, 6, 0, 8, 141.49
1735434142, 23, 21, 38, 0, 0, 0.17%, 6, 0, 8, 173.42
1735434152, 23, 24, 38, 0, 0, 0.17%, 6, 0, 8, 162.51
1735434162, 24, 11, 38, 0, 0, 0.17%, 6, 0, 8, 140.55
1735434168, 24, 12, 38, 0, 0, 0.17%, 6, 0, 8, 130.56
1735434173, 24, 15, 38, 0, 0, 0.17%, 6, 0, 8, 135.65
1735434178, 24, 19, 38, 0, 0, 0.17%, 6, 0, 8, 147.68
1735434183, 24, 25, 38, 0, 0, 0.17%, 6, 0, 8, 165.90
1735434193, 25, 12, 38, 0, 0, 0.17%, 6, 0, 8, 138.48
1735434198, 25, 15, 38, 0, 0, 0.17%, 6, 0, 8, 137.81
1735434209, 25, 19, 38, 0, 0, 0.17%, 6, 0, 8, 144.78
1735434214, 25, 22, 38, 0, 0, 0.17%, 6, 0, 8, 148.58
1735434224, 25, 26, 38, 0, 0, 0.17%, 6, 0, 8, 145.31
1735434239, 26, 11, 38, 0, 0, 0.17%, 6, 0, 8, 138.81
1735434245, 26, 12, 38, 0, 0, 0.17%, 6, 0, 8, 142.19
1735434250, 26, 15, 38, 0, 0, 0.17%, 6, 0, 8, 139.24
1735434255, 26, 19, 38, 0, 0, 0.17%, 6, 0, 8, 148.08
1735434260, 27, 11, 38, 0, 0, 0.17%, 6, 0, 8, 139.91
1735434265, 27, 12, 38, 0, 0, 0.17%, 6, 0, 8, 133.64
1735434270, 27, 13, 38, 0, 0, 0.17%, 6, 0, 8, 144.21
1735434281, 27, 15, 38, 0, 0, 0.17%, 6, 0, 8, 140.72
1735434286, 27, 19, 38, 0, 0, 0.17%, 6, 0, 8, 142.78
1735434291, 27, 23, 38, 0, 0, 0.17%, 6, 0, 8, 140.39
1735434307, 27, 35, 38, 0, 0, 0.17%, 6, 0, 8, 138.65
1735434332, 28, 12, 38, 0, 0, 0.17%, 6, 0, 8, 141.11
1735434338, 28, 15, 38, 0, 0, 0.17%, 6, 0, 8, 139.33
1735434343, 28, 19, 38, 0, 0, 0.17%, 6, 0, 8, 139.51
1735434348, 28, 19, 39, 1, 0, 0.17%, 7, 0, 8, 136.48
1735434353, 28, 33, 39, 1, 0, 0.17%, 7, 0, 8, 148.53
1735434368, 29, 12, 39, 1, 0, 0.17%, 7, 0, 8, 136.61
1735434374, 29, 15, 39, 1, 0, 0.17%, 7, 0, 8, 133.69
1735434379, 29, 19, 39, 1, 0, 0.17%, 7, 0, 8, 137.97
1735434384, 29, 37, 39, 1, 0, 0.17%, 7, 0, 8, 142.15
1735434409, 29, 38, 39, 1, 0, 0.17%, 7, 0, 8, 180.91
1735434543, 30, 11, 39, 0, 0, 0.17%, 7, 0, 8, 141.13
1735434548, 30, 12, 39, 0, 0, 0.17%, 7, 0, 8, 133.87
1735434553, 30, 15, 39, 0, 0, 0.17%, 7, 0, 8, 135.63
1735434558, 30, 19, 39, 0, 0, 0.17%, 7, 0, 8, 138.30
1735434563, 30, 33, 39, 0, 0, 0.17%, 7, 0, 8, 146.23
1735434578, 31, 11, 39, 0, 0, 0.17%, 7, 0, 8, 134.89
1735434584, 31, 12, 39, 0, 0, 0.17%, 7, 0, 8, 135.73
1735434589, 31, 15, 39, 0, 0, 0.17%, 7, 0, 8, 135.09
1735434594, 31, 19, 39, 0, 0, 0.17%, 7, 0, 8, 147.95
1735434599, 32, 12, 39, 0, 0, 0.17%, 7, 0, 8, 138.68
1735434604, 32, 14, 39, 0, 0, 0.17%, 7, 0, 8, 142.76
1735434615, 32, 15, 39, 0, 0, 0.17%, 7, 0, 8, 143.55
1735434620, 32, 19, 39, 0, 0, 0.17%, 7, 0, 8, 137.35
1735434625, 32, 24, 39, 0, 0, 0.17%, 7, 0, 8, 160.06
1735434635, 32, 34, 39, 0, 0, 0.17%, 7, 0, 8, 167.33
1735434655, 33, 11, 39, 0, 0, 0.17%, 7, 0, 8, 141.29
1735434660, 33, 12, 39, 0, 0, 0.17%, 7, 0, 8, 137.73
1735434666, 33, 15, 39, 0, 0, 0.17%, 7, 0, 8, 143.80
1735434671, 33, 17, 39, 0, 0, 0.17%, 7, 0, 8, 145.25
1735434681, 33, 19, 39, 0, 0, 0.17%, 7, 0, 8, 133.62
1735434686, 34, 12, 39, 0, 0, 0.17%, 7, 0, 8, 139.08
1735434691, 34, 15, 39, 0, 0, 0.17%, 7, 0, 8, 142.68
1735434696, 34, 19, 39, 0, 0, 0.17%, 7, 0, 8, 138.59
1735434701, 34, 38, 39, 0, 0, 0.17%, 7, 0, 8, 155.98
1735434721, 35, 11, 39, 0, 0, 0.17%, 7, 0, 8, 135.50
1735434727, 35, 14, 39, 0, 0, 0.17%, 7, 0, 8, 137.81
1735434737, 35, 15, 39, 0, 0, 0.17%, 7, 0, 8, 141.68
1735434742, 35, 17, 39, 0, 0, 0.17%, 7, 0, 8, 141.94
1735434752, 35, 18, 39, 0, 0, 0.17%, 7, 0, 8, 149.06
1735434763, 35, 19, 39, 0, 0, 0.17%, 7, 0, 8, 147.13
1735434768, 35, 26, 39, 0, 0, 0.17%, 7, 0, 8, 144.59
1735434778, 36, 12, 39, 0, 0, 0.17%, 7, 0, 8, 131.25
1735434783, 36, 15, 39, 0, 0, 0.17%, 7, 0, 8, 136.65
1735434788, 36, 19, 39, 0, 0, 0.17%, 7, 0, 8, 135.14
1735434794, 36, 28, 39, 0, 0, 0.17%, 7, 0, 8, 146.00
1735434804, 37, 12, 39, 0, 0, 0.17%, 7, 0, 8, 138.33
1735434809, 37, 15, 39, 0, 0, 0.17%, 7, 0, 8, 137.80
1735434814, 37, 19, 39, 0, 0, 0.17%, 7, 0, 8, 142.01
1735434820, 38, 11, 39, 0, 0, 0.17%, 7, 0, 8, 146.68
1735434825, 38, 12, 39, 0, 0, 0.17%, 7, 0, 8, 135.57
1735434830, 38, 15, 39, 0, 0, 0.17%, 7, 0, 8, 140.33
1735434835, 38, 19, 39, 0, 0, 0.17%, 7, 0, 8, 138.18
1735434840, 39, 12, 39, 0, 0, 0.17%, 7, 0, 8, 141.68
1735434845, 39, 15, 39, 0, 0, 0.17%, 7, 0, 8, 140.83
1735434850, 39, 19, 39, 0, 0, 0.17%, 7, 0, 8, 144.01
1735434856, 39, 22, 39, 0, 0, 0.17%, 7, 0, 8, 153.84
1735434866, 40, 11, 39, 0, 0, 0.17%, 7, 0, 8, 136.87
1735434871, 40, 12, 39, 0, 0, 0.17%, 7, 0, 8, 141.04
1735434876, 40, 13, 39, 0, 0, 0.17%, 7, 0, 8, 137.25
1735434887, 40, 15, 39, 0, 0, 0.17%, 7, 0, 8, 143.13
1735434892, 40, 16, 39, 0, 0, 0.17%, 7, 0, 8, 142.64
1735434902, 40, 19, 39, 0, 0, 0.17%, 7, 0, 8, 135.81
1735434907, 40, 34, 39, 0, 0, 0.17%, 7, 0, 8, 168.74
1735434928, 41, 11, 39, 0, 0, 0.17%, 7, 0, 8, 130.10
1735434933, 41, 12, 39, 0, 0, 0.17%, 7, 0, 8, 137.57
1735434938, 41, 15, 39, 0, 0, 0.17%, 7, 0, 8, 143.17
1735434943, 41, 19, 39, 0, 0, 0.17%, 7, 0, 8, 137.76
1735434948, 42, 11, 39, 0, 0, 0.17%, 7, 0, 8, 136.78
1735434953, 42, 12, 39, 0, 0, 0.17%, 7, 0, 8, 140.39
1735434959, 42, 15, 39, 0, 0, 0.17%, 7, 0, 8, 131.28
1735434964, 42, 19, 39, 0, 0, 0.17%, 7, 0, 8, 136.46
1735434969, 42, 23, 39, 0, 0, 0.17%, 7, 0, 8, 132.64
1735434979, 42, 25, 39, 0, 0, 0.17%, 7, 0, 8, 153.58
1735434984, 43, 12, 39, 0, 0, 0.17%, 7, 0, 8, 142.78
1735434989, 43, 15, 39, 0, 0, 0.17%, 7, 0, 8, 140.93
1735434995, 43, 19, 39, 0, 0, 0.17%, 7, 0, 8, 140.21
1735435000, 43, 23, 39, 0, 0, 0.17%, 7, 0, 8, 137.49
1735435005, 44, 11, 39, 0, 0, 0.17%, 7, 0, 8, 145.08
1735435010, 44, 12, 39, 0, 0, 0.17%, 7, 0, 8, 144.55
1735435015, 44, 15, 39, 0, 0, 0.17%, 7, 0, 8, 140.70
1735435020, 44, 19, 39, 0, 0, 0.17%, 7, 0, 8, 151.95
1735435026, 44, 22, 39, 0, 0, 0.17%, 7, 0, 8, 142.97
1735435031, 44, 36, 39, 0, 0, 0.17%, 7, 0, 8, 156.14
1735435051, 45, 12, 39, 0, 0, 0.17%, 7, 0, 8, 145.20
1735435056, 45, 15, 39, 0, 0, 0.17%, 7, 0, 8, 142.18
1735435061, 45, 19, 39, 0, 0, 0.17%, 7, 0, 8, 141.34
1735435072, 45, 33, 39, 0, 0, 0.17%, 7, 0, 8, 137.21
1735435077, 45, 36, 39, 0, 0, 0.17%, 7, 0, 8, 151.52
1735435087, 46, 11, 39, 0, 0, 0.17%, 7, 0, 8, 139.56
1735435092, 46, 12, 39, 0, 0, 0.17%, 7, 0, 8, 138.30
1735435097, 46, 15, 39, 0, 0, 0.17%, 7, 0, 8, 141.35
1735435102, 46, 19, 39, 0, 0, 0.17%, 7, 0, 8, 139.96
1735435107, 46, 26, 39, 0, 0, 0.17%, 7, 0, 8, 141.85
1735435113, 46, 31, 39, 0, 0, 0.17%, 7, 0, 8, 145.65
1735435128, 47, 11, 39, 0, 0, 0.17%, 7, 0, 8, 148.04
1735435133, 47, 12, 39, 0, 0, 0.17%, 7, 0, 8, 144.60
1735435138, 47, 15, 39, 0, 0, 0.17%, 7, 0, 8, 134.10
1735435143, 47, 19, 39, 0, 0, 0.17%, 7, 0, 8, 142.77
1735435148, 47, 38, 39, 0, 0, 0.17%, 7, 0, 8, 168.27
1735435169, 48, 12, 39, 0, 0, 0.17%, 7, 0, 8, 137.19
1735435174, 48, 15, 39, 0, 0, 0.17%, 7, 0, 8, 137.91
1735435179, 48, 19, 39, 0, 0, 0.17%, 7, 0, 8, 140.49
1735435185, 48, 29, 39, 0, 0, 0.17%, 7, 0, 8, 154.88
1735435200, 48, 31, 39, 0, 0, 0.17%, 7, 0, 8, 126.05
1735435210, 49, 12, 39, 0, 0, 0.17%, 7, 0, 8, 141.33
1735435215, 49, 15, 39, 0, 0, 0.17%, 7, 0, 8, 139.70
1735435221, 49, 19, 39, 0, 0, 0.17%, 7, 0, 8, 144.25
1735435226, 49, 23, 39, 0, 0, 0.17%, 7, 0, 8, 143.89
1735435231, 49, 35, 39, 0, 0, 0.17%, 7, 0, 8, 162.79
1735435251, 50, 8, 39, 0, 0, 0.17%, 7, 0, 8, 141.62
1735435256, 50, 12, 39, 0, 0, 0.17%, 7, 0, 8, 139.02
1735435262, 50, 15, 39, 0, 0, 0.17%, 7, 0, 8, 137.55
1735435267, 50, 19, 39, 0, 0, 0.17%, 7, 0, 8, 136.48
1735435272, 50, 21, 39, 0, 0, 0.17%, 7, 0, 8, 165.43
1735435277, 51, 2, 39, 0, 0, 0.17%, 7, 0, 8, 141.91
1735435282, 51, 12, 39, 0, 0, 0.17%, 7, 0, 8, 139.68
1735435287, 51, 15, 39, 0, 0, 0.17%, 7, 0, 8, 141.45
1735435292, 51, 19, 39, 0, 0, 0.17%, 7, 0, 8, 144.24
1735435303, 52, 12, 39, 0, 0, 0.17%, 7, 0, 8, 134.86
1735435308, 52, 15, 39, 0, 0, 0.17%, 7, 0, 8, 133.93
1735435313, 52, 19, 39, 0, 0, 0.17%, 7, 0, 8, 135.15
1735435318, 52, 27, 39, 0, 0, 0.17%, 7, 0, 8, 151.20
1735435333, 53, 12, 39, 0, 0, 0.17%, 7, 0, 8, 144.78
1735435338, 53, 15, 39, 0, 0, 0.17%, 7, 0, 8, 144.67
1735435343, 53, 19, 39, 0, 0, 0.17%, 7, 0, 8, 146.15
1735435349, 53, 20, 39, 0, 0, 0.17%, 7, 0, 8, 134.20
1735435359, 53, 25, 39, 0, 0, 0.17%, 7, 0, 8, 161.08
1735435364, 54, 12, 39, 0, 0, 0.17%, 7, 0, 8, 144.58
1735435369, 54, 15, 39, 0, 0, 0.17%, 7, 0, 8, 138.72
1735435374, 54, 19, 39, 0, 0, 0.17%, 7, 0, 8, 144.44
1735435379, 54, 20, 39, 0, 0, 0.17%, 7, 0, 8, 142.49
1735435390, 55, 11, 39, 0, 0, 0.17%, 7, 0, 8, 145.93
1735435395, 55, 12, 39, 0, 0, 0.17%, 7, 0, 8, 133.83
1735435400, 55, 15, 39, 0, 0, 0.17%, 7, 0, 8, 134.32
1735435405, 55, 19, 39, 0, 0, 0.17%, 7, 0, 8, 145.63
1735435410, 55, 23, 39, 0, 0, 0.17%, 7, 0, 8, 134.09
1735435415, 56, 12, 39, 0, 0, 0.17%, 7, 0, 8, 134.66
1735435421, 56, 15, 39, 0, 0, 0.17%, 7, 0, 8, 135.12
1735435426, 56, 19, 39, 0, 0, 0.17%, 7, 0, 8, 139.22
1735435431, 56, 23, 39, 0, 0, 0.17%, 7, 0, 8, 137.40
1735435436, 57, 8, 39, 0, 0, 0.17%, 7, 0, 8, 138.31
1735435441, 57, 12, 39, 0, 0, 0.17%, 7, 0, 8, 134.84
1735435446, 57, 15, 39, 0, 0, 0.17%, 7, 0, 8, 138.01
1735435452, 57, 19, 39, 0, 0, 0.17%, 7, 0, 8, 137.31
1735435457, 58, 11, 39, 0, 0, 0.17%, 7, 0, 8, 135.22
1735435462, 58, 12, 39, 0, 0, 0.17%, 7, 0, 8, 135.30
1735435467, 58, 15, 39, 0, 0, 0.17%, 7, 0, 8, 135.69
1735435472, 58, 19, 39, 0, 0, 0.17%, 7, 0, 8, 134.44
1735435477, 58, 21, 39, 0, 0, 0.17%, 7, 0, 8, 155.02
1735435482, 58, 34, 39, 0, 0, 0.17%, 7, 0, 8, 162.34
1735435493, 59, 6, 39, 0, 0, 0.17%, 7, 0, 8, 141.91
1735435498, 59, 12, 39, 0, 0, 0.17%, 7, 0, 8, 137.44
1735435503, 59, 15, 39, 0, 0, 0.17%, 7, 0, 8, 136.65
1735435508, 59, 19, 39, 0, 0, 0.17%, 7, 0, 8, 145.78
1735435513, 59, 25, 39, 0, 0, 0.17%, 7, 0, 8, 155.24
1735435518, 60, 12, 39, 0, 0, 0.17%, 7, 0, 8, 143.62
1735435523, 60, 15, 39, 0, 0, 0.17%, 7, 0, 8, 136.90
1735435529, 60, 19, 39, 0, 0, 0.17%, 7, 0, 8, 145.30
1735435534, 61, 11, 39, 0, 0, 0.17%, 7, 0, 8, 139.15
1735435539, 61, 12, 39, 0, 0, 0.17%, 7, 0, 8, 141.21
1735435544, 61, 15, 39, 0, 0, 0.17%, 7, 0, 8, 138.64
1735435549, 61, 19, 39, 0, 0, 0.17%, 7, 0, 8, 140.10
1735435554, 62, 12, 39, 0, 0, 0.17%, 7, 0, 8, 144.04
1735435560, 62, 15, 39, 0, 0, 0.17%, 7, 0, 8, 142.03
1735435565, 62, 19, 39, 0, 0, 0.17%, 7, 0, 8, 140.89
1735435570, 62, 25, 39, 0, 0, 0.17%, 7, 0, 8, 165.22
1735435575, 62, 26, 39, 0, 0, 0.17%, 7, 0, 8, 149.54
1735435585, 62, 36, 39, 0, 0, 0.17%, 7, 0, 8, 146.05
1735435596, 63, 11, 39, 0, 0, 0.17%, 7, 0, 8, 144.94
1735435601, 63, 15, 39, 0, 0, 0.17%, 7, 0, 8, 132.18
1735435611, 63, 19, 39, 0, 0, 0.17%, 7, 0, 8, 130.44
1735435616, 63, 29, 39, 0, 0, 0.17%, 7, 0, 8, 151.00
1735435631, 64, 12, 39, 0, 0, 0.17%, 7, 0, 8, 134.08
1735435636, 64, 15, 39, 0, 0, 0.17%, 7, 0, 8, 137.54
1735435641, 64, 19, 39, 0, 0, 0.17%, 7, 0, 8, 132.81
1735435646, 65, 10, 39, 0, 0, 0.17%, 7, 0, 8, 142.03
1735435651, 65, 11, 39, 0, 0, 0.17%, 7, 0, 8, 137.43
1735435656, 65, 12, 39, 0, 0, 0.17%, 7, 0, 8, 132.50
1735435662, 65, 15, 39, 0, 0, 0.17%, 7, 0, 8, 136.42
1735435667, 65, 17, 39, 0, 0, 0.17%, 7, 0, 8, 137.93
1735435672, 65, 19, 39, 0, 0, 0.17%, 7, 0, 8, 135.23
1735435677, 65, 34, 39, 0, 0, 0.17%, 7, 0, 8, 161.70
1735435688, 65, 36, 39, 0, 0, 0.17%, 7, 0, 8, 156.52
1735435698, 65, 38, 39, 0, 0, 0.17%, 7, 0, 8, 155.16
1735435718, 66, 12, 39, 0, 0, 0.17%, 7, 0, 8, 142.54
1735435723, 66, 14, 39, 0, 0, 0.17%, 7, 0, 8, 139.46
1735435728, 66, 15, 39, 0, 0, 0.17%, 7, 0, 8, 138.97
1735435734, 66, 19, 39, 0, 0, 0.17%, 7, 0, 8, 140.78
1735435739, 66, 28, 39, 0, 0, 0.17%, 7, 0, 8, 151.36
1735435749, 66, 36, 39, 0, 0, 0.17%, 7, 0, 8, 152.73
1735435759, 67, 11, 39, 0, 0, 0.17%, 7, 0, 8, 141.05
1735435764, 67, 15, 39, 0, 0, 0.17%, 7, 0, 8, 143.00
1735435770, 67, 19, 39, 0, 0, 0.17%, 7, 0, 8, 149.73
1735435775, 67, 24, 39, 0, 0, 0.17%, 7, 0, 8, 143.56
1735435780, 68, 8, 39, 0, 0, 0.17%, 7, 0, 8, 137.11
1735435785, 68, 12, 39, 0, 0, 0.17%, 7, 0, 8, 137.60
1735435790, 68, 13, 39, 0, 0, 0.17%, 7, 0, 8, 143.57
1735435795, 68, 15, 39, 0, 0, 0.17%, 7, 0, 8, 140.42
1735435800, 68, 19, 39, 0, 0, 0.17%, 7, 0, 8, 142.99
1735435806, 68, 26, 39, 0, 0, 0.17%, 7, 0, 8, 145.57
1735435816, 69, 12, 39, 0, 0, 0.17%, 7, 0, 8, 140.35
1735435821, 69, 15, 39, 0, 0, 0.17%, 7, 0, 8, 144.57
1735435826, 69, 19, 39, 0, 0, 0.17%, 7, 0, 8, 142.86
1735435831, 70, 11, 39, 0, 0, 0.17%, 7, 0, 8, 140.85
1735435837, 70, 12, 39, 0, 0, 0.17%, 7, 0, 8, 141.13
1735435842, 70, 15, 39, 0, 0, 0.17%, 7, 0, 8, 148.09
1735435847, 70, 17, 39, 0, 0, 0.17%, 7, 0, 8, 146.35
1735435852, 70, 19, 39, 0, 0, 0.17%, 7, 0, 8, 147.04
1735435857, 71, 12, 39, 0, 0, 0.17%, 7, 0, 8, 137.68
1735435862, 71, 15, 39, 0, 0, 0.17%, 7, 0, 8, 137.80
1735435867, 71, 19, 39, 0, 0, 0.17%, 7, 0, 8, 136.07
1735435872, 71, 38, 39, 0, 0, 0.17%, 7, 0, 8, 157.46
1735435893, 72, 12, 39, 0, 0, 0.17%, 7, 0, 8, 145.05
1735435903, 72, 15, 39, 0, 0, 0.17%, 7, 0, 8, 133.58
1735435908, 72, 19, 39, 0, 0, 0.17%, 7, 0, 8, 136.81
1735435913, 72, 23, 39, 0, 0, 0.17%, 7, 0, 8, 141.76
1735435918, 73, 12, 39, 0, 0, 0.17%, 7, 0, 8, 142.06
1735435923, 73, 15, 39, 0, 0, 0.17%, 7, 0, 8, 144.15
1735435928, 73, 19, 39, 0, 0, 0.17%, 7, 0, 8, 134.84
1735435934, 74, 11, 39, 0, 0, 0.17%, 7, 0, 8, 143.53
1735435939, 74, 12, 39, 0, 0, 0.17%, 7, 0, 8, 140.97
1735435944, 74, 15, 39, 0, 0, 0.17%, 7, 0, 8, 140.34
1735435949, 74, 19, 39, 0, 0, 0.17%, 7, 0, 8, 147.11
1735435954, 74, 36, 39, 0, 0, 0.17%, 7, 0, 8, 161.30
1735435964, 75, 11, 39, 0, 0, 0.17%, 7, 0, 8, 140.64
1735435970, 75, 12, 39, 0, 0, 0.17%, 7, 0, 8, 137.82
1735435975, 75, 15, 39, 0, 0, 0.17%, 7, 0, 8, 132.82
1735435980, 75, 19, 39, 0, 0, 0.17%, 7, 0, 8, 138.93
1735435985, 76, 10, 39, 0, 0, 0.17%, 7, 0, 8, 142.11
1735435990, 76, 12, 39, 0, 0, 0.17%, 7, 0, 8, 143.63
1735435995, 76, 15, 39, 0, 0, 0.17%, 7, 0, 8, 152.32
1735436001, 76, 19, 39, 0, 0, 0.17%, 7, 0, 8, 143.57
1735436006, 76, 24, 39, 0, 0, 0.17%, 7, 0, 8, 163.18
1735436011, 77, 11, 39, 0, 0, 0.17%, 7, 0, 8, 141.57
1735436016, 77, 12, 39, 0, 0, 0.17%, 7, 0, 8, 137.45
1735436021, 77, 15, 39, 0, 0, 0.17%, 7, 0, 8, 143.02
1735436026, 77, 19, 39, 0, 0, 0.17%, 7, 0, 8, 151.70
1735436031, 77, 28, 39, 0, 0, 0.17%, 7, 0, 8, 144.34
1735436036, 77, 31, 39, 0, 0, 0.17%, 7, 0, 8, 136.34
1735436047, 77, 38, 39, 0, 0, 0.17%, 7, 0, 8, 171.88
1735436062, 78, 3, 39, 0, 0, 0.17%, 7, 0, 8, 143.17
1735436067, 78, 11, 39, 0, 0, 0.17%, 7, 0, 8, 144.93
1735436072, 78, 12, 39, 0, 0, 0.17%, 7, 0, 8, 137.48
1735436077, 78, 15, 39, 0, 0, 0.17%, 7, 0, 8, 142.00
1735436082, 78, 19, 39, 0, 0, 0.17%, 7, 0, 8, 139.07
1735436087, 79, 12, 39, 0, 0, 0.17%, 7, 0, 8, 136.93
1735436093, 79, 15, 39, 0, 0, 0.17%, 7, 0, 8, 141.25
1735436098, 79, 19, 39, 0, 0, 0.17%, 7, 0, 8, 134.67
1735436103, 79, 28, 39, 0, 0, 0.17%, 7, 0, 8, 153.60
1735436113, 79, 29, 39, 0, 0, 0.17%, 7, 0, 8, 150.36
1735436118, 80, 6, 39, 0, 0, 0.17%, 7, 0, 8, 141.46
1735436123, 80, 12, 39, 0, 0, 0.17%, 7, 0, 8, 144.08
1735436129, 80, 15, 39, 0, 0, 0.17%, 7, 0, 8, 139.82
1735436134, 80, 19, 39, 0, 0, 0.17%, 7, 0, 8, 138.47
1735436139, 80, 37, 39, 0, 0, 0.17%, 7, 0, 8, 147.04
1735436159, 81, 11, 39, 0, 0, 0.17%, 7, 0, 8, 136.55
1735436164, 81, 12, 39, 0, 0, 0.17%, 7, 0, 8, 143.12
1735436169, 81, 15, 39, 0, 0, 0.17%, 7, 0, 8, 146.51
1735436175, 81, 16, 39, 0, 0, 0.17%, 7, 0, 8, 140.38
1735436185, 81, 19, 39, 0, 0, 0.17%, 7, 0, 8, 137.60
1735436190, 81, 21, 39, 0, 0, 0.17%, 7, 0, 8, 151.38
1735436195, 82, 12, 39, 0, 0, 0.17%, 7, 0, 8, 137.41
1735436200, 82, 15, 39, 0, 0, 0.17%, 7, 0, 8, 138.24
1735436205, 82, 19, 39, 0, 0, 0.17%, 7, 0, 8, 142.23
1735436210, 82, 24, 39, 0, 0, 0.17%, 7, 0, 8, 153.38
1735436215, 83, 11, 39, 0, 0, 0.17%, 7, 0, 8, 144.64
1735436220, 83, 12, 39, 0, 0, 0.17%, 7, 0, 8, 133.39
1735436226, 83, 15, 39, 0, 0, 0.17%, 7, 0, 8, 136.82
1735436231, 83, 19, 39, 0, 0, 0.17%, 7, 0, 8, 134.59
1735436236, 83, 31, 39, 0, 0, 0.17%, 7, 0, 8, 144.94
1735436241, 84, 11, 39, 0, 0, 0.17%, 7, 0, 8, 139.72
1735436246, 84, 12, 39, 0, 0, 0.17%, 7, 0, 8, 142.98
1735436251, 84, 15, 39, 0, 0, 0.17%, 7, 0, 8, 136.75
1735436257, 84, 19, 39, 0, 0, 0.17%, 7, 0, 8, 149.46
1735436262, 85, 11, 39, 0, 0, 0.17%, 7, 0, 8, 137.85
1735436267, 85, 12, 39, 0, 0, 0.17%, 7, 0, 8, 141.55
1735436272, 85, 15, 39, 0, 0, 0.17%, 7, 0, 8, 140.00
1735436277, 85, 19, 39, 0, 0, 0.17%, 7, 0, 8, 145.97
1735436282, 86, 12, 39, 0, 0, 0.17%, 7, 0, 8, 139.16
1735436288, 86, 15, 39, 0, 0, 0.17%, 7, 0, 8, 136.05
1735436293, 86, 19, 39, 0, 0, 0.17%, 7, 0, 8, 143.97
1735436298, 87, 11, 39, 0, 0, 0.17%, 7, 0, 8, 142.67
1735436303, 87, 12, 39, 0, 0, 0.17%, 7, 0, 8, 139.81
1735436308, 87, 15, 39, 0, 0, 0.17%, 7, 0, 8, 140.18
1735436313, 87, 19, 39, 0, 0, 0.17%, 7, 0, 8, 144.22
1735436318, 87, 30, 39, 0, 0, 0.17%, 7, 0, 8, 158.76
1735436329, 88, 0, 39, 0, 0, 0.17%, 7, 0, 8, 126.44
1735436334, 88, 12, 39, 0, 0, 0.17%, 7, 0, 8, 133.68
1735436339, 88, 15, 39, 0, 0, 0.17%, 7, 0, 8, 135.07
1735436344, 88, 16, 39, 0, 0, 0.17%, 7, 0, 8, 136.96
1735436349, 88, 19, 39, 0, 0, 0.17%, 7, 0, 8, 141.29
1735436354, 88, 25, 39, 0, 0, 0.17%, 7, 0, 8, 165.25
1735436359, 89, 11, 39, 0, 0, 0.17%, 7, 0, 8, 148.36
1735436365, 89, 12, 39, 0, 0, 0.17%, 7, 0, 8, 137.99
1735436370, 89, 15, 39, 0, 0, 0.17%, 7, 0, 8, 150.90
1735436375, 89, 19, 39, 0, 0, 0.17%, 7, 0, 8, 146.52
1735436380, 89, 26, 39, 0, 0, 0.17%, 7, 0, 8, 133.35
1735436385, 90, 11, 39, 0, 0, 0.17%, 7, 0, 8, 137.60
1735436390, 90, 12, 39, 0, 0, 0.17%, 7, 0, 8, 135.86
1735436395, 90, 15, 39, 0, 0, 0.17%, 7, 0, 8, 134.95
1735436401, 90, 19, 39, 0, 0, 0.17%, 7, 0, 8, 136.85
1735436406, 91, 11, 39, 0, 0, 0.17%, 7, 0, 8, 134.64
1735436411, 91, 12, 39, 0, 0, 0.17%, 7, 0, 8, 134.83
1735436416, 91, 13, 39, 0, 0, 0.17%, 7, 0, 8, 143.32
1735436421, 91, 15, 39, 0, 0, 0.17%, 7, 0, 8, 138.76
1735436426, 91, 19, 39, 0, 0, 0.17%, 7, 0, 8, 135.07
1735436431, 91, 27, 39, 0, 0, 0.17%, 7, 0, 8, 151.36
1735436447, 92, 12, 39, 0, 0, 0.17%, 7, 0, 8, 133.84
1735436452, 92, 15, 39, 0, 0, 0.17%, 7, 0, 8, 139.87
1735436457, 92, 19, 39, 0, 0, 0.17%, 7, 0, 8, 145.33
1735436462, 92, 27, 39, 0, 0, 0.17%, 7, 0, 8, 151.45
1735436467, 93, 4, 39, 0, 0, 0.17%, 7, 0, 8, 140.84
1735436472, 93, 11, 39, 0, 0, 0.17%, 7, 0, 8, 135.43
1735436477, 93, 12, 39, 0, 0, 0.17%, 7, 0, 8, 142.46
1735436482, 93, 15, 39, 0, 0, 0.17%, 7, 0, 8, 144.09
1735436488, 93, 19, 39, 0, 0, 0.17%, 7, 0, 8, 141.94
1735436493, 93, 33, 40, 1, 0, 0.19%, 8, 0, 9, 149.34
1735436503, 93, 39, 42, 3, 1, 0.19%, 8, 0, 10, 138.57
1735436524, 93, 39, 43, 4, 1, 0.21%, 9, 0, 10, 129.65
1735436606, 93, 39, 46, 7, 1, 0.21%, 9, 0, 10, 145.56
1735436616, 93, 39, 47, 8, 1, 0.21%, 9, 0, 10, 145.79
1735436621, 93, 42, 49, 9, 1, 0.21%, 10, 0, 11, 172.24
1735436687, 93, 48, 49, 8, 1, 0.21%, 10, 0, 11, 188.54
1735436702, 93, 48, 50, 9, 1, 0.21%, 10, 0, 12, 140.43
1735436713, 93, 48, 51, 10, 1, 0.26%, 11, 0, 12, 138.50
1735436718, 93, 48, 52, 11, 1, 0.26%, 11, 0, 12, 140.38
1735436744, 93, 48, 53, 12, 1, 0.26%, 11, 0, 12, 140.54
1735436800, 93, 50, 55, 13, 1, 0.26%, 13, 0, 13, 135.63
1735436805, 93, 50, 58, 16, 1, 0.27%, 14, 0, 13, 160.83
1735436898, 93, 54, 58, 15, 2, 0.27%, 14, 0, 13, 157.60
1735436903, 93, 54, 59, 16, 2, 0.27%, 14, 0, 14, 164.81
1735436995, 93, 55, 59, 15, 2, 0.27%, 14, 0, 14, 151.52
1735437093, 93, 58, 59, 14, 1, 0.27%, 14, 0, 14, 170.52
1735437098, 93, 58, 63, 18, 1, 0.30%, 16, 0, 15, 194.20
1735437144, 93, 58, 64, 19, 1, 0.30%, 16, 0, 15, 145.44
1735437169, 93, 58, 66, 21, 1, 0.31%, 17, 0, 15, 144.88
1735437246, 93, 59, 66, 20, 4, 0.31%, 17, 0, 15, 139.63
1735437251, 93, 59, 67, 21, 4, 0.31%, 17, 0, 16, 160.23
1735437277, 93, 59, 68, 22, 4, 0.31%, 18, 0, 16, 141.67
1735437318, 93, 59, 69, 23, 4, 0.31%, 18, 0, 16, 138.51
1735437339, 93, 59, 70, 24, 4, 0.34%, 19, 0, 16, 145.35
1735437344, 93, 59, 71, 25, 4, 0.34%, 19, 0, 16, 139.49
1735437401, 93, 60, 71, 24, 6, 0.34%, 19, 0, 16, 152.22
1735437406, 93, 60, 72, 25, 6, 0.34%, 19, 0, 16, 181.96
1735437431, 93, 60, 73, 26, 6, 0.34%, 19, 0, 16, 137.37
1735437462, 93, 60, 74, 27, 6, 0.34%, 19, 0, 16, 139.09
1735437472, 93, 60, 75, 28, 6, 0.34%, 19, 0, 16, 140.99
1735437560, 93, 62, 75, 27, 5, 0.34%, 19, 0, 16, 157.62
1735437565, 93, 62, 76, 28, 5, 0.34%, 20, 0, 16, 188.65
1735437616, 93, 62, 77, 29, 5, 0.34%, 20, 0, 16, 141.58
1735437637, 93, 62, 78, 30, 5, 0.34%, 20, 0, 16, 145.44
1735437662, 93, 62, 79, 31, 5, 0.34%, 20, 0, 16, 136.44
1735437688, 93, 62, 80, 32, 5, 0.34%, 20, 0, 16, 140.13
1735437718, 93, 65, 80, 31, 5, 0.34%, 20, 0, 16, 166.62
1735437764, 93, 65, 81, 32, 5, 0.34%, 20, 0, 16, 144.74
1735437872, 93, 66, 82, 32, 4, 0.34%, 20, 0, 17, 168.27
1735437898, 93, 66, 83, 33, 4, 0.34%, 20, 0, 17, 143.10
1735437908, 93, 66, 84, 34, 4, 0.34%, 20, 0, 17, 141.10
1735437944, 93, 66, 85, 35, 4, 0.34%, 20, 0, 17, 139.49
1735438026, 93, 67, 85, 34, 3, 0.34%, 20, 0, 17, 147.94
1735438047, 93, 67, 86, 35, 3, 0.34%, 20, 0, 17, 151.06
1735438067, 93, 67, 87, 36, 3, 0.34%, 20, 0, 17, 136.72
1735438072, 93, 67, 88, 37, 3, 0.34%, 20, 0, 17, 137.22
1735438113, 93, 67, 89, 38, 3, 0.34%, 20, 0, 17, 143.23
1735438165, 93, 67, 90, 39, 3, 0.34%, 20, 0, 17, 143.39
1735438185, 93, 69, 90, 38, 3, 0.34%, 20, 0, 17, 160.48
1735438286, 93, 75, 90, 37, 2, 0.34%, 20, 0, 17, 137.54
1735438291, 93, 75, 91, 38, 2, 0.34%, 20, 0, 17, 182.89
1735438384, 93, 75, 92, 39, 2, 0.34%, 20, 0, 17, 159.58
1735438389, 93, 85, 92, 38, 1, 0.34%, 20, 0, 17, 150.39
1735438419, 93, 85, 93, 39, 1, 0.34%, 20, 0, 18, 138.15
1735438553, 93, 89, 94, 39, 0, 0.35%, 21, 0, 18, 125.72
1735438660, 93, 93, 94, 38, 1, 0.35%, 21, 0, 18, 120.82
1735438696, 93, 93, 95, 39, 1, 0.35%, 21, 0, 19, 149.41
1735438757, 93, 93, 96, 40, 1, 0.35%, 21, 0, 19, 147.25
1735438819, 93, 95, 96, 39, 0, 0.35%, 21, 0, 19, 126.37
1735438824, 93, 95, 97, 40, 0, 0.35%, 21, 0, 20, 106.10
1735438829, 93, 95, 102, 45, 0, 0.37%, 26, 0, 20, 104.26
1735438860, 93, 95, 104, 47, 0, 0.37%, 26, 0, 20, 156.52
1735438895, 93, 95, 105, 48, 0, 0.37%, 26, 0, 20, 148.74
1735438993, 93, 97, 105, 47, 5, 0.37%, 26, 0, 20, 120.37
1735439003, 93, 97, 106, 48, 5, 0.37%, 26, 0, 21, 98.12
1735439063, 93, 97, 107, 49, 5, 0.37%, 26, 0, 21, 150.97
1735439166, 93, 98, 107, 48, 4, 0.37%, 26, 0, 21, 117.41
1735439176, 93, 98, 108, 49, 4, 0.37%, 26, 0, 21, 84.83
1735439227, 93, 98, 109, 50, 4, 0.37%, 26, 0, 21, 150.29
1735439334, 93, 99, 109, 49, 4, 0.37%, 26, 0, 21, 117.96
1735439344, 93, 99, 110, 50, 4, 0.37%, 26, 0, 21, 91.48
1735439380, 93, 99, 111, 51, 4, 0.37%, 26, 0, 21, 151.92
