# unix_time, cycles_done, cur_path, paths_total, pending_total, pending_favs, map_size, unique_crashes, unique_hangs, max_depth, execs_per_sec
1735137287, 0, 0, 10, 10, 1, 0.01%, 0, 0, 1, 80.97
1735137292, 0, 4, 10, 10, 1, 0.01%, 0, 0, 1, 102.21
1735137297, 0, 5, 10, 9, 0, 0.01%, 0, 0, 1, 102.86
1735137307, 0, 6, 10, 8, 0, 0.01%, 0, 0, 1, 103.34
1735137317, 0, 7, 10, 7, 0, 0.01%, 0, 0, 1, 99.67
1735137327, 0, 8, 10, 6, 0, 0.01%, 0, 0, 1, 98.04
1735137338, 0, 9, 10, 5, 0, 0.01%, 0, 0, 1, 96.57
1735137348, 1, 0, 10, 4, 0, 0.01%, 0, 0, 1, 96.15
1735137363, 1, 1, 10, 3, 0, 0.01%, 0, 0, 1, 90.18
1735137373, 1, 2, 10, 2, 0, 0.01%, 0, 0, 1, 93.87
1735137389, 1, 3, 10, 1, 0, 0.01%, 0, 0, 1, 106.71
1735137399, 1, 4, 10, 0, 0, 0.01%, 0, 0, 1, 101.87
1735137404, 1, 6, 10, 0, 0, 0.01%, 0, 0, 1, 100.62
1735137409, 1, 7, 10, 0, 0, 0.01%, 0, 0, 1, 100.40
1735137414, 1, 8, 10, 0, 0, 0.01%, 0, 0, 1, 101.06
1735137419, 2, 0, 10, 0, 0, 0.01%, 0, 0, 1, 103.93
1735137424, 2, 1, 10, 0, 0, 0.01%, 0, 0, 1, 100.83
1735137429, 2, 3, 10, 0, 0, 0.01%, 0, 0, 1, 104.16
1735137434, 2, 4, 10, 0, 0, 0.01%, 0, 0, 1, 102.70
1735137439, 2, 6, 10, 0, 0, 0.01%, 0, 0, 1, 101.58
1735137444, 2, 7, 10, 0, 0, 0.01%, 0, 0, 1, 98.76
1735137450, 2, 8, 10, 0, 0, 0.01%, 0, 0, 1, 102.31
1735137455, 3, 0, 10, 0, 0, 0.01%, 0, 0, 1, 101.62
1735137460, 3, 1, 10, 0, 0, 0.01%, 0, 0, 1, 103.00
1735137465, 3, 3, 10, 0, 0, 0.01%, 0, 0, 1, 102.64
1735137470, 3, 4, 10, 0, 0, 0.01%, 0, 0, 1, 105.13
1735137475, 3, 5, 10, 0, 0, 0.01%, 0, 0, 1, 101.19
1735137480, 3, 7, 10, 0, 0, 0.01%, 0, 0, 1, 100.89
1735137485, 3, 8, 10, 0, 0, 0.01%, 0, 0, 1, 103.41
1735137490, 4, 0, 10, 0, 0, 0.01%, 0, 0, 1, 103.42
1735137495, 4, 1, 10, 0, 0, 0.01%, 0, 0, 1, 99.71
1735137501, 4, 2, 10, 0, 0, 0.01%, 0, 0, 1, 101.71
1735137506, 4, 4, 10, 0, 0, 0.01%, 0, 0, 1, 100.53
1735137511, 4, 5, 10, 0, 0, 0.01%, 0, 0, 1, 99.85
1735137516, 4, 7, 10, 0, 0, 0.01%, 0, 0, 1, 102.35
1735137521, 4, 8, 10, 0, 0, 0.01%, 0, 0, 1, 103.23
1735137526, 5, 0, 10, 0, 0, 0.01%, 0, 0, 1, 103.92
1735137531, 5, 1, 10, 0, 0, 0.01%, 0, 0, 1, 100.55
1735137536, 5, 2, 10, 0, 0, 0.01%, 0, 0, 1, 101.79
1735137541, 5, 4, 10, 0, 0, 0.01%, 0, 0, 1, 102.35
1735137546, 5, 5, 10, 0, 0, 0.01%, 0, 0, 1, 102.05
1735137551, 5, 7, 10, 0, 0, 0.01%, 0, 0, 1, 103.54
1735137557, 5, 8, 10, 0, 0, 0.01%, 0, 0, 1, 101.19
1735137562, 5, 9, 10, 0, 0, 0.01%, 0, 0, 1, 99.10
1735137567, 6, 1, 10, 0, 0, 0.01%, 0, 0, 1, 102.53
1735137572, 6, 2, 10, 0, 0, 0.01%, 0, 0, 1, 101.01
1735137577, 6, 4, 10, 0, 0, 0.01%, 0, 0, 1, 102.85
1735137582, 6, 5, 10, 0, 0, 0.01%, 0, 0, 1, 103.31
1735137587, 6, 6, 10, 0, 0, 0.01%, 0, 0, 1, 101.79
1735137592, 6, 8, 10, 0, 0, 0.01%, 0, 0, 1, 103.13
1735137597, 6, 9, 10, 0, 0, 0.01%, 0, 0, 1, 100.08
1735137602, 7, 1, 10, 0, 0, 0.01%, 0, 0, 1, 102.19
1735137607, 7, 2, 10, 0, 0, 0.01%, 0, 0, 1, 99.75
1735137612, 7, 3, 10, 0, 0, 0.01%, 0, 0, 1, 101.03
1735137617, 7, 5, 10, 0, 0, 0.01%, 0, 0, 1, 100.46
1735137622, 7, 6, 10, 0, 0, 0.01%, 0, 0, 1, 99.94
1735137628, 7, 8, 10, 0, 0, 0.01%, 0, 0, 1, 102.54
1735137633, 7, 9, 10, 0, 0, 0.01%, 0, 0, 1, 102.26
1735137638, 8, 0, 10, 0, 0, 0.01%, 0, 0, 1, 99.15
1735137643, 8, 2, 10, 0, 0, 0.01%, 0, 0, 1, 103.40
1735137648, 8, 3, 10, 0, 0, 0.01%, 0, 0, 1, 100.95
1735137653, 8, 5, 10, 0, 0, 0.01%, 0, 0, 1, 102.41
1735137658, 8, 6, 10, 0, 0, 0.01%, 0, 0, 1, 101.81
1735137663, 8, 7, 10, 0, 0, 0.01%, 0, 0, 1, 100.59
1735137668, 8, 9, 10, 0, 0, 0.01%, 0, 0, 1, 101.31
1735137673, 9, 0, 10, 0, 0, 0.01%, 0, 0, 1, 102.36
1735137678, 9, 2, 10, 0, 0, 0.01%, 0, 0, 1, 100.80
1735137683, 9, 3, 10, 0, 0, 0.01%, 0, 0, 1, 100.08
1735137688, 9, 5, 10, 0, 0, 0.01%, 0, 0, 1, 101.20
1735137693, 9, 6, 10, 0, 0, 0.01%, 0, 0, 1, 103.58
1735137699, 9, 7, 10, 0, 0, 0.01%, 0, 0, 1, 99.33
1735137704, 9, 9, 10, 0, 0, 0.01%, 0, 0, 1, 103.76
1735137709, 10, 0, 10, 0, 0, 0.01%, 0, 0, 1, 103.21
1735137714, 10, 2, 10, 0, 0, 0.01%, 0, 0, 1, 102.95
1735137719, 10, 3, 10, 0, 0, 0.01%, 0, 0, 1, 101.50
1735137724, 10, 4, 10, 0, 0, 0.01%, 0, 0, 1, 101.58
1735137729, 10, 6, 10, 0, 0, 0.01%, 0, 0, 1, 100.58
1735137734, 10, 7, 10, 0, 0, 0.01%, 0, 0, 1, 100.90
1735137739, 10, 9, 10, 0, 0, 0.01%, 0, 0, 1, 99.03
1735137745, 11, 0, 10, 0, 0, 0.01%, 0, 0, 1, 101.77
1735137750, 11, 1, 10, 0, 0, 0.01%, 0, 0, 1, 101.53
1735137755, 11, 3, 10, 0, 0, 0.01%, 0, 0, 1, 103.35
1735137760, 11, 4, 10, 0, 0, 0.01%, 0, 0, 1, 101.95
1735137765, 11, 6, 10, 0, 0, 0.01%, 0, 0, 1, 101.33
1735137770, 11, 7, 10, 0, 0, 0.01%, 0, 0, 1, 102.99
1735137775, 11, 9, 10, 0, 0, 0.01%, 0, 0, 1, 101.60
1735137780, 12, 0, 10, 0, 0, 0.01%, 0, 0, 1, 100.56
1735137785, 12, 1, 10, 0, 0, 0.01%, 0, 0, 1, 102.19
1735137790, 12, 3, 10, 0, 0, 0.01%, 0, 0, 1, 103.39
1735137795, 12, 4, 10, 0, 0, 0.01%, 0, 0, 1, 102.28
1735137801, 12, 6, 10, 0, 0, 0.01%, 0, 0, 1, 101.56
1735137806, 12, 7, 10, 0, 0, 0.01%, 0, 0, 1, 102.37
1735137811, 12, 8, 10, 0, 0, 0.01%, 0, 0, 1, 102.52
1735137816, 13, 0, 10, 0, 0, 0.01%, 0, 0, 1, 102.36
1735137821, 13, 1, 10, 0, 0, 0.01%, 0, 0, 1, 101.31
1735137826, 13, 3, 10, 0, 0, 0.01%, 0, 0, 1, 102.91
1735137831, 13, 4, 10, 0, 0, 0.01%, 0, 0, 1, 102.63
1735137836, 13, 5, 10, 0, 0, 0.01%, 0, 0, 1, 101.73
1735137841, 13, 7, 10, 0, 0, 0.01%, 0, 0, 1, 101.80
1735137846, 13, 8, 10, 0, 0, 0.01%, 0, 0, 1, 99.91
1735137852, 14, 0, 10, 0, 0, 0.01%, 0, 0, 1, 101.30
1735137857, 14, 1, 10, 0, 0, 0.01%, 0, 0, 1, 101.02
1735137862, 14, 2, 10, 0, 0, 0.01%, 0, 0, 1, 102.07
1735137867, 14, 4, 10, 0, 0, 0.01%, 0, 0, 1, 101.66
1735137872, 14, 5, 10, 0, 0, 0.01%, 0, 0, 1, 103.45
1735137877, 14, 7, 10, 0, 0, 0.01%, 0, 0, 1, 102.64
1735137882, 14, 8, 10, 0, 0, 0.01%, 0, 0, 1, 102.58
1735137887, 14, 9, 10, 0, 0, 0.01%, 0, 0, 1, 102.09
1735137892, 15, 1, 10, 0, 0, 0.01%, 0, 0, 1, 107.58
1735137897, 15, 2, 10, 0, 0, 0.01%, 0, 0, 1, 105.43
1735137902, 15, 4, 10, 0, 0, 0.01%, 0, 0, 1, 104.57
1735137907, 15, 5, 10, 0, 0, 0.01%, 0, 0, 1, 104.64
1735137912, 15, 7, 10, 0, 0, 0.01%, 0, 0, 1, 106.78
1735137917, 15, 8, 10, 0, 0, 0.01%, 0, 0, 1, 106.57
1735137923, 16, 0, 10, 0, 0, 0.01%, 0, 0, 1, 107.75
1735137928, 16, 1, 10, 0, 0, 0.01%, 0, 0, 1, 108.17
1735137933, 16, 3, 10, 0, 0, 0.01%, 0, 0, 1, 106.78
1735137938, 16, 4, 10, 0, 0, 0.01%, 0, 0, 1, 104.52
1735137943, 16, 6, 10, 0, 0, 0.01%, 0, 0, 1, 104.22
1735137948, 16, 7, 10, 0, 0, 0.01%, 0, 0, 1, 109.87
1735137953, 16, 9, 10, 0, 0, 0.01%, 0, 0, 1, 111.28
1735137958, 17, 0, 10, 0, 0, 0.01%, 0, 0, 1, 105.34
1735137963, 17, 1, 10, 0, 0, 0.01%, 0, 0, 1, 104.11
1735137968, 17, 3, 10, 0, 0, 0.01%, 0, 0, 1, 105.68
1735137973, 17, 4, 10, 0, 0, 0.01%, 0, 0, 1, 103.57
1735137978, 17, 6, 10, 0, 0, 0.01%, 0, 0, 1, 105.67
1735137983, 17, 7, 10, 0, 0, 0.01%, 0, 0, 1, 104.78
1735137988, 17, 9, 10, 0, 0, 0.01%, 0, 0, 1, 104.88
1735137993, 18, 0, 10, 0, 0, 0.01%, 0, 0, 1, 104.67
1735137998, 18, 2, 10, 0, 0, 0.01%, 0, 0, 1, 107.76
1735138004, 18, 3, 10, 0, 0, 0.01%, 0, 0, 1, 109.66
1735138009, 18, 5, 10, 0, 0, 0.01%, 0, 0, 1, 105.85
1735138014, 18, 6, 10, 0, 0, 0.01%, 0, 0, 1, 104.79
1735138019, 18, 8, 10, 0, 0, 0.01%, 0, 0, 1, 104.91
1735138024, 18, 9, 10, 0, 0, 0.01%, 0, 0, 1, 108.95
1735138029, 19, 0, 10, 0, 0, 0.01%, 0, 0, 1, 104.04
1735138034, 19, 2, 10, 0, 0, 0.01%, 0, 0, 1, 109.02
1735138039, 19, 3, 10, 0, 0, 0.01%, 0, 0, 1, 104.37
1735138044, 19, 5, 10, 0, 0, 0.01%, 0, 0, 1, 104.81
1735138049, 19, 6, 10, 0, 0, 0.01%, 0, 0, 1, 106.61
1735138054, 19, 8, 10, 0, 0, 0.01%, 0, 0, 1, 105.87
1735138059, 19, 9, 10, 0, 0, 0.01%, 0, 0, 1, 108.86
1735138064, 20, 1, 10, 0, 0, 0.01%, 0, 0, 1, 109.34
1735138069, 20, 2, 10, 0, 0, 0.01%, 0, 0, 1, 104.39
1735138074, 20, 4, 10, 0, 0, 0.01%, 0, 0, 1, 105.77
1735138079, 20, 5, 10, 0, 0, 0.01%, 0, 0, 1, 105.65
1735138084, 20, 6, 10, 0, 0, 0.01%, 0, 0, 1, 107.23
1735138090, 20, 8, 10, 0, 0, 0.01%, 0, 0, 1, 106.59
1735138095, 20, 9, 10, 0, 0, 0.01%, 0, 0, 1, 105.72
1735138100, 21, 1, 10, 0, 0, 0.01%, 0, 0, 1, 106.22
1735138105, 21, 2, 10, 0, 0, 0.01%, 0, 0, 1, 105.23
1735138110, 21, 4, 10, 0, 0, 0.01%, 0, 0, 1, 105.55
1735138115, 21, 5, 10, 0, 0, 0.01%, 0, 0, 1, 109.85
1735138120, 21, 7, 10, 0, 0, 0.01%, 0, 0, 1, 105.47
1735138125, 21, 8, 10, 0, 0, 0.01%, 0, 0, 1, 104.98
1735138130, 22, 0, 10, 0, 0, 0.01%, 0, 0, 1, 105.38
1735138135, 22, 1, 10, 0, 0, 0.01%, 0, 0, 1, 105.14
1735138140, 22, 3, 10, 0, 0, 0.01%, 0, 0, 1, 106.97
1735138145, 22, 4, 10, 0, 0, 0.01%, 0, 0, 1, 108.93
1735138150, 22, 6, 10, 0, 0, 0.01%, 0, 0, 1, 109.50
1735138156, 22, 7, 10, 0, 0, 0.01%, 0, 0, 1, 106.29
1735138161, 22, 9, 10, 0, 0, 0.01%, 0, 0, 1, 108.02
1735138166, 23, 0, 10, 0, 0, 0.01%, 0, 0, 1, 106.99
1735138171, 23, 1, 10, 0, 0, 0.01%, 0, 0, 1, 104.59
1735138176, 23, 3, 10, 0, 0, 0.01%, 0, 0, 1, 103.47
1735138181, 23, 4, 10, 0, 0, 0.01%, 0, 0, 1, 105.58
1735138186, 23, 6, 10, 0, 0, 0.01%, 0, 0, 1, 106.26
1735138191, 23, 7, 10, 0, 0, 0.01%, 0, 0, 1, 106.58
1735138196, 23, 9, 10, 0, 0, 0.01%, 0, 0, 1, 107.02
1735138201, 24, 0, 10, 0, 0, 0.01%, 0, 0, 1, 106.39
1735138206, 24, 2, 10, 0, 0, 0.01%, 0, 0, 1, 103.94
1735138211, 24, 3, 10, 0, 0, 0.01%, 0, 0, 1, 103.41
1735138216, 24, 4, 10, 0, 0, 0.01%, 0, 0, 1, 105.54
1735138221, 24, 6, 10, 0, 0, 0.01%, 0, 0, 1, 106.33
1735138227, 24, 7, 10, 0, 0, 0.01%, 0, 0, 1, 104.71
1735138232, 24, 9, 10, 0, 0, 0.01%, 0, 0, 1, 105.75
1735138237, 25, 0, 10, 0, 0, 0.01%, 0, 0, 1, 106.78
1735138242, 25, 2, 10, 0, 0, 0.01%, 0, 0, 1, 106.59
1735138247, 25, 3, 10, 0, 0, 0.01%, 0, 0, 1, 104.35
1735138252, 25, 5, 10, 0, 0, 0.01%, 0, 0, 1, 103.41
1735138257, 25, 6, 10, 0, 0, 0.01%, 0, 0, 1, 108.50
1735138262, 25, 8, 10, 0, 0, 0.01%, 0, 0, 1, 106.84
1735138267, 25, 9, 10, 0, 0, 0.01%, 0, 0, 1, 105.63
1735138272, 26, 1, 10, 0, 0, 0.01%, 0, 0, 1, 106.71
1735138277, 26, 2, 10, 0, 0, 0.01%, 0, 0, 1, 106.53
1735138282, 26, 3, 10, 0, 0, 0.01%, 0, 0, 1, 102.99
1735138288, 26, 5, 10, 0, 0, 0.01%, 0, 0, 1, 104.51
1735138293, 26, 6, 10, 0, 0, 0.01%, 0, 0, 1, 107.41
1735138298, 26, 8, 10, 0, 0, 0.01%, 0, 0, 1, 104.93
1735138303, 26, 9, 10, 0, 0, 0.01%, 0, 0, 1, 106.25
1735138308, 27, 10, 11, 1, 1, 0.16%, 1, 0, 2, 111.88
1735138343, 27, 10, 12, 2, 1, 0.16%, 2, 0, 3, 111.18
1735138374, 27, 10, 13, 3, 1, 0.16%, 2, 0, 3, 109.25
1735138445, 27, 11, 13, 2, 1, 0.16%, 2, 0, 3, 121.68
1735138450, 27, 11, 14, 3, 1, 0.16%, 3, 0, 4, 124.47
1735138521, 27, 13, 14, 2, 1, 0.16%, 3, 0, 4, 127.92
1735138526, 27, 13, 15, 3, 1, 0.16%, 4, 0, 5, 120.03
1735138608, 27, 13, 16, 4, 1, 0.17%, 5, 0, 5, 114.12
1735138644, 27, 13, 17, 5, 1, 0.17%, 5, 0, 5, 115.08
1735138669, 27, 13, 23, 11, 1, 0.17%, 5, 0, 5, 136.34
1735138699, 27, 15, 24, 11, 1, 0.17%, 6, 0, 6, 136.16
1735138720, 27, 15, 25, 12, 1, 0.17%, 6, 0, 6, 118.38
1735138827, 27, 19, 25, 11, 1, 0.17%, 6, 0, 6, 123.54
1735138899, 27, 19, 27, 13, 1, 0.17%, 6, 0, 6, 126.79
1735138904, 27, 19, 28, 14, 1, 0.17%, 6, 0, 6, 121.01
1735138920, 27, 23, 28, 13, 1, 0.17%, 6, 0, 6, 142.53
1735138930, 27, 23, 29, 14, 1, 0.17%, 6, 0, 7, 115.93
1735139048, 27, 28, 29, 13, 0, 0.17%, 6, 0, 7, 154.98
1735139063, 27, 28, 30, 14, 0, 0.17%, 6, 0, 8, 126.91
1735139073, 27, 28, 31, 15, 0, 0.17%, 6, 0, 8, 121.42
1735139145, 27, 28, 32, 16, 0, 0.17%, 6, 0, 8, 122.65
1735139150, 27, 28, 33, 17, 0, 0.17%, 6, 0, 8, 123.85
1735139160, 27, 28, 34, 18, 0, 0.17%, 6, 0, 8, 115.69
1735139180, 27, 31, 34, 17, 0, 0.17%, 6, 0, 8, 129.76
1735139196, 27, 31, 35, 18, 0, 0.17%, 6, 0, 9, 146.15
1735139232, 27, 31, 36, 19, 0, 0.17%, 6, 0, 9, 125.75
1735139350, 28, 10, 36, 18, 0, 0.17%, 6, 0, 9, 121.24
1735139360, 28, 11, 36, 18, 0, 0.17%, 6, 0, 9, 118.61
1735139381, 28, 13, 36, 18, 0, 0.17%, 6, 0, 9, 119.73
1735139411, 28, 15, 36, 18, 0, 0.17%, 6, 0, 9, 129.93
1735139427, 28, 15, 37, 19, 0, 0.17%, 6, 0, 9, 130.11
1735139437, 28, 15, 39, 21, 0, 0.17%, 6, 0, 9, 173.10
1735139447, 28, 20, 39, 21, 0, 0.17%, 6, 0, 9, 169.00
1735139493, 28, 20, 40, 22, 0, 0.17%, 6, 0, 9, 247.67
1735139656, 28, 22, 40, 21, 0, 0.17%, 6, 0, 9, 142.66
1735139708, 28, 23, 40, 20, 0, 0.17%, 6, 0, 9, 128.81
1735139728, 28, 24, 40, 20, 0, 0.17%, 6, 0, 9, 156.04
1735139779, 28, 26, 40, 19, 0, 0.17%, 6, 0, 9, 166.99
1735140014, 28, 27, 40, 18, 0, 0.17%, 6, 0, 9, 183.70
1735140091, 28, 37, 40, 17, 0, 0.17%, 6, 0, 9, 141.19
1735140198, 28, 39, 40, 16, 0, 0.17%, 6, 0, 9, 190.43
1735140376, 29, 10, 40, 15, 0, 0.17%, 6, 0, 9, 138.58
1735140386, 29, 11, 40, 15, 0, 0.17%, 6, 0, 9, 139.34
1735140396, 29, 13, 40, 15, 0, 0.17%, 6, 0, 9, 132.98
1735140417, 29, 15, 40, 15, 0, 0.17%, 6, 0, 9, 137.46
1735140438, 29, 23, 40, 15, 0, 0.17%, 6, 0, 9, 145.07
1735140458, 30, 10, 40, 15, 0, 0.17%, 6, 0, 9, 134.58
1735140469, 30, 11, 40, 15, 0, 0.17%, 6, 0, 9, 135.88
1735140479, 30, 13, 40, 15, 0, 0.17%, 6, 0, 9, 137.50
1735140500, 30, 15, 40, 15, 0, 0.17%, 6, 0, 9, 137.09
1735140520, 30, 16, 40, 15, 0, 0.17%, 6, 0, 9, 162.46
1735140566, 30, 18, 40, 14, 0, 0.17%, 6, 0, 9, 146.05
1735140623, 30, 23, 40, 13, 0, 0.17%, 6, 0, 9, 137.14
1735140644, 30, 27, 40, 13, 0, 0.17%, 6, 0, 9, 148.64
1735140659, 30, 32, 40, 13, 0, 0.17%, 6, 0, 9, 130.67
1735140735, 30, 34, 40, 12, 0, 0.17%, 6, 0, 9, 145.13
1735140812, 31, 10, 40, 11, 0, 0.17%, 6, 0, 9, 136.89
1735140818, 31, 11, 40, 11, 0, 0.17%, 6, 0, 9, 143.97
1735140828, 31, 13, 40, 11, 0, 0.17%, 6, 0, 9, 140.87
1735140848, 31, 15, 40, 11, 0, 0.17%, 6, 0, 9, 156.90
1735140874, 31, 23, 40, 11, 0, 0.17%, 6, 0, 9, 130.50
1735140894, 31, 33, 40, 11, 0, 0.17%, 6, 0, 9, 189.62
1735141012, 31, 36, 40, 10, 0, 0.17%, 6, 0, 9, 173.06
1735141058, 32, 10, 40, 9, 0, 0.17%, 6, 0, 9, 133.63
1735141068, 32, 11, 40, 9, 0, 0.17%, 6, 0, 9, 141.95
1735141078, 32, 13, 40, 9, 0, 0.17%, 6, 0, 9, 133.28
1735141099, 32, 15, 40, 9, 0, 0.17%, 6, 0, 9, 134.96
1735141114, 32, 21, 40, 9, 0, 0.17%, 6, 0, 9, 151.41
1735141165, 32, 23, 40, 8, 0, 0.17%, 6, 0, 9, 140.74
1735141186, 32, 24, 40, 8, 0, 0.17%, 6, 0, 9, 133.40
1735141207, 32, 25, 40, 8, 0, 0.17%, 6, 0, 9, 158.44
1735141284, 32, 29, 40, 7, 0, 0.17%, 6, 0, 9, 186.45
1735141356, 33, 10, 40, 6, 0, 0.17%, 6, 0, 9, 129.11
1735141361, 33, 11, 40, 6, 0, 0.17%, 6, 0, 9, 133.97
1735141366, 33, 13, 40, 6, 0, 0.17%, 6, 0, 9, 133.89
1735141376, 33, 15, 40, 6, 0, 0.17%, 6, 0, 9, 132.73
1735141386, 33, 23, 40, 6, 0, 0.17%, 6, 0, 9, 143.90
1735141396, 34, 11, 40, 6, 0, 0.17%, 6, 0, 9, 139.65
1735141402, 34, 12, 40, 6, 0, 0.17%, 6, 0, 9, 153.22
1735141498, 34, 13, 40, 5, 0, 0.17%, 6, 0, 9, 142.39
1735141508, 34, 15, 40, 5, 0, 0.17%, 6, 0, 9, 136.43
1735141519, 34, 23, 40, 5, 0, 0.17%, 6, 0, 9, 137.08
1735141529, 34, 31, 40, 5, 0, 0.17%, 6, 0, 9, 143.86
1735141560, 35, 10, 40, 5, 0, 0.17%, 6, 0, 9, 147.20
1735141565, 35, 11, 40, 5, 0, 0.17%, 6, 0, 9, 141.33
1735141570, 35, 13, 40, 5, 0, 0.17%, 6, 0, 9, 133.93
1735141580, 35, 15, 40, 5, 0, 0.17%, 6, 0, 9, 135.01
1735141591, 35, 23, 40, 5, 0, 0.17%, 6, 0, 9, 136.70
1735141601, 35, 30, 40, 5, 0, 0.17%, 6, 0, 9, 164.94
1735141678, 35, 37, 40, 4, 0, 0.17%, 6, 0, 9, 160.26
1735141698, 36, 10, 40, 4, 0, 0.17%, 6, 0, 9, 141.06
1735141703, 36, 13, 40, 4, 0, 0.17%, 6, 0, 9, 132.67
1735141709, 36, 14, 40, 4, 0, 0.17%, 6, 0, 9, 145.20
1735141903, 36, 15, 40, 3, 0, 0.17%, 6, 0, 9, 142.41
1735141908, 36, 23, 40, 3, 0, 0.17%, 6, 0, 9, 136.91
1735141913, 36, 29, 40, 3, 0, 0.17%, 6, 0, 9, 144.43
1735141949, 36, 35, 40, 3, 0, 0.17%, 6, 0, 9, 196.78
1735142254, 36, 35, 41, 4, 0, 0.17%, 7, 0, 10, 185.92
1735142320, 36, 37, 41, 3, 0, 0.17%, 7, 0, 10, 163.47
1735142340, 36, 40, 41, 3, 0, 0.17%, 7, 0, 10, 200.97
1735142621, 37, 11, 41, 2, 0, 0.17%, 7, 0, 10, 142.56
1735142626, 37, 13, 41, 2, 0, 0.17%, 7, 0, 10, 141.21
1735142631, 37, 15, 41, 2, 0, 0.17%, 7, 0, 10, 143.17
1735142636, 37, 23, 41, 2, 0, 0.17%, 7, 0, 10, 139.67
1735142642, 37, 24, 41, 2, 0, 0.17%, 7, 0, 10, 134.85
1735142662, 38, 11, 41, 2, 0, 0.17%, 7, 0, 10, 142.02
1735142667, 38, 13, 41, 2, 0, 0.17%, 7, 0, 10, 137.90
1735142673, 38, 15, 41, 2, 0, 0.17%, 7, 0, 10, 141.06
1735142678, 38, 16, 41, 2, 0, 0.17%, 7, 0, 10, 139.99
1735142698, 38, 17, 41, 2, 0, 0.17%, 7, 0, 10, 180.76
1735142760, 38, 21, 41, 1, 0, 0.17%, 7, 0, 10, 137.01
1735142775, 38, 23, 41, 1, 0, 0.17%, 7, 0, 10, 129.85
1735142786, 38, 38, 41, 1, 0, 0.17%, 7, 0, 10, 216.11
1735142883, 39, 10, 41, 0, 0, 0.17%, 7, 0, 10, 134.96
1735142888, 39, 13, 41, 0, 0, 0.17%, 7, 0, 10, 140.47
1735142893, 39, 15, 41, 0, 0, 0.17%, 7, 0, 10, 136.78
1735142898, 39, 23, 41, 0, 0, 0.17%, 7, 0, 10, 143.90
1735142903, 39, 35, 41, 0, 0, 0.17%, 7, 0, 10, 171.95
1735142934, 40, 11, 41, 0, 0, 0.17%, 7, 0, 10, 135.40
1735142939, 40, 13, 41, 0, 0, 0.17%, 7, 0, 10, 135.38
1735142944, 40, 15, 41, 0, 0, 0.17%, 7, 0, 10, 137.97
1735142949, 40, 18, 41, 0, 0, 0.17%, 7, 0, 10, 141.90
1735142970, 40, 22, 41, 0, 0, 0.17%, 7, 0, 10, 131.61
1735142985, 40, 23, 41, 0, 0, 0.17%, 7, 0, 10, 145.01
1735142991, 41, 10, 41, 0, 0, 0.17%, 7, 0, 10, 131.17
1735142996, 41, 13, 41, 0, 0, 0.17%, 7, 0, 10, 132.90
1735143001, 41, 15, 41, 0, 0, 0.17%, 7, 0, 10, 130.86
1735143006, 41, 23, 41, 0, 0, 0.17%, 7, 0, 10, 136.51
1735143011, 42, 11, 41, 0, 0, 0.17%, 7, 0, 10, 136.37
1735143016, 42, 13, 41, 0, 0, 0.17%, 7, 0, 10, 133.93
1735143022, 42, 15, 41, 0, 0, 0.17%, 7, 0, 10, 147.07
1735143027, 42, 17, 41, 0, 0, 0.17%, 7, 0, 10, 153.52
1735143047, 42, 23, 41, 0, 0, 0.17%, 7, 0, 10, 129.25
1735143052, 43, 10, 41, 0, 0, 0.17%, 7, 0, 10, 134.69
1735143058, 43, 13, 41, 0, 0, 0.17%, 7, 0, 10, 135.56
1735143063, 43, 15, 41, 0, 0, 0.17%, 7, 0, 10, 136.49
1735143068, 43, 17, 41, 0, 0, 0.17%, 7, 0, 10, 150.30
1735143088, 43, 23, 41, 0, 0, 0.17%, 7, 0, 10, 142.46
1735143093, 43, 36, 41, 0, 0, 0.17%, 7, 0, 10, 142.22
1735143114, 44, 10, 41, 0, 0, 0.17%, 7, 0, 10, 135.39
1735143119, 44, 13, 41, 0, 0, 0.17%, 7, 0, 10, 135.53
1735143124, 44, 15, 41, 0, 0, 0.17%, 7, 0, 10, 129.33
1735143129, 44, 22, 41, 0, 0, 0.17%, 7, 0, 10, 135.40
1735143150, 44, 23, 41, 0, 0, 0.17%, 7, 0, 10, 147.07
1735143155, 44, 36, 41, 0, 0, 0.17%, 7, 0, 10, 139.58
1735143175, 44, 37, 41, 0, 0, 0.17%, 7, 0, 10, 171.92
1735143196, 44, 39, 41, 0, 0, 0.17%, 7, 0, 10, 159.59
1735143211, 45, 10, 41, 0, 0, 0.17%, 7, 0, 10, 136.28
1735143216, 45, 13, 41, 0, 0, 0.17%, 7, 0, 10, 137.14
1735143222, 45, 15, 41, 0, 0, 0.17%, 7, 0, 10, 135.94
1735143227, 45, 19, 41, 0, 0, 0.17%, 7, 0, 10, 134.76
1735143247, 45, 23, 41, 0, 0, 0.17%, 7, 0, 10, 139.09
1735143252, 46, 11, 41, 0, 0, 0.17%, 7, 0, 10, 140.46
1735143258, 46, 13, 41, 0, 0, 0.17%, 7, 0, 10, 141.72
1735143263, 46, 15, 41, 0, 0, 0.17%, 7, 0, 10, 137.19
1735143268, 46, 23, 41, 0, 0, 0.17%, 7, 0, 10, 134.32
1735143273, 46, 39, 41, 0, 0, 0.17%, 7, 0, 10, 160.39
1735143294, 47, 11, 41, 0, 0, 0.17%, 7, 0, 10, 137.56
1735143299, 47, 13, 41, 0, 0, 0.17%, 7, 0, 10, 144.54
1735143304, 47, 15, 41, 0, 0, 0.17%, 7, 0, 10, 139.79
1735143309, 47, 23, 41, 0, 0, 0.17%, 7, 0, 10, 141.57
1735143314, 48, 11, 41, 0, 0, 0.17%, 7, 0, 10, 144.23
1735143319, 48, 13, 41, 0, 0, 0.17%, 7, 0, 10, 140.45
1735143324, 48, 15, 41, 0, 0, 0.17%, 7, 0, 10, 138.78
1735143329, 48, 18, 41, 0, 0, 0.17%, 7, 0, 10, 136.81
1735143350, 48, 23, 41, 0, 0, 0.17%, 7, 0, 10, 141.59
1735143355, 48, 24, 41, 0, 0, 0.17%, 7, 0, 10, 132.61
1735143376, 48, 36, 41, 0, 0, 0.17%, 7, 0, 10, 137.99
1735143396, 49, 11, 41, 0, 0, 0.17%, 7, 0, 10, 141.71
1735143401, 49, 13, 41, 0, 0, 0.17%, 7, 0, 10, 141.98
1735143406, 49, 14, 41, 0, 0, 0.17%, 7, 0, 10, 152.13
1735143427, 49, 15, 41, 0, 0, 0.17%, 7, 0, 10, 135.02
1735143432, 49, 16, 41, 0, 0, 0.17%, 7, 0, 10, 140.87
1735143453, 49, 23, 41, 0, 0, 0.17%, 7, 0, 10, 140.91
1735143458, 49, 29, 41, 0, 0, 0.17%, 7, 0, 10, 146.26
1735143483, 50, 10, 41, 0, 0, 0.17%, 7, 0, 10, 145.53
1735143488, 50, 13, 41, 0, 0, 0.17%, 7, 0, 10, 138.42
1735143494, 50, 15, 41, 0, 0, 0.17%, 7, 0, 10, 142.20
1735143499, 50, 23, 41, 0, 0, 0.17%, 7, 0, 10, 142.27
1735143504, 50, 27, 41, 0, 0, 0.17%, 7, 0, 10, 141.78
1735143524, 50, 29, 41, 0, 0, 0.17%, 7, 0, 10, 146.90
1735143555, 51, 10, 41, 0, 0, 0.17%, 7, 0, 10, 140.09
1735143561, 51, 13, 41, 0, 0, 0.17%, 7, 0, 10, 132.48
1735143566, 51, 15, 41, 0, 0, 0.17%, 7, 0, 10, 129.98
1735143571, 51, 23, 41, 0, 0, 0.17%, 7, 0, 10, 143.34
1735143576, 51, 26, 41, 0, 0, 0.17%, 7, 0, 10, 146.65
1735143596, 51, 31, 41, 0, 0, 0.17%, 7, 0, 10, 143.50
1735143627, 51, 35, 41, 0, 0, 0.17%, 7, 0, 10, 160.39
1735143658, 52, 11, 41, 0, 0, 0.17%, 7, 0, 10, 142.27
1735143663, 52, 13, 41, 0, 0, 0.17%, 7, 0, 10, 134.79
1735143668, 52, 15, 41, 0, 0, 0.17%, 7, 0, 10, 140.80
1735143673, 52, 23, 41, 0, 0, 0.17%, 7, 0, 10, 134.67
1735143679, 52, 25, 41, 0, 0, 0.17%, 7, 0, 10, 142.17
1735143699, 52, 28, 41, 0, 0, 0.17%, 7, 0, 10, 133.74
1735143719, 53, 10, 41, 0, 0, 0.17%, 7, 0, 10, 130.97
1735143725, 53, 13, 41, 0, 0, 0.17%, 7, 0, 10, 133.93
1735143730, 53, 15, 41, 0, 0, 0.17%, 7, 0, 10, 133.51
1735143735, 53, 21, 41, 0, 0, 0.17%, 7, 0, 10, 140.09
1735143755, 53, 22, 41, 0, 0, 0.17%, 7, 0, 10, 139.04
1735143776, 53, 23, 41, 0, 0, 0.17%, 7, 0, 10, 135.74
1735143781, 54, 10, 41, 0, 0, 0.17%, 7, 0, 10, 133.67
1735143786, 54, 13, 41, 0, 0, 0.17%, 7, 0, 10, 135.41
1735143791, 54, 15, 41, 0, 0, 0.17%, 7, 0, 10, 136.58
1735143796, 54, 23, 41, 0, 0, 0.17%, 7, 0, 10, 137.34
1735143802, 55, 10, 41, 0, 0, 0.17%, 7, 0, 10, 134.99
1735143807, 55, 13, 41, 0, 0, 0.17%, 7, 0, 10, 139.98
1735143812, 55, 15, 41, 0, 0, 0.17%, 7, 0, 10, 141.78
1735143817, 55, 23, 41, 0, 0, 0.17%, 7, 0, 10, 139.73
1735143822, 55, 26, 41, 0, 0, 0.17%, 7, 0, 10, 166.31
1735143843, 55, 38, 41, 0, 0, 0.17%, 7, 0, 10, 156.75
1735143858, 56, 8, 41, 0, 0, 0.17%, 7, 0, 10, 150.04
1735143863, 56, 11, 41, 0, 0, 0.17%, 7, 0, 10, 139.54
1735143868, 56, 13, 41, 0, 0, 0.17%, 7, 0, 10, 139.94
1735143873, 56, 15, 41, 0, 0, 0.17%, 7, 0, 10, 137.23
1735143878, 56, 23, 41, 0, 0, 0.17%, 7, 0, 10, 134.17
1735143884, 57, 11, 41, 0, 0, 0.17%, 7, 0, 10, 136.56
1735143889, 57, 13, 41, 0, 0, 0.17%, 7, 0, 10, 131.81
1735143894, 57, 14, 41, 0, 0, 0.17%, 7, 0, 10, 153.61
1735143909, 57, 15, 41, 0, 0, 0.17%, 7, 0, 10, 144.84
1735143915, 57, 20, 41, 0, 0, 0.17%, 7, 0, 10, 148.93
1735143935, 57, 23, 41, 0, 0, 0.17%, 7, 0, 10, 137.69
1735143940, 57, 30, 41, 0, 0, 0.17%, 7, 0, 10, 139.16
1735143976, 57, 33, 41, 0, 0, 0.17%, 7, 0, 10, 158.71
1735144002, 57, 35, 41, 0, 0, 0.17%, 7, 0, 10, 163.19
1735144027, 58, 10, 41, 0, 0, 0.17%, 7, 0, 10, 168.77
1735144032, 58, 13, 41, 0, 0, 0.17%, 7, 0, 10, 142.32
1735144037, 58, 15, 41, 0, 0, 0.17%, 7, 0, 10, 143.00
1735144047, 58, 30, 41, 0, 0, 0.17%, 7, 0, 10, 141.58
1735144084, 59, 11, 41, 0, 0, 0.17%, 7, 0, 10, 140.85
1735144089, 59, 13, 41, 0, 0, 0.17%, 7, 0, 10, 133.55
1735144094, 59, 15, 41, 0, 0, 0.17%, 7, 0, 10, 135.87
1735144099, 59, 23, 41, 0, 0, 0.17%, 7, 0, 10, 137.36
1735144104, 59, 31, 41, 0, 0, 0.17%, 7, 0, 10, 138.39
1735144135, 60, 4, 41, 0, 0, 0.17%, 7, 0, 10, 137.87
1735144140, 60, 13, 41, 0, 0, 0.17%, 7, 0, 10, 137.18
1735144145, 60, 15, 41, 0, 0, 0.17%, 7, 0, 10, 139.81
1735144151, 60, 19, 41, 0, 0, 0.17%, 7, 0, 10, 150.39
1735144171, 60, 23, 41, 0, 0, 0.17%, 7, 0, 10, 136.36
1735144176, 60, 34, 41, 0, 0, 0.17%, 7, 0, 10, 144.86
1735144207, 61, 11, 41, 0, 0, 0.17%, 7, 0, 10, 142.52
1735144212, 61, 13, 41, 0, 0, 0.17%, 7, 0, 10, 143.85
1735144218, 61, 15, 41, 0, 0, 0.17%, 7, 0, 10, 142.38
1735144223, 61, 23, 41, 0, 0, 0.17%, 7, 0, 10, 138.93
1735144228, 61, 25, 41, 0, 0, 0.17%, 7, 0, 10, 145.37
1735144243, 61, 29, 41, 0, 0, 0.17%, 7, 0, 10, 138.47
1735144274, 62, 9, 41, 0, 0, 0.17%, 7, 0, 10, 155.40
1735144279, 62, 11, 41, 0, 0, 0.17%, 7, 0, 10, 137.98
1735144284, 62, 12, 41, 0, 0, 0.17%, 7, 0, 10, 157.27
1735144289, 62, 13, 41, 0, 0, 0.17%, 7, 0, 10, 149.65
1735144295, 62, 15, 41, 0, 0, 0.17%, 7, 0, 10, 138.49
1735144300, 62, 23, 41, 0, 0, 0.17%, 7, 0, 10, 142.29
1735144305, 62, 34, 41, 0, 0, 0.17%, 7, 0, 10, 144.39
1735144336, 63, 10, 41, 0, 0, 0.17%, 7, 0, 10, 142.47
1735144341, 63, 13, 41, 0, 0, 0.17%, 7, 0, 10, 137.70
1735144346, 63, 15, 41, 0, 0, 0.17%, 7, 0, 10, 140.11
1735144351, 63, 19, 41, 0, 0, 0.17%, 7, 0, 10, 144.21
1735144372, 63, 23, 41, 0, 0, 0.17%, 7, 0, 10, 137.08
1735144377, 63, 25, 41, 0, 0, 0.17%, 7, 0, 10, 142.09
1735144398, 63, 28, 41, 0, 0, 0.17%, 7, 0, 10, 133.37
1735144418, 63, 39, 41, 0, 0, 0.17%, 7, 0, 10, 144.81
1735144439, 64, 11, 41, 0, 0, 0.17%, 7, 0, 10, 136.50
1735144444, 64, 13, 41, 0, 0, 0.17%, 7, 0, 10, 141.24
1735144449, 64, 15, 41, 0, 0, 0.17%, 7, 0, 10, 138.22
1735144454, 64, 23, 41, 0, 0, 0.17%, 7, 0, 10, 136.13
1735144459, 64, 27, 41, 0, 0, 0.17%, 7, 0, 10, 144.10
1735144474, 64, 33, 41, 0, 0, 0.17%, 7, 0, 10, 147.09
1735144505, 64, 36, 41, 0, 0, 0.17%, 7, 0, 10, 141.07
1735144526, 65, 10, 41, 0, 0, 0.17%, 7, 0, 10, 134.53
1735144531, 65, 13, 41, 0, 0, 0.17%, 7, 0, 10, 136.45
1735144536, 65, 15, 41, 0, 0, 0.17%, 7, 0, 10, 143.70
1735144541, 65, 17, 41, 0, 0, 0.17%, 7, 0, 10, 147.00
1735144562, 65, 22, 41, 0, 0, 0.17%, 7, 0, 10, 139.41
1735144577, 65, 23, 41, 0, 0, 0.17%, 7, 0, 10, 138.55
1735144583, 65, 36, 41, 0, 0, 0.17%, 7, 0, 10, 141.03
1735144603, 65, 39, 41, 0, 0, 0.17%, 7, 0, 10, 154.75
1735144624, 66, 10, 41, 0, 0, 0.17%, 7, 0, 10, 125.94
1735144629, 66, 13, 41, 0, 0, 0.17%, 7, 0, 10, 132.83
1735144634, 66, 15, 41, 0, 0, 0.17%, 7, 0, 10, 133.82
1735144639, 66, 23, 41, 0, 0, 0.17%, 7, 0, 10, 139.86
1735144644, 67, 11, 41, 0, 0, 0.17%, 7, 0, 10, 134.69
1735144649, 67, 13, 41, 0, 0, 0.17%, 7, 0, 10, 140.88
1735144654, 67, 15, 41, 0, 0, 0.17%, 7, 0, 10, 142.19
1735144660, 67, 23, 41, 0, 0, 0.17%, 7, 0, 10, 136.37
1735144665, 68, 11, 41, 0, 0, 0.17%, 7, 0, 10, 134.97
1735144670, 68, 13, 41, 0, 0, 0.17%, 7, 0, 10, 139.89
1735144675, 68, 15, 41, 0, 0, 0.17%, 7, 0, 10, 150.70
1735144680, 68, 23, 41, 0, 0, 0.17%, 7, 0, 10, 135.46
1735144685, 68, 40, 41, 0, 0, 0.17%, 7, 0, 10, 176.44
1735144711, 69, 10, 41, 0, 0, 0.17%, 7, 0, 10, 134.71
1735144716, 69, 13, 41, 0, 0, 0.17%, 7, 0, 10, 136.29
1735144721, 69, 15, 41, 0, 0, 0.17%, 7, 0, 10, 132.40
1735144726, 69, 23, 41, 0, 0, 0.17%, 7, 0, 10, 140.41
1735144732, 70, 10, 41, 0, 0, 0.17%, 7, 0, 10, 136.94
1735144737, 70, 13, 41, 0, 0, 0.17%, 7, 0, 10, 135.35
1735144742, 70, 15, 41, 0, 0, 0.17%, 7, 0, 10, 139.64
1735144747, 70, 17, 41, 0, 0, 0.17%, 7, 0, 10, 154.01
1735144767, 70, 19, 41, 0, 0, 0.17%, 7, 0, 10, 147.79
1735144788, 70, 23, 41, 0, 0, 0.17%, 7, 0, 10, 132.61
1735144793, 71, 11, 41, 0, 0, 0.17%, 7, 0, 10, 131.85
1735144798, 71, 13, 41, 0, 0, 0.17%, 7, 0, 10, 134.26
1735144803, 71, 15, 41, 0, 0, 0.17%, 7, 0, 10, 135.00
1735144809, 71, 23, 41, 0, 0, 0.17%, 7, 0, 10, 142.43
1735144814, 72, 11, 41, 0, 0, 0.17%, 7, 0, 10, 128.89
1735144819, 72, 13, 41, 0, 0, 0.17%, 7, 0, 10, 142.11
1735144824, 72, 15, 41, 0, 0, 0.17%, 7, 0, 10, 140.67
1735144829, 72, 23, 41, 0, 0, 0.17%, 7, 0, 10, 143.39
1735144834, 73, 10, 41, 0, 0, 0.17%, 7, 0, 10, 136.95
1735144839, 73, 13, 41, 0, 0, 0.17%, 7, 0, 10, 133.55
1735144845, 73, 15, 41, 0, 0, 0.17%, 7, 0, 10, 136.35
1735144850, 73, 20, 41, 0, 0, 0.17%, 7, 0, 10, 160.92
1735144870, 73, 21, 41, 0, 0, 0.17%, 7, 0, 10, 147.78
1735144886, 73, 23, 41, 0, 0, 0.17%, 7, 0, 10, 144.44
1735144891, 73, 30, 41, 0, 0, 0.17%, 7, 0, 10, 143.87
1735144921, 73, 34, 41, 0, 0, 0.17%, 7, 0, 10, 140.99
1735144952, 74, 10, 41, 0, 0, 0.17%, 7, 0, 10, 143.09
1735144957, 74, 13, 41, 0, 0, 0.17%, 7, 0, 10, 143.11
1735144962, 74, 15, 41, 0, 0, 0.17%, 7, 0, 10, 136.95
1735144968, 74, 18, 41, 0, 0, 0.17%, 7, 0, 10, 146.93
1735144983, 74, 23, 41, 0, 0, 0.17%, 7, 0, 10, 134.23
1735144988, 74, 27, 41, 0, 0, 0.17%, 7, 0, 10, 140.62
1735145009, 74, 28, 41, 0, 0, 0.17%, 7, 0, 10, 132.60
1735145029, 75, 10, 41, 0, 0, 0.17%, 7, 0, 10, 134.99
1735145034, 75, 13, 41, 0, 0, 0.17%, 7, 0, 10, 134.52
1735145040, 75, 15, 41, 0, 0, 0.17%, 7, 0, 10, 134.50
1735145045, 75, 23, 41, 0, 0, 0.17%, 7, 0, 10, 141.51
1735145050, 75, 30, 41, 0, 0, 0.17%, 7, 0, 10, 138.11
1735145086, 76, 10, 41, 0, 0, 0.17%, 7, 0, 10, 133.45
1735145091, 76, 13, 41, 0, 0, 0.17%, 7, 0, 10, 134.82
1735145096, 76, 15, 41, 0, 0, 0.17%, 7, 0, 10, 132.68
1735145101, 76, 23, 41, 0, 0, 0.17%, 7, 0, 10, 140.98
1735145107, 76, 36, 41, 0, 0, 0.17%, 7, 0, 10, 141.46
1735145127, 77, 11, 41, 0, 0, 0.17%, 7, 0, 10, 133.12
1735145132, 77, 13, 41, 0, 0, 0.17%, 7, 0, 10, 133.56
1735145137, 77, 15, 41, 0, 0, 0.17%, 7, 0, 10, 144.60
1735145143, 77, 23, 41, 0, 0, 0.17%, 7, 0, 10, 146.11
1735145148, 77, 33, 41, 0, 0, 0.17%, 7, 0, 10, 157.79
1735145178, 78, 11, 41, 0, 0, 0.17%, 7, 0, 10, 135.42
1735145183, 78, 13, 41, 0, 0, 0.17%, 7, 0, 10, 136.88
1735145188, 78, 15, 41, 0, 0, 0.17%, 7, 0, 10, 140.52
1735145194, 78, 18, 41, 0, 0, 0.17%, 7, 0, 10, 143.05
1735145209, 78, 23, 41, 0, 0, 0.17%, 7, 0, 10, 136.38
1735145214, 78, 28, 41, 0, 0, 0.17%, 7, 0, 10, 141.11
1735145235, 78, 29, 41, 0, 0, 0.17%, 7, 0, 10, 129.44
1735145271, 79, 13, 41, 0, 0, 0.17%, 7, 0, 10, 144.00
1735145276, 79, 15, 41, 0, 0, 0.17%, 7, 0, 10, 136.45
1735145286, 79, 23, 41, 0, 0, 0.17%, 7, 0, 10, 145.14
1735145291, 79, 34, 41, 0, 0, 0.17%, 7, 0, 10, 143.28
1735145322, 80, 11, 41, 0, 0, 0.17%, 7, 0, 10, 139.44
1735145327, 80, 15, 41, 0, 0, 0.17%, 7, 0, 10, 136.06
1735145338, 80, 23, 41, 0, 0, 0.17%, 7, 0, 10, 140.85
1735145343, 81, 13, 41, 0, 0, 0.17%, 7, 0, 10, 135.17
1735145348, 81, 15, 41, 0, 0, 0.17%, 7, 0, 10, 142.22
1735145353, 81, 23, 41, 0, 0, 0.17%, 7, 0, 10, 140.51
1735145358, 82, 10, 41, 0, 0, 0.17%, 7, 0, 10, 141.23
1735145363, 82, 13, 41, 0, 0, 0.17%, 7, 0, 10, 138.28
1735145368, 82, 14, 41, 0, 0, 0.17%, 7, 0, 10, 142.48
1735145389, 82, 15, 41, 0, 0, 0.17%, 7, 0, 10, 143.10
1735145394, 82, 23, 41, 0, 0, 0.17%, 7, 0, 10, 142.80
1735145399, 82, 25, 41, 0, 0, 0.17%, 7, 0, 10, 151.45
1735145420, 83, 10, 41, 0, 0, 0.17%, 7, 0, 10, 134.69
1735145425, 83, 13, 41, 0, 0, 0.17%, 7, 0, 10, 134.09
1735145430, 83, 15, 41, 0, 0, 0.17%, 7, 0, 10, 144.38
1735145435, 83, 23, 41, 0, 0, 0.17%, 7, 0, 10, 143.03
1735145440, 83, 27, 41, 0, 0, 0.17%, 7, 0, 10, 136.50
1735145461, 83, 31, 41, 0, 0, 0.17%, 7, 0, 10, 135.25
1735145492, 83, 40, 41, 0, 0, 0.17%, 7, 0, 10, 165.27
1735145522, 84, 10, 41, 0, 0, 0.17%, 7, 0, 10, 141.71
1735145527, 84, 13, 41, 0, 0, 0.17%, 7, 0, 10, 138.47
1735145533, 84, 15, 41, 0, 0, 0.17%, 7, 0, 10, 134.96
1735145538, 84, 23, 41, 0, 0, 0.17%, 7, 0, 10, 139.30
1735145543, 84, 39, 41, 0, 0, 0.17%, 7, 0, 10, 145.32
1735145563, 85, 10, 41, 0, 0, 0.17%, 7, 0, 10, 144.26
1735145569, 85, 13, 41, 0, 0, 0.17%, 7, 0, 10, 139.62
1735145574, 85, 15, 41, 0, 0, 0.17%, 7, 0, 10, 133.92
1735145579, 85, 16, 41, 0, 0, 0.17%, 7, 0, 10, 140.72
1735145600, 85, 23, 41, 0, 0, 0.17%, 7, 0, 10, 141.01
1735145605, 85, 28, 41, 0, 0, 0.17%, 7, 0, 10, 136.77
1735145625, 86, 10, 41, 0, 0, 0.17%, 7, 0, 10, 140.79
1735145630, 86, 13, 41, 0, 0, 0.17%, 7, 0, 10, 143.04
1735145635, 86, 15, 41, 0, 0, 0.17%, 7, 0, 10, 137.96
1735145640, 86, 23, 41, 0, 0, 0.17%, 7, 0, 10, 131.96
1735145646, 86, 32, 41, 0, 0, 0.17%, 7, 0, 10, 148.76
1735145676, 87, 11, 41, 0, 0, 0.17%, 7, 0, 10, 145.07
1735145681, 87, 13, 41, 0, 0, 0.17%, 7, 0, 10, 135.66
1735145686, 87, 15, 41, 0, 0, 0.17%, 7, 0, 10, 141.24
1735145691, 87, 22, 41, 0, 0, 0.17%, 7, 0, 10, 135.37
1735145707, 87, 23, 41, 0, 0, 0.17%, 7, 0, 10, 130.90
1735145712, 87, 28, 41, 0, 0, 0.17%, 7, 0, 10, 140.00
1735145722, 88, 10, 41, 0, 0, 0.17%, 7, 0, 10, 137.40
1735145727, 88, 13, 41, 0, 0, 0.17%, 7, 0, 10, 141.77
1735145733, 88, 15, 41, 0, 0, 0.17%, 7, 0, 10, 132.57
1735145738, 88, 23, 41, 0, 0, 0.17%, 7, 0, 10, 133.43
1735145748, 88, 32, 41, 0, 0, 0.17%, 7, 0, 10, 153.43
1735145773, 89, 10, 41, 0, 0, 0.17%, 7, 0, 10, 145.92
1735145778, 89, 13, 41, 0, 0, 0.17%, 7, 0, 10, 136.25
1735145784, 89, 15, 41, 0, 0, 0.17%, 7, 0, 10, 141.87
1735145789, 89, 23, 41, 0, 0, 0.17%, 7, 0, 10, 139.61
1735145794, 89, 27, 41, 0, 0, 0.17%, 7, 0, 10, 143.65
1735145804, 89, 34, 41, 0, 0, 0.17%, 7, 0, 10, 143.84
1735145835, 89, 40, 41, 0, 0, 0.17%, 7, 0, 10, 180.85
1735145861, 90, 9, 41, 0, 0, 0.17%, 7, 0, 10, 140.79
1735145866, 90, 11, 41, 0, 0, 0.17%, 7, 0, 10, 136.69
1735145871, 90, 13, 41, 0, 0, 0.17%, 7, 0, 10, 142.13
1735145876, 90, 15, 41, 0, 0, 0.17%, 7, 0, 10, 146.85
1735145882, 90, 24, 41, 0, 0, 0.17%, 7, 0, 10, 145.61
1735145907, 91, 13, 41, 0, 0, 0.17%, 7, 0, 10, 140.45
1735145912, 91, 15, 41, 0, 0, 0.17%, 7, 0, 10, 141.21
1735145917, 91, 23, 41, 0, 0, 0.17%, 7, 0, 10, 147.57
1735145922, 91, 25, 41, 0, 0, 0.17%, 7, 0, 10, 145.42
1735145943, 92, 11, 41, 0, 0, 0.17%, 7, 0, 10, 148.12
1735145948, 92, 13, 41, 0, 0, 0.17%, 7, 0, 10, 140.68
1735145953, 92, 15, 41, 0, 0, 0.17%, 7, 0, 10, 139.49
1735145958, 92, 23, 41, 0, 0, 0.17%, 7, 0, 10, 134.69
1735145963, 92, 26, 41, 0, 0, 0.17%, 7, 0, 10, 158.26
1735145979, 92, 28, 41, 0, 0, 0.17%, 7, 0, 10, 133.84
1735145994, 92, 39, 41, 0, 0, 0.17%, 7, 0, 10, 159.50
1735146009, 93, 10, 41, 0, 0, 0.17%, 7, 0, 10, 142.01
1735146014, 93, 13, 41, 0, 0, 0.17%, 7, 0, 10, 136.58
1735146019, 93, 15, 41, 0, 0, 0.17%, 7, 0, 10, 130.60
1735146024, 93, 23, 41, 0, 0, 0.17%, 7, 0, 10, 139.29
1735146030, 94, 11, 41, 0, 0, 0.17%, 7, 0, 10, 135.74
1735146035, 94, 13, 41, 0, 0, 0.17%, 7, 0, 10, 136.84
1735146040, 94, 15, 41, 0, 0, 0.17%, 7, 0, 10, 134.76
1735146045, 94, 18, 41, 0, 0, 0.17%, 7, 0, 10, 139.07
1735146060, 94, 23, 41, 0, 0, 0.17%, 7, 0, 10, 132.81
1735146066, 95, 4, 41, 0, 0, 0.17%, 7, 0, 10, 139.94
1735146071, 95, 11, 41, 0, 0, 0.17%, 7, 0, 10, 140.45
1735146076, 95, 15, 41, 0, 0, 0.17%, 7, 0, 10, 146.15
1735146081, 95, 16, 41, 0, 0, 0.17%, 7, 0, 10, 147.83
1735146102, 95, 19, 41, 0, 0, 0.17%, 7, 0, 10, 143.00
1735146122, 95, 21, 41, 0, 0, 0.17%, 7, 0, 10, 148.72
1735146138, 95, 23, 41, 0, 0, 0.17%, 7, 0, 10, 150.47
1735146143, 96, 11, 41, 0, 0, 0.17%, 7, 0, 10, 131.46
1735146148, 96, 13, 41, 0, 0, 0.17%, 7, 0, 10, 140.28
1735146153, 96, 15, 41, 0, 0, 0.17%, 7, 0, 10, 145.33
1735146158, 96, 23, 41, 0, 0, 0.17%, 7, 0, 10, 142.32
1735146164, 97, 13, 41, 0, 0, 0.17%, 7, 0, 10, 134.92
1735146169, 97, 15, 41, 0, 0, 0.17%, 7, 0, 10, 130.16
1735146174, 97, 20, 41, 0, 0, 0.17%, 7, 0, 10, 146.10
1735146194, 97, 23, 41, 0, 0, 0.17%, 7, 0, 10, 137.00
1735146200, 97, 28, 41, 0, 0, 0.17%, 7, 0, 10, 141.92
1735146210, 98, 10, 41, 0, 0, 0.17%, 7, 0, 10, 140.02
1735146215, 98, 13, 41, 0, 0, 0.17%, 7, 0, 10, 137.68
1735146220, 98, 14, 41, 0, 0, 0.17%, 7, 0, 10, 145.40
1735146240, 98, 15, 41, 0, 0, 0.17%, 7, 0, 10, 147.17
1735146245, 98, 23, 41, 0, 0, 0.17%, 7, 0, 10, 143.63
1735146251, 98, 25, 41, 0, 0, 0.17%, 7, 0, 10, 143.97
1735146261, 98, 36, 41, 0, 0, 0.17%, 7, 0, 10, 136.12
1735146266, 99, 11, 41, 0, 0, 0.17%, 7, 0, 10, 140.72
1735146271, 99, 14, 41, 0, 0, 0.17%, 7, 0, 10, 140.12
1735146292, 99, 15, 41, 0, 0, 0.17%, 7, 0, 10, 135.19
1735146297, 99, 23, 41, 0, 0, 0.17%, 7, 0, 10, 132.76
1735146302, 99, 26, 41, 0, 0, 0.17%, 7, 0, 10, 143.41
1735146322, 99, 27, 41, 0, 0, 0.17%, 7, 0, 10, 138.71
1735146333, 99, 38, 41, 0, 0, 0.17%, 7, 0, 10, 161.21
1735146353, 100, 11, 41, 0, 0, 0.17%, 7, 0, 10, 146.36
1735146358, 100, 13, 41, 0, 0, 0.17%, 7, 0, 10, 142.11
1735146363, 100, 15, 41, 0, 0, 0.17%, 7, 0, 10, 143.99
1735146369, 100, 21, 41, 0, 0, 0.17%, 7, 0, 10, 145.31
1735146384, 100, 23, 41, 0, 0, 0.17%, 7, 0, 10, 135.96
1735146389, 101, 11, 41, 0, 0, 0.17%, 7, 0, 10, 140.50
1735146394, 101, 13, 41, 0, 0, 0.17%, 7, 0, 10, 135.79
1735146400, 101, 14, 41, 0, 0, 0.17%, 7, 0, 10, 147.11
1735146410, 101, 15, 41, 0, 0, 0.17%, 7, 0, 10, 143.05
1735146415, 101, 23, 41, 0, 0, 0.17%, 7, 0, 10, 149.75
1735146420, 102, 11, 41, 0, 0, 0.17%, 7, 0, 10, 140.30
1735146425, 102, 13, 41, 0, 0, 0.17%, 7, 0, 10, 139.18
1735146431, 102, 15, 41, 0, 0, 0.17%, 7, 0, 10, 139.69
1735146436, 102, 23, 41, 0, 0, 0.17%, 7, 0, 10, 134.72
1735146441, 103, 6, 41, 0, 0, 0.17%, 7, 0, 10, 145.02
1735146446, 103, 11, 41, 0, 0, 0.17%, 7, 0, 10, 137.35
1735146451, 103, 15, 41, 0, 0, 0.17%, 7, 0, 10, 141.32
1735146462, 103, 23, 41, 0, 0, 0.17%, 7, 0, 10, 136.03
1735146467, 103, 33, 41, 0, 0, 0.17%, 7, 0, 10, 159.36
1735146492, 103, 40, 41, 0, 0, 0.17%, 7, 0, 10, 146.09
1735146523, 104, 11, 41, 0, 0, 0.17%, 7, 0, 10, 135.71
1735146528, 104, 13, 41, 0, 0, 0.17%, 7, 0, 10, 136.69
1735146533, 104, 15, 41, 0, 0, 0.17%, 7, 0, 10, 132.63
1735146539, 104, 23, 41, 0, 0, 0.17%, 7, 0, 10, 136.85
1735146544, 104, 38, 41, 0, 0, 0.17%, 7, 0, 10, 160.59
1735146564, 105, 10, 41, 0, 0, 0.17%, 7, 0, 10, 136.94
1735146569, 105, 13, 41, 0, 0, 0.17%, 7, 0, 10, 138.14
1735146574, 105, 15, 41, 0, 0, 0.17%, 7, 0, 10, 138.11
1735146579, 105, 23, 41, 0, 0, 0.17%, 7, 0, 10, 139.33
1735146585, 106, 6, 41, 0, 0, 0.17%, 7, 0, 10, 139.45
1735146590, 106, 11, 41, 0, 0, 0.17%, 7, 0, 10, 137.03
1735146595, 106, 12, 41, 0, 0, 0.17%, 7, 0, 10, 157.41
1735146605, 106, 15, 41, 0, 0, 0.17%, 7, 0, 10, 146.88
1735146610, 106, 23, 41, 0, 0, 0.17%, 7, 0, 10, 141.43
1735146616, 106, 27, 41, 0, 0, 0.17%, 7, 0, 10, 144.36
1735146626, 107, 1, 41, 0, 0, 0.17%, 7, 0, 10, 136.61
1735146631, 107, 11, 41, 0, 0, 0.17%, 7, 0, 10, 131.00
1735146636, 107, 13, 41, 0, 0, 0.17%, 7, 0, 10, 133.79
1735146642, 107, 15, 41, 0, 0, 0.17%, 7, 0, 10, 141.94
1735146647, 107, 23, 41, 0, 0, 0.17%, 7, 0, 10, 143.12
1735146652, 108, 13, 41, 0, 0, 0.17%, 7, 0, 10, 138.86
1735146657, 108, 15, 41, 0, 0, 0.17%, 7, 0, 10, 130.72
1735146662, 108, 23, 41, 0, 0, 0.17%, 7, 0, 10, 136.87
1735146667, 109, 10, 41, 0, 0, 0.17%, 7, 0, 10, 139.90
1735146672, 109, 13, 41, 0, 0, 0.17%, 7, 0, 10, 133.60
1735146678, 109, 15, 41, 0, 0, 0.17%, 7, 0, 10, 132.23
1735146683, 109, 23, 41, 0, 0, 0.17%, 7, 0, 10, 135.77
1735146688, 109, 38, 41, 0, 0, 0.17%, 7, 0, 10, 141.75
1735146708, 110, 10, 41, 0, 0, 0.17%, 7, 0, 10, 145.46
1735146713, 110, 13, 41, 0, 0, 0.17%, 7, 0, 10, 137.03
1735146718, 110, 15, 41, 0, 0, 0.17%, 7, 0, 10, 143.45
1735146723, 110, 23, 41, 0, 0, 0.17%, 7, 0, 10, 138.57
1735146728, 110, 33, 41, 0, 0, 0.17%, 7, 0, 10, 145.62
1735146759, 111, 11, 41, 0, 0, 0.17%, 7, 0, 10, 138.59
1735146765, 111, 13, 41, 0, 0, 0.17%, 7, 0, 10, 140.26
1735146770, 111, 15, 41, 0, 0, 0.17%, 7, 0, 10, 133.31
1735146775, 111, 23, 41, 0, 0, 0.17%, 7, 0, 10, 136.73
1735146780, 111, 25, 41, 0, 0, 0.17%, 7, 0, 10, 149.51
1735146785, 112, 10, 41, 0, 0, 0.17%, 7, 0, 10, 148.01
1735146790, 112, 13, 41, 0, 0, 0.17%, 7, 0, 10, 138.93
1735146795, 112, 15, 41, 0, 0, 0.17%, 7, 0, 10, 136.73
1735146800, 112, 23, 41, 0, 0, 0.17%, 7, 0, 10, 137.04
1735146806, 113, 1, 41, 0, 0, 0.17%, 7, 0, 10, 135.75
1735146811, 113, 11, 41, 0, 0, 0.17%, 7, 0, 10, 131.99
1735146816, 113, 13, 41, 0, 0, 0.17%, 7, 0, 10, 139.16
1735146821, 113, 15, 41, 0, 0, 0.17%, 7, 0, 10, 136.50
1735146826, 113, 22, 41, 0, 0, 0.17%, 7, 0, 10, 132.95
1735146831, 113, 23, 41, 0, 0, 0.17%, 7, 0, 10, 138.33
1735146837, 114, 3, 41, 0, 0, 0.17%, 7, 0, 10, 137.26
1735146842, 114, 11, 41, 0, 0, 0.17%, 7, 0, 10, 134.73
1735146847, 114, 13, 41, 0, 0, 0.17%, 7, 0, 10, 140.31
1735146852, 114, 15, 41, 0, 0, 0.17%, 7, 0, 10, 140.57
1735146857, 114, 16, 41, 0, 0, 0.17%, 7, 0, 10, 142.05
1735146878, 114, 23, 41, 0, 0, 0.17%, 7, 0, 10, 138.04
1735146883, 115, 10, 41, 0, 0, 0.17%, 7, 0, 10, 141.30
1735146888, 115, 13, 41, 0, 0, 0.17%, 7, 0, 10, 134.98
1735146893, 115, 15, 41, 0, 0, 0.17%, 7, 0, 10, 134.46
1735146899, 115, 19, 41, 0, 0, 0.17%, 7, 0, 10, 146.32
1735146909, 115, 23, 41, 0, 0, 0.17%, 7, 0, 10, 135.24
1735146914, 116, 10, 41, 0, 0, 0.17%, 7, 0, 10, 142.75
1735146919, 116, 13, 41, 0, 0, 0.17%, 7, 0, 10, 140.69
1735146924, 116, 15, 41, 0, 0, 0.17%, 7, 0, 10, 137.08
1735146929, 116, 19, 41, 0, 0, 0.17%, 7, 0, 10, 146.93
1735146939, 116, 23, 41, 0, 0, 0.17%, 7, 0, 10, 143.47
1735146945, 117, 10, 41, 0, 0, 0.17%, 7, 0, 10, 134.56
1735146950, 117, 12, 41, 0, 0, 0.17%, 7, 0, 10, 154.41
1735146960, 117, 13, 41, 0, 0, 0.17%, 7, 0, 10, 136.46
1735146965, 117, 15, 41, 0, 0, 0.17%, 7, 0, 10, 138.01
1735146970, 117, 23, 41, 0, 0, 0.17%, 7, 0, 10, 143.47
1735146975, 118, 10, 41, 0, 0, 0.17%, 7, 0, 10, 137.88
1735146981, 118, 13, 41, 0, 0, 0.17%, 7, 0, 10, 138.43
1735146986, 118, 15, 41, 0, 0, 0.17%, 7, 0, 10, 139.31
1735146991, 118, 22, 41, 0, 0, 0.17%, 7, 0, 10, 136.08
1735147001, 118, 23, 41, 0, 0, 0.17%, 7, 0, 10, 132.26
1735147006, 118, 28, 41, 0, 0, 0.17%, 7, 0, 10, 139.84
1735147012, 119, 11, 41, 0, 0, 0.17%, 7, 0, 10, 139.26
1735147017, 119, 13, 41, 0, 0, 0.17%, 7, 0, 10, 143.58
1735147022, 119, 23, 41, 0, 0, 0.17%, 7, 0, 10, 145.16
1735147027, 119, 27, 41, 0, 0, 0.17%, 7, 0, 10, 140.42
1735147032, 119, 40, 41, 0, 0, 0.17%, 7, 0, 10, 139.36
1735147063, 120, 10, 41, 0, 0, 0.17%, 7, 0, 10, 148.72
1735147068, 120, 13, 41, 0, 0, 0.17%, 7, 0, 10, 140.13
1735147073, 120, 14, 41, 0, 0, 0.17%, 7, 0, 10, 144.13
1735147083, 120, 15, 41, 0, 0, 0.17%, 7, 0, 10, 131.88
1735147089, 120, 23, 41, 0, 0, 0.17%, 7, 0, 10, 138.96
1735147094, 120, 24, 41, 0, 0, 0.17%, 7, 0, 10, 140.74
1735147114, 120, 27, 41, 0, 0, 0.17%, 7, 0, 10, 143.26
1735147119, 121, 1, 41, 0, 0, 0.17%, 7, 0, 10, 145.53
1735147125, 121, 13, 41, 0, 0, 0.17%, 7, 0, 10, 138.78
1735147130, 121, 15, 41, 0, 0, 0.17%, 7, 0, 10, 133.78
1735147135, 121, 23, 41, 0, 0, 0.17%, 7, 0, 10, 139.11
1735147140, 121, 38, 41, 0, 0, 0.17%, 7, 0, 10, 141.86
1735147160, 122, 10, 41, 0, 0, 0.17%, 7, 0, 10, 137.39
1735147165, 122, 13, 41, 0, 0, 0.17%, 7, 0, 10, 135.04
1735147171, 122, 15, 41, 0, 0, 0.17%, 7, 0, 10, 137.27
1735147176, 122, 23, 41, 0, 0, 0.17%, 7, 0, 10, 140.70
1735147181, 123, 7, 41, 0, 0, 0.17%, 7, 0, 10, 139.89
1735147186, 123, 13, 41, 0, 0, 0.17%, 7, 0, 10, 136.58
1735147191, 123, 15, 41, 0, 0, 0.17%, 7, 0, 10, 136.57
1735147196, 123, 23, 41, 0, 0, 0.17%, 7, 0, 10, 139.13
1735147202, 123, 25, 41, 0, 0, 0.17%, 7, 0, 10, 140.54
1735147212, 123, 27, 41, 0, 0, 0.17%, 7, 0, 10, 143.38
1735147217, 124, 1, 41, 0, 0, 0.17%, 7, 0, 10, 146.61
1735147222, 124, 13, 41, 0, 0, 0.17%, 7, 0, 10, 139.15
1735147227, 124, 15, 41, 0, 0, 0.17%, 7, 0, 10, 134.28
1735147233, 124, 18, 41, 0, 0, 0.17%, 7, 0, 10, 144.28
1735147243, 124, 23, 41, 0, 0, 0.17%, 7, 0, 10, 139.98
1735147248, 124, 25, 41, 0, 0, 0.17%, 7, 0, 10, 138.10
1735147253, 124, 35, 41, 0, 0, 0.17%, 7, 0, 10, 149.72
1735147284, 124, 40, 41, 0, 0, 0.17%, 7, 0, 10, 176.57
1735147309, 125, 10, 41, 0, 0, 0.17%, 7, 0, 10, 124.63
1735147314, 125, 13, 41, 0, 0, 0.17%, 7, 0, 10, 134.42
1735147319, 125, 15, 41, 0, 0, 0.17%, 7, 0, 10, 142.38
1735147325, 125, 18, 41, 0, 0, 0.17%, 7, 0, 10, 141.41
1735147335, 125, 23, 41, 0, 0, 0.17%, 7, 0, 10, 136.93
1735147340, 126, 9, 41, 0, 0, 0.17%, 7, 0, 10, 146.79
1735147345, 126, 11, 41, 0, 0, 0.17%, 7, 0, 10, 140.06
1735147350, 126, 13, 41, 0, 0, 0.17%, 7, 0, 10, 138.21
1735147355, 126, 15, 41, 0, 0, 0.17%, 7, 0, 10, 143.45
1735147361, 126, 23, 41, 0, 0, 0.17%, 7, 0, 10, 142.81
1735147366, 127, 13, 41, 0, 0, 0.17%, 7, 0, 10, 139.77
1735147371, 127, 15, 41, 0, 0, 0.17%, 7, 0, 10, 136.82
1735147376, 127, 16, 41, 0, 0, 0.17%, 7, 0, 10, 138.02
1735147386, 127, 23, 41, 0, 0, 0.17%, 7, 0, 10, 138.07
1735147391, 127, 30, 41, 0, 0, 0.17%, 7, 0, 10, 135.81
1735147428, 127, 35, 41, 0, 0, 0.17%, 7, 0, 10, 180.45
1735147453, 128, 10, 41, 0, 0, 0.17%, 7, 0, 10, 136.68
1735147458, 128, 13, 41, 0, 0, 0.17%, 7, 0, 10, 139.19
1735147464, 128, 15, 41, 0, 0, 0.17%, 7, 0, 10, 139.21
1735147469, 128, 22, 41, 0, 0, 0.17%, 7, 0, 10, 134.62
1735147479, 128, 23, 41, 0, 0, 0.17%, 7, 0, 10, 141.92
1735147484, 128, 40, 41, 0, 0, 0.17%, 7, 0, 10, 175.40
1735147509, 129, 10, 41, 0, 0, 0.17%, 7, 0, 10, 139.63
1735147515, 129, 13, 41, 0, 0, 0.17%, 7, 0, 10, 138.08
1735147520, 129, 15, 41, 0, 0, 0.17%, 7, 0, 10, 139.25
1735147525, 129, 17, 41, 0, 0, 0.17%, 7, 0, 10, 143.89
1735147545, 129, 23, 41, 0, 0, 0.17%, 7, 0, 10, 134.52
1735147550, 130, 10, 41, 0, 0, 0.17%, 7, 0, 10, 133.02
1735147556, 130, 13, 41, 0, 0, 0.17%, 7, 0, 10, 130.97
1735147561, 130, 15, 41, 0, 0, 0.17%, 7, 0, 10, 130.71
1735147566, 130, 23, 41, 0, 0, 0.17%, 7, 0, 10, 136.38
1735147571, 130, 27, 41, 0, 0, 0.17%, 7, 0, 10, 145.54
1735147576, 131, 10, 41, 0, 0, 0.17%, 7, 0, 10, 136.41
1735147581, 131, 13, 41, 0, 0, 0.17%, 7, 0, 10, 134.93
1735147587, 131, 15, 41, 0, 0, 0.17%, 7, 0, 10, 134.84
1735147592, 131, 23, 41, 0, 0, 0.17%, 7, 0, 10, 137.44
1735147597, 132, 0, 41, 0, 0, 0.17%, 7, 0, 10, 133.55
1735147602, 132, 11, 41, 0, 0, 0.17%, 7, 0, 10, 138.10
1735147607, 132, 13, 41, 0, 0, 0.17%, 7, 0, 10, 134.13
1735147612, 132, 15, 41, 0, 0, 0.17%, 7, 0, 10, 135.60
1735147617, 132, 23, 41, 0, 0, 0.17%, 7, 0, 10, 142.36
1735147623, 133, 5, 41, 0, 0, 0.17%, 7, 0, 10, 142.45
1735147628, 133, 11, 41, 0, 0, 0.17%, 7, 0, 10, 142.30
1735147633, 133, 13, 41, 0, 0, 0.17%, 7, 0, 10, 145.32
1735147638, 133, 15, 41, 0, 0, 0.17%, 7, 0, 10, 145.59
1735147643, 133, 23, 41, 0, 0, 0.17%, 7, 0, 10, 138.32
1735147648, 134, 10, 41, 0, 0, 0.17%, 7, 0, 10, 140.00
1735147653, 134, 13, 41, 0, 0, 0.17%, 7, 0, 10, 136.38
1735147659, 134, 15, 41, 0, 0, 0.17%, 7, 0, 10, 138.76
1735147664, 134, 20, 41, 0, 0, 0.17%, 7, 0, 10, 157.39
1735147684, 134, 23, 41, 0, 0, 0.17%, 7, 0, 10, 137.62
1735147689, 135, 11, 41, 0, 0, 0.17%, 7, 0, 10, 144.29
1735147694, 135, 13, 41, 0, 0, 0.17%, 7, 0, 10, 135.28
1735147700, 135, 15, 41, 0, 0, 0.17%, 7, 0, 10, 142.03
1735147705, 135, 23, 41, 0, 0, 0.17%, 7, 0, 10, 138.45
1735147710, 136, 10, 41, 0, 0, 0.17%, 7, 0, 10, 134.39
1735147715, 136, 13, 41, 0, 0, 0.17%, 7, 0, 10, 134.52
1735147720, 136, 15, 41, 0, 0, 0.17%, 7, 0, 10, 134.77
1735147725, 136, 22, 41, 0, 0, 0.17%, 7, 0, 10, 141.17
1735147731, 136, 23, 41, 0, 0, 0.17%, 7, 0, 10, 138.59
1735147736, 136, 24, 41, 0, 0, 0.17%, 7, 0, 10, 139.79
1735147746, 136, 35, 41, 0, 0, 0.17%, 7, 0, 10, 148.63
1735147761, 137, 10, 41, 0, 0, 0.17%, 7, 0, 10, 142.98
1735147767, 137, 13, 41, 0, 0, 0.17%, 7, 0, 10, 137.68
1735147772, 137, 15, 41, 0, 0, 0.17%, 7, 0, 10, 139.12
1735147777, 137, 23, 41, 0, 0, 0.17%, 7, 0, 10, 139.99
1735147782, 138, 1, 41, 0, 0, 0.17%, 7, 0, 10, 150.74
1735147787, 138, 11, 41, 0, 0, 0.17%, 7, 0, 10, 141.33
1735147792, 138, 13, 41, 0, 0, 0.17%, 7, 0, 10, 143.27
1735147797, 138, 15, 41, 0, 0, 0.17%, 7, 0, 10, 140.94
1735147802, 138, 23, 41, 0, 0, 0.17%, 7, 0, 10, 143.96
1735147808, 138, 30, 41, 0, 0, 0.17%, 7, 0, 10, 139.77
1735147823, 139, 7, 41, 0, 0, 0.17%, 7, 0, 10, 139.36
1735147828, 139, 13, 41, 0, 0, 0.17%, 7, 0, 10, 140.14
1735147834, 139, 15, 41, 0, 0, 0.17%, 7, 0, 10, 137.45
1735147839, 139, 23, 41, 0, 0, 0.17%, 7, 0, 10, 140.96
1735147844, 139, 28, 41, 0, 0, 0.17%, 7, 0, 10, 139.88
1735147849, 139, 32, 41, 0, 0, 0.17%, 7, 0, 10, 144.20
1735147885, 140, 10, 41, 0, 0, 0.17%, 7, 0, 10, 137.80
1735147890, 140, 13, 41, 0, 0, 0.17%, 7, 0, 10, 130.89
1735147895, 140, 15, 41, 0, 0, 0.17%, 7, 0, 10, 139.08
1735147900, 140, 23, 41, 0, 0, 0.17%, 7, 0, 10, 140.73
1735147905, 141, 2, 41, 0, 0, 0.17%, 7, 0, 10, 140.07
1735147910, 141, 10, 41, 0, 0, 0.17%, 7, 0, 10, 134.78
1735147916, 141, 13, 41, 0, 0, 0.17%, 7, 0, 10, 138.81
1735147921, 141, 15, 41, 0, 0, 0.17%, 7, 0, 10, 139.38
1735147926, 141, 19, 41, 0, 0, 0.17%, 7, 0, 10, 148.08
1735147936, 141, 23, 41, 0, 0, 0.17%, 7, 0, 10, 136.10
1735147941, 141, 37, 41, 0, 0, 0.17%, 7, 0, 10, 160.42
1735147962, 142, 11, 41, 0, 0, 0.17%, 7, 0, 10, 139.08
1735147967, 142, 12, 41, 0, 0, 0.17%, 7, 0, 10, 146.15
1735147977, 142, 13, 41, 0, 0, 0.17%, 7, 0, 10, 136.47
1735147982, 142, 15, 41, 0, 0, 0.17%, 7, 0, 10, 133.21
1735147987, 142, 23, 41, 0, 0, 0.17%, 7, 0, 10, 141.41
1735147992, 142, 38, 41, 0, 0, 0.17%, 7, 0, 10, 164.54
1735148013, 143, 11, 41, 0, 0, 0.17%, 7, 0, 10, 137.13
1735148018, 143, 13, 41, 0, 0, 0.17%, 7, 0, 10, 135.44
1735148023, 143, 15, 41, 0, 0, 0.17%, 7, 0, 10, 141.25
1735148028, 143, 22, 41, 0, 0, 0.17%, 7, 0, 10, 135.30
1735148034, 143, 23, 41, 0, 0, 0.17%, 7, 0, 10, 142.00
1735148039, 144, 13, 41, 0, 0, 0.17%, 7, 0, 10, 139.42
1735148044, 144, 15, 41, 0, 0, 0.17%, 7, 0, 10, 141.13
1735148049, 144, 23, 41, 0, 0, 0.17%, 7, 0, 10, 141.58
1735148054, 145, 7, 41, 0, 0, 0.17%, 7, 0, 10, 131.58
1735148059, 145, 11, 41, 0, 0, 0.17%, 7, 0, 10, 144.14
1735148064, 145, 13, 41, 0, 0, 0.17%, 7, 0, 10, 134.45
1735148070, 145, 15, 41, 0, 0, 0.17%, 7, 0, 10, 138.28
1735148075, 145, 23, 41, 0, 0, 0.17%, 7, 0, 10, 141.76
1735148080, 145, 35, 41, 0, 0, 0.17%, 7, 0, 10, 174.10
