# unix_time, cycles_done, cur_path, paths_total, pending_total, pending_favs, map_size, unique_crashes, unique_hangs, max_depth, execs_per_sec
1734095143, 0, 0, 10, 10, 1, 0.01%, 0, 0, 1, 82.05
1734095148, 0, 4, 10, 10, 1, 0.01%, 0, 0, 1, 101.59
1734095158, 0, 5, 10, 9, 0, 0.01%, 0, 0, 1, 105.53
1734095168, 0, 6, 10, 8, 0, 0.01%, 0, 0, 1, 106.02
1734095173, 0, 7, 10, 7, 0, 0.01%, 0, 0, 1, 103.87
1734095183, 0, 8, 10, 6, 0, 0.01%, 0, 0, 1, 99.32
1734095194, 0, 9, 10, 5, 0, 0.01%, 0, 0, 1, 99.54
1734095204, 1, 0, 10, 4, 0, 0.01%, 0, 0, 1, 97.86
1734095219, 1, 1, 10, 3, 0, 0.01%, 0, 0, 1, 89.10
1734095230, 1, 2, 10, 2, 0, 0.01%, 0, 0, 1, 95.04
1734095245, 1, 3, 10, 1, 0, 0.01%, 0, 0, 1, 88.69
1734095255, 1, 4, 10, 0, 0, 0.01%, 0, 0, 1, 101.13
1734095260, 1, 5, 10, 0, 0, 0.01%, 0, 0, 1, 101.31
1734095265, 1, 7, 10, 0, 0, 0.01%, 0, 0, 1, 99.59
1734095271, 1, 8, 10, 0, 0, 0.01%, 0, 0, 1, 99.25
1734095276, 2, 0, 10, 0, 0, 0.01%, 0, 0, 1, 100.91
1734095281, 2, 1, 10, 0, 0, 0.01%, 0, 0, 1, 99.84
1734095286, 2, 2, 10, 0, 0, 0.01%, 0, 0, 1, 99.74
1734095291, 2, 4, 10, 0, 0, 0.01%, 0, 0, 1, 102.17
1734095296, 2, 5, 10, 0, 0, 0.01%, 0, 0, 1, 102.26
1734095301, 2, 7, 10, 0, 0, 0.01%, 0, 0, 1, 99.64
1734095306, 2, 8, 10, 0, 0, 0.01%, 0, 0, 1, 98.75
1734095311, 2, 9, 10, 0, 0, 0.01%, 0, 0, 1, 101.93
1734095316, 3, 1, 10, 0, 0, 0.01%, 0, 0, 1, 100.55
1734095321, 3, 2, 10, 0, 0, 0.01%, 0, 0, 1, 100.85
1734095327, 3, 4, 10, 0, 0, 0.01%, 0, 0, 1, 99.91
1734095332, 3, 5, 10, 0, 0, 0.01%, 0, 0, 1, 99.11
1734095337, 3, 6, 10, 0, 0, 0.01%, 0, 0, 1, 100.00
1734095342, 3, 8, 10, 0, 0, 0.01%, 0, 0, 1, 98.81
1734095347, 3, 9, 10, 0, 0, 0.01%, 0, 0, 1, 100.63
1734095352, 4, 0, 10, 0, 0, 0.01%, 0, 0, 1, 98.33
1734095357, 4, 2, 10, 0, 0, 0.01%, 0, 0, 1, 99.40
1734095362, 4, 3, 10, 0, 0, 0.01%, 0, 0, 1, 100.08
1734095368, 4, 5, 10, 0, 0, 0.01%, 0, 0, 1, 100.60
1734095373, 4, 6, 10, 0, 0, 0.01%, 0, 0, 1, 100.13
1734095378, 4, 7, 10, 0, 0, 0.01%, 0, 0, 1, 99.63
1734095383, 4, 9, 10, 0, 0, 0.01%, 0, 0, 1, 102.06
1734095388, 5, 0, 10, 0, 0, 0.01%, 0, 0, 1, 101.20
1734095393, 5, 2, 10, 0, 0, 0.01%, 0, 0, 1, 102.58
1734095398, 5, 3, 10, 0, 0, 0.01%, 0, 0, 1, 100.77
1734095403, 5, 4, 10, 0, 0, 0.01%, 0, 0, 1, 100.98
1734095408, 5, 6, 10, 0, 0, 0.01%, 0, 0, 1, 99.78
1734095413, 5, 7, 10, 0, 0, 0.01%, 0, 0, 1, 99.84
1734095418, 5, 9, 10, 0, 0, 0.01%, 0, 0, 1, 100.54
1734095424, 6, 0, 10, 0, 0, 0.01%, 0, 0, 1, 100.46
1734095429, 6, 1, 10, 0, 0, 0.01%, 0, 0, 1, 99.02
1734095434, 6, 3, 10, 0, 0, 0.01%, 0, 0, 1, 100.45
1734095439, 6, 4, 10, 0, 0, 0.01%, 0, 0, 1, 98.56
1734095444, 6, 6, 10, 0, 0, 0.01%, 0, 0, 1, 101.24
1734095449, 6, 7, 10, 0, 0, 0.01%, 0, 0, 1, 101.39
1734095454, 6, 8, 10, 0, 0, 0.01%, 0, 0, 1, 101.21
1734095460, 7, 0, 10, 0, 0, 0.01%, 0, 0, 1, 99.92
1734095465, 7, 1, 10, 0, 0, 0.01%, 0, 0, 1, 100.95
1734095470, 7, 3, 10, 0, 0, 0.01%, 0, 0, 1, 101.00
1734095475, 7, 4, 10, 0, 0, 0.01%, 0, 0, 1, 102.23
1734095480, 7, 5, 10, 0, 0, 0.01%, 0, 0, 1, 97.29
1734095485, 7, 7, 10, 0, 0, 0.01%, 0, 0, 1, 101.36
1734095490, 7, 8, 10, 0, 0, 0.01%, 0, 0, 1, 101.46
1734095496, 8, 0, 10, 0, 0, 0.01%, 0, 0, 1, 98.77
1734095501, 8, 1, 10, 0, 0, 0.01%, 0, 0, 1, 98.72
1734095506, 8, 2, 10, 0, 0, 0.01%, 0, 0, 1, 98.42
1734095511, 8, 4, 10, 0, 0, 0.01%, 0, 0, 1, 99.54
1734095516, 8, 5, 10, 0, 0, 0.01%, 0, 0, 1, 100.59
1734095521, 8, 7, 10, 0, 0, 0.01%, 0, 0, 1, 102.26
1734095526, 8, 8, 10, 0, 0, 0.01%, 0, 0, 1, 100.07
1734095531, 8, 9, 10, 0, 0, 0.01%, 0, 0, 1, 102.19
1734095536, 9, 1, 10, 0, 0, 0.01%, 0, 0, 1, 100.65
1734095541, 9, 2, 10, 0, 0, 0.01%, 0, 0, 1, 100.67
1734095547, 9, 3, 10, 0, 0, 0.01%, 0, 0, 1, 99.40
1734095552, 9, 5, 10, 0, 0, 0.01%, 0, 0, 1, 99.21
1734095557, 9, 6, 10, 0, 0, 0.01%, 0, 0, 1, 99.73
1734095562, 9, 8, 10, 0, 0, 0.01%, 0, 0, 1, 100.35
1734095567, 9, 9, 10, 0, 0, 0.01%, 0, 0, 1, 102.49
1734095572, 10, 0, 10, 0, 0, 0.01%, 0, 0, 1, 100.84
1734095577, 10, 2, 10, 0, 0, 0.01%, 0, 0, 1, 100.91
1734095582, 10, 3, 10, 0, 0, 0.01%, 0, 0, 1, 99.06
1734095588, 10, 5, 10, 0, 0, 0.01%, 0, 0, 1, 101.48
1734095593, 10, 6, 10, 0, 0, 0.01%, 0, 0, 1, 99.22
1734095598, 10, 7, 10, 0, 0, 0.01%, 0, 0, 1, 99.43
1734095603, 10, 9, 10, 0, 0, 0.01%, 0, 0, 1, 99.69
1734095608, 11, 0, 10, 0, 0, 0.01%, 0, 0, 1, 101.23
1734095613, 11, 2, 10, 0, 0, 0.01%, 0, 0, 1, 101.58
1734095618, 11, 3, 10, 0, 0, 0.01%, 0, 0, 1, 100.76
1734095623, 11, 4, 10, 0, 0, 0.01%, 0, 0, 1, 101.69
1734095629, 11, 6, 10, 0, 0, 0.01%, 0, 0, 1, 100.55
1734095634, 11, 7, 10, 0, 0, 0.01%, 0, 0, 1, 99.01
1734095639, 11, 9, 10, 0, 0, 0.01%, 0, 0, 1, 99.75
1734095644, 12, 0, 10, 0, 0, 0.01%, 0, 0, 1, 98.79
1734095649, 12, 1, 10, 0, 0, 0.01%, 0, 0, 1, 101.67
1734095654, 12, 3, 10, 0, 0, 0.01%, 0, 0, 1, 98.82
1734095660, 12, 4, 10, 0, 0, 0.01%, 0, 0, 1, 97.86
1734095665, 12, 6, 10, 0, 0, 0.01%, 0, 0, 1, 98.08
1734095670, 12, 7, 10, 0, 0, 0.01%, 0, 0, 1, 100.89
1734095675, 12, 8, 10, 0, 0, 0.01%, 0, 0, 1, 101.06
1734095680, 13, 0, 10, 0, 0, 0.01%, 0, 0, 1, 100.72
1734095685, 13, 1, 10, 0, 0, 0.01%, 0, 0, 1, 104.06
1734095690, 13, 3, 10, 0, 0, 0.01%, 0, 0, 1, 100.96
1734095695, 13, 4, 10, 0, 0, 0.01%, 0, 0, 1, 101.93
1734095700, 13, 5, 10, 0, 0, 0.01%, 0, 0, 1, 100.31
1734095706, 13, 7, 10, 0, 0, 0.01%, 0, 0, 1, 101.43
1734095711, 13, 8, 10, 0, 0, 0.01%, 0, 0, 1, 100.78
1734095716, 14, 0, 10, 0, 0, 0.01%, 0, 0, 1, 99.52
1734095721, 14, 1, 10, 0, 0, 0.01%, 0, 0, 1, 100.00
1734095726, 14, 3, 10, 0, 0, 0.01%, 0, 0, 1, 100.61
1734095731, 14, 4, 10, 0, 0, 0.01%, 0, 0, 1, 100.96
1734095737, 14, 5, 10, 0, 0, 0.01%, 0, 0, 1, 99.43
1734095742, 14, 7, 10, 0, 0, 0.01%, 0, 0, 1, 99.14
1734095747, 14, 8, 10, 0, 0, 0.01%, 0, 0, 1, 103.95
1734095752, 15, 0, 10, 0, 0, 0.01%, 0, 0, 1, 106.90
1734095757, 15, 1, 10, 0, 0, 0.01%, 0, 0, 1, 105.23
1734095762, 15, 2, 10, 0, 0, 0.01%, 0, 0, 1, 104.60
1734095767, 15, 4, 10, 0, 0, 0.01%, 0, 0, 1, 106.67
1734095772, 15, 5, 10, 0, 0, 0.01%, 0, 0, 1, 105.53
1734095777, 15, 7, 10, 0, 0, 0.01%, 0, 0, 1, 105.97
1734095782, 15, 8, 10, 0, 0, 0.01%, 0, 0, 1, 104.58
1734095788, 16, 0, 10, 0, 0, 0.01%, 0, 0, 1, 102.72
1734095793, 16, 1, 10, 0, 0, 0.01%, 0, 0, 1, 104.63
1734095798, 16, 3, 10, 0, 0, 0.01%, 0, 0, 1, 103.45
1734095803, 16, 4, 10, 0, 0, 0.01%, 0, 0, 1, 104.73
1734095808, 16, 5, 10, 0, 0, 0.01%, 0, 0, 1, 105.52
1734095813, 16, 7, 10, 0, 0, 0.01%, 0, 0, 1, 104.64
1734095818, 16, 8, 10, 0, 0, 0.01%, 0, 0, 1, 105.84
1734095823, 17, 0, 10, 0, 0, 0.01%, 0, 0, 1, 102.87
1734095828, 17, 1, 10, 0, 0, 0.01%, 0, 0, 1, 106.36
1734095833, 17, 3, 10, 0, 0, 0.01%, 0, 0, 1, 105.05
1734095838, 17, 4, 10, 0, 0, 0.01%, 0, 0, 1, 108.05
1734095843, 17, 6, 10, 0, 0, 0.01%, 0, 0, 1, 107.18
1734095848, 17, 7, 10, 0, 0, 0.01%, 0, 0, 1, 102.44
1734095853, 17, 8, 10, 0, 0, 0.01%, 0, 0, 1, 102.94
1734095858, 18, 0, 10, 0, 0, 0.01%, 0, 0, 1, 100.98
1734095863, 18, 1, 10, 0, 0, 0.01%, 0, 0, 1, 105.08
1734095868, 18, 3, 10, 0, 0, 0.01%, 0, 0, 1, 104.45
1734095873, 18, 4, 10, 0, 0, 0.01%, 0, 0, 1, 106.06
1734095878, 18, 6, 10, 0, 0, 0.01%, 0, 0, 1, 106.56
1734095883, 18, 7, 10, 0, 0, 0.01%, 0, 0, 1, 104.18
1734095888, 18, 8, 10, 0, 0, 0.01%, 0, 0, 1, 104.74
1734095893, 19, 0, 10, 0, 0, 0.01%, 0, 0, 1, 103.08
1734095898, 19, 1, 10, 0, 0, 0.01%, 0, 0, 1, 101.18
1734095904, 19, 3, 10, 0, 0, 0.01%, 0, 0, 1, 104.76
1734095909, 19, 4, 10, 0, 0, 0.01%, 0, 0, 1, 105.88
1734095914, 19, 6, 10, 0, 0, 0.01%, 0, 0, 1, 102.52
1734095919, 19, 7, 10, 0, 0, 0.01%, 0, 0, 1, 104.23
1734095924, 19, 8, 10, 0, 0, 0.01%, 0, 0, 1, 103.02
1734095929, 20, 0, 10, 0, 0, 0.01%, 0, 0, 1, 105.32
1734095934, 20, 1, 10, 0, 0, 0.01%, 0, 0, 1, 106.33
1734095939, 20, 3, 10, 0, 0, 0.01%, 0, 0, 1, 105.99
1734095944, 20, 4, 10, 0, 0, 0.01%, 0, 0, 1, 104.15
1734095949, 20, 6, 10, 0, 0, 0.01%, 0, 0, 1, 105.21
1734095954, 20, 7, 10, 0, 0, 0.01%, 0, 0, 1, 106.79
1734095959, 20, 9, 10, 0, 0, 0.01%, 0, 0, 1, 106.61
1734095965, 21, 0, 10, 0, 0, 0.01%, 0, 0, 1, 104.82
1734095970, 21, 2, 10, 0, 0, 0.01%, 0, 0, 1, 107.06
1734095975, 21, 3, 10, 0, 0, 0.01%, 0, 0, 1, 106.21
1734095980, 21, 4, 10, 0, 0, 0.01%, 0, 0, 1, 102.83
1734095985, 21, 6, 10, 0, 0, 0.01%, 0, 0, 1, 103.20
1734095990, 21, 7, 10, 0, 0, 0.01%, 0, 0, 1, 105.14
1734095995, 21, 9, 10, 0, 0, 0.01%, 0, 0, 1, 103.29
1734096000, 22, 0, 10, 0, 0, 0.01%, 0, 0, 1, 102.88
1734096005, 22, 2, 10, 0, 0, 0.01%, 0, 0, 1, 105.02
1734096010, 22, 3, 10, 0, 0, 0.01%, 0, 0, 1, 106.26
1734096015, 22, 5, 10, 0, 0, 0.01%, 0, 0, 1, 107.38
1734096020, 22, 6, 10, 0, 0, 0.01%, 0, 0, 1, 106.08
1734096025, 22, 8, 10, 0, 0, 0.01%, 0, 0, 1, 106.50
1734096030, 22, 9, 10, 0, 0, 0.01%, 0, 0, 1, 105.08
1734096036, 23, 0, 10, 0, 0, 0.01%, 0, 0, 1, 103.55
1734096041, 23, 2, 10, 0, 0, 0.01%, 0, 0, 1, 103.67
1734096046, 23, 3, 10, 0, 0, 0.01%, 0, 0, 1, 105.53
1734096051, 23, 5, 10, 0, 0, 0.01%, 0, 0, 1, 104.60
1734096056, 23, 6, 10, 0, 0, 0.01%, 0, 0, 1, 105.33
1734096061, 23, 8, 10, 0, 0, 0.01%, 0, 0, 1, 106.69
1734096066, 23, 9, 10, 0, 0, 0.01%, 0, 0, 1, 104.87
1734096071, 24, 1, 10, 0, 0, 0.01%, 0, 0, 1, 103.94
1734096076, 24, 2, 10, 0, 0, 0.01%, 0, 0, 1, 107.25
1734096082, 24, 4, 10, 0, 0, 0.01%, 0, 0, 1, 102.12
1734096087, 24, 5, 10, 0, 0, 0.01%, 0, 0, 1, 101.42
1734096092, 24, 6, 10, 0, 0, 0.01%, 0, 0, 1, 105.75
1734096097, 24, 8, 10, 0, 0, 0.01%, 0, 0, 1, 105.63
1734096102, 24, 9, 10, 0, 0, 0.01%, 0, 0, 1, 106.33
1734096107, 25, 1, 10, 0, 0, 0.01%, 0, 0, 1, 106.52
1734096112, 25, 2, 10, 0, 0, 0.01%, 0, 0, 1, 102.56
1734096117, 25, 4, 10, 0, 0, 0.01%, 0, 0, 1, 102.92
1734096122, 25, 5, 10, 0, 0, 0.01%, 0, 0, 1, 103.06
1734096127, 25, 7, 10, 0, 0, 0.01%, 0, 0, 1, 104.96
1734096132, 25, 8, 10, 0, 0, 0.01%, 0, 0, 1, 105.38
1734096137, 25, 9, 10, 0, 0, 0.01%, 0, 0, 1, 103.75
1734096142, 26, 1, 10, 0, 0, 0.01%, 0, 0, 1, 104.27
1734096147, 26, 2, 10, 0, 0, 0.01%, 0, 0, 1, 105.98
1734096152, 26, 4, 10, 0, 0, 0.01%, 0, 0, 1, 104.25
1734096158, 26, 5, 10, 0, 0, 0.01%, 0, 0, 1, 103.45
1734096163, 26, 7, 10, 0, 0, 0.01%, 0, 0, 1, 104.20
1734096168, 26, 8, 10, 0, 0, 0.01%, 0, 0, 1, 105.01
1734096173, 26, 9, 10, 0, 0, 0.01%, 0, 0, 1, 103.74
1734096178, 27, 1, 10, 0, 0, 0.01%, 0, 0, 1, 109.74
1734096183, 27, 2, 10, 0, 0, 0.01%, 0, 0, 1, 107.50
1734096188, 27, 4, 10, 0, 0, 0.01%, 0, 0, 1, 103.27
1734096193, 27, 5, 10, 0, 0, 0.01%, 0, 0, 1, 104.25
1734096198, 27, 7, 10, 0, 0, 0.01%, 0, 0, 1, 105.04
1734096203, 27, 8, 10, 0, 0, 0.01%, 0, 0, 1, 103.19
1734096208, 28, 0, 10, 0, 0, 0.01%, 0, 0, 1, 106.54
1734096213, 28, 1, 10, 0, 0, 0.01%, 0, 0, 1, 107.55
1734096219, 28, 3, 10, 0, 0, 0.01%, 0, 0, 1, 106.24
1734096224, 28, 4, 10, 0, 0, 0.01%, 0, 0, 1, 106.99
1734096229, 28, 5, 10, 0, 0, 0.01%, 0, 0, 1, 104.68
1734096234, 28, 7, 10, 0, 0, 0.01%, 0, 0, 1, 106.08
1734096239, 28, 8, 10, 0, 0, 0.01%, 0, 0, 1, 106.30
1734096244, 29, 0, 10, 0, 0, 0.01%, 0, 0, 1, 106.08
1734096249, 29, 1, 10, 0, 0, 0.01%, 0, 0, 1, 104.54
1734096254, 29, 3, 10, 0, 0, 0.01%, 0, 0, 1, 104.07
1734096259, 29, 4, 10, 0, 0, 0.01%, 0, 0, 1, 106.99
1734096264, 29, 6, 10, 0, 0, 0.01%, 0, 0, 1, 104.41
1734096269, 29, 7, 10, 0, 0, 0.01%, 0, 0, 1, 104.61
1734096274, 29, 9, 10, 0, 0, 0.01%, 0, 0, 1, 105.46
1734096279, 30, 0, 10, 0, 0, 0.01%, 0, 0, 1, 104.59
1734096285, 30, 1, 10, 0, 0, 0.01%, 0, 0, 1, 104.65
1734096290, 30, 3, 10, 0, 0, 0.01%, 0, 0, 1, 106.16
1734096295, 30, 4, 10, 0, 0, 0.01%, 0, 0, 1, 108.94
1734096300, 30, 6, 10, 0, 0, 0.01%, 0, 0, 1, 105.33
1734096305, 30, 7, 10, 0, 0, 0.01%, 0, 0, 1, 106.59
1734096310, 30, 9, 10, 0, 0, 0.01%, 0, 0, 1, 106.62
1734096315, 31, 0, 10, 0, 0, 0.01%, 0, 0, 1, 105.59
1734096320, 31, 10, 12, 2, 1, 0.16%, 2, 0, 3, 111.20
1734096325, 31, 10, 13, 3, 1, 0.16%, 3, 0, 3, 121.32
1734096406, 31, 11, 13, 2, 2, 0.16%, 3, 0, 3, 124.92
1734096482, 31, 12, 13, 1, 1, 0.16%, 3, 0, 3, 137.12
1734096487, 31, 12, 14, 2, 1, 0.16%, 3, 0, 4, 117.95
1734096538, 31, 12, 15, 3, 1, 0.17%, 4, 0, 4, 111.89
1734096553, 31, 12, 16, 4, 1, 0.17%, 4, 0, 4, 114.11
1734096583, 31, 12, 17, 5, 1, 0.17%, 4, 0, 4, 111.59
1734096613, 31, 14, 18, 5, 1, 0.17%, 5, 0, 5, 123.69
1734096644, 31, 14, 19, 6, 1, 0.17%, 5, 0, 5, 114.67
1734096654, 31, 14, 20, 7, 1, 0.17%, 5, 0, 5, 115.18
1734096735, 31, 14, 21, 8, 1, 0.17%, 5, 0, 5, 113.97
1734096775, 31, 14, 24, 11, 1, 0.17%, 5, 0, 5, 120.56
1734096791, 31, 17, 24, 10, 1, 0.17%, 5, 0, 5, 147.43
1734096801, 31, 17, 26, 12, 1, 0.17%, 5, 0, 6, 113.55
1734096922, 31, 18, 26, 11, 0, 0.17%, 5, 0, 6, 102.62
1734096958, 31, 18, 28, 13, 0, 0.17%, 5, 0, 6, 232.35
1734096974, 31, 18, 30, 15, 0, 0.17%, 5, 0, 6, 225.37
1734096989, 31, 18, 32, 17, 0, 0.17%, 6, 0, 6, 224.33
1734097267, 31, 18, 33, 18, 0, 0.17%, 6, 0, 6, 158.30
1734097287, 31, 18, 34, 19, 0, 0.17%, 6, 0, 6, 159.44
1734097343, 31, 20, 34, 18, 0, 0.17%, 6, 0, 6, 163.69
1734097353, 31, 20, 35, 19, 0, 0.17%, 6, 0, 6, 128.10
1734097358, 31, 20, 36, 20, 0, 0.17%, 6, 0, 6, 125.76
1734097474, 31, 23, 36, 19, 0, 0.17%, 6, 0, 6, 179.33
1734097515, 31, 23, 37, 20, 0, 0.17%, 6, 0, 6, 153.11
1734097596, 31, 26, 37, 19, 0, 0.17%, 6, 0, 6, 185.73
1734097657, 31, 28, 37, 18, 0, 0.17%, 6, 0, 6, 172.94
1734097785, 31, 33, 37, 17, 0, 0.17%, 6, 0, 6, 196.91
1734097820, 31, 33, 38, 18, 0, 0.17%, 6, 0, 7, 155.78
1734097906, 31, 34, 38, 17, 0, 0.17%, 6, 0, 7, 177.14
1734097942, 31, 34, 41, 20, 0, 0.17%, 6, 0, 7, 172.31
1734097952, 31, 35, 41, 19, 0, 0.17%, 6, 0, 7, 134.27
1734098200, 31, 36, 41, 18, 0, 0.17%, 6, 0, 7, 133.78
1734099086, 31, 39, 41, 17, 0, 0.17%, 6, 0, 7, 131.85
1734099535, 31, 39, 42, 18, 0, 0.17%, 7, 0, 8, 215.79
1734099575, 31, 40, 42, 17, 0, 0.17%, 7, 0, 8, 221.06
1734099889, 32, 11, 42, 16, 0, 0.17%, 7, 0, 8, 144.95
1734099900, 32, 12, 42, 16, 0, 0.17%, 7, 0, 8, 149.62
1734099910, 32, 13, 42, 16, 0, 0.17%, 7, 0, 8, 211.82
1734099971, 32, 14, 42, 15, 0, 0.17%, 7, 0, 8, 141.78
1734099986, 32, 15, 42, 15, 0, 0.17%, 7, 0, 8, 142.01
1734100043, 32, 17, 42, 14, 0, 0.17%, 7, 0, 8, 144.62
1734100063, 32, 22, 42, 14, 0, 0.17%, 7, 0, 8, 154.00
1734100109, 32, 30, 42, 13, 0, 0.17%, 7, 0, 8, 128.18
1734100296, 32, 39, 42, 12, 0, 0.17%, 7, 0, 8, 162.57
1734100317, 32, 41, 42, 12, 0, 0.17%, 7, 0, 8, 154.27
1734100790, 33, 11, 42, 11, 0, 0.17%, 7, 0, 8, 152.22
1734100800, 33, 12, 42, 11, 0, 0.17%, 7, 0, 8, 140.63
1734100810, 33, 14, 42, 11, 0, 0.17%, 7, 0, 8, 148.55
1734100826, 33, 17, 42, 11, 0, 0.17%, 7, 0, 8, 155.65
1734100846, 33, 21, 42, 11, 0, 0.17%, 7, 0, 8, 174.32
1734100902, 33, 25, 42, 10, 0, 0.17%, 7, 0, 8, 142.64
1734100948, 33, 30, 42, 9, 0, 0.17%, 7, 0, 8, 157.66
1734100963, 33, 31, 42, 9, 0, 0.17%, 7, 0, 8, 164.45
1734101151, 34, 11, 42, 8, 0, 0.17%, 7, 0, 8, 146.21
1734101161, 34, 12, 42, 8, 0, 0.17%, 7, 0, 8, 150.68
1734101166, 34, 14, 42, 8, 0, 0.17%, 7, 0, 8, 154.52
1734101186, 34, 16, 42, 8, 0, 0.17%, 7, 0, 8, 191.58
1734101232, 34, 17, 42, 7, 0, 0.17%, 7, 0, 8, 153.32
1734101252, 34, 37, 42, 7, 0, 0.17%, 7, 0, 8, 183.27
1734101324, 34, 38, 42, 6, 0, 0.17%, 7, 0, 8, 206.89
1734101636, 35, 11, 42, 5, 0, 0.17%, 7, 0, 8, 151.37
1734101646, 35, 12, 42, 5, 0, 0.17%, 7, 0, 8, 143.92
1734101652, 35, 14, 42, 5, 0, 0.17%, 7, 0, 8, 162.77
1734101672, 35, 17, 42, 5, 0, 0.17%, 7, 0, 8, 148.38
1734101692, 36, 11, 42, 5, 0, 0.17%, 7, 0, 8, 140.13
1734101703, 36, 12, 42, 5, 0, 0.17%, 7, 0, 8, 146.09
1734101713, 36, 14, 42, 5, 0, 0.17%, 7, 0, 8, 146.31
1734101728, 36, 17, 42, 5, 0, 0.17%, 7, 0, 8, 143.42
1734101749, 36, 21, 42, 5, 0, 0.17%, 7, 0, 8, 152.92
1734101769, 36, 29, 42, 5, 0, 0.17%, 7, 0, 8, 163.96
1734102026, 36, 32, 42, 4, 0, 0.17%, 7, 0, 8, 214.89
1734102077, 37, 11, 42, 3, 0, 0.17%, 7, 0, 8, 149.77
1734102087, 37, 12, 42, 3, 0, 0.17%, 7, 0, 8, 142.22
1734102097, 37, 14, 42, 3, 0, 0.17%, 7, 0, 8, 143.05
1734102113, 37, 17, 42, 3, 0, 0.17%, 7, 0, 8, 167.49
1734102138, 37, 18, 42, 3, 0, 0.17%, 7, 0, 8, 167.87
1734102153, 38, 11, 42, 3, 0, 0.17%, 7, 0, 8, 141.04
1734102158, 38, 12, 42, 3, 0, 0.17%, 7, 0, 8, 147.74
1734102163, 38, 14, 42, 3, 0, 0.17%, 7, 0, 8, 139.38
1734102173, 38, 17, 42, 3, 0, 0.17%, 7, 0, 8, 129.32
1734102183, 38, 19, 42, 3, 0, 0.17%, 7, 0, 8, 148.97
1734102229, 38, 22, 42, 2, 0, 0.17%, 7, 0, 8, 152.26
1734102249, 38, 26, 42, 2, 0, 0.17%, 7, 0, 8, 145.94
1734102264, 38, 37, 42, 2, 0, 0.17%, 7, 0, 8, 155.68
1734102285, 39, 11, 42, 2, 0, 0.17%, 7, 0, 8, 149.32
1734102290, 39, 14, 42, 2, 0, 0.17%, 7, 0, 8, 145.03
1734102300, 39, 17, 42, 2, 0, 0.17%, 7, 0, 8, 148.69
1734102310, 40, 11, 42, 2, 0, 0.17%, 7, 0, 8, 141.51
1734102315, 40, 12, 42, 2, 0, 0.17%, 7, 0, 8, 139.39
1734102320, 40, 13, 42, 2, 0, 0.17%, 7, 0, 8, 149.71
1734102340, 40, 14, 42, 2, 0, 0.17%, 7, 0, 8, 138.67
1734102350, 40, 17, 42, 2, 0, 0.17%, 7, 0, 8, 140.26
1734102361, 40, 31, 42, 2, 0, 0.17%, 7, 0, 8, 154.92
1734102376, 41, 11, 42, 2, 0, 0.17%, 7, 0, 8, 146.54
1734102381, 41, 14, 42, 2, 0, 0.17%, 7, 0, 8, 143.10
1734102386, 41, 17, 42, 2, 0, 0.17%, 7, 0, 8, 138.76
1734102391, 41, 24, 42, 2, 0, 0.17%, 7, 0, 8, 114.74
1734102745, 41, 31, 42, 1, 0, 0.17%, 7, 0, 8, 156.88
1734102760, 41, 37, 42, 1, 0, 0.17%, 7, 0, 8, 143.14
1734102780, 42, 10, 42, 1, 0, 0.17%, 7, 0, 8, 149.52
1734102791, 42, 12, 42, 1, 0, 0.17%, 7, 0, 8, 150.73
1734102796, 42, 14, 42, 1, 0, 0.17%, 7, 0, 8, 137.24
1734102801, 42, 17, 42, 1, 0, 0.17%, 7, 0, 8, 146.44
1734102806, 42, 39, 42, 1, 0, 0.17%, 7, 0, 8, 199.64
1734102821, 43, 11, 42, 1, 0, 0.17%, 7, 0, 8, 142.84
1734102826, 43, 14, 42, 1, 0, 0.17%, 7, 0, 8, 146.97
1734102832, 43, 17, 42, 1, 0, 0.17%, 7, 0, 8, 139.51
1734102837, 43, 31, 42, 1, 0, 0.17%, 7, 0, 8, 154.51
1734102857, 44, 11, 42, 1, 0, 0.17%, 7, 0, 8, 138.09
1734102862, 44, 14, 42, 1, 0, 0.17%, 7, 0, 8, 141.58
1734102867, 44, 17, 42, 1, 0, 0.17%, 7, 0, 8, 149.31
1734102872, 44, 23, 42, 1, 0, 0.17%, 7, 0, 8, 145.80
1734102898, 45, 12, 42, 1, 0, 0.17%, 7, 0, 8, 148.00
1734102903, 45, 14, 42, 1, 0, 0.17%, 7, 0, 8, 144.17
1734102908, 45, 16, 42, 1, 0, 0.17%, 7, 0, 8, 141.74
1734102928, 45, 17, 42, 1, 0, 0.17%, 7, 0, 8, 147.87
1734102933, 46, 14, 42, 1, 0, 0.17%, 7, 0, 8, 143.77
1734102938, 46, 17, 42, 1, 0, 0.17%, 7, 0, 8, 142.92
1734102943, 47, 9, 42, 1, 0, 0.17%, 7, 0, 8, 142.34
1734102949, 47, 12, 42, 1, 0, 0.17%, 7, 0, 8, 132.32
1734102954, 47, 14, 42, 1, 0, 0.17%, 7, 0, 8, 151.20
1734102959, 47, 15, 42, 1, 0, 0.17%, 7, 0, 8, 139.40
1734102974, 47, 17, 42, 1, 0, 0.17%, 7, 0, 8, 140.90
1734102979, 47, 19, 42, 1, 0, 0.17%, 7, 0, 8, 155.96
1734102999, 47, 27, 42, 1, 0, 0.17%, 7, 0, 8, 148.50
1734103051, 47, 35, 42, 0, 0, 0.17%, 7, 0, 8, 140.69
1734103071, 47, 40, 42, 0, 0, 0.17%, 7, 0, 8, 163.07
1734103092, 48, 11, 42, 0, 0, 0.17%, 7, 0, 8, 147.81
1734103097, 48, 14, 42, 0, 0, 0.17%, 7, 0, 8, 140.35
1734103102, 48, 17, 42, 0, 0, 0.17%, 7, 0, 8, 146.10
1734103107, 48, 18, 42, 0, 0, 0.17%, 7, 0, 8, 163.35
1734103122, 49, 5, 42, 0, 0, 0.17%, 7, 0, 8, 130.90
1734103127, 49, 11, 42, 0, 0, 0.17%, 7, 0, 8, 142.08
1734103132, 49, 14, 42, 0, 0, 0.17%, 7, 0, 8, 132.48
1734103137, 49, 17, 42, 0, 0, 0.17%, 7, 0, 8, 143.65
1734103143, 49, 40, 42, 0, 0, 0.17%, 7, 0, 8, 182.68
1734103158, 50, 11, 42, 0, 0, 0.17%, 7, 0, 8, 177.18
1734103163, 50, 14, 42, 0, 0, 0.17%, 7, 0, 8, 142.76
1734103168, 50, 17, 42, 0, 0, 0.17%, 7, 0, 8, 138.67
1734103173, 51, 2, 42, 0, 0, 0.17%, 7, 0, 8, 151.90
1734103178, 51, 11, 42, 0, 0, 0.17%, 7, 0, 8, 145.13
1734103183, 51, 14, 42, 0, 0, 0.17%, 7, 0, 8, 143.61
1734103188, 51, 17, 42, 0, 0, 0.17%, 7, 0, 8, 138.58
1734103193, 52, 10, 42, 0, 0, 0.17%, 7, 0, 8, 143.70
1734103204, 52, 11, 42, 0, 0, 0.17%, 7, 0, 8, 145.85
1734103209, 52, 14, 42, 0, 0, 0.17%, 7, 0, 8, 139.46
1734103214, 52, 15, 42, 0, 0, 0.17%, 7, 0, 8, 137.94
1734103234, 52, 17, 42, 0, 0, 0.17%, 7, 0, 8, 141.88
1734103239, 52, 29, 42, 0, 0, 0.17%, 7, 0, 8, 151.92
1734103260, 52, 32, 42, 0, 0, 0.17%, 7, 0, 8, 154.21
1734103280, 52, 36, 42, 0, 0, 0.17%, 7, 0, 8, 163.90
1734103295, 52, 40, 42, 0, 0, 0.17%, 7, 0, 8, 160.17
1734103315, 53, 12, 42, 0, 0, 0.17%, 7, 0, 8, 146.34
1734103320, 53, 14, 42, 0, 0, 0.17%, 7, 0, 8, 151.50
1734103325, 54, 11, 42, 0, 0, 0.17%, 7, 0, 8, 152.11
1734103331, 54, 14, 42, 0, 0, 0.17%, 7, 0, 8, 148.84
1734103336, 54, 17, 42, 0, 0, 0.17%, 7, 0, 8, 136.17
1734103341, 54, 25, 42, 0, 0, 0.17%, 7, 0, 8, 143.51
1734103361, 55, 11, 42, 0, 0, 0.17%, 7, 0, 8, 154.04
1734103366, 55, 14, 42, 0, 0, 0.17%, 7, 0, 8, 140.84
1734103371, 55, 17, 42, 0, 0, 0.17%, 7, 0, 8, 146.74
1734103376, 55, 28, 42, 0, 0, 0.17%, 7, 0, 8, 155.77
1734103396, 55, 39, 42, 0, 0, 0.17%, 7, 0, 8, 195.99
1734103411, 56, 11, 42, 0, 0, 0.17%, 7, 0, 8, 149.26
1734103417, 56, 14, 42, 0, 0, 0.17%, 7, 0, 8, 145.49
1734103422, 56, 17, 42, 0, 0, 0.17%, 7, 0, 8, 136.07
1734103427, 56, 23, 42, 0, 0, 0.17%, 7, 0, 8, 137.02
1734103447, 56, 32, 42, 0, 0, 0.17%, 7, 0, 8, 155.41
1734103467, 57, 2, 42, 0, 0, 0.17%, 7, 0, 8, 148.55
1734103472, 57, 12, 42, 0, 0, 0.17%, 7, 0, 8, 149.70
1734103478, 57, 14, 42, 0, 0, 0.17%, 7, 0, 8, 149.77
1734103483, 57, 17, 42, 0, 0, 0.17%, 7, 0, 8, 142.22
1734103488, 57, 29, 42, 0, 0, 0.17%, 7, 0, 8, 160.34
1734103503, 57, 33, 42, 0, 0, 0.17%, 7, 0, 8, 156.59
1734103523, 58, 12, 42, 0, 0, 0.17%, 7, 0, 8, 139.41
1734103529, 58, 14, 42, 0, 0, 0.17%, 7, 0, 8, 136.65
1734103534, 58, 17, 42, 0, 0, 0.17%, 7, 0, 8, 151.77
1734103539, 58, 26, 42, 0, 0, 0.17%, 7, 0, 8, 152.70
1734103554, 59, 9, 42, 0, 0, 0.17%, 7, 0, 8, 143.18
1734103559, 59, 12, 42, 0, 0, 0.17%, 7, 0, 8, 150.68
1734103564, 59, 14, 42, 0, 0, 0.17%, 7, 0, 8, 144.87
1734103569, 59, 30, 42, 0, 0, 0.17%, 7, 0, 8, 161.61
1734103590, 59, 39, 42, 0, 0, 0.17%, 7, 0, 8, 184.56
1734103605, 60, 11, 42, 0, 0, 0.17%, 7, 0, 8, 145.02
1734103610, 60, 14, 42, 0, 0, 0.17%, 7, 0, 8, 142.72
1734103615, 60, 16, 42, 0, 0, 0.17%, 7, 0, 8, 140.54
1734103635, 60, 17, 42, 0, 0, 0.17%, 7, 0, 8, 147.73
1734103640, 61, 4, 42, 0, 0, 0.17%, 7, 0, 8, 152.23
1734103645, 61, 14, 42, 0, 0, 0.17%, 7, 0, 8, 147.46
1734103650, 61, 17, 42, 0, 0, 0.17%, 7, 0, 8, 141.68
1734103655, 61, 32, 42, 0, 0, 0.17%, 7, 0, 8, 155.26
1734103676, 62, 12, 42, 0, 0, 0.17%, 7, 0, 8, 145.06
1734103681, 62, 14, 42, 0, 0, 0.17%, 7, 0, 8, 135.01
1734103686, 62, 17, 42, 0, 0, 0.17%, 7, 0, 8, 140.14
1734103691, 62, 26, 42, 0, 0, 0.17%, 7, 0, 8, 144.89
1734103706, 63, 11, 42, 0, 0, 0.17%, 7, 0, 8, 146.17
1734103711, 63, 13, 42, 0, 0, 0.17%, 7, 0, 8, 153.74
1734103732, 63, 14, 42, 0, 0, 0.17%, 7, 0, 8, 125.24
1734103737, 63, 17, 42, 0, 0, 0.17%, 7, 0, 8, 137.85
1734103742, 63, 37, 42, 0, 0, 0.17%, 7, 0, 8, 151.61
1734103762, 63, 39, 42, 0, 0, 0.17%, 7, 0, 8, 197.67
1734103777, 64, 11, 42, 0, 0, 0.17%, 7, 0, 8, 139.50
1734103782, 64, 14, 42, 0, 0, 0.17%, 7, 0, 8, 138.07
1734103787, 64, 17, 42, 0, 0, 0.17%, 7, 0, 8, 140.06
1734103793, 64, 24, 42, 0, 0, 0.17%, 7, 0, 8, 166.27
1734103813, 64, 35, 42, 0, 0, 0.17%, 7, 0, 8, 190.53
1734103828, 65, 8, 42, 0, 0, 0.17%, 7, 0, 8, 141.35
1734103833, 65, 14, 42, 0, 0, 0.17%, 7, 0, 8, 149.86
1734103838, 65, 17, 42, 0, 0, 0.17%, 7, 0, 8, 142.32
1734103843, 65, 36, 42, 0, 0, 0.17%, 7, 0, 8, 159.70
1734103858, 66, 2, 42, 0, 0, 0.17%, 7, 0, 8, 148.56
1734103863, 66, 12, 42, 0, 0, 0.17%, 7, 0, 8, 151.99
1734103868, 66, 14, 42, 0, 0, 0.17%, 7, 0, 8, 143.66
1734103873, 66, 17, 42, 0, 0, 0.17%, 7, 0, 8, 146.07
1734103879, 67, 12, 42, 0, 0, 0.17%, 7, 0, 8, 141.65
1734103884, 67, 14, 42, 0, 0, 0.17%, 7, 0, 8, 144.64
1734103889, 67, 15, 42, 0, 0, 0.17%, 7, 0, 8, 131.90
1734103909, 67, 17, 42, 0, 0, 0.17%, 7, 0, 8, 138.09
1734103914, 67, 40, 42, 0, 0, 0.17%, 7, 0, 8, 184.74
1734103934, 68, 14, 42, 0, 0, 0.17%, 7, 0, 8, 148.13
1734103945, 68, 17, 42, 0, 0, 0.17%, 7, 0, 8, 136.31
1734103950, 68, 31, 42, 0, 0, 0.17%, 7, 0, 8, 148.03
1734103965, 68, 41, 42, 0, 0, 0.17%, 7, 0, 8, 174.02
1734103990, 69, 11, 42, 0, 0, 0.17%, 7, 0, 8, 151.44
1734103995, 69, 14, 42, 0, 0, 0.17%, 7, 0, 8, 144.16
1734104000, 69, 17, 42, 0, 0, 0.17%, 7, 0, 8, 149.15
1734104005, 69, 20, 42, 0, 0, 0.17%, 7, 0, 8, 141.94
1734104026, 69, 39, 42, 0, 0, 0.17%, 7, 0, 8, 186.98
1734104041, 70, 1, 42, 0, 0, 0.17%, 7, 0, 8, 135.86
1734104046, 70, 14, 42, 0, 0, 0.17%, 7, 0, 8, 138.66
1734104051, 70, 17, 42, 0, 0, 0.17%, 7, 0, 8, 143.57
1734104057, 71, 11, 42, 0, 0, 0.17%, 7, 0, 8, 144.13
1734104062, 71, 14, 42, 0, 0, 0.17%, 7, 0, 8, 143.05
1734104067, 71, 17, 42, 0, 0, 0.17%, 7, 0, 8, 143.56
1734104072, 71, 34, 42, 0, 0, 0.17%, 7, 0, 8, 142.44
1734104092, 71, 40, 42, 0, 0, 0.17%, 7, 0, 8, 201.38
1734104108, 72, 11, 42, 0, 0, 0.17%, 7, 0, 8, 146.65
1734104113, 72, 14, 42, 0, 0, 0.17%, 7, 0, 8, 143.72
1734104118, 72, 17, 42, 0, 0, 0.17%, 7, 0, 8, 137.15
1734104123, 73, 11, 42, 0, 0, 0.17%, 7, 0, 8, 148.26
1734104128, 73, 14, 42, 0, 0, 0.17%, 7, 0, 8, 148.94
1734104133, 73, 17, 42, 0, 0, 0.17%, 7, 0, 8, 138.70
1734104138, 74, 10, 42, 0, 0, 0.17%, 7, 0, 8, 139.98
1734104148, 74, 11, 42, 0, 0, 0.17%, 7, 0, 8, 138.43
1734104153, 74, 14, 42, 0, 0, 0.17%, 7, 0, 8, 136.95
1734104158, 74, 17, 42, 0, 0, 0.17%, 7, 0, 8, 139.39
1734104163, 74, 38, 42, 0, 0, 0.17%, 7, 0, 8, 175.26
1734104179, 75, 11, 42, 0, 0, 0.17%, 7, 0, 8, 160.49
1734104184, 75, 14, 42, 0, 0, 0.17%, 7, 0, 8, 141.00
1734104189, 75, 17, 42, 0, 0, 0.17%, 7, 0, 8, 140.19
1734104194, 76, 6, 42, 0, 0, 0.17%, 7, 0, 8, 141.98
1734104199, 76, 10, 42, 0, 0, 0.17%, 7, 0, 8, 140.80
1734104209, 76, 12, 42, 0, 0, 0.17%, 7, 0, 8, 139.53
1734104215, 76, 14, 42, 0, 0, 0.17%, 7, 0, 8, 132.28
1734104220, 76, 17, 42, 0, 0, 0.17%, 7, 0, 8, 138.01
1734104225, 76, 21, 42, 0, 0, 0.17%, 7, 0, 8, 149.79
1734104245, 77, 12, 42, 0, 0, 0.17%, 7, 0, 8, 136.24
1734104250, 77, 14, 42, 0, 0, 0.17%, 7, 0, 8, 131.81
1734104256, 77, 16, 42, 0, 0, 0.17%, 7, 0, 8, 138.03
1734104276, 77, 17, 42, 0, 0, 0.17%, 7, 0, 8, 148.68
1734104281, 77, 33, 42, 0, 0, 0.17%, 7, 0, 8, 172.79
1734104296, 78, 11, 42, 0, 0, 0.17%, 7, 0, 8, 139.17
1734104301, 78, 14, 42, 0, 0, 0.17%, 7, 0, 8, 137.42
1734104307, 78, 17, 42, 0, 0, 0.17%, 7, 0, 8, 140.57
1734104312, 78, 21, 42, 0, 0, 0.17%, 7, 0, 8, 146.56
1734104332, 79, 11, 42, 0, 0, 0.17%, 7, 0, 8, 140.81
1734104337, 79, 14, 42, 0, 0, 0.17%, 7, 0, 8, 135.10
1734104342, 79, 17, 42, 0, 0, 0.17%, 7, 0, 8, 134.58
1734104347, 79, 27, 42, 0, 0, 0.17%, 7, 0, 8, 143.51
1734104363, 79, 31, 42, 0, 0, 0.17%, 7, 0, 8, 141.99
1734104383, 79, 34, 42, 0, 0, 0.17%, 7, 0, 8, 154.33
1734104403, 79, 41, 42, 0, 0, 0.17%, 7, 0, 8, 193.38
1734104429, 80, 11, 42, 0, 0, 0.17%, 7, 0, 8, 150.91
1734104434, 80, 14, 42, 0, 0, 0.17%, 7, 0, 8, 139.05
1734104439, 80, 17, 42, 0, 0, 0.17%, 7, 0, 8, 140.35
1734104444, 80, 20, 42, 0, 0, 0.17%, 7, 0, 8, 136.67
1734104464, 81, 11, 42, 0, 0, 0.17%, 7, 0, 8, 145.55
1734104469, 81, 14, 42, 0, 0, 0.17%, 7, 0, 8, 137.55
1734104474, 81, 17, 42, 0, 0, 0.17%, 7, 0, 8, 143.30
1734104480, 81, 39, 42, 0, 0, 0.17%, 7, 0, 8, 176.36
1734104485, 82, 11, 42, 0, 0, 0.17%, 7, 0, 8, 160.48
1734104490, 82, 14, 42, 0, 0, 0.17%, 7, 0, 8, 144.59
1734104495, 82, 17, 42, 0, 0, 0.17%, 7, 0, 8, 139.71
1734104500, 82, 39, 42, 0, 0, 0.17%, 7, 0, 8, 177.03
1734104510, 83, 11, 42, 0, 0, 0.17%, 7, 0, 8, 144.52
1734104515, 83, 14, 42, 0, 0, 0.17%, 7, 0, 8, 143.54
1734104520, 83, 17, 42, 0, 0, 0.17%, 7, 0, 8, 145.53
1734104525, 83, 21, 42, 0, 0, 0.17%, 7, 0, 8, 143.16
1734104546, 83, 30, 42, 0, 0, 0.17%, 7, 0, 8, 148.66
1734104561, 83, 35, 42, 0, 0, 0.17%, 7, 0, 8, 165.69
1734104582, 84, 12, 42, 0, 0, 0.17%, 7, 0, 8, 146.77
1734104587, 84, 14, 42, 0, 0, 0.17%, 7, 0, 8, 154.40
1734104592, 84, 17, 42, 0, 0, 0.17%, 7, 0, 8, 146.62
1734104597, 84, 38, 42, 0, 0, 0.17%, 7, 0, 8, 197.93
1734104612, 85, 11, 42, 0, 0, 0.17%, 7, 0, 8, 143.39
1734104617, 85, 14, 42, 0, 0, 0.17%, 7, 0, 8, 139.59
1734104622, 85, 17, 42, 0, 0, 0.17%, 7, 0, 8, 137.42
1734104628, 85, 30, 42, 0, 0, 0.17%, 7, 0, 8, 145.99
1734104643, 86, 11, 42, 0, 0, 0.17%, 7, 0, 8, 148.77
1734104648, 86, 14, 42, 0, 0, 0.17%, 7, 0, 8, 139.35
1734104653, 86, 16, 42, 0, 0, 0.17%, 7, 0, 8, 138.17
1734104674, 86, 17, 42, 0, 0, 0.17%, 7, 0, 8, 151.47
1734104679, 86, 27, 42, 0, 0, 0.17%, 7, 0, 8, 148.94
1734104694, 87, 11, 42, 0, 0, 0.17%, 7, 0, 8, 140.62
1734104699, 87, 13, 42, 0, 0, 0.17%, 7, 0, 8, 141.60
1734104720, 87, 14, 42, 0, 0, 0.17%, 7, 0, 8, 140.18
1734104725, 87, 17, 42, 0, 0, 0.17%, 7, 0, 8, 137.48
1734104730, 87, 26, 42, 0, 0, 0.17%, 7, 0, 8, 142.63
1734104750, 87, 30, 42, 0, 0, 0.17%, 7, 0, 8, 153.30
1734104765, 87, 32, 42, 0, 0, 0.17%, 7, 0, 8, 145.08
1734104786, 88, 6, 42, 0, 0, 0.17%, 7, 0, 8, 143.51
1734104791, 88, 11, 42, 0, 0, 0.17%, 7, 0, 8, 149.56
1734104796, 88, 14, 42, 0, 0, 0.17%, 7, 0, 8, 148.10
1734104801, 88, 17, 42, 0, 0, 0.17%, 7, 0, 8, 145.12
1734104806, 88, 23, 42, 0, 0, 0.17%, 7, 0, 8, 144.26
1734104827, 89, 11, 42, 0, 0, 0.17%, 7, 0, 8, 131.10
1734104832, 89, 14, 42, 0, 0, 0.17%, 7, 0, 8, 135.74
1734104837, 89, 17, 42, 0, 0, 0.17%, 7, 0, 8, 145.58
1734104842, 90, 12, 42, 0, 0, 0.17%, 7, 0, 8, 148.55
1734104847, 90, 14, 42, 0, 0, 0.17%, 7, 0, 8, 149.96
1734104852, 90, 17, 42, 0, 0, 0.17%, 7, 0, 8, 142.92
1734104857, 90, 36, 42, 0, 0, 0.17%, 7, 0, 8, 163.38
1734104873, 91, 11, 42, 0, 0, 0.17%, 7, 0, 8, 146.19
1734104878, 91, 14, 42, 0, 0, 0.17%, 7, 0, 8, 143.13
1734104883, 91, 17, 42, 0, 0, 0.17%, 7, 0, 8, 134.06
1734104888, 91, 26, 42, 0, 0, 0.17%, 7, 0, 8, 150.52
1734104908, 91, 37, 42, 0, 0, 0.17%, 7, 0, 8, 134.32
1734104928, 92, 11, 42, 0, 0, 0.17%, 7, 0, 8, 138.91
1734104933, 92, 14, 42, 0, 0, 0.17%, 7, 0, 8, 141.98
1734104938, 92, 17, 42, 0, 0, 0.17%, 7, 0, 8, 140.60
1734104943, 92, 27, 42, 0, 0, 0.17%, 7, 0, 8, 142.11
1734104964, 93, 8, 42, 0, 0, 0.17%, 7, 0, 8, 140.10
1734104969, 93, 14, 42, 0, 0, 0.17%, 7, 0, 8, 147.13
1734104974, 93, 17, 42, 0, 0, 0.17%, 7, 0, 8, 148.45
1734104979, 93, 30, 42, 0, 0, 0.17%, 7, 0, 8, 148.08
1734105000, 94, 5, 42, 0, 0, 0.17%, 7, 0, 8, 142.32
1734105005, 94, 12, 42, 0, 0, 0.17%, 7, 0, 8, 149.72
1734105010, 94, 14, 42, 0, 0, 0.17%, 7, 0, 8, 152.01
1734105015, 94, 17, 42, 0, 0, 0.17%, 7, 0, 8, 146.96
1734105020, 95, 14, 42, 0, 0, 0.17%, 7, 0, 8, 149.29
1734105025, 95, 17, 42, 0, 0, 0.17%, 7, 0, 8, 148.65
1734105030, 95, 36, 42, 0, 0, 0.17%, 7, 0, 8, 159.26
1734105051, 96, 12, 42, 0, 0, 0.17%, 7, 0, 8, 142.50
1734105056, 96, 14, 42, 0, 0, 0.17%, 7, 0, 8, 145.17
1734105061, 96, 15, 42, 0, 0, 0.17%, 7, 0, 8, 138.85
1734105081, 96, 17, 42, 0, 0, 0.17%, 7, 0, 8, 135.18
1734105086, 96, 29, 42, 0, 0, 0.17%, 7, 0, 8, 157.17
1734105107, 97, 14, 42, 0, 0, 0.17%, 7, 0, 8, 136.66
1734105112, 97, 17, 42, 0, 0, 0.17%, 7, 0, 8, 135.85
1734105117, 97, 19, 42, 0, 0, 0.17%, 7, 0, 8, 137.32
1734105142, 97, 26, 42, 0, 0, 0.17%, 7, 0, 8, 142.51
1734105158, 97, 41, 42, 0, 0, 0.17%, 7, 0, 8, 175.43
1734105183, 98, 5, 42, 0, 0, 0.17%, 7, 0, 8, 155.04
1734105188, 98, 12, 42, 0, 0, 0.17%, 7, 0, 8, 147.14
1734105193, 98, 14, 42, 0, 0, 0.17%, 7, 0, 8, 143.52
1734105199, 98, 17, 42, 0, 0, 0.17%, 7, 0, 8, 142.58
1734105204, 99, 11, 42, 0, 0, 0.17%, 7, 0, 8, 146.75
1734105209, 99, 14, 42, 0, 0, 0.17%, 7, 0, 8, 144.60
1734105214, 99, 17, 42, 0, 0, 0.17%, 7, 0, 8, 141.33
1734105219, 100, 11, 42, 0, 0, 0.17%, 7, 0, 8, 149.27
1734105224, 100, 14, 42, 0, 0, 0.17%, 7, 0, 8, 143.55
1734105229, 100, 17, 42, 0, 0, 0.17%, 7, 0, 8, 145.81
1734105234, 100, 37, 42, 0, 0, 0.17%, 7, 0, 8, 148.47
1734105255, 101, 12, 42, 0, 0, 0.17%, 7, 0, 8, 144.16
1734105260, 101, 14, 42, 0, 0, 0.17%, 7, 0, 8, 149.85
1734105265, 101, 17, 42, 0, 0, 0.17%, 7, 0, 8, 140.86
1734105270, 101, 22, 42, 0, 0, 0.17%, 7, 0, 8, 144.25
1734105290, 102, 11, 42, 0, 0, 0.17%, 7, 0, 8, 150.09
1734105295, 102, 14, 42, 0, 0, 0.17%, 7, 0, 8, 142.50
1734105300, 102, 17, 42, 0, 0, 0.17%, 7, 0, 8, 146.82
1734105306, 103, 12, 42, 0, 0, 0.17%, 7, 0, 8, 144.81
1734105311, 103, 13, 42, 0, 0, 0.17%, 7, 0, 8, 153.71
1734105331, 103, 14, 42, 0, 0, 0.17%, 7, 0, 8, 145.17
1734105336, 103, 17, 42, 0, 0, 0.17%, 7, 0, 8, 149.98
1734105341, 103, 31, 42, 0, 0, 0.17%, 7, 0, 8, 155.76
1734105357, 104, 12, 42, 0, 0, 0.17%, 7, 0, 8, 141.53
1734105362, 104, 14, 42, 0, 0, 0.17%, 7, 0, 8, 138.76
1734105367, 104, 17, 42, 0, 0, 0.17%, 7, 0, 8, 138.00
1734105372, 104, 31, 42, 0, 0, 0.17%, 7, 0, 8, 145.66
1734105382, 104, 32, 42, 0, 0, 0.17%, 7, 0, 8, 152.62
1734105402, 105, 10, 42, 0, 0, 0.17%, 7, 0, 8, 141.63
1734105413, 105, 12, 42, 0, 0, 0.17%, 7, 0, 8, 138.67
1734105418, 105, 14, 42, 0, 0, 0.17%, 7, 0, 8, 144.25
1734105423, 105, 17, 42, 0, 0, 0.17%, 7, 0, 8, 140.12
1734105428, 105, 31, 42, 0, 0, 0.17%, 7, 0, 8, 149.60
1734105433, 106, 0, 42, 0, 0, 0.17%, 7, 0, 8, 143.54
1734105438, 106, 12, 42, 0, 0, 0.17%, 7, 0, 8, 142.65
1734105443, 106, 14, 42, 0, 0, 0.17%, 7, 0, 8, 138.45
1734105448, 106, 21, 42, 0, 0, 0.17%, 7, 0, 8, 142.35
1734105469, 106, 27, 42, 0, 0, 0.17%, 7, 0, 8, 146.94
1734105489, 106, 31, 42, 0, 0, 0.17%, 7, 0, 8, 163.18
1734105500, 107, 14, 42, 0, 0, 0.17%, 7, 0, 8, 145.27
1734105505, 107, 17, 42, 0, 0, 0.17%, 7, 0, 8, 140.10
1734105510, 107, 18, 42, 0, 0, 0.17%, 7, 0, 8, 145.10
1734105530, 107, 23, 42, 0, 0, 0.17%, 7, 0, 8, 141.15
1734105551, 107, 32, 42, 0, 0, 0.17%, 7, 0, 8, 161.97
1734105571, 107, 34, 42, 0, 0, 0.17%, 7, 0, 8, 146.24
1734105591, 108, 10, 42, 0, 0, 0.17%, 7, 0, 8, 142.55
1734105602, 108, 12, 42, 0, 0, 0.17%, 7, 0, 8, 139.41
1734105607, 108, 14, 42, 0, 0, 0.17%, 7, 0, 8, 139.36
1734105612, 108, 17, 42, 0, 0, 0.17%, 7, 0, 8, 141.90
1734105617, 108, 28, 42, 0, 0, 0.17%, 7, 0, 8, 154.53
1734105632, 108, 32, 42, 0, 0, 0.17%, 7, 0, 8, 155.09
1734105642, 108, 38, 42, 0, 0, 0.17%, 7, 0, 8, 191.39
1734105663, 109, 12, 42, 0, 0, 0.17%, 7, 0, 8, 137.37
1734105668, 109, 14, 42, 0, 0, 0.17%, 7, 0, 8, 138.37
1734105673, 109, 17, 42, 0, 0, 0.17%, 7, 0, 8, 142.25
1734105678, 109, 21, 42, 0, 0, 0.17%, 7, 0, 8, 150.44
1734105699, 109, 23, 42, 0, 0, 0.17%, 7, 0, 8, 144.28
1734105719, 110, 12, 42, 0, 0, 0.17%, 7, 0, 8, 144.26
1734105724, 110, 14, 42, 0, 0, 0.17%, 7, 0, 8, 147.24
1734105729, 110, 17, 42, 0, 0, 0.17%, 7, 0, 8, 145.78
1734105734, 111, 12, 42, 0, 0, 0.17%, 7, 0, 8, 139.20
1734105739, 111, 17, 42, 0, 0, 0.17%, 7, 0, 8, 143.00
1734105744, 111, 25, 42, 0, 0, 0.17%, 7, 0, 8, 141.96
1734105765, 111, 29, 42, 0, 0, 0.17%, 7, 0, 8, 150.20
1734105785, 111, 39, 42, 0, 0, 0.17%, 7, 0, 8, 161.69
1734105796, 112, 12, 42, 0, 0, 0.17%, 7, 0, 8, 148.19
1734105801, 112, 17, 42, 0, 0, 0.17%, 7, 0, 8, 143.08
1734105806, 113, 11, 42, 0, 0, 0.17%, 7, 0, 8, 137.01
1734105811, 113, 14, 42, 0, 0, 0.17%, 7, 0, 8, 140.39
1734105816, 113, 15, 42, 0, 0, 0.17%, 7, 0, 8, 138.81
1734105841, 113, 17, 42, 0, 0, 0.17%, 7, 0, 8, 139.40
1734105846, 113, 18, 42, 0, 0, 0.17%, 7, 0, 8, 166.84
1734105862, 113, 29, 42, 0, 0, 0.17%, 7, 0, 8, 167.45
1734105877, 113, 34, 42, 0, 0, 0.17%, 7, 0, 8, 140.07
1734105897, 114, 11, 42, 0, 0, 0.17%, 7, 0, 8, 151.08
1734105902, 114, 14, 42, 0, 0, 0.17%, 7, 0, 8, 138.11
1734105908, 114, 17, 42, 0, 0, 0.17%, 7, 0, 8, 142.40
1734105913, 115, 8, 42, 0, 0, 0.17%, 7, 0, 8, 142.51
1734105918, 115, 12, 42, 0, 0, 0.17%, 7, 0, 8, 135.99
1734105923, 115, 17, 42, 0, 0, 0.17%, 7, 0, 8, 141.30
1734105928, 115, 34, 42, 0, 0, 0.17%, 7, 0, 8, 143.45
1734105953, 116, 11, 42, 0, 0, 0.17%, 7, 0, 8, 137.09
1734105958, 116, 14, 42, 0, 0, 0.17%, 7, 0, 8, 137.51
1734105963, 116, 17, 42, 0, 0, 0.17%, 7, 0, 8, 136.39
1734105969, 117, 8, 42, 0, 0, 0.17%, 7, 0, 8, 141.35
1734105974, 117, 14, 42, 0, 0, 0.17%, 7, 0, 8, 140.13
1734105979, 117, 17, 42, 0, 0, 0.17%, 7, 0, 8, 155.17
1734105984, 117, 18, 42, 0, 0, 0.17%, 7, 0, 8, 144.41
1734105999, 117, 21, 42, 0, 0, 0.17%, 7, 0, 8, 154.45
1734106009, 118, 11, 42, 0, 0, 0.17%, 7, 0, 8, 137.71
1734106014, 118, 14, 42, 0, 0, 0.17%, 7, 0, 8, 140.99
1734106019, 118, 17, 42, 0, 0, 0.17%, 7, 0, 8, 135.12
1734106025, 118, 23, 42, 0, 0, 0.17%, 7, 0, 8, 142.37
1734106050, 119, 14, 42, 0, 0, 0.17%, 7, 0, 8, 135.68
1734106055, 119, 17, 42, 0, 0, 0.17%, 7, 0, 8, 138.79
1734106060, 119, 20, 42, 0, 0, 0.17%, 7, 0, 8, 141.49
1734106080, 119, 24, 42, 0, 0, 0.17%, 7, 0, 8, 182.83
1734106101, 120, 12, 42, 0, 0, 0.17%, 7, 0, 8, 140.42
1734106106, 120, 14, 42, 0, 0, 0.17%, 7, 0, 8, 146.00
1734106111, 120, 17, 42, 0, 0, 0.17%, 7, 0, 8, 141.96
1734106116, 120, 27, 42, 0, 0, 0.17%, 7, 0, 8, 149.70
1734106126, 121, 11, 42, 0, 0, 0.17%, 7, 0, 8, 154.41
1734106131, 121, 14, 42, 0, 0, 0.17%, 7, 0, 8, 143.94
1734106137, 121, 17, 42, 0, 0, 0.17%, 7, 0, 8, 135.12
1734106142, 121, 23, 42, 0, 0, 0.17%, 7, 0, 8, 145.18
1734106152, 121, 26, 42, 0, 0, 0.17%, 7, 0, 8, 142.73
1734106162, 122, 11, 42, 0, 0, 0.17%, 7, 0, 8, 143.54
1734106167, 122, 13, 42, 0, 0, 0.17%, 7, 0, 8, 145.10
1734106188, 122, 14, 42, 0, 0, 0.17%, 7, 0, 8, 141.32
1734106193, 122, 16, 42, 0, 0, 0.17%, 7, 0, 8, 140.70
1734106208, 122, 17, 42, 0, 0, 0.17%, 7, 0, 8, 137.42
1734106213, 123, 4, 42, 0, 0, 0.17%, 7, 0, 8, 142.39
1734106218, 123, 14, 42, 0, 0, 0.17%, 7, 0, 8, 143.51
1734106223, 123, 17, 42, 0, 0, 0.17%, 7, 0, 8, 141.82
1734106228, 123, 31, 42, 0, 0, 0.17%, 7, 0, 8, 150.63
1734106233, 124, 11, 42, 0, 0, 0.17%, 7, 0, 8, 144.30
1734106238, 124, 14, 42, 0, 0, 0.17%, 7, 0, 8, 137.11
1734106243, 124, 17, 42, 0, 0, 0.17%, 7, 0, 8, 137.64
1734106248, 124, 40, 42, 0, 0, 0.17%, 7, 0, 8, 176.41
1734106264, 125, 11, 42, 0, 0, 0.17%, 7, 0, 8, 156.80
1734106269, 125, 12, 42, 0, 0, 0.17%, 7, 0, 8, 145.49
1734106274, 125, 17, 42, 0, 0, 0.17%, 7, 0, 8, 138.50
1734106279, 125, 34, 42, 0, 0, 0.17%, 7, 0, 8, 147.81
1734106304, 125, 36, 42, 0, 0, 0.17%, 7, 0, 8, 173.60
1734106319, 126, 11, 42, 0, 0, 0.17%, 7, 0, 8, 147.96
1734106325, 126, 14, 42, 0, 0, 0.17%, 7, 0, 8, 146.97
1734106330, 126, 17, 42, 0, 0, 0.17%, 7, 0, 8, 141.85
1734106335, 127, 10, 42, 0, 0, 0.17%, 7, 0, 8, 144.26
1734106340, 127, 11, 42, 0, 0, 0.17%, 7, 0, 8, 137.16
1734106345, 127, 14, 42, 0, 0, 0.17%, 7, 0, 8, 139.76
1734106350, 127, 17, 42, 0, 0, 0.17%, 7, 0, 8, 136.50
1734106355, 127, 36, 42, 0, 0, 0.17%, 7, 0, 8, 155.50
1734106375, 128, 10, 42, 0, 0, 0.17%, 7, 0, 8, 148.30
1734106380, 128, 12, 42, 0, 0, 0.17%, 7, 0, 8, 138.96
1734106385, 128, 14, 42, 0, 0, 0.17%, 7, 0, 8, 143.43
1734106390, 128, 17, 42, 0, 0, 0.17%, 7, 0, 8, 141.61
1734106396, 128, 19, 42, 0, 0, 0.17%, 7, 0, 8, 145.88
1734106416, 128, 22, 42, 0, 0, 0.17%, 7, 0, 8, 141.15
1734106436, 128, 30, 42, 0, 0, 0.17%, 7, 0, 8, 149.21
1734106441, 129, 11, 42, 0, 0, 0.17%, 7, 0, 8, 133.96
1734106446, 129, 14, 42, 0, 0, 0.17%, 7, 0, 8, 139.62
1734106451, 129, 17, 42, 0, 0, 0.17%, 7, 0, 8, 138.44
1734106456, 129, 41, 42, 0, 0, 0.17%, 7, 0, 8, 175.64
1734106481, 130, 11, 42, 0, 0, 0.17%, 7, 0, 8, 151.37
1734106486, 130, 14, 42, 0, 0, 0.17%, 7, 0, 8, 143.16
1734106492, 130, 17, 42, 0, 0, 0.17%, 7, 0, 8, 135.70
1734106497, 130, 31, 42, 0, 0, 0.17%, 7, 0, 8, 147.46
1734106502, 130, 32, 42, 0, 0, 0.17%, 7, 0, 8, 160.15
1734106512, 131, 12, 42, 0, 0, 0.17%, 7, 0, 8, 138.50
1734106517, 131, 14, 42, 0, 0, 0.17%, 7, 0, 8, 142.89
1734106522, 131, 17, 42, 0, 0, 0.17%, 7, 0, 8, 153.52
1734106527, 132, 14, 42, 0, 0, 0.17%, 7, 0, 8, 147.34
1734106533, 132, 16, 42, 0, 0, 0.17%, 7, 0, 8, 144.79
1734106553, 132, 17, 42, 0, 0, 0.17%, 7, 0, 8, 133.19
1734106558, 132, 31, 42, 0, 0, 0.17%, 7, 0, 8, 149.77
1734106563, 133, 11, 42, 0, 0, 0.17%, 7, 0, 8, 138.47
1734106568, 133, 14, 42, 0, 0, 0.17%, 7, 0, 8, 141.92
1734106573, 133, 17, 42, 0, 0, 0.17%, 7, 0, 8, 148.13
1734106578, 133, 21, 42, 0, 0, 0.17%, 7, 0, 8, 139.76
1734106588, 133, 27, 42, 0, 0, 0.17%, 7, 0, 8, 148.91
1734106608, 134, 11, 42, 0, 0, 0.17%, 7, 0, 8, 143.43
1734106613, 134, 14, 42, 0, 0, 0.17%, 7, 0, 8, 142.85
1734106619, 134, 17, 42, 0, 0, 0.17%, 7, 0, 8, 145.65
1734106624, 134, 27, 42, 0, 0, 0.17%, 7, 0, 8, 142.77
1734106634, 135, 14, 42, 0, 0, 0.17%, 7, 0, 8, 140.63
1734106639, 135, 17, 42, 0, 0, 0.17%, 7, 0, 8, 134.81
1734106644, 135, 23, 42, 0, 0, 0.17%, 7, 0, 8, 140.58
1734106654, 136, 11, 42, 0, 0, 0.17%, 7, 0, 8, 149.67
1734106659, 136, 14, 42, 0, 0, 0.17%, 7, 0, 8, 140.76
1734106664, 136, 17, 42, 0, 0, 0.17%, 7, 0, 8, 133.89
1734106669, 136, 27, 42, 0, 0, 0.17%, 7, 0, 8, 142.00
1734106679, 137, 11, 42, 0, 0, 0.17%, 7, 0, 8, 142.78
1734106684, 137, 14, 42, 0, 0, 0.17%, 7, 0, 8, 134.98
1734106689, 137, 17, 42, 0, 0, 0.17%, 7, 0, 8, 139.14
1734106695, 137, 41, 42, 0, 0, 0.17%, 7, 0, 8, 177.07
1734106725, 138, 14, 42, 0, 0, 0.17%, 7, 0, 8, 136.83
1734106730, 138, 17, 42, 0, 0, 0.17%, 7, 0, 8, 137.25
1734106735, 138, 33, 42, 0, 0, 0.17%, 7, 0, 8, 159.38
1734106756, 138, 35, 42, 0, 0, 0.17%, 7, 0, 8, 188.64
1734106771, 139, 11, 42, 0, 0, 0.17%, 7, 0, 8, 142.93
1734106776, 139, 14, 42, 0, 0, 0.17%, 7, 0, 8, 146.68
1734106781, 139, 17, 42, 0, 0, 0.17%, 7, 0, 8, 135.31
1734106786, 139, 25, 42, 0, 0, 0.17%, 7, 0, 8, 138.90
1734106806, 140, 11, 42, 0, 0, 0.17%, 7, 0, 8, 129.16
1734106811, 140, 14, 42, 0, 0, 0.17%, 7, 0, 8, 138.36
1734106817, 140, 17, 42, 0, 0, 0.17%, 7, 0, 8, 134.16
1734106822, 140, 25, 42, 0, 0, 0.17%, 7, 0, 8, 147.69
1734106842, 140, 28, 42, 0, 0, 0.17%, 7, 0, 8, 152.28
1734106858, 141, 6, 42, 0, 0, 0.17%, 7, 0, 8, 149.05
1734106863, 141, 12, 42, 0, 0, 0.17%, 7, 0, 8, 143.37
1734106868, 141, 14, 42, 0, 0, 0.17%, 7, 0, 8, 141.04
1734106873, 141, 17, 42, 0, 0, 0.17%, 7, 0, 8, 142.64
1734106878, 142, 12, 42, 0, 0, 0.17%, 7, 0, 8, 145.54
1734106883, 142, 13, 42, 0, 0, 0.17%, 7, 0, 8, 150.33
1734106898, 142, 14, 42, 0, 0, 0.17%, 7, 0, 8, 142.46
1734106903, 142, 17, 42, 0, 0, 0.17%, 7, 0, 8, 139.83
1734106908, 142, 22, 42, 0, 0, 0.17%, 7, 0, 8, 151.21
1734106929, 142, 29, 42, 0, 0, 0.17%, 7, 0, 8, 145.91
1734106949, 143, 12, 42, 0, 0, 0.17%, 7, 0, 8, 135.71
1734106954, 143, 14, 42, 0, 0, 0.17%, 7, 0, 8, 136.51
1734106959, 143, 17, 42, 0, 0, 0.17%, 7, 0, 8, 132.70
1734106964, 143, 28, 42, 0, 0, 0.17%, 7, 0, 8, 154.01
1734106979, 144, 12, 42, 0, 0, 0.17%, 7, 0, 8, 145.67
1734106984, 144, 14, 42, 0, 0, 0.17%, 7, 0, 8, 139.27
1734106989, 144, 16, 42, 0, 0, 0.17%, 7, 0, 8, 135.96
1734107000, 144, 17, 42, 0, 0, 0.17%, 7, 0, 8, 147.28
1734107005, 145, 12, 42, 0, 0, 0.17%, 7, 0, 8, 138.44
1734107010, 145, 14, 42, 0, 0, 0.17%, 7, 0, 8, 137.67
1734107015, 145, 17, 42, 0, 0, 0.17%, 7, 0, 8, 138.80
1734107020, 145, 24, 42, 0, 0, 0.17%, 7, 0, 8, 193.54
1734107036, 146, 11, 42, 0, 0, 0.17%, 7, 0, 8, 144.80
1734107041, 146, 14, 42, 0, 0, 0.17%, 7, 0, 8, 136.29
1734107046, 146, 17, 42, 0, 0, 0.17%, 7, 0, 8, 141.42
1734107051, 146, 22, 42, 0, 0, 0.17%, 7, 0, 8, 144.51
1734107071, 146, 34, 42, 0, 0, 0.17%, 7, 0, 8, 140.25
1734107081, 146, 35, 42, 0, 0, 0.17%, 7, 0, 8, 172.29
1734107102, 147, 11, 42, 0, 0, 0.17%, 7, 0, 8, 146.58
1734107107, 147, 14, 42, 0, 0, 0.17%, 7, 0, 8, 142.88
1734107112, 147, 17, 42, 0, 0, 0.17%, 7, 0, 8, 138.99
1734107117, 147, 21, 42, 0, 0, 0.17%, 7, 0, 8, 141.28
1734107127, 147, 37, 42, 0, 0, 0.17%, 7, 0, 8, 154.49
1734107147, 148, 12, 42, 0, 0, 0.17%, 7, 0, 8, 144.61
1734107152, 148, 14, 42, 0, 0, 0.17%, 7, 0, 8, 141.02
1734107158, 148, 17, 42, 0, 0, 0.17%, 7, 0, 8, 147.66
1734107163, 149, 12, 42, 0, 0, 0.17%, 7, 0, 8, 145.14
1734107168, 149, 16, 42, 0, 0, 0.17%, 7, 0, 8, 143.25
1734107178, 149, 17, 42, 0, 0, 0.17%, 7, 0, 8, 142.53
1734107183, 149, 32, 42, 0, 0, 0.17%, 7, 0, 8, 156.99
1734107193, 149, 33, 42, 0, 0, 0.17%, 7, 0, 8, 164.60
1734107213, 150, 11, 42, 0, 0, 0.17%, 7, 0, 8, 144.72
1734107219, 150, 14, 42, 0, 0, 0.17%, 7, 0, 8, 140.99
1734107224, 150, 17, 42, 0, 0, 0.17%, 7, 0, 8, 145.51
1734107229, 150, 23, 42, 0, 0, 0.17%, 7, 0, 8, 146.20
1734107244, 151, 14, 42, 0, 0, 0.17%, 7, 0, 8, 144.47
1734107249, 151, 17, 42, 0, 0, 0.17%, 7, 0, 8, 142.60
1734107254, 151, 22, 42, 0, 0, 0.17%, 7, 0, 8, 141.45
1734107275, 151, 41, 42, 0, 0, 0.17%, 7, 0, 8, 196.16
1734107300, 152, 11, 42, 0, 0, 0.17%, 7, 0, 8, 152.64
1734107306, 152, 14, 42, 0, 0, 0.17%, 7, 0, 8, 140.03
1734107311, 152, 17, 42, 0, 0, 0.17%, 7, 0, 8, 150.93
1734107316, 152, 18, 42, 0, 0, 0.17%, 7, 0, 8, 165.17
1734107331, 152, 37, 42, 0, 0, 0.17%, 7, 0, 8, 158.22
1734107341, 153, 9, 42, 0, 0, 0.17%, 7, 0, 8, 142.91
1734107346, 153, 14, 42, 0, 0, 0.17%, 7, 0, 8, 141.29
1734107351, 153, 17, 42, 0, 0, 0.17%, 7, 0, 8, 138.79
1734107356, 153, 18, 42, 0, 0, 0.17%, 7, 0, 8, 148.10
1734107366, 154, 9, 42, 0, 0, 0.17%, 7, 0, 8, 136.78
1734107371, 154, 10, 42, 0, 0, 0.17%, 7, 0, 8, 148.93
1734107377, 154, 14, 42, 0, 0, 0.17%, 7, 0, 8, 140.83
1734107382, 154, 17, 42, 0, 0, 0.17%, 7, 0, 8, 144.06
1734107387, 154, 33, 42, 0, 0, 0.17%, 7, 0, 8, 156.05
1734107407, 155, 11, 42, 0, 0, 0.17%, 7, 0, 8, 149.13
1734107412, 155, 14, 42, 0, 0, 0.17%, 7, 0, 8, 142.83
1734107417, 155, 16, 42, 0, 0, 0.17%, 7, 0, 8, 140.95
1734107428, 155, 24, 42, 0, 0, 0.17%, 7, 0, 8, 154.77
1734107448, 155, 25, 42, 0, 0, 0.17%, 7, 0, 8, 147.81
1734107468, 155, 36, 42, 0, 0, 0.17%, 7, 0, 8, 160.83
1734107479, 156, 9, 42, 0, 0, 0.17%, 7, 0, 8, 142.19
1734107484, 156, 12, 42, 0, 0, 0.17%, 7, 0, 8, 145.18
1734107489, 156, 17, 42, 0, 0, 0.17%, 7, 0, 8, 144.00
1734107494, 156, 18, 42, 0, 0, 0.17%, 7, 0, 8, 144.03
1734107504, 156, 22, 42, 0, 0, 0.17%, 7, 0, 8, 147.78
1734107514, 156, 39, 42, 0, 0, 0.17%, 7, 0, 8, 161.10
1734107519, 157, 11, 42, 0, 0, 0.17%, 7, 0, 8, 151.16
1734107524, 157, 14, 42, 0, 0, 0.17%, 7, 0, 8, 145.59
1734107529, 157, 17, 42, 0, 0, 0.17%, 7, 0, 8, 142.75
1734107534, 157, 33, 42, 0, 0, 0.17%, 7, 0, 8, 168.32
1734107550, 158, 11, 42, 0, 0, 0.17%, 7, 0, 8, 154.23
1734107555, 158, 14, 42, 0, 0, 0.17%, 7, 0, 8, 137.62
1734107560, 158, 16, 42, 0, 0, 0.17%, 7, 0, 8, 135.93
1734107565, 158, 17, 42, 0, 0, 0.17%, 7, 0, 8, 146.68
1734107570, 159, 12, 42, 0, 0, 0.17%, 7, 0, 8, 140.95
1734107575, 159, 14, 42, 0, 0, 0.17%, 7, 0, 8, 140.27
1734107580, 159, 17, 42, 0, 0, 0.17%, 7, 0, 8, 147.02
1734107586, 159, 22, 42, 0, 0, 0.17%, 7, 0, 8, 144.77
1734107596, 160, 12, 42, 0, 0, 0.17%, 7, 0, 8, 142.97
1734107601, 160, 14, 42, 0, 0, 0.17%, 7, 0, 8, 146.26
1734107606, 160, 17, 42, 0, 0, 0.17%, 7, 0, 8, 141.34
1734107611, 160, 20, 42, 0, 0, 0.17%, 7, 0, 8, 139.95
1734107632, 160, 25, 42, 0, 0, 0.17%, 7, 0, 8, 141.49
1734107653, 161, 11, 42, 0, 0, 0.17%, 7, 0, 8, 137.09
1734107658, 161, 14, 42, 0, 0, 0.17%, 7, 0, 8, 145.52
1734107663, 161, 17, 42, 0, 0, 0.17%, 7, 0, 8, 138.69
1734107668, 161, 31, 42, 0, 0, 0.17%, 7, 0, 8, 151.88
1734107673, 162, 12, 42, 0, 0, 0.17%, 7, 0, 8, 150.62
1734107678, 162, 14, 42, 0, 0, 0.17%, 7, 0, 8, 149.36
1734107683, 162, 17, 42, 0, 0, 0.17%, 7, 0, 8, 148.94
1734107689, 162, 38, 42, 0, 0, 0.17%, 7, 0, 8, 198.70
1734107704, 163, 11, 42, 0, 0, 0.17%, 7, 0, 8, 154.16
1734107709, 163, 14, 42, 0, 0, 0.17%, 7, 0, 8, 145.38
1734107714, 163, 17, 42, 0, 0, 0.17%, 7, 0, 8, 136.68
1734107719, 163, 29, 42, 0, 0, 0.17%, 7, 0, 8, 165.21
1734107729, 164, 12, 42, 0, 0, 0.17%, 7, 0, 8, 148.52
1734107734, 164, 14, 42, 0, 0, 0.17%, 7, 0, 8, 140.19
1734107739, 164, 17, 42, 0, 0, 0.17%, 7, 0, 8, 146.95
1734107744, 164, 22, 42, 0, 0, 0.17%, 7, 0, 8, 141.87
1734107754, 165, 14, 42, 0, 0, 0.17%, 7, 0, 8, 143.52
1734107759, 165, 17, 42, 0, 0, 0.17%, 7, 0, 8, 131.81
1734107764, 165, 19, 42, 0, 0, 0.17%, 7, 0, 8, 143.62
1734107790, 166, 11, 42, 0, 0, 0.17%, 7, 0, 8, 141.47
1734107795, 166, 14, 42, 0, 0, 0.17%, 7, 0, 8, 140.00
1734107800, 166, 17, 42, 0, 0, 0.17%, 7, 0, 8, 144.73
1734107805, 166, 22, 42, 0, 0, 0.17%, 7, 0, 8, 146.98
1734107810, 167, 0, 42, 0, 0, 0.17%, 7, 0, 8, 146.46
1734107815, 167, 12, 42, 0, 0, 0.17%, 7, 0, 8, 140.83
1734107820, 167, 14, 42, 0, 0, 0.17%, 7, 0, 8, 141.24
1734107825, 167, 17, 42, 0, 0, 0.17%, 7, 0, 8, 143.29
1734107830, 167, 35, 42, 0, 0, 0.17%, 7, 0, 8, 191.40
1734107845, 168, 11, 42, 0, 0, 0.17%, 7, 0, 8, 145.58
1734107850, 168, 14, 42, 0, 0, 0.17%, 7, 0, 8, 144.16
1734107856, 168, 17, 42, 0, 0, 0.17%, 7, 0, 8, 153.06
1734107861, 168, 30, 42, 0, 0, 0.17%, 7, 0, 8, 152.71
1734107871, 168, 34, 42, 0, 0, 0.17%, 7, 0, 8, 140.85
1734107881, 168, 37, 42, 0, 0, 0.17%, 7, 0, 8, 145.65
1734107891, 169, 14, 42, 0, 0, 0.17%, 7, 0, 8, 147.11
1734107896, 169, 17, 42, 0, 0, 0.17%, 7, 0, 8, 143.54
1734107901, 170, 9, 42, 0, 0, 0.17%, 7, 0, 8, 151.48
1734107907, 170, 12, 42, 0, 0, 0.17%, 7, 0, 8, 138.74
1734107912, 170, 15, 42, 0, 0, 0.17%, 7, 0, 8, 148.10
1734107937, 170, 17, 42, 0, 0, 0.17%, 7, 0, 8, 139.79
1734107942, 171, 7, 42, 0, 0, 0.17%, 7, 0, 8, 147.60
1734107947, 171, 11, 42, 0, 0, 0.17%, 7, 0, 8, 147.17
1734107952, 171, 14, 42, 0, 0, 0.17%, 7, 0, 8, 141.49
1734107957, 171, 17, 42, 0, 0, 0.17%, 7, 0, 8, 143.88
1734107962, 171, 22, 42, 0, 0, 0.17%, 7, 0, 8, 143.11
1734107967, 172, 12, 42, 0, 0, 0.17%, 7, 0, 8, 144.64
1734107972, 172, 13, 42, 0, 0, 0.17%, 7, 0, 8, 151.73
1734107982, 172, 14, 42, 0, 0, 0.17%, 7, 0, 8, 140.84
1734107987, 172, 17, 42, 0, 0, 0.17%, 7, 0, 8, 148.87
1734107992, 173, 11, 42, 0, 0, 0.17%, 7, 0, 8, 146.21
1734107998, 173, 14, 42, 0, 0, 0.17%, 7, 0, 8, 137.32
1734108003, 173, 17, 42, 0, 0, 0.17%, 7, 0, 8, 147.11
1734108008, 174, 12, 42, 0, 0, 0.17%, 7, 0, 8, 138.06
1734108013, 174, 14, 42, 0, 0, 0.17%, 7, 0, 8, 139.37
1734108018, 174, 17, 42, 0, 0, 0.17%, 7, 0, 8, 141.60
1734108023, 174, 26, 42, 0, 0, 0.17%, 7, 0, 8, 146.00
1734108033, 174, 34, 42, 0, 0, 0.17%, 7, 0, 8, 137.78
1734108043, 175, 12, 42, 0, 0, 0.17%, 7, 0, 8, 142.75
1734108048, 175, 17, 42, 0, 0, 0.17%, 7, 0, 8, 138.94
1734108059, 175, 28, 42, 0, 0, 0.17%, 7, 0, 8, 155.59
1734108074, 175, 30, 42, 0, 0, 0.17%, 7, 0, 8, 142.89
1734108084, 176, 11, 42, 0, 0, 0.17%, 7, 0, 8, 143.97
1734108089, 176, 14, 42, 0, 0, 0.17%, 7, 0, 8, 145.52
1734108094, 176, 17, 42, 0, 0, 0.17%, 7, 0, 8, 141.41
1734108100, 176, 36, 42, 0, 0, 0.17%, 7, 0, 8, 155.85
1734108110, 177, 12, 42, 0, 0, 0.17%, 7, 0, 8, 147.33
1734108115, 177, 14, 42, 0, 0, 0.17%, 7, 0, 8, 140.52
1734108120, 177, 17, 42, 0, 0, 0.17%, 7, 0, 8, 146.37
1734108125, 178, 12, 42, 0, 0, 0.17%, 7, 0, 8, 142.26
1734108130, 178, 14, 42, 0, 0, 0.17%, 7, 0, 8, 144.07
1734108135, 178, 17, 42, 0, 0, 0.17%, 7, 0, 8, 143.94
1734108140, 178, 40, 42, 0, 0, 0.17%, 7, 0, 8, 167.70
1734108150, 179, 14, 42, 0, 0, 0.17%, 7, 0, 8, 150.17
1734108155, 179, 17, 42, 0, 0, 0.17%, 7, 0, 8, 141.27
1734108160, 179, 27, 42, 0, 0, 0.17%, 7, 0, 8, 137.09
1734108171, 180, 4, 42, 0, 0, 0.17%, 7, 0, 8, 149.32
1734108176, 180, 13, 42, 0, 0, 0.17%, 7, 0, 8, 145.41
1734108186, 180, 14, 42, 0, 0, 0.17%, 7, 0, 8, 144.97
1734108191, 180, 16, 42, 0, 0, 0.17%, 7, 0, 8, 146.92
1734108196, 180, 17, 42, 0, 0, 0.17%, 7, 0, 8, 141.44
1734108201, 180, 41, 42, 0, 0, 0.17%, 7, 0, 8, 169.65
1734108216, 181, 11, 42, 0, 0, 0.17%, 7, 0, 8, 142.36
1734108222, 181, 14, 42, 0, 0, 0.17%, 7, 0, 8, 134.79
1734108227, 181, 17, 42, 0, 0, 0.17%, 7, 0, 8, 141.57
1734108232, 181, 18, 42, 0, 0, 0.17%, 7, 0, 8, 154.58
1734108242, 182, 12, 42, 0, 0, 0.17%, 7, 0, 8, 141.99
1734108247, 182, 14, 42, 0, 0, 0.17%, 7, 0, 8, 146.91
1734108252, 182, 24, 42, 0, 0, 0.17%, 7, 0, 8, 150.26
1734108272, 182, 37, 42, 0, 0, 0.17%, 7, 0, 8, 145.57
1734108283, 182, 41, 42, 0, 0, 0.17%, 7, 0, 8, 166.60
1734108298, 183, 12, 42, 0, 0, 0.17%, 7, 0, 8, 144.69
1734108303, 183, 14, 42, 0, 0, 0.17%, 7, 0, 8, 143.10
1734108308, 183, 17, 42, 0, 0, 0.17%, 7, 0, 8, 138.42
1734108314, 184, 12, 42, 0, 0, 0.17%, 7, 0, 8, 25.24
1734108320, 184, 14, 42, 0, 0, 0.17%, 7, 0, 8, 3.68
1734108325, 184, 17, 42, 0, 0, 0.17%, 7, 0, 8, 138.19
1734108330, 184, 21, 42, 0, 0, 0.17%, 7, 0, 8, 141.53
1734108336, 184, 27, 42, 0, 0, 0.17%, 7, 0, 8, 149.58
1734108341, 184, 34, 42, 0, 0, 0.17%, 7, 0, 8, 134.26
1734108346, 184, 38, 42, 0, 0, 0.17%, 7, 0, 8, 181.65
1734108361, 184, 40, 42, 0, 0, 0.17%, 7, 0, 8, 157.06
1734108371, 185, 11, 42, 0, 0, 0.17%, 7, 0, 8, 151.20
1734108376, 185, 14, 42, 0, 0, 0.17%, 7, 0, 8, 141.20
1734108382, 185, 17, 42, 0, 0, 0.17%, 7, 0, 8, 146.79
1734108387, 185, 24, 42, 0, 0, 0.17%, 7, 0, 8, 194.52
1734108402, 185, 27, 42, 0, 0, 0.17%, 7, 0, 8, 142.53
1734108407, 185, 39, 42, 0, 0, 0.17%, 7, 0, 8, 164.46
1734108412, 186, 6, 42, 0, 0, 0.17%, 7, 0, 8, 164.87
1734108417, 186, 12, 42, 0, 0, 0.17%, 7, 0, 8, 155.54
1734108422, 186, 14, 42, 0, 0, 0.17%, 7, 0, 8, 140.07
1734108427, 186, 16, 42, 0, 0, 0.17%, 7, 0, 8, 144.79
1734108433, 186, 17, 42, 0, 0, 0.17%, 7, 0, 8, 134.48
1734108438, 186, 27, 42, 0, 0, 0.17%, 7, 0, 8, 148.19
1734108443, 186, 37, 42, 0, 0, 0.17%, 7, 0, 8, 147.47
1734108448, 186, 40, 42, 0, 0, 0.17%, 7, 0, 8, 162.92
1734108453, 187, 3, 42, 0, 0, 0.17%, 7, 0, 8, 161.87
1734108458, 187, 12, 42, 0, 0, 0.17%, 7, 0, 8, 139.21
1734108463, 187, 16, 42, 0, 0, 0.17%, 7, 0, 8, 141.54
1734108468, 187, 17, 42, 0, 0, 0.17%, 7, 0, 8, 139.13
1734108473, 188, 11, 42, 0, 0, 0.17%, 7, 0, 8, 147.71
1734108478, 188, 14, 42, 0, 0, 0.17%, 7, 0, 8, 146.91
1734108483, 188, 17, 42, 0, 0, 0.17%, 7, 0, 8, 141.67
1734108488, 188, 20, 42, 0, 0, 0.17%, 7, 0, 8, 146.97
1734108509, 188, 21, 42, 0, 0, 0.17%, 7, 0, 8, 151.67
1734108514, 188, 22, 42, 0, 0, 0.17%, 7, 0, 8, 139.47
1734108519, 189, 0, 42, 0, 0, 0.17%, 7, 0, 8, 140.85
1734108524, 189, 11, 42, 0, 0, 0.17%, 7, 0, 8, 145.90
1734108529, 189, 13, 43, 1, 0, 0.19%, 8, 0, 8, 142.44
1734108539, 189, 42, 43, 1, 1, 0.19%, 8, 0, 8, 141.94
1734108544, 189, 42, 46, 4, 1, 0.19%, 8, 0, 8, 115.16
1734108549, 189, 42, 47, 5, 1, 0.19%, 8, 0, 8, 117.13
1734108554, 189, 42, 48, 6, 1, 0.19%, 8, 0, 8, 122.18
1734108565, 189, 42, 49, 7, 1, 0.19%, 8, 0, 8, 133.10
1734108570, 189, 42, 50, 8, 1, 0.21%, 9, 0, 8, 130.74
1734108692, 189, 49, 52, 9, 1, 0.21%, 10, 0, 8, 181.16
1734108712, 189, 49, 53, 10, 1, 0.21%, 10, 0, 8, 147.76
1734108733, 189, 49, 54, 11, 1, 0.21%, 10, 0, 8, 147.19
1734108779, 189, 49, 55, 12, 1, 0.21%, 10, 0, 8, 141.29
1734108825, 189, 51, 55, 11, 1, 0.21%, 10, 0, 8, 173.99
1734108870, 189, 52, 55, 10, 0, 0.21%, 10, 0, 8, 201.29
1734108916, 189, 54, 55, 9, 0, 0.21%, 10, 0, 8, 159.34
1734108926, 189, 54, 56, 10, 0, 0.21%, 10, 0, 8, 194.01
1734108967, 189, 55, 56, 9, 0, 0.21%, 10, 0, 8, 193.09
1734109038, 190, 14, 56, 8, 0, 0.21%, 10, 0, 8, 142.39
1734109043, 190, 17, 56, 8, 0, 0.21%, 10, 0, 8, 147.64
1734109048, 190, 19, 56, 8, 0, 0.21%, 10, 0, 8, 143.73
1734109069, 190, 34, 56, 8, 0, 0.21%, 10, 0, 8, 139.75
1734109074, 190, 44, 56, 8, 0, 0.21%, 10, 0, 8, 128.76
1734109119, 190, 51, 56, 7, 0, 0.21%, 10, 0, 8, 150.73
1734109140, 190, 53, 56, 7, 0, 0.21%, 10, 0, 8, 148.47
1734109191, 191, 14, 56, 6, 0, 0.21%, 10, 0, 8, 146.97
1734109196, 191, 17, 56, 6, 0, 0.21%, 10, 0, 8, 137.07
1734109206, 191, 22, 56, 6, 0, 0.21%, 10, 0, 8, 141.36
1734109211, 191, 46, 56, 6, 0, 0.21%, 10, 0, 8, 155.44
1734109268, 191, 47, 56, 5, 0, 0.21%, 10, 0, 8, 150.61
1734109319, 191, 51, 56, 4, 0, 0.21%, 10, 0, 8, 145.10
1734109339, 192, 14, 56, 4, 0, 0.21%, 10, 0, 8, 149.48
1734109344, 192, 17, 56, 4, 0, 0.21%, 10, 0, 8, 144.78
1734109349, 192, 48, 56, 4, 0, 0.21%, 10, 0, 8, 149.39
1734109401, 192, 50, 56, 3, 0, 0.21%, 10, 0, 8, 173.87
1734109451, 192, 51, 56, 2, 0, 0.21%, 10, 0, 8, 143.85
1734109467, 193, 11, 56, 2, 0, 0.21%, 10, 0, 8, 138.95
1734109472, 193, 14, 56, 2, 0, 0.21%, 10, 0, 8, 140.86
1734109477, 193, 17, 56, 2, 0, 0.21%, 10, 0, 8, 137.49
1734109482, 193, 27, 56, 2, 0, 0.21%, 10, 0, 8, 135.01
1734109487, 193, 51, 56, 2, 0, 0.21%, 10, 0, 8, 143.44
1734109492, 193, 51, 57, 3, 0, 0.21%, 10, 0, 8, 140.63
1734109512, 194, 11, 57, 3, 0, 0.21%, 10, 0, 8, 149.25
1734109517, 194, 14, 57, 3, 0, 0.21%, 10, 0, 8, 137.02
1734109522, 194, 17, 57, 3, 0, 0.21%, 10, 0, 8, 143.30
1734109527, 194, 43, 57, 3, 0, 0.21%, 10, 0, 8, 123.33
1734109584, 194, 45, 57, 2, 0, 0.21%, 10, 0, 8, 146.41
1734109629, 194, 51, 57, 1, 0, 0.21%, 10, 0, 8, 155.99
1734109650, 194, 56, 57, 1, 0, 0.21%, 10, 0, 8, 187.49
1734109681, 194, 56, 58, 2, 0, 0.26%, 11, 0, 9, 139.66
1734109686, 194, 56, 59, 3, 0, 0.26%, 11, 0, 9, 147.84
1734109721, 194, 56, 60, 4, 0, 0.26%, 11, 0, 9, 140.47
1734109737, 194, 56, 61, 5, 0, 0.26%, 12, 0, 9, 142.98
1734109767, 194, 57, 61, 4, 2, 0.26%, 12, 0, 9, 153.61
1734109792, 194, 57, 76, 19, 2, 0.28%, 13, 0, 10, 115.12
1734109802, 194, 57, 78, 21, 2, 0.28%, 13, 0, 10, 125.56
1734109828, 194, 57, 82, 25, 2, 0.31%, 15, 0, 10, 211.43
1734109833, 194, 57, 83, 26, 2, 0.31%, 15, 0, 10, 205.92
1734109838, 194, 57, 88, 31, 2, 0.31%, 15, 0, 10, 196.87
1734110001, 194, 57, 89, 32, 2, 0.31%, 15, 0, 10, 244.97
1734110011, 194, 57, 93, 36, 2, 0.31%, 15, 0, 10, 199.04
1734110016, 194, 57, 95, 38, 2, 0.31%, 15, 0, 10, 189.56
1734110021, 194, 57, 96, 39, 2, 0.31%, 15, 0, 10, 189.16
1734110047, 194, 57, 97, 40, 2, 0.31%, 15, 0, 10, 189.17
1734110052, 194, 57, 98, 41, 2, 0.31%, 15, 0, 10, 188.29
1734110062, 194, 57, 99, 42, 2, 0.31%, 16, 0, 10, 190.05
1734110113, 194, 60, 100, 42, 6, 0.32%, 17, 0, 10, 162.89
1734110144, 194, 60, 102, 44, 6, 0.32%, 17, 0, 10, 173.83
1734110149, 194, 60, 104, 46, 6, 0.32%, 17, 0, 10, 163.53
1734110174, 194, 60, 105, 47, 6, 0.32%, 17, 0, 10, 161.94
1734110204, 194, 60, 107, 49, 6, 0.32%, 17, 0, 10, 151.93
1734110234, 194, 60, 108, 50, 6, 0.32%, 17, 0, 10, 166.26
1734110239, 194, 74, 108, 49, 7, 0.32%, 17, 0, 10, 133.03
1734110295, 194, 74, 109, 50, 7, 0.32%, 18, 0, 11, 220.92
1734110474, 194, 74, 110, 51, 7, 0.32%, 18, 0, 11, 212.52
1734110520, 194, 74, 111, 52, 7, 0.32%, 18, 0, 11, 185.14
1734110555, 194, 78, 111, 51, 7, 0.32%, 18, 0, 11, 133.33
1734110611, 194, 78, 112, 52, 7, 0.32%, 18, 0, 11, 215.40
1734110840, 194, 80, 113, 52, 7, 0.32%, 19, 0, 11, 131.77
1734110860, 194, 80, 114, 53, 7, 0.33%, 20, 0, 11, 145.74
1734110890, 194, 80, 115, 54, 7, 0.33%, 20, 0, 11, 223.52
1734110896, 194, 80, 116, 55, 7, 0.34%, 22, 0, 11, 215.36
1734111076, 194, 80, 117, 56, 7, 0.34%, 22, 0, 11, 195.88
1734111117, 194, 80, 118, 57, 7, 0.36%, 23, 0, 11, 188.50
1734111132, 194, 80, 120, 59, 7, 0.36%, 23, 0, 11, 183.18
1734111137, 194, 80, 121, 60, 7, 0.36%, 23, 0, 11, 161.02
1734111152, 194, 96, 121, 59, 11, 0.36%, 23, 0, 11, 181.87
1734111162, 194, 96, 122, 60, 11, 0.36%, 23, 0, 11, 159.06
1734111264, 194, 98, 123, 60, 11, 0.36%, 23, 0, 11, 113.88
1734111736, 194, 99, 123, 59, 10, 0.36%, 23, 0, 11, 170.40
1734111741, 194, 99, 124, 60, 10, 0.37%, 24, 0, 11, 208.57
1734111822, 194, 100, 124, 59, 10, 0.37%, 24, 0, 11, 182.14
1734111893, 194, 100, 125, 60, 10, 0.37%, 24, 0, 11, 145.24
1734111909, 194, 108, 125, 59, 9, 0.37%, 24, 0, 11, 140.95
1734112164, 194, 108, 126, 60, 9, 0.37%, 24, 0, 12, 182.29
1734112179, 194, 108, 127, 61, 9, 0.37%, 24, 0, 12, 196.57
1734112210, 194, 108, 128, 62, 9, 0.37%, 24, 0, 12, 173.32
1734112225, 194, 111, 128, 61, 10, 0.37%, 24, 0, 12, 135.69
1734112286, 194, 111, 129, 62, 10, 0.37%, 24, 0, 12, 212.63
1734112515, 194, 112, 129, 61, 10, 0.37%, 24, 0, 12, 124.58
1734112751, 194, 112, 130, 62, 10, 0.37%, 24, 0, 12, 193.46
1734112827, 194, 113, 130, 61, 9, 0.37%, 24, 0, 12, 127.82
1734113068, 194, 113, 131, 62, 9, 0.37%, 24, 0, 12, 192.12
