# unix_time, cycles_done, cur_path, paths_total, pending_total, pending_favs, map_size, unique_crashes, unique_hangs, max_depth, execs_per_sec
1733889867, 0, 0, 10, 10, 1, 0.01%, 0, 0, 1, 81.14
1733889872, 0, 2, 10, 10, 1, 0.01%, 0, 0, 1, 101.26
1733889882, 0, 3, 10, 9, 0, 0.01%, 0, 0, 1, 102.55
1733889892, 0, 4, 10, 8, 0, 0.01%, 0, 0, 1, 99.61
1733889903, 0, 5, 10, 7, 0, 0.01%, 0, 0, 1, 99.64
1733889913, 0, 6, 10, 6, 0, 0.01%, 0, 0, 1, 106.32
1733889923, 0, 7, 10, 5, 0, 0.01%, 0, 0, 1, 105.92
1733889933, 0, 8, 10, 4, 0, 0.01%, 0, 0, 1, 105.41
1733889938, 0, 9, 10, 3, 0, 0.01%, 0, 0, 1, 100.32
1733889948, 1, 0, 10, 2, 0, 0.01%, 0, 0, 1, 100.89
1733889964, 1, 1, 10, 1, 0, 0.01%, 0, 0, 1, 90.67
1733889974, 1, 2, 10, 0, 0, 0.01%, 0, 0, 1, 99.93
1733889979, 1, 3, 10, 0, 0, 0.01%, 0, 0, 1, 99.55
1733889984, 1, 4, 10, 0, 0, 0.01%, 0, 0, 1, 100.35
1733889989, 1, 6, 10, 0, 0, 0.01%, 0, 0, 1, 99.55
1733889994, 1, 7, 10, 0, 0, 0.01%, 0, 0, 1, 101.43
1733889999, 1, 9, 10, 0, 0, 0.01%, 0, 0, 1, 101.20
1733890005, 2, 0, 10, 0, 0, 0.01%, 0, 0, 1, 99.99
1733890010, 2, 1, 10, 0, 0, 0.01%, 0, 0, 1, 102.19
1733890015, 2, 3, 10, 0, 0, 0.01%, 0, 0, 1, 100.41
1733890020, 2, 4, 10, 0, 0, 0.01%, 0, 0, 1, 100.48
1733890025, 2, 6, 10, 0, 0, 0.01%, 0, 0, 1, 101.46
1733890030, 2, 7, 10, 0, 0, 0.01%, 0, 0, 1, 100.66
1733890035, 2, 8, 10, 0, 0, 0.01%, 0, 0, 1, 101.17
1733890040, 3, 0, 10, 0, 0, 0.01%, 0, 0, 1, 99.74
1733890046, 3, 1, 10, 0, 0, 0.01%, 0, 0, 1, 101.98
1733890051, 3, 3, 10, 0, 0, 0.01%, 0, 0, 1, 102.96
1733890056, 3, 4, 10, 0, 0, 0.01%, 0, 0, 1, 100.66
1733890061, 3, 5, 10, 0, 0, 0.01%, 0, 0, 1, 98.82
1733890066, 3, 7, 10, 0, 0, 0.01%, 0, 0, 1, 100.78
1733890071, 3, 8, 10, 0, 0, 0.01%, 0, 0, 1, 99.52
1733890076, 4, 0, 10, 0, 0, 0.01%, 0, 0, 1, 100.03
1733890081, 4, 1, 10, 0, 0, 0.01%, 0, 0, 1, 99.31
1733890087, 4, 2, 10, 0, 0, 0.01%, 0, 0, 1, 100.29
1733890092, 4, 4, 10, 0, 0, 0.01%, 0, 0, 1, 100.61
1733890097, 4, 5, 10, 0, 0, 0.01%, 0, 0, 1, 103.52
1733890102, 4, 7, 10, 0, 0, 0.01%, 0, 0, 1, 99.04
1733890107, 4, 8, 10, 0, 0, 0.01%, 0, 0, 1, 98.11
1733890112, 4, 9, 10, 0, 0, 0.01%, 0, 0, 1, 100.67
1733890117, 5, 1, 10, 0, 0, 0.01%, 0, 0, 1, 103.10
1733890122, 5, 2, 10, 0, 0, 0.01%, 0, 0, 1, 102.29
1733890127, 5, 4, 10, 0, 0, 0.01%, 0, 0, 1, 102.09
1733890132, 5, 5, 10, 0, 0, 0.01%, 0, 0, 1, 99.76
1733890137, 5, 6, 10, 0, 0, 0.01%, 0, 0, 1, 102.32
1733890143, 5, 8, 10, 0, 0, 0.01%, 0, 0, 1, 100.19
1733890148, 5, 9, 10, 0, 0, 0.01%, 0, 0, 1, 100.74
1733890153, 6, 1, 10, 0, 0, 0.01%, 0, 0, 1, 100.81
1733890158, 6, 2, 10, 0, 0, 0.01%, 0, 0, 1, 102.55
1733890163, 6, 3, 10, 0, 0, 0.01%, 0, 0, 1, 100.83
1733890168, 6, 5, 10, 0, 0, 0.01%, 0, 0, 1, 100.57
1733890173, 6, 6, 10, 0, 0, 0.01%, 0, 0, 1, 100.67
1733890178, 6, 7, 10, 0, 0, 0.01%, 0, 0, 1, 102.11
1733890183, 6, 9, 10, 0, 0, 0.01%, 0, 0, 1, 99.54
1733890188, 7, 0, 10, 0, 0, 0.01%, 0, 0, 1, 101.91
1733890193, 7, 2, 10, 0, 0, 0.01%, 0, 0, 1, 100.06
1733890198, 7, 3, 10, 0, 0, 0.01%, 0, 0, 1, 101.34
1733890204, 7, 4, 10, 0, 0, 0.01%, 0, 0, 1, 100.92
1733890209, 7, 6, 10, 0, 0, 0.01%, 0, 0, 1, 99.90
1733890214, 7, 7, 10, 0, 0, 0.01%, 0, 0, 1, 99.39
1733890219, 7, 9, 10, 0, 0, 0.01%, 0, 0, 1, 100.95
1733890224, 8, 0, 10, 0, 0, 0.01%, 0, 0, 1, 99.61
1733890229, 8, 1, 10, 0, 0, 0.01%, 0, 0, 1, 100.69
1733890234, 8, 3, 10, 0, 0, 0.01%, 0, 0, 1, 102.10
1733890239, 8, 4, 10, 0, 0, 0.01%, 0, 0, 1, 102.28
1733890244, 8, 6, 10, 0, 0, 0.01%, 0, 0, 1, 102.58
1733890249, 8, 7, 10, 0, 0, 0.01%, 0, 0, 1, 102.05
1733890254, 8, 8, 10, 0, 0, 0.01%, 0, 0, 1, 101.98
1733890260, 9, 0, 10, 0, 0, 0.01%, 0, 0, 1, 99.25
1733890265, 9, 1, 10, 0, 0, 0.01%, 0, 0, 1, 99.45
1733890270, 9, 3, 10, 0, 0, 0.01%, 0, 0, 1, 100.19
1733890275, 9, 4, 10, 0, 0, 0.01%, 0, 0, 1, 103.22
1733890280, 9, 5, 10, 0, 0, 0.01%, 0, 0, 1, 101.93
1733890285, 9, 7, 10, 0, 0, 0.01%, 0, 0, 1, 100.93
1733890290, 9, 8, 10, 0, 0, 0.01%, 0, 0, 1, 100.74
1733890295, 9, 9, 10, 0, 0, 0.01%, 0, 0, 1, 103.29
1733890300, 10, 1, 10, 0, 0, 0.01%, 0, 0, 1, 97.76
1733890305, 10, 2, 10, 0, 0, 0.01%, 0, 0, 1, 99.72
1733890311, 10, 4, 10, 0, 0, 0.01%, 0, 0, 1, 99.91
1733890316, 10, 5, 10, 0, 0, 0.01%, 0, 0, 1, 101.01
1733890321, 10, 6, 10, 0, 0, 0.01%, 0, 0, 1, 98.99
1733890326, 10, 8, 10, 0, 0, 0.01%, 0, 0, 1, 101.37
1733890331, 10, 9, 10, 0, 0, 0.01%, 0, 0, 1, 102.72
1733890336, 11, 1, 10, 0, 0, 0.01%, 0, 0, 1, 101.72
1733890341, 11, 2, 10, 0, 0, 0.01%, 0, 0, 1, 102.49
1733890346, 11, 3, 10, 0, 0, 0.01%, 0, 0, 1, 100.58
1733890351, 11, 5, 10, 0, 0, 0.01%, 0, 0, 1, 100.53
1733890356, 11, 6, 10, 0, 0, 0.01%, 0, 0, 1, 101.70
1733890361, 11, 8, 10, 0, 0, 0.01%, 0, 0, 1, 102.92
1733890366, 11, 9, 10, 0, 0, 0.01%, 0, 0, 1, 101.66
1733890371, 12, 0, 10, 0, 0, 0.01%, 0, 0, 1, 102.18
1733890376, 12, 2, 10, 0, 0, 0.01%, 0, 0, 1, 101.60
1733890381, 12, 3, 10, 0, 0, 0.01%, 0, 0, 1, 103.64
1733890387, 12, 5, 10, 0, 0, 0.01%, 0, 0, 1, 98.44
1733890392, 12, 6, 10, 0, 0, 0.01%, 0, 0, 1, 99.77
1733890397, 12, 7, 10, 0, 0, 0.01%, 0, 0, 1, 99.44
1733890402, 12, 9, 10, 0, 0, 0.01%, 0, 0, 1, 98.94
1733890407, 13, 0, 10, 0, 0, 0.01%, 0, 0, 1, 99.84
1733890412, 13, 10, 11, 1, 1, 0.10%, 1, 0, 2, 105.32
1733890417, 13, 10, 12, 2, 1, 0.11%, 2, 0, 3, 112.96
1733890437, 13, 10, 13, 3, 1, 0.13%, 3, 0, 3, 105.29
1733890554, 13, 11, 13, 2, 2, 0.13%, 3, 0, 3, 113.89
1733890559, 13, 11, 15, 4, 2, 0.14%, 4, 0, 4, 123.97
1733890600, 13, 11, 16, 5, 2, 0.14%, 4, 0, 4, 112.40
1733890630, 13, 11, 17, 6, 2, 0.14%, 4, 0, 4, 114.65
1733890650, 13, 11, 18, 7, 2, 0.14%, 4, 0, 4, 113.16
1733890665, 13, 11, 19, 8, 2, 0.14%, 5, 0, 4, 114.36
1733890696, 13, 11, 20, 9, 2, 0.14%, 5, 0, 4, 111.49
1733890711, 13, 12, 20, 8, 3, 0.14%, 5, 0, 4, 145.76
1733890721, 13, 12, 21, 9, 3, 0.14%, 5, 0, 4, 120.15
1733890741, 13, 12, 22, 10, 3, 0.14%, 5, 0, 4, 118.19
1733890817, 13, 12, 23, 11, 3, 0.21%, 6, 0, 4, 116.78
1733890868, 13, 13, 23, 10, 3, 0.21%, 6, 0, 4, 141.79
1733890893, 13, 13, 24, 11, 3, 0.21%, 7, 0, 5, 110.88
1733890928, 13, 13, 25, 12, 3, 0.21%, 7, 0, 5, 112.73
1733890979, 13, 13, 26, 13, 3, 0.21%, 7, 0, 5, 124.54
1733890984, 13, 13, 27, 14, 3, 0.21%, 7, 0, 5, 119.66
1733890989, 13, 13, 31, 18, 3, 0.21%, 8, 0, 5, 144.63
1733890994, 13, 13, 36, 23, 3, 0.21%, 8, 0, 5, 179.43
1733890999, 13, 13, 37, 24, 3, 0.21%, 8, 0, 5, 155.57
1733891004, 13, 21, 38, 24, 3, 0.21%, 8, 0, 5, 146.08
1733891009, 13, 21, 39, 25, 3, 0.21%, 8, 0, 5, 119.49
1733891081, 13, 21, 40, 26, 3, 0.21%, 8, 0, 5, 143.68
1733891086, 13, 21, 41, 27, 3, 0.21%, 8, 0, 5, 137.70
1733891091, 13, 22, 41, 26, 2, 0.21%, 8, 0, 5, 149.37
1733891157, 13, 22, 44, 29, 2, 0.21%, 9, 0, 5, 152.17
1733891172, 13, 26, 44, 28, 1, 0.21%, 9, 0, 5, 179.48
1733891289, 13, 26, 45, 29, 1, 0.21%, 9, 0, 6, 214.97
1733891294, 13, 26, 46, 30, 1, 0.21%, 9, 0, 6, 185.94
1733891370, 13, 26, 47, 31, 1, 0.21%, 9, 0, 6, 177.92
1733891385, 13, 26, 49, 33, 1, 0.21%, 9, 0, 6, 167.00
1733891390, 13, 45, 49, 32, 1, 0.21%, 9, 0, 6, 187.79
1733891426, 13, 45, 50, 33, 1, 0.21%, 9, 0, 7, 135.16
1733891436, 13, 45, 51, 34, 1, 0.21%, 9, 0, 7, 140.96
1733891442, 13, 48, 51, 33, 0, 0.21%, 9, 0, 7, 105.86
1733892398, 13, 48, 52, 34, 0, 0.21%, 9, 0, 7, 207.46
1733892413, 13, 48, 53, 35, 0, 0.21%, 9, 0, 7, 202.12
1733892490, 13, 52, 53, 34, 0, 0.21%, 9, 0, 7, 211.00
1733892688, 14, 0, 53, 33, 0, 0.21%, 9, 0, 7, 154.83
1733892693, 14, 11, 53, 33, 0, 0.21%, 9, 0, 7, 135.34
1733892703, 14, 12, 53, 33, 0, 0.21%, 9, 0, 7, 133.93
1733892713, 14, 14, 53, 33, 0, 0.21%, 9, 0, 7, 158.82
1733892759, 14, 16, 53, 32, 0, 0.21%, 9, 0, 7, 123.51
1733894412, 14, 21, 53, 31, 0, 0.21%, 9, 0, 7, 138.28
1733894427, 14, 21, 54, 32, 0, 0.21%, 9, 0, 7, 137.34
1733894432, 14, 22, 54, 32, 0, 0.21%, 9, 0, 7, 135.40
1733894468, 14, 27, 54, 32, 0, 0.21%, 9, 0, 7, 236.51
1733894615, 14, 36, 54, 31, 0, 0.21%, 9, 0, 7, 135.67
1733894990, 14, 41, 54, 30, 0, 0.21%, 9, 0, 7, 175.47
1733895275, 14, 42, 54, 29, 0, 0.21%, 9, 0, 7, 183.81
1733895462, 14, 43, 54, 28, 0, 0.21%, 9, 0, 7, 174.58
1733895651, 14, 44, 54, 27, 0, 0.21%, 9, 0, 7, 147.73
1733895702, 14, 45, 54, 26, 0, 0.21%, 9, 0, 7, 132.76
1733895722, 14, 49, 54, 26, 0, 0.21%, 9, 0, 7, 161.99
1733895727, 14, 49, 55, 27, 0, 0.21%, 10, 0, 8, 172.52
1733895788, 14, 49, 56, 28, 0, 0.21%, 10, 0, 8, 131.76
1733895794, 14, 51, 56, 27, 1, 0.21%, 10, 0, 8, 93.54
1733896816, 14, 54, 56, 26, 1, 0.21%, 10, 0, 8, 155.79
1733896847, 14, 54, 57, 27, 1, 0.21%, 10, 0, 9, 138.59
1733896883, 14, 54, 58, 28, 1, 0.21%, 10, 0, 9, 132.32
1733896960, 15, 8, 58, 27, 0, 0.21%, 10, 0, 9, 173.08
1733896965, 15, 11, 58, 27, 0, 0.21%, 10, 0, 9, 137.89
1733896975, 15, 19, 58, 27, 0, 0.21%, 10, 0, 9, 142.20
1733897548, 15, 21, 58, 26, 0, 0.21%, 10, 0, 9, 141.62
1733897569, 15, 22, 58, 26, 0, 0.21%, 10, 0, 9, 130.28
1733897599, 15, 30, 58, 26, 0, 0.21%, 10, 0, 9, 142.12
1733897910, 15, 31, 58, 25, 0, 0.21%, 10, 0, 9, 129.38
1733898373, 15, 34, 58, 24, 0, 0.21%, 10, 0, 9, 128.94
1733898520, 15, 35, 58, 23, 0, 0.21%, 10, 0, 9, 104.12
1733898893, 15, 45, 58, 22, 0, 0.21%, 10, 0, 9, 142.14
1733898913, 15, 47, 58, 22, 0, 0.21%, 10, 0, 9, 89.71
1733899839, 15, 54, 58, 21, 0, 0.21%, 10, 0, 9, 155.03
1733899875, 15, 58, 59, 22, 1, 0.26%, 11, 0, 9, 155.01
1733899885, 15, 58, 61, 24, 1, 0.26%, 13, 0, 10, 242.45
1733899987, 15, 58, 63, 26, 1, 0.27%, 14, 0, 10, 220.77
1733900278, 15, 58, 64, 27, 1, 0.28%, 14, 0, 10, 198.28
1733900283, 15, 58, 64, 27, 1, 0.28%, 15, 0, 10, 196.48
1733900288, 15, 58, 65, 28, 1, 0.28%, 15, 0, 10, 202.07
1733900364, 15, 59, 65, 27, 4, 0.28%, 15, 0, 10, 110.80
1733900761, 15, 59, 66, 28, 4, 0.28%, 15, 0, 11, 200.67
1733900771, 15, 59, 67, 29, 4, 0.28%, 15, 0, 11, 201.16
1733900786, 15, 59, 68, 30, 4, 0.28%, 15, 0, 11, 199.12
1733900852, 15, 60, 68, 29, 4, 0.28%, 15, 0, 11, 124.16
1733900862, 15, 60, 69, 30, 4, 0.28%, 16, 0, 11, 246.58
1733901263, 15, 60, 71, 32, 4, 0.28%, 16, 0, 11, 194.07
1733901350, 15, 62, 71, 31, 3, 0.28%, 16, 0, 11, 155.65
1733901760, 15, 62, 72, 32, 3, 0.28%, 16, 0, 11, 206.21
1733901821, 15, 62, 73, 33, 3, 0.28%, 16, 0, 11, 183.81
1733901826, 15, 62, 74, 34, 3, 0.28%, 16, 0, 11, 162.26
1733901842, 15, 63, 74, 33, 2, 0.28%, 16, 0, 11, 149.18
1733901929, 15, 63, 75, 34, 2, 0.28%, 16, 0, 11, 120.29
1733901934, 15, 63, 76, 35, 2, 0.28%, 16, 0, 11, 163.63
1733901939, 15, 63, 78, 37, 2, 0.28%, 16, 0, 11, 164.85
1733901969, 15, 63, 79, 38, 2, 0.28%, 16, 0, 11, 169.87
1733901995, 15, 63, 80, 39, 2, 0.29%, 16, 0, 11, 161.10
1733902000, 15, 63, 81, 40, 2, 0.29%, 17, 0, 11, 160.48
1733902051, 15, 67, 81, 39, 2, 0.29%, 17, 0, 11, 119.40
1733902447, 15, 67, 82, 40, 2, 0.29%, 17, 0, 12, 194.90
1733902543, 15, 79, 82, 39, 1, 0.29%, 17, 0, 12, 150.33
1733902635, 15, 79, 83, 40, 1, 0.29%, 17, 0, 12, 118.45
1733902650, 15, 79, 84, 41, 1, 0.29%, 17, 0, 12, 160.95
1733902756, 15, 82, 84, 40, 1, 0.29%, 17, 0, 12, 132.29
1733902761, 15, 82, 85, 41, 1, 0.29%, 17, 0, 13, 94.29
1733902843, 15, 82, 86, 42, 1, 0.29%, 17, 0, 13, 146.38
1733902883, 15, 82, 87, 43, 1, 0.29%, 18, 0, 13, 147.30
1733902888, 15, 82, 88, 44, 1, 0.29%, 18, 0, 13, 147.80
1733902904, 15, 82, 89, 45, 1, 0.29%, 18, 0, 13, 154.38
1733902934, 15, 82, 90, 46, 1, 0.29%, 18, 0, 13, 150.79
1733902944, 15, 82, 91, 47, 1, 0.29%, 18, 0, 13, 148.44
1733902975, 15, 86, 92, 47, 1, 0.30%, 19, 0, 14, 145.38
1733902980, 15, 86, 93, 48, 1, 0.30%, 20, 0, 14, 107.83
1733902991, 15, 86, 95, 50, 1, 0.31%, 22, 0, 14, 99.55
1733903036, 15, 86, 96, 51, 1, 0.31%, 22, 0, 14, 148.23
1733903153, 15, 86, 97, 52, 1, 0.31%, 22, 0, 14, 141.63
1733903169, 15, 90, 97, 51, 4, 0.31%, 22, 0, 14, 141.16
1733903602, 15, 90, 101, 55, 4, 0.31%, 22, 0, 14, 131.22
1733903632, 15, 90, 102, 56, 4, 0.31%, 22, 0, 14, 132.98
1733903658, 15, 90, 103, 57, 4, 0.31%, 22, 0, 14, 131.92
1733903684, 15, 90, 104, 58, 4, 0.31%, 22, 0, 14, 135.36
1733903739, 15, 91, 104, 57, 4, 0.31%, 22, 0, 14, 174.90
1733903877, 15, 92, 104, 56, 3, 0.31%, 22, 0, 14, 134.37
1733904010, 15, 93, 104, 55, 2, 0.31%, 22, 0, 14, 173.14
1733904143, 15, 93, 106, 57, 2, 0.31%, 22, 0, 15, 132.65
1733904148, 15, 94, 106, 56, 1, 0.31%, 22, 0, 15, 140.69
1733904286, 15, 98, 106, 55, 0, 0.31%, 22, 0, 15, 91.48
1733907259, 15, 98, 107, 56, 0, 0.31%, 22, 0, 15, 134.21
1733907320, 15, 98, 108, 57, 0, 0.31%, 22, 0, 15, 138.14
1733907325, 15, 98, 109, 58, 0, 0.31%, 22, 0, 15, 142.12
1733907386, 15, 100, 109, 57, 0, 0.31%, 22, 0, 15, 127.70
