# unix_time, cycles_done, cur_path, paths_total, pending_total, pending_favs, map_size, unique_crashes, unique_hangs, max_depth, execs_per_sec
1735180487, 0, 0, 10, 10, 1, 0.01%, 0, 0, 1, 83.25
1735180492, 0, 4, 10, 10, 1, 0.01%, 0, 0, 1, 104.17
1735180497, 0, 5, 10, 9, 0, 0.01%, 0, 0, 1, 102.94
1735180507, 0, 6, 10, 8, 0, 0.01%, 0, 0, 1, 102.04
1735180517, 0, 7, 10, 7, 0, 0.01%, 0, 0, 1, 99.12
1735180528, 0, 8, 10, 6, 0, 0.01%, 0, 0, 1, 97.87
1735180538, 0, 9, 10, 5, 0, 0.01%, 0, 0, 1, 95.60
1735180548, 1, 0, 10, 4, 0, 0.01%, 0, 0, 1, 94.01
1735180563, 1, 1, 10, 3, 0, 0.01%, 0, 0, 1, 107.92
1735180573, 1, 2, 10, 2, 0, 0.01%, 0, 0, 1, 92.78
1735180584, 1, 3, 10, 1, 0, 0.01%, 0, 0, 1, 98.79
1735180599, 1, 5, 10, 0, 0, 0.01%, 0, 0, 1, 101.02
1735180604, 1, 6, 10, 0, 0, 0.01%, 0, 0, 1, 101.71
1735180610, 1, 8, 10, 0, 0, 0.01%, 0, 0, 1, 103.94
1735180615, 1, 9, 10, 0, 0, 0.01%, 0, 0, 1, 105.59
1735180620, 2, 0, 10, 0, 0, 0.01%, 0, 0, 1, 102.74
1735180625, 2, 2, 10, 0, 0, 0.01%, 0, 0, 1, 100.35
1735180630, 2, 3, 10, 0, 0, 0.01%, 0, 0, 1, 102.83
1735180635, 2, 5, 10, 0, 0, 0.01%, 0, 0, 1, 105.28
1735180640, 2, 6, 10, 0, 0, 0.01%, 0, 0, 1, 102.84
1735180645, 2, 8, 10, 0, 0, 0.01%, 0, 0, 1, 103.74
1735180650, 2, 9, 10, 0, 0, 0.01%, 0, 0, 1, 104.31
1735180655, 3, 0, 10, 0, 0, 0.01%, 0, 0, 1, 102.66
1735180661, 3, 2, 10, 0, 0, 0.01%, 0, 0, 1, 103.11
1735180666, 3, 3, 10, 0, 0, 0.01%, 0, 0, 1, 100.53
1735180671, 3, 5, 10, 0, 0, 0.01%, 0, 0, 1, 101.50
1735180676, 3, 6, 10, 0, 0, 0.01%, 0, 0, 1, 103.33
1735180681, 3, 8, 10, 0, 0, 0.01%, 0, 0, 1, 102.80
1735180686, 3, 9, 10, 0, 0, 0.01%, 0, 0, 1, 102.64
1735180691, 4, 0, 10, 0, 0, 0.01%, 0, 0, 1, 101.64
1735180696, 4, 2, 10, 0, 0, 0.01%, 0, 0, 1, 105.19
1735180701, 4, 3, 10, 0, 0, 0.01%, 0, 0, 1, 104.46
1735180706, 4, 5, 10, 0, 0, 0.01%, 0, 0, 1, 103.79
1735180712, 4, 6, 10, 0, 0, 0.01%, 0, 0, 1, 104.71
1735180717, 4, 8, 10, 0, 0, 0.01%, 0, 0, 1, 102.15
1735180722, 4, 9, 10, 0, 0, 0.01%, 0, 0, 1, 101.48
1735180727, 5, 0, 10, 0, 0, 0.01%, 0, 0, 1, 97.85
1735180732, 5, 2, 10, 0, 0, 0.01%, 0, 0, 1, 101.47
1735180738, 5, 3, 10, 0, 0, 0.01%, 0, 0, 1, 102.44
1735180743, 5, 5, 10, 0, 0, 0.01%, 0, 0, 1, 102.48
1735180748, 5, 6, 10, 0, 0, 0.01%, 0, 0, 1, 102.57
1735180753, 5, 8, 10, 0, 0, 0.01%, 0, 0, 1, 104.84
1735180758, 5, 9, 10, 0, 0, 0.01%, 0, 0, 1, 103.34
1735180763, 6, 1, 10, 0, 0, 0.01%, 0, 0, 1, 103.03
1735180768, 6, 2, 10, 0, 0, 0.01%, 0, 0, 1, 101.26
1735180774, 6, 3, 10, 0, 0, 0.01%, 0, 0, 1, 102.12
1735180779, 6, 5, 10, 0, 0, 0.01%, 0, 0, 1, 101.58
1735180784, 6, 6, 10, 0, 0, 0.01%, 0, 0, 1, 101.89
1735180789, 6, 8, 10, 0, 0, 0.01%, 0, 0, 1, 102.03
1735180794, 6, 9, 10, 0, 0, 0.01%, 0, 0, 1, 103.03
1735180799, 7, 0, 10, 0, 0, 0.01%, 0, 0, 1, 104.23
1735180804, 7, 2, 10, 0, 0, 0.01%, 0, 0, 1, 102.91
1735180809, 7, 3, 10, 0, 0, 0.01%, 0, 0, 1, 100.31
1735180814, 7, 5, 10, 0, 0, 0.01%, 0, 0, 1, 101.22
1735180819, 7, 6, 10, 0, 0, 0.01%, 0, 0, 1, 102.91
1735180824, 7, 8, 10, 0, 0, 0.01%, 0, 0, 1, 105.39
1735180829, 7, 9, 10, 0, 0, 0.01%, 0, 0, 1, 103.54
1735180835, 8, 0, 10, 0, 0, 0.01%, 0, 0, 1, 105.92
1735180840, 8, 2, 10, 0, 0, 0.01%, 0, 0, 1, 101.24
1735180845, 8, 3, 10, 0, 0, 0.01%, 0, 0, 1, 103.76
1735180850, 8, 5, 10, 0, 0, 0.01%, 0, 0, 1, 106.23
1735180855, 8, 6, 10, 0, 0, 0.01%, 0, 0, 1, 104.58
1735180860, 8, 8, 10, 0, 0, 0.01%, 0, 0, 1, 104.16
1735180865, 8, 9, 10, 0, 0, 0.01%, 0, 0, 1, 104.01
1735180870, 9, 0, 10, 0, 0, 0.01%, 0, 0, 1, 104.07
1735180875, 9, 2, 10, 0, 0, 0.01%, 0, 0, 1, 104.87
1735180880, 9, 3, 10, 0, 0, 0.01%, 0, 0, 1, 103.02
1735180885, 9, 5, 10, 0, 0, 0.01%, 0, 0, 1, 102.73
1735180891, 9, 6, 10, 0, 0, 0.01%, 0, 0, 1, 105.14
1735180896, 9, 8, 10, 0, 0, 0.01%, 0, 0, 1, 104.76
1735180901, 9, 9, 10, 0, 0, 0.01%, 0, 0, 1, 103.58
1735180906, 10, 1, 10, 0, 0, 0.01%, 0, 0, 1, 104.64
1735180911, 10, 2, 10, 0, 0, 0.01%, 0, 0, 1, 102.54
1735180916, 10, 3, 10, 0, 0, 0.01%, 0, 0, 1, 104.39
1735180921, 10, 5, 10, 0, 0, 0.01%, 0, 0, 1, 101.75
1735180926, 10, 6, 10, 0, 0, 0.01%, 0, 0, 1, 102.27
1735180931, 10, 8, 10, 0, 0, 0.01%, 0, 0, 1, 102.53
1735180936, 10, 9, 10, 0, 0, 0.01%, 0, 0, 1, 102.70
1735180941, 11, 1, 10, 0, 0, 0.01%, 0, 0, 1, 103.57
1735180947, 11, 2, 10, 0, 0, 0.01%, 0, 0, 1, 101.90
1735180952, 11, 3, 10, 0, 0, 0.01%, 0, 0, 1, 101.49
1735180957, 11, 5, 10, 0, 0, 0.01%, 0, 0, 1, 102.66
1735180962, 11, 6, 10, 0, 0, 0.01%, 0, 0, 1, 104.70
1735180967, 11, 8, 10, 0, 0, 0.01%, 0, 0, 1, 102.79
1735180972, 11, 9, 10, 0, 0, 0.01%, 0, 0, 1, 105.62
1735180977, 12, 1, 10, 0, 0, 0.01%, 0, 0, 1, 104.50
1735180982, 12, 2, 10, 0, 0, 0.01%, 0, 0, 1, 104.72
1735180987, 12, 3, 10, 0, 0, 0.01%, 0, 0, 1, 104.39
1735180992, 12, 5, 10, 0, 0, 0.01%, 0, 0, 1, 103.78
1735180997, 12, 6, 10, 0, 0, 0.01%, 0, 0, 1, 102.01
1735181002, 12, 8, 10, 0, 0, 0.01%, 0, 0, 1, 100.88
1735181007, 12, 9, 10, 0, 0, 0.01%, 0, 0, 1, 101.73
1735181013, 13, 0, 10, 0, 0, 0.01%, 0, 0, 1, 102.86
1735181018, 13, 2, 10, 0, 0, 0.01%, 0, 0, 1, 101.26
1735181023, 13, 3, 10, 0, 0, 0.01%, 0, 0, 1, 103.12
1735181028, 13, 5, 10, 0, 0, 0.01%, 0, 0, 1, 103.42
1735181033, 13, 6, 10, 0, 0, 0.01%, 0, 0, 1, 102.85
1735181038, 13, 8, 10, 0, 0, 0.01%, 0, 0, 1, 103.24
1735181043, 13, 9, 10, 0, 0, 0.01%, 0, 0, 1, 104.92
1735181049, 14, 1, 10, 0, 0, 0.01%, 0, 0, 1, 103.82
1735181054, 14, 2, 10, 0, 0, 0.01%, 0, 0, 1, 101.25
1735181059, 14, 3, 10, 0, 0, 0.01%, 0, 0, 1, 105.62
1735181064, 14, 5, 10, 0, 0, 0.01%, 0, 0, 1, 103.39
1735181069, 14, 6, 10, 0, 0, 0.01%, 0, 0, 1, 102.90
1735181074, 14, 8, 10, 0, 0, 0.01%, 0, 0, 1, 103.41
1735181079, 14, 9, 10, 0, 0, 0.01%, 0, 0, 1, 103.40
1735181084, 15, 1, 10, 0, 0, 0.01%, 0, 0, 1, 103.29
1735181089, 15, 2, 10, 0, 0, 0.01%, 0, 0, 1, 106.85
1735181094, 15, 3, 10, 0, 0, 0.01%, 0, 0, 1, 105.83
1735181099, 15, 5, 10, 0, 0, 0.01%, 0, 0, 1, 104.95
1735181105, 15, 6, 10, 0, 0, 0.01%, 0, 0, 1, 106.75
1735181110, 15, 8, 10, 0, 0, 0.01%, 0, 0, 1, 106.22
1735181115, 15, 9, 10, 0, 0, 0.01%, 0, 0, 1, 104.99
1735181120, 16, 1, 10, 0, 0, 0.01%, 0, 0, 1, 106.42
1735181125, 16, 2, 10, 0, 0, 0.01%, 0, 0, 1, 109.15
1735181130, 16, 4, 10, 0, 0, 0.01%, 0, 0, 1, 108.68
1735181135, 16, 5, 10, 0, 0, 0.01%, 0, 0, 1, 109.00
1735181141, 16, 7, 10, 0, 0, 0.01%, 0, 0, 1, 107.88
1735181146, 16, 8, 10, 0, 0, 0.01%, 0, 0, 1, 109.27
1735181151, 17, 0, 10, 0, 0, 0.01%, 0, 0, 1, 108.39
1735181156, 17, 1, 10, 0, 0, 0.01%, 0, 0, 1, 106.47
1735181161, 17, 3, 10, 0, 0, 0.01%, 0, 0, 1, 109.86
1735181166, 17, 5, 10, 0, 0, 0.01%, 0, 0, 1, 107.76
1735181172, 17, 6, 10, 0, 0, 0.01%, 0, 0, 1, 104.81
1735181177, 17, 7, 10, 0, 0, 0.01%, 0, 0, 1, 106.12
1735181182, 17, 9, 10, 0, 0, 0.01%, 0, 0, 1, 105.40
1735181187, 18, 0, 10, 0, 0, 0.01%, 0, 0, 1, 105.81
1735181192, 18, 2, 10, 0, 0, 0.01%, 0, 0, 1, 105.76
1735181197, 18, 3, 10, 0, 0, 0.01%, 0, 0, 1, 106.35
1735181202, 18, 5, 10, 0, 0, 0.01%, 0, 0, 1, 106.06
1735181207, 18, 6, 10, 0, 0, 0.01%, 0, 0, 1, 106.75
1735181212, 18, 8, 10, 0, 0, 0.01%, 0, 0, 1, 109.72
1735181218, 18, 9, 10, 0, 0, 0.01%, 0, 0, 1, 107.64
1735181223, 19, 1, 10, 0, 0, 0.01%, 0, 0, 1, 109.22
1735181228, 19, 2, 10, 0, 0, 0.01%, 0, 0, 1, 107.32
1735181233, 19, 4, 10, 0, 0, 0.01%, 0, 0, 1, 106.40
1735181238, 19, 5, 11, 1, 0, 0.16%, 1, 0, 2, 105.62
1735181243, 19, 10, 11, 1, 1, 0.16%, 1, 0, 2, 122.36
1735181325, 20, 10, 11, 0, 0, 0.16%, 1, 0, 2, 111.59
1735181366, 21, 10, 11, 0, 0, 0.16%, 1, 0, 2, 113.55
1735181407, 22, 10, 11, 0, 0, 0.16%, 1, 0, 2, 112.87
1735181443, 23, 4, 11, 0, 0, 0.16%, 1, 0, 2, 107.42
1735181448, 23, 10, 11, 0, 0, 0.16%, 1, 0, 2, 113.51
1735181469, 24, 10, 11, 0, 0, 0.16%, 1, 0, 2, 108.47
1735181490, 25, 10, 11, 0, 0, 0.16%, 1, 0, 2, 112.49
1735181510, 26, 10, 11, 0, 0, 0.16%, 1, 0, 2, 112.73
1735181520, 27, 10, 11, 0, 0, 0.16%, 1, 0, 2, 110.52
1735181531, 28, 10, 11, 0, 0, 0.16%, 1, 0, 2, 112.27
1735181541, 29, 2, 11, 0, 0, 0.16%, 1, 0, 2, 107.20
1735181546, 29, 10, 11, 0, 0, 0.16%, 1, 0, 2, 110.58
1735181556, 30, 10, 11, 0, 0, 0.16%, 1, 0, 2, 109.84
1735181566, 31, 10, 11, 0, 0, 0.16%, 1, 0, 2, 111.98
1735181576, 32, 10, 11, 0, 0, 0.16%, 1, 0, 2, 110.59
1735181587, 33, 5, 11, 0, 0, 0.16%, 1, 0, 2, 110.84
1735181592, 33, 10, 12, 1, 0, 0.16%, 2, 0, 3, 117.32
1735181602, 33, 11, 13, 2, 1, 0.16%, 3, 0, 4, 134.29
1735181617, 33, 11, 14, 3, 1, 0.17%, 4, 0, 4, 120.78
1735181669, 33, 11, 15, 4, 1, 0.17%, 4, 0, 4, 116.61
1735181731, 33, 12, 15, 3, 2, 0.17%, 4, 0, 4, 132.62
1735181736, 33, 12, 16, 4, 2, 0.17%, 4, 0, 5, 120.06
1735181808, 33, 12, 17, 5, 2, 0.17%, 4, 0, 5, 116.93
1735181895, 33, 12, 21, 9, 2, 0.17%, 4, 0, 5, 123.26
1735181905, 33, 16, 22, 9, 1, 0.17%, 5, 0, 6, 135.00
1735181978, 33, 21, 22, 8, 1, 0.17%, 5, 0, 6, 132.36
1735182013, 33, 21, 23, 9, 1, 0.17%, 5, 0, 7, 117.48
1735182095, 33, 21, 24, 10, 1, 0.17%, 5, 0, 7, 123.16
1735182100, 33, 21, 25, 11, 1, 0.17%, 5, 0, 7, 115.55
1735182111, 33, 21, 26, 12, 1, 0.17%, 5, 0, 7, 123.13
1735182116, 34, 10, 26, 11, 0, 0.17%, 5, 0, 7, 114.83
1735182121, 34, 11, 26, 11, 0, 0.17%, 5, 0, 7, 119.65
1735182131, 34, 12, 27, 12, 0, 0.17%, 5, 0, 7, 117.33
1735182157, 34, 12, 28, 13, 0, 0.17%, 5, 0, 7, 133.38
1735182167, 34, 13, 28, 13, 0, 0.17%, 5, 0, 7, 160.10
1735182203, 34, 13, 29, 14, 0, 0.17%, 5, 0, 7, 123.48
1735182239, 34, 13, 30, 15, 0, 0.17%, 5, 0, 7, 125.41
1735182291, 34, 15, 30, 14, 0, 0.17%, 5, 0, 7, 134.24
1735182301, 34, 15, 31, 15, 0, 0.17%, 5, 0, 7, 129.82
1735182306, 34, 15, 32, 16, 0, 0.17%, 5, 0, 7, 124.76
1735182419, 34, 16, 33, 16, 0, 0.17%, 5, 0, 7, 127.35
1735182455, 34, 21, 33, 16, 0, 0.17%, 5, 0, 7, 124.80
1735182470, 34, 21, 34, 17, 0, 0.17%, 5, 0, 7, 137.90
1735182486, 34, 33, 34, 17, 0, 0.17%, 5, 0, 7, 164.74
1735182573, 35, 10, 35, 17, 0, 0.17%, 5, 0, 7, 121.06
1735182578, 35, 11, 35, 17, 0, 0.17%, 5, 0, 7, 119.26
1735182593, 35, 12, 35, 17, 0, 0.17%, 5, 0, 7, 120.57
1735182624, 35, 16, 35, 17, 0, 0.17%, 5, 0, 7, 121.40
1735182660, 35, 17, 35, 17, 0, 0.17%, 5, 0, 7, 171.32
1735182751, 35, 21, 35, 16, 0, 0.17%, 5, 0, 7, 124.25
1735182787, 35, 26, 35, 16, 0, 0.17%, 5, 0, 7, 193.52
1735182889, 35, 34, 35, 15, 0, 0.17%, 5, 0, 7, 162.73
1735182899, 35, 34, 36, 16, 0, 0.17%, 5, 0, 7, 183.23
1735182904, 35, 34, 37, 17, 0, 0.17%, 5, 0, 7, 151.29
1735183002, 36, 11, 37, 16, 0, 0.17%, 5, 0, 7, 125.32
1735183018, 36, 12, 37, 16, 0, 0.17%, 5, 0, 7, 127.77
1735183049, 36, 16, 37, 16, 0, 0.17%, 5, 0, 7, 130.52
1735183069, 36, 19, 37, 16, 0, 0.17%, 5, 0, 7, 142.40
1735183152, 36, 20, 37, 15, 0, 0.17%, 5, 0, 7, 152.87
1735183224, 36, 21, 37, 14, 0, 0.17%, 5, 0, 7, 125.11
1735183254, 36, 27, 37, 14, 0, 0.17%, 5, 0, 7, 152.69
1735183332, 36, 29, 37, 13, 0, 0.17%, 5, 0, 7, 158.99
1735183383, 36, 32, 37, 12, 0, 0.17%, 5, 0, 7, 175.03
1735183455, 36, 35, 37, 11, 0, 0.17%, 5, 0, 7, 123.64
1735183511, 36, 35, 38, 12, 0, 0.17%, 6, 0, 7, 196.49
1735183592, 36, 35, 39, 13, 0, 0.17%, 7, 0, 7, 143.39
1735183607, 37, 10, 39, 12, 0, 0.17%, 7, 0, 7, 120.86
1735183612, 37, 11, 39, 12, 0, 0.17%, 7, 0, 7, 126.23
1735183618, 37, 12, 39, 12, 0, 0.17%, 7, 0, 7, 129.09
1735183649, 37, 16, 39, 12, 0, 0.17%, 7, 0, 7, 126.66
1735183674, 37, 18, 39, 12, 0, 0.17%, 7, 0, 7, 199.32
1735183726, 37, 21, 39, 11, 0, 0.17%, 7, 0, 7, 124.66
1735183746, 37, 37, 39, 11, 0, 0.17%, 7, 0, 7, 184.35
1735183884, 37, 38, 39, 10, 0, 0.17%, 7, 0, 7, 139.44
1735184022, 38, 2, 39, 9, 0, 0.17%, 7, 0, 7, 141.35
1735184027, 38, 10, 39, 9, 0, 0.17%, 7, 0, 7, 130.96
1735184032, 38, 11, 39, 9, 0, 0.17%, 7, 0, 7, 124.15
1735184042, 38, 12, 39, 9, 0, 0.17%, 7, 0, 7, 121.21
1735184072, 38, 16, 39, 9, 0, 0.17%, 7, 0, 7, 129.81
1735184093, 38, 21, 39, 9, 0, 0.17%, 7, 0, 7, 131.36
1735184119, 38, 25, 39, 9, 0, 0.17%, 7, 0, 7, 170.82
1735184170, 39, 11, 39, 8, 0, 0.17%, 7, 0, 7, 128.54
1735184186, 39, 12, 39, 8, 0, 0.17%, 7, 0, 7, 122.41
1735184211, 39, 16, 39, 8, 0, 0.17%, 7, 0, 7, 136.38
1735184237, 39, 21, 39, 8, 0, 0.17%, 7, 0, 7, 126.08
1735184258, 39, 23, 39, 8, 0, 0.17%, 7, 0, 7, 177.41
1735184309, 39, 24, 39, 7, 0, 0.17%, 7, 0, 7, 165.82
1735184390, 39, 28, 39, 6, 0, 0.17%, 7, 0, 7, 214.28
1735184461, 39, 30, 39, 5, 0, 0.17%, 7, 0, 7, 224.63
1735184681, 39, 36, 39, 4, 0, 0.17%, 7, 0, 7, 116.26
1735184977, 40, 11, 39, 3, 0, 0.17%, 7, 0, 7, 126.94
1735184987, 40, 12, 39, 3, 0, 0.17%, 7, 0, 7, 124.28
1735185013, 40, 16, 39, 3, 0, 0.17%, 7, 0, 7, 130.06
1735185034, 40, 21, 39, 3, 0, 0.17%, 7, 0, 7, 127.79
1735185059, 40, 32, 39, 3, 0, 0.17%, 7, 0, 7, 133.06
1735185090, 41, 11, 39, 3, 0, 0.17%, 7, 0, 7, 129.25
1735185095, 41, 12, 39, 3, 0, 0.17%, 7, 0, 7, 130.68
1735185111, 41, 16, 39, 3, 0, 0.17%, 7, 0, 7, 135.57
1735185121, 41, 21, 39, 3, 0, 0.17%, 7, 0, 7, 131.66
1735185131, 41, 23, 39, 3, 0, 0.17%, 7, 0, 7, 124.91
1735185157, 41, 33, 39, 3, 0, 0.17%, 7, 0, 7, 129.56
1735185188, 42, 11, 39, 3, 0, 0.17%, 7, 0, 7, 129.66
1735185193, 42, 12, 39, 3, 0, 0.17%, 7, 0, 7, 126.97
1735185198, 42, 14, 39, 3, 0, 0.17%, 7, 0, 7, 127.35
1735185305, 42, 16, 39, 2, 0, 0.17%, 7, 0, 7, 124.08
1735185310, 42, 21, 39, 2, 0, 0.17%, 7, 0, 7, 126.35
1735185315, 43, 10, 39, 2, 0, 0.17%, 7, 0, 7, 132.66
1735185320, 43, 12, 39, 2, 0, 0.17%, 7, 0, 7, 131.13
1735185331, 43, 16, 39, 2, 0, 0.17%, 7, 0, 7, 132.59
1735185336, 43, 21, 39, 2, 0, 0.17%, 7, 0, 7, 132.50
1735185341, 43, 23, 39, 2, 0, 0.17%, 7, 0, 7, 127.18
1735185362, 43, 29, 39, 2, 0, 0.17%, 7, 0, 7, 143.42
1735185382, 44, 11, 39, 2, 0, 0.17%, 7, 0, 7, 138.59
1735185387, 44, 12, 39, 2, 0, 0.17%, 7, 0, 7, 130.31
1735185393, 44, 16, 39, 2, 0, 0.17%, 7, 0, 7, 127.20
1735185398, 44, 21, 39, 2, 0, 0.17%, 7, 0, 7, 137.58
1735185403, 44, 31, 39, 2, 0, 0.17%, 7, 0, 7, 128.00
1735185550, 45, 10, 39, 1, 0, 0.17%, 7, 0, 7, 131.60
1735185556, 45, 12, 39, 1, 0, 0.17%, 7, 0, 7, 123.46
1735185566, 45, 14, 39, 1, 0, 0.17%, 7, 0, 7, 146.84
1735185581, 45, 16, 39, 1, 0, 0.17%, 7, 0, 7, 130.26
1735185586, 45, 21, 39, 1, 0, 0.17%, 7, 0, 7, 137.51
1735185591, 46, 10, 39, 1, 0, 0.17%, 7, 0, 7, 136.51
1735185596, 46, 12, 39, 1, 0, 0.17%, 7, 0, 7, 133.14
1735185607, 46, 13, 39, 1, 0, 0.17%, 7, 0, 7, 132.97
1735185638, 46, 16, 39, 1, 0, 0.17%, 7, 0, 7, 135.32
1735185643, 46, 21, 39, 1, 0, 0.17%, 7, 0, 7, 129.95
1735185648, 47, 3, 39, 1, 0, 0.17%, 7, 0, 7, 130.16
1735185653, 47, 11, 39, 1, 0, 0.17%, 7, 0, 7, 128.31
1735185658, 47, 12, 39, 1, 0, 0.17%, 7, 0, 7, 125.00
1735185663, 47, 13, 39, 1, 0, 0.17%, 7, 0, 7, 127.57
1735185699, 47, 16, 39, 1, 0, 0.17%, 7, 0, 7, 128.96
1735185705, 47, 21, 39, 1, 0, 0.17%, 7, 0, 7, 130.06
1735185710, 47, 22, 39, 1, 0, 0.17%, 7, 0, 7, 149.62
1735185761, 48, 11, 39, 0, 0, 0.17%, 7, 0, 7, 133.80
1735185766, 48, 12, 39, 0, 0, 0.17%, 7, 0, 7, 127.76
1735185771, 48, 16, 39, 0, 0, 0.17%, 7, 0, 7, 131.03
1735185776, 48, 21, 39, 0, 0, 0.17%, 7, 0, 7, 139.14
1735185787, 48, 38, 39, 0, 0, 0.17%, 7, 0, 7, 155.50
1735185807, 49, 9, 39, 0, 0, 0.17%, 7, 0, 7, 135.74
1735185812, 49, 11, 39, 0, 0, 0.17%, 7, 0, 7, 131.05
1735185817, 49, 12, 39, 0, 0, 0.17%, 7, 0, 7, 123.94
1735185822, 49, 16, 39, 0, 0, 0.17%, 7, 0, 7, 119.29
1735185828, 49, 21, 39, 0, 0, 0.17%, 7, 0, 7, 126.93
1735185833, 49, 24, 39, 0, 0, 0.17%, 7, 0, 7, 143.73
1735185863, 49, 33, 39, 0, 0, 0.17%, 7, 0, 7, 135.03
1735185899, 50, 11, 39, 0, 0, 0.17%, 7, 0, 7, 127.87
1735185904, 50, 12, 39, 0, 0, 0.17%, 7, 0, 7, 124.00
1735185910, 50, 16, 39, 0, 0, 0.17%, 7, 0, 7, 125.52
1735185915, 50, 21, 39, 0, 0, 0.17%, 7, 0, 7, 129.71
1735185920, 50, 35, 39, 0, 0, 0.17%, 7, 0, 7, 146.58
1735185940, 51, 1, 39, 0, 0, 0.17%, 7, 0, 7, 138.69
1735185945, 51, 11, 39, 0, 0, 0.17%, 7, 0, 7, 131.14
1735185950, 51, 12, 39, 0, 0, 0.17%, 7, 0, 7, 125.64
1735185956, 51, 16, 39, 0, 0, 0.17%, 7, 0, 7, 132.77
1735185966, 51, 18, 39, 0, 0, 0.17%, 7, 0, 7, 140.30
1735185981, 51, 21, 39, 0, 0, 0.17%, 7, 0, 7, 141.16
1735185987, 51, 35, 39, 0, 0, 0.17%, 7, 0, 7, 150.47
1735186007, 52, 10, 39, 0, 0, 0.17%, 7, 0, 7, 137.32
1735186012, 52, 12, 39, 0, 0, 0.17%, 7, 0, 7, 130.13
1735186022, 52, 15, 39, 0, 0, 0.17%, 7, 0, 7, 130.16
1735186053, 52, 16, 39, 0, 0, 0.17%, 7, 0, 7, 135.01
1735186059, 52, 19, 39, 0, 0, 0.17%, 7, 0, 7, 128.33
1735186079, 52, 20, 39, 0, 0, 0.17%, 7, 0, 7, 134.90
1735186099, 52, 21, 39, 0, 0, 0.17%, 7, 0, 7, 126.06
1735186105, 52, 37, 39, 0, 0, 0.17%, 7, 0, 7, 148.79
1735186125, 53, 10, 39, 0, 0, 0.17%, 7, 0, 7, 126.55
1735186130, 53, 12, 39, 0, 0, 0.17%, 7, 0, 7, 126.35
1735186141, 53, 16, 39, 0, 0, 0.17%, 7, 0, 7, 131.06
1735186146, 53, 20, 39, 0, 0, 0.17%, 7, 0, 7, 138.90
1735186161, 53, 21, 39, 0, 0, 0.17%, 7, 0, 7, 123.61
1735186166, 53, 33, 39, 0, 0, 0.17%, 7, 0, 7, 126.09
1735186197, 54, 11, 39, 0, 0, 0.17%, 7, 0, 7, 128.55
1735186203, 54, 12, 39, 0, 0, 0.17%, 7, 0, 7, 125.99
1735186208, 54, 16, 39, 0, 0, 0.17%, 7, 0, 7, 128.30
1735186213, 54, 20, 39, 0, 0, 0.17%, 7, 0, 7, 131.17
1735186238, 54, 21, 39, 0, 0, 0.17%, 7, 0, 7, 129.80
1735186244, 54, 26, 39, 0, 0, 0.17%, 7, 0, 7, 166.63
1735186269, 55, 10, 39, 0, 0, 0.17%, 7, 0, 7, 135.33
1735186274, 55, 12, 39, 0, 0, 0.17%, 7, 0, 7, 126.71
1735186285, 55, 16, 39, 0, 0, 0.17%, 7, 0, 7, 133.14
1735186290, 55, 20, 39, 0, 0, 0.17%, 7, 0, 7, 132.39
1735186310, 55, 21, 39, 0, 0, 0.17%, 7, 0, 7, 125.07
1735186315, 55, 35, 39, 0, 0, 0.17%, 7, 0, 7, 157.67
1735186336, 56, 11, 39, 0, 0, 0.17%, 7, 0, 7, 129.55
1735186341, 56, 12, 39, 0, 0, 0.17%, 7, 0, 7, 127.52
1735186346, 56, 16, 39, 0, 0, 0.17%, 7, 0, 7, 126.73
1735186351, 56, 21, 39, 0, 0, 0.17%, 7, 0, 7, 129.34
1735186356, 56, 37, 39, 0, 0, 0.17%, 7, 0, 7, 138.75
1735186377, 57, 10, 39, 0, 0, 0.17%, 7, 0, 7, 129.69
1735186382, 57, 11, 39, 0, 0, 0.17%, 7, 0, 7, 127.80
1735186387, 57, 12, 39, 0, 0, 0.17%, 7, 0, 7, 124.94
1735186392, 57, 16, 39, 0, 0, 0.17%, 7, 0, 7, 125.14
1735186397, 57, 21, 39, 0, 0, 0.17%, 7, 0, 7, 130.30
1735186402, 58, 10, 39, 0, 0, 0.17%, 7, 0, 7, 128.24
1735186408, 58, 12, 39, 0, 0, 0.17%, 7, 0, 7, 127.52
1735186418, 58, 16, 39, 0, 0, 0.17%, 7, 0, 7, 134.31
1735186423, 58, 21, 39, 0, 0, 0.17%, 7, 0, 7, 127.25
1735186428, 58, 38, 39, 0, 0, 0.17%, 7, 0, 7, 151.46
1735186449, 59, 10, 39, 0, 0, 0.17%, 7, 0, 7, 135.13
1735186454, 59, 12, 39, 0, 0, 0.17%, 7, 0, 7, 129.13
1735186464, 59, 16, 39, 0, 0, 0.17%, 7, 0, 7, 126.09
1735186469, 59, 21, 39, 0, 0, 0.17%, 7, 0, 7, 130.60
1735186474, 60, 11, 39, 0, 0, 0.17%, 7, 0, 7, 129.95
1735186480, 60, 12, 39, 0, 0, 0.17%, 7, 0, 7, 127.72
1735186485, 60, 16, 39, 0, 0, 0.17%, 7, 0, 7, 131.38
1735186490, 60, 21, 39, 0, 0, 0.17%, 7, 0, 7, 128.25
1735186495, 60, 24, 39, 0, 0, 0.17%, 7, 0, 7, 133.86
1735186531, 60, 32, 39, 0, 0, 0.17%, 7, 0, 7, 138.21
1735186557, 61, 10, 39, 0, 0, 0.17%, 7, 0, 7, 130.93
1735186562, 61, 12, 39, 0, 0, 0.17%, 7, 0, 7, 130.54
1735186572, 61, 15, 39, 0, 0, 0.17%, 7, 0, 7, 129.35
1735186603, 61, 16, 39, 0, 0, 0.17%, 7, 0, 7, 128.83
1735186608, 61, 17, 39, 0, 0, 0.17%, 7, 0, 7, 132.90
1735186629, 61, 21, 39, 0, 0, 0.17%, 7, 0, 7, 119.25
1735186639, 62, 11, 39, 0, 0, 0.17%, 7, 0, 7, 125.82
1735186644, 62, 12, 39, 0, 0, 0.17%, 7, 0, 7, 123.46
1735186649, 62, 16, 39, 0, 0, 0.17%, 7, 0, 7, 132.22
1735186654, 62, 21, 39, 0, 0, 0.17%, 7, 0, 7, 135.43
1735186659, 63, 10, 39, 0, 0, 0.17%, 7, 0, 7, 128.43
1735186664, 63, 12, 39, 0, 0, 0.17%, 7, 0, 7, 129.41
1735186675, 63, 16, 39, 0, 0, 0.17%, 7, 0, 7, 128.69
1735186680, 63, 21, 39, 0, 0, 0.17%, 7, 0, 7, 130.02
1735186685, 64, 10, 39, 0, 0, 0.17%, 7, 0, 7, 133.64
1735186690, 64, 12, 39, 0, 0, 0.17%, 7, 0, 7, 126.97
1735186700, 64, 16, 39, 0, 0, 0.17%, 7, 0, 7, 130.94
1735186706, 64, 18, 39, 0, 0, 0.17%, 7, 0, 7, 142.23
1735186726, 64, 21, 39, 0, 0, 0.17%, 7, 0, 7, 131.42
1735186731, 65, 11, 39, 0, 0, 0.17%, 7, 0, 7, 130.53
1735186737, 65, 12, 39, 0, 0, 0.17%, 7, 0, 7, 122.87
1735186742, 65, 16, 39, 0, 0, 0.17%, 7, 0, 7, 129.08
1735186747, 65, 21, 39, 0, 0, 0.17%, 7, 0, 7, 128.56
1735186752, 65, 35, 39, 0, 0, 0.17%, 7, 0, 7, 137.30
1735186778, 65, 37, 39, 0, 0, 0.17%, 7, 0, 7, 151.06
1735186798, 66, 10, 39, 0, 0, 0.17%, 7, 0, 7, 133.89
1735186803, 66, 12, 39, 0, 0, 0.17%, 7, 0, 7, 124.12
1735186814, 66, 16, 39, 0, 0, 0.17%, 7, 0, 7, 126.86
1735186819, 66, 21, 39, 0, 0, 0.17%, 7, 0, 7, 126.33
1735186824, 66, 36, 39, 0, 0, 0.17%, 7, 0, 7, 163.22
1735186854, 67, 10, 39, 0, 0, 0.17%, 7, 0, 7, 124.50
1735186860, 67, 12, 39, 0, 0, 0.17%, 7, 0, 7, 125.10
1735186870, 67, 16, 39, 0, 0, 0.17%, 7, 0, 7, 128.76
1735186875, 67, 21, 39, 0, 0, 0.17%, 7, 0, 7, 133.11
1735186880, 68, 10, 39, 0, 0, 0.17%, 7, 0, 7, 133.58
1735186885, 68, 12, 39, 0, 0, 0.17%, 7, 0, 7, 125.45
1735186895, 68, 13, 39, 0, 0, 0.17%, 7, 0, 7, 133.34
1735186926, 68, 16, 39, 0, 0, 0.17%, 7, 0, 7, 125.40
1735186931, 68, 18, 39, 0, 0, 0.17%, 7, 0, 7, 141.86
1735186952, 68, 21, 39, 0, 0, 0.17%, 7, 0, 7, 130.99
1735186957, 68, 33, 39, 0, 0, 0.17%, 7, 0, 7, 132.01
1735186983, 69, 10, 39, 0, 0, 0.17%, 7, 0, 7, 136.99
1735186988, 69, 12, 39, 0, 0, 0.17%, 7, 0, 7, 128.06
1735186999, 69, 16, 39, 0, 0, 0.17%, 7, 0, 7, 125.19
1735187004, 69, 21, 39, 0, 0, 0.17%, 7, 0, 7, 127.59
1735187009, 69, 30, 39, 0, 0, 0.17%, 7, 0, 7, 150.14
1735187035, 69, 34, 39, 0, 0, 0.17%, 7, 0, 7, 136.81
1735187045, 69, 37, 39, 0, 0, 0.17%, 7, 0, 7, 154.61
1735187065, 70, 10, 39, 0, 0, 0.17%, 7, 0, 7, 122.64
1735187071, 70, 12, 39, 0, 0, 0.17%, 7, 0, 7, 127.99
1735187081, 70, 16, 39, 0, 0, 0.17%, 7, 0, 7, 126.35
1735187086, 70, 21, 39, 0, 0, 0.17%, 7, 0, 7, 127.70
1735187091, 70, 34, 39, 0, 0, 0.17%, 7, 0, 7, 136.39
1735187101, 71, 11, 39, 0, 0, 0.17%, 7, 0, 7, 128.63
1735187106, 71, 12, 39, 0, 0, 0.17%, 7, 0, 7, 126.20
1735187112, 71, 16, 39, 0, 0, 0.17%, 7, 0, 7, 128.52
1735187117, 71, 21, 39, 0, 0, 0.17%, 7, 0, 7, 132.73
1735187122, 72, 4, 39, 0, 0, 0.17%, 7, 0, 7, 134.21
1735187127, 72, 11, 39, 0, 0, 0.17%, 7, 0, 7, 127.12
1735187132, 72, 12, 39, 0, 0, 0.17%, 7, 0, 7, 124.90
1735187137, 72, 16, 39, 0, 0, 0.17%, 7, 0, 7, 129.21
1735187143, 72, 21, 39, 0, 0, 0.17%, 7, 0, 7, 131.04
1735187148, 73, 10, 39, 0, 0, 0.17%, 7, 0, 7, 127.30
1735187153, 73, 12, 39, 0, 0, 0.17%, 7, 0, 7, 130.52
1735187163, 73, 16, 39, 0, 0, 0.17%, 7, 0, 7, 134.82
1735187168, 73, 21, 39, 0, 0, 0.17%, 7, 0, 7, 132.50
1735187174, 73, 23, 39, 0, 0, 0.17%, 7, 0, 7, 126.74
1735187194, 73, 37, 39, 0, 0, 0.17%, 7, 0, 7, 149.26
1735187215, 74, 1, 39, 0, 0, 0.17%, 7, 0, 7, 131.47
1735187220, 74, 12, 39, 0, 0, 0.17%, 7, 0, 7, 129.15
1735187230, 74, 16, 39, 0, 0, 0.17%, 7, 0, 7, 123.92
1735187235, 74, 21, 39, 0, 0, 0.17%, 7, 0, 7, 130.97
1735187241, 75, 11, 39, 0, 0, 0.17%, 7, 0, 7, 137.57
1735187246, 75, 12, 39, 0, 0, 0.17%, 7, 0, 7, 130.82
1735187251, 75, 16, 39, 0, 0, 0.17%, 7, 0, 7, 126.67
1735187256, 75, 21, 39, 0, 0, 0.17%, 7, 0, 7, 124.08
1735187261, 75, 30, 39, 0, 0, 0.17%, 7, 0, 7, 134.38
1735187292, 76, 10, 39, 0, 0, 0.17%, 7, 0, 7, 129.73
1735187297, 76, 12, 39, 0, 0, 0.17%, 7, 0, 7, 127.99
1735187307, 76, 14, 39, 0, 0, 0.17%, 7, 0, 7, 157.58
1735187328, 76, 16, 39, 0, 0, 0.17%, 7, 0, 7, 129.74
1735187333, 76, 17, 39, 0, 0, 0.17%, 7, 0, 7, 135.21
1735187354, 76, 21, 39, 0, 0, 0.17%, 7, 0, 7, 138.14
1735187359, 77, 11, 39, 0, 0, 0.17%, 7, 0, 7, 129.42
1735187364, 77, 12, 39, 0, 0, 0.17%, 7, 0, 7, 133.65
1735187369, 77, 13, 39, 0, 0, 0.17%, 7, 0, 7, 130.83
1735187400, 77, 16, 39, 0, 0, 0.17%, 7, 0, 7, 136.40
1735187411, 77, 21, 39, 0, 0, 0.17%, 7, 0, 7, 128.30
1735187416, 78, 11, 39, 0, 0, 0.17%, 7, 0, 7, 129.47
1735187421, 78, 12, 39, 0, 0, 0.17%, 7, 0, 7, 126.68
1735187426, 78, 16, 39, 0, 0, 0.17%, 7, 0, 7, 130.86
1735187431, 78, 21, 39, 0, 0, 0.17%, 7, 0, 7, 126.99
1735187436, 78, 29, 39, 0, 0, 0.17%, 7, 0, 7, 134.40
1735187457, 79, 10, 39, 0, 0, 0.17%, 7, 0, 7, 125.15
1735187462, 79, 12, 39, 0, 0, 0.17%, 7, 0, 7, 125.50
1735187472, 79, 16, 39, 0, 0, 0.17%, 7, 0, 7, 132.27
1735187478, 79, 21, 39, 0, 0, 0.17%, 7, 0, 7, 123.81
1735187483, 80, 10, 39, 0, 0, 0.17%, 7, 0, 7, 126.46
1735187488, 80, 12, 39, 0, 0, 0.17%, 7, 0, 7, 125.46
1735187493, 80, 16, 39, 0, 0, 0.17%, 7, 0, 7, 128.20
1735187503, 80, 19, 39, 0, 0, 0.17%, 7, 0, 7, 124.76
1735187524, 80, 21, 39, 0, 0, 0.17%, 7, 0, 7, 122.10
1735187529, 80, 26, 39, 0, 0, 0.17%, 7, 0, 7, 146.05
1735187559, 80, 36, 39, 0, 0, 0.17%, 7, 0, 7, 148.21
1735187590, 81, 10, 39, 0, 0, 0.17%, 7, 0, 7, 132.92
1735187595, 81, 12, 39, 0, 0, 0.17%, 7, 0, 7, 129.76
1735187605, 81, 14, 39, 0, 0, 0.17%, 7, 0, 7, 152.49
1735187621, 81, 16, 39, 0, 0, 0.17%, 7, 0, 7, 134.46
1735187626, 81, 21, 39, 0, 0, 0.17%, 7, 0, 7, 126.00
1735187631, 81, 38, 39, 0, 0, 0.17%, 7, 0, 7, 138.94
1735187651, 82, 10, 39, 0, 0, 0.17%, 7, 0, 7, 143.02
1735187657, 82, 12, 39, 0, 0, 0.17%, 7, 0, 7, 126.95
1735187662, 82, 16, 39, 0, 0, 0.17%, 7, 0, 7, 124.17
1735187672, 82, 21, 39, 0, 0, 0.17%, 7, 0, 7, 137.94
1735187677, 83, 12, 39, 0, 0, 0.17%, 7, 0, 7, 133.02
1735187688, 83, 16, 39, 0, 0, 0.17%, 7, 0, 7, 130.81
1735187693, 83, 21, 39, 0, 0, 0.17%, 7, 0, 7, 124.63
1735187698, 84, 10, 39, 0, 0, 0.17%, 7, 0, 7, 131.76
1735187703, 84, 12, 39, 0, 0, 0.17%, 7, 0, 7, 131.10
1735187708, 84, 16, 39, 0, 0, 0.17%, 7, 0, 7, 124.58
1735187719, 84, 17, 39, 0, 0, 0.17%, 7, 0, 7, 136.94
1735187739, 84, 20, 39, 0, 0, 0.17%, 7, 0, 7, 135.89
1735187754, 84, 21, 39, 0, 0, 0.17%, 7, 0, 7, 127.87
1735187765, 84, 23, 39, 0, 0, 0.17%, 7, 0, 7, 132.44
1735187785, 85, 11, 39, 0, 0, 0.17%, 7, 0, 7, 128.12
1735187791, 85, 12, 39, 0, 0, 0.17%, 7, 0, 7, 126.64
1735187796, 85, 16, 39, 0, 0, 0.17%, 7, 0, 7, 129.60
1735187801, 85, 21, 39, 0, 0, 0.17%, 7, 0, 7, 130.43
1735187806, 86, 10, 39, 0, 0, 0.17%, 7, 0, 7, 135.27
1735187811, 86, 12, 39, 0, 0, 0.17%, 7, 0, 7, 126.61
1735187822, 86, 15, 39, 0, 0, 0.17%, 7, 0, 7, 126.91
1735187847, 86, 16, 39, 0, 0, 0.17%, 7, 0, 7, 127.02
1735187852, 86, 21, 39, 0, 0, 0.17%, 7, 0, 7, 128.29
1735187857, 86, 23, 39, 0, 0, 0.17%, 7, 0, 7, 132.59
1735187878, 86, 25, 39, 0, 0, 0.17%, 7, 0, 7, 135.90
1735187904, 86, 31, 39, 0, 0, 0.17%, 7, 0, 7, 148.37
1735187930, 86, 34, 39, 0, 0, 0.17%, 7, 0, 7, 141.65
1735187940, 87, 6, 39, 0, 0, 0.17%, 7, 0, 7, 132.11
1735187945, 87, 11, 39, 0, 0, 0.17%, 7, 0, 7, 129.89
1735187950, 87, 12, 39, 0, 0, 0.17%, 7, 0, 7, 129.82
1735187956, 87, 16, 39, 0, 0, 0.17%, 7, 0, 7, 128.60
1735187961, 87, 18, 39, 0, 0, 0.17%, 7, 0, 7, 138.35
1735187981, 87, 20, 39, 0, 0, 0.17%, 7, 0, 7, 136.34
1735187996, 87, 21, 39, 0, 0, 0.17%, 7, 0, 7, 125.25
1735188007, 88, 11, 39, 0, 0, 0.17%, 7, 0, 7, 134.75
1735188012, 88, 12, 39, 0, 0, 0.17%, 7, 0, 7, 135.46
1735188017, 88, 16, 39, 0, 0, 0.17%, 7, 0, 7, 126.62
1735188022, 88, 20, 39, 0, 0, 0.17%, 7, 0, 7, 135.83
1735188043, 88, 21, 39, 0, 0, 0.17%, 7, 0, 7, 134.37
1735188048, 89, 11, 39, 0, 0, 0.17%, 7, 0, 7, 131.01
1735188053, 89, 12, 39, 0, 0, 0.17%, 7, 0, 7, 122.86
1735188058, 89, 16, 39, 0, 0, 0.17%, 7, 0, 7, 129.26
1735188069, 89, 21, 39, 0, 0, 0.17%, 7, 0, 7, 131.55
1735188074, 89, 38, 39, 0, 0, 0.17%, 7, 0, 7, 155.95
1735188094, 90, 11, 39, 0, 0, 0.17%, 7, 0, 7, 129.38
1735188100, 90, 12, 39, 0, 0, 0.17%, 7, 0, 7, 126.35
1735188105, 90, 16, 39, 0, 0, 0.17%, 7, 0, 7, 131.79
1735188110, 90, 21, 39, 0, 0, 0.17%, 7, 0, 7, 131.26
1735188115, 90, 31, 39, 0, 0, 0.17%, 7, 0, 7, 130.90
1735188146, 90, 38, 39, 0, 0, 0.17%, 7, 0, 7, 141.09
1735188166, 91, 10, 39, 0, 0, 0.17%, 7, 0, 7, 128.80
1735188171, 91, 12, 39, 0, 0, 0.17%, 7, 0, 7, 129.91
1735188182, 91, 16, 39, 0, 0, 0.17%, 7, 0, 7, 136.32
1735188187, 91, 21, 39, 0, 0, 0.17%, 7, 0, 7, 132.45
1735188192, 91, 34, 39, 0, 0, 0.17%, 7, 0, 7, 140.09
1735188203, 92, 11, 39, 0, 0, 0.17%, 7, 0, 7, 127.01
1735188208, 92, 12, 39, 0, 0, 0.17%, 7, 0, 7, 128.44
1735188213, 92, 16, 39, 0, 0, 0.17%, 7, 0, 7, 134.10
1735188218, 92, 21, 39, 0, 0, 0.17%, 7, 0, 7, 131.15
1735188223, 92, 35, 39, 0, 0, 0.17%, 7, 0, 7, 135.45
1735188244, 93, 10, 39, 0, 0, 0.17%, 7, 0, 7, 126.21
1735188249, 93, 12, 39, 0, 0, 0.17%, 7, 0, 7, 124.96
1735188259, 93, 15, 39, 0, 0, 0.17%, 7, 0, 7, 130.90
1735188290, 93, 16, 39, 0, 0, 0.17%, 7, 0, 7, 135.84
1735188295, 93, 21, 39, 0, 0, 0.17%, 7, 0, 7, 135.94
1735188300, 93, 27, 39, 0, 0, 0.17%, 7, 0, 7, 135.74
1735188326, 94, 11, 39, 0, 0, 0.17%, 7, 0, 7, 133.24
1735188331, 94, 12, 39, 0, 0, 0.17%, 7, 0, 7, 127.00
1735188336, 94, 16, 39, 0, 0, 0.17%, 7, 0, 7, 129.16
1735188341, 94, 21, 39, 0, 0, 0.17%, 7, 0, 7, 126.85
1735188347, 95, 10, 39, 0, 0, 0.17%, 7, 0, 7, 127.97
1735188352, 95, 12, 39, 0, 0, 0.17%, 7, 0, 7, 125.09
1735188362, 95, 13, 39, 0, 0, 0.17%, 7, 0, 7, 130.63
1735188393, 95, 16, 39, 0, 0, 0.17%, 7, 0, 7, 131.04
1735188398, 95, 21, 39, 0, 0, 0.17%, 7, 0, 7, 127.38
1735188404, 95, 22, 39, 0, 0, 0.17%, 7, 0, 7, 136.90
1735188429, 96, 12, 39, 0, 0, 0.17%, 7, 0, 7, 126.90
1735188440, 96, 16, 39, 0, 0, 0.17%, 7, 0, 7, 129.96
1735188445, 96, 19, 39, 0, 0, 0.17%, 7, 0, 7, 125.07
1735188466, 96, 21, 39, 0, 0, 0.17%, 7, 0, 7, 132.77
1735188471, 97, 11, 39, 0, 0, 0.17%, 7, 0, 7, 132.62
1735188476, 97, 12, 39, 0, 0, 0.17%, 7, 0, 7, 128.55
1735188481, 97, 15, 39, 0, 0, 0.17%, 7, 0, 7, 135.60
1735188512, 97, 16, 39, 0, 0, 0.17%, 7, 0, 7, 137.87
1735188517, 97, 21, 39, 0, 0, 0.17%, 7, 0, 7, 128.41
1735188522, 97, 22, 39, 0, 0, 0.17%, 7, 0, 7, 132.48
1735188548, 97, 35, 39, 0, 0, 0.17%, 7, 0, 7, 147.28
1735188568, 98, 10, 39, 0, 0, 0.17%, 7, 0, 7, 129.16
1735188573, 98, 12, 39, 0, 0, 0.17%, 7, 0, 7, 125.05
1735188584, 98, 13, 39, 0, 0, 0.17%, 7, 0, 7, 137.85
1735188615, 98, 16, 39, 0, 0, 0.17%, 7, 0, 7, 129.82
1735188620, 98, 21, 39, 0, 0, 0.17%, 7, 0, 7, 124.99
1735188625, 99, 10, 39, 0, 0, 0.17%, 7, 0, 7, 130.51
1735188630, 99, 12, 39, 0, 0, 0.17%, 7, 0, 7, 124.75
1735188635, 99, 16, 39, 0, 0, 0.17%, 7, 0, 7, 142.95
1735188646, 99, 17, 39, 0, 0, 0.17%, 7, 0, 7, 139.39
1735188661, 99, 21, 39, 0, 0, 0.17%, 7, 0, 7, 133.22
1735188666, 99, 37, 39, 0, 0, 0.17%, 7, 0, 7, 137.60
1735188692, 100, 11, 39, 0, 0, 0.17%, 7, 0, 7, 126.53
1735188697, 100, 12, 39, 0, 0, 0.17%, 7, 0, 7, 125.43
1735188702, 100, 14, 39, 0, 0, 0.17%, 7, 0, 7, 145.05
1735188722, 100, 16, 39, 0, 0, 0.17%, 7, 0, 7, 138.61
1735188727, 100, 17, 39, 0, 0, 0.17%, 7, 0, 7, 135.17
1735188748, 100, 19, 39, 0, 0, 0.17%, 7, 0, 7, 124.46
1735188769, 100, 21, 39, 0, 0, 0.17%, 7, 0, 7, 128.59
1735188774, 101, 5, 39, 0, 0, 0.17%, 7, 0, 7, 131.44
1735188779, 101, 11, 39, 0, 0, 0.17%, 7, 0, 7, 126.80
1735188784, 101, 12, 39, 0, 0, 0.17%, 7, 0, 7, 126.05
1735188789, 101, 16, 39, 0, 0, 0.17%, 7, 0, 7, 136.52
1735188794, 101, 21, 39, 0, 0, 0.17%, 7, 0, 7, 134.85
1735188805, 101, 28, 39, 0, 0, 0.17%, 7, 0, 7, 147.51
1735188836, 102, 10, 39, 0, 0, 0.17%, 7, 0, 7, 132.34
1735188841, 102, 12, 39, 0, 0, 0.17%, 7, 0, 7, 129.40
1735188846, 102, 16, 39, 0, 0, 0.17%, 7, 0, 7, 135.20
1735188851, 102, 21, 39, 0, 0, 0.17%, 7, 0, 7, 134.72
1735188862, 102, 33, 39, 0, 0, 0.17%, 7, 0, 7, 135.40
1735188892, 103, 2, 39, 0, 0, 0.17%, 7, 0, 7, 136.19
1735188897, 103, 10, 39, 0, 0, 0.17%, 7, 0, 7, 126.76
1735188902, 103, 12, 39, 0, 0, 0.17%, 7, 0, 7, 124.11
1735188912, 103, 14, 39, 0, 0, 0.17%, 7, 0, 7, 159.14
1735188928, 103, 16, 39, 0, 0, 0.17%, 7, 0, 7, 138.34
1735188938, 103, 21, 39, 0, 0, 0.17%, 7, 0, 7, 132.13
1735188943, 104, 12, 39, 0, 0, 0.17%, 7, 0, 7, 127.78
1735188953, 104, 16, 39, 0, 0, 0.17%, 7, 0, 7, 132.70
1735188959, 104, 21, 39, 0, 0, 0.17%, 7, 0, 7, 131.90
1735188964, 105, 10, 39, 0, 0, 0.17%, 7, 0, 7, 136.74
1735188969, 105, 12, 39, 0, 0, 0.17%, 7, 0, 7, 128.11
1735188979, 105, 16, 39, 0, 0, 0.17%, 7, 0, 7, 134.07
1735188984, 105, 20, 39, 0, 0, 0.17%, 7, 0, 7, 135.56
1735188995, 105, 21, 39, 0, 0, 0.17%, 7, 0, 7, 135.10
1735189000, 106, 11, 39, 0, 0, 0.17%, 7, 0, 7, 127.81
1735189005, 106, 12, 39, 0, 0, 0.17%, 7, 0, 7, 122.01
1735189010, 106, 16, 39, 0, 0, 0.17%, 7, 0, 7, 129.05
1735189015, 106, 17, 39, 0, 0, 0.17%, 7, 0, 7, 130.85
1735189041, 106, 21, 39, 0, 0, 0.17%, 7, 0, 7, 138.21
1735189046, 106, 32, 39, 0, 0, 0.17%, 7, 0, 7, 138.32
1735189077, 106, 33, 39, 0, 0, 0.17%, 7, 0, 7, 131.38
1735189102, 107, 11, 39, 0, 0, 0.17%, 7, 0, 7, 121.89
1735189108, 107, 12, 39, 0, 0, 0.17%, 7, 0, 7, 125.59
1735189113, 107, 16, 39, 0, 0, 0.17%, 7, 0, 7, 119.26
1735189123, 107, 21, 39, 0, 0, 0.17%, 7, 0, 7, 127.48
1735189128, 107, 32, 39, 0, 0, 0.17%, 7, 0, 7, 137.22
1735189154, 108, 0, 39, 0, 0, 0.17%, 7, 0, 7, 133.83
1735189159, 108, 11, 39, 0, 0, 0.17%, 7, 0, 7, 129.75
1735189164, 108, 12, 39, 0, 0, 0.17%, 7, 0, 7, 132.60
1735189169, 108, 16, 39, 0, 0, 0.17%, 7, 0, 7, 128.62
1735189174, 108, 21, 39, 0, 0, 0.17%, 7, 0, 7, 132.95
1735189180, 108, 23, 39, 0, 0, 0.17%, 7, 0, 7, 127.81
1735189200, 109, 6, 39, 0, 0, 0.17%, 7, 0, 7, 137.80
1735189205, 109, 11, 39, 0, 0, 0.17%, 7, 0, 7, 129.90
1735189211, 109, 12, 39, 0, 0, 0.17%, 7, 0, 7, 124.73
1735189216, 109, 16, 39, 0, 0, 0.17%, 7, 0, 7, 128.05
1735189221, 109, 21, 39, 0, 0, 0.17%, 7, 0, 7, 138.34
1735189226, 109, 25, 39, 0, 0, 0.17%, 7, 0, 7, 132.57
1735189252, 109, 37, 39, 0, 0, 0.17%, 7, 0, 7, 161.83
1735189272, 110, 12, 39, 0, 0, 0.17%, 7, 0, 7, 126.17
1735189283, 110, 13, 39, 0, 0, 0.17%, 7, 0, 7, 131.93
1735189314, 110, 16, 39, 0, 0, 0.17%, 7, 0, 7, 137.21
1735189319, 110, 21, 39, 0, 0, 0.17%, 7, 0, 7, 129.37
1735189324, 111, 10, 39, 0, 0, 0.17%, 7, 0, 7, 127.24
1735189329, 111, 12, 39, 0, 0, 0.17%, 7, 0, 7, 132.45
1735189340, 111, 15, 39, 0, 0, 0.17%, 7, 0, 7, 126.67
1735189371, 111, 16, 39, 0, 0, 0.17%, 7, 0, 7, 136.20
1735189381, 111, 21, 39, 0, 0, 0.17%, 7, 0, 7, 133.92
1735189386, 111, 24, 39, 0, 0, 0.17%, 7, 0, 7, 147.32
1735189417, 112, 10, 39, 0, 0, 0.17%, 7, 0, 7, 136.56
1735189422, 112, 12, 39, 0, 0, 0.17%, 7, 0, 7, 131.18
1735189432, 112, 16, 39, 0, 0, 0.17%, 7, 0, 7, 135.93
1735189437, 112, 21, 39, 0, 0, 0.17%, 7, 0, 7, 135.80
1735189442, 112, 29, 39, 0, 0, 0.17%, 7, 0, 7, 137.40
1735189463, 113, 3, 39, 0, 0, 0.17%, 7, 0, 7, 126.30
1735189468, 113, 11, 39, 0, 0, 0.17%, 7, 0, 7, 131.27
1735189473, 113, 12, 39, 0, 0, 0.17%, 7, 0, 7, 132.35
1735189478, 113, 16, 39, 0, 0, 0.17%, 7, 0, 7, 125.29
1735189483, 113, 21, 39, 0, 0, 0.17%, 7, 0, 7, 131.55
1735189489, 113, 25, 39, 0, 0, 0.17%, 7, 0, 7, 141.72
1735189509, 114, 7, 39, 0, 0, 0.17%, 7, 0, 7, 134.97
1735189514, 114, 10, 39, 0, 0, 0.17%, 7, 0, 7, 132.88
1735189520, 114, 12, 39, 0, 0, 0.17%, 7, 0, 7, 128.63
1735189530, 114, 16, 39, 0, 0, 0.17%, 7, 0, 7, 133.46
1735189535, 114, 21, 39, 0, 0, 0.17%, 7, 0, 7, 133.13
1735189540, 115, 11, 39, 0, 0, 0.17%, 7, 0, 7, 128.04
1735189545, 115, 12, 39, 0, 0, 0.17%, 7, 0, 7, 140.17
1735189550, 115, 16, 39, 0, 0, 0.17%, 7, 0, 7, 132.84
1735189555, 115, 21, 39, 0, 0, 0.17%, 7, 0, 7, 129.92
1735189561, 115, 35, 39, 0, 0, 0.17%, 7, 0, 7, 149.64
1735189581, 116, 11, 39, 0, 0, 0.17%, 7, 0, 7, 128.23
1735189586, 116, 12, 39, 0, 0, 0.17%, 7, 0, 7, 128.67
1735189592, 116, 16, 39, 0, 0, 0.17%, 7, 0, 7, 134.29
1735189597, 116, 21, 39, 0, 0, 0.17%, 7, 0, 7, 130.36
1735189602, 116, 22, 39, 0, 0, 0.17%, 7, 0, 7, 137.11
1735189623, 117, 10, 39, 0, 0, 0.17%, 7, 0, 7, 144.55
1735189628, 117, 12, 39, 0, 0, 0.17%, 7, 0, 7, 130.92
1735189638, 117, 16, 39, 0, 0, 0.17%, 7, 0, 7, 129.08
1735189643, 117, 21, 39, 0, 0, 0.17%, 7, 0, 7, 128.01
1735189649, 117, 30, 39, 0, 0, 0.17%, 7, 0, 7, 156.69
1735189674, 118, 10, 39, 0, 0, 0.17%, 7, 0, 7, 131.07
1735189679, 118, 12, 39, 0, 0, 0.17%, 7, 0, 7, 127.78
1735189689, 118, 16, 39, 0, 0, 0.17%, 7, 0, 7, 127.42
1735189694, 118, 21, 39, 0, 0, 0.17%, 7, 0, 7, 130.76
1735189700, 118, 35, 39, 0, 0, 0.17%, 7, 0, 7, 150.31
1735189710, 119, 11, 39, 0, 0, 0.17%, 7, 0, 7, 127.84
1735189715, 119, 12, 39, 0, 0, 0.17%, 7, 0, 7, 129.06
1735189720, 119, 16, 39, 0, 0, 0.17%, 7, 0, 7, 128.83
1735189725, 119, 21, 39, 0, 0, 0.17%, 7, 0, 7, 125.25
1735189736, 120, 11, 39, 0, 0, 0.17%, 7, 0, 7, 126.03
1735189741, 120, 12, 39, 0, 0, 0.17%, 7, 0, 7, 126.94
1735189746, 120, 16, 39, 0, 0, 0.17%, 7, 0, 7, 132.31
1735189751, 120, 21, 39, 0, 0, 0.17%, 7, 0, 7, 128.37
1735189756, 120, 31, 39, 0, 0, 0.17%, 7, 0, 7, 145.77
1735189792, 121, 12, 39, 0, 0, 0.17%, 7, 0, 7, 127.25
1735189803, 121, 16, 39, 0, 0, 0.17%, 7, 0, 7, 135.75
1735189808, 121, 21, 39, 0, 0, 0.17%, 7, 0, 7, 132.00
1735189813, 121, 27, 39, 0, 0, 0.17%, 7, 0, 7, 132.96
1735189833, 121, 28, 39, 0, 0, 0.17%, 7, 0, 7, 134.03
1735189870, 122, 11, 39, 0, 0, 0.17%, 7, 0, 7, 131.96
1735189875, 122, 12, 39, 0, 0, 0.17%, 7, 0, 7, 125.41
1735189880, 122, 16, 39, 0, 0, 0.17%, 7, 0, 7, 132.36
1735189890, 122, 21, 39, 0, 0, 0.17%, 7, 0, 7, 127.91
1735189895, 123, 11, 39, 0, 0, 0.17%, 7, 0, 7, 128.41
1735189900, 123, 12, 39, 0, 0, 0.17%, 7, 0, 7, 130.68
1735189906, 123, 16, 39, 0, 0, 0.17%, 7, 0, 7, 125.79
1735189911, 123, 21, 39, 0, 0, 0.17%, 7, 0, 7, 124.17
1735189916, 123, 26, 39, 0, 0, 0.17%, 7, 0, 7, 145.75
1735189947, 124, 11, 39, 0, 0, 0.17%, 7, 0, 7, 134.38
1735189952, 124, 12, 39, 0, 0, 0.17%, 7, 0, 7, 119.97
1735189957, 124, 15, 39, 0, 0, 0.17%, 7, 0, 7, 130.17
1735189988, 124, 16, 39, 0, 0, 0.17%, 7, 0, 7, 124.98
1735189993, 124, 21, 39, 0, 0, 0.17%, 7, 0, 7, 129.39
1735189998, 124, 22, 39, 0, 0, 0.17%, 7, 0, 7, 139.30
1735190019, 125, 10, 39, 0, 0, 0.17%, 7, 0, 7, 134.32
1735190024, 125, 12, 39, 0, 0, 0.17%, 7, 0, 7, 131.21
1735190035, 125, 16, 39, 0, 0, 0.17%, 7, 0, 7, 127.67
1735190040, 125, 21, 39, 0, 0, 0.17%, 7, 0, 7, 126.33
1735190045, 126, 11, 39, 0, 0, 0.17%, 7, 0, 7, 127.65
1735190050, 126, 12, 39, 0, 0, 0.17%, 7, 0, 7, 123.63
1735190055, 126, 16, 39, 0, 0, 0.17%, 7, 0, 7, 128.80
1735190060, 126, 21, 39, 0, 0, 0.17%, 7, 0, 7, 132.24
1735190065, 126, 24, 39, 0, 0, 0.17%, 7, 0, 7, 134.04
1735190101, 127, 11, 39, 0, 0, 0.17%, 7, 0, 7, 127.40
1735190106, 127, 12, 39, 0, 0, 0.17%, 7, 0, 7, 122.28
1735190111, 127, 16, 39, 0, 0, 0.17%, 7, 0, 7, 125.91
1735190117, 127, 18, 39, 0, 0, 0.17%, 7, 0, 7, 140.06
1735190137, 127, 21, 39, 0, 0, 0.17%, 7, 0, 7, 129.42
1735190142, 127, 29, 39, 0, 0, 0.17%, 7, 0, 7, 136.72
1735190163, 128, 10, 39, 0, 0, 0.17%, 7, 0, 7, 127.35
1735190168, 128, 12, 39, 0, 0, 0.17%, 7, 0, 7, 129.93
1735190178, 128, 14, 39, 0, 0, 0.17%, 7, 0, 7, 148.24
1735190199, 128, 16, 39, 0, 0, 0.17%, 7, 0, 7, 134.09
1735190204, 128, 21, 39, 0, 0, 0.17%, 7, 0, 7, 127.30
1735190209, 129, 11, 39, 0, 0, 0.17%, 7, 0, 7, 133.97
1735190215, 129, 12, 39, 0, 0, 0.17%, 7, 0, 7, 129.26
1735190220, 129, 16, 39, 0, 0, 0.17%, 7, 0, 7, 134.01
1735190225, 129, 21, 39, 0, 0, 0.17%, 7, 0, 7, 129.81
1735190230, 129, 35, 39, 0, 0, 0.17%, 7, 0, 7, 138.78
1735190240, 130, 10, 39, 0, 0, 0.17%, 7, 0, 7, 140.34
1735190245, 130, 12, 39, 0, 0, 0.17%, 7, 0, 7, 130.04
1735190256, 130, 16, 39, 0, 0, 0.17%, 7, 0, 7, 123.60
1735190261, 130, 21, 39, 0, 0, 0.17%, 7, 0, 7, 129.76
1735190266, 131, 11, 39, 0, 0, 0.17%, 7, 0, 7, 131.72
1735190271, 131, 12, 39, 0, 0, 0.17%, 7, 0, 7, 133.00
1735190276, 131, 16, 39, 0, 0, 0.17%, 7, 0, 7, 130.76
1735190282, 131, 21, 39, 0, 0, 0.17%, 7, 0, 7, 129.61
1735190287, 132, 10, 39, 0, 0, 0.17%, 7, 0, 7, 134.21
1735190292, 132, 12, 39, 0, 0, 0.17%, 7, 0, 7, 131.39
1735190302, 132, 16, 39, 0, 0, 0.17%, 7, 0, 7, 126.20
1735190307, 132, 21, 39, 0, 0, 0.17%, 7, 0, 7, 130.69
1735190312, 132, 31, 39, 0, 0, 0.17%, 7, 0, 7, 133.65
1735190338, 132, 37, 39, 0, 0, 0.17%, 7, 0, 7, 132.31
1735190364, 133, 12, 39, 0, 0, 0.17%, 7, 0, 7, 127.56
1735190374, 133, 16, 39, 0, 0, 0.17%, 7, 0, 7, 128.67
1735190379, 133, 21, 39, 0, 0, 0.17%, 7, 0, 7, 132.23
1735190384, 133, 30, 39, 0, 0, 0.17%, 7, 0, 7, 154.44
1735190415, 134, 11, 39, 0, 0, 0.17%, 7, 0, 7, 126.59
1735190420, 134, 12, 39, 0, 0, 0.17%, 7, 0, 7, 124.73
1735190425, 134, 16, 39, 0, 0, 0.17%, 7, 0, 7, 131.06
1735190431, 134, 21, 39, 0, 0, 0.17%, 7, 0, 7, 126.46
1735190436, 135, 10, 39, 0, 0, 0.17%, 7, 0, 7, 125.11
1735190441, 135, 12, 39, 0, 0, 0.17%, 7, 0, 7, 129.18
1735190451, 135, 16, 39, 0, 0, 0.17%, 7, 0, 7, 128.49
1735190456, 135, 21, 39, 0, 0, 0.17%, 7, 0, 7, 133.68
1735190461, 136, 11, 39, 0, 0, 0.17%, 7, 0, 7, 135.66
1735190466, 136, 12, 39, 0, 0, 0.17%, 7, 0, 7, 128.80
1735190472, 136, 13, 39, 0, 0, 0.17%, 7, 0, 7, 131.80
1735190487, 136, 16, 39, 0, 0, 0.17%, 7, 0, 7, 135.93
1735190492, 136, 21, 39, 0, 0, 0.17%, 7, 0, 7, 135.43
1735190502, 136, 29, 39, 0, 0, 0.17%, 7, 0, 7, 141.39
1735190523, 137, 11, 39, 0, 0, 0.17%, 7, 0, 7, 124.32
1735190528, 137, 12, 39, 0, 0, 0.17%, 7, 0, 7, 124.88
1735190533, 137, 16, 39, 0, 0, 0.17%, 7, 0, 7, 128.40
1735190538, 137, 21, 39, 0, 0, 0.17%, 7, 0, 7, 129.77
1735190544, 137, 22, 39, 0, 0, 0.17%, 7, 0, 7, 137.54
1735190569, 138, 12, 39, 0, 0, 0.17%, 7, 0, 7, 129.81
1735190580, 138, 16, 39, 0, 0, 0.17%, 7, 0, 7, 123.01
1735190585, 138, 21, 39, 0, 0, 0.17%, 7, 0, 7, 131.83
1735190590, 138, 25, 39, 0, 0, 0.17%, 7, 0, 7, 136.78
1735190611, 139, 10, 39, 0, 0, 0.17%, 7, 0, 7, 134.17
1735190616, 139, 11, 39, 0, 0, 0.17%, 7, 0, 7, 132.46
1735190621, 139, 12, 39, 0, 0, 0.17%, 7, 0, 7, 128.38
1735190626, 139, 16, 39, 0, 0, 0.17%, 7, 0, 7, 127.75
1735190631, 139, 21, 39, 0, 0, 0.17%, 7, 0, 7, 123.35
1735190636, 139, 38, 39, 0, 0, 0.17%, 7, 0, 7, 136.11
1735190657, 140, 9, 39, 0, 0, 0.17%, 7, 0, 7, 128.71
1735190662, 140, 11, 39, 0, 0, 0.17%, 7, 0, 7, 125.99
1735190667, 140, 12, 39, 0, 0, 0.17%, 7, 0, 7, 127.36
1735190672, 140, 16, 39, 0, 0, 0.17%, 7, 0, 7, 127.90
1735190678, 140, 21, 39, 0, 0, 0.17%, 7, 0, 7, 136.60
1735190683, 141, 10, 39, 0, 0, 0.17%, 7, 0, 7, 130.37
1735190688, 141, 12, 39, 0, 0, 0.17%, 7, 0, 7, 127.05
1735190698, 141, 16, 39, 0, 0, 0.17%, 7, 0, 7, 126.28
1735190704, 141, 21, 39, 0, 0, 0.17%, 7, 0, 7, 127.77
1735190709, 141, 31, 39, 0, 0, 0.17%, 7, 0, 7, 146.27
1735190739, 142, 10, 39, 0, 0, 0.17%, 7, 0, 7, 126.53
1735190744, 142, 12, 39, 0, 0, 0.17%, 7, 0, 7, 128.40
1735190755, 142, 16, 39, 0, 0, 0.17%, 7, 0, 7, 131.41
1735190760, 142, 18, 39, 0, 0, 0.17%, 7, 0, 7, 141.25
1735190781, 142, 21, 39, 0, 0, 0.17%, 7, 0, 7, 144.25
1735190786, 143, 10, 39, 0, 0, 0.17%, 7, 0, 7, 132.49
1735190791, 143, 12, 39, 0, 0, 0.17%, 7, 0, 7, 126.82
1735190801, 143, 16, 39, 0, 0, 0.17%, 7, 0, 7, 131.30
1735190806, 143, 21, 39, 0, 0, 0.17%, 7, 0, 7, 126.06
1735190811, 143, 27, 39, 0, 0, 0.17%, 7, 0, 7, 132.40
1735190832, 144, 6, 39, 0, 0, 0.17%, 7, 0, 7, 123.27
1735190837, 144, 11, 39, 0, 0, 0.17%, 7, 0, 7, 128.99
1735190842, 144, 12, 39, 0, 0, 0.17%, 7, 0, 7, 126.15
1735190847, 144, 16, 39, 0, 0, 0.17%, 7, 0, 7, 127.63
1735190852, 144, 21, 39, 0, 0, 0.17%, 7, 0, 7, 133.85
1735190858, 144, 24, 39, 0, 0, 0.17%, 7, 0, 7, 139.21
1735190888, 145, 5, 39, 0, 0, 0.17%, 7, 0, 7, 133.38
1735190894, 145, 11, 39, 0, 0, 0.17%, 7, 0, 7, 129.96
1735190899, 145, 12, 39, 0, 0, 0.17%, 7, 0, 7, 133.90
1735190904, 145, 16, 39, 0, 0, 0.17%, 7, 0, 7, 128.18
1735190909, 145, 21, 39, 0, 0, 0.17%, 7, 0, 7, 131.18
1735190914, 146, 8, 39, 0, 0, 0.17%, 7, 0, 7, 127.21
1735190920, 146, 11, 39, 0, 0, 0.17%, 7, 0, 7, 131.90
1735190925, 146, 12, 39, 0, 0, 0.17%, 7, 0, 7, 125.48
1735190930, 146, 16, 39, 0, 0, 0.17%, 7, 0, 7, 128.04
1735190935, 146, 18, 39, 0, 0, 0.17%, 7, 0, 7, 130.60
1735190956, 146, 21, 39, 0, 0, 0.17%, 7, 0, 7, 124.54
1735190961, 146, 26, 39, 0, 0, 0.17%, 7, 0, 7, 153.14
1735190991, 146, 28, 39, 0, 0, 0.17%, 7, 0, 7, 147.81
1735191022, 146, 37, 39, 0, 0, 0.17%, 7, 0, 7, 132.22
1735191028, 147, 6, 39, 0, 0, 0.17%, 7, 0, 7, 130.02
1735191033, 147, 11, 39, 0, 0, 0.17%, 7, 0, 7, 129.66
1735191038, 147, 12, 39, 0, 0, 0.17%, 7, 0, 7, 124.41
1735191043, 147, 16, 39, 0, 0, 0.17%, 7, 0, 7, 131.44
1735191048, 147, 21, 39, 0, 0, 0.17%, 7, 0, 7, 132.82
1735191053, 148, 11, 39, 0, 0, 0.17%, 7, 0, 7, 129.54
1735191059, 148, 12, 39, 0, 0, 0.17%, 7, 0, 7, 123.65
1735191064, 148, 16, 39, 0, 0, 0.17%, 7, 0, 7, 129.75
1735191069, 148, 21, 39, 0, 0, 0.17%, 7, 0, 7, 128.54
1735191074, 148, 25, 39, 0, 0, 0.17%, 7, 0, 7, 137.64
1735191100, 149, 11, 39, 0, 0, 0.17%, 7, 0, 7, 132.77
1735191105, 149, 12, 39, 0, 0, 0.17%, 7, 0, 7, 127.70
1735191110, 149, 16, 39, 0, 0, 0.17%, 7, 0, 7, 129.06
1735191120, 149, 21, 39, 0, 0, 0.17%, 7, 0, 7, 132.58
1735191125, 149, 34, 39, 0, 0, 0.17%, 7, 0, 7, 135.74
1735191136, 150, 10, 39, 0, 0, 0.17%, 7, 0, 7, 128.21
1735191141, 150, 12, 39, 0, 0, 0.17%, 7, 0, 7, 125.30
1735191151, 150, 16, 39, 0, 0, 0.17%, 7, 0, 7, 129.74
1735191156, 150, 21, 39, 0, 0, 0.17%, 7, 0, 7, 132.43
1735191161, 150, 29, 39, 0, 0, 0.17%, 7, 0, 7, 137.29
1735191182, 151, 10, 39, 0, 0, 0.17%, 7, 0, 7, 129.75
1735191187, 151, 12, 39, 0, 0, 0.17%, 7, 0, 7, 122.42
1735191198, 151, 13, 39, 0, 0, 0.17%, 7, 0, 7, 129.75
1735191203, 151, 16, 39, 0, 0, 0.17%, 7, 0, 7, 130.87
1735191208, 151, 21, 39, 0, 0, 0.17%, 7, 0, 7, 132.97
1735191213, 151, 23, 39, 0, 0, 0.17%, 7, 0, 7, 132.91
1735191239, 152, 11, 39, 0, 0, 0.17%, 7, 0, 7, 123.09
1735191244, 152, 12, 39, 0, 0, 0.17%, 7, 0, 7, 123.89
1735191249, 152, 16, 39, 0, 0, 0.17%, 7, 0, 7, 125.05
1735191259, 152, 21, 39, 0, 0, 0.17%, 7, 0, 7, 136.15
1735191264, 152, 28, 39, 0, 0, 0.17%, 7, 0, 7, 151.22
