# unix_time, cycles_done, cur_path, paths_total, pending_total, pending_favs, map_size, unique_crashes, unique_hangs, max_depth, execs_per_sec
1735331497, 0, 0, 10, 10, 1, 0.01%, 0, 0, 1, 83.86
1735331507, 0, 4, 10, 9, 1, 0.01%, 0, 0, 1, 103.62
1735331522, 0, 5, 10, 8, 0, 0.01%, 0, 0, 1, 107.97
1735331527, 0, 5, 11, 9, 0, 0.16%, 1, 0, 2, 104.09
1735331532, 0, 10, 11, 8, 1, 0.16%, 1, 0, 2, 106.56
1735331542, 0, 10, 12, 9, 1, 0.16%, 2, 0, 3, 106.93
1735331568, 0, 11, 15, 11, 1, 0.16%, 3, 0, 4, 145.25
1735331583, 0, 13, 16, 11, 1, 0.16%, 3, 0, 5, 151.65
1735331609, 1, 9, 16, 10, 0, 0.16%, 3, 0, 5, 94.37
1735331614, 1, 12, 16, 9, 0, 0.16%, 3, 0, 5, 112.99
1735331624, 1, 12, 17, 10, 0, 0.16%, 3, 0, 5, 126.42
1735331639, 1, 12, 19, 12, 0, 0.17%, 4, 0, 5, 115.96
1735331650, 1, 12, 20, 13, 0, 0.17%, 4, 0, 5, 117.50
1735331762, 1, 17, 21, 13, 1, 0.17%, 5, 0, 6, 146.66
1735331782, 1, 17, 22, 14, 1, 0.17%, 5, 0, 6, 117.18
1735331818, 1, 20, 22, 13, 1, 0.17%, 5, 0, 6, 152.92
1735331849, 2, 10, 22, 12, 0, 0.17%, 5, 0, 6, 115.12
1735331854, 2, 17, 22, 12, 0, 0.17%, 5, 0, 6, 114.99
1735331859, 2, 20, 22, 12, 0, 0.17%, 5, 0, 6, 113.97
1735331864, 3, 6, 22, 12, 0, 0.17%, 5, 0, 6, 110.33
1735331869, 3, 7, 22, 11, 0, 0.17%, 5, 0, 6, 100.50
1735331879, 3, 10, 22, 10, 0, 0.17%, 5, 0, 6, 106.14
1735331884, 3, 13, 22, 10, 0, 0.17%, 5, 0, 6, 110.86
1735331889, 3, 15, 22, 10, 0, 0.17%, 5, 0, 6, 145.17
1735331915, 3, 17, 22, 9, 0, 0.17%, 5, 0, 6, 115.69
1735331925, 3, 19, 22, 9, 0, 0.17%, 5, 0, 6, 162.27
1735331971, 3, 20, 22, 8, 0, 0.17%, 5, 0, 6, 109.84
1735331981, 4, 3, 22, 8, 0, 0.17%, 5, 0, 6, 104.15
1735331991, 4, 10, 22, 7, 0, 0.17%, 5, 0, 6, 106.34
1735331996, 4, 13, 23, 8, 0, 0.17%, 5, 0, 6, 117.31
1735332007, 4, 17, 23, 8, 0, 0.17%, 5, 0, 6, 116.01
1735332017, 4, 19, 23, 8, 0, 0.17%, 5, 0, 6, 116.70
1735332022, 4, 20, 23, 8, 0, 0.17%, 5, 0, 6, 116.72
1735332032, 4, 21, 23, 8, 0, 0.17%, 5, 0, 6, 119.05
1735332058, 4, 21, 25, 10, 0, 0.17%, 5, 0, 7, 113.50
1735332108, 4, 21, 26, 11, 0, 0.17%, 5, 0, 7, 123.40
1735332155, 4, 25, 26, 10, 0, 0.17%, 5, 0, 7, 130.16
1735332175, 4, 25, 27, 11, 0, 0.17%, 5, 0, 8, 185.95
1735332211, 4, 25, 28, 12, 0, 0.17%, 5, 0, 8, 140.09
1735332283, 4, 26, 28, 11, 0, 0.17%, 5, 0, 8, 175.21
1735332380, 5, 2, 28, 10, 0, 0.17%, 5, 0, 8, 102.11
1735332390, 5, 13, 28, 9, 0, 0.17%, 5, 0, 8, 123.14
1735332401, 5, 16, 28, 9, 0, 0.17%, 5, 0, 8, 183.47
1735332442, 5, 16, 29, 10, 0, 0.17%, 5, 0, 8, 150.15
1735332472, 5, 17, 29, 9, 0, 0.17%, 5, 0, 8, 127.74
1735332483, 5, 20, 29, 9, 0, 0.17%, 5, 0, 8, 129.28
1735332493, 5, 23, 29, 9, 0, 0.17%, 5, 0, 8, 141.54
1735332565, 6, 1, 29, 8, 0, 0.17%, 5, 0, 8, 122.20
1735332575, 6, 10, 29, 7, 0, 0.17%, 5, 0, 8, 126.02
1735332581, 6, 13, 29, 7, 0, 0.17%, 5, 0, 8, 133.25
1735332586, 6, 14, 29, 7, 0, 0.17%, 5, 0, 8, 131.13
1735332601, 6, 14, 30, 8, 0, 0.17%, 5, 0, 8, 126.47
1735332622, 6, 17, 30, 7, 0, 0.17%, 5, 0, 8, 126.65
1735332627, 6, 18, 30, 7, 0, 0.17%, 5, 0, 8, 128.55
1735332647, 6, 18, 31, 8, 0, 0.17%, 5, 0, 8, 131.50
1735332694, 6, 20, 31, 7, 0, 0.17%, 5, 0, 8, 128.85
1735332699, 6, 24, 31, 7, 0, 0.17%, 5, 0, 8, 149.20
1735332776, 6, 30, 32, 7, 0, 0.17%, 5, 0, 8, 204.29
1735332853, 6, 30, 33, 8, 0, 0.17%, 5, 0, 8, 148.03
1735332858, 6, 30, 34, 9, 0, 0.17%, 5, 0, 8, 156.26
1735332944, 7, 8, 34, 8, 0, 0.17%, 5, 0, 8, 111.42
1735332954, 7, 13, 34, 7, 0, 0.17%, 5, 0, 8, 131.31
1735332964, 7, 15, 34, 7, 0, 0.17%, 5, 0, 8, 132.27
1735332970, 7, 17, 34, 7, 0, 0.17%, 5, 0, 8, 132.28
1735332980, 7, 18, 34, 7, 0, 0.17%, 5, 0, 8, 127.36
1735332985, 7, 20, 34, 7, 0, 0.17%, 5, 0, 8, 131.01
1735332995, 7, 27, 34, 7, 0, 0.17%, 5, 0, 8, 213.16
1735333117, 7, 29, 34, 6, 0, 0.17%, 5, 0, 8, 152.41
1735333210, 7, 31, 34, 5, 0, 0.17%, 5, 0, 8, 200.14
1735333333, 7, 31, 35, 6, 0, 0.17%, 5, 0, 8, 133.72
1735333338, 7, 32, 35, 5, 0, 0.17%, 5, 0, 8, 154.86
1735333430, 7, 32, 36, 6, 0, 0.17%, 5, 0, 8, 147.86
1735333450, 7, 32, 37, 7, 0, 0.17%, 5, 0, 8, 177.66
1735333521, 7, 33, 37, 6, 0, 0.17%, 5, 0, 8, 178.09
1735333603, 8, 13, 37, 5, 0, 0.17%, 5, 0, 8, 130.19
1735333613, 8, 17, 37, 5, 0, 0.17%, 5, 0, 8, 137.86
1735333619, 8, 20, 37, 5, 0, 0.17%, 5, 0, 8, 135.98
1735333629, 8, 28, 37, 5, 0, 0.17%, 5, 0, 8, 184.20
1735333747, 9, 13, 37, 4, 0, 0.17%, 5, 0, 8, 140.34
1735333758, 9, 17, 37, 4, 0, 0.17%, 5, 0, 8, 136.58
1735333763, 9, 20, 37, 4, 0, 0.17%, 5, 0, 8, 140.04
1735333773, 9, 25, 37, 4, 0, 0.17%, 5, 0, 8, 142.29
1735333778, 9, 35, 37, 4, 0, 0.17%, 5, 0, 8, 154.10
1735333823, 9, 35, 39, 6, 0, 0.17%, 6, 0, 9, 247.80
1735333997, 10, 13, 39, 5, 0, 0.17%, 6, 0, 9, 134.42
1735334003, 10, 17, 39, 5, 0, 0.17%, 6, 0, 9, 143.89
1735334008, 10, 20, 39, 5, 0, 0.17%, 6, 0, 9, 141.50
1735334013, 10, 23, 39, 5, 0, 0.17%, 6, 0, 9, 140.35
1735334018, 10, 34, 39, 5, 0, 0.17%, 6, 0, 9, 164.41
1735334115, 10, 37, 39, 4, 0, 0.17%, 6, 0, 9, 149.72
1735334304, 10, 38, 39, 3, 0, 0.17%, 6, 0, 9, 157.06
1735334508, 11, 13, 39, 2, 0, 0.17%, 6, 0, 9, 144.26
1735334513, 11, 17, 39, 2, 0, 0.17%, 6, 0, 9, 141.14
1735334518, 11, 20, 39, 2, 0, 0.17%, 6, 0, 9, 149.72
1735334523, 11, 31, 39, 2, 0, 0.17%, 6, 0, 9, 155.41
1735334533, 11, 35, 39, 2, 0, 0.17%, 6, 0, 9, 164.85
1735334554, 11, 36, 39, 2, 0, 0.17%, 6, 0, 9, 196.53
1735334666, 12, 13, 39, 1, 0, 0.17%, 6, 0, 9, 135.04
1735334671, 12, 17, 39, 1, 0, 0.17%, 6, 0, 9, 138.13
1735334676, 12, 18, 39, 1, 0, 0.17%, 6, 0, 9, 141.51
1735334681, 12, 20, 39, 1, 0, 0.17%, 6, 0, 9, 141.61
1735334686, 12, 21, 39, 1, 0, 0.17%, 6, 0, 9, 138.79
1735334691, 13, 13, 39, 1, 0, 0.17%, 6, 0, 9, 142.34
1735334696, 13, 17, 39, 1, 0, 0.17%, 6, 0, 9, 143.22
1735334701, 13, 20, 39, 1, 0, 0.17%, 6, 0, 9, 138.96
1735334707, 13, 22, 39, 1, 0, 0.17%, 6, 0, 9, 154.82
1735334758, 13, 24, 39, 0, 0, 0.17%, 6, 0, 9, 149.02
1735334764, 14, 2, 39, 0, 0, 0.17%, 6, 0, 9, 134.84
1735334769, 14, 13, 39, 0, 0, 0.17%, 6, 0, 9, 136.83
1735334774, 14, 17, 39, 0, 0, 0.17%, 6, 0, 9, 141.11
1735334779, 14, 20, 39, 0, 0, 0.17%, 6, 0, 9, 137.65
1735334784, 15, 13, 39, 0, 0, 0.17%, 6, 0, 9, 137.75
1735334789, 15, 17, 39, 0, 0, 0.17%, 6, 0, 9, 137.82
1735334794, 15, 20, 39, 0, 0, 0.17%, 6, 0, 9, 139.66
1735334800, 16, 1, 39, 0, 0, 0.17%, 6, 0, 9, 144.12
1735334805, 16, 9, 39, 0, 0, 0.17%, 6, 0, 9, 143.58
1735334810, 16, 13, 39, 0, 0, 0.17%, 6, 0, 9, 136.35
1735334815, 16, 17, 39, 0, 0, 0.17%, 6, 0, 9, 137.19
1735334820, 16, 20, 39, 0, 0, 0.17%, 6, 0, 9, 138.70
1735334826, 16, 25, 39, 0, 0, 0.17%, 6, 0, 9, 146.51
1735334831, 17, 13, 39, 0, 0, 0.17%, 6, 0, 9, 139.15
1735334841, 17, 17, 39, 0, 0, 0.17%, 6, 0, 9, 139.37
1735334851, 17, 20, 39, 0, 0, 0.17%, 6, 0, 9, 136.51
1735334856, 18, 12, 39, 0, 0, 0.17%, 6, 0, 9, 147.98
1735334861, 18, 13, 39, 0, 0, 0.17%, 6, 0, 9, 138.36
1735334867, 18, 17, 39, 0, 0, 0.17%, 6, 0, 9, 137.96
1735334872, 18, 20, 39, 0, 0, 0.17%, 6, 0, 9, 138.83
1735334877, 19, 13, 39, 0, 0, 0.17%, 6, 0, 9, 137.11
1735334882, 19, 17, 39, 0, 0, 0.17%, 6, 0, 9, 132.88
1735334887, 19, 20, 39, 0, 0, 0.17%, 6, 0, 9, 136.45
1735334892, 19, 22, 39, 0, 0, 0.17%, 6, 0, 9, 135.89
1735334897, 19, 26, 39, 0, 0, 0.17%, 6, 0, 9, 136.81
1735334908, 19, 35, 39, 0, 0, 0.17%, 6, 0, 9, 170.24
1735334928, 20, 10, 39, 0, 0, 0.17%, 6, 0, 9, 132.77
1735334933, 20, 12, 39, 0, 0, 0.17%, 6, 0, 9, 138.27
1735334938, 20, 13, 39, 0, 0, 0.17%, 6, 0, 9, 137.23
1735334943, 20, 17, 39, 0, 0, 0.17%, 6, 0, 9, 132.04
1735334948, 20, 20, 39, 0, 0, 0.17%, 6, 0, 9, 141.77
1735334954, 20, 27, 39, 0, 0, 0.17%, 6, 0, 9, 146.73
1735334959, 21, 10, 39, 0, 0, 0.17%, 6, 0, 9, 139.76
1735334964, 21, 12, 39, 0, 0, 0.17%, 6, 0, 9, 140.97
1735334969, 21, 13, 39, 0, 0, 0.17%, 6, 0, 9, 142.58
1735334974, 21, 17, 39, 0, 0, 0.17%, 6, 0, 9, 137.52
1735334979, 21, 20, 39, 0, 0, 0.17%, 6, 0, 9, 142.43
1735334985, 21, 25, 39, 0, 0, 0.17%, 6, 0, 9, 143.22
1735334990, 21, 30, 39, 0, 0, 0.17%, 6, 0, 9, 146.98
1735335000, 22, 11, 39, 0, 0, 0.17%, 6, 0, 9, 136.10
1735335005, 22, 13, 39, 0, 0, 0.17%, 6, 0, 9, 140.13
1735335010, 22, 17, 39, 0, 0, 0.17%, 6, 0, 9, 138.75
1735335015, 22, 20, 39, 0, 0, 0.17%, 6, 0, 9, 140.27
1735335021, 22, 32, 39, 0, 0, 0.17%, 6, 0, 9, 175.43
1735335031, 23, 10, 39, 0, 0, 0.17%, 6, 0, 9, 146.28
1735335036, 23, 13, 39, 0, 0, 0.17%, 6, 0, 9, 140.25
1735335041, 23, 17, 39, 0, 0, 0.17%, 6, 0, 9, 141.69
1735335046, 23, 20, 39, 0, 0, 0.17%, 6, 0, 9, 137.15
1735335051, 23, 22, 39, 0, 0, 0.17%, 6, 0, 9, 138.99
1735335057, 23, 29, 39, 0, 0, 0.17%, 6, 0, 9, 139.19
1735335067, 24, 10, 39, 0, 0, 0.17%, 6, 0, 9, 134.43
1735335072, 24, 17, 39, 0, 0, 0.17%, 6, 0, 9, 142.62
1735335077, 24, 20, 39, 0, 0, 0.17%, 6, 0, 9, 144.31
1735335082, 25, 5, 39, 0, 0, 0.17%, 6, 0, 9, 144.90
1735335088, 25, 13, 39, 0, 0, 0.17%, 6, 0, 9, 144.69
1735335093, 25, 17, 39, 0, 0, 0.17%, 6, 0, 9, 144.93
1735335098, 25, 20, 39, 0, 0, 0.17%, 6, 0, 9, 137.93
1735335103, 25, 27, 39, 0, 0, 0.17%, 6, 0, 9, 146.58
1735335108, 25, 35, 39, 0, 0, 0.17%, 6, 0, 9, 151.77
1735335128, 26, 10, 39, 0, 0, 0.17%, 6, 0, 9, 142.79
1735335134, 26, 13, 39, 0, 0, 0.17%, 6, 0, 9, 144.09
1735335139, 26, 17, 39, 0, 0, 0.17%, 6, 0, 9, 138.14
1735335144, 26, 20, 39, 0, 0, 0.17%, 6, 0, 9, 132.02
1735335149, 27, 13, 39, 0, 0, 0.17%, 6, 0, 9, 137.93
1735335154, 27, 15, 39, 0, 0, 0.17%, 6, 0, 9, 137.42
1735335159, 27, 17, 39, 0, 0, 0.17%, 6, 0, 9, 134.95
1735335164, 27, 20, 39, 0, 0, 0.17%, 6, 0, 9, 135.06
1735335169, 27, 38, 39, 0, 0, 0.17%, 6, 0, 9, 151.48
1735335205, 28, 1, 39, 0, 0, 0.17%, 6, 0, 9, 152.26
1735335210, 28, 13, 39, 0, 0, 0.17%, 6, 0, 9, 139.34
1735335215, 28, 15, 39, 0, 0, 0.17%, 6, 0, 9, 134.32
1735335220, 28, 17, 39, 0, 0, 0.17%, 6, 0, 9, 136.96
1735335231, 29, 10, 39, 0, 0, 0.17%, 6, 0, 9, 144.54
1735335236, 29, 13, 39, 0, 0, 0.17%, 6, 0, 9, 134.37
1735335241, 29, 17, 39, 0, 0, 0.17%, 6, 0, 9, 133.23
1735335246, 29, 20, 39, 0, 0, 0.17%, 6, 0, 9, 134.84
1735335251, 29, 27, 39, 0, 0, 0.17%, 6, 0, 9, 151.87
1735335257, 30, 0, 39, 0, 0, 0.17%, 6, 0, 9, 140.64
1735335262, 30, 13, 39, 0, 0, 0.17%, 6, 0, 9, 142.10
1735335267, 30, 17, 39, 0, 0, 0.17%, 6, 0, 9, 139.24
1735335272, 30, 20, 39, 0, 0, 0.17%, 6, 0, 9, 134.38
1735335277, 30, 29, 39, 0, 0, 0.17%, 6, 0, 9, 146.65
1735335287, 31, 10, 39, 0, 0, 0.17%, 6, 0, 9, 137.54
1735335292, 31, 13, 39, 0, 0, 0.17%, 6, 0, 9, 136.32
1735335298, 31, 17, 39, 0, 0, 0.17%, 6, 0, 9, 139.73
1735335303, 31, 20, 39, 0, 0, 0.17%, 6, 0, 9, 135.57
1735335308, 31, 32, 39, 0, 0, 0.17%, 6, 0, 9, 161.46
1735335318, 31, 35, 39, 0, 0, 0.17%, 6, 0, 9, 150.13
1735335328, 32, 10, 39, 0, 0, 0.17%, 6, 0, 9, 139.00
1735335333, 32, 13, 39, 0, 0, 0.17%, 6, 0, 9, 136.69
1735335338, 32, 16, 39, 0, 0, 0.17%, 6, 0, 9, 140.22
1735335344, 32, 17, 39, 0, 0, 0.17%, 6, 0, 9, 134.36
1735335349, 32, 19, 39, 0, 0, 0.17%, 6, 0, 9, 145.87
1735335354, 32, 20, 39, 0, 0, 0.17%, 6, 0, 9, 139.05
1735335359, 33, 13, 39, 0, 0, 0.17%, 6, 0, 9, 127.90
1735335364, 33, 17, 39, 0, 0, 0.17%, 6, 0, 9, 135.54
1735335369, 33, 20, 39, 0, 0, 0.17%, 6, 0, 9, 136.10
1735335374, 33, 23, 39, 0, 0, 0.17%, 6, 0, 9, 140.05
1735335379, 33, 33, 39, 0, 0, 0.17%, 6, 0, 9, 142.46
1735335395, 33, 38, 39, 0, 0, 0.17%, 6, 0, 9, 148.45
1735335421, 34, 13, 39, 0, 0, 0.17%, 6, 0, 9, 144.72
1735335426, 34, 17, 39, 0, 0, 0.17%, 6, 0, 9, 143.69
1735335431, 34, 20, 39, 0, 0, 0.17%, 6, 0, 9, 134.27
1735335436, 35, 10, 39, 0, 0, 0.17%, 6, 0, 9, 135.65
1735335441, 35, 12, 39, 0, 0, 0.17%, 6, 0, 9, 129.49
1735335446, 35, 13, 39, 0, 0, 0.17%, 6, 0, 9, 134.32
1735335451, 35, 17, 39, 0, 0, 0.17%, 6, 0, 9, 138.78
1735335457, 35, 20, 39, 0, 0, 0.17%, 6, 0, 9, 135.69
1735335462, 35, 36, 39, 0, 0, 0.17%, 6, 0, 9, 159.19
1735335482, 36, 10, 39, 0, 0, 0.17%, 6, 0, 9, 130.44
1735335487, 36, 13, 39, 0, 0, 0.17%, 6, 0, 9, 133.37
1735335492, 36, 17, 39, 0, 0, 0.17%, 6, 0, 9, 131.10
1735335497, 36, 20, 39, 0, 0, 0.17%, 6, 0, 9, 135.07
1735335502, 36, 32, 39, 0, 0, 0.17%, 6, 0, 9, 156.86
1735335507, 36, 33, 39, 0, 0, 0.17%, 6, 0, 9, 139.67
1735335523, 37, 10, 39, 0, 0, 0.17%, 6, 0, 9, 142.85
1735335528, 37, 13, 39, 0, 0, 0.17%, 6, 0, 9, 140.50
1735335533, 37, 17, 39, 0, 0, 0.17%, 6, 0, 9, 145.72
1735335538, 37, 20, 39, 0, 0, 0.17%, 6, 0, 9, 135.85
1735335543, 37, 32, 39, 0, 0, 0.17%, 6, 0, 9, 144.91
1735335549, 38, 10, 39, 0, 0, 0.17%, 6, 0, 9, 140.81
1735335554, 38, 15, 39, 0, 0, 0.17%, 6, 0, 9, 138.27
1735335564, 38, 17, 39, 0, 0, 0.17%, 6, 0, 9, 142.75
1735335569, 38, 20, 39, 0, 0, 0.17%, 6, 0, 9, 148.36
1735335574, 38, 27, 39, 0, 0, 0.17%, 6, 0, 9, 147.32
1735335584, 39, 13, 39, 0, 0, 0.17%, 6, 0, 9, 133.66
1735335595, 39, 17, 39, 0, 0, 0.17%, 6, 0, 9, 136.32
1735335600, 40, 10, 39, 0, 0, 0.17%, 6, 0, 9, 142.64
1735335605, 40, 13, 39, 0, 0, 0.17%, 6, 0, 9, 145.88
1735335610, 40, 16, 39, 0, 0, 0.17%, 6, 0, 9, 146.01
1735335615, 40, 17, 39, 0, 0, 0.17%, 6, 0, 9, 138.02
1735335620, 40, 20, 39, 0, 0, 0.17%, 6, 0, 9, 144.05
1735335625, 41, 13, 39, 0, 0, 0.17%, 6, 0, 9, 139.93
1735335630, 41, 17, 39, 0, 0, 0.17%, 6, 0, 9, 136.54
1735335635, 41, 20, 39, 0, 0, 0.17%, 6, 0, 9, 134.23
1735335641, 41, 33, 39, 0, 0, 0.17%, 6, 0, 9, 133.32
1735335651, 42, 13, 39, 0, 0, 0.17%, 6, 0, 9, 137.19
1735335656, 42, 15, 39, 0, 0, 0.17%, 6, 0, 9, 134.54
1735335661, 42, 17, 39, 0, 0, 0.17%, 6, 0, 9, 134.86
1735335666, 42, 20, 39, 0, 0, 0.17%, 6, 0, 9, 135.57
1735335671, 43, 10, 39, 0, 0, 0.17%, 6, 0, 9, 141.35
1735335677, 43, 17, 39, 0, 0, 0.17%, 6, 0, 9, 136.42
1735335687, 43, 20, 39, 0, 0, 0.17%, 6, 0, 9, 140.99
1735335692, 44, 12, 39, 0, 0, 0.17%, 6, 0, 9, 140.08
1735335697, 44, 13, 39, 0, 0, 0.17%, 6, 0, 9, 137.97
1735335702, 44, 17, 39, 0, 0, 0.17%, 6, 0, 9, 134.63
1735335708, 44, 20, 39, 0, 0, 0.17%, 6, 0, 9, 131.70
1735335713, 45, 10, 39, 0, 0, 0.17%, 6, 0, 9, 137.09
1735335718, 45, 13, 39, 0, 0, 0.17%, 6, 0, 9, 129.53
1735335723, 45, 17, 39, 0, 0, 0.17%, 6, 0, 9, 138.71
1735335728, 45, 20, 39, 0, 0, 0.17%, 6, 0, 9, 138.45
1735335733, 46, 10, 39, 0, 0, 0.17%, 6, 0, 9, 141.12
1735335739, 46, 13, 39, 0, 0, 0.17%, 6, 0, 9, 134.55
1735335744, 46, 17, 39, 0, 0, 0.17%, 6, 0, 9, 134.13
1735335749, 46, 20, 39, 0, 0, 0.17%, 6, 0, 9, 141.17
1735335754, 46, 22, 39, 0, 0, 0.17%, 6, 0, 9, 134.15
1735335759, 46, 34, 39, 0, 0, 0.17%, 6, 0, 9, 155.38
1735335779, 47, 1, 39, 0, 0, 0.17%, 6, 0, 9, 128.94
1735335785, 47, 13, 39, 0, 0, 0.17%, 6, 0, 9, 132.33
1735335790, 47, 17, 39, 0, 0, 0.17%, 6, 0, 9, 137.27
1735335795, 47, 20, 39, 0, 0, 0.17%, 6, 0, 9, 141.10
1735335800, 47, 21, 39, 0, 0, 0.17%, 6, 0, 9, 138.71
1735335805, 48, 10, 39, 0, 0, 0.17%, 6, 0, 9, 132.70
1735335810, 48, 13, 39, 0, 0, 0.17%, 6, 0, 9, 142.26
1735335815, 48, 14, 39, 0, 0, 0.17%, 6, 0, 9, 139.68
1735335821, 48, 17, 39, 0, 0, 0.17%, 6, 0, 9, 138.13
1735335826, 48, 20, 39, 0, 0, 0.17%, 6, 0, 9, 137.36
1735335831, 49, 13, 39, 0, 0, 0.17%, 6, 0, 9, 136.18
1735335836, 49, 17, 39, 0, 0, 0.17%, 6, 0, 9, 141.72
1735335841, 49, 20, 39, 0, 0, 0.17%, 6, 0, 9, 138.46
1735335846, 49, 21, 39, 0, 0, 0.17%, 6, 0, 9, 140.73
1735335852, 49, 30, 39, 0, 0, 0.17%, 6, 0, 9, 151.09
1735335862, 50, 10, 39, 0, 0, 0.17%, 6, 0, 9, 140.30
1735335867, 50, 13, 39, 0, 0, 0.17%, 6, 0, 9, 147.03
1735335872, 50, 17, 39, 0, 0, 0.17%, 6, 0, 9, 138.18
1735335877, 50, 20, 39, 0, 0, 0.17%, 6, 0, 9, 138.92
1735335883, 51, 13, 39, 0, 0, 0.17%, 6, 0, 9, 136.44
1735335888, 51, 17, 39, 0, 0, 0.17%, 6, 0, 9, 138.25
1735335893, 51, 20, 39, 0, 0, 0.17%, 6, 0, 9, 135.87
1735335898, 51, 33, 39, 0, 0, 0.17%, 6, 0, 9, 134.58
1735335908, 51, 38, 39, 0, 0, 0.17%, 6, 0, 9, 150.39
1735335919, 52, 7, 39, 0, 0, 0.17%, 6, 0, 9, 138.88
1735335924, 52, 13, 39, 0, 0, 0.17%, 6, 0, 9, 141.93
1735335929, 52, 17, 39, 0, 0, 0.17%, 6, 0, 9, 134.32
1735335934, 52, 20, 39, 0, 0, 0.17%, 6, 0, 9, 137.33
1735335939, 52, 21, 39, 0, 0, 0.17%, 6, 0, 9, 130.47
1735335944, 53, 10, 39, 0, 0, 0.17%, 6, 0, 9, 128.78
1735335949, 53, 13, 39, 0, 0, 0.17%, 6, 0, 9, 136.00
1735335954, 53, 17, 39, 0, 0, 0.17%, 6, 0, 9, 145.24
1735335959, 53, 20, 39, 0, 0, 0.17%, 6, 0, 9, 140.84
1735335965, 54, 13, 39, 0, 0, 0.17%, 6, 0, 9, 138.58
1735335970, 54, 17, 39, 0, 0, 0.17%, 6, 0, 9, 139.63
1735335975, 54, 18, 39, 0, 0, 0.17%, 6, 0, 9, 138.78
1735335980, 54, 20, 39, 0, 0, 0.17%, 6, 0, 9, 137.68
1735335985, 54, 23, 39, 0, 0, 0.17%, 6, 0, 9, 135.70
1735335990, 54, 29, 39, 0, 0, 0.17%, 6, 0, 9, 139.13
1735335995, 55, 13, 39, 0, 0, 0.17%, 6, 0, 9, 134.94
1735336001, 55, 17, 39, 0, 0, 0.17%, 6, 0, 9, 137.60
1735336006, 55, 19, 39, 0, 0, 0.17%, 6, 0, 9, 141.30
1735336011, 55, 20, 39, 0, 0, 0.17%, 6, 0, 9, 141.97
1735336016, 56, 10, 39, 0, 0, 0.17%, 6, 0, 9, 137.23
1735336021, 56, 13, 39, 0, 0, 0.17%, 6, 0, 9, 135.68
1735336026, 56, 17, 39, 0, 0, 0.17%, 6, 0, 9, 137.61
1735336032, 56, 20, 39, 0, 0, 0.17%, 6, 0, 9, 137.91
1735336037, 57, 13, 39, 0, 0, 0.17%, 6, 0, 9, 138.93
1735336042, 57, 15, 39, 0, 0, 0.17%, 6, 0, 9, 139.84
1735336047, 57, 16, 39, 0, 0, 0.17%, 6, 0, 9, 140.21
1735336052, 57, 17, 39, 0, 0, 0.17%, 6, 0, 9, 138.46
1735336057, 57, 20, 39, 0, 0, 0.17%, 6, 0, 9, 134.84
1735336062, 58, 13, 39, 0, 0, 0.17%, 6, 0, 9, 139.53
1735336068, 58, 17, 39, 0, 0, 0.17%, 6, 0, 9, 138.63
1735336073, 58, 20, 39, 0, 0, 0.17%, 6, 0, 9, 141.36
1735336078, 58, 27, 39, 0, 0, 0.17%, 6, 0, 9, 155.07
1735336088, 58, 34, 39, 0, 0, 0.17%, 6, 0, 9, 151.52
1735336109, 59, 13, 39, 0, 0, 0.17%, 6, 0, 9, 140.33
1735336114, 59, 17, 39, 0, 0, 0.17%, 6, 0, 9, 142.92
1735336119, 59, 20, 39, 0, 0, 0.17%, 6, 0, 9, 136.81
1735336124, 59, 33, 39, 0, 0, 0.17%, 6, 0, 9, 134.41
1735336134, 60, 10, 39, 0, 0, 0.17%, 6, 0, 9, 136.31
1735336139, 60, 13, 39, 0, 0, 0.17%, 6, 0, 9, 145.15
1735336145, 60, 19, 39, 0, 0, 0.17%, 6, 0, 9, 147.91
1735336150, 60, 20, 39, 0, 0, 0.17%, 6, 0, 9, 142.39
1735336160, 61, 13, 39, 0, 0, 0.17%, 6, 0, 9, 134.43
1735336165, 61, 17, 39, 0, 0, 0.17%, 6, 0, 9, 137.28
1735336170, 61, 20, 39, 0, 0, 0.17%, 6, 0, 9, 133.38
1735336175, 61, 33, 39, 0, 0, 0.17%, 6, 0, 9, 131.90
1735336181, 62, 3, 39, 0, 0, 0.17%, 6, 0, 9, 139.92
1735336186, 62, 13, 39, 0, 0, 0.17%, 6, 0, 9, 133.97
1735336191, 62, 17, 39, 0, 0, 0.17%, 6, 0, 9, 140.97
1735336196, 62, 20, 39, 0, 0, 0.17%, 6, 0, 9, 133.43
1735336201, 62, 21, 39, 0, 0, 0.17%, 6, 0, 9, 133.47
1735336206, 63, 10, 39, 0, 0, 0.17%, 6, 0, 9, 128.09
1735336212, 63, 13, 39, 0, 0, 0.17%, 6, 0, 9, 145.38
1735336217, 63, 17, 39, 0, 0, 0.17%, 6, 0, 9, 139.47
1735336222, 63, 20, 39, 0, 0, 0.17%, 6, 0, 9, 138.94
1735336227, 63, 33, 39, 0, 0, 0.17%, 6, 0, 9, 141.22
1735336237, 64, 13, 39, 0, 0, 0.17%, 6, 0, 9, 132.37
1735336242, 64, 17, 39, 0, 0, 0.17%, 6, 0, 9, 128.55
1735336247, 64, 20, 39, 0, 0, 0.17%, 6, 0, 9, 133.25
1735336253, 64, 32, 39, 0, 0, 0.17%, 6, 0, 9, 137.70
1735336263, 65, 10, 39, 0, 0, 0.17%, 6, 0, 9, 141.25
1735336268, 65, 13, 39, 0, 0, 0.17%, 6, 0, 9, 140.95
1735336273, 65, 17, 39, 0, 0, 0.17%, 6, 0, 9, 132.27
1735336278, 65, 20, 39, 0, 0, 0.17%, 6, 0, 9, 131.22
1735336283, 66, 13, 39, 0, 0, 0.17%, 6, 0, 9, 141.26
1735336288, 66, 17, 39, 0, 0, 0.17%, 6, 0, 9, 141.44
1735336294, 66, 20, 39, 0, 0, 0.17%, 6, 0, 9, 135.72
1735336299, 67, 1, 39, 0, 0, 0.17%, 6, 0, 9, 134.85
1735336304, 67, 13, 39, 0, 0, 0.17%, 6, 0, 9, 128.51
1735336309, 67, 17, 39, 0, 0, 0.17%, 6, 0, 9, 132.18
1735336314, 67, 20, 39, 0, 0, 0.17%, 6, 0, 9, 140.62
1735336320, 68, 1, 39, 0, 0, 0.17%, 6, 0, 9, 146.70
1735336325, 68, 13, 39, 0, 0, 0.17%, 6, 0, 9, 131.39
1735336330, 68, 17, 39, 0, 0, 0.17%, 6, 0, 9, 134.52
1735336335, 68, 20, 39, 0, 0, 0.17%, 6, 0, 9, 130.29
1735336340, 68, 26, 39, 0, 0, 0.17%, 6, 0, 9, 150.76
1735336350, 68, 32, 39, 0, 0, 0.17%, 6, 0, 9, 146.65
1735336355, 69, 10, 39, 0, 0, 0.17%, 6, 0, 9, 137.08
1735336360, 69, 13, 39, 0, 0, 0.17%, 6, 0, 9, 135.21
1735336365, 69, 17, 39, 0, 0, 0.17%, 6, 0, 9, 143.52
1735336371, 69, 20, 39, 0, 0, 0.17%, 6, 0, 9, 147.31
1735336376, 69, 25, 39, 0, 0, 0.17%, 6, 0, 9, 138.24
1735336381, 69, 27, 39, 0, 0, 0.17%, 6, 0, 9, 153.18
1735336386, 69, 35, 39, 0, 0, 0.17%, 6, 0, 9, 164.03
1735336396, 70, 0, 39, 0, 0, 0.17%, 6, 0, 9, 132.79
1735336401, 70, 10, 39, 0, 0, 0.17%, 6, 0, 9, 133.95
1735336406, 70, 17, 39, 0, 0, 0.17%, 6, 0, 9, 140.68
1735336411, 70, 20, 39, 0, 0, 0.17%, 6, 0, 9, 134.84
1735336417, 71, 10, 39, 0, 0, 0.17%, 6, 0, 9, 135.36
1735336422, 71, 13, 39, 0, 0, 0.17%, 6, 0, 9, 142.15
1735336427, 71, 17, 39, 0, 0, 0.17%, 6, 0, 9, 150.66
1735336432, 71, 20, 39, 0, 0, 0.17%, 6, 0, 9, 137.09
1735336437, 71, 29, 39, 0, 0, 0.17%, 6, 0, 9, 137.31
1735336442, 72, 13, 39, 0, 0, 0.17%, 6, 0, 9, 139.31
1735336448, 72, 17, 39, 0, 0, 0.17%, 6, 0, 9, 142.32
1735336453, 72, 20, 39, 0, 0, 0.17%, 6, 0, 9, 138.58
1735336458, 73, 3, 39, 0, 0, 0.17%, 6, 0, 9, 133.67
1735336463, 73, 13, 39, 0, 0, 0.17%, 6, 0, 9, 138.03
1735336468, 73, 17, 39, 0, 0, 0.17%, 6, 0, 9, 143.97
1735336473, 73, 20, 39, 0, 0, 0.17%, 6, 0, 9, 144.01
1735336478, 73, 22, 39, 0, 0, 0.17%, 6, 0, 9, 146.55
1735336484, 74, 10, 39, 0, 0, 0.17%, 6, 0, 9, 133.15
1735336489, 74, 13, 39, 0, 0, 0.17%, 6, 0, 9, 139.15
1735336494, 74, 15, 39, 0, 0, 0.17%, 6, 0, 9, 149.88
1735336499, 74, 20, 39, 0, 0, 0.17%, 6, 0, 9, 145.64
1735336504, 74, 27, 39, 0, 0, 0.17%, 6, 0, 9, 138.91
1735336515, 74, 38, 39, 0, 0, 0.17%, 6, 0, 9, 151.83
1735336525, 75, 13, 39, 0, 0, 0.17%, 6, 0, 9, 134.79
1735336530, 75, 17, 39, 0, 0, 0.17%, 6, 0, 9, 139.91
1735336535, 75, 20, 39, 0, 0, 0.17%, 6, 0, 9, 133.58
1735336545, 76, 10, 39, 0, 0, 0.17%, 6, 0, 9, 142.65
1735336550, 76, 13, 39, 0, 0, 0.17%, 6, 0, 9, 141.21
1735336556, 76, 17, 39, 0, 0, 0.17%, 6, 0, 9, 141.60
1735336561, 76, 20, 39, 0, 0, 0.17%, 6, 0, 9, 138.38
1735336566, 77, 13, 39, 0, 0, 0.17%, 6, 0, 9, 142.20
1735336571, 77, 17, 39, 0, 0, 0.17%, 6, 0, 9, 136.40
1735336576, 77, 20, 39, 0, 0, 0.17%, 6, 0, 9, 139.54
1735336581, 77, 23, 39, 0, 0, 0.17%, 6, 0, 9, 131.59
1735336587, 78, 13, 39, 0, 0, 0.17%, 6, 0, 9, 133.53
1735336592, 78, 17, 39, 0, 0, 0.17%, 6, 0, 9, 136.16
1735336597, 78, 20, 39, 0, 0, 0.17%, 6, 0, 9, 141.44
1735336607, 78, 23, 39, 0, 0, 0.17%, 6, 0, 9, 138.38
1735336613, 78, 25, 39, 0, 0, 0.17%, 6, 0, 9, 146.27
1735336618, 78, 26, 39, 0, 0, 0.17%, 6, 0, 9, 146.85
1735336623, 78, 27, 39, 0, 0, 0.17%, 6, 0, 9, 150.07
1735336628, 79, 7, 39, 0, 0, 0.17%, 6, 0, 9, 143.55
1735336633, 79, 13, 39, 0, 0, 0.17%, 6, 0, 9, 133.63
1735336638, 79, 17, 39, 0, 0, 0.17%, 6, 0, 9, 141.32
1735336643, 79, 20, 39, 0, 0, 0.17%, 6, 0, 9, 138.74
1735336648, 79, 31, 39, 0, 0, 0.17%, 6, 0, 9, 148.03
1735336659, 80, 10, 39, 0, 0, 0.17%, 6, 0, 9, 145.65
1735336664, 80, 13, 39, 0, 0, 0.17%, 6, 0, 9, 141.43
1735336669, 80, 17, 39, 0, 0, 0.17%, 6, 0, 9, 134.58
1735336674, 80, 20, 39, 0, 0, 0.17%, 6, 0, 9, 135.59
1735336680, 81, 10, 39, 0, 0, 0.17%, 6, 0, 9, 136.05
1735336685, 81, 13, 39, 0, 0, 0.17%, 6, 0, 9, 135.71
1735336690, 81, 17, 39, 0, 0, 0.17%, 6, 0, 9, 139.76
1735336695, 81, 20, 39, 0, 0, 0.17%, 6, 0, 9, 133.63
1735336700, 82, 13, 39, 0, 0, 0.17%, 6, 0, 9, 136.55
1735336705, 82, 17, 39, 0, 0, 0.17%, 6, 0, 9, 133.79
1735336710, 82, 20, 39, 0, 0, 0.17%, 6, 0, 9, 139.65
1735336721, 83, 10, 39, 0, 0, 0.17%, 6, 0, 9, 138.46
1735336726, 83, 13, 39, 0, 0, 0.17%, 6, 0, 9, 140.90
1735336731, 83, 17, 39, 0, 0, 0.17%, 6, 0, 9, 132.99
1735336736, 83, 18, 39, 0, 0, 0.17%, 6, 0, 9, 143.13
1735336741, 83, 20, 39, 0, 0, 0.17%, 6, 0, 9, 142.47
1735336746, 83, 23, 39, 0, 0, 0.17%, 6, 0, 9, 141.63
1735336752, 84, 13, 39, 0, 0, 0.17%, 6, 0, 9, 136.76
1735336757, 84, 17, 39, 0, 0, 0.17%, 6, 0, 9, 134.74
1735336762, 84, 20, 39, 0, 0, 0.17%, 6, 0, 9, 138.03
1735336767, 85, 2, 39, 0, 0, 0.17%, 6, 0, 9, 134.36
1735336772, 85, 13, 39, 0, 0, 0.17%, 6, 0, 9, 137.90
1735336777, 85, 17, 39, 0, 0, 0.17%, 6, 0, 9, 134.99
1735336782, 85, 19, 39, 0, 0, 0.17%, 6, 0, 9, 137.00
1735336787, 85, 20, 39, 0, 0, 0.17%, 6, 0, 9, 133.24
1735336792, 85, 38, 39, 0, 0, 0.17%, 6, 0, 9, 160.15
1735336803, 86, 10, 39, 0, 0, 0.17%, 6, 0, 9, 136.60
1735336808, 86, 13, 39, 0, 0, 0.17%, 6, 0, 9, 142.97
1735336813, 86, 17, 39, 0, 0, 0.17%, 6, 0, 9, 139.88
1735336818, 86, 18, 39, 0, 0, 0.17%, 6, 0, 9, 133.70
1735336824, 86, 20, 39, 0, 0, 0.17%, 6, 0, 9, 140.13
1735336829, 87, 10, 39, 0, 0, 0.17%, 6, 0, 9, 134.47
1735336834, 87, 13, 39, 0, 0, 0.17%, 6, 0, 9, 134.89
1735336839, 87, 17, 39, 0, 0, 0.17%, 6, 0, 9, 129.69
1735336844, 87, 18, 39, 0, 0, 0.17%, 6, 0, 9, 134.68
1735336849, 87, 20, 39, 0, 0, 0.17%, 6, 0, 9, 142.71
1735336854, 87, 31, 39, 0, 0, 0.17%, 6, 0, 9, 132.72
1735336859, 88, 13, 39, 0, 0, 0.17%, 6, 0, 9, 137.93
1735336865, 88, 14, 39, 0, 0, 0.17%, 6, 0, 9, 131.06
1735336870, 88, 17, 39, 0, 0, 0.17%, 6, 0, 9, 135.07
1735336875, 88, 20, 39, 0, 0, 0.17%, 6, 0, 9, 134.69
1735336880, 88, 30, 39, 0, 0, 0.17%, 6, 0, 9, 148.46
1735336885, 89, 10, 39, 0, 0, 0.17%, 6, 0, 9, 136.23
1735336890, 89, 13, 39, 0, 0, 0.17%, 6, 0, 9, 143.41
1735336895, 89, 17, 39, 0, 0, 0.17%, 6, 0, 9, 134.85
1735336900, 89, 20, 39, 0, 0, 0.17%, 6, 0, 9, 137.27
1735336906, 90, 7, 39, 0, 0, 0.17%, 6, 0, 9, 137.21
1735336911, 90, 13, 39, 0, 0, 0.17%, 6, 0, 9, 138.24
1735336916, 90, 17, 39, 0, 0, 0.17%, 6, 0, 9, 131.92
1735336921, 90, 20, 39, 0, 0, 0.17%, 6, 0, 9, 139.17
1735336926, 90, 26, 39, 0, 0, 0.17%, 6, 0, 9, 137.54
1735336936, 91, 13, 39, 0, 0, 0.17%, 6, 0, 9, 140.19
1735336942, 91, 14, 39, 0, 0, 0.17%, 6, 0, 9, 134.18
1735336947, 91, 17, 39, 0, 0, 0.17%, 6, 0, 9, 134.59
1735336952, 91, 20, 39, 0, 0, 0.17%, 6, 0, 9, 135.44
1735336957, 91, 33, 39, 0, 0, 0.17%, 6, 0, 9, 133.25
1735336967, 92, 13, 39, 0, 0, 0.17%, 6, 0, 9, 141.00
1735336972, 92, 17, 39, 0, 0, 0.17%, 6, 0, 9, 137.67
1735336978, 92, 18, 39, 0, 0, 0.17%, 6, 0, 9, 141.73
1735336983, 92, 20, 39, 0, 0, 0.17%, 6, 0, 9, 142.55
1735336988, 92, 30, 39, 0, 0, 0.17%, 6, 0, 9, 155.70
1735336993, 93, 10, 39, 0, 0, 0.17%, 6, 0, 9, 140.68
1735336998, 93, 13, 39, 0, 0, 0.17%, 6, 0, 9, 141.43
1735337003, 93, 17, 39, 0, 0, 0.17%, 6, 0, 9, 143.11
1735337008, 93, 20, 39, 0, 0, 0.17%, 6, 0, 9, 143.83
1735337014, 93, 24, 39, 0, 0, 0.17%, 6, 0, 9, 142.61
1735337019, 93, 32, 39, 0, 0, 0.17%, 6, 0, 9, 147.65
1735337024, 94, 1, 39, 0, 0, 0.17%, 6, 0, 9, 146.31
1735337029, 94, 13, 39, 0, 0, 0.17%, 6, 0, 9, 137.38
1735337034, 94, 17, 39, 0, 0, 0.17%, 6, 0, 9, 131.67
1735337039, 94, 20, 39, 0, 0, 0.17%, 6, 0, 9, 140.06
1735337044, 94, 22, 39, 0, 0, 0.17%, 6, 0, 9, 146.63
1735337049, 94, 24, 39, 0, 0, 0.17%, 6, 0, 9, 141.88
1735337055, 95, 10, 39, 0, 0, 0.17%, 6, 0, 9, 139.59
1735337060, 95, 13, 39, 0, 0, 0.17%, 6, 0, 9, 138.23
1735337065, 95, 17, 39, 0, 0, 0.17%, 6, 0, 9, 142.65
1735337070, 96, 10, 39, 0, 0, 0.17%, 6, 0, 9, 144.54
1735337075, 96, 13, 39, 0, 0, 0.17%, 6, 0, 9, 137.10
1735337080, 96, 17, 39, 0, 0, 0.17%, 6, 0, 9, 146.65
1735337085, 96, 19, 39, 0, 0, 0.17%, 6, 0, 9, 145.67
1735337091, 96, 20, 39, 0, 0, 0.17%, 6, 0, 9, 142.91
1735337096, 97, 10, 39, 0, 0, 0.17%, 6, 0, 9, 128.77
1735337101, 97, 17, 39, 0, 0, 0.17%, 6, 0, 9, 137.21
1735337106, 97, 20, 39, 0, 0, 0.17%, 6, 0, 9, 132.10
1735337111, 97, 23, 39, 0, 0, 0.17%, 6, 0, 9, 144.53
1735337117, 97, 29, 39, 0, 0, 0.17%, 6, 0, 9, 140.27
1735337127, 98, 13, 39, 0, 0, 0.17%, 6, 0, 9, 136.11
1735337132, 98, 17, 39, 0, 0, 0.17%, 6, 0, 9, 141.02
1735337137, 98, 20, 39, 0, 0, 0.17%, 6, 0, 9, 142.75
1735337142, 98, 24, 39, 0, 0, 0.17%, 6, 0, 9, 136.03
1735337147, 99, 13, 39, 0, 0, 0.17%, 6, 0, 9, 137.18
1735337153, 99, 15, 39, 0, 0, 0.17%, 6, 0, 9, 127.61
1735337163, 99, 17, 39, 0, 0, 0.17%, 6, 0, 9, 136.52
1735337168, 99, 20, 39, 0, 0, 0.17%, 6, 0, 9, 136.30
1735337173, 100, 10, 39, 0, 0, 0.17%, 6, 0, 9, 137.68
1735337178, 100, 13, 39, 0, 0, 0.17%, 6, 0, 9, 136.26
1735337183, 100, 17, 39, 0, 0, 0.17%, 6, 0, 9, 140.37
1735337189, 100, 20, 39, 0, 0, 0.17%, 6, 0, 9, 143.06
1735337194, 100, 29, 39, 0, 0, 0.17%, 6, 0, 9, 135.53
1735337199, 101, 13, 39, 0, 0, 0.17%, 6, 0, 9, 138.87
1735337204, 101, 17, 39, 0, 0, 0.17%, 6, 0, 9, 139.00
1735337209, 101, 20, 39, 0, 0, 0.17%, 6, 0, 9, 140.97
1735337214, 101, 21, 39, 0, 0, 0.17%, 6, 0, 9, 139.84
1735337220, 101, 26, 39, 0, 0, 0.17%, 6, 0, 9, 136.90
1735337230, 102, 10, 39, 0, 0, 0.17%, 6, 0, 9, 133.95
1735337235, 102, 13, 39, 0, 0, 0.17%, 6, 0, 9, 138.23
1735337240, 102, 17, 39, 0, 0, 0.17%, 6, 0, 9, 138.70
1735337245, 102, 20, 39, 0, 0, 0.17%, 6, 0, 9, 143.55
1735337251, 102, 28, 39, 0, 0, 0.17%, 6, 0, 9, 152.06
1735337256, 102, 35, 39, 0, 0, 0.17%, 6, 0, 9, 148.95
1735337266, 103, 10, 39, 0, 0, 0.17%, 6, 0, 9, 141.53
1735337271, 103, 12, 39, 0, 0, 0.17%, 6, 0, 9, 140.53
1735337276, 103, 13, 39, 0, 0, 0.17%, 6, 0, 9, 137.11
1735337281, 103, 17, 39, 0, 0, 0.17%, 6, 0, 9, 136.46
1735337286, 103, 20, 39, 0, 0, 0.17%, 6, 0, 9, 132.53
1735337291, 103, 22, 39, 0, 0, 0.17%, 6, 0, 9, 138.38
1735337297, 103, 32, 39, 0, 0, 0.17%, 6, 0, 9, 149.17
1735337302, 104, 0, 39, 0, 0, 0.17%, 6, 0, 9, 145.35
1735337307, 104, 13, 39, 0, 0, 0.17%, 6, 0, 9, 140.91
1735337312, 104, 17, 39, 0, 0, 0.17%, 6, 0, 9, 136.76
1735337317, 104, 20, 39, 0, 0, 0.17%, 6, 0, 9, 135.09
1735337322, 105, 10, 39, 0, 0, 0.17%, 6, 0, 9, 131.00
1735337327, 105, 17, 39, 0, 0, 0.17%, 6, 0, 9, 133.55
1735337337, 105, 20, 39, 0, 0, 0.17%, 6, 0, 9, 137.99
1735337342, 106, 13, 39, 0, 0, 0.17%, 6, 0, 9, 137.67
1735337348, 106, 17, 39, 0, 0, 0.17%, 6, 0, 9, 140.47
1735337353, 106, 20, 39, 0, 0, 0.17%, 6, 0, 9, 136.90
1735337358, 107, 13, 39, 0, 0, 0.17%, 6, 0, 9, 134.94
1735337363, 107, 17, 39, 0, 0, 0.17%, 6, 0, 9, 139.34
1735337368, 107, 20, 39, 0, 0, 0.17%, 6, 0, 9, 139.83
1735337373, 107, 27, 39, 0, 0, 0.17%, 6, 0, 9, 141.32
1735337384, 107, 30, 39, 0, 0, 0.17%, 6, 0, 9, 148.47
1735337389, 108, 10, 39, 0, 0, 0.17%, 6, 0, 9, 138.00
1735337394, 108, 13, 39, 0, 0, 0.17%, 6, 0, 9, 136.02
1735337399, 108, 15, 39, 0, 0, 0.17%, 6, 0, 9, 136.33
1735337404, 108, 17, 39, 0, 0, 0.17%, 6, 0, 9, 142.58
1735337409, 108, 20, 39, 0, 0, 0.17%, 6, 0, 9, 135.54
1735337415, 109, 10, 39, 0, 0, 0.17%, 6, 0, 9, 136.32
1735337420, 109, 13, 39, 0, 0, 0.17%, 6, 0, 9, 136.23
1735337425, 109, 17, 39, 0, 0, 0.17%, 6, 0, 9, 133.24
1735337430, 109, 20, 39, 0, 0, 0.17%, 6, 0, 9, 132.12
1735337435, 110, 13, 39, 0, 0, 0.17%, 6, 0, 9, 135.51
1735337440, 110, 14, 39, 0, 0, 0.17%, 6, 0, 9, 131.20
1735337445, 110, 17, 39, 0, 0, 0.17%, 6, 0, 9, 139.41
1735337450, 110, 18, 39, 0, 0, 0.17%, 6, 0, 9, 137.00
1735337461, 110, 20, 39, 0, 0, 0.17%, 6, 0, 9, 134.97
1735337466, 110, 31, 39, 0, 0, 0.17%, 6, 0, 9, 140.66
1735337471, 111, 13, 39, 0, 0, 0.17%, 6, 0, 9, 133.46
1735337481, 111, 16, 39, 0, 0, 0.17%, 6, 0, 9, 132.79
1735337486, 111, 17, 39, 0, 0, 0.17%, 6, 0, 9, 137.43
1735337491, 111, 20, 39, 0, 0, 0.17%, 6, 0, 9, 140.32
1735337497, 111, 38, 39, 0, 0, 0.17%, 6, 0, 9, 150.39
1735337507, 112, 13, 39, 0, 0, 0.17%, 6, 0, 9, 137.67
1735337512, 112, 17, 39, 0, 0, 0.17%, 6, 0, 9, 138.02
1735337517, 112, 18, 39, 0, 0, 0.17%, 6, 0, 9, 133.37
1735337522, 112, 20, 39, 0, 0, 0.17%, 6, 0, 9, 130.76
1735337527, 112, 29, 39, 0, 0, 0.17%, 6, 0, 9, 134.74
1735337533, 112, 34, 39, 0, 0, 0.17%, 6, 0, 9, 146.25
1735337553, 113, 2, 39, 0, 0, 0.17%, 6, 0, 9, 146.07
1735337558, 113, 13, 39, 0, 0, 0.17%, 6, 0, 9, 137.35
1735337563, 113, 14, 39, 0, 0, 0.17%, 6, 0, 9, 142.04
1735337568, 113, 17, 39, 0, 0, 0.17%, 6, 0, 9, 139.78
1735337574, 113, 18, 39, 0, 0, 0.17%, 6, 0, 9, 143.41
1735337579, 113, 20, 39, 0, 0, 0.17%, 6, 0, 9, 139.22
1735337584, 114, 13, 39, 0, 0, 0.17%, 6, 0, 9, 139.46
1735337589, 114, 17, 39, 0, 0, 0.17%, 6, 0, 9, 138.90
1735337594, 114, 20, 39, 0, 0, 0.17%, 6, 0, 9, 145.16
1735337600, 115, 10, 39, 0, 0, 0.17%, 6, 0, 9, 136.68
1735337605, 115, 13, 39, 0, 0, 0.17%, 6, 0, 9, 138.71
1735337610, 115, 17, 39, 0, 0, 0.17%, 6, 0, 9, 129.91
1735337615, 115, 20, 39, 0, 0, 0.17%, 6, 0, 9, 133.87
1735337620, 115, 23, 39, 0, 0, 0.17%, 6, 0, 9, 145.65
1735337625, 116, 13, 39, 0, 0, 0.17%, 6, 0, 9, 139.42
1735337631, 116, 15, 39, 0, 0, 0.17%, 6, 0, 9, 140.21
1735337636, 116, 17, 39, 0, 0, 0.17%, 6, 0, 9, 142.08
1735337641, 116, 20, 39, 0, 0, 0.17%, 6, 0, 9, 142.03
1735337646, 116, 28, 39, 0, 0, 0.17%, 6, 0, 9, 145.43
1735337651, 116, 29, 39, 0, 0, 0.17%, 6, 0, 9, 140.30
1735337656, 116, 32, 39, 0, 0, 0.17%, 6, 0, 9, 152.60
1735337661, 117, 3, 39, 0, 0, 0.17%, 6, 0, 9, 142.52
1735337667, 117, 13, 39, 0, 0, 0.17%, 6, 0, 9, 139.88
1735337672, 117, 17, 39, 0, 0, 0.17%, 6, 0, 9, 138.63
1735337677, 117, 20, 39, 0, 0, 0.17%, 6, 0, 9, 134.86
1735337682, 118, 6, 39, 0, 0, 0.17%, 6, 0, 9, 140.02
1735337687, 118, 13, 39, 0, 0, 0.17%, 6, 0, 9, 136.71
1735337692, 118, 17, 39, 0, 0, 0.17%, 6, 0, 9, 137.74
1735337697, 118, 20, 39, 0, 0, 0.17%, 6, 0, 9, 141.05
1735337703, 118, 36, 39, 0, 0, 0.17%, 6, 0, 9, 146.27
1735337728, 118, 38, 39, 0, 0, 0.17%, 6, 0, 9, 155.94
1735337739, 119, 13, 39, 0, 0, 0.17%, 6, 0, 9, 135.70
1735337744, 119, 17, 39, 0, 0, 0.17%, 6, 0, 9, 137.12
1735337749, 119, 20, 39, 0, 0, 0.17%, 6, 0, 9, 140.31
1735337754, 120, 2, 39, 0, 0, 0.17%, 6, 0, 9, 139.52
1735337759, 120, 13, 39, 0, 0, 0.17%, 6, 0, 9, 139.76
1735337764, 120, 17, 39, 0, 0, 0.17%, 6, 0, 9, 150.57
1735337769, 120, 20, 39, 0, 0, 0.17%, 6, 0, 9, 138.71
1735337774, 120, 26, 39, 0, 0, 0.17%, 6, 0, 9, 145.72
1735337784, 120, 34, 39, 0, 0, 0.17%, 6, 0, 9, 151.39
1735337795, 121, 10, 39, 0, 0, 0.17%, 6, 0, 9, 142.95
1735337800, 121, 12, 39, 0, 0, 0.17%, 6, 0, 9, 136.32
1735337805, 121, 13, 39, 0, 0, 0.17%, 6, 0, 9, 138.67
1735337810, 121, 17, 39, 0, 0, 0.17%, 6, 0, 9, 147.00
1735337816, 121, 20, 39, 0, 0, 0.17%, 6, 0, 9, 137.26
1735337821, 121, 32, 39, 0, 0, 0.17%, 6, 0, 9, 150.12
1735337826, 122, 10, 39, 0, 0, 0.17%, 6, 0, 9, 142.22
1735337831, 122, 13, 39, 0, 0, 0.17%, 6, 0, 9, 146.41
1735337836, 122, 17, 39, 0, 0, 0.17%, 6, 0, 9, 139.03
1735337841, 122, 20, 39, 0, 0, 0.17%, 6, 0, 9, 137.31
1735337846, 123, 13, 39, 0, 0, 0.17%, 6, 0, 9, 134.85
1735337851, 123, 17, 39, 0, 0, 0.17%, 6, 0, 9, 136.69
1735337856, 123, 20, 39, 0, 0, 0.17%, 6, 0, 9, 142.87
1735337862, 123, 37, 39, 0, 0, 0.17%, 6, 0, 9, 157.74
1735337892, 124, 13, 39, 0, 0, 0.17%, 6, 0, 9, 135.63
1735337897, 124, 17, 39, 0, 0, 0.17%, 6, 0, 9, 138.37
1735337902, 124, 20, 39, 0, 0, 0.17%, 6, 0, 9, 140.28
1735337908, 124, 25, 39, 0, 0, 0.17%, 6, 0, 9, 140.68
1735337913, 125, 0, 39, 0, 0, 0.17%, 6, 0, 9, 137.48
1735337918, 125, 13, 39, 0, 0, 0.17%, 6, 0, 9, 140.53
1735337923, 125, 17, 39, 0, 0, 0.17%, 6, 0, 9, 136.40
1735337928, 125, 20, 39, 0, 0, 0.17%, 6, 0, 9, 141.46
1735337934, 125, 25, 39, 0, 0, 0.17%, 6, 0, 9, 143.81
1735337939, 126, 10, 39, 0, 0, 0.17%, 6, 0, 9, 133.74
1735337944, 126, 13, 39, 0, 0, 0.17%, 6, 0, 9, 139.17
1735337949, 126, 17, 39, 0, 0, 0.17%, 6, 0, 9, 143.53
1735337954, 126, 20, 39, 0, 0, 0.17%, 6, 0, 9, 143.56
1735337959, 127, 13, 39, 0, 0, 0.17%, 6, 0, 9, 137.16
1735337964, 127, 17, 39, 0, 0, 0.17%, 6, 0, 9, 136.39
1735337970, 127, 20, 39, 0, 0, 0.17%, 6, 0, 9, 134.85
1735337975, 128, 10, 39, 0, 0, 0.17%, 6, 0, 9, 139.34
1735337980, 128, 13, 39, 0, 0, 0.17%, 6, 0, 9, 138.76
1735337985, 128, 17, 39, 0, 0, 0.17%, 6, 0, 9, 139.70
1735337990, 128, 20, 39, 0, 0, 0.17%, 6, 0, 9, 137.89
1735337995, 129, 13, 39, 0, 0, 0.17%, 6, 0, 9, 139.76
1735338000, 129, 17, 39, 0, 0, 0.17%, 6, 0, 9, 139.86
1735338006, 129, 20, 39, 0, 0, 0.17%, 6, 0, 9, 138.86
1735338011, 130, 10, 39, 0, 0, 0.17%, 6, 0, 9, 139.31
1735338016, 130, 17, 39, 0, 0, 0.17%, 6, 0, 9, 144.67
1735338026, 130, 20, 39, 0, 0, 0.17%, 6, 0, 9, 140.51
1735338032, 131, 13, 39, 0, 0, 0.17%, 6, 0, 9, 134.56
1735338037, 131, 17, 39, 0, 0, 0.17%, 6, 0, 9, 134.87
1735338042, 131, 20, 39, 0, 0, 0.17%, 6, 0, 9, 136.01
1735338047, 132, 2, 39, 0, 0, 0.17%, 6, 0, 9, 131.48
1735338052, 132, 13, 39, 0, 0, 0.17%, 6, 0, 9, 139.79
1735338057, 132, 17, 39, 0, 0, 0.17%, 6, 0, 9, 138.66
1735338062, 132, 20, 39, 0, 0, 0.17%, 6, 0, 9, 136.30
1735338067, 132, 26, 39, 0, 0, 0.17%, 6, 0, 9, 146.23
1735338073, 133, 10, 39, 0, 0, 0.17%, 6, 0, 9, 145.35
1735338078, 133, 13, 39, 0, 0, 0.17%, 6, 0, 9, 137.64
1735338083, 133, 17, 39, 0, 0, 0.17%, 6, 0, 9, 140.71
1735338088, 133, 20, 39, 0, 0, 0.17%, 6, 0, 9, 141.25
1735338093, 133, 22, 39, 0, 0, 0.17%, 6, 0, 9, 141.16
1735338098, 134, 13, 39, 0, 0, 0.17%, 6, 0, 9, 140.53
1735338103, 134, 17, 39, 0, 0, 0.17%, 6, 0, 9, 136.72
1735338109, 134, 20, 39, 0, 0, 0.17%, 6, 0, 9, 146.85
1735338114, 134, 28, 39, 0, 0, 0.17%, 6, 0, 9, 149.39
1735338119, 134, 33, 39, 0, 0, 0.17%, 6, 0, 9, 141.38
1735338129, 135, 13, 39, 0, 0, 0.17%, 6, 0, 9, 136.13
1735338135, 135, 17, 39, 0, 0, 0.17%, 6, 0, 9, 140.55
1735338140, 135, 20, 39, 0, 0, 0.17%, 6, 0, 9, 141.24
1735338145, 135, 34, 39, 0, 0, 0.17%, 6, 0, 9, 150.05
1735338160, 136, 13, 39, 0, 0, 0.17%, 6, 0, 9, 138.88
1735338165, 136, 14, 39, 0, 0, 0.17%, 6, 0, 9, 134.82
1735338171, 136, 17, 39, 0, 0, 0.17%, 6, 0, 9, 138.57
1735338176, 136, 20, 39, 0, 0, 0.17%, 6, 0, 9, 136.96
1735338181, 136, 24, 39, 0, 0, 0.17%, 6, 0, 9, 136.91
1735338186, 136, 25, 39, 0, 0, 0.17%, 6, 0, 9, 150.12
1735338191, 137, 13, 39, 0, 0, 0.17%, 6, 0, 9, 140.93
1735338196, 137, 17, 39, 0, 0, 0.17%, 6, 0, 9, 135.81
1735338201, 137, 20, 39, 0, 0, 0.17%, 6, 0, 9, 133.79
1735338207, 137, 37, 39, 0, 0, 0.17%, 6, 0, 9, 146.90
1735338222, 138, 4, 39, 0, 0, 0.17%, 6, 0, 9, 135.17
1735338227, 138, 13, 39, 0, 0, 0.17%, 6, 0, 9, 134.20
1735338232, 138, 17, 39, 0, 0, 0.17%, 6, 0, 9, 136.66
1735338237, 138, 20, 39, 0, 0, 0.17%, 6, 0, 9, 132.63
1735338242, 138, 38, 39, 0, 0, 0.17%, 6, 0, 9, 148.93
1735338253, 139, 10, 39, 0, 0, 0.17%, 6, 0, 9, 146.05
1735338258, 139, 17, 39, 0, 0, 0.17%, 6, 0, 9, 146.88
1735338263, 139, 20, 39, 0, 0, 0.17%, 6, 0, 9, 137.33
1735338268, 140, 10, 39, 0, 0, 0.17%, 6, 0, 9, 142.16
1735338273, 140, 13, 39, 0, 0, 0.17%, 6, 0, 9, 140.95
1735338278, 140, 17, 39, 0, 0, 0.17%, 6, 0, 9, 144.88
1735338283, 140, 20, 39, 0, 0, 0.17%, 6, 0, 9, 142.61
1735338288, 140, 25, 39, 0, 0, 0.17%, 6, 0, 9, 149.18
1735338293, 140, 27, 39, 0, 0, 0.17%, 6, 0, 9, 151.29
1735338298, 141, 10, 39, 0, 0, 0.17%, 6, 0, 9, 135.88
1735338304, 141, 13, 39, 0, 0, 0.17%, 6, 0, 9, 133.20
1735338309, 141, 17, 39, 0, 0, 0.17%, 6, 0, 9, 136.12
1735338314, 141, 20, 39, 0, 0, 0.17%, 6, 0, 9, 142.21
1735338319, 141, 22, 39, 0, 0, 0.17%, 6, 0, 9, 140.54
1735338324, 142, 10, 39, 0, 0, 0.17%, 6, 0, 9, 134.52
1735338329, 142, 13, 39, 0, 0, 0.17%, 6, 0, 9, 136.07
1735338334, 142, 17, 39, 0, 0, 0.17%, 6, 0, 9, 135.39
1735338339, 142, 20, 39, 0, 0, 0.17%, 6, 0, 9, 146.75
1735338344, 143, 13, 39, 0, 0, 0.17%, 6, 0, 9, 143.74
1735338349, 143, 16, 39, 0, 0, 0.17%, 6, 0, 9, 146.70
1735338355, 143, 17, 39, 0, 0, 0.17%, 6, 0, 9, 141.43
1735338360, 143, 20, 39, 0, 0, 0.17%, 6, 0, 9, 135.65
1735338365, 143, 33, 39, 0, 0, 0.17%, 6, 0, 9, 136.52
1735338375, 144, 13, 39, 0, 0, 0.17%, 6, 0, 9, 138.38
1735338380, 144, 17, 39, 0, 0, 0.17%, 6, 0, 9, 129.89
1735338386, 144, 20, 39, 0, 0, 0.17%, 6, 0, 9, 130.77
1735338391, 145, 7, 39, 0, 0, 0.17%, 6, 0, 9, 140.82
1735338396, 145, 13, 39, 0, 0, 0.17%, 6, 0, 9, 139.13
1735338401, 145, 17, 39, 0, 0, 0.17%, 6, 0, 9, 146.00
1735338406, 145, 20, 39, 0, 0, 0.17%, 6, 0, 9, 133.22
1735338411, 145, 21, 39, 0, 0, 0.17%, 6, 0, 9, 132.84
1735338416, 146, 10, 39, 0, 0, 0.17%, 6, 0, 9, 130.18
1735338421, 146, 13, 39, 0, 0, 0.17%, 6, 0, 9, 133.66
1735338426, 146, 17, 39, 0, 0, 0.17%, 6, 0, 9, 134.74
1735338431, 146, 20, 39, 0, 0, 0.17%, 6, 0, 9, 143.45
1735338437, 147, 13, 39, 0, 0, 0.17%, 6, 0, 9, 140.01
1735338442, 147, 17, 39, 0, 0, 0.17%, 6, 0, 9, 143.42
1735338447, 147, 20, 39, 0, 0, 0.17%, 6, 0, 9, 138.99
1735338452, 147, 25, 39, 0, 0, 0.17%, 6, 0, 9, 145.89
1735338457, 147, 36, 39, 0, 0, 0.17%, 6, 0, 9, 151.54
1735338482, 148, 13, 39, 0, 0, 0.17%, 6, 0, 9, 137.79
1735338487, 148, 17, 39, 0, 0, 0.17%, 6, 0, 9, 136.77
1735338493, 148, 20, 39, 0, 0, 0.17%, 6, 0, 9, 128.13
1735338498, 149, 3, 39, 0, 0, 0.17%, 6, 0, 9, 129.16
1735338503, 149, 13, 39, 0, 0, 0.17%, 6, 0, 9, 136.24
1735338508, 149, 17, 39, 0, 0, 0.17%, 6, 0, 9, 142.95
1735338513, 149, 20, 39, 0, 0, 0.17%, 6, 0, 9, 137.93
1735338518, 149, 29, 39, 0, 0, 0.17%, 6, 0, 9, 139.47
1735338523, 149, 37, 39, 0, 0, 0.17%, 6, 0, 9, 152.37
1735338534, 150, 13, 39, 0, 0, 0.17%, 6, 0, 9, 143.36
1735338539, 150, 17, 39, 0, 0, 0.17%, 6, 0, 9, 139.69
1735338544, 150, 20, 39, 0, 0, 0.17%, 6, 0, 9, 136.62
1735338549, 150, 30, 39, 0, 0, 0.17%, 6, 0, 9, 139.29
1735338554, 150, 35, 39, 0, 0, 0.17%, 6, 0, 9, 165.69
1735338564, 151, 13, 39, 0, 0, 0.17%, 6, 0, 9, 142.36
1735338570, 151, 17, 39, 0, 0, 0.17%, 6, 0, 9, 137.81
1735338575, 151, 20, 39, 0, 0, 0.17%, 6, 0, 9, 144.14
1735338580, 151, 23, 39, 0, 0, 0.17%, 6, 0, 9, 142.21
1735338585, 151, 31, 39, 0, 0, 0.17%, 6, 0, 9, 142.64
1735338590, 151, 32, 39, 0, 0, 0.17%, 6, 0, 9, 148.59
1735338600, 151, 35, 39, 0, 0, 0.17%, 6, 0, 9, 164.58
1735338611, 152, 10, 39, 0, 0, 0.17%, 6, 0, 9, 136.43
1735338616, 152, 13, 39, 0, 0, 0.17%, 6, 0, 9, 136.96
1735338621, 152, 15, 39, 0, 0, 0.17%, 6, 0, 9, 137.10
1735338626, 152, 16, 39, 0, 0, 0.17%, 6, 0, 9, 144.79
1735338631, 152, 17, 39, 0, 0, 0.17%, 6, 0, 9, 138.26
1735338636, 152, 20, 39, 0, 0, 0.17%, 6, 0, 9, 148.27
1735338641, 152, 34, 39, 0, 0, 0.17%, 6, 0, 9, 145.62
1735338652, 153, 13, 39, 0, 0, 0.17%, 6, 0, 9, 135.39
1735338657, 153, 17, 39, 0, 0, 0.17%, 6, 0, 9, 136.44
1735338662, 153, 20, 39, 0, 0, 0.17%, 6, 0, 9, 138.84
1735338667, 153, 27, 40, 1, 0, 0.17%, 7, 0, 9, 143.41
1735338677, 154, 10, 40, 1, 0, 0.17%, 7, 0, 9, 139.89
1735338682, 154, 13, 40, 1, 0, 0.17%, 7, 0, 9, 131.26
1735338687, 154, 17, 40, 1, 0, 0.17%, 7, 0, 9, 133.80
1735338692, 154, 20, 40, 1, 0, 0.17%, 7, 0, 9, 140.49
1735338697, 154, 34, 40, 1, 0, 0.17%, 7, 0, 9, 154.97
1735338708, 155, 13, 40, 1, 0, 0.17%, 7, 0, 9, 133.48
1735338713, 155, 17, 40, 1, 0, 0.17%, 7, 0, 9, 131.37
1735338718, 155, 20, 40, 1, 0, 0.17%, 7, 0, 9, 133.28
1735338723, 156, 10, 40, 1, 0, 0.17%, 7, 0, 9, 136.82
1735338728, 156, 13, 40, 1, 0, 0.17%, 7, 0, 9, 134.90
1735338734, 156, 17, 40, 1, 0, 0.17%, 7, 0, 9, 142.51
1735338739, 156, 20, 40, 1, 0, 0.17%, 7, 0, 9, 133.31
1735338744, 157, 7, 40, 1, 0, 0.17%, 7, 0, 9, 136.78
1735338749, 157, 13, 40, 1, 0, 0.17%, 7, 0, 9, 130.90
1735338754, 157, 17, 40, 1, 0, 0.17%, 7, 0, 9, 137.20
1735338759, 157, 20, 40, 1, 0, 0.17%, 7, 0, 9, 141.59
1735338764, 157, 23, 40, 1, 0, 0.17%, 7, 0, 9, 139.62
1735338769, 158, 10, 40, 1, 0, 0.17%, 7, 0, 9, 138.90
1735338774, 158, 13, 40, 1, 0, 0.17%, 7, 0, 9, 138.39
1735338779, 158, 17, 40, 1, 0, 0.17%, 7, 0, 9, 135.84
1735338784, 158, 20, 40, 1, 0, 0.17%, 7, 0, 9, 139.18
1735338790, 158, 31, 40, 1, 0, 0.17%, 7, 0, 9, 150.78
1735338795, 159, 10, 40, 1, 0, 0.17%, 7, 0, 9, 136.99
1735338800, 159, 13, 40, 1, 0, 0.17%, 7, 0, 9, 138.96
1735338805, 159, 17, 40, 1, 0, 0.17%, 7, 0, 9, 142.67
1735338810, 159, 20, 40, 1, 0, 0.17%, 7, 0, 9, 146.37
1735338815, 160, 12, 40, 1, 0, 0.17%, 7, 0, 9, 140.70
1735338821, 160, 13, 40, 1, 0, 0.17%, 7, 0, 9, 135.31
1735338826, 160, 17, 40, 1, 0, 0.17%, 7, 0, 9, 136.90
1735338831, 160, 20, 40, 1, 0, 0.17%, 7, 0, 9, 139.12
1735338836, 160, 29, 40, 1, 0, 0.17%, 7, 0, 9, 143.26
1735338841, 161, 13, 40, 1, 0, 0.17%, 7, 0, 9, 136.63
1735338846, 161, 17, 40, 1, 0, 0.17%, 7, 0, 9, 137.80
1735338851, 161, 20, 40, 1, 0, 0.17%, 7, 0, 9, 137.73
1735338857, 161, 25, 40, 1, 0, 0.17%, 7, 0, 9, 142.14
1735338862, 161, 39, 40, 1, 0, 0.17%, 7, 0, 9, 148.21
1735339005, 162, 11, 40, 0, 0, 0.17%, 7, 0, 9, 142.89
1735339010, 162, 13, 40, 0, 0, 0.17%, 7, 0, 9, 147.43
1735339015, 162, 14, 40, 0, 0, 0.17%, 7, 0, 9, 132.85
1735339021, 162, 17, 40, 0, 0, 0.17%, 7, 0, 9, 132.68
1735339026, 162, 18, 40, 0, 0, 0.17%, 7, 0, 9, 133.10
1735339031, 162, 20, 40, 0, 0, 0.17%, 7, 0, 9, 140.10
1735339036, 163, 13, 40, 0, 0, 0.17%, 7, 0, 9, 138.94
1735339041, 163, 17, 40, 0, 0, 0.17%, 7, 0, 9, 136.21
1735339046, 163, 20, 40, 0, 0, 0.17%, 7, 0, 9, 141.52
1735339051, 163, 24, 40, 0, 0, 0.17%, 7, 0, 9, 136.87
1735339057, 163, 30, 40, 0, 0, 0.17%, 7, 0, 9, 146.38
1735339062, 163, 37, 40, 0, 0, 0.17%, 7, 0, 9, 143.89
1735339072, 164, 13, 40, 0, 0, 0.17%, 7, 0, 9, 139.91
1735339077, 164, 17, 40, 0, 0, 0.17%, 7, 0, 9, 139.35
1735339083, 164, 20, 40, 0, 0, 0.17%, 7, 0, 9, 138.18
1735339088, 165, 10, 40, 0, 0, 0.17%, 7, 0, 9, 134.04
1735339093, 165, 13, 40, 0, 0, 0.17%, 7, 0, 9, 140.43
1735339098, 165, 17, 40, 0, 0, 0.17%, 7, 0, 9, 138.05
1735339103, 165, 20, 40, 0, 0, 0.17%, 7, 0, 9, 131.91
1735339108, 166, 10, 40, 0, 0, 0.17%, 7, 0, 9, 136.27
1735339114, 166, 13, 40, 0, 0, 0.17%, 7, 0, 9, 139.60
1735339119, 166, 14, 40, 0, 0, 0.17%, 7, 0, 9, 134.08
1735339124, 166, 15, 40, 0, 0, 0.17%, 7, 0, 9, 141.01
1735339129, 166, 17, 40, 0, 0, 0.17%, 7, 0, 9, 135.86
1735339134, 166, 20, 40, 0, 0, 0.17%, 7, 0, 9, 135.70
1735339139, 166, 24, 40, 0, 0, 0.17%, 7, 0, 9, 142.74
1735339144, 166, 31, 40, 0, 0, 0.17%, 7, 0, 9, 144.44
1735339149, 167, 13, 40, 0, 0, 0.17%, 7, 0, 9, 142.01
1735339154, 167, 17, 40, 0, 0, 0.17%, 7, 0, 9, 140.26
1735339160, 167, 20, 40, 0, 0, 0.17%, 7, 0, 9, 141.08
1735339165, 168, 13, 40, 0, 0, 0.17%, 7, 0, 9, 142.70
1735339170, 168, 17, 40, 0, 0, 0.17%, 7, 0, 9, 140.89
1735339175, 168, 20, 40, 0, 0, 0.17%, 7, 0, 9, 136.74
1735339180, 168, 39, 40, 0, 0, 0.17%, 7, 0, 9, 140.81
1735339211, 169, 10, 40, 0, 0, 0.17%, 7, 0, 9, 139.60
1735339217, 169, 13, 40, 0, 0, 0.17%, 7, 0, 9, 144.36
1735339222, 169, 17, 40, 0, 0, 0.17%, 7, 0, 9, 135.04
1735339227, 169, 20, 40, 0, 0, 0.17%, 7, 0, 9, 143.21
1735339232, 170, 13, 40, 0, 0, 0.17%, 7, 0, 9, 139.78
1735339237, 170, 17, 40, 0, 0, 0.17%, 7, 0, 9, 138.76
1735339242, 170, 20, 40, 0, 0, 0.17%, 7, 0, 9, 136.62
1735339247, 170, 27, 40, 0, 0, 0.17%, 7, 0, 9, 160.34
1735339252, 170, 32, 40, 0, 0, 0.17%, 7, 0, 9, 143.65
1735339263, 171, 12, 40, 0, 0, 0.17%, 7, 0, 9, 137.76
1735339268, 171, 13, 40, 0, 0, 0.17%, 7, 0, 9, 138.91
1735339273, 171, 16, 40, 0, 0, 0.17%, 7, 0, 9, 144.91
1735339278, 171, 17, 40, 0, 0, 0.17%, 7, 0, 9, 139.69
1735339283, 171, 20, 40, 0, 0, 0.17%, 7, 0, 9, 141.05
1735339288, 171, 21, 40, 0, 0, 0.17%, 7, 0, 9, 134.72
1735339294, 171, 32, 40, 0, 0, 0.17%, 7, 0, 9, 156.61
1735339299, 172, 10, 40, 0, 0, 0.17%, 7, 0, 9, 137.11
1735339304, 172, 13, 40, 0, 0, 0.17%, 7, 0, 9, 140.88
1735339309, 172, 17, 40, 0, 0, 0.17%, 7, 0, 9, 133.30
1735339314, 172, 20, 40, 0, 0, 0.17%, 7, 0, 9, 142.85
1735339319, 172, 24, 40, 0, 0, 0.17%, 7, 0, 9, 136.27
1735339324, 173, 10, 40, 0, 0, 0.17%, 7, 0, 9, 132.88
1735339330, 173, 13, 40, 0, 0, 0.17%, 7, 0, 9, 143.85
1735339335, 173, 17, 40, 0, 0, 0.17%, 7, 0, 9, 132.53
1735339340, 173, 20, 40, 0, 0, 0.17%, 7, 0, 9, 145.08
1735339345, 173, 27, 40, 0, 0, 0.17%, 7, 0, 9, 149.87
1735339350, 173, 37, 40, 0, 0, 0.17%, 7, 0, 9, 157.86
1735339355, 174, 2, 40, 0, 0, 0.17%, 7, 0, 9, 141.23
1735339360, 174, 5, 40, 0, 0, 0.17%, 7, 0, 9, 142.05
1735339366, 174, 13, 40, 0, 0, 0.17%, 7, 0, 9, 137.76
1735339371, 174, 17, 40, 0, 0, 0.17%, 7, 0, 9, 140.95
1735339376, 174, 20, 40, 0, 0, 0.17%, 7, 0, 9, 140.22
1735339381, 174, 32, 40, 0, 0, 0.17%, 7, 0, 9, 141.69
1735339391, 175, 13, 40, 0, 0, 0.17%, 7, 0, 9, 141.65
1735339397, 175, 17, 40, 0, 0, 0.17%, 7, 0, 9, 137.92
1735339402, 175, 20, 40, 0, 0, 0.17%, 7, 0, 9, 141.19
1735339407, 176, 10, 40, 0, 0, 0.17%, 7, 0, 9, 140.03
1735339412, 176, 13, 40, 0, 0, 0.17%, 7, 0, 9, 137.96
1735339417, 176, 15, 40, 0, 0, 0.17%, 7, 0, 9, 134.70
1735339422, 176, 17, 40, 0, 0, 0.17%, 7, 0, 9, 145.42
1735339427, 176, 20, 40, 0, 0, 0.17%, 7, 0, 9, 141.99
1735339433, 177, 13, 40, 0, 0, 0.17%, 7, 0, 9, 133.28
1735339438, 177, 17, 40, 0, 0, 0.17%, 7, 0, 9, 132.56
1735339443, 177, 20, 40, 0, 0, 0.17%, 7, 0, 9, 135.06
1735339448, 177, 26, 40, 0, 0, 0.17%, 7, 0, 9, 140.73
1735339458, 178, 13, 40, 0, 0, 0.17%, 7, 0, 9, 136.20
1735339463, 178, 17, 40, 0, 0, 0.17%, 7, 0, 9, 137.63
1735339469, 178, 18, 40, 0, 0, 0.17%, 7, 0, 9, 140.29
1735339474, 178, 20, 40, 0, 0, 0.17%, 7, 0, 9, 134.41
1735339479, 178, 25, 40, 0, 0, 0.17%, 7, 0, 9, 142.26
1735339484, 178, 30, 40, 0, 0, 0.17%, 7, 0, 9, 148.47
1735339489, 179, 10, 40, 0, 0, 0.17%, 7, 0, 9, 138.11
1735339494, 179, 12, 40, 0, 0, 0.17%, 7, 0, 9, 136.28
1735339499, 179, 17, 40, 0, 0, 0.17%, 7, 0, 9, 142.67
1735339505, 179, 20, 40, 0, 0, 0.17%, 7, 0, 9, 142.05
1735339510, 179, 31, 40, 0, 0, 0.17%, 7, 0, 9, 153.58
1735339515, 179, 38, 40, 0, 0, 0.17%, 7, 0, 9, 147.42
1735339525, 180, 10, 40, 0, 0, 0.17%, 7, 0, 9, 145.69
1735339530, 180, 13, 40, 0, 0, 0.17%, 7, 0, 9, 142.96
1735339535, 180, 17, 40, 0, 0, 0.17%, 7, 0, 9, 137.17
1735339540, 180, 20, 40, 0, 0, 0.17%, 7, 0, 9, 141.42
1735339546, 181, 13, 40, 0, 0, 0.17%, 7, 0, 9, 136.74
1735339551, 181, 17, 40, 0, 0, 0.17%, 7, 0, 9, 133.43
1735339556, 181, 20, 40, 0, 0, 0.17%, 7, 0, 9, 141.43
1735339561, 182, 9, 40, 0, 0, 0.17%, 7, 0, 9, 133.72
1735339566, 182, 13, 40, 0, 0, 0.17%, 7, 0, 9, 139.85
1735339572, 182, 17, 40, 0, 0, 0.17%, 7, 0, 9, 140.45
1735339577, 182, 20, 40, 0, 0, 0.17%, 7, 0, 9, 141.87
1735339582, 183, 7, 40, 0, 0, 0.17%, 7, 0, 9, 140.73
1735339587, 183, 13, 40, 0, 0, 0.17%, 7, 0, 9, 140.54
1735339592, 183, 17, 40, 0, 0, 0.17%, 7, 0, 9, 140.66
1735339597, 183, 20, 40, 0, 0, 0.17%, 7, 0, 9, 140.03
1735339602, 183, 22, 40, 0, 0, 0.17%, 7, 0, 9, 140.82
1735339608, 183, 28, 40, 0, 0, 0.17%, 7, 0, 9, 136.68
1735339613, 184, 10, 40, 0, 0, 0.17%, 7, 0, 9, 138.01
1735339618, 184, 13, 40, 0, 0, 0.17%, 7, 0, 9, 141.60
1735339623, 184, 17, 40, 0, 0, 0.17%, 7, 0, 9, 137.35
1735339628, 184, 20, 40, 0, 0, 0.17%, 7, 0, 9, 134.64
1735339633, 184, 27, 40, 0, 0, 0.17%, 7, 0, 9, 146.73
1735339638, 184, 32, 40, 0, 0, 0.17%, 7, 0, 9, 158.38
1735339643, 184, 38, 40, 0, 0, 0.17%, 7, 0, 9, 149.63
1735339659, 185, 13, 40, 0, 0, 0.17%, 7, 0, 9, 140.13
1735339664, 185, 17, 40, 0, 0, 0.17%, 7, 0, 9, 142.62
1735339669, 185, 20, 40, 0, 0, 0.17%, 7, 0, 9, 143.97
1735339674, 185, 35, 40, 0, 0, 0.17%, 7, 0, 9, 153.51
1735339689, 186, 13, 40, 0, 0, 0.17%, 7, 0, 9, 138.79
1735339694, 186, 17, 40, 0, 0, 0.17%, 7, 0, 9, 134.31
1735339699, 186, 20, 40, 0, 0, 0.17%, 7, 0, 9, 136.89
1735339705, 186, 33, 40, 0, 0, 0.17%, 7, 0, 9, 136.07
1735339715, 187, 13, 40, 0, 0, 0.17%, 7, 0, 9, 135.17
1735339720, 187, 17, 40, 0, 0, 0.17%, 7, 0, 9, 136.01
1735339725, 187, 20, 40, 0, 0, 0.17%, 7, 0, 9, 141.73
1735339730, 187, 21, 40, 0, 0, 0.17%, 7, 0, 9, 137.86
1735339735, 187, 25, 40, 0, 0, 0.17%, 7, 0, 9, 145.26
1735339741, 188, 10, 40, 0, 0, 0.17%, 7, 0, 9, 135.75
1735339746, 188, 17, 40, 0, 0, 0.17%, 7, 0, 9, 144.79
1735339756, 188, 20, 40, 0, 0, 0.17%, 7, 0, 9, 138.57
1735339761, 188, 33, 40, 0, 0, 0.17%, 7, 0, 9, 136.81
1735339766, 188, 38, 40, 0, 0, 0.17%, 7, 0, 9, 144.42
1735339776, 189, 2, 40, 0, 0, 0.17%, 7, 0, 9, 128.24
1735339782, 189, 10, 40, 0, 0, 0.17%, 7, 0, 9, 133.76
1735339787, 189, 13, 40, 0, 0, 0.17%, 7, 0, 9, 131.52
1735339792, 189, 17, 40, 0, 0, 0.17%, 7, 0, 9, 142.20
1735339797, 189, 20, 40, 0, 0, 0.17%, 7, 0, 9, 143.43
1735339802, 189, 25, 40, 0, 0, 0.17%, 7, 0, 9, 147.68
1735339807, 189, 30, 40, 0, 0, 0.17%, 7, 0, 9, 148.95
1735339812, 190, 10, 40, 0, 0, 0.17%, 7, 0, 9, 139.15
1735339817, 190, 13, 40, 0, 0, 0.17%, 7, 0, 9, 141.19
1735339823, 190, 17, 40, 0, 0, 0.17%, 7, 0, 9, 142.31
1735339828, 190, 20, 40, 0, 0, 0.17%, 7, 0, 9, 140.49
1735339833, 191, 10, 40, 0, 0, 0.17%, 7, 0, 9, 137.02
1735339838, 191, 13, 40, 0, 0, 0.17%, 7, 0, 9, 128.16
1735339843, 191, 17, 40, 0, 0, 0.17%, 7, 0, 9, 130.81
1735339848, 191, 20, 40, 0, 0, 0.17%, 7, 0, 9, 139.07
1735339854, 192, 13, 40, 0, 0, 0.17%, 7, 0, 9, 137.59
1735339859, 192, 17, 40, 0, 0, 0.17%, 7, 0, 9, 141.38
1735339864, 192, 20, 40, 0, 0, 0.17%, 7, 0, 9, 138.17
1735339869, 193, 2, 40, 0, 0, 0.17%, 7, 0, 9, 130.53
1735339874, 193, 10, 40, 0, 0, 0.17%, 7, 0, 9, 139.19
1735339879, 193, 13, 40, 0, 0, 0.17%, 7, 0, 9, 139.29
1735339884, 193, 17, 40, 0, 0, 0.17%, 7, 0, 9, 134.63
1735339890, 193, 20, 40, 0, 0, 0.17%, 7, 0, 9, 137.98
1735339895, 193, 33, 40, 0, 0, 0.17%, 7, 0, 9, 134.12
1735339900, 194, 9, 40, 0, 0, 0.17%, 7, 0, 9, 137.10
1735339905, 194, 13, 40, 0, 0, 0.17%, 7, 0, 9, 139.97
1735339910, 194, 14, 40, 0, 0, 0.17%, 7, 0, 9, 140.97
1735339915, 194, 17, 40, 0, 0, 0.17%, 7, 0, 9, 134.49
1735339920, 194, 20, 40, 0, 0, 0.17%, 7, 0, 9, 138.72
1735339925, 195, 5, 40, 0, 0, 0.17%, 7, 0, 9, 137.50
1735339931, 195, 13, 40, 0, 0, 0.17%, 7, 0, 9, 139.41
1735339936, 195, 17, 40, 0, 0, 0.17%, 7, 0, 9, 132.65
1735339941, 195, 20, 40, 0, 0, 0.17%, 7, 0, 9, 141.42
1735339946, 195, 36, 40, 0, 0, 0.17%, 7, 0, 9, 147.50
1735339961, 196, 11, 40, 0, 0, 0.17%, 7, 0, 9, 135.46
1735339967, 196, 13, 40, 0, 0, 0.17%, 7, 0, 9, 138.18
1735339972, 196, 17, 40, 0, 0, 0.17%, 7, 0, 9, 134.10
1735339977, 196, 19, 40, 0, 0, 0.17%, 7, 0, 9, 141.56
1735339982, 196, 20, 40, 0, 0, 0.17%, 7, 0, 9, 141.79
1735339987, 196, 39, 40, 0, 0, 0.17%, 7, 0, 9, 167.48
1735340018, 197, 13, 40, 0, 0, 0.17%, 7, 0, 9, 142.76
1735340023, 197, 17, 40, 0, 0, 0.17%, 7, 0, 9, 135.89
1735340028, 197, 20, 40, 0, 0, 0.17%, 7, 0, 9, 135.29
1735340033, 198, 10, 40, 0, 0, 0.17%, 7, 0, 9, 132.27
1735340038, 198, 13, 40, 0, 0, 0.17%, 7, 0, 9, 138.22
1735340043, 198, 17, 40, 0, 0, 0.17%, 7, 0, 9, 146.14
1735340048, 198, 20, 40, 0, 0, 0.17%, 7, 0, 9, 145.58
1735340053, 198, 36, 40, 0, 0, 0.17%, 7, 0, 9, 154.07
1735340064, 199, 10, 40, 0, 0, 0.17%, 7, 0, 9, 134.50
1735340069, 199, 13, 40, 0, 0, 0.17%, 7, 0, 9, 138.08
1735340079, 199, 17, 40, 0, 0, 0.17%, 7, 0, 9, 136.64
1735340084, 199, 20, 40, 0, 0, 0.17%, 7, 0, 9, 136.98
1735340089, 200, 13, 40, 0, 0, 0.17%, 7, 0, 9, 134.74
1735340094, 200, 17, 40, 0, 0, 0.17%, 7, 0, 9, 135.90
1735340100, 200, 20, 40, 0, 0, 0.17%, 7, 0, 9, 138.39
1735340105, 201, 10, 40, 0, 0, 0.17%, 7, 0, 9, 140.54
1735340110, 201, 13, 40, 0, 0, 0.17%, 7, 0, 9, 137.61
1735340115, 201, 17, 40, 0, 0, 0.17%, 7, 0, 9, 136.84
1735340120, 201, 20, 40, 0, 0, 0.17%, 7, 0, 9, 141.59
1735340125, 202, 10, 40, 0, 0, 0.17%, 7, 0, 9, 134.28
1735340130, 202, 13, 40, 0, 0, 0.17%, 7, 0, 9, 135.74
1735340136, 202, 20, 40, 0, 0, 0.17%, 7, 0, 9, 146.24
1735340141, 203, 10, 40, 0, 0, 0.17%, 7, 0, 9, 142.00
1735340146, 203, 13, 40, 0, 0, 0.17%, 7, 0, 9, 144.93
1735340151, 203, 17, 40, 0, 0, 0.17%, 7, 0, 9, 140.96
1735340156, 203, 20, 40, 0, 0, 0.17%, 7, 0, 9, 135.79
1735340161, 203, 27, 40, 0, 0, 0.17%, 7, 0, 9, 143.39
1735340166, 204, 9, 40, 0, 0, 0.17%, 7, 0, 9, 137.57
1735340171, 204, 13, 40, 0, 0, 0.17%, 7, 0, 9, 132.54
1735340177, 204, 17, 40, 0, 0, 0.17%, 7, 0, 9, 135.63
1735340182, 204, 18, 40, 0, 0, 0.17%, 7, 0, 9, 135.83
1735340187, 204, 20, 40, 0, 0, 0.17%, 7, 0, 9, 136.90
1735340192, 205, 10, 40, 0, 0, 0.17%, 7, 0, 9, 144.18
1735340197, 205, 13, 40, 0, 0, 0.17%, 7, 0, 9, 135.47
1735340203, 205, 17, 40, 0, 0, 0.17%, 7, 0, 9, 141.96
1735340208, 205, 20, 40, 0, 0, 0.17%, 7, 0, 9, 139.27
1735340213, 205, 21, 40, 0, 0, 0.17%, 7, 0, 9, 135.74
1735340218, 205, 32, 40, 0, 0, 0.17%, 7, 0, 9, 157.02
1735340223, 206, 13, 40, 0, 0, 0.17%, 7, 0, 9, 145.33
1735340228, 206, 16, 40, 0, 0, 0.17%, 7, 0, 9, 139.77
1735340233, 206, 17, 40, 0, 0, 0.17%, 7, 0, 9, 140.51
1735340238, 206, 19, 40, 0, 0, 0.17%, 7, 0, 9, 144.02
1735340243, 206, 20, 40, 0, 0, 0.17%, 7, 0, 9, 133.36
1735340249, 206, 21, 40, 0, 0, 0.17%, 7, 0, 9, 135.11
1735340254, 206, 37, 40, 0, 0, 0.17%, 7, 0, 9, 149.40
1735340264, 207, 8, 40, 0, 0, 0.17%, 7, 0, 9, 128.16
1735340269, 207, 13, 40, 0, 0, 0.17%, 7, 0, 9, 138.15
1735340274, 207, 17, 40, 0, 0, 0.17%, 7, 0, 9, 144.16
1735340279, 207, 20, 40, 0, 0, 0.17%, 7, 0, 9, 136.26
1735340285, 208, 10, 40, 0, 0, 0.17%, 7, 0, 9, 138.10
1735340290, 208, 17, 40, 0, 0, 0.17%, 7, 0, 9, 142.09
1735340295, 208, 20, 40, 0, 0, 0.17%, 7, 0, 9, 136.85
1735340300, 209, 10, 40, 0, 0, 0.17%, 7, 0, 9, 138.47
1735340305, 209, 13, 40, 0, 0, 0.17%, 7, 0, 9, 139.49
1735340311, 209, 15, 40, 0, 0, 0.17%, 7, 0, 9, 138.28
1735340316, 209, 17, 40, 0, 0, 0.17%, 7, 0, 9, 139.13
1735340321, 209, 20, 40, 0, 0, 0.17%, 7, 0, 9, 141.75
1735340326, 210, 13, 40, 0, 0, 0.17%, 7, 0, 9, 137.41
1735340331, 210, 16, 40, 0, 0, 0.17%, 7, 0, 9, 138.64
1735340336, 210, 17, 40, 0, 0, 0.17%, 7, 0, 9, 132.35
1735340341, 210, 20, 40, 0, 0, 0.17%, 7, 0, 9, 135.72
1735340347, 210, 26, 40, 0, 0, 0.17%, 7, 0, 9, 143.36
1735340357, 210, 34, 40, 0, 0, 0.17%, 7, 0, 9, 147.07
1735340367, 210, 38, 40, 0, 0, 0.17%, 7, 0, 9, 158.19
1735340377, 211, 9, 40, 0, 0, 0.17%, 7, 0, 9, 142.33
1735340382, 211, 13, 40, 0, 0, 0.17%, 7, 0, 9, 139.44
1735340387, 211, 17, 40, 0, 0, 0.17%, 7, 0, 9, 139.58
1735340393, 211, 20, 40, 0, 0, 0.17%, 7, 0, 9, 139.78
1735340398, 212, 10, 40, 0, 0, 0.17%, 7, 0, 9, 135.43
1735340403, 212, 13, 40, 0, 0, 0.17%, 7, 0, 9, 136.50
1735340408, 212, 16, 40, 0, 0, 0.17%, 7, 0, 9, 140.26
1735340413, 212, 17, 40, 0, 0, 0.17%, 7, 0, 9, 139.62
1735340418, 212, 20, 40, 0, 0, 0.17%, 7, 0, 9, 134.99
1735340423, 212, 24, 40, 0, 0, 0.17%, 7, 0, 9, 138.39
1735340428, 213, 13, 40, 0, 0, 0.17%, 7, 0, 9, 133.73
1735340434, 213, 17, 40, 0, 0, 0.17%, 7, 0, 9, 135.85
1735340439, 213, 20, 40, 0, 0, 0.17%, 7, 0, 9, 135.80
1735340444, 213, 28, 40, 0, 0, 0.17%, 7, 0, 9, 144.96
1735340449, 213, 35, 40, 0, 0, 0.17%, 7, 0, 9, 167.71
1735340459, 214, 13, 40, 0, 0, 0.17%, 7, 0, 9, 137.45
1735340464, 214, 17, 40, 0, 0, 0.17%, 7, 0, 9, 137.78
1735340469, 214, 20, 40, 0, 0, 0.17%, 7, 0, 9, 137.88
1735340474, 214, 24, 40, 0, 0, 0.17%, 7, 0, 9, 134.39
1735340480, 214, 31, 40, 0, 0, 0.17%, 7, 0, 9, 150.51
1735340485, 215, 7, 40, 0, 0, 0.17%, 7, 0, 9, 139.15
1735340490, 215, 13, 40, 0, 0, 0.17%, 7, 0, 9, 138.82
1735340495, 215, 17, 40, 0, 0, 0.17%, 7, 0, 9, 136.57
1735340500, 215, 20, 40, 0, 0, 0.17%, 7, 0, 9, 133.63
1735340505, 215, 22, 40, 0, 0, 0.17%, 7, 0, 9, 137.82
1735340511, 215, 37, 40, 0, 0, 0.17%, 7, 0, 9, 149.49
1735340521, 215, 38, 40, 0, 0, 0.17%, 7, 0, 9, 150.98
1735340531, 216, 12, 40, 0, 0, 0.17%, 7, 0, 9, 145.61
1735340536, 216, 13, 40, 0, 0, 0.17%, 7, 0, 9, 142.73
1735340541, 216, 15, 40, 0, 0, 0.17%, 7, 0, 9, 137.67
1735340546, 216, 17, 40, 0, 0, 0.17%, 7, 0, 9, 143.05
1735340552, 216, 20, 40, 0, 0, 0.17%, 7, 0, 9, 135.72
1735340557, 217, 13, 40, 0, 0, 0.17%, 7, 0, 9, 138.53
1735340562, 217, 17, 40, 0, 0, 0.17%, 7, 0, 9, 134.39
1735340572, 217, 20, 40, 0, 0, 0.17%, 7, 0, 9, 129.28
1735340577, 218, 13, 40, 0, 0, 0.17%, 7, 0, 9, 135.84
1735340582, 218, 17, 40, 0, 0, 0.17%, 7, 0, 9, 138.81
1735340587, 218, 20, 40, 0, 0, 0.17%, 7, 0, 9, 147.03
1735340592, 219, 10, 40, 0, 0, 0.17%, 7, 0, 9, 136.48
1735340598, 219, 13, 40, 0, 0, 0.17%, 7, 0, 9, 137.62
1735340603, 219, 17, 40, 0, 0, 0.17%, 7, 0, 9, 133.47
1735340608, 219, 20, 40, 0, 0, 0.17%, 7, 0, 9, 138.22
1735340613, 219, 28, 40, 0, 0, 0.17%, 7, 0, 9, 146.68
1735340618, 220, 13, 40, 0, 0, 0.17%, 7, 0, 9, 135.47
1735340623, 220, 16, 40, 0, 0, 0.17%, 7, 0, 9, 137.51
1735340628, 220, 17, 40, 0, 0, 0.17%, 7, 0, 9, 136.51
1735340634, 220, 20, 40, 0, 0, 0.17%, 7, 0, 9, 140.73
1735340639, 221, 0, 40, 0, 0, 0.17%, 7, 0, 9, 134.57
1735340644, 221, 10, 40, 0, 0, 0.17%, 7, 0, 9, 138.63
1735340649, 221, 13, 40, 0, 0, 0.17%, 7, 0, 9, 143.25
1735340654, 221, 17, 40, 0, 0, 0.17%, 7, 0, 9, 139.51
1735340659, 221, 20, 40, 0, 0, 0.17%, 7, 0, 9, 135.46
1735340665, 221, 21, 40, 0, 0, 0.17%, 7, 0, 9, 140.58
1735340670, 221, 22, 40, 0, 0, 0.17%, 7, 0, 9, 141.10
1735340675, 222, 13, 40, 0, 0, 0.17%, 7, 0, 9, 136.47
1735340680, 222, 17, 40, 0, 0, 0.17%, 7, 0, 9, 134.28
1735340685, 222, 20, 40, 0, 0, 0.17%, 7, 0, 9, 135.07
1735340690, 222, 22, 40, 0, 0, 0.17%, 7, 0, 9, 140.94
1735340696, 222, 27, 40, 0, 0, 0.17%, 7, 0, 9, 152.07
1735340706, 223, 13, 40, 0, 0, 0.17%, 7, 0, 9, 139.70
1735340711, 223, 17, 40, 0, 0, 0.17%, 7, 0, 9, 136.29
1735340716, 223, 20, 40, 0, 0, 0.17%, 7, 0, 9, 144.96
1735340721, 224, 10, 40, 0, 0, 0.17%, 7, 0, 9, 132.86
1735340726, 224, 13, 40, 0, 0, 0.17%, 7, 0, 9, 135.27
1735340732, 224, 17, 40, 0, 0, 0.17%, 7, 0, 9, 146.51
1735340737, 224, 20, 40, 0, 0, 0.17%, 7, 0, 9, 140.13
1735340742, 224, 23, 40, 0, 0, 0.17%, 7, 0, 9, 142.84
1735340747, 224, 24, 40, 0, 0, 0.17%, 7, 0, 9, 131.61
1735340752, 224, 25, 40, 0, 0, 0.17%, 7, 0, 9, 137.28
1735340757, 224, 27, 40, 0, 0, 0.17%, 7, 0, 9, 152.65
1735340763, 225, 5, 40, 0, 0, 0.17%, 7, 0, 9, 143.07
1735340768, 225, 10, 40, 0, 0, 0.17%, 7, 0, 9, 140.21
1735340773, 225, 13, 40, 0, 0, 0.17%, 7, 0, 9, 142.77
1735340778, 225, 17, 40, 0, 0, 0.17%, 7, 0, 9, 144.62
1735340783, 225, 20, 40, 0, 0, 0.17%, 7, 0, 9, 138.42
1735340788, 225, 22, 40, 0, 0, 0.17%, 7, 0, 9, 140.45
1735340793, 226, 13, 40, 0, 0, 0.17%, 7, 0, 9, 135.54
1735340798, 226, 17, 40, 0, 0, 0.17%, 7, 0, 9, 136.08
1735340809, 226, 19, 40, 0, 0, 0.17%, 7, 0, 9, 142.44
1735340814, 226, 20, 40, 0, 0, 0.17%, 7, 0, 9, 143.27
1735340819, 226, 32, 40, 0, 0, 0.17%, 7, 0, 9, 149.89
1735340824, 227, 10, 40, 0, 0, 0.17%, 7, 0, 9, 138.36
1735340829, 227, 13, 40, 0, 0, 0.17%, 7, 0, 9, 139.61
1735340835, 227, 17, 40, 0, 0, 0.17%, 7, 0, 9, 140.00
1735340840, 227, 20, 40, 0, 0, 0.17%, 7, 0, 9, 135.90
1735340845, 227, 36, 40, 0, 0, 0.17%, 7, 0, 9, 154.44
1735340855, 228, 10, 40, 0, 0, 0.17%, 7, 0, 9, 138.19
1735340860, 228, 13, 40, 0, 0, 0.17%, 7, 0, 9, 136.91
1735340865, 228, 17, 40, 0, 0, 0.17%, 7, 0, 9, 140.35
1735340871, 228, 20, 40, 0, 0, 0.17%, 7, 0, 9, 136.74
1735340876, 228, 28, 40, 0, 0, 0.17%, 7, 0, 9, 141.48
1735340881, 229, 10, 40, 0, 0, 0.17%, 7, 0, 9, 142.87
1735340886, 229, 13, 40, 0, 0, 0.17%, 7, 0, 9, 138.37
1735340891, 229, 17, 40, 0, 0, 0.17%, 7, 0, 9, 140.33
1735340897, 229, 20, 40, 0, 0, 0.17%, 7, 0, 9, 137.97
1735340902, 229, 22, 40, 0, 0, 0.17%, 7, 0, 9, 136.05
1735340907, 229, 27, 40, 0, 0, 0.17%, 7, 0, 9, 155.16
1735340912, 230, 3, 40, 0, 0, 0.17%, 7, 0, 9, 140.80
1735340917, 230, 13, 40, 0, 0, 0.17%, 7, 0, 9, 137.57
1735340922, 230, 17, 40, 0, 0, 0.17%, 7, 0, 9, 138.55
1735340927, 230, 20, 40, 0, 0, 0.17%, 7, 0, 9, 134.12
1735340933, 230, 32, 40, 0, 0, 0.17%, 7, 0, 9, 148.85
1735340938, 231, 8, 40, 0, 0, 0.17%, 7, 0, 9, 136.87
1735340943, 231, 13, 40, 0, 0, 0.17%, 7, 0, 9, 140.09
1735340948, 231, 14, 40, 0, 0, 0.17%, 7, 0, 9, 139.13
1735340953, 231, 16, 40, 0, 0, 0.17%, 7, 0, 9, 142.25
1735340958, 231, 17, 40, 0, 0, 0.17%, 7, 0, 9, 138.82
1735340964, 231, 20, 40, 0, 0, 0.17%, 7, 0, 9, 133.32
1735340969, 231, 26, 40, 0, 0, 0.17%, 7, 0, 9, 141.96
1735340979, 231, 31, 40, 0, 0, 0.17%, 7, 0, 9, 145.59
1735340984, 231, 35, 40, 0, 0, 0.17%, 7, 0, 9, 154.16
1735340989, 232, 10, 40, 0, 0, 0.17%, 7, 0, 9, 150.12
1735340994, 232, 13, 40, 0, 0, 0.17%, 7, 0, 9, 135.98
1735340999, 232, 17, 40, 0, 0, 0.17%, 7, 0, 9, 140.52
1735341004, 232, 20, 40, 0, 0, 0.17%, 7, 0, 9, 133.74
1735341010, 233, 10, 40, 0, 0, 0.17%, 7, 0, 9, 135.27
1735341015, 233, 13, 40, 0, 0, 0.17%, 7, 0, 9, 132.74
1735341020, 233, 16, 40, 0, 0, 0.17%, 7, 0, 9, 144.22
1735341025, 233, 17, 40, 0, 0, 0.17%, 7, 0, 9, 147.92
1735341030, 233, 20, 40, 0, 0, 0.17%, 7, 0, 9, 138.88
1735341035, 233, 22, 40, 0, 0, 0.17%, 7, 0, 9, 139.78
1735341040, 233, 39, 40, 0, 0, 0.17%, 7, 0, 9, 168.81
1735341071, 234, 13, 40, 0, 0, 0.17%, 7, 0, 9, 132.29
1735341076, 234, 15, 40, 0, 0, 0.17%, 7, 0, 9, 137.54
1735341081, 234, 17, 40, 0, 0, 0.17%, 7, 0, 9, 140.63
1735341086, 234, 20, 40, 0, 0, 0.17%, 7, 0, 9, 145.42
1735341091, 234, 37, 40, 0, 0, 0.17%, 7, 0, 9, 149.88
1735341096, 235, 10, 40, 0, 0, 0.17%, 7, 0, 9, 134.57
1735341101, 235, 13, 40, 0, 0, 0.17%, 7, 0, 9, 142.82
1735341107, 235, 17, 40, 0, 0, 0.17%, 7, 0, 9, 138.32
1735341112, 235, 20, 40, 0, 0, 0.17%, 7, 0, 9, 133.54
1735341117, 235, 33, 40, 0, 0, 0.17%, 7, 0, 9, 126.23
1735341122, 236, 4, 40, 0, 0, 0.17%, 7, 0, 9, 139.34
1735341127, 236, 10, 40, 0, 0, 0.17%, 7, 0, 9, 134.70
1735341132, 236, 13, 40, 0, 0, 0.17%, 7, 0, 9, 139.79
1735341137, 236, 15, 40, 0, 0, 0.17%, 7, 0, 9, 137.82
1735341143, 236, 17, 40, 0, 0, 0.17%, 7, 0, 9, 138.49
1735341148, 236, 19, 40, 0, 0, 0.17%, 7, 0, 9, 133.72
1735341153, 236, 20, 40, 0, 0, 0.17%, 7, 0, 9, 130.59
1735341158, 237, 13, 40, 0, 0, 0.17%, 7, 0, 9, 133.91
1735341163, 237, 15, 40, 0, 0, 0.17%, 7, 0, 9, 131.12
1735341168, 237, 17, 40, 0, 0, 0.17%, 7, 0, 9, 133.31
1735341174, 237, 20, 40, 0, 0, 0.17%, 7, 0, 9, 131.53
1735341179, 237, 28, 40, 0, 0, 0.17%, 7, 0, 9, 140.01
1735341184, 238, 10, 40, 0, 0, 0.17%, 7, 0, 9, 139.32
1735341189, 238, 13, 40, 0, 0, 0.17%, 7, 0, 9, 133.31
1735341194, 238, 17, 40, 0, 0, 0.17%, 7, 0, 9, 139.42
1735341200, 238, 22, 40, 0, 0, 0.17%, 7, 0, 9, 142.75
1735341205, 239, 10, 40, 0, 0, 0.17%, 7, 0, 9, 134.90
1735341210, 239, 13, 40, 0, 0, 0.17%, 7, 0, 9, 145.00
1735341215, 239, 17, 40, 0, 0, 0.17%, 7, 0, 9, 137.26
1735341220, 239, 20, 40, 0, 0, 0.17%, 7, 0, 9, 136.11
1735341225, 240, 10, 40, 0, 0, 0.17%, 7, 0, 9, 137.77
1735341231, 240, 17, 40, 0, 0, 0.17%, 7, 0, 9, 138.79
1735341236, 240, 20, 40, 0, 0, 0.17%, 7, 0, 9, 139.53
1735341241, 241, 10, 40, 0, 0, 0.17%, 7, 0, 9, 142.13
1735341246, 241, 13, 40, 0, 0, 0.17%, 7, 0, 9, 138.72
1735341251, 241, 17, 40, 0, 0, 0.17%, 7, 0, 9, 143.27
1735341256, 241, 20, 40, 0, 0, 0.17%, 7, 0, 9, 141.07
1735341262, 242, 5, 40, 0, 0, 0.17%, 7, 0, 9, 145.10
1735341267, 242, 13, 40, 0, 0, 0.17%, 7, 0, 9, 144.34
1735341272, 242, 17, 40, 0, 0, 0.17%, 7, 0, 9, 140.60
1735341277, 242, 20, 40, 0, 0, 0.17%, 7, 0, 9, 140.49
1735341282, 243, 13, 40, 0, 0, 0.17%, 7, 0, 9, 135.36
1735341287, 243, 17, 40, 0, 0, 0.17%, 7, 0, 9, 135.62
1735341292, 243, 20, 40, 0, 0, 0.17%, 7, 0, 9, 139.48
1735341298, 243, 27, 40, 0, 0, 0.17%, 7, 0, 9, 150.81
1735341308, 243, 31, 40, 0, 0, 0.17%, 7, 0, 9, 143.03
1735341313, 244, 13, 40, 0, 0, 0.17%, 7, 0, 9, 137.36
1735341318, 244, 17, 40, 0, 0, 0.17%, 7, 0, 9, 132.23
1735341323, 244, 20, 40, 0, 0, 0.17%, 7, 0, 9, 145.79
1735341328, 245, 10, 40, 0, 0, 0.17%, 7, 0, 9, 135.59
1735341333, 245, 13, 40, 0, 0, 0.17%, 7, 0, 9, 137.02
1735341338, 245, 14, 40, 0, 0, 0.17%, 7, 0, 9, 129.11
1735341343, 245, 17, 40, 0, 0, 0.17%, 7, 0, 9, 136.65
1735341348, 245, 20, 40, 0, 0, 0.17%, 7, 0, 9, 137.08
1735341354, 246, 13, 40, 0, 0, 0.17%, 7, 0, 9, 147.94
1735341359, 246, 17, 40, 0, 0, 0.17%, 7, 0, 9, 140.15
1735341364, 246, 20, 40, 0, 0, 0.17%, 7, 0, 9, 139.00
1735341369, 246, 32, 40, 0, 0, 0.17%, 7, 0, 9, 147.74
1735341379, 247, 13, 40, 0, 0, 0.17%, 7, 0, 9, 139.99
1735341384, 247, 17, 40, 0, 0, 0.17%, 7, 0, 9, 139.21
1735341389, 247, 20, 40, 0, 0, 0.17%, 7, 0, 9, 142.07
1735341394, 247, 26, 40, 0, 0, 0.17%, 7, 0, 9, 140.89
1735341405, 248, 13, 40, 0, 0, 0.17%, 7, 0, 9, 133.53
1735341410, 248, 17, 40, 0, 0, 0.17%, 7, 0, 9, 134.19
1735341415, 248, 20, 40, 0, 0, 0.17%, 7, 0, 9, 134.47
1735341420, 248, 28, 40, 0, 0, 0.17%, 7, 0, 9, 150.56
1735341425, 248, 36, 40, 0, 0, 0.17%, 7, 0, 9, 160.74
1735341435, 248, 37, 40, 0, 0, 0.17%, 7, 0, 9, 150.02
1735341446, 249, 10, 40, 0, 0, 0.17%, 7, 0, 9, 140.53
1735341451, 249, 13, 40, 0, 0, 0.17%, 7, 0, 9, 145.65
1735341456, 249, 17, 40, 0, 0, 0.17%, 7, 0, 9, 145.71
1735341461, 249, 20, 40, 0, 0, 0.17%, 7, 0, 9, 141.73
1735341466, 250, 13, 40, 0, 0, 0.17%, 7, 0, 9, 140.97
1735341471, 250, 17, 40, 0, 0, 0.17%, 7, 0, 9, 146.40
1735341477, 250, 20, 40, 0, 0, 0.17%, 7, 0, 9, 139.83
1735341482, 251, 4, 40, 0, 0, 0.17%, 7, 0, 9, 134.55
1735341487, 251, 12, 40, 0, 0, 0.17%, 7, 0, 9, 134.11
1735341492, 251, 13, 40, 0, 0, 0.17%, 7, 0, 9, 132.40
1735341497, 251, 17, 40, 0, 0, 0.17%, 7, 0, 9, 138.70
1735341503, 251, 18, 40, 0, 0, 0.17%, 7, 0, 9, 143.46
1735341508, 251, 20, 40, 0, 0, 0.17%, 7, 0, 9, 141.45
1735341513, 251, 21, 40, 0, 0, 0.17%, 7, 0, 9, 135.20
1735341518, 251, 35, 40, 0, 0, 0.17%, 7, 0, 9, 153.70
1735341528, 251, 38, 40, 0, 0, 0.17%, 7, 0, 9, 156.80
1735341538, 252, 10, 40, 0, 0, 0.17%, 7, 0, 9, 150.16
1735341544, 252, 13, 40, 0, 0, 0.17%, 7, 0, 9, 147.47
1735341549, 252, 17, 40, 0, 0, 0.17%, 7, 0, 9, 144.09
1735341554, 252, 20, 40, 0, 0, 0.17%, 7, 0, 9, 142.74
1735341559, 252, 35, 40, 0, 0, 0.17%, 7, 0, 9, 157.90
1735341564, 252, 38, 40, 0, 0, 0.17%, 7, 0, 9, 149.68
1735341574, 253, 10, 40, 0, 0, 0.17%, 7, 0, 9, 156.62
1735341579, 253, 13, 40, 0, 0, 0.17%, 7, 0, 9, 148.54
1735341584, 253, 17, 40, 0, 0, 0.17%, 7, 0, 9, 142.63
1735341589, 253, 19, 40, 0, 0, 0.17%, 7, 0, 9, 145.32
1735341594, 253, 20, 40, 0, 0, 0.17%, 7, 0, 9, 137.80
1735341600, 254, 10, 40, 0, 0, 0.17%, 7, 0, 9, 139.69
1735341605, 254, 13, 40, 0, 0, 0.17%, 7, 0, 9, 144.62
1735341610, 254, 20, 40, 0, 0, 0.17%, 7, 0, 9, 145.06
1735341620, 254, 27, 40, 0, 0, 0.17%, 7, 0, 9, 144.13
1735341625, 255, 13, 40, 0, 0, 0.17%, 7, 0, 9, 137.66
1735341630, 255, 17, 40, 0, 0, 0.17%, 7, 0, 9, 143.83
1735341636, 255, 20, 40, 0, 0, 0.17%, 7, 0, 9, 130.41
1735341641, 255, 21, 40, 0, 0, 0.17%, 7, 0, 9, 143.70
1735341651, 255, 33, 40, 0, 0, 0.17%, 7, 0, 9, 136.11
1735341656, 255, 38, 40, 0, 0, 0.17%, 7, 0, 9, 154.84
1735341666, 256, 10, 40, 0, 0, 0.17%, 7, 0, 9, 139.83
1735341671, 256, 13, 40, 0, 0, 0.17%, 7, 0, 9, 142.48
1735341677, 256, 17, 40, 0, 0, 0.17%, 7, 0, 9, 138.06
1735341682, 256, 20, 40, 0, 0, 0.17%, 7, 0, 9, 135.77
1735341687, 257, 13, 40, 0, 0, 0.17%, 7, 0, 9, 136.56
1735341692, 257, 15, 40, 0, 0, 0.17%, 7, 0, 9, 142.74
1735341697, 257, 17, 40, 0, 0, 0.17%, 7, 0, 9, 138.90
1735341702, 257, 20, 40, 0, 0, 0.17%, 7, 0, 9, 141.04
1735341707, 257, 24, 40, 0, 0, 0.17%, 7, 0, 9, 149.96
1735341712, 258, 13, 40, 0, 0, 0.17%, 7, 0, 9, 143.42
1735341718, 258, 17, 40, 0, 0, 0.17%, 7, 0, 9, 151.15
1735341723, 258, 20, 40, 0, 0, 0.17%, 7, 0, 9, 143.62
1735341728, 258, 21, 40, 0, 0, 0.17%, 7, 0, 9, 136.95
1735341733, 258, 22, 40, 0, 0, 0.17%, 7, 0, 9, 147.36
1735341738, 259, 10, 40, 0, 0, 0.17%, 7, 0, 9, 143.95
1735341744, 259, 13, 40, 0, 0, 0.17%, 7, 0, 9, 139.17
1735341749, 259, 14, 40, 0, 0, 0.17%, 7, 0, 9, 146.03
1735341754, 259, 17, 40, 0, 0, 0.17%, 7, 0, 9, 139.81
1735341759, 259, 18, 40, 0, 0, 0.17%, 7, 0, 9, 142.30
1735341764, 259, 20, 40, 0, 0, 0.17%, 7, 0, 9, 141.42
1735341769, 259, 28, 40, 0, 0, 0.17%, 7, 0, 9, 138.50
1735341774, 259, 34, 40, 0, 0, 0.17%, 7, 0, 9, 144.20
1735341784, 260, 10, 40, 0, 0, 0.17%, 7, 0, 9, 136.25
1735341789, 260, 13, 40, 0, 0, 0.17%, 7, 0, 9, 139.73
1735341794, 260, 17, 40, 0, 0, 0.17%, 7, 0, 9, 137.50
1735341800, 260, 20, 40, 0, 0, 0.17%, 7, 0, 9, 139.49
1735341805, 260, 30, 40, 0, 0, 0.17%, 7, 0, 9, 140.78
1735341810, 261, 13, 40, 0, 0, 0.17%, 7, 0, 9, 136.84
1735341815, 261, 17, 40, 0, 0, 0.17%, 7, 0, 9, 143.69
1735341820, 261, 20, 40, 0, 0, 0.17%, 7, 0, 9, 145.50
1735341826, 262, 10, 40, 0, 0, 0.17%, 7, 0, 9, 138.46
1735341831, 262, 13, 40, 0, 0, 0.17%, 7, 0, 9, 144.13
1735341836, 262, 17, 40, 0, 0, 0.17%, 7, 0, 9, 139.98
1735341841, 262, 20, 40, 0, 0, 0.17%, 7, 0, 9, 139.96
1735341846, 262, 23, 40, 0, 0, 0.17%, 7, 0, 9, 145.62
1735341851, 262, 25, 40, 0, 0, 0.17%, 7, 0, 9, 139.83
1735341857, 263, 13, 40, 0, 0, 0.17%, 7, 0, 9, 139.42
1735341862, 263, 14, 40, 0, 0, 0.17%, 7, 0, 9, 135.19
1735341867, 263, 17, 40, 0, 0, 0.17%, 7, 0, 9, 142.60
1735341872, 263, 20, 40, 0, 0, 0.17%, 7, 0, 9, 143.79
1735341877, 263, 38, 40, 0, 0, 0.17%, 7, 0, 9, 154.24
1735341888, 264, 10, 40, 0, 0, 0.17%, 7, 0, 9, 140.82
1735341893, 264, 13, 40, 0, 0, 0.17%, 7, 0, 9, 140.09
1735341898, 264, 17, 40, 0, 0, 0.17%, 7, 0, 9, 139.45
1735341903, 264, 20, 40, 0, 0, 0.17%, 7, 0, 9, 143.25
1735341908, 265, 10, 40, 0, 0, 0.17%, 7, 0, 9, 134.81
1735341913, 265, 13, 40, 0, 0, 0.17%, 7, 0, 9, 137.09
1735341918, 265, 17, 40, 0, 0, 0.17%, 7, 0, 9, 136.90
1735341923, 265, 20, 40, 0, 0, 0.17%, 7, 0, 9, 134.26
1735341929, 265, 22, 40, 0, 0, 0.17%, 7, 0, 9, 140.16
1735341934, 265, 26, 40, 0, 0, 0.17%, 7, 0, 9, 150.98
1735341939, 265, 28, 40, 0, 0, 0.17%, 7, 0, 9, 157.89
1735341944, 265, 33, 40, 0, 0, 0.17%, 7, 0, 9, 142.46
1735341954, 266, 13, 40, 0, 0, 0.17%, 7, 0, 9, 137.43
1735341959, 266, 17, 40, 0, 0, 0.17%, 7, 0, 9, 140.19
1735341964, 266, 20, 40, 0, 0, 0.17%, 7, 0, 9, 135.30
1735341969, 266, 29, 40, 0, 0, 0.17%, 7, 0, 9, 145.13
1735341974, 266, 31, 40, 0, 0, 0.17%, 7, 0, 9, 154.25
1735341980, 267, 10, 40, 0, 0, 0.17%, 7, 0, 9, 143.64
1735341985, 267, 13, 40, 0, 0, 0.17%, 7, 0, 9, 140.37
1735341990, 267, 17, 40, 0, 0, 0.17%, 7, 0, 9, 139.81
1735341995, 267, 20, 40, 0, 0, 0.17%, 7, 0, 9, 143.08
1735342000, 267, 27, 40, 0, 0, 0.17%, 7, 0, 9, 149.07
1735342005, 268, 10, 40, 0, 0, 0.17%, 7, 0, 9, 141.06
1735342010, 268, 13, 40, 0, 0, 0.17%, 7, 0, 9, 138.40
1735342016, 268, 16, 40, 0, 0, 0.17%, 7, 0, 9, 137.54
1735342021, 268, 17, 40, 0, 0, 0.17%, 7, 0, 9, 141.50
1735342026, 268, 20, 40, 0, 0, 0.17%, 7, 0, 9, 142.56
1735342031, 268, 22, 40, 0, 0, 0.17%, 7, 0, 9, 140.60
1735342036, 268, 26, 40, 0, 0, 0.17%, 7, 0, 9, 144.86
1735342041, 269, 10, 40, 0, 0, 0.17%, 7, 0, 9, 140.47
1735342046, 269, 13, 40, 0, 0, 0.17%, 7, 0, 9, 136.53
1735342052, 269, 17, 40, 0, 0, 0.17%, 7, 0, 9, 138.86
1735342057, 269, 20, 40, 0, 0, 0.17%, 7, 0, 9, 137.07
1735342062, 269, 39, 40, 0, 0, 0.17%, 7, 0, 9, 168.28
1735342087, 270, 2, 40, 0, 0, 0.17%, 7, 0, 9, 143.90
1735342093, 270, 10, 40, 0, 0, 0.17%, 7, 0, 9, 131.66
1735342098, 270, 17, 40, 0, 0, 0.17%, 7, 0, 9, 140.64
1735342103, 270, 20, 40, 0, 0, 0.17%, 7, 0, 9, 143.91
1735342113, 270, 27, 40, 0, 0, 0.17%, 7, 0, 9, 147.21
1735342118, 270, 31, 40, 0, 0, 0.17%, 7, 0, 9, 149.34
1735342123, 270, 33, 40, 0, 0, 0.17%, 7, 0, 9, 134.58
1735342128, 271, 10, 40, 0, 0, 0.17%, 7, 0, 9, 140.54
1735342133, 271, 13, 40, 0, 0, 0.17%, 7, 0, 9, 135.87
1735342139, 271, 17, 40, 0, 0, 0.17%, 7, 0, 9, 146.96
1735342144, 271, 20, 40, 0, 0, 0.17%, 7, 0, 9, 142.71
1735342149, 271, 30, 40, 0, 0, 0.17%, 7, 0, 9, 142.41
1735342154, 271, 38, 40, 0, 0, 0.17%, 7, 0, 9, 140.02
1735342169, 272, 13, 40, 0, 0, 0.17%, 7, 0, 9, 135.85
1735342174, 272, 17, 40, 0, 0, 0.17%, 7, 0, 9, 143.46
1735342179, 272, 20, 40, 0, 0, 0.17%, 7, 0, 9, 138.60
1735342184, 272, 27, 40, 0, 0, 0.17%, 7, 0, 9, 154.80
1735342195, 272, 37, 40, 0, 0, 0.17%, 7, 0, 9, 140.54
1735342200, 273, 10, 40, 0, 0, 0.17%, 7, 0, 9, 135.69
1735342205, 273, 13, 40, 0, 0, 0.17%, 7, 0, 9, 138.59
1735342210, 273, 17, 40, 0, 0, 0.17%, 7, 0, 9, 140.99
1735342215, 273, 20, 40, 0, 0, 0.17%, 7, 0, 9, 140.98
1735342220, 273, 33, 40, 0, 0, 0.17%, 7, 0, 9, 138.10
1735342225, 273, 34, 40, 0, 0, 0.17%, 7, 0, 9, 137.08
1735342241, 274, 13, 40, 0, 0, 0.17%, 7, 0, 9, 134.43
1735342246, 274, 17, 40, 0, 0, 0.17%, 7, 0, 9, 139.70
1735342251, 274, 20, 40, 0, 0, 0.17%, 7, 0, 9, 136.06
1735342256, 275, 7, 40, 0, 0, 0.17%, 7, 0, 9, 135.98
1735342261, 275, 13, 40, 0, 0, 0.17%, 7, 0, 9, 136.51
1735342266, 275, 17, 40, 0, 0, 0.17%, 7, 0, 9, 131.75
1735342271, 275, 18, 40, 0, 0, 0.17%, 7, 0, 9, 138.26
1735342276, 275, 20, 40, 0, 0, 0.17%, 7, 0, 9, 132.04
1735342281, 275, 21, 40, 0, 0, 0.17%, 7, 0, 9, 130.60
1735342287, 276, 3, 40, 0, 0, 0.17%, 7, 0, 9, 137.10
1735342292, 276, 13, 40, 0, 0, 0.17%, 7, 0, 9, 141.45
