# unix_time, cycles_done, cur_path, paths_total, pending_total, pending_favs, map_size, unique_crashes, unique_hangs, max_depth, execs_per_sec
1735622366, 0, 0, 10, 10, 1, 0.01%, 0, 0, 1, 84.03
1735622371, 0, 3, 10, 10, 1, 0.01%, 0, 0, 1, 104.26
1735622376, 0, 4, 10, 9, 0, 0.01%, 0, 0, 1, 103.52
1735622386, 0, 5, 10, 8, 0, 0.01%, 0, 0, 1, 103.00
1735622397, 0, 6, 10, 7, 0, 0.01%, 0, 0, 1, 101.61
1735622407, 0, 7, 10, 6, 0, 0.01%, 0, 0, 1, 99.78
1735622417, 0, 8, 10, 5, 0, 0.01%, 0, 0, 1, 98.46
1735622427, 0, 8, 11, 6, 0, 0.16%, 1, 0, 2, 99.45
1735622432, 0, 10, 13, 7, 1, 0.16%, 3, 0, 3, 135.45
1735622452, 0, 11, 13, 6, 2, 0.16%, 3, 0, 3, 131.57
1735622457, 0, 11, 14, 7, 2, 0.17%, 4, 0, 4, 119.46
1735622483, 0, 12, 14, 6, 2, 0.17%, 4, 0, 4, 135.14
1735622493, 0, 13, 15, 6, 1, 0.17%, 5, 0, 5, 138.97
1735622509, 0, 13, 16, 7, 1, 0.17%, 5, 0, 5, 112.09
1735622534, 0, 14, 16, 6, 1, 0.17%, 5, 0, 5, 137.53
1735622554, 1, 1, 16, 5, 0, 0.17%, 5, 0, 5, 107.08
1735622565, 1, 12, 16, 4, 0, 0.17%, 5, 0, 5, 111.63
1735622570, 1, 13, 16, 4, 0, 0.17%, 5, 0, 5, 111.57
1735622575, 1, 14, 16, 4, 0, 0.17%, 5, 0, 5, 110.51
1735622580, 2, 2, 16, 4, 0, 0.17%, 5, 0, 5, 92.25
1735622585, 2, 9, 16, 3, 0, 0.17%, 5, 0, 5, 101.35
1735622595, 2, 10, 16, 2, 0, 0.17%, 5, 0, 5, 109.80
1735622600, 2, 11, 16, 2, 0, 0.17%, 5, 0, 5, 110.01
1735622606, 2, 12, 16, 2, 0, 0.17%, 5, 0, 5, 110.98
1735622616, 2, 13, 16, 2, 0, 0.17%, 5, 0, 5, 108.21
1735622626, 2, 14, 16, 2, 0, 0.17%, 5, 0, 5, 108.96
1735622641, 3, 0, 16, 2, 0, 0.17%, 5, 0, 5, 93.76
1735622651, 3, 10, 16, 1, 0, 0.17%, 5, 0, 5, 106.75
1735622656, 3, 11, 16, 1, 0, 0.17%, 5, 0, 5, 106.01
1735622661, 3, 12, 16, 1, 0, 0.17%, 5, 0, 5, 108.28
1735622666, 3, 13, 16, 1, 0, 0.17%, 5, 0, 5, 108.68
1735622682, 3, 14, 16, 1, 0, 0.17%, 5, 0, 5, 107.64
1735622687, 3, 14, 17, 2, 0, 0.17%, 5, 0, 6, 112.43
1735622697, 3, 15, 17, 2, 0, 0.17%, 5, 0, 6, 114.76
1735622712, 3, 15, 18, 3, 0, 0.17%, 5, 0, 6, 114.76
1735622753, 4, 10, 18, 2, 0, 0.17%, 5, 0, 6, 107.50
1735622758, 4, 11, 18, 2, 0, 0.17%, 5, 0, 6, 107.16
1735622763, 4, 12, 18, 2, 0, 0.17%, 5, 0, 6, 106.21
1735622774, 4, 13, 18, 2, 0, 0.17%, 5, 0, 6, 109.35
1735622784, 4, 14, 19, 3, 0, 0.17%, 5, 0, 6, 108.11
1735622794, 4, 16, 19, 3, 0, 0.17%, 5, 0, 6, 112.51
1735622814, 4, 16, 20, 4, 0, 0.17%, 5, 0, 7, 117.19
1735622840, 4, 16, 21, 5, 0, 0.17%, 5, 0, 7, 115.76
1735622902, 4, 16, 22, 6, 0, 0.17%, 5, 0, 7, 115.07
1735622917, 4, 16, 25, 9, 0, 0.17%, 5, 0, 7, 124.19
1735622927, 4, 17, 25, 8, 0, 0.17%, 5, 0, 7, 179.10
1735622938, 4, 17, 26, 9, 0, 0.17%, 5, 0, 7, 133.00
1735622974, 4, 17, 27, 10, 0, 0.17%, 5, 0, 7, 126.41
1735622999, 4, 17, 28, 11, 0, 0.17%, 5, 0, 7, 125.62
1735623040, 4, 20, 28, 10, 0, 0.17%, 5, 0, 7, 149.87
1735623066, 4, 20, 29, 11, 0, 0.17%, 5, 0, 8, 137.44
1735623071, 4, 20, 30, 12, 0, 0.17%, 5, 0, 8, 137.08
1735623164, 4, 23, 30, 11, 0, 0.17%, 5, 0, 8, 144.79
1735623210, 4, 23, 31, 12, 0, 0.17%, 5, 0, 8, 131.74
1735623246, 4, 23, 32, 13, 0, 0.17%, 5, 0, 8, 133.67
1735623287, 4, 25, 32, 12, 0, 0.17%, 5, 0, 8, 191.10
1735623359, 4, 27, 32, 11, 0, 0.17%, 5, 0, 8, 184.18
1735623460, 4, 29, 32, 10, 0, 0.17%, 5, 0, 8, 178.39
1735623486, 4, 29, 34, 12, 0, 0.17%, 5, 0, 9, 151.69
1735623527, 4, 29, 35, 13, 0, 0.17%, 5, 0, 9, 142.25
1735623625, 4, 31, 35, 12, 0, 0.17%, 5, 0, 9, 151.96
1735623646, 4, 31, 36, 13, 0, 0.17%, 5, 0, 9, 152.54
1735623651, 4, 31, 37, 14, 0, 0.17%, 5, 0, 9, 153.66
1735623784, 4, 33, 37, 13, 0, 0.17%, 5, 0, 9, 167.37
1735623901, 4, 36, 37, 12, 0, 0.17%, 5, 0, 9, 155.70
1735623957, 4, 36, 39, 14, 0, 0.17%, 6, 0, 10, 259.83
1735624200, 4, 37, 39, 13, 0, 0.17%, 6, 0, 10, 146.03
1735624413, 5, 11, 39, 12, 0, 0.17%, 6, 0, 10, 125.35
1735624418, 5, 13, 39, 12, 0, 0.17%, 6, 0, 10, 129.31
1735624423, 5, 14, 39, 12, 0, 0.17%, 6, 0, 10, 136.63
1735624428, 5, 18, 39, 12, 0, 0.17%, 6, 0, 10, 141.23
1735624485, 5, 21, 39, 11, 0, 0.17%, 6, 0, 10, 165.38
1735624562, 5, 22, 39, 10, 0, 0.17%, 6, 0, 10, 199.81
1735624645, 5, 24, 39, 9, 0, 0.17%, 6, 0, 10, 150.51
1735624722, 5, 28, 39, 8, 0, 0.17%, 6, 0, 10, 128.76
1735624804, 5, 35, 39, 7, 0, 0.17%, 6, 0, 10, 119.98
1735625033, 6, 11, 39, 6, 0, 0.17%, 6, 0, 10, 127.66
1735625038, 6, 13, 39, 6, 0, 0.17%, 6, 0, 10, 123.22
1735625043, 6, 14, 39, 6, 0, 0.17%, 6, 0, 10, 129.16
1735625053, 6, 19, 39, 6, 0, 0.17%, 6, 0, 10, 209.99
1735625135, 6, 26, 39, 5, 0, 0.17%, 6, 0, 10, 160.72
1735625191, 7, 10, 39, 4, 0, 0.17%, 6, 0, 10, 127.68
1735625196, 7, 12, 39, 4, 0, 0.17%, 6, 0, 10, 125.91
1735625202, 7, 13, 39, 4, 0, 0.17%, 6, 0, 10, 131.22
1735625207, 7, 14, 39, 4, 0, 0.17%, 6, 0, 10, 130.61
1735625212, 7, 17, 39, 4, 0, 0.17%, 6, 0, 10, 132.74
1735625222, 7, 38, 39, 4, 0, 0.17%, 6, 0, 10, 154.32
1735625451, 8, 10, 39, 3, 0, 0.17%, 6, 0, 10, 128.79
1735625456, 8, 12, 39, 3, 0, 0.17%, 6, 0, 10, 129.95
1735625461, 8, 13, 39, 3, 0, 0.17%, 6, 0, 10, 136.86
1735625466, 8, 14, 39, 3, 0, 0.17%, 6, 0, 10, 129.80
1735625472, 8, 34, 39, 3, 0, 0.17%, 6, 0, 10, 182.50
1735625695, 9, 11, 39, 2, 0, 0.17%, 6, 0, 10, 132.61
1735625700, 9, 13, 39, 2, 0, 0.17%, 6, 0, 10, 136.94
1735625705, 9, 14, 39, 2, 0, 0.17%, 6, 0, 10, 132.13
1735625710, 9, 29, 39, 2, 0, 0.17%, 6, 0, 10, 138.10
1735625721, 9, 32, 39, 2, 0, 0.17%, 6, 0, 10, 173.54
1735625798, 10, 11, 39, 1, 0, 0.17%, 6, 0, 10, 135.32
1735625803, 10, 13, 39, 1, 0, 0.17%, 6, 0, 10, 139.35
1735625808, 10, 14, 39, 1, 0, 0.17%, 6, 0, 10, 143.28
1735625813, 10, 17, 39, 1, 0, 0.17%, 6, 0, 10, 149.63
1735625823, 10, 21, 39, 1, 0, 0.17%, 6, 0, 10, 142.07
1735625834, 11, 3, 39, 1, 0, 0.17%, 6, 0, 10, 138.60
1735625839, 11, 11, 39, 1, 0, 0.17%, 6, 0, 10, 141.68
1735625844, 11, 13, 39, 1, 0, 0.17%, 6, 0, 10, 137.30
1735625849, 11, 14, 39, 1, 0, 0.17%, 6, 0, 10, 139.45
1735625854, 11, 32, 39, 1, 0, 0.17%, 6, 0, 10, 143.29
1735625865, 12, 11, 39, 1, 0, 0.17%, 6, 0, 10, 139.21
1735625870, 12, 13, 39, 1, 0, 0.17%, 6, 0, 10, 132.81
1735625880, 12, 14, 39, 1, 0, 0.17%, 6, 0, 10, 138.85
1735625885, 12, 35, 39, 1, 0, 0.17%, 6, 0, 10, 147.08
1735625891, 13, 10, 39, 1, 0, 0.17%, 6, 0, 10, 139.77
1735625896, 13, 12, 39, 1, 0, 0.17%, 6, 0, 10, 140.90
1735625901, 13, 14, 39, 1, 0, 0.17%, 6, 0, 10, 142.81
1735625906, 13, 28, 39, 1, 0, 0.17%, 6, 0, 10, 144.59
1735625916, 13, 34, 39, 1, 0, 0.17%, 6, 0, 10, 162.16
1735625926, 14, 10, 39, 1, 0, 0.17%, 6, 0, 10, 138.51
1735625931, 14, 12, 39, 1, 0, 0.17%, 6, 0, 10, 139.44
1735625937, 14, 13, 39, 1, 0, 0.17%, 6, 0, 10, 142.59
1735625942, 14, 14, 39, 1, 0, 0.17%, 6, 0, 10, 147.04
1735625947, 14, 29, 39, 1, 0, 0.17%, 6, 0, 10, 151.61
1735625952, 15, 10, 39, 1, 0, 0.17%, 6, 0, 10, 146.03
1735625957, 15, 12, 39, 1, 0, 0.17%, 6, 0, 10, 138.49
1735625962, 15, 13, 39, 1, 0, 0.17%, 6, 0, 10, 140.17
1735625967, 15, 14, 39, 1, 0, 0.17%, 6, 0, 10, 130.84
1735625973, 16, 11, 39, 1, 0, 0.17%, 6, 0, 10, 137.10
1735625978, 16, 13, 39, 1, 0, 0.17%, 6, 0, 10, 139.67
1735625983, 16, 14, 39, 1, 0, 0.17%, 6, 0, 10, 146.35
1735625988, 16, 28, 39, 1, 0, 0.17%, 6, 0, 10, 135.83
1735625998, 16, 30, 39, 1, 0, 0.17%, 6, 0, 10, 168.15
1735626396, 17, 10, 39, 0, 0, 0.17%, 6, 0, 10, 143.57
1735626401, 17, 12, 39, 0, 0, 0.17%, 6, 0, 10, 135.73
1735626406, 17, 13, 39, 0, 0, 0.17%, 6, 0, 10, 139.04
1735626411, 17, 14, 39, 0, 0, 0.17%, 6, 0, 10, 140.88
1735626416, 17, 18, 39, 0, 0, 0.17%, 6, 0, 10, 141.53
1735626421, 17, 30, 39, 0, 0, 0.17%, 6, 0, 10, 154.40
1735626431, 18, 11, 39, 0, 0, 0.17%, 6, 0, 10, 139.72
1735626437, 18, 13, 39, 0, 0, 0.17%, 6, 0, 10, 135.19
1735626442, 18, 14, 39, 0, 0, 0.17%, 6, 0, 10, 142.98
1735626447, 18, 23, 39, 0, 0, 0.17%, 6, 0, 10, 140.14
1735626457, 19, 11, 39, 0, 0, 0.17%, 6, 0, 10, 138.07
1735626462, 19, 13, 39, 0, 0, 0.17%, 6, 0, 10, 133.22
1735626468, 19, 14, 39, 0, 0, 0.17%, 6, 0, 10, 135.43
1735626473, 19, 24, 39, 0, 0, 0.17%, 6, 0, 10, 133.04
1735626483, 19, 36, 39, 0, 0, 0.17%, 6, 0, 10, 158.69
1735626493, 20, 11, 39, 0, 0, 0.17%, 6, 0, 10, 138.32
1735626498, 20, 13, 39, 0, 0, 0.17%, 6, 0, 10, 134.56
1735626504, 20, 14, 39, 0, 0, 0.17%, 6, 0, 10, 139.98
1735626509, 20, 20, 39, 0, 0, 0.17%, 6, 0, 10, 140.65
1735626514, 20, 37, 39, 0, 0, 0.17%, 6, 0, 10, 148.62
1735626524, 21, 11, 39, 0, 0, 0.17%, 6, 0, 10, 138.64
1735626529, 21, 13, 39, 0, 0, 0.17%, 6, 0, 10, 134.99
1735626534, 21, 14, 39, 0, 0, 0.17%, 6, 0, 10, 139.93
1735626539, 21, 28, 39, 0, 0, 0.17%, 6, 0, 10, 138.33
1735626550, 22, 11, 39, 0, 0, 0.17%, 6, 0, 10, 144.50
1735626555, 22, 13, 39, 0, 0, 0.17%, 6, 0, 10, 137.89
1735626560, 22, 14, 39, 0, 0, 0.17%, 6, 0, 10, 139.75
1735626565, 22, 19, 39, 0, 0, 0.17%, 6, 0, 10, 146.78
1735626575, 22, 28, 39, 0, 0, 0.17%, 6, 0, 10, 140.28
1735626580, 23, 10, 39, 0, 0, 0.17%, 6, 0, 10, 137.15
1735626585, 23, 12, 39, 0, 0, 0.17%, 6, 0, 10, 138.04
1735626591, 23, 13, 39, 0, 0, 0.17%, 6, 0, 10, 138.07
1735626596, 23, 14, 39, 0, 0, 0.17%, 6, 0, 10, 140.88
1735626601, 24, 11, 39, 0, 0, 0.17%, 6, 0, 10, 145.04
1735626606, 24, 13, 39, 0, 0, 0.17%, 6, 0, 10, 137.77
1735626611, 24, 14, 39, 0, 0, 0.17%, 6, 0, 10, 132.42
1735626616, 25, 9, 39, 0, 0, 0.17%, 6, 0, 10, 140.28
1735626621, 25, 11, 39, 0, 0, 0.17%, 6, 0, 10, 138.90
1735626627, 25, 13, 39, 0, 0, 0.17%, 6, 0, 10, 133.99
1735626632, 25, 14, 39, 0, 0, 0.17%, 6, 0, 10, 133.15
1735626637, 25, 23, 39, 0, 0, 0.17%, 6, 0, 10, 140.87
1735626647, 25, 24, 39, 0, 0, 0.17%, 6, 0, 10, 144.25
1735626652, 25, 28, 39, 0, 0, 0.17%, 6, 0, 10, 141.78
1735626662, 25, 30, 39, 0, 0, 0.17%, 6, 0, 10, 155.80
1735626673, 25, 33, 39, 0, 0, 0.17%, 6, 0, 10, 146.13
1735626678, 26, 0, 39, 0, 0, 0.17%, 6, 0, 10, 141.04
1735626683, 26, 12, 39, 0, 0, 0.17%, 6, 0, 10, 146.28
1735626688, 26, 13, 39, 0, 0, 0.17%, 6, 0, 10, 132.76
1735626693, 26, 14, 39, 0, 0, 0.17%, 6, 0, 10, 135.46
1735626698, 26, 23, 39, 0, 0, 0.17%, 6, 0, 10, 142.47
1735626709, 27, 11, 39, 0, 0, 0.17%, 6, 0, 10, 133.22
1735626714, 27, 13, 39, 0, 0, 0.17%, 6, 0, 10, 132.27
1735626719, 27, 14, 39, 0, 0, 0.17%, 6, 0, 10, 135.64
1735626724, 28, 4, 39, 0, 0, 0.17%, 6, 0, 10, 134.99
1735626729, 28, 11, 39, 0, 0, 0.17%, 6, 0, 10, 136.22
1735626734, 28, 13, 39, 0, 0, 0.17%, 6, 0, 10, 139.33
1735626740, 28, 14, 39, 0, 0, 0.17%, 6, 0, 10, 142.92
1735626745, 29, 10, 39, 0, 0, 0.17%, 6, 0, 10, 134.61
1735626750, 29, 12, 39, 0, 0, 0.17%, 6, 0, 10, 139.50
1735626755, 29, 13, 39, 0, 0, 0.17%, 6, 0, 10, 138.53
1735626760, 29, 14, 39, 0, 0, 0.17%, 6, 0, 10, 144.89
1735626765, 30, 11, 39, 0, 0, 0.17%, 6, 0, 10, 142.38
1735626770, 30, 13, 39, 0, 0, 0.17%, 6, 0, 10, 139.38
1735626776, 30, 14, 39, 0, 0, 0.17%, 6, 0, 10, 137.84
1735626781, 31, 10, 39, 0, 0, 0.17%, 6, 0, 10, 136.87
1735626786, 31, 12, 39, 0, 0, 0.17%, 6, 0, 10, 134.89
1735626791, 31, 13, 39, 0, 0, 0.17%, 6, 0, 10, 138.82
1735626796, 31, 14, 39, 0, 0, 0.17%, 6, 0, 10, 128.63
1735626801, 31, 27, 39, 0, 0, 0.17%, 6, 0, 10, 142.02
1735626806, 32, 11, 39, 0, 0, 0.17%, 6, 0, 10, 135.27
1735626812, 32, 13, 39, 0, 0, 0.17%, 6, 0, 10, 134.67
1735626817, 32, 14, 39, 0, 0, 0.17%, 6, 0, 10, 137.35
1735626822, 32, 29, 39, 0, 0, 0.17%, 6, 0, 10, 146.10
1735626832, 32, 31, 39, 0, 0, 0.17%, 6, 0, 10, 150.63
1735626838, 32, 36, 39, 0, 0, 0.17%, 6, 0, 10, 152.24
1735626848, 33, 5, 39, 0, 0, 0.17%, 6, 0, 10, 140.03
1735626853, 33, 11, 39, 0, 0, 0.17%, 6, 0, 10, 139.01
1735626858, 33, 13, 39, 0, 0, 0.17%, 6, 0, 10, 132.82
1735626863, 33, 14, 39, 0, 0, 0.17%, 6, 0, 10, 140.51
1735626868, 34, 10, 39, 0, 0, 0.17%, 6, 0, 10, 142.86
1735626874, 34, 13, 39, 0, 0, 0.17%, 6, 0, 10, 142.94
1735626879, 34, 14, 39, 0, 0, 0.17%, 6, 0, 10, 134.38
1735626889, 34, 36, 39, 0, 0, 0.17%, 6, 0, 10, 160.79
1735626899, 35, 11, 39, 0, 0, 0.17%, 6, 0, 10, 137.11
1735626904, 35, 13, 39, 0, 0, 0.17%, 6, 0, 10, 132.56
1735626910, 35, 14, 39, 0, 0, 0.17%, 6, 0, 10, 134.23
1735626915, 36, 10, 39, 0, 0, 0.17%, 6, 0, 10, 137.44
1735626920, 36, 12, 39, 0, 0, 0.17%, 6, 0, 10, 137.52
1735626925, 36, 13, 39, 0, 0, 0.17%, 6, 0, 10, 139.90
1735626930, 36, 14, 39, 0, 0, 0.17%, 6, 0, 10, 142.73
1735626936, 36, 22, 39, 0, 0, 0.17%, 6, 0, 10, 150.02
1735626941, 36, 34, 39, 0, 0, 0.17%, 6, 0, 10, 147.39
1735626951, 37, 10, 39, 0, 0, 0.17%, 6, 0, 10, 136.82
1735626956, 37, 12, 39, 0, 0, 0.17%, 6, 0, 10, 139.06
1735626961, 37, 13, 39, 0, 0, 0.17%, 6, 0, 10, 137.22
1735626966, 37, 14, 39, 0, 0, 0.17%, 6, 0, 10, 135.33
1735626971, 37, 16, 39, 0, 0, 0.17%, 6, 0, 10, 135.25
1735626982, 38, 10, 39, 0, 0, 0.17%, 6, 0, 10, 140.64
1735626987, 38, 12, 39, 0, 0, 0.17%, 6, 0, 10, 138.02
1735626992, 38, 13, 39, 0, 0, 0.17%, 6, 0, 10, 143.15
1735626997, 38, 14, 39, 0, 0, 0.17%, 6, 0, 10, 133.87
1735627002, 38, 17, 39, 0, 0, 0.17%, 6, 0, 10, 137.11
1735627008, 38, 21, 39, 0, 0, 0.17%, 6, 0, 10, 141.88
1735627013, 38, 29, 39, 0, 0, 0.17%, 6, 0, 10, 148.06
1735627023, 38, 30, 39, 0, 0, 0.17%, 6, 0, 10, 160.26
1735627033, 39, 11, 39, 0, 0, 0.17%, 6, 0, 10, 143.87
1735627038, 39, 13, 39, 0, 0, 0.17%, 6, 0, 10, 136.88
1735627043, 39, 14, 39, 0, 0, 0.17%, 6, 0, 10, 136.55
1735627049, 40, 10, 39, 0, 0, 0.17%, 6, 0, 10, 139.43
1735627054, 40, 12, 39, 0, 0, 0.17%, 6, 0, 10, 138.12
1735627059, 40, 13, 39, 0, 0, 0.17%, 6, 0, 10, 136.74
1735627064, 40, 14, 39, 0, 0, 0.17%, 6, 0, 10, 140.97
1735627069, 40, 21, 39, 0, 0, 0.17%, 6, 0, 10, 138.31
1735627074, 40, 33, 39, 0, 0, 0.17%, 6, 0, 10, 146.30
1735627085, 41, 11, 39, 0, 0, 0.17%, 6, 0, 10, 143.15
1735627090, 41, 13, 39, 0, 0, 0.17%, 6, 0, 10, 140.91
1735627095, 41, 14, 39, 0, 0, 0.17%, 6, 0, 10, 145.62
1735627100, 41, 15, 39, 0, 0, 0.17%, 6, 0, 10, 139.90
1735627105, 41, 20, 39, 0, 0, 0.17%, 6, 0, 10, 137.95
1735627111, 41, 24, 39, 0, 0, 0.17%, 6, 0, 10, 140.33
1735627121, 42, 11, 39, 0, 0, 0.17%, 6, 0, 10, 137.53
1735627126, 42, 13, 39, 0, 0, 0.17%, 6, 0, 10, 138.30
1735627131, 42, 14, 39, 0, 0, 0.17%, 6, 0, 10, 137.85
1735627136, 42, 34, 39, 0, 0, 0.17%, 6, 0, 10, 149.61
1735627147, 42, 35, 39, 0, 0, 0.17%, 6, 0, 10, 150.79
1735627157, 43, 11, 39, 0, 0, 0.17%, 6, 0, 10, 141.38
1735627162, 43, 13, 39, 0, 0, 0.17%, 6, 0, 10, 134.92
1735627167, 43, 14, 39, 0, 0, 0.17%, 6, 0, 10, 141.45
1735627172, 43, 23, 39, 0, 0, 0.17%, 6, 0, 10, 147.39
1735627177, 43, 30, 39, 0, 0, 0.17%, 6, 0, 10, 145.18
1735627188, 43, 31, 39, 0, 0, 0.17%, 6, 0, 10, 149.03
1735627198, 44, 10, 39, 0, 0, 0.17%, 6, 0, 10, 141.83
1735627203, 44, 12, 39, 0, 0, 0.17%, 6, 0, 10, 142.74
1735627208, 44, 13, 39, 0, 0, 0.17%, 6, 0, 10, 140.92
1735627213, 44, 14, 39, 0, 0, 0.17%, 6, 0, 10, 140.06
1735627218, 44, 34, 39, 0, 0, 0.17%, 6, 0, 10, 159.65
1735627229, 45, 10, 39, 0, 0, 0.17%, 6, 0, 10, 134.70
1735627234, 45, 12, 39, 0, 0, 0.17%, 6, 0, 10, 139.04
1735627239, 45, 13, 39, 0, 0, 0.17%, 6, 0, 10, 137.45
1735627244, 45, 14, 39, 0, 0, 0.17%, 6, 0, 10, 132.44
1735627249, 45, 16, 39, 0, 0, 0.17%, 6, 0, 10, 135.47
1735627260, 45, 37, 39, 0, 0, 0.17%, 6, 0, 10, 148.46
1735627265, 46, 10, 39, 0, 0, 0.17%, 6, 0, 10, 134.84
1735627270, 46, 11, 39, 0, 0, 0.17%, 6, 0, 10, 136.50
1735627275, 46, 13, 39, 0, 0, 0.17%, 6, 0, 10, 135.70
1735627280, 46, 14, 39, 0, 0, 0.17%, 6, 0, 10, 137.23
1735627285, 46, 37, 39, 0, 0, 0.17%, 6, 0, 10, 154.12
1735627296, 47, 11, 39, 0, 0, 0.17%, 6, 0, 10, 133.65
1735627301, 47, 13, 39, 0, 0, 0.17%, 6, 0, 10, 137.93
1735627306, 47, 14, 39, 0, 0, 0.17%, 6, 0, 10, 137.87
1735627316, 47, 32, 39, 0, 0, 0.17%, 6, 0, 10, 148.01
1735627321, 48, 10, 39, 0, 0, 0.17%, 6, 0, 10, 145.53
1735627327, 48, 12, 39, 0, 0, 0.17%, 6, 0, 10, 141.78
1735627332, 48, 13, 39, 0, 0, 0.17%, 6, 0, 10, 141.49
1735627337, 48, 14, 39, 0, 0, 0.17%, 6, 0, 10, 142.29
1735627342, 48, 22, 39, 0, 0, 0.17%, 6, 0, 10, 141.33
1735627347, 48, 24, 39, 0, 0, 0.17%, 6, 0, 10, 145.39
1735627352, 48, 27, 39, 0, 0, 0.17%, 6, 0, 10, 137.64
1735627357, 49, 8, 39, 0, 0, 0.17%, 6, 0, 10, 141.22
1735627363, 49, 11, 39, 0, 0, 0.17%, 6, 0, 10, 139.22
1735627368, 49, 13, 39, 0, 0, 0.17%, 6, 0, 10, 140.12
1735627373, 49, 14, 39, 0, 0, 0.17%, 6, 0, 10, 139.21
1735627378, 50, 10, 39, 0, 0, 0.17%, 6, 0, 10, 141.55
1735627383, 50, 12, 39, 0, 0, 0.17%, 6, 0, 10, 134.09
1735627388, 50, 13, 39, 0, 0, 0.17%, 6, 0, 10, 140.03
1735627394, 50, 14, 39, 0, 0, 0.17%, 6, 0, 10, 141.48
1735627399, 50, 17, 39, 0, 0, 0.17%, 6, 0, 10, 144.31
1735627404, 51, 11, 39, 0, 0, 0.17%, 6, 0, 10, 143.57
1735627409, 51, 13, 39, 0, 0, 0.17%, 6, 0, 10, 137.90
1735627414, 51, 14, 39, 0, 0, 0.17%, 6, 0, 10, 139.67
1735627424, 51, 22, 39, 0, 0, 0.17%, 6, 0, 10, 140.23
1735627429, 51, 29, 39, 0, 0, 0.17%, 6, 0, 10, 146.61
1735627435, 51, 38, 39, 0, 0, 0.17%, 6, 0, 10, 148.09
1735627450, 52, 11, 39, 0, 0, 0.17%, 6, 0, 10, 137.79
1735627455, 52, 13, 39, 0, 0, 0.17%, 6, 0, 10, 135.50
1735627460, 52, 14, 39, 0, 0, 0.17%, 6, 0, 10, 134.08
1735627465, 53, 10, 39, 0, 0, 0.17%, 6, 0, 10, 136.26
1735627470, 53, 12, 39, 0, 0, 0.17%, 6, 0, 10, 133.45
1735627476, 53, 13, 39, 0, 0, 0.17%, 6, 0, 10, 138.28
1735627481, 53, 14, 39, 0, 0, 0.17%, 6, 0, 10, 142.25
1735627486, 53, 20, 39, 0, 0, 0.17%, 6, 0, 10, 144.32
1735627491, 54, 11, 39, 0, 0, 0.17%, 6, 0, 10, 140.24
1735627496, 54, 13, 39, 0, 0, 0.17%, 6, 0, 10, 136.73
1735627501, 54, 14, 39, 0, 0, 0.17%, 6, 0, 10, 134.55
1735627507, 55, 3, 39, 0, 0, 0.17%, 6, 0, 10, 139.25
1735627512, 55, 11, 39, 0, 0, 0.17%, 6, 0, 10, 133.81
1735627517, 55, 13, 39, 0, 0, 0.17%, 6, 0, 10, 137.67
1735627522, 55, 14, 39, 0, 0, 0.17%, 6, 0, 10, 137.13
1735627527, 55, 16, 39, 0, 0, 0.17%, 6, 0, 10, 136.64
1735627532, 55, 32, 39, 0, 0, 0.17%, 6, 0, 10, 142.56
1735627542, 55, 37, 39, 0, 0, 0.17%, 6, 0, 10, 149.22
1735627547, 55, 38, 39, 0, 0, 0.17%, 6, 0, 10, 152.04
1735627558, 56, 10, 39, 0, 0, 0.17%, 6, 0, 10, 139.86
1735627563, 56, 12, 39, 0, 0, 0.17%, 6, 0, 10, 143.92
1735627568, 56, 13, 39, 0, 0, 0.17%, 6, 0, 10, 134.86
1735627573, 56, 14, 39, 0, 0, 0.17%, 6, 0, 10, 135.09
1735627578, 56, 26, 39, 0, 0, 0.17%, 6, 0, 10, 150.20
1735627584, 57, 11, 39, 0, 0, 0.17%, 6, 0, 10, 144.54
1735627589, 57, 13, 39, 0, 0, 0.17%, 6, 0, 10, 142.00
1735627594, 57, 14, 39, 0, 0, 0.17%, 6, 0, 10, 146.05
1735627599, 57, 33, 39, 0, 0, 0.17%, 6, 0, 10, 146.93
1735627609, 58, 10, 39, 0, 0, 0.17%, 6, 0, 10, 139.21
1735627614, 58, 12, 39, 0, 0, 0.17%, 6, 0, 10, 133.66
1735627619, 58, 13, 39, 0, 0, 0.17%, 6, 0, 10, 136.95
1735627625, 58, 14, 39, 0, 0, 0.17%, 6, 0, 10, 139.88
1735627630, 58, 33, 39, 0, 0, 0.17%, 6, 0, 10, 156.57
1735627635, 59, 9, 39, 0, 0, 0.17%, 6, 0, 10, 139.98
1735627640, 59, 11, 39, 0, 0, 0.17%, 6, 0, 10, 142.29
1735627645, 59, 13, 39, 0, 0, 0.17%, 6, 0, 10, 136.35
1735627650, 59, 14, 39, 0, 0, 0.17%, 6, 0, 10, 135.32
1735627655, 59, 23, 39, 0, 0, 0.17%, 6, 0, 10, 146.03
1735627661, 59, 34, 39, 0, 0, 0.17%, 6, 0, 10, 139.43
1735627676, 60, 10, 39, 0, 0, 0.17%, 6, 0, 10, 135.27
1735627681, 60, 12, 39, 0, 0, 0.17%, 6, 0, 10, 139.68
1735627686, 60, 13, 39, 0, 0, 0.17%, 6, 0, 10, 140.34
1735627691, 60, 14, 39, 0, 0, 0.17%, 6, 0, 10, 145.66
1735627697, 60, 21, 39, 0, 0, 0.17%, 6, 0, 10, 145.01
1735627702, 60, 23, 39, 0, 0, 0.17%, 6, 0, 10, 147.12
1735627707, 60, 35, 39, 0, 0, 0.17%, 6, 0, 10, 147.91
1735627717, 61, 11, 39, 0, 0, 0.17%, 6, 0, 10, 139.40
1735627722, 61, 13, 39, 0, 0, 0.17%, 6, 0, 10, 141.47
1735627727, 61, 14, 39, 0, 0, 0.17%, 6, 0, 10, 141.22
1735627733, 62, 3, 39, 0, 0, 0.17%, 6, 0, 10, 138.70
1735627738, 62, 11, 39, 0, 0, 0.17%, 6, 0, 10, 134.58
1735627743, 62, 13, 39, 0, 0, 0.17%, 6, 0, 10, 135.74
1735627748, 62, 14, 39, 0, 0, 0.17%, 6, 0, 10, 137.29
1735627753, 62, 17, 39, 0, 0, 0.17%, 6, 0, 10, 145.25
1735627758, 62, 19, 39, 0, 0, 0.17%, 6, 0, 10, 154.81
1735627768, 62, 25, 39, 0, 0, 0.17%, 6, 0, 10, 145.03
1735627774, 63, 11, 39, 0, 0, 0.17%, 6, 0, 10, 139.40
1735627779, 63, 13, 39, 0, 0, 0.17%, 6, 0, 10, 134.02
1735627784, 63, 14, 39, 0, 0, 0.17%, 6, 0, 10, 143.87
1735627789, 63, 17, 39, 0, 0, 0.17%, 6, 0, 10, 143.95
1735627794, 64, 10, 39, 0, 0, 0.17%, 6, 0, 10, 139.89
1735627799, 64, 12, 39, 0, 0, 0.17%, 6, 0, 10, 135.64
1735627805, 64, 13, 39, 0, 0, 0.17%, 6, 0, 10, 140.20
1735627810, 64, 14, 39, 0, 0, 0.17%, 6, 0, 10, 132.13
1735627815, 64, 23, 39, 0, 0, 0.17%, 6, 0, 10, 137.40
1735627820, 64, 33, 39, 0, 0, 0.17%, 6, 0, 10, 148.24
1735627830, 65, 10, 39, 0, 0, 0.17%, 6, 0, 10, 139.98
1735627835, 65, 12, 39, 0, 0, 0.17%, 6, 0, 10, 134.65
1735627840, 65, 13, 39, 0, 0, 0.17%, 6, 0, 10, 138.21
1735627846, 65, 14, 39, 0, 0, 0.17%, 6, 0, 10, 133.21
1735627851, 65, 36, 39, 0, 0, 0.17%, 6, 0, 10, 161.13
1735627861, 66, 3, 39, 0, 0, 0.17%, 6, 0, 10, 144.47
1735627866, 66, 11, 39, 0, 0, 0.17%, 6, 0, 10, 143.57
1735627871, 66, 13, 39, 0, 0, 0.17%, 6, 0, 10, 139.59
1735627877, 66, 14, 39, 0, 0, 0.17%, 6, 0, 10, 145.38
1735627882, 66, 28, 39, 0, 0, 0.17%, 6, 0, 10, 140.88
1735627892, 67, 10, 39, 0, 0, 0.17%, 6, 0, 10, 136.07
1735627897, 67, 12, 39, 0, 0, 0.17%, 6, 0, 10, 137.35
1735627902, 67, 13, 39, 0, 0, 0.17%, 6, 0, 10, 133.97
1735627907, 67, 14, 39, 0, 0, 0.17%, 6, 0, 10, 137.33
1735627913, 67, 30, 39, 0, 0, 0.17%, 6, 0, 10, 156.45
1735627923, 67, 36, 39, 0, 0, 0.17%, 6, 0, 10, 164.68
1735627933, 68, 0, 39, 0, 0, 0.17%, 6, 0, 10, 132.33
1735627938, 68, 11, 39, 0, 0, 0.17%, 6, 0, 10, 136.98
1735627943, 68, 13, 39, 0, 0, 0.17%, 6, 0, 10, 142.81
1735627949, 68, 14, 39, 0, 0, 0.17%, 6, 0, 10, 132.61
1735627954, 68, 24, 39, 0, 0, 0.17%, 6, 0, 10, 144.84
1735627964, 68, 26, 39, 0, 0, 0.17%, 6, 0, 10, 135.73
1735627969, 69, 11, 39, 0, 0, 0.17%, 6, 0, 10, 135.81
1735627974, 69, 13, 39, 0, 0, 0.17%, 6, 0, 10, 129.78
1735627979, 69, 14, 39, 0, 0, 0.17%, 6, 0, 10, 132.14
1735627984, 70, 10, 39, 0, 0, 0.17%, 6, 0, 10, 145.43
1735627990, 70, 12, 39, 0, 0, 0.17%, 6, 0, 10, 141.27
1735627995, 70, 13, 39, 0, 0, 0.17%, 6, 0, 10, 140.27
1735628000, 70, 14, 39, 0, 0, 0.17%, 6, 0, 10, 137.79
1735628005, 71, 4, 39, 0, 0, 0.17%, 6, 0, 10, 151.30
1735628010, 71, 11, 39, 0, 0, 0.17%, 6, 0, 10, 141.52
1735628015, 71, 13, 39, 0, 0, 0.17%, 6, 0, 10, 138.64
1735628020, 71, 14, 39, 0, 0, 0.17%, 6, 0, 10, 137.20
1735628026, 71, 17, 39, 0, 0, 0.17%, 6, 0, 10, 137.71
1735628031, 71, 21, 39, 0, 0, 0.17%, 6, 0, 10, 142.43
1735628041, 72, 10, 39, 0, 0, 0.17%, 6, 0, 10, 134.39
1735628046, 72, 12, 39, 0, 0, 0.17%, 6, 0, 10, 135.72
1735628051, 72, 13, 39, 0, 0, 0.17%, 6, 0, 10, 134.10
1735628056, 72, 14, 39, 0, 0, 0.17%, 6, 0, 10, 142.26
1735628062, 72, 18, 39, 0, 0, 0.17%, 6, 0, 10, 145.98
1735628067, 72, 22, 39, 0, 0, 0.17%, 6, 0, 10, 140.58
1735628072, 72, 30, 39, 0, 0, 0.17%, 6, 0, 10, 156.05
1735628082, 73, 2, 39, 0, 0, 0.17%, 6, 0, 10, 140.43
1735628087, 73, 11, 39, 0, 0, 0.17%, 6, 0, 10, 146.83
1735628092, 73, 12, 39, 0, 0, 0.17%, 6, 0, 10, 135.18
1735628097, 73, 13, 39, 0, 0, 0.17%, 6, 0, 10, 133.82
1735628103, 73, 14, 39, 0, 0, 0.17%, 6, 0, 10, 140.37
1735628108, 74, 11, 39, 0, 0, 0.17%, 6, 0, 10, 139.28
1735628113, 74, 13, 39, 0, 0, 0.17%, 6, 0, 10, 135.56
1735628118, 74, 14, 39, 0, 0, 0.17%, 6, 0, 10, 137.52
1735628123, 75, 10, 39, 0, 0, 0.17%, 6, 0, 10, 133.06
1735628128, 75, 12, 39, 0, 0, 0.17%, 6, 0, 10, 133.24
1735628134, 75, 13, 39, 0, 0, 0.17%, 6, 0, 10, 131.39
1735628139, 75, 14, 39, 0, 0, 0.17%, 6, 0, 10, 137.22
1735628144, 75, 15, 39, 0, 0, 0.17%, 6, 0, 10, 138.87
1735628149, 76, 10, 39, 0, 0, 0.17%, 6, 0, 10, 136.74
1735628154, 76, 12, 39, 0, 0, 0.17%, 6, 0, 10, 140.27
1735628159, 76, 13, 39, 0, 0, 0.17%, 6, 0, 10, 135.69
1735628165, 76, 14, 39, 0, 0, 0.17%, 6, 0, 10, 135.59
1735628170, 76, 18, 39, 0, 0, 0.17%, 6, 0, 10, 140.97
1735628175, 76, 25, 39, 0, 0, 0.17%, 6, 0, 10, 148.48
1735628180, 76, 35, 39, 0, 0, 0.17%, 6, 0, 10, 156.54
1735628185, 77, 10, 39, 0, 0, 0.17%, 6, 0, 10, 146.35
1735628190, 77, 12, 39, 0, 0, 0.17%, 6, 0, 10, 145.45
1735628195, 77, 13, 39, 0, 0, 0.17%, 6, 0, 10, 138.12
1735628200, 77, 14, 39, 0, 0, 0.17%, 6, 0, 10, 138.85
1735628205, 78, 11, 39, 0, 0, 0.17%, 6, 0, 10, 144.07
1735628211, 78, 13, 39, 0, 0, 0.17%, 6, 0, 10, 141.09
1735628216, 78, 14, 39, 0, 0, 0.17%, 6, 0, 10, 138.94
1735628221, 78, 18, 39, 0, 0, 0.17%, 6, 0, 10, 133.48
1735628226, 79, 10, 39, 0, 0, 0.17%, 6, 0, 10, 141.36
1735628231, 79, 12, 39, 0, 0, 0.17%, 6, 0, 10, 139.77
1735628236, 79, 13, 39, 0, 0, 0.17%, 6, 0, 10, 139.50
1735628242, 79, 14, 39, 0, 0, 0.17%, 6, 0, 10, 140.03
1735628247, 80, 11, 39, 0, 0, 0.17%, 6, 0, 10, 138.53
1735628252, 80, 13, 39, 0, 0, 0.17%, 6, 0, 10, 138.89
1735628257, 80, 14, 39, 0, 0, 0.17%, 6, 0, 10, 141.81
1735628262, 80, 21, 39, 0, 0, 0.17%, 6, 0, 10, 142.84
1735628273, 81, 11, 39, 0, 0, 0.17%, 6, 0, 10, 142.02
1735628278, 81, 13, 39, 0, 0, 0.17%, 6, 0, 10, 138.32
1735628283, 81, 14, 39, 0, 0, 0.17%, 6, 0, 10, 140.14
1735628288, 81, 20, 39, 0, 0, 0.17%, 6, 0, 10, 140.47
1735628293, 81, 30, 39, 0, 0, 0.17%, 6, 0, 10, 141.41
1735628303, 82, 2, 39, 0, 0, 0.17%, 6, 0, 10, 146.84
1735628308, 82, 11, 39, 0, 0, 0.17%, 6, 0, 10, 140.05
1735628314, 82, 13, 39, 0, 0, 0.17%, 6, 0, 10, 138.51
1735628319, 82, 14, 39, 0, 0, 0.17%, 6, 0, 10, 143.80
1735628324, 82, 18, 39, 0, 0, 0.17%, 6, 0, 10, 139.09
1735628329, 82, 26, 39, 0, 0, 0.17%, 6, 0, 10, 149.47
1735628334, 82, 38, 39, 0, 0, 0.17%, 6, 0, 10, 147.94
1735628350, 83, 12, 39, 0, 0, 0.17%, 6, 0, 10, 140.75
1735628355, 83, 13, 39, 0, 0, 0.17%, 6, 0, 10, 137.77
1735628360, 83, 14, 39, 0, 0, 0.17%, 6, 0, 10, 132.70
1735628365, 83, 32, 39, 0, 0, 0.17%, 6, 0, 10, 149.75
1735628375, 84, 11, 39, 0, 0, 0.17%, 6, 0, 10, 136.63
1735628381, 84, 13, 39, 0, 0, 0.17%, 6, 0, 10, 137.07
1735628386, 84, 14, 39, 0, 0, 0.17%, 6, 0, 10, 135.11
1735628391, 84, 16, 39, 0, 0, 0.17%, 6, 0, 10, 138.12
1735628396, 84, 38, 39, 0, 0, 0.17%, 6, 0, 10, 154.57
1735628406, 85, 4, 39, 0, 0, 0.17%, 6, 0, 10, 144.18
1735628411, 85, 10, 39, 0, 0, 0.17%, 6, 0, 10, 138.54
1735628417, 85, 12, 39, 0, 0, 0.17%, 6, 0, 10, 135.77
1735628422, 85, 13, 39, 0, 0, 0.17%, 6, 0, 10, 138.75
1735628427, 85, 14, 39, 0, 0, 0.17%, 6, 0, 10, 148.07
1735628432, 85, 17, 39, 0, 0, 0.17%, 6, 0, 10, 138.66
1735628437, 86, 11, 39, 0, 0, 0.17%, 6, 0, 10, 136.73
1735628442, 86, 13, 39, 0, 0, 0.17%, 6, 0, 10, 131.87
1735628447, 86, 14, 39, 0, 0, 0.17%, 6, 0, 10, 139.42
1735628453, 86, 24, 39, 0, 0, 0.17%, 6, 0, 10, 137.73
1735628463, 87, 11, 39, 0, 0, 0.17%, 6, 0, 10, 138.71
1735628468, 87, 13, 39, 0, 0, 0.17%, 6, 0, 10, 142.30
1735628473, 87, 14, 39, 0, 0, 0.17%, 6, 0, 10, 131.71
1735628478, 88, 10, 39, 0, 0, 0.17%, 6, 0, 10, 137.70
1735628483, 88, 12, 39, 0, 0, 0.17%, 6, 0, 10, 137.53
1735628489, 88, 13, 39, 0, 0, 0.17%, 6, 0, 10, 135.92
1735628494, 88, 14, 39, 0, 0, 0.17%, 6, 0, 10, 135.98
1735628499, 88, 33, 39, 0, 0, 0.17%, 6, 0, 10, 150.11
1735628504, 88, 37, 39, 0, 0, 0.17%, 6, 0, 10, 156.44
1735628514, 89, 11, 39, 0, 0, 0.17%, 6, 0, 10, 133.72
1735628519, 89, 13, 39, 0, 0, 0.17%, 6, 0, 10, 133.62
1735628524, 89, 14, 39, 0, 0, 0.17%, 6, 0, 10, 130.85
1735628529, 89, 25, 39, 0, 0, 0.17%, 6, 0, 10, 143.23
1735628534, 89, 27, 39, 0, 0, 0.17%, 6, 0, 10, 152.09
1735628539, 90, 10, 39, 0, 0, 0.17%, 6, 0, 10, 148.12
1735628545, 90, 12, 39, 0, 0, 0.17%, 6, 0, 10, 138.68
1735628550, 90, 13, 39, 0, 0, 0.17%, 6, 0, 10, 138.27
1735628555, 90, 14, 39, 0, 0, 0.17%, 6, 0, 10, 134.12
1735628560, 90, 20, 40, 1, 0, 0.17%, 7, 0, 10, 140.08
1735628565, 90, 21, 40, 1, 0, 0.17%, 7, 0, 10, 141.56
1735628575, 90, 27, 40, 1, 0, 0.17%, 7, 0, 10, 151.34
1735628580, 90, 31, 40, 1, 0, 0.17%, 7, 0, 10, 143.97
1735628585, 91, 10, 40, 1, 0, 0.17%, 7, 0, 10, 139.48
1735628591, 91, 12, 40, 1, 0, 0.17%, 7, 0, 10, 136.84
1735628596, 91, 13, 40, 1, 0, 0.17%, 7, 0, 10, 132.29
1735628601, 91, 14, 40, 1, 0, 0.17%, 7, 0, 10, 144.48
1735628606, 91, 37, 40, 1, 0, 0.17%, 7, 0, 10, 148.82
1735628611, 91, 39, 40, 1, 0, 0.17%, 7, 0, 10, 130.49
1735629080, 92, 10, 40, 0, 0, 0.17%, 7, 0, 10, 147.74
1735629085, 92, 12, 40, 0, 0, 0.17%, 7, 0, 10, 140.35
1735629090, 92, 13, 40, 0, 0, 0.17%, 7, 0, 10, 142.16
1735629095, 92, 14, 40, 0, 0, 0.17%, 7, 0, 10, 144.19
1735629101, 92, 24, 40, 0, 0, 0.17%, 7, 0, 10, 141.64
1735629106, 92, 29, 40, 0, 0, 0.17%, 7, 0, 10, 140.92
1735629116, 93, 11, 40, 0, 0, 0.17%, 7, 0, 10, 135.29
1735629121, 93, 13, 40, 0, 0, 0.17%, 7, 0, 10, 140.86
1735629126, 93, 14, 40, 0, 0, 0.17%, 7, 0, 10, 135.95
1735629131, 93, 19, 40, 0, 0, 0.17%, 7, 0, 10, 143.06
1735629137, 93, 22, 40, 0, 0, 0.17%, 7, 0, 10, 146.75
1735629147, 94, 10, 40, 0, 0, 0.17%, 7, 0, 10, 140.25
1735629152, 94, 12, 40, 0, 0, 0.17%, 7, 0, 10, 139.83
1735629157, 94, 13, 40, 0, 0, 0.17%, 7, 0, 10, 135.53
1735629163, 94, 14, 40, 0, 0, 0.17%, 7, 0, 10, 137.56
1735629168, 95, 10, 40, 0, 0, 0.17%, 7, 0, 10, 139.31
1735629173, 95, 12, 40, 0, 0, 0.17%, 7, 0, 10, 145.03
1735629178, 95, 13, 40, 0, 0, 0.17%, 7, 0, 10, 144.81
1735629183, 95, 14, 40, 0, 0, 0.17%, 7, 0, 10, 143.43
1735629188, 95, 29, 40, 0, 0, 0.17%, 7, 0, 10, 148.43
1735629193, 96, 10, 40, 0, 0, 0.17%, 7, 0, 10, 142.55
1735629198, 96, 12, 40, 0, 0, 0.17%, 7, 0, 10, 138.88
1735629203, 96, 13, 40, 0, 0, 0.17%, 7, 0, 10, 136.38
1735629208, 96, 14, 40, 0, 0, 0.17%, 7, 0, 10, 142.08
1735629213, 96, 23, 40, 0, 0, 0.17%, 7, 0, 10, 144.05
1735629219, 97, 5, 40, 0, 0, 0.17%, 7, 0, 10, 141.06
1735629224, 97, 11, 40, 0, 0, 0.17%, 7, 0, 10, 144.61
1735629229, 97, 13, 40, 0, 0, 0.17%, 7, 0, 10, 135.89
1735629234, 97, 14, 40, 0, 0, 0.17%, 7, 0, 10, 141.23
1735629239, 97, 16, 40, 0, 0, 0.17%, 7, 0, 10, 141.34
1735629244, 97, 20, 40, 0, 0, 0.17%, 7, 0, 10, 135.84
1735629249, 98, 10, 40, 0, 0, 0.17%, 7, 0, 10, 140.52
1735629254, 98, 12, 40, 0, 0, 0.17%, 7, 0, 10, 140.11
1735629259, 98, 13, 40, 0, 0, 0.17%, 7, 0, 10, 139.33
1735629265, 98, 14, 40, 0, 0, 0.17%, 7, 0, 10, 143.27
1735629270, 99, 11, 40, 0, 0, 0.17%, 7, 0, 10, 141.92
1735629275, 99, 13, 40, 0, 0, 0.17%, 7, 0, 10, 138.56
1735629280, 99, 14, 40, 0, 0, 0.17%, 7, 0, 10, 137.55
1735629285, 99, 30, 40, 0, 0, 0.17%, 7, 0, 10, 150.56
1735629296, 100, 1, 40, 0, 0, 0.17%, 7, 0, 10, 142.13
1735629301, 100, 8, 40, 0, 0, 0.17%, 7, 0, 10, 143.48
1735629306, 100, 12, 40, 0, 0, 0.17%, 7, 0, 10, 147.20
1735629311, 100, 13, 40, 0, 0, 0.17%, 7, 0, 10, 139.63
1735629316, 100, 14, 40, 0, 0, 0.17%, 7, 0, 10, 141.85
1735629321, 101, 10, 40, 0, 0, 0.17%, 7, 0, 10, 134.33
1735629327, 101, 12, 40, 0, 0, 0.17%, 7, 0, 10, 136.15
1735629332, 101, 13, 40, 0, 0, 0.17%, 7, 0, 10, 135.32
1735629337, 101, 14, 40, 0, 0, 0.17%, 7, 0, 10, 141.25
1735629342, 102, 11, 40, 0, 0, 0.17%, 7, 0, 10, 132.70
1735629347, 102, 13, 40, 0, 0, 0.17%, 7, 0, 10, 138.67
1735629352, 102, 14, 40, 0, 0, 0.17%, 7, 0, 10, 145.59
1735629357, 102, 21, 40, 0, 0, 0.17%, 7, 0, 10, 143.34
1735629368, 103, 11, 40, 0, 0, 0.17%, 7, 0, 10, 141.91
1735629373, 103, 13, 40, 0, 0, 0.17%, 7, 0, 10, 136.80
1735629378, 103, 14, 40, 0, 0, 0.17%, 7, 0, 10, 137.27
1735629383, 103, 29, 40, 0, 0, 0.17%, 7, 0, 10, 148.94
1735629393, 103, 36, 40, 0, 0, 0.17%, 7, 0, 10, 166.06
1735629403, 104, 10, 40, 0, 0, 0.17%, 7, 0, 10, 142.52
1735629408, 104, 12, 40, 0, 0, 0.17%, 7, 0, 10, 135.97
1735629413, 104, 13, 40, 0, 0, 0.17%, 7, 0, 10, 140.04
1735629419, 104, 14, 40, 0, 0, 0.17%, 7, 0, 10, 143.96
1735629424, 104, 28, 40, 0, 0, 0.17%, 7, 0, 10, 143.41
1735629429, 104, 34, 40, 0, 0, 0.17%, 7, 0, 10, 145.95
1735629444, 105, 11, 40, 0, 0, 0.17%, 7, 0, 10, 141.22
1735629450, 105, 13, 40, 0, 0, 0.17%, 7, 0, 10, 141.08
1735629455, 105, 14, 40, 0, 0, 0.17%, 7, 0, 10, 133.32
1735629460, 105, 20, 40, 0, 0, 0.17%, 7, 0, 10, 142.60
1735629465, 106, 4, 40, 0, 0, 0.17%, 7, 0, 10, 152.60
1735629470, 106, 11, 40, 0, 0, 0.17%, 7, 0, 10, 146.07
1735629475, 106, 13, 40, 0, 0, 0.17%, 7, 0, 10, 142.56
1735629481, 106, 14, 40, 0, 0, 0.17%, 7, 0, 10, 144.15
1735629486, 106, 30, 40, 0, 0, 0.17%, 7, 0, 10, 159.12
1735629496, 107, 10, 40, 0, 0, 0.17%, 7, 0, 10, 137.54
1735629501, 107, 12, 40, 0, 0, 0.17%, 7, 0, 10, 138.02
1735629506, 107, 13, 40, 0, 0, 0.17%, 7, 0, 10, 132.80
1735629511, 107, 14, 40, 0, 0, 0.17%, 7, 0, 10, 135.23
1735629517, 107, 36, 40, 0, 0, 0.17%, 7, 0, 10, 168.56
1735629527, 108, 11, 40, 0, 0, 0.17%, 7, 0, 10, 141.20
1735629532, 108, 12, 40, 0, 0, 0.17%, 7, 0, 10, 146.15
1735629537, 108, 14, 40, 0, 0, 0.17%, 7, 0, 10, 145.38
1735629542, 109, 9, 40, 0, 0, 0.17%, 7, 0, 10, 145.31
1735629547, 109, 11, 40, 0, 0, 0.17%, 7, 0, 10, 135.26
1735629553, 109, 13, 40, 0, 0, 0.17%, 7, 0, 10, 135.91
1735629558, 109, 14, 40, 0, 0, 0.17%, 7, 0, 10, 141.01
1735629563, 110, 10, 40, 0, 0, 0.17%, 7, 0, 10, 139.75
1735629568, 110, 12, 40, 0, 0, 0.17%, 7, 0, 10, 141.91
1735629573, 110, 13, 40, 0, 0, 0.17%, 7, 0, 10, 135.65
1735629578, 110, 14, 40, 0, 0, 0.17%, 7, 0, 10, 141.28
1735629584, 110, 16, 40, 0, 0, 0.17%, 7, 0, 10, 133.55
1735629589, 110, 24, 40, 0, 0, 0.17%, 7, 0, 10, 142.17
1735629594, 110, 27, 40, 0, 0, 0.17%, 7, 0, 10, 143.66
1735629599, 111, 8, 40, 0, 0, 0.17%, 7, 0, 10, 140.09
1735629604, 111, 11, 40, 0, 0, 0.17%, 7, 0, 10, 140.86
1735629609, 111, 13, 40, 0, 0, 0.17%, 7, 0, 10, 139.76
1735629615, 111, 14, 40, 0, 0, 0.17%, 7, 0, 10, 138.83
1735629620, 112, 10, 40, 0, 0, 0.17%, 7, 0, 10, 138.29
1735629625, 112, 12, 40, 0, 0, 0.17%, 7, 0, 10, 149.39
1735629630, 112, 13, 40, 0, 0, 0.17%, 7, 0, 10, 138.47
1735629635, 112, 14, 40, 0, 0, 0.17%, 7, 0, 10, 142.12
1735629640, 112, 24, 40, 0, 0, 0.17%, 7, 0, 10, 140.55
1735629646, 113, 10, 40, 0, 0, 0.17%, 7, 0, 10, 142.37
1735629651, 113, 12, 40, 0, 0, 0.17%, 7, 0, 10, 143.06
1735629656, 113, 14, 40, 0, 0, 0.17%, 7, 0, 10, 138.17
1735629661, 113, 26, 40, 0, 0, 0.17%, 7, 0, 10, 147.29
1735629666, 113, 39, 40, 0, 0, 0.17%, 7, 0, 10, 159.01
1735629697, 114, 11, 40, 0, 0, 0.17%, 7, 0, 10, 141.19
1735629702, 114, 13, 40, 0, 0, 0.17%, 7, 0, 10, 137.24
1735629708, 114, 14, 40, 0, 0, 0.17%, 7, 0, 10, 141.47
1735629713, 115, 0, 40, 0, 0, 0.17%, 7, 0, 10, 134.88
1735629718, 115, 11, 40, 0, 0, 0.17%, 7, 0, 10, 143.23
1735629723, 115, 13, 40, 0, 0, 0.17%, 7, 0, 10, 143.32
1735629728, 115, 14, 40, 0, 0, 0.17%, 7, 0, 10, 144.51
1735629733, 115, 22, 40, 0, 0, 0.17%, 7, 0, 10, 143.17
1735629738, 116, 4, 40, 0, 0, 0.17%, 7, 0, 10, 138.61
1735629743, 116, 10, 40, 0, 0, 0.17%, 7, 0, 10, 134.20
1735629749, 116, 12, 40, 0, 0, 0.17%, 7, 0, 10, 134.66
1735629754, 116, 13, 40, 0, 0, 0.17%, 7, 0, 10, 142.96
1735629759, 116, 14, 40, 0, 0, 0.17%, 7, 0, 10, 144.70
1735629764, 116, 31, 40, 0, 0, 0.17%, 7, 0, 10, 145.86
1735629769, 116, 34, 40, 0, 0, 0.17%, 7, 0, 10, 155.83
1735629779, 117, 3, 40, 0, 0, 0.17%, 7, 0, 10, 144.42
1735629784, 117, 11, 40, 0, 0, 0.17%, 7, 0, 10, 145.88
1735629790, 117, 13, 40, 0, 0, 0.17%, 7, 0, 10, 134.58
1735629795, 117, 14, 40, 0, 0, 0.17%, 7, 0, 10, 141.30
1735629800, 117, 32, 40, 0, 0, 0.17%, 7, 0, 10, 143.65
1735629810, 117, 36, 40, 0, 0, 0.17%, 7, 0, 10, 156.41
1735629820, 118, 10, 40, 0, 0, 0.17%, 7, 0, 10, 137.70
1735629826, 118, 12, 40, 0, 0, 0.17%, 7, 0, 10, 142.09
1735629831, 118, 13, 40, 0, 0, 0.17%, 7, 0, 10, 131.82
1735629836, 118, 14, 40, 0, 0, 0.17%, 7, 0, 10, 138.15
1735629841, 119, 11, 40, 0, 0, 0.17%, 7, 0, 10, 142.20
1735629846, 119, 13, 40, 0, 0, 0.17%, 7, 0, 10, 143.30
1735629856, 119, 14, 40, 0, 0, 0.17%, 7, 0, 10, 137.53
1735629861, 120, 11, 40, 0, 0, 0.17%, 7, 0, 10, 137.44
1735629866, 120, 13, 40, 0, 0, 0.17%, 7, 0, 10, 144.81
1735629872, 120, 14, 40, 0, 0, 0.17%, 7, 0, 10, 134.85
1735629877, 120, 23, 40, 0, 0, 0.17%, 7, 0, 10, 141.63
1735629887, 121, 10, 40, 0, 0, 0.17%, 7, 0, 10, 142.45
1735629892, 121, 11, 40, 0, 0, 0.17%, 7, 0, 10, 139.29
1735629897, 121, 13, 40, 0, 0, 0.17%, 7, 0, 10, 136.80
1735629902, 121, 14, 40, 0, 0, 0.17%, 7, 0, 10, 138.72
1735629908, 121, 24, 40, 0, 0, 0.17%, 7, 0, 10, 144.77
1735629913, 122, 10, 40, 0, 0, 0.17%, 7, 0, 10, 143.76
1735629918, 122, 12, 40, 0, 0, 0.17%, 7, 0, 10, 141.90
1735629923, 122, 13, 40, 0, 0, 0.17%, 7, 0, 10, 136.84
1735629928, 122, 14, 40, 0, 0, 0.17%, 7, 0, 10, 140.37
1735629933, 123, 10, 40, 0, 0, 0.17%, 7, 0, 10, 141.69
1735629939, 123, 12, 40, 0, 0, 0.17%, 7, 0, 10, 140.56
1735629944, 123, 13, 40, 0, 0, 0.17%, 7, 0, 10, 135.60
1735629949, 123, 14, 40, 0, 0, 0.17%, 7, 0, 10, 146.04
1735629954, 124, 11, 40, 0, 0, 0.17%, 7, 0, 10, 140.96
1735629959, 124, 13, 40, 0, 0, 0.17%, 7, 0, 10, 139.57
1735629964, 124, 14, 40, 0, 0, 0.17%, 7, 0, 10, 141.38
1735629969, 125, 0, 40, 0, 0, 0.17%, 7, 0, 10, 135.33
1735629975, 125, 10, 40, 0, 0, 0.17%, 7, 0, 10, 140.27
1735629980, 125, 12, 40, 0, 0, 0.17%, 7, 0, 10, 147.67
1735629985, 125, 13, 40, 0, 0, 0.17%, 7, 0, 10, 142.32
1735629990, 125, 14, 40, 0, 0, 0.17%, 7, 0, 10, 135.91
1735629995, 125, 16, 40, 0, 0, 0.17%, 7, 0, 10, 139.58
1735630000, 125, 25, 40, 0, 0, 0.17%, 7, 0, 10, 141.94
1735630005, 125, 26, 40, 0, 0, 0.17%, 7, 0, 10, 149.82
1735630010, 126, 11, 40, 0, 0, 0.17%, 7, 0, 10, 150.54
1735630015, 126, 13, 40, 0, 0, 0.17%, 7, 0, 10, 138.65
1735630020, 126, 14, 40, 0, 0, 0.17%, 7, 0, 10, 136.15
1735630026, 126, 16, 40, 0, 0, 0.17%, 7, 0, 10, 144.11
1735630031, 126, 17, 40, 0, 0, 0.17%, 7, 0, 10, 144.18
1735630036, 126, 38, 40, 0, 0, 0.17%, 7, 0, 10, 154.38
1735630046, 127, 10, 40, 0, 0, 0.17%, 7, 0, 10, 146.72
1735630051, 127, 12, 40, 0, 0, 0.17%, 7, 0, 10, 140.54
1735630056, 127, 13, 40, 0, 0, 0.17%, 7, 0, 10, 143.06
1735630062, 127, 14, 40, 0, 0, 0.17%, 7, 0, 10, 143.99
1735630067, 127, 26, 40, 0, 0, 0.17%, 7, 0, 10, 142.42
1735630072, 127, 35, 40, 0, 0, 0.17%, 7, 0, 10, 152.97
1735630077, 128, 10, 40, 0, 0, 0.17%, 7, 0, 10, 136.84
1735630082, 128, 13, 40, 0, 0, 0.17%, 7, 0, 10, 146.73
1735630092, 128, 14, 40, 0, 0, 0.17%, 7, 0, 10, 142.75
1735630098, 128, 15, 40, 0, 0, 0.17%, 7, 0, 10, 134.65
1735630103, 129, 11, 40, 0, 0, 0.17%, 7, 0, 10, 139.21
1735630108, 129, 13, 40, 0, 0, 0.17%, 7, 0, 10, 135.87
1735630113, 129, 14, 40, 0, 0, 0.17%, 7, 0, 10, 136.83
1735630118, 129, 20, 40, 0, 0, 0.17%, 7, 0, 10, 141.42
1735630123, 130, 10, 40, 0, 0, 0.17%, 7, 0, 10, 144.24
1735630128, 130, 12, 40, 0, 0, 0.17%, 7, 0, 10, 142.65
1735630134, 130, 13, 40, 0, 0, 0.17%, 7, 0, 10, 137.88
1735630139, 130, 14, 40, 0, 0, 0.17%, 7, 0, 10, 140.14
1735630144, 130, 30, 40, 0, 0, 0.17%, 7, 0, 10, 165.45
1735630154, 131, 10, 40, 0, 0, 0.17%, 7, 0, 10, 133.56
1735630159, 131, 12, 40, 0, 0, 0.17%, 7, 0, 10, 132.14
1735630164, 131, 13, 40, 0, 0, 0.17%, 7, 0, 10, 140.40
1735630170, 131, 14, 40, 0, 0, 0.17%, 7, 0, 10, 142.53
1735630175, 132, 10, 40, 0, 0, 0.17%, 7, 0, 10, 138.11
1735630180, 132, 12, 40, 0, 0, 0.17%, 7, 0, 10, 140.40
1735630185, 132, 13, 40, 0, 0, 0.17%, 7, 0, 10, 140.15
1735630190, 132, 14, 40, 0, 0, 0.17%, 7, 0, 10, 137.50
1735630195, 132, 32, 40, 0, 0, 0.17%, 7, 0, 10, 141.93
1735630200, 133, 10, 40, 0, 0, 0.17%, 7, 0, 10, 142.98
1735630205, 133, 12, 40, 0, 0, 0.17%, 7, 0, 10, 142.99
1735630210, 133, 13, 40, 0, 0, 0.17%, 7, 0, 10, 135.81
1735630216, 133, 14, 40, 0, 0, 0.17%, 7, 0, 10, 141.71
1735630221, 133, 25, 40, 0, 0, 0.17%, 7, 0, 10, 149.98
1735630226, 133, 29, 40, 0, 0, 0.17%, 7, 0, 10, 149.17
1735630231, 134, 10, 40, 0, 0, 0.17%, 7, 0, 10, 143.01
1735630236, 134, 12, 40, 0, 0, 0.17%, 7, 0, 10, 145.62
1735630241, 134, 13, 40, 0, 0, 0.17%, 7, 0, 10, 147.54
1735630247, 134, 14, 40, 0, 0, 0.17%, 7, 0, 10, 143.90
1735630252, 135, 12, 40, 0, 0, 0.17%, 7, 0, 10, 145.06
1735630257, 135, 13, 40, 0, 0, 0.17%, 7, 0, 10, 135.96
1735630262, 135, 14, 40, 0, 0, 0.17%, 7, 0, 10, 136.29
1735630267, 135, 39, 40, 0, 0, 0.17%, 7, 0, 10, 173.72
1735630293, 136, 10, 40, 0, 0, 0.17%, 7, 0, 10, 155.19
1735630298, 136, 12, 40, 0, 0, 0.17%, 7, 0, 10, 138.23
1735630303, 136, 13, 40, 0, 0, 0.17%, 7, 0, 10, 138.15
1735630308, 136, 14, 40, 0, 0, 0.17%, 7, 0, 10, 131.42
1735630313, 137, 10, 40, 0, 0, 0.17%, 7, 0, 10, 139.53
1735630318, 137, 12, 40, 0, 0, 0.17%, 7, 0, 10, 132.75
1735630324, 137, 13, 40, 0, 0, 0.17%, 7, 0, 10, 140.93
1735630329, 137, 14, 40, 0, 0, 0.17%, 7, 0, 10, 141.46
1735630334, 138, 11, 40, 0, 0, 0.17%, 7, 0, 10, 140.21
1735630339, 138, 13, 40, 0, 0, 0.17%, 7, 0, 10, 136.81
1735630344, 138, 14, 40, 0, 0, 0.17%, 7, 0, 10, 136.74
1735630349, 138, 39, 40, 0, 0, 0.17%, 7, 0, 10, 151.79
1735630380, 139, 10, 40, 0, 0, 0.17%, 7, 0, 10, 140.88
1735630385, 139, 12, 40, 0, 0, 0.17%, 7, 0, 10, 140.21
1735630390, 139, 13, 40, 0, 0, 0.17%, 7, 0, 10, 137.10
1735630395, 139, 14, 40, 0, 0, 0.17%, 7, 0, 10, 142.81
1735630401, 139, 22, 40, 0, 0, 0.17%, 7, 0, 10, 151.07
1735630406, 139, 33, 40, 0, 0, 0.17%, 7, 0, 10, 152.41
1735630411, 140, 10, 40, 0, 0, 0.17%, 7, 0, 10, 143.90
1735630416, 140, 12, 40, 0, 0, 0.17%, 7, 0, 10, 139.38
1735630421, 140, 13, 40, 0, 0, 0.17%, 7, 0, 10, 141.57
1735630426, 140, 14, 40, 0, 0, 0.17%, 7, 0, 10, 141.08
1735630431, 140, 15, 40, 0, 0, 0.17%, 7, 0, 10, 141.96
1735630436, 141, 10, 40, 0, 0, 0.17%, 7, 0, 10, 143.30
1735630442, 141, 12, 40, 0, 0, 0.17%, 7, 0, 10, 136.68
1735630447, 141, 13, 40, 0, 0, 0.17%, 7, 0, 10, 141.66
1735630452, 141, 14, 40, 0, 0, 0.17%, 7, 0, 10, 144.25
1735630457, 142, 11, 40, 0, 0, 0.17%, 7, 0, 10, 137.92
1735630462, 142, 13, 40, 0, 0, 0.17%, 7, 0, 10, 142.75
1735630468, 142, 14, 40, 0, 0, 0.17%, 7, 0, 10, 129.99
1735630473, 143, 10, 40, 0, 0, 0.17%, 7, 0, 10, 142.15
1735630478, 143, 12, 40, 0, 0, 0.17%, 7, 0, 10, 133.79
1735630483, 143, 13, 40, 0, 0, 0.17%, 7, 0, 10, 141.77
1735630488, 143, 14, 40, 0, 0, 0.17%, 7, 0, 10, 148.69
1735630493, 143, 23, 40, 0, 0, 0.17%, 7, 0, 10, 150.58
1735630498, 144, 10, 40, 0, 0, 0.17%, 7, 0, 10, 147.25
1735630503, 144, 12, 40, 0, 0, 0.17%, 7, 0, 10, 136.51
1735630509, 144, 13, 40, 0, 0, 0.17%, 7, 0, 10, 138.17
1735630514, 144, 14, 40, 0, 0, 0.17%, 7, 0, 10, 143.85
1735630519, 145, 11, 40, 0, 0, 0.17%, 7, 0, 10, 145.30
1735630524, 145, 13, 40, 0, 0, 0.17%, 7, 0, 10, 140.20
1735630529, 145, 14, 40, 0, 0, 0.17%, 7, 0, 10, 139.82
1735630534, 145, 30, 40, 0, 0, 0.17%, 7, 0, 10, 163.99
1735630545, 146, 10, 40, 0, 0, 0.17%, 7, 0, 10, 145.13
1735630550, 146, 12, 40, 0, 0, 0.17%, 7, 0, 10, 138.29
1735630555, 146, 13, 40, 0, 0, 0.17%, 7, 0, 10, 140.71
1735630560, 146, 14, 40, 0, 0, 0.17%, 7, 0, 10, 139.21
1735630565, 147, 11, 40, 0, 0, 0.17%, 7, 0, 10, 141.07
1735630571, 147, 13, 40, 0, 0, 0.17%, 7, 0, 10, 141.87
1735630576, 147, 14, 40, 0, 0, 0.17%, 7, 0, 10, 135.11
1735630581, 147, 25, 40, 0, 0, 0.17%, 7, 0, 10, 139.84
1735630586, 147, 36, 40, 0, 0, 0.17%, 7, 0, 10, 157.95
1735630596, 148, 9, 40, 0, 0, 0.17%, 7, 0, 10, 136.50
1735630601, 148, 11, 40, 0, 0, 0.17%, 7, 0, 10, 135.12
1735630607, 148, 13, 40, 0, 0, 0.17%, 7, 0, 10, 135.15
1735630612, 148, 14, 40, 0, 0, 0.17%, 7, 0, 10, 141.69
1735630617, 149, 2, 40, 0, 0, 0.17%, 7, 0, 10, 138.01
1735630622, 149, 11, 40, 0, 0, 0.17%, 7, 0, 10, 136.59
1735630627, 149, 13, 40, 0, 0, 0.17%, 7, 0, 10, 136.50
1735630632, 149, 14, 40, 0, 0, 0.17%, 7, 0, 10, 134.84
1735630637, 149, 18, 40, 0, 0, 0.17%, 7, 0, 10, 139.80
1735630643, 150, 10, 40, 0, 0, 0.17%, 7, 0, 10, 139.74
1735630648, 150, 12, 40, 0, 0, 0.17%, 7, 0, 10, 140.26
1735630653, 150, 13, 40, 0, 0, 0.17%, 7, 0, 10, 137.23
1735630658, 150, 14, 40, 0, 0, 0.17%, 7, 0, 10, 145.35
1735630663, 150, 24, 40, 0, 0, 0.17%, 7, 0, 10, 145.32
1735630668, 150, 37, 40, 0, 0, 0.17%, 7, 0, 10, 133.70
1735630679, 151, 11, 40, 0, 0, 0.17%, 7, 0, 10, 142.69
1735630684, 151, 13, 40, 0, 0, 0.17%, 7, 0, 10, 138.11
1735630689, 151, 14, 40, 0, 0, 0.17%, 7, 0, 10, 141.09
1735630694, 151, 34, 40, 0, 0, 0.17%, 7, 0, 10, 146.28
1735630709, 151, 38, 40, 0, 0, 0.17%, 7, 0, 10, 149.33
1735630719, 152, 11, 40, 0, 0, 0.17%, 7, 0, 10, 139.48
1735630725, 152, 13, 40, 0, 0, 0.17%, 7, 0, 10, 138.28
1735630730, 152, 14, 40, 0, 0, 0.17%, 7, 0, 10, 136.78
1735630735, 152, 17, 40, 0, 0, 0.17%, 7, 0, 10, 146.60
1735630740, 153, 10, 40, 0, 0, 0.17%, 7, 0, 10, 140.94
1735630745, 153, 12, 40, 0, 0, 0.17%, 7, 0, 10, 139.19
1735630750, 153, 13, 40, 0, 0, 0.17%, 7, 0, 10, 143.30
1735630755, 153, 14, 40, 0, 0, 0.17%, 7, 0, 10, 148.80
1735630760, 153, 18, 40, 0, 0, 0.17%, 7, 0, 10, 144.22
1735630765, 153, 28, 40, 0, 0, 0.17%, 7, 0, 10, 140.79
1735630771, 154, 10, 40, 0, 0, 0.17%, 7, 0, 10, 138.29
1735630776, 154, 12, 40, 0, 0, 0.17%, 7, 0, 10, 143.77
1735630781, 154, 13, 40, 0, 0, 0.17%, 7, 0, 10, 138.75
1735630786, 154, 14, 40, 0, 0, 0.17%, 7, 0, 10, 141.91
1735630791, 154, 16, 40, 0, 0, 0.17%, 7, 0, 10, 147.00
1735630796, 155, 10, 40, 0, 0, 0.17%, 7, 0, 10, 138.62
1735630802, 155, 12, 40, 0, 0, 0.17%, 7, 0, 10, 132.87
1735630807, 155, 13, 40, 0, 0, 0.17%, 7, 0, 10, 143.64
1735630812, 155, 14, 40, 0, 0, 0.17%, 7, 0, 10, 139.04
1735630817, 155, 20, 40, 0, 0, 0.17%, 7, 0, 10, 144.49
1735630822, 155, 31, 40, 0, 0, 0.17%, 7, 0, 10, 146.67
1735630827, 156, 5, 40, 0, 0, 0.17%, 7, 0, 10, 146.90
1735630832, 156, 11, 40, 0, 0, 0.17%, 7, 0, 10, 146.00
1735630838, 156, 13, 40, 0, 0, 0.17%, 7, 0, 10, 141.66
1735630843, 156, 14, 40, 0, 0, 0.17%, 7, 0, 10, 141.00
1735630848, 156, 19, 40, 0, 0, 0.17%, 7, 0, 10, 150.59
1735630858, 156, 20, 40, 0, 0, 0.17%, 7, 0, 10, 139.81
1735630863, 156, 25, 40, 0, 0, 0.17%, 7, 0, 10, 144.90
1735630868, 156, 35, 40, 0, 0, 0.17%, 7, 0, 10, 150.94
1735630873, 157, 10, 40, 0, 0, 0.17%, 7, 0, 10, 144.06
1735630879, 157, 12, 40, 0, 0, 0.17%, 7, 0, 10, 135.66
1735630884, 157, 13, 40, 0, 0, 0.17%, 7, 0, 10, 138.47
1735630889, 157, 14, 40, 0, 0, 0.17%, 7, 0, 10, 133.60
1735630894, 157, 20, 40, 0, 0, 0.17%, 7, 0, 10, 144.88
1735630899, 157, 36, 40, 0, 0, 0.17%, 7, 0, 10, 155.97
1735630909, 158, 10, 40, 0, 0, 0.17%, 7, 0, 10, 144.32
1735630915, 158, 12, 40, 0, 0, 0.17%, 7, 0, 10, 140.40
1735630920, 158, 13, 40, 0, 0, 0.17%, 7, 0, 10, 152.07
1735630925, 158, 14, 40, 0, 0, 0.17%, 7, 0, 10, 145.47
1735630930, 158, 23, 40, 0, 0, 0.17%, 7, 0, 10, 140.92
1735630935, 158, 29, 40, 0, 0, 0.17%, 7, 0, 10, 149.50
1735630940, 159, 6, 40, 0, 0, 0.17%, 7, 0, 10, 139.93
1735630946, 159, 10, 40, 0, 0, 0.17%, 7, 0, 10, 151.83
1735630951, 159, 12, 40, 0, 0, 0.17%, 7, 0, 10, 147.50
1735630956, 159, 13, 40, 0, 0, 0.17%, 7, 0, 10, 139.36
1735630961, 159, 14, 40, 0, 0, 0.17%, 7, 0, 10, 131.79
1735630966, 159, 31, 40, 0, 0, 0.17%, 7, 0, 10, 140.83
1735630972, 160, 10, 40, 0, 0, 0.17%, 7, 0, 10, 141.56
1735630977, 160, 12, 40, 0, 0, 0.17%, 7, 0, 10, 138.77
1735630982, 160, 13, 40, 0, 0, 0.17%, 7, 0, 10, 142.89
1735630987, 160, 14, 40, 0, 0, 0.17%, 7, 0, 10, 146.09
1735630992, 160, 19, 40, 0, 0, 0.17%, 7, 0, 10, 155.13
1735630997, 160, 23, 40, 0, 0, 0.17%, 7, 0, 10, 151.69
1735631007, 161, 11, 40, 0, 0, 0.17%, 7, 0, 10, 150.26
1735631012, 161, 13, 40, 0, 0, 0.17%, 7, 0, 10, 141.62
1735631017, 161, 14, 40, 0, 0, 0.17%, 7, 0, 10, 144.88
1735631023, 162, 10, 40, 0, 0, 0.17%, 7, 0, 10, 135.72
1735631028, 162, 12, 40, 0, 0, 0.17%, 7, 0, 10, 135.30
1735631033, 162, 13, 40, 0, 0, 0.17%, 7, 0, 10, 132.87
1735631038, 162, 14, 40, 0, 0, 0.17%, 7, 0, 10, 134.88
1735631043, 162, 25, 40, 0, 0, 0.17%, 7, 0, 10, 146.55
1735631048, 163, 10, 40, 0, 0, 0.17%, 7, 0, 10, 141.50
1735631053, 163, 12, 40, 0, 0, 0.17%, 7, 0, 10, 134.54
1735631058, 163, 13, 40, 0, 0, 0.17%, 7, 0, 10, 141.24
1735631064, 163, 14, 40, 0, 0, 0.17%, 7, 0, 10, 141.58
1735631069, 164, 11, 40, 0, 0, 0.17%, 7, 0, 10, 140.26
1735631074, 164, 13, 40, 0, 0, 0.17%, 7, 0, 10, 130.24
1735631079, 164, 14, 40, 0, 0, 0.17%, 7, 0, 10, 141.87
1735631084, 164, 29, 40, 0, 0, 0.17%, 7, 0, 10, 144.45
1735631094, 164, 30, 40, 0, 0, 0.17%, 7, 0, 10, 163.48
1735631104, 165, 11, 40, 0, 0, 0.17%, 7, 0, 10, 141.68
1735631109, 165, 13, 40, 0, 0, 0.17%, 7, 0, 10, 144.04
1735631115, 165, 14, 40, 0, 0, 0.17%, 7, 0, 10, 136.02
1735631120, 165, 26, 40, 0, 0, 0.17%, 7, 0, 10, 141.00
1735631125, 165, 38, 40, 0, 0, 0.17%, 7, 0, 10, 144.52
1735631140, 166, 11, 40, 0, 0, 0.17%, 7, 0, 10, 135.95
1735631145, 166, 13, 40, 0, 0, 0.17%, 7, 0, 10, 141.06
1735631151, 166, 14, 40, 0, 0, 0.17%, 7, 0, 10, 137.16
1735631156, 167, 2, 40, 0, 0, 0.17%, 7, 0, 10, 138.49
1735631161, 167, 11, 40, 0, 0, 0.17%, 7, 0, 10, 142.44
1735631166, 167, 13, 40, 0, 0, 0.17%, 7, 0, 10, 139.08
1735631171, 167, 14, 40, 0, 0, 0.17%, 7, 0, 10, 133.74
1735631176, 167, 33, 40, 0, 0, 0.17%, 7, 0, 10, 148.91
1735631186, 168, 11, 40, 0, 0, 0.17%, 7, 0, 10, 139.96
1735631192, 168, 13, 40, 0, 0, 0.17%, 7, 0, 10, 137.31
1735631197, 168, 14, 40, 0, 0, 0.17%, 7, 0, 10, 135.56
1735631202, 169, 10, 40, 0, 0, 0.17%, 7, 0, 10, 132.82
1735631207, 169, 12, 40, 0, 0, 0.17%, 7, 0, 10, 137.24
1735631212, 169, 13, 40, 0, 0, 0.17%, 7, 0, 10, 144.19
1735631217, 169, 14, 40, 0, 0, 0.17%, 7, 0, 10, 137.70
1735631223, 170, 11, 40, 0, 0, 0.17%, 7, 0, 10, 136.62
1735631228, 170, 13, 40, 0, 0, 0.17%, 7, 0, 10, 134.28
1735631233, 170, 14, 40, 0, 0, 0.17%, 7, 0, 10, 142.20
1735631238, 171, 10, 40, 0, 0, 0.17%, 7, 0, 10, 147.24
1735631243, 171, 12, 40, 0, 0, 0.17%, 7, 0, 10, 139.67
1735631248, 171, 13, 40, 0, 0, 0.17%, 7, 0, 10, 149.73
1735631253, 171, 14, 40, 0, 0, 0.17%, 7, 0, 10, 142.57
1735631258, 172, 11, 40, 0, 0, 0.17%, 7, 0, 10, 141.89
1735631263, 172, 13, 40, 0, 0, 0.17%, 7, 0, 10, 137.12
1735631269, 172, 14, 40, 0, 0, 0.17%, 7, 0, 10, 139.25
1735631274, 173, 10, 40, 0, 0, 0.17%, 7, 0, 10, 147.14
1735631279, 173, 12, 40, 0, 0, 0.17%, 7, 0, 10, 137.21
1735631284, 173, 13, 40, 0, 0, 0.17%, 7, 0, 10, 143.46
1735631289, 173, 14, 40, 0, 0, 0.17%, 7, 0, 10, 143.56
1735631294, 173, 20, 40, 0, 0, 0.17%, 7, 0, 10, 148.51
1735631299, 174, 11, 40, 0, 0, 0.17%, 7, 0, 10, 140.39
1735631305, 174, 13, 40, 0, 0, 0.17%, 7, 0, 10, 136.31
1735631310, 174, 14, 40, 0, 0, 0.17%, 7, 0, 10, 135.08
1735631315, 174, 22, 40, 0, 0, 0.17%, 7, 0, 10, 135.94
1735631325, 175, 11, 40, 0, 0, 0.17%, 7, 0, 10, 138.42
1735631330, 175, 13, 40, 0, 0, 0.17%, 7, 0, 10, 135.14
1735631336, 175, 14, 40, 0, 0, 0.17%, 7, 0, 10, 141.08
1735631341, 175, 15, 40, 0, 0, 0.17%, 7, 0, 10, 138.27
1735631346, 175, 33, 40, 0, 0, 0.17%, 7, 0, 10, 151.80
1735631356, 175, 37, 40, 0, 0, 0.17%, 7, 0, 10, 148.70
1735631361, 176, 10, 40, 0, 0, 0.17%, 7, 0, 10, 145.28
1735631367, 176, 12, 40, 0, 0, 0.17%, 7, 0, 10, 136.65
1735631372, 176, 13, 40, 0, 0, 0.17%, 7, 0, 10, 138.20
1735631377, 176, 14, 40, 0, 0, 0.17%, 7, 0, 10, 144.26
1735631382, 176, 30, 40, 0, 0, 0.17%, 7, 0, 10, 161.67
1735631392, 177, 6, 40, 0, 0, 0.17%, 7, 0, 10, 140.05
1735631397, 177, 11, 40, 0, 0, 0.17%, 7, 0, 10, 138.55
1735631402, 177, 13, 40, 0, 0, 0.17%, 7, 0, 10, 134.76
1735631408, 177, 14, 40, 0, 0, 0.17%, 7, 0, 10, 136.29
1735631413, 177, 22, 40, 0, 0, 0.17%, 7, 0, 10, 148.50
1735631423, 178, 11, 40, 0, 0, 0.17%, 7, 0, 10, 143.47
1735631428, 178, 13, 40, 0, 0, 0.17%, 7, 0, 10, 141.33
1735631433, 178, 14, 40, 0, 0, 0.17%, 7, 0, 10, 145.75
1735631443, 179, 12, 40, 0, 0, 0.17%, 7, 0, 10, 140.40
1735631448, 179, 13, 40, 0, 0, 0.17%, 7, 0, 10, 139.06
1735631454, 179, 14, 40, 0, 0, 0.17%, 7, 0, 10, 141.68
1735631459, 179, 38, 40, 0, 0, 0.17%, 7, 0, 10, 148.42
1735631469, 180, 10, 40, 0, 0, 0.17%, 7, 0, 10, 135.43
1735631474, 180, 12, 40, 0, 0, 0.17%, 7, 0, 10, 137.87
1735631479, 180, 13, 40, 0, 0, 0.17%, 7, 0, 10, 147.33
1735631485, 180, 14, 40, 0, 0, 0.17%, 7, 0, 10, 143.37
1735631490, 180, 35, 40, 0, 0, 0.17%, 7, 0, 10, 148.81
1735631495, 180, 38, 40, 0, 0, 0.17%, 7, 0, 10, 156.19
1735631505, 181, 10, 40, 0, 0, 0.17%, 7, 0, 10, 145.22
1735631510, 181, 12, 40, 0, 0, 0.17%, 7, 0, 10, 134.20
1735631515, 181, 13, 40, 0, 0, 0.17%, 7, 0, 10, 146.34
1735631521, 181, 14, 40, 0, 0, 0.17%, 7, 0, 10, 134.20
1735631526, 181, 20, 40, 0, 0, 0.17%, 7, 0, 10, 142.21
1735631531, 182, 11, 40, 0, 0, 0.17%, 7, 0, 10, 139.17
1735631536, 182, 13, 40, 0, 0, 0.17%, 7, 0, 10, 139.01
1735631541, 182, 14, 40, 0, 0, 0.17%, 7, 0, 10, 142.50
1735631546, 183, 10, 40, 0, 0, 0.17%, 7, 0, 10, 145.77
1735631551, 183, 12, 40, 0, 0, 0.17%, 7, 0, 10, 140.51
1735631556, 183, 13, 40, 0, 0, 0.17%, 7, 0, 10, 142.82
1735631562, 183, 14, 40, 0, 0, 0.17%, 7, 0, 10, 145.68
1735631567, 183, 17, 40, 0, 0, 0.17%, 7, 0, 10, 141.56
1735631572, 183, 30, 40, 0, 0, 0.17%, 7, 0, 10, 158.67
1735631577, 184, 10, 40, 0, 0, 0.17%, 7, 0, 10, 144.50
1735631582, 184, 12, 40, 0, 0, 0.17%, 7, 0, 10, 144.63
1735631587, 184, 13, 40, 0, 0, 0.17%, 7, 0, 10, 137.33
1735631593, 184, 14, 40, 0, 0, 0.17%, 7, 0, 10, 139.98
1735631598, 185, 11, 40, 0, 0, 0.17%, 7, 0, 10, 137.08
1735631603, 185, 13, 40, 0, 0, 0.17%, 7, 0, 10, 138.97
1735631608, 185, 14, 40, 0, 0, 0.17%, 7, 0, 10, 139.21
1735631613, 185, 26, 40, 0, 0, 0.17%, 7, 0, 10, 151.56
1735631618, 186, 5, 40, 0, 0, 0.17%, 7, 0, 10, 147.41
1735631623, 186, 11, 40, 0, 0, 0.17%, 7, 0, 10, 146.65
1735631629, 186, 13, 40, 0, 0, 0.17%, 7, 0, 10, 138.00
1735631634, 186, 14, 40, 0, 0, 0.17%, 7, 0, 10, 131.50
1735631639, 186, 27, 40, 0, 0, 0.17%, 7, 0, 10, 145.37
1735631644, 186, 30, 40, 0, 0, 0.17%, 7, 0, 10, 157.57
1735631660, 187, 12, 40, 0, 0, 0.17%, 7, 0, 10, 141.10
1735631665, 187, 13, 40, 0, 0, 0.17%, 7, 0, 10, 138.07
1735631670, 187, 14, 40, 0, 0, 0.17%, 7, 0, 10, 139.82
1735631675, 187, 32, 40, 0, 0, 0.17%, 7, 0, 10, 146.43
1735631685, 188, 11, 40, 0, 0, 0.17%, 7, 0, 10, 137.51
1735631690, 188, 13, 40, 0, 0, 0.17%, 7, 0, 10, 134.52
1735631695, 188, 14, 40, 0, 0, 0.17%, 7, 0, 10, 137.08
1735631700, 188, 24, 40, 0, 0, 0.17%, 7, 0, 10, 140.28
1735631710, 189, 11, 40, 0, 0, 0.17%, 7, 0, 10, 138.50
1735631716, 189, 13, 40, 0, 0, 0.17%, 7, 0, 10, 139.72
1735631721, 189, 14, 40, 0, 0, 0.17%, 7, 0, 10, 138.98
1735631726, 189, 15, 40, 0, 0, 0.17%, 7, 0, 10, 137.29
1735631731, 189, 22, 40, 0, 0, 0.17%, 7, 0, 10, 142.47
1735631741, 190, 10, 40, 0, 0, 0.17%, 7, 0, 10, 137.90
1735631747, 190, 12, 40, 0, 0, 0.17%, 7, 0, 10, 133.76
1735631752, 190, 13, 40, 0, 0, 0.17%, 7, 0, 10, 136.29
1735631757, 190, 14, 40, 0, 0, 0.17%, 7, 0, 10, 137.89
1735631762, 191, 11, 40, 0, 0, 0.17%, 7, 0, 10, 141.63
1735631767, 191, 13, 40, 0, 0, 0.17%, 7, 0, 10, 135.12
1735631772, 191, 14, 40, 0, 0, 0.17%, 7, 0, 10, 142.94
1735631777, 191, 32, 40, 0, 0, 0.17%, 7, 0, 10, 144.37
1735631788, 192, 10, 40, 0, 0, 0.17%, 7, 0, 10, 138.83
1735631793, 192, 12, 40, 0, 0, 0.17%, 7, 0, 10, 146.41
1735631798, 192, 13, 40, 0, 0, 0.17%, 7, 0, 10, 146.94
1735631803, 192, 34, 40, 0, 0, 0.17%, 7, 0, 10, 144.69
1735631819, 193, 10, 40, 0, 0, 0.17%, 7, 0, 10, 145.28
1735631824, 193, 12, 40, 0, 0, 0.17%, 7, 0, 10, 139.45
1735631829, 193, 13, 40, 0, 0, 0.17%, 7, 0, 10, 134.07
1735631834, 193, 14, 40, 0, 0, 0.17%, 7, 0, 10, 140.38
1735631840, 193, 39, 40, 0, 0, 0.17%, 7, 0, 10, 191.63
1735631865, 194, 10, 40, 0, 0, 0.17%, 7, 0, 10, 138.56
1735631870, 194, 12, 40, 0, 0, 0.17%, 7, 0, 10, 138.02
1735631875, 194, 13, 40, 0, 0, 0.17%, 7, 0, 10, 139.45
1735631881, 194, 14, 40, 0, 0, 0.17%, 7, 0, 10, 140.01
1735631886, 194, 21, 40, 0, 0, 0.17%, 7, 0, 10, 143.61
1735631891, 195, 10, 40, 0, 0, 0.17%, 7, 0, 10, 133.67
1735631896, 195, 12, 40, 0, 0, 0.17%, 7, 0, 10, 142.88
1735631901, 195, 13, 40, 0, 0, 0.17%, 7, 0, 10, 142.36
1735631906, 195, 14, 40, 0, 0, 0.17%, 7, 0, 10, 139.65
1735631911, 195, 37, 40, 0, 0, 0.17%, 7, 0, 10, 153.48
1735631916, 196, 10, 40, 0, 0, 0.17%, 7, 0, 10, 149.46
1735631921, 196, 12, 40, 0, 0, 0.17%, 7, 0, 10, 141.96
1735631927, 196, 13, 40, 0, 0, 0.17%, 7, 0, 10, 141.69
1735631932, 196, 14, 40, 0, 0, 0.17%, 7, 0, 10, 143.22
1735631937, 196, 31, 40, 0, 0, 0.17%, 7, 0, 10, 142.92
1735631942, 197, 10, 40, 0, 0, 0.17%, 7, 0, 10, 133.79
1735631947, 197, 12, 40, 0, 0, 0.17%, 7, 0, 10, 133.82
1735631952, 197, 13, 40, 0, 0, 0.17%, 7, 0, 10, 135.48
1735631957, 197, 14, 40, 0, 0, 0.17%, 7, 0, 10, 137.07
1735631963, 197, 20, 40, 0, 0, 0.17%, 7, 0, 10, 145.10
1735631968, 197, 29, 40, 0, 0, 0.17%, 7, 0, 10, 146.79
1735631973, 198, 4, 40, 0, 0, 0.17%, 7, 0, 10, 142.84
1735631978, 198, 11, 40, 0, 0, 0.17%, 7, 0, 10, 140.60
1735631983, 198, 13, 40, 0, 0, 0.17%, 7, 0, 10, 136.72
1735631989, 198, 14, 40, 0, 0, 0.17%, 7, 0, 10, 139.49
1735631994, 199, 10, 40, 0, 0, 0.17%, 7, 0, 10, 133.75
1735631999, 199, 12, 40, 0, 0, 0.17%, 7, 0, 10, 143.73
1735632004, 199, 13, 40, 0, 0, 0.17%, 7, 0, 10, 132.23
1735632009, 199, 14, 40, 0, 0, 0.17%, 7, 0, 10, 139.68
1735632014, 200, 10, 40, 0, 0, 0.17%, 7, 0, 10, 140.19
1735632019, 200, 12, 40, 0, 0, 0.17%, 7, 0, 10, 138.36
1735632025, 200, 13, 40, 0, 0, 0.17%, 7, 0, 10, 140.30
1735632030, 200, 14, 40, 0, 0, 0.17%, 7, 0, 10, 136.55
1735632035, 200, 17, 40, 0, 0, 0.17%, 7, 0, 10, 142.08
1735632040, 201, 10, 40, 0, 0, 0.17%, 7, 0, 10, 137.07
1735632045, 201, 12, 40, 0, 0, 0.17%, 7, 0, 10, 133.39
1735632050, 201, 13, 40, 0, 0, 0.17%, 7, 0, 10, 137.48
1735632055, 201, 14, 40, 0, 0, 0.17%, 7, 0, 10, 132.94
1735632060, 201, 29, 40, 0, 0, 0.17%, 7, 0, 10, 145.25
1735632065, 201, 33, 40, 0, 0, 0.17%, 7, 0, 10, 154.03
1735632076, 202, 11, 40, 0, 0, 0.17%, 7, 0, 10, 142.96
1735632081, 202, 13, 40, 0, 0, 0.17%, 7, 0, 10, 137.19
1735632086, 202, 14, 40, 0, 0, 0.17%, 7, 0, 10, 136.61
1735632091, 203, 10, 40, 0, 0, 0.17%, 7, 0, 10, 133.43
1735632096, 203, 12, 40, 0, 0, 0.17%, 7, 0, 10, 131.05
1735632101, 203, 13, 40, 0, 0, 0.17%, 7, 0, 10, 131.71
1735632107, 203, 14, 40, 0, 0, 0.17%, 7, 0, 10, 134.96
1735632112, 204, 11, 40, 0, 0, 0.17%, 7, 0, 10, 137.34
1735632117, 204, 13, 40, 0, 0, 0.17%, 7, 0, 10, 135.07
1735632122, 204, 14, 40, 0, 0, 0.17%, 7, 0, 10, 139.59
1735632127, 204, 23, 40, 0, 0, 0.17%, 7, 0, 10, 140.17
1735632138, 205, 11, 40, 0, 0, 0.17%, 7, 0, 10, 137.82
1735632143, 205, 13, 40, 0, 0, 0.17%, 7, 0, 10, 140.03
1735632148, 205, 14, 40, 0, 0, 0.17%, 7, 0, 10, 141.16
1735632153, 205, 18, 40, 0, 0, 0.17%, 7, 0, 10, 129.14
1735632158, 206, 2, 40, 0, 0, 0.17%, 7, 0, 10, 140.84
1735632163, 206, 9, 40, 0, 0, 0.17%, 7, 0, 10, 148.24
1735632168, 206, 11, 40, 0, 0, 0.17%, 7, 0, 10, 140.04
1735632174, 206, 13, 40, 0, 0, 0.17%, 7, 0, 10, 138.54
1735632179, 206, 14, 40, 0, 0, 0.17%, 7, 0, 10, 136.00
1735632184, 206, 21, 40, 0, 0, 0.17%, 7, 0, 10, 143.27
1735632194, 206, 26, 40, 0, 0, 0.17%, 7, 0, 10, 141.58
1735632199, 207, 11, 40, 0, 0, 0.17%, 7, 0, 10, 140.28
1735632204, 207, 13, 40, 0, 0, 0.17%, 7, 0, 10, 138.46
1735632210, 207, 14, 40, 0, 0, 0.17%, 7, 0, 10, 138.24
1735632215, 207, 22, 40, 0, 0, 0.17%, 7, 0, 10, 136.00
1735632225, 208, 8, 40, 0, 0, 0.17%, 7, 0, 10, 138.59
1735632230, 208, 11, 40, 0, 0, 0.17%, 7, 0, 10, 133.41
1735632235, 208, 13, 40, 0, 0, 0.17%, 7, 0, 10, 132.80
1735632240, 208, 14, 40, 0, 0, 0.17%, 7, 0, 10, 133.11
1735632245, 208, 16, 40, 0, 0, 0.17%, 7, 0, 10, 136.39
1735632250, 209, 10, 40, 0, 0, 0.17%, 7, 0, 10, 134.90
1735632255, 209, 12, 40, 0, 0, 0.17%, 7, 0, 10, 140.84
1735632261, 209, 13, 40, 0, 0, 0.17%, 7, 0, 10, 133.58
1735632266, 209, 14, 40, 0, 0, 0.17%, 7, 0, 10, 136.25
1735632271, 209, 26, 40, 0, 0, 0.17%, 7, 0, 10, 143.92
1735632276, 210, 10, 40, 0, 0, 0.17%, 7, 0, 10, 140.52
1735632281, 210, 12, 40, 0, 0, 0.17%, 7, 0, 10, 138.95
1735632286, 210, 13, 40, 0, 0, 0.17%, 7, 0, 10, 140.66
1735632291, 210, 14, 40, 0, 0, 0.17%, 7, 0, 10, 138.08
1735632297, 210, 18, 40, 0, 0, 0.17%, 7, 0, 10, 137.28
1735632302, 210, 29, 40, 0, 0, 0.17%, 7, 0, 10, 151.56
1735632307, 210, 30, 40, 0, 0, 0.17%, 7, 0, 10, 167.61
1735632317, 211, 7, 40, 0, 0, 0.17%, 7, 0, 10, 141.47
1735632322, 211, 11, 40, 0, 0, 0.17%, 7, 0, 10, 141.34
1735632327, 211, 13, 40, 0, 0, 0.17%, 7, 0, 10, 136.81
1735632333, 211, 14, 40, 0, 0, 0.17%, 7, 0, 10, 140.10
1735632338, 211, 15, 40, 0, 0, 0.17%, 7, 0, 10, 139.89
1735632343, 211, 18, 40, 0, 0, 0.17%, 7, 0, 10, 133.33
1735632348, 212, 5, 40, 0, 0, 0.17%, 7, 0, 10, 136.36
1735632353, 212, 11, 40, 0, 0, 0.17%, 7, 0, 10, 141.43
1735632358, 212, 13, 40, 0, 0, 0.17%, 7, 0, 10, 134.80
1735632364, 212, 14, 40, 0, 0, 0.17%, 7, 0, 10, 135.90
1735632369, 212, 36, 40, 0, 0, 0.17%, 7, 0, 10, 165.77
1735632379, 213, 10, 40, 0, 0, 0.17%, 7, 0, 10, 143.01
1735632384, 213, 12, 40, 0, 0, 0.17%, 7, 0, 10, 137.06
1735632389, 213, 13, 40, 0, 0, 0.17%, 7, 0, 10, 139.42
1735632394, 213, 14, 40, 0, 0, 0.17%, 7, 0, 10, 135.61
1735632400, 213, 24, 40, 0, 0, 0.17%, 7, 0, 10, 140.07
1735632410, 213, 28, 40, 0, 0, 0.17%, 7, 0, 10, 145.87
1735632420, 214, 10, 40, 0, 0, 0.17%, 7, 0, 10, 142.63
1735632425, 214, 12, 40, 0, 0, 0.17%, 7, 0, 10, 137.59
1735632431, 214, 13, 40, 0, 0, 0.17%, 7, 0, 10, 141.13
1735632436, 214, 14, 40, 0, 0, 0.17%, 7, 0, 10, 149.46
1735632441, 215, 11, 40, 0, 0, 0.17%, 7, 0, 10, 148.87
1735632446, 215, 13, 40, 0, 0, 0.17%, 7, 0, 10, 144.24
1735632451, 215, 14, 40, 0, 0, 0.17%, 7, 0, 10, 135.16
1735632456, 215, 29, 40, 0, 0, 0.17%, 7, 0, 10, 144.06
1735632466, 215, 33, 40, 0, 0, 0.17%, 7, 0, 10, 156.39
1735632472, 216, 10, 40, 0, 0, 0.17%, 7, 0, 10, 145.82
1735632477, 216, 12, 40, 0, 0, 0.17%, 7, 0, 10, 140.85
1735632482, 216, 13, 40, 0, 0, 0.17%, 7, 0, 10, 141.81
1735632487, 216, 14, 40, 0, 0, 0.17%, 7, 0, 10, 141.92
1735632492, 216, 18, 40, 0, 0, 0.17%, 7, 0, 10, 138.39
1735632497, 216, 28, 40, 0, 0, 0.17%, 7, 0, 10, 139.08
1735632502, 217, 10, 40, 0, 0, 0.17%, 7, 0, 10, 137.55
1735632508, 217, 11, 40, 0, 0, 0.17%, 7, 0, 10, 139.60
1735632513, 217, 13, 40, 0, 0, 0.17%, 7, 0, 10, 137.05
1735632518, 217, 14, 40, 0, 0, 0.17%, 7, 0, 10, 141.38
1735632523, 217, 22, 40, 0, 0, 0.17%, 7, 0, 10, 150.08
1735632533, 218, 11, 40, 0, 0, 0.17%, 7, 0, 10, 132.92
1735632538, 218, 13, 40, 0, 0, 0.17%, 7, 0, 10, 137.20
1735632543, 218, 14, 40, 0, 0, 0.17%, 7, 0, 10, 141.86
1735632549, 219, 1, 40, 0, 0, 0.17%, 7, 0, 10, 137.61
1735632554, 219, 11, 40, 0, 0, 0.17%, 7, 0, 10, 142.44
1735632559, 219, 13, 40, 0, 0, 0.17%, 7, 0, 10, 137.38
1735632564, 219, 14, 40, 0, 0, 0.17%, 7, 0, 10, 146.47
1735632569, 219, 15, 40, 0, 0, 0.17%, 7, 0, 10, 138.86
1735632574, 219, 29, 40, 0, 0, 0.17%, 7, 0, 10, 143.29
1735632585, 220, 8, 40, 0, 0, 0.17%, 7, 0, 10, 140.29
1735632590, 220, 11, 40, 0, 0, 0.17%, 7, 0, 10, 137.41
1735632595, 220, 13, 40, 0, 0, 0.17%, 7, 0, 10, 141.80
1735632600, 220, 14, 40, 0, 0, 0.17%, 7, 0, 10, 138.34
1735632605, 221, 10, 40, 0, 0, 0.17%, 7, 0, 10, 137.63
1735632611, 221, 12, 40, 0, 0, 0.17%, 7, 0, 10, 137.24
1735632616, 221, 13, 40, 0, 0, 0.17%, 7, 0, 10, 141.65
1735632621, 221, 14, 40, 0, 0, 0.17%, 7, 0, 10, 139.32
1735632626, 222, 11, 40, 0, 0, 0.17%, 7, 0, 10, 144.29
1735632631, 222, 13, 40, 0, 0, 0.17%, 7, 0, 10, 135.15
1735632636, 222, 14, 40, 0, 0, 0.17%, 7, 0, 10, 134.14
1735632641, 222, 26, 40, 0, 0, 0.17%, 7, 0, 10, 143.80
1735632647, 223, 9, 40, 0, 0, 0.17%, 7, 0, 10, 140.56
1735632652, 223, 11, 40, 0, 0, 0.17%, 7, 0, 10, 140.52
1735632657, 223, 13, 40, 0, 0, 0.17%, 7, 0, 10, 140.01
1735632662, 223, 14, 40, 0, 0, 0.17%, 7, 0, 10, 136.96
1735632667, 224, 10, 40, 0, 0, 0.17%, 7, 0, 10, 140.17
1735632672, 224, 12, 40, 0, 0, 0.17%, 7, 0, 10, 135.22
1735632678, 224, 13, 40, 0, 0, 0.17%, 7, 0, 10, 136.80
1735632683, 224, 14, 40, 0, 0, 0.17%, 7, 0, 10, 142.31
1735632688, 225, 11, 40, 0, 0, 0.17%, 7, 0, 10, 138.95
1735632693, 225, 13, 40, 0, 0, 0.17%, 7, 0, 10, 135.63
1735632698, 225, 14, 40, 0, 0, 0.17%, 7, 0, 10, 137.95
1735632703, 225, 20, 40, 0, 0, 0.17%, 7, 0, 10, 138.52
1735632708, 225, 29, 40, 0, 0, 0.17%, 7, 0, 10, 150.26
1735632719, 225, 32, 40, 0, 0, 0.17%, 7, 0, 10, 139.94
1735632724, 226, 10, 40, 0, 0, 0.17%, 7, 0, 10, 130.42
1735632729, 226, 12, 40, 0, 0, 0.17%, 7, 0, 10, 143.38
1735632734, 226, 13, 40, 0, 0, 0.17%, 7, 0, 10, 142.13
1735632740, 226, 14, 40, 0, 0, 0.17%, 7, 0, 10, 143.59
1735632745, 226, 23, 40, 0, 0, 0.17%, 7, 0, 10, 140.44
1735632750, 227, 10, 40, 0, 0, 0.17%, 7, 0, 10, 147.27
1735632755, 227, 12, 40, 0, 0, 0.17%, 7, 0, 10, 138.10
1735632760, 227, 13, 40, 0, 0, 0.17%, 7, 0, 10, 137.26
1735632765, 227, 14, 40, 0, 0, 0.17%, 7, 0, 10, 135.91
1735632770, 227, 18, 40, 0, 0, 0.17%, 7, 0, 10, 146.77
1735632776, 228, 8, 40, 0, 0, 0.17%, 7, 0, 10, 144.51
1735632781, 228, 11, 40, 0, 0, 0.17%, 7, 0, 10, 137.65
1735632786, 228, 13, 40, 0, 0, 0.17%, 7, 0, 10, 132.89
1735632791, 228, 14, 40, 0, 0, 0.17%, 7, 0, 10, 140.12
1735632796, 228, 31, 40, 0, 0, 0.17%, 7, 0, 10, 142.59
1735632806, 229, 11, 40, 0, 0, 0.17%, 7, 0, 10, 139.23
1735632812, 229, 13, 40, 0, 0, 0.17%, 7, 0, 10, 138.72
1735632817, 229, 14, 40, 0, 0, 0.17%, 7, 0, 10, 144.58
1735632822, 230, 0, 40, 0, 0, 0.17%, 7, 0, 10, 143.36
1735632827, 230, 11, 40, 0, 0, 0.17%, 7, 0, 10, 143.72
1735632832, 230, 13, 40, 0, 0, 0.17%, 7, 0, 10, 138.08
1735632837, 230, 14, 40, 0, 0, 0.17%, 7, 0, 10, 142.44
1735632842, 231, 10, 40, 0, 0, 0.17%, 7, 0, 10, 150.68
1735632848, 231, 12, 40, 0, 0, 0.17%, 7, 0, 10, 137.44
1735632853, 231, 13, 40, 0, 0, 0.17%, 7, 0, 10, 134.28
1735632858, 231, 14, 40, 0, 0, 0.17%, 7, 0, 10, 136.53
1735632863, 231, 29, 40, 0, 0, 0.17%, 7, 0, 10, 145.45
1735632868, 231, 39, 40, 0, 0, 0.17%, 7, 0, 10, 162.73
1735632899, 232, 11, 40, 0, 0, 0.17%, 7, 0, 10, 134.16
1735632904, 232, 13, 40, 0, 0, 0.17%, 7, 0, 10, 129.37
1735632909, 232, 14, 40, 0, 0, 0.17%, 7, 0, 10, 135.59
1735632914, 232, 32, 40, 0, 0, 0.17%, 7, 0, 10, 147.92
1735632924, 232, 37, 40, 0, 0, 0.17%, 7, 0, 10, 142.48
1735632930, 233, 1, 40, 0, 0, 0.17%, 7, 0, 10, 144.77
1735632935, 233, 11, 40, 0, 0, 0.17%, 7, 0, 10, 138.69
1735632940, 233, 13, 40, 0, 0, 0.17%, 7, 0, 10, 132.97
1735632945, 233, 14, 40, 0, 0, 0.17%, 7, 0, 10, 138.21
1735632950, 233, 16, 40, 0, 0, 0.17%, 7, 0, 10, 133.87
1735632955, 234, 5, 40, 0, 0, 0.17%, 7, 0, 10, 134.21
1735632960, 234, 11, 40, 0, 0, 0.17%, 7, 0, 10, 137.49
1735632966, 234, 13, 40, 0, 0, 0.17%, 7, 0, 10, 134.77
1735632971, 234, 14, 40, 0, 0, 0.17%, 7, 0, 10, 131.67
1735632976, 235, 7, 40, 0, 0, 0.17%, 7, 0, 10, 136.60
1735632981, 235, 11, 40, 0, 0, 0.17%, 7, 0, 10, 139.18
1735632986, 235, 13, 40, 0, 0, 0.17%, 7, 0, 10, 139.74
1735632991, 235, 14, 40, 0, 0, 0.17%, 7, 0, 10, 131.52
1735632996, 235, 21, 40, 0, 0, 0.17%, 7, 0, 10, 140.50
1735633006, 235, 34, 40, 0, 0, 0.17%, 7, 0, 10, 158.33
1735633017, 236, 10, 40, 0, 0, 0.17%, 7, 0, 10, 144.82
1735633022, 236, 12, 40, 0, 0, 0.17%, 7, 0, 10, 143.69
1735633027, 236, 13, 40, 0, 0, 0.17%, 7, 0, 10, 133.97
1735633032, 236, 14, 40, 0, 0, 0.17%, 7, 0, 10, 133.92
1735633037, 236, 31, 40, 0, 0, 0.17%, 7, 0, 10, 147.70
1735633042, 237, 7, 40, 0, 0, 0.17%, 7, 0, 10, 139.51
1735633047, 237, 11, 40, 0, 0, 0.17%, 7, 0, 10, 141.12
1735633053, 237, 13, 40, 0, 0, 0.17%, 7, 0, 10, 137.55
1735633058, 237, 14, 40, 0, 0, 0.17%, 7, 0, 10, 139.31
1735633063, 237, 22, 40, 0, 0, 0.17%, 7, 0, 10, 139.96
1735633073, 238, 11, 40, 0, 0, 0.17%, 7, 0, 10, 143.17
1735633078, 238, 13, 40, 0, 0, 0.17%, 7, 0, 10, 139.89
1735633083, 238, 14, 40, 0, 0, 0.17%, 7, 0, 10, 139.11
1735633089, 238, 39, 40, 0, 0, 0.17%, 7, 0, 10, 171.13
1735633119, 239, 11, 40, 0, 0, 0.17%, 7, 0, 10, 136.49
1735633125, 239, 13, 40, 0, 0, 0.17%, 7, 0, 10, 132.65
1735633130, 239, 14, 40, 0, 0, 0.17%, 7, 0, 10, 137.36
1735633135, 240, 10, 40, 0, 0, 0.17%, 7, 0, 10, 139.06
1735633140, 240, 12, 40, 0, 0, 0.17%, 7, 0, 10, 140.00
1735633145, 240, 13, 40, 0, 0, 0.17%, 7, 0, 10, 134.40
1735633150, 240, 14, 40, 0, 0, 0.17%, 7, 0, 10, 136.12
1735633156, 240, 35, 40, 0, 0, 0.17%, 7, 0, 10, 145.83
1735633161, 240, 38, 40, 0, 0, 0.17%, 7, 0, 10, 149.48
