# unix_time, cycles_done, cur_path, paths_total, pending_total, pending_favs, map_size, unique_crashes, unique_hangs, max_depth, execs_per_sec
1735569056, 0, 0, 10, 10, 1, 0.01%, 0, 0, 1, 82.22
1735569061, 0, 4, 10, 10, 1, 0.01%, 0, 0, 1, 101.84
1735569066, 0, 5, 10, 9, 0, 0.01%, 0, 0, 1, 101.53
1735569076, 0, 6, 10, 8, 0, 0.01%, 0, 0, 1, 101.19
1735569086, 0, 7, 10, 7, 0, 0.01%, 0, 0, 1, 99.63
1735569097, 0, 8, 10, 6, 0, 0.01%, 0, 0, 1, 98.11
1735569107, 0, 9, 10, 5, 0, 0.01%, 0, 0, 1, 96.51
1735569117, 1, 0, 10, 4, 0, 0.01%, 0, 0, 1, 93.84
1735569127, 1, 1, 10, 3, 0, 0.01%, 0, 0, 1, 101.97
1735569143, 1, 2, 10, 2, 0, 0.01%, 0, 0, 1, 90.79
1735569153, 1, 3, 10, 1, 0, 0.01%, 0, 0, 1, 97.32
1735569168, 1, 5, 10, 0, 0, 0.01%, 0, 0, 1, 101.70
1735569173, 1, 6, 10, 0, 0, 0.01%, 0, 0, 1, 104.88
1735569179, 1, 8, 10, 0, 0, 0.01%, 0, 0, 1, 106.01
1735569184, 1, 9, 10, 0, 0, 0.01%, 0, 0, 1, 103.16
1735569189, 2, 0, 10, 0, 0, 0.01%, 0, 0, 1, 100.58
1735569194, 2, 2, 10, 0, 0, 0.01%, 0, 0, 1, 103.35
1735569199, 2, 3, 10, 0, 0, 0.01%, 0, 0, 1, 103.79
1735569204, 2, 5, 10, 0, 0, 0.01%, 0, 0, 1, 104.30
1735569209, 2, 6, 10, 0, 0, 0.01%, 0, 0, 1, 103.82
1735569214, 2, 8, 10, 0, 0, 0.01%, 0, 0, 1, 106.64
1735569220, 2, 9, 10, 0, 0, 0.01%, 0, 0, 1, 104.84
1735569225, 3, 1, 10, 0, 0, 0.01%, 0, 0, 1, 105.98
1735569230, 3, 2, 10, 0, 0, 0.01%, 0, 0, 1, 105.23
1735569235, 3, 4, 10, 0, 0, 0.01%, 0, 0, 1, 106.25
1735569240, 3, 5, 10, 0, 0, 0.01%, 0, 0, 1, 102.36
1735569245, 3, 6, 10, 0, 0, 0.01%, 0, 0, 1, 103.18
1735569250, 3, 8, 10, 0, 0, 0.01%, 0, 0, 1, 104.15
1735569255, 3, 9, 10, 0, 0, 0.01%, 0, 0, 1, 106.03
1735569261, 4, 1, 10, 0, 0, 0.01%, 0, 0, 1, 103.96
1735569266, 4, 2, 10, 0, 0, 0.01%, 0, 0, 1, 103.05
1735569271, 4, 4, 10, 0, 0, 0.01%, 0, 0, 1, 103.13
1735569276, 4, 5, 10, 0, 0, 0.01%, 0, 0, 1, 104.69
1735569281, 4, 7, 10, 0, 0, 0.01%, 0, 0, 1, 103.57
1735569286, 4, 8, 10, 0, 0, 0.01%, 0, 0, 1, 104.07
1735569291, 5, 0, 10, 0, 0, 0.01%, 0, 0, 1, 105.30
1735569296, 5, 1, 10, 0, 0, 0.01%, 0, 0, 1, 105.48
1735569302, 5, 2, 10, 0, 0, 0.01%, 0, 0, 1, 103.92
1735569307, 5, 4, 10, 0, 0, 0.01%, 0, 0, 1, 103.32
1735569312, 5, 5, 10, 0, 0, 0.01%, 0, 0, 1, 103.07
1735569317, 5, 7, 10, 0, 0, 0.01%, 0, 0, 1, 105.07
1735569322, 5, 8, 10, 0, 0, 0.01%, 0, 0, 1, 105.81
1735569327, 6, 0, 10, 0, 0, 0.01%, 0, 0, 1, 103.74
1735569332, 6, 1, 11, 1, 0, 0.16%, 1, 0, 2, 103.06
1735569338, 6, 10, 11, 1, 1, 0.16%, 1, 0, 2, 105.67
1735569343, 6, 10, 12, 2, 1, 0.16%, 2, 0, 3, 113.35
1735569368, 6, 10, 13, 3, 1, 0.16%, 3, 0, 3, 113.14
1735569481, 6, 11, 14, 3, 2, 0.17%, 4, 0, 4, 133.10
1735569563, 6, 12, 15, 3, 2, 0.17%, 4, 0, 4, 120.59
1735569569, 6, 12, 15, 3, 2, 0.17%, 5, 0, 4, 122.25
1735569579, 6, 12, 16, 4, 2, 0.17%, 5, 0, 4, 114.16
1735569661, 6, 13, 16, 3, 2, 0.17%, 5, 0, 4, 130.16
1735569681, 6, 13, 17, 4, 2, 0.17%, 5, 0, 5, 116.17
1735569691, 6, 13, 18, 5, 2, 0.17%, 5, 0, 5, 115.10
1735569778, 6, 13, 19, 6, 2, 0.17%, 5, 0, 5, 119.50
1735569783, 6, 13, 20, 7, 2, 0.17%, 5, 0, 5, 115.44
1735569809, 6, 13, 24, 11, 2, 0.17%, 5, 0, 5, 100.42
1735569835, 6, 14, 24, 10, 1, 0.17%, 5, 0, 5, 119.01
1735569886, 6, 14, 25, 11, 1, 0.17%, 5, 0, 5, 121.11
1735569963, 6, 16, 25, 10, 0, 0.17%, 5, 0, 5, 125.97
1735570009, 6, 16, 26, 11, 0, 0.17%, 5, 0, 6, 124.76
1735570076, 6, 16, 27, 12, 0, 0.17%, 5, 0, 6, 121.58
1735570081, 6, 16, 28, 13, 0, 0.17%, 6, 0, 6, 102.74
1735570102, 6, 19, 28, 12, 0, 0.17%, 6, 0, 6, 220.91
1735570153, 6, 19, 29, 13, 0, 0.17%, 7, 0, 6, 251.98
1735570382, 6, 21, 29, 12, 0, 0.17%, 7, 0, 6, 187.49
1735570617, 7, 11, 29, 11, 0, 0.17%, 7, 0, 6, 123.41
1735570627, 7, 12, 29, 11, 0, 0.17%, 7, 0, 6, 125.18
1735570632, 7, 13, 29, 11, 0, 0.17%, 7, 0, 6, 124.24
1735570647, 7, 14, 29, 11, 0, 0.17%, 7, 0, 6, 116.84
1735570668, 7, 24, 29, 11, 0, 0.17%, 7, 0, 6, 156.15
1735570678, 7, 24, 30, 12, 0, 0.17%, 7, 0, 6, 137.27
1735570683, 7, 24, 31, 13, 0, 0.17%, 7, 0, 6, 133.14
1735570755, 7, 24, 32, 14, 0, 0.17%, 7, 0, 6, 134.26
1735570792, 7, 28, 32, 13, 0, 0.17%, 7, 0, 6, 141.61
1735570995, 8, 11, 32, 12, 0, 0.17%, 7, 0, 6, 127.69
1735571006, 8, 12, 32, 12, 0, 0.17%, 7, 0, 6, 121.35
1735571011, 8, 13, 32, 12, 0, 0.17%, 7, 0, 6, 132.52
1735571026, 8, 14, 32, 12, 0, 0.17%, 7, 0, 6, 115.22
1735571046, 8, 15, 32, 12, 0, 0.17%, 7, 0, 6, 129.14
1735571077, 8, 15, 33, 13, 0, 0.17%, 7, 0, 6, 134.73
1735571103, 8, 15, 35, 15, 0, 0.17%, 7, 0, 6, 128.33
1735571165, 8, 15, 37, 17, 0, 0.17%, 7, 0, 6, 119.85
1735571170, 8, 17, 37, 16, 0, 0.17%, 7, 0, 6, 156.66
1735571256, 8, 18, 37, 15, 0, 0.17%, 7, 0, 6, 168.53
1735571333, 8, 36, 37, 14, 0, 0.17%, 7, 0, 6, 172.23
1735571389, 9, 11, 37, 13, 0, 0.17%, 7, 0, 6, 137.85
1735571394, 9, 13, 37, 13, 0, 0.17%, 7, 0, 6, 148.64
1735571405, 9, 14, 37, 13, 0, 0.17%, 7, 0, 6, 143.15
1735571410, 9, 27, 37, 13, 0, 0.17%, 7, 0, 6, 120.11
1735571573, 9, 27, 38, 14, 0, 0.17%, 7, 0, 7, 160.56
1735571624, 9, 37, 38, 13, 0, 0.17%, 7, 0, 7, 181.71
1735571720, 10, 11, 38, 12, 0, 0.17%, 7, 0, 7, 141.33
1735571726, 10, 13, 38, 12, 0, 0.17%, 7, 0, 7, 140.90
1735571736, 10, 14, 39, 13, 0, 0.17%, 8, 0, 7, 140.67
1735571741, 10, 18, 39, 13, 0, 0.17%, 8, 0, 7, 142.27
1735571751, 10, 23, 39, 13, 0, 0.17%, 8, 0, 7, 178.71
1735571812, 10, 25, 39, 12, 0, 0.17%, 8, 0, 7, 152.87
1735571889, 10, 29, 39, 11, 0, 0.17%, 8, 0, 7, 92.60
1735572576, 10, 34, 39, 10, 0, 0.17%, 8, 0, 7, 169.85
1735572622, 10, 35, 39, 9, 0, 0.17%, 8, 0, 7, 119.51
1735572908, 10, 38, 39, 8, 0, 0.17%, 8, 0, 7, 183.11
1735573159, 11, 11, 39, 7, 0, 0.17%, 8, 0, 7, 154.54
1735573164, 11, 13, 39, 7, 0, 0.17%, 8, 0, 7, 145.87
1735573169, 11, 14, 39, 7, 0, 0.17%, 8, 0, 7, 147.22
1735573175, 11, 20, 39, 7, 0, 0.17%, 8, 0, 7, 182.01
1735573225, 11, 28, 39, 6, 0, 0.17%, 8, 0, 7, 148.35
1735573236, 11, 30, 39, 6, 0, 0.17%, 8, 0, 7, 193.12
1735573282, 12, 11, 39, 5, 0, 0.17%, 8, 0, 7, 147.46
1735573287, 12, 13, 39, 5, 0, 0.17%, 8, 0, 7, 141.01
1735573292, 12, 14, 39, 5, 0, 0.17%, 8, 0, 7, 145.71
1735573297, 12, 28, 39, 5, 0, 0.17%, 8, 0, 7, 143.53
1735573307, 12, 33, 39, 5, 0, 0.17%, 8, 0, 7, 156.44
1735573358, 13, 11, 39, 4, 0, 0.17%, 8, 0, 7, 141.83
1735573363, 13, 13, 39, 4, 0, 0.17%, 8, 0, 7, 139.32
1735573368, 13, 14, 39, 4, 0, 0.17%, 8, 0, 7, 130.47
1735573374, 13, 18, 39, 4, 0, 0.17%, 8, 0, 7, 143.24
1735573384, 13, 31, 39, 4, 0, 0.17%, 8, 0, 7, 140.85
1735573675, 13, 31, 40, 5, 0, 0.17%, 9, 0, 7, 201.75
1735573741, 14, 12, 40, 4, 0, 0.17%, 9, 0, 7, 144.48
1735573747, 14, 13, 40, 4, 0, 0.17%, 9, 0, 7, 146.87
1735573752, 14, 14, 40, 4, 0, 0.17%, 9, 0, 7, 151.00
1735573757, 14, 15, 40, 4, 0, 0.17%, 9, 0, 7, 155.24
1735573767, 14, 26, 40, 4, 0, 0.17%, 9, 0, 7, 233.63
1735573960, 14, 32, 40, 3, 0, 0.17%, 9, 0, 7, 151.66
1735574011, 15, 12, 40, 2, 0, 0.17%, 9, 0, 7, 151.25
1735574016, 15, 13, 40, 2, 0, 0.17%, 9, 0, 7, 147.74
1735574021, 15, 14, 40, 2, 0, 0.17%, 9, 0, 7, 147.11
1735574026, 15, 24, 40, 2, 0, 0.17%, 9, 0, 7, 155.62
1735574036, 16, 12, 40, 2, 0, 0.17%, 9, 0, 7, 150.07
1735574041, 16, 13, 40, 2, 0, 0.17%, 9, 0, 7, 149.96
1735574047, 16, 14, 40, 2, 0, 0.17%, 9, 0, 7, 152.43
1735574052, 16, 19, 40, 2, 0, 0.17%, 9, 0, 7, 157.71
1735574057, 16, 22, 40, 2, 0, 0.17%, 9, 0, 7, 152.93
1735574108, 17, 12, 40, 1, 0, 0.17%, 9, 0, 7, 145.92
1735574113, 17, 13, 40, 1, 0, 0.17%, 9, 0, 7, 140.04
1735574118, 17, 14, 40, 1, 0, 0.17%, 9, 0, 7, 144.55
1735574123, 17, 33, 40, 1, 0, 0.17%, 9, 0, 7, 144.20
1735574143, 17, 39, 40, 1, 0, 0.17%, 9, 0, 7, 225.62
1735574281, 18, 2, 40, 0, 0, 0.17%, 9, 0, 7, 152.15
1735574286, 18, 13, 40, 0, 0, 0.17%, 9, 0, 7, 147.56
1735574291, 18, 14, 40, 0, 0, 0.17%, 9, 0, 7, 140.64
1735574297, 18, 34, 40, 0, 0, 0.17%, 9, 0, 7, 145.03
1735574317, 18, 38, 40, 0, 0, 0.17%, 9, 0, 7, 169.38
1735574338, 19, 12, 40, 0, 0, 0.17%, 9, 0, 7, 143.96
1735574343, 19, 14, 40, 0, 0, 0.17%, 9, 0, 7, 143.14
1735574348, 20, 11, 40, 0, 0, 0.17%, 9, 0, 7, 147.83
1735574353, 20, 13, 40, 0, 0, 0.17%, 9, 0, 7, 135.64
1735574358, 20, 14, 40, 0, 0, 0.17%, 9, 0, 7, 140.39
1735574363, 20, 26, 40, 0, 0, 0.17%, 9, 0, 7, 153.72
1735574374, 20, 36, 40, 0, 0, 0.17%, 9, 0, 7, 147.90
1735574394, 20, 37, 40, 0, 0, 0.17%, 9, 0, 7, 162.49
1735574424, 21, 12, 40, 0, 0, 0.17%, 9, 0, 7, 141.95
1735574430, 21, 13, 40, 0, 0, 0.17%, 9, 0, 7, 141.99
1735574435, 21, 14, 40, 0, 0, 0.17%, 9, 0, 7, 141.91
1735574440, 22, 12, 40, 0, 0, 0.17%, 9, 0, 7, 146.69
1735574445, 22, 14, 40, 0, 0, 0.17%, 9, 0, 7, 141.04
1735574450, 22, 21, 40, 0, 0, 0.17%, 9, 0, 7, 149.70
1735574466, 23, 11, 40, 0, 0, 0.17%, 9, 0, 7, 142.23
1735574471, 23, 13, 40, 0, 0, 0.17%, 9, 0, 7, 142.76
1735574476, 23, 14, 40, 0, 0, 0.17%, 9, 0, 7, 137.11
1735574481, 23, 26, 40, 0, 0, 0.17%, 9, 0, 7, 160.73
1735574491, 23, 29, 40, 0, 0, 0.17%, 9, 0, 7, 176.83
1735574502, 23, 33, 40, 0, 0, 0.17%, 9, 0, 7, 139.51
1735574507, 24, 11, 40, 0, 0, 0.17%, 9, 0, 7, 146.97
1735574512, 24, 13, 40, 0, 0, 0.17%, 9, 0, 7, 145.78
1735574517, 24, 14, 40, 0, 0, 0.17%, 9, 0, 7, 147.56
1735574522, 25, 12, 40, 0, 0, 0.17%, 9, 0, 7, 142.75
1735574527, 25, 13, 40, 0, 0, 0.17%, 9, 0, 7, 141.97
1735574532, 25, 14, 40, 0, 0, 0.17%, 9, 0, 7, 148.45
1735574537, 26, 4, 40, 0, 0, 0.17%, 9, 0, 7, 148.41
1735574543, 26, 13, 40, 0, 0, 0.17%, 9, 0, 7, 147.16
1735574548, 26, 14, 40, 0, 0, 0.17%, 9, 0, 7, 141.33
1735574553, 26, 30, 40, 0, 0, 0.17%, 9, 0, 7, 147.20
1735574563, 27, 11, 40, 0, 0, 0.17%, 9, 0, 7, 142.61
1735574568, 27, 13, 40, 0, 0, 0.17%, 9, 0, 7, 137.37
1735574573, 27, 14, 40, 0, 0, 0.17%, 9, 0, 7, 137.66
1735574579, 28, 11, 40, 0, 0, 0.17%, 9, 0, 7, 147.50
1735574584, 28, 13, 40, 0, 0, 0.17%, 9, 0, 7, 136.98
1735574589, 28, 14, 40, 0, 0, 0.17%, 9, 0, 7, 144.84
1735574594, 28, 37, 40, 0, 0, 0.17%, 9, 0, 7, 150.60
1735574609, 29, 11, 40, 0, 0, 0.17%, 9, 0, 7, 139.33
1735574614, 29, 13, 40, 0, 0, 0.17%, 9, 0, 7, 140.00
1735574620, 29, 14, 40, 0, 0, 0.17%, 9, 0, 7, 140.06
1735574625, 29, 20, 40, 0, 0, 0.17%, 9, 0, 7, 153.10
1735574635, 30, 12, 40, 0, 0, 0.17%, 9, 0, 7, 144.97
1735574640, 30, 13, 40, 0, 0, 0.17%, 9, 0, 7, 144.07
1735574645, 30, 14, 40, 0, 0, 0.17%, 9, 0, 7, 138.34
1735574650, 30, 37, 40, 0, 0, 0.17%, 9, 0, 7, 159.88
1735574655, 31, 11, 40, 0, 0, 0.17%, 9, 0, 7, 145.91
1735574661, 31, 13, 40, 0, 0, 0.17%, 9, 0, 7, 144.35
1735574666, 31, 14, 40, 0, 0, 0.17%, 9, 0, 7, 146.56
1735574671, 31, 37, 40, 0, 0, 0.17%, 9, 0, 7, 154.69
1735574676, 32, 11, 40, 0, 0, 0.17%, 9, 0, 7, 148.02
1735574681, 32, 13, 40, 0, 0, 0.17%, 9, 0, 7, 149.72
1735574686, 32, 14, 40, 0, 0, 0.17%, 9, 0, 7, 153.96
1735574691, 32, 39, 40, 0, 0, 0.17%, 9, 0, 7, 165.30
1735574712, 33, 12, 40, 0, 0, 0.17%, 9, 0, 7, 142.57
1735574717, 33, 13, 40, 0, 0, 0.17%, 9, 0, 7, 144.94
1735574722, 33, 14, 40, 0, 0, 0.17%, 9, 0, 7, 146.55
1735574727, 33, 20, 40, 0, 0, 0.17%, 9, 0, 7, 151.46
1735574738, 33, 21, 40, 0, 0, 0.17%, 9, 0, 7, 163.20
1735574748, 34, 11, 40, 0, 0, 0.17%, 9, 0, 7, 146.18
1735574753, 34, 13, 40, 0, 0, 0.17%, 9, 0, 7, 141.02
1735574758, 34, 14, 40, 0, 0, 0.17%, 9, 0, 7, 143.33
1735574763, 35, 12, 40, 0, 0, 0.17%, 9, 0, 7, 135.83
1735574768, 35, 13, 40, 0, 0, 0.17%, 9, 0, 7, 140.16
1735574773, 35, 14, 40, 0, 0, 0.17%, 9, 0, 7, 155.30
1735574778, 36, 12, 40, 0, 0, 0.17%, 9, 0, 7, 146.82
1735574784, 36, 13, 40, 0, 0, 0.17%, 9, 0, 7, 147.93
1735574789, 36, 14, 40, 0, 0, 0.17%, 9, 0, 7, 149.84
1735574794, 37, 12, 40, 0, 0, 0.17%, 9, 0, 7, 141.26
1735574799, 37, 13, 40, 0, 0, 0.17%, 9, 0, 7, 141.83
1735574804, 37, 14, 40, 0, 0, 0.17%, 9, 0, 7, 138.58
1735574809, 37, 34, 40, 0, 0, 0.17%, 9, 0, 7, 151.94
1735574814, 38, 11, 40, 0, 0, 0.17%, 9, 0, 7, 144.16
1735574820, 38, 13, 40, 0, 0, 0.17%, 9, 0, 7, 137.59
1735574825, 38, 14, 40, 0, 0, 0.17%, 9, 0, 7, 142.04
1735574830, 38, 15, 40, 0, 0, 0.17%, 9, 0, 7, 150.43
1735574840, 38, 17, 40, 0, 0, 0.17%, 9, 0, 7, 153.78
1735574850, 38, 24, 40, 0, 0, 0.17%, 9, 0, 7, 148.77
1735574860, 38, 32, 40, 0, 0, 0.17%, 9, 0, 7, 147.39
1735574881, 38, 38, 40, 0, 0, 0.17%, 9, 0, 7, 165.76
1735574891, 39, 13, 40, 0, 0, 0.17%, 9, 0, 7, 148.17
1735574896, 39, 14, 40, 0, 0, 0.17%, 9, 0, 7, 143.56
1735574901, 40, 11, 40, 0, 0, 0.17%, 9, 0, 7, 143.21
1735574906, 40, 13, 40, 0, 0, 0.17%, 9, 0, 7, 146.88
1735574912, 40, 14, 40, 0, 0, 0.17%, 9, 0, 7, 140.59
1735574917, 40, 20, 40, 0, 0, 0.17%, 9, 0, 7, 143.63
1735574922, 40, 28, 40, 0, 0, 0.17%, 9, 0, 7, 151.30
1735574927, 41, 12, 40, 0, 0, 0.17%, 9, 0, 7, 143.26
1735574932, 41, 13, 40, 0, 0, 0.17%, 9, 0, 7, 144.26
1735574937, 41, 14, 40, 0, 0, 0.17%, 9, 0, 7, 148.86
1735574943, 42, 13, 40, 0, 0, 0.17%, 9, 0, 7, 145.43
1735574948, 42, 14, 40, 0, 0, 0.17%, 9, 0, 7, 138.37
1735574953, 42, 38, 40, 0, 0, 0.17%, 9, 0, 7, 162.35
1735574963, 43, 11, 40, 0, 0, 0.17%, 9, 0, 7, 148.19
1735574968, 43, 13, 40, 0, 0, 0.17%, 9, 0, 7, 142.32
1735574973, 43, 14, 40, 0, 0, 0.17%, 9, 0, 7, 134.68
1735574979, 44, 12, 40, 0, 0, 0.17%, 9, 0, 7, 143.76
1735574984, 44, 13, 40, 0, 0, 0.17%, 9, 0, 7, 140.27
1735574989, 44, 14, 40, 0, 0, 0.17%, 9, 0, 7, 153.27
1735574994, 44, 33, 40, 0, 0, 0.17%, 9, 0, 7, 146.27
1735574999, 45, 12, 40, 0, 0, 0.17%, 9, 0, 7, 146.02
1735575004, 45, 14, 40, 0, 0, 0.17%, 9, 0, 7, 139.18
1735575010, 45, 38, 40, 0, 0, 0.17%, 9, 0, 7, 165.25
1735575015, 46, 7, 40, 0, 0, 0.17%, 9, 0, 7, 152.85
1735575020, 46, 12, 40, 0, 0, 0.17%, 9, 0, 7, 146.10
1735575025, 46, 13, 40, 0, 0, 0.17%, 9, 0, 7, 148.58
1735575030, 46, 14, 40, 0, 0, 0.17%, 9, 0, 7, 142.08
1735575035, 46, 17, 40, 0, 0, 0.17%, 9, 0, 7, 147.23
1735575040, 46, 19, 40, 0, 0, 0.17%, 9, 0, 7, 147.90
1735575050, 47, 4, 40, 0, 0, 0.17%, 9, 0, 7, 150.20
1735575055, 47, 12, 40, 0, 0, 0.17%, 9, 0, 7, 151.63
1735575061, 47, 14, 40, 0, 0, 0.17%, 9, 0, 7, 147.50
1735575066, 47, 33, 40, 0, 0, 0.17%, 9, 0, 7, 147.21
1735575071, 48, 11, 40, 0, 0, 0.17%, 9, 0, 7, 140.58
1735575076, 48, 13, 40, 0, 0, 0.17%, 9, 0, 7, 141.38
1735575081, 48, 14, 40, 0, 0, 0.17%, 9, 0, 7, 143.08
1735575087, 48, 38, 40, 0, 0, 0.17%, 9, 0, 7, 157.83
1735575092, 49, 11, 40, 0, 0, 0.17%, 9, 0, 7, 141.48
1735575097, 49, 13, 40, 0, 0, 0.17%, 9, 0, 7, 134.62
1735575102, 49, 14, 40, 0, 0, 0.17%, 9, 0, 7, 144.92
1735575107, 50, 11, 40, 0, 0, 0.17%, 9, 0, 7, 143.73
1735575112, 50, 13, 40, 0, 0, 0.17%, 9, 0, 7, 139.97
1735575117, 50, 14, 40, 0, 0, 0.17%, 9, 0, 7, 151.18
1735575123, 50, 30, 40, 0, 0, 0.17%, 9, 0, 7, 147.79
1735575133, 51, 12, 40, 0, 0, 0.17%, 9, 0, 7, 146.32
1735575138, 51, 13, 40, 0, 0, 0.17%, 9, 0, 7, 140.63
1735575143, 51, 14, 40, 0, 0, 0.17%, 9, 0, 7, 146.04
1735575148, 51, 22, 40, 0, 0, 0.17%, 9, 0, 7, 148.44
1735575159, 52, 12, 40, 0, 0, 0.17%, 9, 0, 7, 147.23
1735575164, 52, 14, 40, 0, 0, 0.17%, 9, 0, 7, 146.06
1735575169, 53, 11, 40, 0, 0, 0.17%, 9, 0, 7, 135.71
1735575174, 53, 13, 40, 0, 0, 0.17%, 9, 0, 7, 149.24
1735575179, 53, 14, 40, 0, 0, 0.17%, 9, 0, 7, 140.63
1735575184, 53, 27, 40, 0, 0, 0.17%, 9, 0, 7, 157.76
1735575195, 54, 7, 40, 0, 0, 0.17%, 9, 0, 7, 147.54
1735575200, 54, 12, 40, 0, 0, 0.17%, 9, 0, 7, 142.55
1735575205, 54, 13, 40, 0, 0, 0.17%, 9, 0, 7, 144.02
1735575210, 54, 14, 40, 0, 0, 0.17%, 9, 0, 7, 142.96
1735575215, 54, 17, 40, 0, 0, 0.17%, 9, 0, 7, 152.44
1735575220, 55, 11, 40, 0, 0, 0.17%, 9, 0, 7, 146.12
1735575225, 55, 13, 40, 0, 0, 0.17%, 9, 0, 7, 148.31
1735575231, 55, 14, 40, 0, 0, 0.17%, 9, 0, 7, 146.45
1735575236, 55, 21, 40, 0, 0, 0.17%, 9, 0, 7, 150.94
1735575246, 55, 31, 40, 0, 0, 0.17%, 9, 0, 7, 167.29
1735575251, 55, 36, 40, 0, 0, 0.17%, 9, 0, 7, 157.70
1735575256, 56, 6, 40, 0, 0, 0.17%, 9, 0, 7, 147.63
1735575261, 56, 12, 40, 0, 0, 0.17%, 9, 0, 7, 146.23
1735575266, 56, 14, 40, 0, 0, 0.17%, 9, 0, 7, 144.78
1735575271, 56, 16, 40, 0, 0, 0.17%, 9, 0, 7, 147.32
1735575282, 56, 18, 40, 0, 0, 0.17%, 9, 0, 7, 148.82
1735575287, 56, 23, 40, 0, 0, 0.17%, 9, 0, 7, 150.99
1735575297, 56, 28, 40, 0, 0, 0.17%, 9, 0, 7, 152.02
1735575302, 57, 11, 40, 0, 0, 0.17%, 9, 0, 7, 141.84
1735575307, 57, 13, 40, 0, 0, 0.17%, 9, 0, 7, 140.24
1735575312, 57, 14, 40, 0, 0, 0.17%, 9, 0, 7, 155.80
1735575317, 57, 25, 40, 0, 0, 0.17%, 9, 0, 7, 157.00
1735575328, 58, 12, 40, 0, 0, 0.17%, 9, 0, 7, 144.59
1735575333, 58, 14, 40, 0, 0, 0.17%, 9, 0, 7, 144.83
1735575338, 58, 17, 40, 0, 0, 0.17%, 9, 0, 7, 143.09
1735575343, 58, 19, 40, 0, 0, 0.17%, 9, 0, 7, 150.60
1735575348, 59, 11, 40, 0, 0, 0.17%, 9, 0, 7, 146.43
1735575353, 59, 13, 40, 0, 0, 0.17%, 9, 0, 7, 139.99
1735575358, 59, 14, 40, 0, 0, 0.17%, 9, 0, 7, 145.35
1735575364, 59, 39, 40, 0, 0, 0.17%, 9, 0, 7, 157.29
1735575384, 60, 12, 40, 0, 0, 0.17%, 9, 0, 7, 141.15
1735575389, 60, 13, 40, 0, 0, 0.17%, 9, 0, 7, 140.17
1735575394, 60, 14, 40, 0, 0, 0.17%, 9, 0, 7, 144.81
1735575399, 61, 11, 40, 0, 0, 0.17%, 9, 0, 7, 143.49
1735575404, 61, 13, 40, 0, 0, 0.17%, 9, 0, 7, 148.66
1735575410, 61, 14, 40, 0, 0, 0.17%, 9, 0, 7, 139.88
1735575415, 61, 26, 40, 0, 0, 0.17%, 9, 0, 7, 147.76
1735575420, 61, 27, 40, 0, 0, 0.17%, 9, 0, 7, 162.10
1735575430, 61, 30, 40, 0, 0, 0.17%, 9, 0, 7, 147.97
1735575441, 61, 35, 40, 0, 0, 0.17%, 9, 0, 7, 191.41
1735575456, 61, 39, 40, 0, 0, 0.17%, 9, 0, 7, 168.29
1735575466, 62, 11, 40, 0, 0, 0.17%, 9, 0, 7, 151.05
1735575471, 62, 13, 40, 0, 0, 0.17%, 9, 0, 7, 141.18
1735575476, 62, 14, 40, 0, 0, 0.17%, 9, 0, 7, 140.63
1735575481, 62, 21, 40, 0, 0, 0.17%, 9, 0, 7, 159.31
1735575486, 62, 22, 40, 0, 0, 0.17%, 9, 0, 7, 150.77
1735575497, 62, 26, 40, 0, 0, 0.17%, 9, 0, 7, 145.63
1735575502, 63, 11, 40, 0, 0, 0.17%, 9, 0, 7, 149.67
1735575507, 63, 13, 40, 0, 0, 0.17%, 9, 0, 7, 141.02
1735575512, 63, 14, 40, 0, 0, 0.17%, 9, 0, 7, 138.75
1735575517, 63, 18, 40, 0, 0, 0.17%, 9, 0, 7, 134.50
1735575523, 63, 31, 40, 0, 0, 0.17%, 9, 0, 7, 161.14
1735575533, 63, 38, 40, 0, 0, 0.17%, 9, 0, 7, 168.70
1735575538, 64, 12, 40, 0, 0, 0.17%, 9, 0, 7, 149.82
1735575543, 64, 13, 40, 0, 0, 0.17%, 9, 0, 7, 140.33
1735575548, 64, 14, 40, 0, 0, 0.17%, 9, 0, 7, 143.45
1735575553, 64, 27, 40, 0, 0, 0.17%, 9, 0, 7, 150.68
1735575558, 64, 32, 40, 0, 0, 0.17%, 9, 0, 7, 144.90
1735575563, 65, 10, 40, 0, 0, 0.17%, 9, 0, 7, 140.00
1735575568, 65, 13, 40, 0, 0, 0.17%, 9, 0, 7, 143.34
1735575574, 65, 14, 40, 0, 0, 0.17%, 9, 0, 7, 143.77
1735575579, 65, 21, 40, 0, 0, 0.17%, 9, 0, 7, 148.63
1735575589, 66, 12, 40, 0, 0, 0.17%, 9, 0, 7, 143.94
1735575594, 66, 13, 40, 0, 0, 0.17%, 9, 0, 7, 139.13
1735575599, 66, 14, 40, 0, 0, 0.17%, 9, 0, 7, 146.12
1735575604, 67, 8, 40, 0, 0, 0.17%, 9, 0, 7, 155.11
1735575609, 67, 12, 40, 0, 0, 0.17%, 9, 0, 7, 152.65
1735575615, 67, 14, 40, 0, 0, 0.17%, 9, 0, 7, 149.32
1735575620, 67, 24, 40, 0, 0, 0.17%, 9, 0, 7, 151.55
1735575625, 68, 11, 40, 0, 0, 0.17%, 9, 0, 7, 135.56
1735575630, 68, 13, 40, 0, 0, 0.17%, 9, 0, 7, 144.43
1735575635, 68, 14, 40, 0, 0, 0.17%, 9, 0, 7, 140.18
1735575640, 68, 27, 40, 0, 0, 0.17%, 9, 0, 7, 151.82
1735575645, 69, 0, 40, 0, 0, 0.17%, 9, 0, 7, 145.64
1735575650, 69, 12, 40, 0, 0, 0.17%, 9, 0, 7, 146.14
1735575656, 69, 13, 40, 0, 0, 0.17%, 9, 0, 7, 143.60
1735575661, 69, 26, 40, 0, 0, 0.17%, 9, 0, 7, 146.09
1735575666, 69, 36, 40, 0, 0, 0.17%, 9, 0, 7, 149.80
1735575671, 70, 2, 40, 0, 0, 0.17%, 9, 0, 7, 149.54
1735575676, 70, 12, 40, 0, 0, 0.17%, 9, 0, 7, 150.88
1735575681, 70, 14, 40, 0, 0, 0.17%, 9, 0, 7, 153.58
1735575687, 71, 11, 40, 0, 0, 0.17%, 9, 0, 7, 144.16
1735575692, 71, 13, 40, 0, 0, 0.17%, 9, 0, 7, 144.38
1735575697, 71, 14, 40, 0, 0, 0.17%, 9, 0, 7, 137.45
1735575702, 72, 11, 40, 0, 0, 0.17%, 9, 0, 7, 144.92
1735575707, 72, 13, 40, 0, 0, 0.17%, 9, 0, 7, 144.58
1735575712, 72, 14, 40, 0, 0, 0.17%, 9, 0, 7, 146.31
1735575717, 72, 28, 40, 0, 0, 0.17%, 9, 0, 7, 150.55
1735575722, 73, 12, 40, 0, 0, 0.17%, 9, 0, 7, 142.94
1735575727, 73, 13, 40, 0, 0, 0.17%, 9, 0, 7, 135.67
1735575733, 73, 14, 40, 0, 0, 0.17%, 9, 0, 7, 144.11
1735575738, 74, 10, 40, 0, 0, 0.17%, 9, 0, 7, 140.87
1735575743, 74, 12, 40, 0, 0, 0.17%, 9, 0, 7, 153.36
1735575748, 74, 13, 40, 0, 0, 0.17%, 9, 0, 7, 141.41
1735575753, 74, 14, 40, 0, 0, 0.17%, 9, 0, 7, 146.98
1735575758, 74, 36, 40, 0, 0, 0.17%, 9, 0, 7, 153.97
1735575763, 75, 11, 40, 0, 0, 0.17%, 9, 0, 7, 146.82
1735575769, 75, 13, 40, 0, 0, 0.17%, 9, 0, 7, 140.63
1735575774, 75, 14, 40, 0, 0, 0.17%, 9, 0, 7, 147.87
1735575779, 75, 21, 40, 0, 0, 0.17%, 9, 0, 7, 157.15
1735575784, 75, 25, 40, 0, 0, 0.17%, 9, 0, 7, 146.09
1735575794, 76, 11, 40, 0, 0, 0.17%, 9, 0, 7, 137.97
1735575799, 76, 13, 40, 0, 0, 0.17%, 9, 0, 7, 138.34
1735575805, 76, 14, 40, 0, 0, 0.17%, 9, 0, 7, 136.63
1735575810, 76, 27, 40, 0, 0, 0.17%, 9, 0, 7, 147.18
1735575815, 76, 38, 40, 0, 0, 0.17%, 9, 0, 7, 159.27
1735575820, 77, 8, 40, 0, 0, 0.17%, 9, 0, 7, 152.28
1735575825, 77, 11, 40, 0, 0, 0.17%, 9, 0, 7, 136.76
1735575830, 77, 13, 40, 0, 0, 0.17%, 9, 0, 7, 134.70
1735575835, 77, 14, 40, 0, 0, 0.17%, 9, 0, 7, 143.09
1735575840, 78, 6, 40, 0, 0, 0.17%, 9, 0, 7, 146.52
1735575846, 78, 13, 40, 0, 0, 0.17%, 9, 0, 7, 148.62
1735575851, 78, 14, 40, 0, 0, 0.17%, 9, 0, 7, 138.62
1735575856, 78, 16, 40, 0, 0, 0.17%, 9, 0, 7, 148.97
1735575866, 78, 26, 40, 0, 0, 0.17%, 9, 0, 7, 145.91
1735575871, 79, 11, 40, 0, 0, 0.17%, 9, 0, 7, 144.38
1735575877, 79, 13, 40, 0, 0, 0.17%, 9, 0, 7, 142.04
1735575882, 79, 14, 40, 0, 0, 0.17%, 9, 0, 7, 144.69
1735575887, 79, 34, 40, 0, 0, 0.17%, 9, 0, 7, 153.24
1735575892, 79, 37, 40, 0, 0, 0.17%, 9, 0, 7, 151.29
1735575897, 80, 11, 40, 0, 0, 0.17%, 9, 0, 7, 141.85
1735575902, 80, 13, 40, 0, 0, 0.17%, 9, 0, 7, 134.85
1735575907, 80, 14, 40, 0, 0, 0.17%, 9, 0, 7, 140.61
1735575913, 80, 19, 40, 0, 0, 0.17%, 9, 0, 7, 152.57
1735575918, 81, 11, 40, 0, 0, 0.17%, 9, 0, 7, 149.50
1735575923, 81, 13, 40, 0, 0, 0.17%, 9, 0, 7, 142.31
1735575928, 81, 14, 40, 0, 0, 0.17%, 9, 0, 7, 145.04
1735575933, 82, 6, 40, 0, 0, 0.17%, 9, 0, 7, 148.09
1735575938, 82, 12, 40, 0, 0, 0.17%, 9, 0, 7, 146.38
1735575943, 82, 13, 40, 0, 0, 0.17%, 9, 0, 7, 142.30
1735575948, 82, 14, 40, 0, 0, 0.17%, 9, 0, 7, 141.29
1735575953, 83, 0, 40, 0, 0, 0.17%, 9, 0, 7, 149.22
1735575959, 83, 12, 40, 0, 0, 0.17%, 9, 0, 7, 145.17
1735575964, 83, 13, 40, 0, 0, 0.17%, 9, 0, 7, 145.99
1735575969, 84, 9, 40, 0, 0, 0.17%, 9, 0, 7, 155.68
1735575974, 84, 12, 40, 0, 0, 0.17%, 9, 0, 7, 139.82
1735575979, 84, 13, 40, 0, 0, 0.17%, 9, 0, 7, 142.90
1735575984, 84, 14, 40, 0, 0, 0.17%, 9, 0, 7, 149.40
1735575989, 84, 35, 40, 0, 0, 0.17%, 9, 0, 7, 159.16
1735575994, 85, 11, 40, 0, 0, 0.17%, 9, 0, 7, 149.20
1735576000, 85, 13, 40, 0, 0, 0.17%, 9, 0, 7, 151.70
1735576005, 85, 14, 40, 0, 0, 0.17%, 9, 0, 7, 145.80
1735576010, 86, 12, 40, 0, 0, 0.17%, 9, 0, 7, 147.85
1735576015, 86, 13, 40, 0, 0, 0.17%, 9, 0, 7, 145.11
1735576020, 86, 14, 40, 0, 0, 0.17%, 9, 0, 7, 141.21
1735576025, 87, 12, 40, 0, 0, 0.17%, 9, 0, 7, 137.38
1735576030, 87, 13, 40, 0, 0, 0.17%, 9, 0, 7, 140.25
1735576035, 87, 14, 40, 0, 0, 0.17%, 9, 0, 7, 150.31
1735576040, 87, 20, 40, 0, 0, 0.17%, 9, 0, 7, 149.82
1735576046, 88, 11, 40, 0, 0, 0.17%, 9, 0, 7, 148.24
1735576051, 88, 13, 40, 0, 0, 0.17%, 9, 0, 7, 147.22
1735576056, 88, 14, 40, 0, 0, 0.17%, 9, 0, 7, 150.67
1735576061, 88, 15, 40, 0, 0, 0.17%, 9, 0, 7, 158.55
1735576066, 88, 20, 40, 0, 0, 0.17%, 9, 0, 7, 150.64
1735576071, 88, 35, 40, 0, 0, 0.17%, 9, 0, 7, 156.04
1735576077, 89, 11, 40, 0, 0, 0.17%, 9, 0, 7, 146.85
1735576082, 89, 13, 40, 0, 0, 0.17%, 9, 0, 7, 144.28
1735576087, 89, 14, 40, 0, 0, 0.17%, 9, 0, 7, 142.78
1735576092, 90, 12, 40, 0, 0, 0.17%, 9, 0, 7, 147.13
1735576097, 90, 13, 40, 0, 0, 0.17%, 9, 0, 7, 144.71
1735576102, 90, 14, 40, 0, 0, 0.17%, 9, 0, 7, 135.86
1735576107, 90, 18, 40, 0, 0, 0.17%, 9, 0, 7, 143.02
1735576112, 91, 12, 40, 0, 0, 0.17%, 9, 0, 7, 145.68
1735576118, 91, 13, 40, 0, 0, 0.17%, 9, 0, 7, 135.84
1735576123, 92, 3, 40, 0, 0, 0.17%, 9, 0, 7, 144.73
1735576128, 92, 11, 40, 0, 0, 0.17%, 9, 0, 7, 145.38
1735576133, 92, 13, 40, 0, 0, 0.17%, 9, 0, 7, 151.49
1735576138, 92, 14, 40, 0, 0, 0.17%, 9, 0, 7, 162.63
1735576143, 92, 34, 40, 0, 0, 0.17%, 9, 0, 7, 152.47
1735576149, 93, 12, 40, 0, 0, 0.17%, 9, 0, 7, 146.18
1735576154, 93, 14, 40, 0, 0, 0.17%, 9, 0, 7, 149.53
1735576159, 93, 31, 40, 0, 0, 0.17%, 9, 0, 7, 157.29
1735576169, 94, 10, 40, 0, 0, 0.17%, 9, 0, 7, 155.52
1735576174, 94, 12, 40, 0, 0, 0.17%, 9, 0, 7, 148.40
1735576179, 94, 13, 40, 0, 0, 0.17%, 9, 0, 7, 139.07
1735576184, 94, 14, 40, 0, 0, 0.17%, 9, 0, 7, 141.33
1735576189, 94, 19, 40, 0, 0, 0.17%, 9, 0, 7, 154.03
1735576194, 94, 22, 40, 0, 0, 0.17%, 9, 0, 7, 141.57
1735576200, 95, 13, 40, 0, 0, 0.17%, 9, 0, 7, 148.59
1735576205, 95, 14, 40, 0, 0, 0.17%, 9, 0, 7, 142.45
1735576210, 96, 5, 40, 0, 0, 0.17%, 9, 0, 7, 146.45
1735576215, 96, 11, 40, 0, 0, 0.17%, 9, 0, 7, 148.19
1735576220, 96, 13, 40, 0, 0, 0.17%, 9, 0, 7, 143.04
1735576225, 96, 14, 40, 0, 0, 0.17%, 9, 0, 7, 153.26
1735576230, 96, 19, 40, 0, 0, 0.17%, 9, 0, 7, 156.10
1735576235, 96, 23, 40, 0, 0, 0.17%, 9, 0, 7, 156.65
1735576241, 97, 3, 40, 0, 0, 0.17%, 9, 0, 7, 146.43
1735576246, 97, 12, 40, 0, 0, 0.17%, 9, 0, 7, 138.93
1735576251, 97, 13, 40, 0, 0, 0.17%, 9, 0, 7, 132.72
1735576256, 97, 35, 40, 0, 0, 0.17%, 9, 0, 7, 151.43
1735576261, 98, 4, 40, 0, 0, 0.17%, 9, 0, 7, 146.67
1735576266, 98, 11, 40, 0, 0, 0.17%, 9, 0, 7, 144.41
1735576272, 98, 13, 40, 0, 0, 0.17%, 9, 0, 7, 143.31
1735576277, 98, 14, 40, 0, 0, 0.17%, 9, 0, 7, 137.65
1735576282, 98, 15, 40, 0, 0, 0.17%, 9, 0, 7, 142.07
1735576287, 98, 37, 40, 0, 0, 0.17%, 9, 0, 7, 158.87
1735576292, 99, 4, 40, 0, 0, 0.17%, 9, 0, 7, 148.27
1735576297, 99, 12, 40, 0, 0, 0.17%, 9, 0, 7, 143.87
1735576302, 99, 13, 40, 0, 0, 0.17%, 9, 0, 7, 150.35
1735576307, 99, 14, 40, 0, 0, 0.17%, 9, 0, 7, 146.17
1735576313, 100, 3, 40, 0, 0, 0.17%, 9, 0, 7, 144.61
1735576318, 100, 12, 40, 0, 0, 0.17%, 9, 0, 7, 151.51
1735576323, 100, 13, 40, 0, 0, 0.17%, 9, 0, 7, 148.90
1735576328, 100, 14, 40, 0, 0, 0.17%, 9, 0, 7, 141.83
1735576333, 100, 21, 40, 0, 0, 0.17%, 9, 0, 7, 146.80
1735576338, 100, 25, 40, 0, 0, 0.17%, 9, 0, 7, 139.25
1735576343, 100, 37, 40, 0, 0, 0.17%, 9, 0, 7, 150.83
1735576348, 101, 0, 40, 0, 0, 0.17%, 9, 0, 7, 148.97
1735576354, 101, 12, 40, 0, 0, 0.17%, 9, 0, 7, 143.63
1735576359, 101, 13, 40, 0, 0, 0.17%, 9, 0, 7, 145.98
1735576364, 101, 23, 40, 0, 0, 0.17%, 9, 0, 7, 146.29
1735576369, 101, 27, 40, 0, 0, 0.17%, 9, 0, 7, 144.66
1735576374, 102, 11, 40, 0, 0, 0.17%, 9, 0, 7, 144.98
1735576379, 102, 13, 40, 0, 0, 0.17%, 9, 0, 7, 147.91
1735576385, 102, 14, 40, 0, 0, 0.17%, 9, 0, 7, 139.68
1735576390, 102, 17, 40, 0, 0, 0.17%, 9, 0, 7, 147.76
1735576395, 102, 22, 40, 0, 0, 0.17%, 9, 0, 7, 145.30
1735576400, 102, 32, 40, 0, 0, 0.17%, 9, 0, 7, 138.88
1735576405, 103, 11, 40, 0, 0, 0.17%, 9, 0, 7, 144.34
1735576410, 103, 13, 40, 0, 0, 0.17%, 9, 0, 7, 142.90
1735576416, 103, 14, 40, 0, 0, 0.17%, 9, 0, 7, 139.00
1735576421, 103, 17, 40, 0, 0, 0.17%, 9, 0, 7, 156.03
1735576426, 104, 11, 40, 0, 0, 0.17%, 9, 0, 7, 150.62
1735576431, 104, 13, 40, 0, 0, 0.17%, 9, 0, 7, 145.17
1735576436, 104, 14, 40, 0, 0, 0.17%, 9, 0, 7, 145.90
1735576441, 104, 39, 40, 0, 0, 0.17%, 9, 0, 7, 154.29
1735576446, 105, 13, 40, 0, 0, 0.17%, 9, 0, 7, 151.24
1735576451, 105, 14, 40, 0, 0, 0.17%, 9, 0, 7, 144.39
1735576457, 105, 28, 40, 0, 0, 0.17%, 9, 0, 7, 155.94
1735576462, 105, 31, 40, 0, 0, 0.17%, 9, 0, 7, 157.57
1735576467, 106, 8, 40, 0, 0, 0.17%, 9, 0, 7, 149.86
1735576472, 106, 13, 40, 0, 0, 0.17%, 9, 0, 7, 150.89
1735576477, 106, 14, 40, 0, 0, 0.17%, 9, 0, 7, 150.97
1735576482, 107, 11, 40, 0, 0, 0.17%, 9, 0, 7, 143.18
1735576487, 107, 13, 40, 0, 0, 0.17%, 9, 0, 7, 136.91
1735576492, 107, 14, 40, 0, 0, 0.17%, 9, 0, 7, 137.24
1735576497, 107, 22, 40, 0, 0, 0.17%, 9, 0, 7, 154.33
1735576502, 107, 28, 40, 0, 0, 0.17%, 9, 0, 7, 151.14
1735576508, 107, 30, 40, 0, 0, 0.17%, 9, 0, 7, 148.03
1735576513, 107, 34, 40, 0, 0, 0.17%, 9, 0, 7, 153.47
1735576518, 107, 35, 40, 0, 0, 0.17%, 9, 0, 7, 158.45
1735576523, 108, 12, 40, 0, 0, 0.17%, 9, 0, 7, 143.12
1735576528, 108, 13, 40, 0, 0, 0.17%, 9, 0, 7, 135.13
1735576533, 108, 38, 40, 0, 0, 0.17%, 9, 0, 7, 152.44
1735576538, 109, 11, 40, 0, 0, 0.17%, 9, 0, 7, 156.33
1735576544, 109, 13, 40, 0, 0, 0.17%, 9, 0, 7, 143.06
1735576549, 109, 14, 40, 0, 0, 0.17%, 9, 0, 7, 139.40
1735576554, 110, 11, 40, 0, 0, 0.17%, 9, 0, 7, 142.68
1735576559, 110, 13, 40, 0, 0, 0.17%, 9, 0, 7, 142.19
1735576564, 110, 14, 40, 0, 0, 0.17%, 9, 0, 7, 141.48
1735576569, 111, 11, 40, 0, 0, 0.17%, 9, 0, 7, 138.87
1735576575, 111, 13, 40, 0, 0, 0.17%, 9, 0, 7, 136.55
1735576580, 111, 14, 40, 0, 0, 0.17%, 9, 0, 7, 133.04
1735576585, 112, 12, 40, 0, 0, 0.17%, 9, 0, 7, 146.74
1735576590, 112, 13, 40, 0, 0, 0.17%, 9, 0, 7, 140.59
1735576595, 112, 14, 40, 0, 0, 0.17%, 9, 0, 7, 149.58
1735576600, 112, 15, 40, 0, 0, 0.17%, 9, 0, 7, 145.07
1735576605, 112, 33, 40, 0, 0, 0.17%, 9, 0, 7, 144.66
1735576610, 113, 11, 40, 0, 0, 0.17%, 9, 0, 7, 143.89
1735576615, 113, 13, 40, 0, 0, 0.17%, 9, 0, 7, 141.26
1735576621, 113, 14, 40, 0, 0, 0.17%, 9, 0, 7, 142.90
1735576626, 114, 12, 40, 0, 0, 0.17%, 9, 0, 7, 142.71
1735576631, 114, 13, 40, 0, 0, 0.17%, 9, 0, 7, 140.52
1735576636, 114, 14, 40, 0, 0, 0.17%, 9, 0, 7, 146.10
1735576641, 114, 25, 40, 0, 0, 0.17%, 9, 0, 7, 154.90
1735576646, 115, 11, 40, 0, 0, 0.17%, 9, 0, 7, 137.54
1735576651, 115, 13, 40, 0, 0, 0.17%, 9, 0, 7, 138.20
1735576657, 115, 14, 40, 0, 0, 0.17%, 9, 0, 7, 144.68
1735576662, 115, 30, 40, 0, 0, 0.17%, 9, 0, 7, 149.14
1735576667, 115, 31, 40, 0, 0, 0.17%, 9, 0, 7, 156.35
1735576672, 116, 11, 40, 0, 0, 0.17%, 9, 0, 7, 147.00
1735576677, 116, 13, 40, 0, 0, 0.17%, 9, 0, 7, 140.28
1735576682, 116, 14, 40, 0, 0, 0.17%, 9, 0, 7, 139.27
1735576687, 116, 27, 40, 0, 0, 0.17%, 9, 0, 7, 147.66
1735576692, 117, 12, 40, 0, 0, 0.17%, 9, 0, 7, 146.95
1735576698, 117, 13, 40, 0, 0, 0.17%, 9, 0, 7, 148.86
1735576703, 117, 14, 40, 0, 0, 0.17%, 9, 0, 7, 149.57
1735576708, 117, 36, 40, 0, 0, 0.17%, 9, 0, 7, 144.46
1735576713, 118, 13, 40, 0, 0, 0.17%, 9, 0, 7, 145.75
1735576718, 118, 14, 40, 0, 0, 0.17%, 9, 0, 7, 137.03
1735576723, 118, 37, 40, 0, 0, 0.17%, 9, 0, 7, 142.73
1735576734, 119, 12, 40, 0, 0, 0.17%, 9, 0, 7, 148.86
1735576739, 119, 14, 40, 0, 0, 0.17%, 9, 0, 7, 143.62
1735576744, 119, 24, 40, 0, 0, 0.17%, 9, 0, 7, 140.49
1735576749, 119, 29, 40, 0, 0, 0.17%, 9, 0, 7, 134.34
1735576759, 120, 11, 40, 0, 0, 0.17%, 9, 0, 7, 151.73
1735576764, 120, 13, 40, 0, 0, 0.17%, 9, 0, 7, 138.75
1735576769, 120, 14, 40, 0, 0, 0.17%, 9, 0, 7, 146.02
1735576775, 120, 24, 40, 0, 0, 0.17%, 9, 0, 7, 144.28
1735576780, 120, 39, 40, 0, 0, 0.17%, 9, 0, 7, 158.67
1735576785, 121, 11, 40, 0, 0, 0.17%, 9, 0, 7, 144.35
1735576790, 121, 13, 40, 0, 0, 0.17%, 9, 0, 7, 142.48
1735576795, 121, 14, 40, 0, 0, 0.17%, 9, 0, 7, 134.84
1735576800, 122, 11, 40, 0, 0, 0.17%, 9, 0, 7, 151.95
1735576805, 122, 13, 40, 0, 0, 0.17%, 9, 0, 7, 145.84
1735576810, 122, 14, 40, 0, 0, 0.17%, 9, 0, 7, 139.71
1735576816, 122, 20, 40, 0, 0, 0.17%, 9, 0, 7, 150.89
1735576821, 123, 11, 40, 0, 0, 0.17%, 9, 0, 7, 139.94
1735576826, 123, 13, 40, 0, 0, 0.17%, 9, 0, 7, 144.67
1735576831, 123, 14, 40, 0, 0, 0.17%, 9, 0, 7, 138.70
1735576836, 123, 28, 40, 0, 0, 0.17%, 9, 0, 7, 147.68
1735576841, 124, 6, 40, 0, 0, 0.17%, 9, 0, 7, 144.16
1735576847, 124, 12, 40, 0, 0, 0.17%, 9, 0, 7, 150.36
1735576852, 124, 14, 40, 0, 0, 0.17%, 9, 0, 7, 145.36
1735576857, 124, 20, 40, 0, 0, 0.17%, 9, 0, 7, 149.71
1735576862, 124, 23, 40, 0, 0, 0.17%, 9, 0, 7, 151.84
1735576867, 125, 11, 40, 0, 0, 0.17%, 9, 0, 7, 148.08
1735576872, 125, 13, 40, 0, 0, 0.17%, 9, 0, 7, 144.13
1735576877, 125, 14, 40, 0, 0, 0.17%, 9, 0, 7, 137.78
1735576882, 126, 11, 40, 0, 0, 0.17%, 9, 0, 7, 148.06
1735576887, 126, 13, 40, 0, 0, 0.17%, 9, 0, 7, 149.56
1735576892, 126, 14, 40, 0, 0, 0.17%, 9, 0, 7, 145.89
1735576898, 126, 15, 40, 0, 0, 0.17%, 9, 0, 7, 149.08
1735576903, 126, 35, 40, 0, 0, 0.17%, 9, 0, 7, 159.47
1735576908, 127, 7, 40, 0, 0, 0.17%, 9, 0, 7, 156.78
1735576913, 127, 12, 40, 0, 0, 0.17%, 9, 0, 7, 145.10
1735576918, 127, 14, 40, 0, 0, 0.17%, 9, 0, 7, 138.35
1735576923, 128, 11, 40, 0, 0, 0.17%, 9, 0, 7, 152.57
1735576928, 128, 13, 40, 0, 0, 0.17%, 9, 0, 7, 142.35
1735576933, 128, 14, 40, 0, 0, 0.17%, 9, 0, 7, 141.46
1735576939, 129, 10, 40, 0, 0, 0.17%, 9, 0, 7, 137.79
1735576944, 129, 12, 40, 0, 0, 0.17%, 9, 0, 7, 139.86
1735576949, 129, 13, 40, 0, 0, 0.17%, 9, 0, 7, 140.12
1735576954, 129, 14, 40, 0, 0, 0.17%, 9, 0, 7, 147.53
1735576959, 129, 15, 40, 0, 0, 0.17%, 9, 0, 7, 140.76
1735576964, 129, 26, 40, 0, 0, 0.17%, 9, 0, 7, 144.91
1735576969, 129, 39, 40, 0, 0, 0.17%, 9, 0, 7, 165.49
1735576974, 130, 9, 40, 0, 0, 0.17%, 9, 0, 7, 156.82
1735576979, 130, 11, 40, 0, 0, 0.17%, 9, 0, 7, 147.99
1735576984, 130, 13, 40, 0, 0, 0.17%, 9, 0, 7, 141.54
1735576989, 130, 14, 40, 0, 0, 0.17%, 9, 0, 7, 138.07
1735576995, 130, 32, 40, 0, 0, 0.17%, 9, 0, 7, 150.20
1735577000, 130, 39, 40, 0, 0, 0.17%, 9, 0, 7, 160.90
1735577005, 131, 11, 40, 0, 0, 0.17%, 9, 0, 7, 150.42
1735577010, 131, 13, 40, 0, 0, 0.17%, 9, 0, 7, 141.27
1735577015, 131, 14, 40, 0, 0, 0.17%, 9, 0, 7, 146.68
1735577020, 131, 25, 40, 0, 0, 0.17%, 9, 0, 7, 143.62
1735577025, 132, 11, 40, 0, 0, 0.17%, 9, 0, 7, 142.96
1735577030, 132, 13, 40, 0, 0, 0.17%, 9, 0, 7, 141.64
1735577036, 132, 14, 40, 0, 0, 0.17%, 9, 0, 7, 137.42
1735577041, 132, 31, 40, 0, 0, 0.17%, 9, 0, 7, 160.15
1735577046, 133, 11, 40, 0, 0, 0.17%, 9, 0, 7, 151.93
1735577051, 133, 13, 40, 0, 0, 0.17%, 9, 0, 7, 143.24
1735577056, 133, 14, 40, 0, 0, 0.17%, 9, 0, 7, 150.49
1735577061, 133, 34, 40, 0, 0, 0.17%, 9, 0, 7, 148.66
1735577066, 134, 12, 40, 0, 0, 0.17%, 9, 0, 7, 149.68
1735577071, 134, 14, 40, 0, 0, 0.17%, 9, 0, 7, 145.72
1735577076, 134, 26, 40, 0, 0, 0.17%, 9, 0, 7, 154.82
1735577081, 134, 39, 40, 0, 0, 0.17%, 9, 0, 7, 159.71
1735577087, 135, 11, 40, 0, 0, 0.17%, 9, 0, 7, 148.71
1735577092, 135, 13, 40, 0, 0, 0.17%, 9, 0, 7, 144.15
1735577097, 135, 14, 40, 0, 0, 0.17%, 9, 0, 7, 147.82
1735577102, 135, 20, 40, 0, 0, 0.17%, 9, 0, 7, 146.41
1735577107, 135, 27, 40, 0, 0, 0.17%, 9, 0, 7, 144.37
1735577112, 135, 34, 40, 0, 0, 0.17%, 9, 0, 7, 143.83
1735577117, 136, 5, 40, 0, 0, 0.17%, 9, 0, 7, 153.96
1735577122, 136, 11, 40, 0, 0, 0.17%, 9, 0, 7, 147.51
1735577128, 136, 13, 40, 0, 0, 0.17%, 9, 0, 7, 144.01
1735577133, 136, 14, 40, 0, 0, 0.17%, 9, 0, 7, 138.09
1735577138, 136, 29, 40, 0, 0, 0.17%, 9, 0, 7, 168.36
1735577148, 136, 34, 40, 0, 0, 0.17%, 9, 0, 7, 149.43
1735577153, 136, 35, 40, 0, 0, 0.17%, 9, 0, 7, 159.69
1735577158, 136, 39, 40, 0, 0, 0.17%, 9, 0, 7, 153.91
1735577163, 137, 11, 40, 0, 0, 0.17%, 9, 0, 7, 156.42
1735577168, 137, 13, 40, 0, 0, 0.17%, 9, 0, 7, 147.93
1735577173, 137, 14, 40, 0, 0, 0.17%, 9, 0, 7, 145.75
1735577178, 138, 11, 40, 0, 0, 0.17%, 9, 0, 7, 148.16
1735577184, 138, 13, 40, 0, 0, 0.17%, 9, 0, 7, 145.81
1735577189, 138, 14, 40, 0, 0, 0.17%, 9, 0, 7, 150.44
1735577194, 138, 29, 40, 0, 0, 0.17%, 9, 0, 7, 156.10
1735577199, 139, 12, 40, 0, 0, 0.17%, 9, 0, 7, 148.71
1735577204, 139, 14, 40, 0, 0, 0.17%, 9, 0, 7, 149.18
1735577209, 139, 15, 40, 0, 0, 0.17%, 9, 0, 7, 147.81
1735577215, 140, 11, 40, 0, 0, 0.17%, 9, 0, 7, 144.15
1735577220, 140, 13, 40, 0, 0, 0.17%, 9, 0, 7, 147.33
1735577225, 140, 14, 40, 0, 0, 0.17%, 9, 0, 7, 138.87
1735577230, 140, 17, 40, 0, 0, 0.17%, 9, 0, 7, 152.07
1735577235, 140, 21, 40, 0, 0, 0.17%, 9, 0, 7, 157.48
1735577245, 140, 26, 40, 0, 0, 0.17%, 9, 0, 7, 153.34
1735577250, 140, 37, 40, 0, 0, 0.17%, 9, 0, 7, 136.74
1735577255, 141, 5, 40, 0, 0, 0.17%, 9, 0, 7, 144.48
1735577261, 141, 12, 40, 0, 0, 0.17%, 9, 0, 7, 139.01
1735577266, 141, 13, 40, 0, 0, 0.17%, 9, 0, 7, 137.92
1735577271, 141, 15, 40, 0, 0, 0.17%, 9, 0, 7, 148.93
1735577281, 142, 2, 40, 0, 0, 0.17%, 9, 0, 7, 144.36
1735577286, 142, 12, 40, 0, 0, 0.17%, 9, 0, 7, 137.43
1735577291, 142, 13, 40, 0, 0, 0.17%, 9, 0, 7, 138.67
1735577297, 142, 14, 40, 0, 0, 0.17%, 9, 0, 7, 147.60
1735577302, 142, 29, 40, 0, 0, 0.17%, 9, 0, 7, 155.31
1735577307, 142, 37, 40, 0, 0, 0.17%, 9, 0, 7, 150.26
1735577312, 143, 11, 40, 0, 0, 0.17%, 9, 0, 7, 157.12
1735577317, 143, 13, 40, 0, 0, 0.17%, 9, 0, 7, 146.39
1735577322, 143, 14, 40, 0, 0, 0.17%, 9, 0, 7, 139.41
1735577328, 143, 33, 40, 0, 0, 0.17%, 9, 0, 7, 144.23
1735577333, 144, 11, 40, 0, 0, 0.17%, 9, 0, 7, 148.16
1735577338, 144, 13, 40, 0, 0, 0.17%, 9, 0, 7, 144.87
1735577343, 144, 14, 40, 0, 0, 0.17%, 9, 0, 7, 142.23
1735577348, 144, 15, 40, 0, 0, 0.17%, 9, 0, 7, 150.89
1735577353, 144, 21, 40, 0, 0, 0.17%, 9, 0, 7, 157.67
1735577358, 145, 0, 40, 0, 0, 0.17%, 9, 0, 7, 146.74
1735577363, 145, 11, 40, 0, 0, 0.17%, 9, 0, 7, 146.27
1735577368, 145, 13, 40, 0, 0, 0.17%, 9, 0, 7, 149.43
1735577374, 145, 14, 40, 0, 0, 0.17%, 9, 0, 7, 152.91
1735577379, 146, 12, 40, 0, 0, 0.17%, 9, 0, 7, 144.84
1735577384, 146, 13, 40, 0, 0, 0.17%, 9, 0, 7, 139.51
1735577389, 146, 14, 40, 0, 0, 0.17%, 9, 0, 7, 147.43
1735577394, 146, 21, 40, 0, 0, 0.17%, 9, 0, 7, 158.80
1735577399, 146, 37, 40, 0, 0, 0.17%, 9, 0, 7, 152.41
1735577404, 147, 11, 40, 0, 0, 0.17%, 9, 0, 7, 150.89
1735577409, 147, 13, 40, 0, 0, 0.17%, 9, 0, 7, 144.16
1735577414, 147, 14, 40, 0, 0, 0.17%, 9, 0, 7, 134.05
1735577420, 147, 19, 40, 0, 0, 0.17%, 9, 0, 7, 145.71
1735577425, 148, 11, 40, 0, 0, 0.17%, 9, 0, 7, 140.61
1735577430, 148, 13, 40, 0, 0, 0.17%, 9, 0, 7, 143.09
1735577435, 148, 14, 40, 0, 0, 0.17%, 9, 0, 7, 142.63
1735577440, 148, 27, 40, 0, 0, 0.17%, 9, 0, 7, 151.27
1735577445, 149, 11, 40, 0, 0, 0.17%, 9, 0, 7, 150.91
1735577450, 149, 13, 40, 0, 0, 0.17%, 9, 0, 7, 143.26
1735577456, 149, 14, 40, 0, 0, 0.17%, 9, 0, 7, 140.10
1735577461, 149, 27, 40, 0, 0, 0.17%, 9, 0, 7, 151.84
1735577466, 149, 28, 40, 0, 0, 0.17%, 9, 0, 7, 154.89
1735577471, 150, 11, 40, 0, 0, 0.17%, 9, 0, 7, 146.38
1735577476, 150, 13, 40, 0, 0, 0.17%, 9, 0, 7, 148.08
1735577481, 150, 14, 40, 0, 0, 0.17%, 9, 0, 7, 144.87
1735577486, 150, 21, 40, 0, 0, 0.17%, 9, 0, 7, 152.54
1735577491, 151, 5, 40, 0, 0, 0.17%, 9, 0, 7, 145.62
1735577496, 151, 12, 40, 0, 0, 0.17%, 9, 0, 7, 145.77
1735577501, 151, 13, 40, 0, 0, 0.17%, 9, 0, 7, 139.26
1735577507, 151, 14, 40, 0, 0, 0.17%, 9, 0, 7, 145.47
1735577512, 152, 11, 40, 0, 0, 0.17%, 9, 0, 7, 136.68
1735577517, 152, 13, 40, 0, 0, 0.17%, 9, 0, 7, 138.51
1735577522, 152, 14, 40, 0, 0, 0.17%, 9, 0, 7, 141.82
1735577527, 152, 17, 40, 0, 0, 0.17%, 9, 0, 7, 147.34
1735577532, 152, 29, 40, 0, 0, 0.17%, 9, 0, 7, 168.40
1735577537, 153, 11, 40, 0, 0, 0.17%, 9, 0, 7, 151.50
1735577542, 153, 13, 40, 0, 0, 0.17%, 9, 0, 7, 141.87
1735577548, 153, 14, 40, 0, 0, 0.17%, 9, 0, 7, 143.16
1735577553, 153, 22, 40, 0, 0, 0.17%, 9, 0, 7, 144.74
1735577558, 153, 24, 40, 0, 0, 0.17%, 9, 0, 7, 142.56
1735577563, 154, 11, 40, 0, 0, 0.17%, 9, 0, 7, 147.91
1735577568, 154, 13, 40, 0, 0, 0.17%, 9, 0, 7, 141.42
1735577573, 154, 14, 40, 0, 0, 0.17%, 9, 0, 7, 146.70
1735577579, 154, 32, 40, 0, 0, 0.17%, 9, 0, 7, 147.66
1735577584, 154, 35, 40, 0, 0, 0.17%, 9, 0, 7, 155.46
1735577589, 155, 11, 40, 0, 0, 0.17%, 9, 0, 7, 146.14
1735577594, 155, 13, 40, 0, 0, 0.17%, 9, 0, 7, 140.52
1735577599, 155, 14, 40, 0, 0, 0.17%, 9, 0, 7, 138.96
1735577604, 156, 4, 40, 0, 0, 0.17%, 9, 0, 7, 153.25
1735577610, 156, 12, 40, 0, 0, 0.17%, 9, 0, 7, 153.98
1735577615, 156, 13, 40, 0, 0, 0.17%, 9, 0, 7, 148.02
1735577620, 156, 31, 40, 0, 0, 0.17%, 9, 0, 7, 147.99
1735577625, 156, 38, 40, 0, 0, 0.17%, 9, 0, 7, 164.65
1735577630, 157, 0, 40, 0, 0, 0.17%, 9, 0, 7, 143.15
1735577635, 157, 12, 40, 0, 0, 0.17%, 9, 0, 7, 144.02
1735577640, 157, 13, 40, 0, 0, 0.17%, 9, 0, 7, 147.37
1735577645, 157, 14, 40, 0, 0, 0.17%, 9, 0, 7, 139.30
1735577651, 157, 17, 40, 0, 0, 0.17%, 9, 0, 7, 147.36
1735577656, 157, 37, 40, 0, 0, 0.17%, 9, 0, 7, 161.06
1735577666, 158, 12, 40, 0, 0, 0.17%, 9, 0, 7, 144.08
1735577671, 158, 13, 40, 0, 0, 0.17%, 9, 0, 7, 136.33
1735577676, 158, 35, 40, 0, 0, 0.17%, 9, 0, 7, 155.63
1735577681, 159, 0, 40, 0, 0, 0.17%, 9, 0, 7, 161.84
1735577686, 159, 12, 40, 0, 0, 0.17%, 9, 0, 7, 145.05
1735577692, 159, 14, 40, 0, 0, 0.17%, 9, 0, 7, 137.68
1735577697, 160, 11, 40, 0, 0, 0.17%, 9, 0, 7, 143.70
1735577702, 160, 13, 40, 0, 0, 0.17%, 9, 0, 7, 141.16
1735577707, 160, 14, 40, 0, 0, 0.17%, 9, 0, 7, 148.09
1735577712, 160, 38, 40, 0, 0, 0.17%, 9, 0, 7, 166.51
1735577718, 161, 11, 40, 0, 0, 0.17%, 9, 0, 7, 158.83
1735577723, 161, 13, 40, 0, 0, 0.17%, 9, 0, 7, 150.29
1735577728, 161, 14, 40, 0, 0, 0.17%, 9, 0, 7, 140.45
1735577733, 161, 23, 40, 0, 0, 0.17%, 9, 0, 7, 146.50
1735577738, 161, 25, 40, 0, 0, 0.17%, 9, 0, 7, 144.53
1735577743, 162, 12, 40, 0, 0, 0.17%, 9, 0, 7, 143.43
1735577748, 162, 13, 40, 0, 0, 0.17%, 9, 0, 7, 149.56
1735577754, 162, 14, 40, 0, 0, 0.17%, 9, 0, 7, 155.92
1735577759, 162, 20, 40, 0, 0, 0.17%, 9, 0, 7, 151.39
1735577764, 163, 12, 40, 0, 0, 0.17%, 9, 0, 7, 144.57
1735577769, 163, 13, 40, 0, 0, 0.17%, 9, 0, 7, 135.54
1735577774, 163, 14, 40, 0, 0, 0.17%, 9, 0, 7, 142.45
1735577779, 164, 11, 40, 0, 0, 0.17%, 9, 0, 7, 145.85
1735577784, 164, 13, 40, 0, 0, 0.17%, 9, 0, 7, 137.57
1735577790, 164, 14, 40, 0, 0, 0.17%, 9, 0, 7, 137.21
1735577795, 164, 26, 40, 0, 0, 0.17%, 9, 0, 7, 153.24
1735577800, 164, 27, 40, 0, 0, 0.17%, 9, 0, 7, 156.47
1735577805, 165, 12, 40, 0, 0, 0.17%, 9, 0, 7, 146.60
1735577810, 165, 13, 40, 0, 0, 0.17%, 9, 0, 7, 145.29
1735577815, 165, 14, 40, 0, 0, 0.17%, 9, 0, 7, 143.37
1735577820, 165, 19, 40, 0, 0, 0.17%, 9, 0, 7, 148.34
1735577825, 166, 12, 40, 0, 0, 0.17%, 9, 0, 7, 145.17
1735577830, 166, 14, 40, 0, 0, 0.17%, 9, 0, 7, 143.59
1735577835, 166, 25, 40, 0, 0, 0.17%, 9, 0, 7, 146.12
1735577840, 166, 32, 40, 0, 0, 0.17%, 9, 0, 7, 145.59
1735577845, 166, 33, 40, 0, 0, 0.17%, 9, 0, 7, 152.21
1735577851, 166, 37, 40, 0, 0, 0.17%, 9, 0, 7, 149.62
1735577861, 167, 12, 40, 0, 0, 0.17%, 9, 0, 7, 144.83
1735577866, 167, 13, 40, 0, 0, 0.17%, 9, 0, 7, 145.83
1735577871, 167, 14, 40, 0, 0, 0.17%, 9, 0, 7, 150.52
1735577876, 167, 17, 40, 0, 0, 0.17%, 9, 0, 7, 149.39
1735577881, 168, 11, 40, 0, 0, 0.17%, 9, 0, 7, 142.19
1735577887, 168, 13, 40, 0, 0, 0.17%, 9, 0, 7, 139.36
1735577892, 168, 14, 40, 0, 0, 0.17%, 9, 0, 7, 140.95
1735577897, 168, 35, 40, 0, 0, 0.17%, 9, 0, 7, 179.05
1735577902, 169, 11, 40, 0, 0, 0.17%, 9, 0, 7, 151.47
1735577907, 169, 13, 40, 0, 0, 0.17%, 9, 0, 7, 145.58
1735577912, 169, 14, 40, 0, 0, 0.17%, 9, 0, 7, 135.05
1735577917, 170, 1, 40, 0, 0, 0.17%, 9, 0, 7, 151.09
1735577922, 170, 12, 40, 0, 0, 0.17%, 9, 0, 7, 141.71
1735577927, 170, 13, 40, 0, 0, 0.17%, 9, 0, 7, 135.14
1735577932, 170, 30, 40, 0, 0, 0.17%, 9, 0, 7, 151.71
1735577937, 171, 11, 40, 0, 0, 0.17%, 9, 0, 7, 154.99
1735577942, 171, 13, 40, 0, 0, 0.17%, 9, 0, 7, 149.66
1735577947, 171, 14, 40, 0, 0, 0.17%, 9, 0, 7, 140.37
1735577953, 171, 34, 40, 0, 0, 0.17%, 9, 0, 7, 147.00
1735577958, 172, 12, 40, 0, 0, 0.17%, 9, 0, 7, 148.34
1735577963, 172, 13, 40, 0, 0, 0.17%, 9, 0, 7, 142.13
1735577968, 172, 14, 40, 0, 0, 0.17%, 9, 0, 7, 151.61
1735577973, 172, 19, 40, 0, 0, 0.17%, 9, 0, 7, 153.73
1735577978, 173, 12, 40, 0, 0, 0.17%, 9, 0, 7, 149.26
1735577983, 173, 14, 40, 0, 0, 0.17%, 9, 0, 7, 143.07
1735577988, 174, 3, 40, 0, 0, 0.17%, 9, 0, 7, 144.51
1735577994, 174, 11, 40, 0, 0, 0.17%, 9, 0, 7, 149.39
1735577999, 174, 13, 40, 0, 0, 0.17%, 9, 0, 7, 146.56
1735578004, 174, 14, 40, 0, 0, 0.17%, 9, 0, 7, 139.96
1735578009, 174, 20, 40, 0, 0, 0.17%, 9, 0, 7, 144.18
1735578014, 175, 11, 40, 0, 0, 0.17%, 9, 0, 7, 137.01
1735578019, 175, 13, 40, 0, 0, 0.17%, 9, 0, 7, 143.82
1735578024, 175, 14, 40, 0, 0, 0.17%, 9, 0, 7, 137.88
1735578029, 175, 23, 40, 0, 0, 0.17%, 9, 0, 7, 144.97
1735578035, 175, 38, 40, 0, 0, 0.17%, 9, 0, 7, 159.04
1735578040, 176, 11, 40, 0, 0, 0.17%, 9, 0, 7, 154.19
1735578045, 176, 13, 40, 0, 0, 0.17%, 9, 0, 7, 147.29
1735578050, 176, 14, 40, 0, 0, 0.17%, 9, 0, 7, 139.57
1735578055, 176, 22, 40, 0, 0, 0.17%, 9, 0, 7, 149.81
1735578060, 176, 30, 40, 0, 0, 0.17%, 9, 0, 7, 141.04
1735578065, 177, 5, 40, 0, 0, 0.17%, 9, 0, 7, 146.05
1735578071, 177, 12, 40, 0, 0, 0.17%, 9, 0, 7, 147.33
1735578076, 177, 14, 40, 0, 0, 0.17%, 9, 0, 7, 143.41
1735578081, 177, 33, 40, 0, 0, 0.17%, 9, 0, 7, 145.10
1735578086, 177, 34, 40, 0, 0, 0.17%, 9, 0, 7, 145.88
1735578091, 178, 5, 40, 0, 0, 0.17%, 9, 0, 7, 150.45
1735578096, 178, 11, 40, 0, 0, 0.17%, 9, 0, 7, 147.57
1735578101, 178, 13, 40, 0, 0, 0.17%, 9, 0, 7, 141.07
1735578107, 178, 14, 40, 0, 0, 0.17%, 9, 0, 7, 140.27
1735578112, 179, 12, 40, 0, 0, 0.17%, 9, 0, 7, 147.30
1735578117, 179, 13, 40, 0, 0, 0.17%, 9, 0, 7, 139.15
1735578122, 179, 14, 40, 0, 0, 0.17%, 9, 0, 7, 142.68
1735578127, 179, 23, 40, 0, 0, 0.17%, 9, 0, 7, 152.81
1735578132, 180, 12, 40, 0, 0, 0.17%, 9, 0, 7, 144.51
1735578137, 180, 13, 40, 0, 0, 0.17%, 9, 0, 7, 144.05
1735578142, 180, 14, 40, 0, 0, 0.17%, 9, 0, 7, 148.07
1735578147, 180, 24, 40, 0, 0, 0.17%, 9, 0, 7, 146.28
1735578153, 181, 12, 40, 0, 0, 0.17%, 9, 0, 7, 146.04
1735578158, 181, 14, 40, 0, 0, 0.17%, 9, 0, 7, 142.71
1735578163, 181, 34, 40, 0, 0, 0.17%, 9, 0, 7, 145.75
1735578168, 181, 35, 40, 0, 0, 0.17%, 9, 0, 7, 157.60
1735578173, 182, 0, 40, 0, 0, 0.17%, 9, 0, 7, 165.69
1735578178, 182, 12, 40, 0, 0, 0.17%, 9, 0, 7, 145.11
1735578183, 182, 13, 40, 0, 0, 0.17%, 9, 0, 7, 143.47
1735578188, 182, 14, 40, 0, 0, 0.17%, 9, 0, 7, 139.97
1735578193, 182, 18, 40, 0, 0, 0.17%, 9, 0, 7, 137.41
1735578199, 182, 31, 40, 0, 0, 0.17%, 9, 0, 7, 160.15
1735578204, 183, 12, 40, 0, 0, 0.17%, 9, 0, 7, 147.07
1735578209, 183, 14, 40, 0, 0, 0.17%, 9, 0, 7, 146.18
1735578214, 183, 20, 40, 0, 0, 0.17%, 9, 0, 7, 143.45
1735578219, 184, 1, 40, 0, 0, 0.17%, 9, 0, 7, 142.66
1735578224, 184, 10, 40, 0, 0, 0.17%, 9, 0, 7, 144.50
1735578229, 184, 13, 40, 0, 0, 0.17%, 9, 0, 7, 148.53
1735578234, 184, 14, 40, 0, 0, 0.17%, 9, 0, 7, 141.26
1735578239, 184, 21, 40, 0, 0, 0.17%, 9, 0, 7, 153.41
1735578249, 185, 12, 40, 0, 0, 0.17%, 9, 0, 7, 146.97
1735578255, 185, 13, 40, 0, 0, 0.17%, 9, 0, 7, 147.63
1735578260, 185, 14, 40, 0, 0, 0.17%, 9, 0, 7, 141.24
1735578265, 185, 20, 40, 0, 0, 0.17%, 9, 0, 7, 145.69
1735578270, 186, 12, 40, 0, 0, 0.17%, 9, 0, 7, 143.38
1735578275, 186, 13, 40, 0, 0, 0.17%, 9, 0, 7, 137.31
1735578280, 186, 14, 40, 0, 0, 0.17%, 9, 0, 7, 142.18
1735578286, 186, 24, 40, 0, 0, 0.17%, 9, 0, 7, 148.03
1735578291, 186, 27, 40, 0, 0, 0.17%, 9, 0, 7, 137.93
1735578296, 187, 12, 40, 0, 0, 0.17%, 9, 0, 7, 147.64
1735578301, 187, 14, 40, 0, 0, 0.17%, 9, 0, 7, 148.32
1735578311, 187, 24, 40, 0, 0, 0.17%, 9, 0, 7, 145.10
1735578316, 187, 26, 40, 0, 0, 0.17%, 9, 0, 7, 141.47
1735578322, 188, 8, 40, 0, 0, 0.17%, 9, 0, 7, 141.85
1735578327, 188, 12, 40, 0, 0, 0.17%, 9, 0, 7, 139.72
1735578332, 188, 13, 40, 0, 0, 0.17%, 9, 0, 7, 148.99
1735578337, 188, 14, 40, 0, 0, 0.17%, 9, 0, 7, 151.09
1735578342, 189, 13, 40, 0, 0, 0.17%, 9, 0, 7, 140.22
1735578347, 189, 14, 40, 0, 0, 0.17%, 9, 0, 7, 142.71
1735578353, 190, 5, 40, 0, 0, 0.17%, 9, 0, 7, 142.95
1735578358, 190, 13, 40, 0, 0, 0.17%, 9, 0, 7, 148.25
1735578363, 190, 14, 40, 0, 0, 0.17%, 9, 0, 7, 151.47
1735578368, 190, 22, 40, 0, 0, 0.17%, 9, 0, 7, 154.58
1735578373, 190, 33, 40, 0, 0, 0.17%, 9, 0, 7, 148.39
1735578378, 191, 11, 40, 0, 0, 0.17%, 9, 0, 7, 146.54
1735578384, 191, 13, 40, 0, 0, 0.17%, 9, 0, 7, 142.20
1735578389, 191, 14, 40, 0, 0, 0.17%, 9, 0, 7, 145.80
1735578394, 191, 27, 40, 0, 0, 0.17%, 9, 0, 7, 153.48
1735578399, 191, 34, 40, 0, 0, 0.17%, 9, 0, 7, 159.20
1735578404, 192, 10, 40, 0, 0, 0.17%, 9, 0, 7, 149.04
1735578409, 192, 13, 40, 0, 0, 0.17%, 9, 0, 7, 148.56
1735578414, 192, 14, 40, 0, 0, 0.17%, 9, 0, 7, 143.85
1735578420, 192, 17, 40, 0, 0, 0.17%, 9, 0, 7, 153.42
1735578425, 192, 31, 40, 0, 0, 0.17%, 9, 0, 7, 166.96
1735578430, 192, 33, 40, 0, 0, 0.17%, 9, 0, 7, 154.15
1735578435, 192, 38, 40, 0, 0, 0.17%, 9, 0, 7, 163.91
1735578440, 193, 12, 40, 0, 0, 0.17%, 9, 0, 7, 144.26
1735578445, 193, 13, 40, 0, 0, 0.17%, 9, 0, 7, 141.72
1735578450, 193, 14, 40, 0, 0, 0.17%, 9, 0, 7, 147.10
1735578455, 193, 15, 40, 0, 0, 0.17%, 9, 0, 7, 149.86
1735578460, 193, 18, 40, 0, 0, 0.17%, 9, 0, 7, 152.86
1735578466, 193, 28, 40, 0, 0, 0.17%, 9, 0, 7, 151.00
1735578471, 194, 11, 40, 0, 0, 0.17%, 9, 0, 7, 147.69
1735578476, 194, 13, 40, 0, 0, 0.17%, 9, 0, 7, 137.96
1735578481, 194, 14, 40, 0, 0, 0.17%, 9, 0, 7, 145.19
1735578486, 194, 33, 40, 0, 0, 0.17%, 9, 0, 7, 146.37
1735578491, 194, 36, 40, 0, 0, 0.17%, 9, 0, 7, 153.72
1735578496, 195, 12, 40, 0, 0, 0.17%, 9, 0, 7, 146.19
1735578501, 195, 13, 40, 0, 0, 0.17%, 9, 0, 7, 140.07
1735578507, 195, 14, 40, 0, 0, 0.17%, 9, 0, 7, 144.89
1735578512, 196, 12, 40, 0, 0, 0.17%, 9, 0, 7, 137.10
1735578517, 196, 13, 40, 0, 0, 0.17%, 9, 0, 7, 131.16
1735578522, 196, 14, 40, 0, 0, 0.17%, 9, 0, 7, 137.71
1735578527, 196, 38, 40, 0, 0, 0.17%, 9, 0, 7, 161.86
1735578532, 197, 12, 40, 0, 0, 0.17%, 9, 0, 7, 146.43
1735578537, 197, 14, 40, 0, 0, 0.17%, 9, 0, 7, 148.94
1735578542, 198, 11, 40, 0, 0, 0.17%, 9, 0, 7, 151.29
1735578548, 198, 13, 40, 0, 0, 0.17%, 9, 0, 7, 141.75
1735578553, 198, 14, 40, 0, 0, 0.17%, 9, 0, 7, 145.67
1735578558, 198, 33, 40, 0, 0, 0.17%, 9, 0, 7, 146.58
1735578563, 198, 39, 40, 0, 0, 0.17%, 9, 0, 7, 154.36
1735578568, 199, 10, 40, 0, 0, 0.17%, 9, 0, 7, 152.25
1735578573, 199, 12, 40, 0, 0, 0.17%, 9, 0, 7, 145.87
1735578578, 199, 13, 40, 0, 0, 0.17%, 9, 0, 7, 134.49
1735578583, 199, 14, 40, 0, 0, 0.17%, 9, 0, 7, 150.84
1735578588, 199, 36, 40, 0, 0, 0.17%, 9, 0, 7, 144.90
1735578594, 200, 12, 40, 0, 0, 0.17%, 9, 0, 7, 146.80
1735578599, 200, 14, 40, 0, 0, 0.17%, 9, 0, 7, 141.32
1735578604, 201, 11, 40, 0, 0, 0.17%, 9, 0, 7, 140.99
1735578609, 201, 13, 40, 0, 0, 0.17%, 9, 0, 7, 140.88
1735578614, 201, 14, 40, 0, 0, 0.17%, 9, 0, 7, 145.79
1735578619, 201, 15, 40, 0, 0, 0.17%, 9, 0, 7, 148.81
1735578625, 201, 17, 40, 0, 0, 0.17%, 9, 0, 7, 155.02
1735578630, 201, 18, 40, 0, 0, 0.17%, 9, 0, 7, 148.46
1735578635, 201, 25, 40, 0, 0, 0.17%, 9, 0, 7, 148.11
1735578640, 201, 30, 40, 0, 0, 0.17%, 9, 0, 7, 143.88
1735578645, 202, 12, 40, 0, 0, 0.17%, 9, 0, 7, 142.46
1735578650, 202, 13, 40, 0, 0, 0.17%, 9, 0, 7, 138.96
1735578655, 202, 14, 40, 0, 0, 0.17%, 9, 0, 7, 143.27
1735578660, 202, 15, 40, 0, 0, 0.17%, 9, 0, 7, 154.96
1735578665, 202, 17, 40, 0, 0, 0.17%, 9, 0, 7, 151.30
1735578670, 203, 12, 40, 0, 0, 0.17%, 9, 0, 7, 148.39
1735578676, 203, 13, 40, 0, 0, 0.17%, 9, 0, 7, 147.68
1735578681, 203, 14, 40, 0, 0, 0.17%, 9, 0, 7, 147.49
1735578686, 204, 11, 40, 0, 0, 0.17%, 9, 0, 7, 158.50
1735578691, 204, 13, 40, 0, 0, 0.17%, 9, 0, 7, 147.08
1735578696, 204, 14, 40, 0, 0, 0.17%, 9, 0, 7, 141.33
1735578701, 205, 11, 40, 0, 0, 0.17%, 9, 0, 7, 139.30
1735578706, 205, 13, 40, 0, 0, 0.17%, 9, 0, 7, 140.26
1735578711, 205, 14, 40, 0, 0, 0.17%, 9, 0, 7, 135.69
1735578717, 205, 16, 40, 0, 0, 0.17%, 9, 0, 7, 142.75
1735578722, 205, 24, 40, 0, 0, 0.17%, 9, 0, 7, 145.57
1735578727, 205, 37, 40, 0, 0, 0.17%, 9, 0, 7, 156.22
1735578737, 206, 11, 40, 0, 0, 0.17%, 9, 0, 7, 143.46
1735578742, 206, 13, 40, 0, 0, 0.17%, 9, 0, 7, 138.00
1735578747, 206, 14, 40, 0, 0, 0.17%, 9, 0, 7, 145.46
1735578752, 206, 16, 40, 0, 0, 0.17%, 9, 0, 7, 145.11
1735578757, 206, 19, 40, 0, 0, 0.17%, 9, 0, 7, 145.73
1735578762, 206, 39, 40, 0, 0, 0.17%, 9, 0, 7, 156.92
1735578767, 207, 11, 40, 0, 0, 0.17%, 9, 0, 7, 147.51
1735578773, 207, 13, 40, 0, 0, 0.17%, 9, 0, 7, 146.70
1735578778, 207, 14, 40, 0, 0, 0.17%, 9, 0, 7, 137.36
1735578783, 207, 38, 40, 0, 0, 0.17%, 9, 0, 7, 158.68
1735578788, 208, 12, 40, 0, 0, 0.17%, 9, 0, 7, 147.40
1735578793, 208, 13, 40, 0, 0, 0.17%, 9, 0, 7, 142.30
1735578798, 208, 14, 40, 0, 0, 0.17%, 9, 0, 7, 152.46
1735578803, 209, 12, 40, 0, 0, 0.17%, 9, 0, 7, 150.47
1735578808, 209, 13, 40, 0, 0, 0.17%, 9, 0, 7, 141.71
1735578813, 209, 14, 40, 0, 0, 0.17%, 9, 0, 7, 140.85
1735578818, 210, 11, 40, 0, 0, 0.17%, 9, 0, 7, 146.66
1735578823, 210, 13, 40, 0, 0, 0.17%, 9, 0, 7, 145.47
1735578829, 210, 14, 40, 0, 0, 0.17%, 9, 0, 7, 140.64
1735578834, 210, 17, 40, 0, 0, 0.17%, 9, 0, 7, 152.95
1735578839, 210, 29, 40, 0, 0, 0.17%, 9, 0, 7, 168.53
1735578844, 211, 9, 40, 0, 0, 0.17%, 9, 0, 7, 149.40
1735578849, 211, 12, 40, 0, 0, 0.17%, 9, 0, 7, 144.51
1735578854, 211, 14, 40, 0, 0, 0.17%, 9, 0, 7, 149.46
1735578859, 211, 21, 40, 0, 0, 0.17%, 9, 0, 7, 146.86
1735578869, 212, 7, 40, 0, 0, 0.17%, 9, 0, 7, 146.40
1735578874, 212, 13, 40, 0, 0, 0.17%, 9, 0, 7, 149.62
1735578880, 212, 14, 40, 0, 0, 0.17%, 9, 0, 7, 142.03
1735578885, 213, 11, 40, 0, 0, 0.17%, 9, 0, 7, 150.87
1735578890, 213, 13, 40, 0, 0, 0.17%, 9, 0, 7, 143.69
1735578895, 213, 14, 40, 0, 0, 0.17%, 9, 0, 7, 138.24
1735578900, 214, 11, 40, 0, 0, 0.17%, 9, 0, 7, 138.40
1735578905, 214, 13, 40, 0, 0, 0.17%, 9, 0, 7, 142.23
1735578911, 214, 14, 40, 0, 0, 0.17%, 9, 0, 7, 143.90
1735578916, 214, 29, 40, 0, 0, 0.17%, 9, 0, 7, 169.27
1735578921, 215, 12, 40, 0, 0, 0.17%, 9, 0, 7, 146.62
1735578926, 215, 13, 40, 0, 0, 0.17%, 9, 0, 7, 147.55
1735578931, 215, 14, 40, 0, 0, 0.17%, 9, 0, 7, 146.39
1735578936, 215, 37, 40, 0, 0, 0.17%, 9, 0, 7, 148.33
1735578941, 216, 10, 40, 0, 0, 0.17%, 9, 0, 7, 143.48
1735578946, 216, 12, 40, 0, 0, 0.17%, 9, 0, 7, 154.36
1735578951, 216, 13, 40, 0, 0, 0.17%, 9, 0, 7, 139.51
1735578956, 216, 14, 40, 0, 0, 0.17%, 9, 0, 7, 144.18
1735578961, 216, 18, 40, 0, 0, 0.17%, 9, 0, 7, 138.56
1735578967, 217, 13, 40, 0, 0, 0.17%, 9, 0, 7, 143.02
1735578972, 217, 14, 40, 0, 0, 0.17%, 9, 0, 7, 141.11
1735578977, 217, 38, 40, 0, 0, 0.17%, 9, 0, 7, 153.07
1735578982, 218, 11, 40, 0, 0, 0.17%, 9, 0, 7, 148.02
1735578987, 218, 13, 40, 0, 0, 0.17%, 9, 0, 7, 138.47
1735578992, 218, 14, 40, 0, 0, 0.17%, 9, 0, 7, 140.13
1735578997, 218, 15, 40, 0, 0, 0.17%, 9, 0, 7, 148.97
1735579003, 218, 37, 40, 0, 0, 0.17%, 9, 0, 7, 158.25
1735579013, 219, 13, 40, 0, 0, 0.17%, 9, 0, 7, 151.06
1735579018, 219, 14, 40, 0, 0, 0.17%, 9, 0, 7, 147.50
1735579023, 219, 20, 40, 0, 0, 0.17%, 9, 0, 7, 151.68
1735579028, 219, 37, 40, 0, 0, 0.17%, 9, 0, 7, 147.21
1735579038, 220, 12, 40, 0, 0, 0.17%, 9, 0, 7, 149.10
1735579043, 220, 13, 40, 0, 0, 0.17%, 9, 0, 7, 145.57
1735579049, 220, 14, 40, 0, 0, 0.17%, 9, 0, 7, 143.72
1735579054, 221, 11, 40, 0, 0, 0.17%, 9, 0, 7, 145.81
1735579059, 221, 13, 40, 0, 0, 0.17%, 9, 0, 7, 139.44
1735579064, 221, 14, 40, 0, 0, 0.17%, 9, 0, 7, 140.34
1735579069, 222, 11, 40, 0, 0, 0.17%, 9, 0, 7, 146.09
1735579074, 222, 13, 40, 0, 0, 0.17%, 9, 0, 7, 141.65
1735579080, 222, 14, 40, 0, 0, 0.17%, 9, 0, 7, 139.46
1735579085, 222, 27, 40, 0, 0, 0.17%, 9, 0, 7, 149.28
1735579090, 223, 10, 40, 0, 0, 0.17%, 9, 0, 7, 142.34
1735579095, 223, 12, 40, 0, 0, 0.17%, 9, 0, 7, 145.06
1735579100, 223, 14, 40, 0, 0, 0.17%, 9, 0, 7, 145.15
1735579105, 223, 18, 40, 0, 0, 0.17%, 9, 0, 7, 152.38
1735579110, 223, 23, 40, 0, 0, 0.17%, 9, 0, 7, 143.58
1735579115, 223, 30, 40, 0, 0, 0.17%, 9, 0, 7, 146.37
1735579121, 224, 1, 40, 0, 0, 0.17%, 9, 0, 7, 144.50
1735579126, 224, 11, 40, 0, 0, 0.17%, 9, 0, 7, 149.14
1735579131, 224, 13, 40, 0, 0, 0.17%, 9, 0, 7, 141.32
1735579136, 224, 14, 40, 0, 0, 0.17%, 9, 0, 7, 141.61
1735579141, 224, 18, 40, 0, 0, 0.17%, 9, 0, 7, 141.63
1735579146, 225, 12, 40, 0, 0, 0.17%, 9, 0, 7, 138.07
1735579151, 225, 13, 40, 0, 0, 0.17%, 9, 0, 7, 141.91
1735579157, 225, 14, 40, 0, 0, 0.17%, 9, 0, 7, 143.42
1735579162, 225, 16, 40, 0, 0, 0.17%, 9, 0, 7, 152.06
1735579167, 226, 12, 40, 0, 0, 0.17%, 9, 0, 7, 145.42
1735579172, 226, 13, 40, 0, 0, 0.17%, 9, 0, 7, 135.92
1735579177, 226, 14, 40, 0, 0, 0.17%, 9, 0, 7, 144.78
1735579182, 226, 24, 40, 0, 0, 0.17%, 9, 0, 7, 146.96
1735579187, 227, 13, 40, 0, 0, 0.17%, 9, 0, 7, 146.60
1735579192, 227, 14, 40, 0, 0, 0.17%, 9, 0, 7, 145.59
1735579197, 228, 11, 40, 0, 0, 0.17%, 9, 0, 7, 155.44
1735579202, 228, 13, 40, 0, 0, 0.17%, 9, 0, 7, 143.47
1735579208, 228, 14, 40, 0, 0, 0.17%, 9, 0, 7, 141.32
1735579213, 228, 25, 40, 0, 0, 0.17%, 9, 0, 7, 149.21
1735579218, 228, 27, 40, 0, 0, 0.17%, 9, 0, 7, 154.27
1735579223, 228, 28, 40, 0, 0, 0.17%, 9, 0, 7, 153.29
1735579228, 229, 2, 40, 0, 0, 0.17%, 9, 0, 7, 151.65
1735579233, 229, 13, 40, 0, 0, 0.17%, 9, 0, 7, 142.28
1735579239, 229, 14, 40, 0, 0, 0.17%, 9, 0, 7, 141.82
1735579244, 229, 28, 40, 0, 0, 0.17%, 9, 0, 7, 148.41
1735579249, 230, 11, 40, 0, 0, 0.17%, 9, 0, 7, 141.98
1735579254, 230, 13, 40, 0, 0, 0.17%, 9, 0, 7, 146.82
1735579259, 230, 14, 40, 0, 0, 0.17%, 9, 0, 7, 136.05
1735579264, 231, 11, 40, 0, 0, 0.17%, 9, 0, 7, 144.22
1735579269, 231, 13, 40, 0, 0, 0.17%, 9, 0, 7, 137.21
1735579275, 231, 14, 40, 0, 0, 0.17%, 9, 0, 7, 153.15
1735579280, 231, 25, 40, 0, 0, 0.17%, 9, 0, 7, 146.40
1735579285, 231, 27, 40, 0, 0, 0.17%, 9, 0, 7, 152.60
1735579290, 232, 12, 40, 0, 0, 0.17%, 9, 0, 7, 147.22
1735579295, 232, 13, 40, 0, 0, 0.17%, 9, 0, 7, 138.71
1735579300, 232, 14, 40, 0, 0, 0.17%, 9, 0, 7, 141.17
1735579305, 233, 11, 40, 0, 0, 0.17%, 9, 0, 7, 151.02
1735579311, 233, 13, 40, 0, 0, 0.17%, 9, 0, 7, 146.11
1735579316, 233, 14, 40, 0, 0, 0.17%, 9, 0, 7, 141.55
1735579321, 233, 29, 40, 0, 0, 0.17%, 9, 0, 7, 168.49
1735579326, 233, 38, 40, 0, 0, 0.17%, 9, 0, 7, 169.35
1735579331, 234, 12, 40, 0, 0, 0.17%, 9, 0, 7, 154.58
1735579336, 234, 13, 40, 0, 0, 0.17%, 9, 0, 7, 154.38
1735579341, 234, 14, 40, 0, 0, 0.17%, 9, 0, 7, 151.40
1735579346, 234, 17, 40, 0, 0, 0.17%, 9, 0, 7, 149.91
1735579351, 235, 12, 40, 0, 0, 0.17%, 9, 0, 7, 146.31
1735579356, 235, 13, 40, 0, 0, 0.17%, 9, 0, 7, 140.62
1735579361, 235, 29, 40, 0, 0, 0.17%, 9, 0, 7, 156.07
1735579367, 236, 1, 40, 0, 0, 0.17%, 9, 0, 7, 143.77
1735579372, 236, 12, 40, 0, 0, 0.17%, 9, 0, 7, 143.80
1735579377, 236, 14, 40, 0, 0, 0.17%, 9, 0, 7, 143.84
1735579382, 237, 11, 40, 0, 0, 0.17%, 9, 0, 7, 151.83
1735579387, 237, 13, 40, 0, 0, 0.17%, 9, 0, 7, 142.56
1735579392, 237, 14, 40, 0, 0, 0.17%, 9, 0, 7, 140.42
1735579397, 237, 18, 40, 0, 0, 0.17%, 9, 0, 7, 137.58
1735579402, 238, 11, 40, 0, 0, 0.17%, 9, 0, 7, 140.05
1735579407, 238, 13, 40, 0, 0, 0.17%, 9, 0, 7, 138.60
1735579413, 238, 14, 40, 0, 0, 0.17%, 9, 0, 7, 137.17
1735579418, 238, 17, 40, 0, 0, 0.17%, 9, 0, 7, 147.59
1735579423, 238, 30, 40, 0, 0, 0.17%, 9, 0, 7, 150.30
1735579428, 239, 11, 40, 0, 0, 0.17%, 9, 0, 7, 150.44
1735579433, 239, 13, 40, 0, 0, 0.17%, 9, 0, 7, 141.85
1735579438, 239, 14, 40, 0, 0, 0.17%, 9, 0, 7, 145.04
1735579443, 239, 21, 40, 0, 0, 0.17%, 9, 0, 7, 161.98
1735579454, 240, 12, 40, 0, 0, 0.17%, 9, 0, 7, 143.70
1735579459, 240, 13, 40, 0, 0, 0.17%, 9, 0, 7, 142.00
1735579464, 240, 14, 40, 0, 0, 0.17%, 9, 0, 7, 141.18
1735579469, 240, 24, 40, 0, 0, 0.17%, 9, 0, 7, 137.04
1735579474, 241, 10, 40, 0, 0, 0.17%, 9, 0, 7, 137.78
1735579479, 241, 12, 40, 0, 0, 0.17%, 9, 0, 7, 149.15
1735579485, 241, 14, 40, 0, 0, 0.17%, 9, 0, 7, 138.72
1735579490, 241, 35, 40, 0, 0, 0.17%, 9, 0, 7, 174.62
1735579495, 242, 11, 40, 0, 0, 0.17%, 9, 0, 7, 151.70
1735579500, 242, 13, 40, 0, 0, 0.17%, 9, 0, 7, 145.40
1735579505, 242, 14, 40, 0, 0, 0.17%, 9, 0, 7, 140.15
1735579510, 243, 11, 40, 0, 0, 0.17%, 9, 0, 7, 137.69
1735579515, 243, 13, 40, 0, 0, 0.17%, 9, 0, 7, 144.51
1735579521, 243, 14, 40, 0, 0, 0.17%, 9, 0, 7, 143.32
1735579526, 243, 22, 40, 0, 0, 0.17%, 9, 0, 7, 145.13
1735579531, 244, 11, 40, 0, 0, 0.17%, 9, 0, 7, 140.88
1735579536, 244, 13, 40, 0, 0, 0.17%, 9, 0, 7, 145.05
1735579541, 244, 14, 40, 0, 0, 0.17%, 9, 0, 7, 138.17
1735579546, 244, 25, 40, 0, 0, 0.17%, 9, 0, 7, 147.71
1735579551, 244, 30, 40, 0, 0, 0.17%, 9, 0, 7, 144.96
1735579556, 245, 12, 40, 0, 0, 0.17%, 9, 0, 7, 141.71
1735579562, 245, 13, 40, 0, 0, 0.17%, 9, 0, 7, 133.91
1735579567, 245, 14, 40, 0, 0, 0.17%, 9, 0, 7, 147.31
1735579572, 245, 16, 40, 0, 0, 0.17%, 9, 0, 7, 139.70
1735579577, 245, 28, 40, 0, 0, 0.17%, 9, 0, 7, 141.98
1735579582, 246, 11, 40, 0, 0, 0.17%, 9, 0, 7, 148.34
1735579587, 246, 13, 40, 0, 0, 0.17%, 9, 0, 7, 141.87
1735579593, 246, 14, 40, 0, 0, 0.17%, 9, 0, 7, 146.94
1735579598, 246, 25, 40, 0, 0, 0.17%, 9, 0, 7, 145.39
1735579603, 246, 34, 40, 0, 0, 0.17%, 9, 0, 7, 144.94
1735579608, 246, 36, 40, 0, 0, 0.17%, 9, 0, 7, 147.93
1735579613, 247, 11, 40, 0, 0, 0.17%, 9, 0, 7, 141.06
1735579618, 247, 13, 40, 0, 0, 0.17%, 9, 0, 7, 143.39
1735579623, 247, 14, 40, 0, 0, 0.17%, 9, 0, 7, 138.47
1735579628, 248, 11, 40, 0, 0, 0.17%, 9, 0, 7, 146.12
1735579633, 248, 13, 40, 0, 0, 0.17%, 9, 0, 7, 140.06
1735579639, 248, 14, 40, 0, 0, 0.17%, 9, 0, 7, 139.96
1735579644, 248, 35, 40, 0, 0, 0.17%, 9, 0, 7, 166.07
1735579649, 249, 11, 40, 0, 0, 0.17%, 9, 0, 7, 153.79
1735579654, 249, 13, 40, 0, 0, 0.17%, 9, 0, 7, 148.59
1735579659, 249, 14, 40, 0, 0, 0.17%, 9, 0, 7, 139.11
1735579664, 249, 22, 40, 0, 0, 0.17%, 9, 0, 7, 144.36
1735579670, 249, 24, 40, 0, 0, 0.17%, 9, 0, 7, 144.71
1735579675, 250, 11, 40, 0, 0, 0.17%, 9, 0, 7, 149.56
1735579680, 250, 13, 40, 0, 0, 0.17%, 9, 0, 7, 140.17
1735579685, 250, 14, 40, 0, 0, 0.17%, 9, 0, 7, 147.04
1735579690, 250, 35, 40, 0, 0, 0.17%, 9, 0, 7, 157.42
1735579695, 251, 12, 40, 0, 0, 0.17%, 9, 0, 7, 144.65
1735579700, 251, 14, 40, 0, 0, 0.17%, 9, 0, 7, 148.19
1735579705, 251, 17, 40, 0, 0, 0.17%, 9, 0, 7, 152.34
1735579711, 251, 26, 40, 0, 0, 0.17%, 9, 0, 7, 138.80
1735579716, 252, 11, 40, 0, 0, 0.17%, 9, 0, 7, 140.56
1735579721, 252, 13, 40, 0, 0, 0.17%, 9, 0, 7, 144.78
1735579726, 252, 14, 40, 0, 0, 0.17%, 9, 0, 7, 143.68
1735579731, 252, 22, 40, 0, 0, 0.17%, 9, 0, 7, 154.62
1735579736, 252, 30, 40, 0, 0, 0.17%, 9, 0, 7, 148.21
1735579741, 253, 11, 40, 0, 0, 0.17%, 9, 0, 7, 151.62
1735579746, 253, 13, 40, 0, 0, 0.17%, 9, 0, 7, 138.34
1735579752, 253, 14, 40, 0, 0, 0.17%, 9, 0, 7, 148.86
1735579757, 253, 16, 40, 0, 0, 0.17%, 9, 0, 7, 146.72
1735579762, 254, 11, 40, 0, 0, 0.17%, 9, 0, 7, 136.36
1735579767, 254, 13, 40, 0, 0, 0.17%, 9, 0, 7, 140.01
1735579772, 254, 14, 40, 0, 0, 0.17%, 9, 0, 7, 137.42
1735579778, 254, 30, 40, 0, 0, 0.17%, 9, 0, 7, 151.59
1735579783, 254, 31, 40, 0, 0, 0.17%, 9, 0, 7, 156.62
1735579788, 255, 12, 40, 0, 0, 0.17%, 9, 0, 7, 148.99
1735579793, 255, 14, 40, 0, 0, 0.17%, 9, 0, 7, 144.51
1735579798, 255, 17, 40, 0, 0, 0.17%, 9, 0, 7, 148.87
1735579803, 255, 22, 40, 0, 0, 0.17%, 9, 0, 7, 157.40
1735579808, 255, 30, 40, 0, 0, 0.17%, 9, 0, 7, 146.91
1735579813, 256, 11, 40, 0, 0, 0.17%, 9, 0, 7, 146.50
1735579819, 256, 13, 40, 0, 0, 0.17%, 9, 0, 7, 144.24
1735579824, 256, 14, 40, 0, 0, 0.17%, 9, 0, 7, 141.12
1735579829, 256, 17, 40, 0, 0, 0.17%, 9, 0, 7, 153.16
1735579834, 256, 26, 40, 0, 0, 0.17%, 9, 0, 7, 149.49
1735579839, 256, 28, 40, 0, 0, 0.17%, 9, 0, 7, 149.00
1735579844, 257, 12, 40, 0, 0, 0.17%, 9, 0, 7, 150.59
1735579849, 257, 13, 40, 0, 0, 0.17%, 9, 0, 7, 147.93
