# unix_time, cycles_done, cur_path, paths_total, pending_total, pending_favs, map_size, unique_crashes, unique_hangs, max_depth, execs_per_sec
1735730423, 0, 0, 10, 10, 1, 0.01%, 0, 0, 1, 83.59
1735730428, 0, 3, 10, 10, 1, 0.01%, 0, 0, 1, 104.36
1735730433, 0, 4, 10, 9, 0, 0.01%, 0, 0, 1, 102.15
1735730443, 0, 5, 10, 8, 0, 0.01%, 0, 0, 1, 98.57
1735730453, 0, 6, 10, 7, 0, 0.01%, 0, 0, 1, 100.17
1735730464, 0, 7, 10, 6, 0, 0.01%, 0, 0, 1, 98.29
1735730474, 0, 8, 10, 5, 0, 0.01%, 0, 0, 1, 97.81
1735730484, 0, 9, 10, 4, 0, 0.01%, 0, 0, 1, 93.52
1735730494, 1, 0, 10, 3, 0, 0.01%, 0, 0, 1, 91.69
1735730505, 1, 1, 10, 2, 0, 0.01%, 0, 0, 1, 98.84
1735730520, 1, 2, 10, 1, 0, 0.01%, 0, 0, 1, 91.63
1735730530, 1, 3, 10, 0, 0, 0.01%, 0, 0, 1, 102.35
1735730535, 1, 5, 10, 0, 0, 0.01%, 0, 0, 1, 103.05
1735730541, 1, 6, 10, 0, 0, 0.01%, 0, 0, 1, 103.04
1735730546, 1, 7, 10, 0, 0, 0.01%, 0, 0, 1, 104.46
1735730551, 1, 9, 10, 0, 0, 0.01%, 0, 0, 1, 103.12
1735730556, 2, 0, 10, 0, 0, 0.01%, 0, 0, 1, 103.06
1735730561, 2, 2, 10, 0, 0, 0.01%, 0, 0, 1, 104.34
1735730566, 2, 3, 10, 0, 0, 0.01%, 0, 0, 1, 104.78
1735730571, 2, 5, 10, 0, 0, 0.01%, 0, 0, 1, 102.70
1735730576, 2, 6, 10, 0, 0, 0.01%, 0, 0, 1, 103.84
1735730582, 2, 8, 10, 0, 0, 0.01%, 0, 0, 1, 101.94
1735730587, 2, 9, 10, 0, 0, 0.01%, 0, 0, 1, 103.79
1735730592, 3, 0, 10, 0, 0, 0.01%, 0, 0, 1, 104.93
1735730597, 3, 2, 10, 0, 0, 0.01%, 0, 0, 1, 106.29
1735730602, 3, 3, 10, 0, 0, 0.01%, 0, 0, 1, 106.03
1735730607, 3, 5, 10, 0, 0, 0.01%, 0, 0, 1, 103.40
1735730612, 3, 6, 10, 0, 0, 0.01%, 0, 0, 1, 102.76
1735730618, 3, 8, 10, 0, 0, 0.01%, 0, 0, 1, 102.12
1735730623, 3, 9, 10, 0, 0, 0.01%, 0, 0, 1, 102.87
1735730628, 4, 1, 10, 0, 0, 0.01%, 0, 0, 1, 104.38
1735730633, 4, 2, 10, 0, 0, 0.01%, 0, 0, 1, 103.20
1735730638, 4, 4, 10, 0, 0, 0.01%, 0, 0, 1, 102.78
1735730643, 4, 5, 10, 0, 0, 0.01%, 0, 0, 1, 103.78
1735730649, 4, 6, 10, 0, 0, 0.01%, 0, 0, 1, 105.35
1735730654, 4, 8, 10, 0, 0, 0.01%, 0, 0, 1, 105.38
1735730659, 4, 9, 10, 0, 0, 0.01%, 0, 0, 1, 103.58
1735730664, 5, 1, 10, 0, 0, 0.01%, 0, 0, 1, 102.84
1735730669, 5, 2, 10, 0, 0, 0.01%, 0, 0, 1, 104.13
1735730675, 5, 4, 10, 0, 0, 0.01%, 0, 0, 1, 102.25
1735730680, 5, 5, 10, 0, 0, 0.01%, 0, 0, 1, 101.42
1735730685, 5, 7, 10, 0, 0, 0.01%, 0, 0, 1, 102.48
1735730690, 5, 8, 10, 0, 0, 0.01%, 0, 0, 1, 101.83
1735730695, 6, 0, 10, 0, 0, 0.01%, 0, 0, 1, 102.01
1735730700, 6, 1, 10, 0, 0, 0.01%, 0, 0, 1, 102.46
1735730706, 6, 2, 10, 0, 0, 0.01%, 0, 0, 1, 102.80
1735730711, 6, 4, 10, 0, 0, 0.01%, 0, 0, 1, 104.01
1735730716, 6, 5, 10, 0, 0, 0.01%, 0, 0, 1, 105.09
1735730721, 6, 7, 10, 0, 0, 0.01%, 0, 0, 1, 104.33
1735730726, 6, 8, 10, 0, 0, 0.01%, 0, 0, 1, 104.47
1735730731, 7, 0, 10, 0, 0, 0.01%, 0, 0, 1, 101.54
1735730736, 7, 1, 10, 0, 0, 0.01%, 0, 0, 1, 102.15
1735730741, 7, 2, 10, 0, 0, 0.01%, 0, 0, 1, 102.98
1735730746, 7, 4, 10, 0, 0, 0.01%, 0, 0, 1, 103.95
1735730752, 7, 5, 10, 0, 0, 0.01%, 0, 0, 1, 107.87
1735730757, 7, 7, 10, 0, 0, 0.01%, 0, 0, 1, 102.65
1735730762, 7, 8, 10, 0, 0, 0.01%, 0, 0, 1, 102.32
1735730767, 8, 0, 10, 0, 0, 0.01%, 0, 0, 1, 102.20
1735730772, 8, 1, 11, 1, 0, 0.16%, 0, 0, 2, 103.24
1735730777, 8, 10, 11, 1, 1, 0.16%, 1, 0, 2, 110.76
1735730787, 8, 10, 12, 2, 1, 0.16%, 2, 0, 3, 112.66
1735730921, 8, 11, 13, 2, 1, 0.16%, 3, 0, 4, 139.82
1735730931, 8, 11, 14, 3, 1, 0.16%, 3, 0, 4, 114.15
1735730942, 8, 11, 15, 4, 1, 0.16%, 3, 0, 4, 114.52
1735730973, 8, 11, 16, 5, 1, 0.16%, 3, 0, 4, 114.70
1735731034, 8, 11, 17, 6, 1, 0.16%, 3, 0, 4, 122.21
1735731059, 8, 12, 17, 5, 1, 0.16%, 3, 0, 4, 135.61
1735731065, 8, 12, 18, 6, 1, 0.16%, 3, 0, 5, 124.81
1735731111, 8, 12, 19, 7, 1, 0.16%, 3, 0, 5, 119.14
1735731137, 8, 12, 20, 8, 1, 0.17%, 4, 0, 5, 116.69
1735731142, 8, 12, 21, 9, 1, 0.17%, 4, 0, 5, 119.05
1735731168, 8, 12, 22, 10, 1, 0.17%, 4, 0, 5, 120.45
1735731204, 8, 12, 23, 11, 1, 0.17%, 4, 0, 5, 141.17
1735731229, 8, 19, 24, 11, 1, 0.17%, 5, 0, 6, 128.56
1735731234, 8, 19, 25, 12, 1, 0.17%, 5, 0, 6, 142.74
1735731270, 8, 19, 26, 13, 1, 0.17%, 5, 0, 6, 132.00
1735731338, 8, 19, 29, 16, 1, 0.17%, 5, 0, 6, 141.15
1735731343, 8, 19, 30, 17, 1, 0.17%, 5, 0, 6, 123.77
1735731353, 8, 24, 31, 17, 1, 0.17%, 5, 0, 7, 156.17
1735731374, 8, 24, 32, 18, 1, 0.17%, 5, 0, 7, 131.92
1735731405, 8, 24, 33, 19, 1, 0.17%, 5, 0, 7, 134.36
1735731466, 8, 24, 34, 20, 1, 0.17%, 5, 0, 7, 158.72
1735731471, 8, 26, 34, 19, 0, 0.17%, 5, 0, 7, 167.25
1735731559, 8, 30, 34, 18, 0, 0.17%, 5, 0, 7, 160.66
1735731584, 8, 30, 35, 19, 0, 0.17%, 5, 0, 8, 134.22
1735731646, 8, 30, 36, 20, 0, 0.17%, 6, 0, 8, 130.93
1735731672, 8, 30, 39, 23, 0, 0.17%, 6, 0, 8, 143.66
1735731677, 8, 30, 40, 24, 0, 0.17%, 6, 0, 8, 149.42
1735731682, 8, 31, 40, 23, 0, 0.17%, 6, 0, 8, 195.27
1735731734, 8, 33, 40, 22, 0, 0.17%, 6, 0, 8, 200.48
1735731877, 9, 10, 40, 21, 0, 0.17%, 6, 0, 8, 140.29
1735731887, 9, 11, 40, 21, 0, 0.17%, 6, 0, 8, 133.69
1735731897, 9, 12, 40, 21, 0, 0.17%, 6, 0, 8, 135.59
1735731912, 9, 17, 40, 21, 0, 0.17%, 6, 0, 8, 116.41
1735732460, 9, 17, 41, 22, 0, 0.17%, 7, 0, 8, 217.04
1735732496, 9, 24, 41, 21, 0, 0.17%, 7, 0, 8, 161.12
1735732527, 9, 34, 41, 21, 0, 0.17%, 7, 0, 8, 191.03
1735732619, 10, 0, 41, 20, 0, 0.17%, 7, 0, 8, 164.40
1735732624, 10, 11, 41, 20, 0, 0.17%, 7, 0, 8, 147.61
1735732629, 10, 12, 41, 20, 0, 0.17%, 7, 0, 8, 143.12
1735732634, 10, 16, 41, 20, 0, 0.17%, 7, 0, 8, 182.57
1735732680, 10, 24, 41, 19, 0, 0.17%, 7, 0, 8, 135.60
1735732690, 10, 36, 41, 19, 0, 0.17%, 7, 0, 8, 193.12
1735732849, 11, 3, 41, 18, 0, 0.17%, 7, 0, 8, 164.51
1735732854, 11, 11, 41, 18, 0, 0.17%, 7, 0, 8, 138.72
1735732859, 11, 12, 41, 18, 0, 0.17%, 7, 0, 8, 137.00
1735732864, 11, 20, 41, 18, 0, 0.17%, 7, 0, 8, 231.37
1735733113, 11, 23, 41, 17, 0, 0.17%, 7, 0, 8, 142.97
1735733164, 11, 24, 41, 16, 0, 0.17%, 7, 0, 8, 135.39
1735733174, 11, 27, 41, 16, 0, 0.17%, 7, 0, 8, 167.70
1735733231, 11, 37, 41, 15, 0, 0.17%, 7, 0, 8, 149.06
1735733332, 12, 11, 41, 14, 0, 0.17%, 7, 0, 8, 143.05
1735733337, 12, 12, 41, 14, 0, 0.17%, 7, 0, 8, 136.06
1735733343, 12, 24, 41, 14, 0, 0.17%, 7, 0, 8, 135.81
1735733348, 13, 10, 41, 14, 0, 0.17%, 7, 0, 8, 133.66
1735733353, 13, 12, 41, 14, 0, 0.17%, 7, 0, 8, 136.09
1735733358, 13, 19, 41, 14, 0, 0.17%, 7, 0, 8, 133.31
1735733378, 13, 24, 41, 14, 0, 0.17%, 7, 0, 8, 144.18
1735733389, 13, 40, 41, 14, 0, 0.17%, 7, 0, 8, 100.41
1735733952, 14, 11, 41, 13, 0, 0.17%, 7, 0, 8, 139.24
1735733957, 14, 15, 41, 13, 0, 0.17%, 7, 0, 8, 141.96
1735734008, 14, 21, 41, 12, 0, 0.17%, 7, 0, 8, 120.82
1735734816, 14, 24, 41, 11, 0, 0.17%, 7, 0, 8, 155.83
1735734821, 14, 39, 41, 11, 0, 0.17%, 7, 0, 8, 162.97
1735734958, 15, 7, 41, 10, 0, 0.17%, 7, 0, 8, 152.53
1735734963, 15, 11, 41, 10, 0, 0.17%, 7, 0, 8, 142.15
1735734968, 15, 12, 41, 10, 0, 0.17%, 7, 0, 8, 138.82
1735734973, 15, 22, 41, 10, 0, 0.17%, 7, 0, 8, 193.32
1735735279, 15, 24, 41, 9, 0, 0.17%, 7, 0, 8, 129.86
1735735284, 15, 35, 41, 9, 0, 0.17%, 7, 0, 8, 160.82
1735735482, 15, 38, 41, 8, 0, 0.17%, 7, 0, 8, 152.72
1735735625, 16, 10, 41, 7, 0, 0.17%, 7, 0, 8, 139.49
1735735630, 16, 12, 41, 7, 0, 0.17%, 7, 0, 8, 133.59
1735735635, 16, 18, 41, 7, 0, 0.17%, 7, 0, 8, 162.88
1735735681, 16, 24, 41, 6, 0, 0.17%, 7, 0, 8, 143.29
1735735691, 16, 25, 41, 6, 0, 0.17%, 7, 0, 8, 165.89
1735735738, 16, 29, 41, 5, 0, 0.17%, 7, 0, 8, 162.18
1735735794, 16, 32, 41, 4, 0, 0.17%, 7, 0, 8, 228.55
1735735890, 17, 3, 41, 3, 0, 0.17%, 7, 0, 8, 167.91
1735735895, 17, 11, 41, 3, 0, 0.17%, 7, 0, 8, 149.50
1735735900, 17, 24, 41, 3, 0, 0.17%, 7, 0, 8, 135.82
1735735910, 18, 11, 41, 3, 0, 0.17%, 7, 0, 8, 131.71
1735735916, 18, 12, 41, 3, 0, 0.17%, 7, 0, 8, 134.46
1735735921, 18, 24, 41, 3, 0, 0.17%, 7, 0, 8, 142.04
1735735926, 18, 31, 41, 3, 0, 0.17%, 7, 0, 8, 138.66
1735735946, 19, 10, 41, 3, 0, 0.17%, 7, 0, 8, 139.55
1735735952, 19, 12, 41, 3, 0, 0.17%, 7, 0, 8, 135.86
1735735957, 19, 24, 41, 3, 0, 0.17%, 7, 0, 8, 142.54
1735735967, 20, 10, 41, 3, 0, 0.17%, 7, 0, 8, 140.01
1735735972, 20, 12, 41, 3, 0, 0.17%, 7, 0, 8, 137.43
1735735977, 20, 13, 41, 3, 0, 0.17%, 7, 0, 8, 155.60
1735736023, 20, 14, 41, 2, 0, 0.17%, 7, 0, 8, 152.18
1735736069, 20, 24, 41, 1, 0, 0.17%, 7, 0, 8, 145.11
1735736080, 20, 34, 41, 1, 0, 0.17%, 7, 0, 8, 148.03
1735736120, 20, 38, 41, 1, 0, 0.17%, 7, 0, 8, 144.49
1735736156, 21, 10, 41, 1, 0, 0.17%, 7, 0, 8, 149.89
1735736161, 21, 12, 41, 1, 0, 0.17%, 7, 0, 8, 137.03
1735736166, 21, 24, 41, 1, 0, 0.17%, 7, 0, 8, 139.72
1735736177, 21, 27, 41, 1, 0, 0.17%, 7, 0, 8, 143.58
1735736197, 21, 34, 41, 1, 0, 0.17%, 7, 0, 8, 145.17
1735736207, 22, 11, 41, 1, 0, 0.17%, 7, 0, 8, 141.68
1735736212, 22, 12, 41, 1, 0, 0.17%, 7, 0, 8, 134.79
1735736217, 22, 24, 41, 1, 0, 0.17%, 7, 0, 8, 134.50
1735736223, 22, 26, 41, 1, 0, 0.17%, 7, 0, 8, 149.81
1735736243, 22, 28, 41, 1, 0, 0.17%, 7, 0, 8, 165.80
1735736309, 22, 31, 41, 0, 0, 0.17%, 7, 0, 8, 147.62
1735736314, 23, 5, 41, 0, 0, 0.17%, 7, 0, 8, 145.19
1735736319, 23, 11, 41, 0, 0, 0.17%, 7, 0, 8, 137.79
1735736324, 23, 12, 41, 0, 0, 0.17%, 7, 0, 8, 144.87
1735736329, 23, 21, 41, 0, 0, 0.17%, 7, 0, 8, 180.89
1735736345, 23, 24, 41, 0, 0, 0.17%, 7, 0, 8, 143.37
1735736350, 24, 10, 41, 0, 0, 0.17%, 7, 0, 8, 141.85
1735736355, 24, 12, 41, 0, 0, 0.17%, 7, 0, 8, 138.47
1735736360, 24, 24, 41, 0, 0, 0.17%, 7, 0, 8, 144.74
1735736370, 24, 26, 41, 0, 0, 0.17%, 7, 0, 8, 138.46
1735736376, 25, 10, 41, 0, 0, 0.17%, 7, 0, 8, 137.77
1735736381, 25, 12, 41, 0, 0, 0.17%, 7, 0, 8, 138.15
1735736386, 25, 24, 41, 0, 0, 0.17%, 7, 0, 8, 146.85
1735736396, 26, 10, 41, 0, 0, 0.17%, 7, 0, 8, 135.85
1735736401, 26, 12, 41, 0, 0, 0.17%, 7, 0, 8, 140.04
1735736406, 26, 24, 41, 0, 0, 0.17%, 7, 0, 8, 137.62
1735736411, 26, 27, 41, 0, 0, 0.17%, 7, 0, 8, 145.94
1735736417, 26, 36, 41, 0, 0, 0.17%, 7, 0, 8, 160.02
1735736452, 27, 2, 41, 0, 0, 0.17%, 7, 0, 8, 151.79
1735736457, 27, 10, 41, 0, 0, 0.17%, 7, 0, 8, 137.76
1735736463, 27, 12, 41, 0, 0, 0.17%, 7, 0, 8, 134.92
1735736468, 27, 16, 41, 0, 0, 0.17%, 7, 0, 8, 146.02
1735736488, 27, 18, 41, 0, 0, 0.17%, 7, 0, 8, 135.87
1735736508, 27, 24, 41, 0, 0, 0.17%, 7, 0, 8, 155.37
1735736518, 28, 11, 41, 0, 0, 0.17%, 7, 0, 8, 141.53
1735736524, 28, 12, 41, 0, 0, 0.17%, 7, 0, 8, 126.65
1735736529, 28, 24, 41, 0, 0, 0.17%, 7, 0, 8, 137.85
1735736534, 29, 9, 41, 0, 0, 0.17%, 7, 0, 8, 135.35
1735736539, 29, 11, 41, 0, 0, 0.17%, 7, 0, 8, 145.49
1735736544, 29, 24, 41, 0, 0, 0.17%, 7, 0, 8, 145.11
1735736554, 29, 40, 41, 0, 0, 0.17%, 7, 0, 8, 193.64
1735736570, 30, 10, 41, 0, 0, 0.17%, 7, 0, 8, 139.13
1735736575, 30, 12, 41, 0, 0, 0.17%, 7, 0, 8, 137.85
1735736580, 30, 21, 41, 0, 0, 0.17%, 7, 0, 8, 157.94
1735736585, 30, 24, 41, 0, 0, 0.17%, 7, 0, 8, 151.49
1735736595, 30, 25, 41, 0, 0, 0.17%, 7, 0, 8, 149.07
1735736616, 31, 11, 41, 0, 0, 0.17%, 7, 0, 8, 144.62
1735736621, 31, 23, 41, 0, 0, 0.17%, 7, 0, 8, 140.62
1735736642, 31, 24, 41, 0, 0, 0.17%, 7, 0, 8, 123.82
1735736652, 31, 33, 41, 0, 0, 0.17%, 7, 0, 8, 165.25
1735736672, 32, 11, 41, 0, 0, 0.17%, 7, 0, 8, 139.05
1735736677, 32, 24, 41, 0, 0, 0.17%, 7, 0, 8, 142.33
1735736687, 32, 40, 41, 0, 0, 0.17%, 7, 0, 8, 171.23
1735736698, 33, 11, 41, 0, 0, 0.17%, 7, 0, 8, 140.42
1735736703, 33, 24, 41, 0, 0, 0.17%, 7, 0, 8, 145.74
1735736713, 34, 11, 41, 0, 0, 0.17%, 7, 0, 8, 140.41
1735736718, 34, 12, 41, 0, 0, 0.17%, 7, 0, 8, 142.79
1735736723, 34, 20, 41, 0, 0, 0.17%, 7, 0, 8, 167.02
1735736739, 34, 24, 41, 0, 0, 0.17%, 7, 0, 8, 143.87
1735736749, 34, 40, 41, 0, 0, 0.17%, 7, 0, 8, 158.91
1735736754, 35, 11, 41, 0, 0, 0.17%, 7, 0, 8, 135.85
1735736759, 35, 24, 41, 0, 0, 0.17%, 7, 0, 8, 144.85
1735736770, 35, 27, 41, 0, 0, 0.17%, 7, 0, 8, 143.35
1735736775, 35, 31, 41, 0, 0, 0.17%, 7, 0, 8, 142.00
1735736780, 35, 35, 41, 0, 0, 0.17%, 7, 0, 8, 164.04
1735736805, 36, 1, 41, 0, 0, 0.17%, 7, 0, 8, 129.11
1735736810, 36, 11, 41, 0, 0, 0.17%, 7, 0, 8, 131.57
1735736815, 36, 12, 41, 0, 0, 0.17%, 7, 0, 8, 135.80
1735736820, 36, 13, 41, 0, 0, 0.17%, 7, 0, 8, 143.38
1735736841, 36, 24, 41, 0, 0, 0.17%, 7, 0, 8, 139.22
1735736846, 36, 38, 41, 0, 0, 0.17%, 7, 0, 8, 144.02
1735736856, 37, 0, 41, 0, 0, 0.17%, 7, 0, 8, 143.78
1735736861, 37, 11, 41, 0, 0, 0.17%, 7, 0, 8, 137.12
1735736866, 37, 17, 41, 0, 0, 0.17%, 7, 0, 8, 141.19
1735736886, 37, 21, 41, 0, 0, 0.17%, 7, 0, 8, 153.27
1735736891, 37, 24, 41, 0, 0, 0.17%, 7, 0, 8, 143.55
1735736896, 37, 31, 41, 0, 0, 0.17%, 7, 0, 8, 133.15
1735736902, 38, 10, 41, 0, 0, 0.17%, 7, 0, 8, 135.15
1735736907, 38, 12, 41, 0, 0, 0.17%, 7, 0, 8, 140.07
1735736912, 38, 16, 41, 0, 0, 0.17%, 7, 0, 8, 149.65
1735736917, 38, 24, 41, 0, 0, 0.17%, 7, 0, 8, 147.77
1735736922, 39, 3, 41, 0, 0, 0.17%, 7, 0, 8, 145.36
1735736927, 39, 10, 41, 0, 0, 0.17%, 7, 0, 8, 139.87
1735736932, 39, 12, 41, 0, 0, 0.17%, 7, 0, 8, 135.12
1735736937, 39, 24, 41, 0, 0, 0.17%, 7, 0, 8, 143.64
1735736942, 40, 10, 41, 0, 0, 0.17%, 7, 0, 8, 144.04
1735736948, 40, 12, 41, 0, 0, 0.17%, 7, 0, 8, 137.31
1735736953, 40, 14, 41, 0, 0, 0.17%, 7, 0, 8, 136.02
1735736973, 40, 24, 41, 0, 0, 0.17%, 7, 0, 8, 145.51
1735736984, 40, 32, 41, 0, 0, 0.17%, 7, 0, 8, 162.59
1735737009, 41, 10, 41, 0, 0, 0.17%, 7, 0, 8, 139.31
1735737014, 41, 12, 41, 0, 0, 0.17%, 7, 0, 8, 136.04
1735737019, 41, 24, 41, 0, 0, 0.17%, 7, 0, 8, 142.46
1735737030, 41, 40, 41, 0, 0, 0.17%, 7, 0, 8, 151.26
1735737035, 42, 10, 41, 0, 0, 0.17%, 7, 0, 8, 147.15
1735737040, 42, 12, 41, 0, 0, 0.17%, 7, 0, 8, 142.29
1735737045, 42, 24, 41, 0, 0, 0.17%, 7, 0, 8, 144.13
1735737055, 42, 27, 41, 0, 0, 0.17%, 7, 0, 8, 146.97
1735737060, 43, 11, 41, 0, 0, 0.17%, 7, 0, 8, 136.12
1735737066, 43, 12, 41, 0, 0, 0.17%, 7, 0, 8, 139.61
1735737071, 43, 24, 41, 0, 0, 0.17%, 7, 0, 8, 142.58
1735737076, 44, 11, 41, 0, 0, 0.17%, 7, 0, 8, 140.64
1735737081, 44, 24, 41, 0, 0, 0.17%, 7, 0, 8, 138.88
1735737091, 44, 26, 41, 0, 0, 0.17%, 7, 0, 8, 143.44
1735737096, 44, 27, 41, 0, 0, 0.17%, 7, 0, 8, 146.54
1735737101, 45, 10, 41, 0, 0, 0.17%, 7, 0, 8, 144.23
1735737106, 45, 12, 41, 0, 0, 0.17%, 7, 0, 8, 140.30
1735737111, 45, 14, 41, 0, 0, 0.17%, 7, 0, 8, 139.72
1735737116, 45, 16, 41, 0, 0, 0.17%, 7, 0, 8, 144.81
1735737122, 45, 24, 41, 0, 0, 0.17%, 7, 0, 8, 143.79
1735737127, 45, 26, 41, 0, 0, 0.17%, 7, 0, 8, 144.07
1735737132, 45, 27, 41, 0, 0, 0.17%, 7, 0, 8, 146.20
1735737137, 45, 28, 41, 0, 0, 0.17%, 7, 0, 8, 146.60
1735737157, 46, 10, 41, 0, 0, 0.17%, 7, 0, 8, 141.95
1735737162, 46, 12, 41, 0, 0, 0.17%, 7, 0, 8, 138.27
1735737167, 46, 22, 41, 0, 0, 0.17%, 7, 0, 8, 172.53
1735737183, 46, 24, 41, 0, 0, 0.17%, 7, 0, 8, 167.95
1735737193, 46, 36, 41, 0, 0, 0.17%, 7, 0, 8, 173.88
1735737203, 47, 11, 41, 0, 0, 0.17%, 7, 0, 8, 146.00
1735737208, 47, 12, 41, 0, 0, 0.17%, 7, 0, 8, 138.93
1735737213, 47, 13, 41, 0, 0, 0.17%, 7, 0, 8, 140.56
1735737219, 47, 23, 41, 0, 0, 0.17%, 7, 0, 8, 140.30
1735737224, 47, 24, 41, 0, 0, 0.17%, 7, 0, 8, 141.71
1735737229, 47, 28, 41, 0, 0, 0.17%, 7, 0, 8, 134.86
1735737234, 47, 30, 41, 0, 0, 0.17%, 7, 0, 8, 138.43
1735737264, 48, 11, 41, 0, 0, 0.17%, 7, 0, 8, 148.54
1735737269, 48, 12, 41, 0, 0, 0.17%, 7, 0, 8, 140.11
1735737275, 48, 15, 41, 0, 0, 0.17%, 7, 0, 8, 142.29
1735737295, 48, 24, 41, 0, 0, 0.17%, 7, 0, 8, 140.36
1735737300, 49, 1, 41, 0, 0, 0.17%, 7, 0, 8, 139.37
1735737305, 49, 10, 41, 0, 0, 0.17%, 7, 0, 8, 145.77
1735737310, 49, 12, 41, 0, 0, 0.17%, 7, 0, 8, 134.75
1735737316, 49, 24, 41, 0, 0, 0.17%, 7, 0, 8, 136.96
1735737321, 49, 32, 41, 0, 0, 0.17%, 7, 0, 8, 144.13
1735737331, 50, 11, 41, 0, 0, 0.17%, 7, 0, 8, 142.80
1735737336, 50, 12, 41, 0, 0, 0.17%, 7, 0, 8, 138.61
1735737341, 50, 18, 41, 0, 0, 0.17%, 7, 0, 8, 143.21
1735737346, 50, 24, 41, 0, 0, 0.17%, 7, 0, 8, 140.82
1735737351, 50, 30, 41, 0, 0, 0.17%, 7, 0, 8, 149.24
1735737356, 51, 10, 41, 0, 0, 0.17%, 7, 0, 8, 143.91
1735737362, 51, 11, 41, 0, 0, 0.17%, 7, 0, 8, 141.60
1735737367, 51, 23, 41, 0, 0, 0.17%, 7, 0, 8, 144.54
1735737372, 51, 24, 41, 0, 0, 0.17%, 7, 0, 8, 139.38
1735737382, 51, 31, 41, 0, 0, 0.17%, 7, 0, 8, 141.50
1735737387, 52, 11, 41, 0, 0, 0.17%, 7, 0, 8, 137.25
1735737393, 52, 24, 41, 0, 0, 0.17%, 7, 0, 8, 135.41
1735737403, 52, 35, 41, 0, 0, 0.17%, 7, 0, 8, 149.02
1735737408, 53, 10, 41, 0, 0, 0.17%, 7, 0, 8, 146.65
1735737413, 53, 12, 41, 0, 0, 0.17%, 7, 0, 8, 135.85
1735737418, 53, 24, 41, 0, 0, 0.17%, 7, 0, 8, 140.74
1735737428, 53, 39, 41, 0, 0, 0.17%, 7, 0, 8, 163.69
1735737469, 54, 10, 41, 0, 0, 0.17%, 7, 0, 8, 132.28
1735737474, 54, 12, 41, 0, 0, 0.17%, 7, 0, 8, 135.25
1735737480, 54, 24, 41, 0, 0, 0.17%, 7, 0, 8, 142.73
1735737485, 54, 38, 41, 0, 0, 0.17%, 7, 0, 8, 130.87
1735737495, 55, 10, 41, 0, 0, 0.17%, 7, 0, 8, 156.35
1735737500, 55, 12, 41, 0, 0, 0.17%, 7, 0, 8, 137.74
1735737505, 55, 15, 41, 0, 0, 0.17%, 7, 0, 8, 142.51
1735737510, 55, 24, 41, 0, 0, 0.17%, 7, 0, 8, 144.36
1735737520, 56, 10, 41, 0, 0, 0.17%, 7, 0, 8, 139.10
1735737525, 56, 12, 41, 0, 0, 0.17%, 7, 0, 8, 136.81
1735737530, 56, 24, 41, 0, 0, 0.17%, 7, 0, 8, 145.93
1735737541, 56, 31, 41, 0, 0, 0.17%, 7, 0, 8, 141.68
1735737546, 57, 11, 41, 0, 0, 0.17%, 7, 0, 8, 141.34
1735737551, 57, 12, 41, 0, 0, 0.17%, 7, 0, 8, 150.18
1735737556, 57, 13, 41, 0, 0, 0.17%, 7, 0, 8, 153.42
1735737561, 57, 24, 41, 0, 0, 0.17%, 7, 0, 8, 143.72
1735737566, 58, 10, 41, 0, 0, 0.17%, 7, 0, 8, 140.49
1735737571, 58, 12, 41, 0, 0, 0.17%, 7, 0, 8, 134.17
1735737576, 58, 24, 41, 0, 0, 0.17%, 7, 0, 8, 140.75
1735737581, 59, 10, 41, 0, 0, 0.17%, 7, 0, 8, 145.81
1735737586, 59, 12, 41, 0, 0, 0.17%, 7, 0, 8, 145.63
1735737591, 59, 22, 41, 0, 0, 0.17%, 7, 0, 8, 163.47
1735737597, 59, 24, 41, 0, 0, 0.17%, 7, 0, 8, 156.37
1735737607, 60, 10, 41, 0, 0, 0.17%, 7, 0, 8, 151.93
1735737612, 60, 12, 41, 0, 0, 0.17%, 7, 0, 8, 145.56
1735737617, 60, 24, 41, 0, 0, 0.17%, 7, 0, 8, 139.59
1735737627, 61, 11, 41, 0, 0, 0.17%, 7, 0, 8, 139.01
1735737633, 61, 24, 41, 0, 0, 0.17%, 7, 0, 8, 139.79
1735737643, 62, 10, 41, 0, 0, 0.17%, 7, 0, 8, 133.47
1735737648, 62, 12, 41, 0, 0, 0.17%, 7, 0, 8, 136.11
1735737653, 62, 24, 41, 0, 0, 0.17%, 7, 0, 8, 143.11
1735737658, 63, 10, 41, 0, 0, 0.17%, 7, 0, 8, 140.28
1735737664, 63, 12, 41, 0, 0, 0.17%, 7, 0, 8, 139.57
1735737669, 63, 24, 41, 0, 0, 0.17%, 7, 0, 8, 139.99
1735737679, 63, 29, 41, 0, 0, 0.17%, 7, 0, 8, 139.47
1735737699, 64, 10, 41, 0, 0, 0.17%, 7, 0, 8, 132.20
1735737705, 64, 12, 41, 0, 0, 0.17%, 7, 0, 8, 136.10
1735737710, 64, 24, 41, 0, 0, 0.17%, 7, 0, 8, 140.78
1735737715, 65, 10, 41, 0, 0, 0.17%, 7, 0, 8, 137.95
1735737720, 65, 12, 41, 0, 0, 0.17%, 7, 0, 8, 137.93
1735737725, 65, 24, 41, 0, 0, 0.17%, 7, 0, 8, 138.88
1735737730, 65, 26, 41, 0, 0, 0.17%, 7, 0, 8, 137.28
1735737735, 66, 10, 41, 0, 0, 0.17%, 7, 0, 8, 142.07
1735737740, 66, 12, 41, 0, 0, 0.17%, 7, 0, 8, 137.38
1735737746, 66, 23, 41, 0, 0, 0.17%, 7, 0, 8, 137.04
1735737751, 66, 24, 41, 0, 0, 0.17%, 7, 0, 8, 148.61
1735737761, 67, 9, 41, 0, 0, 0.17%, 7, 0, 8, 139.70
1735737766, 67, 12, 41, 0, 0, 0.17%, 7, 0, 8, 140.87
1735737771, 67, 21, 41, 0, 0, 0.17%, 7, 0, 8, 141.73
1735737777, 67, 24, 41, 0, 0, 0.17%, 7, 0, 8, 140.39
1735737787, 68, 10, 41, 0, 0, 0.17%, 7, 0, 8, 144.36
1735737792, 68, 12, 41, 0, 0, 0.17%, 7, 0, 8, 137.08
1735737797, 68, 20, 41, 0, 0, 0.17%, 7, 0, 8, 147.79
1735737802, 68, 24, 41, 0, 0, 0.17%, 7, 0, 8, 151.57
1735737807, 68, 29, 41, 0, 0, 0.17%, 7, 0, 8, 148.43
1735737817, 69, 11, 41, 0, 0, 0.17%, 7, 0, 8, 135.54
1735737822, 69, 24, 41, 0, 0, 0.17%, 7, 0, 8, 136.69
1735737833, 69, 34, 41, 0, 0, 0.17%, 7, 0, 8, 146.83
1735737843, 69, 37, 41, 0, 0, 0.17%, 7, 0, 8, 143.13
1735737883, 70, 10, 41, 0, 0, 0.17%, 7, 0, 8, 151.27
1735737889, 70, 12, 41, 0, 0, 0.17%, 7, 0, 8, 143.45
1735737894, 70, 24, 41, 0, 0, 0.17%, 7, 0, 8, 143.76
1735737899, 70, 37, 41, 0, 0, 0.17%, 7, 0, 8, 143.83
1735737914, 71, 11, 41, 0, 0, 0.17%, 7, 0, 8, 142.07
1735737919, 71, 24, 41, 0, 0, 0.17%, 7, 0, 8, 141.04
1735737930, 72, 11, 41, 0, 0, 0.17%, 7, 0, 8, 135.61
1735737935, 72, 12, 41, 0, 0, 0.17%, 7, 0, 8, 143.82
1735737940, 72, 24, 41, 0, 0, 0.17%, 7, 0, 8, 148.97
1735737945, 73, 10, 41, 0, 0, 0.17%, 7, 0, 8, 145.69
1735737950, 73, 12, 41, 0, 0, 0.17%, 7, 0, 8, 142.36
1735737955, 73, 24, 41, 0, 0, 0.17%, 7, 0, 8, 147.21
1735737960, 73, 34, 41, 0, 0, 0.17%, 7, 0, 8, 145.36
1735737976, 74, 11, 41, 0, 0, 0.17%, 7, 0, 8, 135.11
1735737981, 74, 24, 41, 0, 0, 0.17%, 7, 0, 8, 140.87
1735737991, 75, 10, 41, 0, 0, 0.17%, 7, 0, 8, 135.66
1735737996, 75, 12, 41, 0, 0, 0.17%, 7, 0, 8, 134.11
1735738002, 75, 13, 41, 0, 0, 0.17%, 7, 0, 8, 137.75
1735738007, 75, 14, 41, 0, 0, 0.17%, 7, 0, 8, 134.19
1735738012, 75, 21, 41, 0, 0, 0.17%, 7, 0, 8, 158.28
1735738017, 75, 24, 41, 0, 0, 0.17%, 7, 0, 8, 154.70
1735738027, 75, 38, 41, 0, 0, 0.17%, 7, 0, 8, 151.73
1735738037, 75, 39, 41, 0, 0, 0.17%, 7, 0, 8, 156.58
1735738047, 75, 40, 41, 0, 0, 0.17%, 7, 0, 8, 164.38
1735738052, 76, 11, 41, 0, 0, 0.17%, 7, 0, 8, 149.03
1735738058, 76, 12, 41, 0, 0, 0.17%, 7, 0, 8, 142.04
1735738063, 76, 24, 41, 0, 0, 0.17%, 7, 0, 8, 142.10
1735738068, 77, 10, 41, 0, 0, 0.17%, 7, 0, 8, 133.56
1735738073, 77, 12, 41, 0, 0, 0.17%, 7, 0, 8, 140.52
1735738078, 77, 24, 41, 0, 0, 0.17%, 7, 0, 8, 145.07
1735738089, 77, 39, 41, 0, 0, 0.17%, 7, 0, 8, 153.21
1735738099, 78, 11, 41, 0, 0, 0.17%, 7, 0, 8, 145.85
1735738104, 78, 24, 41, 0, 0, 0.17%, 7, 0, 8, 149.39
1735738114, 79, 10, 41, 0, 0, 0.17%, 7, 0, 8, 138.93
1735738119, 79, 12, 41, 0, 0, 0.17%, 7, 0, 8, 139.39
1735738124, 79, 24, 41, 0, 0, 0.17%, 7, 0, 8, 145.21
1735738129, 79, 38, 41, 0, 0, 0.17%, 7, 0, 8, 138.17
1735738139, 80, 10, 41, 0, 0, 0.17%, 7, 0, 8, 141.45
1735738145, 80, 12, 41, 0, 0, 0.17%, 7, 0, 8, 135.60
1735738150, 80, 24, 41, 0, 0, 0.17%, 7, 0, 8, 137.16
1735738160, 81, 11, 41, 0, 0, 0.17%, 7, 0, 8, 141.25
1735738165, 81, 24, 41, 0, 0, 0.17%, 7, 0, 8, 144.12
1735738175, 81, 37, 41, 0, 0, 0.17%, 7, 0, 8, 148.43
1735738186, 82, 11, 41, 0, 0, 0.17%, 7, 0, 8, 142.04
1735738191, 82, 12, 41, 0, 0, 0.17%, 7, 0, 8, 136.79
1735738196, 82, 14, 41, 0, 0, 0.17%, 7, 0, 8, 138.12
1735738201, 82, 24, 41, 0, 0, 0.17%, 7, 0, 8, 143.37
1735738206, 82, 30, 41, 0, 0, 0.17%, 7, 0, 8, 145.47
1735738212, 82, 33, 41, 0, 0, 0.17%, 7, 0, 8, 155.44
1735738217, 83, 3, 41, 0, 0, 0.17%, 7, 0, 8, 152.44
1735738222, 83, 10, 41, 0, 0, 0.17%, 7, 0, 8, 146.03
1735738227, 83, 12, 41, 0, 0, 0.17%, 7, 0, 8, 138.82
1735738232, 83, 19, 41, 0, 0, 0.17%, 7, 0, 8, 134.29
1735738237, 83, 24, 41, 0, 0, 0.17%, 7, 0, 8, 142.58
1735738242, 83, 36, 41, 0, 0, 0.17%, 7, 0, 8, 158.10
1735738252, 84, 10, 41, 0, 0, 0.17%, 7, 0, 8, 148.36
1735738257, 84, 12, 41, 0, 0, 0.17%, 7, 0, 8, 146.28
1735738263, 84, 18, 41, 0, 0, 0.17%, 7, 0, 8, 136.19
1735738268, 84, 24, 41, 0, 0, 0.17%, 7, 0, 8, 146.99
1735738278, 84, 32, 41, 0, 0, 0.17%, 7, 0, 8, 144.95
1735738283, 85, 10, 41, 0, 0, 0.17%, 7, 0, 8, 136.16
1735738288, 85, 12, 41, 0, 0, 0.17%, 7, 0, 8, 134.63
1735738293, 85, 23, 41, 0, 0, 0.17%, 7, 0, 8, 146.29
1735738299, 85, 24, 41, 0, 0, 0.17%, 7, 0, 8, 149.41
1735738304, 85, 31, 41, 0, 0, 0.17%, 7, 0, 8, 149.47
1735738309, 86, 1, 41, 0, 0, 0.17%, 7, 0, 8, 141.76
1735738314, 86, 11, 41, 0, 0, 0.17%, 7, 0, 8, 145.83
1735738319, 86, 12, 41, 0, 0, 0.17%, 7, 0, 8, 139.27
1735738325, 86, 24, 41, 0, 0, 0.17%, 7, 0, 8, 146.13
1735738335, 86, 25, 41, 0, 0, 0.17%, 7, 0, 8, 133.32
1735738340, 86, 37, 41, 0, 0, 0.17%, 7, 0, 8, 149.32
1735738350, 87, 10, 41, 0, 0, 0.17%, 7, 0, 8, 139.40
1735738355, 87, 12, 41, 0, 0, 0.17%, 7, 0, 8, 132.77
1735738360, 87, 19, 41, 0, 0, 0.17%, 7, 0, 8, 136.18
1735738366, 87, 24, 41, 0, 0, 0.17%, 7, 0, 8, 143.72
1735738371, 88, 5, 41, 0, 0, 0.17%, 7, 0, 8, 143.28
1735738376, 88, 10, 41, 0, 0, 0.17%, 7, 0, 8, 143.42
1735738381, 88, 12, 41, 0, 0, 0.17%, 7, 0, 8, 140.75
1735738386, 88, 23, 41, 0, 0, 0.17%, 7, 0, 8, 134.41
1735738391, 88, 24, 41, 0, 0, 0.17%, 7, 0, 8, 142.57
1735738397, 88, 25, 41, 0, 0, 0.17%, 7, 0, 8, 140.50
1735738402, 88, 26, 41, 0, 0, 0.17%, 7, 0, 8, 147.28
1735738407, 88, 37, 41, 0, 0, 0.17%, 7, 0, 8, 150.26
1735738422, 89, 11, 41, 0, 0, 0.17%, 7, 0, 8, 140.60
1735738427, 89, 19, 41, 0, 0, 0.17%, 7, 0, 8, 139.71
1735738432, 89, 20, 41, 0, 0, 0.17%, 7, 0, 8, 133.64
1735738437, 89, 23, 41, 0, 0, 0.17%, 7, 0, 8, 149.60
1735738442, 89, 24, 41, 0, 0, 0.17%, 7, 0, 8, 139.51
1735738453, 90, 7, 41, 0, 0, 0.17%, 7, 0, 8, 143.51
1735738458, 90, 11, 41, 0, 0, 0.17%, 7, 0, 8, 143.11
1735738463, 90, 12, 41, 0, 0, 0.17%, 7, 0, 8, 139.20
1735738468, 90, 14, 41, 0, 0, 0.17%, 7, 0, 8, 133.75
1735738473, 90, 24, 41, 0, 0, 0.17%, 7, 0, 8, 141.83
1735738478, 91, 10, 41, 0, 0, 0.17%, 7, 0, 8, 139.62
1735738483, 91, 12, 41, 0, 0, 0.17%, 7, 0, 8, 137.17
1735738489, 91, 24, 41, 0, 0, 0.17%, 7, 0, 8, 141.42
1735738494, 92, 10, 41, 0, 0, 0.17%, 7, 0, 8, 137.18
1735738499, 92, 12, 41, 0, 0, 0.17%, 7, 0, 8, 139.16
1735738504, 92, 24, 41, 0, 0, 0.17%, 7, 0, 8, 142.03
1735738514, 92, 35, 41, 0, 0, 0.17%, 7, 0, 8, 156.86
1735738519, 93, 6, 41, 0, 0, 0.17%, 7, 0, 8, 149.60
1735738524, 93, 11, 41, 0, 0, 0.17%, 7, 0, 8, 139.12
1735738529, 93, 24, 41, 0, 0, 0.17%, 7, 0, 8, 138.98
1735738539, 94, 10, 41, 0, 0, 0.17%, 7, 0, 8, 138.02
1735738544, 94, 12, 41, 0, 0, 0.17%, 7, 0, 8, 135.57
1735738550, 94, 17, 41, 0, 0, 0.17%, 7, 0, 8, 158.93
1735738555, 94, 24, 41, 0, 0, 0.17%, 7, 0, 8, 150.30
1735738560, 95, 10, 41, 0, 0, 0.17%, 7, 0, 8, 141.49
1735738565, 95, 12, 41, 0, 0, 0.17%, 7, 0, 8, 137.38
1735738570, 95, 24, 41, 0, 0, 0.17%, 7, 0, 8, 142.37
1735738580, 96, 10, 41, 0, 0, 0.17%, 7, 0, 8, 137.89
1735738585, 96, 12, 41, 0, 0, 0.17%, 7, 0, 8, 144.38
1735738590, 96, 21, 41, 0, 0, 0.17%, 7, 0, 8, 145.39
1735738595, 96, 24, 41, 0, 0, 0.17%, 7, 0, 8, 142.13
1735738601, 97, 10, 41, 0, 0, 0.17%, 7, 0, 8, 139.93
1735738606, 97, 12, 41, 0, 0, 0.17%, 7, 0, 8, 139.28
1735738611, 97, 24, 41, 0, 0, 0.17%, 7, 0, 8, 153.85
1735738616, 97, 30, 41, 0, 0, 0.17%, 7, 0, 8, 137.43
1735738627, 97, 34, 41, 0, 0, 0.17%, 7, 0, 8, 154.31
1735738637, 98, 11, 41, 0, 0, 0.17%, 7, 0, 8, 142.02
1735738642, 98, 12, 41, 0, 0, 0.17%, 7, 0, 8, 137.84
1735738647, 98, 24, 41, 0, 0, 0.17%, 7, 0, 8, 136.79
1735738652, 99, 10, 41, 0, 0, 0.17%, 7, 0, 8, 147.03
1735738657, 99, 12, 41, 0, 0, 0.17%, 7, 0, 8, 141.53
1735738662, 99, 20, 41, 0, 0, 0.17%, 7, 0, 8, 152.55
1735738668, 99, 24, 41, 0, 0, 0.17%, 7, 0, 8, 147.16
1735738678, 100, 11, 41, 0, 0, 0.17%, 7, 0, 8, 142.00
1735738683, 100, 12, 41, 0, 0, 0.17%, 7, 0, 8, 139.75
1735738688, 100, 13, 41, 0, 0, 0.17%, 7, 0, 8, 144.94
1735738693, 100, 24, 41, 0, 0, 0.17%, 7, 0, 8, 140.99
1735738698, 101, 10, 41, 0, 0, 0.17%, 7, 0, 8, 141.86
1735738703, 101, 12, 41, 0, 0, 0.17%, 7, 0, 8, 143.55
1735738709, 101, 15, 41, 0, 0, 0.17%, 7, 0, 8, 147.33
1735738714, 101, 24, 41, 0, 0, 0.17%, 7, 0, 8, 140.09
1735738724, 101, 25, 41, 0, 0, 0.17%, 7, 0, 8, 147.80
1735738729, 101, 32, 41, 0, 0, 0.17%, 7, 0, 8, 155.68
1735738734, 102, 10, 41, 0, 0, 0.17%, 7, 0, 8, 138.55
1735738739, 102, 12, 41, 0, 0, 0.17%, 7, 0, 8, 137.84
1735738745, 102, 24, 41, 0, 0, 0.17%, 7, 0, 8, 148.25
1735738750, 103, 1, 41, 0, 0, 0.17%, 7, 0, 8, 139.53
1735738755, 103, 11, 41, 0, 0, 0.17%, 7, 0, 8, 138.52
1735738760, 103, 12, 41, 0, 0, 0.17%, 7, 0, 8, 134.40
1735738765, 103, 18, 41, 0, 0, 0.17%, 7, 0, 8, 141.21
1735738770, 103, 24, 41, 0, 0, 0.17%, 7, 0, 8, 147.01
1735738775, 104, 0, 41, 0, 0, 0.17%, 7, 0, 8, 140.27
1735738780, 104, 8, 41, 0, 0, 0.17%, 7, 0, 8, 143.74
1735738785, 104, 11, 41, 0, 0, 0.17%, 7, 0, 8, 136.75
1735738791, 104, 12, 41, 0, 0, 0.17%, 7, 0, 8, 134.05
1735738796, 104, 16, 41, 0, 0, 0.17%, 7, 0, 8, 137.80
1735738801, 104, 24, 41, 0, 0, 0.17%, 7, 0, 8, 134.28
1735738806, 105, 10, 41, 0, 0, 0.17%, 7, 0, 8, 141.85
1735738811, 105, 12, 41, 0, 0, 0.17%, 7, 0, 8, 134.58
1735738816, 105, 22, 41, 0, 0, 0.17%, 7, 0, 8, 160.91
1735738821, 105, 24, 41, 0, 0, 0.17%, 7, 0, 8, 143.19
1735738826, 106, 5, 41, 0, 0, 0.17%, 7, 0, 8, 142.44
1735738832, 106, 11, 41, 0, 0, 0.17%, 7, 0, 8, 136.97
1735738837, 106, 24, 41, 0, 0, 0.17%, 7, 0, 8, 138.93
1735738847, 106, 26, 41, 0, 0, 0.17%, 7, 0, 8, 152.31
1735738852, 106, 36, 41, 0, 0, 0.17%, 7, 0, 8, 168.14
1735738863, 107, 11, 41, 0, 0, 0.17%, 7, 0, 8, 140.31
1735738868, 107, 12, 41, 0, 0, 0.17%, 7, 0, 8, 135.50
1735738873, 107, 24, 41, 0, 0, 0.17%, 7, 0, 8, 142.12
1735738878, 108, 10, 41, 0, 0, 0.17%, 7, 0, 8, 131.98
1735738883, 108, 12, 41, 0, 0, 0.17%, 7, 0, 8, 139.65
1735738888, 108, 24, 41, 0, 0, 0.17%, 7, 0, 8, 141.85
1735738899, 108, 35, 41, 0, 0, 0.17%, 7, 0, 8, 151.18
1735738909, 109, 11, 41, 0, 0, 0.17%, 7, 0, 8, 137.13
1735738914, 109, 12, 41, 0, 0, 0.17%, 7, 0, 8, 136.24
1735738919, 109, 21, 41, 0, 0, 0.17%, 7, 0, 8, 155.18
1735738924, 109, 22, 41, 0, 0, 0.17%, 7, 0, 8, 152.60
1735738929, 109, 24, 41, 0, 0, 0.17%, 7, 0, 8, 151.22
1735738934, 109, 34, 41, 0, 0, 0.17%, 7, 0, 8, 150.55
1735738944, 110, 0, 41, 0, 0, 0.17%, 7, 0, 8, 145.53
1735738950, 110, 11, 41, 0, 0, 0.17%, 7, 0, 8, 144.47
1735738955, 110, 12, 41, 0, 0, 0.17%, 7, 0, 8, 135.92
1735738960, 110, 24, 41, 0, 0, 0.17%, 7, 0, 8, 138.21
1735738965, 110, 30, 41, 0, 0, 0.17%, 7, 0, 8, 145.48
1735738970, 110, 32, 41, 0, 0, 0.17%, 7, 0, 8, 154.20
1735738980, 111, 10, 41, 0, 0, 0.17%, 7, 0, 8, 134.43
1735738985, 111, 12, 41, 0, 0, 0.17%, 7, 0, 8, 139.22
1735738991, 111, 21, 41, 0, 0, 0.17%, 7, 0, 8, 157.17
1735738996, 111, 24, 41, 0, 0, 0.17%, 7, 0, 8, 142.23
1735739001, 111, 40, 41, 0, 0, 0.17%, 7, 0, 8, 158.03
1735739006, 112, 10, 41, 0, 0, 0.17%, 7, 0, 8, 145.43
1735739011, 112, 12, 41, 0, 0, 0.17%, 7, 0, 8, 136.49
1735739016, 112, 18, 41, 0, 0, 0.17%, 7, 0, 8, 136.06
1735739021, 112, 24, 41, 0, 0, 0.17%, 7, 0, 8, 139.41
1735739031, 113, 11, 41, 0, 0, 0.17%, 7, 0, 8, 141.60
1735739037, 113, 12, 41, 0, 0, 0.17%, 7, 0, 8, 140.14
1735739042, 113, 24, 41, 0, 0, 0.17%, 7, 0, 8, 139.55
1735739047, 113, 29, 41, 0, 0, 0.17%, 7, 0, 8, 139.48
1735739052, 113, 35, 41, 0, 0, 0.17%, 7, 0, 8, 153.09
1735739062, 114, 11, 41, 0, 0, 0.17%, 7, 0, 8, 142.92
1735739067, 114, 12, 41, 0, 0, 0.17%, 7, 0, 8, 137.56
1735739072, 114, 24, 41, 0, 0, 0.17%, 7, 0, 8, 155.46
1735739082, 115, 10, 41, 0, 0, 0.17%, 7, 0, 8, 137.45
1735739087, 115, 12, 41, 0, 0, 0.17%, 7, 0, 8, 142.30
1735739093, 115, 24, 41, 0, 0, 0.17%, 7, 0, 8, 140.94
1735739103, 115, 34, 41, 0, 0, 0.17%, 7, 0, 8, 149.62
1735739118, 116, 11, 41, 0, 0, 0.17%, 7, 0, 8, 142.69
1735739123, 116, 12, 41, 0, 0, 0.17%, 7, 0, 8, 139.43
1735739128, 116, 13, 41, 0, 0, 0.17%, 7, 0, 8, 132.24
1735739134, 116, 24, 41, 0, 0, 0.17%, 7, 0, 8, 141.16
1735739139, 117, 10, 41, 0, 0, 0.17%, 7, 0, 8, 136.70
1735739144, 117, 12, 41, 0, 0, 0.17%, 7, 0, 8, 140.98
1735739149, 117, 17, 41, 0, 0, 0.17%, 7, 0, 8, 162.70
1735739154, 117, 19, 41, 0, 0, 0.17%, 7, 0, 8, 144.81
1735739159, 117, 24, 41, 0, 0, 0.17%, 7, 0, 8, 141.31
1735739165, 118, 10, 41, 0, 0, 0.17%, 7, 0, 8, 136.21
1735739170, 118, 12, 41, 0, 0, 0.17%, 7, 0, 8, 141.69
1735739175, 118, 24, 41, 0, 0, 0.17%, 7, 0, 8, 143.99
1735739180, 118, 36, 41, 0, 0, 0.17%, 7, 0, 8, 148.09
1735739190, 119, 4, 41, 0, 0, 0.17%, 7, 0, 8, 156.52
1735739195, 119, 11, 41, 0, 0, 0.17%, 7, 0, 8, 140.11
1735739200, 119, 24, 41, 0, 0, 0.17%, 7, 0, 8, 151.67
1735739211, 120, 10, 41, 0, 0, 0.17%, 7, 0, 8, 137.97
1735739216, 120, 12, 41, 0, 0, 0.17%, 7, 0, 8, 138.01
1735739221, 120, 24, 41, 0, 0, 0.17%, 7, 0, 8, 145.39
1735739231, 121, 10, 41, 0, 0, 0.17%, 7, 0, 8, 143.19
1735739236, 121, 12, 41, 0, 0, 0.17%, 7, 0, 8, 147.21
1735739241, 121, 15, 41, 0, 0, 0.17%, 7, 0, 8, 146.85
1735739246, 121, 18, 41, 0, 0, 0.17%, 7, 0, 8, 138.10
1735739252, 121, 24, 41, 0, 0, 0.17%, 7, 0, 8, 142.81
1735739257, 122, 0, 41, 0, 0, 0.17%, 7, 0, 8, 136.45
1735739262, 122, 7, 41, 0, 0, 0.17%, 7, 0, 8, 138.34
1735739267, 122, 11, 41, 0, 0, 0.17%, 7, 0, 8, 137.46
1735739272, 122, 18, 41, 0, 0, 0.17%, 7, 0, 8, 138.27
1735739277, 122, 22, 41, 0, 0, 0.17%, 7, 0, 8, 141.83
1735739283, 122, 24, 41, 0, 0, 0.17%, 7, 0, 8, 149.96
1735739293, 122, 28, 41, 0, 0, 0.17%, 7, 0, 8, 143.26
1735739298, 122, 31, 41, 0, 0, 0.17%, 7, 0, 8, 144.17
1735739303, 123, 10, 41, 0, 0, 0.17%, 7, 0, 8, 138.47
1735739308, 123, 12, 41, 0, 0, 0.17%, 7, 0, 8, 134.90
1735739313, 123, 24, 41, 0, 0, 0.17%, 7, 0, 8, 145.80
1735739323, 123, 25, 41, 0, 0, 0.17%, 7, 0, 8, 142.37
1735739329, 123, 39, 41, 0, 0, 0.17%, 7, 0, 8, 158.50
1735739334, 124, 4, 41, 0, 0, 0.17%, 7, 0, 8, 156.47
1735739339, 124, 11, 41, 0, 0, 0.17%, 7, 0, 8, 146.27
1735739344, 124, 24, 41, 0, 0, 0.17%, 7, 0, 8, 139.88
1735739354, 125, 10, 41, 0, 0, 0.17%, 7, 0, 8, 141.93
1735739359, 125, 12, 41, 0, 0, 0.17%, 7, 0, 8, 134.16
1735739364, 125, 21, 41, 0, 0, 0.17%, 7, 0, 8, 149.53
1735739369, 125, 24, 41, 0, 0, 0.17%, 7, 0, 8, 152.32
1735739375, 126, 0, 41, 0, 0, 0.17%, 7, 0, 8, 142.86
1735739380, 126, 11, 41, 0, 0, 0.17%, 7, 0, 8, 137.59
1735739385, 126, 17, 41, 0, 0, 0.17%, 7, 0, 8, 136.24
1735739390, 126, 24, 41, 0, 0, 0.17%, 7, 0, 8, 157.90
1735739400, 126, 35, 41, 0, 0, 0.17%, 7, 0, 8, 159.57
1735739405, 126, 36, 41, 0, 0, 0.17%, 7, 0, 8, 166.88
1735739415, 127, 0, 41, 0, 0, 0.17%, 7, 0, 8, 137.85
1735739420, 127, 11, 41, 0, 0, 0.17%, 7, 0, 8, 135.89
1735739425, 127, 12, 41, 0, 0, 0.17%, 7, 0, 8, 133.32
1735739431, 127, 24, 41, 0, 0, 0.17%, 7, 0, 8, 138.43
1735739436, 128, 9, 41, 0, 0, 0.17%, 7, 0, 8, 142.32
1735739441, 128, 11, 41, 0, 0, 0.17%, 7, 0, 8, 138.97
1735739446, 128, 24, 41, 0, 0, 0.17%, 7, 0, 8, 137.63
1735739456, 128, 25, 41, 0, 0, 0.17%, 7, 0, 8, 142.84
1735739462, 129, 11, 41, 0, 0, 0.17%, 7, 0, 8, 142.19
1735739467, 129, 12, 41, 0, 0, 0.17%, 7, 0, 8, 136.41
1735739472, 129, 24, 41, 0, 0, 0.17%, 7, 0, 8, 140.65
1735739477, 129, 40, 41, 0, 0, 0.17%, 7, 0, 8, 161.28
1735739482, 130, 11, 41, 0, 0, 0.17%, 7, 0, 8, 143.48
1735739487, 130, 12, 41, 0, 0, 0.17%, 7, 0, 8, 141.13
1735739492, 130, 21, 41, 0, 0, 0.17%, 7, 0, 8, 140.33
1735739497, 130, 24, 41, 0, 0, 0.17%, 7, 0, 8, 145.22
1735739503, 130, 38, 41, 0, 0, 0.17%, 7, 0, 8, 147.37
1735739513, 131, 1, 41, 0, 0, 0.17%, 7, 0, 8, 147.44
1735739518, 131, 11, 41, 0, 0, 0.17%, 7, 0, 8, 137.76
1735739523, 131, 24, 41, 0, 0, 0.17%, 7, 0, 8, 138.65
1735739533, 132, 10, 41, 0, 0, 0.17%, 7, 0, 8, 140.51
1735739538, 132, 12, 41, 0, 0, 0.17%, 7, 0, 8, 136.66
1735739543, 132, 24, 41, 0, 0, 0.17%, 7, 0, 8, 141.42
1735739553, 133, 10, 41, 0, 0, 0.17%, 7, 0, 8, 138.83
1735739559, 133, 12, 41, 0, 0, 0.17%, 7, 0, 8, 144.02
1735739564, 133, 24, 41, 0, 0, 0.17%, 7, 0, 8, 147.57
1735739569, 133, 27, 41, 0, 0, 0.17%, 7, 0, 8, 145.58
1735739574, 134, 7, 41, 0, 0, 0.17%, 7, 0, 8, 147.01
1735739579, 134, 11, 41, 0, 0, 0.17%, 7, 0, 8, 133.54
1735739584, 134, 24, 41, 0, 0, 0.17%, 7, 0, 8, 139.87
1735739595, 134, 31, 41, 0, 0, 0.17%, 7, 0, 8, 135.48
1735739600, 135, 10, 41, 0, 0, 0.17%, 7, 0, 8, 140.73
1735739605, 135, 12, 41, 0, 0, 0.17%, 7, 0, 8, 138.41
1735739610, 135, 24, 41, 0, 0, 0.17%, 7, 0, 8, 143.28
1735739615, 135, 35, 41, 0, 0, 0.17%, 7, 0, 8, 146.30
1735739620, 136, 1, 41, 0, 0, 0.17%, 7, 0, 8, 145.37
1735739625, 136, 11, 41, 0, 0, 0.17%, 7, 0, 8, 142.15
1735739630, 136, 12, 41, 0, 0, 0.17%, 7, 0, 8, 137.91
1735739636, 136, 15, 41, 0, 0, 0.17%, 7, 0, 8, 149.38
1735739641, 136, 24, 41, 0, 0, 0.17%, 7, 0, 8, 149.74
1735739646, 136, 28, 41, 0, 0, 0.17%, 7, 0, 8, 134.20
1735739651, 137, 10, 41, 0, 0, 0.17%, 7, 0, 8, 134.56
1735739656, 137, 12, 41, 0, 0, 0.17%, 7, 0, 8, 130.91
1735739661, 137, 18, 41, 0, 0, 0.17%, 7, 0, 8, 143.32
1735739666, 137, 24, 41, 0, 0, 0.17%, 7, 0, 8, 148.32
1735739671, 138, 10, 41, 0, 0, 0.17%, 7, 0, 8, 138.67
1735739676, 138, 12, 41, 0, 0, 0.17%, 7, 0, 8, 136.49
1735739681, 138, 16, 41, 0, 0, 0.17%, 7, 0, 8, 145.88
1735739687, 138, 24, 41, 0, 0, 0.17%, 7, 0, 8, 145.61
1735739697, 139, 11, 41, 0, 0, 0.17%, 7, 0, 8, 137.31
1735739702, 139, 24, 41, 0, 0, 0.17%, 7, 0, 8, 142.84
1735739712, 139, 26, 41, 0, 0, 0.17%, 7, 0, 8, 148.19
1735739718, 140, 10, 41, 0, 0, 0.17%, 7, 0, 8, 141.63
1735739723, 140, 12, 41, 0, 0, 0.17%, 7, 0, 8, 136.38
1735739728, 140, 13, 41, 0, 0, 0.17%, 7, 0, 8, 141.95
1735739733, 140, 24, 41, 0, 0, 0.17%, 7, 0, 8, 141.60
1735739743, 141, 11, 41, 0, 0, 0.17%, 7, 0, 8, 139.82
1735739748, 141, 12, 41, 0, 0, 0.17%, 7, 0, 8, 130.11
1735739753, 141, 17, 41, 0, 0, 0.17%, 7, 0, 8, 146.32
1735739758, 141, 24, 41, 0, 0, 0.17%, 7, 0, 8, 151.99
1735739764, 141, 29, 41, 0, 0, 0.17%, 7, 0, 8, 136.85
1735739769, 142, 10, 41, 0, 0, 0.17%, 7, 0, 8, 133.83
1735739774, 142, 12, 41, 0, 0, 0.17%, 7, 0, 8, 136.96
1735739779, 142, 18, 41, 0, 0, 0.17%, 7, 0, 8, 141.17
1735739784, 142, 22, 41, 0, 0, 0.17%, 7, 0, 8, 158.01
1735739789, 142, 24, 41, 0, 0, 0.17%, 7, 0, 8, 156.90
1735739799, 143, 11, 41, 0, 0, 0.17%, 7, 0, 8, 145.55
1735739804, 143, 12, 41, 0, 0, 0.17%, 7, 0, 8, 136.97
1735739809, 143, 17, 41, 0, 0, 0.17%, 7, 0, 8, 153.58
1735739814, 143, 21, 41, 0, 0, 0.17%, 7, 0, 8, 150.95
1735739819, 143, 24, 41, 0, 0, 0.17%, 7, 0, 8, 147.99
1735739824, 143, 31, 41, 0, 0, 0.17%, 7, 0, 8, 151.18
1735739830, 144, 10, 41, 0, 0, 0.17%, 7, 0, 8, 128.00
1735739835, 144, 12, 41, 0, 0, 0.17%, 7, 0, 8, 141.01
1735739840, 144, 24, 41, 0, 0, 0.17%, 7, 0, 8, 135.61
1735739850, 144, 27, 41, 0, 0, 0.17%, 7, 0, 8, 147.24
1735739855, 144, 29, 41, 0, 0, 0.17%, 7, 0, 8, 147.19
1735739860, 144, 36, 41, 0, 0, 0.17%, 7, 0, 8, 160.85
1735739870, 144, 40, 41, 0, 0, 0.17%, 7, 0, 8, 165.78
1735739875, 145, 11, 41, 0, 0, 0.17%, 7, 0, 8, 148.72
1735739880, 145, 12, 41, 0, 0, 0.17%, 7, 0, 8, 139.33
1735739886, 145, 16, 41, 0, 0, 0.17%, 7, 0, 8, 142.14
1735739891, 145, 24, 41, 0, 0, 0.17%, 7, 0, 8, 137.95
1735739896, 146, 10, 41, 0, 0, 0.17%, 7, 0, 8, 135.49
1735739901, 146, 12, 41, 0, 0, 0.17%, 7, 0, 8, 132.32
1735739906, 146, 20, 41, 0, 0, 0.17%, 7, 0, 8, 150.05
1735739911, 146, 23, 41, 0, 0, 0.17%, 7, 0, 8, 137.78
1735739917, 146, 24, 41, 0, 0, 0.17%, 7, 0, 8, 144.08
1735739922, 146, 31, 41, 0, 0, 0.17%, 7, 0, 8, 139.78
1735739927, 147, 10, 41, 0, 0, 0.17%, 7, 0, 8, 141.58
1735739932, 147, 12, 41, 0, 0, 0.17%, 7, 0, 8, 138.78
1735739937, 147, 19, 41, 0, 0, 0.17%, 7, 0, 8, 139.69
1735739942, 147, 24, 41, 0, 0, 0.17%, 7, 0, 8, 143.56
1735739952, 148, 11, 41, 0, 0, 0.17%, 7, 0, 8, 134.98
1735739958, 148, 12, 41, 0, 0, 0.17%, 7, 0, 8, 142.04
1735739963, 148, 24, 41, 0, 0, 0.17%, 7, 0, 8, 149.12
1735739968, 148, 39, 41, 0, 0, 0.17%, 7, 0, 8, 160.08
1735739978, 149, 11, 41, 0, 0, 0.17%, 7, 0, 8, 138.06
1735739983, 149, 12, 41, 0, 0, 0.17%, 7, 0, 8, 142.25
1735739988, 149, 24, 41, 0, 0, 0.17%, 7, 0, 8, 138.39
1735739993, 149, 40, 41, 0, 0, 0.17%, 7, 0, 8, 162.00
1735739998, 150, 10, 41, 0, 0, 0.17%, 7, 0, 8, 144.34
1735740004, 150, 12, 41, 0, 0, 0.17%, 7, 0, 8, 141.19
1735740009, 150, 24, 41, 0, 0, 0.17%, 7, 0, 8, 145.54
1735740019, 150, 31, 41, 0, 0, 0.17%, 7, 0, 8, 134.11
1735740024, 151, 11, 41, 0, 0, 0.17%, 7, 0, 8, 141.27
1735740029, 151, 12, 41, 0, 0, 0.17%, 7, 0, 8, 143.47
1735740034, 151, 24, 41, 0, 0, 0.17%, 7, 0, 8, 159.26
1735740044, 151, 31, 41, 0, 0, 0.17%, 7, 0, 8, 148.24
1735740050, 151, 36, 41, 0, 0, 0.17%, 7, 0, 8, 170.72
1735740060, 152, 10, 41, 0, 0, 0.17%, 7, 0, 8, 135.23
1735740065, 152, 12, 41, 0, 0, 0.17%, 7, 0, 8, 135.82
1735740070, 152, 13, 41, 0, 0, 0.17%, 7, 0, 8, 136.67
1735740075, 152, 24, 41, 0, 0, 0.17%, 7, 0, 8, 147.31
1735740085, 152, 31, 41, 0, 0, 0.17%, 7, 0, 8, 143.61
1735740090, 152, 33, 41, 0, 0, 0.17%, 7, 0, 8, 152.97
1735740095, 153, 11, 41, 0, 0, 0.17%, 7, 0, 8, 141.22
1735740101, 153, 24, 41, 0, 0, 0.17%, 7, 0, 8, 140.67
1735740111, 154, 11, 41, 0, 0, 0.17%, 7, 0, 8, 138.21
1735740116, 154, 12, 41, 0, 0, 0.17%, 7, 0, 8, 138.43
1735740121, 154, 17, 41, 0, 0, 0.17%, 7, 0, 8, 154.32
1735740126, 154, 24, 41, 0, 0, 0.17%, 7, 0, 8, 150.56
1735740131, 155, 10, 41, 0, 0, 0.17%, 7, 0, 8, 142.12
1735740137, 155, 12, 41, 0, 0, 0.17%, 7, 0, 8, 141.47
1735740142, 155, 24, 41, 0, 0, 0.17%, 7, 0, 8, 143.62
1735740147, 156, 9, 41, 0, 0, 0.17%, 7, 0, 8, 135.26
1735740152, 156, 11, 41, 0, 0, 0.17%, 7, 0, 8, 140.80
1735740157, 156, 24, 41, 0, 0, 0.17%, 7, 0, 8, 147.00
1735740167, 157, 11, 41, 0, 0, 0.17%, 7, 0, 8, 142.83
1735740172, 157, 12, 41, 0, 0, 0.17%, 7, 0, 8, 141.77
1735740178, 157, 24, 41, 0, 0, 0.17%, 7, 0, 8, 137.67
1735740183, 158, 4, 41, 0, 0, 0.17%, 7, 0, 8, 139.65
1735740188, 158, 11, 41, 0, 0, 0.17%, 7, 0, 8, 141.89
1735740193, 158, 13, 41, 0, 0, 0.17%, 7, 0, 8, 137.49
1735740198, 158, 16, 41, 0, 0, 0.17%, 7, 0, 8, 147.21
1735740203, 158, 24, 41, 0, 0, 0.17%, 7, 0, 8, 149.09
1735740213, 159, 11, 41, 0, 0, 0.17%, 7, 0, 8, 136.07
1735740218, 159, 12, 41, 0, 0, 0.17%, 7, 0, 8, 130.76
1735740224, 159, 24, 41, 0, 0, 0.17%, 7, 0, 8, 134.37
1735740229, 159, 34, 41, 0, 0, 0.17%, 7, 0, 8, 136.10
1735740244, 159, 35, 41, 0, 0, 0.17%, 7, 0, 8, 142.43
1735740249, 160, 10, 41, 0, 0, 0.17%, 7, 0, 8, 134.92
1735740254, 160, 12, 41, 0, 0, 0.17%, 7, 0, 8, 134.73
1735740259, 160, 16, 41, 0, 0, 0.17%, 7, 0, 8, 137.76
1735740264, 160, 24, 41, 0, 0, 0.17%, 7, 0, 8, 142.80
1735740270, 160, 28, 41, 0, 0, 0.17%, 7, 0, 8, 134.54
1735740275, 160, 33, 41, 0, 0, 0.17%, 7, 0, 8, 149.81
1735740280, 160, 38, 41, 0, 0, 0.17%, 7, 0, 8, 148.43
1735740295, 160, 40, 41, 0, 0, 0.17%, 7, 0, 8, 137.06
1735740300, 161, 11, 41, 0, 0, 0.17%, 7, 0, 8, 137.12
1735740306, 161, 24, 41, 0, 0, 0.17%, 7, 0, 8, 141.19
1735740316, 161, 25, 41, 0, 0, 0.17%, 7, 0, 8, 144.67
1735740321, 161, 28, 41, 0, 0, 0.17%, 7, 0, 8, 144.22
1735740326, 162, 10, 41, 0, 0, 0.17%, 7, 0, 8, 145.05
1735740331, 162, 12, 41, 0, 0, 0.17%, 7, 0, 8, 137.63
1735740336, 162, 24, 41, 0, 0, 0.17%, 7, 0, 8, 141.94
1735740342, 163, 10, 41, 0, 0, 0.17%, 7, 0, 8, 132.65
1735740347, 163, 12, 41, 0, 0, 0.17%, 7, 0, 8, 132.39
1735740352, 163, 23, 41, 0, 0, 0.17%, 7, 0, 8, 137.53
1735740357, 163, 24, 41, 0, 0, 0.17%, 7, 0, 8, 140.11
1735740367, 164, 9, 41, 0, 0, 0.17%, 7, 0, 8, 145.08
1735740373, 164, 11, 41, 0, 0, 0.17%, 7, 0, 8, 140.05
1735740378, 164, 17, 41, 0, 0, 0.17%, 7, 0, 8, 150.72
1735740383, 164, 24, 41, 0, 0, 0.17%, 7, 0, 8, 153.61
1735740393, 164, 35, 41, 0, 0, 0.17%, 7, 0, 8, 144.27
1735740398, 165, 10, 41, 0, 0, 0.17%, 7, 0, 8, 141.59
1735740403, 165, 12, 41, 0, 0, 0.17%, 7, 0, 8, 139.60
1735740408, 165, 24, 41, 0, 0, 0.17%, 7, 0, 8, 143.99
1735740418, 166, 11, 41, 0, 0, 0.17%, 7, 0, 8, 138.00
1735740423, 166, 24, 41, 0, 0, 0.17%, 7, 0, 8, 149.43
1735740433, 166, 25, 41, 0, 0, 0.17%, 7, 0, 8, 136.09
1735740438, 166, 32, 41, 0, 0, 0.17%, 7, 0, 8, 149.87
1735740444, 167, 10, 41, 0, 0, 0.17%, 7, 0, 8, 144.74
1735740449, 167, 12, 41, 0, 0, 0.17%, 7, 0, 8, 140.26
1735740454, 167, 24, 41, 0, 0, 0.17%, 7, 0, 8, 143.40
1735740464, 168, 11, 41, 0, 0, 0.17%, 7, 0, 8, 140.76
1735740469, 168, 12, 41, 0, 0, 0.17%, 7, 0, 8, 135.64
1735740474, 168, 24, 41, 0, 0, 0.17%, 7, 0, 8, 137.11
1735740479, 169, 10, 41, 0, 0, 0.17%, 7, 0, 8, 139.74
1735740484, 169, 12, 41, 0, 0, 0.17%, 7, 0, 8, 135.74
1735740490, 169, 24, 41, 0, 0, 0.17%, 7, 0, 8, 144.55
1735740495, 170, 1, 41, 0, 0, 0.17%, 7, 0, 8, 136.51
1735740500, 170, 11, 41, 0, 0, 0.17%, 7, 0, 8, 138.70
1735740505, 170, 12, 41, 0, 0, 0.17%, 7, 0, 8, 149.24
1735740510, 170, 24, 41, 0, 0, 0.17%, 7, 0, 8, 140.31
1735740515, 170, 37, 41, 0, 0, 0.17%, 7, 0, 8, 147.43
1735740526, 171, 3, 41, 0, 0, 0.17%, 7, 0, 8, 143.59
1735740531, 171, 11, 41, 0, 0, 0.17%, 7, 0, 8, 142.94
1735740536, 171, 12, 41, 0, 0, 0.17%, 7, 0, 8, 135.39
1735740541, 171, 19, 41, 0, 0, 0.17%, 7, 0, 8, 145.50
1735740551, 171, 24, 41, 0, 0, 0.17%, 7, 0, 8, 136.01
1735740556, 172, 10, 41, 0, 0, 0.17%, 7, 0, 8, 136.33
1735740562, 172, 12, 41, 0, 0, 0.17%, 7, 0, 8, 134.02
1735740567, 172, 22, 41, 0, 0, 0.17%, 7, 0, 8, 151.74
1735740572, 172, 24, 41, 0, 0, 0.17%, 7, 0, 8, 152.41
1735740577, 172, 32, 41, 0, 0, 0.17%, 7, 0, 8, 145.81
1735740587, 173, 10, 41, 0, 0, 0.17%, 7, 0, 8, 135.60
1735740592, 173, 12, 41, 0, 0, 0.17%, 7, 0, 8, 142.15
1735740597, 173, 24, 41, 0, 0, 0.17%, 7, 0, 8, 143.59
1735740608, 173, 27, 41, 0, 0, 0.17%, 7, 0, 8, 142.00
1735740613, 174, 10, 41, 0, 0, 0.17%, 7, 0, 8, 140.13
1735740618, 174, 12, 41, 0, 0, 0.17%, 7, 0, 8, 136.74
1735740623, 174, 24, 41, 0, 0, 0.17%, 7, 0, 8, 152.17
1735740628, 175, 10, 41, 0, 0, 0.17%, 7, 0, 8, 144.36
1735740633, 175, 11, 41, 0, 0, 0.17%, 7, 0, 8, 141.79
1735740638, 175, 24, 41, 0, 0, 0.17%, 7, 0, 8, 140.81
1735740649, 175, 28, 41, 0, 0, 0.17%, 7, 0, 8, 137.92
1735740654, 176, 11, 41, 0, 0, 0.17%, 7, 0, 8, 136.57
1735740659, 176, 12, 41, 0, 0, 0.17%, 7, 0, 8, 135.04
1735740664, 176, 24, 41, 0, 0, 0.17%, 7, 0, 8, 152.66
1735740669, 176, 37, 41, 0, 0, 0.17%, 7, 0, 8, 155.20
1735740680, 176, 38, 41, 0, 0, 0.17%, 7, 0, 8, 144.19
1735740690, 177, 10, 41, 0, 0, 0.17%, 7, 0, 8, 132.90
1735740695, 177, 12, 41, 0, 0, 0.17%, 7, 0, 8, 132.73
1735740700, 177, 14, 41, 0, 0, 0.17%, 7, 0, 8, 139.76
1735740705, 177, 24, 41, 0, 0, 0.17%, 7, 0, 8, 149.07
1735740715, 177, 31, 41, 0, 0, 0.17%, 7, 0, 8, 147.16
1735740720, 178, 11, 41, 0, 0, 0.17%, 7, 0, 8, 142.50
1735740725, 178, 19, 41, 0, 0, 0.17%, 7, 0, 8, 141.58
1735740731, 178, 24, 41, 0, 0, 0.17%, 7, 0, 8, 143.19
1735740741, 178, 34, 41, 0, 0, 0.17%, 7, 0, 8, 145.92
1735740751, 179, 10, 41, 0, 0, 0.17%, 7, 0, 8, 138.30
1735740756, 179, 12, 41, 0, 0, 0.17%, 7, 0, 8, 135.78
1735740761, 179, 24, 41, 0, 0, 0.17%, 7, 0, 8, 142.63
1735740767, 179, 30, 41, 0, 0, 0.17%, 7, 0, 8, 141.39
1735740777, 180, 10, 41, 0, 0, 0.17%, 7, 0, 8, 147.41
1735740782, 180, 12, 41, 0, 0, 0.17%, 7, 0, 8, 140.76
1735740787, 180, 24, 41, 0, 0, 0.17%, 7, 0, 8, 150.46
1735740792, 181, 10, 41, 0, 0, 0.17%, 7, 0, 8, 136.87
1735740797, 181, 12, 41, 0, 0, 0.17%, 7, 0, 8, 139.99
1735740802, 181, 24, 41, 0, 0, 0.17%, 7, 0, 8, 148.40
1735740808, 182, 10, 41, 0, 0, 0.17%, 7, 0, 8, 136.36
1735740813, 182, 12, 41, 0, 0, 0.17%, 7, 0, 8, 137.19
1735740823, 182, 19, 41, 0, 0, 0.17%, 7, 0, 8, 132.40
1735740828, 182, 24, 41, 0, 0, 0.17%, 7, 0, 8, 143.51
1735740833, 183, 10, 41, 0, 0, 0.17%, 7, 0, 8, 137.37
1735740839, 183, 12, 41, 0, 0, 0.17%, 7, 0, 8, 142.16
1735740844, 183, 24, 41, 0, 0, 0.17%, 7, 0, 8, 139.62
1735740854, 183, 36, 41, 0, 0, 0.17%, 7, 0, 8, 164.20
1735740864, 184, 11, 41, 0, 0, 0.17%, 7, 0, 8, 146.22
1735740869, 184, 17, 41, 0, 0, 0.17%, 7, 0, 8, 142.54
1735740874, 184, 24, 41, 0, 0, 0.17%, 7, 0, 8, 155.26
1735740884, 185, 10, 41, 0, 0, 0.17%, 7, 0, 8, 137.99
1735740890, 185, 12, 41, 0, 0, 0.17%, 7, 0, 8, 136.39
1735740895, 185, 21, 41, 0, 0, 0.17%, 7, 0, 8, 151.19
1735740900, 185, 24, 41, 0, 0, 0.17%, 7, 0, 8, 145.46
1735740910, 185, 34, 41, 0, 0, 0.17%, 7, 0, 8, 146.87
1735740920, 186, 10, 41, 0, 0, 0.17%, 7, 0, 8, 142.40
1735740925, 186, 12, 41, 0, 0, 0.17%, 7, 0, 8, 140.27
1735740930, 186, 24, 41, 0, 0, 0.17%, 7, 0, 8, 144.07
1735740941, 187, 10, 41, 0, 0, 0.17%, 7, 0, 8, 147.71
1735740946, 187, 11, 41, 0, 0, 0.17%, 7, 0, 8, 140.23
1735740951, 187, 12, 41, 0, 0, 0.17%, 7, 0, 8, 132.08
1735740956, 187, 24, 41, 0, 0, 0.17%, 7, 0, 8, 148.24
1735740966, 187, 35, 41, 0, 0, 0.17%, 7, 0, 8, 142.55
1735740971, 188, 10, 41, 0, 0, 0.17%, 7, 0, 8, 136.19
1735740976, 188, 12, 41, 0, 0, 0.17%, 7, 0, 8, 139.09
1735740981, 188, 19, 41, 0, 0, 0.17%, 7, 0, 8, 136.87
1735740986, 188, 24, 41, 0, 0, 0.17%, 7, 0, 8, 153.53
1735740992, 188, 36, 41, 0, 0, 0.17%, 7, 0, 8, 146.94
1735741002, 189, 5, 41, 0, 0, 0.17%, 7, 0, 8, 146.29
1735741007, 189, 11, 41, 0, 0, 0.17%, 7, 0, 8, 137.51
1735741012, 189, 12, 41, 0, 0, 0.17%, 7, 0, 8, 137.40
1735741017, 189, 13, 41, 0, 0, 0.17%, 7, 0, 8, 140.60
1735741022, 189, 24, 41, 0, 0, 0.17%, 7, 0, 8, 139.82
1735741027, 190, 10, 41, 0, 0, 0.17%, 7, 0, 8, 129.57
1735741033, 190, 12, 41, 0, 0, 0.17%, 7, 0, 8, 134.63
1735741038, 190, 24, 41, 0, 0, 0.17%, 7, 0, 8, 149.20
1735741048, 190, 35, 41, 0, 0, 0.17%, 7, 0, 8, 144.37
1735741053, 191, 10, 41, 0, 0, 0.17%, 7, 0, 8, 140.95
1735741058, 191, 12, 41, 0, 0, 0.17%, 7, 0, 8, 139.53
1735741063, 191, 24, 41, 0, 0, 0.17%, 7, 0, 8, 141.65
1735741069, 192, 10, 41, 0, 0, 0.17%, 7, 0, 8, 131.88
1735741074, 192, 12, 41, 0, 0, 0.17%, 7, 0, 8, 137.50
1735741079, 192, 24, 41, 0, 0, 0.17%, 7, 0, 8, 144.13
1735741089, 192, 37, 41, 0, 0, 0.17%, 7, 0, 8, 150.00
1735741099, 193, 10, 41, 0, 0, 0.17%, 7, 0, 8, 146.62
1735741104, 193, 12, 41, 0, 0, 0.17%, 7, 0, 8, 134.88
1735741109, 193, 17, 41, 0, 0, 0.17%, 7, 0, 8, 151.51
1735741114, 193, 24, 41, 0, 0, 0.17%, 7, 0, 8, 149.34
1735741119, 193, 29, 41, 0, 0, 0.17%, 7, 0, 8, 137.04
1735741125, 194, 10, 41, 0, 0, 0.17%, 7, 0, 8, 139.84
1735741130, 194, 12, 41, 0, 0, 0.17%, 7, 0, 8, 138.75
1735741135, 194, 16, 41, 0, 0, 0.17%, 7, 0, 8, 142.85
1735741140, 194, 19, 41, 0, 0, 0.17%, 7, 0, 8, 137.20
1735741145, 194, 24, 41, 0, 0, 0.17%, 7, 0, 8, 139.63
1735741150, 194, 28, 41, 0, 0, 0.17%, 7, 0, 8, 134.58
1735741155, 195, 10, 41, 0, 0, 0.17%, 7, 0, 8, 140.19
1735741160, 195, 12, 41, 0, 0, 0.17%, 7, 0, 8, 145.22
1735741166, 195, 18, 41, 0, 0, 0.17%, 7, 0, 8, 132.35
1735741171, 195, 24, 41, 0, 0, 0.17%, 7, 0, 8, 150.55
1735741181, 195, 39, 41, 0, 0, 0.17%, 7, 0, 8, 159.00
1735741191, 196, 10, 41, 0, 0, 0.17%, 7, 0, 8, 137.39
1735741196, 196, 12, 41, 0, 0, 0.17%, 7, 0, 8, 141.75
1735741201, 196, 24, 41, 0, 0, 0.17%, 7, 0, 8, 141.82
1735741211, 197, 11, 41, 0, 0, 0.17%, 7, 0, 8, 141.60
1735741217, 197, 24, 41, 0, 0, 0.17%, 7, 0, 8, 143.25
