# unix_time, cycles_done, cur_path, paths_total, pending_total, pending_favs, map_size, unique_crashes, unique_hangs, max_depth, execs_per_sec
1735104887, 0, 0, 10, 10, 1, 0.01%, 0, 0, 1, 83.07
1735104892, 0, 2, 10, 10, 1, 0.01%, 0, 0, 1, 103.33
1735104902, 0, 3, 10, 9, 0, 0.01%, 0, 0, 1, 106.74
1735104912, 0, 4, 10, 8, 0, 0.01%, 0, 0, 1, 104.30
1735104917, 0, 5, 10, 7, 0, 0.01%, 0, 0, 1, 106.13
1735104927, 0, 6, 10, 6, 0, 0.01%, 0, 0, 1, 103.06
1735104937, 0, 7, 10, 5, 0, 0.01%, 0, 0, 1, 101.43
1735104947, 0, 8, 10, 4, 0, 0.01%, 0, 0, 1, 96.15
1735104958, 0, 8, 11, 5, 0, 0.16%, 1, 0, 2, 105.14
1735104963, 0, 10, 13, 6, 1, 0.16%, 3, 0, 3, 136.46
1735104983, 0, 11, 13, 5, 2, 0.16%, 3, 0, 3, 131.60
1735104998, 0, 12, 13, 4, 1, 0.16%, 3, 0, 3, 128.27
1735105014, 1, 1, 13, 3, 0, 0.16%, 3, 0, 3, 106.74
1735105019, 1, 11, 13, 2, 0, 0.16%, 3, 0, 3, 109.57
1735105024, 1, 12, 13, 2, 0, 0.16%, 3, 0, 3, 110.32
1735105029, 2, 0, 13, 2, 0, 0.16%, 3, 0, 3, 94.11
1735105039, 2, 11, 15, 3, 0, 0.17%, 4, 0, 4, 106.66
1735105060, 2, 13, 17, 5, 1, 0.17%, 5, 0, 5, 136.25
1735105070, 2, 13, 18, 6, 1, 0.17%, 5, 0, 5, 129.21
1735105146, 2, 16, 18, 5, 2, 0.17%, 5, 0, 5, 118.06
1735105161, 2, 16, 19, 6, 2, 0.17%, 5, 0, 6, 125.21
1735105238, 2, 17, 19, 5, 1, 0.17%, 5, 0, 6, 150.81
1735105243, 2, 17, 20, 6, 1, 0.17%, 5, 0, 6, 142.67
1735105258, 2, 17, 21, 7, 1, 0.17%, 5, 0, 6, 121.23
1735105289, 2, 17, 22, 8, 1, 0.17%, 5, 0, 6, 124.48
1735105350, 2, 17, 23, 9, 1, 0.17%, 5, 0, 6, 117.93
1735105360, 3, 12, 23, 8, 0, 0.17%, 5, 0, 6, 108.08
1735105365, 3, 16, 23, 8, 0, 0.17%, 5, 0, 6, 118.97
1735105375, 3, 16, 24, 9, 0, 0.17%, 5, 0, 6, 121.37
1735105386, 3, 17, 24, 9, 0, 0.17%, 5, 0, 6, 119.33
1735105401, 3, 20, 24, 9, 0, 0.17%, 5, 0, 6, 138.69
1735105427, 3, 20, 26, 11, 0, 0.17%, 5, 0, 7, 164.57
1735105519, 3, 21, 26, 10, 0, 0.17%, 5, 0, 7, 132.43
1735105560, 3, 21, 27, 11, 0, 0.17%, 5, 0, 7, 131.00
1735105566, 4, 9, 27, 10, 0, 0.17%, 5, 0, 7, 119.23
1735105576, 4, 12, 27, 9, 0, 0.17%, 5, 0, 7, 124.66
1735105581, 4, 16, 27, 9, 0, 0.17%, 5, 0, 7, 140.01
1735105586, 4, 16, 30, 12, 0, 0.17%, 5, 0, 7, 155.74
1735105591, 4, 17, 30, 12, 0, 0.17%, 5, 0, 7, 140.03
1735105596, 4, 19, 30, 12, 0, 0.17%, 5, 0, 7, 144.87
1735105642, 5, 16, 30, 11, 0, 0.17%, 5, 0, 7, 138.93
1735105653, 5, 17, 30, 11, 0, 0.17%, 5, 0, 7, 132.43
1735105658, 5, 24, 30, 11, 0, 0.17%, 5, 0, 7, 146.29
1735105704, 6, 12, 30, 10, 0, 0.17%, 5, 0, 7, 128.58
1735105709, 6, 16, 30, 10, 0, 0.17%, 5, 0, 7, 135.94
1735105720, 6, 17, 30, 10, 0, 0.17%, 5, 0, 7, 128.19
1735105725, 6, 29, 30, 10, 0, 0.17%, 5, 0, 7, 117.23
1735105776, 6, 29, 32, 12, 0, 0.17%, 6, 0, 7, 244.70
1735105996, 7, 12, 32, 11, 0, 0.17%, 6, 0, 7, 130.88
1735106001, 7, 14, 32, 11, 0, 0.17%, 6, 0, 7, 137.44
1735106037, 7, 16, 32, 10, 0, 0.17%, 6, 0, 7, 142.63
1735106047, 7, 17, 32, 10, 0, 0.17%, 6, 0, 7, 131.61
1735106057, 7, 18, 32, 10, 0, 0.17%, 6, 0, 7, 147.51
1735106083, 7, 18, 34, 12, 0, 0.17%, 6, 0, 7, 136.32
1735106124, 7, 18, 35, 13, 0, 0.17%, 6, 0, 7, 136.99
1735106165, 7, 22, 35, 12, 0, 0.17%, 6, 0, 7, 140.30
1735106206, 7, 27, 35, 11, 0, 0.17%, 6, 0, 7, 127.06
1735106401, 7, 27, 37, 13, 0, 0.17%, 6, 0, 7, 138.88
1735106406, 7, 27, 38, 14, 0, 0.17%, 6, 0, 7, 156.19
1735106421, 7, 32, 38, 13, 0, 0.17%, 6, 0, 7, 170.86
1735106493, 8, 16, 38, 12, 0, 0.17%, 6, 0, 7, 132.50
1735106503, 8, 17, 38, 12, 0, 0.17%, 6, 0, 7, 126.57
1735106508, 8, 30, 38, 12, 0, 0.17%, 6, 0, 7, 150.94
1735106697, 8, 35, 38, 11, 0, 0.17%, 6, 0, 7, 162.69
1735106702, 8, 35, 39, 12, 0, 0.17%, 6, 0, 8, 214.19
1735106790, 8, 36, 39, 11, 0, 0.17%, 6, 0, 8, 142.52
1735106882, 8, 38, 39, 10, 0, 0.17%, 6, 0, 8, 165.85
1735106985, 9, 1, 39, 9, 0, 0.17%, 6, 0, 8, 116.76
1735106990, 9, 16, 39, 9, 0, 0.17%, 6, 0, 8, 132.63
1735107000, 9, 17, 39, 9, 0, 0.17%, 6, 0, 8, 133.98
1735107005, 9, 25, 39, 9, 0, 0.17%, 6, 0, 8, 179.37
1735107036, 9, 33, 40, 9, 0, 0.17%, 6, 0, 8, 206.51
1735107087, 9, 33, 41, 10, 0, 0.17%, 6, 0, 8, 202.72
1735107098, 9, 33, 42, 11, 0, 0.17%, 7, 0, 8, 167.76
1735107179, 9, 34, 42, 10, 0, 0.17%, 7, 0, 8, 129.49
1735107404, 9, 40, 42, 9, 0, 0.17%, 7, 0, 8, 187.90
1735107481, 10, 14, 42, 8, 0, 0.17%, 7, 0, 8, 141.98
1735107491, 10, 16, 42, 8, 0, 0.17%, 7, 0, 8, 134.47
1735107496, 10, 17, 42, 8, 0, 0.17%, 7, 0, 8, 137.47
1735107501, 10, 37, 42, 8, 0, 0.17%, 7, 0, 8, 117.47
1735107726, 10, 38, 42, 7, 0, 0.17%, 7, 0, 8, 146.22
1735107767, 10, 39, 42, 7, 0, 0.17%, 7, 0, 8, 207.37
1735107874, 11, 14, 42, 6, 0, 0.17%, 7, 0, 8, 139.12
1735107880, 11, 16, 42, 6, 0, 0.17%, 7, 0, 8, 140.73
1735107885, 11, 17, 42, 6, 0, 0.17%, 7, 0, 8, 145.66
1735107890, 11, 19, 42, 6, 0, 0.17%, 7, 0, 8, 146.27
1735107900, 11, 21, 42, 6, 0, 0.17%, 7, 0, 8, 150.93
1735107910, 11, 23, 42, 6, 0, 0.17%, 7, 0, 8, 197.46
1735107946, 11, 31, 42, 5, 0, 0.17%, 7, 0, 8, 190.20
1735108125, 12, 4, 42, 4, 0, 0.17%, 7, 0, 8, 152.68
1735108130, 12, 15, 42, 4, 0, 0.17%, 7, 0, 8, 160.26
1735108155, 12, 16, 42, 3, 0, 0.17%, 7, 0, 8, 151.80
1735108161, 12, 17, 42, 3, 0, 0.17%, 7, 0, 8, 145.64
1735108166, 12, 24, 42, 3, 0, 0.17%, 7, 0, 8, 148.09
1735108176, 12, 32, 42, 3, 0, 0.17%, 7, 0, 8, 153.57
1735108186, 12, 36, 42, 3, 0, 0.17%, 7, 0, 8, 149.75
1735108201, 13, 12, 42, 3, 0, 0.17%, 7, 0, 8, 152.84
1735108206, 13, 16, 42, 3, 0, 0.17%, 7, 0, 8, 139.69
1735108211, 13, 17, 42, 3, 0, 0.17%, 7, 0, 8, 147.59
1735108217, 13, 25, 42, 3, 0, 0.17%, 7, 0, 8, 145.85
1735108227, 14, 16, 42, 3, 0, 0.17%, 7, 0, 8, 148.42
1735108232, 14, 17, 42, 3, 0, 0.17%, 7, 0, 8, 145.60
1735108237, 14, 28, 42, 3, 0, 0.17%, 7, 0, 8, 159.57
1735108309, 14, 33, 42, 2, 0, 0.17%, 7, 0, 8, 159.73
1735108319, 15, 14, 42, 2, 0, 0.17%, 7, 0, 8, 146.53
1735108324, 15, 16, 42, 2, 0, 0.17%, 7, 0, 8, 137.11
1735108329, 15, 17, 42, 2, 0, 0.17%, 7, 0, 8, 144.27
1735108334, 15, 22, 42, 2, 0, 0.17%, 7, 0, 8, 145.07
1735108344, 16, 9, 42, 2, 0, 0.17%, 7, 0, 8, 141.31
1735108349, 16, 16, 42, 2, 0, 0.17%, 7, 0, 8, 150.50
1735108355, 16, 17, 42, 2, 0, 0.17%, 7, 0, 8, 147.85
1735108360, 16, 26, 42, 2, 0, 0.17%, 7, 0, 8, 150.37
1735108524, 16, 41, 42, 1, 0, 0.17%, 7, 0, 8, 229.77
1735108744, 17, 12, 42, 0, 0, 0.17%, 7, 0, 8, 155.67
1735108749, 17, 17, 42, 0, 0, 0.17%, 7, 0, 8, 149.59
1735108759, 18, 16, 42, 0, 0, 0.17%, 7, 0, 8, 149.80
1735108764, 18, 17, 42, 0, 0, 0.17%, 7, 0, 8, 155.68
1735108769, 19, 9, 42, 0, 0, 0.17%, 7, 0, 8, 145.69
1735108774, 19, 16, 42, 0, 0, 0.17%, 7, 0, 8, 149.15
1735108780, 19, 17, 42, 0, 0, 0.17%, 7, 0, 8, 139.77
1735108785, 20, 16, 42, 0, 0, 0.17%, 7, 0, 8, 144.27
1735108795, 21, 4, 42, 0, 0, 0.17%, 7, 0, 8, 143.25
1735108800, 21, 16, 42, 0, 0, 0.17%, 7, 0, 8, 142.04
1735108806, 21, 17, 42, 0, 0, 0.17%, 7, 0, 8, 144.01
1735108811, 22, 9, 42, 0, 0, 0.17%, 7, 0, 8, 144.55
1735108816, 22, 14, 42, 0, 0, 0.17%, 7, 0, 8, 149.54
1735108821, 22, 16, 42, 0, 0, 0.17%, 7, 0, 8, 146.94
1735108826, 22, 17, 42, 0, 0, 0.17%, 7, 0, 8, 146.74
1735108831, 23, 12, 42, 0, 0, 0.17%, 7, 0, 8, 139.06
1735108836, 23, 13, 42, 0, 0, 0.17%, 7, 0, 8, 147.32
1735108842, 23, 16, 42, 0, 0, 0.17%, 7, 0, 8, 143.93
1735108847, 23, 17, 42, 0, 0, 0.17%, 7, 0, 8, 150.34
1735108852, 23, 26, 42, 0, 0, 0.17%, 7, 0, 8, 169.36
1735108862, 23, 32, 42, 0, 0, 0.17%, 7, 0, 8, 151.55
1735108873, 24, 12, 42, 0, 0, 0.17%, 7, 0, 8, 149.21
1735108878, 24, 16, 42, 0, 0, 0.17%, 7, 0, 8, 139.33
1735108883, 24, 17, 42, 0, 0, 0.17%, 7, 0, 8, 146.98
1735108888, 24, 21, 42, 0, 0, 0.17%, 7, 0, 8, 142.18
1735108893, 24, 22, 42, 0, 0, 0.17%, 7, 0, 8, 148.12
1735108898, 25, 16, 42, 0, 0, 0.17%, 7, 0, 8, 144.87
1735108904, 25, 17, 42, 0, 0, 0.17%, 7, 0, 8, 142.62
1735108909, 25, 32, 42, 0, 0, 0.17%, 7, 0, 8, 140.33
1735108919, 25, 33, 42, 0, 0, 0.17%, 7, 0, 8, 177.37
1735108929, 25, 35, 42, 0, 0, 0.17%, 7, 0, 8, 153.74
1735108944, 25, 39, 42, 0, 0, 0.17%, 7, 0, 8, 177.06
1735108970, 26, 12, 42, 0, 0, 0.17%, 7, 0, 8, 141.85
1735108975, 26, 16, 42, 0, 0, 0.17%, 7, 0, 8, 137.26
1735108980, 26, 17, 42, 0, 0, 0.17%, 7, 0, 8, 146.04
1735108985, 26, 19, 42, 0, 0, 0.17%, 7, 0, 8, 150.26
1735108990, 27, 16, 42, 0, 0, 0.17%, 7, 0, 8, 142.92
1735108995, 27, 17, 42, 0, 0, 0.17%, 7, 0, 8, 143.08
1735109000, 28, 0, 42, 0, 0, 0.17%, 7, 0, 8, 145.82
1735109005, 28, 16, 42, 0, 0, 0.17%, 7, 0, 8, 154.80
1735109010, 28, 17, 42, 0, 0, 0.17%, 7, 0, 8, 147.80
1735109016, 28, 39, 42, 0, 0, 0.17%, 7, 0, 8, 166.59
1735109031, 29, 12, 42, 0, 0, 0.17%, 7, 0, 8, 144.37
1735109036, 29, 16, 42, 0, 0, 0.17%, 7, 0, 8, 140.57
1735109041, 29, 17, 42, 0, 0, 0.17%, 7, 0, 8, 144.29
1735109046, 30, 12, 42, 0, 0, 0.17%, 7, 0, 8, 143.51
1735109052, 30, 16, 42, 0, 0, 0.17%, 7, 0, 8, 140.42
1735109057, 30, 17, 42, 0, 0, 0.17%, 7, 0, 8, 150.85
1735109062, 30, 21, 42, 0, 0, 0.17%, 7, 0, 8, 144.73
1735109067, 30, 32, 42, 0, 0, 0.17%, 7, 0, 8, 145.00
1735109072, 30, 34, 42, 0, 0, 0.17%, 7, 0, 8, 165.25
1735109082, 30, 38, 42, 0, 0, 0.17%, 7, 0, 8, 149.37
1735109092, 31, 12, 42, 0, 0, 0.17%, 7, 0, 8, 148.80
1735109097, 31, 15, 42, 0, 0, 0.17%, 7, 0, 8, 145.24
1735109108, 31, 16, 42, 0, 0, 0.17%, 7, 0, 8, 141.34
1735109113, 31, 17, 42, 0, 0, 0.17%, 7, 0, 8, 153.03
1735109118, 31, 32, 42, 0, 0, 0.17%, 7, 0, 8, 153.35
1735109123, 32, 12, 42, 0, 0, 0.17%, 7, 0, 8, 154.05
1735109128, 32, 16, 42, 0, 0, 0.17%, 7, 0, 8, 145.43
1735109133, 32, 17, 42, 0, 0, 0.17%, 7, 0, 8, 141.88
1735109139, 32, 32, 42, 0, 0, 0.17%, 7, 0, 8, 148.83
1735109144, 32, 34, 42, 0, 0, 0.17%, 7, 0, 8, 158.07
1735109159, 33, 14, 42, 0, 0, 0.17%, 7, 0, 8, 148.36
1735109164, 33, 16, 42, 0, 0, 0.17%, 7, 0, 8, 146.25
1735109169, 33, 17, 42, 0, 0, 0.17%, 7, 0, 8, 141.93
1735109174, 33, 22, 42, 0, 0, 0.17%, 7, 0, 8, 136.64
1735109180, 34, 2, 42, 0, 0, 0.17%, 7, 0, 8, 145.30
1735109185, 34, 16, 42, 0, 0, 0.17%, 7, 0, 8, 146.71
1735109190, 34, 17, 42, 0, 0, 0.17%, 7, 0, 8, 148.38
1735109195, 34, 30, 42, 0, 0, 0.17%, 7, 0, 8, 155.24
1735109205, 34, 32, 42, 0, 0, 0.17%, 7, 0, 8, 145.34
1735109210, 35, 12, 42, 0, 0, 0.17%, 7, 0, 8, 150.34
1735109215, 35, 16, 42, 0, 0, 0.17%, 7, 0, 8, 141.56
1735109221, 35, 17, 42, 0, 0, 0.17%, 7, 0, 8, 140.49
1735109226, 35, 22, 42, 0, 0, 0.17%, 7, 0, 8, 143.56
1735109231, 36, 6, 42, 0, 0, 0.17%, 7, 0, 8, 149.08
1735109236, 36, 16, 42, 0, 0, 0.17%, 7, 0, 8, 148.43
1735109241, 36, 17, 42, 0, 0, 0.17%, 7, 0, 8, 147.60
1735109246, 37, 1, 42, 0, 0, 0.17%, 7, 0, 8, 148.75
1735109251, 37, 16, 42, 0, 0, 0.17%, 7, 0, 8, 156.93
1735109256, 37, 17, 42, 0, 0, 0.17%, 7, 0, 8, 145.60
1735109262, 37, 19, 42, 0, 0, 0.17%, 7, 0, 8, 141.07
1735109267, 37, 23, 42, 0, 0, 0.17%, 7, 0, 8, 150.41
1735109277, 37, 38, 42, 0, 0, 0.17%, 7, 0, 8, 144.02
1735109287, 38, 12, 42, 0, 0, 0.17%, 7, 0, 8, 146.25
1735109292, 38, 16, 42, 0, 0, 0.17%, 7, 0, 8, 147.02
1735109297, 38, 17, 42, 0, 0, 0.17%, 7, 0, 8, 141.62
1735109302, 38, 34, 42, 0, 0, 0.17%, 7, 0, 8, 163.35
1735109318, 39, 12, 42, 0, 0, 0.17%, 7, 0, 8, 141.72
1735109323, 39, 16, 42, 0, 0, 0.17%, 7, 0, 8, 139.04
1735109328, 39, 17, 42, 0, 0, 0.17%, 7, 0, 8, 140.18
1735109333, 39, 25, 42, 0, 0, 0.17%, 7, 0, 8, 140.37
1735109343, 39, 28, 42, 0, 0, 0.17%, 7, 0, 8, 147.71
1735109348, 39, 31, 42, 0, 0, 0.17%, 7, 0, 8, 155.60
1735109359, 40, 16, 42, 0, 0, 0.17%, 7, 0, 8, 135.30
1735109364, 40, 17, 42, 0, 0, 0.17%, 7, 0, 8, 147.40
1735109369, 40, 35, 42, 0, 0, 0.17%, 7, 0, 8, 155.40
1735109384, 41, 12, 42, 0, 0, 0.17%, 7, 0, 8, 141.58
1735109389, 41, 16, 42, 0, 0, 0.17%, 7, 0, 8, 146.93
1735109394, 41, 17, 42, 0, 0, 0.17%, 7, 0, 8, 150.33
1735109400, 42, 16, 42, 0, 0, 0.17%, 7, 0, 8, 143.97
1735109405, 42, 17, 42, 0, 0, 0.17%, 7, 0, 8, 137.37
1735109410, 42, 24, 42, 0, 0, 0.17%, 7, 0, 8, 148.58
1735109420, 43, 12, 42, 0, 0, 0.17%, 7, 0, 8, 139.27
1735109425, 43, 16, 42, 0, 0, 0.17%, 7, 0, 8, 143.74
1735109430, 43, 17, 42, 0, 0, 0.17%, 7, 0, 8, 147.50
1735109435, 44, 16, 42, 0, 0, 0.17%, 7, 0, 8, 149.85
1735109441, 44, 17, 42, 0, 0, 0.17%, 7, 0, 8, 146.88
1735109446, 44, 25, 42, 0, 0, 0.17%, 7, 0, 8, 146.72
1735109451, 45, 12, 42, 0, 0, 0.17%, 7, 0, 8, 139.52
1735109456, 45, 16, 42, 0, 0, 0.17%, 7, 0, 8, 143.47
1735109461, 45, 17, 42, 0, 0, 0.17%, 7, 0, 8, 145.70
1735109466, 45, 23, 42, 0, 0, 0.17%, 7, 0, 8, 156.65
1735109476, 45, 31, 42, 0, 0, 0.17%, 7, 0, 8, 154.30
1735109481, 45, 40, 42, 0, 0, 0.17%, 7, 0, 8, 152.42
1735109512, 46, 12, 42, 0, 0, 0.17%, 7, 0, 8, 141.54
1735109517, 46, 16, 42, 0, 0, 0.17%, 7, 0, 8, 141.74
1735109522, 46, 17, 42, 0, 0, 0.17%, 7, 0, 8, 148.02
1735109527, 46, 31, 42, 0, 0, 0.17%, 7, 0, 8, 145.87
1735109532, 47, 12, 42, 0, 0, 0.17%, 7, 0, 8, 149.56
1735109537, 47, 16, 42, 0, 0, 0.17%, 7, 0, 8, 154.38
1735109542, 47, 17, 42, 0, 0, 0.17%, 7, 0, 8, 146.06
1735109548, 47, 32, 42, 0, 0, 0.17%, 7, 0, 8, 145.50
1735109553, 48, 9, 42, 0, 0, 0.17%, 7, 0, 8, 141.18
1735109558, 48, 16, 42, 0, 0, 0.17%, 7, 0, 8, 139.78
1735109563, 48, 17, 42, 0, 0, 0.17%, 7, 0, 8, 142.20
1735109568, 48, 18, 42, 0, 0, 0.17%, 7, 0, 8, 146.93
1735109579, 49, 12, 42, 0, 0, 0.17%, 7, 0, 8, 136.19
1735109584, 49, 13, 42, 0, 0, 0.17%, 7, 0, 8, 148.92
1735109589, 49, 16, 42, 0, 0, 0.17%, 7, 0, 8, 149.46
1735109594, 49, 17, 42, 0, 0, 0.17%, 7, 0, 8, 147.65
1735109599, 50, 10, 42, 0, 0, 0.17%, 7, 0, 8, 151.88
1735109604, 50, 16, 42, 0, 0, 0.17%, 7, 0, 8, 145.69
1735109609, 50, 17, 42, 0, 0, 0.17%, 7, 0, 8, 144.32
1735109614, 51, 12, 42, 0, 0, 0.17%, 7, 0, 8, 151.70
1735109619, 51, 16, 42, 0, 0, 0.17%, 7, 0, 8, 144.92
1735109625, 51, 17, 42, 0, 0, 0.17%, 7, 0, 8, 138.31
1735109630, 52, 16, 42, 0, 0, 0.17%, 7, 0, 8, 142.59
1735109635, 52, 17, 42, 0, 0, 0.17%, 7, 0, 8, 143.80
1735109640, 53, 12, 42, 0, 0, 0.17%, 7, 0, 8, 142.60
1735109645, 53, 16, 42, 0, 0, 0.17%, 7, 0, 8, 145.42
1735109650, 53, 17, 42, 0, 0, 0.17%, 7, 0, 8, 151.05
1735109655, 53, 26, 42, 0, 0, 0.17%, 7, 0, 8, 161.84
1735109660, 53, 30, 42, 0, 0, 0.17%, 7, 0, 8, 154.99
1735109670, 54, 12, 42, 0, 0, 0.17%, 7, 0, 8, 148.18
1735109676, 54, 16, 42, 0, 0, 0.17%, 7, 0, 8, 132.79
1735109681, 54, 17, 42, 0, 0, 0.17%, 7, 0, 8, 135.42
1735109686, 55, 16, 42, 0, 0, 0.17%, 7, 0, 8, 154.90
1735109691, 55, 17, 42, 0, 0, 0.17%, 7, 0, 8, 146.87
1735109696, 55, 36, 42, 0, 0, 0.17%, 7, 0, 8, 151.94
1735109711, 55, 39, 42, 0, 0, 0.17%, 7, 0, 8, 162.55
1735109716, 56, 12, 42, 0, 0, 0.17%, 7, 0, 8, 148.27
1735109721, 56, 16, 42, 0, 0, 0.17%, 7, 0, 8, 145.31
1735109727, 56, 17, 42, 0, 0, 0.17%, 7, 0, 8, 146.21
1735109732, 56, 23, 42, 0, 0, 0.17%, 7, 0, 8, 155.61
1735109737, 56, 29, 42, 0, 0, 0.17%, 7, 0, 8, 151.36
1735109742, 56, 32, 42, 0, 0, 0.17%, 7, 0, 8, 160.58
1735109747, 56, 36, 42, 0, 0, 0.17%, 7, 0, 8, 148.55
1735109762, 57, 16, 42, 0, 0, 0.17%, 7, 0, 8, 141.36
1735109767, 57, 17, 42, 0, 0, 0.17%, 7, 0, 8, 147.26
1735109772, 57, 24, 42, 0, 0, 0.17%, 7, 0, 8, 156.02
1735109777, 57, 41, 42, 0, 0, 0.17%, 7, 0, 8, 172.32
1735109808, 58, 16, 42, 0, 0, 0.17%, 7, 0, 8, 145.87
1735109814, 58, 17, 42, 0, 0, 0.17%, 7, 0, 8, 144.28
1735109819, 58, 35, 42, 0, 0, 0.17%, 7, 0, 8, 151.73
1735109834, 59, 16, 42, 0, 0, 0.17%, 7, 0, 8, 148.19
1735109839, 59, 17, 42, 0, 0, 0.17%, 7, 0, 8, 145.49
1735109845, 60, 12, 42, 0, 0, 0.17%, 7, 0, 8, 135.76
1735109850, 60, 16, 42, 0, 0, 0.17%, 7, 0, 8, 143.83
1735109855, 60, 17, 42, 0, 0, 0.17%, 7, 0, 8, 150.42
1735109860, 61, 16, 42, 0, 0, 0.17%, 7, 0, 8, 150.45
1735109865, 61, 17, 42, 0, 0, 0.17%, 7, 0, 8, 151.29
1735109870, 61, 22, 42, 0, 0, 0.17%, 7, 0, 8, 147.08
1735109875, 61, 27, 42, 0, 0, 0.17%, 7, 0, 8, 153.97
1735109880, 62, 16, 42, 0, 0, 0.17%, 7, 0, 8, 147.75
1735109886, 62, 17, 42, 0, 0, 0.17%, 7, 0, 8, 144.81
1735109891, 62, 29, 42, 0, 0, 0.17%, 7, 0, 8, 160.27
1735109896, 63, 12, 42, 0, 0, 0.17%, 7, 0, 8, 154.68
1735109901, 63, 16, 42, 0, 0, 0.17%, 7, 0, 8, 144.85
1735109906, 63, 17, 42, 0, 0, 0.17%, 7, 0, 8, 145.24
1735109911, 63, 25, 42, 0, 0, 0.17%, 7, 0, 8, 149.25
1735109916, 63, 27, 42, 0, 0, 0.17%, 7, 0, 8, 146.59
1735109921, 63, 37, 42, 0, 0, 0.17%, 7, 0, 8, 161.68
1735109937, 63, 41, 42, 0, 0, 0.17%, 7, 0, 8, 175.97
1735109952, 64, 16, 42, 0, 0, 0.17%, 7, 0, 8, 147.25
1735109957, 64, 17, 42, 0, 0, 0.17%, 7, 0, 8, 135.98
1735109962, 64, 22, 42, 0, 0, 0.17%, 7, 0, 8, 142.11
1735109967, 65, 12, 42, 0, 0, 0.17%, 7, 0, 8, 145.55
1735109972, 65, 16, 42, 0, 0, 0.17%, 7, 0, 8, 140.21
1735109978, 65, 17, 42, 0, 0, 0.17%, 7, 0, 8, 142.26
1735109983, 66, 7, 42, 0, 0, 0.17%, 7, 0, 8, 146.38
1735109988, 66, 12, 42, 0, 0, 0.17%, 7, 0, 8, 142.22
1735109993, 66, 16, 42, 0, 0, 0.17%, 7, 0, 8, 136.59
1735109998, 66, 17, 42, 0, 0, 0.17%, 7, 0, 8, 148.90
1735110003, 67, 16, 42, 0, 0, 0.17%, 7, 0, 8, 149.20
1735110008, 67, 17, 42, 0, 0, 0.17%, 7, 0, 8, 148.96
1735110013, 67, 29, 42, 0, 0, 0.17%, 7, 0, 8, 150.47
1735110019, 68, 12, 42, 0, 0, 0.17%, 7, 0, 8, 144.41
1735110024, 68, 16, 42, 0, 0, 0.17%, 7, 0, 8, 153.80
1735110029, 68, 17, 42, 0, 0, 0.17%, 7, 0, 8, 149.55
1735110034, 68, 37, 42, 0, 0, 0.17%, 7, 0, 8, 168.51
1735110044, 69, 12, 42, 0, 0, 0.17%, 7, 0, 8, 144.03
1735110049, 69, 16, 42, 0, 0, 0.17%, 7, 0, 8, 151.89
1735110054, 69, 17, 42, 0, 0, 0.17%, 7, 0, 8, 154.27
1735110059, 70, 16, 42, 0, 0, 0.17%, 7, 0, 8, 152.00
1735110064, 70, 17, 42, 0, 0, 0.17%, 7, 0, 8, 149.17
1735110069, 70, 30, 42, 0, 0, 0.17%, 7, 0, 8, 154.65
1735110074, 71, 8, 42, 0, 0, 0.17%, 7, 0, 8, 145.80
1735110080, 71, 16, 42, 0, 0, 0.17%, 7, 0, 8, 148.61
1735110085, 71, 17, 42, 0, 0, 0.17%, 7, 0, 8, 135.80
1735110090, 71, 19, 42, 0, 0, 0.17%, 7, 0, 8, 144.06
1735110095, 71, 24, 42, 0, 0, 0.17%, 7, 0, 8, 140.51
1735110100, 71, 26, 42, 0, 0, 0.17%, 7, 0, 8, 170.23
1735110105, 72, 0, 42, 0, 0, 0.17%, 7, 0, 8, 150.29
1735110110, 72, 16, 42, 0, 0, 0.17%, 7, 0, 8, 143.04
1735110115, 72, 17, 42, 0, 0, 0.17%, 7, 0, 8, 142.95
1735110121, 72, 18, 42, 0, 0, 0.17%, 7, 0, 8, 142.23
1735110126, 72, 20, 42, 0, 0, 0.17%, 7, 0, 8, 151.59
1735110136, 73, 3, 42, 0, 0, 0.17%, 7, 0, 8, 150.09
1735110141, 73, 16, 42, 0, 0, 0.17%, 7, 0, 8, 148.86
1735110146, 73, 17, 42, 0, 0, 0.17%, 7, 0, 8, 143.20
1735110151, 73, 34, 42, 0, 0, 0.17%, 7, 0, 8, 163.45
1735110156, 73, 38, 42, 0, 0, 0.17%, 7, 0, 8, 157.23
1735110172, 74, 16, 42, 0, 0, 0.17%, 7, 0, 8, 146.74
1735110177, 74, 17, 42, 0, 0, 0.17%, 7, 0, 8, 150.18
1735110182, 74, 24, 42, 0, 0, 0.17%, 7, 0, 8, 157.80
1735110187, 74, 41, 42, 0, 0, 0.17%, 7, 0, 8, 165.40
1735110192, 75, 12, 42, 0, 0, 0.17%, 7, 0, 8, 154.23
1735110197, 75, 16, 42, 0, 0, 0.17%, 7, 0, 8, 145.53
1735110202, 75, 17, 42, 0, 0, 0.17%, 7, 0, 8, 156.70
1735110208, 76, 13, 42, 0, 0, 0.17%, 7, 0, 8, 146.20
1735110213, 76, 16, 42, 0, 0, 0.17%, 7, 0, 8, 142.29
1735110218, 76, 17, 42, 0, 0, 0.17%, 7, 0, 8, 149.79
1735110223, 77, 12, 42, 0, 0, 0.17%, 7, 0, 8, 144.04
1735110228, 77, 16, 42, 0, 0, 0.17%, 7, 0, 8, 146.69
1735110233, 77, 17, 42, 0, 0, 0.17%, 7, 0, 8, 153.29
1735110238, 77, 20, 42, 0, 0, 0.17%, 7, 0, 8, 157.51
1735110244, 78, 16, 42, 0, 0, 0.17%, 7, 0, 8, 149.28
1735110249, 78, 17, 42, 0, 0, 0.17%, 7, 0, 8, 145.09
1735110254, 78, 23, 42, 0, 0, 0.17%, 7, 0, 8, 156.10
1735110259, 78, 32, 42, 0, 0, 0.17%, 7, 0, 8, 157.47
1735110264, 79, 12, 42, 0, 0, 0.17%, 7, 0, 8, 148.41
1735110269, 79, 16, 42, 0, 0, 0.17%, 7, 0, 8, 139.22
1735110274, 79, 17, 42, 0, 0, 0.17%, 7, 0, 8, 147.72
1735110279, 80, 16, 42, 0, 0, 0.17%, 7, 0, 8, 145.33
1735110285, 80, 17, 42, 0, 0, 0.17%, 7, 0, 8, 147.84
1735110290, 80, 37, 42, 0, 0, 0.17%, 7, 0, 8, 159.39
1735110305, 81, 11, 42, 0, 0, 0.17%, 7, 0, 8, 146.78
1735110310, 81, 16, 42, 0, 0, 0.17%, 7, 0, 8, 143.86
1735110315, 81, 17, 42, 0, 0, 0.17%, 7, 0, 8, 146.50
1735110320, 82, 12, 42, 0, 0, 0.17%, 7, 0, 8, 144.16
1735110325, 82, 16, 42, 0, 0, 0.17%, 7, 0, 8, 148.74
1735110331, 82, 17, 42, 0, 0, 0.17%, 7, 0, 8, 154.26
1735110336, 82, 33, 42, 0, 0, 0.17%, 7, 0, 8, 165.28
1735110341, 82, 37, 42, 0, 0, 0.17%, 7, 0, 8, 146.14
1735110351, 83, 11, 42, 0, 0, 0.17%, 7, 0, 8, 144.59
1735110356, 83, 16, 42, 0, 0, 0.17%, 7, 0, 8, 147.53
1735110361, 83, 17, 42, 0, 0, 0.17%, 7, 0, 8, 147.24
1735110367, 83, 39, 42, 0, 0, 0.17%, 7, 0, 8, 166.39
1735110372, 84, 7, 42, 0, 0, 0.17%, 7, 0, 8, 157.03
1735110377, 84, 14, 42, 0, 0, 0.17%, 7, 0, 8, 149.35
1735110382, 84, 16, 42, 0, 0, 0.17%, 7, 0, 8, 140.54
1735110387, 84, 17, 42, 0, 0, 0.17%, 7, 0, 8, 143.58
1735110392, 85, 12, 42, 0, 0, 0.17%, 7, 0, 8, 147.25
1735110397, 85, 16, 42, 0, 0, 0.17%, 7, 0, 8, 146.70
1735110402, 85, 17, 42, 0, 0, 0.17%, 7, 0, 8, 150.17
1735110408, 85, 35, 42, 0, 0, 0.17%, 7, 0, 8, 156.20
1735110413, 86, 12, 42, 0, 0, 0.17%, 7, 0, 8, 147.04
1735110418, 86, 16, 42, 0, 0, 0.17%, 7, 0, 8, 155.97
1735110423, 86, 17, 42, 0, 0, 0.17%, 7, 0, 8, 146.72
1735110428, 86, 26, 42, 0, 0, 0.17%, 7, 0, 8, 164.58
1735110433, 86, 32, 42, 0, 0, 0.17%, 7, 0, 8, 155.83
1735110438, 86, 34, 42, 0, 0, 0.17%, 7, 0, 8, 162.23
1735110443, 87, 9, 42, 0, 0, 0.17%, 7, 0, 8, 149.49
1735110448, 87, 16, 42, 0, 0, 0.17%, 7, 0, 8, 146.61
1735110454, 87, 17, 42, 0, 0, 0.17%, 7, 0, 8, 147.58
1735110459, 87, 21, 42, 0, 0, 0.17%, 7, 0, 8, 148.76
1735110464, 87, 34, 42, 0, 0, 0.17%, 7, 0, 8, 161.52
1735110469, 88, 5, 42, 0, 0, 0.17%, 7, 0, 8, 154.83
1735110474, 88, 16, 42, 0, 0, 0.17%, 7, 0, 8, 152.03
1735110479, 88, 17, 42, 0, 0, 0.17%, 7, 0, 8, 144.09
1735110484, 89, 12, 42, 0, 0, 0.17%, 7, 0, 8, 148.17
1735110489, 89, 16, 42, 0, 0, 0.17%, 7, 0, 8, 142.08
1735110494, 89, 17, 42, 0, 0, 0.17%, 7, 0, 8, 149.52
1735110500, 89, 26, 42, 0, 0, 0.17%, 7, 0, 8, 152.37
1735110505, 89, 27, 42, 0, 0, 0.17%, 7, 0, 8, 152.33
1735110510, 89, 40, 42, 0, 0, 0.17%, 7, 0, 8, 152.45
1735110520, 90, 12, 42, 0, 0, 0.17%, 7, 0, 8, 170.08
1735110525, 90, 16, 42, 0, 0, 0.17%, 7, 0, 8, 151.73
1735110531, 90, 17, 42, 0, 0, 0.17%, 7, 0, 8, 151.58
1735110536, 91, 12, 42, 0, 0, 0.17%, 7, 0, 8, 150.31
1735110541, 91, 13, 42, 0, 0, 0.17%, 7, 0, 8, 148.89
1735110546, 91, 16, 42, 0, 0, 0.17%, 7, 0, 8, 144.35
1735110551, 91, 17, 42, 0, 0, 0.17%, 7, 0, 8, 145.94
1735110556, 91, 19, 42, 0, 0, 0.17%, 7, 0, 8, 153.56
1735110561, 91, 33, 42, 0, 0, 0.17%, 7, 0, 8, 150.76
1735110566, 91, 35, 42, 0, 0, 0.17%, 7, 0, 8, 157.34
1735110576, 92, 12, 42, 0, 0, 0.17%, 7, 0, 8, 147.20
1735110581, 92, 16, 42, 0, 0, 0.17%, 7, 0, 8, 142.58
1735110587, 92, 17, 42, 0, 0, 0.17%, 7, 0, 8, 147.04
1735110592, 92, 23, 42, 0, 0, 0.17%, 7, 0, 8, 156.66
1735110597, 92, 34, 42, 0, 0, 0.17%, 7, 0, 8, 155.40
1735110607, 93, 12, 42, 0, 0, 0.17%, 7, 0, 8, 142.96
1735110612, 93, 16, 42, 0, 0, 0.17%, 7, 0, 8, 147.80
1735110617, 93, 17, 42, 0, 0, 0.17%, 7, 0, 8, 139.97
1735110622, 94, 12, 42, 0, 0, 0.17%, 7, 0, 8, 148.32
1735110627, 94, 16, 42, 0, 0, 0.17%, 7, 0, 8, 147.03
1735110633, 94, 17, 42, 0, 0, 0.17%, 7, 0, 8, 140.69
1735110638, 95, 2, 42, 0, 0, 0.17%, 7, 0, 8, 144.99
1735110643, 95, 8, 42, 0, 0, 0.17%, 7, 0, 8, 148.03
1735110648, 95, 16, 42, 0, 0, 0.17%, 7, 0, 8, 152.55
1735110653, 95, 17, 42, 0, 0, 0.17%, 7, 0, 8, 143.66
1735110658, 95, 25, 42, 0, 0, 0.17%, 7, 0, 8, 148.13
1735110664, 95, 38, 42, 0, 0, 0.17%, 7, 0, 8, 145.91
1735110674, 96, 8, 42, 0, 0, 0.17%, 7, 0, 8, 141.87
1735110679, 96, 16, 42, 0, 0, 0.17%, 7, 0, 8, 147.29
1735110684, 96, 17, 42, 0, 0, 0.17%, 7, 0, 8, 142.23
1735110690, 97, 12, 42, 0, 0, 0.17%, 7, 0, 8, 146.27
1735110695, 97, 16, 42, 0, 0, 0.17%, 7, 0, 8, 148.19
1735110700, 97, 17, 42, 0, 0, 0.17%, 7, 0, 8, 145.15
1735110705, 97, 26, 42, 0, 0, 0.17%, 7, 0, 8, 163.30
1735110710, 98, 16, 42, 0, 0, 0.17%, 7, 0, 8, 152.30
1735110715, 98, 17, 42, 0, 0, 0.17%, 7, 0, 8, 147.00
1735110720, 98, 41, 42, 0, 0, 0.17%, 7, 0, 8, 179.28
1735110725, 99, 12, 42, 0, 0, 0.17%, 7, 0, 8, 150.87
1735110730, 99, 16, 42, 0, 0, 0.17%, 7, 0, 8, 155.16
1735110735, 99, 17, 42, 0, 0, 0.17%, 7, 0, 8, 147.73
1735110741, 100, 16, 42, 0, 0, 0.17%, 7, 0, 8, 152.44
1735110746, 100, 17, 42, 0, 0, 0.17%, 7, 0, 8, 145.26
1735110751, 100, 34, 42, 0, 0, 0.17%, 7, 0, 8, 160.16
1735110761, 101, 16, 42, 0, 0, 0.17%, 7, 0, 8, 146.94
1735110766, 101, 17, 42, 0, 0, 0.17%, 7, 0, 8, 144.32
1735110771, 101, 29, 42, 0, 0, 0.17%, 7, 0, 8, 153.04
1735110776, 102, 12, 42, 0, 0, 0.17%, 7, 0, 8, 148.46
1735110782, 102, 15, 42, 0, 0, 0.17%, 7, 0, 8, 144.57
1735110787, 102, 16, 42, 0, 0, 0.17%, 7, 0, 8, 146.16
1735110792, 102, 17, 42, 0, 0, 0.17%, 7, 0, 8, 152.28
1735110797, 103, 10, 42, 0, 0, 0.17%, 7, 0, 8, 147.58
1735110802, 103, 14, 42, 0, 0, 0.17%, 7, 0, 8, 152.96
1735110807, 103, 16, 42, 0, 0, 0.17%, 7, 0, 8, 149.60
1735110812, 103, 17, 42, 0, 0, 0.17%, 7, 0, 8, 141.78
1735110818, 103, 24, 42, 0, 0, 0.17%, 7, 0, 8, 147.26
1735110823, 104, 12, 42, 0, 0, 0.17%, 7, 0, 8, 143.64
1735110828, 104, 16, 42, 0, 0, 0.17%, 7, 0, 8, 143.79
1735110833, 104, 17, 42, 0, 0, 0.17%, 7, 0, 8, 136.02
1735110838, 104, 18, 42, 0, 0, 0.17%, 7, 0, 8, 144.30
1735110843, 105, 12, 42, 0, 0, 0.17%, 7, 0, 8, 145.08
1735110849, 105, 16, 42, 0, 0, 0.17%, 7, 0, 8, 144.83
1735110854, 105, 17, 42, 0, 0, 0.17%, 7, 0, 8, 152.71
1735110859, 105, 35, 42, 0, 0, 0.17%, 7, 0, 8, 153.02
1735110864, 106, 12, 42, 0, 0, 0.17%, 7, 0, 8, 148.62
1735110869, 106, 16, 42, 0, 0, 0.17%, 7, 0, 8, 144.36
1735110874, 106, 17, 42, 0, 0, 0.17%, 7, 0, 8, 146.71
1735110879, 107, 16, 42, 0, 0, 0.17%, 7, 0, 8, 151.46
1735110884, 107, 17, 42, 0, 0, 0.17%, 7, 0, 8, 146.17
1735110889, 107, 26, 42, 0, 0, 0.17%, 7, 0, 8, 163.69
1735110894, 107, 28, 42, 0, 0, 0.17%, 7, 0, 8, 152.12
1735110900, 107, 29, 42, 0, 0, 0.17%, 7, 0, 8, 150.07
1735110905, 107, 33, 42, 0, 0, 0.17%, 7, 0, 8, 149.12
1735110910, 108, 2, 42, 0, 0, 0.17%, 7, 0, 8, 148.47
1735110915, 108, 16, 42, 0, 0, 0.17%, 7, 0, 8, 149.31
1735110920, 108, 17, 42, 0, 0, 0.17%, 7, 0, 8, 138.92
1735110925, 108, 19, 42, 0, 0, 0.17%, 7, 0, 8, 147.78
1735110930, 108, 23, 42, 0, 0, 0.17%, 7, 0, 8, 149.12
1735110935, 108, 27, 42, 0, 0, 0.17%, 7, 0, 8, 154.03
1735110940, 109, 9, 42, 0, 0, 0.17%, 7, 0, 8, 149.54
1735110946, 109, 16, 42, 0, 0, 0.17%, 7, 0, 8, 149.35
1735110951, 109, 17, 42, 0, 0, 0.17%, 7, 0, 8, 146.82
1735110956, 109, 20, 42, 0, 0, 0.17%, 7, 0, 8, 145.24
1735110961, 109, 22, 42, 0, 0, 0.17%, 7, 0, 8, 144.15
1735110966, 109, 32, 42, 0, 0, 0.17%, 7, 0, 8, 149.82
1735110971, 109, 38, 42, 0, 0, 0.17%, 7, 0, 8, 151.71
1735110982, 110, 12, 42, 0, 0, 0.17%, 7, 0, 8, 137.66
1735110987, 110, 16, 42, 0, 0, 0.17%, 7, 0, 8, 146.86
1735110992, 110, 17, 42, 0, 0, 0.17%, 7, 0, 8, 143.93
1735110997, 110, 34, 42, 0, 0, 0.17%, 7, 0, 8, 159.63
1735111002, 110, 38, 42, 0, 0, 0.17%, 7, 0, 8, 148.89
1735111013, 111, 8, 42, 0, 0, 0.17%, 7, 0, 8, 149.21
1735111018, 111, 16, 42, 0, 0, 0.17%, 7, 0, 8, 147.79
1735111023, 111, 17, 42, 0, 0, 0.17%, 7, 0, 8, 141.29
1735111028, 111, 18, 42, 0, 0, 0.17%, 7, 0, 8, 146.29
1735111033, 111, 32, 42, 0, 0, 0.17%, 7, 0, 8, 147.34
1735111038, 111, 39, 42, 0, 0, 0.17%, 7, 0, 8, 167.50
1735111048, 112, 16, 42, 0, 0, 0.17%, 7, 0, 8, 142.69
1735111054, 112, 17, 42, 0, 0, 0.17%, 7, 0, 8, 143.08
1735111059, 112, 32, 42, 0, 0, 0.17%, 7, 0, 8, 146.68
1735111064, 112, 33, 42, 0, 0, 0.17%, 7, 0, 8, 153.33
1735111069, 112, 38, 42, 0, 0, 0.17%, 7, 0, 8, 151.02
1735111079, 113, 16, 42, 0, 0, 0.17%, 7, 0, 8, 144.19
1735111084, 113, 17, 42, 0, 0, 0.17%, 7, 0, 8, 142.48
1735111090, 113, 26, 42, 0, 0, 0.17%, 7, 0, 8, 161.50
1735111095, 114, 4, 42, 0, 0, 0.17%, 7, 0, 8, 152.41
1735111100, 114, 16, 42, 0, 0, 0.17%, 7, 0, 8, 154.30
1735111105, 114, 17, 42, 0, 0, 0.17%, 7, 0, 8, 154.11
1735111110, 114, 26, 42, 0, 0, 0.17%, 7, 0, 8, 168.38
1735111115, 114, 33, 42, 0, 0, 0.17%, 7, 0, 8, 150.18
1735111120, 115, 15, 42, 0, 0, 0.17%, 7, 0, 8, 145.05
1735111125, 115, 16, 42, 0, 0, 0.17%, 7, 0, 8, 153.18
1735111130, 115, 17, 42, 0, 0, 0.17%, 7, 0, 8, 151.98
1735111135, 115, 36, 42, 0, 0, 0.17%, 7, 0, 8, 151.37
1735111140, 115, 41, 42, 0, 0, 0.17%, 7, 0, 8, 144.25
1735111150, 116, 8, 42, 0, 0, 0.17%, 7, 0, 8, 142.87
1735111155, 116, 16, 42, 0, 0, 0.17%, 7, 0, 8, 146.74
1735111161, 116, 17, 42, 0, 0, 0.17%, 7, 0, 8, 145.71
1735111166, 117, 12, 42, 0, 0, 0.17%, 7, 0, 8, 151.25
1735111171, 117, 16, 42, 0, 0, 0.17%, 7, 0, 8, 144.60
1735111176, 117, 17, 42, 0, 0, 0.17%, 7, 0, 8, 149.43
1735111181, 117, 26, 42, 0, 0, 0.17%, 7, 0, 8, 156.48
1735111186, 118, 16, 42, 0, 0, 0.17%, 7, 0, 8, 146.17
1735111191, 118, 17, 42, 0, 0, 0.17%, 7, 0, 8, 141.86
1735111196, 119, 7, 42, 0, 0, 0.17%, 7, 0, 8, 137.98
1735111202, 119, 16, 42, 0, 0, 0.17%, 7, 0, 8, 148.03
1735111207, 119, 17, 42, 0, 0, 0.17%, 7, 0, 8, 151.08
1735111212, 120, 12, 42, 0, 0, 0.17%, 7, 0, 8, 150.51
1735111217, 120, 13, 42, 0, 0, 0.17%, 7, 0, 8, 148.40
1735111222, 120, 16, 42, 0, 0, 0.17%, 7, 0, 8, 152.79
1735111227, 120, 17, 42, 0, 0, 0.17%, 7, 0, 8, 150.80
1735111232, 121, 16, 42, 0, 0, 0.17%, 7, 0, 8, 142.96
1735111237, 121, 17, 42, 0, 0, 0.17%, 7, 0, 8, 137.84
1735111242, 121, 37, 42, 0, 0, 0.17%, 7, 0, 8, 161.76
1735111247, 122, 12, 42, 0, 0, 0.17%, 7, 0, 8, 156.30
1735111252, 122, 16, 42, 0, 0, 0.17%, 7, 0, 8, 146.47
1735111257, 122, 17, 42, 0, 0, 0.17%, 7, 0, 8, 146.88
1735111263, 122, 39, 42, 0, 0, 0.17%, 7, 0, 8, 149.04
1735111268, 123, 0, 42, 0, 0, 0.17%, 7, 0, 8, 151.76
1735111273, 123, 16, 42, 0, 0, 0.17%, 7, 0, 8, 148.14
1735111278, 123, 17, 42, 0, 0, 0.17%, 7, 0, 8, 146.12
1735111283, 123, 38, 42, 0, 0, 0.17%, 7, 0, 8, 149.59
1735111293, 124, 16, 42, 0, 0, 0.17%, 7, 0, 8, 146.70
1735111298, 124, 17, 42, 0, 0, 0.17%, 7, 0, 8, 144.91
1735111303, 124, 20, 42, 0, 0, 0.17%, 7, 0, 8, 152.89
1735111309, 124, 25, 42, 0, 0, 0.17%, 7, 0, 8, 152.35
1735111314, 125, 16, 42, 0, 0, 0.17%, 7, 0, 8, 151.18
1735111319, 125, 17, 42, 0, 0, 0.17%, 7, 0, 8, 149.87
1735111324, 125, 23, 42, 0, 0, 0.17%, 7, 0, 8, 149.92
1735111329, 126, 12, 42, 0, 0, 0.17%, 7, 0, 8, 147.84
1735111334, 126, 14, 42, 0, 0, 0.17%, 7, 0, 8, 143.66
1735111339, 126, 16, 42, 0, 0, 0.17%, 7, 0, 8, 140.33
1735111345, 126, 17, 42, 0, 0, 0.17%, 7, 0, 8, 154.02
1735111350, 126, 34, 42, 0, 0, 0.17%, 7, 0, 8, 146.28
1735111355, 127, 12, 42, 0, 0, 0.17%, 7, 0, 8, 146.78
1735111360, 127, 16, 42, 0, 0, 0.17%, 7, 0, 8, 150.72
1735111365, 127, 17, 42, 0, 0, 0.17%, 7, 0, 8, 152.57
1735111370, 127, 31, 42, 0, 0, 0.17%, 7, 0, 8, 150.54
1735111375, 128, 16, 42, 0, 0, 0.17%, 7, 0, 8, 140.75
1735111380, 128, 17, 42, 0, 0, 0.17%, 7, 0, 8, 142.06
1735111385, 128, 31, 42, 0, 0, 0.17%, 7, 0, 8, 151.76
1735111390, 129, 16, 42, 0, 0, 0.17%, 7, 0, 8, 144.87
1735111396, 129, 17, 42, 0, 0, 0.17%, 7, 0, 8, 144.48
1735111401, 129, 25, 42, 0, 0, 0.17%, 7, 0, 8, 151.26
1735111406, 129, 38, 42, 0, 0, 0.17%, 7, 0, 8, 154.86
1735111416, 130, 1, 42, 0, 0, 0.17%, 7, 0, 8, 146.93
1735111421, 130, 12, 42, 0, 0, 0.17%, 7, 0, 8, 138.67
1735111426, 130, 16, 42, 0, 0, 0.17%, 7, 0, 8, 144.89
1735111431, 130, 17, 42, 0, 0, 0.17%, 7, 0, 8, 144.77
1735111437, 131, 16, 42, 0, 0, 0.17%, 7, 0, 8, 147.59
1735111442, 131, 17, 42, 0, 0, 0.17%, 7, 0, 8, 139.68
1735111447, 132, 12, 42, 0, 0, 0.17%, 7, 0, 8, 143.74
1735111452, 132, 16, 42, 0, 0, 0.17%, 7, 0, 8, 145.68
1735111457, 132, 17, 42, 0, 0, 0.17%, 7, 0, 8, 139.51
1735111462, 133, 12, 42, 0, 0, 0.17%, 7, 0, 8, 142.93
1735111468, 133, 16, 42, 0, 0, 0.17%, 7, 0, 8, 138.10
1735111473, 133, 17, 42, 0, 0, 0.17%, 7, 0, 8, 147.39
1735111478, 133, 26, 42, 0, 0, 0.17%, 7, 0, 8, 158.35
1735111483, 134, 16, 42, 0, 0, 0.17%, 7, 0, 8, 152.75
1735111488, 134, 17, 42, 0, 0, 0.17%, 7, 0, 8, 151.03
1735111493, 134, 41, 42, 0, 0, 0.17%, 7, 0, 8, 166.04
1735111498, 135, 12, 42, 0, 0, 0.17%, 7, 0, 8, 142.39
1735111503, 135, 16, 42, 0, 0, 0.17%, 7, 0, 8, 136.90
1735111508, 135, 17, 42, 0, 0, 0.17%, 7, 0, 8, 139.64
1735111513, 135, 18, 42, 0, 0, 0.17%, 7, 0, 8, 148.13
1735111519, 136, 16, 42, 0, 0, 0.17%, 7, 0, 8, 149.79
1735111524, 136, 17, 42, 0, 0, 0.17%, 7, 0, 8, 142.89
1735111529, 136, 22, 42, 0, 0, 0.17%, 7, 0, 8, 145.16
1735111534, 136, 41, 42, 0, 0, 0.17%, 7, 0, 8, 174.49
1735111544, 137, 16, 42, 0, 0, 0.17%, 7, 0, 8, 150.17
1735111549, 137, 17, 42, 0, 0, 0.17%, 7, 0, 8, 140.39
1735111554, 137, 25, 42, 0, 0, 0.17%, 7, 0, 8, 146.90
1735111560, 138, 12, 42, 0, 0, 0.17%, 7, 0, 8, 145.44
1735111565, 138, 15, 42, 0, 0, 0.17%, 7, 0, 8, 150.08
1735111570, 138, 16, 42, 0, 0, 0.17%, 7, 0, 8, 153.71
1735111575, 138, 17, 42, 0, 0, 0.17%, 7, 0, 8, 149.00
1735111580, 138, 22, 42, 0, 0, 0.17%, 7, 0, 8, 150.15
1735111585, 139, 16, 42, 0, 0, 0.17%, 7, 0, 8, 149.70
1735111590, 139, 17, 42, 0, 0, 0.17%, 7, 0, 8, 147.05
1735111595, 140, 2, 42, 0, 0, 0.17%, 7, 0, 8, 148.53
1735111601, 140, 16, 42, 0, 0, 0.17%, 7, 0, 8, 145.69
1735111606, 140, 17, 42, 0, 0, 0.17%, 7, 0, 8, 145.86
1735111611, 141, 12, 42, 0, 0, 0.17%, 7, 0, 8, 147.35
1735111616, 141, 13, 42, 0, 0, 0.17%, 7, 0, 8, 139.12
1735111621, 141, 16, 42, 0, 0, 0.17%, 7, 0, 8, 142.42
1735111626, 141, 17, 42, 0, 0, 0.17%, 7, 0, 8, 148.27
1735111631, 141, 32, 42, 0, 0, 0.17%, 7, 0, 8, 138.74
1735111637, 141, 34, 42, 0, 0, 0.17%, 7, 0, 8, 146.51
1735111647, 142, 16, 42, 0, 0, 0.17%, 7, 0, 8, 144.47
1735111652, 142, 17, 42, 0, 0, 0.17%, 7, 0, 8, 145.53
1735111657, 143, 2, 42, 0, 0, 0.17%, 7, 0, 8, 148.91
1735111662, 143, 16, 42, 0, 0, 0.17%, 7, 0, 8, 148.51
1735111667, 143, 17, 42, 0, 0, 0.17%, 7, 0, 8, 150.12
1735111672, 144, 16, 42, 0, 0, 0.17%, 7, 0, 8, 149.68
1735111677, 144, 17, 42, 0, 0, 0.17%, 7, 0, 8, 147.38
1735111682, 145, 0, 42, 0, 0, 0.17%, 7, 0, 8, 154.76
1735111688, 145, 16, 42, 0, 0, 0.17%, 7, 0, 8, 150.17
1735111693, 145, 17, 42, 0, 0, 0.17%, 7, 0, 8, 144.22
1735111698, 146, 12, 42, 0, 0, 0.17%, 7, 0, 8, 147.64
1735111703, 146, 16, 42, 0, 0, 0.17%, 7, 0, 8, 147.55
1735111708, 146, 17, 42, 0, 0, 0.17%, 7, 0, 8, 147.41
1735111713, 146, 34, 42, 0, 0, 0.17%, 7, 0, 8, 152.85
1735111718, 147, 12, 42, 0, 0, 0.17%, 7, 0, 8, 145.75
1735111723, 147, 16, 42, 0, 0, 0.17%, 7, 0, 8, 140.75
1735111729, 147, 25, 42, 0, 0, 0.17%, 7, 0, 8, 145.91
1735111734, 147, 31, 42, 0, 0, 0.17%, 7, 0, 8, 157.29
1735111739, 147, 37, 42, 0, 0, 0.17%, 7, 0, 8, 163.48
1735111749, 148, 12, 42, 0, 0, 0.17%, 7, 0, 8, 144.98
1735111754, 148, 17, 42, 0, 0, 0.17%, 7, 0, 8, 142.62
1735111759, 148, 35, 42, 0, 0, 0.17%, 7, 0, 8, 150.77
1735111769, 148, 40, 42, 0, 0, 0.17%, 7, 0, 8, 149.25
1735111775, 149, 12, 42, 0, 0, 0.17%, 7, 0, 8, 146.14
1735111780, 149, 16, 42, 0, 0, 0.17%, 7, 0, 8, 148.24
1735111785, 149, 17, 42, 0, 0, 0.17%, 7, 0, 8, 154.87
1735111790, 150, 13, 42, 0, 0, 0.17%, 7, 0, 8, 150.88
1735111795, 150, 16, 42, 0, 0, 0.17%, 7, 0, 8, 150.71
1735111800, 150, 17, 42, 0, 0, 0.17%, 7, 0, 8, 142.52
1735111805, 150, 34, 42, 0, 0, 0.17%, 7, 0, 8, 161.66
1735111810, 151, 7, 42, 0, 0, 0.17%, 7, 0, 8, 152.27
1735111815, 151, 16, 42, 0, 0, 0.17%, 7, 0, 8, 152.52
1735111820, 151, 17, 42, 0, 0, 0.17%, 7, 0, 8, 145.18
1735111825, 151, 19, 42, 0, 0, 0.17%, 7, 0, 8, 149.41
1735111831, 152, 12, 42, 0, 0, 0.17%, 7, 0, 8, 144.40
1735111836, 152, 16, 42, 0, 0, 0.17%, 7, 0, 8, 140.19
1735111841, 152, 17, 42, 0, 0, 0.17%, 7, 0, 8, 149.39
1735111846, 152, 21, 42, 0, 0, 0.17%, 7, 0, 8, 154.76
1735111851, 153, 11, 42, 0, 0, 0.17%, 7, 0, 8, 144.16
1735111856, 153, 14, 42, 0, 0, 0.17%, 7, 0, 8, 142.44
1735111861, 153, 16, 42, 0, 0, 0.17%, 7, 0, 8, 141.86
1735111867, 153, 17, 42, 0, 0, 0.17%, 7, 0, 8, 151.39
1735111872, 153, 34, 42, 0, 0, 0.17%, 7, 0, 8, 158.31
1735111877, 154, 2, 42, 0, 0, 0.17%, 7, 0, 8, 147.94
1735111882, 154, 16, 42, 0, 0, 0.17%, 7, 0, 8, 145.85
1735111887, 154, 17, 42, 0, 0, 0.17%, 7, 0, 8, 142.59
1735111892, 154, 30, 42, 0, 0, 0.17%, 7, 0, 8, 150.21
1735111898, 154, 34, 42, 0, 0, 0.17%, 7, 0, 8, 155.65
1735111908, 155, 16, 42, 0, 0, 0.17%, 7, 0, 8, 142.76
1735111913, 155, 17, 42, 0, 0, 0.17%, 7, 0, 8, 147.12
1735111918, 156, 16, 42, 0, 0, 0.17%, 7, 0, 8, 148.52
1735111923, 156, 17, 42, 0, 0, 0.17%, 7, 0, 8, 148.86
1735111928, 157, 12, 42, 0, 0, 0.17%, 7, 0, 8, 145.47
1735111933, 157, 16, 42, 0, 0, 0.17%, 7, 0, 8, 144.95
1735111938, 157, 17, 42, 0, 0, 0.17%, 7, 0, 8, 149.79
1735111943, 158, 12, 42, 0, 0, 0.17%, 7, 0, 8, 149.81
1735111948, 158, 16, 42, 0, 0, 0.17%, 7, 0, 8, 144.28
1735111954, 158, 17, 42, 0, 0, 0.17%, 7, 0, 8, 148.65
1735111959, 159, 16, 42, 0, 0, 0.17%, 7, 0, 8, 154.34
1735111964, 159, 17, 42, 0, 0, 0.17%, 7, 0, 8, 148.54
1735111969, 159, 20, 42, 0, 0, 0.17%, 7, 0, 8, 157.04
1735111974, 159, 38, 42, 0, 0, 0.17%, 7, 0, 8, 152.45
1735111984, 160, 2, 42, 0, 0, 0.17%, 7, 0, 8, 150.70
1735111989, 160, 16, 42, 0, 0, 0.17%, 7, 0, 8, 144.04
1735111994, 160, 17, 42, 0, 0, 0.17%, 7, 0, 8, 147.97
1735111999, 160, 25, 42, 0, 0, 0.17%, 7, 0, 8, 144.25
1735112004, 160, 26, 42, 0, 0, 0.17%, 7, 0, 8, 161.34
1735112009, 161, 12, 42, 0, 0, 0.17%, 7, 0, 8, 148.50
1735112015, 161, 16, 42, 0, 0, 0.17%, 7, 0, 8, 148.14
1735112020, 161, 17, 42, 0, 0, 0.17%, 7, 0, 8, 138.26
1735112025, 162, 16, 42, 0, 0, 0.17%, 7, 0, 8, 148.82
1735112030, 162, 17, 42, 0, 0, 0.17%, 7, 0, 8, 146.85
1735112035, 162, 35, 42, 0, 0, 0.17%, 7, 0, 8, 151.14
1735112045, 163, 16, 42, 0, 0, 0.17%, 7, 0, 8, 146.33
1735112050, 163, 17, 42, 0, 0, 0.17%, 7, 0, 8, 144.85
1735112056, 164, 16, 42, 0, 0, 0.17%, 7, 0, 8, 144.74
1735112061, 164, 17, 42, 0, 0, 0.17%, 7, 0, 8, 152.87
1735112066, 164, 38, 42, 0, 0, 0.17%, 7, 0, 8, 152.18
1735112076, 164, 39, 42, 0, 0, 0.17%, 7, 0, 8, 141.59
1735112086, 165, 9, 42, 0, 0, 0.17%, 7, 0, 8, 141.80
1735112091, 165, 16, 42, 0, 0, 0.17%, 7, 0, 8, 148.51
1735112097, 165, 17, 42, 0, 0, 0.17%, 7, 0, 8, 141.32
1735112102, 165, 31, 42, 0, 0, 0.17%, 7, 0, 8, 154.57
1735112107, 165, 33, 42, 0, 0, 0.17%, 7, 0, 8, 154.25
1735112112, 166, 16, 42, 0, 0, 0.17%, 7, 0, 8, 153.75
1735112117, 166, 17, 42, 0, 0, 0.17%, 7, 0, 8, 147.10
1735112122, 166, 38, 42, 0, 0, 0.17%, 7, 0, 8, 151.59
1735112132, 167, 12, 42, 0, 0, 0.17%, 7, 0, 8, 142.86
1735112137, 167, 16, 42, 0, 0, 0.17%, 7, 0, 8, 140.24
1735112142, 168, 9, 42, 0, 0, 0.17%, 7, 0, 8, 153.26
1735112147, 168, 14, 42, 0, 0, 0.17%, 7, 0, 8, 146.13
1735112153, 168, 16, 42, 0, 0, 0.17%, 7, 0, 8, 141.35
1735112158, 168, 17, 42, 0, 0, 0.17%, 7, 0, 8, 149.14
1735112163, 168, 19, 42, 0, 0, 0.17%, 7, 0, 8, 148.73
1735112168, 168, 32, 42, 0, 0, 0.17%, 7, 0, 8, 148.81
1735112173, 169, 8, 42, 0, 0, 0.17%, 7, 0, 8, 146.87
1735112178, 169, 16, 42, 0, 0, 0.17%, 7, 0, 8, 156.59
1735112183, 169, 17, 42, 0, 0, 0.17%, 7, 0, 8, 145.62
1735112188, 169, 24, 42, 0, 0, 0.17%, 7, 0, 8, 150.21
1735112194, 169, 29, 42, 0, 0, 0.17%, 7, 0, 8, 146.99
1735112199, 170, 12, 42, 0, 0, 0.17%, 7, 0, 8, 148.18
1735112204, 170, 16, 42, 0, 0, 0.17%, 7, 0, 8, 148.62
1735112209, 170, 17, 42, 0, 0, 0.17%, 7, 0, 8, 152.06
1735112214, 171, 13, 42, 0, 0, 0.17%, 7, 0, 8, 146.40
1735112219, 171, 14, 42, 0, 0, 0.17%, 7, 0, 8, 150.73
1735112224, 171, 16, 42, 0, 0, 0.17%, 7, 0, 8, 149.81
1735112229, 171, 17, 42, 0, 0, 0.17%, 7, 0, 8, 145.18
1735112234, 171, 32, 42, 0, 0, 0.17%, 7, 0, 8, 147.22
1735112240, 171, 40, 42, 0, 0, 0.17%, 7, 0, 8, 155.33
1735112245, 172, 12, 42, 0, 0, 0.17%, 7, 0, 8, 148.66
1735112250, 172, 16, 42, 0, 0, 0.17%, 7, 0, 8, 143.70
1735112255, 172, 17, 42, 0, 0, 0.17%, 7, 0, 8, 149.62
1735112260, 172, 23, 42, 0, 0, 0.17%, 7, 0, 8, 150.70
1735112265, 173, 16, 42, 0, 0, 0.17%, 7, 0, 8, 152.03
1735112270, 173, 17, 42, 0, 0, 0.17%, 7, 0, 8, 145.56
1735112275, 174, 12, 42, 0, 0, 0.17%, 7, 0, 8, 143.71
1735112281, 174, 16, 42, 0, 0, 0.17%, 7, 0, 8, 143.07
1735112286, 174, 27, 42, 0, 0, 0.17%, 7, 0, 8, 147.90
1735112291, 174, 40, 42, 0, 0, 0.17%, 7, 0, 8, 146.07
1735112301, 175, 16, 42, 0, 0, 0.17%, 7, 0, 8, 144.45
1735112311, 175, 34, 42, 0, 0, 0.17%, 7, 0, 8, 147.02
1735112321, 176, 16, 42, 0, 0, 0.17%, 7, 0, 8, 143.90
1735112327, 176, 17, 42, 0, 0, 0.17%, 7, 0, 8, 153.03
1735112332, 176, 33, 42, 0, 0, 0.17%, 7, 0, 8, 148.00
1735112337, 177, 12, 42, 0, 0, 0.17%, 7, 0, 8, 151.00
1735112342, 177, 16, 42, 0, 0, 0.17%, 7, 0, 8, 147.11
1735112347, 177, 17, 42, 0, 0, 0.17%, 7, 0, 8, 152.57
1735112352, 177, 31, 42, 0, 0, 0.17%, 7, 0, 8, 149.87
1735112357, 178, 16, 42, 0, 0, 0.17%, 7, 0, 8, 147.56
1735112362, 178, 17, 42, 0, 0, 0.17%, 7, 0, 8, 142.68
1735112367, 178, 34, 42, 0, 0, 0.17%, 7, 0, 8, 158.56
1735112378, 179, 16, 42, 0, 0, 0.17%, 7, 0, 8, 149.53
1735112383, 179, 17, 42, 0, 0, 0.17%, 7, 0, 8, 148.25
1735112388, 179, 28, 42, 0, 0, 0.17%, 7, 0, 8, 149.05
1735112393, 180, 12, 42, 0, 0, 0.17%, 7, 0, 8, 139.37
1735112398, 180, 16, 42, 0, 0, 0.17%, 7, 0, 8, 141.99
1735112403, 180, 17, 42, 0, 0, 0.17%, 7, 0, 8, 145.59
1735112408, 180, 34, 42, 0, 0, 0.17%, 7, 0, 8, 156.95
1735112414, 180, 36, 42, 0, 0, 0.17%, 7, 0, 8, 152.92
1735112419, 181, 12, 42, 0, 0, 0.17%, 7, 0, 8, 146.55
1735112424, 181, 14, 42, 0, 0, 0.17%, 7, 0, 8, 138.64
1735112429, 181, 16, 42, 0, 0, 0.17%, 7, 0, 8, 143.74
1735112434, 181, 17, 42, 0, 0, 0.17%, 7, 0, 8, 146.15
1735112439, 181, 21, 42, 0, 0, 0.17%, 7, 0, 8, 150.09
1735112445, 181, 31, 42, 0, 0, 0.17%, 7, 0, 8, 141.78
1735112450, 182, 14, 42, 0, 0, 0.17%, 7, 0, 8, 149.13
1735112455, 182, 16, 42, 0, 0, 0.17%, 7, 0, 8, 150.02
1735112460, 182, 17, 42, 0, 0, 0.17%, 7, 0, 8, 144.75
1735112465, 182, 18, 42, 0, 0, 0.17%, 7, 0, 8, 154.77
1735112470, 182, 22, 42, 0, 0, 0.17%, 7, 0, 8, 143.50
1735112475, 183, 5, 42, 0, 0, 0.17%, 7, 0, 8, 146.61
1735112481, 183, 16, 42, 0, 0, 0.17%, 7, 0, 8, 145.98
1735112486, 183, 17, 42, 0, 0, 0.17%, 7, 0, 8, 140.95
1735112491, 183, 24, 42, 0, 0, 0.17%, 7, 0, 8, 156.76
1735112496, 184, 12, 42, 0, 0, 0.17%, 7, 0, 8, 146.10
1735112501, 184, 16, 42, 0, 0, 0.17%, 7, 0, 8, 140.87
1735112506, 185, 5, 42, 0, 0, 0.17%, 7, 0, 8, 153.16
1735112511, 185, 16, 42, 0, 0, 0.17%, 7, 0, 8, 147.00
1735112517, 185, 17, 42, 0, 0, 0.17%, 7, 0, 8, 145.98
1735112522, 186, 9, 42, 0, 0, 0.17%, 7, 0, 8, 148.82
1735112527, 186, 16, 42, 0, 0, 0.17%, 7, 0, 8, 152.64
1735112532, 186, 17, 42, 0, 0, 0.17%, 7, 0, 8, 150.43
1735112537, 186, 31, 42, 0, 0, 0.17%, 7, 0, 8, 149.98
1735112542, 186, 35, 42, 0, 0, 0.17%, 7, 0, 8, 152.38
1735112547, 187, 12, 42, 0, 0, 0.17%, 7, 0, 8, 152.39
1735112552, 187, 16, 42, 0, 0, 0.17%, 7, 0, 8, 146.23
1735112557, 187, 17, 42, 0, 0, 0.17%, 7, 0, 8, 146.52
1735112563, 188, 4, 42, 0, 0, 0.17%, 7, 0, 8, 146.48
1735112568, 188, 16, 42, 0, 0, 0.17%, 7, 0, 8, 145.07
1735112573, 188, 17, 42, 0, 0, 0.17%, 7, 0, 8, 148.83
1735112578, 189, 12, 42, 0, 0, 0.17%, 7, 0, 8, 143.65
1735112583, 189, 16, 42, 0, 0, 0.17%, 7, 0, 8, 147.68
1735112588, 189, 17, 42, 0, 0, 0.17%, 7, 0, 8, 149.05
1735112593, 189, 21, 42, 0, 0, 0.17%, 7, 0, 8, 141.90
1735112598, 190, 12, 42, 0, 0, 0.17%, 7, 0, 8, 143.56
1735112604, 190, 17, 42, 0, 0, 0.17%, 7, 0, 8, 150.17
1735112609, 191, 12, 42, 0, 0, 0.17%, 7, 0, 8, 150.57
1735112614, 191, 16, 42, 0, 0, 0.17%, 7, 0, 8, 152.28
1735112619, 191, 17, 42, 0, 0, 0.17%, 7, 0, 8, 149.44
1735112624, 192, 10, 42, 0, 0, 0.17%, 7, 0, 8, 147.50
1735112629, 192, 13, 42, 0, 0, 0.17%, 7, 0, 8, 150.39
1735112634, 192, 16, 42, 0, 0, 0.17%, 7, 0, 8, 145.42
1735112639, 192, 17, 42, 0, 0, 0.17%, 7, 0, 8, 152.18
1735112645, 192, 25, 42, 0, 0, 0.17%, 7, 0, 8, 147.69
1735112650, 193, 16, 42, 0, 0, 0.17%, 7, 0, 8, 146.69
1735112655, 193, 17, 42, 0, 0, 0.17%, 7, 0, 8, 142.37
1735112660, 193, 38, 42, 0, 0, 0.17%, 7, 0, 8, 145.49
1735112675, 194, 16, 42, 0, 0, 0.17%, 7, 0, 8, 148.22
1735112680, 194, 17, 42, 0, 0, 0.17%, 7, 0, 8, 142.29
1735112685, 194, 39, 42, 0, 0, 0.17%, 7, 0, 8, 156.64
1735112696, 195, 16, 42, 0, 0, 0.17%, 7, 0, 8, 155.80
1735112701, 195, 17, 42, 0, 0, 0.17%, 7, 0, 8, 150.48
1735112706, 195, 24, 42, 0, 0, 0.17%, 7, 0, 8, 160.76
1735112711, 195, 40, 42, 0, 0, 0.17%, 7, 0, 8, 152.48
1735112716, 196, 9, 42, 0, 0, 0.17%, 7, 0, 8, 146.21
1735112721, 196, 15, 42, 0, 0, 0.17%, 7, 0, 8, 146.79
1735112726, 196, 16, 42, 0, 0, 0.17%, 7, 0, 8, 150.54
1735112731, 196, 17, 42, 0, 0, 0.17%, 7, 0, 8, 149.28
1735112736, 197, 12, 42, 0, 0, 0.17%, 7, 0, 8, 146.06
1735112742, 197, 16, 42, 0, 0, 0.17%, 7, 0, 8, 137.95
1735112747, 197, 17, 42, 0, 0, 0.17%, 7, 0, 8, 141.00
1735112752, 197, 37, 42, 0, 0, 0.17%, 7, 0, 8, 152.61
1735112757, 198, 16, 42, 0, 0, 0.17%, 7, 0, 8, 142.76
1735112762, 198, 17, 42, 0, 0, 0.17%, 7, 0, 8, 145.97
1735112768, 198, 21, 42, 0, 0, 0.17%, 7, 0, 8, 145.46
1735112773, 199, 12, 42, 0, 0, 0.17%, 7, 0, 8, 142.23
1735112778, 199, 16, 42, 0, 0, 0.17%, 7, 0, 8, 143.32
1735112783, 199, 17, 42, 0, 0, 0.17%, 7, 0, 8, 142.73
1735112788, 200, 16, 42, 0, 0, 0.17%, 7, 0, 8, 156.62
1735112798, 200, 21, 42, 0, 0, 0.17%, 7, 0, 8, 150.64
1735112804, 201, 0, 42, 0, 0, 0.17%, 7, 0, 8, 153.84
1735112809, 201, 13, 42, 0, 0, 0.17%, 7, 0, 8, 151.21
1735112814, 201, 16, 42, 0, 0, 0.17%, 7, 0, 8, 144.47
1735112819, 201, 17, 42, 0, 0, 0.17%, 7, 0, 8, 149.50
1735112824, 201, 37, 42, 0, 0, 0.17%, 7, 0, 8, 162.24
1735112834, 202, 13, 42, 0, 0, 0.17%, 7, 0, 8, 150.89
1735112839, 202, 14, 42, 0, 0, 0.17%, 7, 0, 8, 146.26
1735112844, 202, 16, 42, 0, 0, 0.17%, 7, 0, 8, 145.42
1735112850, 202, 17, 42, 0, 0, 0.17%, 7, 0, 8, 147.65
1735112855, 202, 37, 42, 0, 0, 0.17%, 7, 0, 8, 156.63
1735112865, 202, 39, 42, 0, 0, 0.17%, 7, 0, 8, 161.92
1735112870, 203, 13, 42, 0, 0, 0.17%, 7, 0, 8, 151.46
1735112875, 203, 16, 42, 0, 0, 0.17%, 7, 0, 8, 148.00
1735112880, 203, 17, 42, 0, 0, 0.17%, 7, 0, 8, 151.23
1735112885, 203, 37, 42, 0, 0, 0.17%, 7, 0, 8, 158.19
1735112895, 203, 41, 42, 0, 0, 0.17%, 7, 0, 8, 157.33
1735112900, 204, 12, 42, 0, 0, 0.17%, 7, 0, 8, 150.87
1735112905, 204, 16, 42, 0, 0, 0.17%, 7, 0, 8, 142.68
1735112911, 204, 17, 42, 0, 0, 0.17%, 7, 0, 8, 142.89
1735112916, 204, 18, 42, 0, 0, 0.17%, 7, 0, 8, 143.83
1735112921, 204, 21, 42, 0, 0, 0.17%, 7, 0, 8, 144.79
1735112926, 204, 27, 42, 0, 0, 0.17%, 7, 0, 8, 152.13
1735112931, 205, 12, 42, 0, 0, 0.17%, 7, 0, 8, 148.60
1735112936, 205, 16, 42, 0, 0, 0.17%, 7, 0, 8, 148.92
1735112941, 205, 37, 42, 0, 0, 0.17%, 7, 0, 8, 152.35
1735112951, 206, 13, 42, 0, 0, 0.17%, 7, 0, 8, 158.14
1735112956, 206, 16, 42, 0, 0, 0.17%, 7, 0, 8, 147.05
1735112961, 206, 17, 42, 0, 0, 0.17%, 7, 0, 8, 151.82
1735112967, 206, 18, 42, 0, 0, 0.17%, 7, 0, 8, 151.64
1735112972, 206, 27, 42, 0, 0, 0.17%, 7, 0, 8, 156.94
1735112977, 206, 29, 42, 0, 0, 0.17%, 7, 0, 8, 150.25
1735112982, 206, 32, 42, 0, 0, 0.17%, 7, 0, 8, 151.83
1735112987, 207, 16, 42, 0, 0, 0.17%, 7, 0, 8, 146.97
1735112992, 207, 17, 42, 0, 0, 0.17%, 7, 0, 8, 143.97
1735112997, 208, 12, 42, 0, 0, 0.17%, 7, 0, 8, 144.25
1735113003, 208, 16, 42, 0, 0, 0.17%, 7, 0, 8, 145.48
1735113008, 208, 17, 42, 0, 0, 0.17%, 7, 0, 8, 150.96
1735113013, 208, 22, 42, 0, 0, 0.17%, 7, 0, 8, 142.08
1735113018, 208, 37, 42, 0, 0, 0.17%, 7, 0, 8, 153.33
1735113023, 209, 12, 42, 0, 0, 0.17%, 7, 0, 8, 136.51
1735113028, 209, 16, 42, 0, 0, 0.17%, 7, 0, 8, 139.06
1735113033, 209, 17, 42, 0, 0, 0.17%, 7, 0, 8, 142.74
1735113038, 209, 23, 42, 0, 0, 0.17%, 7, 0, 8, 154.12
1735113044, 209, 30, 42, 0, 0, 0.17%, 7, 0, 8, 156.14
1735113049, 210, 16, 42, 0, 0, 0.17%, 7, 0, 8, 154.92
1735113054, 210, 17, 42, 0, 0, 0.17%, 7, 0, 8, 145.86
1735113059, 210, 25, 42, 0, 0, 0.17%, 7, 0, 8, 141.88
1735113064, 211, 12, 42, 0, 0, 0.17%, 7, 0, 8, 143.52
1735113069, 211, 16, 42, 0, 0, 0.17%, 7, 0, 8, 140.86
1735113074, 211, 17, 42, 0, 0, 0.17%, 7, 0, 8, 144.01
1735113079, 211, 35, 42, 0, 0, 0.17%, 7, 0, 8, 151.48
1735113085, 212, 12, 42, 0, 0, 0.17%, 7, 0, 8, 148.26
1735113090, 212, 16, 42, 0, 0, 0.17%, 7, 0, 8, 145.02
1735113095, 212, 17, 42, 0, 0, 0.17%, 7, 0, 8, 145.64
1735113100, 213, 16, 42, 0, 0, 0.17%, 7, 0, 8, 146.00
1735113105, 213, 17, 42, 0, 0, 0.17%, 7, 0, 8, 152.11
1735113110, 213, 18, 42, 0, 0, 0.17%, 7, 0, 8, 145.79
1735113115, 213, 23, 42, 0, 0, 0.17%, 7, 0, 8, 149.07
1735113120, 214, 12, 42, 0, 0, 0.17%, 7, 0, 8, 147.35
1735113125, 214, 16, 42, 0, 0, 0.17%, 7, 0, 8, 139.87
1735113131, 214, 17, 42, 0, 0, 0.17%, 7, 0, 8, 147.83
1735113136, 214, 23, 42, 0, 0, 0.17%, 7, 0, 8, 159.39
1735113141, 215, 12, 42, 0, 0, 0.17%, 7, 0, 8, 143.84
1735113146, 215, 17, 42, 0, 0, 0.17%, 7, 0, 8, 154.12
1735113151, 216, 12, 42, 0, 0, 0.17%, 7, 0, 8, 151.44
1735113156, 216, 16, 42, 0, 0, 0.17%, 7, 0, 8, 142.22
1735113161, 216, 17, 42, 0, 0, 0.17%, 7, 0, 8, 143.54
1735113166, 216, 29, 42, 0, 0, 0.17%, 7, 0, 8, 154.87
1735113171, 217, 16, 42, 0, 0, 0.17%, 7, 0, 8, 148.60
1735113177, 217, 17, 42, 0, 0, 0.17%, 7, 0, 8, 149.97
1735113182, 217, 21, 42, 0, 0, 0.17%, 7, 0, 8, 145.00
1735113187, 217, 27, 42, 0, 0, 0.17%, 7, 0, 8, 148.77
1735113192, 217, 37, 42, 0, 0, 0.17%, 7, 0, 8, 159.74
1735113202, 217, 39, 42, 0, 0, 0.17%, 7, 0, 8, 153.23
1735113207, 217, 40, 42, 0, 0, 0.17%, 7, 0, 8, 153.84
1735113212, 218, 7, 42, 0, 0, 0.17%, 7, 0, 8, 145.34
1735113217, 218, 16, 42, 0, 0, 0.17%, 7, 0, 8, 147.97
1735113223, 218, 17, 42, 0, 0, 0.17%, 7, 0, 8, 142.87
1735113228, 218, 29, 42, 0, 0, 0.17%, 7, 0, 8, 155.08
1735113233, 218, 32, 42, 0, 0, 0.17%, 7, 0, 8, 151.40
1735113238, 219, 12, 42, 0, 0, 0.17%, 7, 0, 8, 150.67
1735113243, 219, 16, 42, 0, 0, 0.17%, 7, 0, 8, 150.36
1735113248, 219, 17, 42, 0, 0, 0.17%, 7, 0, 8, 145.16
1735113253, 219, 31, 42, 0, 0, 0.17%, 7, 0, 8, 144.23
1735113259, 220, 16, 42, 0, 0, 0.17%, 7, 0, 8, 147.21
1735113264, 220, 17, 42, 0, 0, 0.17%, 7, 0, 8, 147.54
1735113269, 221, 12, 42, 0, 0, 0.17%, 7, 0, 8, 141.51
1735113274, 221, 16, 42, 0, 0, 0.17%, 7, 0, 8, 143.98
1735113279, 221, 17, 42, 0, 0, 0.17%, 7, 0, 8, 150.35
1735113284, 221, 18, 42, 0, 0, 0.17%, 7, 0, 8, 153.76
1735113289, 221, 19, 42, 0, 0, 0.17%, 7, 0, 8, 146.14
1735113294, 222, 16, 42, 0, 0, 0.17%, 7, 0, 8, 150.42
1735113299, 222, 17, 42, 0, 0, 0.17%, 7, 0, 8, 148.40
1735113305, 222, 21, 42, 0, 0, 0.17%, 7, 0, 8, 150.67
1735113310, 222, 26, 42, 0, 0, 0.17%, 7, 0, 8, 164.26
1735113315, 222, 33, 42, 0, 0, 0.17%, 7, 0, 8, 159.63
1735113320, 223, 12, 42, 0, 0, 0.17%, 7, 0, 8, 148.78
1735113325, 223, 16, 42, 0, 0, 0.17%, 7, 0, 8, 144.53
1735113330, 223, 17, 42, 0, 0, 0.17%, 7, 0, 8, 149.56
1735113335, 223, 34, 42, 0, 0, 0.17%, 7, 0, 8, 160.88
1735113341, 224, 16, 42, 0, 0, 0.17%, 7, 0, 8, 151.56
1735113346, 224, 17, 42, 0, 0, 0.17%, 7, 0, 8, 142.77
1735113351, 225, 12, 42, 0, 0, 0.17%, 7, 0, 8, 143.64
1735113356, 225, 16, 42, 0, 0, 0.17%, 7, 0, 8, 152.36
1735113361, 225, 17, 42, 0, 0, 0.17%, 7, 0, 8, 153.35
1735113366, 225, 22, 42, 0, 0, 0.17%, 7, 0, 8, 146.70
1735113371, 226, 16, 42, 0, 0, 0.17%, 7, 0, 8, 145.41
1735113377, 226, 17, 42, 0, 0, 0.17%, 7, 0, 8, 144.77
1735113382, 226, 23, 42, 0, 0, 0.17%, 7, 0, 8, 154.33
1735113387, 226, 31, 42, 0, 0, 0.17%, 7, 0, 8, 151.92
1735113392, 227, 12, 42, 0, 0, 0.17%, 7, 0, 8, 152.93
1735113397, 227, 16, 42, 0, 0, 0.17%, 7, 0, 8, 144.76
1735113402, 227, 17, 42, 0, 0, 0.17%, 7, 0, 8, 146.04
1735113407, 227, 33, 42, 0, 0, 0.17%, 7, 0, 8, 148.74
1735113412, 228, 16, 42, 0, 0, 0.17%, 7, 0, 8, 145.77
1735113417, 228, 17, 42, 0, 0, 0.17%, 7, 0, 8, 158.61
1735113422, 229, 16, 42, 0, 0, 0.17%, 7, 0, 8, 148.07
1735113428, 229, 17, 42, 0, 0, 0.17%, 7, 0, 8, 139.85
1735113433, 229, 20, 42, 0, 0, 0.17%, 7, 0, 8, 148.92
1735113438, 229, 34, 42, 0, 0, 0.17%, 7, 0, 8, 162.08
1735113448, 229, 35, 42, 0, 0, 0.17%, 7, 0, 8, 152.26
1735113453, 229, 38, 42, 0, 0, 0.17%, 7, 0, 8, 153.32
1735113463, 230, 12, 42, 0, 0, 0.17%, 7, 0, 8, 145.22
1735113468, 230, 16, 42, 0, 0, 0.17%, 7, 0, 8, 141.07
1735113473, 230, 17, 42, 0, 0, 0.17%, 7, 0, 8, 146.52
1735113478, 230, 20, 42, 0, 0, 0.17%, 7, 0, 8, 152.29
1735113483, 230, 23, 42, 0, 0, 0.17%, 7, 0, 8, 155.45
1735113488, 230, 36, 42, 0, 0, 0.17%, 7, 0, 8, 153.92
1735113494, 231, 12, 42, 0, 0, 0.17%, 7, 0, 8, 144.79
1735113499, 231, 17, 42, 0, 0, 0.17%, 7, 0, 8, 149.98
1735113504, 231, 37, 42, 0, 0, 0.17%, 7, 0, 8, 152.50
1735113514, 232, 12, 42, 0, 0, 0.17%, 7, 0, 8, 144.07
1735113519, 232, 16, 42, 0, 0, 0.17%, 7, 0, 8, 136.39
1735113525, 232, 17, 42, 0, 0, 0.17%, 7, 0, 8, 142.58
1735113530, 232, 26, 42, 0, 0, 0.17%, 7, 0, 8, 147.24
1735113535, 233, 16, 42, 0, 0, 0.17%, 7, 0, 8, 150.67
1735113540, 233, 17, 42, 0, 0, 0.17%, 7, 0, 8, 146.25
1735113545, 233, 36, 42, 0, 0, 0.17%, 7, 0, 8, 149.74
1735113550, 233, 41, 42, 0, 0, 0.17%, 7, 0, 8, 150.47
1735113560, 234, 12, 42, 0, 0, 0.17%, 7, 0, 8, 144.54
1735113566, 234, 16, 42, 0, 0, 0.17%, 7, 0, 8, 150.88
1735113571, 234, 17, 43, 1, 0, 0.19%, 8, 0, 8, 139.06
1735113576, 234, 42, 43, 1, 1, 0.19%, 8, 0, 8, 123.12
1735113581, 234, 42, 44, 2, 1, 0.19%, 8, 0, 8, 129.84
1735113596, 234, 42, 45, 3, 1, 0.19%, 8, 0, 8, 134.61
1735113617, 234, 42, 46, 4, 1, 0.19%, 8, 0, 8, 130.12
1735113704, 234, 42, 48, 6, 1, 0.24%, 9, 0, 8, 134.10
1735113719, 234, 46, 48, 5, 1, 0.24%, 9, 0, 8, 179.67
1735113791, 235, 16, 48, 4, 0, 0.24%, 9, 0, 8, 146.08
1735113796, 235, 30, 48, 4, 0, 0.24%, 9, 0, 8, 150.15
1735113801, 235, 42, 48, 4, 0, 0.24%, 9, 0, 8, 138.98
1735113821, 235, 46, 48, 4, 0, 0.24%, 9, 0, 8, 151.89
1735113852, 235, 47, 48, 4, 0, 0.24%, 9, 0, 8, 157.57
1735113904, 236, 12, 48, 3, 0, 0.24%, 9, 0, 8, 150.75
1735113909, 236, 16, 48, 3, 0, 0.24%, 9, 0, 8, 149.21
1735113914, 236, 29, 48, 3, 0, 0.24%, 9, 0, 8, 147.83
1735113919, 236, 39, 48, 3, 0, 0.24%, 9, 0, 8, 158.74
1735113924, 236, 42, 48, 3, 0, 0.24%, 9, 0, 8, 146.25
1735113945, 236, 46, 48, 3, 0, 0.24%, 9, 0, 8, 137.36
1735113975, 237, 12, 48, 3, 0, 0.24%, 9, 0, 8, 131.41
1735113980, 237, 16, 48, 3, 0, 0.24%, 9, 0, 8, 137.85
1735113985, 237, 42, 48, 3, 0, 0.24%, 9, 0, 8, 134.60
1735114006, 237, 46, 48, 3, 0, 0.24%, 9, 0, 8, 154.14
1735114036, 238, 16, 48, 3, 0, 0.24%, 9, 0, 8, 148.56
1735114042, 238, 20, 48, 3, 0, 0.24%, 9, 0, 8, 150.92
1735114047, 238, 36, 48, 3, 0, 0.24%, 9, 0, 8, 144.11
1735114052, 238, 37, 48, 3, 0, 0.24%, 9, 0, 8, 147.13
1735114062, 238, 42, 48, 3, 0, 0.24%, 9, 0, 8, 138.08
1735114082, 238, 43, 48, 3, 0, 0.24%, 9, 0, 8, 152.38
1735114128, 238, 45, 48, 2, 0, 0.24%, 9, 0, 8, 180.66
1735114164, 238, 45, 49, 3, 0, 0.24%, 9, 0, 8, 139.87
1735114215, 238, 46, 49, 2, 0, 0.24%, 9, 0, 8, 150.86
1735114246, 238, 48, 49, 2, 0, 0.24%, 9, 0, 8, 177.92
1735114322, 239, 16, 49, 1, 0, 0.24%, 9, 0, 8, 153.28
1735114327, 239, 22, 49, 1, 0, 0.24%, 9, 0, 8, 143.21
1735114332, 239, 31, 49, 1, 0, 0.24%, 9, 0, 8, 145.42
1735114338, 239, 42, 49, 1, 0, 0.24%, 9, 0, 8, 145.02
1735114358, 239, 46, 49, 1, 0, 0.24%, 9, 0, 8, 145.92
1735114389, 239, 47, 49, 1, 0, 0.24%, 9, 0, 8, 134.14
1735114409, 240, 12, 49, 1, 0, 0.24%, 9, 0, 8, 140.16
1735114415, 240, 16, 49, 1, 0, 0.24%, 9, 0, 8, 148.11
1735114420, 240, 42, 49, 1, 0, 0.24%, 9, 0, 8, 134.34
1735114440, 240, 46, 49, 1, 0, 0.24%, 9, 0, 8, 142.18
1735114471, 241, 16, 49, 1, 0, 0.24%, 9, 0, 8, 141.02
1735114476, 241, 42, 49, 1, 0, 0.24%, 9, 0, 8, 136.76
1735114497, 241, 46, 49, 1, 0, 0.24%, 9, 0, 8, 146.27
1735114528, 242, 12, 49, 1, 0, 0.24%, 9, 0, 8, 152.61
1735114533, 242, 42, 49, 1, 0, 0.24%, 9, 0, 8, 150.09
1735114543, 242, 42, 50, 2, 0, 0.24%, 9, 0, 8, 128.33
1735114563, 242, 49, 50, 2, 1, 0.24%, 9, 0, 8, 167.64
1735114614, 243, 16, 50, 1, 0, 0.24%, 9, 0, 8, 143.87
1735114619, 243, 17, 50, 1, 0, 0.24%, 9, 0, 8, 141.52
1735114624, 243, 46, 50, 1, 0, 0.24%, 9, 0, 8, 148.90
1735114655, 243, 47, 50, 1, 0, 0.24%, 9, 0, 8, 151.78
1735114676, 243, 49, 50, 1, 0, 0.24%, 9, 0, 8, 137.56
1735114701, 244, 12, 50, 1, 0, 0.24%, 9, 0, 8, 140.94
1735114706, 244, 16, 50, 1, 0, 0.24%, 9, 0, 8, 144.63
1735114712, 244, 17, 50, 1, 0, 0.24%, 9, 0, 8, 144.16
1735114717, 244, 25, 50, 1, 0, 0.24%, 9, 0, 8, 149.46
1735114722, 244, 31, 50, 1, 0, 0.24%, 9, 0, 8, 150.37
1735114727, 244, 44, 50, 1, 0, 0.24%, 9, 0, 8, 136.20
1735114773, 244, 46, 50, 0, 0, 0.24%, 9, 0, 8, 158.27
1735114804, 244, 49, 50, 0, 0, 0.24%, 9, 0, 8, 151.26
1735114819, 244, 49, 51, 1, 0, 0.24%, 9, 0, 8, 142.48
1735114824, 244, 50, 51, 1, 0, 0.24%, 9, 0, 8, 158.17
1735114829, 244, 50, 53, 3, 0, 0.24%, 10, 0, 9, 216.04
1735114860, 244, 50, 54, 4, 0, 0.24%, 10, 0, 9, 158.80
1735114941, 244, 52, 56, 5, 1, 0.30%, 11, 0, 10, 183.25
1735114946, 244, 52, 57, 6, 1, 0.30%, 13, 0, 10, 222.66
1735114976, 244, 52, 58, 7, 1, 0.30%, 13, 0, 10, 164.79
1735115032, 244, 52, 59, 8, 1, 0.31%, 14, 0, 10, 169.74
1735115057, 244, 54, 59, 7, 4, 0.31%, 14, 0, 10, 178.55
1735115063, 244, 54, 60, 8, 4, 0.31%, 14, 0, 11, 218.19
1735115083, 244, 54, 61, 9, 4, 0.31%, 14, 0, 11, 141.34
1735115174, 244, 54, 62, 10, 4, 0.31%, 14, 0, 11, 163.00
1735115210, 244, 55, 63, 10, 3, 0.31%, 15, 0, 11, 209.78
1735115235, 244, 55, 64, 11, 3, 0.31%, 15, 0, 11, 153.70
1735115296, 244, 55, 65, 12, 3, 0.31%, 15, 0, 11, 159.90
1735115332, 244, 55, 66, 13, 3, 0.31%, 15, 0, 11, 164.73
1735115357, 244, 56, 66, 12, 3, 0.31%, 15, 0, 11, 150.85
1735115398, 244, 56, 67, 13, 3, 0.31%, 15, 0, 11, 154.29
1735115509, 244, 58, 67, 12, 3, 0.31%, 15, 0, 11, 145.65
1735115571, 244, 58, 69, 14, 3, 0.31%, 15, 0, 11, 160.05
1735115576, 244, 58, 70, 15, 3, 0.31%, 15, 0, 11, 173.83
1735115586, 244, 58, 71, 16, 3, 0.31%, 15, 0, 11, 172.05
1735115591, 244, 58, 73, 18, 3, 0.31%, 15, 0, 11, 174.52
1735115616, 244, 58, 74, 19, 3, 0.31%, 15, 0, 11, 175.80
1735115662, 244, 62, 74, 18, 3, 0.31%, 15, 0, 11, 207.98
