# unix_time, cycles_done, cur_path, paths_total, pending_total, pending_favs, map_size, unique_crashes, unique_hangs, max_depth, execs_per_sec
1734834127, 0, 0, 10, 10, 1, 0.01%, 0, 0, 1, 82.82
1734834132, 0, 4, 10, 10, 1, 0.01%, 0, 0, 1, 103.14
1734834142, 0, 5, 10, 9, 0, 0.01%, 0, 0, 1, 106.86
1734834147, 0, 6, 10, 8, 0, 0.01%, 0, 0, 1, 101.60
1734834157, 0, 7, 10, 7, 0, 0.01%, 0, 0, 1, 100.83
1734834167, 0, 8, 10, 6, 0, 0.01%, 0, 0, 1, 100.04
1734834177, 0, 9, 10, 5, 0, 0.01%, 0, 0, 1, 98.11
1734834188, 1, 0, 10, 4, 0, 0.01%, 0, 0, 1, 97.32
1734834203, 1, 1, 10, 3, 0, 0.01%, 0, 0, 1, 94.75
1734834213, 1, 2, 10, 2, 0, 0.01%, 0, 0, 1, 93.19
1734834223, 1, 3, 10, 1, 0, 0.01%, 0, 0, 1, 102.42
1734834239, 1, 4, 10, 0, 0, 0.01%, 0, 0, 1, 101.66
1734834244, 1, 6, 10, 0, 0, 0.01%, 0, 0, 1, 102.49
1734834249, 1, 7, 10, 0, 0, 0.01%, 0, 0, 1, 101.58
1734834254, 1, 8, 10, 0, 0, 0.01%, 0, 0, 1, 103.36
1734834259, 2, 0, 10, 0, 0, 0.01%, 0, 0, 1, 103.14
1734834264, 2, 1, 10, 0, 0, 0.01%, 0, 0, 1, 102.01
1734834269, 2, 3, 10, 0, 0, 0.01%, 0, 0, 1, 101.21
1734834274, 2, 4, 10, 0, 0, 0.01%, 0, 0, 1, 100.86
1734834279, 2, 5, 10, 0, 0, 0.01%, 0, 0, 1, 100.70
1734834284, 2, 7, 10, 0, 0, 0.01%, 0, 0, 1, 102.11
1734834289, 2, 8, 10, 0, 0, 0.01%, 0, 0, 1, 101.13
1734834294, 3, 0, 10, 0, 0, 0.01%, 0, 0, 1, 101.11
1734834299, 3, 1, 10, 0, 0, 0.01%, 0, 0, 1, 103.14
1734834304, 3, 3, 10, 0, 0, 0.01%, 0, 0, 1, 101.35
1734834310, 3, 4, 10, 0, 0, 0.01%, 0, 0, 1, 99.75
1734834315, 3, 5, 10, 0, 0, 0.01%, 0, 0, 1, 102.23
1734834320, 3, 7, 10, 0, 0, 0.01%, 0, 0, 1, 101.33
1734834325, 3, 8, 10, 0, 0, 0.01%, 0, 0, 1, 102.01
1734834330, 4, 0, 10, 0, 0, 0.01%, 0, 0, 1, 103.54
1734834335, 4, 1, 10, 0, 0, 0.01%, 0, 0, 1, 101.64
1734834340, 4, 2, 10, 0, 0, 0.01%, 0, 0, 1, 104.16
1734834345, 4, 4, 10, 0, 0, 0.01%, 0, 0, 1, 103.41
1734834350, 4, 5, 10, 0, 0, 0.01%, 0, 0, 1, 100.61
1734834355, 4, 7, 10, 0, 0, 0.01%, 0, 0, 1, 99.35
1734834360, 4, 8, 10, 0, 0, 0.01%, 0, 0, 1, 103.49
1734834365, 4, 9, 10, 0, 0, 0.01%, 0, 0, 1, 101.63
1734834370, 5, 1, 10, 0, 0, 0.01%, 0, 0, 1, 102.89
1734834375, 5, 2, 10, 0, 0, 0.01%, 0, 0, 1, 101.31
1734834380, 5, 4, 10, 0, 0, 0.01%, 0, 0, 1, 100.66
1734834385, 5, 5, 10, 0, 0, 0.01%, 0, 0, 1, 100.73
1734834390, 5, 6, 10, 0, 0, 0.01%, 0, 0, 1, 101.90
1734834395, 5, 8, 10, 0, 0, 0.01%, 0, 0, 1, 100.63
1734834400, 5, 9, 10, 0, 0, 0.01%, 0, 0, 1, 99.90
1734834406, 6, 0, 10, 0, 0, 0.01%, 0, 0, 1, 100.87
1734834411, 6, 2, 10, 0, 0, 0.01%, 0, 0, 1, 101.22
1734834416, 6, 3, 10, 0, 0, 0.01%, 0, 0, 1, 103.52
1734834421, 6, 5, 10, 0, 0, 0.01%, 0, 0, 1, 103.62
1734834426, 6, 6, 10, 0, 0, 0.01%, 0, 0, 1, 102.23
1734834431, 6, 7, 10, 0, 0, 0.01%, 0, 0, 1, 99.90
1734834436, 6, 9, 10, 0, 0, 0.01%, 0, 0, 1, 102.06
1734834441, 7, 0, 10, 0, 0, 0.01%, 0, 0, 1, 102.89
1734834446, 7, 2, 10, 0, 0, 0.01%, 0, 0, 1, 102.45
1734834451, 7, 3, 10, 0, 0, 0.01%, 0, 0, 1, 100.40
1734834456, 7, 4, 10, 0, 0, 0.01%, 0, 0, 1, 99.58
1734834461, 7, 6, 10, 0, 0, 0.01%, 0, 0, 1, 102.34
1734834467, 7, 7, 10, 0, 0, 0.01%, 0, 0, 1, 100.55
1734834472, 7, 9, 10, 0, 0, 0.01%, 0, 0, 1, 104.09
1734834477, 8, 0, 10, 0, 0, 0.01%, 0, 0, 1, 101.23
1734834482, 8, 2, 10, 0, 0, 0.01%, 0, 0, 1, 99.68
1734834487, 8, 3, 10, 0, 0, 0.01%, 0, 0, 1, 100.73
1734834492, 8, 4, 10, 0, 0, 0.01%, 0, 0, 1, 103.62
1734834497, 8, 6, 10, 0, 0, 0.01%, 0, 0, 1, 102.65
1734834502, 8, 7, 10, 0, 0, 0.01%, 0, 0, 1, 101.97
1734834507, 8, 9, 10, 0, 0, 0.01%, 0, 0, 1, 103.19
1734834512, 9, 0, 10, 0, 0, 0.01%, 0, 0, 1, 100.27
1734834517, 9, 1, 10, 0, 0, 0.01%, 0, 0, 1, 102.16
1734834523, 9, 3, 10, 0, 0, 0.01%, 0, 0, 1, 101.00
1734834528, 9, 4, 10, 0, 0, 0.01%, 0, 0, 1, 102.06
1734834533, 9, 6, 10, 0, 0, 0.01%, 0, 0, 1, 101.59
1734834538, 9, 7, 10, 0, 0, 0.01%, 0, 0, 1, 100.64
1734834543, 9, 9, 10, 0, 0, 0.01%, 0, 0, 1, 104.51
1734834548, 10, 0, 10, 0, 0, 0.01%, 0, 0, 1, 99.25
1734834553, 10, 1, 10, 0, 0, 0.01%, 0, 0, 1, 98.05
1734834559, 10, 3, 10, 0, 0, 0.01%, 0, 0, 1, 101.63
1734834564, 10, 4, 10, 0, 0, 0.01%, 0, 0, 1, 104.83
1734834569, 10, 6, 10, 0, 0, 0.01%, 0, 0, 1, 101.36
1734834574, 10, 7, 10, 0, 0, 0.01%, 0, 0, 1, 102.01
1734834579, 10, 8, 10, 0, 0, 0.01%, 0, 0, 1, 102.65
1734834584, 11, 0, 10, 0, 0, 0.01%, 0, 0, 1, 104.21
1734834589, 11, 1, 10, 0, 0, 0.01%, 0, 0, 1, 100.96
1734834594, 11, 3, 10, 0, 0, 0.01%, 0, 0, 1, 100.26
1734834599, 11, 4, 10, 0, 0, 0.01%, 0, 0, 1, 102.46
1734834604, 11, 5, 10, 0, 0, 0.01%, 0, 0, 1, 100.53
1734834609, 11, 7, 10, 0, 0, 0.01%, 0, 0, 1, 99.20
1734834614, 11, 8, 10, 0, 0, 0.01%, 0, 0, 1, 100.69
1734834619, 11, 9, 10, 0, 0, 0.01%, 0, 0, 1, 101.94
1734834624, 12, 1, 10, 0, 0, 0.01%, 0, 0, 1, 101.41
1734834629, 12, 2, 10, 0, 0, 0.01%, 0, 0, 1, 101.49
1734834634, 12, 4, 10, 0, 0, 0.01%, 0, 0, 1, 103.02
1734834639, 12, 5, 10, 0, 0, 0.01%, 0, 0, 1, 101.80
1734834644, 12, 7, 10, 0, 0, 0.01%, 0, 0, 1, 102.39
1734834649, 12, 8, 10, 0, 0, 0.01%, 0, 0, 1, 101.11
1734834654, 12, 9, 10, 0, 0, 0.01%, 0, 0, 1, 100.83
1734834660, 13, 1, 10, 0, 0, 0.01%, 0, 0, 1, 101.34
1734834665, 13, 2, 10, 0, 0, 0.01%, 0, 0, 1, 102.62
1734834670, 13, 4, 10, 0, 0, 0.01%, 0, 0, 1, 104.23
1734834675, 13, 5, 10, 0, 0, 0.01%, 0, 0, 1, 101.18
1734834680, 13, 7, 10, 0, 0, 0.01%, 0, 0, 1, 104.05
1734834685, 13, 8, 10, 0, 0, 0.01%, 0, 0, 1, 103.29
1734834690, 13, 9, 10, 0, 0, 0.01%, 0, 0, 1, 101.71
1734834696, 14, 1, 10, 0, 0, 0.01%, 0, 0, 1, 101.71
1734834701, 14, 2, 10, 0, 0, 0.01%, 0, 0, 1, 99.33
1734834706, 14, 3, 10, 0, 0, 0.01%, 0, 0, 1, 102.24
1734834711, 14, 5, 10, 0, 0, 0.01%, 0, 0, 1, 101.90
1734834716, 14, 6, 10, 0, 0, 0.01%, 0, 0, 1, 102.33
1734834721, 14, 8, 10, 0, 0, 0.01%, 0, 0, 1, 103.85
1734834726, 14, 9, 10, 0, 0, 0.01%, 0, 0, 1, 100.42
1734834731, 15, 1, 10, 0, 0, 0.01%, 0, 0, 1, 103.91
1734834736, 15, 2, 10, 0, 0, 0.01%, 0, 0, 1, 105.31
1734834741, 15, 3, 10, 0, 0, 0.01%, 0, 0, 1, 105.84
1734834746, 15, 5, 10, 0, 0, 0.01%, 0, 0, 1, 107.58
1734834751, 15, 6, 10, 0, 0, 0.01%, 0, 0, 1, 105.44
1734834756, 15, 8, 10, 0, 0, 0.01%, 0, 0, 1, 104.88
1734834761, 15, 9, 10, 0, 0, 0.01%, 0, 0, 1, 108.00
1734834766, 16, 1, 10, 0, 0, 0.01%, 0, 0, 1, 104.68
1734834771, 16, 2, 10, 0, 0, 0.01%, 0, 0, 1, 106.01
1734834776, 16, 4, 10, 0, 0, 0.01%, 0, 0, 1, 108.12
1734834781, 16, 5, 10, 0, 0, 0.01%, 0, 0, 1, 105.24
1734834786, 16, 7, 10, 0, 0, 0.01%, 0, 0, 1, 107.04
1734834791, 16, 8, 10, 0, 0, 0.01%, 0, 0, 1, 106.46
1734834797, 16, 9, 10, 0, 0, 0.01%, 0, 0, 1, 107.49
1734834802, 17, 1, 10, 0, 0, 0.01%, 0, 0, 1, 104.34
1734834807, 17, 2, 10, 0, 0, 0.01%, 0, 0, 1, 104.97
1734834812, 17, 4, 10, 0, 0, 0.01%, 0, 0, 1, 108.11
1734834817, 17, 5, 10, 0, 0, 0.01%, 0, 0, 1, 109.82
1734834822, 17, 7, 10, 0, 0, 0.01%, 0, 0, 1, 106.45
1734834827, 17, 8, 10, 0, 0, 0.01%, 0, 0, 1, 107.26
1734834832, 18, 0, 10, 0, 0, 0.01%, 0, 0, 1, 106.62
1734834837, 18, 1, 10, 0, 0, 0.01%, 0, 0, 1, 109.10
1734834842, 18, 3, 10, 0, 0, 0.01%, 0, 0, 1, 108.06
1734834847, 18, 4, 10, 0, 0, 0.01%, 0, 0, 1, 108.96
1734834852, 18, 6, 10, 0, 0, 0.01%, 0, 0, 1, 110.96
1734834857, 18, 7, 10, 0, 0, 0.01%, 0, 0, 1, 108.58
1734834862, 18, 9, 10, 0, 0, 0.01%, 0, 0, 1, 103.39
1734834867, 19, 0, 10, 0, 0, 0.01%, 0, 0, 1, 109.28
1734834872, 19, 2, 10, 0, 0, 0.01%, 0, 0, 1, 105.80
1734834877, 19, 3, 10, 0, 0, 0.01%, 0, 0, 1, 106.67
1734834882, 19, 5, 10, 0, 0, 0.01%, 0, 0, 1, 108.56
1734834887, 19, 6, 10, 0, 0, 0.01%, 0, 0, 1, 107.54
1734834893, 19, 8, 10, 0, 0, 0.01%, 0, 0, 1, 109.04
1734834898, 19, 9, 10, 0, 0, 0.01%, 0, 0, 1, 106.50
1734834903, 20, 0, 10, 0, 0, 0.01%, 0, 0, 1, 105.00
1734834908, 20, 2, 10, 0, 0, 0.01%, 0, 0, 1, 106.05
1734834913, 20, 3, 10, 0, 0, 0.01%, 0, 0, 1, 106.42
1734834918, 20, 5, 10, 0, 0, 0.01%, 0, 0, 1, 107.08
1734834923, 20, 6, 10, 0, 0, 0.01%, 0, 0, 1, 105.48
1734834928, 20, 8, 10, 0, 0, 0.01%, 0, 0, 1, 106.36
1734834933, 20, 9, 10, 0, 0, 0.01%, 0, 0, 1, 106.84
1734834938, 21, 1, 10, 0, 0, 0.01%, 0, 0, 1, 102.27
1734834943, 21, 2, 10, 0, 0, 0.01%, 0, 0, 1, 104.58
1734834948, 21, 4, 10, 0, 0, 0.01%, 0, 0, 1, 104.78
1734834953, 21, 5, 10, 0, 0, 0.01%, 0, 0, 1, 106.23
1734834958, 21, 6, 10, 0, 0, 0.01%, 0, 0, 1, 107.00
1734834963, 21, 8, 10, 0, 0, 0.01%, 0, 0, 1, 108.51
1734834968, 21, 9, 10, 0, 0, 0.01%, 0, 0, 1, 105.34
1734834973, 22, 1, 10, 0, 0, 0.01%, 0, 0, 1, 106.56
1734834979, 22, 2, 10, 0, 0, 0.01%, 0, 0, 1, 104.28
1734834984, 22, 4, 10, 0, 0, 0.01%, 0, 0, 1, 106.73
1734834989, 22, 5, 10, 0, 0, 0.01%, 0, 0, 1, 104.67
1734834994, 22, 7, 10, 0, 0, 0.01%, 0, 0, 1, 106.25
1734834999, 22, 8, 10, 0, 0, 0.01%, 0, 0, 1, 104.29
1734835004, 23, 0, 10, 0, 0, 0.01%, 0, 0, 1, 106.58
1734835009, 23, 1, 10, 0, 0, 0.01%, 0, 0, 1, 106.20
1734835014, 23, 2, 10, 0, 0, 0.01%, 0, 0, 1, 107.23
1734835019, 23, 4, 10, 0, 0, 0.01%, 0, 0, 1, 109.19
1734835024, 23, 5, 10, 0, 0, 0.01%, 0, 0, 1, 106.75
1734835029, 23, 7, 10, 0, 0, 0.01%, 0, 0, 1, 108.60
1734835034, 23, 8, 10, 0, 0, 0.01%, 0, 0, 1, 107.70
1734835039, 24, 0, 10, 0, 0, 0.01%, 0, 0, 1, 107.99
1734835044, 24, 1, 10, 0, 0, 0.01%, 0, 0, 1, 102.69
1734835049, 24, 3, 10, 0, 0, 0.01%, 0, 0, 1, 106.59
1734835054, 24, 4, 10, 0, 0, 0.01%, 0, 0, 1, 106.79
1734835059, 24, 6, 10, 0, 0, 0.01%, 0, 0, 1, 107.47
1734835064, 24, 7, 10, 0, 0, 0.01%, 0, 0, 1, 109.00
1734835069, 24, 9, 10, 0, 0, 0.01%, 0, 0, 1, 107.19
1734835075, 25, 0, 10, 0, 0, 0.01%, 0, 0, 1, 104.81
1734835080, 25, 2, 10, 0, 0, 0.01%, 0, 0, 1, 107.33
1734835085, 25, 3, 10, 0, 0, 0.01%, 0, 0, 1, 105.07
1734835090, 25, 4, 10, 0, 0, 0.01%, 0, 0, 1, 107.19
1734835095, 25, 6, 10, 0, 0, 0.01%, 0, 0, 1, 106.11
1734835100, 25, 7, 10, 0, 0, 0.01%, 0, 0, 1, 107.01
1734835105, 25, 9, 10, 0, 0, 0.01%, 0, 0, 1, 107.84
1734835110, 26, 0, 10, 0, 0, 0.01%, 0, 0, 1, 106.22
1734835115, 26, 2, 10, 0, 0, 0.01%, 0, 0, 1, 107.22
1734835121, 26, 3, 10, 0, 0, 0.01%, 0, 0, 1, 109.44
1734835126, 26, 5, 10, 0, 0, 0.01%, 0, 0, 1, 104.68
1734835131, 26, 6, 10, 0, 0, 0.01%, 0, 0, 1, 105.20
1734835136, 26, 8, 10, 0, 0, 0.01%, 0, 0, 1, 108.38
1734835141, 26, 9, 10, 0, 0, 0.01%, 0, 0, 1, 107.38
1734835146, 27, 1, 10, 0, 0, 0.01%, 0, 0, 1, 109.01
1734835151, 27, 2, 10, 0, 0, 0.01%, 0, 0, 1, 108.57
1734835156, 27, 4, 10, 0, 0, 0.01%, 0, 0, 1, 108.22
1734835161, 27, 5, 10, 0, 0, 0.01%, 0, 0, 1, 108.22
1734835166, 27, 7, 10, 0, 0, 0.01%, 0, 0, 1, 107.04
1734835171, 27, 8, 10, 0, 0, 0.01%, 0, 0, 1, 106.89
1734835176, 28, 0, 10, 0, 0, 0.01%, 0, 0, 1, 107.36
1734835181, 28, 1, 10, 0, 0, 0.01%, 0, 0, 1, 105.70
1734835186, 28, 3, 10, 0, 0, 0.01%, 0, 0, 1, 104.29
1734835191, 28, 4, 10, 0, 0, 0.01%, 0, 0, 1, 104.64
1734835196, 28, 5, 10, 0, 0, 0.01%, 0, 0, 1, 105.07
1734835201, 28, 7, 10, 0, 0, 0.01%, 0, 0, 1, 107.78
1734835207, 28, 8, 10, 0, 0, 0.01%, 0, 0, 1, 107.83
1734835212, 29, 0, 10, 0, 0, 0.01%, 0, 0, 1, 106.99
1734835217, 29, 1, 10, 0, 0, 0.01%, 0, 0, 1, 106.51
1734835222, 29, 3, 10, 0, 0, 0.01%, 0, 0, 1, 104.46
1734835227, 29, 4, 10, 0, 0, 0.01%, 0, 0, 1, 105.66
1734835232, 29, 6, 10, 0, 0, 0.01%, 0, 0, 1, 108.21
1734835237, 29, 7, 10, 0, 0, 0.01%, 0, 0, 1, 108.83
1734835242, 29, 9, 10, 0, 0, 0.01%, 0, 0, 1, 107.30
1734835247, 30, 0, 10, 0, 0, 0.01%, 0, 0, 1, 105.70
1734835252, 30, 2, 10, 0, 0, 0.01%, 0, 0, 1, 106.16
1734835257, 30, 3, 10, 0, 0, 0.01%, 0, 0, 1, 112.08
1734835262, 30, 5, 10, 0, 0, 0.01%, 0, 0, 1, 107.39
1734835268, 30, 6, 10, 0, 0, 0.01%, 0, 0, 1, 108.83
1734835273, 30, 8, 10, 0, 0, 0.01%, 0, 0, 1, 105.39
1734835278, 30, 9, 10, 0, 0, 0.01%, 0, 0, 1, 106.18
1734835283, 31, 1, 10, 0, 0, 0.01%, 0, 0, 1, 106.06
1734835288, 31, 2, 10, 0, 0, 0.01%, 0, 0, 1, 105.72
1734835293, 31, 3, 10, 0, 0, 0.01%, 0, 0, 1, 104.68
1734835298, 31, 5, 10, 0, 0, 0.01%, 0, 0, 1, 107.42
1734835303, 31, 6, 10, 0, 0, 0.01%, 0, 0, 1, 106.72
1734835308, 31, 8, 10, 0, 0, 0.01%, 0, 0, 1, 105.56
1734835313, 31, 9, 10, 0, 0, 0.01%, 0, 0, 1, 108.76
1734835318, 32, 1, 10, 0, 0, 0.01%, 0, 0, 1, 108.72
1734835323, 32, 2, 10, 0, 0, 0.01%, 0, 0, 1, 105.93
1734835328, 32, 4, 10, 0, 0, 0.01%, 0, 0, 1, 106.28
1734835333, 32, 5, 10, 0, 0, 0.01%, 0, 0, 1, 106.82
1734835339, 32, 7, 10, 0, 0, 0.01%, 0, 0, 1, 108.42
1734835344, 32, 8, 10, 0, 0, 0.01%, 0, 0, 1, 106.22
1734835349, 33, 0, 10, 0, 0, 0.01%, 0, 0, 1, 107.18
1734835354, 33, 1, 10, 0, 0, 0.01%, 0, 0, 1, 110.94
1734835359, 33, 3, 10, 0, 0, 0.01%, 0, 0, 1, 104.05
1734835364, 33, 4, 10, 0, 0, 0.01%, 0, 0, 1, 105.19
1734835369, 33, 6, 10, 0, 0, 0.01%, 0, 0, 1, 106.79
1734835374, 33, 7, 10, 0, 0, 0.01%, 0, 0, 1, 107.22
1734835379, 33, 8, 10, 0, 0, 0.01%, 0, 0, 1, 105.64
1734835384, 34, 0, 10, 0, 0, 0.01%, 0, 0, 1, 107.02
1734835389, 34, 1, 10, 0, 0, 0.01%, 0, 0, 1, 107.13
1734835394, 34, 3, 10, 0, 0, 0.01%, 0, 0, 1, 108.45
1734835399, 34, 4, 10, 0, 0, 0.01%, 0, 0, 1, 105.37
1734835404, 34, 6, 10, 0, 0, 0.01%, 0, 0, 1, 106.07
1734835409, 34, 7, 10, 0, 0, 0.01%, 0, 0, 1, 106.51
1734835414, 34, 9, 10, 0, 0, 0.01%, 0, 0, 1, 108.39
1734835419, 35, 0, 10, 0, 0, 0.01%, 0, 0, 1, 107.54
1734835425, 35, 2, 10, 0, 0, 0.01%, 0, 0, 1, 107.48
1734835430, 35, 3, 10, 0, 0, 0.01%, 0, 0, 1, 104.37
1734835435, 35, 5, 10, 0, 0, 0.01%, 0, 0, 1, 103.32
1734835440, 35, 6, 10, 0, 0, 0.01%, 0, 0, 1, 105.22
1734835445, 35, 7, 10, 0, 0, 0.01%, 0, 0, 1, 106.66
1734835450, 35, 9, 10, 0, 0, 0.01%, 0, 0, 1, 106.59
1734835455, 36, 0, 10, 0, 0, 0.01%, 0, 0, 1, 106.91
1734835460, 36, 2, 10, 0, 0, 0.01%, 0, 0, 1, 107.96
1734835465, 36, 3, 10, 0, 0, 0.01%, 0, 0, 1, 108.29
1734835470, 36, 5, 10, 0, 0, 0.01%, 0, 0, 1, 105.46
1734835475, 36, 6, 10, 0, 0, 0.01%, 0, 0, 1, 104.70
1734835481, 36, 8, 10, 0, 0, 0.01%, 0, 0, 1, 103.84
1734835486, 36, 9, 10, 0, 0, 0.01%, 0, 0, 1, 105.80
1734835491, 37, 1, 10, 0, 0, 0.01%, 0, 0, 1, 103.79
1734835496, 37, 2, 10, 0, 0, 0.01%, 0, 0, 1, 104.99
1734835501, 37, 4, 10, 0, 0, 0.01%, 0, 0, 1, 109.94
1734835506, 37, 5, 10, 0, 0, 0.01%, 0, 0, 1, 106.38
1734835511, 37, 7, 10, 0, 0, 0.01%, 0, 0, 1, 106.57
1734835516, 37, 8, 10, 0, 0, 0.01%, 0, 0, 1, 107.88
1734835521, 38, 0, 10, 0, 0, 0.01%, 0, 0, 1, 107.71
1734835526, 38, 1, 10, 0, 0, 0.01%, 0, 0, 1, 107.81
1734835531, 38, 3, 10, 0, 0, 0.01%, 0, 0, 1, 107.20
1734835536, 38, 4, 10, 0, 0, 0.01%, 0, 0, 1, 106.30
1734835542, 38, 6, 10, 0, 0, 0.01%, 0, 0, 1, 109.34
1734835547, 38, 7, 10, 0, 0, 0.01%, 0, 0, 1, 107.60
1734835552, 38, 8, 10, 0, 0, 0.01%, 0, 0, 1, 105.27
1734835557, 39, 0, 10, 0, 0, 0.01%, 0, 0, 1, 105.99
1734835562, 39, 1, 10, 0, 0, 0.01%, 0, 0, 1, 104.71
1734835567, 39, 3, 10, 0, 0, 0.01%, 0, 0, 1, 105.18
1734835572, 39, 4, 10, 0, 0, 0.01%, 0, 0, 1, 104.36
1734835577, 39, 6, 10, 0, 0, 0.01%, 0, 0, 1, 105.00
1734835582, 39, 7, 10, 0, 0, 0.01%, 0, 0, 1, 104.37
1734835587, 39, 9, 10, 0, 0, 0.01%, 0, 0, 1, 105.34
1734835592, 40, 0, 10, 0, 0, 0.01%, 0, 0, 1, 106.36
1734835597, 40, 2, 10, 0, 0, 0.01%, 0, 0, 1, 105.43
1734835603, 40, 3, 10, 0, 0, 0.01%, 0, 0, 1, 109.03
1734835608, 40, 5, 10, 0, 0, 0.01%, 0, 0, 1, 107.64
1734835613, 40, 6, 10, 0, 0, 0.01%, 0, 0, 1, 105.07
1734835618, 40, 8, 10, 0, 0, 0.01%, 0, 0, 1, 108.39
1734835623, 40, 9, 10, 0, 0, 0.01%, 0, 0, 1, 109.16
1734835628, 41, 1, 10, 0, 0, 0.01%, 0, 0, 1, 105.03
1734835633, 41, 2, 10, 0, 0, 0.01%, 0, 0, 1, 105.62
1734835638, 41, 3, 10, 0, 0, 0.01%, 0, 0, 1, 106.54
1734835643, 41, 5, 10, 0, 0, 0.01%, 0, 0, 1, 108.14
1734835648, 41, 6, 10, 0, 0, 0.01%, 0, 0, 1, 107.09
1734835653, 41, 8, 10, 0, 0, 0.01%, 0, 0, 1, 107.14
1734835658, 41, 9, 10, 0, 0, 0.01%, 0, 0, 1, 105.73
1734835663, 42, 1, 10, 0, 0, 0.01%, 0, 0, 1, 102.25
1734835668, 42, 2, 10, 0, 0, 0.01%, 0, 0, 1, 107.67
1734835673, 42, 4, 10, 0, 0, 0.01%, 0, 0, 1, 106.10
1734835678, 42, 5, 10, 0, 0, 0.01%, 0, 0, 1, 105.49
1734835684, 42, 7, 10, 0, 0, 0.01%, 0, 0, 1, 104.03
1734835689, 42, 8, 10, 0, 0, 0.01%, 0, 0, 1, 105.95
1734835694, 43, 0, 10, 0, 0, 0.01%, 0, 0, 1, 105.14
1734835699, 43, 1, 10, 0, 0, 0.01%, 0, 0, 1, 106.87
1734835704, 43, 3, 10, 0, 0, 0.01%, 0, 0, 1, 107.02
1734835709, 43, 4, 10, 0, 0, 0.01%, 0, 0, 1, 107.07
1734835714, 43, 6, 10, 0, 0, 0.01%, 0, 0, 1, 108.35
1734835720, 43, 7, 10, 0, 0, 0.01%, 0, 0, 1, 106.30
1734835725, 43, 9, 10, 0, 0, 0.01%, 0, 0, 1, 108.56
1734835730, 44, 0, 10, 0, 0, 0.01%, 0, 0, 1, 108.22
1734835735, 44, 1, 10, 0, 0, 0.01%, 0, 0, 1, 106.02
1734835740, 44, 3, 10, 0, 0, 0.01%, 0, 0, 1, 106.06
1734835745, 44, 4, 10, 0, 0, 0.01%, 0, 0, 1, 108.40
1734835750, 44, 6, 10, 0, 0, 0.01%, 0, 0, 1, 107.89
1734835755, 44, 7, 10, 0, 0, 0.01%, 0, 0, 1, 104.43
1734835760, 44, 9, 10, 0, 0, 0.01%, 0, 0, 1, 103.76
1734835765, 45, 0, 10, 0, 0, 0.01%, 0, 0, 1, 106.05
1734835770, 45, 2, 10, 0, 0, 0.01%, 0, 0, 1, 104.37
1734835775, 45, 3, 10, 0, 0, 0.01%, 0, 0, 1, 108.60
1734835781, 45, 5, 10, 0, 0, 0.01%, 0, 0, 1, 107.31
1734835786, 45, 6, 10, 0, 0, 0.01%, 0, 0, 1, 106.83
1734835791, 45, 8, 10, 0, 0, 0.01%, 0, 0, 1, 105.26
1734835796, 45, 9, 10, 0, 0, 0.01%, 0, 0, 1, 107.21
1734835801, 46, 1, 10, 0, 0, 0.01%, 0, 0, 1, 104.67
1734835806, 46, 2, 10, 0, 0, 0.01%, 0, 0, 1, 103.51
1734835811, 46, 3, 10, 0, 0, 0.01%, 0, 0, 1, 107.11
1734835816, 46, 5, 10, 0, 0, 0.01%, 0, 0, 1, 107.68
1734835821, 46, 6, 10, 0, 0, 0.01%, 0, 0, 1, 106.96
1734835826, 46, 8, 10, 0, 0, 0.01%, 0, 0, 1, 106.62
1734835831, 46, 9, 10, 0, 0, 0.01%, 0, 0, 1, 106.22
1734835836, 47, 1, 10, 0, 0, 0.01%, 0, 0, 1, 107.68
1734835841, 47, 2, 10, 0, 0, 0.01%, 0, 0, 1, 108.84
1734835846, 47, 4, 10, 0, 0, 0.01%, 0, 0, 1, 107.18
1734835851, 47, 5, 10, 0, 0, 0.01%, 0, 0, 1, 104.52
1734835856, 47, 7, 10, 0, 0, 0.01%, 0, 0, 1, 107.70
1734835861, 47, 8, 10, 0, 0, 0.01%, 0, 0, 1, 108.42
1734835866, 48, 0, 10, 0, 0, 0.01%, 0, 0, 1, 106.20
1734835871, 48, 1, 10, 0, 0, 0.01%, 0, 0, 1, 107.41
1734835877, 48, 2, 10, 0, 0, 0.01%, 0, 0, 1, 106.25
1734835882, 48, 4, 10, 0, 0, 0.01%, 0, 0, 1, 105.59
1734835887, 48, 5, 10, 0, 0, 0.01%, 0, 0, 1, 107.90
1734835892, 48, 7, 10, 0, 0, 0.01%, 0, 0, 1, 108.37
1734835897, 48, 8, 10, 0, 0, 0.01%, 0, 0, 1, 105.62
1734835902, 49, 0, 10, 0, 0, 0.01%, 0, 0, 1, 105.32
1734835907, 49, 1, 10, 0, 0, 0.01%, 0, 0, 1, 108.00
1734835912, 49, 3, 10, 0, 0, 0.01%, 0, 0, 1, 104.66
1734835917, 49, 4, 10, 0, 0, 0.01%, 0, 0, 1, 105.89
1734835922, 49, 6, 10, 0, 0, 0.01%, 0, 0, 1, 106.31
1734835927, 49, 7, 10, 0, 0, 0.01%, 0, 0, 1, 106.58
1734835932, 49, 9, 10, 0, 0, 0.01%, 0, 0, 1, 106.48
1734835937, 50, 0, 10, 0, 0, 0.01%, 0, 0, 1, 104.88
1734835942, 50, 1, 10, 0, 0, 0.01%, 0, 0, 1, 109.09
1734835947, 50, 3, 10, 0, 0, 0.01%, 0, 0, 1, 107.73
1734835952, 50, 4, 10, 0, 0, 0.01%, 0, 0, 1, 107.50
1734835957, 50, 6, 10, 0, 0, 0.01%, 0, 0, 1, 104.46
1734835962, 50, 7, 10, 0, 0, 0.01%, 0, 0, 1, 103.77
1734835967, 50, 9, 10, 0, 0, 0.01%, 0, 0, 1, 103.93
1734835972, 51, 0, 10, 0, 0, 0.01%, 0, 0, 1, 107.03
1734835977, 51, 2, 10, 0, 0, 0.01%, 0, 0, 1, 107.59
1734835982, 51, 3, 10, 0, 0, 0.01%, 0, 0, 1, 105.45
1734835987, 51, 4, 10, 0, 0, 0.01%, 0, 0, 1, 103.40
1734835993, 51, 6, 10, 0, 0, 0.01%, 0, 0, 1, 104.90
1734835998, 51, 7, 10, 0, 0, 0.01%, 0, 0, 1, 106.43
1734836003, 51, 9, 10, 0, 0, 0.01%, 0, 0, 1, 104.56
1734836008, 52, 0, 10, 0, 0, 0.01%, 0, 0, 1, 107.19
1734836013, 52, 2, 10, 0, 0, 0.01%, 0, 0, 1, 106.80
1734836018, 52, 3, 10, 0, 0, 0.01%, 0, 0, 1, 106.90
1734836023, 52, 5, 10, 0, 0, 0.01%, 0, 0, 1, 105.06
1734836028, 52, 6, 10, 0, 0, 0.01%, 0, 0, 1, 108.86
1734836033, 52, 8, 10, 0, 0, 0.01%, 0, 0, 1, 107.21
1734836038, 52, 9, 10, 0, 0, 0.01%, 0, 0, 1, 105.21
1734836043, 53, 1, 10, 0, 0, 0.01%, 0, 0, 1, 108.34
1734836048, 53, 2, 10, 0, 0, 0.01%, 0, 0, 1, 105.06
1734836053, 53, 3, 10, 0, 0, 0.01%, 0, 0, 1, 105.12
1734836058, 53, 5, 10, 0, 0, 0.01%, 0, 0, 1, 105.05
1734836064, 53, 6, 10, 0, 0, 0.01%, 0, 0, 1, 107.31
1734836069, 53, 8, 10, 0, 0, 0.01%, 0, 0, 1, 105.90
1734836074, 53, 9, 10, 0, 0, 0.01%, 0, 0, 1, 105.15
1734836079, 54, 1, 10, 0, 0, 0.01%, 0, 0, 1, 108.28
1734836084, 54, 2, 10, 0, 0, 0.01%, 0, 0, 1, 111.84
1734836089, 54, 4, 10, 0, 0, 0.01%, 0, 0, 1, 109.25
1734836094, 54, 5, 10, 0, 0, 0.01%, 0, 0, 1, 107.02
1734836099, 54, 7, 10, 0, 0, 0.01%, 0, 0, 1, 108.49
1734836104, 54, 8, 10, 0, 0, 0.01%, 0, 0, 1, 107.98
1734836109, 55, 0, 10, 0, 0, 0.01%, 0, 0, 1, 105.60
1734836114, 55, 1, 10, 0, 0, 0.01%, 0, 0, 1, 104.87
1734836119, 55, 3, 10, 0, 0, 0.01%, 0, 0, 1, 102.87
1734836124, 55, 4, 10, 0, 0, 0.01%, 0, 0, 1, 105.45
1734836129, 55, 5, 10, 0, 0, 0.01%, 0, 0, 1, 107.59
1734836135, 55, 7, 10, 0, 0, 0.01%, 0, 0, 1, 108.33
1734836140, 55, 8, 10, 0, 0, 0.01%, 0, 0, 1, 106.33
1734836145, 56, 0, 10, 0, 0, 0.01%, 0, 0, 1, 108.59
1734836150, 56, 1, 10, 0, 0, 0.01%, 0, 0, 1, 106.35
1734836155, 56, 3, 10, 0, 0, 0.01%, 0, 0, 1, 105.45
1734836160, 56, 4, 10, 0, 0, 0.01%, 0, 0, 1, 105.93
1734836165, 56, 6, 10, 0, 0, 0.01%, 0, 0, 1, 107.41
1734836170, 56, 7, 10, 0, 0, 0.01%, 0, 0, 1, 104.68
1734836175, 56, 9, 10, 0, 0, 0.01%, 0, 0, 1, 107.76
1734836180, 57, 0, 10, 0, 0, 0.01%, 0, 0, 1, 108.15
1734836185, 57, 2, 10, 0, 0, 0.01%, 0, 0, 1, 106.68
1734836190, 57, 3, 10, 0, 0, 0.01%, 0, 0, 1, 104.13
1734836195, 57, 4, 10, 0, 0, 0.01%, 0, 0, 1, 105.97
1734836200, 57, 6, 10, 0, 0, 0.01%, 0, 0, 1, 100.05
1734836205, 57, 7, 10, 0, 0, 0.01%, 0, 0, 1, 106.75
1734836210, 57, 9, 10, 0, 0, 0.01%, 0, 0, 1, 104.15
1734836215, 58, 0, 10, 0, 0, 0.01%, 0, 0, 1, 105.41
1734836220, 58, 2, 10, 0, 0, 0.01%, 0, 0, 1, 107.13
1734836225, 58, 3, 10, 0, 0, 0.01%, 0, 0, 1, 102.87
1734836231, 58, 5, 10, 0, 0, 0.01%, 0, 0, 1, 103.06
1734836236, 58, 6, 10, 0, 0, 0.01%, 0, 0, 1, 104.86
1734836241, 58, 8, 10, 0, 0, 0.01%, 0, 0, 1, 106.63
1734836246, 58, 9, 10, 0, 0, 0.01%, 0, 0, 1, 107.49
1734836251, 59, 1, 10, 0, 0, 0.01%, 0, 0, 1, 106.04
1734836256, 59, 2, 10, 0, 0, 0.01%, 0, 0, 1, 105.23
1734836261, 59, 3, 10, 0, 0, 0.01%, 0, 0, 1, 106.20
1734836266, 59, 5, 10, 0, 0, 0.01%, 0, 0, 1, 107.45
1734836271, 59, 6, 10, 0, 0, 0.01%, 0, 0, 1, 104.47
1734836276, 59, 8, 10, 0, 0, 0.01%, 0, 0, 1, 105.71
1734836281, 59, 9, 10, 0, 0, 0.01%, 0, 0, 1, 107.99
1734836286, 60, 1, 10, 0, 0, 0.01%, 0, 0, 1, 107.97
1734836291, 60, 2, 10, 0, 0, 0.01%, 0, 0, 1, 106.24
1734836296, 60, 4, 10, 0, 0, 0.01%, 0, 0, 1, 105.17
1734836302, 60, 5, 10, 0, 0, 0.01%, 0, 0, 1, 109.86
1734836307, 60, 7, 10, 0, 0, 0.01%, 0, 0, 1, 108.37
1734836312, 60, 8, 10, 0, 0, 0.01%, 0, 0, 1, 106.20
1734836317, 61, 0, 10, 0, 0, 0.01%, 0, 0, 1, 108.94
1734836322, 61, 1, 10, 0, 0, 0.01%, 0, 0, 1, 106.36
1734836327, 61, 2, 10, 0, 0, 0.01%, 0, 0, 1, 106.00
1734836332, 61, 4, 10, 0, 0, 0.01%, 0, 0, 1, 105.22
1734836337, 61, 5, 10, 0, 0, 0.01%, 0, 0, 1, 106.59
1734836342, 61, 7, 10, 0, 0, 0.01%, 0, 0, 1, 109.20
1734836347, 61, 8, 10, 0, 0, 0.01%, 0, 0, 1, 107.56
1734836352, 62, 0, 10, 0, 0, 0.01%, 0, 0, 1, 104.40
1734836357, 62, 1, 10, 0, 0, 0.01%, 0, 0, 1, 105.90
1734836362, 62, 3, 10, 0, 0, 0.01%, 0, 0, 1, 107.37
1734836367, 62, 4, 10, 0, 0, 0.01%, 0, 0, 1, 105.33
1734836372, 62, 6, 10, 0, 0, 0.01%, 0, 0, 1, 107.88
1734836377, 62, 7, 10, 0, 0, 0.01%, 0, 0, 1, 108.04
1734836382, 62, 9, 10, 0, 0, 0.01%, 0, 0, 1, 108.08
1734836387, 63, 0, 10, 0, 0, 0.01%, 0, 0, 1, 104.78
1734836392, 63, 2, 10, 0, 0, 0.01%, 0, 0, 1, 107.26
1734836398, 63, 3, 10, 0, 0, 0.01%, 0, 0, 1, 107.19
1734836403, 63, 4, 10, 0, 0, 0.01%, 0, 0, 1, 107.20
1734836408, 63, 6, 10, 0, 0, 0.01%, 0, 0, 1, 107.71
1734836413, 63, 7, 10, 0, 0, 0.01%, 0, 0, 1, 104.53
1734836418, 63, 10, 12, 2, 1, 0.16%, 2, 0, 3, 124.69
1734836423, 63, 10, 13, 3, 1, 0.16%, 3, 0, 3, 121.52
1734836458, 63, 10, 14, 4, 1, 0.17%, 4, 0, 3, 118.91
1734836463, 63, 10, 15, 5, 1, 0.17%, 4, 0, 3, 120.01
1734836549, 63, 11, 15, 4, 3, 0.17%, 4, 0, 3, 133.28
1734836600, 63, 12, 15, 3, 2, 0.17%, 4, 0, 3, 130.11
1734836620, 63, 12, 16, 4, 2, 0.17%, 4, 0, 4, 114.04
1734836630, 63, 12, 17, 5, 2, 0.17%, 4, 0, 4, 114.62
1734836676, 63, 12, 18, 6, 2, 0.17%, 4, 0, 4, 115.13
1734836696, 63, 12, 19, 7, 2, 0.17%, 4, 0, 4, 115.95
1734836752, 63, 17, 20, 7, 1, 0.17%, 5, 0, 5, 126.21
1734836767, 63, 17, 21, 8, 1, 0.17%, 5, 0, 5, 126.81
1734836777, 63, 17, 22, 9, 1, 0.17%, 5, 0, 5, 121.00
1734836788, 63, 17, 23, 10, 1, 0.17%, 5, 0, 5, 122.80
1734836828, 63, 17, 24, 11, 1, 0.17%, 5, 0, 5, 122.82
1734836879, 63, 17, 25, 12, 1, 0.17%, 5, 0, 5, 120.97
1734836895, 63, 17, 26, 13, 1, 0.17%, 5, 0, 5, 134.51
1734836925, 63, 19, 27, 13, 1, 0.17%, 5, 0, 6, 157.03
1734836956, 63, 19, 28, 14, 1, 0.17%, 5, 0, 6, 123.74
1734837047, 63, 19, 30, 16, 1, 0.17%, 5, 0, 6, 131.30
1734837052, 63, 26, 32, 17, 1, 0.17%, 5, 0, 6, 148.93
1734837113, 63, 26, 33, 18, 1, 0.17%, 5, 0, 7, 152.55
1734837129, 63, 31, 33, 17, 0, 0.17%, 5, 0, 7, 134.85
1734837170, 63, 31, 35, 19, 0, 0.17%, 5, 0, 7, 128.87
1734837257, 63, 31, 37, 21, 0, 0.17%, 5, 0, 7, 148.01
1734837267, 64, 9, 37, 20, 0, 0.17%, 5, 0, 7, 128.12
1734837272, 64, 11, 37, 20, 0, 0.17%, 5, 0, 7, 119.21
1734837282, 64, 12, 37, 20, 0, 0.17%, 5, 0, 7, 122.25
1734837292, 64, 14, 37, 20, 0, 0.17%, 5, 0, 7, 163.76
1734837323, 64, 17, 37, 19, 0, 0.17%, 5, 0, 7, 120.69
1734837354, 64, 21, 37, 19, 0, 0.17%, 5, 0, 7, 168.11
1734837430, 64, 23, 37, 18, 0, 0.17%, 5, 0, 7, 134.95
1734837507, 64, 26, 37, 17, 0, 0.17%, 5, 0, 7, 123.75
1734837543, 64, 36, 37, 17, 0, 0.17%, 5, 0, 7, 162.05
1734837604, 64, 36, 38, 18, 0, 0.17%, 5, 0, 8, 183.80
1734837686, 65, 5, 38, 17, 0, 0.17%, 5, 0, 8, 149.07
1734837691, 65, 11, 38, 17, 0, 0.17%, 5, 0, 8, 142.71
1734837701, 65, 12, 38, 17, 0, 0.17%, 5, 0, 8, 141.27
1734837711, 65, 17, 38, 17, 0, 0.17%, 5, 0, 8, 144.42
1734837732, 65, 18, 38, 17, 0, 0.17%, 5, 0, 8, 211.01
1734837839, 65, 20, 38, 16, 0, 0.17%, 5, 0, 8, 177.05
1734837885, 65, 22, 38, 15, 0, 0.17%, 5, 0, 8, 150.25
1734837957, 65, 22, 39, 16, 0, 0.17%, 6, 0, 8, 284.90
1734838407, 65, 26, 39, 15, 0, 0.17%, 6, 0, 8, 142.48
1734838427, 65, 29, 39, 15, 0, 0.17%, 6, 0, 8, 187.27
1734838478, 65, 30, 39, 14, 0, 0.17%, 6, 0, 8, 186.97
1734838554, 65, 30, 40, 15, 0, 0.17%, 7, 0, 8, 175.82
1734838621, 65, 32, 40, 14, 0, 0.17%, 7, 0, 8, 119.85
1734839111, 65, 34, 40, 13, 0, 0.17%, 7, 0, 8, 197.06
1734839259, 65, 35, 40, 12, 0, 0.17%, 7, 0, 8, 201.95
1734839341, 65, 38, 40, 11, 0, 0.17%, 7, 0, 8, 173.12
1734839529, 66, 11, 40, 10, 0, 0.17%, 7, 0, 8, 147.43
1734839539, 66, 12, 40, 10, 0, 0.17%, 7, 0, 8, 143.15
1734839549, 66, 15, 40, 10, 0, 0.17%, 7, 0, 8, 152.50
1734839600, 66, 17, 40, 9, 0, 0.17%, 7, 0, 8, 136.97
1734839621, 66, 24, 40, 9, 0, 0.17%, 7, 0, 8, 232.49
1734839790, 66, 26, 40, 8, 0, 0.17%, 7, 0, 8, 128.71
1734839810, 66, 29, 40, 8, 0, 0.17%, 7, 0, 8, 148.63
1734839836, 66, 33, 40, 8, 0, 0.17%, 7, 0, 8, 194.14
1734839953, 66, 39, 40, 7, 0, 0.17%, 7, 0, 8, 177.33
1734840095, 67, 11, 40, 6, 0, 0.17%, 7, 0, 8, 139.19
1734840106, 67, 12, 40, 6, 0, 0.17%, 7, 0, 8, 138.07
1734840116, 67, 17, 40, 6, 0, 0.17%, 7, 0, 8, 140.30
1734840137, 67, 22, 40, 6, 0, 0.17%, 7, 0, 8, 181.53
1734840152, 67, 26, 40, 6, 0, 0.17%, 7, 0, 8, 149.13
1734840173, 67, 28, 40, 6, 0, 0.17%, 7, 0, 8, 194.03
1734840259, 68, 11, 40, 5, 0, 0.17%, 7, 0, 8, 145.25
1734840275, 68, 12, 40, 5, 0, 0.17%, 7, 0, 8, 137.31
1734840285, 68, 17, 40, 5, 0, 0.17%, 7, 0, 8, 137.54
1734840301, 68, 25, 40, 5, 0, 0.17%, 7, 0, 8, 143.28
1734840357, 68, 26, 40, 4, 0, 0.17%, 7, 0, 8, 146.17
1734840377, 68, 35, 40, 4, 0, 0.17%, 7, 0, 8, 148.63
1734840408, 69, 11, 40, 4, 0, 0.17%, 7, 0, 8, 137.31
1734840418, 69, 12, 40, 4, 0, 0.17%, 7, 0, 8, 142.40
1734840423, 69, 17, 40, 4, 0, 0.17%, 7, 0, 8, 142.66
1734840449, 69, 26, 40, 4, 0, 0.17%, 7, 0, 8, 139.57
1734840470, 69, 27, 40, 4, 0, 0.17%, 7, 0, 8, 159.19
1734840531, 70, 6, 40, 3, 0, 0.17%, 7, 0, 8, 147.22
1734840536, 70, 11, 40, 3, 0, 0.17%, 7, 0, 8, 136.02
1734840547, 70, 12, 40, 3, 0, 0.17%, 7, 0, 8, 133.36
1734840557, 70, 17, 40, 3, 0, 0.17%, 7, 0, 8, 134.05
1734840578, 70, 26, 40, 3, 0, 0.17%, 7, 0, 8, 136.55
1734840598, 70, 30, 40, 3, 0, 0.17%, 7, 0, 8, 164.04
1734840629, 70, 32, 40, 3, 0, 0.17%, 7, 0, 8, 181.25
1734840655, 71, 5, 40, 3, 0, 0.17%, 7, 0, 8, 133.97
1734840660, 71, 11, 40, 3, 0, 0.17%, 7, 0, 8, 128.33
1734840670, 71, 12, 40, 3, 0, 0.17%, 7, 0, 8, 129.64
1734840680, 71, 17, 40, 3, 0, 0.17%, 7, 0, 8, 138.19
1734840701, 71, 23, 40, 3, 0, 0.17%, 7, 0, 8, 140.41
1734840716, 71, 25, 40, 3, 0, 0.17%, 7, 0, 8, 155.68
1734840737, 71, 26, 40, 3, 0, 0.17%, 7, 0, 8, 144.94
1734840757, 72, 11, 40, 3, 0, 0.17%, 7, 0, 8, 150.88
1734840772, 72, 12, 40, 3, 0, 0.17%, 7, 0, 8, 133.13
1734840778, 72, 15, 40, 3, 0, 0.17%, 7, 0, 8, 147.83
1734840798, 72, 17, 40, 3, 0, 0.17%, 7, 0, 8, 149.92
1734840819, 72, 18, 40, 3, 0, 0.17%, 7, 0, 8, 149.54
1734840839, 72, 26, 40, 3, 0, 0.17%, 7, 0, 8, 137.11
1734840860, 72, 37, 40, 3, 0, 0.17%, 7, 0, 8, 153.59
1734841038, 72, 38, 40, 2, 0, 0.17%, 7, 0, 8, 153.60
1734841059, 73, 1, 40, 2, 0, 0.17%, 7, 0, 8, 149.70
1734841064, 73, 11, 40, 2, 0, 0.17%, 7, 0, 8, 130.84
1734841074, 73, 12, 40, 2, 0, 0.17%, 7, 0, 8, 133.95
1734841084, 73, 13, 40, 2, 0, 0.17%, 7, 0, 8, 147.31
1734841110, 73, 26, 40, 1, 0, 0.17%, 7, 0, 8, 144.03
1734841131, 74, 11, 40, 1, 0, 0.17%, 7, 0, 8, 135.91
1734841141, 74, 12, 40, 1, 0, 0.17%, 7, 0, 8, 137.03
1734841151, 74, 13, 40, 1, 0, 0.17%, 7, 0, 8, 135.69
1734841162, 74, 20, 40, 1, 0, 0.17%, 7, 0, 8, 131.62
1734841182, 74, 26, 40, 1, 0, 0.17%, 7, 0, 8, 137.84
1734841203, 75, 11, 40, 1, 0, 0.17%, 7, 0, 8, 141.08
1734841213, 75, 12, 40, 1, 0, 0.17%, 7, 0, 8, 140.45
1734841223, 75, 13, 40, 1, 0, 0.17%, 7, 0, 8, 133.26
1734841234, 75, 26, 40, 1, 0, 0.17%, 7, 0, 8, 139.40
1734841254, 76, 11, 40, 1, 0, 0.17%, 7, 0, 8, 146.53
1734841264, 76, 12, 40, 1, 0, 0.17%, 7, 0, 8, 135.28
1734841275, 76, 13, 40, 1, 0, 0.17%, 7, 0, 8, 134.81
1734841285, 76, 17, 40, 1, 0, 0.17%, 7, 0, 8, 135.17
1734841305, 76, 26, 40, 1, 0, 0.17%, 7, 0, 8, 124.25
1734841331, 76, 30, 40, 1, 0, 0.17%, 7, 0, 8, 169.61
1734841357, 77, 11, 40, 1, 0, 0.17%, 7, 0, 8, 123.92
1734841372, 77, 12, 40, 1, 0, 0.17%, 7, 0, 8, 134.68
1734841383, 77, 13, 40, 1, 0, 0.17%, 7, 0, 8, 125.87
1734841393, 77, 26, 40, 1, 0, 0.17%, 7, 0, 8, 139.99
1734841408, 77, 31, 40, 1, 0, 0.17%, 7, 0, 8, 152.63
1734841444, 77, 39, 40, 1, 0, 0.17%, 7, 0, 8, 161.22
1734841459, 78, 11, 40, 1, 0, 0.17%, 7, 0, 8, 144.39
1734841464, 78, 12, 40, 1, 0, 0.17%, 7, 0, 8, 141.33
1734841470, 78, 13, 40, 1, 0, 0.17%, 7, 0, 8, 138.53
1734841480, 78, 26, 40, 1, 0, 0.17%, 7, 0, 8, 154.60
1734841490, 79, 11, 40, 1, 0, 0.17%, 7, 0, 8, 145.37
1734841496, 79, 12, 40, 1, 0, 0.17%, 7, 0, 8, 142.09
1734841501, 79, 13, 40, 1, 0, 0.17%, 7, 0, 8, 143.74
1734841516, 79, 23, 40, 1, 0, 0.17%, 7, 0, 8, 141.40
1734841536, 79, 24, 40, 1, 0, 0.17%, 7, 0, 8, 170.33
1734841562, 79, 25, 40, 1, 0, 0.17%, 7, 0, 8, 161.39
1734841582, 79, 26, 40, 1, 0, 0.17%, 7, 0, 8, 135.30
1734841592, 80, 11, 40, 1, 0, 0.17%, 7, 0, 8, 142.62
1734841598, 80, 12, 40, 1, 0, 0.17%, 7, 0, 8, 138.27
1734841603, 80, 13, 40, 1, 0, 0.17%, 7, 0, 8, 134.59
1734841613, 80, 26, 40, 1, 0, 0.17%, 7, 0, 8, 137.23
1734841623, 80, 29, 40, 1, 0, 0.17%, 7, 0, 8, 149.86
1734841644, 80, 34, 40, 1, 0, 0.17%, 7, 0, 8, 138.77
1734841675, 81, 11, 40, 1, 0, 0.17%, 7, 0, 8, 149.26
1734841680, 81, 13, 40, 1, 0, 0.17%, 7, 0, 8, 137.52
1734841690, 81, 26, 40, 1, 0, 0.17%, 7, 0, 8, 128.77
1734841695, 81, 30, 40, 1, 0, 0.17%, 7, 0, 8, 149.09
1734841726, 82, 11, 40, 1, 0, 0.17%, 7, 0, 8, 132.66
1734841731, 82, 13, 40, 1, 0, 0.17%, 7, 0, 8, 133.29
1734841741, 82, 18, 40, 1, 0, 0.17%, 7, 0, 8, 137.38
1734841767, 82, 26, 40, 1, 0, 0.17%, 7, 0, 8, 139.07
1734841772, 82, 29, 40, 1, 0, 0.17%, 7, 0, 8, 150.79
1734841793, 82, 38, 40, 1, 0, 0.17%, 7, 0, 8, 148.93
1734841808, 83, 2, 40, 1, 0, 0.17%, 7, 0, 8, 144.43
1734841813, 83, 12, 40, 1, 0, 0.17%, 7, 0, 8, 135.93
1734841819, 83, 13, 40, 1, 0, 0.17%, 7, 0, 8, 128.61
1734841829, 83, 17, 40, 1, 0, 0.17%, 7, 0, 8, 133.74
1734841850, 83, 26, 40, 1, 0, 0.17%, 7, 0, 8, 132.56
1734841855, 84, 12, 40, 1, 0, 0.17%, 7, 0, 8, 132.10
1734841860, 84, 13, 40, 1, 0, 0.17%, 7, 0, 8, 127.76
1734841870, 84, 16, 40, 1, 0, 0.17%, 7, 0, 8, 176.17
1734841921, 84, 26, 40, 0, 0, 0.17%, 7, 0, 8, 145.31
1734841926, 85, 11, 40, 0, 0, 0.17%, 7, 0, 8, 128.70
1734841931, 85, 13, 40, 0, 0, 0.17%, 7, 0, 8, 128.76
1734841947, 85, 26, 40, 0, 0, 0.17%, 7, 0, 8, 139.11
1734841952, 86, 10, 40, 0, 0, 0.17%, 7, 0, 8, 139.15
1734841957, 86, 11, 40, 0, 0, 0.17%, 7, 0, 8, 150.09
1734841962, 86, 13, 40, 0, 0, 0.17%, 7, 0, 8, 135.03
1734841972, 86, 26, 40, 0, 0, 0.17%, 7, 0, 8, 137.23
1734841978, 87, 9, 40, 0, 0, 0.17%, 7, 0, 8, 144.26
1734841983, 87, 12, 40, 0, 0, 0.17%, 7, 0, 8, 137.22
1734841988, 87, 13, 40, 0, 0, 0.17%, 7, 0, 8, 131.44
1734841998, 87, 26, 40, 0, 0, 0.17%, 7, 0, 8, 141.42
1734842003, 87, 36, 40, 0, 0, 0.17%, 7, 0, 8, 169.96
1734842034, 88, 12, 40, 0, 0, 0.17%, 7, 0, 8, 141.26
1734842039, 88, 13, 40, 0, 0, 0.17%, 7, 0, 8, 144.73
1734842044, 88, 21, 40, 0, 0, 0.17%, 7, 0, 8, 143.40
1734842060, 88, 26, 40, 0, 0, 0.17%, 7, 0, 8, 138.61
1734842065, 88, 28, 40, 0, 0, 0.17%, 7, 0, 8, 146.89
1734842095, 89, 9, 40, 0, 0, 0.17%, 7, 0, 8, 141.34
1734842101, 89, 12, 40, 0, 0, 0.17%, 7, 0, 8, 133.19
1734842106, 89, 13, 40, 0, 0, 0.17%, 7, 0, 8, 135.12
1734842111, 89, 26, 40, 0, 0, 0.17%, 7, 0, 8, 139.48
1734842116, 90, 12, 40, 0, 0, 0.17%, 7, 0, 8, 135.94
1734842121, 90, 13, 40, 0, 0, 0.17%, 7, 0, 8, 134.12
1734842127, 90, 26, 40, 0, 0, 0.17%, 7, 0, 8, 139.15
1734842132, 90, 37, 40, 0, 0, 0.17%, 7, 0, 8, 159.85
1734842173, 91, 11, 40, 0, 0, 0.17%, 7, 0, 8, 142.74
1734842178, 91, 13, 40, 0, 0, 0.17%, 7, 0, 8, 141.61
1734842183, 91, 17, 40, 0, 0, 0.17%, 7, 0, 8, 142.26
1734842198, 91, 26, 40, 0, 0, 0.17%, 7, 0, 8, 128.68
1734842204, 91, 38, 40, 0, 0, 0.17%, 7, 0, 8, 139.75
1734842224, 92, 11, 40, 0, 0, 0.17%, 7, 0, 8, 135.82
1734842229, 92, 13, 40, 0, 0, 0.17%, 7, 0, 8, 132.47
1734842234, 92, 26, 40, 0, 0, 0.17%, 7, 0, 8, 140.45
1734842240, 93, 11, 40, 0, 0, 0.17%, 7, 0, 8, 138.60
1734842245, 93, 13, 40, 0, 0, 0.17%, 7, 0, 8, 131.15
1734842250, 93, 26, 40, 0, 0, 0.17%, 7, 0, 8, 138.03
1734842255, 94, 12, 40, 0, 0, 0.17%, 7, 0, 8, 139.88
1734842260, 94, 26, 40, 0, 0, 0.17%, 7, 0, 8, 141.19
1734842265, 94, 39, 40, 0, 0, 0.17%, 7, 0, 8, 159.01
1734842286, 95, 12, 40, 0, 0, 0.17%, 7, 0, 8, 136.93
1734842291, 95, 26, 40, 0, 0, 0.17%, 7, 0, 8, 132.25
1734842296, 96, 7, 40, 0, 0, 0.17%, 7, 0, 8, 139.51
1734842301, 96, 12, 40, 0, 0, 0.17%, 7, 0, 8, 138.73
1734842306, 96, 26, 40, 0, 0, 0.17%, 7, 0, 8, 135.84
1734842312, 97, 11, 40, 0, 0, 0.17%, 7, 0, 8, 133.77
1734842317, 97, 13, 40, 0, 0, 0.17%, 7, 0, 8, 138.51
1734842322, 97, 26, 40, 0, 0, 0.17%, 7, 0, 8, 140.16
1734842327, 97, 37, 40, 0, 0, 0.17%, 7, 0, 8, 165.41
1734842368, 98, 13, 40, 0, 0, 0.17%, 7, 0, 8, 138.54
1734842373, 98, 19, 40, 0, 0, 0.17%, 7, 0, 8, 134.99
1734842404, 98, 26, 40, 0, 0, 0.17%, 7, 0, 8, 138.77
1734842409, 99, 8, 40, 0, 0, 0.17%, 7, 0, 8, 142.00
1734842414, 99, 12, 40, 0, 0, 0.17%, 7, 0, 8, 138.51
1734842419, 99, 18, 40, 0, 0, 0.17%, 7, 0, 8, 148.07
1734842440, 99, 26, 40, 0, 0, 0.17%, 7, 0, 8, 142.69
1734842445, 100, 11, 40, 0, 0, 0.17%, 7, 0, 8, 145.35
1734842451, 100, 13, 40, 0, 0, 0.17%, 7, 0, 8, 141.08
1734842456, 100, 26, 40, 0, 0, 0.17%, 7, 0, 8, 141.67
1734842461, 100, 30, 40, 0, 0, 0.17%, 7, 0, 8, 172.62
1734842486, 101, 11, 40, 0, 0, 0.17%, 7, 0, 8, 144.94
1734842492, 101, 13, 40, 0, 0, 0.17%, 7, 0, 8, 138.46
1734842497, 101, 20, 40, 0, 0, 0.17%, 7, 0, 8, 139.45
1734842517, 101, 24, 40, 0, 0, 0.17%, 7, 0, 8, 160.80
1734842548, 101, 26, 40, 0, 0, 0.17%, 7, 0, 8, 136.86
1734842553, 102, 11, 40, 0, 0, 0.17%, 7, 0, 8, 134.29
1734842558, 102, 13, 40, 0, 0, 0.17%, 7, 0, 8, 134.81
1734842563, 102, 26, 40, 0, 0, 0.17%, 7, 0, 8, 134.35
1734842569, 103, 12, 40, 0, 0, 0.17%, 7, 0, 8, 131.43
1734842574, 103, 25, 40, 0, 0, 0.17%, 7, 0, 8, 137.09
1734842595, 103, 26, 40, 0, 0, 0.17%, 7, 0, 8, 131.49
1734842600, 104, 9, 40, 0, 0, 0.17%, 7, 0, 8, 137.76
1734842605, 104, 13, 40, 0, 0, 0.17%, 7, 0, 8, 142.48
1734842610, 104, 26, 40, 0, 0, 0.17%, 7, 0, 8, 145.93
1734842615, 104, 29, 40, 0, 0, 0.17%, 7, 0, 8, 151.43
1734842636, 105, 11, 40, 0, 0, 0.17%, 7, 0, 8, 139.33
1734842641, 105, 13, 40, 0, 0, 0.17%, 7, 0, 8, 140.31
1734842646, 105, 20, 40, 0, 0, 0.17%, 7, 0, 8, 135.13
1734842667, 106, 11, 40, 0, 0, 0.17%, 7, 0, 8, 143.12
1734842672, 106, 13, 40, 0, 0, 0.17%, 7, 0, 8, 136.48
1734842677, 106, 26, 40, 0, 0, 0.17%, 7, 0, 8, 131.97
1734842682, 107, 12, 40, 0, 0, 0.17%, 7, 0, 8, 135.62
1734842687, 107, 25, 40, 0, 0, 0.17%, 7, 0, 8, 140.07
1734842708, 107, 26, 40, 0, 0, 0.17%, 7, 0, 8, 137.35
1734842713, 107, 32, 40, 0, 0, 0.17%, 7, 0, 8, 155.04
1734842744, 108, 11, 40, 0, 0, 0.17%, 7, 0, 8, 131.99
1734842749, 108, 13, 40, 0, 0, 0.17%, 7, 0, 8, 132.29
1734842754, 108, 26, 40, 0, 0, 0.17%, 7, 0, 8, 141.54
1734842759, 109, 12, 40, 0, 0, 0.17%, 7, 0, 8, 138.28
1734842764, 109, 18, 40, 0, 0, 0.17%, 7, 0, 8, 144.50
1734842785, 109, 19, 40, 0, 0, 0.17%, 7, 0, 8, 144.08
1734842815, 109, 26, 40, 0, 0, 0.17%, 7, 0, 8, 132.73
1734842820, 110, 0, 40, 0, 0, 0.17%, 7, 0, 8, 133.59
1734842825, 110, 12, 40, 0, 0, 0.17%, 7, 0, 8, 129.61
1734842831, 110, 26, 40, 0, 0, 0.17%, 7, 0, 8, 128.82
1734842836, 110, 39, 40, 0, 0, 0.17%, 7, 0, 8, 141.44
1734842856, 111, 0, 40, 0, 0, 0.17%, 7, 0, 8, 129.56
1734842861, 111, 12, 40, 0, 0, 0.17%, 7, 0, 8, 133.50
1734842867, 111, 16, 40, 0, 0, 0.17%, 7, 0, 8, 142.12
1734842887, 111, 18, 40, 0, 0, 0.17%, 7, 0, 8, 160.13
1734842908, 111, 26, 40, 0, 0, 0.17%, 7, 0, 8, 140.77
1734842913, 112, 13, 40, 0, 0, 0.17%, 7, 0, 8, 138.16
1734842918, 112, 26, 40, 0, 0, 0.17%, 7, 0, 8, 139.93
1734842923, 112, 37, 40, 0, 0, 0.17%, 7, 0, 8, 160.38
1734842964, 113, 12, 40, 0, 0, 0.17%, 7, 0, 8, 137.50
1734842969, 113, 26, 40, 0, 0, 0.17%, 7, 0, 8, 136.53
1734842974, 114, 11, 40, 0, 0, 0.17%, 7, 0, 8, 143.33
1734842979, 114, 13, 40, 0, 0, 0.17%, 7, 0, 8, 136.87
1734842985, 114, 26, 40, 0, 0, 0.17%, 7, 0, 8, 138.41
1734842990, 115, 12, 40, 0, 0, 0.17%, 7, 0, 8, 140.29
1734842995, 115, 26, 40, 0, 0, 0.17%, 7, 0, 8, 134.66
1734843000, 115, 32, 40, 0, 0, 0.17%, 7, 0, 8, 151.74
1734843031, 116, 11, 40, 0, 0, 0.17%, 7, 0, 8, 145.89
1734843036, 116, 13, 40, 0, 0, 0.17%, 7, 0, 8, 137.21
1734843041, 116, 18, 40, 0, 0, 0.17%, 7, 0, 8, 156.83
1734843056, 116, 23, 40, 0, 0, 0.17%, 7, 0, 8, 141.25
1734843077, 116, 26, 40, 0, 0, 0.17%, 7, 0, 8, 129.70
1734843082, 117, 5, 40, 0, 0, 0.17%, 7, 0, 8, 142.23
1734843087, 117, 10, 40, 0, 0, 0.17%, 7, 0, 8, 130.22
1734843098, 117, 12, 40, 0, 0, 0.17%, 7, 0, 8, 140.17
1734843103, 117, 15, 40, 0, 0, 0.17%, 7, 0, 8, 138.98
1734843123, 117, 17, 40, 0, 0, 0.17%, 7, 0, 8, 143.24
1734843149, 118, 11, 40, 0, 0, 0.17%, 7, 0, 8, 134.49
1734843154, 118, 13, 40, 0, 0, 0.17%, 7, 0, 8, 135.85
1734843160, 118, 26, 40, 0, 0, 0.17%, 7, 0, 8, 142.40
1734843165, 118, 38, 40, 0, 0, 0.17%, 7, 0, 8, 149.67
1734843185, 119, 12, 40, 0, 0, 0.17%, 7, 0, 8, 133.53
1734843190, 119, 17, 40, 0, 0, 0.17%, 7, 0, 8, 133.28
1734843211, 119, 21, 40, 0, 0, 0.17%, 7, 0, 8, 147.07
1734843231, 119, 26, 40, 0, 0, 0.17%, 7, 0, 8, 140.52
1734843236, 119, 27, 40, 0, 0, 0.17%, 7, 0, 8, 133.88
1734843256, 120, 11, 40, 0, 0, 0.17%, 7, 0, 8, 136.92
1734843262, 120, 13, 40, 0, 0, 0.17%, 7, 0, 8, 130.61
1734843267, 120, 26, 40, 0, 0, 0.17%, 7, 0, 8, 133.75
1734843272, 121, 12, 40, 0, 0, 0.17%, 7, 0, 8, 135.96
1734843277, 121, 26, 40, 0, 0, 0.17%, 7, 0, 8, 133.50
1734843282, 121, 30, 40, 0, 0, 0.17%, 7, 0, 8, 134.66
1734843312, 122, 11, 40, 0, 0, 0.17%, 7, 0, 8, 125.85
1734843318, 122, 13, 40, 0, 0, 0.17%, 7, 0, 8, 132.73
1734843323, 122, 26, 40, 0, 0, 0.17%, 7, 0, 8, 133.41
1734843328, 123, 12, 40, 0, 0, 0.17%, 7, 0, 8, 137.06
1734843333, 123, 18, 40, 0, 0, 0.17%, 7, 0, 8, 137.58
1734843358, 124, 11, 40, 0, 0, 0.17%, 7, 0, 8, 137.95
1734843363, 124, 13, 40, 0, 0, 0.17%, 7, 0, 8, 137.24
1734843369, 124, 17, 40, 0, 0, 0.17%, 7, 0, 8, 134.30
1734843379, 124, 25, 40, 0, 0, 0.17%, 7, 0, 8, 136.52
1734843399, 124, 26, 40, 0, 0, 0.17%, 7, 0, 8, 143.18
1734843404, 124, 27, 40, 0, 0, 0.17%, 7, 0, 8, 140.57
1734843425, 125, 11, 40, 0, 0, 0.17%, 7, 0, 8, 131.54
1734843430, 125, 13, 40, 0, 0, 0.17%, 7, 0, 8, 131.36
1734843435, 125, 26, 40, 0, 0, 0.17%, 7, 0, 8, 137.83
1734843441, 126, 12, 40, 0, 0, 0.17%, 7, 0, 8, 140.19
1734843446, 126, 26, 40, 0, 0, 0.17%, 7, 0, 8, 139.83
1734843451, 127, 6, 40, 0, 0, 0.17%, 7, 0, 8, 134.70
1734843456, 127, 12, 40, 0, 0, 0.17%, 7, 0, 8, 125.75
1734843461, 127, 26, 40, 0, 0, 0.17%, 7, 0, 8, 131.29
1734843466, 128, 4, 40, 0, 0, 0.17%, 7, 0, 8, 138.94
1734843471, 128, 12, 40, 0, 0, 0.17%, 7, 0, 8, 135.45
1734843477, 128, 26, 40, 0, 0, 0.17%, 7, 0, 8, 134.77
1734843482, 129, 11, 40, 0, 0, 0.17%, 7, 0, 8, 138.83
1734843487, 129, 12, 40, 0, 0, 0.17%, 7, 0, 8, 136.93
1734843492, 129, 26, 40, 0, 0, 0.17%, 7, 0, 8, 145.01
1734843497, 130, 12, 40, 0, 0, 0.17%, 7, 0, 8, 146.71
1734843502, 130, 24, 40, 0, 0, 0.17%, 7, 0, 8, 151.72
1734843533, 130, 26, 40, 0, 0, 0.17%, 7, 0, 8, 129.48
1734843538, 131, 11, 40, 0, 0, 0.17%, 7, 0, 8, 131.20
1734843543, 131, 13, 40, 0, 0, 0.17%, 7, 0, 8, 136.92
1734843548, 131, 21, 40, 0, 0, 0.17%, 7, 0, 8, 140.69
1734843569, 131, 26, 40, 0, 0, 0.17%, 7, 0, 8, 144.54
1734843574, 132, 12, 40, 0, 0, 0.17%, 7, 0, 8, 145.24
1734843579, 132, 17, 40, 0, 0, 0.17%, 7, 0, 8, 138.49
1734843589, 132, 26, 40, 0, 0, 0.17%, 7, 0, 8, 133.63
1734843594, 132, 34, 40, 0, 0, 0.17%, 7, 0, 8, 151.38
1734843625, 133, 11, 40, 0, 0, 0.17%, 7, 0, 8, 137.08
1734843630, 133, 13, 40, 0, 0, 0.17%, 7, 0, 8, 136.01
1734843635, 133, 14, 40, 0, 0, 0.17%, 7, 0, 8, 137.76
1734843645, 133, 23, 40, 0, 0, 0.17%, 7, 0, 8, 139.05
1734843666, 133, 26, 40, 0, 0, 0.17%, 7, 0, 8, 130.63
1734843671, 133, 28, 40, 0, 0, 0.17%, 7, 0, 8, 153.47
1734843702, 134, 11, 40, 0, 0, 0.17%, 7, 0, 8, 122.89
1734843707, 134, 13, 40, 0, 0, 0.17%, 7, 0, 8, 125.46
1734843712, 134, 26, 40, 0, 0, 0.17%, 7, 0, 8, 133.84
1734843717, 134, 35, 40, 0, 0, 0.17%, 7, 0, 8, 150.22
1734843743, 135, 11, 40, 0, 0, 0.17%, 7, 0, 8, 146.74
1734843748, 135, 13, 40, 0, 0, 0.17%, 7, 0, 8, 147.48
1734843753, 135, 26, 40, 0, 0, 0.17%, 7, 0, 8, 142.37
1734843758, 135, 30, 40, 0, 0, 0.17%, 7, 0, 8, 169.15
1734843784, 136, 4, 40, 0, 0, 0.17%, 7, 0, 8, 145.42
1734843789, 136, 12, 40, 0, 0, 0.17%, 7, 0, 8, 136.85
1734843794, 136, 26, 40, 0, 0, 0.17%, 7, 0, 8, 139.06
1734843799, 137, 2, 40, 0, 0, 0.17%, 7, 0, 8, 139.63
1734843804, 137, 12, 40, 0, 0, 0.17%, 7, 0, 8, 137.89
1734843809, 137, 26, 40, 0, 0, 0.17%, 7, 0, 8, 141.82
1734843814, 138, 11, 40, 0, 0, 0.17%, 7, 0, 8, 140.07
1734843819, 138, 13, 40, 0, 0, 0.17%, 7, 0, 8, 136.10
1734843825, 138, 21, 40, 0, 0, 0.17%, 7, 0, 8, 144.96
1734843845, 138, 26, 40, 0, 0, 0.17%, 7, 0, 8, 133.22
1734843850, 139, 4, 40, 0, 0, 0.17%, 7, 0, 8, 141.40
1734843855, 139, 12, 40, 0, 0, 0.17%, 7, 0, 8, 140.15
1734843860, 139, 21, 40, 0, 0, 0.17%, 7, 0, 8, 141.76
1734843881, 139, 22, 40, 0, 0, 0.17%, 7, 0, 8, 166.84
1734843901, 139, 26, 40, 0, 0, 0.17%, 7, 0, 8, 138.43
1734843906, 140, 12, 40, 0, 0, 0.17%, 7, 0, 8, 138.31
1734843911, 140, 15, 40, 0, 0, 0.17%, 7, 0, 8, 138.97
1734843932, 140, 21, 40, 0, 0, 0.17%, 7, 0, 8, 141.67
1734843953, 140, 26, 40, 0, 0, 0.17%, 7, 0, 8, 137.49
1734843958, 140, 33, 40, 0, 0, 0.17%, 7, 0, 8, 148.58
1734843988, 141, 11, 40, 0, 0, 0.17%, 7, 0, 8, 134.68
1734843994, 141, 22, 40, 0, 0, 0.17%, 7, 0, 8, 141.44
1734844014, 141, 26, 40, 0, 0, 0.17%, 7, 0, 8, 143.02
1734844019, 141, 30, 40, 0, 0, 0.17%, 7, 0, 8, 152.86
1734844050, 141, 33, 40, 0, 0, 0.17%, 7, 0, 8, 168.36
1734844075, 141, 37, 40, 0, 0, 0.17%, 7, 0, 8, 141.42
1734844116, 142, 12, 40, 0, 0, 0.17%, 7, 0, 8, 127.76
1734844121, 142, 16, 40, 0, 0, 0.17%, 7, 0, 8, 145.55
1734844142, 142, 22, 40, 0, 0, 0.17%, 7, 0, 8, 145.26
1734844162, 142, 26, 40, 0, 0, 0.17%, 7, 0, 8, 134.93
1734844167, 143, 11, 40, 0, 0, 0.17%, 7, 0, 8, 142.35
1734844172, 143, 13, 40, 0, 0, 0.17%, 7, 0, 8, 137.80
1734844177, 143, 17, 40, 0, 0, 0.17%, 7, 0, 8, 137.88
1734844188, 143, 26, 40, 0, 0, 0.17%, 7, 0, 8, 140.81
1734844193, 144, 12, 40, 0, 0, 0.17%, 7, 0, 8, 128.92
1734844198, 144, 26, 40, 0, 0, 0.17%, 7, 0, 8, 138.11
1734844203, 144, 39, 40, 0, 0, 0.17%, 7, 0, 8, 154.14
1734844223, 145, 11, 40, 0, 0, 0.17%, 7, 0, 8, 137.51
1734844229, 145, 13, 40, 0, 0, 0.17%, 7, 0, 8, 137.20
1734844234, 145, 26, 40, 0, 0, 0.17%, 7, 0, 8, 132.78
1734844239, 146, 12, 40, 0, 0, 0.17%, 7, 0, 8, 146.30
1734844244, 146, 26, 40, 0, 0, 0.17%, 7, 0, 8, 134.62
1734844249, 146, 39, 40, 0, 0, 0.17%, 7, 0, 8, 142.66
1734844269, 147, 11, 40, 0, 0, 0.17%, 7, 0, 8, 127.67
1734844275, 147, 13, 40, 0, 0, 0.17%, 7, 0, 8, 134.28
1734844280, 147, 22, 40, 0, 0, 0.17%, 7, 0, 8, 173.41
1734844295, 147, 26, 40, 0, 0, 0.17%, 7, 0, 8, 141.87
1734844300, 148, 11, 40, 0, 0, 0.17%, 7, 0, 8, 143.42
1734844305, 148, 13, 40, 0, 0, 0.17%, 7, 0, 8, 137.98
1734844310, 148, 14, 40, 0, 0, 0.17%, 7, 0, 8, 137.97
1734844321, 148, 26, 40, 0, 0, 0.17%, 7, 0, 8, 144.22
1734844326, 149, 12, 40, 0, 0, 0.17%, 7, 0, 8, 137.64
1734844331, 149, 26, 40, 0, 0, 0.17%, 7, 0, 8, 138.74
1734844336, 149, 27, 40, 0, 0, 0.17%, 7, 0, 8, 134.71
1734844357, 150, 0, 40, 0, 0, 0.17%, 7, 0, 8, 134.03
1734844362, 150, 11, 40, 0, 0, 0.17%, 7, 0, 8, 134.84
1734844367, 150, 13, 40, 0, 0, 0.17%, 7, 0, 8, 134.38
1734844373, 150, 16, 40, 0, 0, 0.17%, 7, 0, 8, 141.31
1734844393, 150, 26, 40, 0, 0, 0.17%, 7, 0, 8, 155.06
1734844398, 151, 12, 40, 0, 0, 0.17%, 7, 0, 8, 142.04
1734844403, 151, 13, 40, 0, 0, 0.17%, 7, 0, 8, 137.00
1734844408, 151, 30, 40, 0, 0, 0.17%, 7, 0, 8, 140.51
1734844439, 152, 11, 40, 0, 0, 0.17%, 7, 0, 8, 150.70
1734844444, 152, 13, 40, 0, 0, 0.17%, 7, 0, 8, 141.88
1734844449, 152, 22, 40, 0, 0, 0.17%, 7, 0, 8, 180.90
1734844465, 152, 24, 40, 0, 0, 0.17%, 7, 0, 8, 138.16
1734844496, 152, 26, 40, 0, 0, 0.17%, 7, 0, 8, 132.71
1734844501, 152, 32, 40, 0, 0, 0.17%, 7, 0, 8, 178.22
1734844526, 153, 2, 40, 0, 0, 0.17%, 7, 0, 8, 152.94
1734844532, 153, 13, 40, 0, 0, 0.17%, 7, 0, 8, 140.72
1734844537, 153, 26, 40, 0, 0, 0.17%, 7, 0, 8, 134.25
1734844542, 153, 31, 40, 0, 0, 0.17%, 7, 0, 8, 140.67
1734844573, 153, 34, 40, 0, 0, 0.17%, 7, 0, 8, 152.77
1734844604, 154, 12, 40, 0, 0, 0.17%, 7, 0, 8, 129.33
1734844609, 154, 26, 40, 0, 0, 0.17%, 7, 0, 8, 133.90
1734844614, 155, 3, 40, 0, 0, 0.17%, 7, 0, 8, 139.56
1734844619, 155, 9, 40, 0, 0, 0.17%, 7, 0, 8, 135.03
1734844624, 155, 12, 40, 0, 0, 0.17%, 7, 0, 8, 137.28
1734844629, 155, 23, 40, 0, 0, 0.17%, 7, 0, 8, 143.09
1734844650, 155, 26, 40, 0, 0, 0.17%, 7, 0, 8, 133.10
1734844655, 156, 11, 40, 0, 0, 0.17%, 7, 0, 8, 141.51
1734844660, 156, 13, 40, 0, 0, 0.17%, 7, 0, 8, 134.98
1734844666, 156, 26, 40, 0, 0, 0.17%, 7, 0, 8, 136.37
1734844671, 156, 34, 40, 0, 0, 0.17%, 7, 0, 8, 155.65
1734844696, 157, 5, 40, 0, 0, 0.17%, 7, 0, 8, 144.83
1734844702, 157, 12, 40, 0, 0, 0.17%, 7, 0, 8, 137.35
1734844707, 157, 25, 40, 0, 0, 0.17%, 7, 0, 8, 140.88
1734844727, 157, 26, 40, 0, 0, 0.17%, 7, 0, 8, 133.69
1734844732, 158, 11, 40, 0, 0, 0.17%, 7, 0, 8, 131.08
1734844738, 158, 13, 40, 0, 0, 0.17%, 7, 0, 8, 131.80
1734844743, 158, 25, 40, 0, 0, 0.17%, 7, 0, 8, 145.85
1734844763, 158, 26, 40, 0, 0, 0.17%, 7, 0, 8, 134.03
1734844768, 158, 34, 40, 0, 0, 0.17%, 7, 0, 8, 149.37
1734844799, 158, 36, 40, 0, 0, 0.17%, 7, 0, 8, 158.76
1734844830, 159, 10, 40, 0, 0, 0.17%, 7, 0, 8, 134.67
1734844840, 159, 12, 40, 0, 0, 0.17%, 7, 0, 8, 130.70
1734844846, 159, 26, 40, 0, 0, 0.17%, 7, 0, 8, 129.79
1734844851, 160, 11, 40, 0, 0, 0.17%, 7, 0, 8, 130.16
1734844856, 160, 13, 40, 0, 0, 0.17%, 7, 0, 8, 129.74
1734844861, 160, 20, 40, 0, 0, 0.17%, 7, 0, 8, 137.06
1734844882, 160, 24, 40, 0, 0, 0.17%, 7, 0, 8, 164.33
1734844912, 160, 26, 40, 0, 0, 0.17%, 7, 0, 8, 142.97
1734844917, 160, 33, 40, 0, 0, 0.17%, 7, 0, 8, 172.97
1734844943, 160, 36, 40, 0, 0, 0.17%, 7, 0, 8, 169.15
1734844974, 160, 37, 40, 0, 0, 0.17%, 7, 0, 8, 161.46
1734845015, 161, 12, 40, 0, 0, 0.17%, 7, 0, 8, 133.83
1734845020, 161, 26, 40, 0, 0, 0.17%, 7, 0, 8, 133.01
1734845025, 162, 11, 40, 0, 0, 0.17%, 7, 0, 8, 137.31
1734845030, 162, 13, 40, 0, 0, 0.17%, 7, 0, 8, 135.42
1734845035, 162, 23, 40, 0, 0, 0.17%, 7, 0, 8, 138.50
1734845056, 162, 24, 40, 0, 0, 0.17%, 7, 0, 8, 156.69
1734845087, 162, 26, 40, 0, 0, 0.17%, 7, 0, 8, 145.46
1734845092, 163, 10, 40, 0, 0, 0.17%, 7, 0, 8, 134.52
1734845102, 163, 12, 40, 0, 0, 0.17%, 7, 0, 8, 137.09
1734845107, 163, 26, 40, 0, 0, 0.17%, 7, 0, 8, 144.38
1734845112, 164, 11, 40, 0, 0, 0.17%, 7, 0, 8, 139.26
1734845118, 164, 13, 40, 0, 0, 0.17%, 7, 0, 8, 136.81
1734845123, 164, 15, 40, 0, 0, 0.17%, 7, 0, 8, 140.12
1734845143, 164, 25, 40, 0, 0, 0.17%, 7, 0, 8, 141.99
1734845163, 164, 26, 40, 0, 0, 0.17%, 7, 0, 8, 147.01
1734845169, 164, 27, 40, 0, 0, 0.17%, 7, 0, 8, 139.63
1734845189, 164, 33, 40, 0, 0, 0.17%, 7, 0, 8, 167.31
1734845215, 165, 0, 40, 0, 0, 0.17%, 7, 0, 8, 161.67
1734845220, 165, 12, 40, 0, 0, 0.17%, 7, 0, 8, 137.98
1734845225, 165, 16, 40, 0, 0, 0.17%, 7, 0, 8, 138.18
1734845245, 165, 26, 40, 0, 0, 0.17%, 7, 0, 8, 142.73
1734845250, 166, 2, 40, 0, 0, 0.17%, 7, 0, 8, 144.84
1734845256, 166, 12, 40, 0, 0, 0.17%, 7, 0, 8, 137.78
1734845261, 166, 17, 40, 0, 0, 0.17%, 7, 0, 8, 141.43
1734845266, 166, 25, 40, 0, 0, 0.17%, 7, 0, 8, 151.85
1734845287, 166, 26, 40, 0, 0, 0.17%, 7, 0, 8, 136.10
1734845292, 167, 11, 40, 0, 0, 0.17%, 7, 0, 8, 140.09
1734845297, 167, 13, 40, 0, 0, 0.17%, 7, 0, 8, 147.28
1734845302, 167, 18, 40, 0, 0, 0.17%, 7, 0, 8, 159.68
1734845323, 167, 26, 40, 0, 0, 0.17%, 7, 0, 8, 139.22
1734845328, 168, 12, 40, 0, 0, 0.17%, 7, 0, 8, 137.34
1734845333, 168, 26, 40, 0, 0, 0.17%, 7, 0, 8, 129.86
1734845338, 168, 32, 40, 0, 0, 0.17%, 7, 0, 8, 162.47
1734845369, 168, 33, 40, 0, 0, 0.17%, 7, 0, 8, 166.24
1734845400, 169, 13, 40, 0, 0, 0.17%, 7, 0, 8, 140.97
1734845405, 169, 14, 40, 0, 0, 0.17%, 7, 0, 8, 140.28
1734845415, 169, 26, 40, 0, 0, 0.17%, 7, 0, 8, 142.19
1734845420, 170, 11, 40, 0, 0, 0.17%, 7, 0, 8, 141.64
1734845426, 170, 13, 40, 0, 0, 0.17%, 7, 0, 8, 133.03
1734845431, 170, 23, 40, 0, 0, 0.17%, 7, 0, 8, 143.96
1734845446, 170, 26, 40, 0, 0, 0.17%, 7, 0, 8, 151.66
1734845451, 171, 5, 40, 0, 0, 0.17%, 7, 0, 8, 142.37
1734845457, 171, 12, 40, 0, 0, 0.17%, 7, 0, 8, 131.84
1734845462, 171, 22, 40, 0, 0, 0.17%, 7, 0, 8, 149.39
1734845482, 171, 26, 40, 0, 0, 0.17%, 7, 0, 8, 139.81
1734845487, 171, 32, 40, 0, 0, 0.17%, 7, 0, 8, 185.66
1734845513, 171, 36, 40, 0, 0, 0.17%, 7, 0, 8, 151.33
1734845543, 172, 11, 40, 0, 0, 0.17%, 7, 0, 8, 129.73
1734845548, 172, 13, 40, 0, 0, 0.17%, 7, 0, 8, 135.26
1734845554, 172, 26, 40, 0, 0, 0.17%, 7, 0, 8, 137.01
1734845559, 173, 13, 40, 0, 0, 0.17%, 7, 0, 8, 139.55
1734845564, 173, 24, 40, 0, 0, 0.17%, 7, 0, 8, 158.64
1734845594, 174, 11, 40, 0, 0, 0.17%, 7, 0, 8, 147.01
1734845599, 174, 13, 40, 0, 0, 0.17%, 7, 0, 8, 137.34
1734845604, 174, 26, 40, 0, 0, 0.17%, 7, 0, 8, 135.78
1734845610, 174, 35, 40, 0, 0, 0.17%, 7, 0, 8, 141.69
1734845640, 175, 12, 40, 0, 0, 0.17%, 7, 0, 8, 132.65
1734845645, 175, 15, 40, 0, 0, 0.17%, 7, 0, 8, 138.38
1734845666, 175, 26, 40, 0, 0, 0.17%, 7, 0, 8, 142.39
1734845671, 175, 33, 40, 0, 0, 0.17%, 7, 0, 8, 153.94
1734845701, 176, 3, 40, 0, 0, 0.17%, 7, 0, 8, 142.10
1734845706, 176, 12, 40, 0, 0, 0.17%, 7, 0, 8, 144.07
1734845712, 176, 26, 40, 0, 0, 0.17%, 7, 0, 8, 138.23
1734845717, 176, 39, 40, 0, 0, 0.17%, 7, 0, 8, 145.92
1734845737, 177, 7, 40, 0, 0, 0.17%, 7, 0, 8, 143.28
1734845742, 177, 12, 40, 0, 0, 0.17%, 7, 0, 8, 136.63
1734845747, 177, 26, 40, 0, 0, 0.17%, 7, 0, 8, 134.16
1734845753, 178, 11, 40, 0, 0, 0.17%, 7, 0, 8, 133.78
1734845758, 178, 13, 40, 0, 0, 0.17%, 7, 0, 8, 134.66
1734845763, 178, 34, 40, 0, 0, 0.17%, 7, 0, 8, 140.06
1734845794, 179, 5, 40, 0, 0, 0.17%, 7, 0, 8, 146.37
1734845799, 179, 12, 40, 0, 0, 0.17%, 7, 0, 8, 133.42
1734845804, 179, 17, 40, 0, 0, 0.17%, 7, 0, 8, 140.58
1734845809, 179, 26, 40, 0, 0, 0.17%, 7, 0, 8, 138.45
1734845814, 180, 11, 40, 0, 0, 0.17%, 7, 0, 8, 134.05
1734845819, 180, 13, 40, 0, 0, 0.17%, 7, 0, 8, 134.75
1734845825, 180, 23, 40, 0, 0, 0.17%, 7, 0, 8, 138.74
1734845845, 180, 26, 40, 0, 0, 0.17%, 7, 0, 8, 150.62
1734845850, 181, 12, 40, 0, 0, 0.17%, 7, 0, 8, 145.16
1734845856, 181, 16, 40, 0, 0, 0.17%, 7, 0, 8, 144.56
1734845876, 181, 26, 40, 0, 0, 0.17%, 7, 0, 8, 145.46
1734845881, 182, 11, 40, 0, 0, 0.17%, 7, 0, 8, 141.43
1734845887, 182, 13, 40, 0, 0, 0.17%, 7, 0, 8, 136.52
1734845892, 182, 17, 40, 0, 0, 0.17%, 7, 0, 8, 130.67
1734845897, 182, 26, 40, 0, 0, 0.17%, 7, 0, 8, 140.88
1734845902, 182, 39, 40, 0, 0, 0.17%, 7, 0, 8, 166.58
1734845922, 183, 11, 40, 0, 0, 0.17%, 7, 0, 8, 133.17
1734845927, 183, 13, 40, 0, 0, 0.17%, 7, 0, 8, 136.92
1734845933, 183, 26, 40, 0, 0, 0.17%, 7, 0, 8, 136.72
1734845938, 184, 12, 40, 0, 0, 0.17%, 7, 0, 8, 133.28
1734845943, 184, 18, 40, 0, 0, 0.17%, 7, 0, 8, 134.17
1734845963, 184, 19, 40, 0, 0, 0.17%, 7, 0, 8, 147.78
1734845999, 184, 24, 40, 0, 0, 0.17%, 7, 0, 8, 173.75
1734846025, 184, 25, 40, 0, 0, 0.17%, 7, 0, 8, 140.45
1734846046, 184, 26, 40, 0, 0, 0.17%, 7, 0, 8, 139.29
1734846051, 184, 30, 40, 0, 0, 0.17%, 7, 0, 8, 152.77
1734846081, 184, 34, 40, 0, 0, 0.17%, 7, 0, 8, 161.06
1734846112, 184, 37, 40, 0, 0, 0.17%, 7, 0, 8, 169.67
1734846148, 185, 5, 40, 0, 0, 0.17%, 7, 0, 8, 129.96
1734846153, 185, 11, 40, 0, 0, 0.17%, 7, 0, 8, 134.97
1734846158, 185, 13, 40, 0, 0, 0.17%, 7, 0, 8, 135.95
1734846163, 185, 16, 40, 0, 0, 0.17%, 7, 0, 8, 144.13
1734846184, 185, 26, 40, 0, 0, 0.17%, 7, 0, 8, 138.59
1734846189, 186, 9, 40, 0, 0, 0.17%, 7, 0, 8, 147.26
1734846194, 186, 10, 40, 0, 0, 0.17%, 7, 0, 8, 136.33
1734846205, 186, 12, 40, 0, 0, 0.17%, 7, 0, 8, 138.59
1734846210, 186, 26, 40, 0, 0, 0.17%, 7, 0, 8, 140.86
1734846215, 187, 5, 40, 0, 0, 0.17%, 7, 0, 8, 142.71
1734846220, 187, 13, 40, 0, 0, 0.17%, 7, 0, 8, 137.86
1734846225, 187, 26, 40, 0, 0, 0.17%, 7, 0, 8, 141.76
1734846230, 188, 11, 40, 0, 0, 0.17%, 7, 0, 8, 135.41
1734846235, 188, 13, 40, 0, 0, 0.17%, 7, 0, 8, 132.69
1734846241, 188, 26, 40, 0, 0, 0.17%, 7, 0, 8, 135.37
1734846246, 188, 31, 40, 0, 0, 0.17%, 7, 0, 8, 140.68
1734846276, 189, 9, 40, 0, 0, 0.17%, 7, 0, 8, 133.88
1734846282, 189, 12, 40, 0, 0, 0.17%, 7, 0, 8, 133.88
1734846287, 189, 21, 40, 0, 0, 0.17%, 7, 0, 8, 136.28
1734846307, 189, 26, 40, 0, 0, 0.17%, 7, 0, 8, 139.12
1734846312, 189, 39, 40, 0, 0, 0.17%, 7, 0, 8, 140.90
1734846333, 190, 11, 40, 0, 0, 0.17%, 7, 0, 8, 139.57
1734846338, 190, 13, 40, 0, 0, 0.17%, 7, 0, 8, 133.33
1734846343, 190, 26, 40, 0, 0, 0.17%, 7, 0, 8, 141.67
1734846348, 191, 12, 40, 0, 0, 0.17%, 7, 0, 8, 134.73
1734846353, 191, 26, 40, 0, 0, 0.17%, 7, 0, 8, 141.86
1734846358, 192, 11, 40, 0, 0, 0.17%, 7, 0, 8, 131.26
1734846363, 192, 13, 40, 0, 0, 0.17%, 7, 0, 8, 133.57
1734846369, 192, 26, 40, 0, 0, 0.17%, 7, 0, 8, 141.56
1734846374, 192, 27, 40, 0, 0, 0.17%, 7, 0, 8, 134.80
1734846394, 192, 32, 40, 0, 0, 0.17%, 7, 0, 8, 157.48
1734846425, 192, 38, 40, 0, 0, 0.17%, 7, 0, 8, 147.28
1734846446, 193, 11, 40, 0, 0, 0.17%, 7, 0, 8, 134.60
1734846451, 193, 13, 40, 0, 0, 0.17%, 7, 0, 8, 136.31
1734846456, 193, 26, 40, 0, 0, 0.17%, 7, 0, 8, 138.50
1734846461, 194, 12, 40, 0, 0, 0.17%, 7, 0, 8, 137.99
1734846466, 194, 13, 40, 0, 0, 0.17%, 7, 0, 8, 138.34
1734846471, 194, 19, 40, 0, 0, 0.17%, 7, 0, 8, 133.78
1734846497, 194, 26, 40, 0, 0, 0.17%, 7, 0, 8, 147.85
1734846502, 194, 31, 40, 0, 0, 0.17%, 7, 0, 8, 142.37
1734846533, 195, 3, 40, 0, 0, 0.17%, 7, 0, 8, 145.18
1734846538, 195, 12, 40, 0, 0, 0.17%, 7, 0, 8, 143.65
1734846543, 195, 14, 40, 0, 0, 0.17%, 7, 0, 8, 132.60
1734846553, 195, 17, 40, 0, 0, 0.17%, 7, 0, 8, 136.44
1734846558, 195, 26, 40, 0, 0, 0.17%, 7, 0, 8, 139.73
1734846564, 195, 36, 40, 0, 0, 0.17%, 7, 0, 8, 158.63
1734846594, 196, 12, 40, 0, 0, 0.17%, 7, 0, 8, 141.21
1734846599, 196, 15, 40, 0, 0, 0.17%, 7, 0, 8, 138.82
1734846620, 196, 26, 40, 0, 0, 0.17%, 7, 0, 8, 142.89
1734846625, 197, 11, 40, 0, 0, 0.17%, 7, 0, 8, 134.56
1734846630, 197, 13, 40, 0, 0, 0.17%, 7, 0, 8, 137.70
1734846635, 197, 21, 40, 0, 0, 0.17%, 7, 0, 8, 140.32
1734846656, 197, 26, 40, 0, 0, 0.17%, 7, 0, 8, 138.85
1734846661, 197, 33, 40, 0, 0, 0.17%, 7, 0, 8, 168.33
1734846686, 198, 11, 40, 0, 0, 0.17%, 7, 0, 8, 144.55
1734846691, 198, 13, 40, 0, 0, 0.17%, 7, 0, 8, 144.92
1734846696, 198, 23, 40, 0, 0, 0.17%, 7, 0, 8, 142.22
1734846712, 198, 26, 40, 0, 0, 0.17%, 7, 0, 8, 168.67
1734846722, 198, 39, 40, 0, 0, 0.17%, 7, 0, 8, 162.44
1734846737, 199, 11, 40, 0, 0, 0.17%, 7, 0, 8, 137.56
1734846743, 199, 13, 40, 0, 0, 0.17%, 7, 0, 8, 137.03
1734846748, 199, 26, 40, 0, 0, 0.17%, 7, 0, 8, 133.64
1734846753, 199, 30, 40, 0, 0, 0.17%, 7, 0, 8, 158.84
1734846779, 200, 6, 40, 0, 0, 0.17%, 7, 0, 8, 140.02
1734846784, 200, 12, 40, 0, 0, 0.17%, 7, 0, 8, 139.38
1734846789, 200, 15, 40, 0, 0, 0.17%, 7, 0, 8, 137.93
1734846810, 200, 26, 40, 0, 0, 0.17%, 7, 0, 8, 146.22
1734846815, 200, 27, 40, 0, 0, 0.17%, 7, 0, 8, 143.32
1734846836, 200, 38, 40, 0, 0, 0.17%, 7, 0, 8, 148.15
1734846856, 201, 11, 40, 0, 0, 0.17%, 7, 0, 8, 142.88
1734846861, 201, 13, 40, 0, 0, 0.17%, 7, 0, 8, 139.80
1734846866, 201, 26, 40, 0, 0, 0.17%, 7, 0, 8, 145.24
1734846872, 201, 28, 40, 0, 0, 0.17%, 7, 0, 8, 149.17
1734846902, 201, 30, 40, 0, 0, 0.17%, 7, 0, 8, 169.21
1734846928, 202, 4, 40, 0, 0, 0.17%, 7, 0, 8, 130.61
1734846933, 202, 12, 40, 0, 0, 0.17%, 7, 0, 8, 138.29
1734846938, 202, 15, 40, 0, 0, 0.17%, 7, 0, 8, 145.35
1734846958, 202, 23, 40, 0, 0, 0.17%, 7, 0, 8, 144.15
1734846979, 202, 26, 40, 0, 0, 0.17%, 7, 0, 8, 142.34
1734846984, 202, 34, 40, 0, 0, 0.17%, 7, 0, 8, 149.22
1734847014, 203, 11, 40, 0, 0, 0.17%, 7, 0, 8, 142.69
1734847020, 203, 13, 40, 0, 0, 0.17%, 7, 0, 8, 141.60
1734847025, 203, 26, 40, 0, 0, 0.17%, 7, 0, 8, 138.87
1734847030, 204, 11, 40, 0, 0, 0.17%, 7, 0, 8, 138.60
1734847035, 204, 13, 40, 0, 0, 0.17%, 7, 0, 8, 140.68
1734847040, 204, 20, 40, 0, 0, 0.17%, 7, 0, 8, 138.30
1734847061, 204, 26, 40, 0, 0, 0.17%, 7, 0, 8, 134.12
1734847066, 204, 35, 40, 0, 0, 0.17%, 7, 0, 8, 150.39
1734847097, 205, 11, 40, 0, 0, 0.17%, 7, 0, 8, 134.65
1734847102, 205, 13, 40, 0, 0, 0.17%, 7, 0, 8, 135.50
1734847107, 205, 21, 40, 0, 0, 0.17%, 7, 0, 8, 140.44
1734847127, 205, 26, 40, 0, 0, 0.17%, 7, 0, 8, 143.14
1734847132, 206, 12, 40, 0, 0, 0.17%, 7, 0, 8, 137.17
1734847138, 206, 26, 40, 0, 0, 0.17%, 7, 0, 8, 144.11
1734847143, 207, 11, 40, 0, 0, 0.17%, 7, 0, 8, 135.74
1734847148, 207, 13, 40, 0, 0, 0.17%, 7, 0, 8, 137.63
1734847153, 207, 18, 40, 0, 0, 0.17%, 7, 0, 8, 157.45
1734847168, 207, 26, 40, 0, 0, 0.17%, 7, 0, 8, 144.81
1734847173, 207, 39, 40, 0, 0, 0.17%, 7, 0, 8, 138.52
1734847194, 208, 3, 40, 0, 0, 0.17%, 7, 0, 8, 142.14
1734847199, 208, 12, 40, 0, 0, 0.17%, 7, 0, 8, 138.36
1734847204, 208, 26, 40, 0, 0, 0.17%, 7, 0, 8, 138.03
1734847209, 208, 28, 40, 0, 0, 0.17%, 7, 0, 8, 147.01
1734847240, 208, 36, 40, 0, 0, 0.17%, 7, 0, 8, 126.63
1734847270, 209, 11, 40, 0, 0, 0.17%, 7, 0, 8, 144.92
1734847275, 209, 13, 40, 0, 0, 0.17%, 7, 0, 8, 143.52
1734847281, 209, 17, 40, 0, 0, 0.17%, 7, 0, 8, 137.68
1734847286, 209, 26, 40, 0, 0, 0.17%, 7, 0, 8, 141.64
1734847291, 209, 30, 40, 0, 0, 0.17%, 7, 0, 8, 167.33
1734847322, 210, 12, 40, 0, 0, 0.17%, 7, 0, 8, 138.14
1734847327, 210, 26, 40, 0, 0, 0.17%, 7, 0, 8, 141.14
1734847332, 210, 34, 40, 0, 0, 0.17%, 7, 0, 8, 149.96
1734847362, 211, 12, 40, 0, 0, 0.17%, 7, 0, 8, 138.83
1734847367, 211, 26, 40, 0, 0, 0.17%, 7, 0, 8, 142.48
1734847373, 212, 11, 40, 0, 0, 0.17%, 7, 0, 8, 144.60
1734847378, 212, 13, 40, 0, 0, 0.17%, 7, 0, 8, 136.23
1734847383, 212, 17, 40, 0, 0, 0.17%, 7, 0, 8, 135.46
1734847388, 212, 26, 40, 0, 0, 0.17%, 7, 0, 8, 144.89
1734847393, 213, 12, 40, 0, 0, 0.17%, 7, 0, 8, 137.90
1734847398, 213, 14, 40, 0, 0, 0.17%, 7, 0, 8, 134.92
1734847409, 213, 26, 40, 0, 0, 0.17%, 7, 0, 8, 147.23
1734847414, 213, 39, 40, 0, 0, 0.17%, 7, 0, 8, 156.20
1734847434, 214, 5, 40, 0, 0, 0.17%, 7, 0, 8, 134.59
1734847440, 214, 12, 40, 0, 0, 0.17%, 7, 0, 8, 137.19
1734847445, 214, 26, 40, 0, 0, 0.17%, 7, 0, 8, 137.80
1734847450, 214, 36, 40, 0, 0, 0.17%, 7, 0, 8, 156.57
1734847480, 215, 12, 40, 0, 0, 0.17%, 7, 0, 8, 141.38
1734847485, 215, 22, 40, 0, 0, 0.17%, 7, 0, 8, 141.92
1734847506, 215, 26, 40, 0, 0, 0.17%, 7, 0, 8, 137.64
1734847511, 215, 31, 40, 0, 0, 0.17%, 7, 0, 8, 146.17
1734847541, 216, 1, 40, 0, 0, 0.17%, 7, 0, 8, 132.97
1734847546, 216, 11, 40, 0, 0, 0.17%, 7, 0, 8, 134.50
1734847552, 216, 13, 40, 0, 0, 0.17%, 7, 0, 8, 133.26
1734847557, 216, 21, 40, 0, 0, 0.17%, 7, 0, 8, 144.05
1734847577, 216, 26, 40, 0, 0, 0.17%, 7, 0, 8, 143.81
1734847582, 217, 13, 40, 0, 0, 0.17%, 7, 0, 8, 138.71
1734847587, 217, 26, 40, 0, 0, 0.17%, 7, 0, 8, 136.42
1734847592, 218, 11, 40, 0, 0, 0.17%, 7, 0, 8, 136.64
1734847598, 218, 13, 40, 0, 0, 0.17%, 7, 0, 8, 143.50
1734847603, 218, 26, 40, 0, 0, 0.17%, 7, 0, 8, 135.38
1734847608, 219, 11, 40, 0, 0, 0.17%, 7, 0, 8, 135.65
1734847613, 219, 13, 40, 0, 0, 0.17%, 7, 0, 8, 134.33
1734847618, 219, 17, 40, 0, 0, 0.17%, 7, 0, 8, 140.19
1734847623, 219, 18, 40, 0, 0, 0.17%, 7, 0, 8, 158.20
1734847639, 219, 26, 40, 0, 0, 0.17%, 7, 0, 8, 131.25
1734847644, 220, 5, 40, 0, 0, 0.17%, 7, 0, 8, 133.68
1734847649, 220, 12, 40, 0, 0, 0.17%, 7, 0, 8, 134.57
1734847654, 220, 26, 40, 0, 0, 0.17%, 7, 0, 8, 146.80
1734847660, 220, 28, 40, 0, 0, 0.17%, 7, 0, 8, 150.85
1734847690, 221, 12, 40, 0, 0, 0.17%, 7, 0, 8, 157.69
1734847695, 221, 14, 40, 0, 0, 0.17%, 7, 0, 8, 149.83
1734847711, 221, 26, 40, 0, 0, 0.17%, 7, 0, 8, 131.70
1734847716, 222, 13, 40, 0, 0, 0.17%, 7, 0, 8, 145.10
1734847721, 222, 19, 40, 0, 0, 0.17%, 7, 0, 8, 140.53
1734847752, 222, 26, 40, 0, 0, 0.17%, 7, 0, 8, 133.74
1734847757, 223, 12, 40, 0, 0, 0.17%, 7, 0, 8, 136.40
1734847762, 223, 14, 40, 0, 0, 0.17%, 7, 0, 8, 136.76
1734847773, 223, 26, 40, 0, 0, 0.17%, 7, 0, 8, 139.30
1734847778, 223, 31, 40, 0, 0, 0.17%, 7, 0, 8, 145.76
1734847808, 224, 2, 40, 0, 0, 0.17%, 7, 0, 8, 148.58
1734847814, 224, 12, 40, 0, 0, 0.17%, 7, 0, 8, 140.21
1734847819, 224, 14, 40, 0, 0, 0.17%, 7, 0, 8, 140.65
1734847829, 224, 18, 40, 0, 0, 0.17%, 7, 0, 8, 145.16
1734847849, 224, 25, 40, 0, 0, 0.17%, 7, 0, 8, 143.04
1734847870, 224, 26, 40, 0, 0, 0.17%, 7, 0, 8, 148.06
1734847875, 224, 38, 40, 0, 0, 0.17%, 7, 0, 8, 151.21
1734847895, 225, 10, 40, 0, 0, 0.17%, 7, 0, 8, 143.64
1734847905, 225, 12, 40, 0, 0, 0.17%, 7, 0, 8, 141.48
1734847910, 225, 26, 40, 0, 0, 0.17%, 7, 0, 8, 139.36
1734847915, 226, 11, 40, 0, 0, 0.17%, 7, 0, 8, 134.08
1734847920, 226, 13, 40, 0, 0, 0.17%, 7, 0, 8, 128.59
1734847925, 226, 16, 40, 0, 0, 0.17%, 7, 0, 8, 140.28
1734847946, 226, 26, 40, 0, 0, 0.17%, 7, 0, 8, 139.25
1734847951, 227, 10, 40, 0, 0, 0.17%, 7, 0, 8, 139.79
1734847961, 227, 11, 40, 0, 0, 0.17%, 7, 0, 8, 135.23
1734847966, 227, 13, 40, 0, 0, 0.17%, 7, 0, 8, 136.96
1734847971, 227, 19, 40, 0, 0, 0.17%, 7, 0, 8, 138.44
1734848002, 227, 22, 40, 0, 0, 0.17%, 7, 0, 8, 159.88
1734848022, 227, 26, 40, 0, 0, 0.17%, 7, 0, 8, 141.81
1734848027, 227, 30, 40, 0, 0, 0.17%, 7, 0, 8, 160.33
1734848058, 227, 36, 40, 0, 0, 0.17%, 7, 0, 8, 164.82
1734848084, 228, 11, 40, 0, 0, 0.17%, 7, 0, 8, 149.01
1734848089, 228, 13, 40, 0, 0, 0.17%, 7, 0, 8, 138.81
1734848094, 228, 26, 40, 0, 0, 0.17%, 7, 0, 8, 144.49
1734848099, 228, 31, 40, 0, 0, 0.17%, 7, 0, 8, 140.78
1734848129, 228, 32, 40, 0, 0, 0.17%, 7, 0, 8, 172.92
1734848155, 228, 34, 40, 0, 0, 0.17%, 7, 0, 8, 135.18
1734848185, 229, 10, 40, 0, 0, 0.17%, 7, 0, 8, 141.23
1734848195, 229, 11, 40, 0, 0, 0.17%, 7, 0, 8, 148.03
1734848201, 229, 26, 40, 0, 0, 0.17%, 7, 0, 8, 140.69
1734848206, 229, 33, 40, 0, 0, 0.17%, 7, 0, 8, 147.58
1734848236, 230, 11, 40, 0, 0, 0.17%, 7, 0, 8, 133.58
1734848241, 230, 13, 40, 0, 0, 0.17%, 7, 0, 8, 133.88
1734848247, 230, 26, 40, 0, 0, 0.17%, 7, 0, 8, 147.51
1734848252, 230, 38, 40, 0, 0, 0.17%, 7, 0, 8, 151.31
1734848272, 231, 12, 40, 0, 0, 0.17%, 7, 0, 8, 133.86
1734848277, 231, 25, 40, 0, 0, 0.17%, 7, 0, 8, 146.18
1734848297, 231, 26, 40, 0, 0, 0.17%, 7, 0, 8, 143.51
1734848302, 232, 11, 40, 0, 0, 0.17%, 7, 0, 8, 141.89
1734848308, 232, 13, 40, 0, 0, 0.17%, 7, 0, 8, 133.06
1734848313, 232, 25, 40, 0, 0, 0.17%, 7, 0, 8, 143.74
1734848333, 232, 33, 40, 0, 0, 0.17%, 7, 0, 8, 155.87
1734848363, 233, 11, 40, 0, 0, 0.17%, 7, 0, 8, 140.99
1734848369, 233, 13, 40, 0, 0, 0.17%, 7, 0, 8, 139.99
1734848374, 234, 1, 40, 0, 0, 0.17%, 7, 0, 8, 138.40
1734848379, 234, 12, 40, 0, 0, 0.17%, 7, 0, 8, 143.51
1734848384, 234, 19, 40, 0, 0, 0.17%, 7, 0, 8, 139.34
1734848414, 234, 26, 40, 0, 0, 0.17%, 7, 0, 8, 143.19
1734848420, 234, 30, 40, 0, 0, 0.17%, 7, 0, 8, 152.21
1734848450, 235, 11, 40, 0, 0, 0.17%, 7, 0, 8, 135.41
1734848455, 235, 13, 40, 0, 0, 0.17%, 7, 0, 8, 137.26
1734848460, 235, 17, 40, 0, 0, 0.17%, 7, 0, 8, 136.85
1734848465, 235, 26, 40, 0, 0, 0.17%, 7, 0, 8, 134.59
1734848470, 235, 38, 40, 0, 0, 0.17%, 7, 0, 8, 150.64
1734848491, 236, 12, 40, 0, 0, 0.17%, 7, 0, 8, 137.69
1734848496, 236, 26, 40, 0, 0, 0.17%, 7, 0, 8, 135.38
1734848501, 236, 31, 40, 0, 0, 0.17%, 7, 0, 8, 135.72
1734848532, 236, 34, 40, 0, 0, 0.17%, 7, 0, 8, 151.14
1734848567, 237, 12, 40, 0, 0, 0.17%, 7, 0, 8, 145.97
1734848573, 237, 22, 40, 0, 0, 0.17%, 7, 0, 8, 167.84
1734848593, 237, 26, 40, 0, 0, 0.17%, 7, 0, 8, 132.99
1734848598, 238, 12, 40, 0, 0, 0.17%, 7, 0, 8, 140.02
1734848603, 238, 25, 40, 0, 0, 0.17%, 7, 0, 8, 145.18
1734848624, 238, 26, 40, 0, 0, 0.17%, 7, 0, 8, 142.99
1734848629, 238, 34, 40, 0, 0, 0.17%, 7, 0, 8, 153.35
1734848659, 239, 10, 40, 0, 0, 0.17%, 7, 0, 8, 136.06
1734848669, 239, 11, 40, 0, 0, 0.17%, 7, 0, 8, 141.98
1734848674, 239, 13, 40, 0, 0, 0.17%, 7, 0, 8, 142.74
1734848680, 239, 17, 40, 0, 0, 0.17%, 7, 0, 8, 150.76
1734848685, 240, 11, 40, 0, 0, 0.17%, 7, 0, 8, 140.69
1734848690, 240, 13, 40, 0, 0, 0.17%, 7, 0, 8, 140.19
1734848695, 240, 15, 40, 0, 0, 0.17%, 7, 0, 8, 137.87
1734848715, 240, 26, 40, 0, 0, 0.17%, 7, 0, 8, 140.74
1734848720, 240, 35, 40, 0, 0, 0.17%, 7, 0, 8, 137.73
1734848751, 241, 11, 40, 0, 0, 0.17%, 7, 0, 8, 147.83
1734848756, 241, 13, 40, 0, 0, 0.17%, 7, 0, 8, 138.97
1734848761, 241, 21, 40, 0, 0, 0.17%, 7, 0, 8, 145.19
1734848781, 241, 26, 40, 0, 0, 0.17%, 7, 0, 8, 137.31
1734848786, 242, 11, 40, 0, 0, 0.17%, 7, 0, 8, 148.67
1734848791, 242, 13, 40, 0, 0, 0.17%, 7, 0, 8, 147.70
1734848796, 242, 26, 40, 0, 0, 0.17%, 7, 0, 8, 140.07
1734848801, 243, 12, 40, 0, 0, 0.17%, 7, 0, 8, 145.11
1734848807, 243, 14, 40, 0, 0, 0.17%, 7, 0, 8, 141.40
1734848817, 243, 26, 40, 0, 0, 0.17%, 7, 0, 8, 141.06
1734848822, 243, 30, 40, 0, 0, 0.17%, 7, 0, 8, 153.47
1734848837, 244, 11, 40, 0, 0, 0.17%, 7, 0, 8, 145.62
1734848842, 244, 13, 40, 0, 0, 0.17%, 7, 0, 8, 137.49
1734848847, 244, 26, 40, 0, 0, 0.17%, 7, 0, 8, 133.02
1734848852, 245, 12, 40, 0, 0, 0.17%, 7, 0, 8, 134.83
1734848857, 245, 26, 40, 0, 0, 0.17%, 7, 0, 8, 137.07
1734848862, 246, 11, 40, 0, 0, 0.17%, 7, 0, 8, 134.44
1734848868, 246, 13, 40, 0, 0, 0.17%, 7, 0, 8, 141.51
1734848873, 246, 26, 40, 0, 0, 0.17%, 7, 0, 8, 136.52
1734848878, 247, 12, 40, 0, 0, 0.17%, 7, 0, 8, 139.45
1734848883, 247, 26, 40, 0, 0, 0.17%, 7, 0, 8, 139.96
1734848888, 248, 11, 40, 0, 0, 0.17%, 7, 0, 8, 137.30
1734848893, 248, 13, 40, 0, 0, 0.17%, 7, 0, 8, 135.06
1734848898, 248, 18, 40, 0, 0, 0.17%, 7, 0, 8, 156.25
1734848914, 248, 26, 40, 0, 0, 0.17%, 7, 0, 8, 138.90
1734848919, 248, 38, 40, 0, 0, 0.17%, 7, 0, 8, 150.73
1734848939, 249, 11, 40, 0, 0, 0.17%, 7, 0, 8, 136.67
1734848944, 249, 13, 40, 0, 0, 0.17%, 7, 0, 8, 139.90
1734848949, 249, 18, 40, 0, 0, 0.17%, 7, 0, 8, 156.84
1734848970, 249, 26, 40, 0, 0, 0.17%, 7, 0, 8, 140.17
1734848975, 249, 34, 40, 0, 0, 0.17%, 7, 0, 8, 150.91
1734849005, 250, 11, 40, 0, 0, 0.17%, 7, 0, 8, 139.19
1734849010, 250, 13, 40, 0, 0, 0.17%, 7, 0, 8, 129.58
1734849016, 250, 26, 40, 0, 0, 0.17%, 7, 0, 8, 138.08
1734849021, 251, 12, 40, 0, 0, 0.17%, 7, 0, 8, 138.20
1734849026, 251, 20, 40, 0, 0, 0.17%, 7, 0, 8, 146.21
1734849051, 251, 26, 40, 0, 0, 0.17%, 7, 0, 8, 142.86
1734849056, 252, 13, 40, 0, 0, 0.17%, 7, 0, 8, 144.88
1734849061, 252, 26, 40, 0, 0, 0.17%, 7, 0, 8, 141.93
1734849067, 253, 11, 40, 0, 0, 0.17%, 7, 0, 8, 138.92
1734849072, 253, 16, 40, 0, 0, 0.17%, 7, 0, 8, 136.33
1734849092, 253, 26, 40, 0, 0, 0.17%, 7, 0, 8, 151.45
1734849097, 254, 7, 40, 0, 0, 0.17%, 7, 0, 8, 141.65
1734849102, 254, 11, 40, 0, 0, 0.17%, 7, 0, 8, 132.09
1734849107, 254, 13, 40, 0, 0, 0.17%, 7, 0, 8, 133.70
1734849112, 254, 22, 40, 0, 0, 0.17%, 7, 0, 8, 176.94
1734849133, 254, 26, 40, 0, 0, 0.17%, 7, 0, 8, 147.76
1734849138, 254, 31, 40, 0, 0, 0.17%, 7, 0, 8, 149.76
1734849163, 254, 32, 40, 0, 0, 0.17%, 7, 0, 8, 156.16
1734849194, 255, 12, 40, 0, 0, 0.17%, 7, 0, 8, 143.10
1734849199, 255, 17, 40, 0, 0, 0.17%, 7, 0, 8, 137.43
1734849204, 255, 25, 40, 0, 0, 0.17%, 7, 0, 8, 141.15
1734849214, 255, 26, 40, 0, 0, 0.17%, 7, 0, 8, 144.57
1734849219, 256, 11, 40, 0, 0, 0.17%, 7, 0, 8, 134.29
1734849224, 256, 13, 40, 0, 0, 0.17%, 7, 0, 8, 132.69
1734849230, 256, 26, 40, 0, 0, 0.17%, 7, 0, 8, 138.52
1734849235, 256, 29, 40, 0, 0, 0.17%, 7, 0, 8, 148.19
1734849255, 256, 35, 40, 0, 0, 0.17%, 7, 0, 8, 148.74
1734849286, 257, 12, 40, 0, 0, 0.17%, 7, 0, 8, 130.34
1734849291, 257, 26, 40, 0, 0, 0.17%, 7, 0, 8, 138.28
1734849296, 257, 28, 40, 0, 0, 0.17%, 7, 0, 8, 147.00
1734849326, 258, 11, 40, 0, 0, 0.17%, 7, 0, 8, 147.62
1734849331, 258, 13, 40, 0, 0, 0.17%, 7, 0, 8, 137.03
1734849336, 258, 19, 40, 0, 0, 0.17%, 7, 0, 8, 137.01
1734849367, 258, 26, 40, 0, 0, 0.17%, 7, 0, 8, 148.81
1734849372, 258, 28, 40, 0, 0, 0.17%, 7, 0, 8, 157.10
1734849403, 258, 32, 40, 0, 0, 0.17%, 7, 0, 8, 196.74
1734849428, 259, 6, 40, 0, 0, 0.17%, 7, 0, 8, 137.43
1734849433, 259, 11, 40, 0, 0, 0.17%, 7, 0, 8, 139.18
1734849438, 259, 13, 40, 0, 0, 0.17%, 7, 0, 8, 137.59
1734849443, 259, 23, 40, 0, 0, 0.17%, 7, 0, 8, 144.29
1734849463, 259, 26, 40, 0, 0, 0.17%, 7, 0, 8, 141.71
1734849468, 260, 12, 40, 0, 0, 0.17%, 7, 0, 8, 137.22
1734849474, 260, 26, 40, 0, 0, 0.17%, 7, 0, 8, 139.02
1734849479, 261, 11, 40, 0, 0, 0.17%, 7, 0, 8, 138.23
1734849484, 261, 13, 40, 0, 0, 0.17%, 7, 0, 8, 140.44
1734849489, 261, 26, 40, 0, 0, 0.17%, 7, 0, 8, 136.96
1734849494, 262, 12, 40, 0, 0, 0.17%, 7, 0, 8, 141.55
1734849499, 262, 26, 40, 0, 0, 0.17%, 7, 0, 8, 139.66
1734849504, 262, 35, 40, 0, 0, 0.17%, 7, 0, 8, 155.84
1734849535, 263, 11, 40, 0, 0, 0.17%, 7, 0, 8, 142.05
1734849540, 263, 13, 40, 0, 0, 0.17%, 7, 0, 8, 138.54
1734849545, 263, 26, 40, 0, 0, 0.17%, 7, 0, 8, 132.47
1734849550, 264, 11, 40, 0, 0, 0.17%, 7, 0, 8, 137.98
1734849555, 264, 13, 40, 0, 0, 0.17%, 7, 0, 8, 141.54
1734849561, 264, 23, 40, 0, 0, 0.17%, 7, 0, 8, 138.64
1734849581, 264, 26, 40, 0, 0, 0.17%, 7, 0, 8, 144.69
1734849586, 265, 12, 40, 0, 0, 0.17%, 7, 0, 8, 141.01
1734849591, 265, 22, 40, 0, 0, 0.17%, 7, 0, 8, 165.99
1734849612, 265, 26, 40, 0, 0, 0.17%, 7, 0, 8, 134.65
1734849617, 265, 32, 40, 0, 0, 0.17%, 7, 0, 8, 189.01
1734849642, 265, 35, 40, 0, 0, 0.17%, 7, 0, 8, 146.36
1734849673, 266, 11, 40, 0, 0, 0.17%, 7, 0, 8, 149.64
1734849678, 266, 13, 40, 0, 0, 0.17%, 7, 0, 8, 143.34
1734849683, 266, 26, 40, 0, 0, 0.17%, 7, 0, 8, 137.34
1734849688, 267, 11, 40, 0, 0, 0.17%, 7, 0, 8, 143.11
1734849693, 267, 13, 40, 0, 0, 0.17%, 7, 0, 8, 137.87
1734849698, 267, 26, 40, 0, 0, 0.17%, 7, 0, 8, 139.33
1734849704, 268, 12, 40, 0, 0, 0.17%, 7, 0, 8, 138.89
1734849709, 268, 26, 40, 0, 0, 0.17%, 7, 0, 8, 136.70
1734849714, 268, 28, 40, 0, 0, 0.17%, 7, 0, 8, 147.74
1734849744, 269, 11, 40, 0, 0, 0.17%, 7, 0, 8, 142.63
1734849749, 269, 13, 40, 0, 0, 0.17%, 7, 0, 8, 145.80
1734849754, 269, 26, 40, 0, 0, 0.17%, 7, 0, 8, 141.58
1734849759, 270, 12, 40, 0, 0, 0.17%, 7, 0, 8, 138.83
1734849764, 270, 19, 40, 0, 0, 0.17%, 7, 0, 8, 139.87
1734849795, 270, 26, 40, 0, 0, 0.17%, 7, 0, 8, 142.41
1734849800, 271, 12, 40, 0, 0, 0.17%, 7, 0, 8, 142.06
1734849805, 271, 26, 40, 0, 0, 0.17%, 7, 0, 8, 141.50
1734849810, 271, 27, 40, 0, 0, 0.17%, 7, 0, 8, 139.19
1734849830, 271, 31, 40, 0, 0, 0.17%, 7, 0, 8, 148.44
1734849866, 272, 12, 40, 0, 0, 0.17%, 7, 0, 8, 142.28
1734849871, 272, 22, 40, 0, 0, 0.17%, 7, 0, 8, 158.48
1734849891, 272, 26, 40, 0, 0, 0.17%, 7, 0, 8, 143.15
1734849897, 273, 12, 40, 0, 0, 0.17%, 7, 0, 8, 145.14
1734849902, 273, 17, 40, 0, 0, 0.17%, 7, 0, 8, 139.44
1734849907, 273, 22, 40, 0, 0, 0.17%, 7, 0, 8, 141.54
1734849927, 273, 26, 40, 0, 0, 0.17%, 7, 0, 8, 153.12
1734849932, 274, 2, 40, 0, 0, 0.17%, 7, 0, 8, 147.12
1734849937, 274, 10, 40, 0, 0, 0.17%, 7, 0, 8, 144.50
1734849947, 274, 13, 40, 0, 0, 0.17%, 7, 0, 8, 136.79
1734849952, 274, 25, 40, 0, 0, 0.17%, 7, 0, 8, 144.67
1734849963, 274, 26, 40, 0, 0, 0.17%, 7, 0, 8, 138.82
1734849968, 274, 29, 40, 0, 0, 0.17%, 7, 0, 8, 144.09
1734849988, 275, 12, 40, 0, 0, 0.17%, 7, 0, 8, 143.32
1734849993, 275, 18, 40, 0, 0, 0.17%, 7, 0, 8, 149.70
1734850003, 275, 20, 40, 0, 0, 0.17%, 7, 0, 8, 145.85
1734850023, 275, 25, 40, 0, 0, 0.17%, 7, 0, 8, 150.62
1734850034, 275, 26, 40, 0, 0, 0.17%, 7, 0, 8, 138.54
1734850039, 276, 0, 40, 0, 0, 0.17%, 7, 0, 8, 141.12
1734850044, 276, 12, 40, 0, 0, 0.17%, 7, 0, 8, 139.92
1734850049, 276, 26, 40, 0, 0, 0.17%, 7, 0, 8, 138.42
1734850054, 277, 11, 40, 0, 0, 0.17%, 7, 0, 8, 138.47
1734850059, 277, 13, 40, 0, 0, 0.17%, 7, 0, 8, 133.29
1734850064, 277, 18, 40, 0, 0, 0.17%, 7, 0, 8, 151.74
1734850075, 277, 26, 40, 0, 0, 0.17%, 7, 0, 8, 132.74
1734850080, 277, 28, 40, 0, 0, 0.17%, 7, 0, 8, 145.28
1734850110, 278, 11, 40, 0, 0, 0.17%, 7, 0, 8, 146.79
1734850116, 278, 13, 40, 0, 0, 0.17%, 7, 0, 8, 140.81
1734850121, 278, 26, 40, 0, 0, 0.17%, 7, 0, 8, 147.94
1734850126, 279, 12, 40, 0, 0, 0.17%, 7, 0, 8, 140.23
1734850131, 279, 26, 40, 0, 0, 0.17%, 7, 0, 8, 138.34
1734850136, 279, 28, 40, 0, 0, 0.17%, 7, 0, 8, 151.40
1734850167, 280, 12, 40, 0, 0, 0.17%, 7, 0, 8, 133.21
1734850172, 280, 26, 40, 0, 0, 0.17%, 7, 0, 8, 135.24
1734850177, 281, 11, 40, 0, 0, 0.17%, 7, 0, 8, 145.21
1734850182, 281, 13, 40, 0, 0, 0.17%, 7, 0, 8, 142.78
1734850187, 281, 19, 40, 0, 0, 0.17%, 7, 0, 8, 137.57
1734850218, 281, 26, 40, 0, 0, 0.17%, 7, 0, 8, 130.39
1734850223, 281, 37, 40, 0, 0, 0.17%, 7, 0, 8, 157.88
1734850258, 282, 11, 40, 0, 0, 0.17%, 7, 0, 8, 126.37
1734850263, 282, 13, 40, 0, 0, 0.17%, 7, 0, 8, 135.84
1734850268, 282, 26, 40, 0, 0, 0.17%, 7, 0, 8, 142.72
1734850274, 283, 12, 40, 0, 0, 0.17%, 7, 0, 8, 133.70
1734850279, 283, 26, 40, 0, 0, 0.17%, 7, 0, 8, 140.83
1734850284, 284, 11, 40, 0, 0, 0.17%, 7, 0, 8, 133.49
1734850289, 284, 13, 40, 0, 0, 0.17%, 7, 0, 8, 137.66
1734850294, 284, 26, 40, 0, 0, 0.17%, 7, 0, 8, 135.88
1734850299, 284, 36, 40, 0, 0, 0.17%, 7, 0, 8, 163.25
1734850325, 285, 11, 40, 0, 0, 0.17%, 7, 0, 8, 155.35
1734850330, 285, 13, 40, 0, 0, 0.17%, 7, 0, 8, 148.57
1734850335, 285, 18, 40, 0, 0, 0.17%, 7, 0, 8, 152.35
1734850345, 285, 20, 40, 0, 0, 0.17%, 7, 0, 8, 142.86
1734850365, 285, 26, 40, 0, 0, 0.17%, 7, 0, 8, 142.54
1734850370, 285, 28, 40, 0, 0, 0.17%, 7, 0, 8, 159.02
1734850401, 285, 34, 40, 0, 0, 0.17%, 7, 0, 8, 162.08
1734850431, 286, 12, 40, 0, 0, 0.17%, 7, 0, 8, 136.98
1734850436, 286, 26, 40, 0, 0, 0.17%, 7, 0, 8, 135.23
1734850441, 286, 37, 40, 0, 0, 0.17%, 7, 0, 8, 153.05
1734850477, 287, 5, 40, 0, 0, 0.17%, 7, 0, 8, 147.53
1734850482, 287, 12, 40, 0, 0, 0.17%, 7, 0, 8, 139.82
1734850487, 287, 26, 40, 0, 0, 0.17%, 7, 0, 8, 141.24
1734850492, 287, 37, 40, 0, 0, 0.17%, 7, 0, 8, 157.57
1734850533, 287, 38, 40, 0, 0, 0.17%, 7, 0, 8, 139.11
1734850553, 288, 11, 40, 0, 0, 0.17%, 7, 0, 8, 134.36
1734850559, 288, 13, 40, 0, 0, 0.17%, 7, 0, 8, 141.55
1734850564, 288, 23, 40, 0, 0, 0.17%, 7, 0, 8, 144.84
1734850589, 288, 39, 40, 0, 0, 0.17%, 7, 0, 8, 144.26
1734850610, 289, 6, 40, 0, 0, 0.17%, 7, 0, 8, 144.28
1734850615, 289, 12, 40, 0, 0, 0.17%, 7, 0, 8, 137.32
1734850620, 289, 26, 40, 0, 0, 0.17%, 7, 0, 8, 136.99
1734850625, 289, 28, 40, 0, 0, 0.17%, 7, 0, 8, 150.45
1734850655, 290, 12, 40, 0, 0, 0.17%, 7, 0, 8, 144.69
1734850660, 290, 26, 40, 0, 0, 0.17%, 7, 0, 8, 146.86
1734850666, 291, 11, 40, 0, 0, 0.17%, 7, 0, 8, 145.96
1734850671, 291, 13, 40, 0, 0, 0.17%, 7, 0, 8, 139.85
1734850676, 291, 16, 40, 0, 0, 0.17%, 7, 0, 8, 140.10
1734850696, 291, 25, 40, 0, 0, 0.17%, 7, 0, 8, 151.90
1734850702, 291, 26, 40, 0, 0, 0.17%, 7, 0, 8, 149.71
1734850707, 291, 31, 40, 0, 0, 0.17%, 7, 0, 8, 145.42
1734850732, 292, 11, 40, 0, 0, 0.17%, 7, 0, 8, 160.66
1734850737, 292, 13, 40, 0, 0, 0.17%, 7, 0, 8, 141.64
1734850743, 292, 26, 40, 0, 0, 0.17%, 7, 0, 8, 132.01
1734850748, 292, 31, 40, 0, 0, 0.17%, 7, 0, 8, 141.91
1734850778, 293, 11, 40, 0, 0, 0.17%, 7, 0, 8, 131.13
1734850783, 293, 13, 40, 0, 0, 0.17%, 7, 0, 8, 136.86
1734850789, 293, 15, 40, 0, 0, 0.17%, 7, 0, 8, 137.88
1734850809, 293, 24, 40, 0, 0, 0.17%, 7, 0, 8, 165.69
1734850835, 293, 26, 40, 0, 0, 0.17%, 7, 0, 8, 148.56
1734850840, 294, 11, 40, 0, 0, 0.17%, 7, 0, 8, 142.65
1734850845, 294, 13, 40, 0, 0, 0.17%, 7, 0, 8, 135.52
1734850850, 294, 21, 40, 0, 0, 0.17%, 7, 0, 8, 139.34
1734850871, 294, 26, 40, 0, 0, 0.17%, 7, 0, 8, 143.37
1734850876, 294, 32, 40, 0, 0, 0.17%, 7, 0, 8, 191.47
1734850901, 295, 2, 40, 0, 0, 0.17%, 7, 0, 8, 128.58
1734850906, 295, 6, 40, 0, 0, 0.17%, 7, 0, 8, 127.18
1734850911, 295, 12, 40, 0, 0, 0.17%, 7, 0, 8, 131.45
1734850917, 295, 18, 40, 0, 0, 0.17%, 7, 0, 8, 144.00
1734850922, 295, 19, 40, 0, 0, 0.17%, 7, 0, 8, 139.91
1734850957, 295, 26, 40, 0, 0, 0.17%, 7, 0, 8, 138.55
1734850962, 295, 30, 40, 0, 0, 0.17%, 7, 0, 8, 167.23
1734850973, 296, 5, 40, 0, 0, 0.17%, 7, 0, 8, 154.27
1734850978, 296, 12, 40, 0, 0, 0.17%, 7, 0, 8, 142.43
1734850983, 296, 26, 40, 0, 0, 0.17%, 7, 0, 8, 137.88
1734850988, 297, 11, 40, 0, 0, 0.17%, 7, 0, 8, 144.05
1734850993, 297, 13, 40, 0, 0, 0.17%, 7, 0, 8, 134.85
1734850999, 297, 17, 40, 0, 0, 0.17%, 7, 0, 8, 138.86
1734851004, 297, 21, 40, 0, 0, 0.17%, 7, 0, 8, 138.76
1734851024, 297, 26, 40, 0, 0, 0.17%, 7, 0, 8, 130.13
1734851029, 298, 11, 40, 0, 0, 0.17%, 7, 0, 8, 131.47
1734851034, 298, 13, 40, 0, 0, 0.17%, 7, 0, 8, 140.26
1734851039, 298, 14, 40, 0, 0, 0.17%, 7, 0, 8, 139.15
1734851050, 298, 26, 40, 0, 0, 0.17%, 7, 0, 8, 133.99
1734851055, 299, 12, 40, 0, 0, 0.17%, 7, 0, 8, 140.24
1734851060, 299, 26, 40, 0, 0, 0.17%, 7, 0, 8, 142.61
1734851065, 299, 39, 40, 0, 0, 0.17%, 7, 0, 8, 162.06
1734851086, 300, 12, 40, 0, 0, 0.17%, 7, 0, 8, 141.39
1734851091, 300, 26, 40, 0, 0, 0.17%, 7, 0, 8, 135.31
1734851096, 300, 32, 40, 0, 0, 0.17%, 7, 0, 8, 176.76
1734851127, 301, 12, 40, 0, 0, 0.17%, 7, 0, 8, 137.82
1734851132, 301, 26, 40, 0, 0, 0.17%, 7, 0, 8, 141.64
1734851137, 301, 34, 40, 0, 0, 0.17%, 7, 0, 8, 142.54
1734851152, 301, 37, 40, 0, 0, 0.17%, 7, 0, 8, 160.30
1734851193, 301, 38, 40, 0, 0, 0.17%, 7, 0, 8, 157.97
1734851213, 302, 12, 40, 0, 0, 0.17%, 7, 0, 8, 133.07
1734851218, 302, 26, 40, 0, 0, 0.17%, 7, 0, 8, 134.49
1734851223, 303, 11, 40, 0, 0, 0.17%, 7, 0, 8, 135.75
1734851228, 303, 13, 40, 0, 0, 0.17%, 7, 0, 8, 140.36
1734851233, 303, 15, 40, 0, 0, 0.17%, 7, 0, 8, 141.77
1734851254, 303, 22, 40, 0, 0, 0.17%, 7, 0, 8, 150.82
1734851264, 303, 24, 40, 0, 0, 0.17%, 7, 0, 8, 170.38
1734851289, 303, 26, 40, 0, 0, 0.17%, 7, 0, 8, 134.06
1734851294, 304, 11, 40, 0, 0, 0.17%, 7, 0, 8, 135.31
1734851300, 304, 13, 40, 0, 0, 0.17%, 7, 0, 8, 142.63
1734851305, 304, 26, 40, 0, 0, 0.17%, 7, 0, 8, 150.45
1734851310, 305, 11, 40, 0, 0, 0.17%, 7, 0, 8, 137.80
1734851315, 305, 13, 40, 0, 0, 0.17%, 7, 0, 8, 139.48
1734851320, 305, 17, 40, 0, 0, 0.17%, 7, 0, 8, 137.76
1734851325, 305, 26, 40, 0, 0, 0.17%, 7, 0, 8, 145.78
1734851330, 306, 12, 40, 0, 0, 0.17%, 7, 0, 8, 138.06
1734851335, 306, 22, 40, 0, 0, 0.17%, 7, 0, 8, 165.67
1734851346, 306, 26, 40, 0, 0, 0.17%, 7, 0, 8, 142.51
1734851351, 306, 31, 40, 0, 0, 0.17%, 7, 0, 8, 140.11
1734851381, 307, 11, 40, 0, 0, 0.17%, 7, 0, 8, 146.20
1734851387, 307, 13, 40, 0, 0, 0.17%, 7, 0, 8, 139.67
1734851392, 307, 26, 40, 0, 0, 0.17%, 7, 0, 8, 141.93
1734851397, 308, 12, 40, 0, 0, 0.17%, 7, 0, 8, 143.77
1734851402, 308, 16, 40, 0, 0, 0.17%, 7, 0, 8, 143.61
1734851423, 308, 23, 40, 0, 0, 0.17%, 7, 0, 8, 129.05
1734851448, 308, 28, 40, 0, 0, 0.17%, 7, 0, 8, 143.53
1734851478, 309, 11, 40, 0, 0, 0.17%, 7, 0, 8, 139.41
1734851484, 309, 13, 40, 0, 0, 0.17%, 7, 0, 8, 137.86
1734851489, 309, 14, 40, 0, 0, 0.17%, 7, 0, 8, 143.07
1734851499, 309, 18, 40, 0, 0, 0.17%, 7, 0, 8, 139.89
1734851504, 309, 26, 40, 0, 0, 0.17%, 7, 0, 8, 145.37
1734851509, 310, 12, 40, 0, 0, 0.17%, 7, 0, 8, 143.56
1734851514, 310, 18, 40, 0, 0, 0.17%, 7, 0, 8, 146.55
1734851519, 310, 26, 40, 0, 0, 0.17%, 7, 0, 8, 148.95
1734851524, 311, 11, 40, 0, 0, 0.17%, 7, 0, 8, 139.94
1734851530, 311, 22, 40, 0, 0, 0.17%, 7, 0, 8, 139.52
1734851540, 311, 26, 40, 0, 0, 0.17%, 7, 0, 8, 141.70
1734851545, 312, 11, 40, 0, 0, 0.17%, 7, 0, 8, 132.98
1734851550, 312, 13, 40, 0, 0, 0.17%, 7, 0, 8, 134.75
1734851555, 312, 19, 40, 0, 0, 0.17%, 7, 0, 8, 135.05
1734851586, 312, 26, 40, 0, 0, 0.17%, 7, 0, 8, 140.57
1734851591, 312, 37, 40, 0, 0, 0.17%, 7, 0, 8, 163.60
1734851627, 313, 0, 40, 0, 0, 0.17%, 7, 0, 8, 150.60
1734851632, 313, 12, 40, 0, 0, 0.17%, 7, 0, 8, 145.61
1734851637, 313, 15, 40, 0, 0, 0.17%, 7, 0, 8, 145.76
1734851657, 313, 26, 40, 0, 0, 0.17%, 7, 0, 8, 145.10
1734851663, 314, 12, 40, 0, 0, 0.17%, 7, 0, 8, 139.39
1734851668, 314, 26, 40, 0, 0, 0.17%, 7, 0, 8, 141.86
1734851673, 314, 27, 40, 0, 0, 0.17%, 7, 0, 8, 145.34
1734851698, 315, 12, 40, 0, 0, 0.17%, 7, 0, 8, 144.85
1734851703, 315, 21, 40, 0, 0, 0.17%, 7, 0, 8, 147.55
1734851724, 315, 26, 40, 0, 0, 0.17%, 7, 0, 8, 141.18
1734851729, 315, 27, 40, 0, 0, 0.17%, 7, 0, 8, 141.48
1734851749, 315, 30, 40, 0, 0, 0.17%, 7, 0, 8, 153.45
1734851764, 316, 10, 40, 0, 0, 0.17%, 7, 0, 8, 145.35
1734851775, 316, 12, 40, 0, 0, 0.17%, 7, 0, 8, 132.39
1734851780, 316, 17, 40, 0, 0, 0.17%, 7, 0, 8, 138.45
1734851785, 316, 26, 40, 0, 0, 0.17%, 7, 0, 8, 137.55
1734851790, 317, 11, 40, 0, 0, 0.17%, 7, 0, 8, 132.42
1734851795, 317, 13, 40, 0, 0, 0.17%, 7, 0, 8, 135.41
1734851800, 317, 26, 40, 0, 0, 0.17%, 7, 0, 8, 149.53
1734851805, 318, 11, 40, 0, 0, 0.17%, 7, 0, 8, 142.40
1734851810, 318, 13, 40, 0, 0, 0.17%, 7, 0, 8, 135.53
1734851816, 318, 17, 40, 0, 0, 0.17%, 7, 0, 8, 141.00
1734851821, 318, 26, 40, 0, 0, 0.17%, 7, 0, 8, 135.54
1734851826, 319, 11, 40, 0, 0, 0.17%, 7, 0, 8, 138.38
1734851831, 319, 13, 40, 0, 0, 0.17%, 7, 0, 8, 138.59
1734851836, 319, 26, 40, 0, 0, 0.17%, 7, 0, 8, 136.98
1734851841, 319, 28, 40, 0, 0, 0.17%, 7, 0, 8, 151.39
1734851867, 319, 36, 40, 0, 0, 0.17%, 7, 0, 8, 142.06
1734851898, 320, 9, 40, 0, 0, 0.17%, 7, 0, 8, 129.51
1734851903, 320, 12, 40, 0, 0, 0.17%, 7, 0, 8, 139.32
1734851908, 320, 26, 40, 0, 0, 0.17%, 7, 0, 8, 137.31
1734851913, 320, 29, 40, 0, 0, 0.17%, 7, 0, 8, 146.05
1734851933, 321, 11, 40, 0, 0, 0.17%, 7, 0, 8, 130.68
1734851939, 321, 13, 40, 0, 0, 0.17%, 7, 0, 8, 138.97
1734851944, 321, 18, 40, 0, 0, 0.17%, 7, 0, 8, 139.64
1734851949, 321, 26, 40, 0, 0, 0.17%, 7, 0, 8, 141.92
1734851954, 321, 33, 40, 0, 0, 0.17%, 7, 0, 8, 173.75
1734851985, 322, 11, 40, 0, 0, 0.17%, 7, 0, 8, 138.52
1734851990, 322, 13, 40, 0, 0, 0.17%, 7, 0, 8, 139.88
1734851995, 322, 19, 40, 0, 0, 0.17%, 7, 0, 8, 134.27
1734852025, 322, 26, 40, 0, 0, 0.17%, 7, 0, 8, 143.25
1734852031, 323, 11, 40, 0, 0, 0.17%, 7, 0, 8, 142.62
1734852036, 323, 13, 40, 0, 0, 0.17%, 7, 0, 8, 136.64
1734852041, 323, 18, 40, 0, 0, 0.17%, 7, 0, 8, 146.26
1734852046, 323, 19, 40, 0, 0, 0.17%, 7, 0, 8, 137.96
1734852076, 323, 23, 40, 0, 0, 0.17%, 7, 0, 8, 140.32
1734852081, 323, 26, 40, 0, 0, 0.17%, 7, 0, 8, 159.95
1734852087, 323, 32, 40, 0, 0, 0.17%, 7, 0, 8, 142.35
1734852117, 324, 11, 40, 0, 0, 0.17%, 7, 0, 8, 129.17
