# unix_time, cycles_done, cur_path, paths_total, pending_total, pending_favs, map_size, unique_crashes, unique_hangs, max_depth, execs_per_sec
1735050887, 0, 0, 10, 10, 1, 0.01%, 0, 0, 1, 83.86
1735050892, 0, 4, 10, 10, 1, 0.01%, 0, 0, 1, 104.00
1735050897, 0, 5, 10, 9, 0, 0.01%, 0, 0, 1, 104.69
1735050907, 0, 6, 10, 8, 0, 0.01%, 0, 0, 1, 101.37
1735050917, 0, 7, 10, 7, 0, 0.01%, 0, 0, 1, 100.04
1735050927, 0, 8, 10, 6, 0, 0.01%, 0, 0, 1, 98.81
1735050937, 0, 9, 10, 5, 0, 0.01%, 0, 0, 1, 96.56
1735050948, 1, 0, 10, 4, 0, 0.01%, 0, 0, 1, 94.85
1735050963, 1, 1, 10, 3, 0, 0.01%, 0, 0, 1, 103.63
1735050973, 1, 2, 10, 2, 0, 0.01%, 0, 0, 1, 93.10
1735050983, 1, 3, 10, 1, 0, 0.01%, 0, 0, 1, 100.80
1735050999, 1, 5, 10, 0, 0, 0.01%, 0, 0, 1, 102.71
1735051004, 1, 6, 10, 0, 0, 0.01%, 0, 0, 1, 99.91
1735051009, 1, 7, 10, 0, 0, 0.01%, 0, 0, 1, 102.57
1735051014, 1, 9, 10, 0, 0, 0.01%, 0, 0, 1, 102.76
1735051019, 2, 0, 10, 0, 0, 0.01%, 0, 0, 1, 102.79
1735051024, 2, 2, 10, 0, 0, 0.01%, 0, 0, 1, 102.60
1735051029, 2, 3, 10, 0, 0, 0.01%, 0, 0, 1, 101.61
1735051034, 2, 4, 10, 0, 0, 0.01%, 0, 0, 1, 100.88
1735051039, 2, 6, 10, 0, 0, 0.01%, 0, 0, 1, 102.64
1735051044, 2, 7, 10, 0, 0, 0.01%, 0, 0, 1, 104.89
1735051049, 2, 9, 10, 0, 0, 0.01%, 0, 0, 1, 102.81
1735051054, 3, 0, 10, 0, 0, 0.01%, 0, 0, 1, 102.67
1735051059, 3, 1, 10, 0, 0, 0.01%, 0, 0, 1, 102.90
1735051064, 3, 3, 10, 0, 0, 0.01%, 0, 0, 1, 102.26
1735051070, 3, 4, 10, 0, 0, 0.01%, 0, 0, 1, 104.27
1735051075, 3, 6, 10, 0, 0, 0.01%, 0, 0, 1, 102.82
1735051080, 3, 7, 10, 0, 0, 0.01%, 0, 0, 1, 104.21
1735051085, 3, 9, 10, 0, 0, 0.01%, 0, 0, 1, 104.09
1735051090, 4, 0, 10, 0, 0, 0.01%, 0, 0, 1, 103.00
1735051095, 4, 1, 10, 0, 0, 0.01%, 0, 0, 1, 102.53
1735051100, 4, 3, 10, 0, 0, 0.01%, 0, 0, 1, 102.43
1735051105, 4, 4, 10, 0, 0, 0.01%, 0, 0, 1, 101.19
1735051110, 4, 6, 10, 0, 0, 0.01%, 0, 0, 1, 102.74
1735051115, 4, 7, 10, 0, 0, 0.01%, 0, 0, 1, 102.04
1735051120, 4, 8, 10, 0, 0, 0.01%, 0, 0, 1, 100.54
1735051125, 5, 0, 10, 0, 0, 0.01%, 0, 0, 1, 102.46
1735051130, 5, 1, 10, 0, 0, 0.01%, 0, 0, 1, 102.20
1735051135, 5, 3, 10, 0, 0, 0.01%, 0, 0, 1, 103.44
1735051141, 5, 4, 10, 0, 0, 0.01%, 0, 0, 1, 103.42
1735051146, 5, 5, 10, 0, 0, 0.01%, 0, 0, 1, 103.46
1735051151, 5, 7, 10, 0, 0, 0.01%, 0, 0, 1, 103.03
1735051156, 5, 8, 10, 0, 0, 0.01%, 0, 0, 1, 102.50
1735051161, 6, 0, 10, 0, 0, 0.01%, 0, 0, 1, 102.99
1735051166, 6, 1, 10, 0, 0, 0.01%, 0, 0, 1, 103.30
1735051171, 6, 3, 10, 0, 0, 0.01%, 0, 0, 1, 102.62
1735051176, 6, 4, 10, 0, 0, 0.01%, 0, 0, 1, 104.34
1735051181, 6, 5, 10, 0, 0, 0.01%, 0, 0, 1, 101.74
1735051186, 6, 7, 10, 0, 0, 0.01%, 0, 0, 1, 103.16
1735051191, 6, 8, 10, 0, 0, 0.01%, 0, 0, 1, 102.55
1735051196, 7, 0, 10, 0, 0, 0.01%, 0, 0, 1, 105.32
1735051201, 7, 1, 10, 0, 0, 0.01%, 0, 0, 1, 100.14
1735051207, 7, 2, 10, 0, 0, 0.01%, 0, 0, 1, 98.33
1735051212, 7, 4, 10, 0, 0, 0.01%, 0, 0, 1, 101.56
1735051217, 7, 5, 10, 0, 0, 0.01%, 0, 0, 1, 100.86
1735051222, 7, 7, 10, 0, 0, 0.01%, 0, 0, 1, 100.15
1735051227, 7, 8, 10, 0, 0, 0.01%, 0, 0, 1, 101.97
1735051232, 7, 9, 10, 0, 0, 0.01%, 0, 0, 1, 102.19
1735051237, 8, 1, 10, 0, 0, 0.01%, 0, 0, 1, 102.72
1735051242, 8, 2, 10, 0, 0, 0.01%, 0, 0, 1, 103.20
1735051247, 8, 4, 10, 0, 0, 0.01%, 0, 0, 1, 101.89
1735051252, 8, 5, 10, 0, 0, 0.01%, 0, 0, 1, 101.98
1735051257, 8, 6, 10, 0, 0, 0.01%, 0, 0, 1, 104.95
1735051262, 8, 8, 10, 0, 0, 0.01%, 0, 0, 1, 103.97
1735051267, 8, 9, 10, 0, 0, 0.01%, 0, 0, 1, 100.66
1735051272, 9, 1, 10, 0, 0, 0.01%, 0, 0, 1, 102.89
1735051278, 9, 2, 10, 0, 0, 0.01%, 0, 0, 1, 101.61
1735051283, 9, 4, 10, 0, 0, 0.01%, 0, 0, 1, 104.63
1735051288, 9, 5, 10, 0, 0, 0.01%, 0, 0, 1, 104.91
1735051293, 9, 6, 10, 0, 0, 0.01%, 0, 0, 1, 104.09
1735051298, 9, 8, 10, 0, 0, 0.01%, 0, 0, 1, 104.31
1735051303, 9, 9, 10, 0, 0, 0.01%, 0, 0, 1, 105.50
1735051308, 10, 1, 10, 0, 0, 0.01%, 0, 0, 1, 104.76
1735051313, 10, 2, 10, 0, 0, 0.01%, 0, 0, 1, 102.69
1735051318, 10, 4, 10, 0, 0, 0.01%, 0, 0, 1, 100.68
1735051323, 10, 5, 10, 0, 0, 0.01%, 0, 0, 1, 103.43
1735051328, 10, 6, 10, 0, 0, 0.01%, 0, 0, 1, 102.09
1735051333, 10, 8, 10, 0, 0, 0.01%, 0, 0, 1, 101.49
1735051338, 10, 9, 10, 0, 0, 0.01%, 0, 0, 1, 99.88
1735051343, 11, 1, 10, 0, 0, 0.01%, 0, 0, 1, 101.11
1735051348, 11, 2, 10, 0, 0, 0.01%, 0, 0, 1, 102.85
1735051354, 11, 3, 10, 0, 0, 0.01%, 0, 0, 1, 101.93
1735051359, 11, 5, 10, 0, 0, 0.01%, 0, 0, 1, 100.95
1735051364, 11, 6, 10, 0, 0, 0.01%, 0, 0, 1, 102.68
1735051369, 11, 8, 10, 0, 0, 0.01%, 0, 0, 1, 102.10
1735051374, 11, 9, 10, 0, 0, 0.01%, 0, 0, 1, 101.26
1735051379, 12, 0, 10, 0, 0, 0.01%, 0, 0, 1, 100.49
1735051384, 12, 2, 10, 0, 0, 0.01%, 0, 0, 1, 101.52
1735051389, 12, 3, 10, 0, 0, 0.01%, 0, 0, 1, 102.54
1735051394, 12, 5, 10, 0, 0, 0.01%, 0, 0, 1, 100.74
1735051399, 12, 6, 10, 0, 0, 0.01%, 0, 0, 1, 101.54
1735051404, 12, 7, 10, 0, 0, 0.01%, 0, 0, 1, 103.88
1735051409, 12, 9, 10, 0, 0, 0.01%, 0, 0, 1, 101.30
1735051415, 13, 0, 10, 0, 0, 0.01%, 0, 0, 1, 99.51
1735051420, 13, 2, 10, 0, 0, 0.01%, 0, 0, 1, 100.95
1735051425, 13, 3, 10, 0, 0, 0.01%, 0, 0, 1, 101.35
1735051430, 13, 4, 10, 0, 0, 0.01%, 0, 0, 1, 103.26
1735051435, 13, 6, 10, 0, 0, 0.01%, 0, 0, 1, 104.40
1735051440, 13, 7, 10, 0, 0, 0.01%, 0, 0, 1, 101.25
1735051445, 13, 9, 10, 0, 0, 0.01%, 0, 0, 1, 102.15
1735051450, 14, 0, 10, 0, 0, 0.01%, 0, 0, 1, 104.00
1735051455, 14, 1, 10, 0, 0, 0.01%, 0, 0, 1, 102.90
1735051460, 14, 3, 10, 0, 0, 0.01%, 0, 0, 1, 102.01
1735051465, 14, 4, 10, 0, 0, 0.01%, 0, 0, 1, 101.76
1735051470, 14, 6, 10, 0, 0, 0.01%, 0, 0, 1, 99.44
1735051475, 14, 7, 10, 0, 0, 0.01%, 0, 0, 1, 99.47
1735051480, 14, 8, 10, 0, 0, 0.01%, 0, 0, 1, 101.92
1735051486, 15, 0, 10, 0, 0, 0.01%, 0, 0, 1, 101.66
1735051491, 15, 1, 10, 0, 0, 0.01%, 0, 0, 1, 105.90
1735051496, 15, 3, 10, 0, 0, 0.01%, 0, 0, 1, 107.10
1735051501, 15, 4, 10, 0, 0, 0.01%, 0, 0, 1, 109.22
1735051506, 15, 6, 10, 0, 0, 0.01%, 0, 0, 1, 107.93
1735051511, 15, 7, 10, 0, 0, 0.01%, 0, 0, 1, 105.36
1735051516, 15, 9, 10, 0, 0, 0.01%, 0, 0, 1, 104.32
1735051521, 16, 0, 10, 0, 0, 0.01%, 0, 0, 1, 106.73
1735051526, 16, 2, 10, 0, 0, 0.01%, 0, 0, 1, 104.97
1735051532, 16, 3, 10, 0, 0, 0.01%, 0, 0, 1, 108.23
1735051537, 16, 5, 10, 0, 0, 0.01%, 0, 0, 1, 107.46
1735051542, 16, 6, 10, 0, 0, 0.01%, 0, 0, 1, 106.40
1735051547, 16, 8, 10, 0, 0, 0.01%, 0, 0, 1, 106.70
1735051552, 16, 9, 10, 0, 0, 0.01%, 0, 0, 1, 107.78
1735051557, 17, 1, 10, 0, 0, 0.01%, 0, 0, 1, 106.91
1735051562, 17, 2, 10, 0, 0, 0.01%, 0, 0, 1, 106.99
1735051568, 17, 4, 10, 0, 0, 0.01%, 0, 0, 1, 105.15
1735051573, 17, 5, 10, 0, 0, 0.01%, 0, 0, 1, 107.15
1735051578, 17, 7, 10, 0, 0, 0.01%, 0, 0, 1, 107.26
1735051583, 17, 8, 10, 0, 0, 0.01%, 0, 0, 1, 106.77
1735051588, 18, 0, 10, 0, 0, 0.01%, 0, 0, 1, 109.04
1735051593, 18, 1, 10, 0, 0, 0.01%, 0, 0, 1, 105.53
1735051598, 18, 3, 10, 0, 0, 0.01%, 0, 0, 1, 110.44
1735051603, 18, 4, 10, 0, 0, 0.01%, 0, 0, 1, 108.39
1735051608, 18, 6, 10, 0, 0, 0.01%, 0, 0, 1, 106.73
1735051613, 18, 7, 10, 0, 0, 0.01%, 0, 0, 1, 108.71
1735051618, 18, 9, 10, 0, 0, 0.01%, 0, 0, 1, 106.92
1735051624, 19, 0, 10, 0, 0, 0.01%, 0, 0, 1, 105.65
1735051629, 19, 2, 10, 0, 0, 0.01%, 0, 0, 1, 110.86
1735051634, 19, 3, 10, 0, 0, 0.01%, 0, 0, 1, 106.67
1735051639, 19, 5, 10, 0, 0, 0.01%, 0, 0, 1, 109.32
1735051644, 19, 6, 10, 0, 0, 0.01%, 0, 0, 1, 109.45
1735051649, 19, 8, 10, 0, 0, 0.01%, 0, 0, 1, 104.38
1735051654, 19, 9, 10, 0, 0, 0.01%, 0, 0, 1, 105.71
1735051660, 20, 1, 10, 0, 0, 0.01%, 0, 0, 1, 107.28
1735051665, 20, 2, 10, 0, 0, 0.01%, 0, 0, 1, 110.63
1735051670, 20, 4, 10, 0, 0, 0.01%, 0, 0, 1, 106.87
1735051675, 20, 5, 10, 0, 0, 0.01%, 0, 0, 1, 108.98
1735051680, 20, 7, 10, 0, 0, 0.01%, 0, 0, 1, 109.41
1735051685, 20, 8, 10, 0, 0, 0.01%, 0, 0, 1, 106.63
1735051690, 21, 0, 10, 0, 0, 0.01%, 0, 0, 1, 109.30
1735051695, 21, 1, 10, 0, 0, 0.01%, 0, 0, 1, 106.76
1735051700, 21, 3, 10, 0, 0, 0.01%, 0, 0, 1, 107.52
1735051706, 21, 4, 10, 0, 0, 0.01%, 0, 0, 1, 106.83
1735051711, 21, 6, 10, 0, 0, 0.01%, 0, 0, 1, 105.49
1735051716, 21, 7, 10, 0, 0, 0.01%, 0, 0, 1, 109.06
1735051721, 21, 9, 10, 0, 0, 0.01%, 0, 0, 1, 106.13
1735051726, 22, 0, 10, 0, 0, 0.01%, 0, 0, 1, 107.18
1735051731, 22, 1, 10, 0, 0, 0.01%, 0, 0, 1, 108.11
1735051736, 22, 3, 10, 0, 0, 0.01%, 0, 0, 1, 104.79
1735051741, 22, 4, 10, 0, 0, 0.01%, 0, 0, 1, 106.03
1735051746, 22, 6, 10, 0, 0, 0.01%, 0, 0, 1, 107.72
1735051751, 22, 7, 10, 0, 0, 0.01%, 0, 0, 1, 109.04
1735051756, 22, 9, 10, 0, 0, 0.01%, 0, 0, 1, 107.23
1735051761, 23, 0, 10, 0, 0, 0.01%, 0, 0, 1, 108.47
1735051766, 23, 2, 10, 0, 0, 0.01%, 0, 0, 1, 108.19
1735051771, 23, 3, 10, 0, 0, 0.01%, 0, 0, 1, 107.56
1735051776, 23, 5, 10, 0, 0, 0.01%, 0, 0, 1, 109.90
1735051781, 23, 6, 10, 0, 0, 0.01%, 0, 0, 1, 106.58
1735051787, 23, 8, 10, 0, 0, 0.01%, 0, 0, 1, 105.41
1735051792, 23, 9, 10, 0, 0, 0.01%, 0, 0, 1, 105.96
1735051797, 24, 1, 10, 0, 0, 0.01%, 0, 0, 1, 107.69
1735051802, 24, 2, 10, 0, 0, 0.01%, 0, 0, 1, 105.15
1735051807, 24, 3, 10, 0, 0, 0.01%, 0, 0, 1, 105.54
1735051812, 24, 5, 10, 0, 0, 0.01%, 0, 0, 1, 108.09
1735051817, 24, 6, 10, 0, 0, 0.01%, 0, 0, 1, 107.99
1735051822, 24, 8, 10, 0, 0, 0.01%, 0, 0, 1, 107.57
1735051827, 24, 9, 10, 0, 0, 0.01%, 0, 0, 1, 105.87
1735051832, 25, 1, 10, 0, 0, 0.01%, 0, 0, 1, 107.37
1735051837, 25, 2, 10, 0, 0, 0.01%, 0, 0, 1, 106.91
1735051842, 25, 4, 10, 0, 0, 0.01%, 0, 0, 1, 105.52
1735051847, 25, 5, 10, 0, 0, 0.01%, 0, 0, 1, 103.83
1735051852, 25, 7, 10, 0, 0, 0.01%, 0, 0, 1, 107.98
1735051857, 25, 8, 10, 0, 0, 0.01%, 0, 0, 1, 105.76
1735051862, 25, 9, 10, 0, 0, 0.01%, 0, 0, 1, 103.84
1735051867, 26, 1, 10, 0, 0, 0.01%, 0, 0, 1, 107.04
1735051872, 26, 2, 10, 0, 0, 0.01%, 0, 0, 1, 107.24
1735051878, 26, 4, 10, 0, 0, 0.01%, 0, 0, 1, 105.77
1735051883, 26, 5, 10, 0, 0, 0.01%, 0, 0, 1, 105.48
1735051888, 26, 7, 10, 0, 0, 0.01%, 0, 0, 1, 105.06
1735051893, 26, 8, 10, 0, 0, 0.01%, 0, 0, 1, 104.86
1735051898, 27, 0, 10, 0, 0, 0.01%, 0, 0, 1, 107.87
1735051903, 27, 1, 10, 0, 0, 0.01%, 0, 0, 1, 106.72
1735051908, 27, 3, 10, 0, 0, 0.01%, 0, 0, 1, 107.83
1735051914, 27, 4, 10, 0, 0, 0.01%, 0, 0, 1, 107.62
1735051919, 27, 6, 10, 0, 0, 0.01%, 0, 0, 1, 106.07
1735051924, 27, 7, 10, 0, 0, 0.01%, 0, 0, 1, 103.62
1735051929, 27, 9, 10, 0, 0, 0.01%, 0, 0, 1, 105.49
1735051934, 28, 0, 10, 0, 0, 0.01%, 0, 0, 1, 104.66
1735051939, 28, 2, 10, 0, 0, 0.01%, 0, 0, 1, 106.16
1735051944, 28, 3, 10, 0, 0, 0.01%, 0, 0, 1, 105.29
1735051949, 28, 5, 10, 0, 0, 0.01%, 0, 0, 1, 106.65
1735051954, 28, 6, 10, 0, 0, 0.01%, 0, 0, 1, 105.81
1735051959, 28, 8, 10, 0, 0, 0.01%, 0, 0, 1, 107.86
1735051965, 28, 9, 10, 0, 0, 0.01%, 0, 0, 1, 104.72
1735051970, 29, 1, 10, 0, 0, 0.01%, 0, 0, 1, 108.28
1735051975, 29, 2, 10, 0, 0, 0.01%, 0, 0, 1, 106.06
1735051980, 29, 4, 10, 0, 0, 0.01%, 0, 0, 1, 106.98
1735051985, 29, 5, 10, 0, 0, 0.01%, 0, 0, 1, 106.85
1735051990, 29, 6, 10, 0, 0, 0.01%, 0, 0, 1, 107.53
1735051995, 29, 8, 10, 0, 0, 0.01%, 0, 0, 1, 107.12
1735052000, 29, 9, 10, 0, 0, 0.01%, 0, 0, 1, 103.87
1735052005, 30, 1, 10, 0, 0, 0.01%, 0, 0, 1, 108.84
1735052010, 30, 2, 10, 0, 0, 0.01%, 0, 0, 1, 106.53
1735052016, 30, 4, 10, 0, 0, 0.01%, 0, 0, 1, 107.21
1735052021, 30, 5, 10, 0, 0, 0.01%, 0, 0, 1, 106.11
1735052026, 30, 7, 10, 0, 0, 0.01%, 0, 0, 1, 105.50
1735052031, 30, 8, 10, 0, 0, 0.01%, 0, 0, 1, 104.00
1735052036, 31, 0, 10, 0, 0, 0.01%, 0, 0, 1, 106.81
1735052041, 31, 1, 10, 0, 0, 0.01%, 0, 0, 1, 107.81
1735052046, 31, 3, 10, 0, 0, 0.01%, 0, 0, 1, 110.34
1735052051, 31, 4, 10, 0, 0, 0.01%, 0, 0, 1, 108.75
1735052056, 31, 6, 10, 0, 0, 0.01%, 0, 0, 1, 110.16
1735052062, 31, 7, 10, 0, 0, 0.01%, 0, 0, 1, 108.99
1735052067, 31, 9, 10, 0, 0, 0.01%, 0, 0, 1, 107.22
1735052072, 32, 0, 10, 0, 0, 0.01%, 0, 0, 1, 108.96
1735052077, 32, 2, 10, 0, 0, 0.01%, 0, 0, 1, 106.02
1735052082, 32, 3, 10, 0, 0, 0.01%, 0, 0, 1, 107.39
1735052087, 32, 5, 10, 0, 0, 0.01%, 0, 0, 1, 105.80
1735052092, 32, 6, 10, 0, 0, 0.01%, 0, 0, 1, 107.46
1735052097, 32, 8, 10, 0, 0, 0.01%, 0, 0, 1, 106.06
1735052102, 32, 9, 10, 0, 0, 0.01%, 0, 0, 1, 105.74
1735052107, 33, 1, 10, 0, 0, 0.01%, 0, 0, 1, 107.90
1735052112, 33, 2, 10, 0, 0, 0.01%, 0, 0, 1, 105.79
1735052117, 33, 3, 10, 0, 0, 0.01%, 0, 0, 1, 108.51
1735052123, 33, 5, 10, 0, 0, 0.01%, 0, 0, 1, 107.02
1735052128, 33, 6, 10, 0, 0, 0.01%, 0, 0, 1, 106.23
1735052133, 33, 8, 10, 0, 0, 0.01%, 0, 0, 1, 106.16
1735052138, 33, 9, 10, 0, 0, 0.01%, 0, 0, 1, 107.77
1735052143, 34, 1, 10, 0, 0, 0.01%, 0, 0, 1, 102.85
1735052148, 34, 2, 10, 0, 0, 0.01%, 0, 0, 1, 106.81
1735052153, 34, 4, 10, 0, 0, 0.01%, 0, 0, 1, 107.26
1735052158, 34, 5, 10, 0, 0, 0.01%, 0, 0, 1, 105.64
1735052164, 34, 7, 10, 0, 0, 0.01%, 0, 0, 1, 106.77
1735052169, 34, 8, 10, 0, 0, 0.01%, 0, 0, 1, 108.52
1735052174, 35, 0, 10, 0, 0, 0.01%, 0, 0, 1, 109.12
1735052179, 35, 1, 10, 0, 0, 0.01%, 0, 0, 1, 108.76
1735052184, 35, 3, 10, 0, 0, 0.01%, 0, 0, 1, 106.71
1735052189, 35, 4, 10, 0, 0, 0.01%, 0, 0, 1, 105.60
1735052194, 35, 6, 10, 0, 0, 0.01%, 0, 0, 1, 108.46
1735052199, 35, 7, 10, 0, 0, 0.01%, 0, 0, 1, 106.23
1735052204, 35, 9, 10, 0, 0, 0.01%, 0, 0, 1, 105.69
1735052209, 36, 0, 10, 0, 0, 0.01%, 0, 0, 1, 109.29
1735052214, 36, 2, 10, 0, 0, 0.01%, 0, 0, 1, 107.36
1735052219, 36, 3, 10, 0, 0, 0.01%, 0, 0, 1, 105.45
1735052224, 36, 4, 10, 0, 0, 0.01%, 0, 0, 1, 103.60
1735052229, 36, 6, 10, 0, 0, 0.01%, 0, 0, 1, 107.03
1735052234, 36, 7, 10, 0, 0, 0.01%, 0, 0, 1, 108.07
1735052239, 36, 9, 10, 0, 0, 0.01%, 0, 0, 1, 107.01
1735052244, 37, 0, 10, 0, 0, 0.01%, 0, 0, 1, 105.99
1735052250, 37, 2, 10, 0, 0, 0.01%, 0, 0, 1, 106.48
1735052255, 37, 3, 10, 0, 0, 0.01%, 0, 0, 1, 105.80
1735052260, 37, 10, 11, 1, 1, 0.16%, 1, 0, 2, 111.43
1735052265, 37, 10, 12, 2, 1, 0.16%, 2, 0, 3, 119.79
1735052347, 37, 11, 13, 2, 1, 0.16%, 3, 0, 4, 129.73
1735052368, 37, 11, 14, 3, 1, 0.16%, 3, 0, 4, 115.82
1735052409, 37, 11, 15, 4, 1, 0.17%, 4, 0, 4, 118.04
1735052419, 37, 11, 16, 5, 1, 0.17%, 4, 0, 4, 116.15
1735052476, 37, 12, 16, 4, 2, 0.17%, 4, 0, 4, 132.96
1735052486, 37, 12, 17, 5, 2, 0.17%, 4, 0, 5, 116.61
1735052512, 37, 12, 18, 6, 2, 0.17%, 4, 0, 5, 115.01
1735052548, 37, 12, 19, 7, 2, 0.17%, 4, 0, 5, 118.42
1735052635, 37, 12, 21, 9, 2, 0.17%, 4, 0, 5, 118.79
1735052651, 37, 14, 22, 9, 1, 0.17%, 4, 0, 5, 115.39
1735052656, 37, 14, 23, 10, 1, 0.17%, 5, 0, 5, 125.63
1735052717, 37, 14, 25, 12, 1, 0.17%, 5, 0, 5, 127.07
1735052733, 37, 22, 25, 11, 1, 0.17%, 5, 0, 5, 147.23
1735052738, 37, 22, 26, 12, 1, 0.17%, 5, 0, 6, 123.79
1735052753, 37, 22, 27, 13, 1, 0.17%, 5, 0, 6, 116.33
1735052784, 37, 22, 28, 14, 1, 0.17%, 5, 0, 6, 118.31
1735052866, 37, 24, 28, 13, 0, 0.17%, 5, 0, 6, 145.34
1735052947, 37, 25, 28, 12, 0, 0.17%, 5, 0, 6, 134.04
1735052973, 37, 25, 29, 13, 0, 0.17%, 5, 0, 7, 119.70
1735053075, 37, 25, 30, 14, 0, 0.17%, 5, 0, 7, 121.02
1735053086, 37, 26, 30, 13, 0, 0.17%, 5, 0, 7, 175.30
1735053101, 37, 26, 31, 14, 0, 0.17%, 5, 0, 7, 125.06
1735053209, 37, 27, 31, 13, 0, 0.17%, 5, 0, 7, 135.85
1735053291, 38, 11, 31, 12, 0, 0.17%, 5, 0, 7, 123.74
1735053306, 38, 12, 31, 12, 0, 0.17%, 5, 0, 7, 118.43
1735053337, 38, 12, 33, 14, 0, 0.17%, 6, 0, 7, 164.65
1735053342, 38, 14, 33, 14, 0, 0.17%, 6, 0, 7, 128.73
1735053368, 38, 14, 34, 15, 0, 0.17%, 6, 0, 7, 125.92
1735053379, 38, 16, 34, 15, 0, 0.17%, 6, 0, 7, 127.67
1735053460, 38, 21, 34, 14, 0, 0.17%, 6, 0, 7, 174.17
1735053537, 38, 22, 34, 13, 0, 0.17%, 6, 0, 7, 148.55
1735053562, 38, 30, 34, 13, 0, 0.17%, 6, 0, 7, 236.06
1735053711, 38, 30, 35, 14, 0, 0.17%, 6, 0, 8, 215.85
1735053782, 38, 34, 35, 13, 0, 0.17%, 6, 0, 8, 151.95
1735053936, 38, 34, 36, 14, 0, 0.17%, 6, 0, 9, 160.15
1735053946, 38, 34, 37, 15, 0, 0.17%, 6, 0, 9, 188.78
1735053971, 38, 34, 38, 16, 0, 0.17%, 6, 0, 9, 195.16
1735053976, 38, 34, 38, 16, 0, 0.17%, 7, 0, 9, 191.53
1735053981, 38, 34, 39, 17, 0, 0.17%, 7, 0, 9, 189.58
1735054048, 38, 37, 39, 16, 0, 0.17%, 7, 0, 9, 209.61
1735054202, 39, 11, 39, 15, 0, 0.17%, 7, 0, 9, 186.16
1735054212, 39, 12, 39, 15, 0, 0.17%, 7, 0, 9, 145.86
1735054238, 39, 14, 39, 15, 0, 0.17%, 7, 0, 9, 134.98
1735054258, 39, 20, 39, 15, 0, 0.17%, 7, 0, 9, 189.99
1735054330, 39, 21, 39, 14, 0, 0.17%, 7, 0, 9, 163.83
1735054355, 39, 22, 39, 14, 0, 0.17%, 7, 0, 9, 138.71
1735054376, 39, 28, 39, 14, 0, 0.17%, 7, 0, 9, 162.30
1735054437, 39, 32, 39, 13, 0, 0.17%, 7, 0, 9, 232.60
1735054630, 39, 34, 39, 12, 0, 0.17%, 7, 0, 9, 168.50
1735054666, 39, 38, 39, 12, 0, 0.17%, 7, 0, 9, 124.22
1735055035, 40, 11, 39, 11, 0, 0.17%, 7, 0, 9, 146.41
1735055045, 40, 12, 39, 11, 0, 0.17%, 7, 0, 9, 137.23
1735055071, 40, 14, 39, 11, 0, 0.17%, 7, 0, 9, 131.25
1735055091, 40, 19, 39, 11, 0, 0.17%, 7, 0, 9, 181.55
1735055158, 40, 22, 39, 10, 0, 0.17%, 7, 0, 9, 131.25
1735055179, 40, 23, 39, 10, 0, 0.17%, 7, 0, 9, 188.90
1735055240, 40, 31, 39, 9, 0, 0.17%, 7, 0, 9, 189.00
1735055530, 40, 33, 39, 8, 0, 0.17%, 7, 0, 9, 178.94
1735055753, 40, 33, 40, 9, 0, 0.17%, 7, 0, 9, 138.50
1735055764, 41, 2, 40, 8, 0, 0.17%, 7, 0, 9, 141.23
1735055769, 41, 11, 40, 8, 0, 0.17%, 7, 0, 9, 132.71
1735055774, 41, 12, 40, 8, 0, 0.17%, 7, 0, 9, 138.72
1735055794, 41, 14, 40, 8, 0, 0.17%, 7, 0, 9, 131.93
1735055815, 41, 18, 40, 8, 0, 0.17%, 7, 0, 9, 134.30
1735055887, 41, 22, 40, 7, 0, 0.17%, 7, 0, 9, 140.33
1735055908, 41, 37, 40, 7, 0, 0.17%, 7, 0, 9, 147.88
1735055938, 42, 11, 40, 7, 0, 0.17%, 7, 0, 9, 142.30
1735055949, 42, 12, 40, 7, 0, 0.17%, 7, 0, 9, 131.73
1735055969, 42, 14, 40, 7, 0, 0.17%, 7, 0, 9, 134.33
1735055990, 42, 17, 40, 7, 0, 0.17%, 7, 0, 9, 156.92
1735056041, 42, 18, 40, 6, 0, 0.17%, 7, 0, 9, 137.92
1735056062, 42, 19, 40, 6, 0, 0.17%, 7, 0, 9, 145.32
1735056082, 42, 22, 40, 6, 0, 0.17%, 7, 0, 9, 134.47
1735056103, 42, 29, 40, 6, 0, 0.17%, 7, 0, 9, 169.41
1735056159, 42, 31, 40, 5, 0, 0.17%, 7, 0, 9, 144.85
1735056180, 42, 39, 40, 5, 0, 0.17%, 7, 0, 9, 137.78
1735056421, 43, 1, 40, 4, 0, 0.17%, 7, 0, 9, 150.60
1735056426, 43, 11, 40, 4, 0, 0.17%, 7, 0, 9, 134.33
1735056436, 43, 12, 40, 4, 0, 0.17%, 7, 0, 9, 131.68
1735056452, 43, 13, 40, 4, 0, 0.17%, 7, 0, 9, 174.55
1735056503, 43, 14, 40, 3, 0, 0.17%, 7, 0, 9, 131.60
1735056523, 43, 22, 40, 3, 0, 0.17%, 7, 0, 9, 134.34
1735056544, 43, 36, 40, 3, 0, 0.17%, 7, 0, 9, 214.18
1735056759, 44, 11, 40, 2, 0, 0.17%, 7, 0, 9, 136.60
1735056769, 44, 12, 40, 2, 0, 0.17%, 7, 0, 9, 134.11
1735056790, 44, 14, 40, 2, 0, 0.17%, 7, 0, 9, 136.59
1735056810, 44, 15, 40, 2, 0, 0.17%, 7, 0, 9, 177.63
1735056872, 44, 22, 40, 1, 0, 0.17%, 7, 0, 9, 129.36
1735056892, 44, 30, 40, 1, 0, 0.17%, 7, 0, 9, 173.69
1735056913, 44, 34, 40, 1, 0, 0.17%, 7, 0, 9, 182.94
1735056938, 45, 11, 40, 1, 0, 0.17%, 7, 0, 9, 128.43
1735056949, 45, 12, 40, 1, 0, 0.17%, 7, 0, 9, 135.20
1735056964, 45, 14, 40, 1, 0, 0.17%, 7, 0, 9, 140.21
1735056984, 45, 22, 40, 1, 0, 0.17%, 7, 0, 9, 137.86
1735057005, 46, 11, 40, 1, 0, 0.17%, 7, 0, 9, 151.07
1735057010, 46, 12, 40, 1, 0, 0.17%, 7, 0, 9, 138.40
1735057020, 46, 14, 40, 1, 0, 0.17%, 7, 0, 9, 133.04
1735057031, 46, 22, 40, 1, 0, 0.17%, 7, 0, 9, 132.56
1735057041, 46, 30, 40, 1, 0, 0.17%, 7, 0, 9, 156.98
1735057061, 46, 35, 40, 1, 0, 0.17%, 7, 0, 9, 200.39
1735057286, 47, 12, 40, 0, 0, 0.17%, 7, 0, 9, 137.99
1735057291, 47, 14, 40, 0, 0, 0.17%, 7, 0, 9, 131.35
1735057296, 47, 22, 40, 0, 0, 0.17%, 7, 0, 9, 137.24
1735057302, 48, 3, 40, 0, 0, 0.17%, 7, 0, 9, 138.64
1735057307, 48, 11, 40, 0, 0, 0.17%, 7, 0, 9, 133.86
1735057312, 48, 12, 40, 0, 0, 0.17%, 7, 0, 9, 135.85
1735057317, 48, 14, 40, 0, 0, 0.17%, 7, 0, 9, 136.25
1735057322, 48, 22, 40, 0, 0, 0.17%, 7, 0, 9, 137.65
1735057327, 48, 26, 40, 0, 0, 0.17%, 7, 0, 9, 139.14
1735057348, 49, 12, 40, 0, 0, 0.17%, 7, 0, 9, 144.51
1735057353, 49, 14, 40, 0, 0, 0.17%, 7, 0, 9, 132.03
1735057358, 49, 22, 40, 0, 0, 0.17%, 7, 0, 9, 138.62
1735057363, 49, 23, 40, 0, 0, 0.17%, 7, 0, 9, 137.94
1735057389, 49, 24, 40, 0, 0, 0.17%, 7, 0, 9, 134.71
1735057410, 50, 12, 40, 0, 0, 0.17%, 7, 0, 9, 136.53
1735057415, 50, 13, 40, 0, 0, 0.17%, 7, 0, 9, 136.51
1735057435, 50, 14, 40, 0, 0, 0.17%, 7, 0, 9, 135.84
1735057440, 50, 18, 40, 0, 0, 0.17%, 7, 0, 9, 139.23
1735057461, 50, 19, 40, 0, 0, 0.17%, 7, 0, 9, 141.87
1735057481, 50, 22, 40, 0, 0, 0.17%, 7, 0, 9, 133.94
1735057486, 50, 39, 40, 0, 0, 0.17%, 7, 0, 9, 175.46
1735057512, 51, 11, 40, 0, 0, 0.17%, 7, 0, 9, 134.80
1735057517, 51, 12, 40, 0, 0, 0.17%, 7, 0, 9, 138.30
1735057522, 51, 14, 40, 0, 0, 0.17%, 7, 0, 9, 139.02
1735057527, 51, 17, 40, 0, 0, 0.17%, 7, 0, 9, 136.32
1735057547, 51, 22, 40, 0, 0, 0.17%, 7, 0, 9, 138.94
1735057553, 51, 27, 40, 0, 0, 0.17%, 7, 0, 9, 133.08
1735057573, 51, 36, 40, 0, 0, 0.17%, 7, 0, 9, 170.27
1735057604, 52, 12, 40, 0, 0, 0.17%, 7, 0, 9, 131.63
1735057609, 52, 14, 40, 0, 0, 0.17%, 7, 0, 9, 145.81
1735057614, 52, 16, 40, 0, 0, 0.17%, 7, 0, 9, 143.05
1735057635, 52, 21, 40, 0, 0, 0.17%, 7, 0, 9, 156.26
1735057655, 52, 22, 40, 0, 0, 0.17%, 7, 0, 9, 145.79
1735057660, 52, 35, 40, 0, 0, 0.17%, 7, 0, 9, 165.70
1735057691, 52, 37, 40, 0, 0, 0.17%, 7, 0, 9, 166.76
1735057716, 53, 5, 40, 0, 0, 0.17%, 7, 0, 9, 134.41
1735057722, 53, 12, 40, 0, 0, 0.17%, 7, 0, 9, 138.12
1735057727, 53, 14, 40, 0, 0, 0.17%, 7, 0, 9, 133.42
1735057732, 53, 19, 40, 0, 0, 0.17%, 7, 0, 9, 130.19
1735057752, 53, 22, 40, 0, 0, 0.17%, 7, 0, 9, 139.62
1735057757, 54, 11, 40, 0, 0, 0.17%, 7, 0, 9, 135.87
1735057763, 54, 12, 40, 0, 0, 0.17%, 7, 0, 9, 136.83
1735057768, 54, 14, 40, 0, 0, 0.17%, 7, 0, 9, 144.26
1735057773, 54, 22, 40, 0, 0, 0.17%, 7, 0, 9, 143.04
1735057778, 54, 23, 40, 0, 0, 0.17%, 7, 0, 9, 154.49
1735057794, 54, 34, 40, 0, 0, 0.17%, 7, 0, 9, 155.98
1735057824, 55, 3, 40, 0, 0, 0.17%, 7, 0, 9, 134.99
1735057830, 55, 12, 40, 0, 0, 0.17%, 7, 0, 9, 138.83
1735057835, 55, 14, 40, 0, 0, 0.17%, 7, 0, 9, 134.04
1735057840, 55, 18, 40, 0, 0, 0.17%, 7, 0, 9, 140.21
1735057866, 55, 22, 40, 0, 0, 0.17%, 7, 0, 9, 135.91
1735057871, 56, 12, 40, 0, 0, 0.17%, 7, 0, 9, 134.94
1735057876, 56, 14, 40, 0, 0, 0.17%, 7, 0, 9, 128.78
1735057881, 56, 22, 40, 0, 0, 0.17%, 7, 0, 9, 145.76
1735057886, 56, 26, 40, 0, 0, 0.17%, 7, 0, 9, 147.70
1735057907, 56, 27, 40, 0, 0, 0.17%, 7, 0, 9, 141.36
1735057928, 56, 31, 40, 0, 0, 0.17%, 7, 0, 9, 136.31
1735057948, 57, 11, 40, 0, 0, 0.17%, 7, 0, 9, 140.93
1735057953, 57, 12, 40, 0, 0, 0.17%, 7, 0, 9, 135.29
1735057958, 57, 14, 40, 0, 0, 0.17%, 7, 0, 9, 130.69
1735057964, 57, 22, 40, 0, 0, 0.17%, 7, 0, 9, 142.47
1735057969, 57, 34, 40, 0, 0, 0.17%, 7, 0, 9, 175.51
1735057995, 58, 11, 40, 0, 0, 0.17%, 7, 0, 9, 140.82
1735058000, 58, 13, 40, 0, 0, 0.17%, 7, 0, 9, 136.62
1735058020, 58, 14, 40, 0, 0, 0.17%, 7, 0, 9, 135.47
1735058026, 58, 22, 40, 0, 0, 0.17%, 7, 0, 9, 141.50
1735058031, 59, 11, 40, 0, 0, 0.17%, 7, 0, 9, 132.36
1735058036, 59, 12, 40, 0, 0, 0.17%, 7, 0, 9, 131.81
1735058041, 59, 14, 40, 0, 0, 0.17%, 7, 0, 9, 134.98
1735058046, 59, 21, 40, 0, 0, 0.17%, 7, 0, 9, 148.22
1735058067, 59, 22, 40, 0, 0, 0.17%, 7, 0, 9, 133.77
1735058072, 59, 34, 40, 0, 0, 0.17%, 7, 0, 9, 176.32
1735058097, 60, 11, 40, 0, 0, 0.17%, 7, 0, 9, 139.00
1735058103, 60, 12, 40, 0, 0, 0.17%, 7, 0, 9, 137.68
1735058108, 60, 13, 40, 0, 0, 0.17%, 7, 0, 9, 136.38
1735058128, 60, 14, 40, 0, 0, 0.17%, 7, 0, 9, 146.16
1735058133, 60, 22, 40, 0, 0, 0.17%, 7, 0, 9, 143.79
1735058138, 60, 24, 40, 0, 0, 0.17%, 7, 0, 9, 139.61
1735058159, 61, 11, 40, 0, 0, 0.17%, 7, 0, 9, 138.47
1735058164, 61, 12, 40, 0, 0, 0.17%, 7, 0, 9, 131.81
1735058169, 61, 14, 40, 0, 0, 0.17%, 7, 0, 9, 130.49
1735058174, 61, 22, 40, 0, 0, 0.17%, 7, 0, 9, 143.14
1735058179, 62, 11, 40, 0, 0, 0.17%, 7, 0, 9, 139.22
1735058185, 62, 12, 40, 0, 0, 0.17%, 7, 0, 9, 131.96
1735058190, 62, 14, 40, 0, 0, 0.17%, 7, 0, 9, 137.33
1735058195, 62, 22, 40, 0, 0, 0.17%, 7, 0, 9, 137.63
1735058200, 62, 28, 40, 0, 0, 0.17%, 7, 0, 9, 145.14
1735058220, 63, 11, 40, 0, 0, 0.17%, 7, 0, 9, 139.83
1735058226, 63, 13, 40, 0, 0, 0.17%, 7, 0, 9, 135.42
1735058251, 63, 14, 40, 0, 0, 0.17%, 7, 0, 9, 142.97
1735058256, 63, 22, 40, 0, 0, 0.17%, 7, 0, 9, 139.51
1735058261, 63, 30, 40, 0, 0, 0.17%, 7, 0, 9, 174.03
1735058277, 64, 10, 40, 0, 0, 0.17%, 7, 0, 9, 147.11
1735058287, 64, 11, 40, 0, 0, 0.17%, 7, 0, 9, 142.03
1735058292, 64, 12, 40, 0, 0, 0.17%, 7, 0, 9, 131.89
1735058297, 64, 14, 40, 0, 0, 0.17%, 7, 0, 9, 135.25
1735058302, 64, 22, 40, 0, 0, 0.17%, 7, 0, 9, 141.28
1735058307, 65, 12, 40, 0, 0, 0.17%, 7, 0, 9, 139.20
1735058313, 65, 14, 40, 0, 0, 0.17%, 7, 0, 9, 135.88
1735058318, 65, 22, 40, 0, 0, 0.17%, 7, 0, 9, 131.42
1735058323, 66, 11, 40, 0, 0, 0.17%, 7, 0, 9, 136.82
1735058328, 66, 12, 40, 0, 0, 0.17%, 7, 0, 9, 140.29
1735058333, 66, 14, 40, 0, 0, 0.17%, 7, 0, 9, 138.11
1735058338, 66, 22, 40, 0, 0, 0.17%, 7, 0, 9, 140.33
1735058344, 67, 12, 40, 0, 0, 0.17%, 7, 0, 9, 137.56
1735058349, 67, 14, 40, 0, 0, 0.17%, 7, 0, 9, 137.84
1735058354, 67, 22, 40, 0, 0, 0.17%, 7, 0, 9, 132.67
1735058359, 67, 27, 40, 0, 0, 0.17%, 7, 0, 9, 143.79
1735058379, 68, 6, 40, 0, 0, 0.17%, 7, 0, 9, 148.95
1735058384, 68, 12, 40, 0, 0, 0.17%, 7, 0, 9, 138.59
1735058390, 68, 14, 40, 0, 0, 0.17%, 7, 0, 9, 133.35
1735058395, 68, 16, 40, 0, 0, 0.17%, 7, 0, 9, 140.80
1735058415, 68, 22, 40, 0, 0, 0.17%, 7, 0, 9, 138.50
1735058421, 68, 23, 40, 0, 0, 0.17%, 7, 0, 9, 154.66
1735058441, 68, 29, 40, 0, 0, 0.17%, 7, 0, 9, 151.93
1735058461, 68, 33, 40, 0, 0, 0.17%, 7, 0, 9, 152.44
1735058482, 69, 12, 40, 0, 0, 0.17%, 7, 0, 9, 135.03
1735058487, 69, 14, 40, 0, 0, 0.17%, 7, 0, 9, 139.15
1735058492, 69, 22, 40, 0, 0, 0.17%, 7, 0, 9, 137.50
1735058497, 69, 24, 40, 0, 0, 0.17%, 7, 0, 9, 141.50
1735058518, 70, 11, 40, 0, 0, 0.17%, 7, 0, 9, 142.65
1735058523, 70, 12, 40, 0, 0, 0.17%, 7, 0, 9, 130.53
1735058528, 70, 14, 40, 0, 0, 0.17%, 7, 0, 9, 131.15
1735058533, 70, 18, 40, 0, 0, 0.17%, 7, 0, 9, 136.96
1735058548, 70, 19, 40, 0, 0, 0.17%, 7, 0, 9, 148.46
1735058569, 70, 22, 40, 0, 0, 0.17%, 7, 0, 9, 146.83
1735058574, 71, 2, 40, 0, 0, 0.17%, 7, 0, 9, 139.81
1735058579, 71, 11, 40, 0, 0, 0.17%, 7, 0, 9, 133.42
1735058584, 71, 12, 40, 0, 0, 0.17%, 7, 0, 9, 142.67
1735058590, 71, 14, 40, 0, 0, 0.17%, 7, 0, 9, 149.54
1735058595, 71, 22, 40, 0, 0, 0.17%, 7, 0, 9, 142.63
1735058600, 71, 28, 40, 0, 0, 0.17%, 7, 0, 9, 145.86
1735058620, 72, 12, 40, 0, 0, 0.17%, 7, 0, 9, 140.79
1735058625, 72, 13, 40, 0, 0, 0.17%, 7, 0, 9, 136.25
1735058651, 72, 14, 40, 0, 0, 0.17%, 7, 0, 9, 138.93
1735058656, 72, 22, 40, 0, 0, 0.17%, 7, 0, 9, 138.00
1735058661, 72, 33, 40, 0, 0, 0.17%, 7, 0, 9, 161.96
1735058681, 72, 37, 40, 0, 0, 0.17%, 7, 0, 9, 160.64
1735058707, 73, 8, 40, 0, 0, 0.17%, 7, 0, 9, 149.43
1735058712, 73, 12, 40, 0, 0, 0.17%, 7, 0, 9, 143.78
1735058717, 73, 14, 40, 0, 0, 0.17%, 7, 0, 9, 140.60
1735058722, 73, 22, 40, 0, 0, 0.17%, 7, 0, 9, 134.50
1735058728, 73, 23, 40, 0, 0, 0.17%, 7, 0, 9, 149.95
1735058748, 74, 11, 40, 0, 0, 0.17%, 7, 0, 9, 142.29
1735058753, 74, 12, 40, 0, 0, 0.17%, 7, 0, 9, 143.18
1735058758, 74, 14, 40, 0, 0, 0.17%, 7, 0, 9, 144.41
1735058763, 74, 22, 40, 0, 0, 0.17%, 7, 0, 9, 139.51
1735058768, 75, 10, 40, 0, 0, 0.17%, 7, 0, 9, 135.27
1735058779, 75, 12, 40, 0, 0, 0.17%, 7, 0, 9, 130.97
1735058784, 75, 14, 40, 0, 0, 0.17%, 7, 0, 9, 131.27
1735058789, 75, 21, 40, 0, 0, 0.17%, 7, 0, 9, 149.16
1735058810, 75, 22, 40, 0, 0, 0.17%, 7, 0, 9, 143.47
1735058815, 75, 36, 40, 0, 0, 0.17%, 7, 0, 9, 172.81
1735058846, 76, 12, 40, 0, 0, 0.17%, 7, 0, 9, 127.43
1735058851, 76, 14, 40, 0, 0, 0.17%, 7, 0, 9, 131.22
1735058856, 76, 19, 40, 0, 0, 0.17%, 7, 0, 9, 135.14
1735058877, 76, 22, 40, 0, 0, 0.17%, 7, 0, 9, 150.49
1735058882, 77, 10, 40, 0, 0, 0.17%, 7, 0, 9, 139.16
1735058892, 77, 12, 40, 0, 0, 0.17%, 7, 0, 9, 138.96
1735058897, 77, 14, 40, 0, 0, 0.17%, 7, 0, 9, 134.72
1735058903, 77, 22, 40, 0, 0, 0.17%, 7, 0, 9, 142.89
1735058908, 77, 24, 40, 0, 0, 0.17%, 7, 0, 9, 142.97
1735058928, 77, 35, 40, 0, 0, 0.17%, 7, 0, 9, 152.91
1735058959, 78, 12, 40, 0, 0, 0.17%, 7, 0, 9, 139.85
1735058964, 78, 14, 40, 0, 0, 0.17%, 7, 0, 9, 136.82
1735058969, 78, 18, 40, 0, 0, 0.17%, 7, 0, 9, 136.69
1735058990, 78, 22, 40, 0, 0, 0.17%, 7, 0, 9, 125.13
1735058995, 79, 11, 40, 0, 0, 0.17%, 7, 0, 9, 135.60
1735059000, 79, 12, 40, 0, 0, 0.17%, 7, 0, 9, 129.94
1735059005, 79, 14, 40, 0, 0, 0.17%, 7, 0, 9, 134.37
1735059011, 79, 22, 40, 0, 0, 0.17%, 7, 0, 9, 136.59
1735059016, 79, 24, 40, 0, 0, 0.17%, 7, 0, 9, 136.32
1735059036, 79, 31, 40, 0, 0, 0.17%, 7, 0, 9, 163.11
1735059057, 80, 12, 40, 0, 0, 0.17%, 7, 0, 9, 131.51
1735059062, 80, 14, 40, 0, 0, 0.17%, 7, 0, 9, 135.41
1735059067, 80, 22, 40, 0, 0, 0.17%, 7, 0, 9, 134.89
1735059072, 80, 26, 40, 0, 0, 0.17%, 7, 0, 9, 139.43
1735059093, 81, 10, 40, 0, 0, 0.17%, 7, 0, 9, 138.89
1735059103, 81, 11, 40, 0, 0, 0.17%, 7, 0, 9, 126.57
1735059108, 81, 12, 40, 0, 0, 0.17%, 7, 0, 9, 143.74
1735059113, 81, 14, 40, 0, 0, 0.17%, 7, 0, 9, 139.52
1735059118, 81, 22, 40, 0, 0, 0.17%, 7, 0, 9, 140.49
1735059123, 82, 12, 40, 0, 0, 0.17%, 7, 0, 9, 131.75
1735059128, 82, 14, 40, 0, 0, 0.17%, 7, 0, 9, 132.69
1735059134, 82, 15, 40, 0, 0, 0.17%, 7, 0, 9, 143.36
1735059154, 82, 22, 40, 0, 0, 0.17%, 7, 0, 9, 135.97
1735059159, 82, 26, 40, 0, 0, 0.17%, 7, 0, 9, 140.06
1735059180, 83, 12, 40, 0, 0, 0.17%, 7, 0, 9, 144.61
1735059185, 83, 14, 40, 0, 0, 0.17%, 7, 0, 9, 138.97
1735059190, 83, 22, 40, 0, 0, 0.17%, 7, 0, 9, 139.33
1735059195, 83, 30, 40, 0, 0, 0.17%, 7, 0, 9, 165.51
1735059216, 84, 11, 40, 0, 0, 0.17%, 7, 0, 9, 138.72
1735059221, 84, 12, 40, 0, 0, 0.17%, 7, 0, 9, 143.41
1735059226, 84, 13, 40, 0, 0, 0.17%, 7, 0, 9, 140.86
1735059247, 84, 14, 40, 0, 0, 0.17%, 7, 0, 9, 147.55
1735059252, 84, 18, 40, 0, 0, 0.17%, 7, 0, 9, 143.23
1735059267, 84, 22, 40, 0, 0, 0.17%, 7, 0, 9, 130.30
1735059272, 85, 11, 40, 0, 0, 0.17%, 7, 0, 9, 137.84
1735059278, 85, 12, 40, 0, 0, 0.17%, 7, 0, 9, 134.57
1735059283, 85, 14, 40, 0, 0, 0.17%, 7, 0, 9, 148.75
1735059288, 85, 17, 40, 0, 0, 0.17%, 7, 0, 9, 143.45
1735059304, 85, 22, 40, 0, 0, 0.17%, 7, 0, 9, 136.16
1735059314, 86, 11, 40, 0, 0, 0.17%, 7, 0, 9, 140.71
1735059319, 86, 12, 40, 0, 0, 0.17%, 7, 0, 9, 138.09
1735059324, 86, 14, 40, 0, 0, 0.17%, 7, 0, 9, 138.33
1735059329, 86, 21, 40, 0, 0, 0.17%, 7, 0, 9, 149.78
1735059350, 86, 22, 40, 0, 0, 0.17%, 7, 0, 9, 135.63
1735059355, 87, 12, 40, 0, 0, 0.17%, 7, 0, 9, 137.32
1735059360, 87, 14, 40, 0, 0, 0.17%, 7, 0, 9, 141.20
1735059366, 87, 15, 40, 0, 0, 0.17%, 7, 0, 9, 140.16
1735059386, 87, 22, 40, 0, 0, 0.17%, 7, 0, 9, 137.26
1735059391, 87, 25, 40, 0, 0, 0.17%, 7, 0, 9, 136.04
1735059412, 88, 8, 40, 0, 0, 0.17%, 7, 0, 9, 146.53
1735059417, 88, 12, 40, 0, 0, 0.17%, 7, 0, 9, 136.32
1735059422, 88, 14, 40, 0, 0, 0.17%, 7, 0, 9, 144.59
1735059427, 88, 16, 40, 0, 0, 0.17%, 7, 0, 9, 143.68
1735059448, 88, 22, 40, 0, 0, 0.17%, 7, 0, 9, 132.16
1735059453, 88, 38, 40, 0, 0, 0.17%, 7, 0, 9, 173.17
1735059479, 89, 0, 40, 0, 0, 0.17%, 7, 0, 9, 143.67
1735059484, 89, 12, 40, 0, 0, 0.17%, 7, 0, 9, 132.99
1735059489, 89, 14, 40, 0, 0, 0.17%, 7, 0, 9, 131.25
1735059494, 89, 21, 40, 0, 0, 0.17%, 7, 0, 9, 145.87
1735059515, 89, 22, 40, 0, 0, 0.17%, 7, 0, 9, 134.98
1735059520, 90, 12, 40, 0, 0, 0.17%, 7, 0, 9, 133.57
1735059525, 90, 14, 40, 0, 0, 0.17%, 7, 0, 9, 133.71
1735059530, 90, 22, 40, 0, 0, 0.17%, 7, 0, 9, 133.59
1735059535, 90, 26, 40, 0, 0, 0.17%, 7, 0, 9, 136.00
1735059556, 91, 11, 40, 0, 0, 0.17%, 7, 0, 9, 143.37
1735059561, 91, 12, 40, 0, 0, 0.17%, 7, 0, 9, 127.16
1735059566, 91, 14, 40, 0, 0, 0.17%, 7, 0, 9, 137.59
1735059571, 91, 22, 40, 0, 0, 0.17%, 7, 0, 9, 144.84
1735059576, 91, 27, 40, 0, 0, 0.17%, 7, 0, 9, 145.17
1735059597, 91, 32, 40, 0, 0, 0.17%, 7, 0, 9, 148.54
1735059617, 92, 1, 40, 0, 0, 0.17%, 7, 0, 9, 132.35
1735059623, 92, 11, 40, 0, 0, 0.17%, 7, 0, 9, 141.03
1735059628, 92, 12, 40, 0, 0, 0.17%, 7, 0, 9, 136.82
1735059633, 92, 14, 40, 0, 0, 0.17%, 7, 0, 9, 131.62
1735059638, 92, 22, 40, 0, 0, 0.17%, 7, 0, 9, 143.95
1735059643, 92, 25, 40, 0, 0, 0.17%, 7, 0, 9, 131.05
1735059664, 92, 27, 40, 0, 0, 0.17%, 7, 0, 9, 138.34
1735059684, 93, 11, 40, 0, 0, 0.17%, 7, 0, 9, 144.57
1735059689, 93, 12, 40, 0, 0, 0.17%, 7, 0, 9, 131.37
1735059694, 93, 14, 40, 0, 0, 0.17%, 7, 0, 9, 132.76
1735059700, 93, 22, 40, 0, 0, 0.17%, 7, 0, 9, 132.54
1735059705, 94, 12, 40, 0, 0, 0.17%, 7, 0, 9, 135.58
1735059710, 94, 14, 40, 0, 0, 0.17%, 7, 0, 9, 133.29
1735059715, 94, 21, 40, 0, 0, 0.17%, 7, 0, 9, 145.51
1735059736, 94, 22, 40, 0, 0, 0.17%, 7, 0, 9, 147.39
1735059741, 94, 23, 40, 0, 0, 0.17%, 7, 0, 9, 146.13
1735059761, 95, 11, 40, 0, 0, 0.17%, 7, 0, 9, 149.89
1735059766, 95, 14, 40, 0, 0, 0.17%, 7, 0, 9, 141.23
1735059776, 95, 22, 40, 0, 0, 0.17%, 7, 0, 9, 142.68
1735059782, 95, 24, 40, 0, 0, 0.17%, 7, 0, 9, 135.62
1735059797, 96, 4, 40, 0, 0, 0.17%, 7, 0, 9, 137.23
1735059802, 96, 12, 40, 0, 0, 0.17%, 7, 0, 9, 137.27
1735059807, 96, 14, 40, 0, 0, 0.17%, 7, 0, 9, 138.88
1735059813, 96, 22, 40, 0, 0, 0.17%, 7, 0, 9, 131.99
1735059818, 96, 23, 40, 0, 0, 0.17%, 7, 0, 9, 149.33
1735059838, 97, 11, 40, 0, 0, 0.17%, 7, 0, 9, 129.86
1735059843, 97, 12, 40, 0, 0, 0.17%, 7, 0, 9, 129.17
1735059848, 97, 14, 40, 0, 0, 0.17%, 7, 0, 9, 141.44
1735059853, 97, 18, 40, 0, 0, 0.17%, 7, 0, 9, 138.95
1735059874, 97, 22, 40, 0, 0, 0.17%, 7, 0, 9, 134.69
1735059879, 98, 12, 40, 0, 0, 0.17%, 7, 0, 9, 137.38
1735059884, 98, 14, 40, 0, 0, 0.17%, 7, 0, 9, 135.07
1735059889, 98, 22, 40, 0, 0, 0.17%, 7, 0, 9, 141.46
1735059894, 98, 23, 40, 0, 0, 0.17%, 7, 0, 9, 143.83
1735059915, 99, 3, 40, 0, 0, 0.17%, 7, 0, 9, 143.70
1735059920, 99, 12, 40, 0, 0, 0.17%, 7, 0, 9, 133.50
1735059925, 99, 14, 40, 0, 0, 0.17%, 7, 0, 9, 139.78
1735059930, 99, 15, 40, 0, 0, 0.17%, 7, 0, 9, 143.58
1735059951, 99, 18, 40, 0, 0, 0.17%, 7, 0, 9, 145.05
1735059972, 100, 11, 40, 0, 0, 0.17%, 7, 0, 9, 142.84
1735059977, 100, 12, 40, 0, 0, 0.17%, 7, 0, 9, 143.05
1735059982, 100, 14, 40, 0, 0, 0.17%, 7, 0, 9, 138.37
1735059987, 100, 22, 40, 0, 0, 0.17%, 7, 0, 9, 147.72
1735059992, 100, 37, 40, 0, 0, 0.17%, 7, 0, 9, 164.28
1735060023, 101, 12, 40, 0, 0, 0.17%, 7, 0, 9, 135.03
1735060028, 101, 14, 40, 0, 0, 0.17%, 7, 0, 9, 130.51
1735060034, 101, 15, 40, 0, 0, 0.17%, 7, 0, 9, 143.00
1735060054, 101, 22, 40, 0, 0, 0.17%, 7, 0, 9, 138.15
1735060059, 102, 8, 40, 0, 0, 0.17%, 7, 0, 9, 143.08
1735060064, 102, 12, 40, 0, 0, 0.17%, 7, 0, 9, 136.42
1735060070, 102, 13, 40, 0, 0, 0.17%, 7, 0, 9, 135.83
1735060090, 102, 14, 40, 0, 0, 0.17%, 7, 0, 9, 135.61
1735060095, 102, 16, 40, 0, 0, 0.17%, 7, 0, 9, 141.89
1735060116, 102, 22, 40, 0, 0, 0.17%, 7, 0, 9, 136.28
1735060121, 102, 25, 40, 0, 0, 0.17%, 7, 0, 9, 130.06
1735060142, 103, 11, 40, 0, 0, 0.17%, 7, 0, 9, 141.45
1735060147, 103, 14, 40, 0, 0, 0.17%, 7, 0, 9, 138.66
1735060152, 103, 22, 40, 0, 0, 0.17%, 7, 0, 9, 138.20
1735060157, 103, 28, 40, 0, 0, 0.17%, 7, 0, 9, 136.59
1735060178, 104, 9, 40, 0, 0, 0.17%, 7, 0, 9, 130.77
1735060183, 104, 12, 40, 0, 0, 0.17%, 7, 0, 9, 135.27
1735060188, 104, 14, 40, 0, 0, 0.17%, 7, 0, 9, 138.65
1735060193, 104, 22, 40, 0, 0, 0.17%, 7, 0, 9, 134.30
1735060198, 104, 36, 40, 0, 0, 0.17%, 7, 0, 9, 157.77
1735060229, 105, 11, 40, 0, 0, 0.17%, 7, 0, 9, 136.05
1735060234, 105, 12, 40, 0, 0, 0.17%, 7, 0, 9, 137.07
1735060239, 105, 14, 40, 0, 0, 0.17%, 7, 0, 9, 142.59
1735060244, 105, 22, 40, 0, 0, 0.17%, 7, 0, 9, 145.22
1735060250, 105, 39, 40, 0, 0, 0.17%, 7, 0, 9, 170.46
1735060280, 106, 12, 40, 0, 0, 0.17%, 7, 0, 9, 135.24
1735060291, 106, 22, 40, 0, 0, 0.17%, 7, 0, 9, 140.42
1735060296, 106, 26, 40, 0, 0, 0.17%, 7, 0, 9, 146.16
1735060316, 107, 4, 40, 0, 0, 0.17%, 7, 0, 9, 139.02
1735060321, 107, 12, 40, 0, 0, 0.17%, 7, 0, 9, 136.07
1735060326, 107, 14, 40, 0, 0, 0.17%, 7, 0, 9, 130.09
1735060332, 107, 22, 40, 0, 0, 0.17%, 7, 0, 9, 138.55
1735060337, 108, 3, 40, 0, 0, 0.17%, 7, 0, 9, 144.80
1735060342, 108, 12, 40, 0, 0, 0.17%, 7, 0, 9, 140.62
1735060347, 108, 14, 40, 0, 0, 0.17%, 7, 0, 9, 136.98
1735060352, 108, 22, 40, 0, 0, 0.17%, 7, 0, 9, 137.12
1735060357, 108, 29, 40, 0, 0, 0.17%, 7, 0, 9, 143.86
1735060377, 108, 32, 40, 0, 0, 0.17%, 7, 0, 9, 145.88
1735060398, 108, 38, 40, 0, 0, 0.17%, 7, 0, 9, 181.90
1735060424, 109, 7, 40, 0, 0, 0.17%, 7, 0, 9, 150.54
1735060429, 109, 12, 40, 0, 0, 0.17%, 7, 0, 9, 137.21
1735060434, 109, 14, 40, 0, 0, 0.17%, 7, 0, 9, 131.65
1735060439, 109, 22, 40, 0, 0, 0.17%, 7, 0, 9, 135.78
1735060444, 110, 0, 40, 0, 0, 0.17%, 7, 0, 9, 138.15
1735060449, 110, 12, 40, 0, 0, 0.17%, 7, 0, 9, 136.71
1735060454, 110, 14, 40, 0, 0, 0.17%, 7, 0, 9, 138.04
1735060460, 110, 21, 40, 0, 0, 0.17%, 7, 0, 9, 146.79
1735060480, 110, 22, 40, 0, 0, 0.17%, 7, 0, 9, 132.06
1735060485, 110, 25, 40, 0, 0, 0.17%, 7, 0, 9, 129.10
1735060506, 111, 4, 40, 0, 0, 0.17%, 7, 0, 9, 145.61
1735060511, 111, 12, 40, 0, 0, 0.17%, 7, 0, 9, 140.28
1735060516, 111, 14, 40, 0, 0, 0.17%, 7, 0, 9, 138.22
1735060521, 111, 22, 40, 0, 0, 0.17%, 7, 0, 9, 138.63
1735060527, 111, 30, 40, 0, 0, 0.17%, 7, 0, 9, 163.20
1735060547, 111, 37, 40, 0, 0, 0.17%, 7, 0, 9, 161.64
1735060578, 112, 12, 40, 0, 0, 0.17%, 7, 0, 9, 136.58
1735060583, 112, 14, 40, 0, 0, 0.17%, 7, 0, 9, 136.53
1735060588, 112, 22, 40, 0, 0, 0.17%, 7, 0, 9, 141.60
1735060593, 113, 4, 40, 0, 0, 0.17%, 7, 0, 9, 136.04
1735060599, 113, 12, 40, 0, 0, 0.17%, 7, 0, 9, 134.47
1735060604, 113, 14, 40, 0, 0, 0.17%, 7, 0, 9, 139.62
1735060609, 113, 22, 40, 0, 0, 0.17%, 7, 0, 9, 136.71
1735060614, 114, 11, 40, 0, 0, 0.17%, 7, 0, 9, 139.14
1735060619, 114, 12, 40, 0, 0, 0.17%, 7, 0, 9, 137.22
1735060624, 114, 14, 40, 0, 0, 0.17%, 7, 0, 9, 144.52
1735060630, 114, 22, 40, 0, 0, 0.17%, 7, 0, 9, 134.37
1735060635, 114, 25, 40, 0, 0, 0.17%, 7, 0, 9, 133.13
1735060655, 115, 12, 40, 0, 0, 0.17%, 7, 0, 9, 135.86
1735060660, 115, 14, 40, 0, 0, 0.17%, 7, 0, 9, 137.85
1735060665, 115, 22, 40, 0, 0, 0.17%, 7, 0, 9, 143.90
1735060670, 115, 24, 40, 0, 0, 0.17%, 7, 0, 9, 140.34
1735060691, 115, 30, 40, 0, 0, 0.17%, 7, 0, 9, 147.71
1735060711, 116, 11, 40, 0, 0, 0.17%, 7, 0, 9, 144.33
1735060717, 116, 12, 40, 0, 0, 0.17%, 7, 0, 9, 137.19
1735060722, 116, 14, 40, 0, 0, 0.17%, 7, 0, 9, 135.68
1735060727, 116, 20, 40, 0, 0, 0.17%, 7, 0, 9, 139.19
1735060747, 116, 22, 40, 0, 0, 0.17%, 7, 0, 9, 135.36
1735060753, 116, 32, 40, 0, 0, 0.17%, 7, 0, 9, 149.47
1735060773, 117, 1, 40, 0, 0, 0.17%, 7, 0, 9, 138.24
1735060778, 117, 12, 40, 0, 0, 0.17%, 7, 0, 9, 138.36
1735060783, 117, 13, 40, 0, 0, 0.17%, 7, 0, 9, 134.82
1735060809, 117, 14, 40, 0, 0, 0.17%, 7, 0, 9, 133.27
1735060814, 117, 16, 40, 0, 0, 0.17%, 7, 0, 9, 142.63
1735060830, 117, 22, 40, 0, 0, 0.17%, 7, 0, 9, 143.61
1735060835, 118, 11, 40, 0, 0, 0.17%, 7, 0, 9, 141.64
1735060840, 118, 12, 40, 0, 0, 0.17%, 7, 0, 9, 134.43
1735060845, 118, 14, 40, 0, 0, 0.17%, 7, 0, 9, 136.47
1735060850, 118, 22, 40, 0, 0, 0.17%, 7, 0, 9, 134.13
1735060855, 118, 24, 40, 0, 0, 0.17%, 7, 0, 9, 141.04
1735060876, 119, 11, 40, 0, 0, 0.17%, 7, 0, 9, 144.25
1735060881, 119, 12, 40, 0, 0, 0.17%, 7, 0, 9, 139.60
1735060886, 119, 14, 40, 0, 0, 0.17%, 7, 0, 9, 144.19
1735060891, 119, 20, 40, 0, 0, 0.17%, 7, 0, 9, 140.48
1735060906, 119, 22, 40, 0, 0, 0.17%, 7, 0, 9, 144.02
1735060912, 119, 33, 40, 0, 0, 0.17%, 7, 0, 9, 145.36
1735060932, 119, 37, 40, 0, 0, 0.17%, 7, 0, 9, 161.98
1735060963, 120, 10, 40, 0, 0, 0.17%, 7, 0, 9, 132.31
1735060973, 120, 12, 40, 0, 0, 0.17%, 7, 0, 9, 134.27
1735060978, 120, 14, 40, 0, 0, 0.17%, 7, 0, 9, 137.12
1735060983, 120, 20, 40, 0, 0, 0.17%, 7, 0, 9, 145.15
1735061004, 120, 22, 40, 0, 0, 0.17%, 7, 0, 9, 144.58
1735061009, 120, 26, 40, 0, 0, 0.17%, 7, 0, 9, 139.24
1735061030, 120, 27, 40, 0, 0, 0.17%, 7, 0, 9, 139.86
1735061050, 121, 12, 40, 0, 0, 0.17%, 7, 0, 9, 133.21
1735061055, 121, 14, 40, 0, 0, 0.17%, 7, 0, 9, 133.92
1735061060, 121, 22, 40, 0, 0, 0.17%, 7, 0, 9, 136.99
1735061066, 121, 30, 40, 0, 0, 0.17%, 7, 0, 9, 159.38
1735061086, 122, 12, 40, 0, 0, 0.17%, 7, 0, 9, 138.48
1735061091, 122, 14, 40, 0, 0, 0.17%, 7, 0, 9, 132.46
1735061096, 122, 22, 40, 0, 0, 0.17%, 7, 0, 9, 138.02
1735061101, 123, 5, 40, 0, 0, 0.17%, 7, 0, 9, 132.74
1735061106, 123, 12, 40, 0, 0, 0.17%, 7, 0, 9, 133.04
1735061111, 123, 14, 40, 0, 0, 0.17%, 7, 0, 9, 137.79
1735061117, 123, 22, 40, 0, 0, 0.17%, 7, 0, 9, 142.90
1735061122, 123, 24, 40, 0, 0, 0.17%, 7, 0, 9, 143.15
1735061132, 124, 11, 40, 0, 0, 0.17%, 7, 0, 9, 135.98
1735061137, 124, 12, 40, 0, 0, 0.17%, 7, 0, 9, 133.76
1735061142, 124, 14, 40, 0, 0, 0.17%, 7, 0, 9, 138.94
1735061148, 124, 22, 40, 0, 0, 0.17%, 7, 0, 9, 142.41
1735061153, 125, 12, 40, 0, 0, 0.17%, 7, 0, 9, 139.03
1735061158, 125, 14, 40, 0, 0, 0.17%, 7, 0, 9, 131.01
1735061163, 125, 22, 40, 0, 0, 0.17%, 7, 0, 9, 131.40
1735061168, 126, 5, 40, 0, 0, 0.17%, 7, 0, 9, 142.62
1735061173, 126, 12, 40, 0, 0, 0.17%, 7, 0, 9, 139.05
1735061179, 126, 14, 40, 0, 0, 0.17%, 7, 0, 9, 133.25
1735061184, 126, 22, 40, 0, 0, 0.17%, 7, 0, 9, 132.51
1735061189, 126, 35, 40, 0, 0, 0.17%, 7, 0, 9, 167.45
1735061220, 127, 11, 40, 0, 0, 0.17%, 7, 0, 9, 140.41
1735061225, 127, 12, 40, 0, 0, 0.17%, 7, 0, 9, 140.36
1735061230, 127, 21, 40, 0, 0, 0.17%, 7, 0, 9, 148.17
1735061246, 127, 22, 40, 0, 0, 0.17%, 7, 0, 9, 133.35
1735061251, 127, 23, 40, 0, 0, 0.17%, 7, 0, 9, 150.67
1735061271, 127, 26, 40, 0, 0, 0.17%, 7, 0, 9, 139.20
1735061292, 128, 11, 40, 0, 0, 0.17%, 7, 0, 9, 142.70
1735061297, 128, 12, 40, 0, 0, 0.17%, 7, 0, 9, 135.83
1735061302, 128, 14, 40, 0, 0, 0.17%, 7, 0, 9, 146.50
1735061307, 128, 25, 40, 0, 0, 0.17%, 7, 0, 9, 148.24
1735061333, 129, 12, 40, 0, 0, 0.17%, 7, 0, 9, 137.86
1735061338, 129, 14, 40, 0, 0, 0.17%, 7, 0, 9, 132.97
1735061343, 129, 19, 40, 0, 0, 0.17%, 7, 0, 9, 141.83
1735061364, 129, 22, 40, 0, 0, 0.17%, 7, 0, 9, 136.88
1735061369, 129, 25, 40, 0, 0, 0.17%, 7, 0, 9, 133.43
1735061389, 130, 12, 40, 0, 0, 0.17%, 7, 0, 9, 140.46
1735061394, 130, 14, 40, 0, 0, 0.17%, 7, 0, 9, 136.24
1735061400, 130, 20, 40, 0, 0, 0.17%, 7, 0, 9, 132.24
1735061420, 130, 22, 40, 0, 0, 0.17%, 7, 0, 9, 142.24
1735061425, 131, 11, 40, 0, 0, 0.17%, 7, 0, 9, 148.69
1735061431, 131, 12, 40, 0, 0, 0.17%, 7, 0, 9, 144.53
1735061436, 131, 14, 40, 0, 0, 0.17%, 7, 0, 9, 140.25
1735061441, 131, 22, 40, 0, 0, 0.17%, 7, 0, 9, 140.53
1735061446, 131, 23, 40, 0, 0, 0.17%, 7, 0, 9, 149.96
1735061456, 131, 31, 40, 0, 0, 0.17%, 7, 0, 9, 153.16
1735061477, 131, 36, 40, 0, 0, 0.17%, 7, 0, 9, 177.27
1735061502, 132, 8, 40, 0, 0, 0.17%, 7, 0, 9, 140.95
1735061507, 132, 12, 40, 0, 0, 0.17%, 7, 0, 9, 133.21
1735061512, 132, 14, 40, 0, 0, 0.17%, 7, 0, 9, 142.88
1735061517, 132, 22, 40, 0, 0, 0.17%, 7, 0, 9, 131.16
1735061523, 132, 29, 40, 0, 0, 0.17%, 7, 0, 9, 137.55
1735061543, 133, 11, 40, 0, 0, 0.17%, 7, 0, 9, 144.42
1735061548, 133, 12, 40, 0, 0, 0.17%, 7, 0, 9, 144.88
1735061553, 133, 14, 40, 0, 0, 0.17%, 7, 0, 9, 142.89
1735061558, 133, 22, 40, 0, 0, 0.17%, 7, 0, 9, 134.82
1735061564, 134, 12, 40, 0, 0, 0.17%, 7, 0, 9, 144.20
1735061569, 134, 14, 40, 0, 0, 0.17%, 7, 0, 9, 134.69
1735061574, 134, 22, 40, 0, 0, 0.17%, 7, 0, 9, 138.74
1735061579, 135, 1, 40, 0, 0, 0.17%, 7, 0, 9, 143.82
1735061584, 135, 10, 40, 0, 0, 0.17%, 7, 0, 9, 131.44
1735061595, 135, 11, 40, 0, 0, 0.17%, 7, 0, 9, 137.35
1735061600, 135, 12, 40, 0, 0, 0.17%, 7, 0, 9, 138.82
1735061605, 135, 14, 40, 0, 0, 0.17%, 7, 0, 9, 135.96
1735061610, 135, 18, 40, 0, 0, 0.17%, 7, 0, 9, 131.21
1735061615, 135, 22, 40, 0, 0, 0.17%, 7, 0, 9, 144.04
1735061620, 136, 11, 40, 0, 0, 0.17%, 7, 0, 9, 138.52
1735061625, 136, 12, 40, 0, 0, 0.17%, 7, 0, 9, 129.27
1735061631, 136, 14, 40, 0, 0, 0.17%, 7, 0, 9, 129.26
1735061636, 136, 20, 40, 0, 0, 0.17%, 7, 0, 9, 141.02
1735061656, 136, 22, 40, 0, 0, 0.17%, 7, 0, 9, 143.76
1735061662, 136, 25, 40, 0, 0, 0.17%, 7, 0, 9, 140.04
