# unix_time, cycles_done, cur_path, paths_total, pending_total, pending_favs, map_size, unique_crashes, unique_hangs, max_depth, execs_per_sec
1735407097, 0, 0, 10, 10, 1, 0.01%, 0, 0, 1, 81.63
1735407102, 0, 2, 10, 10, 1, 0.01%, 0, 0, 1, 104.15
1735407107, 0, 3, 10, 9, 0, 0.01%, 0, 0, 1, 100.98
1735407118, 0, 4, 10, 8, 0, 0.01%, 0, 0, 1, 101.05
1735407128, 0, 5, 10, 7, 0, 0.01%, 0, 0, 1, 100.51
1735407138, 0, 6, 10, 6, 0, 0.01%, 0, 0, 1, 97.90
1735407148, 0, 7, 10, 5, 0, 0.01%, 0, 0, 1, 96.82
1735407159, 0, 8, 10, 4, 0, 0.01%, 0, 0, 1, 95.62
1735407169, 0, 9, 10, 3, 0, 0.01%, 0, 0, 1, 94.51
1735407179, 1, 0, 10, 2, 0, 0.01%, 0, 0, 1, 93.40
1735407189, 1, 1, 10, 1, 0, 0.01%, 0, 0, 1, 100.41
1735407205, 1, 3, 10, 0, 0, 0.01%, 0, 0, 1, 103.61
1735407210, 1, 4, 10, 0, 0, 0.01%, 0, 0, 1, 107.30
1735407215, 1, 6, 10, 0, 0, 0.01%, 0, 0, 1, 105.89
1735407220, 1, 7, 10, 0, 0, 0.01%, 0, 0, 1, 103.43
1735407225, 1, 8, 10, 0, 0, 0.01%, 0, 0, 1, 101.18
1735407230, 2, 0, 10, 0, 0, 0.01%, 0, 0, 1, 103.42
1735407235, 2, 1, 10, 0, 0, 0.01%, 0, 0, 1, 101.44
1735407240, 2, 3, 10, 0, 0, 0.01%, 0, 0, 1, 101.45
1735407245, 2, 4, 10, 0, 0, 0.01%, 0, 0, 1, 103.64
1735407250, 2, 5, 10, 0, 0, 0.01%, 0, 0, 1, 103.25
1735407255, 2, 7, 10, 0, 0, 0.01%, 0, 0, 1, 101.51
1735407260, 2, 8, 10, 0, 0, 0.01%, 0, 0, 1, 101.66
1735407265, 3, 0, 10, 0, 0, 0.01%, 0, 0, 1, 103.04
1735407270, 3, 1, 10, 0, 0, 0.01%, 0, 0, 1, 100.98
1735407276, 3, 2, 10, 0, 0, 0.01%, 0, 0, 1, 101.69
1735407281, 3, 4, 10, 0, 0, 0.01%, 0, 0, 1, 103.92
1735407286, 3, 5, 10, 0, 0, 0.01%, 0, 0, 1, 104.10
1735407291, 3, 7, 10, 0, 0, 0.01%, 0, 0, 1, 105.07
1735407296, 3, 8, 10, 0, 0, 0.01%, 0, 0, 1, 102.47
1735407301, 4, 0, 10, 0, 0, 0.01%, 0, 0, 1, 102.28
1735407306, 4, 1, 10, 0, 0, 0.01%, 0, 0, 1, 101.30
1735407311, 4, 2, 10, 0, 0, 0.01%, 0, 0, 1, 101.58
1735407316, 4, 4, 10, 0, 0, 0.01%, 0, 0, 1, 103.14
1735407321, 4, 5, 10, 0, 0, 0.01%, 0, 0, 1, 104.68
1735407326, 4, 7, 10, 0, 0, 0.01%, 0, 0, 1, 100.72
1735407331, 4, 8, 10, 0, 0, 0.01%, 0, 0, 1, 100.83
1735407336, 4, 9, 10, 0, 0, 0.01%, 0, 0, 1, 101.64
1735407341, 5, 1, 10, 0, 0, 0.01%, 0, 0, 1, 101.18
1735407347, 5, 2, 10, 0, 0, 0.01%, 0, 0, 1, 99.60
1735407352, 5, 4, 10, 0, 0, 0.01%, 0, 0, 1, 104.77
1735407357, 5, 5, 10, 0, 0, 0.01%, 0, 0, 1, 102.39
1735407362, 5, 7, 10, 0, 0, 0.01%, 0, 0, 1, 103.59
1735407367, 5, 8, 10, 0, 0, 0.01%, 0, 0, 1, 102.33
1735407372, 5, 9, 10, 0, 0, 0.01%, 0, 0, 1, 101.70
1735407377, 6, 1, 10, 0, 0, 0.01%, 0, 0, 1, 105.19
1735407382, 6, 2, 10, 0, 0, 0.01%, 0, 0, 1, 105.84
1735407387, 6, 4, 10, 0, 0, 0.01%, 0, 0, 1, 101.91
1735407393, 6, 5, 10, 0, 0, 0.01%, 0, 0, 1, 103.77
1735407398, 6, 7, 10, 0, 0, 0.01%, 0, 0, 1, 102.97
1735407403, 6, 8, 10, 0, 0, 0.01%, 0, 0, 1, 102.84
1735407408, 6, 9, 10, 0, 0, 0.01%, 0, 0, 1, 101.72
1735407413, 7, 1, 10, 0, 0, 0.01%, 0, 0, 1, 100.86
1735407418, 7, 2, 10, 0, 0, 0.01%, 0, 0, 1, 104.14
1735407423, 7, 4, 10, 0, 0, 0.01%, 0, 0, 1, 104.09
1735407428, 7, 5, 10, 0, 0, 0.01%, 0, 0, 1, 105.77
1735407433, 7, 7, 10, 0, 0, 0.01%, 0, 0, 1, 103.34
1735407438, 7, 8, 10, 0, 0, 0.01%, 0, 0, 1, 103.08
1735407443, 7, 9, 10, 0, 0, 0.01%, 0, 0, 1, 103.17
1735407449, 8, 1, 10, 0, 0, 0.01%, 0, 0, 1, 101.69
1735407454, 8, 2, 10, 0, 0, 0.01%, 0, 0, 1, 103.17
1735407459, 8, 4, 10, 0, 0, 0.01%, 0, 0, 1, 103.09
1735407464, 8, 5, 10, 0, 0, 0.01%, 0, 0, 1, 103.95
1735407469, 8, 6, 10, 0, 0, 0.01%, 0, 0, 1, 101.21
1735407474, 8, 8, 10, 0, 0, 0.01%, 0, 0, 1, 101.54
1735407479, 8, 9, 10, 0, 0, 0.01%, 0, 0, 1, 102.51
1735407484, 9, 1, 10, 0, 0, 0.01%, 0, 0, 1, 102.81
1735407489, 9, 2, 10, 0, 0, 0.01%, 0, 0, 1, 104.69
1735407494, 9, 4, 10, 0, 0, 0.01%, 0, 0, 1, 101.72
1735407499, 9, 5, 10, 0, 0, 0.01%, 0, 0, 1, 101.73
1735407504, 9, 6, 10, 0, 0, 0.01%, 0, 0, 1, 102.60
1735407509, 9, 8, 10, 0, 0, 0.01%, 0, 0, 1, 102.64
1735407514, 9, 9, 10, 0, 0, 0.01%, 0, 0, 1, 100.74
1735407519, 10, 1, 10, 0, 0, 0.01%, 0, 0, 1, 103.72
1735407525, 10, 2, 10, 0, 0, 0.01%, 0, 0, 1, 103.15
1735407530, 10, 3, 10, 0, 0, 0.01%, 0, 0, 1, 100.49
1735407535, 10, 5, 10, 0, 0, 0.01%, 0, 0, 1, 103.43
1735407540, 10, 6, 10, 0, 0, 0.01%, 0, 0, 1, 101.50
1735407545, 10, 8, 10, 0, 0, 0.01%, 0, 0, 1, 100.88
1735407550, 10, 9, 10, 0, 0, 0.01%, 0, 0, 1, 103.18
1735407555, 11, 1, 10, 0, 0, 0.01%, 0, 0, 1, 103.63
1735407561, 11, 2, 10, 0, 0, 0.01%, 0, 0, 1, 105.00
1735407566, 11, 4, 10, 0, 0, 0.01%, 0, 0, 1, 103.45
1735407571, 11, 5, 10, 0, 0, 0.01%, 0, 0, 1, 101.68
1735407576, 11, 6, 10, 0, 0, 0.01%, 0, 0, 1, 99.48
1735407581, 11, 8, 10, 0, 0, 0.01%, 0, 0, 1, 100.63
1735407586, 11, 9, 10, 0, 0, 0.01%, 0, 0, 1, 102.04
1735407591, 12, 1, 10, 0, 0, 0.01%, 0, 0, 1, 102.75
1735407596, 12, 2, 10, 0, 0, 0.01%, 0, 0, 1, 101.45
1735407601, 12, 3, 10, 0, 0, 0.01%, 0, 0, 1, 101.17
1735407607, 12, 5, 10, 0, 0, 0.01%, 0, 0, 1, 101.53
1735407612, 12, 6, 10, 0, 0, 0.01%, 0, 0, 1, 102.32
1735407617, 12, 8, 10, 0, 0, 0.01%, 0, 0, 1, 101.81
1735407622, 12, 9, 10, 0, 0, 0.01%, 0, 0, 1, 104.53
1735407627, 13, 1, 10, 0, 0, 0.01%, 0, 0, 1, 102.84
1735407632, 13, 2, 10, 0, 0, 0.01%, 0, 0, 1, 103.78
1735407637, 13, 3, 10, 0, 0, 0.01%, 0, 0, 1, 101.57
1735407642, 13, 5, 10, 0, 0, 0.01%, 0, 0, 1, 102.80
1735407647, 13, 6, 10, 0, 0, 0.01%, 0, 0, 1, 101.58
1735407652, 13, 8, 10, 0, 0, 0.01%, 0, 0, 1, 103.83
1735407658, 13, 9, 10, 0, 0, 0.01%, 0, 0, 1, 102.98
1735407663, 14, 0, 10, 0, 0, 0.01%, 0, 0, 1, 102.81
1735407668, 14, 2, 10, 0, 0, 0.01%, 0, 0, 1, 104.02
1735407673, 14, 3, 10, 0, 0, 0.01%, 0, 0, 1, 100.98
1735407678, 14, 5, 10, 0, 0, 0.01%, 0, 0, 1, 102.27
1735407683, 14, 6, 10, 0, 0, 0.01%, 0, 0, 1, 102.83
1735407688, 14, 8, 10, 0, 0, 0.01%, 0, 0, 1, 105.04
1735407693, 14, 9, 10, 0, 0, 0.01%, 0, 0, 1, 104.86
1735407698, 15, 1, 10, 0, 0, 0.01%, 0, 0, 1, 106.13
1735407703, 15, 2, 10, 0, 0, 0.01%, 0, 0, 1, 105.88
1735407709, 15, 3, 10, 0, 0, 0.01%, 0, 0, 1, 108.46
1735407714, 15, 5, 10, 0, 0, 0.01%, 0, 0, 1, 108.71
1735407719, 15, 6, 10, 0, 0, 0.01%, 0, 0, 1, 108.16
1735407724, 15, 8, 10, 0, 0, 0.01%, 0, 0, 1, 104.42
1735407729, 15, 9, 10, 0, 0, 0.01%, 0, 0, 1, 107.88
1735407734, 16, 1, 10, 0, 0, 0.01%, 0, 0, 1, 105.49
1735407739, 16, 2, 10, 0, 0, 0.01%, 0, 0, 1, 103.71
1735407744, 16, 4, 10, 0, 0, 0.01%, 0, 0, 1, 107.27
1735407749, 16, 5, 10, 0, 0, 0.01%, 0, 0, 1, 108.74
1735407754, 16, 7, 10, 0, 0, 0.01%, 0, 0, 1, 106.81
1735407759, 16, 8, 10, 0, 0, 0.01%, 0, 0, 1, 103.90
1735407764, 17, 0, 10, 0, 0, 0.01%, 0, 0, 1, 105.71
1735407770, 17, 1, 10, 0, 0, 0.01%, 0, 0, 1, 107.83
1735407775, 17, 3, 10, 0, 0, 0.01%, 0, 0, 1, 108.83
1735407780, 17, 4, 10, 0, 0, 0.01%, 0, 0, 1, 106.48
1735407785, 17, 6, 10, 0, 0, 0.01%, 0, 0, 1, 105.68
1735407790, 17, 7, 10, 0, 0, 0.01%, 0, 0, 1, 107.46
1735407795, 17, 9, 10, 0, 0, 0.01%, 0, 0, 1, 106.01
1735407800, 18, 0, 10, 0, 0, 0.01%, 0, 0, 1, 103.58
1735407806, 18, 2, 10, 0, 0, 0.01%, 0, 0, 1, 108.18
1735407811, 18, 3, 10, 0, 0, 0.01%, 0, 0, 1, 108.70
1735407816, 18, 5, 10, 0, 0, 0.01%, 0, 0, 1, 108.01
1735407821, 18, 6, 10, 0, 0, 0.01%, 0, 0, 1, 109.18
1735407826, 18, 8, 10, 0, 0, 0.01%, 0, 0, 1, 107.73
1735407831, 18, 9, 10, 0, 0, 0.01%, 0, 0, 1, 109.38
1735407836, 19, 1, 10, 0, 0, 0.01%, 0, 0, 1, 108.65
1735407841, 19, 2, 10, 0, 0, 0.01%, 0, 0, 1, 109.54
1735407847, 19, 4, 10, 0, 0, 0.01%, 0, 0, 1, 108.58
1735407852, 19, 5, 10, 0, 0, 0.01%, 0, 0, 1, 105.56
1735407857, 19, 7, 10, 0, 0, 0.01%, 0, 0, 1, 105.93
1735407862, 19, 8, 10, 0, 0, 0.01%, 0, 0, 1, 106.48
1735407867, 20, 0, 10, 0, 0, 0.01%, 0, 0, 1, 111.63
1735407872, 20, 1, 10, 0, 0, 0.01%, 0, 0, 1, 110.38
1735407877, 20, 3, 10, 0, 0, 0.01%, 0, 0, 1, 110.00
1735407882, 20, 4, 10, 0, 0, 0.01%, 0, 0, 1, 107.06
1735407888, 20, 6, 10, 0, 0, 0.01%, 0, 0, 1, 107.64
1735407893, 20, 7, 10, 0, 0, 0.01%, 0, 0, 1, 106.01
1735407898, 20, 9, 10, 0, 0, 0.01%, 0, 0, 1, 111.15
1735407903, 21, 0, 10, 0, 0, 0.01%, 0, 0, 1, 108.51
1735407908, 21, 2, 10, 0, 0, 0.01%, 0, 0, 1, 105.09
1735407913, 21, 3, 10, 0, 0, 0.01%, 0, 0, 1, 107.41
1735407918, 21, 5, 10, 0, 0, 0.01%, 0, 0, 1, 105.71
1735407923, 21, 6, 10, 0, 0, 0.01%, 0, 0, 1, 106.24
1735407928, 21, 8, 10, 0, 0, 0.01%, 0, 0, 1, 110.32
1735407933, 21, 9, 10, 0, 0, 0.01%, 0, 0, 1, 107.28
1735407939, 22, 1, 10, 0, 0, 0.01%, 0, 0, 1, 106.23
1735407944, 22, 2, 10, 0, 0, 0.01%, 0, 0, 1, 105.75
1735407949, 22, 3, 10, 0, 0, 0.01%, 0, 0, 1, 106.45
1735407954, 22, 10, 11, 1, 1, 0.16%, 1, 0, 2, 107.60
1735407959, 22, 10, 12, 2, 1, 0.16%, 2, 0, 3, 117.31
1735408041, 22, 11, 13, 2, 1, 0.16%, 3, 0, 4, 134.80
1735408077, 22, 11, 14, 3, 1, 0.16%, 3, 0, 4, 116.55
1735408097, 22, 11, 15, 4, 1, 0.16%, 3, 0, 4, 117.71
1735408139, 22, 11, 16, 5, 1, 0.16%, 3, 0, 4, 116.59
1735408149, 22, 11, 17, 6, 1, 0.17%, 4, 0, 4, 113.61
1735408169, 22, 12, 17, 5, 2, 0.17%, 4, 0, 4, 118.83
1735408174, 22, 12, 18, 6, 2, 0.17%, 5, 0, 5, 128.15
1735408210, 22, 12, 19, 7, 2, 0.17%, 5, 0, 5, 118.59
1735408251, 22, 12, 20, 8, 2, 0.17%, 5, 0, 5, 117.22
1735408312, 22, 12, 22, 10, 2, 0.17%, 5, 0, 5, 121.83
1735408317, 22, 12, 26, 14, 2, 0.17%, 6, 0, 5, 130.79
1735408328, 22, 12, 27, 15, 2, 0.17%, 6, 0, 5, 156.61
1735408333, 22, 12, 27, 15, 2, 0.17%, 7, 0, 5, 124.35
1735408343, 22, 16, 28, 15, 2, 0.17%, 7, 0, 5, 139.75
1735408353, 22, 16, 29, 16, 2, 0.17%, 7, 0, 5, 118.64
1735408466, 22, 27, 29, 15, 1, 0.17%, 7, 0, 5, 151.21
1735408482, 22, 27, 31, 17, 1, 0.17%, 7, 0, 6, 116.07
1735408497, 22, 27, 32, 18, 1, 0.17%, 7, 0, 6, 114.03
1735408585, 22, 27, 33, 19, 1, 0.17%, 7, 0, 6, 151.18
1735408595, 22, 31, 33, 18, 0, 0.17%, 7, 0, 6, 180.63
1735408600, 22, 31, 34, 19, 0, 0.17%, 7, 0, 7, 199.66
1735408682, 22, 33, 34, 18, 0, 0.17%, 7, 0, 7, 167.57
1735408759, 23, 11, 34, 17, 0, 0.17%, 7, 0, 7, 113.69
1735408775, 23, 12, 34, 17, 0, 0.17%, 7, 0, 7, 118.85
1735408800, 23, 16, 34, 17, 0, 0.17%, 7, 0, 7, 114.24
1735408841, 23, 19, 34, 17, 0, 0.17%, 7, 0, 7, 206.79
1735408975, 23, 20, 34, 16, 0, 0.17%, 7, 0, 7, 125.21
1735409132, 23, 20, 35, 17, 0, 0.17%, 7, 0, 7, 155.21
1735409214, 23, 25, 35, 16, 0, 0.17%, 7, 0, 7, 171.10
1735409403, 23, 27, 35, 15, 0, 0.17%, 7, 0, 7, 116.73
1735409439, 24, 11, 35, 15, 0, 0.17%, 7, 0, 7, 115.85
1735409450, 24, 12, 35, 15, 0, 0.17%, 7, 0, 7, 113.70
1735409485, 24, 16, 35, 15, 0, 0.17%, 7, 0, 7, 124.56
1735409516, 24, 17, 35, 15, 0, 0.17%, 7, 0, 7, 142.13
1735409557, 24, 17, 36, 16, 0, 0.17%, 7, 0, 7, 143.47
1735409644, 24, 18, 36, 15, 0, 0.17%, 7, 0, 7, 161.30
1735409864, 24, 27, 36, 14, 0, 0.17%, 7, 0, 7, 122.61
1735409879, 24, 27, 37, 15, 0, 0.17%, 7, 0, 7, 144.54
1735409899, 24, 29, 37, 15, 0, 0.17%, 7, 0, 7, 151.96
1735409976, 24, 30, 37, 14, 0, 0.17%, 7, 0, 7, 135.80
1735410058, 24, 32, 37, 13, 0, 0.17%, 7, 0, 7, 192.44
1735410135, 24, 34, 37, 12, 0, 0.17%, 7, 0, 7, 221.14
1735410192, 24, 34, 38, 13, 0, 0.17%, 7, 0, 7, 167.51
1735410222, 24, 34, 39, 14, 0, 0.17%, 7, 0, 7, 165.86
1735410278, 24, 36, 39, 13, 0, 0.17%, 7, 0, 7, 129.62
1735410391, 25, 9, 39, 12, 0, 0.17%, 7, 0, 7, 138.50
1735410396, 25, 11, 39, 12, 0, 0.17%, 7, 0, 7, 128.09
1735410401, 25, 12, 39, 12, 0, 0.17%, 7, 0, 7, 135.44
1735410422, 25, 14, 39, 12, 0, 0.17%, 7, 0, 7, 137.99
1735410473, 25, 16, 39, 11, 0, 0.17%, 7, 0, 7, 128.14
1735410494, 25, 22, 39, 11, 0, 0.17%, 7, 0, 7, 145.78
1735410550, 25, 23, 39, 10, 0, 0.17%, 7, 0, 7, 115.56
1735410729, 25, 27, 39, 9, 0, 0.17%, 7, 0, 7, 136.64
1735410749, 25, 37, 39, 9, 0, 0.17%, 7, 0, 7, 182.59
1735410801, 26, 4, 39, 8, 0, 0.17%, 7, 0, 7, 126.64
1735410806, 26, 11, 39, 8, 0, 0.17%, 7, 0, 7, 128.84
1735410816, 26, 12, 39, 8, 0, 0.17%, 7, 0, 7, 126.38
1735410837, 26, 16, 39, 8, 0, 0.17%, 7, 0, 7, 126.95
1735410852, 26, 24, 39, 8, 0, 0.17%, 7, 0, 7, 145.57
1735411020, 26, 25, 39, 7, 0, 0.17%, 7, 0, 7, 131.07
1735411040, 26, 26, 39, 7, 0, 0.17%, 7, 0, 7, 125.76
1735411203, 26, 27, 39, 6, 0, 0.17%, 7, 0, 7, 151.69
1735411223, 26, 35, 39, 6, 0, 0.17%, 7, 0, 7, 152.26
1735411335, 27, 11, 39, 5, 0, 0.17%, 7, 0, 7, 136.17
1735411340, 27, 12, 39, 5, 0, 0.17%, 7, 0, 7, 124.51
1735411350, 27, 13, 39, 5, 0, 0.17%, 7, 0, 7, 126.21
1735411513, 27, 15, 39, 4, 0, 0.17%, 7, 0, 7, 167.82
1735411564, 27, 16, 39, 3, 0, 0.17%, 7, 0, 7, 138.45
1735411574, 27, 27, 39, 3, 0, 0.17%, 7, 0, 7, 128.34
1735411585, 28, 11, 39, 3, 0, 0.17%, 7, 0, 7, 132.66
1735411590, 28, 12, 39, 3, 0, 0.17%, 7, 0, 7, 127.79
1735411600, 28, 16, 39, 3, 0, 0.17%, 7, 0, 7, 128.00
1735411610, 28, 20, 39, 3, 0, 0.17%, 7, 0, 7, 142.16
1735411631, 28, 27, 39, 3, 0, 0.17%, 7, 0, 7, 128.41
1735411646, 29, 12, 39, 3, 0, 0.17%, 7, 0, 7, 128.67
1735411651, 29, 16, 39, 3, 0, 0.17%, 7, 0, 7, 134.50
1735411657, 29, 21, 39, 3, 0, 0.17%, 7, 0, 7, 128.35
1735412254, 29, 22, 39, 2, 0, 0.17%, 7, 0, 7, 138.03
1735412275, 29, 27, 39, 2, 0, 0.17%, 7, 0, 7, 130.27
1735412280, 30, 11, 39, 2, 0, 0.17%, 7, 0, 7, 130.45
1735412285, 30, 16, 39, 2, 0, 0.17%, 7, 0, 7, 128.44
1735412290, 30, 23, 39, 2, 0, 0.17%, 7, 0, 7, 136.72
1735412311, 30, 27, 39, 2, 0, 0.17%, 7, 0, 7, 146.74
1735412316, 30, 32, 39, 2, 0, 0.17%, 7, 0, 7, 143.68
1735412347, 31, 9, 39, 2, 0, 0.17%, 7, 0, 7, 155.28
1735412352, 31, 12, 39, 2, 0, 0.17%, 7, 0, 7, 136.10
1735412357, 31, 13, 39, 2, 0, 0.17%, 7, 0, 7, 144.49
1735412377, 31, 16, 39, 2, 0, 0.17%, 7, 0, 7, 131.10
1735412382, 31, 27, 39, 2, 0, 0.17%, 7, 0, 7, 132.84
1735412387, 31, 28, 39, 2, 0, 0.17%, 7, 0, 7, 130.02
1735412444, 32, 11, 39, 1, 0, 0.17%, 7, 0, 7, 153.99
1735412449, 32, 12, 39, 1, 0, 0.17%, 7, 0, 7, 130.51
1735412454, 32, 13, 39, 1, 0, 0.17%, 7, 0, 7, 160.45
1735412469, 32, 16, 39, 1, 0, 0.17%, 7, 0, 7, 138.69
1735412480, 32, 27, 39, 1, 0, 0.17%, 7, 0, 7, 137.84
1735412485, 32, 33, 39, 1, 0, 0.17%, 7, 0, 7, 129.48
1735412506, 33, 12, 39, 1, 0, 0.17%, 7, 0, 7, 129.66
1735412516, 33, 16, 39, 1, 0, 0.17%, 7, 0, 7, 140.08
1735412521, 33, 18, 39, 1, 0, 0.17%, 7, 0, 7, 153.64
1735412536, 33, 26, 39, 1, 0, 0.17%, 7, 0, 7, 134.98
1735412557, 33, 27, 39, 1, 0, 0.17%, 7, 0, 7, 135.17
1735412562, 34, 11, 39, 1, 0, 0.17%, 7, 0, 7, 135.03
1735412567, 34, 12, 39, 1, 0, 0.17%, 7, 0, 7, 130.18
1735412572, 34, 16, 39, 1, 0, 0.17%, 7, 0, 7, 131.65
1735412577, 34, 21, 39, 1, 0, 0.17%, 7, 0, 7, 153.26
1735412598, 34, 22, 39, 1, 0, 0.17%, 7, 0, 7, 143.26
1735412618, 34, 27, 39, 1, 0, 0.17%, 7, 0, 7, 135.02
1735412623, 35, 11, 39, 1, 0, 0.17%, 7, 0, 7, 130.99
1735412628, 35, 12, 39, 1, 0, 0.17%, 7, 0, 7, 130.80
1735412634, 35, 16, 39, 1, 0, 0.17%, 7, 0, 7, 133.33
1735412639, 35, 27, 39, 1, 0, 0.17%, 7, 0, 7, 127.72
1735412644, 36, 11, 39, 1, 0, 0.17%, 7, 0, 7, 127.58
1735412649, 36, 12, 39, 1, 0, 0.17%, 7, 0, 7, 128.32
1735412654, 36, 13, 39, 1, 0, 0.17%, 7, 0, 7, 155.86
1735412670, 36, 16, 39, 1, 0, 0.17%, 7, 0, 7, 135.58
1735412675, 36, 27, 39, 1, 0, 0.17%, 7, 0, 7, 137.19
1735412680, 36, 30, 39, 1, 0, 0.17%, 7, 0, 7, 130.45
1735412701, 36, 34, 39, 1, 0, 0.17%, 7, 0, 7, 133.27
1735412721, 37, 11, 39, 1, 0, 0.17%, 7, 0, 7, 138.96
1735412726, 37, 12, 39, 1, 0, 0.17%, 7, 0, 7, 125.21
1735412732, 37, 16, 39, 1, 0, 0.17%, 7, 0, 7, 130.76
1735412737, 37, 27, 39, 1, 0, 0.17%, 7, 0, 7, 120.45
1735412742, 38, 12, 39, 1, 0, 0.17%, 7, 0, 7, 129.58
1735412747, 38, 16, 39, 1, 0, 0.17%, 7, 0, 7, 129.60
1735412752, 38, 20, 39, 1, 0, 0.17%, 7, 0, 7, 136.41
1735412773, 38, 27, 39, 1, 0, 0.17%, 7, 0, 7, 132.09
1735412778, 38, 29, 39, 1, 0, 0.17%, 7, 0, 7, 141.09
1735412798, 39, 0, 39, 1, 0, 0.17%, 7, 0, 7, 141.79
1735412804, 39, 11, 39, 1, 0, 0.17%, 7, 0, 7, 135.16
1735412809, 39, 13, 39, 1, 0, 0.17%, 7, 0, 7, 140.36
1735412830, 39, 16, 39, 1, 0, 0.17%, 7, 0, 7, 142.74
1735412835, 39, 27, 39, 1, 0, 0.17%, 7, 0, 7, 140.85
1735412840, 39, 31, 39, 1, 0, 0.17%, 7, 0, 7, 145.79
1735412860, 39, 38, 39, 1, 0, 0.17%, 7, 0, 7, 216.80
1735413014, 40, 12, 39, 0, 0, 0.17%, 7, 0, 7, 129.89
1735413019, 40, 16, 39, 0, 0, 0.17%, 7, 0, 7, 127.58
1735413024, 40, 24, 39, 0, 0, 0.17%, 7, 0, 7, 142.27
1735413044, 40, 25, 39, 0, 0, 0.17%, 7, 0, 7, 138.60
1735413065, 40, 27, 39, 0, 0, 0.17%, 7, 0, 7, 137.22
1735413070, 40, 31, 39, 0, 0, 0.17%, 7, 0, 7, 142.48
1735413091, 40, 35, 39, 0, 0, 0.17%, 7, 0, 7, 154.48
1735413121, 41, 11, 39, 0, 0, 0.17%, 7, 0, 7, 142.22
1735413126, 41, 12, 39, 0, 0, 0.17%, 7, 0, 7, 133.30
1735413132, 41, 16, 39, 0, 0, 0.17%, 7, 0, 7, 132.14
1735413137, 41, 27, 39, 0, 0, 0.17%, 7, 0, 7, 132.67
1735413142, 42, 11, 39, 0, 0, 0.17%, 7, 0, 7, 131.64
1735413147, 42, 12, 39, 0, 0, 0.17%, 7, 0, 7, 136.10
1735413152, 42, 16, 39, 0, 0, 0.17%, 7, 0, 7, 129.85
1735413157, 42, 17, 39, 0, 0, 0.17%, 7, 0, 7, 148.23
1735413188, 42, 25, 39, 0, 0, 0.17%, 7, 0, 7, 146.52
1735413209, 42, 27, 39, 0, 0, 0.17%, 7, 0, 7, 128.56
1735413214, 42, 28, 39, 0, 0, 0.17%, 7, 0, 7, 136.44
1735413239, 43, 11, 39, 0, 0, 0.17%, 7, 0, 7, 132.40
1735413244, 43, 12, 39, 0, 0, 0.17%, 7, 0, 7, 133.99
1735413250, 43, 16, 39, 0, 0, 0.17%, 7, 0, 7, 129.75
1735413255, 43, 25, 39, 0, 0, 0.17%, 7, 0, 7, 144.19
1735413275, 43, 27, 39, 0, 0, 0.17%, 7, 0, 7, 149.80
1735413280, 43, 33, 39, 0, 0, 0.17%, 7, 0, 7, 133.80
1735413296, 44, 4, 39, 0, 0, 0.17%, 7, 0, 7, 135.81
1735413301, 44, 12, 39, 0, 0, 0.17%, 7, 0, 7, 132.31
1735413306, 44, 16, 39, 0, 0, 0.17%, 7, 0, 7, 127.97
1735413311, 44, 19, 39, 0, 0, 0.17%, 7, 0, 7, 146.42
1735413332, 44, 27, 39, 0, 0, 0.17%, 7, 0, 7, 128.34
1735413337, 45, 11, 39, 0, 0, 0.17%, 7, 0, 7, 133.33
1735413342, 45, 16, 39, 0, 0, 0.17%, 7, 0, 7, 128.55
1735413347, 45, 21, 39, 0, 0, 0.17%, 7, 0, 7, 141.59
1735413368, 45, 27, 39, 0, 0, 0.17%, 7, 0, 7, 131.06
1735413373, 46, 12, 39, 0, 0, 0.17%, 7, 0, 7, 128.18
1735413378, 46, 16, 39, 0, 0, 0.17%, 7, 0, 7, 130.86
1735413383, 46, 27, 39, 0, 0, 0.17%, 7, 0, 7, 129.78
1735413388, 47, 11, 39, 0, 0, 0.17%, 7, 0, 7, 135.66
1735413393, 47, 12, 39, 0, 0, 0.17%, 7, 0, 7, 140.52
1735413399, 47, 16, 39, 0, 0, 0.17%, 7, 0, 7, 136.31
1735413404, 47, 24, 39, 0, 0, 0.17%, 7, 0, 7, 154.83
1735413424, 47, 27, 39, 0, 0, 0.17%, 7, 0, 7, 137.68
1735413430, 47, 33, 39, 0, 0, 0.17%, 7, 0, 7, 134.72
1735413450, 48, 12, 39, 0, 0, 0.17%, 7, 0, 7, 139.14
1735413455, 48, 16, 39, 0, 0, 0.17%, 7, 0, 7, 134.03
1735413466, 48, 27, 39, 0, 0, 0.17%, 7, 0, 7, 138.88
1735413471, 48, 30, 39, 0, 0, 0.17%, 7, 0, 7, 127.02
1735413491, 49, 11, 39, 0, 0, 0.17%, 7, 0, 7, 129.68
1735413496, 49, 12, 39, 0, 0, 0.17%, 7, 0, 7, 125.94
1735413501, 49, 13, 39, 0, 0, 0.17%, 7, 0, 7, 148.13
1735413511, 49, 16, 39, 0, 0, 0.17%, 7, 0, 7, 132.00
1735413517, 49, 27, 39, 0, 0, 0.17%, 7, 0, 7, 130.40
1735413522, 49, 35, 39, 0, 0, 0.17%, 7, 0, 7, 149.38
1735413552, 50, 12, 39, 0, 0, 0.17%, 7, 0, 7, 136.46
1735413557, 50, 16, 39, 0, 0, 0.17%, 7, 0, 7, 136.04
1735413562, 50, 23, 39, 0, 0, 0.17%, 7, 0, 7, 141.85
1735413582, 50, 27, 39, 0, 0, 0.17%, 7, 0, 7, 137.75
1735413593, 51, 12, 39, 0, 0, 0.17%, 7, 0, 7, 131.55
1735413598, 51, 16, 39, 0, 0, 0.17%, 7, 0, 7, 125.76
1735413603, 51, 27, 39, 0, 0, 0.17%, 7, 0, 7, 126.11
1735413608, 52, 12, 39, 0, 0, 0.17%, 7, 0, 7, 135.82
1735413613, 52, 13, 39, 0, 0, 0.17%, 7, 0, 7, 138.72
1735413623, 52, 16, 39, 0, 0, 0.17%, 7, 0, 7, 128.49
1735413628, 52, 27, 39, 0, 0, 0.17%, 7, 0, 7, 137.11
1735413633, 52, 31, 39, 0, 0, 0.17%, 7, 0, 7, 133.11
1735413654, 53, 0, 39, 0, 0, 0.17%, 7, 0, 7, 141.98
1735413659, 53, 12, 39, 0, 0, 0.17%, 7, 0, 7, 128.52
1735413664, 53, 16, 39, 0, 0, 0.17%, 7, 0, 7, 133.79
1735413669, 53, 26, 39, 0, 0, 0.17%, 7, 0, 7, 148.17
1735413690, 53, 27, 39, 0, 0, 0.17%, 7, 0, 7, 128.09
1735413695, 54, 11, 39, 0, 0, 0.17%, 7, 0, 7, 131.33
1735413700, 54, 15, 39, 0, 0, 0.17%, 7, 0, 7, 134.22
1735413726, 54, 16, 39, 0, 0, 0.17%, 7, 0, 7, 131.76
1735413731, 54, 27, 39, 0, 0, 0.17%, 7, 0, 7, 131.83
1735413736, 55, 12, 39, 0, 0, 0.17%, 7, 0, 7, 126.90
1735413742, 55, 16, 39, 0, 0, 0.17%, 7, 0, 7, 128.59
1735413747, 55, 27, 39, 0, 0, 0.17%, 7, 0, 7, 129.18
1735413752, 56, 6, 39, 0, 0, 0.17%, 7, 0, 7, 133.83
1735413757, 56, 12, 39, 0, 0, 0.17%, 7, 0, 7, 133.62
1735413762, 56, 16, 39, 0, 0, 0.17%, 7, 0, 7, 128.19
1735413767, 56, 27, 39, 0, 0, 0.17%, 7, 0, 7, 129.39
1735413773, 57, 11, 39, 0, 0, 0.17%, 7, 0, 7, 141.60
1735413778, 57, 12, 39, 0, 0, 0.17%, 7, 0, 7, 131.71
1735413783, 57, 16, 39, 0, 0, 0.17%, 7, 0, 7, 131.92
1735413788, 57, 27, 39, 0, 0, 0.17%, 7, 0, 7, 129.32
1735413793, 58, 12, 39, 0, 0, 0.17%, 7, 0, 7, 128.42
1735413803, 58, 16, 39, 0, 0, 0.17%, 7, 0, 7, 132.23
1735413808, 58, 26, 39, 0, 0, 0.17%, 7, 0, 7, 150.84
1735413829, 58, 27, 39, 0, 0, 0.17%, 7, 0, 7, 137.08
1735413834, 59, 12, 39, 0, 0, 0.17%, 7, 0, 7, 128.85
1735413839, 59, 14, 39, 0, 0, 0.17%, 7, 0, 7, 140.38
1735413865, 59, 16, 39, 0, 0, 0.17%, 7, 0, 7, 131.04
1735413870, 59, 18, 39, 0, 0, 0.17%, 7, 0, 7, 159.61
1735413891, 59, 27, 39, 0, 0, 0.17%, 7, 0, 7, 133.27
1735413896, 60, 11, 39, 0, 0, 0.17%, 7, 0, 7, 133.21
1735413901, 60, 12, 39, 0, 0, 0.17%, 7, 0, 7, 126.86
1735413906, 60, 16, 39, 0, 0, 0.17%, 7, 0, 7, 135.41
1735413911, 60, 17, 39, 0, 0, 0.17%, 7, 0, 7, 145.19
1735413937, 60, 27, 39, 0, 0, 0.17%, 7, 0, 7, 128.26
1735413947, 61, 12, 39, 0, 0, 0.17%, 7, 0, 7, 129.77
1735413952, 61, 16, 39, 0, 0, 0.17%, 7, 0, 7, 137.23
1735413957, 61, 17, 39, 0, 0, 0.17%, 7, 0, 7, 143.76
1735413988, 61, 24, 39, 0, 0, 0.17%, 7, 0, 7, 142.77
1735414008, 61, 27, 39, 0, 0, 0.17%, 7, 0, 7, 134.07
1735414014, 62, 12, 39, 0, 0, 0.17%, 7, 0, 7, 131.26
1735414019, 62, 13, 39, 0, 0, 0.17%, 7, 0, 7, 142.78
1735414024, 62, 16, 39, 0, 0, 0.17%, 7, 0, 7, 131.40
1735414029, 62, 27, 39, 0, 0, 0.17%, 7, 0, 7, 134.75
1735414034, 62, 33, 39, 0, 0, 0.17%, 7, 0, 7, 132.61
1735414060, 62, 34, 39, 0, 0, 0.17%, 7, 0, 7, 167.79
1735414075, 63, 11, 39, 0, 0, 0.17%, 7, 0, 7, 146.59
1735414080, 63, 12, 39, 0, 0, 0.17%, 7, 0, 7, 136.75
1735414085, 63, 16, 39, 0, 0, 0.17%, 7, 0, 7, 137.97
1735414091, 63, 22, 39, 0, 0, 0.17%, 7, 0, 7, 150.01
1735414111, 63, 27, 39, 0, 0, 0.17%, 7, 0, 7, 139.28
1735414116, 64, 11, 39, 0, 0, 0.17%, 7, 0, 7, 132.03
1735414121, 64, 12, 39, 0, 0, 0.17%, 7, 0, 7, 126.68
1735414127, 64, 16, 39, 0, 0, 0.17%, 7, 0, 7, 138.55
1735414132, 64, 23, 39, 0, 0, 0.17%, 7, 0, 7, 151.60
1735414152, 64, 27, 39, 0, 0, 0.17%, 7, 0, 7, 133.48
1735414157, 64, 36, 39, 0, 0, 0.17%, 7, 0, 7, 155.52
1735414188, 65, 10, 39, 0, 0, 0.17%, 7, 0, 7, 129.67
1735414198, 65, 12, 39, 0, 0, 0.17%, 7, 0, 7, 130.92
1735414204, 65, 16, 39, 0, 0, 0.17%, 7, 0, 7, 129.39
1735414209, 65, 27, 39, 0, 0, 0.17%, 7, 0, 7, 136.84
1735414214, 66, 6, 39, 0, 0, 0.17%, 7, 0, 7, 126.55
1735414219, 66, 12, 39, 0, 0, 0.17%, 7, 0, 7, 129.51
1735414224, 66, 16, 39, 0, 0, 0.17%, 7, 0, 7, 130.03
1735414229, 66, 17, 39, 0, 0, 0.17%, 7, 0, 7, 137.38
1735414260, 66, 25, 39, 0, 0, 0.17%, 7, 0, 7, 150.63
1735414270, 66, 27, 39, 0, 0, 0.17%, 7, 0, 7, 137.91
1735414276, 66, 29, 39, 0, 0, 0.17%, 7, 0, 7, 139.13
1735414296, 67, 11, 39, 0, 0, 0.17%, 7, 0, 7, 140.38
1735414301, 67, 12, 39, 0, 0, 0.17%, 7, 0, 7, 137.28
1735414306, 67, 16, 39, 0, 0, 0.17%, 7, 0, 7, 139.96
1735414311, 67, 25, 39, 0, 0, 0.17%, 7, 0, 7, 142.12
1735414322, 67, 27, 39, 0, 0, 0.17%, 7, 0, 7, 137.53
1735414327, 67, 28, 39, 0, 0, 0.17%, 7, 0, 7, 126.56
1735414347, 68, 11, 39, 0, 0, 0.17%, 7, 0, 7, 127.27
1735414353, 68, 12, 39, 0, 0, 0.17%, 7, 0, 7, 136.16
1735414358, 68, 16, 39, 0, 0, 0.17%, 7, 0, 7, 131.41
1735414363, 68, 19, 39, 0, 0, 0.17%, 7, 0, 7, 155.30
1735414383, 68, 27, 39, 0, 0, 0.17%, 7, 0, 7, 128.41
1735414389, 68, 32, 39, 0, 0, 0.17%, 7, 0, 7, 138.80
1735414414, 69, 1, 39, 0, 0, 0.17%, 7, 0, 7, 136.96
1735414419, 69, 12, 39, 0, 0, 0.17%, 7, 0, 7, 130.25
1735414424, 69, 16, 39, 0, 0, 0.17%, 7, 0, 7, 129.31
1735414430, 69, 27, 39, 0, 0, 0.17%, 7, 0, 7, 132.10
1735414435, 69, 36, 39, 0, 0, 0.17%, 7, 0, 7, 148.61
1735414465, 70, 12, 39, 0, 0, 0.17%, 7, 0, 7, 134.53
1735414471, 70, 16, 39, 0, 0, 0.17%, 7, 0, 7, 132.54
1735414476, 70, 27, 39, 0, 0, 0.17%, 7, 0, 7, 134.34
1735414486, 70, 36, 39, 0, 0, 0.17%, 7, 0, 7, 170.37
1735414512, 71, 11, 39, 0, 0, 0.17%, 7, 0, 7, 142.95
1735414517, 71, 12, 39, 0, 0, 0.17%, 7, 0, 7, 136.48
1735414522, 71, 16, 39, 0, 0, 0.17%, 7, 0, 7, 133.96
1735414527, 71, 26, 39, 0, 0, 0.17%, 7, 0, 7, 149.68
1735414548, 71, 27, 39, 0, 0, 0.17%, 7, 0, 7, 128.97
1735414553, 72, 11, 39, 0, 0, 0.17%, 7, 0, 7, 127.71
1735414558, 72, 12, 39, 0, 0, 0.17%, 7, 0, 7, 123.82
1735414563, 72, 16, 39, 0, 0, 0.17%, 7, 0, 7, 136.86
1735414568, 72, 24, 39, 0, 0, 0.17%, 7, 0, 7, 146.74
1735414584, 72, 26, 39, 0, 0, 0.17%, 7, 0, 7, 146.71
1735414594, 72, 27, 39, 0, 0, 0.17%, 7, 0, 7, 135.32
1735414599, 72, 28, 39, 0, 0, 0.17%, 7, 0, 7, 135.34
1735414625, 73, 12, 39, 0, 0, 0.17%, 7, 0, 7, 129.19
1735414635, 73, 27, 39, 0, 0, 0.17%, 7, 0, 7, 145.40
1735414645, 73, 28, 39, 0, 0, 0.17%, 7, 0, 7, 131.61
1735414665, 73, 32, 39, 0, 0, 0.17%, 7, 0, 7, 149.50
1735414696, 74, 12, 39, 0, 0, 0.17%, 7, 0, 7, 125.51
1735414701, 74, 16, 39, 0, 0, 0.17%, 7, 0, 7, 134.61
1735414712, 74, 27, 39, 0, 0, 0.17%, 7, 0, 7, 127.92
1735414717, 74, 32, 39, 0, 0, 0.17%, 7, 0, 7, 135.49
1735414748, 75, 6, 39, 0, 0, 0.17%, 7, 0, 7, 127.40
1735414753, 75, 12, 39, 0, 0, 0.17%, 7, 0, 7, 129.21
1735414758, 75, 15, 39, 0, 0, 0.17%, 7, 0, 7, 127.29
1735414784, 75, 16, 39, 0, 0, 0.17%, 7, 0, 7, 136.62
1735414789, 75, 27, 39, 0, 0, 0.17%, 7, 0, 7, 132.26
1735414794, 76, 11, 39, 0, 0, 0.17%, 7, 0, 7, 128.98
1735414799, 76, 16, 39, 0, 0, 0.17%, 7, 0, 7, 135.75
1735414810, 76, 24, 39, 0, 0, 0.17%, 7, 0, 7, 139.04
1735414820, 76, 27, 39, 0, 0, 0.17%, 7, 0, 7, 132.85
1735414825, 77, 11, 39, 0, 0, 0.17%, 7, 0, 7, 131.33
1735414830, 77, 12, 39, 0, 0, 0.17%, 7, 0, 7, 123.61
1735414835, 77, 16, 39, 0, 0, 0.17%, 7, 0, 7, 135.72
1735414841, 77, 27, 39, 0, 0, 0.17%, 7, 0, 7, 138.55
1735414846, 77, 33, 39, 0, 0, 0.17%, 7, 0, 7, 134.93
1735414856, 78, 2, 39, 0, 0, 0.17%, 7, 0, 7, 137.06
1735414861, 78, 10, 39, 0, 0, 0.17%, 7, 0, 7, 131.72
1735414871, 78, 11, 39, 0, 0, 0.17%, 7, 0, 7, 132.97
1735414877, 78, 12, 39, 0, 0, 0.17%, 7, 0, 7, 134.52
1735414882, 78, 14, 39, 0, 0, 0.17%, 7, 0, 7, 136.45
1735414903, 78, 16, 39, 0, 0, 0.17%, 7, 0, 7, 126.53
1735414908, 78, 23, 39, 0, 0, 0.17%, 7, 0, 7, 136.71
1735414928, 78, 27, 39, 0, 0, 0.17%, 7, 0, 7, 138.94
1735414933, 78, 32, 39, 0, 0, 0.17%, 7, 0, 7, 137.01
1735414949, 79, 9, 39, 0, 0, 0.17%, 7, 0, 7, 125.57
1735414954, 79, 12, 39, 0, 0, 0.17%, 7, 0, 7, 121.49
1735414959, 79, 16, 39, 0, 0, 0.17%, 7, 0, 7, 126.99
1735414964, 79, 21, 39, 0, 0, 0.17%, 7, 0, 7, 137.61
1735414985, 79, 27, 39, 0, 0, 0.17%, 7, 0, 7, 143.89
1735414990, 79, 28, 39, 0, 0, 0.17%, 7, 0, 7, 134.62
1735415005, 79, 37, 39, 0, 0, 0.17%, 7, 0, 7, 136.64
1735415026, 80, 11, 39, 0, 0, 0.17%, 7, 0, 7, 144.47
1735415031, 80, 12, 39, 0, 0, 0.17%, 7, 0, 7, 136.13
1735415036, 80, 16, 39, 0, 0, 0.17%, 7, 0, 7, 133.50
1735415041, 80, 27, 39, 0, 0, 0.17%, 7, 0, 7, 135.59
1735415047, 81, 12, 39, 0, 0, 0.17%, 7, 0, 7, 131.86
1735415052, 81, 16, 39, 0, 0, 0.17%, 7, 0, 7, 127.96
1735415057, 81, 25, 39, 0, 0, 0.17%, 7, 0, 7, 148.45
1735415062, 81, 27, 39, 0, 0, 0.17%, 7, 0, 7, 128.20
1735415067, 82, 11, 39, 0, 0, 0.17%, 7, 0, 7, 132.06
1735415072, 82, 12, 39, 0, 0, 0.17%, 7, 0, 7, 124.57
1735415078, 82, 16, 39, 0, 0, 0.17%, 7, 0, 7, 118.41
1735415083, 82, 27, 39, 0, 0, 0.17%, 7, 0, 7, 131.54
1735415088, 82, 33, 39, 0, 0, 0.17%, 7, 0, 7, 133.90
1735415098, 82, 36, 39, 0, 0, 0.17%, 7, 0, 7, 156.62
1735415124, 82, 37, 39, 0, 0, 0.17%, 7, 0, 7, 150.40
1735415145, 83, 6, 39, 0, 0, 0.17%, 7, 0, 7, 127.86
1735415150, 83, 12, 39, 0, 0, 0.17%, 7, 0, 7, 130.31
1735415155, 83, 16, 39, 0, 0, 0.17%, 7, 0, 7, 131.15
1735415160, 83, 27, 39, 0, 0, 0.17%, 7, 0, 7, 131.92
1735415165, 84, 2, 39, 0, 0, 0.17%, 7, 0, 7, 141.40
1735415170, 84, 12, 39, 0, 0, 0.17%, 7, 0, 7, 133.44
1735415181, 84, 16, 39, 0, 0, 0.17%, 7, 0, 7, 133.70
1735415186, 84, 27, 39, 0, 0, 0.17%, 7, 0, 7, 135.67
1735415191, 85, 12, 39, 0, 0, 0.17%, 7, 0, 7, 124.67
1735415196, 85, 16, 39, 0, 0, 0.17%, 7, 0, 7, 130.92
1735415201, 85, 25, 39, 0, 0, 0.17%, 7, 0, 7, 144.43
1735415207, 85, 27, 39, 0, 0, 0.17%, 7, 0, 7, 132.74
1735415212, 85, 38, 39, 0, 0, 0.17%, 7, 0, 7, 152.05
1735415232, 86, 11, 39, 0, 0, 0.17%, 7, 0, 7, 141.41
1735415238, 86, 12, 39, 0, 0, 0.17%, 7, 0, 7, 134.98
1735415243, 86, 16, 39, 0, 0, 0.17%, 7, 0, 7, 128.67
1735415248, 86, 24, 39, 0, 0, 0.17%, 7, 0, 7, 149.76
1735415258, 86, 27, 39, 0, 0, 0.17%, 7, 0, 7, 134.87
1735415263, 87, 6, 39, 0, 0, 0.17%, 7, 0, 7, 135.49
1735415268, 87, 12, 39, 0, 0, 0.17%, 7, 0, 7, 129.88
1735415273, 87, 16, 39, 0, 0, 0.17%, 7, 0, 7, 129.36
1735415279, 87, 27, 39, 0, 0, 0.17%, 7, 0, 7, 135.40
1735415284, 88, 11, 39, 0, 0, 0.17%, 7, 0, 7, 134.43
1735415289, 88, 12, 39, 0, 0, 0.17%, 7, 0, 7, 133.16
1735415294, 88, 16, 39, 0, 0, 0.17%, 7, 0, 7, 141.56
1735415299, 88, 27, 39, 0, 0, 0.17%, 7, 0, 7, 139.04
1735415304, 89, 12, 39, 0, 0, 0.17%, 7, 0, 7, 133.17
1735415310, 89, 16, 39, 0, 0, 0.17%, 7, 0, 7, 133.23
1735415320, 89, 27, 39, 0, 0, 0.17%, 7, 0, 7, 135.33
1735415325, 89, 31, 39, 0, 0, 0.17%, 7, 0, 7, 147.60
1735415345, 89, 34, 39, 0, 0, 0.17%, 7, 0, 7, 165.91
1735415361, 90, 1, 39, 0, 0, 0.17%, 7, 0, 7, 144.45
1735415366, 90, 12, 39, 0, 0, 0.17%, 7, 0, 7, 134.51
1735415371, 90, 16, 39, 0, 0, 0.17%, 7, 0, 7, 134.28
1735415376, 90, 27, 39, 0, 0, 0.17%, 7, 0, 7, 129.28
1735415382, 91, 11, 39, 0, 0, 0.17%, 7, 0, 7, 129.58
1735415387, 91, 12, 39, 0, 0, 0.17%, 7, 0, 7, 122.08
1735415392, 91, 16, 39, 0, 0, 0.17%, 7, 0, 7, 135.03
1735415397, 91, 27, 39, 0, 0, 0.17%, 7, 0, 7, 135.56
1735415402, 91, 31, 39, 0, 0, 0.17%, 7, 0, 7, 143.44
1735415413, 91, 37, 39, 0, 0, 0.17%, 7, 0, 7, 139.95
1735415433, 92, 11, 39, 0, 0, 0.17%, 7, 0, 7, 135.15
1735415438, 92, 13, 39, 0, 0, 0.17%, 7, 0, 7, 140.91
1735415444, 92, 16, 39, 0, 0, 0.17%, 7, 0, 7, 132.89
1735415449, 92, 27, 39, 0, 0, 0.17%, 7, 0, 7, 134.09
1735415454, 92, 30, 39, 0, 0, 0.17%, 7, 0, 7, 139.26
1735415480, 92, 32, 39, 0, 0, 0.17%, 7, 0, 7, 146.18
1735415495, 92, 37, 39, 0, 0, 0.17%, 7, 0, 7, 138.50
1735415516, 93, 12, 39, 0, 0, 0.17%, 7, 0, 7, 142.37
1735415521, 93, 16, 39, 0, 0, 0.17%, 7, 0, 7, 129.98
1735415526, 93, 22, 39, 0, 0, 0.17%, 7, 0, 7, 129.48
1735415546, 93, 23, 39, 0, 0, 0.17%, 7, 0, 7, 139.48
1735415557, 93, 27, 39, 0, 0, 0.17%, 7, 0, 7, 141.55
1735415562, 93, 28, 39, 0, 0, 0.17%, 7, 0, 7, 137.06
1735415577, 94, 10, 39, 0, 0, 0.17%, 7, 0, 7, 123.95
1735415588, 94, 11, 39, 0, 0, 0.17%, 7, 0, 7, 136.18
1735415593, 94, 12, 39, 0, 0, 0.17%, 7, 0, 7, 131.90
1735415598, 94, 16, 39, 0, 0, 0.17%, 7, 0, 7, 135.42
1735415603, 94, 27, 39, 0, 0, 0.17%, 7, 0, 7, 126.02
1735415608, 95, 12, 39, 0, 0, 0.17%, 7, 0, 7, 129.32
1735415613, 95, 16, 39, 0, 0, 0.17%, 7, 0, 7, 130.32
1735415618, 95, 27, 39, 0, 0, 0.17%, 7, 0, 7, 129.01
1735415624, 96, 11, 39, 0, 0, 0.17%, 7, 0, 7, 132.71
1735415629, 96, 12, 39, 0, 0, 0.17%, 7, 0, 7, 130.03
1735415634, 96, 16, 39, 0, 0, 0.17%, 7, 0, 7, 139.79
1735415639, 96, 27, 39, 0, 0, 0.17%, 7, 0, 7, 127.92
1735415644, 97, 11, 39, 0, 0, 0.17%, 7, 0, 7, 124.87
1735415649, 97, 12, 39, 0, 0, 0.17%, 7, 0, 7, 127.77
1735415655, 97, 16, 39, 0, 0, 0.17%, 7, 0, 7, 141.12
1735415660, 97, 27, 39, 0, 0, 0.17%, 7, 0, 7, 138.79
1735415665, 98, 12, 39, 0, 0, 0.17%, 7, 0, 7, 128.10
1735415670, 98, 16, 39, 0, 0, 0.17%, 7, 0, 7, 127.51
1735415675, 98, 18, 39, 0, 0, 0.17%, 7, 0, 7, 145.02
1735415696, 98, 27, 39, 0, 0, 0.17%, 7, 0, 7, 138.11
1735415701, 99, 11, 39, 0, 0, 0.17%, 7, 0, 7, 135.05
1735415706, 99, 12, 39, 0, 0, 0.17%, 7, 0, 7, 131.18
1735415711, 99, 16, 39, 0, 0, 0.17%, 7, 0, 7, 136.59
1735415716, 99, 27, 39, 0, 0, 0.17%, 7, 0, 7, 132.24
1735415721, 100, 12, 39, 0, 0, 0.17%, 7, 0, 7, 131.44
1735415726, 100, 16, 39, 0, 0, 0.17%, 7, 0, 7, 131.93
1735415731, 100, 27, 39, 0, 0, 0.17%, 7, 0, 7, 137.72
1735415737, 101, 0, 39, 0, 0, 0.17%, 7, 0, 7, 131.84
1735415742, 101, 12, 39, 0, 0, 0.17%, 7, 0, 7, 126.27
1735415747, 101, 16, 39, 0, 0, 0.17%, 7, 0, 7, 134.23
1735415752, 101, 27, 39, 0, 0, 0.17%, 7, 0, 7, 147.96
1735415757, 101, 32, 39, 0, 0, 0.17%, 7, 0, 7, 146.45
1735415767, 102, 12, 39, 0, 0, 0.17%, 7, 0, 7, 130.10
1735415773, 102, 16, 39, 0, 0, 0.17%, 7, 0, 7, 124.94
1735415778, 102, 27, 39, 0, 0, 0.17%, 7, 0, 7, 128.58
1735415783, 103, 10, 39, 0, 0, 0.17%, 7, 0, 7, 123.14
1735415793, 103, 11, 39, 0, 0, 0.17%, 7, 0, 7, 136.15
1735415798, 103, 12, 39, 0, 0, 0.17%, 7, 0, 7, 130.72
1735415804, 103, 16, 39, 0, 0, 0.17%, 7, 0, 7, 132.18
1735415809, 103, 27, 39, 0, 0, 0.17%, 7, 0, 7, 137.73
1735415814, 104, 11, 39, 0, 0, 0.17%, 7, 0, 7, 133.87
1735415819, 104, 12, 39, 0, 0, 0.17%, 7, 0, 7, 137.95
1735415824, 104, 13, 39, 0, 0, 0.17%, 7, 0, 7, 136.89
1735415829, 104, 16, 39, 0, 0, 0.17%, 7, 0, 7, 138.83
1735415834, 104, 21, 39, 0, 0, 0.17%, 7, 0, 7, 172.07
1735415855, 104, 23, 39, 0, 0, 0.17%, 7, 0, 7, 144.52
1735415865, 104, 27, 39, 0, 0, 0.17%, 7, 0, 7, 130.89
1735415870, 105, 12, 39, 0, 0, 0.17%, 7, 0, 7, 131.60
1735415875, 105, 16, 39, 0, 0, 0.17%, 7, 0, 7, 133.00
1735415881, 105, 27, 39, 0, 0, 0.17%, 7, 0, 7, 132.65
1735415886, 105, 36, 39, 0, 0, 0.17%, 7, 0, 7, 146.77
1735415916, 106, 5, 39, 0, 0, 0.17%, 7, 0, 7, 124.22
1735415921, 106, 12, 39, 0, 0, 0.17%, 7, 0, 7, 129.73
1735415927, 106, 16, 39, 0, 0, 0.17%, 7, 0, 7, 139.08
1735415932, 106, 24, 39, 0, 0, 0.17%, 7, 0, 7, 144.90
1735415942, 106, 27, 39, 0, 0, 0.17%, 7, 0, 7, 134.01
1735415947, 107, 12, 39, 0, 0, 0.17%, 7, 0, 7, 125.97
1735415952, 107, 16, 39, 0, 0, 0.17%, 7, 0, 7, 125.53
1735415957, 107, 19, 39, 0, 0, 0.17%, 7, 0, 7, 150.22
1735415973, 107, 27, 39, 0, 0, 0.17%, 7, 0, 7, 141.09
1735415983, 107, 29, 39, 0, 0, 0.17%, 7, 0, 7, 134.11
1735416003, 108, 12, 39, 0, 0, 0.17%, 7, 0, 7, 132.08
1735416009, 108, 16, 39, 0, 0, 0.17%, 7, 0, 7, 130.89
1735416014, 108, 27, 39, 0, 0, 0.17%, 7, 0, 7, 137.43
1735416019, 108, 35, 39, 0, 0, 0.17%, 7, 0, 7, 156.33
1735416050, 109, 11, 39, 0, 0, 0.17%, 7, 0, 7, 137.86
1735416055, 109, 12, 39, 0, 0, 0.17%, 7, 0, 7, 131.44
1735416060, 109, 16, 39, 0, 0, 0.17%, 7, 0, 7, 136.29
1735416065, 109, 26, 39, 0, 0, 0.17%, 7, 0, 7, 148.30
1735416075, 109, 27, 39, 0, 0, 0.17%, 7, 0, 7, 131.57
1735416080, 110, 12, 39, 0, 0, 0.17%, 7, 0, 7, 129.70
1735416086, 110, 16, 39, 0, 0, 0.17%, 7, 0, 7, 123.66
1735416091, 110, 27, 39, 0, 0, 0.17%, 7, 0, 7, 126.57
1735416096, 111, 4, 39, 0, 0, 0.17%, 7, 0, 7, 137.54
1735416101, 111, 12, 39, 0, 0, 0.17%, 7, 0, 7, 129.79
1735416106, 111, 14, 39, 0, 0, 0.17%, 7, 0, 7, 130.94
1735416132, 111, 16, 39, 0, 0, 0.17%, 7, 0, 7, 132.46
1735416137, 111, 27, 39, 0, 0, 0.17%, 7, 0, 7, 136.27
1735416142, 112, 12, 39, 0, 0, 0.17%, 7, 0, 7, 130.17
1735416147, 112, 16, 39, 0, 0, 0.17%, 7, 0, 7, 133.90
1735416152, 112, 27, 39, 0, 0, 0.17%, 7, 0, 7, 132.14
1735416158, 113, 11, 39, 0, 0, 0.17%, 7, 0, 7, 134.75
1735416163, 113, 12, 39, 0, 0, 0.17%, 7, 0, 7, 127.28
1735416168, 113, 16, 39, 0, 0, 0.17%, 7, 0, 7, 129.29
1735416173, 113, 20, 39, 0, 0, 0.17%, 7, 0, 7, 143.71
1735416194, 113, 25, 39, 0, 0, 0.17%, 7, 0, 7, 135.26
1735416199, 113, 27, 39, 0, 0, 0.17%, 7, 0, 7, 134.66
1735416204, 114, 12, 39, 0, 0, 0.17%, 7, 0, 7, 130.85
1735416209, 114, 16, 39, 0, 0, 0.17%, 7, 0, 7, 134.04
1735416214, 114, 27, 39, 0, 0, 0.17%, 7, 0, 7, 134.43
1735416225, 114, 34, 39, 0, 0, 0.17%, 7, 0, 7, 162.29
1735416240, 115, 1, 39, 0, 0, 0.17%, 7, 0, 7, 126.62
1735416245, 115, 12, 39, 0, 0, 0.17%, 7, 0, 7, 122.71
1735416250, 115, 16, 39, 0, 0, 0.17%, 7, 0, 7, 129.97
1735416255, 115, 17, 39, 0, 0, 0.17%, 7, 0, 7, 146.87
1735416271, 115, 27, 39, 0, 0, 0.17%, 7, 0, 7, 135.42
1735416276, 116, 9, 39, 0, 0, 0.17%, 7, 0, 7, 132.13
1735416281, 116, 12, 39, 0, 0, 0.17%, 7, 0, 7, 127.72
1735416286, 116, 16, 39, 0, 0, 0.17%, 7, 0, 7, 127.77
1735416291, 116, 27, 39, 0, 0, 0.17%, 7, 0, 7, 142.77
1735416297, 117, 1, 39, 0, 0, 0.17%, 7, 0, 7, 137.99
1735416302, 117, 11, 39, 0, 0, 0.17%, 7, 0, 7, 136.95
1735416307, 117, 12, 39, 0, 0, 0.17%, 7, 0, 7, 131.77
1735416312, 117, 16, 39, 0, 0, 0.17%, 7, 0, 7, 138.48
1735416317, 117, 27, 39, 0, 0, 0.17%, 7, 0, 7, 130.69
1735416322, 118, 11, 39, 0, 0, 0.17%, 7, 0, 7, 132.82
1735416328, 118, 12, 39, 0, 0, 0.17%, 7, 0, 7, 135.48
1735416333, 118, 16, 39, 0, 0, 0.17%, 7, 0, 7, 139.28
1735416338, 118, 22, 39, 0, 0, 0.17%, 7, 0, 7, 146.56
1735416348, 118, 27, 39, 0, 0, 0.17%, 7, 0, 7, 132.18
1735416353, 118, 33, 39, 0, 0, 0.17%, 7, 0, 7, 131.02
1735416359, 119, 12, 39, 0, 0, 0.17%, 7, 0, 7, 125.48
1735416364, 119, 14, 39, 0, 0, 0.17%, 7, 0, 7, 137.87
1735416390, 119, 15, 39, 0, 0, 0.17%, 7, 0, 7, 131.12
1735416410, 119, 16, 39, 0, 0, 0.17%, 7, 0, 7, 121.64
1735416415, 119, 27, 39, 0, 0, 0.17%, 7, 0, 7, 132.42
1735416420, 119, 34, 39, 0, 0, 0.17%, 7, 0, 7, 132.33
1735416430, 120, 3, 39, 0, 0, 0.17%, 7, 0, 7, 140.43
1735416436, 120, 12, 39, 0, 0, 0.17%, 7, 0, 7, 128.86
1735416441, 120, 14, 39, 0, 0, 0.17%, 7, 0, 7, 133.09
1735416451, 120, 16, 39, 0, 0, 0.17%, 7, 0, 7, 130.80
1735416456, 120, 27, 39, 0, 0, 0.17%, 7, 0, 7, 131.01
1735416461, 121, 0, 39, 0, 0, 0.17%, 7, 0, 7, 131.35
1735416467, 121, 12, 39, 0, 0, 0.17%, 7, 0, 7, 128.88
1735416472, 121, 16, 39, 0, 0, 0.17%, 7, 0, 7, 126.79
1735416482, 121, 27, 39, 0, 0, 0.17%, 7, 0, 7, 132.35
1735416487, 122, 11, 39, 0, 0, 0.17%, 7, 0, 7, 128.07
1735416492, 122, 12, 39, 0, 0, 0.17%, 7, 0, 7, 126.49
1735416498, 122, 16, 39, 0, 0, 0.17%, 7, 0, 7, 135.10
1735416503, 122, 27, 39, 0, 0, 0.17%, 7, 0, 7, 134.38
1735416508, 123, 11, 39, 0, 0, 0.17%, 7, 0, 7, 144.47
1735416513, 123, 12, 39, 0, 0, 0.17%, 7, 0, 7, 123.53
1735416518, 123, 16, 39, 0, 0, 0.17%, 7, 0, 7, 130.46
1735416523, 123, 27, 39, 0, 0, 0.17%, 7, 0, 7, 137.23
1735416528, 124, 11, 39, 0, 0, 0.17%, 7, 0, 7, 138.50
1735416533, 124, 12, 39, 0, 0, 0.17%, 7, 0, 7, 129.26
1735416538, 124, 16, 39, 0, 0, 0.17%, 7, 0, 7, 126.18
1735416544, 124, 18, 39, 0, 0, 0.17%, 7, 0, 7, 151.49
1735416559, 124, 24, 39, 0, 0, 0.17%, 7, 0, 7, 134.41
1735416564, 124, 27, 39, 0, 0, 0.17%, 7, 0, 7, 137.58
1735416569, 125, 4, 39, 0, 0, 0.17%, 7, 0, 7, 135.49
1735416574, 125, 12, 39, 0, 0, 0.17%, 7, 0, 7, 124.24
1735416580, 125, 16, 39, 0, 0, 0.17%, 7, 0, 7, 124.52
1735416585, 125, 19, 39, 0, 0, 0.17%, 7, 0, 7, 138.28
1735416605, 125, 27, 39, 0, 0, 0.17%, 7, 0, 7, 135.50
1735416610, 125, 30, 39, 0, 0, 0.17%, 7, 0, 7, 131.87
1735416636, 125, 35, 39, 0, 0, 0.17%, 7, 0, 7, 169.13
1735416662, 126, 11, 39, 0, 0, 0.17%, 7, 0, 7, 147.92
1735416667, 126, 12, 39, 0, 0, 0.17%, 7, 0, 7, 136.87
1735416672, 126, 16, 39, 0, 0, 0.17%, 7, 0, 7, 138.15
1735416677, 126, 27, 39, 0, 0, 0.17%, 7, 0, 7, 137.10
1735416682, 127, 11, 39, 0, 0, 0.17%, 7, 0, 7, 136.80
1735416687, 127, 12, 39, 0, 0, 0.17%, 7, 0, 7, 132.05
1735416693, 127, 16, 39, 0, 0, 0.17%, 7, 0, 7, 138.97
1735416698, 127, 27, 39, 0, 0, 0.17%, 7, 0, 7, 137.60
1735416703, 128, 12, 39, 0, 0, 0.17%, 7, 0, 7, 133.93
1735416708, 128, 13, 39, 0, 0, 0.17%, 7, 0, 7, 144.51
1735416713, 128, 16, 39, 0, 0, 0.17%, 7, 0, 7, 130.51
1735416718, 128, 27, 39, 0, 0, 0.17%, 7, 0, 7, 129.76
1735416724, 129, 11, 39, 0, 0, 0.17%, 7, 0, 7, 128.89
1735416729, 129, 12, 39, 0, 0, 0.17%, 7, 0, 7, 129.81
1735416734, 129, 16, 39, 0, 0, 0.17%, 7, 0, 7, 128.57
1735416739, 129, 27, 39, 0, 0, 0.17%, 7, 0, 7, 135.57
1735416744, 130, 11, 39, 0, 0, 0.17%, 7, 0, 7, 144.10
1735416749, 130, 13, 39, 0, 0, 0.17%, 7, 0, 7, 136.11
1735416755, 130, 16, 39, 0, 0, 0.17%, 7, 0, 7, 136.02
1735416765, 130, 27, 39, 0, 0, 0.17%, 7, 0, 7, 140.49
1735416770, 131, 11, 39, 0, 0, 0.17%, 7, 0, 7, 135.18
1735416775, 131, 12, 39, 0, 0, 0.17%, 7, 0, 7, 135.54
1735416780, 131, 16, 39, 0, 0, 0.17%, 7, 0, 7, 136.26
1735416786, 131, 18, 39, 0, 0, 0.17%, 7, 0, 7, 148.60
1735416791, 131, 27, 39, 0, 0, 0.17%, 7, 0, 7, 134.69
1735416801, 131, 37, 39, 0, 0, 0.17%, 7, 0, 7, 141.12
1735416817, 132, 5, 39, 0, 0, 0.17%, 7, 0, 7, 149.16
1735416822, 132, 12, 39, 0, 0, 0.17%, 7, 0, 7, 130.92
1735416827, 132, 16, 39, 0, 0, 0.17%, 7, 0, 7, 130.20
1735416832, 132, 19, 39, 0, 0, 0.17%, 7, 0, 7, 142.31
1735416842, 132, 27, 39, 0, 0, 0.17%, 7, 0, 7, 134.53
1735416847, 133, 4, 39, 0, 0, 0.17%, 7, 0, 7, 127.83
1735416852, 133, 12, 39, 0, 0, 0.17%, 7, 0, 7, 126.67
1735416858, 133, 16, 39, 0, 0, 0.17%, 7, 0, 7, 135.39
1735416863, 133, 27, 39, 0, 0, 0.17%, 7, 0, 7, 132.24
1735416868, 133, 32, 39, 0, 0, 0.17%, 7, 0, 7, 145.57
1735416873, 134, 2, 39, 0, 0, 0.17%, 7, 0, 7, 153.72
1735416878, 134, 12, 39, 0, 0, 0.17%, 7, 0, 7, 135.78
1735416883, 134, 16, 39, 0, 0, 0.17%, 7, 0, 7, 130.63
1735416888, 134, 27, 39, 0, 0, 0.17%, 7, 0, 7, 132.05
1735416894, 135, 11, 39, 0, 0, 0.17%, 7, 0, 7, 137.43
1735416899, 135, 12, 39, 0, 0, 0.17%, 7, 0, 7, 131.43
1735416904, 135, 16, 39, 0, 0, 0.17%, 7, 0, 7, 129.65
1735416909, 135, 22, 39, 0, 0, 0.17%, 7, 0, 7, 141.52
1735416919, 135, 27, 39, 0, 0, 0.17%, 7, 0, 7, 127.40
1735416924, 136, 11, 39, 0, 0, 0.17%, 7, 0, 7, 128.89
1735416929, 136, 12, 39, 0, 0, 0.17%, 7, 0, 7, 135.70
1735416935, 136, 14, 39, 0, 0, 0.17%, 7, 0, 7, 133.79
1735416945, 136, 16, 39, 0, 0, 0.17%, 7, 0, 7, 129.88
1735416950, 136, 27, 39, 0, 0, 0.17%, 7, 0, 7, 139.46
1735416955, 136, 31, 39, 0, 0, 0.17%, 7, 0, 7, 142.70
1735416966, 137, 12, 39, 0, 0, 0.17%, 7, 0, 7, 132.06
1735416971, 137, 16, 39, 0, 0, 0.17%, 7, 0, 7, 127.36
1735416976, 137, 27, 39, 0, 0, 0.17%, 7, 0, 7, 130.90
1735416981, 137, 37, 39, 0, 0, 0.17%, 7, 0, 7, 138.00
1735416986, 138, 2, 39, 0, 0, 0.17%, 7, 0, 7, 146.46
1735416991, 138, 11, 39, 0, 0, 0.17%, 7, 0, 7, 133.54
1735416996, 138, 12, 39, 0, 0, 0.17%, 7, 0, 7, 129.25
1735417002, 138, 16, 39, 0, 0, 0.17%, 7, 0, 7, 130.99
1735417007, 138, 20, 39, 0, 0, 0.17%, 7, 0, 7, 161.28
1735417027, 138, 27, 39, 0, 0, 0.17%, 7, 0, 7, 120.78
1735417032, 139, 11, 39, 0, 0, 0.17%, 7, 0, 7, 130.85
1735417037, 139, 12, 39, 0, 0, 0.17%, 7, 0, 7, 134.65
1735417042, 139, 16, 39, 0, 0, 0.17%, 7, 0, 7, 130.29
1735417047, 139, 27, 39, 0, 0, 0.17%, 7, 0, 7, 136.48
1735417053, 139, 28, 39, 0, 0, 0.17%, 7, 0, 7, 137.59
1735417058, 140, 11, 39, 0, 0, 0.17%, 7, 0, 7, 136.39
1735417063, 140, 12, 39, 0, 0, 0.17%, 7, 0, 7, 135.55
1735417068, 140, 16, 39, 0, 0, 0.17%, 7, 0, 7, 133.21
1735417073, 140, 27, 39, 0, 0, 0.17%, 7, 0, 7, 134.90
1735417078, 141, 11, 39, 0, 0, 0.17%, 7, 0, 7, 129.17
1735417083, 141, 12, 39, 0, 0, 0.17%, 7, 0, 7, 129.11
1735417088, 141, 16, 39, 0, 0, 0.17%, 7, 0, 7, 124.26
1735417094, 141, 21, 39, 0, 0, 0.17%, 7, 0, 7, 151.72
1735417104, 141, 27, 39, 0, 0, 0.17%, 7, 0, 7, 135.51
1735417109, 141, 32, 39, 0, 0, 0.17%, 7, 0, 7, 140.02
1735417114, 142, 6, 39, 0, 0, 0.17%, 7, 0, 7, 131.82
1735417119, 142, 12, 39, 0, 0, 0.17%, 7, 0, 7, 131.01
1735417125, 142, 16, 39, 0, 0, 0.17%, 7, 0, 7, 128.84
1735417130, 142, 27, 39, 0, 0, 0.17%, 7, 0, 7, 125.69
1735417135, 143, 11, 39, 0, 0, 0.17%, 7, 0, 7, 133.45
1735417140, 143, 12, 39, 0, 0, 0.17%, 7, 0, 7, 137.62
1735417145, 143, 16, 39, 0, 0, 0.17%, 7, 0, 7, 133.72
1735417150, 143, 27, 39, 0, 0, 0.17%, 7, 0, 7, 142.84
1735417156, 144, 11, 39, 0, 0, 0.17%, 7, 0, 7, 139.72
1735417161, 144, 12, 39, 0, 0, 0.17%, 7, 0, 7, 134.41
1735417166, 144, 16, 39, 0, 0, 0.17%, 7, 0, 7, 133.24
1735417171, 144, 27, 39, 0, 0, 0.17%, 7, 0, 7, 133.93
1735417176, 145, 12, 39, 0, 0, 0.17%, 7, 0, 7, 128.63
1735417181, 145, 16, 39, 0, 0, 0.17%, 7, 0, 7, 128.99
1735417186, 145, 22, 39, 0, 0, 0.17%, 7, 0, 7, 136.14
1735417191, 145, 27, 39, 0, 0, 0.17%, 7, 0, 7, 126.27
1735417196, 146, 5, 39, 0, 0, 0.17%, 7, 0, 7, 134.95
1735417202, 146, 11, 39, 0, 0, 0.17%, 7, 0, 7, 135.21
1735417207, 146, 12, 39, 0, 0, 0.17%, 7, 0, 7, 132.37
1735417212, 146, 15, 39, 0, 0, 0.17%, 7, 0, 7, 130.15
1735417232, 146, 16, 39, 0, 0, 0.17%, 7, 0, 7, 136.35
1735417237, 146, 27, 39, 0, 0, 0.17%, 7, 0, 7, 135.56
1735417243, 146, 36, 39, 0, 0, 0.17%, 7, 0, 7, 143.99
1735417248, 147, 0, 39, 0, 0, 0.17%, 7, 0, 7, 129.59
1735417253, 147, 12, 39, 0, 0, 0.17%, 7, 0, 7, 131.06
1735417258, 147, 16, 39, 0, 0, 0.17%, 7, 0, 7, 132.74
1735417263, 147, 25, 39, 0, 0, 0.17%, 7, 0, 7, 146.21
1735417268, 147, 27, 39, 0, 0, 0.17%, 7, 0, 7, 134.51
1735417273, 148, 4, 39, 0, 0, 0.17%, 7, 0, 7, 134.22
1735417278, 148, 12, 39, 0, 0, 0.17%, 7, 0, 7, 125.25
1735417284, 148, 16, 39, 0, 0, 0.17%, 7, 0, 7, 125.57
1735417289, 148, 19, 39, 0, 0, 0.17%, 7, 0, 7, 138.74
1735417299, 148, 27, 39, 0, 0, 0.17%, 7, 0, 7, 131.88
1735417304, 149, 7, 39, 0, 0, 0.17%, 7, 0, 7, 132.50
1735417309, 149, 12, 39, 0, 0, 0.17%, 7, 0, 7, 126.73
1735417314, 149, 16, 39, 0, 0, 0.17%, 7, 0, 7, 131.77
1735417320, 149, 18, 39, 0, 0, 0.17%, 7, 0, 7, 155.10
1735417330, 149, 27, 39, 0, 0, 0.17%, 7, 0, 7, 134.36
1735417335, 150, 11, 39, 0, 0, 0.17%, 7, 0, 7, 134.07
1735417340, 150, 12, 39, 0, 0, 0.17%, 7, 0, 7, 135.67
1735417345, 150, 16, 39, 0, 0, 0.17%, 7, 0, 7, 138.72
1735417351, 150, 23, 39, 0, 0, 0.17%, 7, 0, 7, 139.27
1735417356, 150, 24, 39, 0, 0, 0.17%, 7, 0, 7, 133.36
1735417361, 150, 27, 39, 0, 0, 0.17%, 7, 0, 7, 133.09
1735417366, 151, 12, 39, 0, 0, 0.17%, 7, 0, 7, 130.33
1735417371, 151, 16, 39, 0, 0, 0.17%, 7, 0, 7, 122.01
1735417377, 151, 27, 39, 0, 0, 0.17%, 7, 0, 7, 131.88
1735417382, 152, 11, 39, 0, 0, 0.17%, 7, 0, 7, 128.85
1735417387, 152, 12, 39, 0, 0, 0.17%, 7, 0, 7, 121.80
1735417392, 152, 16, 39, 0, 0, 0.17%, 7, 0, 7, 131.14
1735417397, 152, 27, 39, 0, 0, 0.17%, 7, 0, 7, 129.24
1735417402, 153, 12, 39, 0, 0, 0.17%, 7, 0, 7, 135.53
1735417407, 153, 15, 39, 0, 0, 0.17%, 7, 0, 7, 140.08
1735417423, 153, 16, 39, 0, 0, 0.17%, 7, 0, 7, 133.08
1735417428, 153, 19, 39, 0, 0, 0.17%, 7, 0, 7, 138.68
1735417433, 153, 26, 39, 0, 0, 0.17%, 7, 0, 7, 141.51
1735417438, 153, 28, 39, 0, 0, 0.17%, 7, 0, 7, 144.07
1735417448, 154, 12, 39, 0, 0, 0.17%, 7, 0, 7, 136.48
1735417454, 154, 16, 39, 0, 0, 0.17%, 7, 0, 7, 131.40
1735417464, 154, 18, 39, 0, 0, 0.17%, 7, 0, 7, 136.82
1735417469, 154, 27, 39, 0, 0, 0.17%, 7, 0, 7, 135.08
1735417474, 155, 12, 39, 0, 0, 0.17%, 7, 0, 7, 128.78
1735417479, 155, 16, 39, 0, 0, 0.17%, 7, 0, 7, 128.42
1735417484, 155, 19, 39, 0, 0, 0.17%, 7, 0, 7, 137.77
1735417490, 155, 27, 39, 0, 0, 0.17%, 7, 0, 7, 131.95
1735417495, 156, 12, 39, 0, 0, 0.17%, 7, 0, 7, 132.10
1735417500, 156, 16, 39, 0, 0, 0.17%, 7, 0, 7, 128.97
1735417510, 156, 25, 39, 0, 0, 0.17%, 7, 0, 7, 134.84
1735417515, 156, 27, 39, 0, 0, 0.17%, 7, 0, 7, 136.02
1735417520, 156, 32, 39, 0, 0, 0.17%, 7, 0, 7, 133.76
1735417526, 156, 35, 39, 0, 0, 0.17%, 7, 0, 7, 140.85
1735417556, 157, 11, 39, 0, 0, 0.17%, 7, 0, 7, 126.20
1735417561, 157, 12, 39, 0, 0, 0.17%, 7, 0, 7, 132.59
1735417566, 157, 16, 39, 0, 0, 0.17%, 7, 0, 7, 135.75
1735417572, 157, 27, 39, 0, 0, 0.17%, 7, 0, 7, 127.28
1735417577, 157, 36, 39, 0, 0, 0.17%, 7, 0, 7, 145.31
1735417582, 158, 11, 39, 0, 0, 0.17%, 7, 0, 7, 134.88
1735417587, 158, 12, 39, 0, 0, 0.17%, 7, 0, 7, 127.57
1735417592, 158, 16, 39, 0, 0, 0.17%, 7, 0, 7, 123.45
1735417598, 158, 27, 39, 0, 0, 0.17%, 7, 0, 7, 127.83
1735417603, 158, 28, 39, 0, 0, 0.17%, 7, 0, 7, 127.89
1735417608, 158, 31, 39, 0, 0, 0.17%, 7, 0, 7, 132.94
1735417613, 159, 12, 39, 0, 0, 0.17%, 7, 0, 7, 133.97
1735417618, 159, 16, 39, 0, 0, 0.17%, 7, 0, 7, 138.48
1735417623, 159, 27, 39, 0, 0, 0.17%, 7, 0, 7, 133.82
1735417634, 160, 12, 39, 0, 0, 0.17%, 7, 0, 7, 128.77
1735417639, 160, 16, 39, 0, 0, 0.17%, 7, 0, 7, 139.45
1735417644, 160, 22, 39, 0, 0, 0.17%, 7, 0, 7, 137.44
1735417649, 160, 25, 39, 0, 0, 0.17%, 7, 0, 7, 141.01
1735417655, 160, 27, 39, 0, 0, 0.17%, 7, 0, 7, 129.41
1735417660, 161, 5, 39, 0, 0, 0.17%, 7, 0, 7, 129.58
1735417665, 161, 12, 39, 0, 0, 0.17%, 7, 0, 7, 125.01
1735417670, 161, 16, 39, 0, 0, 0.17%, 7, 0, 7, 128.89
1735417675, 161, 20, 39, 0, 0, 0.17%, 7, 0, 7, 150.69
1735417686, 161, 27, 39, 0, 0, 0.17%, 7, 0, 7, 128.45
1735417691, 161, 30, 39, 0, 0, 0.17%, 7, 0, 7, 126.31
1735417701, 162, 11, 39, 0, 0, 0.17%, 7, 0, 7, 130.21
1735417706, 162, 12, 39, 0, 0, 0.17%, 7, 0, 7, 119.35
1735417711, 162, 15, 39, 0, 0, 0.17%, 7, 0, 7, 131.42
1735417722, 162, 16, 39, 0, 0, 0.17%, 7, 0, 7, 144.52
1735417727, 162, 27, 39, 0, 0, 0.17%, 7, 0, 7, 146.30
1735417732, 163, 12, 39, 0, 0, 0.17%, 7, 0, 7, 129.43
1735417737, 163, 16, 39, 0, 0, 0.17%, 7, 0, 7, 135.58
1735417742, 163, 27, 39, 0, 0, 0.17%, 7, 0, 7, 135.16
1735417747, 164, 12, 39, 0, 0, 0.17%, 7, 0, 7, 132.74
1735417753, 164, 16, 39, 0, 0, 0.17%, 7, 0, 7, 128.07
1735417758, 164, 27, 39, 0, 0, 0.17%, 7, 0, 7, 131.65
1735417763, 164, 32, 39, 0, 0, 0.17%, 7, 0, 7, 138.69
1735417773, 165, 12, 39, 0, 0, 0.17%, 7, 0, 7, 130.13
1735417778, 165, 16, 39, 0, 0, 0.17%, 7, 0, 7, 135.61
1735417788, 165, 20, 39, 0, 0, 0.17%, 7, 0, 7, 146.49
1735417793, 165, 27, 39, 0, 0, 0.17%, 7, 0, 7, 139.09
1735417804, 165, 33, 39, 0, 0, 0.17%, 7, 0, 7, 135.52
1735417809, 165, 35, 39, 0, 0, 0.17%, 7, 0, 7, 142.81
1735417814, 166, 11, 39, 0, 0, 0.17%, 7, 0, 7, 140.72
1735417819, 166, 12, 39, 0, 0, 0.17%, 7, 0, 7, 129.78
1735417824, 166, 16, 39, 0, 0, 0.17%, 7, 0, 7, 136.38
1735417829, 166, 19, 39, 0, 0, 0.17%, 7, 0, 7, 144.23
1735417835, 166, 27, 39, 0, 0, 0.17%, 7, 0, 7, 129.68
1735417840, 166, 36, 39, 0, 0, 0.17%, 7, 0, 7, 148.81
1735417845, 166, 37, 39, 0, 0, 0.17%, 7, 0, 7, 144.34
1735417850, 166, 38, 39, 0, 0, 0.17%, 7, 0, 7, 139.78
1735417875, 167, 12, 39, 0, 0, 0.17%, 7, 0, 7, 124.71
1735417881, 167, 16, 39, 0, 0, 0.17%, 7, 0, 7, 127.71
1735417886, 167, 20, 39, 0, 0, 0.17%, 7, 0, 7, 145.16
1735417891, 167, 22, 39, 0, 0, 0.17%, 7, 0, 7, 139.88
