# unix_time, cycles_done, cur_path, paths_total, pending_total, pending_favs, map_size, unique_crashes, unique_hangs, max_depth, execs_per_sec
1734996887, 0, 0, 10, 10, 1, 0.01%, 0, 0, 1, 82.99
1734996892, 0, 2, 10, 10, 1, 0.01%, 0, 0, 1, 104.78
1734996897, 0, 3, 10, 9, 1, 0.01%, 0, 0, 1, 102.42
1734996907, 0, 4, 10, 8, 0, 0.01%, 0, 0, 1, 103.47
1734996917, 0, 5, 10, 7, 0, 0.01%, 0, 0, 1, 101.48
1734996927, 0, 6, 10, 6, 0, 0.01%, 0, 0, 1, 100.20
1734996938, 0, 7, 10, 5, 0, 0.01%, 0, 0, 1, 98.78
1734996948, 0, 8, 10, 4, 0, 0.01%, 0, 0, 1, 95.29
1734996958, 0, 9, 10, 3, 0, 0.01%, 0, 0, 1, 94.93
1734996968, 1, 0, 10, 2, 0, 0.01%, 0, 0, 1, 94.43
1734996984, 1, 1, 10, 1, 0, 0.01%, 0, 0, 1, 107.42
1734996994, 1, 2, 10, 0, 0, 0.01%, 0, 0, 1, 104.13
1734996999, 1, 4, 10, 0, 0, 0.01%, 0, 0, 1, 103.96
1734997004, 1, 5, 11, 1, 0, 0.16%, 1, 0, 2, 102.41
1734997009, 1, 10, 13, 3, 1, 0.16%, 3, 0, 3, 129.92
1734997050, 1, 11, 13, 2, 2, 0.16%, 3, 0, 3, 136.61
1734997081, 1, 11, 14, 3, 2, 0.17%, 4, 0, 4, 110.59
1734997091, 1, 11, 15, 4, 2, 0.17%, 4, 0, 4, 108.62
1734997106, 1, 11, 16, 5, 2, 0.17%, 4, 0, 4, 109.46
1734997177, 1, 12, 16, 4, 2, 0.17%, 4, 0, 4, 132.13
1734997208, 1, 13, 17, 4, 1, 0.17%, 5, 0, 5, 137.65
1734997213, 1, 13, 18, 5, 1, 0.17%, 5, 0, 5, 122.68
1734997279, 1, 13, 19, 6, 1, 0.17%, 5, 0, 5, 115.16
1734997371, 1, 16, 19, 5, 1, 0.17%, 5, 0, 5, 148.83
1734997396, 1, 16, 20, 6, 1, 0.17%, 5, 0, 6, 112.47
1734997422, 1, 16, 21, 7, 1, 0.17%, 5, 0, 6, 115.62
1734997518, 1, 16, 22, 8, 1, 0.17%, 5, 0, 6, 112.00
1734997524, 1, 16, 24, 10, 1, 0.17%, 5, 0, 6, 120.80
1734997534, 1, 19, 24, 9, 0, 0.17%, 5, 0, 6, 152.89
1734997544, 1, 19, 25, 10, 0, 0.17%, 5, 0, 7, 126.52
1734997591, 1, 19, 27, 12, 0, 0.17%, 5, 0, 7, 121.82
1734997606, 1, 20, 27, 11, 0, 0.17%, 5, 0, 7, 210.58
1734997621, 1, 20, 28, 12, 0, 0.17%, 5, 0, 7, 127.42
1734997632, 1, 20, 29, 13, 0, 0.17%, 5, 0, 7, 136.14
1734997647, 1, 20, 30, 14, 0, 0.17%, 5, 0, 7, 133.19
1734997725, 1, 21, 30, 13, 0, 0.17%, 5, 0, 7, 115.53
1734997740, 1, 21, 31, 14, 0, 0.17%, 5, 0, 7, 123.74
1734997802, 1, 26, 31, 13, 0, 0.17%, 5, 0, 7, 151.53
1734997848, 1, 27, 31, 12, 0, 0.17%, 5, 0, 7, 229.94
1734997888, 1, 27, 32, 13, 0, 0.17%, 6, 0, 8, 245.75
1734997893, 1, 27, 33, 14, 0, 0.17%, 6, 0, 8, 238.32
1734998006, 1, 27, 34, 15, 0, 0.17%, 6, 0, 8, 159.99
1734998016, 1, 27, 35, 16, 0, 0.17%, 6, 0, 8, 179.24
1734998021, 1, 27, 36, 17, 0, 0.17%, 6, 0, 8, 182.87
1734998082, 1, 29, 36, 16, 0, 0.17%, 6, 0, 8, 187.35
1734998200, 1, 33, 36, 15, 0, 0.17%, 6, 0, 8, 183.44
1734998276, 2, 3, 36, 14, 0, 0.17%, 6, 0, 8, 128.93
1734998281, 2, 7, 36, 14, 0, 0.17%, 6, 0, 8, 131.57
1734998287, 2, 12, 36, 14, 0, 0.17%, 6, 0, 8, 134.75
1734998292, 2, 13, 36, 14, 0, 0.17%, 6, 0, 8, 136.86
1734998297, 2, 14, 36, 14, 0, 0.17%, 6, 0, 8, 148.16
1734998327, 2, 16, 36, 13, 0, 0.17%, 6, 0, 8, 133.20
1734998333, 2, 17, 36, 13, 0, 0.17%, 6, 0, 8, 134.72
1734998369, 2, 25, 36, 12, 0, 0.17%, 6, 0, 8, 180.72
1734998415, 2, 30, 36, 11, 0, 0.17%, 6, 0, 8, 162.57
1734998487, 2, 30, 37, 12, 0, 0.17%, 6, 0, 8, 128.68
1734998538, 2, 35, 37, 11, 0, 0.17%, 6, 0, 8, 195.45
1734998644, 2, 36, 37, 10, 0, 0.17%, 6, 0, 8, 210.10
1734998715, 2, 36, 38, 11, 0, 0.17%, 6, 0, 9, 140.79
1734998721, 3, 13, 38, 10, 0, 0.17%, 6, 0, 9, 146.82
1734998726, 3, 16, 38, 10, 0, 0.17%, 6, 0, 9, 143.31
1734998731, 3, 22, 38, 10, 0, 0.17%, 6, 0, 9, 140.53
1734998772, 3, 34, 38, 9, 0, 0.17%, 6, 0, 9, 169.20
1734999105, 4, 12, 38, 8, 0, 0.17%, 6, 0, 9, 134.95
1734999110, 4, 13, 38, 8, 0, 0.17%, 6, 0, 9, 138.22
1734999115, 4, 16, 38, 8, 0, 0.17%, 6, 0, 9, 130.68
1734999120, 4, 24, 38, 8, 0, 0.17%, 6, 0, 9, 200.45
1734999146, 5, 0, 38, 7, 0, 0.17%, 6, 0, 9, 132.54
1734999151, 5, 13, 38, 7, 0, 0.17%, 6, 0, 9, 137.24
1734999156, 5, 15, 38, 7, 0, 0.17%, 6, 0, 9, 178.09
1734999192, 5, 16, 38, 6, 0, 0.17%, 6, 0, 9, 139.96
1734999197, 5, 28, 38, 6, 0, 0.17%, 6, 0, 9, 206.23
1734999248, 6, 12, 38, 5, 0, 0.17%, 6, 0, 9, 140.24
1734999253, 6, 13, 38, 5, 0, 0.17%, 6, 0, 9, 135.98
1734999258, 6, 16, 38, 5, 0, 0.17%, 6, 0, 9, 135.71
1734999264, 6, 23, 38, 5, 0, 0.17%, 6, 0, 9, 208.83
1734999314, 6, 31, 38, 4, 0, 0.17%, 6, 0, 9, 184.38
1734999492, 6, 33, 38, 3, 0, 0.17%, 6, 0, 9, 145.72
1734999502, 7, 7, 38, 3, 0, 0.17%, 6, 0, 9, 141.56
1734999507, 7, 13, 38, 3, 0, 0.17%, 6, 0, 9, 136.23
1734999513, 7, 16, 38, 3, 0, 0.17%, 6, 0, 9, 137.62
1734999518, 7, 32, 38, 3, 0, 0.17%, 6, 0, 9, 162.90
1734999716, 8, 8, 38, 2, 0, 0.17%, 6, 0, 9, 135.62
1734999721, 8, 13, 38, 2, 0, 0.17%, 6, 0, 9, 132.46
1734999726, 8, 16, 38, 2, 0, 0.17%, 6, 0, 9, 134.93
1734999731, 8, 18, 38, 2, 0, 0.17%, 6, 0, 9, 173.84
1734999772, 8, 20, 38, 1, 0, 0.17%, 6, 0, 9, 143.21
1734999782, 8, 34, 38, 1, 0, 0.17%, 6, 0, 9, 170.81
1734999793, 9, 10, 38, 1, 0, 0.17%, 6, 0, 9, 143.85
1734999798, 9, 13, 38, 1, 0, 0.17%, 6, 0, 9, 138.09
1734999808, 9, 16, 38, 1, 0, 0.17%, 6, 0, 9, 132.13
1734999813, 9, 37, 38, 1, 0, 0.17%, 6, 0, 9, 233.87
1734999879, 9, 37, 39, 2, 0, 0.17%, 7, 0, 10, 173.13
1734999930, 10, 13, 39, 1, 0, 0.17%, 7, 0, 10, 137.54
1734999935, 10, 16, 39, 1, 0, 0.17%, 7, 0, 10, 135.71
1734999940, 10, 32, 39, 1, 0, 0.17%, 7, 0, 10, 138.68
1734999955, 11, 12, 39, 1, 0, 0.17%, 7, 0, 10, 136.74
1734999961, 11, 14, 39, 1, 0, 0.17%, 7, 0, 10, 141.24
1734999966, 11, 16, 39, 1, 0, 0.17%, 7, 0, 10, 143.59
1734999971, 11, 34, 39, 1, 0, 0.17%, 7, 0, 10, 156.69
1734999986, 12, 13, 39, 1, 0, 0.17%, 7, 0, 10, 130.95
1734999992, 12, 16, 39, 1, 0, 0.17%, 7, 0, 10, 133.15
1734999997, 12, 23, 39, 1, 0, 0.17%, 7, 0, 10, 147.20
1735000007, 13, 13, 39, 1, 0, 0.17%, 7, 0, 10, 133.53
1735000012, 13, 16, 39, 1, 0, 0.17%, 7, 0, 10, 135.61
1735000017, 14, 4, 39, 1, 0, 0.17%, 7, 0, 10, 139.87
1735000022, 14, 12, 39, 1, 0, 0.17%, 7, 0, 10, 134.14
1735000028, 14, 13, 39, 1, 0, 0.17%, 7, 0, 10, 141.34
1735000033, 14, 16, 39, 1, 0, 0.17%, 7, 0, 10, 141.12
1735000038, 15, 13, 39, 1, 0, 0.17%, 7, 0, 10, 137.21
1735000043, 15, 16, 39, 1, 0, 0.17%, 7, 0, 10, 140.98
1735000048, 15, 21, 39, 1, 0, 0.17%, 7, 0, 10, 135.09
1735000053, 16, 13, 39, 1, 0, 0.17%, 7, 0, 10, 137.59
1735000058, 16, 16, 39, 1, 0, 0.17%, 7, 0, 10, 130.73
1735000064, 16, 27, 39, 1, 0, 0.17%, 7, 0, 10, 142.28
1735000074, 16, 38, 39, 1, 0, 0.17%, 7, 0, 10, 225.37
1735000217, 17, 6, 39, 0, 0, 0.17%, 7, 0, 10, 135.94
1735000222, 17, 13, 39, 0, 0, 0.17%, 7, 0, 10, 136.50
1735000227, 17, 16, 39, 0, 0, 0.17%, 7, 0, 10, 134.39
1735000233, 17, 17, 39, 0, 0, 0.17%, 7, 0, 10, 133.65
1735000238, 18, 12, 39, 0, 0, 0.17%, 7, 0, 10, 138.55
1735000243, 18, 13, 39, 0, 0, 0.17%, 7, 0, 10, 132.64
1735000248, 18, 16, 39, 0, 0, 0.17%, 7, 0, 10, 130.44
1735000253, 19, 12, 39, 0, 0, 0.17%, 7, 0, 10, 131.81
1735000258, 19, 13, 39, 0, 0, 0.17%, 7, 0, 10, 135.96
1735000264, 19, 16, 39, 0, 0, 0.17%, 7, 0, 10, 132.70
1735000269, 20, 12, 39, 0, 0, 0.17%, 7, 0, 10, 136.24
1735000274, 20, 13, 39, 0, 0, 0.17%, 7, 0, 10, 140.71
1735000279, 20, 16, 39, 0, 0, 0.17%, 7, 0, 10, 142.24
1735000284, 20, 18, 39, 0, 0, 0.17%, 7, 0, 10, 136.80
1735000289, 20, 23, 39, 0, 0, 0.17%, 7, 0, 10, 145.31
1735000294, 20, 30, 39, 0, 0, 0.17%, 7, 0, 10, 144.49
1735000300, 20, 34, 39, 0, 0, 0.17%, 7, 0, 10, 164.68
1735000310, 20, 36, 39, 0, 0, 0.17%, 7, 0, 10, 158.72
1735000335, 21, 13, 39, 0, 0, 0.17%, 7, 0, 10, 134.33
1735000340, 21, 16, 39, 0, 0, 0.17%, 7, 0, 10, 135.38
1735000345, 21, 38, 39, 0, 0, 0.17%, 7, 0, 10, 151.09
1735000376, 22, 13, 39, 0, 0, 0.17%, 7, 0, 10, 139.63
1735000381, 22, 16, 39, 0, 0, 0.17%, 7, 0, 10, 134.19
1735000387, 22, 20, 39, 0, 0, 0.17%, 7, 0, 10, 139.75
1735000397, 23, 13, 39, 0, 0, 0.17%, 7, 0, 10, 138.53
1735000402, 23, 16, 39, 0, 0, 0.17%, 7, 0, 10, 136.48
1735000407, 23, 28, 39, 0, 0, 0.17%, 7, 0, 10, 145.35
1735000418, 23, 37, 39, 0, 0, 0.17%, 7, 0, 10, 167.46
1735000438, 24, 13, 39, 0, 0, 0.17%, 7, 0, 10, 135.50
1735000443, 24, 16, 39, 0, 0, 0.17%, 7, 0, 10, 140.12
1735000448, 25, 7, 39, 0, 0, 0.17%, 7, 0, 10, 141.88
1735000454, 25, 13, 39, 0, 0, 0.17%, 7, 0, 10, 136.75
1735000459, 25, 16, 39, 0, 0, 0.17%, 7, 0, 10, 130.30
1735000464, 25, 21, 39, 0, 0, 0.17%, 7, 0, 10, 137.17
1735000469, 25, 30, 39, 0, 0, 0.17%, 7, 0, 10, 140.00
1735000474, 26, 7, 39, 0, 0, 0.17%, 7, 0, 10, 137.92
1735000479, 26, 13, 39, 0, 0, 0.17%, 7, 0, 10, 136.52
1735000485, 26, 16, 39, 0, 0, 0.17%, 7, 0, 10, 133.97
1735000490, 27, 3, 39, 0, 0, 0.17%, 7, 0, 10, 130.13
1735000495, 27, 13, 39, 0, 0, 0.17%, 7, 0, 10, 135.47
1735000500, 27, 16, 39, 0, 0, 0.17%, 7, 0, 10, 133.89
1735000505, 28, 12, 39, 0, 0, 0.17%, 7, 0, 10, 133.75
1735000510, 28, 13, 39, 0, 0, 0.17%, 7, 0, 10, 134.92
1735000516, 28, 15, 39, 0, 0, 0.17%, 7, 0, 10, 143.91
1735000521, 28, 16, 39, 0, 0, 0.17%, 7, 0, 10, 134.23
1735000526, 28, 26, 39, 0, 0, 0.17%, 7, 0, 10, 129.46
1735000531, 29, 13, 39, 0, 0, 0.17%, 7, 0, 10, 139.25
1735000536, 29, 16, 39, 0, 0, 0.17%, 7, 0, 10, 134.81
1735000541, 30, 12, 39, 0, 0, 0.17%, 7, 0, 10, 136.82
1735000546, 30, 13, 39, 0, 0, 0.17%, 7, 0, 10, 133.56
1735000552, 30, 16, 39, 0, 0, 0.17%, 7, 0, 10, 138.75
1735000557, 31, 13, 39, 0, 0, 0.17%, 7, 0, 10, 141.53
1735000562, 31, 14, 39, 0, 0, 0.17%, 7, 0, 10, 136.32
1735000567, 31, 16, 39, 0, 0, 0.17%, 7, 0, 10, 138.79
1735000572, 31, 18, 39, 0, 0, 0.17%, 7, 0, 10, 140.79
1735000577, 31, 29, 39, 0, 0, 0.17%, 7, 0, 10, 144.05
1735000587, 31, 32, 39, 0, 0, 0.17%, 7, 0, 10, 147.94
1735000598, 32, 7, 39, 0, 0, 0.17%, 7, 0, 10, 132.26
1735000603, 32, 13, 39, 0, 0, 0.17%, 7, 0, 10, 133.50
1735000608, 32, 16, 39, 0, 0, 0.17%, 7, 0, 10, 139.24
1735000613, 33, 8, 39, 0, 0, 0.17%, 7, 0, 10, 134.86
1735000618, 33, 13, 39, 0, 0, 0.17%, 7, 0, 10, 134.84
1735000623, 33, 16, 39, 0, 0, 0.17%, 7, 0, 10, 141.24
1735000628, 34, 12, 39, 0, 0, 0.17%, 7, 0, 10, 140.50
1735000633, 34, 13, 39, 0, 0, 0.17%, 7, 0, 10, 131.61
1735000639, 34, 16, 39, 0, 0, 0.17%, 7, 0, 10, 138.24
1735000644, 34, 21, 39, 0, 0, 0.17%, 7, 0, 10, 132.48
1735000649, 34, 31, 39, 0, 0, 0.17%, 7, 0, 10, 152.45
1735000654, 35, 3, 39, 0, 0, 0.17%, 7, 0, 10, 141.62
1735000659, 35, 12, 39, 0, 0, 0.17%, 7, 0, 10, 138.46
1735000664, 35, 13, 39, 0, 0, 0.17%, 7, 0, 10, 138.81
1735000670, 35, 16, 39, 0, 0, 0.17%, 7, 0, 10, 142.20
1735000675, 36, 11, 39, 0, 0, 0.17%, 7, 0, 10, 137.93
1735000680, 36, 13, 39, 0, 0, 0.17%, 7, 0, 10, 139.41
1735000685, 36, 16, 39, 0, 0, 0.17%, 7, 0, 10, 137.54
1735000690, 36, 33, 39, 0, 0, 0.17%, 7, 0, 10, 145.26
1735000706, 37, 13, 39, 0, 0, 0.17%, 7, 0, 10, 137.92
1735000711, 37, 16, 39, 0, 0, 0.17%, 7, 0, 10, 132.97
1735000716, 37, 31, 39, 0, 0, 0.17%, 7, 0, 10, 138.81
1735000726, 37, 38, 39, 0, 0, 0.17%, 7, 0, 10, 163.35
1735000741, 38, 13, 39, 0, 0, 0.17%, 7, 0, 10, 137.44
1735000747, 38, 16, 39, 0, 0, 0.17%, 7, 0, 10, 139.15
1735000752, 38, 20, 39, 0, 0, 0.17%, 7, 0, 10, 143.76
1735000762, 38, 26, 39, 0, 0, 0.17%, 7, 0, 10, 152.71
1735000767, 39, 12, 39, 0, 0, 0.17%, 7, 0, 10, 136.41
1735000772, 39, 13, 39, 0, 0, 0.17%, 7, 0, 10, 142.86
1735000778, 39, 16, 39, 0, 0, 0.17%, 7, 0, 10, 141.99
1735000783, 40, 12, 39, 0, 0, 0.17%, 7, 0, 10, 141.76
1735000788, 40, 13, 39, 0, 0, 0.17%, 7, 0, 10, 136.42
1735000793, 40, 16, 39, 0, 0, 0.17%, 7, 0, 10, 137.52
1735000798, 40, 25, 39, 0, 0, 0.17%, 7, 0, 10, 144.06
1735000803, 40, 27, 39, 0, 0, 0.17%, 7, 0, 10, 152.52
1735000814, 41, 9, 39, 0, 0, 0.17%, 7, 0, 10, 135.52
1735000819, 41, 13, 39, 0, 0, 0.17%, 7, 0, 10, 131.10
1735000824, 41, 16, 39, 0, 0, 0.17%, 7, 0, 10, 135.28
1735000829, 41, 17, 39, 0, 0, 0.17%, 7, 0, 10, 138.52
1735000834, 41, 24, 39, 0, 0, 0.17%, 7, 0, 10, 140.10
1735000839, 41, 33, 39, 0, 0, 0.17%, 7, 0, 10, 148.88
1735000850, 42, 12, 39, 0, 0, 0.17%, 7, 0, 10, 137.68
1735000855, 42, 13, 39, 0, 0, 0.17%, 7, 0, 10, 135.55
1735000860, 42, 16, 39, 0, 0, 0.17%, 7, 0, 10, 139.30
1735000865, 42, 20, 39, 0, 0, 0.17%, 7, 0, 10, 139.66
1735000870, 42, 23, 39, 0, 0, 0.17%, 7, 0, 10, 144.42
1735000881, 43, 13, 39, 0, 0, 0.17%, 7, 0, 10, 136.94
1735000886, 43, 14, 39, 0, 0, 0.17%, 7, 0, 10, 134.58
1735000891, 43, 15, 39, 0, 0, 0.17%, 7, 0, 10, 144.59
1735000896, 43, 16, 39, 0, 0, 0.17%, 7, 0, 10, 143.01
1735000901, 43, 24, 39, 0, 0, 0.17%, 7, 0, 10, 146.03
1735000906, 43, 25, 39, 0, 0, 0.17%, 7, 0, 10, 149.69
1735000917, 44, 12, 39, 0, 0, 0.17%, 7, 0, 10, 135.51
1735000922, 44, 13, 39, 0, 0, 0.17%, 7, 0, 10, 139.11
1735000927, 44, 16, 39, 0, 0, 0.17%, 7, 0, 10, 137.84
1735000932, 44, 35, 39, 0, 0, 0.17%, 7, 0, 10, 152.96
1735000942, 45, 13, 39, 0, 0, 0.17%, 7, 0, 10, 137.73
1735000953, 46, 12, 39, 0, 0, 0.17%, 7, 0, 10, 144.94
1735000958, 46, 13, 39, 0, 0, 0.17%, 7, 0, 10, 142.11
1735000963, 46, 16, 39, 0, 0, 0.17%, 7, 0, 10, 139.13
1735000968, 46, 17, 39, 0, 0, 0.17%, 7, 0, 10, 135.46
1735000973, 46, 21, 39, 0, 0, 0.17%, 7, 0, 10, 141.29
1735000978, 46, 27, 39, 0, 0, 0.17%, 7, 0, 10, 155.01
1735000983, 47, 12, 39, 0, 0, 0.17%, 7, 0, 10, 132.77
1735000989, 47, 13, 39, 0, 0, 0.17%, 7, 0, 10, 142.21
1735000994, 47, 16, 39, 0, 0, 0.17%, 7, 0, 10, 133.51
1735000999, 47, 21, 39, 0, 0, 0.17%, 7, 0, 10, 140.54
1735001004, 47, 25, 39, 0, 0, 0.17%, 7, 0, 10, 144.20
1735001009, 47, 38, 39, 0, 0, 0.17%, 7, 0, 10, 138.30
1735001020, 48, 1, 39, 0, 0, 0.17%, 7, 0, 10, 143.04
1735001025, 48, 13, 39, 0, 0, 0.17%, 7, 0, 10, 138.22
1735001030, 48, 16, 39, 0, 0, 0.17%, 7, 0, 10, 134.87
1735001035, 48, 38, 39, 0, 0, 0.17%, 7, 0, 10, 155.99
1735001046, 49, 13, 39, 0, 0, 0.17%, 7, 0, 10, 141.84
1735001051, 49, 16, 39, 0, 0, 0.17%, 7, 0, 10, 139.58
1735001056, 50, 12, 39, 0, 0, 0.17%, 7, 0, 10, 144.34
1735001061, 50, 13, 39, 0, 0, 0.17%, 7, 0, 10, 132.64
1735001066, 50, 16, 39, 0, 0, 0.17%, 7, 0, 10, 140.71
1735001071, 50, 32, 39, 0, 0, 0.17%, 7, 0, 10, 143.95
1735001082, 51, 13, 39, 0, 0, 0.17%, 7, 0, 10, 137.81
1735001087, 51, 16, 39, 0, 0, 0.17%, 7, 0, 10, 136.07
1735001092, 51, 20, 39, 0, 0, 0.17%, 7, 0, 10, 137.58
1735001102, 51, 25, 39, 0, 0, 0.17%, 7, 0, 10, 136.42
1735001108, 52, 1, 39, 0, 0, 0.17%, 7, 0, 10, 140.72
1735001113, 52, 12, 39, 0, 0, 0.17%, 7, 0, 10, 137.43
1735001118, 52, 13, 39, 0, 0, 0.17%, 7, 0, 10, 142.41
1735001123, 52, 16, 39, 0, 0, 0.17%, 7, 0, 10, 138.14
1735001128, 53, 13, 39, 0, 0, 0.17%, 7, 0, 10, 135.27
1735001133, 53, 16, 39, 0, 0, 0.17%, 7, 0, 10, 143.08
1735001138, 54, 12, 39, 0, 0, 0.17%, 7, 0, 10, 139.08
1735001143, 54, 13, 39, 0, 0, 0.17%, 7, 0, 10, 130.75
1735001148, 54, 16, 39, 0, 0, 0.17%, 7, 0, 10, 137.72
1735001154, 55, 12, 39, 0, 0, 0.17%, 7, 0, 10, 139.78
1735001159, 55, 13, 39, 0, 0, 0.17%, 7, 0, 10, 141.68
1735001164, 55, 16, 39, 0, 0, 0.17%, 7, 0, 10, 135.08
1735001169, 56, 12, 39, 0, 0, 0.17%, 7, 0, 10, 135.85
1735001174, 56, 13, 39, 0, 0, 0.17%, 7, 0, 10, 134.52
1735001179, 56, 14, 39, 0, 0, 0.17%, 7, 0, 10, 140.08
1735001184, 56, 16, 39, 0, 0, 0.17%, 7, 0, 10, 137.69
1735001190, 57, 12, 39, 0, 0, 0.17%, 7, 0, 10, 131.92
1735001195, 57, 13, 39, 0, 0, 0.17%, 7, 0, 10, 139.14
1735001200, 57, 16, 39, 0, 0, 0.17%, 7, 0, 10, 134.54
1735001205, 57, 24, 39, 0, 0, 0.17%, 7, 0, 10, 145.83
1735001210, 58, 12, 39, 0, 0, 0.17%, 7, 0, 10, 134.55
1735001216, 58, 13, 39, 0, 0, 0.17%, 7, 0, 10, 138.06
1735001221, 58, 16, 39, 0, 0, 0.17%, 7, 0, 10, 138.59
1735001226, 58, 19, 39, 0, 0, 0.17%, 7, 0, 10, 142.21
1735001231, 58, 26, 39, 0, 0, 0.17%, 7, 0, 10, 138.97
1735001236, 59, 11, 39, 0, 0, 0.17%, 7, 0, 10, 137.46
1735001241, 59, 13, 39, 0, 0, 0.17%, 7, 0, 10, 141.95
1735001247, 59, 16, 39, 0, 0, 0.17%, 7, 0, 10, 141.10
1735001252, 59, 28, 39, 0, 0, 0.17%, 7, 0, 10, 145.81
1735001262, 60, 13, 39, 0, 0, 0.17%, 7, 0, 10, 134.13
1735001267, 60, 16, 39, 0, 0, 0.17%, 7, 0, 10, 135.30
1735001272, 60, 26, 39, 0, 0, 0.17%, 7, 0, 10, 132.23
1735001277, 60, 29, 39, 0, 0, 0.17%, 7, 0, 10, 140.37
1735001288, 60, 31, 39, 0, 0, 0.17%, 7, 0, 10, 150.18
1735001293, 61, 11, 39, 0, 0, 0.17%, 7, 0, 10, 133.39
1735001298, 61, 13, 39, 0, 0, 0.17%, 7, 0, 10, 131.52
1735001303, 61, 16, 39, 0, 0, 0.17%, 7, 0, 10, 133.96
1735001308, 61, 38, 39, 0, 0, 0.17%, 7, 0, 10, 142.02
1735001318, 62, 12, 39, 0, 0, 0.17%, 7, 0, 10, 137.45
1735001324, 62, 13, 39, 0, 0, 0.17%, 7, 0, 10, 140.26
1735001329, 62, 16, 39, 0, 0, 0.17%, 7, 0, 10, 134.98
1735001334, 62, 24, 39, 0, 0, 0.17%, 7, 0, 10, 142.34
1735001339, 63, 12, 39, 0, 0, 0.17%, 7, 0, 10, 143.00
1735001344, 63, 13, 39, 0, 0, 0.17%, 7, 0, 10, 131.02
1735001349, 63, 15, 39, 0, 0, 0.17%, 7, 0, 10, 149.41
1735001355, 63, 16, 39, 0, 0, 0.17%, 7, 0, 10, 137.64
1735001360, 63, 18, 39, 0, 0, 0.17%, 7, 0, 10, 152.93
1735001365, 63, 26, 39, 0, 0, 0.17%, 7, 0, 10, 149.35
1735001370, 63, 31, 39, 0, 0, 0.17%, 7, 0, 10, 142.03
1735001375, 64, 12, 39, 0, 0, 0.17%, 7, 0, 10, 134.90
1735001380, 64, 13, 39, 0, 0, 0.17%, 7, 0, 10, 136.12
1735001385, 64, 16, 39, 0, 0, 0.17%, 7, 0, 10, 136.86
1735001390, 64, 24, 39, 0, 0, 0.17%, 7, 0, 10, 145.27
1735001396, 64, 36, 39, 0, 0, 0.17%, 7, 0, 10, 148.84
1735001406, 65, 12, 39, 0, 0, 0.17%, 7, 0, 10, 132.04
1735001411, 65, 13, 39, 0, 0, 0.17%, 7, 0, 10, 142.79
1735001416, 65, 16, 39, 0, 0, 0.17%, 7, 0, 10, 140.24
1735001421, 65, 21, 39, 0, 0, 0.17%, 7, 0, 10, 136.28
1735001426, 66, 12, 39, 0, 0, 0.17%, 7, 0, 10, 141.05
1735001431, 66, 13, 39, 0, 0, 0.17%, 7, 0, 10, 142.64
1735001436, 66, 16, 39, 0, 0, 0.17%, 7, 0, 10, 139.93
1735001442, 67, 13, 39, 0, 0, 0.17%, 7, 0, 10, 135.33
1735001447, 67, 16, 39, 0, 0, 0.17%, 7, 0, 10, 137.58
1735001452, 68, 12, 39, 0, 0, 0.17%, 7, 0, 10, 138.65
1735001457, 68, 13, 39, 0, 0, 0.17%, 7, 0, 10, 130.35
1735001462, 68, 16, 39, 0, 0, 0.17%, 7, 0, 10, 133.04
1735001467, 68, 32, 39, 0, 0, 0.17%, 7, 0, 10, 151.72
1735001478, 69, 13, 39, 0, 0, 0.17%, 7, 0, 10, 135.58
1735001488, 69, 20, 39, 0, 0, 0.17%, 7, 0, 10, 135.91
1735001498, 69, 37, 39, 0, 0, 0.17%, 7, 0, 10, 160.56
1735001509, 70, 9, 39, 0, 0, 0.17%, 7, 0, 10, 135.23
1735001514, 70, 13, 39, 0, 0, 0.17%, 7, 0, 10, 137.27
1735001519, 70, 16, 39, 0, 0, 0.17%, 7, 0, 10, 140.00
1735001524, 70, 21, 39, 0, 0, 0.17%, 7, 0, 10, 142.94
1735001529, 70, 26, 39, 0, 0, 0.17%, 7, 0, 10, 141.15
1735001534, 70, 34, 39, 0, 0, 0.17%, 7, 0, 10, 169.21
1735001545, 71, 12, 39, 0, 0, 0.17%, 7, 0, 10, 139.71
1735001550, 71, 13, 39, 0, 0, 0.17%, 7, 0, 10, 131.85
1735001555, 71, 16, 39, 0, 0, 0.17%, 7, 0, 10, 140.53
1735001560, 71, 20, 39, 0, 0, 0.17%, 7, 0, 10, 143.23
1735001565, 71, 38, 39, 0, 0, 0.17%, 7, 0, 10, 163.08
1735001576, 72, 13, 39, 0, 0, 0.17%, 7, 0, 10, 138.71
1735001581, 72, 16, 39, 0, 0, 0.17%, 7, 0, 10, 140.58
1735001586, 73, 12, 39, 0, 0, 0.17%, 7, 0, 10, 140.93
1735001591, 73, 13, 39, 0, 0, 0.17%, 7, 0, 10, 139.80
1735001596, 73, 16, 39, 0, 0, 0.17%, 7, 0, 10, 141.61
1735001601, 74, 13, 39, 0, 0, 0.17%, 7, 0, 10, 134.24
1735001606, 74, 16, 39, 0, 0, 0.17%, 7, 0, 10, 133.78
1735001611, 75, 12, 39, 0, 0, 0.17%, 7, 0, 10, 132.81
1735001617, 75, 13, 39, 0, 0, 0.17%, 7, 0, 10, 137.53
1735001622, 75, 16, 39, 0, 0, 0.17%, 7, 0, 10, 137.91
1735001627, 76, 7, 39, 0, 0, 0.17%, 7, 0, 10, 135.14
1735001632, 76, 13, 39, 0, 0, 0.17%, 7, 0, 10, 138.37
1735001637, 76, 16, 39, 0, 0, 0.17%, 7, 0, 10, 137.22
1735001642, 77, 13, 39, 0, 0, 0.17%, 7, 0, 10, 133.75
1735001648, 77, 16, 39, 0, 0, 0.17%, 7, 0, 10, 133.71
1735001653, 77, 25, 39, 0, 0, 0.17%, 7, 0, 10, 136.01
1735001663, 78, 12, 39, 0, 0, 0.17%, 7, 0, 10, 139.05
1735001668, 78, 13, 39, 0, 0, 0.17%, 7, 0, 10, 133.09
1735001673, 78, 16, 39, 0, 0, 0.17%, 7, 0, 10, 146.06
1735001678, 78, 27, 39, 0, 0, 0.17%, 7, 0, 10, 154.86
1735001683, 78, 35, 39, 0, 0, 0.17%, 7, 0, 10, 146.46
1735001693, 79, 3, 39, 0, 0, 0.17%, 7, 0, 10, 148.94
1735001699, 79, 8, 39, 0, 0, 0.17%, 7, 0, 10, 135.07
1735001704, 79, 13, 39, 0, 0, 0.17%, 7, 0, 10, 136.45
1735001709, 79, 16, 39, 0, 0, 0.17%, 7, 0, 10, 132.19
1735001714, 79, 23, 39, 0, 0, 0.17%, 7, 0, 10, 151.43
1735001724, 79, 24, 39, 0, 0, 0.17%, 7, 0, 10, 140.54
1735001730, 79, 31, 39, 0, 0, 0.17%, 7, 0, 10, 151.94
1735001735, 80, 13, 39, 0, 0, 0.17%, 7, 0, 10, 142.29
1735001745, 80, 31, 39, 0, 0, 0.17%, 7, 0, 10, 142.16
1735001755, 81, 12, 39, 0, 0, 0.17%, 7, 0, 10, 138.59
1735001761, 81, 13, 39, 0, 0, 0.17%, 7, 0, 10, 133.25
1735001766, 81, 14, 39, 0, 0, 0.17%, 7, 0, 10, 132.88
1735001771, 81, 16, 39, 0, 0, 0.17%, 7, 0, 10, 131.92
1735001776, 82, 3, 39, 0, 0, 0.17%, 7, 0, 10, 137.05
1735001781, 82, 13, 39, 0, 0, 0.17%, 7, 0, 10, 137.65
1735001786, 82, 16, 39, 0, 0, 0.17%, 7, 0, 10, 138.00
1735001792, 82, 33, 39, 0, 0, 0.17%, 7, 0, 10, 149.16
1735001802, 83, 12, 39, 0, 0, 0.17%, 7, 0, 10, 137.82
1735001807, 83, 13, 39, 0, 0, 0.17%, 7, 0, 10, 139.96
1735001812, 83, 16, 39, 0, 0, 0.17%, 7, 0, 10, 138.68
1735001817, 83, 24, 39, 0, 0, 0.17%, 7, 0, 10, 146.07
1735001822, 84, 13, 39, 0, 0, 0.17%, 7, 0, 10, 137.37
1735001827, 84, 16, 39, 0, 0, 0.17%, 7, 0, 10, 139.63
1735001832, 84, 21, 39, 0, 0, 0.17%, 7, 0, 10, 134.72
1735001838, 84, 29, 39, 0, 0, 0.17%, 7, 0, 10, 145.43
1735001848, 85, 13, 39, 0, 0, 0.17%, 7, 0, 10, 134.45
1735001853, 85, 16, 39, 0, 0, 0.17%, 7, 0, 10, 130.88
1735001858, 85, 35, 39, 0, 0, 0.17%, 7, 0, 10, 144.61
1735001874, 86, 13, 39, 0, 0, 0.17%, 7, 0, 10, 135.52
1735001879, 86, 16, 39, 0, 0, 0.17%, 7, 0, 10, 133.50
1735001884, 87, 12, 39, 0, 0, 0.17%, 7, 0, 10, 135.04
1735001889, 87, 13, 39, 0, 0, 0.17%, 7, 0, 10, 136.28
1735001894, 87, 15, 39, 0, 0, 0.17%, 7, 0, 10, 144.34
1735001899, 87, 16, 39, 0, 0, 0.17%, 7, 0, 10, 142.77
1735001904, 88, 13, 39, 0, 0, 0.17%, 7, 0, 10, 135.55
1735001910, 88, 16, 39, 0, 0, 0.17%, 7, 0, 10, 137.56
1735001915, 88, 20, 39, 0, 0, 0.17%, 7, 0, 10, 146.36
1735001925, 88, 23, 39, 0, 0, 0.17%, 7, 0, 10, 141.44
1735001930, 88, 31, 39, 0, 0, 0.17%, 7, 0, 10, 153.13
1735001941, 89, 13, 39, 0, 0, 0.17%, 7, 0, 10, 139.63
1735001946, 89, 16, 39, 0, 0, 0.17%, 7, 0, 10, 139.17
1735001951, 89, 31, 39, 0, 0, 0.17%, 7, 0, 10, 150.08
1735001961, 90, 13, 39, 0, 0, 0.17%, 7, 0, 10, 130.78
1735001966, 90, 15, 39, 0, 0, 0.17%, 7, 0, 10, 138.54
1735001971, 90, 16, 39, 0, 0, 0.17%, 7, 0, 10, 133.36
1735001976, 91, 10, 39, 0, 0, 0.17%, 7, 0, 10, 140.58
1735001982, 91, 13, 39, 0, 0, 0.17%, 7, 0, 10, 143.24
1735001987, 91, 16, 39, 0, 0, 0.17%, 7, 0, 10, 136.75
1735001992, 91, 24, 39, 0, 0, 0.17%, 7, 0, 10, 139.83
1735001997, 92, 12, 39, 0, 0, 0.17%, 7, 0, 10, 135.80
1735002002, 92, 13, 39, 0, 0, 0.17%, 7, 0, 10, 138.42
1735002007, 92, 16, 39, 0, 0, 0.17%, 7, 0, 10, 132.13
1735002012, 92, 17, 39, 0, 0, 0.17%, 7, 0, 10, 135.47
1735002018, 92, 31, 39, 0, 0, 0.17%, 7, 0, 10, 150.81
1735002023, 93, 12, 39, 0, 0, 0.17%, 7, 0, 10, 139.92
1735002028, 93, 13, 39, 0, 0, 0.17%, 7, 0, 10, 143.04
1735002033, 93, 16, 39, 0, 0, 0.17%, 7, 0, 10, 136.57
1735002038, 93, 38, 39, 0, 0, 0.17%, 7, 0, 10, 153.06
1735002043, 94, 12, 39, 0, 0, 0.17%, 7, 0, 10, 141.46
1735002049, 94, 13, 39, 0, 0, 0.17%, 7, 0, 10, 142.09
1735002054, 94, 16, 39, 0, 0, 0.17%, 7, 0, 10, 139.48
1735002059, 94, 26, 39, 0, 0, 0.17%, 7, 0, 10, 137.27
1735002064, 94, 29, 39, 0, 0, 0.17%, 7, 0, 10, 145.51
1735002069, 95, 12, 39, 0, 0, 0.17%, 7, 0, 10, 136.46
1735002074, 95, 13, 39, 0, 0, 0.17%, 7, 0, 10, 143.90
1735002080, 95, 16, 39, 0, 0, 0.17%, 7, 0, 10, 135.28
1735002085, 96, 13, 39, 0, 0, 0.17%, 7, 0, 10, 132.83
1735002090, 96, 16, 39, 0, 0, 0.17%, 7, 0, 10, 132.68
1735002095, 96, 17, 39, 0, 0, 0.17%, 7, 0, 10, 136.30
1735002100, 96, 18, 39, 0, 0, 0.17%, 7, 0, 10, 143.02
1735002105, 97, 0, 39, 0, 0, 0.17%, 7, 0, 10, 136.06
1735002110, 97, 12, 39, 0, 0, 0.17%, 7, 0, 10, 135.05
1735002116, 97, 13, 39, 0, 0, 0.17%, 7, 0, 10, 143.20
1735002121, 97, 16, 39, 0, 0, 0.17%, 7, 0, 10, 143.13
1735002126, 97, 18, 39, 0, 0, 0.17%, 7, 0, 10, 148.68
1735002131, 98, 13, 39, 0, 0, 0.17%, 7, 0, 10, 139.76
1735002136, 98, 16, 39, 0, 0, 0.17%, 7, 0, 10, 136.59
1735002141, 99, 12, 39, 0, 0, 0.17%, 7, 0, 10, 139.24
1735002147, 99, 13, 39, 0, 0, 0.17%, 7, 0, 10, 134.28
1735002152, 99, 16, 39, 0, 0, 0.17%, 7, 0, 10, 141.63
1735002157, 99, 25, 39, 0, 0, 0.17%, 7, 0, 10, 136.15
1735002162, 99, 36, 39, 0, 0, 0.17%, 7, 0, 10, 144.93
1735002172, 99, 38, 39, 0, 0, 0.17%, 7, 0, 10, 154.10
1735002182, 100, 13, 39, 0, 0, 0.17%, 7, 0, 10, 132.96
1735002187, 100, 16, 39, 0, 0, 0.17%, 7, 0, 10, 134.78
1735002193, 100, 17, 39, 0, 0, 0.17%, 7, 0, 10, 140.76
1735002198, 100, 18, 39, 0, 0, 0.17%, 7, 0, 10, 143.13
1735002203, 101, 7, 39, 0, 0, 0.17%, 7, 0, 10, 136.85
1735002208, 101, 12, 39, 0, 0, 0.17%, 7, 0, 10, 132.06
1735002213, 101, 13, 39, 0, 0, 0.17%, 7, 0, 10, 136.55
1735002218, 101, 16, 39, 0, 0, 0.17%, 7, 0, 10, 132.14
1735002224, 101, 20, 39, 0, 0, 0.17%, 7, 0, 10, 142.45
1735002229, 101, 27, 39, 0, 0, 0.17%, 7, 0, 10, 155.40
1735002239, 101, 29, 39, 0, 0, 0.17%, 7, 0, 10, 134.15
1735002244, 101, 37, 39, 0, 0, 0.17%, 7, 0, 10, 163.34
1735002254, 102, 6, 39, 0, 0, 0.17%, 7, 0, 10, 137.14
1735002260, 102, 12, 39, 0, 0, 0.17%, 7, 0, 10, 135.33
1735002265, 102, 13, 39, 0, 0, 0.17%, 7, 0, 10, 138.30
1735002270, 102, 29, 39, 0, 0, 0.17%, 7, 0, 10, 139.56
1735002280, 103, 12, 39, 0, 0, 0.17%, 7, 0, 10, 135.19
1735002285, 103, 13, 39, 0, 0, 0.17%, 7, 0, 10, 137.27
1735002290, 103, 16, 39, 0, 0, 0.17%, 7, 0, 10, 135.25
1735002296, 103, 23, 39, 0, 0, 0.17%, 7, 0, 10, 150.30
1735002301, 103, 24, 39, 0, 0, 0.17%, 7, 0, 10, 144.50
1735002306, 103, 27, 39, 0, 0, 0.17%, 7, 0, 10, 155.65
1735002316, 104, 13, 39, 0, 0, 0.17%, 7, 0, 10, 133.22
1735002321, 104, 16, 39, 0, 0, 0.17%, 7, 0, 10, 135.69
1735002327, 105, 12, 39, 0, 0, 0.17%, 7, 0, 10, 133.85
1735002332, 105, 13, 39, 0, 0, 0.17%, 7, 0, 10, 138.00
1735002337, 105, 16, 39, 0, 0, 0.17%, 7, 0, 10, 133.76
1735002342, 105, 33, 39, 0, 0, 0.17%, 7, 0, 10, 147.92
1735002352, 106, 12, 39, 0, 0, 0.17%, 7, 0, 10, 138.43
1735002357, 106, 13, 39, 0, 0, 0.17%, 7, 0, 10, 131.23
1735002363, 106, 14, 39, 0, 0, 0.17%, 7, 0, 10, 128.28
1735002368, 106, 16, 39, 0, 0, 0.17%, 7, 0, 10, 134.10
1735002373, 106, 19, 39, 0, 0, 0.17%, 7, 0, 10, 140.26
1735002378, 107, 13, 39, 0, 0, 0.17%, 7, 0, 10, 136.01
1735002383, 107, 16, 39, 0, 0, 0.17%, 7, 0, 10, 138.85
1735002388, 108, 6, 39, 0, 0, 0.17%, 7, 0, 10, 135.91
1735002393, 108, 13, 39, 0, 0, 0.17%, 7, 0, 10, 133.07
1735002398, 108, 16, 39, 0, 0, 0.17%, 7, 0, 10, 137.77
1735002404, 109, 12, 39, 0, 0, 0.17%, 7, 0, 10, 137.48
1735002409, 109, 13, 39, 0, 0, 0.17%, 7, 0, 10, 139.01
1735002414, 109, 16, 39, 0, 0, 0.17%, 7, 0, 10, 136.43
1735002419, 110, 12, 39, 0, 0, 0.17%, 7, 0, 10, 140.31
1735002424, 110, 13, 39, 0, 0, 0.17%, 7, 0, 10, 136.33
1735002429, 110, 16, 39, 0, 0, 0.17%, 7, 0, 10, 132.34
1735002434, 111, 13, 39, 0, 0, 0.17%, 7, 0, 10, 135.93
1735002440, 111, 16, 39, 0, 0, 0.17%, 7, 0, 10, 135.77
1735002445, 111, 19, 39, 0, 0, 0.17%, 7, 0, 10, 139.22
1735002450, 111, 29, 39, 0, 0, 0.17%, 7, 0, 10, 150.65
1735002460, 112, 13, 39, 0, 0, 0.17%, 7, 0, 10, 134.98
1735002465, 112, 16, 39, 0, 0, 0.17%, 7, 0, 10, 130.64
1735002470, 112, 34, 39, 0, 0, 0.17%, 7, 0, 10, 173.84
1735002481, 113, 12, 39, 0, 0, 0.17%, 7, 0, 10, 132.84
1735002486, 113, 13, 39, 0, 0, 0.17%, 7, 0, 10, 137.06
1735002491, 113, 16, 39, 0, 0, 0.17%, 7, 0, 10, 138.20
1735002496, 113, 29, 39, 0, 0, 0.17%, 7, 0, 10, 144.20
1735002501, 114, 7, 39, 0, 0, 0.17%, 7, 0, 10, 137.86
1735002507, 114, 13, 39, 0, 0, 0.17%, 7, 0, 10, 134.35
1735002512, 114, 16, 39, 0, 0, 0.17%, 7, 0, 10, 140.20
1735002517, 115, 8, 39, 0, 0, 0.17%, 7, 0, 10, 139.66
1735002522, 115, 13, 39, 0, 0, 0.17%, 7, 0, 10, 141.16
1735002527, 115, 16, 39, 0, 0, 0.17%, 7, 0, 10, 128.61
1735002532, 116, 12, 39, 0, 0, 0.17%, 7, 0, 10, 135.19
1735002537, 116, 13, 39, 0, 0, 0.17%, 7, 0, 10, 133.06
1735002543, 116, 16, 39, 0, 0, 0.17%, 7, 0, 10, 137.82
1735002548, 116, 21, 39, 0, 0, 0.17%, 7, 0, 10, 141.99
1735002553, 117, 12, 39, 0, 0, 0.17%, 7, 0, 10, 141.94
1735002558, 117, 13, 39, 0, 0, 0.17%, 7, 0, 10, 140.74
1735002563, 117, 16, 39, 0, 0, 0.17%, 7, 0, 10, 142.42
1735002568, 117, 22, 39, 0, 0, 0.17%, 7, 0, 10, 140.84
1735002574, 117, 26, 39, 0, 0, 0.17%, 7, 0, 10, 140.63
1735002579, 118, 13, 39, 0, 0, 0.17%, 7, 0, 10, 137.53
1735002584, 118, 14, 39, 0, 0, 0.17%, 7, 0, 10, 137.20
1735002589, 118, 16, 39, 0, 0, 0.17%, 7, 0, 10, 144.92
1735002594, 118, 31, 39, 0, 0, 0.17%, 7, 0, 10, 136.73
1735002605, 119, 13, 39, 0, 0, 0.17%, 7, 0, 10, 139.91
1735002610, 119, 16, 39, 0, 0, 0.17%, 7, 0, 10, 131.24
1735002615, 119, 32, 39, 0, 0, 0.17%, 7, 0, 10, 147.61
1735002630, 120, 12, 39, 0, 0, 0.17%, 7, 0, 10, 131.27
1735002635, 120, 14, 39, 0, 0, 0.17%, 7, 0, 10, 140.17
1735002646, 120, 16, 39, 0, 0, 0.17%, 7, 0, 10, 129.25
1735002651, 120, 33, 39, 0, 0, 0.17%, 7, 0, 10, 143.07
1735002661, 120, 38, 39, 0, 0, 0.17%, 7, 0, 10, 149.86
1735002666, 121, 12, 39, 0, 0, 0.17%, 7, 0, 10, 146.12
1735002671, 121, 13, 39, 0, 0, 0.17%, 7, 0, 10, 138.20
1735002677, 121, 14, 39, 0, 0, 0.17%, 7, 0, 10, 143.18
1735002682, 121, 16, 39, 0, 0, 0.17%, 7, 0, 10, 139.08
1735002687, 121, 21, 39, 0, 0, 0.17%, 7, 0, 10, 134.96
1735002692, 121, 31, 39, 0, 0, 0.17%, 7, 0, 10, 145.63
1735002697, 122, 12, 39, 0, 0, 0.17%, 7, 0, 10, 138.56
1735002702, 122, 13, 39, 0, 0, 0.17%, 7, 0, 10, 131.41
1735002707, 122, 16, 39, 0, 0, 0.17%, 7, 0, 10, 130.32
1735002713, 122, 32, 39, 0, 0, 0.17%, 7, 0, 10, 152.56
1735002723, 123, 13, 39, 0, 0, 0.17%, 7, 0, 10, 137.17
1735002728, 123, 16, 39, 0, 0, 0.17%, 7, 0, 10, 139.82
1735002733, 123, 22, 39, 0, 0, 0.17%, 7, 0, 10, 137.19
1735002738, 123, 28, 39, 0, 0, 0.17%, 7, 0, 10, 144.02
1735002749, 124, 12, 39, 0, 0, 0.17%, 7, 0, 10, 138.70
1735002754, 124, 13, 39, 0, 0, 0.17%, 7, 0, 10, 127.64
1735002759, 124, 16, 39, 0, 0, 0.17%, 7, 0, 10, 141.77
1735002764, 125, 13, 39, 0, 0, 0.17%, 7, 0, 10, 141.25
1735002769, 125, 15, 39, 0, 0, 0.17%, 7, 0, 10, 150.12
1735002774, 125, 16, 39, 0, 0, 0.17%, 7, 0, 10, 138.43
1735002779, 125, 37, 39, 0, 0, 0.17%, 7, 0, 10, 146.78
1735002789, 126, 12, 39, 0, 0, 0.17%, 7, 0, 10, 142.98
1735002795, 126, 13, 39, 0, 0, 0.17%, 7, 0, 10, 140.02
1735002800, 126, 16, 39, 0, 0, 0.17%, 7, 0, 10, 141.31
1735002805, 127, 11, 39, 0, 0, 0.17%, 7, 0, 10, 135.13
1735002810, 127, 13, 39, 0, 0, 0.17%, 7, 0, 10, 129.29
1735002815, 127, 16, 39, 0, 0, 0.17%, 7, 0, 10, 133.32
1735002820, 128, 3, 39, 0, 0, 0.17%, 7, 0, 10, 131.37
1735002826, 128, 13, 39, 0, 0, 0.17%, 7, 0, 10, 139.89
1735002831, 128, 16, 39, 0, 0, 0.17%, 7, 0, 10, 137.20
1735002836, 128, 25, 39, 0, 0, 0.17%, 7, 0, 10, 140.65
1735002846, 128, 30, 39, 0, 0, 0.17%, 7, 0, 10, 132.94
1735002851, 128, 36, 39, 0, 0, 0.17%, 7, 0, 10, 152.35
1735002862, 129, 8, 39, 0, 0, 0.17%, 7, 0, 10, 132.68
1735002867, 129, 13, 39, 0, 0, 0.17%, 7, 0, 10, 131.05
1735002872, 129, 16, 39, 0, 0, 0.17%, 7, 0, 10, 132.86
1735002877, 129, 38, 39, 0, 0, 0.17%, 7, 0, 10, 145.60
1735002887, 130, 13, 39, 0, 0, 0.17%, 7, 0, 10, 139.49
1735002893, 130, 16, 39, 0, 0, 0.17%, 7, 0, 10, 132.84
1735002898, 130, 37, 39, 0, 0, 0.17%, 7, 0, 10, 141.50
1735002913, 131, 13, 39, 0, 0, 0.17%, 7, 0, 10, 138.44
1735002918, 131, 16, 39, 0, 0, 0.17%, 7, 0, 10, 140.38
1735002923, 131, 23, 39, 0, 0, 0.17%, 7, 0, 10, 148.19
1735002928, 131, 24, 39, 0, 0, 0.17%, 7, 0, 10, 137.62
1735002934, 132, 12, 39, 0, 0, 0.17%, 7, 0, 10, 139.79
1735002939, 132, 13, 39, 0, 0, 0.17%, 7, 0, 10, 138.06
1735002944, 132, 16, 39, 0, 0, 0.17%, 7, 0, 10, 137.55
1735002949, 132, 23, 39, 0, 0, 0.17%, 7, 0, 10, 152.53
1735002954, 132, 26, 39, 0, 0, 0.17%, 7, 0, 10, 139.87
1735002959, 133, 12, 39, 0, 0, 0.17%, 7, 0, 10, 132.53
1735002964, 133, 13, 39, 0, 0, 0.17%, 7, 0, 10, 135.18
1735002970, 133, 16, 39, 0, 0, 0.17%, 7, 0, 10, 137.80
1735002975, 134, 13, 39, 0, 0, 0.17%, 7, 0, 10, 134.00
1735002980, 134, 16, 39, 0, 0, 0.17%, 7, 0, 10, 135.20
1735002985, 134, 31, 39, 0, 0, 0.17%, 7, 0, 10, 152.22
1735002995, 135, 11, 39, 0, 0, 0.17%, 7, 0, 10, 138.72
1735003000, 135, 13, 39, 0, 0, 0.17%, 7, 0, 10, 137.40
1735003005, 135, 16, 39, 0, 0, 0.17%, 7, 0, 10, 139.00
1735003011, 135, 24, 39, 0, 0, 0.17%, 7, 0, 10, 138.96
1735003016, 135, 35, 39, 0, 0, 0.17%, 7, 0, 10, 162.76
1735003026, 136, 11, 39, 0, 0, 0.17%, 7, 0, 10, 136.17
1735003031, 136, 13, 39, 0, 0, 0.17%, 7, 0, 10, 134.63
1735003036, 136, 16, 39, 0, 0, 0.17%, 7, 0, 10, 139.45
1735003041, 136, 36, 39, 0, 0, 0.17%, 7, 0, 10, 146.71
1735003052, 137, 12, 39, 0, 0, 0.17%, 7, 0, 10, 135.73
1735003057, 137, 13, 39, 0, 0, 0.17%, 7, 0, 10, 137.91
1735003062, 137, 16, 39, 0, 0, 0.17%, 7, 0, 10, 141.57
1735003067, 137, 23, 39, 0, 0, 0.17%, 7, 0, 10, 134.84
1735003072, 138, 6, 39, 0, 0, 0.17%, 7, 0, 10, 130.89
1735003078, 138, 12, 39, 0, 0, 0.17%, 7, 0, 10, 134.00
1735003083, 138, 13, 39, 0, 0, 0.17%, 7, 0, 10, 132.41
1735003088, 138, 16, 39, 0, 0, 0.17%, 7, 0, 10, 132.86
1735003093, 138, 20, 39, 0, 0, 0.17%, 7, 0, 10, 145.56
1735003098, 139, 12, 39, 0, 0, 0.17%, 7, 0, 10, 145.86
1735003103, 139, 13, 39, 0, 0, 0.17%, 7, 0, 10, 137.74
1735003108, 139, 16, 39, 0, 0, 0.17%, 7, 0, 10, 140.47
1735003114, 139, 21, 39, 0, 0, 0.17%, 7, 0, 10, 135.87
1735003119, 140, 13, 39, 0, 0, 0.17%, 7, 0, 10, 133.07
1735003124, 140, 16, 39, 0, 0, 0.17%, 7, 0, 10, 146.26
1735003129, 140, 38, 39, 0, 0, 0.17%, 7, 0, 10, 154.67
1735003134, 141, 6, 39, 0, 0, 0.17%, 7, 0, 10, 135.29
1735003139, 141, 13, 39, 0, 0, 0.17%, 7, 0, 10, 138.66
1735003144, 141, 16, 39, 0, 0, 0.17%, 7, 0, 10, 135.37
1735003150, 141, 20, 39, 0, 0, 0.17%, 7, 0, 10, 136.93
1735003160, 142, 12, 39, 0, 0, 0.17%, 7, 0, 10, 143.54
1735003165, 142, 13, 39, 0, 0, 0.17%, 7, 0, 10, 140.89
1735003170, 142, 38, 39, 0, 0, 0.17%, 7, 0, 10, 147.86
1735003180, 143, 13, 39, 0, 0, 0.17%, 7, 0, 10, 141.33
1735003186, 143, 16, 39, 0, 0, 0.17%, 7, 0, 10, 135.87
1735003191, 143, 26, 39, 0, 0, 0.17%, 7, 0, 10, 139.72
1735003196, 143, 35, 39, 0, 0, 0.17%, 7, 0, 10, 145.84
1735003206, 144, 12, 39, 0, 0, 0.17%, 7, 0, 10, 146.88
1735003211, 144, 13, 39, 0, 0, 0.17%, 7, 0, 10, 137.15
1735003216, 144, 16, 39, 0, 0, 0.17%, 7, 0, 10, 135.18
1735003221, 144, 30, 39, 0, 0, 0.17%, 7, 0, 10, 143.56
1735003226, 145, 3, 39, 0, 0, 0.17%, 7, 0, 10, 140.20
1735003231, 145, 13, 39, 0, 0, 0.17%, 7, 0, 10, 139.23
1735003236, 145, 16, 39, 0, 0, 0.17%, 7, 0, 10, 132.36
1735003242, 145, 29, 39, 0, 0, 0.17%, 7, 0, 10, 145.71
1735003252, 146, 12, 39, 0, 0, 0.17%, 7, 0, 10, 136.80
1735003257, 146, 13, 39, 0, 0, 0.17%, 7, 0, 10, 135.87
1735003262, 146, 16, 39, 0, 0, 0.17%, 7, 0, 10, 131.11
1735003267, 146, 22, 39, 0, 0, 0.17%, 7, 0, 10, 136.96
1735003272, 146, 26, 39, 0, 0, 0.17%, 7, 0, 10, 138.99
1735003278, 146, 28, 39, 0, 0, 0.17%, 7, 0, 10, 138.74
1735003283, 147, 12, 39, 0, 0, 0.17%, 7, 0, 10, 135.04
1735003288, 147, 13, 39, 0, 0, 0.17%, 7, 0, 10, 134.92
1735003293, 147, 16, 39, 0, 0, 0.17%, 7, 0, 10, 136.47
1735003298, 147, 32, 39, 0, 0, 0.17%, 7, 0, 10, 146.67
1735003308, 148, 12, 39, 0, 0, 0.17%, 7, 0, 10, 138.03
1735003313, 148, 13, 39, 0, 0, 0.17%, 7, 0, 10, 144.27
1735003318, 148, 16, 39, 0, 0, 0.17%, 7, 0, 10, 140.95
1735003324, 148, 31, 39, 0, 0, 0.17%, 7, 0, 10, 139.54
1735003329, 149, 12, 39, 0, 0, 0.17%, 7, 0, 10, 136.30
1735003334, 149, 13, 39, 0, 0, 0.17%, 7, 0, 10, 137.46
1735003339, 149, 16, 39, 0, 0, 0.17%, 7, 0, 10, 136.49
1735003344, 149, 17, 39, 0, 0, 0.17%, 7, 0, 10, 132.70
1735003349, 149, 27, 39, 0, 0, 0.17%, 7, 0, 10, 151.32
1735003354, 150, 12, 39, 0, 0, 0.17%, 7, 0, 10, 133.99
1735003359, 150, 13, 39, 0, 0, 0.17%, 7, 0, 10, 134.34
1735003365, 150, 16, 39, 0, 0, 0.17%, 7, 0, 10, 137.49
1735003370, 150, 25, 39, 0, 0, 0.17%, 7, 0, 10, 143.14
1735003380, 150, 34, 39, 0, 0, 0.17%, 7, 0, 10, 154.74
1735003390, 150, 37, 39, 0, 0, 0.17%, 7, 0, 10, 159.72
1735003400, 151, 13, 39, 0, 0, 0.17%, 7, 0, 10, 135.64
1735003405, 151, 16, 39, 0, 0, 0.17%, 7, 0, 10, 141.13
1735003410, 152, 12, 39, 0, 0, 0.17%, 7, 0, 10, 137.69
1735003416, 152, 13, 39, 0, 0, 0.17%, 7, 0, 10, 134.39
1735003421, 152, 15, 39, 0, 0, 0.17%, 7, 0, 10, 143.18
1735003426, 152, 16, 39, 0, 0, 0.17%, 7, 0, 10, 141.85
1735003431, 153, 2, 39, 0, 0, 0.17%, 7, 0, 10, 137.44
1735003436, 153, 12, 39, 0, 0, 0.17%, 7, 0, 10, 136.63
1735003441, 153, 13, 39, 0, 0, 0.17%, 7, 0, 10, 143.75
1735003447, 154, 12, 39, 0, 0, 0.17%, 7, 0, 10, 138.80
1735003452, 154, 13, 39, 0, 0, 0.17%, 7, 0, 10, 136.92
1735003457, 154, 16, 39, 0, 0, 0.17%, 7, 0, 10, 142.80
1735003462, 155, 12, 39, 0, 0, 0.17%, 7, 0, 10, 136.81
1735003467, 155, 13, 39, 0, 0, 0.17%, 7, 0, 10, 137.67
1735003472, 155, 16, 39, 0, 0, 0.17%, 7, 0, 10, 140.20
1735003478, 156, 13, 39, 0, 0, 0.17%, 7, 0, 10, 132.09
1735003483, 156, 16, 39, 0, 0, 0.17%, 7, 0, 10, 141.07
1735003488, 157, 12, 39, 0, 0, 0.17%, 7, 0, 10, 142.77
1735003493, 157, 13, 39, 0, 0, 0.17%, 7, 0, 10, 137.03
1735003498, 157, 16, 39, 0, 0, 0.17%, 7, 0, 10, 139.96
1735003503, 157, 27, 39, 0, 0, 0.17%, 7, 0, 10, 150.21
1735003508, 157, 34, 39, 0, 0, 0.17%, 7, 0, 10, 163.64
1735003519, 158, 12, 39, 0, 0, 0.17%, 7, 0, 10, 138.72
1735003524, 158, 13, 39, 0, 0, 0.17%, 7, 0, 10, 142.07
1735003529, 158, 16, 39, 0, 0, 0.17%, 7, 0, 10, 137.21
1735003534, 158, 26, 39, 0, 0, 0.17%, 7, 0, 10, 144.44
1735003539, 158, 28, 39, 0, 0, 0.17%, 7, 0, 10, 141.84
1735003544, 158, 34, 39, 0, 0, 0.17%, 7, 0, 10, 169.15
1735003554, 159, 12, 39, 0, 0, 0.17%, 7, 0, 10, 140.78
1735003560, 159, 13, 39, 0, 0, 0.17%, 7, 0, 10, 138.37
1735003565, 159, 16, 39, 0, 0, 0.17%, 7, 0, 10, 139.78
1735003570, 159, 18, 39, 0, 0, 0.17%, 7, 0, 10, 138.12
1735003575, 159, 24, 39, 0, 0, 0.17%, 7, 0, 10, 143.68
1735003580, 159, 34, 39, 0, 0, 0.17%, 7, 0, 10, 165.33
1735003590, 160, 12, 39, 0, 0, 0.17%, 7, 0, 10, 133.20
1735003596, 160, 13, 39, 0, 0, 0.17%, 7, 0, 10, 140.01
1735003601, 160, 16, 39, 0, 0, 0.17%, 7, 0, 10, 136.06
1735003606, 161, 13, 39, 0, 0, 0.17%, 7, 0, 10, 145.71
1735003611, 161, 16, 39, 0, 0, 0.17%, 7, 0, 10, 144.30
1735003616, 161, 22, 39, 0, 0, 0.17%, 7, 0, 10, 138.34
1735003621, 162, 12, 39, 0, 0, 0.17%, 7, 0, 10, 134.96
1735003626, 162, 13, 39, 0, 0, 0.17%, 7, 0, 10, 130.40
1735003632, 162, 14, 39, 0, 0, 0.17%, 7, 0, 10, 133.13
1735003637, 162, 16, 39, 0, 0, 0.17%, 7, 0, 10, 138.31
1735003642, 162, 21, 39, 0, 0, 0.17%, 7, 0, 10, 141.04
1735003647, 163, 13, 39, 0, 0, 0.17%, 7, 0, 10, 136.94
1735003652, 163, 15, 39, 0, 0, 0.17%, 7, 0, 10, 137.06
1735003657, 163, 16, 39, 0, 0, 0.17%, 7, 0, 10, 146.90
1735003662, 163, 24, 39, 0, 0, 0.17%, 7, 0, 10, 141.58
1735003668, 163, 26, 39, 0, 0, 0.17%, 7, 0, 10, 142.62
1735003673, 164, 11, 39, 0, 0, 0.17%, 7, 0, 10, 137.12
1735003678, 164, 13, 39, 0, 0, 0.17%, 7, 0, 10, 137.86
1735003683, 164, 16, 39, 0, 0, 0.17%, 7, 0, 10, 139.14
1735003688, 165, 12, 39, 0, 0, 0.17%, 7, 0, 10, 134.89
1735003693, 165, 13, 39, 0, 0, 0.17%, 7, 0, 10, 133.95
1735003698, 165, 16, 39, 0, 0, 0.17%, 7, 0, 10, 139.06
1735003704, 165, 20, 39, 0, 0, 0.17%, 7, 0, 10, 146.87
1735003709, 165, 33, 39, 0, 0, 0.17%, 7, 0, 10, 140.10
1735003724, 165, 35, 39, 0, 0, 0.17%, 7, 0, 10, 149.70
1735003734, 166, 13, 39, 0, 0, 0.17%, 7, 0, 10, 140.08
1735003739, 166, 16, 39, 0, 0, 0.17%, 7, 0, 10, 136.74
1735003745, 166, 38, 39, 0, 0, 0.17%, 7, 0, 10, 155.37
1735003755, 167, 13, 39, 0, 0, 0.17%, 7, 0, 10, 140.42
1735003760, 167, 16, 39, 0, 0, 0.17%, 7, 0, 10, 141.24
1735003765, 168, 12, 39, 0, 0, 0.17%, 7, 0, 10, 142.13
1735003770, 168, 13, 39, 0, 0, 0.17%, 7, 0, 10, 136.97
1735003775, 168, 16, 39, 0, 0, 0.17%, 7, 0, 10, 133.49
1735003780, 168, 25, 39, 0, 0, 0.17%, 7, 0, 10, 136.51
1735003785, 169, 1, 39, 0, 0, 0.17%, 7, 0, 10, 146.12
1735003791, 169, 7, 39, 0, 0, 0.17%, 7, 0, 10, 132.35
1735003796, 169, 13, 39, 0, 0, 0.17%, 7, 0, 10, 134.26
1735003801, 169, 16, 39, 0, 0, 0.17%, 7, 0, 10, 141.55
1735003806, 169, 27, 39, 0, 0, 0.17%, 7, 0, 10, 159.04
1735003811, 170, 12, 39, 0, 0, 0.17%, 7, 0, 10, 138.64
1735003817, 170, 13, 39, 0, 0, 0.17%, 7, 0, 10, 130.11
1735003822, 170, 16, 39, 0, 0, 0.17%, 7, 0, 10, 131.07
1735003827, 171, 1, 39, 0, 0, 0.17%, 7, 0, 10, 134.76
1735003832, 171, 12, 39, 0, 0, 0.17%, 7, 0, 10, 134.81
1735003837, 171, 13, 39, 0, 0, 0.17%, 7, 0, 10, 137.88
1735003842, 171, 16, 39, 0, 0, 0.17%, 7, 0, 10, 136.86
1735003847, 171, 21, 39, 0, 0, 0.17%, 7, 0, 10, 133.00
1735003853, 172, 13, 39, 0, 0, 0.17%, 7, 0, 10, 137.51
1735003858, 172, 16, 39, 0, 0, 0.17%, 7, 0, 10, 135.32
1735003863, 172, 25, 39, 0, 0, 0.17%, 7, 0, 10, 141.63
1735003873, 172, 26, 39, 0, 0, 0.17%, 7, 0, 10, 144.13
1735003878, 173, 12, 39, 0, 0, 0.17%, 7, 0, 10, 137.90
1735003884, 173, 13, 39, 0, 0, 0.17%, 7, 0, 10, 139.01
1735003889, 173, 16, 39, 0, 0, 0.17%, 7, 0, 10, 129.81
1735003894, 173, 17, 39, 0, 0, 0.17%, 7, 0, 10, 139.52
1735003899, 173, 35, 39, 0, 0, 0.17%, 7, 0, 10, 169.34
1735003909, 174, 13, 39, 0, 0, 0.17%, 7, 0, 10, 140.20
1735003915, 174, 15, 39, 0, 0, 0.17%, 7, 0, 10, 146.45
1735003920, 174, 16, 39, 0, 0, 0.17%, 7, 0, 10, 139.42
1735003925, 174, 25, 39, 0, 0, 0.17%, 7, 0, 10, 138.30
1735003935, 175, 12, 39, 0, 0, 0.17%, 7, 0, 10, 134.60
1735003940, 175, 13, 39, 0, 0, 0.17%, 7, 0, 10, 138.51
1735003945, 175, 14, 39, 0, 0, 0.17%, 7, 0, 10, 138.65
1735003951, 175, 15, 39, 0, 0, 0.17%, 7, 0, 10, 139.36
1735003956, 175, 16, 39, 0, 0, 0.17%, 7, 0, 10, 131.42
1735003961, 175, 19, 39, 0, 0, 0.17%, 7, 0, 10, 134.98
1735003966, 175, 30, 39, 0, 0, 0.17%, 7, 0, 10, 140.97
1735003971, 175, 36, 39, 0, 0, 0.17%, 7, 0, 10, 148.60
1735003982, 175, 38, 39, 0, 0, 0.17%, 7, 0, 10, 149.43
1735003987, 176, 3, 39, 0, 0, 0.17%, 7, 0, 10, 135.50
1735003992, 176, 12, 39, 0, 0, 0.17%, 7, 0, 10, 129.46
1735003997, 176, 16, 39, 0, 0, 0.17%, 7, 0, 10, 135.42
1735004007, 177, 13, 39, 0, 0, 0.17%, 7, 0, 10, 133.10
1735004013, 177, 16, 39, 0, 0, 0.17%, 7, 0, 10, 144.09
1735004018, 178, 12, 39, 0, 0, 0.17%, 7, 0, 10, 136.43
1735004023, 178, 13, 39, 0, 0, 0.17%, 7, 0, 10, 129.03
1735004028, 178, 16, 39, 0, 0, 0.17%, 7, 0, 10, 138.13
1735004033, 178, 23, 39, 0, 0, 0.17%, 7, 0, 10, 151.00
1735004043, 178, 25, 39, 0, 0, 0.17%, 7, 0, 10, 139.58
1735004048, 178, 29, 39, 0, 0, 0.17%, 7, 0, 10, 144.25
1735004058, 178, 35, 39, 0, 0, 0.17%, 7, 0, 10, 155.63
1735004069, 179, 13, 39, 0, 0, 0.17%, 7, 0, 10, 133.92
1735004074, 179, 16, 39, 0, 0, 0.17%, 7, 0, 10, 125.40
1735004079, 180, 11, 39, 0, 0, 0.17%, 7, 0, 10, 129.48
1735004084, 180, 13, 39, 0, 0, 0.17%, 7, 0, 10, 136.52
1735004089, 180, 15, 39, 0, 0, 0.17%, 7, 0, 10, 138.30
1735004094, 180, 16, 39, 0, 0, 0.17%, 7, 0, 10, 142.85
1735004099, 181, 5, 39, 0, 0, 0.17%, 7, 0, 10, 133.62
1735004105, 181, 13, 39, 0, 0, 0.17%, 7, 0, 10, 134.34
1735004110, 181, 16, 39, 0, 0, 0.17%, 7, 0, 10, 138.34
1735004115, 181, 20, 39, 0, 0, 0.17%, 7, 0, 10, 146.21
1735004125, 181, 26, 39, 0, 0, 0.17%, 7, 0, 10, 141.65
1735004130, 182, 13, 39, 0, 0, 0.17%, 7, 0, 10, 137.52
1735004136, 182, 15, 39, 0, 0, 0.17%, 7, 0, 10, 138.92
1735004141, 182, 16, 39, 0, 0, 0.17%, 7, 0, 10, 138.95
1735004146, 183, 12, 39, 0, 0, 0.17%, 7, 0, 10, 136.02
1735004151, 183, 13, 39, 0, 0, 0.17%, 7, 0, 10, 139.41
1735004156, 183, 16, 39, 0, 0, 0.17%, 7, 0, 10, 138.51
1735004161, 183, 17, 39, 0, 0, 0.17%, 7, 0, 10, 134.42
1735004166, 183, 23, 39, 0, 0, 0.17%, 7, 0, 10, 146.28
1735004172, 184, 12, 39, 0, 0, 0.17%, 7, 0, 10, 139.85
1735004177, 184, 13, 39, 0, 0, 0.17%, 7, 0, 10, 135.00
1735004182, 184, 16, 39, 0, 0, 0.17%, 7, 0, 10, 138.68
1735004187, 185, 12, 39, 0, 0, 0.17%, 7, 0, 10, 135.64
1735004192, 185, 13, 39, 0, 0, 0.17%, 7, 0, 10, 132.52
1735004197, 185, 16, 39, 0, 0, 0.17%, 7, 0, 10, 131.75
1735004203, 185, 22, 39, 0, 0, 0.17%, 7, 0, 10, 129.92
1735004208, 185, 38, 39, 0, 0, 0.17%, 7, 0, 10, 149.95
1735004213, 186, 12, 39, 0, 0, 0.17%, 7, 0, 10, 143.26
1735004218, 186, 13, 39, 0, 0, 0.17%, 7, 0, 10, 138.01
1735004223, 186, 16, 39, 0, 0, 0.17%, 7, 0, 10, 131.42
1735004228, 186, 26, 39, 0, 0, 0.17%, 7, 0, 10, 140.62
1735004233, 186, 35, 39, 0, 0, 0.17%, 7, 0, 10, 163.64
1735004244, 187, 12, 39, 0, 0, 0.17%, 7, 0, 10, 136.05
1735004249, 187, 13, 39, 0, 0, 0.17%, 7, 0, 10, 143.87
1735004254, 188, 12, 39, 0, 0, 0.17%, 7, 0, 10, 138.09
1735004259, 188, 13, 39, 0, 0, 0.17%, 7, 0, 10, 140.50
1735004264, 188, 16, 39, 0, 0, 0.17%, 7, 0, 10, 132.18
1735004270, 188, 31, 39, 0, 0, 0.17%, 7, 0, 10, 151.81
1735004275, 189, 12, 39, 0, 0, 0.17%, 7, 0, 10, 133.83
1735004280, 189, 13, 39, 0, 0, 0.17%, 7, 0, 10, 128.85
1735004285, 189, 16, 39, 0, 0, 0.17%, 7, 0, 10, 136.53
1735004290, 190, 12, 39, 0, 0, 0.17%, 7, 0, 10, 132.55
1735004295, 190, 13, 39, 0, 0, 0.17%, 7, 0, 10, 137.15
1735004300, 190, 16, 39, 0, 0, 0.17%, 7, 0, 10, 138.17
1735004305, 190, 27, 39, 0, 0, 0.17%, 7, 0, 10, 154.47
1735004310, 190, 34, 39, 0, 0, 0.17%, 7, 0, 10, 172.46
1735004321, 191, 12, 39, 0, 0, 0.17%, 7, 0, 10, 141.64
1735004326, 191, 13, 39, 0, 0, 0.17%, 7, 0, 10, 141.41
1735004331, 191, 16, 39, 0, 0, 0.17%, 7, 0, 10, 141.27
1735004336, 191, 29, 39, 0, 0, 0.17%, 7, 0, 10, 148.48
1735004341, 191, 38, 39, 0, 0, 0.17%, 7, 0, 10, 153.78
1735004346, 192, 12, 39, 0, 0, 0.17%, 7, 0, 10, 150.63
1735004351, 192, 13, 39, 0, 0, 0.17%, 7, 0, 10, 134.41
1735004357, 192, 16, 39, 0, 0, 0.17%, 7, 0, 10, 131.95
1735004362, 193, 12, 39, 0, 0, 0.17%, 7, 0, 10, 138.53
1735004367, 193, 13, 39, 0, 0, 0.17%, 7, 0, 10, 139.30
1735004372, 193, 16, 39, 0, 0, 0.17%, 7, 0, 10, 144.23
1735004377, 193, 17, 39, 0, 0, 0.17%, 7, 0, 10, 141.82
1735004382, 194, 13, 39, 0, 0, 0.17%, 7, 0, 10, 136.73
1735004387, 194, 16, 39, 0, 0, 0.17%, 7, 0, 10, 138.33
1735004393, 194, 22, 39, 0, 0, 0.17%, 7, 0, 10, 140.68
1735004398, 194, 25, 39, 0, 0, 0.17%, 7, 0, 10, 136.17
1735004408, 195, 12, 39, 0, 0, 0.17%, 7, 0, 10, 131.34
1735004413, 195, 13, 39, 0, 0, 0.17%, 7, 0, 10, 127.40
1735004418, 195, 16, 39, 0, 0, 0.17%, 7, 0, 10, 138.91
1735004424, 196, 13, 39, 0, 0, 0.17%, 7, 0, 10, 133.13
1735004429, 196, 16, 39, 0, 0, 0.17%, 7, 0, 10, 138.55
1735004434, 196, 20, 39, 0, 0, 0.17%, 7, 0, 10, 145.72
1735004444, 196, 21, 39, 0, 0, 0.17%, 7, 0, 10, 133.26
1735004449, 196, 22, 39, 0, 0, 0.17%, 7, 0, 10, 132.62
1735004454, 196, 25, 39, 0, 0, 0.17%, 7, 0, 10, 144.24
1735004459, 197, 12, 39, 0, 0, 0.17%, 7, 0, 10, 144.90
1735004465, 197, 13, 39, 0, 0, 0.17%, 7, 0, 10, 135.41
1735004470, 197, 16, 39, 0, 0, 0.17%, 7, 0, 10, 135.14
1735004475, 197, 30, 39, 0, 0, 0.17%, 7, 0, 10, 138.22
1735004480, 198, 10, 39, 0, 0, 0.17%, 7, 0, 10, 135.09
1735004485, 198, 13, 39, 0, 0, 0.17%, 7, 0, 10, 137.53
1735004490, 198, 16, 39, 0, 0, 0.17%, 7, 0, 10, 136.44
1735004496, 198, 31, 39, 0, 0, 0.17%, 7, 0, 10, 141.48
1735004506, 199, 12, 39, 0, 0, 0.17%, 7, 0, 10, 134.71
1735004511, 199, 16, 39, 0, 0, 0.17%, 7, 0, 10, 137.94
1735004516, 200, 12, 39, 0, 0, 0.17%, 7, 0, 10, 136.41
1735004521, 200, 13, 39, 0, 0, 0.17%, 7, 0, 10, 133.88
1735004526, 200, 16, 39, 0, 0, 0.17%, 7, 0, 10, 136.63
1735004532, 200, 34, 39, 0, 0, 0.17%, 7, 0, 10, 170.37
1735004542, 200, 35, 39, 0, 0, 0.17%, 7, 0, 10, 162.74
1735004552, 201, 12, 39, 0, 0, 0.17%, 7, 0, 10, 139.88
1735004557, 201, 13, 39, 0, 0, 0.17%, 7, 0, 10, 135.47
1735004562, 201, 16, 39, 0, 0, 0.17%, 7, 0, 10, 137.46
1735004567, 201, 20, 39, 0, 0, 0.17%, 7, 0, 10, 152.11
1735004573, 201, 34, 39, 0, 0, 0.17%, 7, 0, 10, 168.12
1735004583, 202, 12, 39, 0, 0, 0.17%, 7, 0, 10, 148.83
1735004588, 202, 13, 39, 0, 0, 0.17%, 7, 0, 10, 147.42
1735004593, 202, 16, 39, 0, 0, 0.17%, 7, 0, 10, 142.90
1735004598, 202, 17, 39, 0, 0, 0.17%, 7, 0, 10, 144.40
1735004603, 203, 13, 39, 0, 0, 0.17%, 7, 0, 10, 136.10
1735004608, 203, 16, 39, 0, 0, 0.17%, 7, 0, 10, 134.81
1735004614, 203, 17, 39, 0, 0, 0.17%, 7, 0, 10, 134.75
1735004619, 203, 32, 39, 0, 0, 0.17%, 7, 0, 10, 152.96
1735004629, 204, 2, 39, 0, 0, 0.17%, 7, 0, 10, 134.93
1735004634, 204, 13, 39, 0, 0, 0.17%, 7, 0, 10, 134.86
1735004639, 204, 15, 39, 0, 0, 0.17%, 7, 0, 10, 146.39
1735004645, 204, 16, 39, 0, 0, 0.17%, 7, 0, 10, 138.26
1735004650, 205, 4, 39, 0, 0, 0.17%, 7, 0, 10, 141.34
1735004655, 205, 13, 39, 0, 0, 0.17%, 7, 0, 10, 138.19
1735004660, 205, 16, 39, 0, 0, 0.17%, 7, 0, 10, 134.36
1735004665, 205, 23, 39, 0, 0, 0.17%, 7, 0, 10, 150.97
1735004675, 205, 24, 39, 0, 0, 0.17%, 7, 0, 10, 140.17
1735004681, 205, 29, 39, 0, 0, 0.17%, 7, 0, 10, 141.76
1735004686, 205, 33, 39, 0, 0, 0.17%, 7, 0, 10, 149.30
1735004696, 206, 3, 39, 0, 0, 0.17%, 7, 0, 10, 145.75
1735004701, 206, 12, 39, 0, 0, 0.17%, 7, 0, 10, 137.81
1735004706, 206, 13, 39, 0, 0, 0.17%, 7, 0, 10, 137.32
1735004711, 206, 16, 39, 0, 0, 0.17%, 7, 0, 10, 134.16
1735004717, 207, 13, 39, 0, 0, 0.17%, 7, 0, 10, 135.04
1735004722, 207, 16, 39, 0, 0, 0.17%, 7, 0, 10, 137.88
1735004727, 207, 18, 39, 0, 0, 0.17%, 7, 0, 10, 150.90
1735004732, 207, 26, 39, 0, 0, 0.17%, 7, 0, 10, 142.78
1735004737, 208, 12, 39, 0, 0, 0.17%, 7, 0, 10, 141.35
1735004742, 208, 13, 39, 0, 0, 0.17%, 7, 0, 10, 138.60
1735004747, 208, 16, 39, 0, 0, 0.17%, 7, 0, 10, 135.75
1735004752, 208, 18, 39, 0, 0, 0.17%, 7, 0, 10, 138.49
1735004758, 209, 13, 39, 0, 0, 0.17%, 7, 0, 10, 136.28
1735004763, 209, 15, 39, 0, 0, 0.17%, 7, 0, 10, 140.40
1735004768, 209, 16, 39, 0, 0, 0.17%, 7, 0, 10, 137.23
1735004778, 209, 21, 39, 0, 0, 0.17%, 7, 0, 10, 127.30
1735004783, 209, 24, 39, 0, 0, 0.17%, 7, 0, 10, 139.54
1735004789, 210, 12, 39, 0, 0, 0.17%, 7, 0, 10, 142.09
1735004794, 210, 16, 39, 0, 0, 0.17%, 7, 0, 10, 138.80
1735004799, 211, 3, 39, 0, 0, 0.17%, 7, 0, 10, 137.46
1735004804, 211, 13, 39, 0, 0, 0.17%, 7, 0, 10, 135.21
1735004809, 211, 16, 39, 0, 0, 0.17%, 7, 0, 10, 140.89
1735004814, 211, 20, 39, 0, 0, 0.17%, 7, 0, 10, 149.02
1735004824, 212, 12, 39, 0, 0, 0.17%, 7, 0, 10, 138.00
1735004830, 212, 13, 39, 0, 0, 0.17%, 7, 0, 10, 138.05
1735004835, 212, 16, 39, 0, 0, 0.17%, 7, 0, 10, 133.76
1735004840, 213, 10, 39, 0, 0, 0.17%, 7, 0, 10, 136.34
1735004845, 213, 13, 39, 0, 0, 0.17%, 7, 0, 10, 141.68
1735004850, 213, 16, 39, 0, 0, 0.17%, 7, 0, 10, 141.88
1735004855, 213, 21, 39, 0, 0, 0.17%, 7, 0, 10, 136.48
1735004861, 213, 35, 39, 0, 0, 0.17%, 7, 0, 10, 151.58
1735004871, 213, 38, 39, 0, 0, 0.17%, 7, 0, 10, 128.37
1735004881, 214, 12, 39, 0, 0, 0.17%, 7, 0, 10, 137.41
1735004886, 214, 13, 39, 0, 0, 0.17%, 7, 0, 10, 130.82
1735004891, 214, 16, 39, 0, 0, 0.17%, 7, 0, 10, 138.71
1735004897, 214, 19, 39, 0, 0, 0.17%, 7, 0, 10, 141.21
1735004902, 214, 29, 39, 0, 0, 0.17%, 7, 0, 10, 146.95
1735004907, 215, 12, 39, 0, 0, 0.17%, 7, 0, 10, 140.16
1735004912, 215, 13, 39, 0, 0, 0.17%, 7, 0, 10, 142.53
1735004917, 215, 16, 39, 0, 0, 0.17%, 7, 0, 10, 133.62
1735004922, 215, 36, 39, 0, 0, 0.17%, 7, 0, 10, 150.37
1735004933, 216, 13, 39, 0, 0, 0.17%, 7, 0, 10, 136.08
1735004938, 216, 16, 39, 0, 0, 0.17%, 7, 0, 10, 133.25
1735004943, 216, 28, 39, 0, 0, 0.17%, 7, 0, 10, 135.89
1735004953, 216, 32, 39, 0, 0, 0.17%, 7, 0, 10, 147.57
1735004963, 217, 1, 39, 0, 0, 0.17%, 7, 0, 10, 131.71
1735004968, 217, 13, 39, 0, 0, 0.17%, 7, 0, 10, 135.69
1735004974, 217, 16, 39, 0, 0, 0.17%, 7, 0, 10, 134.62
1735004979, 217, 31, 39, 0, 0, 0.17%, 7, 0, 10, 152.72
1735004984, 218, 6, 39, 0, 0, 0.17%, 7, 0, 10, 141.94
1735004989, 218, 13, 39, 0, 0, 0.17%, 7, 0, 10, 140.32
1735004994, 218, 16, 39, 0, 0, 0.17%, 7, 0, 10, 137.34
1735004999, 218, 29, 39, 0, 0, 0.17%, 7, 0, 10, 145.43
1735005010, 219, 13, 39, 0, 0, 0.17%, 7, 0, 10, 136.47
1735005015, 219, 16, 39, 0, 0, 0.17%, 7, 0, 10, 138.27
1735005020, 219, 24, 39, 0, 0, 0.17%, 7, 0, 10, 142.79
1735005025, 219, 31, 39, 0, 0, 0.17%, 7, 0, 10, 149.73
1735005035, 220, 12, 39, 0, 0, 0.17%, 7, 0, 10, 138.54
1735005040, 220, 13, 39, 0, 0, 0.17%, 7, 0, 10, 143.03
1735005046, 220, 17, 39, 0, 0, 0.17%, 7, 0, 10, 140.23
1735005056, 220, 35, 39, 0, 0, 0.17%, 7, 0, 10, 150.01
1735005066, 221, 13, 39, 0, 0, 0.17%, 7, 0, 10, 138.01
1735005071, 221, 15, 39, 0, 0, 0.17%, 7, 0, 10, 148.65
1735005076, 221, 16, 39, 0, 0, 0.17%, 7, 0, 10, 140.21
1735005081, 222, 12, 39, 0, 0, 0.17%, 7, 0, 10, 139.63
1735005087, 222, 13, 39, 0, 0, 0.17%, 7, 0, 10, 140.03
1735005092, 222, 20, 39, 0, 0, 0.17%, 7, 0, 10, 143.02
1735005102, 223, 13, 39, 0, 0, 0.17%, 7, 0, 10, 142.15
1735005107, 223, 16, 39, 0, 0, 0.17%, 7, 0, 10, 126.27
1735005112, 223, 25, 39, 0, 0, 0.17%, 7, 0, 10, 139.43
1735005123, 223, 37, 39, 0, 0, 0.17%, 7, 0, 10, 159.32
1735005133, 224, 12, 39, 0, 0, 0.17%, 7, 0, 10, 147.35
1735005138, 224, 13, 39, 0, 0, 0.17%, 7, 0, 10, 139.94
1735005143, 224, 28, 39, 0, 0, 0.17%, 7, 0, 10, 140.18
1735005153, 224, 30, 39, 0, 0, 0.17%, 7, 0, 10, 140.69
1735005159, 224, 34, 39, 0, 0, 0.17%, 7, 0, 10, 171.90
1735005169, 225, 12, 39, 0, 0, 0.17%, 7, 0, 10, 135.99
1735005174, 225, 13, 39, 0, 0, 0.17%, 7, 0, 10, 132.16
1735005179, 225, 14, 39, 0, 0, 0.17%, 7, 0, 10, 139.95
1735005184, 225, 16, 39, 0, 0, 0.17%, 7, 0, 10, 131.44
1735005189, 225, 17, 39, 0, 0, 0.17%, 7, 0, 10, 132.96
1735005194, 225, 33, 39, 0, 0, 0.17%, 7, 0, 10, 149.82
1735005204, 226, 12, 39, 0, 0, 0.17%, 7, 0, 10, 136.40
1735005210, 226, 13, 39, 0, 0, 0.17%, 7, 0, 10, 136.32
1735005215, 226, 16, 39, 0, 0, 0.17%, 7, 0, 10, 147.29
1735005220, 227, 13, 39, 0, 0, 0.17%, 7, 0, 10, 133.43
1735005225, 227, 16, 39, 0, 0, 0.17%, 7, 0, 10, 137.51
1735005230, 227, 30, 39, 0, 0, 0.17%, 7, 0, 10, 142.40
1735005235, 228, 9, 39, 0, 0, 0.17%, 7, 0, 10, 140.91
1735005241, 228, 13, 39, 0, 0, 0.17%, 7, 0, 10, 135.94
1735005246, 228, 16, 39, 0, 0, 0.17%, 7, 0, 10, 128.63
1735005251, 228, 20, 39, 0, 0, 0.17%, 7, 0, 10, 142.74
1735005256, 228, 33, 39, 0, 0, 0.17%, 7, 0, 10, 147.63
1735005271, 229, 12, 39, 0, 0, 0.17%, 7, 0, 10, 143.54
1735005277, 229, 13, 39, 0, 0, 0.17%, 7, 0, 10, 142.46
1735005282, 229, 36, 39, 0, 0, 0.17%, 7, 0, 10, 138.89
1735005297, 230, 13, 39, 0, 0, 0.17%, 7, 0, 10, 137.07
1735005302, 230, 16, 39, 0, 0, 0.17%, 7, 0, 10, 139.59
1735005307, 231, 13, 39, 0, 0, 0.17%, 7, 0, 10, 143.88
1735005317, 231, 16, 39, 0, 0, 0.17%, 7, 0, 10, 140.59
1735005323, 231, 26, 39, 0, 0, 0.17%, 7, 0, 10, 143.95
1735005328, 232, 13, 39, 0, 0, 0.17%, 7, 0, 10, 136.98
1735005333, 232, 16, 39, 0, 0, 0.17%, 7, 0, 10, 137.62
1735005338, 232, 31, 39, 0, 0, 0.17%, 7, 0, 10, 142.99
1735005348, 232, 38, 39, 0, 0, 0.17%, 7, 0, 10, 149.17
1735005354, 233, 2, 39, 0, 0, 0.17%, 7, 0, 10, 141.72
1735005359, 233, 13, 39, 0, 0, 0.17%, 7, 0, 10, 127.68
1735005364, 233, 16, 39, 0, 0, 0.17%, 7, 0, 10, 138.46
1735005369, 233, 24, 39, 0, 0, 0.17%, 7, 0, 10, 139.74
1735005374, 234, 8, 39, 0, 0, 0.17%, 7, 0, 10, 141.62
1735005379, 234, 13, 39, 0, 0, 0.17%, 7, 0, 10, 136.28
1735005384, 234, 16, 39, 0, 0, 0.17%, 7, 0, 10, 137.34
1735005389, 235, 13, 39, 0, 0, 0.17%, 7, 0, 10, 132.47
1735005394, 235, 14, 39, 0, 0, 0.17%, 7, 0, 10, 133.64
1735005405, 235, 16, 39, 0, 0, 0.17%, 7, 0, 10, 135.27
1735005410, 236, 13, 39, 0, 0, 0.17%, 7, 0, 10, 137.17
1735005415, 236, 16, 39, 0, 0, 0.17%, 7, 0, 10, 144.08
1735005420, 237, 13, 39, 0, 0, 0.17%, 7, 0, 10, 146.37
1735005426, 237, 16, 39, 0, 0, 0.17%, 7, 0, 10, 134.20
1735005436, 237, 24, 39, 0, 0, 0.17%, 7, 0, 10, 139.88
1735005441, 238, 13, 39, 0, 0, 0.17%, 7, 0, 10, 138.42
1735005446, 238, 16, 39, 0, 0, 0.17%, 7, 0, 10, 135.08
1735005451, 239, 12, 39, 0, 0, 0.17%, 7, 0, 10, 136.92
1735005456, 239, 13, 39, 0, 0, 0.17%, 7, 0, 10, 135.49
1735005461, 239, 16, 39, 0, 0, 0.17%, 7, 0, 10, 137.03
1735005467, 240, 12, 39, 0, 0, 0.17%, 7, 0, 10, 137.26
1735005472, 240, 13, 39, 0, 0, 0.17%, 7, 0, 10, 138.61
1735005477, 240, 16, 39, 0, 0, 0.17%, 7, 0, 10, 136.61
1735005482, 241, 13, 39, 0, 0, 0.17%, 7, 0, 10, 132.19
1735005487, 241, 16, 39, 0, 0, 0.17%, 7, 0, 10, 132.99
1735005492, 242, 12, 39, 0, 0, 0.17%, 7, 0, 10, 137.59
1735005498, 242, 13, 39, 0, 0, 0.17%, 7, 0, 10, 137.57
1735005503, 242, 18, 39, 0, 0, 0.17%, 7, 0, 10, 145.24
1735005508, 243, 12, 39, 0, 0, 0.17%, 7, 0, 10, 145.76
1735005513, 243, 13, 39, 0, 0, 0.17%, 7, 0, 10, 138.64
1735005518, 243, 16, 39, 0, 0, 0.17%, 7, 0, 10, 137.44
1735005524, 243, 35, 39, 0, 0, 0.17%, 7, 0, 10, 163.02
1735005534, 244, 12, 39, 0, 0, 0.17%, 7, 0, 10, 135.75
1735005539, 244, 13, 39, 0, 0, 0.17%, 7, 0, 10, 138.52
1735005544, 244, 16, 39, 0, 0, 0.17%, 7, 0, 10, 137.69
1735005549, 244, 21, 39, 0, 0, 0.17%, 7, 0, 10, 135.71
1735005555, 244, 31, 39, 0, 0, 0.17%, 7, 0, 10, 146.46
1735005560, 245, 13, 39, 0, 0, 0.17%, 7, 0, 10, 138.66
1735005565, 245, 16, 39, 0, 0, 0.17%, 7, 0, 10, 140.09
1735005570, 246, 0, 39, 0, 0, 0.17%, 7, 0, 10, 136.36
1735005575, 246, 13, 39, 0, 0, 0.17%, 7, 0, 10, 136.92
1735005580, 246, 16, 39, 0, 0, 0.17%, 7, 0, 10, 136.59
1735005586, 246, 19, 39, 0, 0, 0.17%, 7, 0, 10, 140.24
1735005591, 247, 10, 39, 0, 0, 0.17%, 7, 0, 10, 139.99
1735005596, 247, 13, 39, 0, 0, 0.17%, 7, 0, 10, 136.28
1735005601, 247, 16, 39, 0, 0, 0.17%, 7, 0, 10, 136.83
1735005606, 248, 12, 39, 0, 0, 0.17%, 7, 0, 10, 133.16
1735005611, 248, 13, 39, 0, 0, 0.17%, 7, 0, 10, 144.18
1735005616, 248, 16, 39, 0, 0, 0.17%, 7, 0, 10, 138.10
1735005621, 249, 13, 39, 0, 0, 0.17%, 7, 0, 10, 138.41
1735005627, 249, 16, 39, 0, 0, 0.17%, 7, 0, 10, 137.06
1735005632, 249, 25, 39, 0, 0, 0.17%, 7, 0, 10, 141.09
1735005642, 250, 13, 39, 0, 0, 0.17%, 7, 0, 10, 136.25
1735005647, 250, 16, 39, 0, 0, 0.17%, 7, 0, 10, 136.37
1735005652, 250, 31, 39, 0, 0, 0.17%, 7, 0, 10, 151.78
1735005663, 250, 33, 39, 0, 0, 0.17%, 7, 0, 10, 144.63
1735005673, 251, 13, 39, 0, 0, 0.17%, 7, 0, 10, 140.87
1735005678, 251, 16, 39, 0, 0, 0.17%, 7, 0, 10, 132.64
1735005683, 251, 22, 39, 0, 0, 0.17%, 7, 0, 10, 139.38
1735005688, 251, 31, 39, 0, 0, 0.17%, 7, 0, 10, 151.72
1735005698, 252, 12, 39, 0, 0, 0.17%, 7, 0, 10, 139.33
1735005704, 252, 13, 39, 0, 0, 0.17%, 7, 0, 10, 131.43
1735005709, 252, 16, 39, 0, 0, 0.17%, 7, 0, 10, 136.71
1735005714, 253, 13, 39, 0, 0, 0.17%, 7, 0, 10, 137.57
1735005719, 253, 16, 39, 0, 0, 0.17%, 7, 0, 10, 144.25
1735005724, 254, 12, 39, 0, 0, 0.17%, 7, 0, 10, 139.79
1735005729, 254, 13, 39, 0, 0, 0.17%, 7, 0, 10, 137.73
1735005734, 254, 16, 39, 0, 0, 0.17%, 7, 0, 10, 129.92
1735005740, 254, 20, 39, 0, 0, 0.17%, 7, 0, 10, 141.85
1735005745, 254, 24, 39, 0, 0, 0.17%, 7, 0, 10, 140.46
1735005750, 254, 36, 39, 0, 0, 0.17%, 7, 0, 10, 143.92
1735005765, 255, 13, 39, 0, 0, 0.17%, 7, 0, 10, 134.29
1735005771, 255, 16, 39, 0, 0, 0.17%, 7, 0, 10, 140.42
1735005776, 256, 12, 39, 0, 0, 0.17%, 7, 0, 10, 140.64
1735005781, 256, 13, 39, 0, 0, 0.17%, 7, 0, 10, 135.61
1735005786, 256, 16, 39, 0, 0, 0.17%, 7, 0, 10, 135.87
1735005791, 256, 33, 39, 0, 0, 0.17%, 7, 0, 10, 153.67
1735005802, 257, 13, 39, 0, 0, 0.17%, 7, 0, 10, 135.48
1735005807, 257, 16, 39, 0, 0, 0.17%, 7, 0, 10, 132.71
1735005812, 257, 38, 39, 0, 0, 0.17%, 7, 0, 10, 141.18
1735005822, 258, 13, 39, 0, 0, 0.17%, 7, 0, 10, 131.70
1735005828, 258, 16, 39, 0, 0, 0.17%, 7, 0, 10, 135.46
1735005833, 258, 35, 39, 0, 0, 0.17%, 7, 0, 10, 140.58
1735005848, 258, 38, 39, 0, 0, 0.17%, 7, 0, 10, 142.91
1735005853, 259, 12, 39, 0, 0, 0.17%, 7, 0, 10, 137.29
1735005859, 259, 13, 39, 0, 0, 0.17%, 7, 0, 10, 136.91
1735005864, 259, 16, 39, 0, 0, 0.17%, 7, 0, 10, 141.27
1735005869, 259, 36, 39, 0, 0, 0.17%, 7, 0, 10, 151.33
1735005879, 260, 12, 39, 0, 0, 0.17%, 7, 0, 10, 133.51
1735005884, 260, 13, 39, 0, 0, 0.17%, 7, 0, 10, 131.55
1735005889, 260, 16, 39, 0, 0, 0.17%, 7, 0, 10, 131.30
1735005894, 260, 31, 39, 0, 0, 0.17%, 7, 0, 10, 153.91
1735005900, 261, 9, 39, 0, 0, 0.17%, 7, 0, 10, 143.94
1735005905, 261, 13, 39, 0, 0, 0.17%, 7, 0, 10, 131.19
1735005910, 261, 16, 39, 0, 0, 0.17%, 7, 0, 10, 136.80
1735005915, 261, 28, 39, 0, 0, 0.17%, 7, 0, 10, 145.32
1735005925, 261, 32, 39, 0, 0, 0.17%, 7, 0, 10, 146.44
1735005936, 261, 36, 39, 0, 0, 0.17%, 7, 0, 10, 148.18
1735005946, 262, 13, 39, 0, 0, 0.17%, 7, 0, 10, 139.28
1735005951, 262, 16, 39, 0, 0, 0.17%, 7, 0, 10, 136.54
1735005956, 262, 24, 39, 0, 0, 0.17%, 7, 0, 10, 141.19
1735005961, 262, 38, 39, 0, 0, 0.17%, 7, 0, 10, 150.21
1735005972, 263, 12, 39, 0, 0, 0.17%, 7, 0, 10, 139.40
1735005977, 263, 13, 39, 0, 0, 0.17%, 7, 0, 10, 135.76
1735005982, 263, 16, 39, 0, 0, 0.17%, 7, 0, 10, 141.66
1735005987, 263, 33, 39, 0, 0, 0.17%, 7, 0, 10, 151.94
1735005998, 264, 13, 39, 0, 0, 0.17%, 7, 0, 10, 139.99
1735006003, 264, 16, 39, 0, 0, 0.17%, 7, 0, 10, 135.54
1735006008, 265, 12, 39, 0, 0, 0.17%, 7, 0, 10, 141.43
1735006013, 265, 13, 39, 0, 0, 0.17%, 7, 0, 10, 133.37
1735006018, 265, 14, 39, 0, 0, 0.17%, 7, 0, 10, 139.57
1735006023, 265, 16, 39, 0, 0, 0.17%, 7, 0, 10, 135.10
1735006028, 265, 32, 39, 0, 0, 0.17%, 7, 0, 10, 151.82
1735006039, 266, 13, 39, 0, 0, 0.17%, 7, 0, 10, 137.42
1735006044, 266, 16, 39, 0, 0, 0.17%, 7, 0, 10, 134.12
1735006049, 266, 20, 39, 0, 0, 0.17%, 7, 0, 10, 146.24
1735006059, 266, 35, 39, 0, 0, 0.17%, 7, 0, 10, 156.75
1735006070, 267, 13, 39, 0, 0, 0.17%, 7, 0, 10, 140.98
1735006075, 267, 16, 39, 0, 0, 0.17%, 7, 0, 10, 140.75
1735006080, 267, 18, 39, 0, 0, 0.17%, 7, 0, 10, 144.71
1735006085, 267, 28, 39, 0, 0, 0.17%, 7, 0, 10, 136.01
1735006096, 268, 13, 39, 0, 0, 0.17%, 7, 0, 10, 136.54
1735006101, 268, 16, 39, 0, 0, 0.17%, 7, 0, 10, 136.84
1735006106, 269, 2, 39, 0, 0, 0.17%, 7, 0, 10, 127.74
1735006111, 269, 12, 39, 0, 0, 0.17%, 7, 0, 10, 133.22
1735006116, 269, 13, 39, 0, 0, 0.17%, 7, 0, 10, 128.06
1735006121, 269, 14, 39, 0, 0, 0.17%, 7, 0, 10, 131.96
1735006126, 269, 16, 39, 0, 0, 0.17%, 7, 0, 10, 138.45
1735006131, 269, 34, 39, 0, 0, 0.17%, 7, 0, 10, 166.95
1735006142, 269, 36, 39, 0, 0, 0.17%, 7, 0, 10, 140.80
1735006152, 270, 12, 39, 0, 0, 0.17%, 7, 0, 10, 137.86
1735006157, 270, 13, 39, 0, 0, 0.17%, 7, 0, 10, 132.94
1735006162, 270, 16, 39, 0, 0, 0.17%, 7, 0, 10, 139.83
1735006167, 271, 13, 39, 0, 0, 0.17%, 7, 0, 10, 138.49
1735006173, 271, 16, 39, 0, 0, 0.17%, 7, 0, 10, 138.77
1735006178, 271, 27, 39, 0, 0, 0.17%, 7, 0, 10, 159.40
1735006183, 271, 30, 39, 0, 0, 0.17%, 7, 0, 10, 149.99
1735006188, 272, 12, 39, 0, 0, 0.17%, 7, 0, 10, 139.23
1735006193, 272, 13, 39, 0, 0, 0.17%, 7, 0, 10, 136.10
1735006198, 272, 16, 39, 0, 0, 0.17%, 7, 0, 10, 137.60
1735006203, 272, 21, 39, 0, 0, 0.17%, 7, 0, 10, 148.52
1735006209, 273, 13, 39, 0, 0, 0.17%, 7, 0, 10, 139.89
1735006214, 273, 16, 39, 0, 0, 0.17%, 7, 0, 10, 136.75
1735006219, 273, 35, 39, 0, 0, 0.17%, 7, 0, 10, 157.95
1735006234, 274, 13, 39, 0, 0, 0.17%, 7, 0, 10, 136.19
1735006239, 274, 16, 39, 0, 0, 0.17%, 7, 0, 10, 135.87
1735006245, 274, 17, 39, 0, 0, 0.17%, 7, 0, 10, 142.66
1735006250, 274, 21, 39, 0, 0, 0.17%, 7, 0, 10, 130.27
1735006260, 274, 23, 39, 0, 0, 0.17%, 7, 0, 10, 147.05
1735006265, 275, 12, 39, 0, 0, 0.17%, 7, 0, 10, 136.41
1735006270, 275, 13, 39, 0, 0, 0.17%, 7, 0, 10, 140.86
1735006275, 275, 17, 39, 0, 0, 0.17%, 7, 0, 10, 143.26
1735006280, 275, 36, 39, 0, 0, 0.17%, 7, 0, 10, 144.18
1735006296, 276, 13, 39, 0, 0, 0.17%, 7, 0, 10, 140.68
1735006301, 276, 16, 39, 0, 0, 0.17%, 7, 0, 10, 141.86
1735006306, 276, 17, 39, 0, 0, 0.17%, 7, 0, 10, 135.27
1735006311, 276, 18, 39, 0, 0, 0.17%, 7, 0, 10, 142.70
1735006316, 276, 22, 39, 0, 0, 0.17%, 7, 0, 10, 138.23
1735006321, 277, 6, 39, 0, 0, 0.17%, 7, 0, 10, 136.82
1735006327, 277, 13, 39, 0, 0, 0.17%, 7, 0, 10, 138.09
1735006332, 277, 16, 39, 0, 0, 0.17%, 7, 0, 10, 132.26
1735006337, 277, 17, 39, 0, 0, 0.17%, 7, 0, 10, 132.94
1735006342, 277, 28, 39, 0, 0, 0.17%, 7, 0, 10, 132.55
1735006352, 277, 33, 39, 0, 0, 0.17%, 7, 0, 10, 153.73
1735006363, 278, 12, 39, 0, 0, 0.17%, 7, 0, 10, 140.94
1735006368, 278, 13, 39, 0, 0, 0.17%, 7, 0, 10, 139.47
1735006373, 278, 16, 39, 0, 0, 0.17%, 7, 0, 10, 136.49
1735006378, 278, 20, 39, 0, 0, 0.17%, 7, 0, 10, 143.51
1735006383, 278, 21, 39, 0, 0, 0.17%, 7, 0, 10, 139.53
1735006389, 278, 23, 39, 0, 0, 0.17%, 7, 0, 10, 143.88
1735006399, 278, 36, 39, 0, 0, 0.17%, 7, 0, 10, 146.05
1735006409, 279, 13, 39, 0, 0, 0.17%, 7, 0, 10, 142.86
1735006414, 279, 16, 39, 0, 0, 0.17%, 7, 0, 10, 142.34
1735006419, 279, 19, 39, 0, 0, 0.17%, 7, 0, 10, 137.99
1735006425, 280, 0, 39, 0, 0, 0.17%, 7, 0, 10, 136.55
1735006430, 280, 13, 39, 0, 0, 0.17%, 7, 0, 10, 139.92
1735006435, 280, 16, 39, 0, 0, 0.17%, 7, 0, 10, 142.71
1735006440, 280, 27, 39, 0, 0, 0.17%, 7, 0, 10, 146.74
1735006450, 281, 12, 39, 0, 0, 0.17%, 7, 0, 10, 146.65
1735006455, 281, 13, 39, 0, 0, 0.17%, 7, 0, 10, 129.97
1735006461, 281, 16, 39, 0, 0, 0.17%, 7, 0, 10, 135.18
1735006466, 281, 20, 39, 0, 0, 0.17%, 7, 0, 10, 137.62
1735006471, 282, 12, 39, 0, 0, 0.17%, 7, 0, 10, 140.66
1735006476, 282, 13, 39, 0, 0, 0.17%, 7, 0, 10, 138.45
1735006481, 282, 16, 39, 0, 0, 0.17%, 7, 0, 10, 146.43
1735006486, 283, 13, 39, 0, 0, 0.17%, 7, 0, 10, 134.82
1735006492, 283, 16, 39, 0, 0, 0.17%, 7, 0, 10, 139.60
1735006497, 284, 12, 39, 0, 0, 0.17%, 7, 0, 10, 133.15
1735006502, 284, 13, 39, 0, 0, 0.17%, 7, 0, 10, 148.88
1735006507, 284, 16, 39, 0, 0, 0.17%, 7, 0, 10, 142.33
1735006512, 284, 22, 39, 0, 0, 0.17%, 7, 0, 10, 138.91
1735006517, 284, 28, 39, 0, 0, 0.17%, 7, 0, 10, 142.93
1735006523, 285, 12, 39, 0, 0, 0.17%, 7, 0, 10, 139.09
1735006528, 285, 13, 39, 0, 0, 0.17%, 7, 0, 10, 132.74
1735006533, 285, 16, 39, 0, 0, 0.17%, 7, 0, 10, 134.54
1735006538, 286, 13, 39, 0, 0, 0.17%, 7, 0, 10, 133.75
1735006543, 286, 16, 39, 0, 0, 0.17%, 7, 0, 10, 137.28
1735006548, 286, 34, 39, 0, 0, 0.17%, 7, 0, 10, 157.59
1735006558, 287, 7, 39, 0, 0, 0.17%, 7, 0, 10, 139.20
1735006564, 287, 13, 39, 0, 0, 0.17%, 7, 0, 10, 136.97
1735006569, 287, 16, 39, 0, 0, 0.17%, 7, 0, 10, 132.69
1735006574, 287, 32, 39, 0, 0, 0.17%, 7, 0, 10, 147.18
1735006584, 287, 33, 39, 0, 0, 0.17%, 7, 0, 10, 144.80
1735006600, 288, 13, 39, 0, 0, 0.17%, 7, 0, 10, 138.92
1735006605, 288, 16, 39, 0, 0, 0.17%, 7, 0, 10, 134.83
1735006610, 288, 17, 39, 0, 0, 0.17%, 7, 0, 10, 140.87
1735006615, 289, 12, 39, 0, 0, 0.17%, 7, 0, 10, 139.14
1735006620, 289, 13, 39, 0, 0, 0.17%, 7, 0, 10, 146.90
1735006626, 289, 27, 39, 0, 0, 0.17%, 7, 0, 10, 141.44
1735006636, 289, 35, 39, 0, 0, 0.17%, 7, 0, 10, 173.53
1735006646, 290, 13, 39, 0, 0, 0.17%, 7, 0, 10, 143.52
1735006651, 290, 16, 39, 0, 0, 0.17%, 7, 0, 10, 134.43
1735006656, 290, 26, 39, 0, 0, 0.17%, 7, 0, 10, 137.85
1735006662, 290, 38, 39, 0, 0, 0.17%, 7, 0, 10, 145.08
1735006672, 291, 10, 39, 0, 0, 0.17%, 7, 0, 10, 146.15
1735006677, 291, 13, 39, 0, 0, 0.17%, 7, 0, 10, 137.81
1735006682, 291, 16, 39, 0, 0, 0.17%, 7, 0, 10, 135.78
1735006687, 291, 21, 39, 0, 0, 0.17%, 7, 0, 10, 136.53
1735006692, 291, 23, 39, 0, 0, 0.17%, 7, 0, 10, 146.97
1735006703, 291, 26, 39, 0, 0, 0.17%, 7, 0, 10, 139.08
1735006708, 291, 29, 39, 0, 0, 0.17%, 7, 0, 10, 136.17
1735006713, 292, 1, 39, 0, 0, 0.17%, 7, 0, 10, 137.01
1735006718, 292, 12, 39, 0, 0, 0.17%, 7, 0, 10, 139.48
1735006723, 292, 13, 39, 0, 0, 0.17%, 7, 0, 10, 134.44
1735006728, 292, 16, 39, 0, 0, 0.17%, 7, 0, 10, 151.23
1735006734, 292, 24, 39, 0, 0, 0.17%, 7, 0, 10, 147.02
1735006739, 293, 12, 39, 0, 0, 0.17%, 7, 0, 10, 139.36
1735006744, 293, 13, 39, 0, 0, 0.17%, 7, 0, 10, 132.23
1735006749, 293, 16, 39, 0, 0, 0.17%, 7, 0, 10, 129.85
1735006754, 294, 13, 39, 0, 0, 0.17%, 7, 0, 10, 133.49
1735006759, 294, 16, 39, 0, 0, 0.17%, 7, 0, 10, 136.88
1735006764, 294, 22, 39, 0, 0, 0.17%, 7, 0, 10, 140.19
1735006770, 295, 11, 39, 0, 0, 0.17%, 7, 0, 10, 135.70
1735006775, 295, 13, 39, 0, 0, 0.17%, 7, 0, 10, 134.18
1735006780, 295, 16, 39, 0, 0, 0.17%, 7, 0, 10, 140.01
1735006785, 295, 25, 39, 0, 0, 0.17%, 7, 0, 10, 141.19
1735006795, 295, 36, 39, 0, 0, 0.17%, 7, 0, 10, 152.67
1735006805, 296, 13, 39, 0, 0, 0.17%, 7, 0, 10, 140.00
1735006811, 296, 16, 39, 0, 0, 0.17%, 7, 0, 10, 131.90
1735006816, 296, 19, 39, 0, 0, 0.17%, 7, 0, 10, 137.80
1735006821, 296, 24, 39, 0, 0, 0.17%, 7, 0, 10, 148.11
1735006826, 297, 2, 39, 0, 0, 0.17%, 7, 0, 10, 129.46
1735006831, 297, 12, 39, 0, 0, 0.17%, 7, 0, 10, 131.02
1735006836, 297, 13, 39, 0, 0, 0.17%, 7, 0, 10, 138.89
1735006842, 297, 16, 39, 0, 0, 0.17%, 7, 0, 10, 131.31
1735006847, 298, 13, 39, 0, 0, 0.17%, 7, 0, 10, 133.17
1735006852, 298, 16, 39, 0, 0, 0.17%, 7, 0, 10, 136.98
1735006857, 298, 17, 39, 0, 0, 0.17%, 7, 0, 10, 140.50
1735006862, 298, 21, 39, 0, 0, 0.17%, 7, 0, 10, 139.00
1735006867, 298, 29, 39, 0, 0, 0.17%, 7, 0, 10, 141.44
1735006878, 299, 12, 39, 0, 0, 0.17%, 7, 0, 10, 135.87
1735006883, 299, 13, 39, 0, 0, 0.17%, 7, 0, 10, 134.07
1735006888, 299, 32, 39, 0, 0, 0.17%, 7, 0, 10, 144.42
1735006904, 299, 33, 39, 0, 0, 0.17%, 7, 0, 10, 148.90
1735006914, 299, 38, 39, 0, 0, 0.17%, 7, 0, 10, 158.30
1735006919, 300, 12, 39, 0, 0, 0.17%, 7, 0, 10, 138.37
1735006924, 300, 13, 39, 0, 0, 0.17%, 7, 0, 10, 137.82
1735006929, 300, 16, 39, 0, 0, 0.17%, 7, 0, 10, 134.67
1735006934, 300, 19, 39, 0, 0, 0.17%, 7, 0, 10, 137.29
1735006940, 300, 26, 39, 0, 0, 0.17%, 7, 0, 10, 149.74
1735006945, 301, 12, 39, 0, 0, 0.17%, 7, 0, 10, 141.93
1735006950, 301, 13, 39, 0, 0, 0.17%, 7, 0, 10, 140.69
1735006955, 301, 15, 39, 0, 0, 0.17%, 7, 0, 10, 142.28
1735006960, 301, 16, 39, 0, 0, 0.17%, 7, 0, 10, 143.92
1735006965, 302, 13, 39, 0, 0, 0.17%, 7, 0, 10, 142.36
1735006971, 302, 16, 39, 0, 0, 0.17%, 7, 0, 10, 138.93
1735006976, 303, 12, 39, 0, 0, 0.17%, 7, 0, 10, 136.62
1735006981, 303, 13, 39, 0, 0, 0.17%, 7, 0, 10, 140.08
1735006986, 303, 14, 39, 0, 0, 0.17%, 7, 0, 10, 142.21
1735006991, 303, 16, 39, 0, 0, 0.17%, 7, 0, 10, 134.22
1735006996, 304, 13, 39, 0, 0, 0.17%, 7, 0, 10, 132.98
1735007001, 304, 16, 39, 0, 0, 0.17%, 7, 0, 10, 134.77
1735007007, 304, 25, 39, 0, 0, 0.17%, 7, 0, 10, 140.75
1735007017, 305, 9, 39, 0, 0, 0.17%, 7, 0, 10, 135.23
1735007022, 305, 13, 39, 0, 0, 0.17%, 7, 0, 10, 130.78
1735007027, 305, 16, 39, 0, 0, 0.17%, 7, 0, 10, 139.94
1735007032, 305, 33, 39, 0, 0, 0.17%, 7, 0, 10, 150.21
1735007043, 306, 12, 39, 0, 0, 0.17%, 7, 0, 10, 127.62
1735007048, 306, 13, 39, 0, 0, 0.17%, 7, 0, 10, 137.12
1735007053, 306, 16, 39, 0, 0, 0.17%, 7, 0, 10, 136.97
1735007058, 307, 13, 39, 0, 0, 0.17%, 7, 0, 10, 133.38
1735007063, 307, 16, 39, 0, 0, 0.17%, 7, 0, 10, 132.02
1735007068, 308, 7, 39, 0, 0, 0.17%, 7, 0, 10, 143.48
1735007074, 308, 13, 39, 0, 0, 0.17%, 7, 0, 10, 140.41
1735007079, 308, 16, 39, 0, 0, 0.17%, 7, 0, 10, 142.86
1735007084, 308, 29, 39, 0, 0, 0.17%, 7, 0, 10, 146.41
1735007094, 308, 31, 39, 0, 0, 0.17%, 7, 0, 10, 139.90
1735007099, 309, 12, 39, 0, 0, 0.17%, 7, 0, 10, 133.38
1735007105, 309, 13, 39, 0, 0, 0.17%, 7, 0, 10, 137.21
1735007110, 310, 0, 39, 0, 0, 0.17%, 7, 0, 10, 144.48
1735007115, 310, 13, 39, 0, 0, 0.17%, 7, 0, 10, 136.64
1735007120, 310, 16, 39, 0, 0, 0.17%, 7, 0, 10, 137.15
1735007125, 311, 12, 39, 0, 0, 0.17%, 7, 0, 10, 137.70
1735007130, 311, 13, 39, 0, 0, 0.17%, 7, 0, 10, 137.19
1735007136, 311, 16, 39, 0, 0, 0.17%, 7, 0, 10, 135.86
1735007141, 312, 6, 39, 0, 0, 0.17%, 7, 0, 10, 132.69
1735007146, 312, 13, 39, 0, 0, 0.17%, 7, 0, 10, 131.02
1735007151, 312, 16, 39, 0, 0, 0.17%, 7, 0, 10, 135.68
1735007156, 313, 7, 39, 0, 0, 0.17%, 7, 0, 10, 134.56
1735007161, 313, 13, 39, 0, 0, 0.17%, 7, 0, 10, 132.61
1735007166, 313, 16, 39, 0, 0, 0.17%, 7, 0, 10, 141.46
1735007171, 313, 27, 39, 0, 0, 0.17%, 7, 0, 10, 152.41
1735007177, 313, 31, 39, 0, 0, 0.17%, 7, 0, 10, 159.72
1735007182, 313, 34, 39, 0, 0, 0.17%, 7, 0, 10, 156.27
1735007197, 314, 13, 39, 0, 0, 0.17%, 7, 0, 10, 133.88
1735007207, 314, 20, 39, 0, 0, 0.17%, 7, 0, 10, 141.16
1735007217, 315, 12, 39, 0, 0, 0.17%, 7, 0, 10, 138.27
1735007222, 315, 13, 39, 0, 0, 0.17%, 7, 0, 10, 137.92
1735007228, 315, 16, 39, 0, 0, 0.17%, 7, 0, 10, 132.64
1735007233, 315, 29, 39, 0, 0, 0.17%, 7, 0, 10, 142.89
1735007238, 316, 2, 39, 0, 0, 0.17%, 7, 0, 10, 139.84
1735007243, 316, 13, 39, 0, 0, 0.17%, 7, 0, 10, 135.62
1735007248, 316, 16, 39, 0, 0, 0.17%, 7, 0, 10, 139.03
1735007253, 317, 12, 39, 0, 0, 0.17%, 7, 0, 10, 142.77
1735007259, 317, 13, 39, 0, 0, 0.17%, 7, 0, 10, 136.50
1735007264, 317, 16, 39, 0, 0, 0.17%, 7, 0, 10, 142.10
1735007269, 318, 13, 39, 0, 0, 0.17%, 7, 0, 10, 142.30
1735007274, 318, 16, 39, 0, 0, 0.17%, 7, 0, 10, 138.28
1735007279, 318, 22, 39, 0, 0, 0.17%, 7, 0, 10, 138.71
1735007284, 318, 29, 39, 0, 0, 0.17%, 7, 0, 10, 144.19
1735007295, 319, 7, 39, 0, 0, 0.17%, 7, 0, 10, 137.78
1735007300, 319, 13, 39, 0, 0, 0.17%, 7, 0, 10, 140.79
1735007305, 319, 16, 39, 0, 0, 0.17%, 7, 0, 10, 146.95
1735007310, 320, 12, 39, 0, 0, 0.17%, 7, 0, 10, 143.49
1735007315, 320, 13, 39, 0, 0, 0.17%, 7, 0, 10, 135.84
1735007321, 320, 16, 39, 0, 0, 0.17%, 7, 0, 10, 136.62
1735007326, 321, 4, 39, 0, 0, 0.17%, 7, 0, 10, 141.84
1735007331, 321, 12, 39, 0, 0, 0.17%, 7, 0, 10, 139.01
1735007336, 321, 13, 39, 0, 0, 0.17%, 7, 0, 10, 136.47
1735007341, 321, 17, 39, 0, 0, 0.17%, 7, 0, 10, 137.51
1735007346, 322, 5, 39, 0, 0, 0.17%, 7, 0, 10, 134.04
1735007352, 322, 13, 39, 0, 0, 0.17%, 7, 0, 10, 132.54
1735007357, 322, 16, 39, 0, 0, 0.17%, 7, 0, 10, 136.81
1735007362, 323, 9, 39, 0, 0, 0.17%, 7, 0, 10, 138.20
1735007367, 323, 13, 39, 0, 0, 0.17%, 7, 0, 10, 140.41
1735007372, 323, 16, 39, 0, 0, 0.17%, 7, 0, 10, 139.14
1735007377, 324, 5, 39, 0, 0, 0.17%, 7, 0, 10, 136.91
1735007383, 324, 13, 39, 0, 0, 0.17%, 7, 0, 10, 133.56
1735007388, 324, 15, 39, 0, 0, 0.17%, 7, 0, 10, 150.36
1735007393, 324, 16, 39, 0, 0, 0.17%, 7, 0, 10, 140.61
1735007398, 324, 33, 39, 0, 0, 0.17%, 7, 0, 10, 153.30
1735007408, 325, 13, 39, 0, 0, 0.17%, 7, 0, 10, 147.30
1735007419, 326, 1, 39, 0, 0, 0.17%, 7, 0, 10, 134.44
1735007424, 326, 12, 39, 0, 0, 0.17%, 7, 0, 10, 138.00
1735007429, 326, 13, 39, 0, 0, 0.17%, 7, 0, 10, 138.04
1735007434, 326, 16, 39, 0, 0, 0.17%, 7, 0, 10, 136.33
1735007439, 326, 33, 39, 0, 0, 0.17%, 7, 0, 10, 147.24
1735007450, 326, 38, 39, 0, 0, 0.17%, 7, 0, 10, 157.65
1735007460, 327, 13, 39, 0, 0, 0.17%, 7, 0, 10, 137.24
1735007465, 327, 16, 39, 0, 0, 0.17%, 7, 0, 10, 134.01
1735007470, 328, 12, 39, 0, 0, 0.17%, 7, 0, 10, 146.17
1735007475, 328, 13, 39, 0, 0, 0.17%, 7, 0, 10, 142.11
1735007481, 328, 16, 39, 0, 0, 0.17%, 7, 0, 10, 144.02
1735007486, 328, 18, 39, 0, 0, 0.17%, 7, 0, 10, 148.62
1735007491, 329, 13, 39, 0, 0, 0.17%, 7, 0, 10, 142.24
1735007496, 329, 16, 39, 0, 0, 0.17%, 7, 0, 10, 136.20
1735007501, 330, 11, 39, 0, 0, 0.17%, 7, 0, 10, 137.80
1735007506, 330, 13, 39, 0, 0, 0.17%, 7, 0, 10, 134.37
1735007511, 330, 16, 39, 0, 0, 0.17%, 7, 0, 10, 135.47
1735007517, 330, 32, 39, 0, 0, 0.17%, 7, 0, 10, 144.49
1735007527, 331, 11, 39, 0, 0, 0.17%, 7, 0, 10, 140.49
1735007532, 331, 13, 39, 0, 0, 0.17%, 7, 0, 10, 138.46
1735007537, 331, 16, 39, 0, 0, 0.17%, 7, 0, 10, 139.70
1735007542, 331, 26, 39, 0, 0, 0.17%, 7, 0, 10, 141.20
1735007548, 331, 32, 39, 0, 0, 0.17%, 7, 0, 10, 140.05
1735007563, 332, 13, 39, 0, 0, 0.17%, 7, 0, 10, 143.11
1735007568, 332, 15, 39, 0, 0, 0.17%, 7, 0, 10, 136.57
1735007573, 332, 16, 39, 0, 0, 0.17%, 7, 0, 10, 145.24
1735007578, 333, 12, 39, 0, 0, 0.17%, 7, 0, 10, 142.59
1735007583, 333, 13, 39, 0, 0, 0.17%, 7, 0, 10, 143.15
1735007589, 333, 16, 39, 0, 0, 0.17%, 7, 0, 10, 139.14
1735007594, 333, 24, 39, 0, 0, 0.17%, 7, 0, 10, 142.85
1735007599, 334, 12, 39, 0, 0, 0.17%, 7, 0, 10, 142.90
1735007604, 334, 13, 39, 0, 0, 0.17%, 7, 0, 10, 138.51
1735007609, 334, 21, 39, 0, 0, 0.17%, 7, 0, 10, 145.31
1735007614, 335, 6, 39, 0, 0, 0.17%, 7, 0, 10, 133.90
1735007619, 335, 13, 39, 0, 0, 0.17%, 7, 0, 10, 140.64
1735007624, 335, 16, 39, 0, 0, 0.17%, 7, 0, 10, 142.63
1735007630, 335, 20, 39, 0, 0, 0.17%, 7, 0, 10, 135.37
1735007640, 335, 21, 39, 0, 0, 0.17%, 7, 0, 10, 137.21
1735007645, 336, 13, 39, 0, 0, 0.17%, 7, 0, 10, 130.79
1735007650, 336, 16, 39, 0, 0, 0.17%, 7, 0, 10, 131.67
1735007655, 336, 18, 39, 0, 0, 0.17%, 7, 0, 10, 140.26
1735007661, 336, 33, 39, 0, 0, 0.17%, 7, 0, 10, 135.14
1735007676, 337, 12, 39, 0, 0, 0.17%, 7, 0, 10, 135.28
1735007681, 337, 13, 39, 0, 0, 0.17%, 7, 0, 10, 136.31
