# unix_time, cycles_done, cur_path, paths_total, pending_total, pending_favs, map_size, unique_crashes, unique_hangs, max_depth, execs_per_sec
1735741223, 0, 0, 10, 10, 1, 0.01%, 0, 0, 1, 84.39
1735741228, 0, 2, 10, 10, 1, 0.01%, 0, 0, 1, 104.64
1735741233, 0, 3, 10, 9, 0, 0.01%, 0, 0, 1, 103.17
1735741243, 0, 4, 10, 8, 0, 0.01%, 0, 0, 1, 102.24
1735741253, 0, 5, 10, 7, 0, 0.01%, 0, 0, 1, 100.16
1735741263, 0, 6, 10, 6, 0, 0.01%, 0, 0, 1, 101.63
1735741273, 0, 7, 10, 5, 0, 0.01%, 0, 0, 1, 100.14
1735741283, 0, 8, 10, 4, 0, 0.01%, 0, 0, 1, 99.43
1735741293, 0, 9, 10, 3, 0, 0.01%, 0, 0, 1, 96.89
1735741304, 1, 0, 10, 2, 0, 0.01%, 0, 0, 1, 95.02
1735741319, 1, 1, 10, 1, 0, 0.01%, 0, 0, 1, 108.18
1735741329, 1, 2, 10, 0, 0, 0.01%, 0, 0, 1, 102.57
1735741334, 1, 4, 10, 0, 0, 0.01%, 0, 0, 1, 104.16
1735741340, 1, 5, 10, 0, 0, 0.01%, 0, 0, 1, 101.00
1735741345, 1, 7, 10, 0, 0, 0.01%, 0, 0, 1, 104.32
1735741350, 1, 8, 10, 0, 0, 0.01%, 0, 0, 1, 102.59
1735741355, 2, 0, 10, 0, 0, 0.01%, 0, 0, 1, 102.84
1735741360, 2, 1, 10, 0, 0, 0.01%, 0, 0, 1, 104.91
1735741365, 2, 2, 10, 0, 0, 0.01%, 0, 0, 1, 103.30
1735741370, 2, 4, 10, 0, 0, 0.01%, 0, 0, 1, 105.57
1735741375, 2, 5, 10, 0, 0, 0.01%, 0, 0, 1, 101.93
1735741380, 2, 7, 10, 0, 0, 0.01%, 0, 0, 1, 103.55
1735741385, 2, 8, 10, 0, 0, 0.01%, 0, 0, 1, 104.14
1735741390, 3, 0, 10, 0, 0, 0.01%, 0, 0, 1, 99.92
1735741395, 3, 1, 10, 0, 0, 0.01%, 0, 0, 1, 102.57
1735741401, 3, 2, 10, 0, 0, 0.01%, 0, 0, 1, 105.40
1735741406, 3, 4, 10, 0, 0, 0.01%, 0, 0, 1, 104.13
1735741411, 3, 5, 10, 0, 0, 0.01%, 0, 0, 1, 103.61
1735741416, 3, 7, 10, 0, 0, 0.01%, 0, 0, 1, 101.61
1735741421, 3, 8, 10, 0, 0, 0.01%, 0, 0, 1, 103.59
1735741426, 4, 0, 10, 0, 0, 0.01%, 0, 0, 1, 102.33
1735741431, 4, 1, 10, 0, 0, 0.01%, 0, 0, 1, 102.89
1735741436, 4, 2, 10, 0, 0, 0.01%, 0, 0, 1, 101.37
1735741442, 4, 4, 10, 0, 0, 0.01%, 0, 0, 1, 105.59
1735741447, 4, 5, 10, 0, 0, 0.01%, 0, 0, 1, 104.34
1735741452, 4, 7, 10, 0, 0, 0.01%, 0, 0, 1, 102.43
1735741457, 4, 8, 10, 0, 0, 0.01%, 0, 0, 1, 101.55
1735741462, 5, 0, 10, 0, 0, 0.01%, 0, 0, 1, 104.05
1735741467, 5, 1, 10, 0, 0, 0.01%, 0, 0, 1, 104.48
1735741472, 5, 3, 10, 0, 0, 0.01%, 0, 0, 1, 103.54
1735741478, 5, 4, 10, 0, 0, 0.01%, 0, 0, 1, 104.59
1735741483, 5, 5, 10, 0, 0, 0.01%, 0, 0, 1, 104.12
1735741488, 5, 7, 10, 0, 0, 0.01%, 0, 0, 1, 103.48
1735741493, 5, 8, 10, 0, 0, 0.01%, 0, 0, 1, 103.66
1735741498, 6, 0, 10, 0, 0, 0.01%, 0, 0, 1, 103.09
1735741503, 6, 1, 10, 0, 0, 0.01%, 0, 0, 1, 102.41
1735741509, 6, 3, 10, 0, 0, 0.01%, 0, 0, 1, 102.49
1735741514, 6, 4, 10, 0, 0, 0.01%, 0, 0, 1, 104.05
1735741519, 6, 6, 10, 0, 0, 0.01%, 0, 0, 1, 101.99
1735741524, 6, 7, 10, 0, 0, 0.01%, 0, 0, 1, 103.10
1735741529, 6, 8, 10, 0, 0, 0.01%, 0, 0, 1, 103.82
1735741534, 7, 0, 10, 0, 0, 0.01%, 0, 0, 1, 103.75
1735741540, 7, 1, 10, 0, 0, 0.01%, 0, 0, 1, 102.47
1735741545, 7, 3, 10, 0, 0, 0.01%, 0, 0, 1, 102.92
1735741550, 7, 4, 10, 0, 0, 0.01%, 0, 0, 1, 103.87
1735741555, 7, 6, 10, 0, 0, 0.01%, 0, 0, 1, 103.84
1735741560, 7, 7, 10, 0, 0, 0.01%, 0, 0, 1, 103.81
1735741565, 7, 9, 10, 0, 0, 0.01%, 0, 0, 1, 101.93
1735741570, 8, 0, 10, 0, 0, 0.01%, 0, 0, 1, 104.62
1735741576, 8, 1, 10, 0, 0, 0.01%, 0, 0, 1, 103.14
1735741581, 8, 3, 10, 0, 0, 0.01%, 0, 0, 1, 102.10
1735741586, 8, 4, 10, 0, 0, 0.01%, 0, 0, 1, 102.79
1735741591, 8, 6, 10, 0, 0, 0.01%, 0, 0, 1, 105.18
1735741596, 8, 7, 10, 0, 0, 0.01%, 0, 0, 1, 102.00
1735741601, 8, 9, 10, 0, 0, 0.01%, 0, 0, 1, 103.25
1735741606, 9, 0, 10, 0, 0, 0.01%, 0, 0, 1, 103.88
1735741611, 9, 1, 10, 0, 0, 0.01%, 0, 0, 1, 104.35
1735741616, 9, 3, 10, 0, 0, 0.01%, 0, 0, 1, 104.26
1735741621, 9, 4, 10, 0, 0, 0.01%, 0, 0, 1, 102.55
1735741627, 9, 6, 10, 0, 0, 0.01%, 0, 0, 1, 101.55
1735741632, 9, 7, 10, 0, 0, 0.01%, 0, 0, 1, 102.35
1735741637, 9, 9, 10, 0, 0, 0.01%, 0, 0, 1, 103.55
1735741642, 10, 0, 10, 0, 0, 0.01%, 0, 0, 1, 103.22
1735741647, 10, 2, 10, 0, 0, 0.01%, 0, 0, 1, 104.97
1735741652, 10, 3, 10, 0, 0, 0.01%, 0, 0, 1, 104.76
1735741657, 10, 4, 10, 0, 0, 0.01%, 0, 0, 1, 103.58
1735741662, 10, 6, 10, 0, 0, 0.01%, 0, 0, 1, 101.48
1735741667, 10, 7, 11, 1, 0, 0.16%, 1, 0, 2, 101.76
1735741673, 10, 10, 13, 3, 1, 0.16%, 3, 0, 3, 125.42
1735741688, 10, 10, 14, 4, 1, 0.17%, 4, 0, 3, 113.71
1735741734, 10, 10, 15, 5, 1, 0.17%, 4, 0, 3, 118.30
1735741801, 10, 10, 17, 7, 1, 0.17%, 4, 0, 3, 109.49
1735741806, 10, 11, 17, 6, 3, 0.17%, 4, 0, 3, 126.80
1735741832, 10, 11, 18, 7, 3, 0.17%, 4, 0, 4, 113.30
1735741889, 10, 11, 20, 9, 3, 0.17%, 4, 0, 4, 127.77
1735741894, 10, 12, 20, 8, 2, 0.17%, 4, 0, 4, 142.78
1735741925, 10, 12, 23, 11, 2, 0.17%, 4, 0, 4, 126.47
1735741935, 10, 13, 24, 11, 1, 0.17%, 5, 0, 4, 136.42
1735741976, 10, 23, 24, 10, 1, 0.17%, 5, 0, 4, 145.44
1735742007, 10, 23, 25, 11, 1, 0.17%, 5, 0, 5, 118.89
1735742054, 10, 23, 26, 12, 1, 0.17%, 5, 0, 5, 118.70
1735742059, 10, 23, 27, 13, 1, 0.17%, 5, 0, 5, 118.45
1735742105, 11, 11, 27, 12, 0, 0.17%, 5, 0, 5, 118.54
1735742115, 11, 11, 29, 14, 0, 0.17%, 5, 0, 5, 125.64
1735742120, 11, 12, 29, 14, 0, 0.17%, 5, 0, 5, 116.64
1735742135, 11, 13, 29, 14, 0, 0.17%, 5, 0, 5, 115.10
1735742146, 11, 13, 32, 17, 0, 0.17%, 5, 0, 5, 135.83
1735742156, 11, 17, 32, 17, 0, 0.17%, 5, 0, 5, 147.31
1735742161, 11, 17, 34, 19, 0, 0.17%, 7, 0, 5, 198.85
1735742396, 11, 23, 34, 18, 0, 0.17%, 7, 0, 5, 126.91
1735742432, 11, 25, 34, 18, 0, 0.17%, 7, 0, 5, 219.02
1735742437, 11, 25, 35, 19, 0, 0.17%, 7, 0, 6, 235.42
1735742575, 11, 25, 37, 21, 0, 0.17%, 7, 0, 6, 222.78
1735742580, 11, 25, 39, 23, 0, 0.17%, 8, 0, 6, 177.55
1735742646, 11, 25, 40, 24, 0, 0.17%, 8, 0, 6, 162.66
1735742667, 11, 28, 40, 23, 0, 0.17%, 8, 0, 6, 235.03
1735742748, 11, 38, 40, 22, 0, 0.17%, 8, 0, 6, 238.64
1735742880, 12, 11, 40, 21, 0, 0.17%, 8, 0, 6, 141.06
1735742885, 12, 12, 40, 21, 0, 0.17%, 8, 0, 6, 120.06
1735742891, 12, 13, 40, 21, 0, 0.17%, 8, 0, 6, 123.23
1735742896, 12, 15, 40, 21, 0, 0.17%, 8, 0, 6, 136.28
1735742926, 12, 20, 40, 20, 0, 0.17%, 8, 0, 6, 142.50
1735742993, 12, 23, 40, 19, 0, 0.17%, 8, 0, 6, 125.20
1735743003, 12, 27, 40, 19, 0, 0.17%, 8, 0, 6, 141.53
1735743080, 12, 32, 40, 18, 0, 0.17%, 8, 0, 6, 136.35
1735743249, 12, 34, 40, 17, 0, 0.17%, 8, 0, 6, 221.09
1735743428, 12, 35, 40, 16, 0, 0.17%, 8, 0, 6, 129.26
1735743693, 12, 36, 40, 15, 0, 0.17%, 8, 0, 6, 203.04
1735743743, 13, 7, 40, 14, 0, 0.17%, 8, 0, 6, 139.94
1735743749, 13, 11, 40, 14, 0, 0.17%, 8, 0, 6, 140.66
1735743754, 13, 12, 40, 14, 0, 0.17%, 8, 0, 6, 135.16
1735743759, 13, 13, 40, 14, 0, 0.17%, 8, 0, 6, 139.45
1735743764, 13, 21, 40, 14, 0, 0.17%, 8, 0, 6, 186.12
1735743815, 13, 23, 40, 13, 0, 0.17%, 8, 0, 6, 125.57
1735743825, 13, 26, 40, 13, 0, 0.17%, 8, 0, 6, 127.34
1735744258, 13, 36, 40, 12, 0, 0.17%, 8, 0, 6, 153.61
1735744278, 14, 12, 40, 12, 0, 0.17%, 8, 0, 6, 140.47
1735744283, 14, 16, 40, 12, 0, 0.17%, 8, 0, 6, 152.27
1735744314, 14, 18, 40, 11, 0, 0.17%, 8, 0, 6, 153.61
1735744370, 14, 21, 40, 10, 0, 0.17%, 8, 0, 6, 132.23
1735744391, 14, 22, 40, 10, 0, 0.17%, 8, 0, 6, 186.53
1735744442, 14, 23, 40, 9, 0, 0.17%, 8, 0, 6, 131.86
1735744447, 14, 31, 40, 9, 0, 0.17%, 8, 0, 6, 141.56
1735744534, 14, 33, 40, 8, 0, 0.17%, 8, 0, 6, 173.70
1735744697, 14, 39, 40, 7, 0, 0.17%, 8, 0, 6, 205.46
1735744758, 15, 11, 40, 6, 0, 0.17%, 8, 0, 6, 150.77
1735744763, 15, 13, 40, 6, 0, 0.17%, 8, 0, 6, 135.47
1735744768, 15, 23, 40, 6, 0, 0.17%, 8, 0, 6, 127.39
1735744773, 15, 29, 40, 6, 0, 0.17%, 8, 0, 6, 151.34
1735744845, 16, 10, 40, 5, 0, 0.17%, 8, 0, 6, 136.46
1735744856, 16, 11, 40, 5, 0, 0.17%, 8, 0, 6, 135.43
1735744861, 16, 13, 40, 5, 0, 0.17%, 8, 0, 6, 130.57
1735744866, 16, 23, 40, 5, 0, 0.17%, 8, 0, 6, 136.75
1735744871, 16, 30, 40, 5, 0, 0.17%, 8, 0, 6, 205.14
1735745090, 16, 34, 40, 4, 0, 0.17%, 8, 0, 6, 157.00
1735745111, 16, 35, 40, 4, 0, 0.17%, 8, 0, 6, 165.69
1735745131, 17, 12, 40, 4, 0, 0.17%, 8, 0, 6, 137.63
1735745136, 17, 23, 40, 4, 0, 0.17%, 8, 0, 6, 143.89
1735745141, 17, 24, 40, 4, 0, 0.17%, 8, 0, 6, 140.62
1735745193, 17, 33, 40, 3, 0, 0.17%, 8, 0, 6, 138.42
1735745213, 17, 37, 40, 3, 0, 0.17%, 8, 0, 6, 134.71
1735745275, 18, 12, 40, 2, 0, 0.17%, 8, 0, 6, 134.46
1735745280, 18, 18, 40, 2, 0, 0.17%, 8, 0, 6, 134.16
1735745300, 18, 23, 40, 2, 0, 0.17%, 8, 0, 6, 132.69
1735745306, 18, 27, 40, 2, 0, 0.17%, 8, 0, 6, 135.22
1735745342, 18, 30, 40, 2, 0, 0.17%, 8, 0, 6, 157.68
1735745372, 19, 12, 40, 2, 0, 0.17%, 8, 0, 6, 134.23
1735745378, 19, 15, 40, 2, 0, 0.17%, 8, 0, 6, 139.54
1735745388, 19, 19, 40, 2, 0, 0.17%, 8, 0, 6, 133.38
1735745444, 19, 23, 40, 1, 0, 0.17%, 8, 0, 6, 131.34
1735745450, 19, 24, 40, 1, 0, 0.17%, 8, 0, 6, 131.28
1735745475, 20, 12, 40, 1, 0, 0.17%, 8, 0, 6, 125.78
1735745481, 20, 20, 40, 1, 0, 0.17%, 8, 0, 6, 140.44
1735745506, 20, 23, 40, 1, 0, 0.17%, 8, 0, 6, 129.31
1735745511, 21, 11, 40, 1, 0, 0.17%, 8, 0, 6, 133.22
1735745516, 21, 13, 40, 1, 0, 0.17%, 8, 0, 6, 128.82
1735745521, 21, 14, 40, 1, 0, 0.17%, 8, 0, 6, 140.89
1735745547, 21, 23, 40, 0, 0, 0.17%, 8, 0, 6, 128.67
1735745552, 22, 10, 40, 0, 0, 0.17%, 8, 0, 6, 134.65
1735745557, 22, 11, 40, 0, 0, 0.17%, 8, 0, 6, 135.90
1735745562, 22, 13, 40, 0, 0, 0.17%, 8, 0, 6, 137.13
1735745568, 22, 21, 40, 0, 0, 0.17%, 8, 0, 6, 130.10
1735745578, 22, 23, 40, 0, 0, 0.17%, 8, 0, 6, 128.97
1735745583, 22, 37, 40, 0, 0, 0.17%, 8, 0, 6, 128.96
1735745609, 23, 13, 40, 0, 0, 0.17%, 8, 0, 6, 135.32
1735745614, 23, 23, 40, 0, 0, 0.17%, 8, 0, 6, 137.20
1735745619, 24, 12, 40, 0, 0, 0.17%, 8, 0, 6, 135.12
1735745624, 24, 23, 40, 0, 0, 0.17%, 8, 0, 6, 131.99
1735745630, 24, 37, 40, 0, 0, 0.17%, 8, 0, 6, 134.89
1735745640, 25, 11, 40, 0, 0, 0.17%, 8, 0, 6, 135.67
1735745645, 25, 13, 40, 0, 0, 0.17%, 8, 0, 6, 130.64
1735745650, 25, 16, 40, 0, 0, 0.17%, 8, 0, 6, 132.65
1735745660, 25, 23, 40, 0, 0, 0.17%, 8, 0, 6, 136.26
1735745666, 25, 29, 40, 0, 0, 0.17%, 8, 0, 6, 140.49
1735745696, 25, 38, 40, 0, 0, 0.17%, 8, 0, 6, 135.71
1735745717, 26, 3, 40, 0, 0, 0.17%, 8, 0, 6, 139.58
1735745722, 26, 12, 40, 0, 0, 0.17%, 8, 0, 6, 134.58
1735745727, 26, 23, 40, 0, 0, 0.17%, 8, 0, 6, 125.29
1735745732, 27, 7, 40, 0, 0, 0.17%, 8, 0, 6, 133.53
1735745737, 27, 13, 40, 0, 0, 0.17%, 8, 0, 6, 132.10
1735745742, 27, 23, 40, 0, 0, 0.17%, 8, 0, 6, 125.64
1735745748, 27, 28, 40, 0, 0, 0.17%, 8, 0, 6, 157.43
1735745768, 27, 36, 40, 0, 0, 0.17%, 8, 0, 6, 140.13
1735745778, 27, 38, 40, 0, 0, 0.17%, 8, 0, 6, 159.15
1735745789, 28, 11, 40, 0, 0, 0.17%, 8, 0, 6, 131.43
1735745794, 28, 13, 40, 0, 0, 0.17%, 8, 0, 6, 131.92
1735745799, 28, 19, 40, 0, 0, 0.17%, 8, 0, 6, 126.26
1735745820, 28, 23, 40, 0, 0, 0.17%, 8, 0, 6, 132.11
1735745825, 28, 27, 40, 0, 0, 0.17%, 8, 0, 6, 135.99
1735745840, 28, 34, 40, 0, 0, 0.17%, 8, 0, 6, 135.75
1735745851, 29, 11, 40, 0, 0, 0.17%, 8, 0, 6, 144.18
1735745856, 29, 13, 40, 0, 0, 0.17%, 8, 0, 6, 133.49
1735745861, 29, 23, 40, 0, 0, 0.17%, 8, 0, 6, 134.76
1735745866, 30, 12, 40, 0, 0, 0.17%, 8, 0, 6, 129.92
1735745871, 30, 13, 40, 0, 0, 0.17%, 8, 0, 6, 129.27
1735745876, 30, 16, 40, 0, 0, 0.17%, 8, 0, 6, 133.79
1735745881, 30, 19, 40, 0, 0, 0.17%, 8, 0, 6, 130.01
1735745892, 30, 23, 40, 0, 0, 0.17%, 8, 0, 6, 139.55
1735745897, 31, 11, 40, 0, 0, 0.17%, 8, 0, 6, 134.09
1735745902, 31, 13, 40, 0, 0, 0.17%, 8, 0, 6, 130.41
1735745907, 31, 18, 40, 0, 0, 0.17%, 8, 0, 6, 131.19
1735745917, 31, 22, 40, 0, 0, 0.17%, 8, 0, 6, 136.18
1735745938, 31, 23, 40, 0, 0, 0.17%, 8, 0, 6, 134.89
1735745943, 32, 12, 40, 0, 0, 0.17%, 8, 0, 6, 124.89
1735745948, 32, 20, 40, 0, 0, 0.17%, 8, 0, 6, 134.57
1735745958, 32, 23, 40, 0, 0, 0.17%, 8, 0, 6, 131.77
1735745968, 33, 13, 40, 0, 0, 0.17%, 8, 0, 6, 132.86
1735745974, 33, 22, 40, 0, 0, 0.17%, 8, 0, 6, 139.15
1735745984, 33, 23, 40, 0, 0, 0.17%, 8, 0, 6, 136.90
1735745989, 34, 12, 40, 0, 0, 0.17%, 8, 0, 6, 129.42
1735745994, 34, 23, 40, 0, 0, 0.17%, 8, 0, 6, 132.73
1735745999, 34, 31, 40, 0, 0, 0.17%, 8, 0, 6, 131.09
1735746030, 35, 11, 40, 0, 0, 0.17%, 8, 0, 6, 128.82
1735746035, 35, 13, 40, 0, 0, 0.17%, 8, 0, 6, 133.19
1735746041, 35, 23, 40, 0, 0, 0.17%, 8, 0, 6, 126.20
1735746046, 35, 34, 40, 0, 0, 0.17%, 8, 0, 6, 163.55
1735746056, 36, 11, 40, 0, 0, 0.17%, 8, 0, 6, 136.15
1735746061, 36, 13, 40, 0, 0, 0.17%, 8, 0, 6, 132.34
1735746066, 36, 20, 40, 0, 0, 0.17%, 8, 0, 6, 140.59
1735746076, 36, 23, 40, 0, 0, 0.17%, 8, 0, 6, 143.72
1735746082, 36, 30, 40, 0, 0, 0.17%, 8, 0, 6, 161.03
1735746092, 37, 11, 40, 0, 0, 0.17%, 8, 0, 6, 141.89
1735746097, 37, 13, 40, 0, 0, 0.17%, 8, 0, 6, 135.97
1735746102, 37, 18, 40, 0, 0, 0.17%, 8, 0, 6, 130.23
1735746112, 37, 20, 40, 0, 0, 0.17%, 8, 0, 6, 142.25
1735746117, 37, 23, 40, 0, 0, 0.17%, 8, 0, 6, 133.14
1735746122, 37, 29, 40, 0, 0, 0.17%, 8, 0, 6, 135.56
1735746138, 38, 4, 40, 0, 0, 0.17%, 8, 0, 6, 133.09
1735746143, 38, 13, 40, 0, 0, 0.17%, 8, 0, 6, 136.17
1735746148, 38, 23, 40, 0, 0, 0.17%, 8, 0, 6, 126.35
1735746153, 38, 36, 40, 0, 0, 0.17%, 8, 0, 6, 143.35
1735746163, 39, 11, 40, 0, 0, 0.17%, 8, 0, 6, 141.31
1735746169, 39, 13, 40, 0, 0, 0.17%, 8, 0, 6, 137.37
1735746174, 40, 2, 40, 0, 0, 0.17%, 8, 0, 6, 132.11
1735746179, 40, 12, 40, 0, 0, 0.17%, 8, 0, 6, 132.16
1735746184, 40, 19, 40, 0, 0, 0.17%, 8, 0, 6, 135.43
1735746194, 40, 22, 40, 0, 0, 0.17%, 8, 0, 6, 141.98
1735746210, 40, 29, 40, 0, 0, 0.17%, 8, 0, 6, 138.63
1735746231, 40, 39, 40, 0, 0, 0.17%, 8, 0, 6, 151.51
1735746251, 41, 11, 40, 0, 0, 0.17%, 8, 0, 6, 133.68
1735746257, 41, 13, 40, 0, 0, 0.17%, 8, 0, 6, 134.33
1735746262, 41, 14, 40, 0, 0, 0.17%, 8, 0, 6, 136.47
1735746272, 41, 22, 40, 0, 0, 0.17%, 8, 0, 6, 139.86
1735746277, 41, 23, 40, 0, 0, 0.17%, 8, 0, 6, 135.38
1735746282, 41, 35, 40, 0, 0, 0.17%, 8, 0, 6, 151.34
1735746293, 42, 12, 40, 0, 0, 0.17%, 8, 0, 6, 128.81
1735746298, 42, 13, 40, 0, 0, 0.17%, 8, 0, 6, 130.27
1735746303, 42, 23, 40, 0, 0, 0.17%, 8, 0, 6, 134.61
1735746308, 42, 25, 40, 0, 0, 0.17%, 8, 0, 6, 177.55
1735746329, 43, 13, 40, 0, 0, 0.17%, 8, 0, 6, 131.83
1735746334, 43, 15, 40, 0, 0, 0.17%, 8, 0, 6, 132.60
1735746339, 43, 23, 40, 0, 0, 0.17%, 8, 0, 6, 131.49
1735746344, 44, 3, 40, 0, 0, 0.17%, 8, 0, 6, 130.90
1735746349, 44, 13, 40, 0, 0, 0.17%, 8, 0, 6, 134.84
1735746354, 44, 23, 40, 0, 0, 0.17%, 8, 0, 6, 132.75
1735746360, 44, 39, 40, 0, 0, 0.17%, 8, 0, 6, 145.73
1735746370, 45, 12, 40, 0, 0, 0.17%, 8, 0, 6, 137.40
1735746375, 45, 23, 40, 0, 0, 0.17%, 8, 0, 6, 133.81
1735746380, 46, 9, 40, 0, 0, 0.17%, 8, 0, 6, 132.25
1735746385, 46, 10, 40, 0, 0, 0.17%, 8, 0, 6, 134.44
1735746390, 46, 12, 40, 0, 0, 0.17%, 8, 0, 6, 130.54
1735746395, 46, 23, 40, 0, 0, 0.17%, 8, 0, 6, 125.99
1735746401, 47, 11, 40, 0, 0, 0.17%, 8, 0, 6, 137.57
1735746406, 47, 13, 40, 0, 0, 0.17%, 8, 0, 6, 128.32
1735746411, 47, 15, 40, 0, 0, 0.17%, 8, 0, 6, 137.62
1735746416, 47, 23, 40, 0, 0, 0.17%, 8, 0, 6, 131.31
1735746421, 48, 11, 40, 0, 0, 0.17%, 8, 0, 6, 132.94
1735746426, 48, 13, 40, 0, 0, 0.17%, 8, 0, 6, 132.07
1735746431, 48, 18, 40, 0, 0, 0.17%, 8, 0, 6, 136.34
1735746436, 48, 19, 40, 0, 0, 0.17%, 8, 0, 6, 129.70
1735746442, 48, 23, 40, 0, 0, 0.17%, 8, 0, 6, 130.35
1735746447, 49, 11, 40, 0, 0, 0.17%, 8, 0, 6, 129.84
1735746452, 49, 13, 40, 0, 0, 0.17%, 8, 0, 6, 128.28
1735746457, 49, 23, 40, 0, 0, 0.17%, 8, 0, 6, 125.73
1735746462, 49, 24, 40, 0, 0, 0.17%, 8, 0, 6, 133.01
1735746473, 49, 26, 40, 0, 0, 0.17%, 8, 0, 6, 157.10
1735746498, 49, 36, 40, 0, 0, 0.17%, 8, 0, 6, 154.98
1735746508, 50, 11, 40, 0, 0, 0.17%, 8, 0, 6, 141.58
1735746513, 50, 13, 40, 0, 0, 0.17%, 8, 0, 6, 132.78
1735746518, 50, 21, 40, 0, 0, 0.17%, 8, 0, 6, 129.66
1735746529, 50, 23, 40, 0, 0, 0.17%, 8, 0, 6, 132.54
1735746534, 50, 38, 40, 0, 0, 0.17%, 8, 0, 6, 157.52
1735746544, 51, 12, 40, 0, 0, 0.17%, 8, 0, 6, 132.18
1735746549, 51, 23, 40, 0, 0, 0.17%, 8, 0, 6, 128.37
1735746554, 51, 26, 40, 0, 0, 0.17%, 8, 0, 6, 135.86
1735746569, 51, 27, 40, 0, 0, 0.17%, 8, 0, 6, 133.89
1735746584, 51, 32, 40, 0, 0, 0.17%, 8, 0, 6, 132.32
1735746605, 52, 11, 40, 0, 0, 0.17%, 8, 0, 6, 132.79
1735746610, 52, 13, 40, 0, 0, 0.17%, 8, 0, 6, 133.40
1735746615, 52, 23, 40, 0, 0, 0.17%, 8, 0, 6, 129.27
1735746620, 52, 37, 40, 0, 0, 0.17%, 8, 0, 6, 131.96
1735746631, 53, 11, 40, 0, 0, 0.17%, 8, 0, 6, 132.71
1735746636, 53, 13, 40, 0, 0, 0.17%, 8, 0, 6, 134.74
1735746641, 53, 22, 40, 0, 0, 0.17%, 8, 0, 6, 133.35
1735746646, 53, 23, 40, 0, 0, 0.17%, 8, 0, 6, 133.36
1735746651, 53, 32, 40, 0, 0, 0.17%, 8, 0, 6, 148.80
1735746661, 54, 12, 40, 0, 0, 0.17%, 8, 0, 6, 135.49
1735746666, 54, 21, 40, 0, 0, 0.17%, 8, 0, 6, 135.87
1735746672, 54, 23, 40, 0, 0, 0.17%, 8, 0, 6, 134.24
1735746677, 54, 24, 40, 0, 0, 0.17%, 8, 0, 6, 132.49
1735746692, 54, 28, 40, 0, 0, 0.17%, 8, 0, 6, 145.16
1735746703, 55, 12, 40, 0, 0, 0.17%, 8, 0, 6, 133.83
1735746708, 55, 23, 40, 0, 0, 0.17%, 8, 0, 6, 130.19
1735746713, 55, 39, 40, 0, 0, 0.17%, 8, 0, 6, 147.69
1735746723, 56, 11, 40, 0, 0, 0.17%, 8, 0, 6, 135.44
1735746728, 56, 13, 40, 0, 0, 0.17%, 8, 0, 6, 133.09
1735746733, 56, 17, 40, 0, 0, 0.17%, 8, 0, 6, 162.23
1735746749, 56, 22, 40, 0, 0, 0.17%, 8, 0, 6, 134.41
1735746754, 56, 23, 40, 0, 0, 0.17%, 8, 0, 6, 143.26
1735746759, 57, 12, 40, 0, 0, 0.17%, 8, 0, 6, 133.34
1735746764, 57, 22, 40, 0, 0, 0.17%, 8, 0, 6, 132.67
1735746769, 57, 23, 40, 0, 0, 0.17%, 8, 0, 6, 138.10
1735746775, 57, 33, 40, 0, 0, 0.17%, 8, 0, 6, 131.60
1735746785, 58, 11, 40, 0, 0, 0.17%, 8, 0, 6, 139.61
1735746790, 58, 13, 40, 0, 0, 0.17%, 8, 0, 6, 135.72
1735746795, 58, 23, 40, 0, 0, 0.17%, 8, 0, 6, 135.22
1735746800, 58, 24, 40, 0, 0, 0.17%, 8, 0, 6, 129.23
1735746805, 59, 12, 40, 0, 0, 0.17%, 8, 0, 6, 129.25
1735746810, 59, 21, 40, 0, 0, 0.17%, 8, 0, 6, 130.33
1735746816, 59, 23, 40, 0, 0, 0.17%, 8, 0, 6, 134.83
1735746821, 59, 38, 40, 0, 0, 0.17%, 8, 0, 6, 139.02
1735746831, 60, 11, 40, 0, 0, 0.17%, 8, 0, 6, 136.61
1735746836, 60, 13, 40, 0, 0, 0.17%, 8, 0, 6, 134.50
1735746841, 60, 23, 40, 0, 0, 0.17%, 8, 0, 6, 133.36
1735746846, 60, 26, 40, 0, 0, 0.17%, 8, 0, 6, 168.31
1735746862, 61, 13, 40, 0, 0, 0.17%, 8, 0, 6, 138.37
1735746867, 61, 23, 40, 0, 0, 0.17%, 8, 0, 6, 133.10
1735746872, 62, 12, 40, 0, 0, 0.17%, 8, 0, 6, 128.03
1735746877, 62, 13, 40, 0, 0, 0.17%, 8, 0, 6, 135.36
1735746883, 63, 11, 40, 0, 0, 0.17%, 8, 0, 6, 137.43
1735746888, 63, 13, 40, 0, 0, 0.17%, 8, 0, 6, 134.57
1735746893, 63, 23, 40, 0, 0, 0.17%, 8, 0, 6, 134.52
1735746898, 63, 29, 40, 0, 0, 0.17%, 8, 0, 6, 141.26
1735746914, 63, 38, 40, 0, 0, 0.17%, 8, 0, 6, 147.62
1735746919, 64, 11, 40, 0, 0, 0.17%, 8, 0, 6, 138.26
1735746924, 64, 13, 40, 0, 0, 0.17%, 8, 0, 6, 130.08
1735746929, 64, 23, 40, 0, 0, 0.17%, 8, 0, 6, 131.38
1735746934, 64, 34, 40, 0, 0, 0.17%, 8, 0, 6, 162.93
1735746944, 65, 12, 40, 0, 0, 0.17%, 8, 0, 6, 133.33
1735746949, 65, 16, 40, 0, 0, 0.17%, 8, 0, 6, 129.28
1735746954, 65, 17, 40, 0, 0, 0.17%, 8, 0, 6, 140.82
1735746965, 65, 23, 40, 0, 0, 0.17%, 8, 0, 6, 133.75
1735746970, 66, 3, 40, 0, 0, 0.17%, 8, 0, 6, 129.21
1735746975, 66, 12, 40, 0, 0, 0.17%, 8, 0, 6, 125.66
1735746980, 66, 23, 40, 0, 0, 0.17%, 8, 0, 6, 131.55
1735746985, 66, 36, 40, 0, 0, 0.17%, 8, 0, 6, 139.10
1735746990, 67, 11, 40, 0, 0, 0.17%, 8, 0, 6, 131.12
1735746995, 67, 13, 40, 0, 0, 0.17%, 8, 0, 6, 128.69
1735747000, 67, 23, 40, 0, 0, 0.17%, 8, 0, 6, 130.42
1735747006, 67, 30, 40, 0, 0, 0.17%, 8, 0, 6, 144.48
1735747021, 68, 2, 40, 0, 0, 0.17%, 8, 0, 6, 136.47
1735747026, 68, 12, 40, 0, 0, 0.17%, 8, 0, 6, 128.17
1735747031, 68, 23, 40, 0, 0, 0.17%, 8, 0, 6, 127.20
1735747036, 68, 29, 40, 0, 0, 0.17%, 8, 0, 6, 133.52
1735747046, 69, 12, 40, 0, 0, 0.17%, 8, 0, 6, 124.47
1735747052, 69, 23, 40, 0, 0, 0.17%, 8, 0, 6, 127.86
1735747057, 69, 39, 40, 0, 0, 0.17%, 8, 0, 6, 142.80
1735747067, 70, 2, 40, 0, 0, 0.17%, 8, 0, 6, 130.93
1735747072, 70, 12, 40, 0, 0, 0.17%, 8, 0, 6, 130.04
1735747077, 70, 23, 40, 0, 0, 0.17%, 8, 0, 6, 132.63
1735747083, 71, 12, 40, 0, 0, 0.17%, 8, 0, 6, 131.60
1735747088, 71, 23, 40, 0, 0, 0.17%, 8, 0, 6, 135.57
1735747093, 72, 11, 40, 0, 0, 0.17%, 8, 0, 6, 137.35
1735747098, 72, 13, 40, 0, 0, 0.17%, 8, 0, 6, 135.10
1735747103, 72, 23, 40, 0, 0, 0.17%, 8, 0, 6, 132.30
1735747108, 73, 12, 40, 0, 0, 0.17%, 8, 0, 6, 136.28
1735747113, 73, 16, 40, 0, 0, 0.17%, 8, 0, 6, 134.19
1735747119, 73, 20, 40, 0, 0, 0.17%, 8, 0, 6, 136.94
1735747124, 73, 23, 40, 0, 0, 0.17%, 8, 0, 6, 130.70
1735747129, 73, 31, 40, 0, 0, 0.17%, 8, 0, 6, 129.28
1735747144, 74, 11, 40, 0, 0, 0.17%, 8, 0, 6, 127.53
1735747150, 74, 13, 40, 0, 0, 0.17%, 8, 0, 6, 129.60
1735747155, 74, 17, 40, 0, 0, 0.17%, 8, 0, 6, 149.33
1735747160, 74, 23, 40, 0, 0, 0.17%, 8, 0, 6, 132.63
1735747165, 75, 8, 40, 0, 0, 0.17%, 8, 0, 6, 138.45
1735747170, 75, 12, 40, 0, 0, 0.17%, 8, 0, 6, 136.81
1735747175, 75, 23, 40, 0, 0, 0.17%, 8, 0, 6, 126.57
1735747180, 76, 11, 40, 0, 0, 0.17%, 8, 0, 6, 135.87
1735747186, 76, 13, 40, 0, 0, 0.17%, 8, 0, 6, 133.13
1735747191, 76, 23, 40, 0, 0, 0.17%, 8, 0, 6, 134.70
1735747196, 77, 11, 40, 0, 0, 0.17%, 8, 0, 6, 135.08
1735747201, 77, 13, 40, 0, 0, 0.17%, 8, 0, 6, 139.06
1735747206, 77, 23, 40, 0, 0, 0.17%, 8, 0, 6, 130.46
1735747211, 77, 37, 40, 0, 0, 0.17%, 8, 0, 6, 132.43
1735747221, 78, 12, 40, 0, 0, 0.17%, 8, 0, 6, 132.79
1735747226, 78, 23, 40, 0, 0, 0.17%, 8, 0, 6, 136.41
1735747231, 78, 28, 40, 0, 0, 0.17%, 8, 0, 6, 146.44
1735747242, 79, 11, 40, 0, 0, 0.17%, 8, 0, 6, 141.02
1735747247, 79, 13, 40, 0, 0, 0.17%, 8, 0, 6, 129.12
1735747252, 79, 23, 40, 0, 0, 0.17%, 8, 0, 6, 131.15
1735747257, 79, 37, 40, 0, 0, 0.17%, 8, 0, 6, 138.82
1735747262, 79, 39, 40, 0, 0, 0.17%, 8, 0, 6, 147.36
1735747267, 80, 12, 40, 0, 0, 0.17%, 8, 0, 6, 131.62
1735747273, 80, 23, 40, 0, 0, 0.17%, 8, 0, 6, 131.42
1735747278, 80, 37, 40, 0, 0, 0.17%, 8, 0, 6, 139.35
1735747283, 81, 8, 40, 0, 0, 0.17%, 8, 0, 6, 139.76
1735747288, 81, 12, 40, 0, 0, 0.17%, 8, 0, 6, 136.45
1735747293, 81, 16, 40, 0, 0, 0.17%, 8, 0, 6, 129.70
1735747298, 81, 23, 40, 0, 0, 0.17%, 8, 0, 6, 134.67
1735747303, 81, 30, 40, 0, 0, 0.17%, 8, 0, 6, 160.28
1735747319, 81, 37, 40, 0, 0, 0.17%, 8, 0, 6, 130.72
1735747324, 82, 11, 40, 0, 0, 0.17%, 8, 0, 6, 135.15
1735747329, 82, 13, 40, 0, 0, 0.17%, 8, 0, 6, 133.85
1735747334, 82, 23, 40, 0, 0, 0.17%, 8, 0, 6, 150.27
1735747339, 82, 29, 40, 0, 0, 0.17%, 8, 0, 6, 146.75
1735747350, 82, 36, 40, 0, 0, 0.17%, 8, 0, 6, 140.30
1735747355, 83, 11, 40, 0, 0, 0.17%, 8, 0, 6, 128.95
1735747360, 83, 13, 40, 0, 0, 0.17%, 8, 0, 6, 134.78
1735747365, 83, 14, 40, 0, 0, 0.17%, 8, 0, 6, 136.20
1735747370, 83, 23, 40, 0, 0, 0.17%, 8, 0, 6, 139.83
1735747375, 84, 12, 40, 0, 0, 0.17%, 8, 0, 6, 130.28
1735747380, 84, 13, 40, 0, 0, 0.17%, 8, 0, 6, 137.32
1735747385, 84, 23, 40, 0, 0, 0.17%, 8, 0, 6, 132.61
1735747391, 84, 26, 40, 0, 0, 0.17%, 8, 0, 6, 146.39
1735747396, 84, 34, 40, 0, 0, 0.17%, 8, 0, 6, 151.94
1735747401, 85, 11, 40, 0, 0, 0.17%, 8, 0, 6, 130.63
1735747406, 85, 13, 40, 0, 0, 0.17%, 8, 0, 6, 128.41
1735747411, 85, 18, 40, 0, 0, 0.17%, 8, 0, 6, 139.12
1735747416, 85, 23, 40, 0, 0, 0.17%, 8, 0, 6, 131.87
1735747421, 86, 12, 40, 0, 0, 0.17%, 8, 0, 6, 132.98
1735747427, 86, 23, 40, 0, 0, 0.17%, 8, 0, 6, 132.73
1735747432, 86, 35, 40, 0, 0, 0.17%, 8, 0, 6, 155.12
1735747442, 87, 2, 40, 0, 0, 0.17%, 8, 0, 6, 135.56
1735747447, 87, 11, 40, 0, 0, 0.17%, 8, 0, 6, 140.33
1735747452, 87, 13, 40, 0, 0, 0.17%, 8, 0, 6, 138.71
1735747457, 87, 23, 40, 0, 0, 0.17%, 8, 0, 6, 137.75
1735747462, 87, 35, 40, 0, 0, 0.17%, 8, 0, 6, 168.42
1735747473, 88, 12, 40, 0, 0, 0.17%, 8, 0, 6, 130.14
1735747478, 88, 21, 40, 0, 0, 0.17%, 8, 0, 6, 133.63
1735747483, 88, 23, 40, 0, 0, 0.17%, 8, 0, 6, 134.21
1735747493, 88, 30, 40, 0, 0, 0.17%, 8, 0, 6, 140.86
1735747499, 89, 12, 40, 0, 0, 0.17%, 8, 0, 6, 132.12
1735747504, 89, 23, 40, 0, 0, 0.17%, 8, 0, 6, 130.72
1735747509, 89, 29, 40, 0, 0, 0.17%, 8, 0, 6, 133.50
1735747519, 89, 35, 40, 0, 0, 0.17%, 8, 0, 6, 146.26
1735747524, 90, 11, 40, 0, 0, 0.17%, 8, 0, 6, 133.53
1735747530, 90, 13, 40, 0, 0, 0.17%, 8, 0, 6, 129.01
1735747535, 90, 22, 40, 0, 0, 0.17%, 8, 0, 6, 130.87
1735747540, 90, 23, 40, 0, 0, 0.17%, 8, 0, 6, 128.50
1735747545, 90, 27, 40, 0, 0, 0.17%, 8, 0, 6, 134.62
1735747560, 90, 37, 40, 0, 0, 0.17%, 8, 0, 6, 141.68
1735747565, 91, 12, 40, 0, 0, 0.17%, 8, 0, 6, 132.15
1735747571, 91, 23, 40, 0, 0, 0.17%, 8, 0, 6, 130.53
1735747576, 91, 30, 40, 0, 0, 0.17%, 8, 0, 6, 138.27
1735747586, 92, 11, 40, 0, 0, 0.17%, 8, 0, 6, 138.29
1735747591, 92, 13, 40, 0, 0, 0.17%, 8, 0, 6, 131.44
1735747596, 92, 23, 40, 0, 0, 0.17%, 8, 0, 6, 137.16
1735747602, 92, 35, 40, 0, 0, 0.17%, 8, 0, 6, 135.46
1735747607, 93, 10, 40, 0, 0, 0.17%, 8, 0, 6, 132.70
1735747612, 93, 12, 40, 0, 0, 0.17%, 8, 0, 6, 134.08
1735747617, 93, 23, 40, 0, 0, 0.17%, 8, 0, 6, 131.08
1735747622, 94, 10, 40, 0, 0, 0.17%, 8, 0, 6, 130.58
1735747627, 94, 12, 40, 0, 0, 0.17%, 8, 0, 6, 129.63
1735747633, 94, 19, 40, 0, 0, 0.17%, 8, 0, 6, 128.38
1735747638, 94, 20, 40, 0, 0, 0.17%, 8, 0, 6, 130.54
1735747643, 94, 23, 40, 0, 0, 0.17%, 8, 0, 6, 131.24
1735747648, 95, 11, 40, 0, 0, 0.17%, 8, 0, 6, 129.95
1735747653, 95, 13, 40, 0, 0, 0.17%, 8, 0, 6, 130.72
1735747658, 95, 18, 40, 0, 0, 0.17%, 8, 0, 6, 139.22
1735747664, 95, 23, 40, 0, 0, 0.17%, 8, 0, 6, 135.22
1735747669, 95, 27, 40, 0, 0, 0.17%, 8, 0, 6, 141.40
1735747674, 96, 11, 40, 0, 0, 0.17%, 8, 0, 6, 132.50
1735747679, 96, 13, 40, 0, 0, 0.17%, 8, 0, 6, 131.94
1735747684, 96, 18, 40, 0, 0, 0.17%, 8, 0, 6, 130.02
1735747689, 96, 21, 40, 0, 0, 0.17%, 8, 0, 6, 125.66
1735747695, 96, 23, 40, 0, 0, 0.17%, 8, 0, 6, 138.11
1735747700, 97, 12, 40, 0, 0, 0.17%, 8, 0, 6, 130.73
1735747705, 97, 15, 40, 0, 0, 0.17%, 8, 0, 6, 138.49
1735747710, 97, 23, 40, 0, 0, 0.17%, 8, 0, 6, 134.55
1735747715, 97, 34, 40, 0, 0, 0.17%, 8, 0, 6, 150.58
1735747720, 98, 11, 40, 0, 0, 0.17%, 8, 0, 6, 135.20
1735747726, 98, 13, 40, 0, 0, 0.17%, 8, 0, 6, 136.84
1735747731, 98, 23, 40, 0, 0, 0.17%, 8, 0, 6, 134.65
1735747736, 98, 24, 40, 0, 0, 0.17%, 8, 0, 6, 129.85
1735747741, 98, 39, 40, 0, 0, 0.17%, 8, 0, 6, 138.58
1735747746, 99, 12, 40, 0, 0, 0.17%, 8, 0, 6, 134.59
1735747751, 99, 23, 40, 0, 0, 0.17%, 8, 0, 6, 127.81
1735747756, 100, 11, 40, 0, 0, 0.17%, 8, 0, 6, 133.53
1735747762, 100, 13, 40, 0, 0, 0.17%, 8, 0, 6, 128.42
1735747767, 100, 23, 40, 0, 0, 0.17%, 8, 0, 6, 125.95
1735747772, 101, 12, 40, 0, 0, 0.17%, 8, 0, 6, 129.92
1735747777, 101, 13, 40, 0, 0, 0.17%, 8, 0, 6, 124.85
1735747782, 101, 23, 40, 0, 0, 0.17%, 8, 0, 6, 135.61
1735747787, 101, 28, 40, 0, 0, 0.17%, 8, 0, 6, 153.03
1735747797, 102, 13, 40, 0, 0, 0.17%, 8, 0, 6, 136.96
1735747803, 102, 23, 40, 0, 0, 0.17%, 8, 0, 6, 131.80
1735747808, 103, 10, 40, 0, 0, 0.17%, 8, 0, 6, 130.87
1735747813, 103, 13, 40, 0, 0, 0.17%, 8, 0, 6, 128.16
1735747818, 103, 15, 40, 0, 0, 0.17%, 8, 0, 6, 137.86
1735747823, 103, 23, 40, 0, 0, 0.17%, 8, 0, 6, 128.34
1735747828, 103, 31, 40, 0, 0, 0.17%, 8, 0, 6, 128.13
1735747844, 103, 36, 40, 0, 0, 0.17%, 8, 0, 6, 137.68
1735747849, 104, 12, 40, 0, 0, 0.17%, 8, 0, 6, 140.24
1735747854, 104, 17, 40, 0, 0, 0.17%, 8, 0, 6, 151.86
1735747859, 104, 20, 40, 0, 0, 0.17%, 8, 0, 6, 139.36
1735747864, 104, 23, 40, 0, 0, 0.17%, 8, 0, 6, 146.62
1735747869, 105, 6, 40, 0, 0, 0.17%, 8, 0, 6, 136.29
1735747875, 105, 12, 40, 0, 0, 0.17%, 8, 0, 6, 135.30
1735747880, 105, 19, 40, 0, 0, 0.17%, 8, 0, 6, 129.37
1735747885, 105, 20, 40, 0, 0, 0.17%, 8, 0, 6, 133.66
1735747890, 105, 21, 40, 0, 0, 0.17%, 8, 0, 6, 129.92
1735747895, 105, 23, 40, 0, 0, 0.17%, 8, 0, 6, 130.68
1735747900, 105, 26, 40, 0, 0, 0.17%, 8, 0, 6, 153.34
1735747911, 106, 12, 40, 0, 0, 0.17%, 8, 0, 6, 135.25
1735747916, 106, 23, 40, 0, 0, 0.17%, 8, 0, 6, 132.44
1735747921, 107, 2, 40, 0, 0, 0.17%, 8, 0, 6, 136.17
1735747926, 107, 12, 40, 0, 0, 0.17%, 8, 0, 6, 130.27
1735747931, 107, 15, 40, 0, 0, 0.17%, 8, 0, 6, 137.77
1735747936, 107, 23, 40, 0, 0, 0.17%, 8, 0, 6, 138.76
1735747942, 108, 12, 40, 0, 0, 0.17%, 8, 0, 6, 134.17
1735747947, 108, 23, 40, 0, 0, 0.17%, 8, 0, 6, 129.66
1735747952, 108, 26, 40, 0, 0, 0.17%, 8, 0, 6, 152.86
1735747962, 108, 31, 40, 0, 0, 0.17%, 8, 0, 6, 130.51
1735747978, 109, 9, 40, 0, 0, 0.17%, 8, 0, 6, 137.29
1735747983, 109, 12, 40, 0, 0, 0.17%, 8, 0, 6, 130.36
1735747988, 109, 16, 40, 0, 0, 0.17%, 8, 0, 6, 135.24
1735747993, 109, 23, 40, 0, 0, 0.17%, 8, 0, 6, 136.38
1735747998, 110, 12, 40, 0, 0, 0.17%, 8, 0, 6, 131.10
1735748004, 110, 23, 40, 0, 0, 0.17%, 8, 0, 6, 128.34
1735748009, 111, 11, 40, 0, 0, 0.17%, 8, 0, 6, 139.22
1735748014, 111, 12, 40, 0, 0, 0.17%, 8, 0, 6, 135.42
1735748019, 111, 15, 40, 0, 0, 0.17%, 8, 0, 6, 138.93
1735748024, 111, 23, 40, 0, 0, 0.17%, 8, 0, 6, 144.78
1735748029, 112, 12, 40, 0, 0, 0.17%, 8, 0, 6, 130.93
1735748035, 112, 23, 40, 0, 0, 0.17%, 8, 0, 6, 137.68
1735748040, 113, 11, 40, 0, 0, 0.17%, 8, 0, 6, 130.83
1735748045, 113, 13, 40, 0, 0, 0.17%, 8, 0, 6, 132.46
1735748050, 113, 18, 40, 0, 0, 0.17%, 8, 0, 6, 136.04
1735748055, 113, 23, 40, 0, 0, 0.17%, 8, 0, 6, 127.29
1735748060, 114, 12, 40, 0, 0, 0.17%, 8, 0, 6, 135.04
1735748066, 114, 13, 40, 0, 0, 0.17%, 8, 0, 6, 128.54
1735748071, 115, 11, 40, 0, 0, 0.17%, 8, 0, 6, 140.92
1735748076, 115, 13, 40, 0, 0, 0.17%, 8, 0, 6, 130.36
1735748081, 115, 23, 40, 0, 0, 0.17%, 8, 0, 6, 130.34
1735748086, 115, 38, 40, 0, 0, 0.17%, 8, 0, 6, 148.75
1735748091, 116, 12, 40, 0, 0, 0.17%, 8, 0, 6, 131.48
1735748096, 116, 23, 40, 0, 0, 0.17%, 8, 0, 6, 130.63
1735748102, 116, 34, 40, 0, 0, 0.17%, 8, 0, 6, 124.35
1735748107, 117, 11, 40, 0, 0, 0.17%, 8, 0, 6, 141.03
1735748112, 117, 13, 40, 0, 0, 0.17%, 8, 0, 6, 134.95
1735748117, 117, 23, 40, 0, 0, 0.17%, 8, 0, 6, 130.30
1735748122, 118, 11, 40, 0, 0, 0.17%, 8, 0, 6, 131.79
1735748127, 118, 13, 40, 0, 0, 0.17%, 8, 0, 6, 131.49
1735748132, 118, 23, 40, 0, 0, 0.17%, 8, 0, 6, 135.20
1735748137, 118, 37, 40, 0, 0, 0.17%, 8, 0, 6, 132.10
1735748143, 119, 12, 40, 0, 0, 0.17%, 8, 0, 6, 129.67
1735748148, 119, 18, 40, 0, 0, 0.17%, 8, 0, 6, 133.93
1735748153, 119, 23, 40, 0, 0, 0.17%, 8, 0, 6, 136.39
1735748158, 119, 36, 40, 0, 0, 0.17%, 8, 0, 6, 135.87
1735748163, 120, 6, 40, 0, 0, 0.17%, 8, 0, 6, 138.21
1735748168, 120, 12, 40, 0, 0, 0.17%, 8, 0, 6, 132.49
1735748173, 120, 23, 40, 0, 0, 0.17%, 8, 0, 6, 129.24
1735748179, 120, 35, 40, 0, 0, 0.17%, 8, 0, 6, 151.93
1735748184, 121, 11, 40, 0, 0, 0.17%, 8, 0, 6, 137.40
1735748189, 121, 13, 40, 0, 0, 0.17%, 8, 0, 6, 134.86
1735748194, 121, 23, 40, 0, 0, 0.17%, 8, 0, 6, 134.39
1735748199, 121, 36, 40, 0, 0, 0.17%, 8, 0, 6, 140.33
1735748204, 122, 12, 40, 0, 0, 0.17%, 8, 0, 6, 132.16
1735748209, 122, 23, 40, 0, 0, 0.17%, 8, 0, 6, 130.99
1735748215, 123, 11, 40, 0, 0, 0.17%, 8, 0, 6, 132.85
1735748220, 123, 13, 40, 0, 0, 0.17%, 8, 0, 6, 129.06
1735748225, 123, 18, 40, 0, 0, 0.17%, 8, 0, 6, 126.27
1735748230, 123, 23, 40, 0, 0, 0.17%, 8, 0, 6, 136.58
1735748235, 123, 25, 40, 0, 0, 0.17%, 8, 0, 6, 147.35
1735748241, 123, 32, 40, 0, 0, 0.17%, 8, 0, 6, 143.46
1735748251, 124, 11, 40, 0, 0, 0.17%, 8, 0, 6, 140.02
1735748256, 124, 13, 40, 0, 0, 0.17%, 8, 0, 6, 128.44
1735748261, 124, 23, 40, 0, 0, 0.17%, 8, 0, 6, 132.04
1735748266, 125, 11, 40, 0, 0, 0.17%, 8, 0, 6, 131.86
1735748271, 125, 13, 40, 0, 0, 0.17%, 8, 0, 6, 132.84
1735748276, 125, 23, 40, 0, 0, 0.17%, 8, 0, 6, 127.58
1735748282, 126, 12, 40, 0, 0, 0.17%, 8, 0, 6, 133.06
1735748287, 126, 23, 40, 0, 0, 0.17%, 8, 0, 6, 134.78
1735748292, 126, 28, 40, 0, 0, 0.17%, 8, 0, 6, 149.59
1735748297, 127, 11, 40, 0, 0, 0.17%, 8, 0, 6, 134.68
1735748302, 127, 13, 40, 0, 0, 0.17%, 8, 0, 6, 123.90
1735748307, 127, 23, 40, 0, 0, 0.17%, 8, 0, 6, 130.22
1735748313, 127, 26, 40, 0, 0, 0.17%, 8, 0, 6, 153.58
1735748318, 128, 11, 40, 0, 0, 0.17%, 8, 0, 6, 142.93
1735748323, 128, 13, 40, 0, 0, 0.17%, 8, 0, 6, 131.68
1735748328, 128, 23, 40, 0, 0, 0.17%, 8, 0, 6, 130.95
1735748333, 129, 12, 40, 0, 0, 0.17%, 8, 0, 6, 135.66
1735748338, 129, 13, 40, 0, 0, 0.17%, 8, 0, 6, 134.16
1735748343, 129, 18, 40, 0, 0, 0.17%, 8, 0, 6, 131.98
1735748348, 129, 23, 40, 0, 0, 0.17%, 8, 0, 6, 129.22
1735748353, 129, 40, 41, 1, 1, 0.19%, 9, 0, 6, 143.88
1735748358, 129, 40, 42, 2, 1, 0.19%, 9, 0, 6, 123.07
1735748389, 129, 40, 43, 3, 1, 0.19%, 9, 0, 6, 120.05
1735748436, 129, 40, 45, 5, 1, 0.19%, 9, 0, 6, 136.12
1735748446, 129, 41, 45, 4, 1, 0.19%, 9, 0, 6, 141.91
1735748493, 129, 43, 45, 3, 0, 0.19%, 9, 0, 6, 173.96
1735748539, 129, 43, 46, 4, 0, 0.19%, 9, 0, 7, 144.55
1735748550, 130, 12, 46, 3, 0, 0.19%, 9, 0, 7, 129.47
1735748555, 130, 23, 46, 3, 0, 0.19%, 9, 0, 7, 129.17
1735748565, 130, 39, 46, 3, 0, 0.19%, 9, 0, 7, 131.90
1735748570, 130, 41, 46, 3, 0, 0.19%, 9, 0, 7, 132.52
1735748596, 131, 12, 46, 3, 0, 0.19%, 9, 0, 7, 128.74
1735748601, 131, 19, 46, 3, 0, 0.19%, 9, 0, 7, 124.36
1735748611, 131, 23, 46, 3, 0, 0.19%, 9, 0, 7, 138.03
1735748616, 131, 41, 46, 3, 0, 0.19%, 9, 0, 7, 131.28
1735748637, 132, 12, 46, 3, 0, 0.19%, 9, 0, 7, 139.89
1735748642, 132, 23, 46, 3, 0, 0.19%, 9, 0, 7, 131.70
1735748647, 132, 25, 46, 3, 0, 0.19%, 9, 0, 7, 151.83
1735748658, 132, 41, 46, 3, 0, 0.19%, 9, 0, 7, 134.92
1735748683, 133, 12, 46, 3, 0, 0.19%, 9, 0, 7, 130.01
1735748688, 133, 23, 46, 3, 0, 0.19%, 9, 0, 7, 129.12
1735748693, 133, 37, 46, 3, 0, 0.19%, 9, 0, 7, 131.14
1735748699, 133, 41, 46, 3, 0, 0.19%, 9, 0, 7, 130.73
1735748724, 133, 45, 46, 3, 0, 0.19%, 9, 0, 7, 177.30
1735748786, 134, 13, 46, 2, 0, 0.19%, 9, 0, 7, 128.65
1735748791, 134, 23, 46, 2, 0, 0.19%, 9, 0, 7, 130.70
1735748796, 134, 41, 46, 2, 0, 0.19%, 9, 0, 7, 133.58
1735748817, 134, 42, 46, 2, 0, 0.19%, 9, 0, 7, 146.92
1735748868, 134, 44, 46, 1, 0, 0.19%, 9, 0, 7, 136.65
1735748924, 135, 12, 46, 0, 0, 0.19%, 9, 0, 7, 126.24
1735748929, 135, 23, 46, 0, 0, 0.19%, 9, 0, 7, 135.06
1735748934, 135, 31, 46, 0, 0, 0.19%, 9, 0, 7, 127.52
1735748945, 135, 41, 46, 0, 0, 0.19%, 9, 0, 7, 126.73
1735748965, 136, 12, 46, 0, 0, 0.19%, 9, 0, 7, 137.07
1735748971, 136, 18, 46, 0, 0, 0.19%, 9, 0, 7, 135.02
1735748976, 136, 23, 46, 0, 0, 0.19%, 9, 0, 7, 134.41
1735748981, 136, 41, 46, 0, 0, 0.19%, 9, 0, 7, 131.15
1735749001, 137, 12, 46, 0, 0, 0.19%, 9, 0, 7, 132.32
1735749006, 137, 13, 46, 0, 0, 0.19%, 9, 0, 7, 132.37
1735749012, 137, 23, 46, 0, 0, 0.19%, 9, 0, 7, 136.92
1735749017, 137, 41, 46, 0, 0, 0.19%, 9, 0, 7, 127.30
1735749037, 137, 45, 46, 0, 0, 0.19%, 9, 0, 7, 134.24
1735749058, 138, 4, 46, 0, 0, 0.19%, 9, 0, 7, 124.48
1735749063, 138, 12, 46, 0, 0, 0.19%, 9, 0, 7, 128.57
1735749068, 138, 17, 46, 0, 0, 0.19%, 9, 0, 7, 142.89
1735749074, 138, 23, 46, 0, 0, 0.19%, 9, 0, 7, 132.34
1735749079, 138, 41, 46, 0, 0, 0.19%, 9, 0, 7, 130.00
1735749099, 138, 42, 46, 0, 0, 0.19%, 9, 0, 7, 135.08
1735749120, 139, 2, 46, 0, 0, 0.19%, 9, 0, 7, 130.25
1735749125, 139, 13, 46, 0, 0, 0.19%, 9, 0, 7, 130.79
1735749130, 139, 23, 46, 0, 0, 0.19%, 9, 0, 7, 131.39
1735749135, 139, 27, 46, 0, 0, 0.19%, 9, 0, 7, 138.80
1735749140, 139, 35, 46, 0, 0, 0.19%, 9, 0, 7, 139.99
1735749150, 139, 41, 46, 0, 0, 0.19%, 9, 0, 7, 134.23
1735749171, 139, 45, 46, 0, 0, 0.19%, 9, 0, 7, 140.52
1735749191, 140, 12, 46, 0, 0, 0.19%, 9, 0, 7, 129.81
1735749197, 140, 13, 46, 0, 0, 0.19%, 9, 0, 7, 132.14
1735749202, 140, 23, 46, 0, 0, 0.19%, 9, 0, 7, 137.45
1735749207, 140, 33, 46, 0, 0, 0.19%, 9, 0, 7, 148.79
1735749217, 140, 36, 46, 0, 0, 0.19%, 9, 0, 7, 141.47
1735749222, 140, 41, 46, 0, 0, 0.19%, 9, 0, 7, 128.97
1735749243, 140, 43, 47, 1, 0, 0.21%, 10, 0, 7, 135.61
1735749273, 140, 46, 49, 3, 1, 0.21%, 11, 0, 8, 182.16
1735749304, 140, 46, 50, 4, 1, 0.24%, 12, 0, 8, 139.99
1735749361, 140, 48, 52, 5, 2, 0.30%, 14, 0, 9, 185.05
1735749391, 140, 48, 53, 6, 2, 0.30%, 14, 0, 9, 140.07
1735749479, 140, 49, 53, 5, 3, 0.30%, 14, 0, 9, 175.88
1735749484, 140, 49, 54, 6, 3, 0.30%, 14, 0, 9, 187.37
1735749566, 140, 49, 55, 7, 3, 0.30%, 14, 0, 9, 136.89
1735749582, 140, 50, 56, 7, 3, 0.30%, 15, 0, 10, 149.16
1735749618, 140, 50, 57, 8, 3, 0.30%, 15, 0, 10, 135.73
1735749623, 140, 50, 58, 9, 3, 0.30%, 15, 0, 10, 139.44
1735749664, 140, 50, 59, 10, 3, 0.30%, 15, 0, 10, 139.22
1735749741, 140, 51, 59, 9, 3, 0.30%, 15, 0, 10, 189.93
1735749798, 140, 51, 60, 10, 3, 0.30%, 15, 0, 10, 147.98
1735749813, 140, 54, 60, 9, 2, 0.30%, 15, 0, 10, 132.80
1735749895, 140, 54, 61, 10, 2, 0.30%, 15, 0, 10, 143.98
1735749900, 140, 54, 62, 11, 2, 0.30%, 15, 0, 10, 142.92
1735749916, 140, 55, 62, 10, 1, 0.30%, 15, 0, 10, 188.61
1735750013, 140, 58, 62, 9, 0, 0.30%, 15, 0, 10, 153.46
1735750044, 140, 58, 63, 10, 0, 0.30%, 16, 0, 11, 141.78
1735750136, 140, 62, 68, 14, 1, 0.33%, 18, 0, 12, 167.98
1735750141, 140, 62, 69, 15, 1, 0.33%, 18, 0, 12, 113.32
1735750167, 140, 62, 71, 17, 1, 0.33%, 18, 0, 12, 138.80
1735750177, 140, 62, 72, 18, 1, 0.33%, 18, 0, 12, 140.79
1735750255, 140, 65, 72, 17, 2, 0.33%, 18, 0, 12, 183.79
1735750352, 140, 68, 74, 18, 1, 0.34%, 20, 0, 13, 170.80
1735750382, 140, 68, 75, 19, 1, 0.36%, 21, 0, 13, 141.50
1735750418, 140, 68, 76, 20, 1, 0.36%, 21, 0, 13, 143.22
1735750506, 140, 72, 76, 19, 3, 0.36%, 21, 0, 13, 181.65
1735750521, 140, 72, 77, 20, 3, 0.36%, 21, 0, 14, 145.44
1735750624, 140, 73, 77, 19, 2, 0.36%, 21, 0, 14, 157.68
1735750701, 140, 74, 78, 19, 1, 0.36%, 21, 0, 14, 139.65
1735750707, 140, 74, 79, 20, 1, 0.37%, 22, 0, 14, 220.77
1735750712, 140, 74, 84, 25, 1, 0.37%, 25, 0, 14, 221.64
1735750722, 140, 74, 85, 26, 1, 0.37%, 25, 0, 14, 196.54
1735750737, 140, 74, 86, 27, 1, 0.37%, 25, 0, 14, 156.54
1735750854, 140, 78, 86, 26, 4, 0.37%, 25, 0, 14, 163.44
1735750956, 140, 79, 86, 25, 3, 0.37%, 25, 0, 14, 198.46
1735751032, 140, 79, 87, 26, 3, 0.37%, 25, 0, 15, 155.16
1735751053, 140, 82, 87, 25, 2, 0.37%, 25, 0, 15, 217.27
1735751139, 140, 82, 88, 26, 2, 0.37%, 25, 0, 15, 127.61
1735751149, 140, 85, 88, 25, 1, 0.37%, 25, 0, 15, 149.57
1735751246, 140, 87, 88, 24, 0, 0.37%, 25, 0, 15, 139.13
1735751256, 140, 87, 93, 29, 0, 0.37%, 25, 0, 16, 203.25
1735751291, 140, 87, 95, 31, 0, 0.37%, 25, 0, 16, 154.74
1735751388, 140, 87, 96, 32, 0, 0.37%, 25, 0, 16, 151.13
1735751398, 140, 88, 97, 32, 1, 0.37%, 25, 0, 17, 181.08
1735751403, 140, 88, 98, 33, 1, 0.37%, 26, 0, 17, 215.89
1735751454, 140, 88, 99, 34, 1, 0.37%, 26, 0, 17, 154.02
1735751469, 140, 88, 100, 35, 1, 0.37%, 26, 0, 17, 158.72
1735751489, 140, 88, 101, 36, 1, 0.38%, 27, 0, 17, 154.91
1735751545, 140, 96, 102, 36, 3, 0.38%, 27, 0, 18, 168.46
1735751550, 140, 96, 104, 38, 3, 0.38%, 27, 0, 18, 210.89
1735751616, 140, 96, 106, 40, 3, 0.38%, 27, 0, 18, 192.96
1735751621, 140, 96, 107, 41, 3, 0.38%, 27, 0, 18, 195.52
1735751642, 140, 97, 107, 40, 2, 0.38%, 27, 0, 18, 181.05
1735751647, 140, 97, 109, 42, 2, 0.40%, 29, 0, 18, 214.96
1735751698, 140, 97, 110, 43, 2, 0.40%, 29, 0, 18, 152.89
1735751789, 140, 100, 110, 42, 3, 0.40%, 29, 0, 18, 152.48
1735751820, 140, 100, 112, 44, 3, 0.40%, 29, 0, 18, 210.31
1735751825, 140, 100, 113, 45, 3, 0.40%, 29, 0, 18, 169.33
1735751830, 140, 100, 117, 49, 3, 0.40%, 29, 0, 18, 152.36
1735751845, 140, 100, 118, 50, 3, 0.40%, 29, 0, 18, 160.07
1735751850, 140, 100, 120, 52, 3, 0.40%, 30, 0, 18, 159.46
1735751896, 140, 100, 121, 53, 3, 0.40%, 30, 0, 18, 154.29
1735751957, 140, 107, 121, 52, 3, 0.40%, 30, 0, 18, 209.85
