# unix_time, cycles_done, cur_path, paths_total, pending_total, pending_favs, map_size, unique_crashes, unique_hangs, max_depth, execs_per_sec
1735450256, 0, 0, 10, 10, 1, 0.01%, 0, 0, 1, 84.48
1735450261, 0, 4, 10, 10, 1, 0.01%, 0, 0, 1, 105.59
1735450266, 0, 5, 10, 9, 0, 0.01%, 0, 0, 1, 103.01
1735450276, 0, 6, 10, 8, 0, 0.01%, 0, 0, 1, 101.48
1735450286, 0, 7, 10, 7, 0, 0.01%, 0, 0, 1, 98.08
1735450297, 0, 8, 10, 6, 0, 0.01%, 0, 0, 1, 96.15
1735450307, 0, 9, 10, 5, 0, 0.01%, 0, 0, 1, 95.61
1735450317, 1, 0, 10, 4, 0, 0.01%, 0, 0, 1, 93.71
1735450327, 1, 1, 10, 3, 0, 0.01%, 0, 0, 1, 99.78
1735450342, 1, 2, 10, 2, 0, 0.01%, 0, 0, 1, 91.58
1735450353, 1, 3, 10, 1, 0, 0.01%, 0, 0, 1, 94.71
1735450363, 1, 4, 10, 0, 0, 0.01%, 0, 0, 1, 103.65
1735450368, 1, 5, 10, 0, 0, 0.01%, 0, 0, 1, 102.59
1735450373, 1, 7, 10, 0, 0, 0.01%, 0, 0, 1, 104.46
1735450378, 1, 8, 10, 0, 0, 0.01%, 0, 0, 1, 102.56
1735450384, 1, 9, 10, 0, 0, 0.01%, 0, 0, 1, 102.47
1735450389, 2, 1, 10, 0, 0, 0.01%, 0, 0, 1, 104.03
1735450394, 2, 2, 10, 0, 0, 0.01%, 0, 0, 1, 104.03
1735450399, 2, 4, 10, 0, 0, 0.01%, 0, 0, 1, 102.84
1735450404, 2, 5, 10, 0, 0, 0.01%, 0, 0, 1, 100.31
1735450409, 2, 7, 10, 0, 0, 0.01%, 0, 0, 1, 102.18
1735450415, 2, 8, 10, 0, 0, 0.01%, 0, 0, 1, 105.65
1735450420, 3, 0, 10, 0, 0, 0.01%, 0, 0, 1, 103.37
1735450425, 3, 1, 10, 0, 0, 0.01%, 0, 0, 1, 103.30
1735450430, 3, 2, 10, 0, 0, 0.01%, 0, 0, 1, 100.96
1735450435, 3, 4, 10, 0, 0, 0.01%, 0, 0, 1, 101.55
1735450440, 3, 5, 10, 0, 0, 0.01%, 0, 0, 1, 102.92
1735450445, 3, 7, 10, 0, 0, 0.01%, 0, 0, 1, 99.93
1735450451, 3, 8, 10, 0, 0, 0.01%, 0, 0, 1, 103.17
1735450456, 4, 0, 10, 0, 0, 0.01%, 0, 0, 1, 103.87
1735450461, 4, 1, 10, 0, 0, 0.01%, 0, 0, 1, 104.76
1735450466, 4, 2, 10, 0, 0, 0.01%, 0, 0, 1, 101.17
1735450471, 4, 4, 10, 0, 0, 0.01%, 0, 0, 1, 101.50
1735450476, 4, 5, 10, 0, 0, 0.01%, 0, 0, 1, 101.14
1735450481, 4, 7, 10, 0, 0, 0.01%, 0, 0, 1, 102.19
1735450486, 4, 8, 10, 0, 0, 0.01%, 0, 0, 1, 102.68
1735450491, 4, 9, 10, 0, 0, 0.01%, 0, 0, 1, 102.07
1735450497, 5, 1, 10, 0, 0, 0.01%, 0, 0, 1, 104.79
1735450502, 5, 2, 10, 0, 0, 0.01%, 0, 0, 1, 102.10
1735450507, 5, 4, 10, 0, 0, 0.01%, 0, 0, 1, 102.31
1735450512, 5, 5, 10, 0, 0, 0.01%, 0, 0, 1, 102.93
1735450517, 5, 7, 10, 0, 0, 0.01%, 0, 0, 1, 103.04
1735450522, 5, 8, 10, 0, 0, 0.01%, 0, 0, 1, 104.38
1735450527, 6, 0, 10, 0, 0, 0.01%, 0, 0, 1, 102.67
1735450533, 6, 1, 10, 0, 0, 0.01%, 0, 0, 1, 101.41
1735450538, 6, 2, 10, 0, 0, 0.01%, 0, 0, 1, 102.47
1735450543, 6, 4, 10, 0, 0, 0.01%, 0, 0, 1, 102.34
1735450548, 6, 5, 10, 0, 0, 0.01%, 0, 0, 1, 103.77
1735450553, 6, 7, 10, 0, 0, 0.01%, 0, 0, 1, 102.16
1735450558, 6, 8, 10, 0, 0, 0.01%, 0, 0, 1, 102.06
1735450564, 7, 0, 10, 0, 0, 0.01%, 0, 0, 1, 101.90
1735450569, 7, 1, 10, 0, 0, 0.01%, 0, 0, 1, 104.75
1735450574, 7, 2, 10, 0, 0, 0.01%, 0, 0, 1, 102.33
1735450579, 7, 4, 10, 0, 0, 0.01%, 0, 0, 1, 101.61
1735450584, 7, 5, 10, 0, 0, 0.01%, 0, 0, 1, 103.27
1735450589, 7, 7, 10, 0, 0, 0.01%, 0, 0, 1, 104.13
1735450594, 7, 8, 10, 0, 0, 0.01%, 0, 0, 1, 103.04
1735450599, 8, 0, 10, 0, 0, 0.01%, 0, 0, 1, 104.15
1735450605, 8, 1, 10, 0, 0, 0.01%, 0, 0, 1, 105.18
1735450610, 8, 3, 10, 0, 0, 0.01%, 0, 0, 1, 103.55
1735450615, 8, 4, 10, 0, 0, 0.01%, 0, 0, 1, 102.19
1735450620, 8, 5, 10, 0, 0, 0.01%, 0, 0, 1, 101.62
1735450625, 8, 7, 10, 0, 0, 0.01%, 0, 0, 1, 102.42
1735450630, 8, 8, 10, 0, 0, 0.01%, 0, 0, 1, 103.91
1735450635, 9, 0, 10, 0, 0, 0.01%, 0, 0, 1, 102.37
1735450640, 9, 1, 10, 0, 0, 0.01%, 0, 0, 1, 103.24
1735450645, 9, 3, 10, 0, 0, 0.01%, 0, 0, 1, 101.20
1735450650, 9, 4, 10, 0, 0, 0.01%, 0, 0, 1, 103.52
1735450656, 9, 5, 10, 0, 0, 0.01%, 0, 0, 1, 104.53
1735450661, 9, 7, 10, 0, 0, 0.01%, 0, 0, 1, 105.47
1735450666, 9, 8, 10, 0, 0, 0.01%, 0, 0, 1, 104.81
1735450671, 10, 0, 10, 0, 0, 0.01%, 0, 0, 1, 103.52
1735450676, 10, 1, 10, 0, 0, 0.01%, 0, 0, 1, 102.43
1735450682, 10, 3, 10, 0, 0, 0.01%, 0, 0, 1, 102.24
1735450687, 10, 4, 10, 0, 0, 0.01%, 0, 0, 1, 102.02
1735450692, 10, 5, 10, 0, 0, 0.01%, 0, 0, 1, 102.20
1735450697, 10, 7, 10, 0, 0, 0.01%, 0, 0, 1, 104.26
1735450702, 10, 8, 10, 0, 0, 0.01%, 0, 0, 1, 101.93
1735450707, 11, 0, 10, 0, 0, 0.01%, 0, 0, 1, 103.31
1735450712, 11, 1, 10, 0, 0, 0.01%, 0, 0, 1, 104.08
1735450717, 11, 3, 10, 0, 0, 0.01%, 0, 0, 1, 103.27
1735450723, 11, 4, 10, 0, 0, 0.01%, 0, 0, 1, 103.73
1735450728, 11, 6, 10, 0, 0, 0.01%, 0, 0, 1, 101.37
1735450733, 11, 7, 10, 0, 0, 0.01%, 0, 0, 1, 103.56
1735450738, 11, 8, 10, 0, 0, 0.01%, 0, 0, 1, 104.04
1735450743, 12, 0, 10, 0, 0, 0.01%, 0, 0, 1, 102.91
1735450748, 12, 1, 10, 0, 0, 0.01%, 0, 0, 1, 102.85
1735450754, 12, 3, 10, 0, 0, 0.01%, 0, 0, 1, 103.82
1735450759, 12, 4, 10, 0, 0, 0.01%, 0, 0, 1, 103.94
1735450764, 12, 6, 10, 0, 0, 0.01%, 0, 0, 1, 104.08
1735450769, 12, 7, 10, 0, 0, 0.01%, 0, 0, 1, 100.64
1735450774, 12, 9, 10, 0, 0, 0.01%, 0, 0, 1, 101.17
1735450779, 13, 0, 10, 0, 0, 0.01%, 0, 0, 1, 103.28
1735450784, 13, 1, 10, 0, 0, 0.01%, 0, 0, 1, 103.11
1735450789, 13, 3, 10, 0, 0, 0.01%, 0, 0, 1, 102.98
1735450794, 13, 4, 10, 0, 0, 0.01%, 0, 0, 1, 102.14
1735450800, 13, 6, 10, 0, 0, 0.01%, 0, 0, 1, 102.30
1735450805, 13, 7, 10, 0, 0, 0.01%, 0, 0, 1, 102.27
1735450810, 13, 9, 10, 0, 0, 0.01%, 0, 0, 1, 101.04
1735450815, 14, 0, 10, 0, 0, 0.01%, 0, 0, 1, 106.87
1735450820, 14, 1, 10, 0, 0, 0.01%, 0, 0, 1, 104.72
1735450825, 14, 3, 10, 0, 0, 0.01%, 0, 0, 1, 106.52
1735450831, 14, 4, 10, 0, 0, 0.01%, 0, 0, 1, 102.34
1735450836, 14, 6, 10, 0, 0, 0.01%, 0, 0, 1, 102.19
1735450841, 14, 7, 10, 0, 0, 0.01%, 0, 0, 1, 101.68
1735450846, 14, 9, 10, 0, 0, 0.01%, 0, 0, 1, 102.43
1735450851, 15, 0, 10, 0, 0, 0.01%, 0, 0, 1, 102.00
1735450856, 15, 2, 10, 0, 0, 0.01%, 0, 0, 1, 107.09
1735450861, 15, 3, 10, 0, 0, 0.01%, 0, 0, 1, 109.11
1735450866, 15, 5, 10, 0, 0, 0.01%, 0, 0, 1, 106.98
1735450872, 15, 6, 10, 0, 0, 0.01%, 0, 0, 1, 106.89
1735450877, 15, 8, 10, 0, 0, 0.01%, 0, 0, 1, 109.02
1735450882, 15, 9, 10, 0, 0, 0.01%, 0, 0, 1, 110.77
1735450887, 16, 1, 10, 0, 0, 0.01%, 0, 0, 1, 109.78
1735450892, 16, 2, 10, 0, 0, 0.01%, 0, 0, 1, 109.15
1735450897, 16, 4, 10, 0, 0, 0.01%, 0, 0, 1, 108.64
1735450902, 16, 5, 10, 0, 0, 0.01%, 0, 0, 1, 106.45
1735450908, 16, 7, 10, 0, 0, 0.01%, 0, 0, 1, 107.15
1735450913, 16, 8, 10, 0, 0, 0.01%, 0, 0, 1, 107.87
1735450918, 17, 0, 10, 0, 0, 0.01%, 0, 0, 1, 104.88
1735450923, 17, 1, 10, 0, 0, 0.01%, 0, 0, 1, 105.23
1735450928, 17, 3, 10, 0, 0, 0.01%, 0, 0, 1, 107.00
1735450933, 17, 4, 10, 0, 0, 0.01%, 0, 0, 1, 105.07
1735450938, 17, 6, 10, 0, 0, 0.01%, 0, 0, 1, 108.11
1735450943, 17, 7, 10, 0, 0, 0.01%, 0, 0, 1, 109.66
1735450949, 17, 9, 10, 0, 0, 0.01%, 0, 0, 1, 106.32
1735450954, 18, 0, 10, 0, 0, 0.01%, 0, 0, 1, 110.80
1735450959, 18, 2, 10, 0, 0, 0.01%, 0, 0, 1, 110.14
1735450964, 18, 3, 10, 0, 0, 0.01%, 0, 0, 1, 107.05
1735450969, 18, 5, 10, 0, 0, 0.01%, 0, 0, 1, 105.27
1735450974, 18, 6, 10, 0, 0, 0.01%, 0, 0, 1, 107.29
1735450979, 18, 8, 10, 0, 0, 0.01%, 0, 0, 1, 107.41
1735450984, 18, 9, 10, 0, 0, 0.01%, 0, 0, 1, 106.56
1735450990, 19, 1, 10, 0, 0, 0.01%, 0, 0, 1, 109.38
1735450995, 19, 2, 10, 0, 0, 0.01%, 0, 0, 1, 106.39
1735451000, 19, 4, 10, 0, 0, 0.01%, 0, 0, 1, 107.32
1735451005, 19, 5, 10, 0, 0, 0.01%, 0, 0, 1, 108.69
1735451010, 19, 7, 10, 0, 0, 0.01%, 0, 0, 1, 111.51
1735451015, 19, 8, 10, 0, 0, 0.01%, 0, 0, 1, 107.37
1735451020, 20, 0, 10, 0, 0, 0.01%, 0, 0, 1, 106.25
1735451026, 20, 1, 10, 0, 0, 0.01%, 0, 0, 1, 109.87
1735451031, 20, 3, 10, 0, 0, 0.01%, 0, 0, 1, 109.31
1735451036, 20, 4, 10, 0, 0, 0.01%, 0, 0, 1, 109.02
1735451041, 20, 6, 10, 0, 0, 0.01%, 0, 0, 1, 110.02
1735451046, 20, 7, 10, 0, 0, 0.01%, 0, 0, 1, 107.19
1735451051, 20, 9, 10, 0, 0, 0.01%, 0, 0, 1, 107.25
1735451056, 21, 0, 10, 0, 0, 0.01%, 0, 0, 1, 106.94
1735451061, 21, 10, 11, 1, 1, 0.16%, 1, 0, 2, 106.65
1735451066, 21, 10, 13, 3, 1, 0.16%, 3, 0, 3, 124.68
1735451092, 21, 10, 14, 4, 1, 0.17%, 4, 0, 3, 120.43
1735451190, 21, 11, 14, 3, 3, 0.17%, 4, 0, 3, 132.25
1735451211, 21, 11, 15, 4, 3, 0.17%, 4, 0, 4, 115.09
1735451216, 21, 11, 16, 5, 3, 0.17%, 4, 0, 4, 117.72
1735451273, 21, 11, 17, 6, 3, 0.17%, 4, 0, 4, 116.08
1735451314, 21, 11, 18, 7, 3, 0.17%, 4, 0, 4, 112.46
1735451345, 21, 12, 18, 6, 2, 0.17%, 4, 0, 4, 134.50
1735451360, 21, 12, 19, 7, 2, 0.17%, 5, 0, 4, 115.25
1735451381, 21, 12, 20, 8, 2, 0.17%, 5, 0, 4, 116.48
1735451386, 21, 12, 21, 9, 2, 0.17%, 5, 0, 4, 113.94
1735451396, 21, 12, 22, 10, 2, 0.17%, 5, 0, 4, 113.65
1735451422, 21, 12, 23, 11, 2, 0.17%, 5, 0, 4, 113.52
1735451448, 21, 12, 24, 12, 2, 0.17%, 5, 0, 4, 118.66
1735451494, 21, 12, 27, 15, 2, 0.17%, 5, 0, 4, 149.75
1735451504, 21, 13, 27, 14, 2, 0.17%, 5, 0, 4, 138.24
1735451514, 21, 13, 28, 15, 2, 0.17%, 5, 0, 4, 122.51
1735451524, 21, 13, 29, 16, 2, 0.17%, 5, 0, 4, 117.66
1735451617, 21, 23, 29, 15, 1, 0.17%, 5, 0, 4, 141.51
1735451683, 21, 23, 32, 18, 1, 0.17%, 5, 0, 5, 140.77
1735451694, 21, 26, 32, 17, 0, 0.17%, 5, 0, 5, 127.22
1735451771, 21, 28, 32, 16, 0, 0.17%, 5, 0, 5, 121.51
1735451796, 21, 28, 33, 17, 0, 0.17%, 5, 0, 5, 131.05
1735451863, 21, 28, 34, 18, 0, 0.17%, 5, 0, 5, 133.67
1735451894, 22, 5, 34, 17, 0, 0.17%, 5, 0, 5, 141.99
1735451899, 22, 11, 34, 17, 0, 0.17%, 5, 0, 5, 122.20
1735451914, 22, 12, 34, 17, 0, 0.17%, 5, 0, 5, 121.78
1735451930, 22, 13, 34, 17, 0, 0.17%, 5, 0, 5, 125.46
1735451945, 22, 14, 34, 17, 0, 0.17%, 5, 0, 5, 160.52
1735452017, 22, 23, 34, 16, 0, 0.17%, 5, 0, 5, 130.69
1735452053, 22, 33, 34, 16, 0, 0.17%, 5, 0, 5, 226.32
1735452140, 22, 33, 35, 17, 0, 0.17%, 5, 0, 6, 152.64
1735452185, 22, 33, 36, 18, 0, 0.17%, 5, 0, 6, 156.46
1735452216, 23, 11, 36, 17, 0, 0.17%, 5, 0, 6, 127.95
1735452226, 23, 12, 36, 17, 0, 0.17%, 5, 0, 6, 124.97
1735452242, 23, 13, 36, 17, 0, 0.17%, 5, 0, 6, 129.97
1735452257, 23, 15, 36, 17, 0, 0.17%, 5, 0, 6, 190.11
1735452309, 23, 23, 36, 16, 0, 0.17%, 5, 0, 6, 125.55
1735452344, 23, 24, 36, 16, 0, 0.17%, 5, 0, 6, 245.23
1735452431, 23, 25, 36, 15, 0, 0.17%, 5, 0, 6, 192.67
1735452568, 23, 25, 37, 16, 0, 0.17%, 6, 0, 6, 165.45
1735452624, 23, 31, 37, 15, 0, 0.17%, 6, 0, 6, 183.10
1735452670, 23, 31, 38, 16, 0, 0.17%, 7, 0, 6, 243.35
1735452828, 23, 35, 38, 15, 0, 0.17%, 7, 0, 6, 196.73
1735452910, 24, 11, 38, 14, 0, 0.17%, 7, 0, 6, 126.11
1735452915, 24, 12, 38, 14, 0, 0.17%, 7, 0, 6, 127.06
1735452925, 24, 13, 38, 14, 0, 0.17%, 7, 0, 6, 130.80
1735452935, 24, 17, 38, 14, 0, 0.17%, 7, 0, 6, 166.07
1735452982, 24, 18, 38, 13, 0, 0.17%, 7, 0, 6, 129.64
1735453186, 24, 23, 38, 12, 0, 0.17%, 7, 0, 6, 136.98
1735453217, 24, 27, 38, 12, 0, 0.17%, 7, 0, 6, 165.54
1735453293, 24, 30, 38, 11, 0, 0.17%, 7, 0, 6, 166.55
1735453375, 24, 32, 38, 10, 0, 0.17%, 7, 0, 6, 166.13
1735453421, 24, 34, 38, 9, 0, 0.17%, 7, 0, 6, 162.16
1735453584, 25, 7, 38, 8, 0, 0.17%, 7, 0, 6, 128.24
1735453589, 25, 11, 38, 8, 0, 0.17%, 7, 0, 6, 124.08
1735453599, 25, 12, 38, 8, 0, 0.17%, 7, 0, 6, 121.66
1735453605, 25, 13, 38, 8, 0, 0.17%, 7, 0, 6, 149.45
1735453620, 25, 23, 38, 8, 0, 0.17%, 7, 0, 6, 128.92
1735453651, 25, 36, 38, 8, 0, 0.17%, 7, 0, 6, 214.09
1735453809, 26, 11, 38, 7, 0, 0.17%, 7, 0, 6, 127.52
1735453815, 26, 12, 38, 7, 0, 0.17%, 7, 0, 6, 126.70
1735453820, 26, 13, 38, 7, 0, 0.17%, 7, 0, 6, 132.84
1735453825, 26, 23, 38, 7, 0, 0.17%, 7, 0, 6, 131.33
1735453840, 26, 24, 38, 7, 0, 0.17%, 7, 0, 6, 148.33
1735453871, 26, 30, 38, 7, 0, 0.17%, 7, 0, 6, 140.35
1735453902, 27, 12, 38, 7, 0, 0.17%, 7, 0, 6, 136.08
1735453907, 27, 15, 38, 7, 0, 0.17%, 7, 0, 6, 138.54
1735453933, 27, 17, 38, 7, 0, 0.17%, 7, 0, 6, 129.98
1735453948, 27, 20, 38, 7, 0, 0.17%, 7, 0, 6, 162.05
1735453999, 27, 21, 38, 6, 0, 0.17%, 7, 0, 6, 101.73
1735454883, 27, 23, 38, 5, 0, 0.17%, 7, 0, 6, 135.36
1735454888, 28, 12, 38, 5, 0, 0.17%, 7, 0, 6, 137.12
1735454893, 28, 13, 38, 5, 0, 0.17%, 7, 0, 6, 134.42
1735454898, 28, 22, 38, 5, 0, 0.17%, 7, 0, 6, 215.25
1735454980, 28, 23, 38, 4, 0, 0.17%, 7, 0, 6, 132.34
1735454990, 28, 26, 38, 4, 0, 0.17%, 7, 0, 6, 139.42
1735455021, 28, 33, 38, 4, 0, 0.17%, 7, 0, 6, 162.76
1735455051, 28, 37, 38, 4, 0, 0.17%, 7, 0, 6, 232.47
1735455240, 29, 12, 38, 3, 0, 0.17%, 7, 0, 6, 130.98
1735455245, 29, 14, 38, 3, 0, 0.17%, 7, 0, 6, 133.51
1735455265, 29, 16, 38, 3, 0, 0.17%, 7, 0, 6, 154.70
1735455327, 29, 23, 38, 2, 0, 0.17%, 7, 0, 6, 134.12
1735455337, 29, 30, 38, 2, 0, 0.17%, 7, 0, 6, 136.49
1735455368, 29, 32, 38, 2, 0, 0.17%, 7, 0, 6, 140.70
1735455388, 30, 11, 38, 2, 0, 0.17%, 7, 0, 6, 134.85
1735455393, 30, 13, 38, 2, 0, 0.17%, 7, 0, 6, 138.58
1735455399, 30, 23, 38, 2, 0, 0.17%, 7, 0, 6, 131.62
1735455404, 30, 26, 38, 2, 0, 0.17%, 7, 0, 6, 135.45
1735455434, 30, 29, 38, 2, 0, 0.17%, 7, 0, 6, 165.36
1735455511, 31, 12, 38, 1, 0, 0.17%, 7, 0, 6, 134.38
1735455516, 31, 15, 38, 1, 0, 0.17%, 7, 0, 6, 135.23
1735455537, 31, 23, 38, 1, 0, 0.17%, 7, 0, 6, 130.42
1735455547, 31, 24, 38, 1, 0, 0.17%, 7, 0, 6, 163.08
1735455578, 32, 12, 38, 1, 0, 0.17%, 7, 0, 6, 133.70
1735455583, 32, 13, 38, 1, 0, 0.17%, 7, 0, 6, 134.60
1735455588, 32, 23, 38, 1, 0, 0.17%, 7, 0, 6, 136.97
1735455593, 33, 11, 38, 1, 0, 0.17%, 7, 0, 6, 138.83
1735455598, 33, 13, 38, 1, 0, 0.17%, 7, 0, 6, 133.96
1735455603, 33, 22, 38, 1, 0, 0.17%, 7, 0, 6, 147.13
1735455634, 33, 23, 38, 1, 0, 0.17%, 7, 0, 6, 130.87
1735455639, 34, 11, 38, 1, 0, 0.17%, 7, 0, 6, 143.21
1735455645, 34, 13, 38, 1, 0, 0.17%, 7, 0, 6, 133.48
1735455650, 34, 23, 38, 1, 0, 0.17%, 7, 0, 6, 129.49
1735455655, 34, 30, 38, 1, 0, 0.17%, 7, 0, 6, 130.01
1735455686, 35, 11, 38, 1, 0, 0.17%, 7, 0, 6, 141.27
1735455691, 35, 13, 38, 1, 0, 0.17%, 7, 0, 6, 135.18
1735455696, 35, 19, 38, 1, 0, 0.17%, 7, 0, 6, 203.07
1735455865, 35, 23, 38, 0, 0, 0.17%, 7, 0, 6, 130.52
1735455870, 36, 9, 38, 0, 0, 0.17%, 7, 0, 6, 140.87
1735455875, 36, 12, 38, 0, 0, 0.17%, 7, 0, 6, 134.05
1735455880, 36, 16, 38, 0, 0, 0.17%, 7, 0, 6, 142.16
1735455901, 36, 21, 38, 0, 0, 0.17%, 7, 0, 6, 159.04
1735455927, 36, 23, 38, 0, 0, 0.17%, 7, 0, 6, 137.21
1735455937, 36, 26, 38, 0, 0, 0.17%, 7, 0, 6, 137.22
1735455968, 37, 12, 38, 0, 0, 0.17%, 7, 0, 6, 139.95
1735455973, 37, 23, 38, 0, 0, 0.17%, 7, 0, 6, 136.42
1735455983, 37, 36, 38, 0, 0, 0.17%, 7, 0, 6, 165.34
1735456014, 38, 12, 38, 0, 0, 0.17%, 7, 0, 6, 132.18
1735456019, 38, 13, 38, 0, 0, 0.17%, 7, 0, 6, 132.62
1735456024, 38, 23, 38, 0, 0, 0.17%, 7, 0, 6, 126.22
1735456029, 39, 11, 38, 0, 0, 0.17%, 7, 0, 6, 128.57
1735456035, 39, 13, 38, 0, 0, 0.17%, 7, 0, 6, 127.48
1735456040, 39, 17, 38, 0, 0, 0.17%, 7, 0, 6, 134.39
1735456055, 39, 23, 38, 0, 0, 0.17%, 7, 0, 6, 139.83
1735456065, 39, 24, 38, 0, 0, 0.17%, 7, 0, 6, 153.76
1735456091, 39, 30, 38, 0, 0, 0.17%, 7, 0, 6, 150.98
1735456127, 40, 11, 38, 0, 0, 0.17%, 7, 0, 6, 131.72
1735456132, 40, 13, 38, 0, 0, 0.17%, 7, 0, 6, 141.54
1735456137, 40, 23, 38, 0, 0, 0.17%, 7, 0, 6, 142.80
1735456142, 40, 25, 38, 0, 0, 0.17%, 7, 0, 6, 163.23
1735456173, 40, 31, 38, 0, 0, 0.17%, 7, 0, 6, 157.14
1735456204, 41, 12, 38, 0, 0, 0.17%, 7, 0, 6, 132.77
1735456209, 41, 20, 38, 0, 0, 0.17%, 7, 0, 6, 129.14
1735456230, 41, 23, 38, 0, 0, 0.17%, 7, 0, 6, 137.53
1735456240, 42, 12, 38, 0, 0, 0.17%, 7, 0, 6, 130.07
1735456245, 42, 15, 38, 0, 0, 0.17%, 7, 0, 6, 140.29
1735456266, 42, 23, 38, 0, 0, 0.17%, 7, 0, 6, 147.09
1735456276, 43, 12, 38, 0, 0, 0.17%, 7, 0, 6, 129.98
1735456281, 43, 23, 38, 0, 0, 0.17%, 7, 0, 6, 134.53
1735456291, 43, 29, 38, 0, 0, 0.17%, 7, 0, 6, 137.76
1735456322, 44, 12, 38, 0, 0, 0.17%, 7, 0, 6, 127.47
1735456327, 44, 20, 38, 0, 0, 0.17%, 7, 0, 6, 135.46
1735456348, 44, 23, 38, 0, 0, 0.17%, 7, 0, 6, 139.68
1735456353, 45, 1, 38, 0, 0, 0.17%, 7, 0, 6, 128.83
1735456358, 45, 12, 38, 0, 0, 0.17%, 7, 0, 6, 132.91
1735456363, 45, 16, 38, 0, 0, 0.17%, 7, 0, 6, 141.17
1735456384, 45, 19, 38, 0, 0, 0.17%, 7, 0, 6, 167.79
1735456415, 45, 23, 38, 0, 0, 0.17%, 7, 0, 6, 138.48
1735456420, 46, 11, 38, 0, 0, 0.17%, 7, 0, 6, 135.20
1735456425, 46, 13, 38, 0, 0, 0.17%, 7, 0, 6, 136.67
1735456430, 46, 23, 38, 0, 0, 0.17%, 7, 0, 6, 135.28
1735456435, 47, 11, 38, 0, 0, 0.17%, 7, 0, 6, 135.07
1735456440, 47, 13, 38, 0, 0, 0.17%, 7, 0, 6, 136.28
1735456446, 47, 23, 38, 0, 0, 0.17%, 7, 0, 6, 131.73
1735456451, 48, 0, 38, 0, 0, 0.17%, 7, 0, 6, 137.14
1735456456, 48, 12, 38, 0, 0, 0.17%, 7, 0, 6, 132.37
1735456461, 48, 23, 38, 0, 0, 0.17%, 7, 0, 6, 135.83
1735456471, 48, 25, 38, 0, 0, 0.17%, 7, 0, 6, 164.50
1735456497, 49, 7, 38, 0, 0, 0.17%, 7, 0, 6, 138.47
1735456502, 49, 12, 38, 0, 0, 0.17%, 7, 0, 6, 135.35
1735456507, 49, 23, 38, 0, 0, 0.17%, 7, 0, 6, 136.25
1735456517, 50, 11, 38, 0, 0, 0.17%, 7, 0, 6, 136.18
1735456522, 50, 13, 38, 0, 0, 0.17%, 7, 0, 6, 130.48
1735456528, 50, 19, 38, 0, 0, 0.17%, 7, 0, 6, 167.28
1735456553, 50, 23, 38, 0, 0, 0.17%, 7, 0, 6, 142.72
1735456563, 50, 28, 38, 0, 0, 0.17%, 7, 0, 6, 137.77
1735456584, 50, 32, 38, 0, 0, 0.17%, 7, 0, 6, 134.30
1735456605, 51, 11, 38, 0, 0, 0.17%, 7, 0, 6, 143.10
1735456610, 51, 13, 38, 0, 0, 0.17%, 7, 0, 6, 130.32
1735456615, 51, 23, 38, 0, 0, 0.17%, 7, 0, 6, 130.56
1735456620, 52, 11, 38, 0, 0, 0.17%, 7, 0, 6, 142.28
1735456625, 52, 13, 38, 0, 0, 0.17%, 7, 0, 6, 135.55
1735456630, 52, 16, 38, 0, 0, 0.17%, 7, 0, 6, 141.84
1735456646, 52, 23, 38, 0, 0, 0.17%, 7, 0, 6, 131.70
1735456651, 53, 11, 38, 0, 0, 0.17%, 7, 0, 6, 137.15
1735456656, 53, 13, 38, 0, 0, 0.17%, 7, 0, 6, 134.01
1735456661, 53, 23, 38, 0, 0, 0.17%, 7, 0, 6, 129.26
1735456667, 53, 27, 38, 0, 0, 0.17%, 7, 0, 6, 135.85
1735456697, 54, 0, 38, 0, 0, 0.17%, 7, 0, 6, 124.94
1735456702, 54, 6, 38, 0, 0, 0.17%, 7, 0, 6, 131.02
1735456707, 54, 12, 38, 0, 0, 0.17%, 7, 0, 6, 133.76
1735456713, 54, 15, 38, 0, 0, 0.17%, 7, 0, 6, 139.37
1735456733, 54, 23, 38, 0, 0, 0.17%, 7, 0, 6, 132.93
1735456738, 55, 11, 38, 0, 0, 0.17%, 7, 0, 6, 142.09
1735456743, 55, 13, 38, 0, 0, 0.17%, 7, 0, 6, 134.65
1735456748, 55, 20, 38, 0, 0, 0.17%, 7, 0, 6, 130.96
1735456769, 55, 23, 38, 0, 0, 0.17%, 7, 0, 6, 135.82
1735456774, 55, 29, 38, 0, 0, 0.17%, 7, 0, 6, 141.34
1735456805, 56, 5, 38, 0, 0, 0.17%, 7, 0, 6, 138.06
1735456810, 56, 12, 38, 0, 0, 0.17%, 7, 0, 6, 136.22
1735456815, 56, 23, 38, 0, 0, 0.17%, 7, 0, 6, 130.31
1735456825, 56, 29, 38, 0, 0, 0.17%, 7, 0, 6, 142.78
1735456856, 56, 30, 38, 0, 0, 0.17%, 7, 0, 6, 134.31
1735456872, 57, 11, 38, 0, 0, 0.17%, 7, 0, 6, 136.58
1735456877, 57, 13, 38, 0, 0, 0.17%, 7, 0, 6, 128.59
1735456882, 57, 23, 38, 0, 0, 0.17%, 7, 0, 6, 131.03
1735456887, 58, 11, 38, 0, 0, 0.17%, 7, 0, 6, 132.43
1735456892, 58, 13, 38, 0, 0, 0.17%, 7, 0, 6, 132.75
1735456898, 58, 15, 38, 0, 0, 0.17%, 7, 0, 6, 136.90
1735456908, 58, 23, 38, 0, 0, 0.17%, 7, 0, 6, 133.16
1735456913, 58, 33, 38, 0, 0, 0.17%, 7, 0, 6, 144.97
1735456944, 59, 4, 38, 0, 0, 0.17%, 7, 0, 6, 122.96
1735456949, 59, 12, 38, 0, 0, 0.17%, 7, 0, 6, 132.50
1735456954, 59, 14, 38, 0, 0, 0.17%, 7, 0, 6, 139.73
1735456975, 59, 23, 38, 0, 0, 0.17%, 7, 0, 6, 130.64
1735456985, 60, 12, 38, 0, 0, 0.17%, 7, 0, 6, 137.98
1735456990, 60, 23, 38, 0, 0, 0.17%, 7, 0, 6, 136.82
1735457000, 61, 12, 38, 0, 0, 0.17%, 7, 0, 6, 130.73
1735457006, 61, 23, 38, 0, 0, 0.17%, 7, 0, 6, 131.24
1735457016, 61, 27, 38, 0, 0, 0.17%, 7, 0, 6, 155.36
1735457047, 61, 31, 38, 0, 0, 0.17%, 7, 0, 6, 145.81
1735457072, 62, 10, 38, 0, 0, 0.17%, 7, 0, 6, 128.13
1735457082, 62, 11, 38, 0, 0, 0.17%, 7, 0, 6, 126.38
1735457087, 62, 13, 38, 0, 0, 0.17%, 7, 0, 6, 129.99
1735457093, 62, 23, 38, 0, 0, 0.17%, 7, 0, 6, 126.20
1735457098, 62, 27, 38, 0, 0, 0.17%, 7, 0, 6, 140.97
1735457128, 62, 35, 38, 0, 0, 0.17%, 7, 0, 6, 150.15
1735457159, 63, 11, 38, 0, 0, 0.17%, 7, 0, 6, 137.60
1735457164, 63, 13, 38, 0, 0, 0.17%, 7, 0, 6, 138.75
1735457169, 63, 17, 38, 0, 0, 0.17%, 7, 0, 6, 131.52
1735457185, 63, 23, 38, 0, 0, 0.17%, 7, 0, 6, 130.44
1735457195, 63, 35, 38, 0, 0, 0.17%, 7, 0, 6, 150.73
1735457221, 64, 8, 38, 0, 0, 0.17%, 7, 0, 6, 140.96
1735457226, 64, 12, 38, 0, 0, 0.17%, 7, 0, 6, 141.16
1735457231, 64, 23, 38, 0, 0, 0.17%, 7, 0, 6, 133.13
1735457241, 64, 30, 38, 0, 0, 0.17%, 7, 0, 6, 141.07
1735457246, 65, 7, 38, 0, 0, 0.17%, 7, 0, 6, 142.62
1735457251, 65, 12, 38, 0, 0, 0.17%, 7, 0, 6, 139.31
1735457257, 65, 22, 38, 0, 0, 0.17%, 7, 0, 6, 144.69
1735457287, 65, 23, 38, 0, 0, 0.17%, 7, 0, 6, 132.75
1735457292, 66, 11, 38, 0, 0, 0.17%, 7, 0, 6, 132.83
1735457298, 66, 13, 38, 0, 0, 0.17%, 7, 0, 6, 134.15
1735457303, 66, 23, 38, 0, 0, 0.17%, 7, 0, 6, 133.85
1735457308, 67, 11, 38, 0, 0, 0.17%, 7, 0, 6, 133.89
1735457313, 67, 13, 38, 0, 0, 0.17%, 7, 0, 6, 136.82
1735457318, 67, 23, 38, 0, 0, 0.17%, 7, 0, 6, 137.70
1735457323, 68, 11, 38, 0, 0, 0.17%, 7, 0, 6, 141.32
1735457329, 68, 13, 38, 0, 0, 0.17%, 7, 0, 6, 136.57
1735457334, 68, 23, 38, 0, 0, 0.17%, 7, 0, 6, 137.57
1735457339, 69, 0, 38, 0, 0, 0.17%, 7, 0, 6, 138.11
1735457344, 69, 12, 38, 0, 0, 0.17%, 7, 0, 6, 132.77
1735457349, 69, 23, 38, 0, 0, 0.17%, 7, 0, 6, 133.93
1735457360, 70, 12, 38, 0, 0, 0.17%, 7, 0, 6, 131.32
1735457365, 70, 20, 38, 0, 0, 0.17%, 7, 0, 6, 134.16
1735457385, 70, 21, 38, 0, 0, 0.17%, 7, 0, 6, 156.39
1735457416, 70, 23, 38, 0, 0, 0.17%, 7, 0, 6, 128.33
1735457421, 71, 12, 38, 0, 0, 0.17%, 7, 0, 6, 137.68
1735457426, 71, 23, 38, 0, 0, 0.17%, 7, 0, 6, 132.54
1735457436, 71, 36, 38, 0, 0, 0.17%, 7, 0, 6, 153.86
1735457467, 72, 11, 38, 0, 0, 0.17%, 7, 0, 6, 136.33
1735457472, 72, 13, 38, 0, 0, 0.17%, 7, 0, 6, 137.37
1735457477, 72, 23, 38, 0, 0, 0.17%, 7, 0, 6, 138.41
1735457482, 72, 29, 38, 0, 0, 0.17%, 7, 0, 6, 149.42
1735457513, 73, 12, 38, 0, 0, 0.17%, 7, 0, 6, 131.02
1735457519, 73, 23, 38, 0, 0, 0.17%, 7, 0, 6, 133.00
1735457529, 74, 12, 38, 0, 0, 0.17%, 7, 0, 6, 129.79
1735457534, 74, 23, 38, 0, 0, 0.17%, 7, 0, 6, 138.11
1735457539, 75, 6, 38, 0, 0, 0.17%, 7, 0, 6, 133.03
1735457544, 75, 12, 38, 0, 0, 0.17%, 7, 0, 6, 132.12
1735457549, 75, 23, 38, 0, 0, 0.17%, 7, 0, 6, 131.24
1735457560, 75, 24, 38, 0, 0, 0.17%, 7, 0, 6, 156.99
1735457590, 75, 34, 38, 0, 0, 0.17%, 7, 0, 6, 161.25
1735457621, 76, 11, 38, 0, 0, 0.17%, 7, 0, 6, 135.41
1735457626, 76, 13, 38, 0, 0, 0.17%, 7, 0, 6, 131.21
1735457631, 76, 18, 38, 0, 0, 0.17%, 7, 0, 6, 181.66
1735457656, 76, 23, 38, 0, 0, 0.17%, 7, 0, 6, 136.97
1735457666, 76, 35, 38, 0, 0, 0.17%, 7, 0, 6, 152.35
1735457697, 77, 12, 38, 0, 0, 0.17%, 7, 0, 6, 135.68
1735457702, 77, 13, 38, 0, 0, 0.17%, 7, 0, 6, 136.43
1735457707, 77, 18, 38, 0, 0, 0.17%, 7, 0, 6, 180.69
1735457733, 77, 23, 38, 0, 0, 0.17%, 7, 0, 6, 134.12
1735457738, 78, 11, 38, 0, 0, 0.17%, 7, 0, 6, 132.56
1735457743, 78, 13, 38, 0, 0, 0.17%, 7, 0, 6, 126.98
1735457748, 78, 23, 38, 0, 0, 0.17%, 7, 0, 6, 130.46
1735457754, 79, 5, 38, 0, 0, 0.17%, 7, 0, 6, 138.14
1735457759, 79, 12, 38, 0, 0, 0.17%, 7, 0, 6, 130.79
1735457764, 79, 19, 38, 0, 0, 0.17%, 7, 0, 6, 147.66
1735457794, 79, 23, 38, 0, 0, 0.17%, 7, 0, 6, 130.55
1735457805, 79, 35, 38, 0, 0, 0.17%, 7, 0, 6, 155.60
1735457830, 80, 11, 38, 0, 0, 0.17%, 7, 0, 6, 142.80
1735457835, 80, 13, 38, 0, 0, 0.17%, 7, 0, 6, 134.28
1735457841, 80, 19, 38, 0, 0, 0.17%, 7, 0, 6, 164.36
1735457871, 80, 23, 38, 0, 0, 0.17%, 7, 0, 6, 136.91
1735457877, 80, 28, 38, 0, 0, 0.17%, 7, 0, 6, 142.35
1735457897, 81, 2, 38, 0, 0, 0.17%, 7, 0, 6, 126.75
1735457902, 81, 12, 38, 0, 0, 0.17%, 7, 0, 6, 132.83
1735457908, 81, 23, 38, 0, 0, 0.17%, 7, 0, 6, 137.56
1735457918, 82, 12, 38, 0, 0, 0.17%, 7, 0, 6, 139.84
1735457923, 82, 23, 38, 0, 0, 0.17%, 7, 0, 6, 135.93
1735457933, 83, 12, 38, 0, 0, 0.17%, 7, 0, 6, 129.46
1735457938, 83, 23, 38, 0, 0, 0.17%, 7, 0, 6, 137.67
1735457949, 83, 31, 38, 0, 0, 0.17%, 7, 0, 6, 142.22
1735457974, 84, 4, 38, 0, 0, 0.17%, 7, 0, 6, 140.06
1735457979, 84, 11, 38, 0, 0, 0.17%, 7, 0, 6, 140.81
1735457985, 84, 13, 38, 0, 0, 0.17%, 7, 0, 6, 133.85
1735457990, 84, 23, 38, 0, 0, 0.17%, 7, 0, 6, 139.90
1735457995, 85, 11, 38, 0, 0, 0.17%, 7, 0, 6, 133.86
1735458000, 85, 13, 38, 0, 0, 0.17%, 7, 0, 6, 137.20
1735458005, 85, 17, 38, 0, 0, 0.17%, 7, 0, 6, 137.21
1735458026, 85, 23, 38, 0, 0, 0.17%, 7, 0, 6, 133.16
1735458031, 85, 25, 38, 0, 0, 0.17%, 7, 0, 6, 150.43
1735458061, 85, 28, 38, 0, 0, 0.17%, 7, 0, 6, 147.20
1735458082, 85, 30, 38, 0, 0, 0.17%, 7, 0, 6, 133.42
1735458087, 86, 11, 38, 0, 0, 0.17%, 7, 0, 6, 134.55
1735458092, 86, 13, 38, 0, 0, 0.17%, 7, 0, 6, 129.78
1735458097, 86, 23, 38, 0, 0, 0.17%, 7, 0, 6, 138.59
1735458103, 87, 0, 38, 0, 0, 0.17%, 7, 0, 6, 134.19
1735458108, 87, 11, 38, 0, 0, 0.17%, 7, 0, 6, 139.80
1735458113, 87, 13, 38, 0, 0, 0.17%, 7, 0, 6, 135.04
1735458118, 87, 15, 38, 0, 0, 0.17%, 7, 0, 6, 133.17
1735458123, 87, 20, 38, 0, 0, 0.17%, 7, 0, 6, 130.82
1735458133, 87, 23, 38, 0, 0, 0.17%, 7, 0, 6, 136.78
1735458138, 88, 6, 38, 0, 0, 0.17%, 7, 0, 6, 131.55
1735458143, 88, 12, 38, 0, 0, 0.17%, 7, 0, 6, 132.64
1735458148, 88, 23, 38, 0, 0, 0.17%, 7, 0, 6, 133.82
1735458154, 89, 11, 38, 0, 0, 0.17%, 7, 0, 6, 148.47
1735458159, 89, 13, 38, 0, 0, 0.17%, 7, 0, 6, 145.66
1735458164, 89, 23, 38, 0, 0, 0.17%, 7, 0, 6, 132.20
1735458169, 90, 11, 38, 0, 0, 0.17%, 7, 0, 6, 135.14
1735458174, 90, 13, 38, 0, 0, 0.17%, 7, 0, 6, 142.58
1735458179, 90, 17, 38, 0, 0, 0.17%, 7, 0, 6, 138.37
1735458189, 90, 20, 38, 0, 0, 0.17%, 7, 0, 6, 136.56
1735458194, 90, 23, 38, 0, 0, 0.17%, 7, 0, 6, 125.27
1735458199, 90, 25, 38, 0, 0, 0.17%, 7, 0, 6, 145.58
1735458230, 90, 36, 38, 0, 0, 0.17%, 7, 0, 6, 163.50
1735458261, 91, 11, 38, 0, 0, 0.17%, 7, 0, 6, 128.06
1735458266, 91, 13, 38, 0, 0, 0.17%, 7, 0, 6, 132.30
1735458271, 91, 17, 38, 0, 0, 0.17%, 7, 0, 6, 132.68
1735458276, 91, 23, 38, 0, 0, 0.17%, 7, 0, 6, 134.22
1735458281, 92, 11, 38, 0, 0, 0.17%, 7, 0, 6, 131.68
1735458286, 92, 13, 38, 0, 0, 0.17%, 7, 0, 6, 124.86
1735458291, 92, 15, 38, 0, 0, 0.17%, 7, 0, 6, 138.00
1735458296, 92, 23, 38, 0, 0, 0.17%, 7, 0, 6, 133.74
1735458301, 92, 24, 38, 0, 0, 0.17%, 7, 0, 6, 127.55
1735458322, 92, 26, 38, 0, 0, 0.17%, 7, 0, 6, 141.02
1735458352, 93, 11, 38, 0, 0, 0.17%, 7, 0, 6, 129.79
1735458357, 93, 13, 38, 0, 0, 0.17%, 7, 0, 6, 133.39
1735458362, 93, 16, 38, 0, 0, 0.17%, 7, 0, 6, 150.00
1735458383, 93, 21, 38, 0, 0, 0.17%, 7, 0, 6, 169.60
1735458408, 93, 23, 38, 0, 0, 0.17%, 7, 0, 6, 139.31
1735458418, 94, 12, 38, 0, 0, 0.17%, 7, 0, 6, 129.68
1735458424, 94, 15, 38, 0, 0, 0.17%, 7, 0, 6, 136.40
1735458429, 94, 23, 38, 0, 0, 0.17%, 7, 0, 6, 137.02
1735458439, 95, 12, 38, 0, 0, 0.17%, 7, 0, 6, 132.99
1735458444, 95, 15, 38, 0, 0, 0.17%, 7, 0, 6, 137.04
1735458450, 95, 17, 38, 0, 0, 0.17%, 7, 0, 6, 130.07
1735458455, 95, 23, 38, 0, 0, 0.17%, 7, 0, 6, 137.92
1735458465, 95, 24, 38, 0, 0, 0.17%, 7, 0, 6, 143.15
1735458470, 96, 11, 38, 0, 0, 0.17%, 7, 0, 6, 139.41
1735458475, 96, 13, 38, 0, 0, 0.17%, 7, 0, 6, 134.30
1735458480, 96, 18, 38, 0, 0, 0.17%, 7, 0, 6, 181.85
1735458505, 96, 23, 38, 0, 0, 0.17%, 7, 0, 6, 127.01
1735458515, 97, 11, 38, 0, 0, 0.17%, 7, 0, 6, 131.28
1735458520, 97, 13, 38, 0, 0, 0.17%, 7, 0, 6, 134.22
1735458525, 97, 23, 38, 0, 0, 0.17%, 7, 0, 6, 134.96
1735458530, 98, 11, 38, 0, 0, 0.17%, 7, 0, 6, 145.88
1735458536, 98, 13, 38, 0, 0, 0.17%, 7, 0, 6, 134.62
1735458541, 98, 23, 38, 0, 0, 0.17%, 7, 0, 6, 127.78
1735458546, 99, 11, 38, 0, 0, 0.17%, 7, 0, 6, 135.91
1735458551, 99, 13, 38, 0, 0, 0.17%, 7, 0, 6, 134.87
1735458556, 99, 20, 38, 0, 0, 0.17%, 7, 0, 6, 138.11
1735458561, 99, 23, 38, 0, 0, 0.17%, 7, 0, 6, 140.97
1735458566, 99, 24, 38, 0, 0, 0.17%, 7, 0, 6, 154.35
1735458571, 100, 11, 38, 0, 0, 0.17%, 7, 0, 6, 142.16
1735458576, 100, 13, 38, 0, 0, 0.17%, 7, 0, 6, 131.78
1735458581, 100, 23, 38, 0, 0, 0.17%, 7, 0, 6, 134.74
1735458587, 101, 11, 38, 0, 0, 0.17%, 7, 0, 6, 136.14
1735458592, 101, 13, 38, 0, 0, 0.17%, 7, 0, 6, 137.55
1735458597, 101, 23, 38, 0, 0, 0.17%, 7, 0, 6, 131.71
1735458602, 102, 11, 38, 0, 0, 0.17%, 7, 0, 6, 138.13
1735458607, 102, 12, 38, 0, 0, 0.17%, 7, 0, 6, 132.60
1735458612, 102, 23, 38, 0, 0, 0.17%, 7, 0, 6, 127.24
1735458622, 103, 12, 38, 0, 0, 0.17%, 7, 0, 6, 133.52
1735458627, 103, 23, 38, 0, 0, 0.17%, 7, 0, 6, 128.63
1735458637, 103, 26, 38, 0, 0, 0.17%, 7, 0, 6, 142.09
1735458653, 104, 10, 38, 0, 0, 0.17%, 7, 0, 6, 134.19
1735458663, 104, 11, 38, 0, 0, 0.17%, 7, 0, 6, 128.18
1735458668, 104, 13, 38, 0, 0, 0.17%, 7, 0, 6, 129.18
1735458673, 104, 23, 38, 0, 0, 0.17%, 7, 0, 6, 134.17
1735458678, 105, 11, 38, 0, 0, 0.17%, 7, 0, 6, 135.26
1735458683, 105, 13, 38, 0, 0, 0.17%, 7, 0, 6, 129.98
1735458689, 105, 23, 38, 0, 0, 0.17%, 7, 0, 6, 146.20
1735458694, 105, 30, 38, 0, 0, 0.17%, 7, 0, 6, 136.00
1735458699, 106, 11, 38, 0, 0, 0.17%, 7, 0, 6, 128.13
1735458704, 106, 13, 38, 0, 0, 0.17%, 7, 0, 6, 131.24
1735458709, 106, 19, 38, 0, 0, 0.17%, 7, 0, 6, 159.87
1735458725, 106, 23, 38, 0, 0, 0.17%, 7, 0, 6, 128.77
1735458730, 106, 25, 38, 0, 0, 0.17%, 7, 0, 6, 146.05
1735458745, 107, 11, 38, 0, 0, 0.17%, 7, 0, 6, 142.40
1735458750, 107, 12, 38, 0, 0, 0.17%, 7, 0, 6, 132.06
1735458755, 107, 16, 38, 0, 0, 0.17%, 7, 0, 6, 147.28
1735458765, 107, 23, 38, 0, 0, 0.17%, 7, 0, 6, 128.76
1735458770, 107, 34, 38, 0, 0, 0.17%, 7, 0, 6, 142.04
1735458801, 107, 36, 38, 0, 0, 0.17%, 7, 0, 6, 163.74
1735458831, 108, 11, 38, 0, 0, 0.17%, 7, 0, 6, 132.73
1735458837, 108, 13, 38, 0, 0, 0.17%, 7, 0, 6, 136.46
1735458842, 108, 23, 38, 0, 0, 0.17%, 7, 0, 6, 141.23
1735458847, 108, 32, 38, 0, 0, 0.17%, 7, 0, 6, 145.40
1735458867, 109, 12, 38, 0, 0, 0.17%, 7, 0, 6, 141.54
1735458872, 109, 23, 38, 0, 0, 0.17%, 7, 0, 6, 136.56
1735458883, 109, 36, 38, 0, 0, 0.17%, 7, 0, 6, 153.56
1735458898, 110, 11, 38, 0, 0, 0.17%, 7, 0, 6, 139.21
1735458903, 110, 13, 38, 0, 0, 0.17%, 7, 0, 6, 136.20
1735458908, 110, 23, 38, 0, 0, 0.17%, 7, 0, 6, 131.23
1735458913, 111, 5, 38, 0, 0, 0.17%, 7, 0, 6, 142.25
1735458918, 111, 13, 38, 0, 0, 0.17%, 7, 0, 6, 143.56
1735458924, 111, 23, 38, 0, 0, 0.17%, 7, 0, 6, 132.21
1735458929, 111, 37, 38, 0, 0, 0.17%, 7, 0, 6, 150.38
1735458949, 112, 11, 38, 0, 0, 0.17%, 7, 0, 6, 127.57
1735458954, 112, 13, 38, 0, 0, 0.17%, 7, 0, 6, 129.29
1735458959, 112, 23, 38, 0, 0, 0.17%, 7, 0, 6, 133.73
1735458969, 112, 37, 38, 0, 0, 0.17%, 7, 0, 6, 150.07
1735458985, 113, 11, 38, 0, 0, 0.17%, 7, 0, 6, 123.44
1735458990, 113, 13, 38, 0, 0, 0.17%, 7, 0, 6, 130.15
1735458995, 113, 14, 38, 0, 0, 0.17%, 7, 0, 6, 131.63
1735459015, 113, 20, 38, 0, 0, 0.17%, 7, 0, 6, 132.36
1735459021, 113, 23, 38, 0, 0, 0.17%, 7, 0, 6, 132.63
1735459026, 113, 26, 38, 0, 0, 0.17%, 7, 0, 6, 135.08
1735459036, 114, 11, 38, 0, 0, 0.17%, 7, 0, 6, 132.08
1735459041, 114, 13, 38, 0, 0, 0.17%, 7, 0, 6, 131.94
1735459046, 114, 23, 38, 0, 0, 0.17%, 7, 0, 6, 127.18
1735459057, 115, 12, 38, 0, 0, 0.17%, 7, 0, 6, 130.25
1735459062, 115, 13, 38, 0, 0, 0.17%, 7, 0, 6, 130.30
1735459067, 115, 16, 38, 0, 0, 0.17%, 7, 0, 6, 135.38
1735459072, 115, 21, 38, 0, 0, 0.17%, 7, 0, 6, 180.01
1735459098, 115, 23, 38, 0, 0, 0.17%, 7, 0, 6, 140.64
1735459108, 115, 35, 38, 0, 0, 0.17%, 7, 0, 6, 152.84
1735459123, 116, 12, 38, 0, 0, 0.17%, 7, 0, 6, 141.16
1735459128, 116, 23, 38, 0, 0, 0.17%, 7, 0, 6, 135.15
1735459133, 117, 11, 38, 0, 0, 0.17%, 7, 0, 6, 136.14
1735459138, 117, 13, 38, 0, 0, 0.17%, 7, 0, 6, 137.71
1735459144, 117, 23, 38, 0, 0, 0.17%, 7, 0, 6, 135.90
1735459149, 117, 36, 38, 0, 0, 0.17%, 7, 0, 6, 140.12
1735459164, 118, 11, 38, 0, 0, 0.17%, 7, 0, 6, 138.37
1735459169, 118, 13, 38, 0, 0, 0.17%, 7, 0, 6, 133.38
1735459174, 118, 23, 38, 0, 0, 0.17%, 7, 0, 6, 133.66
1735459179, 118, 27, 38, 0, 0, 0.17%, 7, 0, 6, 149.27
1735459210, 119, 11, 38, 0, 0, 0.17%, 7, 0, 6, 154.11
1735459215, 119, 13, 38, 0, 0, 0.17%, 7, 0, 6, 143.61
1735459220, 119, 22, 38, 0, 0, 0.17%, 7, 0, 6, 146.26
1735459251, 119, 23, 38, 0, 0, 0.17%, 7, 0, 6, 140.34
1735459256, 120, 3, 38, 0, 0, 0.17%, 7, 0, 6, 133.72
1735459261, 120, 10, 38, 0, 0, 0.17%, 7, 0, 6, 133.23
1735459271, 120, 11, 38, 0, 0, 0.17%, 7, 0, 6, 137.52
1735459277, 120, 13, 38, 0, 0, 0.17%, 7, 0, 6, 135.30
1735459282, 120, 23, 38, 0, 0, 0.17%, 7, 0, 6, 133.41
1735459287, 121, 11, 38, 0, 0, 0.17%, 7, 0, 6, 134.68
1735459292, 121, 13, 38, 0, 0, 0.17%, 7, 0, 6, 134.30
1735459297, 121, 15, 38, 0, 0, 0.17%, 7, 0, 6, 135.03
1735459302, 121, 21, 38, 0, 0, 0.17%, 7, 0, 6, 168.98
1735459312, 121, 22, 38, 0, 0, 0.17%, 7, 0, 6, 140.47
1735459343, 121, 23, 38, 0, 0, 0.17%, 7, 0, 6, 139.53
1735459348, 121, 26, 38, 0, 0, 0.17%, 7, 0, 6, 137.27
1735459358, 121, 31, 38, 0, 0, 0.17%, 7, 0, 6, 153.91
1735459389, 122, 12, 38, 0, 0, 0.17%, 7, 0, 6, 131.06
1735459394, 122, 17, 38, 0, 0, 0.17%, 7, 0, 6, 133.77
1735459399, 122, 23, 38, 0, 0, 0.17%, 7, 0, 6, 133.40
1735459409, 123, 12, 38, 0, 0, 0.17%, 7, 0, 6, 138.82
1735459414, 123, 17, 38, 0, 0, 0.17%, 7, 0, 6, 134.85
1735459420, 123, 22, 38, 0, 0, 0.17%, 7, 0, 6, 141.11
1735459440, 123, 23, 38, 0, 0, 0.17%, 7, 0, 6, 136.40
1735459445, 123, 26, 38, 0, 0, 0.17%, 7, 0, 6, 133.17
1735459456, 123, 37, 38, 0, 0, 0.17%, 7, 0, 6, 156.75
1735459476, 124, 11, 38, 0, 0, 0.17%, 7, 0, 6, 135.29
1735459481, 124, 13, 38, 0, 0, 0.17%, 7, 0, 6, 141.28
1735459486, 124, 23, 38, 0, 0, 0.17%, 7, 0, 6, 141.55
1735459491, 124, 37, 38, 0, 0, 0.17%, 7, 0, 6, 145.91
1735459512, 125, 12, 38, 0, 0, 0.17%, 7, 0, 6, 138.33
1735459517, 125, 19, 38, 0, 0, 0.17%, 7, 0, 6, 156.38
1735459527, 125, 23, 38, 0, 0, 0.17%, 7, 0, 6, 127.15
1735459533, 126, 9, 38, 0, 0, 0.17%, 7, 0, 6, 142.00
1735459538, 126, 12, 38, 0, 0, 0.17%, 7, 0, 6, 135.05
1735459543, 126, 23, 38, 0, 0, 0.17%, 7, 0, 6, 135.20
1735459553, 127, 12, 38, 0, 0, 0.17%, 7, 0, 6, 135.96
1735459558, 127, 23, 38, 0, 0, 0.17%, 7, 0, 6, 137.28
1735459569, 128, 11, 38, 0, 0, 0.17%, 7, 0, 6, 133.76
1735459574, 128, 13, 38, 0, 0, 0.17%, 7, 0, 6, 135.38
1735459579, 128, 16, 38, 0, 0, 0.17%, 7, 0, 6, 142.92
1735459584, 128, 18, 38, 0, 0, 0.17%, 7, 0, 6, 179.55
1735459609, 128, 23, 38, 0, 0, 0.17%, 7, 0, 6, 143.09
1735459614, 129, 11, 38, 0, 0, 0.17%, 7, 0, 6, 135.32
1735459619, 129, 13, 38, 0, 0, 0.17%, 7, 0, 6, 132.91
1735459625, 129, 23, 38, 0, 0, 0.17%, 7, 0, 6, 128.03
1735459630, 130, 11, 38, 0, 0, 0.17%, 7, 0, 6, 134.57
1735459635, 130, 13, 38, 0, 0, 0.17%, 7, 0, 6, 132.73
1735459640, 130, 23, 38, 0, 0, 0.17%, 7, 0, 6, 140.83
1735459645, 130, 31, 38, 0, 0, 0.17%, 7, 0, 6, 145.96
1735459660, 131, 8, 38, 0, 0, 0.17%, 7, 0, 6, 142.75
1735459665, 131, 12, 38, 0, 0, 0.17%, 7, 0, 6, 139.09
1735459671, 131, 23, 38, 0, 0, 0.17%, 7, 0, 6, 135.46
1735459681, 131, 34, 38, 0, 0, 0.17%, 7, 0, 6, 170.39
1735459706, 131, 36, 38, 0, 0, 0.17%, 7, 0, 6, 136.49
1735459721, 132, 10, 38, 0, 0, 0.17%, 7, 0, 6, 125.13
1735459737, 132, 12, 38, 0, 0, 0.17%, 7, 0, 6, 135.14
1735459742, 132, 17, 38, 0, 0, 0.17%, 7, 0, 6, 134.58
1735459747, 132, 23, 38, 0, 0, 0.17%, 7, 0, 6, 132.89
1735459757, 132, 32, 38, 0, 0, 0.17%, 7, 0, 6, 135.55
1735459778, 132, 34, 38, 0, 0, 0.17%, 7, 0, 6, 163.55
1735459808, 132, 37, 38, 0, 0, 0.17%, 7, 0, 6, 152.33
1735459819, 133, 12, 38, 0, 0, 0.17%, 7, 0, 6, 132.33
1735459824, 133, 20, 38, 0, 0, 0.17%, 7, 0, 6, 137.05
1735459829, 133, 23, 38, 0, 0, 0.17%, 7, 0, 6, 139.79
1735459839, 134, 12, 38, 0, 0, 0.17%, 7, 0, 6, 134.15
1735459844, 134, 23, 38, 0, 0, 0.17%, 7, 0, 6, 132.38
1735459855, 134, 37, 38, 0, 0, 0.17%, 7, 0, 6, 145.71
1735459865, 135, 12, 38, 0, 0, 0.17%, 7, 0, 6, 134.45
1735459870, 135, 23, 38, 0, 0, 0.17%, 7, 0, 6, 140.92
1735459880, 135, 31, 38, 0, 0, 0.17%, 7, 0, 6, 147.19
1735459885, 136, 12, 38, 0, 0, 0.17%, 7, 0, 6, 144.94
1735459891, 136, 23, 38, 0, 0, 0.17%, 7, 0, 6, 138.42
1735459901, 136, 25, 38, 0, 0, 0.17%, 7, 0, 6, 151.78
1735459906, 137, 11, 38, 0, 0, 0.17%, 7, 0, 6, 147.99
1735459911, 137, 13, 38, 0, 0, 0.17%, 7, 0, 6, 132.01
1735459916, 137, 18, 38, 0, 0, 0.17%, 7, 0, 6, 165.60
1735459931, 137, 23, 38, 0, 0, 0.17%, 7, 0, 6, 132.68
1735459937, 138, 9, 38, 0, 0, 0.17%, 7, 0, 6, 142.07
1735459942, 138, 12, 38, 0, 0, 0.17%, 7, 0, 6, 132.97
1735459947, 138, 23, 38, 0, 0, 0.17%, 7, 0, 6, 136.13
1735459957, 139, 10, 38, 0, 0, 0.17%, 7, 0, 6, 143.67
1735459962, 139, 12, 38, 0, 0, 0.17%, 7, 0, 6, 133.45
1735459968, 139, 16, 38, 0, 0, 0.17%, 7, 0, 6, 140.76
1735459973, 139, 23, 38, 0, 0, 0.17%, 7, 0, 6, 137.36
1735459978, 140, 8, 38, 0, 0, 0.17%, 7, 0, 6, 125.69
1735459983, 140, 12, 38, 0, 0, 0.17%, 7, 0, 6, 129.98
1735459988, 140, 23, 38, 0, 0, 0.17%, 7, 0, 6, 139.18
1735459999, 141, 12, 38, 0, 0, 0.17%, 7, 0, 6, 133.86
1735460004, 141, 23, 38, 0, 0, 0.17%, 7, 0, 6, 134.61
1735460014, 142, 12, 38, 0, 0, 0.17%, 7, 0, 6, 127.96
1735460019, 142, 16, 38, 0, 0, 0.17%, 7, 0, 6, 129.93
1735460024, 142, 23, 38, 0, 0, 0.17%, 7, 0, 6, 134.03
1735460035, 142, 34, 38, 0, 0, 0.17%, 7, 0, 6, 169.78
1735460050, 143, 13, 38, 0, 0, 0.17%, 7, 0, 6, 139.63
1735460055, 143, 23, 38, 0, 0, 0.17%, 7, 0, 6, 130.24
1735460060, 143, 30, 38, 0, 0, 0.17%, 7, 0, 6, 133.94
1735460070, 144, 11, 38, 0, 0, 0.17%, 7, 0, 6, 134.57
1735460076, 144, 13, 38, 0, 0, 0.17%, 7, 0, 6, 130.16
1735460081, 144, 23, 38, 0, 0, 0.17%, 7, 0, 6, 133.65
1735460086, 145, 11, 38, 0, 0, 0.17%, 7, 0, 6, 130.87
1735460091, 145, 13, 38, 0, 0, 0.17%, 7, 0, 6, 130.00
1735460096, 145, 23, 38, 0, 0, 0.17%, 7, 0, 6, 130.11
1735460101, 145, 31, 38, 0, 0, 0.17%, 7, 0, 6, 140.64
1735460112, 146, 11, 38, 0, 0, 0.17%, 7, 0, 6, 140.80
1735460117, 146, 13, 38, 0, 0, 0.17%, 7, 0, 6, 133.91
1735460122, 146, 23, 38, 0, 0, 0.17%, 7, 0, 6, 139.97
1735460132, 147, 12, 38, 0, 0, 0.17%, 7, 0, 6, 135.97
1735460137, 147, 13, 38, 0, 0, 0.17%, 7, 0, 6, 136.79
1735460143, 147, 23, 38, 0, 0, 0.17%, 7, 0, 6, 134.80
1735460148, 147, 24, 38, 0, 0, 0.17%, 7, 0, 6, 148.29
1735460153, 147, 25, 38, 0, 0, 0.17%, 7, 0, 6, 150.28
1735460163, 147, 27, 38, 0, 0, 0.17%, 7, 0, 6, 153.61
1735460179, 148, 11, 38, 0, 0, 0.17%, 7, 0, 6, 134.16
1735460184, 148, 13, 38, 0, 0, 0.17%, 7, 0, 6, 138.95
1735460189, 148, 23, 38, 0, 0, 0.17%, 7, 0, 6, 135.15
1735460194, 148, 24, 38, 0, 0, 0.17%, 7, 0, 6, 142.50
1735460204, 148, 30, 38, 0, 0, 0.17%, 7, 0, 6, 137.67
1735460210, 148, 37, 38, 0, 0, 0.17%, 7, 0, 6, 150.12
1735460220, 149, 11, 38, 0, 0, 0.17%, 7, 0, 6, 137.46
1735460225, 149, 13, 38, 0, 0, 0.17%, 7, 0, 6, 134.93
1735460230, 149, 23, 38, 0, 0, 0.17%, 7, 0, 6, 139.92
1735460235, 149, 29, 38, 0, 0, 0.17%, 7, 0, 6, 143.07
1735460251, 149, 32, 38, 0, 0, 0.17%, 7, 0, 6, 142.63
1735460261, 149, 34, 38, 0, 0, 0.17%, 7, 0, 6, 168.43
1735460271, 150, 11, 38, 0, 0, 0.17%, 7, 0, 6, 154.39
1735460276, 150, 13, 38, 0, 0, 0.17%, 7, 0, 6, 134.95
1735460281, 150, 23, 38, 0, 0, 0.17%, 7, 0, 6, 130.18
1735460286, 150, 30, 38, 0, 0, 0.17%, 7, 0, 6, 132.34
1735460296, 150, 33, 38, 0, 0, 0.17%, 7, 0, 6, 148.64
1735460327, 151, 11, 38, 0, 0, 0.17%, 7, 0, 6, 137.00
1735460332, 151, 13, 38, 0, 0, 0.17%, 7, 0, 6, 132.63
1735460337, 151, 23, 38, 0, 0, 0.17%, 7, 0, 6, 128.60
1735460342, 151, 35, 38, 0, 0, 0.17%, 7, 0, 6, 151.42
1735460358, 152, 11, 38, 0, 0, 0.17%, 7, 0, 6, 139.28
1735460363, 152, 13, 38, 0, 0, 0.17%, 7, 0, 6, 128.54
1735460368, 152, 18, 38, 0, 0, 0.17%, 7, 0, 6, 148.85
1735460373, 152, 23, 38, 0, 0, 0.17%, 7, 0, 6, 138.99
1735460383, 152, 26, 38, 0, 0, 0.17%, 7, 0, 6, 141.44
1735460388, 153, 11, 38, 0, 0, 0.17%, 7, 0, 6, 142.15
1735460394, 153, 13, 38, 0, 0, 0.17%, 7, 0, 6, 134.72
1735460399, 153, 23, 38, 0, 0, 0.17%, 7, 0, 6, 135.99
1735460404, 153, 24, 38, 0, 0, 0.17%, 7, 0, 6, 148.43
1735460414, 153, 30, 38, 0, 0, 0.17%, 7, 0, 6, 142.54
1735460419, 154, 4, 38, 0, 0, 0.17%, 7, 0, 6, 141.06
1735460424, 154, 13, 38, 0, 0, 0.17%, 7, 0, 6, 139.40
1735460430, 154, 23, 38, 0, 0, 0.17%, 7, 0, 6, 136.00
1735460440, 155, 12, 38, 0, 0, 0.17%, 7, 0, 6, 124.84
1735460445, 155, 23, 38, 0, 0, 0.17%, 7, 0, 6, 132.30
1735460455, 155, 37, 38, 0, 0, 0.17%, 7, 0, 6, 151.20
1735460460, 156, 11, 38, 0, 0, 0.17%, 7, 0, 6, 136.88
1735460465, 156, 13, 38, 0, 0, 0.17%, 7, 0, 6, 128.93
1735460471, 156, 21, 38, 0, 0, 0.17%, 7, 0, 6, 147.92
1735460476, 156, 23, 38, 0, 0, 0.17%, 7, 0, 6, 135.81
1735460486, 157, 12, 38, 0, 0, 0.17%, 7, 0, 6, 131.35
1735460491, 157, 16, 38, 0, 0, 0.17%, 7, 0, 6, 139.88
1735460496, 157, 23, 38, 0, 0, 0.17%, 7, 0, 6, 140.07
1735460506, 157, 26, 38, 0, 0, 0.17%, 7, 0, 6, 134.45
1735460511, 157, 28, 38, 0, 0, 0.17%, 7, 0, 6, 138.07
1735460537, 158, 11, 38, 0, 0, 0.17%, 7, 0, 6, 128.88
1735460542, 158, 13, 38, 0, 0, 0.17%, 7, 0, 6, 130.55
1735460547, 158, 23, 38, 0, 0, 0.17%, 7, 0, 6, 140.23
1735460552, 159, 12, 38, 0, 0, 0.17%, 7, 0, 6, 132.32
1735460557, 159, 16, 38, 0, 0, 0.17%, 7, 0, 6, 137.25
1735460563, 159, 23, 38, 0, 0, 0.17%, 7, 0, 6, 141.47
1735460573, 159, 24, 38, 0, 0, 0.17%, 7, 0, 6, 144.44
1735460578, 159, 37, 38, 0, 0, 0.17%, 7, 0, 6, 143.82
1735460583, 160, 11, 38, 0, 0, 0.17%, 7, 0, 6, 138.34
1735460588, 160, 13, 38, 0, 0, 0.17%, 7, 0, 6, 133.05
1735460593, 160, 15, 38, 0, 0, 0.17%, 7, 0, 6, 145.08
1735460599, 160, 17, 38, 0, 0, 0.17%, 7, 0, 6, 132.15
1735460604, 160, 23, 38, 0, 0, 0.17%, 7, 0, 6, 129.47
1735460609, 161, 0, 38, 0, 0, 0.17%, 7, 0, 6, 133.86
1735460614, 161, 12, 38, 0, 0, 0.17%, 7, 0, 6, 140.47
1735460619, 161, 23, 38, 0, 0, 0.17%, 7, 0, 6, 135.72
1735460629, 161, 31, 38, 0, 0, 0.17%, 7, 0, 6, 144.37
1735460634, 162, 11, 38, 0, 0, 0.17%, 7, 0, 6, 139.04
1735460639, 162, 13, 38, 0, 0, 0.17%, 7, 0, 6, 139.62
1735460644, 162, 19, 38, 0, 0, 0.17%, 7, 0, 6, 152.58
1735460650, 162, 23, 38, 0, 0, 0.17%, 7, 0, 6, 140.22
1735460660, 163, 12, 38, 0, 0, 0.17%, 7, 0, 6, 135.83
1735460665, 163, 23, 38, 0, 0, 0.17%, 7, 0, 6, 134.94
1735460675, 164, 13, 38, 0, 0, 0.17%, 7, 0, 6, 133.00
1735460680, 164, 23, 38, 0, 0, 0.17%, 7, 0, 6, 136.43
1735460685, 164, 32, 38, 0, 0, 0.17%, 7, 0, 6, 146.85
1735460695, 165, 12, 38, 0, 0, 0.17%, 7, 0, 6, 131.38
1735460701, 165, 23, 38, 0, 0, 0.17%, 7, 0, 6, 135.96
1735460711, 166, 12, 38, 0, 0, 0.17%, 7, 0, 6, 140.80
1735460716, 166, 23, 38, 0, 0, 0.17%, 7, 0, 6, 141.91
1735460726, 167, 9, 38, 0, 0, 0.17%, 7, 0, 6, 135.05
1735460731, 167, 12, 38, 0, 0, 0.17%, 7, 0, 6, 138.08
1735460736, 167, 21, 38, 0, 0, 0.17%, 7, 0, 6, 154.78
1735460742, 167, 23, 38, 0, 0, 0.17%, 7, 0, 6, 140.46
1735460752, 167, 29, 38, 0, 0, 0.17%, 7, 0, 6, 141.10
1735460757, 167, 31, 38, 0, 0, 0.17%, 7, 0, 6, 143.93
1735460767, 167, 34, 38, 0, 0, 0.17%, 7, 0, 6, 150.25
1735460772, 168, 11, 38, 0, 0, 0.17%, 7, 0, 6, 149.72
1735460777, 168, 13, 38, 0, 0, 0.17%, 7, 0, 6, 140.42
1735460783, 168, 18, 38, 0, 0, 0.17%, 7, 0, 6, 158.01
1735460788, 168, 23, 38, 0, 0, 0.17%, 7, 0, 6, 138.90
1735460798, 168, 32, 38, 0, 0, 0.17%, 7, 0, 6, 138.09
1735460803, 169, 11, 38, 0, 0, 0.17%, 7, 0, 6, 128.13
1735460808, 169, 13, 38, 0, 0, 0.17%, 7, 0, 6, 131.14
1735460813, 169, 17, 38, 0, 0, 0.17%, 7, 0, 6, 134.67
1735460818, 169, 23, 38, 0, 0, 0.17%, 7, 0, 6, 136.83
1735460823, 169, 31, 38, 0, 0, 0.17%, 7, 0, 6, 147.01
1735460833, 169, 36, 38, 0, 0, 0.17%, 7, 0, 6, 148.01
1735460839, 170, 11, 38, 0, 0, 0.17%, 7, 0, 6, 144.08
1735460844, 170, 13, 38, 0, 0, 0.17%, 7, 0, 6, 133.34
1735460849, 170, 23, 38, 0, 0, 0.17%, 7, 0, 6, 129.97
1735460854, 170, 29, 38, 0, 0, 0.17%, 7, 0, 6, 137.95
1735460864, 170, 37, 38, 0, 0, 0.17%, 7, 0, 6, 139.81
1735460869, 171, 12, 38, 0, 0, 0.17%, 7, 0, 6, 133.37
1735460874, 171, 18, 38, 0, 0, 0.17%, 7, 0, 6, 148.87
1735460884, 171, 23, 38, 0, 0, 0.17%, 7, 0, 6, 129.85
1735460890, 171, 27, 38, 0, 0, 0.17%, 7, 0, 6, 137.97
1735460900, 171, 36, 38, 0, 0, 0.17%, 7, 0, 6, 158.76
1735460905, 172, 11, 38, 0, 0, 0.17%, 7, 0, 6, 137.50
1735460910, 172, 13, 38, 0, 0, 0.17%, 7, 0, 6, 141.56
1735460915, 172, 23, 38, 0, 0, 0.17%, 7, 0, 6, 138.47
1735460920, 172, 27, 38, 0, 0, 0.17%, 7, 0, 6, 152.42
1735460931, 173, 11, 38, 0, 0, 0.17%, 7, 0, 6, 133.65
1735460936, 173, 13, 38, 0, 0, 0.17%, 7, 0, 6, 134.63
1735460941, 173, 23, 38, 0, 0, 0.17%, 7, 0, 6, 133.47
1735460946, 174, 4, 38, 0, 0, 0.17%, 7, 0, 6, 133.04
1735460951, 174, 11, 38, 0, 0, 0.17%, 7, 0, 6, 131.20
1735460956, 174, 13, 38, 0, 0, 0.17%, 7, 0, 6, 140.29
1735460962, 174, 23, 38, 0, 0, 0.17%, 7, 0, 6, 133.50
1735460967, 175, 4, 38, 0, 0, 0.17%, 7, 0, 6, 136.85
1735460972, 175, 12, 38, 0, 0, 0.17%, 7, 0, 6, 134.24
1735460977, 175, 23, 38, 0, 0, 0.17%, 7, 0, 6, 132.34
1735460982, 176, 11, 38, 0, 0, 0.17%, 7, 0, 6, 128.93
1735460987, 176, 13, 38, 0, 0, 0.17%, 7, 0, 6, 126.92
1735460992, 176, 16, 38, 0, 0, 0.17%, 7, 0, 6, 136.28
1735460998, 176, 17, 38, 0, 0, 0.17%, 7, 0, 6, 137.30
1735461003, 176, 23, 38, 0, 0, 0.17%, 7, 0, 6, 136.00
1735461008, 177, 5, 38, 0, 0, 0.17%, 7, 0, 6, 141.52
1735461013, 177, 12, 38, 0, 0, 0.17%, 7, 0, 6, 134.72
1735461018, 177, 22, 38, 0, 0, 0.17%, 7, 0, 6, 142.50
1735461029, 177, 23, 38, 0, 0, 0.17%, 7, 0, 6, 129.75
1735461034, 178, 11, 38, 0, 0, 0.17%, 7, 0, 6, 133.80
1735461039, 178, 13, 38, 0, 0, 0.17%, 7, 0, 6, 132.25
1735461044, 178, 21, 38, 0, 0, 0.17%, 7, 0, 6, 143.37
1735461049, 178, 23, 38, 0, 0, 0.17%, 7, 0, 6, 134.73
