# unix_time, cycles_done, cur_path, paths_total, pending_total, pending_favs, map_size, unique_crashes, unique_hangs, max_depth, execs_per_sec
1734852127, 0, 0, 10, 10, 1, 0.01%, 0, 0, 1, 83.59
1734852132, 0, 2, 10, 10, 1, 0.01%, 0, 0, 1, 104.71
1734852137, 0, 3, 10, 9, 0, 0.01%, 0, 0, 1, 102.70
1734852147, 0, 4, 10, 8, 0, 0.01%, 0, 0, 1, 99.55
1734852158, 0, 5, 10, 7, 0, 0.01%, 0, 0, 1, 99.47
1734852168, 0, 6, 10, 6, 0, 0.01%, 0, 0, 1, 98.58
1734852178, 0, 7, 10, 5, 0, 0.01%, 0, 0, 1, 96.86
1734852188, 0, 8, 10, 4, 0, 0.01%, 0, 0, 1, 95.55
1734852198, 0, 9, 10, 3, 0, 0.01%, 0, 0, 1, 93.41
1734852209, 1, 0, 10, 2, 0, 0.01%, 0, 0, 1, 92.53
1734852219, 1, 1, 10, 1, 0, 0.01%, 0, 0, 1, 98.91
1734852234, 1, 3, 10, 0, 0, 0.01%, 0, 0, 1, 104.02
1734852240, 1, 4, 10, 0, 0, 0.01%, 0, 0, 1, 105.79
1734852245, 1, 6, 10, 0, 0, 0.01%, 0, 0, 1, 103.73
1734852250, 1, 7, 10, 0, 0, 0.01%, 0, 0, 1, 104.44
1734852255, 1, 9, 10, 0, 0, 0.01%, 0, 0, 1, 103.25
1734852260, 2, 0, 10, 0, 0, 0.01%, 0, 0, 1, 101.48
1734852265, 2, 1, 10, 0, 0, 0.01%, 0, 0, 1, 102.78
1734852270, 2, 3, 10, 0, 0, 0.01%, 0, 0, 1, 102.73
1734852276, 2, 4, 10, 0, 0, 0.01%, 0, 0, 1, 103.53
1734852281, 2, 6, 10, 0, 0, 0.01%, 0, 0, 1, 104.82
1734852286, 2, 7, 10, 0, 0, 0.01%, 0, 0, 1, 104.83
1734852291, 2, 9, 10, 0, 0, 0.01%, 0, 0, 1, 104.92
1734852296, 3, 0, 10, 0, 0, 0.01%, 0, 0, 1, 104.03
1734852301, 3, 2, 10, 0, 0, 0.01%, 0, 0, 1, 99.85
1734852306, 3, 3, 10, 0, 0, 0.01%, 0, 0, 1, 102.35
1734852312, 3, 4, 10, 0, 0, 0.01%, 0, 0, 1, 104.21
1734852317, 3, 6, 10, 0, 0, 0.01%, 0, 0, 1, 103.89
1734852322, 3, 7, 10, 0, 0, 0.01%, 0, 0, 1, 103.17
1734852327, 3, 9, 10, 0, 0, 0.01%, 0, 0, 1, 104.93
1734852332, 4, 0, 10, 0, 0, 0.01%, 0, 0, 1, 103.59
1734852337, 4, 2, 10, 0, 0, 0.01%, 0, 0, 1, 103.76
1734852342, 4, 3, 10, 0, 0, 0.01%, 0, 0, 1, 105.41
1734852348, 4, 5, 10, 0, 0, 0.01%, 0, 0, 1, 102.78
1734852353, 4, 6, 10, 0, 0, 0.01%, 0, 0, 1, 103.86
1734852358, 4, 7, 10, 0, 0, 0.01%, 0, 0, 1, 102.55
1734852363, 4, 9, 10, 0, 0, 0.01%, 0, 0, 1, 104.66
1734852368, 5, 0, 10, 0, 0, 0.01%, 0, 0, 1, 104.52
1734852373, 5, 2, 10, 0, 0, 0.01%, 0, 0, 1, 102.39
1734852379, 5, 3, 10, 0, 0, 0.01%, 0, 0, 1, 102.09
1734852384, 5, 5, 10, 0, 0, 0.01%, 0, 0, 1, 105.13
1734852389, 5, 6, 10, 0, 0, 0.01%, 0, 0, 1, 102.73
1734852394, 5, 8, 10, 0, 0, 0.01%, 0, 0, 1, 104.70
1734852399, 5, 9, 10, 0, 0, 0.01%, 0, 0, 1, 102.86
1734852404, 6, 1, 10, 0, 0, 0.01%, 0, 0, 1, 105.42
1734852409, 6, 2, 10, 0, 0, 0.01%, 0, 0, 1, 103.24
1734852414, 6, 3, 10, 0, 0, 0.01%, 0, 0, 1, 103.11
1734852420, 6, 5, 10, 0, 0, 0.01%, 0, 0, 1, 104.33
1734852425, 6, 6, 10, 0, 0, 0.01%, 0, 0, 1, 102.41
1734852430, 6, 8, 10, 0, 0, 0.01%, 0, 0, 1, 102.93
1734852435, 6, 9, 10, 0, 0, 0.01%, 0, 0, 1, 104.29
1734852440, 7, 1, 10, 0, 0, 0.01%, 0, 0, 1, 101.30
1734852445, 7, 2, 10, 0, 0, 0.01%, 0, 0, 1, 103.89
1734852450, 7, 3, 10, 0, 0, 0.01%, 0, 0, 1, 102.90
1734852455, 7, 5, 10, 0, 0, 0.01%, 0, 0, 1, 106.42
1734852461, 7, 6, 10, 0, 0, 0.01%, 0, 0, 1, 103.60
1734852466, 7, 8, 10, 0, 0, 0.01%, 0, 0, 1, 102.63
1734852471, 7, 9, 10, 0, 0, 0.01%, 0, 0, 1, 104.80
1734852476, 8, 1, 10, 0, 0, 0.01%, 0, 0, 1, 103.00
1734852481, 8, 2, 10, 0, 0, 0.01%, 0, 0, 1, 101.94
1734852486, 8, 4, 10, 0, 0, 0.01%, 0, 0, 1, 103.15
1734852491, 8, 5, 10, 0, 0, 0.01%, 0, 0, 1, 104.73
1734852496, 8, 6, 10, 0, 0, 0.01%, 0, 0, 1, 101.41
1734852502, 8, 8, 10, 0, 0, 0.01%, 0, 0, 1, 101.85
1734852507, 8, 9, 10, 0, 0, 0.01%, 0, 0, 1, 104.15
1734852512, 9, 1, 10, 0, 0, 0.01%, 0, 0, 1, 101.75
1734852517, 9, 2, 10, 0, 0, 0.01%, 0, 0, 1, 101.97
1734852522, 9, 4, 10, 0, 0, 0.01%, 0, 0, 1, 104.62
1734852527, 9, 5, 10, 0, 0, 0.01%, 0, 0, 1, 104.56
1734852532, 9, 7, 10, 0, 0, 0.01%, 0, 0, 1, 102.80
1734852538, 9, 8, 10, 0, 0, 0.01%, 0, 0, 1, 102.79
1734852543, 9, 9, 10, 0, 0, 0.01%, 0, 0, 1, 105.12
1734852548, 10, 1, 10, 0, 0, 0.01%, 0, 0, 1, 102.90
1734852553, 10, 2, 11, 1, 0, 0.16%, 1, 0, 2, 103.02
1734852558, 10, 10, 11, 1, 1, 0.16%, 1, 0, 2, 110.94
1734852563, 10, 10, 12, 2, 1, 0.16%, 2, 0, 3, 112.10
1734852630, 10, 10, 13, 3, 1, 0.16%, 2, 0, 3, 104.55
1734852645, 10, 11, 14, 3, 1, 0.16%, 3, 0, 4, 129.97
1734852723, 10, 13, 14, 2, 1, 0.16%, 3, 0, 4, 134.39
1734852733, 10, 13, 15, 3, 1, 0.16%, 3, 0, 5, 117.58
1734852744, 10, 13, 16, 4, 1, 0.16%, 3, 0, 5, 115.68
1734852785, 10, 13, 17, 5, 1, 0.16%, 3, 0, 5, 118.65
1734852800, 10, 13, 18, 6, 1, 0.16%, 3, 0, 5, 115.01
1734852867, 10, 13, 22, 10, 1, 0.17%, 4, 0, 5, 138.68
1734852887, 10, 13, 24, 12, 1, 0.17%, 5, 0, 5, 128.01
1734852892, 10, 13, 25, 13, 1, 0.17%, 5, 0, 5, 148.34
1734852897, 10, 23, 25, 12, 1, 0.17%, 5, 0, 5, 195.12
1734852903, 10, 23, 26, 13, 1, 0.17%, 5, 0, 6, 229.58
1734852923, 10, 23, 27, 14, 1, 0.17%, 5, 0, 6, 161.76
1734852928, 10, 23, 28, 15, 1, 0.17%, 5, 0, 6, 153.62
1734852933, 10, 23, 29, 16, 1, 0.17%, 5, 0, 6, 153.90
1734852954, 10, 23, 30, 17, 1, 0.17%, 5, 0, 6, 154.21
1734853025, 10, 25, 30, 16, 2, 0.17%, 5, 0, 6, 207.67
1734853065, 10, 25, 31, 17, 2, 0.17%, 5, 0, 7, 152.83
1734853147, 10, 27, 31, 16, 1, 0.17%, 5, 0, 7, 159.50
1734853219, 10, 30, 31, 15, 0, 0.17%, 5, 0, 7, 198.51
1734853265, 10, 30, 32, 16, 0, 0.17%, 5, 0, 8, 151.24
1734853315, 10, 30, 33, 17, 0, 0.17%, 5, 0, 8, 149.39
1734853336, 10, 30, 34, 18, 0, 0.17%, 5, 0, 8, 179.45
1734853346, 10, 33, 34, 17, 0, 0.17%, 5, 0, 8, 164.18
1734854071, 10, 33, 35, 18, 0, 0.17%, 5, 0, 9, 200.06
1734854142, 10, 33, 36, 19, 0, 0.17%, 5, 0, 9, 205.05
1734854172, 10, 34, 36, 18, 0, 0.17%, 5, 0, 9, 192.93
1734854182, 10, 34, 37, 19, 0, 0.17%, 6, 0, 10, 214.81
1734854412, 10, 34, 38, 20, 0, 0.17%, 7, 0, 10, 190.21
1734854448, 10, 34, 39, 21, 0, 0.17%, 8, 0, 10, 192.20
1734854504, 10, 38, 39, 20, 0, 0.17%, 8, 0, 10, 204.03
1734854657, 11, 11, 39, 19, 0, 0.17%, 8, 0, 10, 131.31
1734854667, 11, 12, 39, 19, 0, 0.17%, 8, 0, 10, 154.03
1734854693, 11, 13, 39, 18, 0, 0.17%, 8, 0, 10, 139.68
1734854713, 11, 14, 39, 18, 0, 0.17%, 8, 0, 10, 231.54
1734854973, 11, 16, 39, 17, 0, 0.17%, 8, 0, 10, 153.16
1734855039, 11, 17, 39, 16, 0, 0.17%, 8, 0, 10, 181.00
1734855264, 11, 18, 39, 15, 0, 0.17%, 8, 0, 10, 175.32
1734855325, 11, 19, 39, 14, 0, 0.17%, 8, 0, 10, 184.23
1734855498, 11, 21, 39, 13, 0, 0.17%, 8, 0, 10, 173.38
1734855559, 11, 25, 39, 12, 0, 0.17%, 8, 0, 10, 137.84
1734855590, 11, 27, 39, 12, 0, 0.17%, 8, 0, 10, 152.16
1734855611, 11, 31, 39, 12, 0, 0.17%, 8, 0, 10, 225.32
1734855728, 11, 37, 39, 11, 0, 0.17%, 8, 0, 10, 199.54
1734856020, 12, 11, 39, 10, 0, 0.17%, 8, 0, 10, 140.93
1734856025, 12, 13, 39, 10, 0, 0.17%, 8, 0, 10, 144.08
1734856035, 12, 15, 39, 10, 0, 0.17%, 8, 0, 10, 157.25
1734856081, 12, 18, 39, 9, 0, 0.17%, 8, 0, 10, 144.89
1734856097, 12, 25, 39, 9, 0, 0.17%, 8, 0, 10, 155.00
1734856112, 12, 27, 39, 9, 0, 0.17%, 8, 0, 10, 143.01
1734856122, 12, 32, 39, 9, 0, 0.17%, 8, 0, 10, 116.52
1734856964, 12, 33, 39, 8, 0, 0.17%, 8, 0, 10, 189.61
1734857000, 12, 35, 39, 8, 0, 0.17%, 8, 0, 10, 165.89
1734857368, 13, 8, 39, 7, 0, 0.17%, 8, 0, 10, 130.30
1734857373, 13, 11, 39, 7, 0, 0.17%, 8, 0, 10, 144.72
1734857378, 13, 13, 39, 7, 0, 0.17%, 8, 0, 10, 134.76
1734857388, 13, 21, 39, 7, 0, 0.17%, 8, 0, 10, 147.94
1734857409, 13, 25, 39, 7, 0, 0.17%, 8, 0, 10, 156.43
1734857419, 13, 27, 39, 7, 0, 0.17%, 8, 0, 10, 149.15
1734857429, 13, 33, 39, 7, 0, 0.17%, 8, 0, 10, 144.35
1734857450, 13, 36, 39, 7, 0, 0.17%, 8, 0, 10, 146.54
1734857746, 13, 37, 39, 6, 0, 0.17%, 8, 0, 10, 163.22
1734857776, 14, 10, 39, 6, 0, 0.17%, 8, 0, 10, 133.00
1734857787, 14, 13, 39, 6, 0, 0.17%, 8, 0, 10, 146.37
1734857792, 14, 16, 39, 6, 0, 0.17%, 8, 0, 10, 148.40
1734857807, 14, 22, 39, 6, 0, 0.17%, 8, 0, 10, 150.13
1734857874, 14, 25, 39, 5, 0, 0.17%, 8, 0, 10, 150.02
1734857879, 14, 27, 39, 5, 0, 0.17%, 8, 0, 10, 133.23
1734857884, 14, 29, 39, 5, 0, 0.17%, 8, 0, 10, 153.52
1734858001, 14, 31, 39, 4, 0, 0.17%, 8, 0, 10, 155.91
1734858042, 14, 33, 39, 4, 0, 0.17%, 8, 0, 10, 198.15
1734858057, 15, 5, 39, 4, 0, 0.17%, 8, 0, 10, 155.49
1734858062, 15, 13, 39, 4, 0, 0.17%, 8, 0, 10, 136.84
1734858067, 15, 25, 39, 4, 0, 0.17%, 8, 0, 10, 145.80
1734858078, 15, 27, 39, 4, 0, 0.17%, 8, 0, 10, 148.42
1734858083, 16, 13, 39, 4, 0, 0.17%, 8, 0, 10, 141.93
1734858088, 16, 25, 39, 4, 0, 0.17%, 8, 0, 10, 145.62
1734858098, 16, 27, 39, 4, 0, 0.17%, 8, 0, 10, 139.18
1734858103, 17, 13, 39, 4, 0, 0.17%, 8, 0, 10, 138.70
1734858108, 17, 25, 39, 4, 0, 0.17%, 8, 0, 10, 145.90
1734858119, 17, 26, 39, 4, 0, 0.17%, 8, 0, 10, 183.35
1734858185, 17, 27, 39, 3, 0, 0.17%, 8, 0, 10, 142.46
1734858190, 18, 8, 39, 3, 0, 0.17%, 8, 0, 10, 142.05
1734858195, 18, 12, 39, 3, 0, 0.17%, 8, 0, 10, 134.10
1734858206, 18, 13, 39, 3, 0, 0.17%, 8, 0, 10, 135.48
1734858211, 18, 17, 39, 3, 0, 0.17%, 8, 0, 10, 159.22
1734858231, 18, 20, 39, 3, 0, 0.17%, 8, 0, 10, 183.24
1734858257, 18, 20, 40, 4, 0, 0.19%, 9, 0, 10, 138.03
1734858313, 18, 39, 40, 3, 1, 0.19%, 9, 0, 10, 145.39
1734858324, 18, 39, 42, 5, 1, 0.19%, 9, 0, 10, 128.17
1734858334, 18, 39, 43, 6, 1, 0.21%, 10, 0, 10, 125.01
1734858344, 18, 39, 44, 7, 1, 0.21%, 10, 0, 10, 125.27
1734858380, 18, 39, 45, 8, 1, 0.21%, 10, 0, 10, 125.00
1734858442, 18, 39, 46, 9, 1, 0.21%, 10, 0, 10, 122.94
1734858457, 18, 42, 46, 8, 1, 0.21%, 10, 0, 10, 163.63
1734858478, 18, 42, 48, 10, 1, 0.21%, 10, 0, 10, 130.85
1734858483, 18, 42, 49, 11, 1, 0.21%, 10, 0, 10, 132.68
1734858560, 18, 42, 50, 12, 1, 0.21%, 10, 0, 10, 132.61
1734858601, 18, 47, 52, 13, 1, 0.21%, 11, 0, 10, 177.30
1734858622, 18, 47, 54, 15, 1, 0.21%, 11, 0, 10, 138.77
1734858709, 18, 50, 55, 15, 1, 0.26%, 12, 0, 10, 155.38
1734858714, 18, 50, 56, 16, 1, 0.27%, 13, 0, 10, 198.39
1734858756, 18, 50, 57, 17, 1, 0.27%, 14, 0, 10, 139.64
1734858822, 18, 54, 58, 17, 3, 0.27%, 15, 0, 11, 171.42
1734858909, 18, 55, 58, 16, 3, 0.27%, 15, 0, 11, 172.46
1734858996, 18, 56, 58, 15, 2, 0.27%, 15, 0, 11, 147.35
1734859027, 18, 56, 64, 21, 2, 0.27%, 15, 0, 11, 156.44
1734859032, 18, 56, 65, 22, 2, 0.27%, 15, 0, 11, 153.91
1734859042, 18, 56, 66, 23, 2, 0.27%, 15, 0, 11, 152.85
1734859052, 18, 56, 67, 24, 2, 0.27%, 15, 0, 11, 152.50
1734859124, 18, 57, 67, 23, 2, 0.27%, 15, 0, 11, 169.99
1734859216, 18, 58, 67, 22, 1, 0.27%, 15, 0, 11, 157.92
1734859242, 18, 58, 68, 23, 1, 0.27%, 15, 0, 12, 163.95
1734859297, 18, 59, 68, 22, 0, 0.27%, 15, 0, 12, 157.49
1734859379, 18, 63, 68, 21, 0, 0.27%, 15, 0, 12, 136.10
1734859445, 18, 63, 70, 23, 0, 0.29%, 16, 0, 12, 152.00
1734859461, 18, 63, 71, 24, 0, 0.29%, 16, 0, 12, 158.72
1734859532, 18, 68, 71, 23, 1, 0.29%, 16, 0, 12, 125.68
1734859588, 18, 68, 72, 24, 1, 0.29%, 16, 0, 13, 158.25
1734859618, 18, 68, 73, 25, 1, 0.31%, 17, 0, 13, 153.94
1734859654, 18, 68, 74, 26, 1, 0.31%, 17, 0, 13, 156.20
1734859679, 18, 72, 74, 25, 1, 0.31%, 17, 0, 13, 142.94
1734859772, 19, 11, 74, 24, 0, 0.31%, 17, 0, 13, 144.98
1734859777, 19, 13, 74, 24, 0, 0.31%, 17, 0, 13, 141.03
1734859782, 19, 31, 74, 24, 0, 0.31%, 17, 0, 13, 167.40
1734859797, 19, 43, 74, 24, 0, 0.31%, 17, 0, 13, 168.53
1734859843, 19, 46, 74, 23, 0, 0.31%, 17, 0, 13, 180.99
1734859915, 19, 48, 74, 22, 0, 0.31%, 17, 0, 13, 200.42
1734859981, 19, 52, 74, 21, 0, 0.31%, 17, 0, 13, 156.22
1734860053, 19, 54, 74, 20, 0, 0.31%, 17, 0, 13, 142.09
1734860063, 19, 54, 75, 21, 0, 0.31%, 17, 0, 13, 146.78
1734860078, 19, 55, 75, 21, 0, 0.31%, 17, 0, 13, 154.04
1734860114, 19, 57, 75, 21, 0, 0.31%, 17, 0, 13, 142.12
1734860140, 19, 64, 75, 21, 0, 0.31%, 17, 0, 13, 95.21
1734860563, 19, 64, 76, 22, 0, 0.31%, 17, 0, 13, 154.03
1734860654, 19, 68, 76, 21, 0, 0.31%, 17, 0, 13, 144.98
1734860675, 19, 68, 77, 22, 0, 0.31%, 17, 0, 13, 152.90
1734860690, 19, 72, 77, 22, 0, 0.31%, 17, 0, 13, 133.11
1734860726, 20, 11, 77, 22, 0, 0.31%, 17, 0, 13, 141.57
1734860731, 20, 13, 78, 23, 0, 0.31%, 17, 0, 13, 139.56
1734860736, 20, 26, 78, 23, 0, 0.31%, 17, 0, 13, 149.81
1734860756, 20, 51, 78, 23, 0, 0.31%, 17, 0, 13, 175.17
1734860823, 20, 54, 78, 22, 0, 0.31%, 17, 0, 13, 146.97
1734860853, 20, 55, 78, 22, 0, 0.31%, 17, 0, 13, 146.23
1734860884, 20, 57, 78, 22, 0, 0.31%, 17, 0, 13, 142.77
1734860909, 20, 60, 78, 22, 0, 0.31%, 17, 0, 13, 153.49
1734860991, 20, 64, 78, 21, 0, 0.31%, 17, 0, 13, 149.77
1734861017, 20, 67, 78, 21, 0, 0.31%, 17, 0, 13, 155.29
1734861052, 20, 67, 79, 22, 0, 0.32%, 18, 0, 13, 156.30
1734861088, 20, 67, 80, 23, 0, 0.34%, 19, 0, 13, 165.00
1734861133, 20, 78, 81, 23, 2, 0.34%, 20, 0, 14, 163.92
1734861164, 20, 78, 83, 25, 2, 0.34%, 20, 0, 14, 202.20
1734861174, 20, 78, 85, 27, 2, 0.34%, 20, 0, 14, 167.49
1734861189, 20, 78, 86, 28, 2, 0.34%, 20, 0, 14, 166.43
1734861194, 20, 78, 87, 29, 2, 0.34%, 20, 0, 14, 165.67
1734861234, 20, 78, 88, 30, 2, 0.34%, 20, 0, 14, 157.81
1734861291, 20, 79, 88, 29, 2, 0.34%, 20, 0, 14, 178.88
1734861296, 20, 79, 89, 30, 2, 0.34%, 21, 0, 14, 233.80
1734861316, 20, 79, 90, 31, 2, 0.34%, 22, 0, 14, 246.86
1734861459, 20, 80, 90, 30, 3, 0.34%, 22, 0, 14, 187.83
1734861499, 20, 80, 91, 31, 3, 0.34%, 22, 0, 15, 168.61
1734861545, 20, 80, 92, 32, 3, 0.34%, 22, 0, 15, 168.06
1734861570, 20, 80, 93, 33, 3, 0.34%, 22, 0, 15, 161.56
1734861616, 20, 88, 94, 33, 2, 0.34%, 22, 0, 15, 229.97
1734861728, 20, 88, 95, 34, 2, 0.34%, 22, 0, 15, 173.73
1734861829, 20, 89, 95, 33, 1, 0.34%, 22, 0, 15, 221.87
1734861955, 20, 89, 96, 34, 1, 0.34%, 22, 0, 15, 172.86
1734862042, 20, 90, 96, 33, 0, 0.34%, 22, 0, 15, 142.18
1734862108, 20, 90, 97, 34, 0, 0.34%, 22, 0, 16, 166.84
1734862124, 20, 90, 99, 36, 0, 0.34%, 22, 0, 16, 173.42
1734862139, 20, 90, 100, 37, 0, 0.34%, 22, 0, 16, 176.53
1734862230, 20, 99, 100, 36, 1, 0.34%, 22, 0, 16, 158.48
1734862322, 20, 99, 101, 37, 1, 0.34%, 22, 0, 17, 178.74
1734862332, 20, 99, 102, 38, 1, 0.34%, 22, 0, 17, 176.99
1734862434, 21, 11, 102, 37, 0, 0.34%, 22, 0, 17, 145.86
1734862439, 21, 13, 102, 37, 0, 0.34%, 22, 0, 17, 144.18
1734862444, 21, 37, 102, 37, 0, 0.34%, 22, 0, 17, 177.84
1734862454, 21, 55, 102, 37, 0, 0.34%, 22, 0, 17, 159.33
1734862459, 21, 55, 103, 38, 0, 0.34%, 22, 0, 17, 142.08
1734862495, 21, 56, 103, 38, 0, 0.34%, 22, 0, 17, 165.27
1734862520, 21, 57, 103, 38, 0, 0.34%, 22, 0, 17, 157.66
1734862546, 21, 62, 103, 38, 0, 0.34%, 22, 0, 17, 175.84
1734862622, 21, 68, 103, 37, 0, 0.34%, 22, 0, 17, 172.86
1734862653, 21, 71, 103, 37, 0, 0.34%, 22, 0, 17, 137.04
1734862759, 21, 75, 103, 36, 0, 0.34%, 22, 0, 17, 147.21
1734863371, 21, 75, 104, 37, 0, 0.34%, 22, 0, 17, 116.78
1734863381, 21, 75, 105, 38, 0, 0.34%, 22, 0, 17, 179.15
1734863407, 21, 75, 106, 39, 0, 0.34%, 22, 0, 17, 171.66
1734863417, 21, 75, 107, 40, 0, 0.34%, 23, 0, 17, 175.08
1734863462, 21, 77, 107, 39, 0, 0.34%, 23, 0, 17, 140.36
1734863569, 21, 77, 108, 40, 0, 0.34%, 23, 0, 17, 117.71
1734863595, 21, 77, 109, 41, 0, 0.35%, 24, 0, 17, 164.14
1734863636, 21, 77, 110, 42, 0, 0.35%, 25, 0, 17, 158.56
1734863646, 21, 77, 111, 43, 0, 0.35%, 25, 0, 17, 161.09
1734863681, 21, 77, 114, 46, 0, 0.36%, 27, 0, 17, 143.49
1734863686, 21, 77, 115, 47, 0, 0.36%, 27, 0, 17, 151.13
1734863691, 21, 108, 115, 46, 4, 0.36%, 27, 0, 17, 105.98
1734863712, 21, 108, 117, 48, 4, 0.37%, 28, 0, 17, 93.32
1734863819, 21, 109, 117, 47, 5, 0.37%, 28, 0, 17, 152.85
1734863937, 21, 109, 118, 48, 5, 0.37%, 28, 0, 17, 149.70
1734863957, 21, 109, 119, 49, 5, 0.37%, 28, 0, 17, 155.98
1734864044, 21, 109, 120, 50, 5, 0.37%, 28, 0, 17, 154.55
1734864049, 21, 113, 120, 49, 4, 0.37%, 28, 0, 17, 120.36
1734864161, 21, 113, 121, 50, 4, 0.37%, 28, 0, 17, 70.47
1734866329, 21, 113, 123, 52, 4, 0.37%, 28, 0, 17, 147.74
1734866431, 21, 115, 123, 51, 4, 0.37%, 28, 0, 17, 165.78
1734866564, 21, 116, 123, 50, 3, 0.37%, 28, 0, 17, 134.46
1734866589, 21, 116, 124, 51, 3, 0.37%, 28, 0, 17, 83.98
1734866670, 21, 116, 125, 52, 3, 0.37%, 28, 0, 17, 163.88
1734866721, 21, 119, 125, 51, 2, 0.37%, 28, 0, 17, 103.32
1734866823, 21, 119, 126, 52, 2, 0.37%, 28, 0, 17, 70.54
1734868452, 21, 119, 127, 53, 2, 0.37%, 28, 0, 17, 138.97
1734868513, 21, 121, 127, 52, 1, 0.37%, 28, 0, 17, 99.28
1734868615, 21, 121, 128, 53, 1, 0.37%, 28, 0, 17, 70.55
