# unix_time, cycles_done, cur_path, paths_total, pending_total, pending_favs, map_size, unique_crashes, unique_hangs, max_depth, execs_per_sec
1734631785, 0, 0, 10, 10, 1, 0.01%, 0, 0, 1, 84.21
1734631790, 0, 3, 10, 10, 1, 0.01%, 0, 0, 1, 105.32
1734631795, 0, 4, 10, 9, 0, 0.01%, 0, 0, 1, 102.32
1734631805, 0, 5, 10, 8, 0, 0.01%, 0, 0, 1, 101.37
1734631816, 0, 6, 10, 7, 0, 0.01%, 0, 0, 1, 98.55
1734631826, 0, 7, 10, 6, 0, 0.01%, 0, 0, 1, 96.35
1734631836, 0, 8, 10, 5, 0, 0.01%, 0, 0, 1, 94.52
1734631846, 0, 9, 10, 4, 0, 0.01%, 0, 0, 1, 93.56
1734631856, 1, 0, 10, 3, 0, 0.01%, 0, 0, 1, 92.82
1734631866, 1, 1, 10, 2, 0, 0.01%, 0, 0, 1, 97.83
1734631877, 1, 2, 10, 1, 0, 0.01%, 0, 0, 1, 104.40
1734631892, 1, 3, 10, 0, 0, 0.01%, 0, 0, 1, 103.44
1734631897, 1, 5, 10, 0, 0, 0.01%, 0, 0, 1, 107.40
1734631902, 1, 6, 10, 0, 0, 0.01%, 0, 0, 1, 104.80
1734631908, 1, 8, 10, 0, 0, 0.01%, 0, 0, 1, 104.06
1734631913, 1, 9, 10, 0, 0, 0.01%, 0, 0, 1, 104.08
1734631918, 2, 1, 10, 0, 0, 0.01%, 0, 0, 1, 105.18
1734631923, 2, 2, 10, 0, 0, 0.01%, 0, 0, 1, 103.33
1734631928, 2, 4, 10, 0, 0, 0.01%, 0, 0, 1, 103.77
1734631933, 2, 5, 10, 0, 0, 0.01%, 0, 0, 1, 103.16
1734631938, 2, 6, 10, 0, 0, 0.01%, 0, 0, 1, 104.10
1734631943, 2, 8, 10, 0, 0, 0.01%, 0, 0, 1, 106.98
1734631948, 2, 9, 10, 0, 0, 0.01%, 0, 0, 1, 107.39
1734631953, 3, 1, 10, 0, 0, 0.01%, 0, 0, 1, 104.24
1734631958, 3, 2, 10, 0, 0, 0.01%, 0, 0, 1, 104.90
1734631963, 3, 4, 10, 0, 0, 0.01%, 0, 0, 1, 105.97
1734631969, 3, 5, 10, 0, 0, 0.01%, 0, 0, 1, 104.97
1734631974, 3, 7, 10, 0, 0, 0.01%, 0, 0, 1, 105.45
1734631979, 3, 8, 10, 0, 0, 0.01%, 0, 0, 1, 104.47
1734631984, 3, 9, 10, 0, 0, 0.01%, 0, 0, 1, 101.91
1734631989, 4, 1, 10, 0, 0, 0.01%, 0, 0, 1, 104.33
1734631994, 4, 2, 10, 0, 0, 0.01%, 0, 0, 1, 103.76
1734631999, 4, 4, 10, 0, 0, 0.01%, 0, 0, 1, 103.63
1734632004, 4, 5, 10, 0, 0, 0.01%, 0, 0, 1, 105.97
1734632009, 4, 7, 10, 0, 0, 0.01%, 0, 0, 1, 103.28
1734632014, 4, 8, 10, 0, 0, 0.01%, 0, 0, 1, 102.92
1734632019, 5, 0, 10, 0, 0, 0.01%, 0, 0, 1, 103.89
1734632024, 5, 1, 10, 0, 0, 0.01%, 0, 0, 1, 104.74
1734632029, 5, 2, 10, 0, 0, 0.01%, 0, 0, 1, 105.16
1734632034, 5, 4, 10, 0, 0, 0.01%, 0, 0, 1, 106.25
1734632039, 5, 5, 10, 0, 0, 0.01%, 0, 0, 1, 102.74
1734632044, 5, 7, 10, 0, 0, 0.01%, 0, 0, 1, 104.20
1734632050, 5, 8, 10, 0, 0, 0.01%, 0, 0, 1, 104.40
1734632055, 6, 0, 10, 0, 0, 0.01%, 0, 0, 1, 102.45
1734632060, 6, 1, 10, 0, 0, 0.01%, 0, 0, 1, 105.63
1734632065, 6, 2, 10, 0, 0, 0.01%, 0, 0, 1, 104.86
1734632070, 6, 4, 10, 0, 0, 0.01%, 0, 0, 1, 104.53
1734632075, 6, 5, 10, 0, 0, 0.01%, 0, 0, 1, 104.88
1734632080, 6, 7, 10, 0, 0, 0.01%, 0, 0, 1, 104.60
1734632085, 6, 8, 10, 0, 0, 0.01%, 0, 0, 1, 102.83
1734632090, 7, 0, 10, 0, 0, 0.01%, 0, 0, 1, 102.17
1734632095, 7, 1, 10, 0, 0, 0.01%, 0, 0, 1, 103.60
1734632100, 7, 2, 10, 0, 0, 0.01%, 0, 0, 1, 104.81
1734632105, 7, 4, 10, 0, 0, 0.01%, 0, 0, 1, 104.19
1734632110, 7, 5, 10, 0, 0, 0.01%, 0, 0, 1, 102.71
1734632115, 7, 7, 10, 0, 0, 0.01%, 0, 0, 1, 106.20
1734632120, 7, 8, 10, 0, 0, 0.01%, 0, 0, 1, 102.12
1734632126, 8, 0, 10, 0, 0, 0.01%, 0, 0, 1, 103.15
1734632131, 8, 1, 10, 0, 0, 0.01%, 0, 0, 1, 104.52
1734632136, 8, 2, 10, 0, 0, 0.01%, 0, 0, 1, 105.80
1734632141, 8, 4, 10, 0, 0, 0.01%, 0, 0, 1, 104.43
1734632146, 8, 5, 10, 0, 0, 0.01%, 0, 0, 1, 105.46
1734632151, 8, 7, 10, 0, 0, 0.01%, 0, 0, 1, 104.79
1734632156, 8, 8, 10, 0, 0, 0.01%, 0, 0, 1, 106.57
1734632161, 9, 0, 10, 0, 0, 0.01%, 0, 0, 1, 102.99
1734632166, 9, 1, 10, 0, 0, 0.01%, 0, 0, 1, 107.22
1734632171, 9, 3, 10, 0, 0, 0.01%, 0, 0, 1, 105.28
1734632176, 9, 4, 10, 0, 0, 0.01%, 0, 0, 1, 106.42
1734632181, 9, 5, 10, 0, 0, 0.01%, 0, 0, 1, 104.19
1734632186, 9, 7, 11, 1, 0, 0.16%, 1, 0, 2, 103.66
1734632191, 9, 10, 11, 1, 1, 0.16%, 1, 0, 2, 122.17
1734632196, 9, 10, 12, 2, 1, 0.16%, 2, 0, 3, 116.10
1734632277, 9, 11, 12, 1, 1, 0.16%, 2, 0, 3, 128.58
1734632282, 9, 11, 13, 2, 1, 0.16%, 3, 0, 4, 121.77
1734632293, 9, 11, 14, 3, 1, 0.16%, 3, 0, 4, 110.90
1734632303, 9, 11, 15, 4, 1, 0.16%, 3, 0, 4, 110.43
1734632308, 9, 11, 16, 5, 1, 0.16%, 3, 0, 4, 110.26
1734632365, 9, 11, 17, 6, 1, 0.16%, 3, 0, 4, 114.14
1734632415, 9, 12, 17, 5, 1, 0.16%, 3, 0, 4, 131.94
1734632517, 9, 16, 17, 4, 0, 0.16%, 3, 0, 4, 165.76
1734632542, 9, 16, 18, 5, 0, 0.16%, 3, 0, 5, 139.54
1734632547, 9, 16, 20, 7, 0, 0.17%, 4, 0, 5, 137.68
1734632578, 9, 16, 21, 8, 0, 0.17%, 4, 0, 5, 138.49
1734632629, 9, 16, 22, 9, 0, 0.17%, 4, 0, 5, 145.26
1734632645, 9, 16, 23, 10, 0, 0.17%, 4, 0, 5, 142.15
1734632680, 9, 18, 24, 10, 1, 0.17%, 4, 0, 6, 127.73
1734632685, 9, 18, 24, 10, 1, 0.17%, 5, 0, 6, 119.77
1734632700, 9, 18, 25, 11, 1, 0.17%, 5, 0, 6, 126.27
1734632792, 9, 18, 26, 12, 1, 0.17%, 5, 0, 6, 140.04
1734632808, 9, 23, 26, 11, 1, 0.17%, 5, 0, 6, 125.38
1734632833, 9, 23, 27, 12, 1, 0.17%, 5, 0, 7, 127.26
1734632935, 10, 10, 27, 11, 0, 0.17%, 5, 0, 7, 114.99
1734632950, 10, 10, 28, 12, 0, 0.17%, 5, 0, 7, 125.71
1734632955, 10, 11, 29, 13, 0, 0.17%, 5, 0, 7, 126.97
1734632971, 10, 12, 29, 13, 0, 0.17%, 5, 0, 7, 120.60
1734632986, 10, 12, 30, 14, 0, 0.17%, 6, 0, 7, 131.40
1734633006, 10, 18, 30, 14, 0, 0.17%, 6, 0, 7, 124.83
1734633042, 10, 20, 30, 14, 0, 0.17%, 6, 0, 7, 165.92
1734633128, 10, 22, 30, 13, 0, 0.17%, 6, 0, 7, 186.58
1734633199, 10, 22, 31, 14, 0, 0.17%, 6, 0, 7, 127.99
1734633210, 10, 23, 31, 13, 0, 0.17%, 6, 0, 7, 128.30
1734633245, 10, 28, 31, 13, 0, 0.17%, 6, 0, 7, 177.35
1734633297, 10, 28, 32, 14, 0, 0.17%, 6, 0, 7, 131.08
1734633302, 10, 32, 34, 15, 0, 0.17%, 6, 0, 7, 136.41
1734633530, 10, 33, 34, 14, 0, 0.17%, 6, 0, 7, 145.50
1734633754, 11, 10, 34, 13, 0, 0.17%, 6, 0, 7, 160.24
1734633759, 11, 11, 34, 13, 0, 0.17%, 6, 0, 7, 157.92
1734633764, 11, 12, 34, 13, 0, 0.17%, 6, 0, 7, 152.19
1734633779, 11, 14, 34, 13, 0, 0.17%, 6, 0, 7, 163.56
1734633830, 11, 18, 34, 12, 0, 0.17%, 6, 0, 7, 172.19
1734633845, 11, 19, 35, 13, 0, 0.17%, 6, 0, 7, 164.62
1734633941, 11, 23, 35, 12, 0, 0.17%, 6, 0, 7, 159.67
1734633957, 11, 24, 35, 12, 0, 0.17%, 6, 0, 7, 164.86
1734634018, 11, 28, 35, 11, 0, 0.17%, 6, 0, 7, 160.79
1734634028, 12, 1, 35, 11, 0, 0.17%, 6, 0, 7, 142.04
1734634033, 12, 11, 35, 11, 0, 0.17%, 6, 0, 7, 151.77
1734634038, 12, 12, 35, 11, 0, 0.17%, 6, 0, 7, 160.84
1734634043, 12, 23, 35, 11, 0, 0.17%, 6, 0, 7, 160.51
1734634053, 12, 24, 35, 11, 0, 0.17%, 6, 0, 7, 164.47
1734634079, 12, 29, 35, 11, 0, 0.17%, 6, 0, 7, 237.98
1734634201, 12, 33, 35, 10, 0, 0.17%, 6, 0, 7, 177.83
1734634232, 13, 11, 36, 11, 0, 0.17%, 6, 0, 7, 154.48
1734634237, 13, 12, 37, 12, 0, 0.17%, 6, 0, 7, 153.43
1734634247, 13, 15, 37, 12, 0, 0.17%, 6, 0, 7, 169.77
1734634283, 13, 17, 37, 11, 0, 0.17%, 6, 0, 7, 131.35
1734634717, 13, 19, 37, 10, 0, 0.17%, 6, 0, 7, 182.25
1734634737, 13, 23, 37, 10, 0, 0.17%, 6, 0, 7, 185.93
1734634747, 13, 24, 37, 10, 0, 0.17%, 6, 0, 7, 163.63
1734634762, 14, 12, 37, 10, 0, 0.17%, 6, 0, 7, 157.71
1734634772, 14, 20, 37, 10, 0, 0.17%, 6, 0, 7, 177.68
1734634798, 14, 23, 37, 10, 0, 0.17%, 6, 0, 7, 157.45
1734634803, 14, 24, 37, 10, 0, 0.17%, 6, 0, 7, 170.51
1734634808, 14, 27, 37, 10, 0, 0.17%, 6, 0, 7, 162.39
1734634843, 14, 36, 37, 9, 0, 0.17%, 6, 0, 7, 193.89
1734634945, 15, 10, 37, 8, 0, 0.17%, 6, 0, 7, 157.38
1734634950, 15, 12, 37, 8, 0, 0.17%, 6, 0, 7, 153.52
1734634955, 15, 14, 37, 8, 0, 0.17%, 6, 0, 7, 168.29
1734634970, 15, 23, 37, 8, 0, 0.17%, 6, 0, 7, 162.28
1734634975, 15, 24, 37, 8, 0, 0.17%, 6, 0, 7, 162.40
1734634981, 15, 31, 37, 8, 0, 0.17%, 6, 0, 7, 150.52
1734635266, 15, 34, 37, 7, 0, 0.17%, 6, 0, 7, 151.25
1734635347, 15, 35, 37, 6, 0, 0.17%, 6, 0, 7, 217.00
1734635413, 16, 10, 37, 5, 0, 0.17%, 6, 0, 7, 148.50
1734635418, 16, 12, 37, 5, 0, 0.17%, 6, 0, 7, 147.80
1734635424, 16, 13, 37, 5, 0, 0.17%, 6, 0, 7, 159.42
1734635480, 16, 23, 37, 4, 0, 0.17%, 6, 0, 7, 165.32
1734635485, 16, 24, 37, 4, 0, 0.17%, 6, 0, 7, 154.23
1734635495, 16, 26, 37, 4, 0, 0.17%, 6, 0, 7, 170.34
1734635555, 17, 10, 37, 3, 0, 0.17%, 6, 0, 7, 146.40
1734635561, 17, 12, 37, 3, 0, 0.17%, 6, 0, 7, 145.29
1734635571, 17, 15, 37, 3, 0, 0.17%, 6, 0, 7, 146.27
1734635586, 17, 23, 37, 3, 0, 0.17%, 6, 0, 7, 155.10
1734635591, 17, 24, 37, 3, 0, 0.17%, 6, 0, 7, 160.70
1734635601, 17, 27, 37, 3, 0, 0.17%, 6, 0, 7, 156.53
1734635611, 17, 30, 37, 3, 0, 0.17%, 6, 0, 7, 148.58
1734635784, 18, 6, 37, 2, 0, 0.17%, 6, 0, 7, 160.32
1734635789, 18, 12, 37, 2, 0, 0.17%, 6, 0, 7, 150.70
1734635799, 18, 23, 37, 2, 0, 0.17%, 6, 0, 7, 148.63
1734635804, 18, 24, 37, 2, 0, 0.17%, 6, 0, 7, 149.51
1734635814, 19, 11, 37, 2, 0, 0.17%, 6, 0, 7, 149.91
1734635820, 19, 12, 37, 2, 0, 0.17%, 6, 0, 7, 148.44
1734635825, 19, 18, 37, 2, 0, 0.17%, 6, 0, 7, 152.62
1734635835, 19, 23, 37, 2, 0, 0.17%, 6, 0, 7, 159.20
1734635840, 19, 24, 37, 2, 0, 0.17%, 6, 0, 7, 155.31
1734635845, 20, 7, 37, 2, 0, 0.17%, 6, 0, 7, 149.09
1734635850, 20, 11, 37, 2, 0, 0.17%, 6, 0, 7, 152.63
1734635855, 20, 12, 37, 2, 0, 0.17%, 6, 0, 7, 153.49
1734635860, 20, 15, 37, 2, 0, 0.17%, 6, 0, 7, 156.61
1734635870, 20, 23, 37, 2, 0, 0.17%, 6, 0, 7, 152.60
1734635875, 20, 24, 37, 2, 0, 0.17%, 6, 0, 7, 158.39
1734635880, 20, 29, 37, 2, 0, 0.17%, 6, 0, 7, 168.07
1734635901, 20, 31, 37, 2, 0, 0.17%, 6, 0, 7, 169.82
1734635926, 20, 36, 37, 2, 0, 0.17%, 6, 0, 7, 147.45
1734635952, 21, 5, 37, 2, 0, 0.17%, 6, 0, 7, 150.89
1734635957, 21, 11, 37, 2, 0, 0.17%, 6, 0, 7, 154.21
1734635962, 21, 12, 37, 2, 0, 0.17%, 6, 0, 7, 155.35
1734635967, 21, 23, 37, 2, 0, 0.17%, 6, 0, 7, 149.31
1734635972, 21, 24, 37, 2, 0, 0.17%, 6, 0, 7, 151.69
1734635982, 22, 10, 37, 2, 0, 0.17%, 6, 0, 7, 153.13
1734635987, 22, 12, 37, 2, 0, 0.17%, 6, 0, 7, 150.57
1734635992, 22, 15, 37, 2, 0, 0.17%, 6, 0, 7, 155.62
1734635997, 22, 23, 37, 2, 0, 0.17%, 6, 0, 7, 152.09
1734636007, 22, 24, 37, 2, 0, 0.17%, 6, 0, 7, 154.44
1734636012, 23, 7, 37, 2, 0, 0.17%, 6, 0, 7, 154.18
1734636018, 23, 11, 37, 2, 0, 0.17%, 6, 0, 7, 148.92
1734636023, 23, 12, 37, 2, 0, 0.17%, 6, 0, 7, 151.96
1734636028, 23, 17, 37, 2, 0, 0.17%, 6, 0, 7, 168.28
1734636048, 23, 23, 37, 2, 0, 0.17%, 6, 0, 7, 145.56
1734636053, 23, 24, 37, 2, 0, 0.17%, 6, 0, 7, 154.11
1734636058, 23, 25, 37, 2, 0, 0.17%, 6, 0, 7, 153.01
1734636130, 24, 10, 37, 1, 0, 0.17%, 6, 0, 7, 149.38
1734636135, 24, 12, 37, 1, 0, 0.17%, 6, 0, 7, 145.94
1734636145, 24, 20, 37, 1, 0, 0.17%, 6, 0, 7, 169.29
1734636155, 24, 23, 37, 1, 0, 0.17%, 6, 0, 7, 154.32
1734636165, 24, 24, 37, 1, 0, 0.17%, 6, 0, 7, 160.14
1734636170, 24, 26, 37, 1, 0, 0.17%, 6, 0, 7, 164.91
1734636201, 24, 28, 37, 1, 0, 0.17%, 6, 0, 7, 159.78
1734636206, 25, 11, 37, 1, 0, 0.17%, 6, 0, 7, 153.81
1734636211, 25, 12, 37, 1, 0, 0.17%, 6, 0, 7, 159.59
1734636216, 25, 17, 37, 1, 0, 0.17%, 6, 0, 7, 160.09
1734636226, 25, 21, 37, 1, 0, 0.17%, 6, 0, 7, 210.77
1734636302, 25, 23, 37, 0, 0, 0.17%, 6, 0, 7, 147.80
1734636308, 25, 24, 37, 0, 0, 0.17%, 6, 0, 7, 152.20
1734636313, 26, 0, 37, 0, 0, 0.17%, 6, 0, 7, 153.28
1734636318, 26, 11, 37, 0, 0, 0.17%, 6, 0, 7, 142.84
1734636323, 26, 12, 37, 0, 0, 0.17%, 6, 0, 7, 141.95
1734636328, 26, 21, 37, 0, 0, 0.17%, 6, 0, 7, 150.87
1734636354, 26, 22, 37, 0, 0, 0.17%, 6, 0, 7, 166.30
1734636384, 26, 23, 37, 0, 0, 0.17%, 6, 0, 7, 153.03
1734636389, 26, 24, 37, 0, 0, 0.17%, 6, 0, 7, 150.29
1734636399, 26, 30, 37, 0, 0, 0.17%, 6, 0, 7, 158.26
1734636425, 26, 34, 37, 0, 0, 0.17%, 6, 0, 7, 157.20
1734636455, 26, 35, 37, 0, 0, 0.17%, 6, 0, 7, 163.86
1734636485, 27, 11, 37, 0, 0, 0.17%, 6, 0, 7, 148.64
1734636491, 27, 12, 37, 0, 0, 0.17%, 6, 0, 7, 143.79
1734636496, 27, 23, 37, 0, 0, 0.17%, 6, 0, 7, 150.40
1734636506, 27, 24, 37, 0, 0, 0.17%, 6, 0, 7, 150.55
1734636511, 28, 10, 37, 0, 0, 0.17%, 6, 0, 7, 145.32
1734636517, 28, 12, 37, 0, 0, 0.17%, 6, 0, 7, 145.59
1734636522, 28, 23, 37, 0, 0, 0.17%, 6, 0, 7, 146.42
1734636532, 28, 24, 37, 0, 0, 0.17%, 6, 0, 7, 157.75
1734636537, 29, 5, 37, 0, 0, 0.17%, 6, 0, 7, 150.20
1734636542, 29, 11, 37, 0, 0, 0.17%, 6, 0, 7, 141.31
1734636547, 29, 12, 37, 0, 0, 0.17%, 6, 0, 7, 144.02
1734636552, 29, 17, 37, 0, 0, 0.17%, 6, 0, 7, 160.58
1734636558, 29, 23, 37, 0, 0, 0.17%, 6, 0, 7, 152.39
1734636563, 29, 24, 37, 0, 0, 0.17%, 6, 0, 7, 151.92
1734636573, 30, 10, 37, 0, 0, 0.17%, 6, 0, 7, 144.94
1734636578, 30, 12, 37, 0, 0, 0.17%, 6, 0, 7, 151.90
1734636583, 30, 23, 37, 0, 0, 0.17%, 6, 0, 7, 152.42
1734636593, 30, 24, 37, 0, 0, 0.17%, 6, 0, 7, 147.14
1734636598, 30, 36, 37, 0, 0, 0.17%, 6, 0, 7, 159.66
1734636628, 31, 12, 37, 0, 0, 0.17%, 6, 0, 7, 144.93
1734636639, 31, 15, 37, 0, 0, 0.17%, 6, 0, 7, 152.81
1734636644, 31, 20, 37, 0, 0, 0.17%, 6, 0, 7, 153.74
1734636649, 31, 23, 37, 0, 0, 0.17%, 6, 0, 7, 160.04
1734636654, 31, 24, 37, 0, 0, 0.17%, 6, 0, 7, 161.90
1734636664, 31, 26, 37, 0, 0, 0.17%, 6, 0, 7, 155.11
1734636679, 32, 11, 37, 0, 0, 0.17%, 6, 0, 7, 140.73
1734636684, 32, 12, 37, 0, 0, 0.17%, 6, 0, 7, 147.55
1734636689, 32, 23, 37, 0, 0, 0.17%, 6, 0, 7, 149.85
1734636700, 32, 24, 37, 0, 0, 0.17%, 6, 0, 7, 161.11
1734636705, 33, 11, 37, 0, 0, 0.17%, 6, 0, 7, 149.24
1734636710, 33, 12, 37, 0, 0, 0.17%, 6, 0, 7, 146.08
1734636715, 33, 13, 37, 0, 0, 0.17%, 6, 0, 7, 147.50
1734636735, 33, 15, 37, 0, 0, 0.17%, 6, 0, 7, 154.80
1734636740, 33, 23, 37, 0, 0, 0.17%, 6, 0, 7, 154.53
1734636745, 33, 24, 37, 0, 0, 0.17%, 6, 0, 7, 151.12
1734636750, 34, 2, 37, 0, 0, 0.17%, 6, 0, 7, 155.96
1734636755, 34, 11, 37, 0, 0, 0.17%, 6, 0, 7, 152.30
1734636761, 34, 12, 37, 0, 0, 0.17%, 6, 0, 7, 144.23
1734636766, 34, 21, 37, 0, 0, 0.17%, 6, 0, 7, 152.55
1734636781, 34, 23, 37, 0, 0, 0.17%, 6, 0, 7, 147.46
1734636786, 34, 24, 37, 0, 0, 0.17%, 6, 0, 7, 145.44
1734636796, 34, 28, 37, 0, 0, 0.17%, 6, 0, 7, 154.74
1734636801, 35, 10, 37, 0, 0, 0.17%, 6, 0, 7, 149.49
1734636807, 35, 12, 37, 0, 0, 0.17%, 6, 0, 7, 143.96
1734636812, 35, 13, 37, 0, 0, 0.17%, 6, 0, 7, 152.55
1734636822, 35, 23, 37, 0, 0, 0.17%, 6, 0, 7, 151.76
1734636832, 35, 24, 37, 0, 0, 0.17%, 6, 0, 7, 150.25
1734636837, 36, 10, 37, 0, 0, 0.17%, 6, 0, 7, 151.14
1734636842, 36, 12, 37, 0, 0, 0.17%, 6, 0, 7, 145.28
1734636853, 36, 18, 37, 0, 0, 0.17%, 6, 0, 7, 148.51
1734636858, 36, 23, 37, 0, 0, 0.17%, 6, 0, 7, 151.06
1734636863, 36, 24, 37, 0, 0, 0.17%, 6, 0, 7, 145.31
1734636873, 37, 11, 37, 0, 0, 0.17%, 6, 0, 7, 146.06
1734636878, 37, 12, 37, 0, 0, 0.17%, 6, 0, 7, 147.74
1734636883, 37, 23, 37, 0, 0, 0.17%, 6, 0, 7, 148.87
1734636894, 37, 24, 37, 0, 0, 0.17%, 6, 0, 7, 150.15
1734636899, 37, 28, 37, 0, 0, 0.17%, 6, 0, 7, 153.69
1734636904, 38, 10, 37, 0, 0, 0.17%, 6, 0, 7, 155.84
1734636909, 38, 12, 37, 0, 0, 0.17%, 6, 0, 7, 144.83
1734636914, 38, 18, 37, 0, 0, 0.17%, 6, 0, 7, 150.18
1734636924, 38, 21, 37, 0, 0, 0.17%, 6, 0, 7, 153.05
1734636929, 38, 23, 37, 0, 0, 0.17%, 6, 0, 7, 151.75
1734636934, 38, 24, 37, 0, 0, 0.17%, 6, 0, 7, 151.89
1734636945, 38, 25, 37, 0, 0, 0.17%, 6, 0, 7, 164.76
1734636970, 39, 10, 37, 0, 0, 0.17%, 6, 0, 7, 154.54
1734636975, 39, 12, 37, 0, 0, 0.17%, 6, 0, 7, 146.48
1734636980, 39, 23, 37, 0, 0, 0.17%, 6, 0, 7, 148.18
1734636990, 39, 24, 37, 0, 0, 0.17%, 6, 0, 7, 158.48
1734636995, 40, 10, 37, 0, 0, 0.17%, 6, 0, 7, 150.47
1734637000, 40, 12, 37, 0, 0, 0.17%, 6, 0, 7, 142.63
1734637011, 40, 23, 37, 0, 0, 0.17%, 6, 0, 7, 150.52
1734637016, 40, 24, 37, 0, 0, 0.17%, 6, 0, 7, 159.27
1734637021, 40, 26, 37, 0, 0, 0.17%, 6, 0, 7, 156.86
1734637031, 40, 30, 37, 0, 0, 0.17%, 6, 0, 7, 163.78
1734637041, 41, 6, 37, 0, 0, 0.17%, 6, 0, 7, 152.82
1734637046, 41, 11, 37, 0, 0, 0.17%, 6, 0, 7, 147.65
1734637051, 41, 12, 37, 0, 0, 0.17%, 6, 0, 7, 146.42
1734637056, 41, 23, 37, 0, 0, 0.17%, 6, 0, 7, 153.59
1734637062, 41, 24, 37, 0, 0, 0.17%, 6, 0, 7, 144.25
1734637072, 41, 32, 37, 0, 0, 0.17%, 6, 0, 7, 154.65
1734637097, 42, 11, 37, 0, 0, 0.17%, 6, 0, 7, 148.06
1734637102, 42, 12, 37, 0, 0, 0.17%, 6, 0, 7, 153.85
1734637107, 42, 14, 37, 0, 0, 0.17%, 6, 0, 7, 146.70
1734637112, 42, 19, 37, 0, 0, 0.17%, 6, 0, 7, 149.20
1734637127, 42, 23, 37, 0, 0, 0.17%, 6, 0, 7, 160.26
1734637132, 42, 24, 37, 0, 0, 0.17%, 6, 0, 7, 154.06
1734637143, 42, 33, 37, 0, 0, 0.17%, 6, 0, 7, 163.79
1734637153, 43, 10, 37, 0, 0, 0.17%, 6, 0, 7, 160.74
1734637158, 43, 12, 37, 0, 0, 0.17%, 6, 0, 7, 145.07
1734637168, 43, 23, 37, 0, 0, 0.17%, 6, 0, 7, 152.39
1734637173, 43, 24, 37, 0, 0, 0.17%, 6, 0, 7, 152.73
1734637183, 43, 34, 37, 0, 0, 0.17%, 6, 0, 7, 151.12
1734637193, 44, 5, 37, 0, 0, 0.17%, 6, 0, 7, 166.51
1734637198, 44, 11, 37, 0, 0, 0.17%, 6, 0, 7, 147.07
1734637203, 44, 12, 37, 0, 0, 0.17%, 6, 0, 7, 144.20
1734637208, 44, 18, 37, 0, 0, 0.17%, 6, 0, 7, 153.96
1734637213, 44, 23, 37, 0, 0, 0.17%, 6, 0, 7, 144.94
1734637224, 44, 24, 37, 0, 0, 0.17%, 6, 0, 7, 155.94
1734637229, 45, 1, 37, 0, 0, 0.17%, 6, 0, 7, 155.42
1734637234, 45, 12, 37, 0, 0, 0.17%, 6, 0, 7, 147.78
1734637244, 45, 23, 37, 0, 0, 0.17%, 6, 0, 7, 149.03
1734637249, 45, 24, 37, 0, 0, 0.17%, 6, 0, 7, 147.10
1734637259, 46, 10, 37, 0, 0, 0.17%, 6, 0, 7, 142.68
1734637265, 46, 12, 37, 0, 0, 0.17%, 6, 0, 7, 140.81
1734637270, 46, 23, 37, 0, 0, 0.17%, 6, 0, 7, 149.65
1734637280, 46, 24, 37, 0, 0, 0.17%, 6, 0, 7, 150.00
1734637285, 46, 30, 37, 0, 0, 0.17%, 6, 0, 7, 149.89
1734637300, 47, 1, 37, 0, 0, 0.17%, 6, 0, 7, 154.62
1734637305, 47, 11, 37, 0, 0, 0.17%, 6, 0, 7, 145.71
1734637310, 47, 12, 37, 0, 0, 0.17%, 6, 0, 7, 145.44
1734637315, 47, 17, 37, 0, 0, 0.17%, 6, 0, 7, 160.69
1734637321, 47, 23, 37, 0, 0, 0.17%, 6, 0, 7, 150.03
1734637331, 47, 24, 37, 0, 0, 0.17%, 6, 0, 7, 149.29
1734637336, 48, 10, 37, 0, 0, 0.17%, 6, 0, 7, 148.14
1734637341, 48, 12, 37, 0, 0, 0.17%, 6, 0, 7, 143.54
1734637351, 48, 19, 37, 0, 0, 0.17%, 6, 0, 7, 167.47
1734637356, 48, 23, 37, 0, 0, 0.17%, 6, 0, 7, 155.95
1734637366, 48, 24, 37, 0, 0, 0.17%, 6, 0, 7, 157.14
1734637371, 49, 10, 37, 0, 0, 0.17%, 6, 0, 7, 142.99
1734637376, 49, 12, 37, 0, 0, 0.17%, 6, 0, 7, 143.83
1734637381, 49, 23, 37, 0, 0, 0.17%, 6, 0, 7, 144.31
1734637392, 49, 24, 37, 0, 0, 0.17%, 6, 0, 7, 156.78
1734637397, 50, 10, 37, 0, 0, 0.17%, 6, 0, 7, 155.83
1734637402, 50, 12, 37, 0, 0, 0.17%, 6, 0, 7, 147.35
1734637412, 50, 21, 37, 0, 0, 0.17%, 6, 0, 7, 152.22
1734637417, 50, 23, 37, 0, 0, 0.17%, 6, 0, 7, 144.08
1734637422, 50, 24, 37, 0, 0, 0.17%, 6, 0, 7, 149.21
1734637433, 50, 27, 37, 0, 0, 0.17%, 6, 0, 7, 154.22
1734637438, 51, 10, 37, 0, 0, 0.17%, 6, 0, 7, 152.87
1734637443, 51, 12, 37, 0, 0, 0.17%, 6, 0, 7, 139.69
1734637448, 51, 23, 37, 0, 0, 0.17%, 6, 0, 7, 142.96
1734637458, 51, 24, 37, 0, 0, 0.17%, 6, 0, 7, 153.53
1734637463, 52, 10, 37, 0, 0, 0.17%, 6, 0, 7, 146.07
1734637468, 52, 12, 37, 0, 0, 0.17%, 6, 0, 7, 145.32
1734637479, 52, 23, 37, 0, 0, 0.17%, 6, 0, 7, 150.20
1734637484, 52, 24, 37, 0, 0, 0.17%, 6, 0, 7, 146.76
1734637494, 52, 25, 37, 0, 0, 0.17%, 6, 0, 7, 162.87
1734637504, 52, 30, 37, 0, 0, 0.17%, 6, 0, 7, 150.67
1734637515, 52, 31, 37, 0, 0, 0.17%, 6, 0, 7, 171.10
1734637525, 53, 2, 37, 0, 0, 0.17%, 6, 0, 7, 139.54
1734637530, 53, 10, 37, 0, 0, 0.17%, 6, 0, 7, 143.70
1734637535, 53, 12, 37, 0, 0, 0.17%, 6, 0, 7, 145.88
1734637540, 53, 23, 37, 0, 0, 0.17%, 6, 0, 7, 147.71
1734637550, 53, 24, 37, 0, 0, 0.17%, 6, 0, 7, 150.82
1734637555, 53, 34, 37, 0, 0, 0.17%, 6, 0, 7, 154.41
1734637570, 53, 35, 37, 0, 0, 0.17%, 6, 0, 7, 162.28
1734637601, 54, 11, 37, 0, 0, 0.17%, 6, 0, 7, 146.21
1734637606, 54, 12, 37, 0, 0, 0.17%, 6, 0, 7, 148.40
1734637611, 54, 17, 37, 0, 0, 0.17%, 6, 0, 7, 161.49
1734637616, 54, 21, 37, 0, 0, 0.17%, 6, 0, 7, 151.78
1734637621, 54, 23, 37, 0, 0, 0.17%, 6, 0, 7, 148.56
1734637632, 54, 24, 37, 0, 0, 0.17%, 6, 0, 7, 160.29
1734637637, 54, 29, 37, 0, 0, 0.17%, 6, 0, 7, 175.35
1734637647, 55, 11, 37, 0, 0, 0.17%, 6, 0, 7, 145.46
1734637652, 55, 12, 37, 0, 0, 0.17%, 6, 0, 7, 143.31
1734637657, 55, 23, 37, 0, 0, 0.17%, 6, 0, 7, 147.69
1734637662, 55, 24, 37, 0, 0, 0.17%, 6, 0, 7, 144.89
1734637672, 55, 29, 37, 0, 0, 0.17%, 6, 0, 7, 174.71
1734637683, 56, 11, 37, 0, 0, 0.17%, 6, 0, 7, 153.53
1734637688, 56, 12, 37, 0, 0, 0.17%, 6, 0, 7, 148.18
1734637693, 56, 21, 37, 0, 0, 0.17%, 6, 0, 7, 154.24
1734637698, 56, 23, 37, 0, 0, 0.17%, 6, 0, 7, 151.37
1734637703, 56, 24, 37, 0, 0, 0.17%, 6, 0, 7, 146.27
1734637713, 56, 29, 37, 0, 0, 0.17%, 6, 0, 7, 160.87
1734637719, 57, 10, 37, 0, 0, 0.17%, 6, 0, 7, 146.76
1734637724, 57, 12, 37, 0, 0, 0.17%, 6, 0, 7, 145.05
1734637734, 57, 23, 37, 0, 0, 0.17%, 6, 0, 7, 149.81
1734637744, 57, 24, 37, 0, 0, 0.17%, 6, 0, 7, 152.93
1734637749, 58, 2, 37, 0, 0, 0.17%, 6, 0, 7, 155.33
1734637754, 58, 11, 37, 0, 0, 0.17%, 6, 0, 7, 154.70
1734637759, 58, 12, 37, 0, 0, 0.17%, 6, 0, 7, 142.87
1734637764, 58, 21, 37, 0, 0, 0.17%, 6, 0, 7, 141.11
1734637774, 58, 23, 37, 0, 0, 0.17%, 6, 0, 7, 147.18
1734637780, 58, 24, 37, 0, 0, 0.17%, 6, 0, 7, 144.82
1734637790, 59, 10, 37, 0, 0, 0.17%, 6, 0, 7, 149.60
1734637795, 59, 12, 37, 0, 0, 0.17%, 6, 0, 7, 144.48
1734637800, 59, 23, 37, 0, 0, 0.17%, 6, 0, 7, 151.06
1734637810, 59, 24, 37, 0, 0, 0.17%, 6, 0, 7, 153.47
1734637816, 60, 10, 37, 0, 0, 0.17%, 6, 0, 7, 160.15
1734637821, 60, 12, 37, 0, 0, 0.17%, 6, 0, 7, 148.79
1734637826, 60, 23, 37, 0, 0, 0.17%, 6, 0, 7, 150.85
1734637836, 60, 24, 37, 0, 0, 0.17%, 6, 0, 7, 143.62
1734637841, 60, 29, 37, 0, 0, 0.17%, 6, 0, 7, 155.88
1734637846, 61, 10, 37, 0, 0, 0.17%, 6, 0, 7, 154.72
1734637851, 61, 12, 37, 0, 0, 0.17%, 6, 0, 7, 142.99
1734637862, 61, 23, 37, 0, 0, 0.17%, 6, 0, 7, 141.98
1734637867, 61, 24, 37, 0, 0, 0.17%, 6, 0, 7, 153.35
1734637872, 61, 34, 37, 0, 0, 0.17%, 6, 0, 7, 146.77
1734637887, 62, 6, 37, 0, 0, 0.17%, 6, 0, 7, 148.85
1734637893, 62, 12, 37, 0, 0, 0.17%, 6, 0, 7, 149.88
1734637903, 62, 15, 37, 0, 0, 0.17%, 6, 0, 7, 150.30
1734637908, 62, 23, 37, 0, 0, 0.17%, 6, 0, 7, 143.07
1734637913, 62, 24, 37, 0, 0, 0.17%, 6, 0, 7, 152.56
1734637923, 62, 30, 37, 0, 0, 0.17%, 6, 0, 7, 161.85
1734637928, 63, 10, 37, 0, 0, 0.17%, 6, 0, 7, 145.51
1734637934, 63, 12, 37, 0, 0, 0.17%, 6, 0, 7, 143.77
1734637939, 63, 21, 37, 0, 0, 0.17%, 6, 0, 7, 153.36
1734637949, 63, 23, 37, 0, 0, 0.17%, 6, 0, 7, 141.78
1734637954, 63, 24, 37, 0, 0, 0.17%, 6, 0, 7, 147.14
1734637964, 64, 11, 37, 0, 0, 0.17%, 6, 0, 7, 152.98
1734637969, 64, 12, 37, 0, 0, 0.17%, 6, 0, 7, 144.53
1734637975, 64, 17, 37, 0, 0, 0.17%, 6, 0, 7, 159.44
1734637980, 64, 23, 37, 0, 0, 0.17%, 6, 0, 7, 146.00
1734637990, 64, 24, 37, 0, 0, 0.17%, 6, 0, 7, 145.18
1734637995, 65, 10, 37, 0, 0, 0.17%, 6, 0, 7, 146.42
1734638000, 65, 12, 37, 0, 0, 0.17%, 6, 0, 7, 140.31
1734638005, 65, 23, 37, 0, 0, 0.17%, 6, 0, 7, 145.85
1734638015, 65, 24, 37, 0, 0, 0.17%, 6, 0, 7, 153.94
1734638020, 66, 8, 37, 0, 0, 0.17%, 6, 0, 7, 151.42
1734638025, 66, 11, 37, 0, 0, 0.17%, 6, 0, 7, 147.69
1734638031, 66, 12, 37, 0, 0, 0.17%, 6, 0, 7, 151.09
1734638036, 66, 16, 37, 0, 0, 0.17%, 6, 0, 7, 155.77
1734638051, 66, 23, 37, 0, 0, 0.17%, 6, 0, 7, 156.67
1734638061, 66, 24, 37, 0, 0, 0.17%, 6, 0, 7, 152.87
1734638066, 67, 10, 37, 0, 0, 0.17%, 6, 0, 7, 147.80
1734638071, 67, 12, 37, 0, 0, 0.17%, 6, 0, 7, 152.42
1734638081, 67, 23, 37, 0, 0, 0.17%, 6, 0, 7, 149.89
1734638086, 67, 24, 37, 0, 0, 0.17%, 6, 0, 7, 157.57
1734638096, 67, 31, 37, 0, 0, 0.17%, 6, 0, 7, 156.85
1734638107, 68, 10, 37, 0, 0, 0.17%, 6, 0, 7, 152.21
1734638112, 68, 12, 37, 0, 0, 0.17%, 6, 0, 7, 144.44
1734638122, 68, 23, 37, 0, 0, 0.17%, 6, 0, 7, 138.48
1734638127, 68, 24, 37, 0, 0, 0.17%, 6, 0, 7, 150.87
1734638132, 69, 10, 37, 0, 0, 0.17%, 6, 0, 7, 153.08
1734638137, 69, 12, 37, 0, 0, 0.17%, 6, 0, 7, 147.54
1734638148, 69, 21, 37, 0, 0, 0.17%, 6, 0, 7, 159.42
1734638153, 69, 23, 37, 0, 0, 0.17%, 6, 0, 7, 146.92
1734638163, 69, 24, 37, 0, 0, 0.17%, 6, 0, 7, 165.68
1734638168, 69, 33, 37, 0, 0, 0.17%, 6, 0, 7, 170.58
1734638183, 70, 11, 37, 0, 0, 0.17%, 6, 0, 7, 150.47
1734638188, 70, 12, 37, 0, 0, 0.17%, 6, 0, 7, 152.33
1734638193, 70, 23, 37, 0, 0, 0.17%, 6, 0, 7, 142.60
1734638204, 70, 24, 37, 0, 0, 0.17%, 6, 0, 7, 144.02
1734638209, 71, 9, 37, 0, 0, 0.17%, 6, 0, 7, 143.70
1734638214, 71, 11, 37, 0, 0, 0.17%, 6, 0, 7, 148.61
1734638219, 71, 12, 37, 0, 0, 0.17%, 6, 0, 7, 157.91
1734638224, 71, 13, 37, 0, 0, 0.17%, 6, 0, 7, 156.44
1734638229, 71, 23, 37, 0, 0, 0.17%, 6, 0, 7, 149.07
1734638234, 71, 24, 37, 0, 0, 0.17%, 6, 0, 7, 155.01
1734638244, 71, 27, 37, 0, 0, 0.17%, 6, 0, 7, 157.97
1734638250, 71, 31, 37, 0, 0, 0.17%, 6, 0, 7, 163.56
1734638255, 72, 10, 37, 0, 0, 0.17%, 6, 0, 7, 146.70
1734638260, 72, 12, 37, 0, 0, 0.17%, 6, 0, 7, 144.87
1734638270, 72, 23, 37, 0, 0, 0.17%, 6, 0, 7, 154.03
1734638275, 72, 24, 37, 0, 0, 0.17%, 6, 0, 7, 161.48
1734638280, 73, 8, 37, 0, 0, 0.17%, 6, 0, 7, 152.21
1734638285, 73, 11, 37, 0, 0, 0.17%, 6, 0, 7, 147.74
1734638290, 73, 12, 37, 0, 0, 0.17%, 6, 0, 7, 141.65
1734638296, 73, 23, 37, 0, 0, 0.17%, 6, 0, 7, 147.53
1734638306, 73, 24, 37, 0, 0, 0.17%, 6, 0, 7, 143.07
1734638311, 73, 34, 37, 0, 0, 0.17%, 6, 0, 7, 150.55
1734638316, 74, 10, 37, 0, 0, 0.17%, 6, 0, 7, 144.04
1734638321, 74, 12, 37, 0, 0, 0.17%, 6, 0, 7, 142.15
1734638332, 74, 13, 37, 0, 0, 0.17%, 6, 0, 7, 155.44
1734638337, 74, 23, 37, 0, 0, 0.17%, 6, 0, 7, 142.11
1734638342, 74, 24, 37, 0, 0, 0.17%, 6, 0, 7, 149.76
1734638352, 74, 33, 37, 0, 0, 0.17%, 6, 0, 7, 147.84
1734638357, 75, 11, 37, 0, 0, 0.17%, 6, 0, 7, 149.33
1734638362, 75, 12, 37, 0, 0, 0.17%, 6, 0, 7, 146.31
1734638367, 75, 23, 37, 0, 0, 0.17%, 6, 0, 7, 156.61
1734638378, 75, 24, 37, 0, 0, 0.17%, 6, 0, 7, 153.91
1734638383, 76, 0, 37, 0, 0, 0.17%, 6, 0, 7, 144.42
1734638388, 76, 11, 37, 0, 0, 0.17%, 6, 0, 7, 148.76
1734638393, 76, 12, 37, 0, 0, 0.17%, 6, 0, 7, 152.17
1734638398, 76, 23, 37, 0, 0, 0.17%, 6, 0, 7, 151.06
1734638408, 76, 24, 37, 0, 0, 0.17%, 6, 0, 7, 152.16
1734638413, 76, 26, 37, 0, 0, 0.17%, 6, 0, 7, 154.33
1734638419, 76, 35, 37, 0, 0, 0.17%, 6, 0, 7, 148.35
1734638434, 77, 10, 37, 0, 0, 0.17%, 6, 0, 7, 143.01
1734638439, 77, 12, 37, 0, 0, 0.17%, 6, 0, 7, 144.41
1734638444, 77, 23, 37, 0, 0, 0.17%, 6, 0, 7, 156.13
1734638454, 77, 24, 37, 0, 0, 0.17%, 6, 0, 7, 150.69
1734638460, 77, 35, 37, 0, 0, 0.17%, 6, 0, 7, 151.23
1734638470, 78, 11, 37, 0, 0, 0.17%, 6, 0, 7, 147.90
1734638475, 78, 12, 37, 0, 0, 0.17%, 6, 0, 7, 139.84
1734638480, 78, 13, 37, 0, 0, 0.17%, 6, 0, 7, 148.96
1734638485, 78, 15, 37, 0, 0, 0.17%, 6, 0, 7, 144.77
1734638490, 78, 23, 37, 0, 0, 0.17%, 6, 0, 7, 148.65
1734638495, 78, 24, 37, 0, 0, 0.17%, 6, 0, 7, 150.97
1734638506, 79, 11, 37, 0, 0, 0.17%, 6, 0, 7, 146.13
1734638511, 79, 12, 37, 0, 0, 0.17%, 6, 0, 7, 150.16
1734638516, 79, 23, 37, 0, 0, 0.17%, 6, 0, 7, 159.13
1734638521, 79, 24, 37, 0, 0, 0.17%, 6, 0, 7, 151.04
1734638531, 79, 35, 37, 0, 0, 0.17%, 6, 0, 7, 162.31
1734638536, 80, 10, 37, 0, 0, 0.17%, 6, 0, 7, 154.07
1734638541, 80, 12, 37, 0, 0, 0.17%, 6, 0, 7, 142.90
1734638547, 80, 23, 37, 0, 0, 0.17%, 6, 0, 7, 156.71
1734638557, 80, 24, 37, 0, 0, 0.17%, 6, 0, 7, 150.92
1734638562, 80, 25, 37, 0, 0, 0.17%, 6, 0, 7, 151.67
1734638572, 80, 32, 37, 0, 0, 0.17%, 6, 0, 7, 167.76
1734638582, 81, 10, 37, 0, 0, 0.17%, 6, 0, 7, 155.73
1734638587, 81, 12, 37, 0, 0, 0.17%, 6, 0, 7, 150.77
1734638597, 81, 19, 37, 0, 0, 0.17%, 6, 0, 7, 163.92
1734638602, 81, 22, 37, 0, 0, 0.17%, 6, 0, 7, 166.44
1734638617, 81, 23, 37, 0, 0, 0.17%, 6, 0, 7, 155.51
1734638622, 81, 24, 37, 0, 0, 0.17%, 6, 0, 7, 155.20
1734638628, 82, 10, 37, 0, 0, 0.17%, 6, 0, 7, 152.09
1734638633, 82, 12, 37, 0, 0, 0.17%, 6, 0, 7, 149.04
1734638643, 82, 23, 37, 0, 0, 0.17%, 6, 0, 7, 144.32
1734638648, 82, 24, 37, 0, 0, 0.17%, 6, 0, 7, 143.55
1734638658, 83, 12, 37, 0, 0, 0.17%, 6, 0, 7, 150.93
1734638669, 83, 23, 37, 0, 0, 0.17%, 6, 0, 7, 156.24
1734638674, 83, 24, 37, 0, 0, 0.17%, 6, 0, 7, 151.81
1734638684, 84, 12, 37, 0, 0, 0.17%, 6, 0, 7, 152.03
1734638694, 84, 23, 37, 0, 0, 0.17%, 6, 0, 7, 145.06
1734638699, 84, 24, 37, 0, 0, 0.17%, 6, 0, 7, 148.11
1734638710, 84, 28, 37, 0, 0, 0.17%, 6, 0, 7, 142.38
1734638715, 85, 12, 37, 0, 0, 0.17%, 6, 0, 7, 144.05
1734638725, 85, 23, 37, 0, 0, 0.17%, 6, 0, 7, 151.90
1734638730, 85, 24, 37, 0, 0, 0.17%, 6, 0, 7, 150.95
1734638740, 85, 33, 37, 0, 0, 0.17%, 6, 0, 7, 160.02
1734638745, 86, 11, 37, 0, 0, 0.17%, 6, 0, 7, 151.29
1734638750, 86, 12, 37, 0, 0, 0.17%, 6, 0, 7, 149.32
1734638756, 86, 22, 37, 0, 0, 0.17%, 6, 0, 7, 166.14
1734638766, 86, 23, 37, 0, 0, 0.17%, 6, 0, 7, 148.60
1734638771, 86, 24, 37, 0, 0, 0.17%, 6, 0, 7, 153.34
1734638776, 87, 0, 37, 0, 0, 0.17%, 6, 0, 7, 148.70
1734638781, 87, 10, 37, 0, 0, 0.17%, 6, 0, 7, 148.13
1734638786, 87, 12, 37, 0, 0, 0.17%, 6, 0, 7, 141.73
1734638796, 87, 23, 37, 0, 0, 0.17%, 6, 0, 7, 147.39
1734638806, 87, 24, 37, 0, 0, 0.17%, 6, 0, 7, 155.02
1734638811, 87, 29, 37, 0, 0, 0.17%, 6, 0, 7, 158.29
1734638816, 88, 1, 37, 0, 0, 0.17%, 6, 0, 7, 148.85
1734638822, 88, 12, 37, 0, 0, 0.17%, 6, 0, 7, 145.79
1734638832, 88, 15, 37, 0, 0, 0.17%, 6, 0, 7, 146.98
1734638837, 88, 23, 37, 0, 0, 0.17%, 6, 0, 7, 150.96
1734638842, 88, 24, 37, 0, 0, 0.17%, 6, 0, 7, 160.25
1734638852, 88, 36, 37, 0, 0, 0.17%, 6, 0, 7, 176.70
1734638862, 89, 10, 37, 0, 0, 0.17%, 6, 0, 7, 145.75
1734638867, 89, 12, 37, 0, 0, 0.17%, 6, 0, 7, 146.46
1734638878, 89, 23, 37, 0, 0, 0.17%, 6, 0, 7, 150.84
1734638883, 89, 24, 37, 0, 0, 0.17%, 6, 0, 7, 158.49
1734638888, 89, 31, 37, 0, 0, 0.17%, 6, 0, 7, 160.73
1734638898, 90, 11, 37, 0, 0, 0.17%, 6, 0, 7, 150.87
1734638903, 90, 12, 37, 0, 0, 0.17%, 6, 0, 7, 145.43
1734638909, 90, 17, 37, 0, 0, 0.17%, 6, 0, 7, 156.54
1734638914, 90, 19, 37, 0, 0, 0.17%, 6, 0, 7, 174.68
1734638919, 90, 20, 37, 0, 0, 0.17%, 6, 0, 7, 162.33
1734638929, 90, 23, 37, 0, 0, 0.17%, 6, 0, 7, 147.45
1734638934, 90, 24, 37, 0, 0, 0.17%, 6, 0, 7, 148.48
1734638944, 90, 32, 37, 0, 0, 0.17%, 6, 0, 7, 166.12
1734638954, 91, 10, 37, 0, 0, 0.17%, 6, 0, 7, 141.31
1734638959, 91, 12, 37, 0, 0, 0.17%, 6, 0, 7, 143.03
1734638970, 91, 23, 37, 0, 0, 0.17%, 6, 0, 7, 145.24
1734638975, 91, 24, 37, 0, 0, 0.17%, 6, 0, 7, 143.70
1734638985, 91, 25, 37, 0, 0, 0.17%, 6, 0, 7, 164.52
1734638990, 91, 34, 37, 0, 0, 0.17%, 6, 0, 7, 160.64
1734638995, 92, 0, 37, 0, 0, 0.17%, 6, 0, 7, 141.73
1734639001, 92, 11, 37, 0, 0, 0.17%, 6, 0, 7, 139.53
1734639006, 92, 12, 37, 0, 0, 0.17%, 6, 0, 7, 155.92
1734639011, 92, 15, 37, 0, 0, 0.17%, 6, 0, 7, 150.74
1734639016, 92, 23, 37, 0, 0, 0.17%, 6, 0, 7, 151.36
1734639021, 92, 24, 37, 0, 0, 0.17%, 6, 0, 7, 157.57
1734639031, 93, 10, 37, 0, 0, 0.17%, 6, 0, 7, 146.03
1734639036, 93, 12, 37, 0, 0, 0.17%, 6, 0, 7, 146.36
1734639047, 93, 23, 37, 0, 0, 0.17%, 6, 0, 7, 152.79
1734639052, 93, 24, 37, 0, 0, 0.17%, 6, 0, 7, 158.62
1734639062, 94, 10, 37, 0, 0, 0.17%, 6, 0, 7, 159.02
1734639067, 94, 12, 37, 0, 0, 0.17%, 6, 0, 7, 149.96
1734639077, 94, 23, 37, 0, 0, 0.17%, 6, 0, 7, 152.71
1734639082, 94, 24, 37, 0, 0, 0.17%, 6, 0, 7, 150.46
1734639092, 95, 11, 37, 0, 0, 0.17%, 6, 0, 7, 152.28
1734639098, 95, 12, 37, 0, 0, 0.17%, 6, 0, 7, 139.04
1734639103, 95, 18, 37, 0, 0, 0.17%, 6, 0, 7, 153.85
1734639113, 95, 22, 37, 0, 0, 0.17%, 6, 0, 7, 160.23
1734639118, 95, 23, 37, 0, 0, 0.17%, 6, 0, 7, 152.07
1734639128, 95, 24, 37, 0, 0, 0.17%, 6, 0, 7, 150.93
1734639133, 96, 10, 37, 0, 0, 0.17%, 6, 0, 7, 148.96
1734639138, 96, 12, 37, 0, 0, 0.17%, 6, 0, 7, 138.41
1734639143, 96, 23, 37, 0, 0, 0.17%, 6, 0, 7, 151.39
1734639153, 96, 24, 37, 0, 0, 0.17%, 6, 0, 7, 158.94
1734639159, 97, 2, 37, 0, 0, 0.17%, 6, 0, 7, 153.08
1734639164, 97, 9, 37, 0, 0, 0.17%, 6, 0, 7, 157.65
1734639169, 97, 12, 37, 0, 0, 0.17%, 6, 0, 7, 142.32
1734639179, 97, 23, 37, 0, 0, 0.17%, 6, 0, 7, 154.83
1734639184, 97, 24, 37, 0, 0, 0.17%, 6, 0, 7, 150.10
1734639194, 97, 35, 37, 0, 0, 0.17%, 6, 0, 7, 154.64
1734639199, 98, 10, 37, 0, 0, 0.17%, 6, 0, 7, 155.26
1734639204, 98, 12, 37, 0, 0, 0.17%, 6, 0, 7, 140.42
1734639215, 98, 23, 37, 0, 0, 0.17%, 6, 0, 7, 144.44
1734639220, 98, 24, 37, 0, 0, 0.17%, 6, 0, 7, 151.18
1734639230, 99, 10, 37, 0, 0, 0.17%, 6, 0, 7, 144.68
1734639235, 99, 12, 37, 0, 0, 0.17%, 6, 0, 7, 144.29
1734639245, 99, 23, 37, 0, 0, 0.17%, 6, 0, 7, 153.11
1734639251, 99, 24, 37, 0, 0, 0.17%, 6, 0, 7, 152.79
1734639261, 100, 12, 37, 0, 0, 0.17%, 6, 0, 7, 145.34
1734639271, 100, 16, 37, 0, 0, 0.17%, 6, 0, 7, 158.06
1734639281, 100, 23, 37, 0, 0, 0.17%, 6, 0, 7, 154.21
1734639286, 100, 24, 37, 0, 0, 0.17%, 6, 0, 7, 151.35
1734639291, 101, 10, 37, 0, 0, 0.17%, 6, 0, 7, 161.83
1734639296, 101, 12, 37, 0, 0, 0.17%, 6, 0, 7, 151.05
1734639306, 101, 23, 37, 0, 0, 0.17%, 6, 0, 7, 155.44
1734639311, 101, 24, 37, 0, 0, 0.17%, 6, 0, 7, 148.82
1734639322, 101, 36, 37, 0, 0, 0.17%, 6, 0, 7, 158.26
1734639327, 102, 11, 37, 0, 0, 0.17%, 6, 0, 7, 151.49
1734639332, 102, 12, 37, 0, 0, 0.17%, 6, 0, 7, 151.45
1734639337, 102, 23, 37, 0, 0, 0.17%, 6, 0, 7, 141.74
1734639347, 102, 24, 37, 0, 0, 0.17%, 6, 0, 7, 153.61
1734639352, 102, 25, 37, 0, 0, 0.17%, 6, 0, 7, 163.00
1734639357, 103, 10, 37, 0, 0, 0.17%, 6, 0, 7, 157.16
1734639362, 103, 12, 37, 0, 0, 0.17%, 6, 0, 7, 147.29
1734639373, 103, 21, 37, 0, 0, 0.17%, 6, 0, 7, 150.90
1734639378, 103, 23, 37, 0, 0, 0.17%, 6, 0, 7, 149.35
1734639383, 103, 24, 37, 0, 0, 0.17%, 6, 0, 7, 154.99
1734639393, 104, 10, 37, 0, 0, 0.17%, 6, 0, 7, 145.75
1734639398, 104, 12, 37, 0, 0, 0.17%, 6, 0, 7, 146.05
1734639408, 104, 23, 37, 0, 0, 0.17%, 6, 0, 7, 151.43
1734639414, 104, 24, 37, 0, 0, 0.17%, 6, 0, 7, 147.77
1734639424, 104, 34, 37, 0, 0, 0.17%, 6, 0, 7, 158.86
1734639429, 105, 10, 37, 0, 0, 0.17%, 6, 0, 7, 145.92
1734639434, 105, 12, 37, 0, 0, 0.17%, 6, 0, 7, 143.06
1734639444, 105, 23, 37, 0, 0, 0.17%, 6, 0, 7, 146.27
1734639449, 105, 24, 37, 0, 0, 0.17%, 6, 0, 7, 146.86
1734639455, 105, 25, 37, 0, 0, 0.17%, 6, 0, 7, 166.19
1734639465, 106, 11, 37, 0, 0, 0.17%, 6, 0, 7, 148.16
1734639470, 106, 12, 37, 0, 0, 0.17%, 6, 0, 7, 147.96
1734639475, 106, 16, 37, 0, 0, 0.17%, 6, 0, 7, 155.67
1734639480, 106, 23, 37, 0, 0, 0.17%, 6, 0, 7, 154.77
1734639485, 106, 24, 37, 0, 0, 0.17%, 6, 0, 7, 153.41
1734639496, 106, 34, 37, 0, 0, 0.17%, 6, 0, 7, 153.16
1734639501, 107, 4, 37, 0, 0, 0.17%, 6, 0, 7, 156.01
1734639506, 107, 11, 37, 0, 0, 0.17%, 6, 0, 7, 153.25
1734639511, 107, 12, 37, 0, 0, 0.17%, 6, 0, 7, 143.02
1734639516, 107, 23, 37, 0, 0, 0.17%, 6, 0, 7, 153.49
1734639521, 107, 24, 37, 0, 0, 0.17%, 6, 0, 7, 153.43
1734639531, 108, 10, 37, 0, 0, 0.17%, 6, 0, 7, 151.15
1734639536, 108, 12, 37, 0, 0, 0.17%, 6, 0, 7, 149.66
1734639547, 108, 23, 37, 0, 0, 0.17%, 6, 0, 7, 147.27
1734639552, 108, 24, 37, 0, 0, 0.17%, 6, 0, 7, 158.57
1734639557, 108, 25, 37, 0, 0, 0.17%, 6, 0, 7, 153.06
1734639567, 109, 10, 37, 0, 0, 0.17%, 6, 0, 7, 153.26
1734639572, 109, 12, 37, 0, 0, 0.17%, 6, 0, 7, 144.15
1734639577, 109, 23, 37, 0, 0, 0.17%, 6, 0, 7, 151.74
1734639588, 109, 24, 37, 0, 0, 0.17%, 6, 0, 7, 157.53
1734639593, 110, 10, 37, 0, 0, 0.17%, 6, 0, 7, 156.20
1734639598, 110, 12, 37, 0, 0, 0.17%, 6, 0, 7, 140.98
1734639603, 110, 20, 37, 0, 0, 0.17%, 6, 0, 7, 150.55
1734639613, 110, 23, 37, 0, 0, 0.17%, 6, 0, 7, 148.15
1734639618, 110, 24, 37, 0, 0, 0.17%, 6, 0, 7, 159.71
1734639623, 111, 10, 37, 0, 0, 0.17%, 6, 0, 7, 161.16
1734639628, 111, 12, 37, 0, 0, 0.17%, 6, 0, 7, 149.29
1734639639, 111, 23, 37, 0, 0, 0.17%, 6, 0, 7, 159.35
1734639644, 111, 24, 37, 0, 0, 0.17%, 6, 0, 7, 152.06
1734639654, 112, 11, 37, 0, 0, 0.17%, 6, 0, 7, 147.04
1734639659, 112, 12, 37, 0, 0, 0.17%, 6, 0, 7, 139.19
1734639664, 112, 22, 37, 0, 0, 0.17%, 6, 0, 7, 152.22
1734639675, 112, 23, 37, 0, 0, 0.17%, 6, 0, 7, 148.72
1734639680, 112, 24, 37, 0, 0, 0.17%, 6, 0, 7, 155.93
1734639685, 112, 28, 37, 0, 0, 0.17%, 6, 0, 7, 146.20
1734639690, 113, 10, 37, 0, 0, 0.17%, 6, 0, 7, 155.46
1734639695, 113, 12, 37, 0, 0, 0.17%, 6, 0, 7, 142.72
1734639705, 113, 23, 37, 0, 0, 0.17%, 6, 0, 7, 150.83
1734639710, 113, 24, 37, 0, 0, 0.17%, 6, 0, 7, 147.45
1734639721, 113, 26, 37, 0, 0, 0.17%, 6, 0, 7, 146.42
1734639726, 114, 10, 37, 0, 0, 0.17%, 6, 0, 7, 149.72
1734639731, 114, 12, 37, 0, 0, 0.17%, 6, 0, 7, 146.10
1734639736, 114, 23, 37, 0, 0, 0.17%, 6, 0, 7, 154.82
1734639746, 114, 24, 37, 0, 0, 0.17%, 6, 0, 7, 157.80
1734639751, 115, 10, 37, 0, 0, 0.17%, 6, 0, 7, 154.28
1734639756, 115, 12, 37, 0, 0, 0.17%, 6, 0, 7, 141.12
1734639761, 115, 23, 37, 0, 0, 0.17%, 6, 0, 7, 161.85
1734639772, 115, 24, 37, 0, 0, 0.17%, 6, 0, 7, 145.15
1734639777, 115, 35, 37, 0, 0, 0.17%, 6, 0, 7, 158.67
1734639787, 116, 10, 37, 0, 0, 0.17%, 6, 0, 7, 148.11
1734639792, 116, 12, 37, 0, 0, 0.17%, 6, 0, 7, 145.09
1734639802, 116, 13, 37, 0, 0, 0.17%, 6, 0, 7, 148.94
1734639807, 116, 23, 37, 0, 0, 0.17%, 6, 0, 7, 149.93
1734639812, 116, 24, 37, 0, 0, 0.17%, 6, 0, 7, 152.68
1734639822, 117, 12, 37, 0, 0, 0.17%, 6, 0, 7, 137.13
1734639833, 117, 22, 37, 0, 0, 0.17%, 6, 0, 7, 151.08
1734639838, 117, 23, 37, 0, 0, 0.17%, 6, 0, 7, 157.15
1734639848, 117, 24, 37, 0, 0, 0.17%, 6, 0, 7, 142.92
1734639853, 118, 8, 37, 0, 0, 0.17%, 6, 0, 7, 151.91
1734639858, 118, 12, 37, 0, 0, 0.17%, 6, 0, 7, 143.08
1734639869, 118, 23, 37, 0, 0, 0.17%, 6, 0, 7, 144.86
1734639874, 118, 24, 37, 0, 0, 0.17%, 6, 0, 7, 152.58
1734639884, 118, 29, 37, 0, 0, 0.17%, 6, 0, 7, 156.98
1734639889, 119, 11, 37, 0, 0, 0.17%, 6, 0, 7, 149.90
1734639894, 119, 12, 37, 0, 0, 0.17%, 6, 0, 7, 143.09
1734639899, 119, 23, 37, 0, 0, 0.17%, 6, 0, 7, 154.75
1734639909, 119, 24, 37, 0, 0, 0.17%, 6, 0, 7, 146.54
1734639915, 120, 10, 37, 0, 0, 0.17%, 6, 0, 7, 150.47
1734639920, 120, 12, 37, 0, 0, 0.17%, 6, 0, 7, 145.96
1734639930, 120, 23, 37, 0, 0, 0.17%, 6, 0, 7, 151.53
1734639940, 120, 24, 37, 0, 0, 0.17%, 6, 0, 7, 150.95
1734639945, 121, 10, 37, 0, 0, 0.17%, 6, 0, 7, 145.63
1734639950, 121, 12, 37, 0, 0, 0.17%, 6, 0, 7, 142.06
1734639960, 121, 13, 37, 0, 0, 0.17%, 6, 0, 7, 155.64
1734639965, 121, 23, 37, 0, 0, 0.17%, 6, 0, 7, 146.41
1734639971, 121, 24, 37, 0, 0, 0.17%, 6, 0, 7, 151.49
1734639981, 122, 10, 37, 0, 0, 0.17%, 6, 0, 7, 152.75
1734639986, 122, 12, 37, 0, 0, 0.17%, 6, 0, 7, 140.96
1734639996, 122, 13, 37, 0, 0, 0.17%, 6, 0, 7, 148.93
1734640001, 122, 17, 37, 0, 0, 0.17%, 6, 0, 7, 159.22
1734640006, 122, 23, 37, 0, 0, 0.17%, 6, 0, 7, 158.11
1734640011, 122, 24, 37, 0, 0, 0.17%, 6, 0, 7, 162.83
1734640016, 122, 27, 37, 0, 0, 0.17%, 6, 0, 7, 145.25
1734640022, 123, 10, 37, 0, 0, 0.17%, 6, 0, 7, 147.65
1734640027, 123, 12, 37, 0, 0, 0.17%, 6, 0, 7, 146.77
1734640037, 123, 22, 37, 0, 0, 0.17%, 6, 0, 7, 163.70
1734640042, 123, 23, 37, 0, 0, 0.17%, 6, 0, 7, 151.02
1734640052, 123, 24, 37, 0, 0, 0.17%, 6, 0, 7, 156.90
1734640057, 123, 31, 37, 0, 0, 0.17%, 6, 0, 7, 158.57
1734640062, 123, 32, 37, 0, 0, 0.17%, 6, 0, 7, 156.61
1734640072, 124, 11, 37, 0, 0, 0.17%, 6, 0, 7, 147.70
1734640077, 124, 12, 37, 0, 0, 0.17%, 6, 0, 7, 148.13
1734640083, 124, 20, 37, 0, 0, 0.17%, 6, 0, 7, 158.30
1734640088, 124, 23, 37, 0, 0, 0.17%, 6, 0, 7, 155.70
1734640098, 124, 24, 37, 0, 0, 0.17%, 6, 0, 7, 158.56
1734640103, 125, 10, 37, 0, 0, 0.17%, 6, 0, 7, 152.22
1734640108, 125, 12, 37, 0, 0, 0.17%, 6, 0, 7, 147.09
1734640113, 125, 23, 37, 0, 0, 0.17%, 6, 0, 7, 154.64
1734640123, 125, 24, 37, 0, 0, 0.17%, 6, 0, 7, 152.37
1734640128, 126, 3, 37, 0, 0, 0.17%, 6, 0, 7, 144.34
1734640133, 126, 10, 37, 0, 0, 0.17%, 6, 0, 7, 146.21
1734640139, 126, 12, 37, 0, 0, 0.17%, 6, 0, 7, 145.54
1734640149, 126, 23, 37, 0, 0, 0.17%, 6, 0, 7, 154.39
1734640159, 126, 24, 37, 0, 0, 0.17%, 6, 0, 7, 145.04
1734640164, 127, 1, 37, 0, 0, 0.17%, 6, 0, 7, 153.04
1734640169, 127, 12, 37, 0, 0, 0.17%, 6, 0, 7, 151.72
1734640180, 127, 23, 37, 0, 0, 0.17%, 6, 0, 7, 142.68
1734640190, 127, 24, 37, 0, 0, 0.17%, 6, 0, 7, 148.40
1734640195, 128, 4, 37, 0, 0, 0.17%, 6, 0, 7, 146.98
1734640200, 128, 10, 37, 0, 0, 0.17%, 6, 0, 7, 146.52
1734640205, 128, 12, 37, 0, 0, 0.17%, 6, 0, 7, 142.85
1734640211, 128, 13, 37, 0, 0, 0.17%, 6, 0, 7, 145.96
1734640216, 128, 22, 37, 0, 0, 0.17%, 6, 0, 7, 156.90
1734640226, 128, 23, 37, 0, 0, 0.17%, 6, 0, 7, 150.55
1734640231, 128, 24, 37, 0, 0, 0.17%, 6, 0, 7, 145.82
1734640241, 129, 12, 37, 0, 0, 0.17%, 6, 0, 7, 146.62
1734640252, 129, 18, 37, 0, 0, 0.17%, 6, 0, 7, 150.69
1734640257, 129, 23, 37, 0, 0, 0.17%, 6, 0, 7, 144.54
1734640267, 129, 24, 37, 0, 0, 0.17%, 6, 0, 7, 155.07
1734640272, 130, 10, 37, 0, 0, 0.17%, 6, 0, 7, 149.12
1734640277, 130, 12, 37, 0, 0, 0.17%, 6, 0, 7, 145.32
1734640287, 130, 23, 37, 0, 0, 0.17%, 6, 0, 7, 153.14
1734640292, 130, 24, 37, 0, 0, 0.17%, 6, 0, 7, 148.10
1734640303, 131, 11, 37, 0, 0, 0.17%, 6, 0, 7, 145.85
1734640308, 131, 12, 37, 0, 0, 0.17%, 6, 0, 7, 144.00
1734640313, 131, 14, 37, 0, 0, 0.17%, 6, 0, 7, 149.52
1734640318, 131, 15, 37, 0, 0, 0.17%, 6, 0, 7, 147.21
1734640323, 131, 21, 37, 0, 0, 0.17%, 6, 0, 7, 149.07
1734640328, 131, 23, 37, 0, 0, 0.17%, 6, 0, 7, 151.84
1734640338, 131, 24, 37, 0, 0, 0.17%, 6, 0, 7, 158.51
1734640343, 131, 25, 37, 0, 0, 0.17%, 6, 0, 7, 157.09
1734640349, 131, 36, 37, 0, 0, 0.17%, 6, 0, 7, 153.94
1734640359, 132, 11, 37, 0, 0, 0.17%, 6, 0, 7, 148.84
1734640364, 132, 12, 37, 0, 0, 0.17%, 6, 0, 7, 139.99
1734640369, 132, 18, 37, 0, 0, 0.17%, 6, 0, 7, 149.53
1734640379, 132, 23, 37, 0, 0, 0.17%, 6, 0, 7, 146.80
1734640384, 132, 24, 37, 0, 0, 0.17%, 6, 0, 7, 152.28
1734640389, 133, 9, 37, 0, 0, 0.17%, 6, 0, 7, 147.51
1734640395, 133, 11, 37, 0, 0, 0.17%, 6, 0, 7, 146.35
1734640400, 133, 12, 37, 0, 0, 0.17%, 6, 0, 7, 149.44
1734640405, 133, 23, 37, 0, 0, 0.17%, 6, 0, 7, 149.34
1734640415, 133, 24, 37, 0, 0, 0.17%, 6, 0, 7, 148.51
1734640421, 134, 7, 37, 0, 0, 0.17%, 6, 0, 7, 145.09
1734640426, 134, 11, 37, 0, 0, 0.17%, 6, 0, 7, 147.80
1734640431, 134, 12, 37, 0, 0, 0.17%, 6, 0, 7, 148.80
1734640436, 134, 23, 37, 0, 0, 0.17%, 6, 0, 7, 152.37
1734640446, 134, 24, 37, 0, 0, 0.17%, 6, 0, 7, 145.45
1734640451, 134, 34, 37, 0, 0, 0.17%, 6, 0, 7, 153.85
1734640456, 135, 10, 37, 0, 0, 0.17%, 6, 0, 7, 157.21
1734640461, 135, 12, 37, 0, 0, 0.17%, 6, 0, 7, 145.13
1734640472, 135, 23, 37, 0, 0, 0.17%, 6, 0, 7, 139.31
1734640477, 135, 24, 37, 0, 0, 0.17%, 6, 0, 7, 141.44
1734640487, 136, 3, 37, 0, 0, 0.17%, 6, 0, 7, 153.35
1734640492, 136, 10, 37, 0, 0, 0.17%, 6, 0, 7, 145.96
1734640498, 136, 12, 37, 0, 0, 0.17%, 6, 0, 7, 142.94
1734640508, 136, 23, 37, 0, 0, 0.17%, 6, 0, 7, 152.74
1734640513, 136, 24, 37, 0, 0, 0.17%, 6, 0, 7, 152.69
1734640518, 136, 33, 37, 0, 0, 0.17%, 6, 0, 7, 158.57
1734640528, 137, 10, 37, 0, 0, 0.17%, 6, 0, 7, 149.99
1734640534, 137, 12, 37, 0, 0, 0.17%, 6, 0, 7, 142.99
1734640539, 137, 19, 37, 0, 0, 0.17%, 6, 0, 7, 147.42
1734640549, 137, 23, 37, 0, 0, 0.17%, 6, 0, 7, 146.19
1734640554, 137, 24, 37, 0, 0, 0.17%, 6, 0, 7, 149.21
1734640564, 138, 11, 37, 0, 0, 0.17%, 6, 0, 7, 148.96
1734640569, 138, 12, 37, 0, 0, 0.17%, 6, 0, 7, 142.76
1734640574, 138, 23, 37, 0, 0, 0.17%, 6, 0, 7, 150.49
1734640580, 138, 24, 37, 0, 0, 0.17%, 6, 0, 7, 145.92
1734640590, 138, 29, 37, 0, 0, 0.17%, 6, 0, 7, 158.89
1734640595, 139, 11, 37, 0, 0, 0.17%, 6, 0, 7, 154.60
1734640600, 139, 12, 37, 0, 0, 0.17%, 6, 0, 7, 153.29
1734640605, 139, 16, 37, 0, 0, 0.17%, 6, 0, 7, 150.80
1734640610, 139, 23, 37, 0, 0, 0.17%, 6, 0, 7, 146.26
1734640615, 139, 24, 37, 0, 0, 0.17%, 6, 0, 7, 149.90
1734640625, 140, 10, 37, 0, 0, 0.17%, 6, 0, 7, 145.09
1734640631, 140, 12, 37, 0, 0, 0.17%, 6, 0, 7, 143.78
1734640641, 140, 20, 37, 0, 0, 0.17%, 6, 0, 7, 147.62
1734640646, 140, 23, 37, 0, 0, 0.17%, 6, 0, 7, 157.35
1734640651, 140, 24, 37, 0, 0, 0.17%, 6, 0, 7, 150.67
1734640661, 141, 10, 37, 0, 0, 0.17%, 6, 0, 7, 152.18
1734640666, 141, 12, 37, 0, 0, 0.17%, 6, 0, 7, 146.23
1734640677, 141, 21, 37, 0, 0, 0.17%, 6, 0, 7, 150.23
1734640682, 141, 23, 37, 0, 0, 0.17%, 6, 0, 7, 147.56
1734640692, 141, 24, 37, 0, 0, 0.17%, 6, 0, 7, 155.87
1734640697, 141, 31, 37, 0, 0, 0.17%, 6, 0, 7, 162.87
1734640702, 142, 10, 37, 0, 0, 0.17%, 6, 0, 7, 152.42
1734640707, 142, 12, 37, 0, 0, 0.17%, 6, 0, 7, 146.84
1734640717, 142, 23, 37, 0, 0, 0.17%, 6, 0, 7, 144.84
1734640722, 142, 24, 37, 0, 0, 0.17%, 6, 0, 7, 147.97
1734640733, 143, 11, 37, 0, 0, 0.17%, 6, 0, 7, 149.72
1734640738, 143, 12, 37, 0, 0, 0.17%, 6, 0, 7, 139.03
1734640743, 143, 13, 37, 0, 0, 0.17%, 6, 0, 7, 148.05
1734640748, 143, 16, 37, 0, 0, 0.17%, 6, 0, 7, 150.04
1734640753, 143, 23, 37, 0, 0, 0.17%, 6, 0, 7, 147.43
1734640763, 143, 24, 37, 0, 0, 0.17%, 6, 0, 7, 142.71
1734640769, 143, 27, 37, 0, 0, 0.17%, 6, 0, 7, 144.94
1734640774, 144, 11, 37, 0, 0, 0.17%, 6, 0, 7, 138.34
1734640779, 144, 12, 37, 0, 0, 0.17%, 6, 0, 7, 147.11
1734640784, 144, 16, 37, 0, 0, 0.17%, 6, 0, 7, 155.68
1734640789, 144, 23, 37, 0, 0, 0.17%, 6, 0, 7, 144.68
1734640794, 144, 24, 37, 0, 0, 0.17%, 6, 0, 7, 141.99
1734640805, 145, 11, 37, 0, 0, 0.17%, 6, 0, 7, 144.67
1734640810, 145, 12, 37, 0, 0, 0.17%, 6, 0, 7, 140.64
1734640815, 145, 23, 37, 0, 0, 0.17%, 6, 0, 7, 148.83
1734640825, 145, 24, 37, 0, 0, 0.17%, 6, 0, 7, 144.44
1734640831, 146, 10, 37, 0, 0, 0.17%, 6, 0, 7, 148.66
1734640836, 146, 12, 37, 0, 0, 0.17%, 6, 0, 7, 144.22
1734640841, 146, 23, 37, 0, 0, 0.17%, 6, 0, 7, 154.00
1734640851, 146, 24, 37, 0, 0, 0.17%, 6, 0, 7, 146.70
1734640856, 147, 10, 37, 0, 0, 0.17%, 6, 0, 7, 148.33
1734640861, 147, 12, 37, 0, 0, 0.17%, 6, 0, 7, 148.16
1734640872, 147, 22, 37, 0, 0, 0.17%, 6, 0, 7, 152.12
1734640877, 147, 23, 37, 0, 0, 0.17%, 6, 0, 7, 151.87
1734640887, 147, 24, 37, 0, 0, 0.17%, 6, 0, 7, 157.60
1734640892, 148, 10, 37, 0, 0, 0.17%, 6, 0, 7, 157.50
1734640897, 148, 12, 37, 0, 0, 0.17%, 6, 0, 7, 147.36
1734640907, 148, 14, 37, 0, 0, 0.17%, 6, 0, 7, 138.34
1734640913, 148, 19, 37, 0, 0, 0.17%, 6, 0, 7, 154.22
1734640918, 148, 23, 37, 0, 0, 0.17%, 6, 0, 7, 149.09
1734640928, 148, 24, 37, 0, 0, 0.17%, 6, 0, 7, 154.96
1734640933, 148, 27, 37, 0, 0, 0.17%, 6, 0, 7, 153.57
1734640938, 148, 32, 37, 0, 0, 0.17%, 6, 0, 7, 154.54
1734640943, 149, 10, 37, 0, 0, 0.17%, 6, 0, 7, 147.86
1734640949, 149, 12, 37, 0, 0, 0.17%, 6, 0, 7, 146.85
1734640959, 149, 23, 37, 0, 0, 0.17%, 6, 0, 7, 152.49
1734640964, 149, 24, 37, 0, 0, 0.17%, 6, 0, 7, 150.20
1734640974, 149, 32, 37, 0, 0, 0.17%, 6, 0, 7, 159.38
1734640979, 150, 11, 37, 0, 0, 0.17%, 6, 0, 7, 154.91
1734640984, 150, 12, 37, 0, 0, 0.17%, 6, 0, 7, 144.81
1734640989, 150, 23, 37, 0, 0, 0.17%, 6, 0, 7, 157.11
1734640999, 150, 24, 37, 0, 0, 0.17%, 6, 0, 7, 152.81
1734641004, 151, 11, 37, 0, 0, 0.17%, 6, 0, 7, 153.08
1734641010, 151, 12, 37, 0, 0, 0.17%, 6, 0, 7, 150.58
1734641015, 151, 23, 37, 0, 0, 0.17%, 6, 0, 7, 143.18
1734641025, 151, 24, 37, 0, 0, 0.17%, 6, 0, 7, 151.48
1734641030, 152, 2, 37, 0, 0, 0.17%, 6, 0, 7, 153.08
1734641035, 152, 12, 37, 0, 0, 0.17%, 6, 0, 7, 146.15
1734641045, 152, 13, 37, 0, 0, 0.17%, 6, 0, 7, 147.31
1734641051, 152, 15, 37, 0, 0, 0.17%, 6, 0, 7, 149.34
1734641056, 152, 23, 37, 0, 0, 0.17%, 6, 0, 7, 146.75
1734641061, 152, 24, 37, 0, 0, 0.17%, 6, 0, 7, 147.29
1734641071, 152, 32, 37, 0, 0, 0.17%, 6, 0, 7, 162.56
1734641076, 153, 10, 37, 0, 0, 0.17%, 6, 0, 7, 153.05
1734641081, 153, 12, 37, 0, 0, 0.17%, 6, 0, 7, 147.16
1734641087, 153, 23, 37, 0, 0, 0.17%, 6, 0, 7, 152.85
1734641097, 153, 24, 37, 0, 0, 0.17%, 6, 0, 7, 155.09
1734641102, 154, 1, 37, 0, 0, 0.17%, 6, 0, 7, 153.06
1734641107, 154, 11, 37, 0, 0, 0.17%, 6, 0, 7, 149.99
1734641112, 154, 12, 37, 0, 0, 0.17%, 6, 0, 7, 150.82
1734641117, 154, 15, 37, 0, 0, 0.17%, 6, 0, 7, 150.09
1734641122, 154, 23, 37, 0, 0, 0.17%, 6, 0, 7, 149.71
1734641127, 154, 24, 37, 0, 0, 0.17%, 6, 0, 7, 145.82
1734641137, 155, 11, 37, 0, 0, 0.17%, 6, 0, 7, 155.72
1734641143, 155, 12, 37, 0, 0, 0.17%, 6, 0, 7, 152.07
1734641148, 155, 23, 37, 0, 0, 0.17%, 6, 0, 7, 155.68
1734641153, 155, 24, 37, 0, 0, 0.17%, 6, 0, 7, 142.82
1734641163, 155, 28, 37, 0, 0, 0.17%, 6, 0, 7, 152.00
1734641168, 156, 10, 37, 0, 0, 0.17%, 6, 0, 7, 152.87
1734641173, 156, 12, 37, 0, 0, 0.17%, 6, 0, 7, 143.04
1734641184, 156, 14, 37, 0, 0, 0.17%, 6, 0, 7, 144.36
1734641189, 156, 23, 37, 0, 0, 0.17%, 6, 0, 7, 145.43
1734641194, 156, 24, 37, 0, 0, 0.17%, 6, 0, 7, 152.50
1734641199, 156, 28, 37, 0, 0, 0.17%, 6, 0, 7, 161.86
1734641204, 156, 32, 37, 0, 0, 0.17%, 6, 0, 7, 158.77
1734641215, 157, 11, 37, 0, 0, 0.17%, 6, 0, 7, 141.01
1734641220, 157, 12, 37, 0, 0, 0.17%, 6, 0, 7, 141.71
1734641225, 157, 23, 37, 0, 0, 0.17%, 6, 0, 7, 142.00
1734641235, 157, 24, 37, 0, 0, 0.17%, 6, 0, 7, 156.64
1734641240, 158, 10, 37, 0, 0, 0.17%, 6, 0, 7, 147.40
1734641245, 158, 12, 37, 0, 0, 0.17%, 6, 0, 7, 146.54
1734641256, 158, 23, 37, 0, 0, 0.17%, 6, 0, 7, 154.93
1734641266, 158, 24, 37, 0, 0, 0.17%, 6, 0, 7, 144.41
1734641271, 159, 10, 37, 0, 0, 0.17%, 6, 0, 7, 149.26
1734641276, 159, 12, 37, 0, 0, 0.17%, 6, 0, 7, 141.17
1734641286, 159, 23, 37, 0, 0, 0.17%, 6, 0, 7, 151.49
1734641291, 159, 24, 37, 0, 0, 0.17%, 6, 0, 7, 153.05
1734641296, 159, 31, 37, 0, 0, 0.17%, 6, 0, 7, 160.52
1734641307, 160, 11, 37, 0, 0, 0.17%, 6, 0, 7, 152.30
1734641312, 160, 12, 37, 0, 0, 0.17%, 6, 0, 7, 150.47
1734641317, 160, 21, 37, 0, 0, 0.17%, 6, 0, 7, 159.00
1734641322, 160, 22, 37, 0, 0, 0.17%, 6, 0, 7, 159.62
1734641332, 160, 23, 37, 0, 0, 0.17%, 6, 0, 7, 148.62
1734641337, 160, 24, 37, 0, 0, 0.17%, 6, 0, 7, 152.41
1734641347, 161, 12, 37, 0, 0, 0.17%, 6, 0, 7, 147.19
1734641358, 161, 20, 37, 0, 0, 0.17%, 6, 0, 7, 160.22
1734641363, 161, 23, 37, 0, 0, 0.17%, 6, 0, 7, 161.46
1734641373, 161, 24, 37, 0, 0, 0.17%, 6, 0, 7, 152.12
1734641378, 161, 26, 37, 0, 0, 0.17%, 6, 0, 7, 153.75
1734641383, 162, 10, 37, 0, 0, 0.17%, 6, 0, 7, 149.07
1734641388, 162, 12, 37, 0, 0, 0.17%, 6, 0, 7, 148.47
1734641398, 162, 13, 37, 0, 0, 0.17%, 6, 0, 7, 139.66
1734641404, 162, 20, 37, 0, 0, 0.17%, 6, 0, 7, 150.69
1734641409, 162, 23, 37, 0, 0, 0.17%, 6, 0, 7, 151.54
1734641419, 162, 24, 37, 0, 0, 0.17%, 6, 0, 7, 152.36
1734641424, 163, 10, 37, 0, 0, 0.17%, 6, 0, 7, 151.08
1734641429, 163, 12, 37, 0, 0, 0.17%, 6, 0, 7, 140.52
1734641439, 163, 19, 37, 0, 0, 0.17%, 6, 0, 7, 162.95
1734641444, 163, 23, 37, 0, 0, 0.17%, 6, 0, 7, 149.22
1734641455, 163, 24, 37, 0, 0, 0.17%, 6, 0, 7, 154.20
1734641460, 163, 29, 37, 0, 0, 0.17%, 6, 0, 7, 156.17
1734641465, 164, 11, 37, 0, 0, 0.17%, 6, 0, 7, 148.42
1734641470, 164, 12, 37, 0, 0, 0.17%, 6, 0, 7, 151.76
1734641475, 164, 23, 37, 0, 0, 0.17%, 6, 0, 7, 150.33
1734641485, 164, 24, 37, 0, 0, 0.17%, 6, 0, 7, 151.35
1734641490, 165, 2, 37, 0, 0, 0.17%, 6, 0, 7, 148.53
1734641495, 165, 12, 37, 0, 0, 0.17%, 6, 0, 7, 147.74
1734641506, 165, 23, 37, 0, 0, 0.17%, 6, 0, 7, 152.36
1734641511, 165, 24, 37, 0, 0, 0.17%, 6, 0, 7, 158.63
1734641521, 166, 11, 37, 0, 0, 0.17%, 6, 0, 7, 145.88
1734641526, 166, 12, 37, 0, 0, 0.17%, 6, 0, 7, 142.40
1734641531, 166, 23, 37, 0, 0, 0.17%, 6, 0, 7, 146.36
1734641541, 166, 24, 37, 0, 0, 0.17%, 6, 0, 7, 146.74
1734641547, 167, 10, 37, 0, 0, 0.17%, 6, 0, 7, 150.94
1734641552, 167, 12, 37, 0, 0, 0.17%, 6, 0, 7, 146.25
1734641557, 167, 23, 37, 0, 0, 0.17%, 6, 0, 7, 145.17
1734641567, 167, 24, 37, 0, 0, 0.17%, 6, 0, 7, 154.52
1734641572, 167, 26, 37, 0, 0, 0.17%, 6, 0, 7, 156.08
1734641582, 167, 34, 37, 0, 0, 0.17%, 6, 0, 7, 149.21
1734641588, 168, 10, 37, 0, 0, 0.17%, 6, 0, 7, 148.62
1734641593, 168, 12, 37, 0, 0, 0.17%, 6, 0, 7, 139.72
1734641603, 168, 22, 37, 0, 0, 0.17%, 6, 0, 7, 156.11
1734641613, 168, 23, 37, 0, 0, 0.17%, 6, 0, 7, 145.61
1734641618, 168, 24, 37, 0, 0, 0.17%, 6, 0, 7, 148.82
1734641628, 169, 10, 37, 0, 0, 0.17%, 6, 0, 7, 143.39
1734641633, 169, 12, 37, 0, 0, 0.17%, 6, 0, 7, 148.19
1734641643, 169, 23, 37, 0, 0, 0.17%, 6, 0, 7, 152.89
1734641654, 169, 24, 37, 0, 0, 0.17%, 6, 0, 7, 157.42
1734641659, 170, 10, 37, 0, 0, 0.17%, 6, 0, 7, 149.84
1734641664, 170, 12, 37, 0, 0, 0.17%, 6, 0, 7, 147.06
1734641674, 170, 23, 37, 0, 0, 0.17%, 6, 0, 7, 152.00
1734641679, 170, 24, 37, 0, 0, 0.17%, 6, 0, 7, 158.93
1734641684, 170, 31, 37, 0, 0, 0.17%, 6, 0, 7, 163.06
1734641690, 171, 4, 37, 0, 0, 0.17%, 6, 0, 7, 147.57
1734641695, 171, 10, 37, 0, 0, 0.17%, 6, 0, 7, 146.19
1734641700, 171, 12, 37, 0, 0, 0.17%, 6, 0, 7, 142.71
1734641705, 171, 23, 37, 0, 0, 0.17%, 6, 0, 7, 145.69
1734641715, 171, 24, 37, 0, 0, 0.17%, 6, 0, 7, 158.50
1734641720, 171, 27, 37, 0, 0, 0.17%, 6, 0, 7, 153.07
1734641725, 171, 29, 37, 0, 0, 0.17%, 6, 0, 7, 168.56
1734641730, 172, 10, 37, 0, 0, 0.17%, 6, 0, 7, 155.18
1734641735, 172, 12, 37, 0, 0, 0.17%, 6, 0, 7, 144.95
1734641741, 172, 23, 37, 0, 0, 0.17%, 6, 0, 7, 147.80
1734641751, 172, 24, 37, 0, 0, 0.17%, 6, 0, 7, 150.47
1734641756, 172, 25, 37, 0, 0, 0.17%, 6, 0, 7, 154.79
1734641766, 173, 11, 37, 0, 0, 0.17%, 6, 0, 7, 148.39
1734641771, 173, 12, 37, 0, 0, 0.17%, 6, 0, 7, 142.89
1734641776, 173, 16, 37, 0, 0, 0.17%, 6, 0, 7, 147.88
1734641782, 173, 23, 37, 0, 0, 0.17%, 6, 0, 7, 150.25
1734641792, 173, 24, 37, 0, 0, 0.17%, 6, 0, 7, 153.96
1734641797, 173, 29, 37, 0, 0, 0.17%, 6, 0, 7, 164.90
1734641802, 174, 11, 37, 0, 0, 0.17%, 6, 0, 7, 151.92
1734641807, 174, 12, 37, 0, 0, 0.17%, 6, 0, 7, 146.47
1734641812, 174, 23, 37, 0, 0, 0.17%, 6, 0, 7, 148.80
1734641822, 174, 24, 37, 0, 0, 0.17%, 6, 0, 7, 154.55
1734641827, 174, 25, 37, 0, 0, 0.17%, 6, 0, 7, 157.12
1734641832, 174, 32, 37, 0, 0, 0.17%, 6, 0, 7, 157.89
1734641843, 174, 35, 37, 0, 0, 0.17%, 6, 0, 7, 160.02
1734641848, 175, 9, 37, 0, 0, 0.17%, 6, 0, 7, 154.80
1734641853, 175, 11, 37, 0, 0, 0.17%, 6, 0, 7, 146.63
1734641858, 175, 12, 37, 0, 0, 0.17%, 6, 0, 7, 144.78
1734641863, 175, 23, 37, 0, 0, 0.17%, 6, 0, 7, 148.99
1734641868, 175, 24, 37, 0, 0, 0.17%, 6, 0, 7, 155.66
1734641878, 176, 11, 37, 0, 0, 0.17%, 6, 0, 7, 154.35
1734641883, 176, 12, 37, 0, 0, 0.17%, 6, 0, 7, 147.25
1734641888, 176, 18, 37, 0, 0, 0.17%, 6, 0, 7, 149.47
1734641898, 176, 23, 37, 0, 0, 0.17%, 6, 0, 7, 149.09
1734641903, 176, 24, 37, 0, 0, 0.17%, 6, 0, 7, 162.23
1734641909, 177, 10, 37, 0, 0, 0.17%, 6, 0, 7, 149.65
1734641914, 177, 12, 37, 0, 0, 0.17%, 6, 0, 7, 148.39
1734641924, 177, 23, 37, 0, 0, 0.17%, 6, 0, 7, 156.75
1734641929, 177, 24, 37, 0, 0, 0.17%, 6, 0, 7, 158.01
1734641934, 178, 10, 37, 0, 0, 0.17%, 6, 0, 7, 154.63
1734641939, 178, 12, 37, 0, 0, 0.17%, 6, 0, 7, 146.73
1734641949, 178, 23, 37, 0, 0, 0.17%, 6, 0, 7, 155.62
1734641954, 178, 24, 37, 0, 0, 0.17%, 6, 0, 7, 151.29
1734641964, 179, 12, 37, 0, 0, 0.17%, 6, 0, 7, 148.04
1734641975, 179, 23, 37, 0, 0, 0.17%, 6, 0, 7, 145.65
1734641980, 179, 24, 37, 0, 0, 0.17%, 6, 0, 7, 156.95
1734641990, 179, 33, 37, 0, 0, 0.17%, 6, 0, 7, 158.78
1734642000, 180, 11, 37, 0, 0, 0.17%, 6, 0, 7, 141.45
1734642005, 180, 12, 37, 0, 0, 0.17%, 6, 0, 7, 141.29
1734642011, 180, 18, 37, 0, 0, 0.17%, 6, 0, 7, 151.09
1734642021, 180, 23, 37, 0, 0, 0.17%, 6, 0, 7, 150.79
1734642026, 180, 24, 37, 0, 0, 0.17%, 6, 0, 7, 149.13
1734642031, 181, 7, 37, 0, 0, 0.17%, 6, 0, 7, 157.41
1734642036, 181, 11, 37, 0, 0, 0.17%, 6, 0, 7, 151.02
1734642041, 181, 12, 37, 0, 0, 0.17%, 6, 0, 7, 148.51
1734642047, 181, 23, 37, 0, 0, 0.17%, 6, 0, 7, 146.49
1734642052, 181, 24, 37, 0, 0, 0.17%, 6, 0, 7, 158.22
1734642062, 182, 11, 37, 0, 0, 0.17%, 6, 0, 7, 143.40
1734642067, 182, 12, 37, 0, 0, 0.17%, 6, 0, 7, 143.68
1734642072, 182, 15, 37, 0, 0, 0.17%, 6, 0, 7, 152.10
1734642077, 182, 23, 37, 0, 0, 0.17%, 6, 0, 7, 149.67
1734642082, 182, 24, 37, 0, 0, 0.17%, 6, 0, 7, 143.49
1734642093, 182, 35, 37, 0, 0, 0.17%, 6, 0, 7, 161.17
1734642098, 183, 0, 37, 0, 0, 0.17%, 6, 0, 7, 162.79
1734642103, 183, 11, 37, 0, 0, 0.17%, 6, 0, 7, 147.58
1734642108, 183, 12, 37, 0, 0, 0.17%, 6, 0, 7, 142.20
1734642113, 183, 23, 37, 0, 0, 0.17%, 6, 0, 7, 148.25
1734642118, 183, 24, 37, 0, 0, 0.17%, 6, 0, 7, 145.35
1734642128, 183, 36, 37, 0, 0, 0.17%, 6, 0, 7, 156.45
1734642134, 184, 10, 37, 0, 0, 0.17%, 6, 0, 7, 154.09
1734642139, 184, 12, 37, 0, 0, 0.17%, 6, 0, 7, 143.90
1734642149, 184, 22, 37, 0, 0, 0.17%, 6, 0, 7, 151.47
1734642154, 184, 23, 37, 0, 0, 0.17%, 6, 0, 7, 150.47
1734642159, 184, 24, 37, 0, 0, 0.17%, 6, 0, 7, 143.99
1734642169, 184, 36, 37, 0, 0, 0.17%, 6, 0, 7, 166.95
1734642174, 185, 3, 37, 0, 0, 0.17%, 6, 0, 7, 152.97
1734642179, 185, 10, 37, 0, 0, 0.17%, 6, 0, 7, 151.86
1734642184, 185, 12, 37, 0, 0, 0.17%, 6, 0, 7, 144.90
1734642195, 185, 23, 37, 0, 0, 0.17%, 6, 0, 7, 147.54
1734642200, 185, 24, 37, 0, 0, 0.17%, 6, 0, 7, 159.48
1734642205, 186, 3, 37, 0, 0, 0.17%, 6, 0, 7, 157.53
1734642210, 186, 11, 37, 0, 0, 0.17%, 6, 0, 7, 152.63
1734642215, 186, 12, 37, 0, 0, 0.17%, 6, 0, 7, 141.39
1734642220, 186, 23, 37, 0, 0, 0.17%, 6, 0, 7, 148.42
1734642230, 186, 24, 37, 0, 0, 0.17%, 6, 0, 7, 147.36
1734642235, 186, 32, 37, 0, 0, 0.17%, 6, 0, 7, 168.24
1734642240, 187, 2, 37, 0, 0, 0.17%, 6, 0, 7, 149.79
1734642245, 187, 11, 37, 0, 0, 0.17%, 6, 0, 7, 148.05
1734642251, 187, 12, 37, 0, 0, 0.17%, 6, 0, 7, 143.30
1734642256, 187, 23, 37, 0, 0, 0.17%, 6, 0, 7, 152.39
1734642266, 187, 24, 37, 0, 0, 0.17%, 6, 0, 7, 151.94
1734642271, 188, 5, 37, 0, 0, 0.17%, 6, 0, 7, 157.78
1734642276, 188, 12, 37, 0, 0, 0.17%, 6, 0, 7, 148.37
1734642286, 188, 23, 37, 0, 0, 0.17%, 6, 0, 7, 154.54
1734642291, 188, 24, 37, 0, 0, 0.17%, 6, 0, 7, 153.14
1734642301, 189, 11, 37, 0, 0, 0.17%, 6, 0, 7, 148.94
1734642307, 189, 12, 37, 0, 0, 0.17%, 6, 0, 7, 155.21
1734642312, 189, 23, 37, 0, 0, 0.17%, 6, 0, 7, 150.02
1734642317, 189, 24, 37, 0, 0, 0.17%, 6, 0, 7, 145.84
1734642327, 189, 29, 37, 0, 0, 0.17%, 6, 0, 7, 157.55
1734642332, 190, 10, 37, 0, 0, 0.17%, 6, 0, 7, 153.72
1734642337, 190, 12, 37, 0, 0, 0.17%, 6, 0, 7, 145.81
1734642342, 190, 23, 37, 0, 0, 0.17%, 6, 0, 7, 156.43
1734642352, 190, 24, 37, 0, 0, 0.17%, 6, 0, 7, 147.60
1734642357, 190, 25, 37, 0, 0, 0.17%, 6, 0, 7, 157.74
1734642367, 191, 12, 37, 0, 0, 0.17%, 6, 0, 7, 146.56
1734642378, 191, 14, 37, 0, 0, 0.17%, 6, 0, 7, 148.58
1734642383, 191, 23, 37, 0, 0, 0.17%, 6, 0, 7, 146.86
1734642388, 191, 24, 37, 0, 0, 0.17%, 6, 0, 7, 147.62
1734642398, 192, 12, 37, 0, 0, 0.17%, 6, 0, 7, 155.75
1734642409, 192, 15, 37, 0, 0, 0.17%, 6, 0, 7, 147.86
1734642414, 192, 16, 37, 0, 0, 0.17%, 6, 0, 7, 146.42
1734642419, 192, 23, 37, 0, 0, 0.17%, 6, 0, 7, 149.67
1734642424, 192, 24, 37, 0, 0, 0.17%, 6, 0, 7, 152.13
1734642434, 192, 36, 37, 0, 0, 0.17%, 6, 0, 7, 158.11
1734642439, 193, 10, 37, 0, 0, 0.17%, 6, 0, 7, 149.90
1734642444, 193, 12, 37, 0, 0, 0.17%, 6, 0, 7, 150.20
1734642454, 193, 23, 37, 0, 0, 0.17%, 6, 0, 7, 155.33
1734642459, 193, 24, 37, 0, 0, 0.17%, 6, 0, 7, 150.19
1734642470, 193, 32, 37, 0, 0, 0.17%, 6, 0, 7, 141.61
1734642475, 194, 11, 37, 0, 0, 0.17%, 6, 0, 7, 149.10
1734642480, 194, 12, 37, 0, 0, 0.17%, 6, 0, 7, 150.77
1734642485, 194, 23, 37, 0, 0, 0.17%, 6, 0, 7, 152.16
1734642495, 194, 24, 37, 0, 0, 0.17%, 6, 0, 7, 153.70
1734642501, 194, 29, 37, 0, 0, 0.17%, 6, 0, 7, 164.80
1734642506, 195, 11, 37, 0, 0, 0.17%, 6, 0, 7, 148.41
1734642511, 195, 12, 37, 0, 0, 0.17%, 6, 0, 7, 149.65
1734642516, 195, 23, 37, 0, 0, 0.17%, 6, 0, 7, 152.61
1734642526, 195, 24, 37, 0, 0, 0.17%, 6, 0, 7, 152.37
1734642531, 196, 10, 37, 0, 0, 0.17%, 6, 0, 7, 146.57
1734642536, 196, 12, 37, 0, 0, 0.17%, 6, 0, 7, 139.08
1734642542, 196, 23, 37, 0, 0, 0.17%, 6, 0, 7, 151.58
1734642552, 196, 24, 37, 0, 0, 0.17%, 6, 0, 7, 151.35
1734642557, 196, 29, 37, 0, 0, 0.17%, 6, 0, 7, 167.87
1734642562, 196, 34, 37, 0, 0, 0.17%, 6, 0, 7, 154.79
1734642572, 197, 11, 37, 0, 0, 0.17%, 6, 0, 7, 142.92
1734642577, 197, 12, 37, 0, 0, 0.17%, 6, 0, 7, 149.35
1734642582, 197, 23, 37, 0, 0, 0.17%, 6, 0, 7, 149.79
1734642588, 197, 24, 37, 0, 0, 0.17%, 6, 0, 7, 148.65
1734642598, 198, 10, 37, 0, 0, 0.17%, 6, 0, 7, 150.93
1734642603, 198, 12, 37, 0, 0, 0.17%, 6, 0, 7, 147.56
1734642613, 198, 18, 37, 0, 0, 0.17%, 6, 0, 7, 149.68
1734642618, 198, 20, 37, 0, 0, 0.17%, 6, 0, 7, 163.56
1734642623, 198, 23, 37, 0, 0, 0.17%, 6, 0, 7, 160.99
1734642633, 198, 24, 37, 0, 0, 0.17%, 6, 0, 7, 150.62
1734642638, 198, 35, 37, 0, 0, 0.17%, 6, 0, 7, 158.42
1734642649, 199, 10, 37, 0, 0, 0.17%, 6, 0, 7, 149.37
1734642654, 199, 12, 37, 0, 0, 0.17%, 6, 0, 7, 147.14
1734642659, 199, 23, 37, 0, 0, 0.17%, 6, 0, 7, 145.18
1734642669, 199, 24, 37, 0, 0, 0.17%, 6, 0, 7, 159.42
1734642674, 200, 1, 37, 0, 0, 0.17%, 6, 0, 7, 146.56
1734642679, 200, 12, 37, 0, 0, 0.17%, 6, 0, 7, 150.50
1734642690, 200, 18, 37, 0, 0, 0.17%, 6, 0, 7, 152.49
1734642695, 200, 23, 37, 0, 0, 0.17%, 6, 0, 7, 145.20
1734642705, 200, 24, 37, 0, 0, 0.17%, 6, 0, 7, 153.36
1734642710, 200, 32, 37, 0, 0, 0.17%, 6, 0, 7, 163.75
1734642715, 201, 4, 37, 0, 0, 0.17%, 6, 0, 7, 151.00
1734642720, 201, 10, 37, 0, 0, 0.17%, 6, 0, 7, 153.49
1734642725, 201, 12, 37, 0, 0, 0.17%, 6, 0, 7, 145.83
1734642736, 201, 23, 37, 0, 0, 0.17%, 6, 0, 7, 146.57
1734642741, 201, 24, 37, 0, 0, 0.17%, 6, 0, 7, 152.79
1734642746, 201, 31, 37, 0, 0, 0.17%, 6, 0, 7, 151.84
1734642756, 202, 11, 37, 0, 0, 0.17%, 6, 0, 7, 138.60
1734642761, 202, 12, 37, 0, 0, 0.17%, 6, 0, 7, 141.49
1734642766, 202, 16, 37, 0, 0, 0.17%, 6, 0, 7, 151.29
1734642771, 202, 23, 37, 0, 0, 0.17%, 6, 0, 7, 142.65
1734642781, 202, 24, 37, 0, 0, 0.17%, 6, 0, 7, 159.36
1734642787, 202, 27, 37, 0, 0, 0.17%, 6, 0, 7, 154.85
1734642792, 203, 10, 37, 0, 0, 0.17%, 6, 0, 7, 155.61
1734642797, 203, 12, 37, 0, 0, 0.17%, 6, 0, 7, 143.19
1734642802, 203, 18, 37, 0, 0, 0.17%, 6, 0, 7, 153.55
1734642812, 203, 23, 37, 0, 0, 0.17%, 6, 0, 7, 147.38
1734642818, 203, 24, 37, 0, 0, 0.17%, 6, 0, 7, 149.01
1734642828, 204, 11, 37, 0, 0, 0.17%, 6, 0, 7, 144.65
1734642833, 204, 12, 37, 0, 0, 0.17%, 6, 0, 7, 142.75
1734642838, 204, 23, 37, 0, 0, 0.17%, 6, 0, 7, 141.50
1734642848, 204, 24, 37, 0, 0, 0.17%, 6, 0, 7, 153.72
1734642853, 204, 25, 37, 0, 0, 0.17%, 6, 0, 7, 159.78
1734642863, 204, 33, 37, 0, 0, 0.17%, 6, 0, 7, 155.73
1734642868, 205, 11, 37, 0, 0, 0.17%, 6, 0, 7, 149.32
1734642873, 205, 12, 37, 0, 0, 0.17%, 6, 0, 7, 143.14
1734642878, 205, 23, 37, 0, 0, 0.17%, 6, 0, 7, 153.48
1734642889, 205, 24, 37, 0, 0, 0.17%, 6, 0, 7, 147.50
1734642894, 205, 34, 37, 0, 0, 0.17%, 6, 0, 7, 151.22
1734642899, 206, 3, 37, 0, 0, 0.17%, 6, 0, 7, 149.86
1734642904, 206, 10, 37, 0, 0, 0.17%, 6, 0, 7, 146.42
1734642909, 206, 12, 37, 0, 0, 0.17%, 6, 0, 7, 146.76
1734642914, 206, 21, 37, 0, 0, 0.17%, 6, 0, 7, 153.58
1734642924, 206, 23, 37, 0, 0, 0.17%, 6, 0, 7, 155.33
1734642929, 206, 24, 37, 0, 0, 0.17%, 6, 0, 7, 151.16
1734642940, 206, 25, 37, 0, 0, 0.17%, 6, 0, 7, 159.78
1734642945, 206, 36, 37, 0, 0, 0.17%, 6, 0, 7, 164.69
1734642950, 207, 4, 37, 0, 0, 0.17%, 6, 0, 7, 155.07
1734642955, 207, 11, 37, 0, 0, 0.17%, 6, 0, 7, 149.48
1734642960, 207, 12, 37, 0, 0, 0.17%, 6, 0, 7, 142.55
1734642965, 207, 13, 37, 0, 0, 0.17%, 6, 0, 7, 153.60
1734642970, 207, 18, 37, 0, 0, 0.17%, 6, 0, 7, 151.69
1734642975, 207, 23, 37, 0, 0, 0.17%, 6, 0, 7, 142.41
1734642985, 207, 24, 37, 0, 0, 0.17%, 6, 0, 7, 153.04
1734642990, 207, 33, 37, 0, 0, 0.17%, 6, 0, 7, 154.80
1734643000, 208, 11, 37, 0, 0, 0.17%, 6, 0, 7, 150.19
1734643006, 208, 12, 37, 0, 0, 0.17%, 6, 0, 7, 147.52
1734643011, 208, 13, 37, 0, 0, 0.17%, 6, 0, 7, 146.20
1734643016, 208, 15, 37, 0, 0, 0.17%, 6, 0, 7, 143.70
1734643021, 208, 21, 37, 0, 0, 0.17%, 6, 0, 7, 158.66
1734643026, 208, 23, 37, 0, 0, 0.17%, 6, 0, 7, 155.20
1734643031, 208, 24, 37, 0, 0, 0.17%, 6, 0, 7, 155.41
1734643042, 208, 30, 37, 0, 0, 0.17%, 6, 0, 7, 148.24
1734643047, 209, 10, 37, 0, 0, 0.17%, 6, 0, 7, 149.60
1734643052, 209, 12, 37, 0, 0, 0.17%, 6, 0, 7, 144.70
1734643062, 209, 23, 37, 0, 0, 0.17%, 6, 0, 7, 154.20
1734643067, 209, 24, 37, 0, 0, 0.17%, 6, 0, 7, 161.24
1734643072, 210, 10, 37, 0, 0, 0.17%, 6, 0, 7, 158.86
1734643077, 210, 12, 37, 0, 0, 0.17%, 6, 0, 7, 142.89
1734643087, 210, 18, 37, 0, 0, 0.17%, 6, 0, 7, 147.81
1734643093, 210, 21, 37, 0, 0, 0.17%, 6, 0, 7, 146.89
1734643098, 210, 23, 37, 0, 0, 0.17%, 6, 0, 7, 143.34
1734643108, 210, 24, 37, 0, 0, 0.17%, 6, 0, 7, 153.71
1734643113, 211, 10, 37, 0, 0, 0.17%, 6, 0, 7, 146.87
1734643118, 211, 12, 37, 0, 0, 0.17%, 6, 0, 7, 147.40
1734643128, 211, 23, 37, 0, 0, 0.17%, 6, 0, 7, 142.38
1734643134, 211, 24, 37, 0, 0, 0.17%, 6, 0, 7, 152.59
1734643144, 212, 11, 37, 0, 0, 0.17%, 6, 0, 7, 149.05
1734643149, 212, 12, 37, 0, 0, 0.17%, 6, 0, 7, 141.47
1734643154, 212, 17, 37, 0, 0, 0.17%, 6, 0, 7, 154.89
1734643159, 212, 23, 37, 0, 0, 0.17%, 6, 0, 7, 146.05
1734643169, 212, 24, 37, 0, 0, 0.17%, 6, 0, 7, 147.92
1734643175, 213, 10, 37, 0, 0, 0.17%, 6, 0, 7, 150.39
1734643180, 213, 12, 37, 0, 0, 0.17%, 6, 0, 7, 146.34
1734643190, 213, 23, 37, 0, 0, 0.17%, 6, 0, 7, 149.74
1734643195, 213, 24, 37, 0, 0, 0.17%, 6, 0, 7, 149.49
1734643200, 214, 10, 37, 0, 0, 0.17%, 6, 0, 7, 148.29
1734643205, 214, 12, 37, 0, 0, 0.17%, 6, 0, 7, 144.01
1734643216, 214, 18, 37, 0, 0, 0.17%, 6, 0, 7, 158.01
1734643221, 214, 23, 37, 0, 0, 0.17%, 6, 0, 7, 154.23
1734643226, 214, 24, 37, 0, 0, 0.17%, 6, 0, 7, 149.00
1734643236, 214, 31, 37, 0, 0, 0.17%, 6, 0, 7, 162.70
1734643241, 214, 34, 37, 0, 0, 0.17%, 6, 0, 7, 156.00
1734643246, 215, 1, 37, 0, 0, 0.17%, 6, 0, 7, 156.21
1734643251, 215, 11, 37, 0, 0, 0.17%, 6, 0, 7, 151.01
1734643257, 215, 12, 37, 0, 0, 0.17%, 6, 0, 7, 143.75
1734643262, 215, 23, 37, 0, 0, 0.17%, 6, 0, 7, 151.46
1734643267, 215, 24, 37, 0, 0, 0.17%, 6, 0, 7, 151.89
1734643277, 215, 36, 37, 0, 0, 0.17%, 6, 0, 7, 167.12
1734643282, 216, 5, 37, 0, 0, 0.17%, 6, 0, 7, 162.40
1734643287, 216, 11, 37, 0, 0, 0.17%, 6, 0, 7, 148.80
1734643292, 216, 12, 37, 0, 0, 0.17%, 6, 0, 7, 153.05
1734643297, 216, 23, 37, 0, 0, 0.17%, 6, 0, 7, 150.51
1734643302, 216, 24, 37, 0, 0, 0.17%, 6, 0, 7, 144.49
1734643312, 217, 10, 37, 0, 0, 0.17%, 6, 0, 7, 151.91
1734643317, 217, 12, 37, 0, 0, 0.17%, 6, 0, 7, 145.94
1734643322, 217, 23, 37, 0, 0, 0.17%, 6, 0, 7, 151.20
1734643333, 217, 24, 37, 0, 0, 0.17%, 6, 0, 7, 150.89
1734643338, 218, 2, 37, 0, 0, 0.17%, 6, 0, 7, 145.12
1734643343, 218, 12, 37, 0, 0, 0.17%, 6, 0, 7, 149.11
1734643353, 218, 23, 37, 0, 0, 0.17%, 6, 0, 7, 157.53
1734643359, 218, 24, 37, 0, 0, 0.17%, 6, 0, 7, 148.52
1734643369, 219, 11, 37, 0, 0, 0.17%, 6, 0, 7, 142.25
1734643374, 219, 12, 37, 0, 0, 0.17%, 6, 0, 7, 144.94
1734643379, 219, 14, 37, 0, 0, 0.17%, 6, 0, 7, 146.43
1734643384, 219, 23, 37, 0, 0, 0.17%, 6, 0, 7, 145.41
1734643394, 219, 24, 38, 1, 0, 0.19%, 7, 0, 7, 150.62
1734643399, 219, 37, 40, 3, 1, 0.19%, 7, 0, 8, 158.91
1734643410, 219, 37, 42, 5, 1, 0.19%, 7, 0, 8, 140.20
1734643502, 219, 37, 43, 6, 1, 0.19%, 7, 0, 8, 142.51
1734643533, 219, 38, 43, 5, 0, 0.19%, 7, 0, 8, 142.37
1734643594, 219, 40, 43, 4, 0, 0.19%, 7, 0, 8, 153.44
1734643666, 219, 41, 43, 3, 0, 0.19%, 7, 0, 8, 165.37
1734643728, 220, 10, 43, 2, 0, 0.19%, 7, 0, 8, 149.53
1734643733, 220, 12, 43, 2, 0, 0.19%, 7, 0, 8, 142.14
1734643738, 220, 23, 43, 2, 0, 0.19%, 7, 0, 8, 149.14
1734643748, 220, 24, 43, 2, 0, 0.19%, 7, 0, 8, 150.05
1734643753, 220, 37, 43, 2, 0, 0.19%, 7, 0, 8, 147.42
1734643774, 221, 12, 43, 2, 0, 0.19%, 7, 0, 8, 147.97
1734643784, 221, 23, 43, 2, 0, 0.19%, 7, 0, 8, 156.97
1734643789, 221, 24, 43, 2, 0, 0.19%, 7, 0, 8, 155.82
1734643795, 221, 37, 43, 2, 0, 0.19%, 7, 0, 8, 142.99
1734643815, 221, 39, 43, 2, 0, 0.19%, 7, 0, 8, 150.85
1734643825, 221, 39, 44, 3, 0, 0.21%, 8, 0, 9, 143.49
1734643923, 221, 43, 45, 3, 1, 0.21%, 8, 0, 10, 154.83
1734643928, 221, 43, 46, 4, 1, 0.21%, 9, 0, 10, 183.66
1734643933, 221, 43, 47, 5, 1, 0.21%, 9, 0, 10, 160.66
1734643938, 221, 43, 48, 6, 1, 0.21%, 9, 0, 10, 157.48
1734643989, 221, 43, 49, 7, 1, 0.21%, 9, 0, 10, 149.24
1734644029, 221, 44, 49, 6, 2, 0.21%, 9, 0, 10, 190.90
1734644095, 221, 45, 49, 5, 1, 0.21%, 9, 0, 10, 173.67
1734644162, 221, 47, 49, 4, 0, 0.21%, 9, 0, 10, 185.84
1734644223, 222, 10, 49, 3, 0, 0.21%, 9, 0, 10, 168.15
1734644228, 222, 33, 49, 3, 0, 0.21%, 9, 0, 10, 148.81
1734644238, 222, 35, 49, 3, 0, 0.21%, 9, 0, 10, 157.13
1734644243, 222, 43, 49, 3, 0, 0.21%, 9, 0, 10, 155.48
1734644273, 222, 44, 49, 3, 0, 0.21%, 9, 0, 10, 154.28
1734644304, 222, 45, 49, 3, 0, 0.21%, 9, 0, 10, 154.40
1734644329, 223, 4, 49, 3, 0, 0.21%, 9, 0, 10, 148.41
1734644335, 223, 11, 49, 3, 0, 0.21%, 9, 0, 10, 147.00
1734644340, 223, 19, 49, 3, 0, 0.21%, 9, 0, 10, 163.19
1734644345, 223, 34, 49, 3, 0, 0.21%, 9, 0, 10, 160.01
1734644355, 223, 40, 50, 4, 0, 0.21%, 9, 0, 10, 142.91
1734644391, 223, 43, 50, 4, 0, 0.21%, 9, 0, 10, 156.54
1734644417, 223, 44, 50, 4, 0, 0.21%, 9, 0, 10, 144.67
1734644442, 223, 45, 50, 4, 0, 0.21%, 9, 0, 10, 153.71
1734644447, 223, 45, 51, 5, 0, 0.21%, 9, 0, 11, 151.57
1734644483, 224, 6, 51, 5, 0, 0.21%, 9, 0, 11, 156.33
1734644488, 224, 11, 51, 5, 0, 0.21%, 9, 0, 11, 148.72
1734644493, 224, 30, 51, 5, 0, 0.21%, 9, 0, 11, 151.09
1734644503, 224, 33, 51, 5, 0, 0.21%, 9, 0, 11, 163.65
1734644508, 224, 43, 51, 5, 0, 0.21%, 9, 0, 11, 154.61
1734644533, 224, 44, 51, 5, 0, 0.21%, 9, 0, 11, 165.01
1734644564, 224, 45, 51, 5, 0, 0.21%, 9, 0, 11, 157.70
1734644589, 224, 50, 51, 5, 0, 0.21%, 9, 0, 11, 167.36
1734644594, 224, 50, 52, 6, 0, 0.21%, 9, 0, 12, 178.97
1734644599, 224, 50, 53, 7, 0, 0.21%, 9, 0, 12, 190.13
1734644695, 225, 11, 53, 6, 0, 0.21%, 9, 0, 12, 158.41
1734644700, 225, 23, 53, 6, 0, 0.21%, 9, 0, 12, 150.23
1734644710, 225, 32, 53, 6, 0, 0.21%, 9, 0, 12, 162.20
1734644716, 225, 43, 53, 6, 0, 0.21%, 9, 0, 12, 159.42
1734644746, 225, 44, 53, 6, 0, 0.21%, 9, 0, 12, 149.44
1734644772, 225, 45, 53, 6, 0, 0.21%, 9, 0, 12, 140.69
1734644802, 225, 46, 53, 6, 0, 0.21%, 9, 0, 12, 204.32
1734644878, 225, 51, 53, 5, 0, 0.21%, 9, 0, 12, 216.54
1734644939, 226, 10, 53, 4, 0, 0.21%, 9, 0, 12, 170.42
1734644944, 226, 29, 53, 4, 0, 0.21%, 9, 0, 12, 157.69
1734644949, 226, 43, 53, 4, 0, 0.21%, 9, 0, 12, 156.04
1734644979, 226, 44, 53, 4, 0, 0.21%, 9, 0, 12, 149.88
1734645005, 226, 45, 53, 4, 0, 0.21%, 9, 0, 12, 157.22
1734645036, 227, 15, 53, 4, 0, 0.21%, 9, 0, 12, 151.31
1734645041, 227, 38, 53, 4, 0, 0.21%, 9, 0, 12, 148.50
1734645071, 227, 43, 53, 4, 0, 0.21%, 9, 0, 12, 157.47
1734645096, 227, 44, 53, 4, 0, 0.21%, 9, 0, 12, 168.32
1734645122, 227, 45, 53, 4, 0, 0.21%, 9, 0, 12, 157.51
1734645153, 228, 11, 53, 4, 0, 0.21%, 9, 0, 12, 149.83
1734645158, 228, 23, 53, 4, 0, 0.21%, 9, 0, 12, 156.50
1734645163, 228, 37, 53, 4, 0, 0.21%, 9, 0, 12, 149.60
1734645184, 228, 42, 53, 4, 0, 0.21%, 9, 0, 12, 151.13
1734645244, 228, 43, 53, 3, 0, 0.21%, 9, 0, 12, 160.75
1734645275, 228, 44, 53, 3, 0, 0.21%, 9, 0, 12, 151.41
1734645300, 228, 45, 53, 3, 0, 0.21%, 9, 0, 12, 154.05
1734645326, 228, 52, 53, 3, 0, 0.21%, 9, 0, 12, 225.41
1734645397, 229, 10, 53, 2, 0, 0.21%, 9, 0, 12, 153.07
1734645402, 229, 31, 53, 2, 0, 0.21%, 9, 0, 12, 154.27
1734645412, 229, 43, 53, 2, 0, 0.21%, 9, 0, 12, 156.86
1734645437, 229, 44, 53, 2, 0, 0.21%, 9, 0, 12, 147.84
1734645463, 229, 45, 53, 2, 0, 0.21%, 9, 0, 12, 148.91
1734645494, 229, 47, 53, 2, 0, 0.21%, 9, 0, 12, 153.69
1734645519, 229, 48, 53, 2, 0, 0.21%, 9, 0, 12, 172.74
1734645585, 230, 10, 53, 1, 0, 0.21%, 9, 0, 12, 142.63
1734645590, 230, 15, 53, 1, 0, 0.21%, 9, 0, 12, 149.26
1734645595, 230, 27, 53, 1, 0, 0.21%, 9, 0, 12, 151.47
1734645600, 230, 31, 53, 1, 0, 0.21%, 9, 0, 12, 155.69
1734645605, 230, 43, 53, 1, 0, 0.21%, 9, 0, 12, 155.86
1734645631, 230, 44, 53, 1, 0, 0.21%, 9, 0, 12, 159.32
1734645656, 230, 45, 53, 1, 0, 0.21%, 9, 0, 12, 159.59
1734645687, 230, 49, 53, 1, 0, 0.21%, 9, 0, 12, 198.66
1734645753, 231, 11, 53, 0, 0, 0.21%, 9, 0, 12, 149.20
1734645758, 231, 34, 53, 0, 0, 0.21%, 9, 0, 12, 155.10
1734645763, 231, 43, 53, 0, 0, 0.21%, 9, 0, 12, 157.91
1734645794, 231, 44, 53, 0, 0, 0.21%, 9, 0, 12, 156.64
1734645819, 231, 45, 53, 0, 0, 0.21%, 9, 0, 12, 149.59
1734645850, 232, 11, 53, 0, 0, 0.21%, 9, 0, 12, 145.47
1734645855, 232, 12, 53, 0, 0, 0.21%, 9, 0, 12, 147.92
1734645860, 232, 43, 53, 0, 0, 0.21%, 9, 0, 12, 151.36
1734645886, 232, 44, 53, 0, 0, 0.21%, 9, 0, 12, 158.04
1734645911, 232, 45, 53, 0, 0, 0.21%, 9, 0, 12, 158.24
1734645942, 233, 29, 53, 0, 0, 0.21%, 9, 0, 12, 156.51
1734645947, 233, 43, 53, 0, 0, 0.21%, 9, 0, 12, 161.20
1734645978, 233, 44, 53, 0, 0, 0.21%, 9, 0, 12, 146.14
1734646003, 233, 45, 53, 0, 0, 0.21%, 9, 0, 12, 157.36
1734646034, 233, 48, 53, 0, 0, 0.21%, 9, 0, 12, 161.59
1734646059, 234, 8, 53, 0, 0, 0.21%, 9, 0, 12, 160.19
1734646064, 234, 11, 53, 0, 0, 0.21%, 9, 0, 12, 157.86
1734646069, 234, 37, 53, 0, 0, 0.21%, 9, 0, 12, 151.27
1734646085, 234, 43, 53, 0, 0, 0.21%, 9, 0, 12, 145.82
1734646115, 234, 44, 53, 0, 0, 0.21%, 9, 0, 12, 150.44
1734646140, 234, 45, 53, 0, 0, 0.21%, 9, 0, 12, 158.72
1734646171, 235, 1, 53, 0, 0, 0.21%, 9, 0, 12, 144.22
1734646176, 235, 31, 53, 0, 0, 0.21%, 9, 0, 12, 155.46
1734646186, 235, 43, 53, 0, 0, 0.21%, 9, 0, 12, 154.47
1734646212, 235, 44, 53, 0, 0, 0.21%, 9, 0, 12, 154.73
1734646242, 235, 45, 53, 0, 0, 0.21%, 9, 0, 12, 161.81
1734646268, 235, 46, 53, 0, 0, 0.21%, 9, 0, 12, 157.13
1734646298, 236, 11, 53, 0, 0, 0.21%, 9, 0, 12, 151.95
1734646303, 236, 36, 53, 0, 0, 0.21%, 9, 0, 12, 172.27
1734646308, 236, 39, 53, 0, 0, 0.21%, 9, 0, 12, 155.45
1734646339, 236, 43, 53, 0, 0, 0.21%, 9, 0, 12, 150.11
1734646364, 236, 44, 53, 0, 0, 0.21%, 9, 0, 12, 159.59
1734646395, 236, 45, 53, 0, 0, 0.21%, 9, 0, 12, 153.60
1734646420, 237, 10, 53, 0, 0, 0.21%, 9, 0, 12, 152.52
1734646425, 237, 12, 53, 0, 0, 0.21%, 9, 0, 12, 142.87
1734646431, 237, 22, 53, 0, 0, 0.21%, 9, 0, 12, 157.64
1734646441, 237, 42, 53, 0, 0, 0.21%, 9, 0, 12, 153.01
1734646466, 237, 43, 53, 0, 0, 0.21%, 9, 0, 12, 166.90
1734646497, 237, 44, 53, 0, 0, 0.21%, 9, 0, 12, 157.12
1734646522, 237, 45, 53, 0, 0, 0.21%, 9, 0, 12, 157.25
1734646542, 237, 45, 54, 1, 0, 0.25%, 10, 0, 12, 159.82
1734646553, 237, 53, 56, 3, 1, 0.27%, 12, 0, 12, 207.03
1734646639, 237, 54, 57, 3, 2, 0.27%, 13, 0, 13, 187.13
1734646730, 237, 55, 57, 2, 2, 0.27%, 13, 0, 13, 207.07
1734646797, 237, 55, 58, 3, 2, 0.27%, 13, 0, 13, 165.51
1734646823, 237, 57, 60, 4, 1, 0.29%, 14, 0, 14, 167.18
1734646828, 237, 57, 62, 6, 1, 0.30%, 15, 0, 14, 211.30
1734646863, 237, 57, 63, 7, 1, 0.30%, 15, 0, 14, 175.65
1734646899, 237, 57, 64, 8, 1, 0.30%, 15, 0, 14, 167.78
1734646909, 237, 57, 65, 9, 1, 0.30%, 15, 0, 14, 176.97
1734646939, 237, 57, 66, 10, 1, 0.30%, 15, 0, 14, 166.71
1734646959, 237, 58, 66, 9, 3, 0.30%, 15, 0, 14, 179.60
1734646964, 237, 58, 67, 10, 3, 0.31%, 16, 0, 15, 213.30
1734647051, 237, 60, 67, 9, 3, 0.31%, 16, 0, 15, 169.23
1734647056, 237, 60, 68, 10, 3, 0.31%, 16, 0, 15, 213.20
1734647143, 237, 61, 69, 10, 2, 0.31%, 17, 0, 15, 175.06
1734647234, 237, 66, 69, 9, 2, 0.31%, 17, 0, 15, 173.31
1734647305, 237, 66, 70, 10, 2, 0.31%, 17, 0, 16, 166.06
1734647315, 237, 66, 71, 11, 2, 0.31%, 17, 0, 16, 160.75
1734647325, 237, 69, 71, 10, 1, 0.31%, 17, 0, 16, 179.93
1734647330, 237, 69, 73, 12, 1, 0.32%, 19, 0, 17, 201.19
1734647386, 237, 69, 74, 13, 1, 0.32%, 19, 0, 17, 164.78
1734647396, 237, 69, 75, 14, 1, 0.32%, 19, 0, 17, 163.31
1734647447, 237, 69, 76, 15, 1, 0.32%, 19, 0, 17, 167.72
1734647457, 237, 69, 77, 16, 1, 0.32%, 19, 0, 17, 170.45
1734647462, 237, 71, 78, 16, 2, 0.32%, 19, 0, 17, 175.14
1734647548, 237, 72, 78, 15, 1, 0.32%, 19, 0, 17, 186.19
1734647609, 237, 72, 79, 16, 1, 0.32%, 19, 0, 18, 174.37
1734647614, 237, 72, 80, 17, 1, 0.32%, 19, 0, 18, 175.76
1734647635, 237, 78, 83, 19, 0, 0.32%, 19, 0, 19, 169.81
1734647640, 237, 78, 86, 22, 0, 0.32%, 19, 0, 19, 182.46
1734647650, 237, 78, 87, 23, 0, 0.32%, 19, 0, 19, 208.86
1734647716, 237, 78, 88, 24, 0, 0.32%, 19, 0, 19, 176.91
1734647721, 237, 78, 89, 25, 0, 0.32%, 19, 0, 19, 174.62
1734647731, 237, 78, 90, 26, 0, 0.32%, 19, 0, 19, 182.54
1734647742, 237, 78, 91, 27, 0, 0.32%, 19, 0, 19, 188.93
1734647757, 237, 78, 92, 28, 0, 0.32%, 19, 0, 19, 176.45
1734647762, 237, 78, 93, 29, 0, 0.32%, 19, 0, 19, 179.35
1734647787, 237, 78, 94, 30, 0, 0.32%, 19, 0, 19, 172.41
1734647797, 237, 82, 95, 30, 0, 0.32%, 19, 0, 20, 158.73
1734647813, 237, 82, 96, 31, 0, 0.32%, 20, 0, 20, 207.67
1734647915, 237, 95, 99, 33, 1, 0.32%, 20, 0, 21, 183.65
1734647930, 237, 95, 100, 34, 1, 0.32%, 20, 0, 21, 212.00
1734648032, 237, 95, 102, 36, 1, 0.32%, 20, 0, 21, 177.01
1734648037, 237, 98, 102, 35, 0, 0.32%, 20, 0, 21, 168.93
1734648052, 237, 98, 103, 36, 0, 0.32%, 20, 0, 22, 210.27
1734648149, 237, 98, 105, 38, 0, 0.32%, 20, 0, 22, 183.11
1734648159, 237, 100, 105, 37, 0, 0.32%, 20, 0, 22, 139.33
1734648459, 237, 100, 106, 38, 0, 0.32%, 20, 0, 22, 199.77
1734648474, 237, 100, 107, 39, 0, 0.32%, 20, 0, 22, 202.19
1734648489, 237, 100, 108, 40, 0, 0.32%, 20, 0, 22, 207.41
1734648525, 237, 100, 110, 42, 0, 0.32%, 20, 0, 22, 178.12
1734648540, 237, 107, 110, 41, 0, 0.32%, 20, 0, 22, 158.18
1734648545, 237, 107, 111, 42, 0, 0.32%, 20, 0, 23, 123.08
1734648845, 237, 107, 112, 43, 0, 0.32%, 20, 0, 23, 187.28
1734649108, 237, 107, 113, 44, 0, 0.32%, 20, 0, 23, 212.17
1734649113, 237, 107, 114, 45, 0, 0.32%, 20, 0, 23, 206.92
1734649123, 237, 107, 116, 47, 0, 0.32%, 20, 0, 23, 207.94
1734649143, 237, 107, 117, 48, 0, 0.32%, 20, 0, 23, 213.20
1734649148, 237, 107, 118, 49, 0, 0.32%, 20, 0, 23, 210.20
1734649184, 237, 107, 119, 50, 0, 0.32%, 20, 0, 23, 184.84
1734649194, 237, 108, 119, 49, 0, 0.32%, 20, 0, 23, 160.39
