# unix_time, cycles_done, cur_path, paths_total, pending_total, pending_favs, map_size, unique_crashes, unique_hangs, max_depth, execs_per_sec
1735115687, 0, 0, 10, 10, 1, 0.01%, 0, 0, 1, 81.72
1735115692, 0, 4, 10, 10, 1, 0.01%, 0, 0, 1, 104.42
1735115697, 0, 5, 10, 9, 0, 0.01%, 0, 0, 1, 102.26
1735115707, 0, 6, 10, 8, 0, 0.01%, 0, 0, 1, 102.88
1735115717, 0, 7, 10, 7, 0, 0.01%, 0, 0, 1, 97.84
1735115727, 0, 8, 10, 6, 0, 0.01%, 0, 0, 1, 98.33
1735115738, 0, 9, 10, 5, 0, 0.01%, 0, 0, 1, 95.81
1735115748, 1, 0, 10, 4, 0, 0.01%, 0, 0, 1, 95.58
1735115763, 1, 1, 10, 3, 0, 0.01%, 0, 0, 1, 99.32
1735115773, 1, 2, 10, 2, 0, 0.01%, 0, 0, 1, 94.83
1735115783, 1, 3, 10, 1, 0, 0.01%, 0, 0, 1, 102.42
1735115798, 1, 4, 10, 0, 0, 0.01%, 0, 0, 1, 101.60
1735115803, 1, 6, 10, 0, 0, 0.01%, 0, 0, 1, 102.73
1735115808, 1, 7, 10, 0, 0, 0.01%, 0, 0, 1, 99.75
1735115813, 1, 9, 10, 0, 0, 0.01%, 0, 0, 1, 100.28
1735115819, 2, 0, 10, 0, 0, 0.01%, 0, 0, 1, 100.36
1735115824, 2, 1, 10, 0, 0, 0.01%, 0, 0, 1, 102.51
1735115829, 2, 3, 10, 0, 0, 0.01%, 0, 0, 1, 103.08
1735115834, 2, 4, 10, 0, 0, 0.01%, 0, 0, 1, 102.39
1735115839, 2, 6, 10, 0, 0, 0.01%, 0, 0, 1, 104.33
1735115844, 2, 7, 10, 0, 0, 0.01%, 0, 0, 1, 103.93
1735115849, 2, 8, 10, 0, 0, 0.01%, 0, 0, 1, 102.23
1735115854, 3, 0, 10, 0, 0, 0.01%, 0, 0, 1, 101.98
1735115859, 3, 1, 10, 0, 0, 0.01%, 0, 0, 1, 102.03
1735115865, 3, 3, 10, 0, 0, 0.01%, 0, 0, 1, 102.59
1735115870, 3, 4, 10, 0, 0, 0.01%, 0, 0, 1, 103.88
1735115875, 3, 6, 10, 0, 0, 0.01%, 0, 0, 1, 104.28
1735115880, 3, 7, 10, 0, 0, 0.01%, 0, 0, 1, 101.26
1735115885, 3, 9, 10, 0, 0, 0.01%, 0, 0, 1, 103.93
1735115890, 4, 0, 10, 0, 0, 0.01%, 0, 0, 1, 103.05
1735115895, 4, 1, 10, 0, 0, 0.01%, 0, 0, 1, 102.75
1735115900, 4, 3, 10, 0, 0, 0.01%, 0, 0, 1, 102.14
1735115905, 4, 4, 10, 0, 0, 0.01%, 0, 0, 1, 103.46
1735115910, 4, 6, 10, 0, 0, 0.01%, 0, 0, 1, 102.71
1735115915, 4, 7, 10, 0, 0, 0.01%, 0, 0, 1, 103.00
1735115920, 4, 8, 10, 0, 0, 0.01%, 0, 0, 1, 103.87
1735115926, 5, 0, 10, 0, 0, 0.01%, 0, 0, 1, 102.32
1735115931, 5, 1, 10, 0, 0, 0.01%, 0, 0, 1, 103.67
1735115936, 5, 3, 10, 0, 0, 0.01%, 0, 0, 1, 102.09
1735115941, 5, 4, 10, 0, 0, 0.01%, 0, 0, 1, 103.71
1735115946, 5, 5, 10, 0, 0, 0.01%, 0, 0, 1, 104.57
1735115951, 5, 7, 10, 0, 0, 0.01%, 0, 0, 1, 103.58
1735115956, 5, 8, 10, 0, 0, 0.01%, 0, 0, 1, 101.59
1735115961, 6, 0, 10, 0, 0, 0.01%, 0, 0, 1, 102.19
1735115966, 6, 1, 10, 0, 0, 0.01%, 0, 0, 1, 99.49
1735115971, 6, 3, 10, 0, 0, 0.01%, 0, 0, 1, 103.16
1735115976, 6, 4, 10, 0, 0, 0.01%, 0, 0, 1, 100.47
1735115981, 6, 5, 10, 0, 0, 0.01%, 0, 0, 1, 102.30
1735115986, 6, 7, 10, 0, 0, 0.01%, 0, 0, 1, 100.99
1735115991, 6, 8, 10, 0, 0, 0.01%, 0, 0, 1, 100.51
1735115997, 6, 9, 10, 0, 0, 0.01%, 0, 0, 1, 102.25
1735116002, 7, 1, 10, 0, 0, 0.01%, 0, 0, 1, 102.57
1735116007, 7, 2, 10, 0, 0, 0.01%, 0, 0, 1, 103.38
1735116012, 7, 4, 10, 0, 0, 0.01%, 0, 0, 1, 102.58
1735116017, 7, 5, 10, 0, 0, 0.01%, 0, 0, 1, 102.02
1735116022, 7, 6, 10, 0, 0, 0.01%, 0, 0, 1, 101.19
1735116027, 7, 8, 10, 0, 0, 0.01%, 0, 0, 1, 104.66
1735116032, 7, 9, 10, 0, 0, 0.01%, 0, 0, 1, 100.98
1735116037, 8, 1, 10, 0, 0, 0.01%, 0, 0, 1, 100.55
1735116042, 8, 2, 10, 0, 0, 0.01%, 0, 0, 1, 103.91
1735116048, 8, 4, 10, 0, 0, 0.01%, 0, 0, 1, 102.33
1735116053, 8, 5, 10, 0, 0, 0.01%, 0, 0, 1, 103.64
1735116058, 8, 6, 10, 0, 0, 0.01%, 0, 0, 1, 103.14
1735116063, 8, 8, 10, 0, 0, 0.01%, 0, 0, 1, 101.92
1735116068, 8, 9, 10, 0, 0, 0.01%, 0, 0, 1, 101.54
1735116073, 9, 1, 10, 0, 0, 0.01%, 0, 0, 1, 103.74
1735116078, 9, 2, 10, 0, 0, 0.01%, 0, 0, 1, 101.54
1735116083, 9, 4, 10, 0, 0, 0.01%, 0, 0, 1, 105.09
1735116088, 9, 5, 10, 0, 0, 0.01%, 0, 0, 1, 105.35
1735116093, 9, 6, 10, 0, 0, 0.01%, 0, 0, 1, 104.67
1735116099, 9, 8, 10, 0, 0, 0.01%, 0, 0, 1, 103.72
1735116104, 9, 9, 10, 0, 0, 0.01%, 0, 0, 1, 99.90
1735116109, 10, 1, 10, 0, 0, 0.01%, 0, 0, 1, 101.79
1735116114, 10, 2, 10, 0, 0, 0.01%, 0, 0, 1, 100.30
1735116119, 10, 3, 10, 0, 0, 0.01%, 0, 0, 1, 102.00
1735116124, 10, 5, 10, 0, 0, 0.01%, 0, 0, 1, 100.57
1735116129, 10, 6, 10, 0, 0, 0.01%, 0, 0, 1, 102.88
1735116134, 10, 8, 10, 0, 0, 0.01%, 0, 0, 1, 101.42
1735116139, 10, 9, 10, 0, 0, 0.01%, 0, 0, 1, 99.88
1735116144, 11, 1, 10, 0, 0, 0.01%, 0, 0, 1, 101.28
1735116149, 11, 2, 10, 0, 0, 0.01%, 0, 0, 1, 101.79
1735116154, 11, 3, 10, 0, 0, 0.01%, 0, 0, 1, 104.34
1735116160, 11, 5, 10, 0, 0, 0.01%, 0, 0, 1, 103.74
1735116165, 11, 6, 10, 0, 0, 0.01%, 0, 0, 1, 102.67
1735116170, 11, 8, 10, 0, 0, 0.01%, 0, 0, 1, 101.15
1735116175, 11, 9, 10, 0, 0, 0.01%, 0, 0, 1, 105.11
1735116180, 12, 1, 10, 0, 0, 0.01%, 0, 0, 1, 103.82
1735116185, 12, 2, 10, 0, 0, 0.01%, 0, 0, 1, 103.07
1735116190, 12, 3, 10, 0, 0, 0.01%, 0, 0, 1, 104.01
1735116195, 12, 5, 10, 0, 0, 0.01%, 0, 0, 1, 101.33
1735116200, 12, 6, 10, 0, 0, 0.01%, 0, 0, 1, 100.16
1735116205, 12, 8, 10, 0, 0, 0.01%, 0, 0, 1, 100.68
1735116210, 12, 9, 10, 0, 0, 0.01%, 0, 0, 1, 99.58
1735116215, 13, 0, 10, 0, 0, 0.01%, 0, 0, 1, 101.61
1735116220, 13, 2, 10, 0, 0, 0.01%, 0, 0, 1, 104.45
1735116226, 13, 3, 10, 0, 0, 0.01%, 0, 0, 1, 104.30
1735116231, 13, 5, 10, 0, 0, 0.01%, 0, 0, 1, 106.08
1735116236, 13, 6, 10, 0, 0, 0.01%, 0, 0, 1, 104.24
1735116241, 13, 8, 10, 0, 0, 0.01%, 0, 0, 1, 102.11
1735116246, 13, 9, 10, 0, 0, 0.01%, 0, 0, 1, 102.29
1735116251, 14, 0, 10, 0, 0, 0.01%, 0, 0, 1, 101.81
1735116256, 14, 2, 10, 0, 0, 0.01%, 0, 0, 1, 100.63
1735116261, 14, 3, 10, 0, 0, 0.01%, 0, 0, 1, 104.39
1735116266, 14, 5, 10, 0, 0, 0.01%, 0, 0, 1, 101.41
1735116271, 14, 6, 10, 0, 0, 0.01%, 0, 0, 1, 102.64
1735116276, 14, 7, 10, 0, 0, 0.01%, 0, 0, 1, 103.20
1735116281, 14, 9, 10, 0, 0, 0.01%, 0, 0, 1, 101.62
1735116286, 15, 0, 10, 0, 0, 0.01%, 0, 0, 1, 102.94
1735116291, 15, 2, 10, 0, 0, 0.01%, 0, 0, 1, 104.11
1735116296, 15, 3, 10, 0, 0, 0.01%, 0, 0, 1, 105.16
1735116301, 15, 5, 10, 0, 0, 0.01%, 0, 0, 1, 107.49
1735116307, 15, 6, 10, 0, 0, 0.01%, 0, 0, 1, 106.39
1735116312, 15, 8, 10, 0, 0, 0.01%, 0, 0, 1, 104.50
1735116317, 15, 9, 10, 0, 0, 0.01%, 0, 0, 1, 105.70
1735116322, 16, 1, 10, 0, 0, 0.01%, 0, 0, 1, 109.57
1735116327, 16, 2, 10, 0, 0, 0.01%, 0, 0, 1, 104.89
1735116332, 16, 3, 10, 0, 0, 0.01%, 0, 0, 1, 102.22
1735116337, 16, 5, 10, 0, 0, 0.01%, 0, 0, 1, 107.24
1735116342, 16, 6, 10, 0, 0, 0.01%, 0, 0, 1, 108.72
1735116347, 16, 8, 10, 0, 0, 0.01%, 0, 0, 1, 106.03
1735116352, 16, 9, 10, 0, 0, 0.01%, 0, 0, 1, 108.82
1735116358, 17, 1, 10, 0, 0, 0.01%, 0, 0, 1, 108.64
1735116363, 17, 2, 10, 0, 0, 0.01%, 0, 0, 1, 104.73
1735116368, 17, 4, 10, 0, 0, 0.01%, 0, 0, 1, 104.78
1735116373, 17, 5, 10, 0, 0, 0.01%, 0, 0, 1, 106.75
1735116378, 17, 7, 10, 0, 0, 0.01%, 0, 0, 1, 109.93
1735116383, 17, 8, 10, 0, 0, 0.01%, 0, 0, 1, 107.86
1735116388, 18, 0, 10, 0, 0, 0.01%, 0, 0, 1, 105.84
1735116393, 18, 1, 10, 0, 0, 0.01%, 0, 0, 1, 106.85
1735116398, 18, 3, 10, 0, 0, 0.01%, 0, 0, 1, 104.38
1735116404, 18, 4, 10, 0, 0, 0.01%, 0, 0, 1, 105.47
1735116409, 18, 6, 10, 0, 0, 0.01%, 0, 0, 1, 110.78
1735116414, 18, 7, 10, 0, 0, 0.01%, 0, 0, 1, 108.80
1735116419, 18, 9, 10, 0, 0, 0.01%, 0, 0, 1, 108.90
1735116424, 19, 0, 10, 0, 0, 0.01%, 0, 0, 1, 109.98
1735116429, 19, 2, 10, 0, 0, 0.01%, 0, 0, 1, 106.73
1735116434, 19, 3, 10, 0, 0, 0.01%, 0, 0, 1, 104.58
1735116439, 19, 5, 10, 0, 0, 0.01%, 0, 0, 1, 108.13
1735116445, 19, 6, 10, 0, 0, 0.01%, 0, 0, 1, 109.47
1735116450, 19, 8, 10, 0, 0, 0.01%, 0, 0, 1, 108.52
1735116455, 19, 9, 10, 0, 0, 0.01%, 0, 0, 1, 107.75
1735116460, 20, 8, 11, 1, 1, 0.16%, 1, 0, 2, 104.78
1735116465, 20, 10, 13, 3, 1, 0.16%, 3, 0, 3, 131.80
1735116547, 20, 11, 13, 2, 2, 0.16%, 3, 0, 3, 130.78
1735116568, 20, 11, 14, 3, 2, 0.16%, 3, 0, 4, 116.51
1735116593, 20, 11, 15, 4, 2, 0.16%, 3, 0, 4, 117.57
1735116619, 20, 11, 16, 5, 2, 0.17%, 4, 0, 4, 117.02
1735116655, 20, 11, 17, 6, 2, 0.17%, 4, 0, 4, 117.52
1735116670, 20, 12, 17, 5, 2, 0.17%, 4, 0, 4, 136.18
1735116712, 20, 12, 18, 6, 2, 0.17%, 5, 0, 4, 118.27
1735116727, 20, 16, 18, 5, 2, 0.17%, 5, 0, 4, 140.66
1735116758, 20, 16, 19, 6, 2, 0.17%, 5, 0, 5, 122.96
1735116789, 20, 16, 20, 7, 2, 0.17%, 5, 0, 5, 121.77
1735116850, 20, 16, 21, 8, 2, 0.17%, 5, 0, 5, 123.01
1735116891, 20, 17, 22, 8, 1, 0.17%, 5, 0, 5, 130.18
1735116911, 20, 17, 23, 9, 1, 0.17%, 5, 0, 5, 125.85
1735116916, 20, 17, 24, 10, 1, 0.17%, 5, 0, 5, 123.46
1735116962, 20, 17, 25, 11, 1, 0.17%, 5, 0, 5, 128.38
1735116972, 20, 17, 26, 12, 1, 0.17%, 5, 0, 5, 123.75
1735116978, 20, 17, 27, 13, 1, 0.17%, 5, 0, 5, 124.87
1735116998, 20, 17, 30, 16, 1, 0.17%, 5, 0, 5, 124.34
1735117009, 20, 17, 35, 21, 1, 0.17%, 5, 0, 5, 151.09
1735117014, 20, 17, 36, 22, 1, 0.17%, 5, 0, 5, 142.52
1735117019, 20, 21, 37, 22, 1, 0.17%, 5, 0, 5, 132.81
1735117096, 20, 25, 37, 21, 0, 0.17%, 5, 0, 5, 194.20
1735117209, 20, 25, 38, 22, 0, 0.17%, 6, 0, 6, 245.46
1735117229, 20, 25, 39, 23, 0, 0.17%, 7, 0, 6, 187.15
1735117295, 21, 12, 39, 22, 0, 0.17%, 7, 0, 6, 138.19
1735117306, 21, 16, 39, 22, 0, 0.17%, 7, 0, 6, 136.90
1735117316, 21, 16, 41, 24, 0, 0.17%, 7, 0, 6, 153.10
1735117326, 21, 21, 41, 24, 0, 0.17%, 7, 0, 6, 144.83
1735117347, 21, 26, 41, 24, 0, 0.17%, 7, 0, 6, 210.81
1735117438, 21, 27, 41, 23, 0, 0.17%, 7, 0, 6, 207.32
1735117529, 21, 28, 41, 22, 0, 0.17%, 7, 0, 6, 219.40
1735117580, 21, 33, 41, 21, 0, 0.17%, 7, 0, 6, 166.38
1735117631, 21, 34, 41, 20, 0, 0.17%, 7, 0, 6, 132.11
1735117810, 21, 36, 41, 19, 0, 0.17%, 7, 0, 6, 172.63
1735117866, 21, 37, 41, 18, 0, 0.17%, 7, 0, 6, 169.29
1735118127, 21, 38, 41, 17, 0, 0.17%, 7, 0, 6, 232.24
1735118270, 22, 12, 41, 16, 0, 0.17%, 7, 0, 6, 138.83
1735118281, 22, 14, 41, 16, 0, 0.17%, 7, 0, 6, 152.71
1735118332, 22, 16, 41, 15, 0, 0.17%, 7, 0, 6, 128.66
1735118347, 22, 19, 41, 15, 0, 0.17%, 7, 0, 6, 161.15
1735118531, 22, 21, 41, 14, 0, 0.17%, 7, 0, 6, 137.28
1735118552, 22, 22, 41, 14, 0, 0.17%, 7, 0, 6, 183.66
1735118603, 22, 31, 41, 13, 0, 0.17%, 7, 0, 6, 200.75
1735118725, 23, 12, 41, 12, 0, 0.17%, 7, 0, 6, 136.01
1735118735, 23, 16, 41, 12, 0, 0.17%, 7, 0, 6, 147.21
1735118756, 23, 21, 41, 12, 0, 0.17%, 7, 0, 6, 136.95
1735118776, 23, 30, 41, 12, 0, 0.17%, 7, 0, 6, 192.79
1735118832, 23, 39, 41, 11, 0, 0.17%, 7, 0, 6, 136.29
1735118883, 24, 2, 41, 10, 0, 0.17%, 7, 0, 6, 162.24
1735118888, 24, 12, 41, 10, 0, 0.17%, 7, 0, 6, 148.81
1735118898, 24, 13, 41, 10, 0, 0.17%, 7, 0, 6, 153.35
1735118944, 24, 16, 41, 9, 0, 0.17%, 7, 0, 6, 136.69
1735118965, 24, 18, 41, 9, 0, 0.17%, 7, 0, 6, 166.27
1735119011, 24, 20, 41, 8, 0, 0.17%, 7, 0, 6, 154.21
1735119113, 24, 21, 41, 7, 0, 0.17%, 7, 0, 6, 145.48
1735119133, 24, 24, 41, 7, 0, 0.17%, 7, 0, 6, 162.42
1735119210, 24, 29, 41, 6, 0, 0.17%, 7, 0, 6, 155.69
1735119265, 24, 32, 41, 5, 0, 0.17%, 7, 0, 6, 185.31
1735119317, 24, 36, 41, 4, 0, 0.17%, 7, 0, 6, 137.93
1735119342, 25, 16, 41, 4, 0, 0.17%, 7, 0, 6, 135.61
1735119348, 25, 21, 41, 4, 0, 0.17%, 7, 0, 6, 146.00
1735119353, 25, 35, 41, 4, 0, 0.17%, 7, 0, 6, 187.39
1735119409, 26, 16, 41, 3, 0, 0.17%, 7, 0, 6, 129.87
1735119414, 26, 21, 41, 3, 0, 0.17%, 7, 0, 6, 138.85
1735119419, 26, 35, 41, 3, 0, 0.17%, 7, 0, 6, 144.38
1735119440, 27, 0, 41, 3, 0, 0.17%, 7, 0, 6, 147.17
1735119445, 27, 12, 41, 3, 0, 0.17%, 7, 0, 6, 141.76
1735119450, 27, 16, 41, 3, 0, 0.17%, 7, 0, 6, 145.33
1735119455, 27, 21, 41, 3, 0, 0.17%, 7, 0, 6, 141.22
1735119461, 27, 28, 41, 3, 0, 0.17%, 7, 0, 6, 148.40
1735119481, 27, 40, 41, 3, 0, 0.17%, 7, 0, 6, 239.56
1735119614, 28, 2, 41, 2, 0, 0.17%, 7, 0, 6, 139.04
1735119619, 28, 16, 41, 2, 0, 0.17%, 7, 0, 6, 140.82
1735119624, 28, 21, 41, 2, 0, 0.17%, 7, 0, 6, 139.22
1735119630, 29, 7, 41, 2, 0, 0.17%, 7, 0, 6, 144.66
1735119635, 29, 15, 41, 2, 0, 0.17%, 7, 0, 6, 175.17
1735119681, 29, 16, 41, 1, 0, 0.17%, 7, 0, 6, 137.47
1735119686, 29, 21, 41, 1, 0, 0.17%, 7, 0, 6, 134.94
1735119691, 30, 12, 41, 1, 0, 0.17%, 7, 0, 6, 135.83
1735119697, 30, 16, 41, 1, 0, 0.17%, 7, 0, 6, 137.37
1735119702, 30, 20, 41, 1, 0, 0.17%, 7, 0, 6, 162.46
1735119722, 30, 21, 41, 1, 0, 0.17%, 7, 0, 6, 143.09
1735119727, 30, 40, 41, 1, 0, 0.17%, 7, 0, 6, 178.11
1735119743, 31, 12, 41, 1, 0, 0.17%, 7, 0, 6, 119.04
1735119748, 31, 16, 41, 1, 0, 0.17%, 7, 0, 6, 132.47
1735119753, 31, 20, 42, 2, 0, 0.17%, 8, 0, 6, 155.08
1735119779, 31, 21, 42, 2, 0, 0.17%, 8, 0, 6, 138.38
1735119784, 31, 24, 42, 2, 0, 0.17%, 8, 0, 6, 134.81
1735119804, 31, 38, 42, 2, 0, 0.17%, 8, 0, 6, 160.61
1735119824, 31, 41, 42, 2, 0, 0.17%, 8, 0, 6, 166.91
1735120115, 32, 15, 42, 1, 0, 0.17%, 8, 0, 6, 136.81
1735120136, 32, 16, 42, 1, 0, 0.17%, 8, 0, 6, 144.33
1735120141, 32, 21, 42, 1, 0, 0.17%, 8, 0, 6, 140.31
1735120146, 32, 38, 42, 1, 0, 0.17%, 8, 0, 6, 163.74
1735120167, 33, 12, 42, 1, 0, 0.17%, 8, 0, 6, 144.77
1735120172, 33, 16, 42, 1, 0, 0.17%, 8, 0, 6, 141.40
1735120177, 33, 21, 42, 1, 0, 0.17%, 8, 0, 6, 138.94
1735120182, 33, 32, 42, 1, 0, 0.17%, 8, 0, 6, 146.23
1735120202, 34, 10, 42, 1, 0, 0.17%, 8, 0, 6, 140.85
1735120213, 34, 12, 42, 1, 0, 0.17%, 8, 0, 6, 138.03
1735120218, 34, 16, 42, 1, 0, 0.17%, 8, 0, 6, 145.07
1735120223, 34, 21, 42, 1, 0, 0.17%, 8, 0, 6, 157.07
1735120228, 34, 30, 42, 1, 0, 0.17%, 8, 0, 6, 144.01
1735120248, 35, 16, 42, 1, 0, 0.17%, 8, 0, 6, 148.57
1735120253, 35, 21, 42, 1, 0, 0.17%, 8, 0, 6, 144.22
1735120258, 36, 12, 42, 1, 0, 0.17%, 8, 0, 6, 144.17
1735120263, 36, 16, 42, 1, 0, 0.17%, 8, 0, 6, 142.41
1735120269, 36, 21, 42, 1, 0, 0.17%, 8, 0, 6, 145.80
1735120274, 36, 23, 42, 1, 0, 0.17%, 8, 0, 6, 236.50
1735120360, 37, 15, 42, 0, 0, 0.17%, 8, 0, 6, 140.08
1735120380, 37, 16, 42, 0, 0, 0.17%, 8, 0, 6, 142.59
1735120385, 37, 21, 42, 0, 0, 0.17%, 8, 0, 6, 142.90
1735120390, 38, 12, 42, 0, 0, 0.17%, 8, 0, 6, 136.50
1735120396, 38, 16, 42, 0, 0, 0.17%, 8, 0, 6, 138.52
1735120401, 38, 17, 42, 0, 0, 0.17%, 8, 0, 6, 137.30
1735120416, 38, 21, 42, 0, 0, 0.17%, 8, 0, 6, 135.56
1735120421, 38, 31, 42, 0, 0, 0.17%, 8, 0, 6, 142.19
1735120442, 39, 0, 42, 0, 0, 0.17%, 8, 0, 6, 133.26
1735120447, 39, 16, 42, 0, 0, 0.17%, 8, 0, 6, 135.08
1735120452, 39, 19, 42, 0, 0, 0.17%, 8, 0, 6, 156.79
1735120473, 39, 21, 42, 0, 0, 0.17%, 8, 0, 6, 140.91
1735120478, 39, 28, 42, 0, 0, 0.17%, 8, 0, 6, 147.94
1735120498, 39, 29, 42, 0, 0, 0.17%, 8, 0, 6, 156.95
1735120519, 40, 12, 42, 0, 0, 0.17%, 8, 0, 6, 136.05
1735120524, 40, 16, 42, 0, 0, 0.17%, 8, 0, 6, 147.74
1735120529, 40, 21, 42, 0, 0, 0.17%, 8, 0, 6, 149.25
1735120534, 41, 12, 42, 0, 0, 0.17%, 8, 0, 6, 144.35
1735120539, 41, 13, 42, 0, 0, 0.17%, 8, 0, 6, 141.44
1735120555, 41, 15, 42, 0, 0, 0.17%, 8, 0, 6, 140.13
1735120575, 41, 16, 42, 0, 0, 0.17%, 8, 0, 6, 140.94
1735120580, 41, 21, 42, 0, 0, 0.17%, 8, 0, 6, 135.90
1735120585, 42, 12, 42, 0, 0, 0.17%, 8, 0, 6, 140.47
1735120591, 42, 16, 42, 0, 0, 0.17%, 8, 0, 6, 135.37
1735120596, 42, 21, 42, 0, 0, 0.17%, 8, 0, 6, 145.09
1735120601, 43, 16, 42, 0, 0, 0.17%, 8, 0, 6, 141.20
1735120606, 43, 19, 42, 0, 0, 0.17%, 8, 0, 6, 154.34
1735120626, 43, 21, 42, 0, 0, 0.17%, 8, 0, 6, 139.46
1735120632, 43, 29, 42, 0, 0, 0.17%, 8, 0, 6, 147.42
1735120652, 44, 5, 42, 0, 0, 0.17%, 8, 0, 6, 144.82
1735120657, 44, 16, 42, 0, 0, 0.17%, 8, 0, 6, 138.53
1735120662, 44, 17, 42, 0, 0, 0.17%, 8, 0, 6, 139.67
1735120683, 44, 20, 42, 0, 0, 0.17%, 8, 0, 6, 147.03
1735120703, 44, 21, 42, 0, 0, 0.17%, 8, 0, 6, 142.48
1735120708, 44, 37, 42, 0, 0, 0.17%, 8, 0, 6, 170.08
1735120728, 45, 12, 42, 0, 0, 0.17%, 8, 0, 6, 138.65
1735120734, 45, 14, 42, 0, 0, 0.17%, 8, 0, 6, 138.30
1735120754, 45, 16, 42, 0, 0, 0.17%, 8, 0, 6, 136.07
1735120759, 45, 21, 42, 0, 0, 0.17%, 8, 0, 6, 140.79
1735120765, 45, 37, 42, 0, 0, 0.17%, 8, 0, 6, 179.60
1735120780, 46, 12, 42, 0, 0, 0.17%, 8, 0, 6, 150.38
1735120785, 46, 13, 42, 0, 0, 0.17%, 8, 0, 6, 138.76
1735120806, 46, 14, 42, 0, 0, 0.17%, 8, 0, 6, 138.98
1735120826, 46, 16, 42, 0, 0, 0.17%, 8, 0, 6, 155.84
1735120831, 46, 17, 42, 0, 0, 0.17%, 8, 0, 6, 139.41
1735120847, 46, 21, 42, 0, 0, 0.17%, 8, 0, 6, 134.83
1735120852, 46, 31, 42, 0, 0, 0.17%, 8, 0, 6, 143.06
1735120873, 46, 41, 42, 0, 0, 0.17%, 8, 0, 6, 179.89
1735120893, 47, 16, 42, 0, 0, 0.17%, 8, 0, 6, 135.06
1735120898, 47, 21, 42, 0, 0, 0.17%, 8, 0, 6, 149.26
1735120903, 47, 38, 42, 0, 0, 0.17%, 8, 0, 6, 163.60
1735120924, 48, 16, 42, 0, 0, 0.17%, 8, 0, 6, 142.43
1735120929, 48, 21, 42, 0, 0, 0.17%, 8, 0, 6, 146.05
1735120934, 48, 22, 42, 0, 0, 0.17%, 8, 0, 6, 138.58
1735120954, 49, 2, 42, 0, 0, 0.17%, 8, 0, 6, 146.64
1735120959, 49, 12, 42, 0, 0, 0.17%, 8, 0, 6, 137.70
1735120965, 49, 16, 42, 0, 0, 0.17%, 8, 0, 6, 143.61
1735120970, 49, 21, 42, 0, 0, 0.17%, 8, 0, 6, 140.77
1735120975, 49, 22, 42, 0, 0, 0.17%, 8, 0, 6, 146.22
1735120995, 49, 26, 42, 0, 0, 0.17%, 8, 0, 6, 174.96
1735121011, 50, 1, 42, 0, 0, 0.17%, 8, 0, 6, 150.92
1735121016, 50, 12, 42, 0, 0, 0.17%, 8, 0, 6, 142.12
1735121021, 50, 16, 42, 0, 0, 0.17%, 8, 0, 6, 138.62
1735121026, 50, 21, 42, 0, 0, 0.17%, 8, 0, 6, 144.97
1735121031, 51, 12, 42, 0, 0, 0.17%, 8, 0, 6, 138.68
1735121036, 51, 16, 42, 0, 0, 0.17%, 8, 0, 6, 134.22
1735121042, 51, 19, 42, 0, 0, 0.17%, 8, 0, 6, 159.98
1735121062, 51, 20, 42, 0, 0, 0.17%, 8, 0, 6, 154.73
1735121077, 51, 21, 42, 0, 0, 0.17%, 8, 0, 6, 129.67
1735121082, 51, 28, 42, 0, 0, 0.17%, 8, 0, 6, 138.72
1735121103, 52, 12, 42, 0, 0, 0.17%, 8, 0, 6, 132.05
1735121108, 52, 16, 42, 0, 0, 0.17%, 8, 0, 6, 136.49
1735121113, 52, 21, 42, 0, 0, 0.17%, 8, 0, 6, 137.89
1735121118, 52, 25, 42, 0, 0, 0.17%, 8, 0, 6, 162.05
1735121138, 53, 16, 42, 0, 0, 0.17%, 8, 0, 6, 144.20
1735121143, 53, 21, 42, 0, 0, 0.17%, 8, 0, 6, 141.27
1735121149, 53, 27, 42, 0, 0, 0.17%, 8, 0, 6, 159.95
1735121169, 53, 39, 42, 0, 0, 0.17%, 8, 0, 6, 144.69
1735121189, 54, 16, 42, 0, 0, 0.17%, 8, 0, 6, 142.89
1735121194, 54, 21, 42, 0, 0, 0.17%, 8, 0, 6, 137.59
1735121199, 54, 29, 42, 0, 0, 0.17%, 8, 0, 6, 148.53
1735121220, 55, 16, 42, 0, 0, 0.17%, 8, 0, 6, 134.56
1735121225, 55, 21, 42, 0, 0, 0.17%, 8, 0, 6, 139.58
1735121235, 55, 33, 42, 0, 0, 0.17%, 8, 0, 6, 141.68
1735121256, 56, 10, 42, 0, 0, 0.17%, 8, 0, 6, 144.55
1735121266, 56, 14, 42, 0, 0, 0.17%, 8, 0, 6, 141.07
1735121286, 56, 16, 42, 0, 0, 0.17%, 8, 0, 6, 146.92
1735121292, 56, 21, 42, 0, 0, 0.17%, 8, 0, 6, 142.28
1735121297, 56, 27, 42, 0, 0, 0.17%, 8, 0, 6, 166.58
1735121317, 56, 29, 42, 0, 0, 0.17%, 8, 0, 6, 156.25
1735121332, 57, 12, 42, 0, 0, 0.17%, 8, 0, 6, 146.66
1735121337, 57, 16, 42, 0, 0, 0.17%, 8, 0, 6, 145.84
1735121342, 57, 21, 42, 0, 0, 0.17%, 8, 0, 6, 143.95
1735121348, 57, 23, 42, 0, 0, 0.17%, 8, 0, 6, 165.47
1735121363, 58, 12, 42, 0, 0, 0.17%, 8, 0, 6, 151.21
1735121368, 58, 16, 42, 0, 0, 0.17%, 8, 0, 6, 144.52
1735121373, 58, 21, 42, 0, 0, 0.17%, 8, 0, 6, 141.02
1735121378, 58, 37, 42, 0, 0, 0.17%, 8, 0, 6, 174.56
1735121399, 59, 16, 42, 0, 0, 0.17%, 8, 0, 6, 140.17
1735121404, 59, 21, 42, 0, 0, 0.17%, 8, 0, 6, 145.89
1735121409, 59, 26, 42, 0, 0, 0.17%, 8, 0, 6, 147.79
1735121430, 60, 2, 42, 0, 0, 0.17%, 8, 0, 6, 142.19
1735121435, 60, 11, 42, 0, 0, 0.17%, 8, 0, 6, 138.89
1735121440, 60, 12, 42, 0, 0, 0.17%, 8, 0, 6, 141.53
1735121445, 60, 16, 42, 0, 0, 0.17%, 8, 0, 6, 139.14
1735121450, 60, 18, 42, 0, 0, 0.17%, 8, 0, 6, 138.59
1735121471, 60, 21, 42, 0, 0, 0.17%, 8, 0, 6, 141.51
1735121476, 60, 30, 42, 0, 0, 0.17%, 8, 0, 6, 146.16
1735121492, 61, 6, 42, 0, 0, 0.17%, 8, 0, 6, 141.22
1735121497, 61, 12, 42, 0, 0, 0.17%, 8, 0, 6, 144.56
1735121502, 61, 16, 42, 0, 0, 0.17%, 8, 0, 6, 147.47
1735121507, 61, 21, 42, 0, 0, 0.17%, 8, 0, 6, 151.53
1735121512, 61, 24, 42, 0, 0, 0.17%, 8, 0, 6, 146.98
1735121532, 62, 16, 42, 0, 0, 0.17%, 8, 0, 6, 137.34
1735121538, 62, 21, 42, 0, 0, 0.17%, 8, 0, 6, 133.58
1735121543, 62, 37, 42, 0, 0, 0.17%, 8, 0, 6, 146.50
1735121563, 63, 12, 42, 0, 0, 0.17%, 8, 0, 6, 141.48
1735121568, 63, 16, 42, 0, 0, 0.17%, 8, 0, 6, 146.25
1735121573, 63, 21, 42, 0, 0, 0.17%, 8, 0, 6, 136.79
1735121578, 63, 35, 42, 0, 0, 0.17%, 8, 0, 6, 147.32
1735121599, 63, 37, 42, 0, 0, 0.17%, 8, 0, 6, 153.45
1735121604, 64, 12, 42, 0, 0, 0.17%, 8, 0, 6, 142.48
1735121609, 64, 16, 42, 0, 0, 0.17%, 8, 0, 6, 134.45
1735121614, 64, 18, 42, 0, 0, 0.17%, 8, 0, 6, 141.32
1735121629, 64, 21, 42, 0, 0, 0.17%, 8, 0, 6, 162.45
1735121635, 65, 6, 42, 0, 0, 0.17%, 8, 0, 6, 150.37
1735121640, 65, 15, 42, 0, 0, 0.17%, 8, 0, 6, 144.34
1735121660, 65, 16, 42, 0, 0, 0.17%, 8, 0, 6, 140.54
1735121666, 65, 20, 42, 0, 0, 0.17%, 8, 0, 6, 148.70
1735121671, 65, 21, 42, 0, 0, 0.17%, 8, 0, 6, 135.89
1735121676, 65, 27, 42, 0, 0, 0.17%, 8, 0, 6, 155.95
1735121696, 66, 16, 42, 0, 0, 0.17%, 8, 0, 6, 138.77
1735121701, 66, 19, 42, 0, 0, 0.17%, 8, 0, 6, 136.99
1735121722, 66, 21, 42, 0, 0, 0.17%, 8, 0, 6, 132.20
1735121727, 66, 32, 42, 0, 0, 0.17%, 8, 0, 6, 141.10
1735121747, 66, 37, 42, 0, 0, 0.17%, 8, 0, 6, 163.26
1735121752, 66, 41, 42, 0, 0, 0.17%, 8, 0, 6, 166.79
1735121772, 67, 16, 42, 0, 0, 0.17%, 8, 0, 6, 143.68
1735121777, 67, 21, 42, 0, 0, 0.17%, 8, 0, 6, 138.33
1735121783, 67, 22, 42, 0, 0, 0.17%, 8, 0, 6, 145.50
1735121803, 68, 9, 42, 0, 0, 0.17%, 8, 0, 6, 144.52
1735121808, 68, 11, 42, 0, 0, 0.17%, 8, 0, 6, 134.10
1735121819, 68, 16, 42, 0, 0, 0.17%, 8, 0, 6, 139.65
1735121824, 68, 19, 42, 0, 0, 0.17%, 8, 0, 6, 147.45
1735121829, 68, 21, 42, 0, 0, 0.17%, 8, 0, 6, 137.67
1735121834, 68, 38, 42, 0, 0, 0.17%, 8, 0, 6, 153.45
1735121854, 69, 0, 42, 0, 0, 0.17%, 8, 0, 6, 133.97
1735121859, 69, 16, 42, 0, 0, 0.17%, 8, 0, 6, 142.16
1735121865, 69, 18, 42, 0, 0, 0.17%, 8, 0, 6, 144.30
1735121885, 69, 20, 42, 0, 0, 0.17%, 8, 0, 6, 137.85
1735121890, 69, 21, 42, 0, 0, 0.17%, 8, 0, 6, 139.70
1735121896, 70, 12, 42, 0, 0, 0.17%, 8, 0, 6, 145.04
1735121901, 70, 16, 42, 0, 0, 0.17%, 8, 0, 6, 147.97
1735121906, 70, 21, 42, 0, 0, 0.17%, 8, 0, 6, 157.42
1735121911, 70, 25, 42, 0, 0, 0.17%, 8, 0, 6, 174.03
1735121926, 71, 12, 42, 0, 0, 0.17%, 8, 0, 6, 137.65
1735121931, 71, 16, 42, 0, 0, 0.17%, 8, 0, 6, 140.63
1735121936, 71, 21, 42, 0, 0, 0.17%, 8, 0, 6, 138.00
1735121941, 71, 39, 42, 0, 0, 0.17%, 8, 0, 6, 145.95
1735121962, 71, 41, 42, 0, 0, 0.17%, 8, 0, 6, 188.00
1735121982, 72, 16, 42, 0, 0, 0.17%, 8, 0, 6, 141.54
1735121987, 72, 21, 42, 0, 0, 0.17%, 8, 0, 6, 133.59
1735121993, 72, 34, 42, 0, 0, 0.17%, 8, 0, 6, 142.56
1735122013, 73, 12, 42, 0, 0, 0.17%, 8, 0, 6, 136.87
1735122018, 73, 16, 42, 0, 0, 0.17%, 8, 0, 6, 142.15
1735122023, 73, 21, 42, 0, 0, 0.17%, 8, 0, 6, 150.52
1735122028, 73, 38, 42, 0, 0, 0.17%, 8, 0, 6, 154.51
1735122033, 74, 16, 42, 0, 0, 0.17%, 8, 0, 6, 141.89
1735122039, 74, 21, 42, 0, 0, 0.17%, 8, 0, 6, 142.91
1735122044, 74, 23, 42, 0, 0, 0.17%, 8, 0, 6, 160.62
1735122064, 74, 26, 42, 0, 0, 0.17%, 8, 0, 6, 170.73
1735122079, 74, 36, 42, 0, 0, 0.17%, 8, 0, 6, 146.85
1735122100, 75, 6, 42, 0, 0, 0.17%, 8, 0, 6, 147.96
1735122105, 75, 16, 42, 0, 0, 0.17%, 8, 0, 6, 136.87
1735122110, 75, 21, 42, 0, 0, 0.17%, 8, 0, 6, 134.98
1735122115, 75, 22, 42, 0, 0, 0.17%, 8, 0, 6, 145.17
1735122136, 75, 36, 42, 0, 0, 0.17%, 8, 0, 6, 137.37
1735122157, 75, 38, 42, 0, 0, 0.17%, 8, 0, 6, 155.77
1735122162, 76, 12, 42, 0, 0, 0.17%, 8, 0, 6, 143.50
1735122167, 76, 16, 42, 0, 0, 0.17%, 8, 0, 6, 140.09
1735122172, 76, 21, 42, 0, 0, 0.17%, 8, 0, 6, 135.14
1735122177, 76, 27, 42, 0, 0, 0.17%, 8, 0, 6, 163.87
1735122197, 76, 34, 42, 0, 0, 0.17%, 8, 0, 6, 149.52
1735122218, 77, 16, 42, 0, 0, 0.17%, 8, 0, 6, 138.15
1735122223, 77, 21, 42, 0, 0, 0.17%, 8, 0, 6, 135.58
1735122228, 77, 29, 42, 0, 0, 0.17%, 8, 0, 6, 143.24
1735122233, 78, 12, 42, 0, 0, 0.17%, 8, 0, 6, 136.07
1735122238, 78, 16, 42, 0, 0, 0.17%, 8, 0, 6, 146.46
1735122243, 78, 21, 42, 0, 0, 0.17%, 8, 0, 6, 147.15
1735122249, 78, 28, 42, 0, 0, 0.17%, 8, 0, 6, 154.98
1735122269, 78, 33, 42, 0, 0, 0.17%, 8, 0, 6, 145.25
1735122284, 79, 12, 42, 0, 0, 0.17%, 8, 0, 6, 158.81
1735122289, 79, 16, 42, 0, 0, 0.17%, 8, 0, 6, 137.31
1735122294, 79, 21, 42, 0, 0, 0.17%, 8, 0, 6, 146.62
1735122300, 79, 29, 42, 0, 0, 0.17%, 8, 0, 6, 149.13
1735122305, 79, 31, 42, 0, 0, 0.17%, 8, 0, 6, 151.31
1735122320, 80, 3, 42, 0, 0, 0.17%, 8, 0, 6, 140.67
1735122325, 80, 11, 42, 0, 0, 0.17%, 8, 0, 6, 132.80
1735122335, 80, 12, 42, 0, 0, 0.17%, 8, 0, 6, 147.33
1735122340, 80, 16, 42, 0, 0, 0.17%, 8, 0, 6, 136.21
1735122346, 80, 21, 42, 0, 0, 0.17%, 8, 0, 6, 142.88
1735122351, 80, 25, 42, 0, 0, 0.17%, 8, 0, 6, 170.63
1735122366, 81, 12, 42, 0, 0, 0.17%, 8, 0, 6, 153.45
1735122371, 81, 14, 42, 0, 0, 0.17%, 8, 0, 6, 138.57
1735122391, 81, 16, 42, 0, 0, 0.17%, 8, 0, 6, 136.17
1735122397, 81, 21, 42, 0, 0, 0.17%, 8, 0, 6, 136.83
1735122402, 81, 34, 42, 0, 0, 0.17%, 8, 0, 6, 152.10
1735122422, 81, 40, 42, 0, 0, 0.17%, 8, 0, 6, 174.33
1735122443, 82, 16, 42, 0, 0, 0.17%, 8, 0, 6, 138.60
1735122448, 82, 21, 42, 0, 0, 0.17%, 8, 0, 6, 144.23
1735122453, 82, 24, 42, 0, 0, 0.17%, 8, 0, 6, 142.68
1735122474, 82, 25, 42, 0, 0, 0.17%, 8, 0, 6, 167.86
1735122489, 82, 39, 42, 0, 0, 0.17%, 8, 0, 6, 142.23
1735122509, 83, 2, 42, 0, 0, 0.17%, 8, 0, 6, 139.83
1735122514, 83, 16, 42, 0, 0, 0.17%, 8, 0, 6, 138.87
1735122520, 83, 21, 42, 0, 0, 0.17%, 8, 0, 6, 136.51
1735122525, 84, 8, 42, 0, 0, 0.17%, 8, 0, 6, 134.88
1735122530, 84, 16, 42, 0, 0, 0.17%, 8, 0, 6, 140.87
1735122535, 84, 21, 42, 0, 0, 0.17%, 8, 0, 6, 144.86
1735122540, 85, 6, 42, 0, 0, 0.17%, 8, 0, 6, 141.80
1735122545, 85, 16, 42, 0, 0, 0.17%, 8, 0, 6, 133.14
1735122550, 85, 21, 42, 0, 0, 0.17%, 8, 0, 6, 141.67
1735122555, 85, 29, 42, 0, 0, 0.17%, 8, 0, 6, 144.32
1735122561, 86, 12, 42, 0, 0, 0.17%, 8, 0, 6, 141.32
1735122566, 86, 16, 42, 0, 0, 0.17%, 8, 0, 6, 136.15
1735122571, 86, 21, 42, 0, 0, 0.17%, 8, 0, 6, 135.33
1735122576, 87, 12, 42, 0, 0, 0.17%, 8, 0, 6, 134.70
1735122581, 87, 16, 42, 0, 0, 0.17%, 8, 0, 6, 137.25
1735122586, 87, 21, 42, 0, 0, 0.17%, 8, 0, 6, 137.65
1735122592, 87, 34, 42, 0, 0, 0.17%, 8, 0, 6, 154.61
1735122612, 88, 16, 42, 0, 0, 0.17%, 8, 0, 6, 136.91
1735122617, 88, 18, 42, 0, 0, 0.17%, 8, 0, 6, 144.41
1735122638, 88, 19, 42, 0, 0, 0.17%, 8, 0, 6, 156.46
1735122643, 88, 21, 42, 0, 0, 0.17%, 8, 0, 6, 141.44
1735122648, 88, 23, 42, 0, 0, 0.17%, 8, 0, 6, 155.56
1735122669, 89, 13, 42, 0, 0, 0.17%, 8, 0, 6, 139.47
1735122689, 89, 16, 42, 0, 0, 0.17%, 8, 0, 6, 129.42
1735122700, 89, 33, 42, 0, 0, 0.17%, 8, 0, 6, 136.78
1735122725, 90, 16, 42, 0, 0, 0.17%, 8, 0, 6, 138.98
1735122730, 90, 21, 42, 0, 0, 0.17%, 8, 0, 6, 141.14
1735122735, 90, 27, 42, 0, 0, 0.17%, 8, 0, 6, 146.77
1735122741, 91, 12, 42, 0, 0, 0.17%, 8, 0, 6, 136.76
1735122746, 91, 16, 42, 0, 0, 0.17%, 8, 0, 6, 139.18
1735122751, 91, 21, 42, 0, 0, 0.17%, 8, 0, 6, 140.36
1735122756, 91, 32, 42, 0, 0, 0.17%, 8, 0, 6, 143.97
1735122777, 92, 13, 42, 0, 0, 0.17%, 8, 0, 6, 137.39
1735122797, 92, 14, 42, 0, 0, 0.17%, 8, 0, 6, 133.01
1735122802, 92, 16, 42, 0, 0, 0.17%, 8, 0, 6, 137.46
1735122807, 92, 21, 42, 0, 0, 0.17%, 8, 0, 6, 141.85
1735122813, 92, 32, 42, 0, 0, 0.17%, 8, 0, 6, 142.65
1735122833, 92, 39, 42, 0, 0, 0.17%, 8, 0, 6, 151.65
1735122853, 93, 14, 42, 0, 0, 0.17%, 8, 0, 6, 138.26
1735122858, 93, 16, 42, 0, 0, 0.17%, 8, 0, 6, 139.39
1735122863, 93, 21, 42, 0, 0, 0.17%, 8, 0, 6, 138.67
1735122869, 94, 5, 42, 0, 0, 0.17%, 8, 0, 6, 139.06
1735122874, 94, 16, 42, 0, 0, 0.17%, 8, 0, 6, 139.50
1735122879, 94, 21, 42, 0, 0, 0.17%, 8, 0, 6, 145.01
1735122884, 94, 27, 42, 0, 0, 0.17%, 8, 0, 6, 151.88
1735122889, 95, 12, 42, 0, 0, 0.17%, 8, 0, 6, 141.11
1735122894, 95, 14, 42, 0, 0, 0.17%, 8, 0, 6, 143.37
1735122900, 95, 16, 42, 0, 0, 0.17%, 8, 0, 6, 143.78
1735122905, 95, 21, 42, 0, 0, 0.17%, 8, 0, 6, 144.63
1735122910, 95, 34, 42, 0, 0, 0.17%, 8, 0, 6, 148.39
1735122915, 96, 12, 42, 0, 0, 0.17%, 8, 0, 6, 140.36
1735122920, 96, 16, 42, 0, 0, 0.17%, 8, 0, 6, 142.15
1735122925, 96, 20, 42, 0, 0, 0.17%, 8, 0, 6, 147.15
1735122930, 96, 21, 42, 0, 0, 0.17%, 8, 0, 6, 133.61
1735122935, 97, 12, 42, 0, 0, 0.17%, 8, 0, 6, 134.30
1735122940, 97, 16, 42, 0, 0, 0.17%, 8, 0, 6, 141.31
1735122946, 97, 21, 42, 0, 0, 0.17%, 8, 0, 6, 142.95
1735122951, 97, 32, 42, 0, 0, 0.17%, 8, 0, 6, 151.24
1735122956, 98, 10, 42, 0, 0, 0.17%, 8, 0, 6, 138.80
1735122966, 98, 12, 42, 0, 0, 0.17%, 8, 0, 6, 137.73
1735122971, 98, 16, 42, 0, 0, 0.17%, 8, 0, 6, 137.80
1735122976, 98, 21, 42, 0, 0, 0.17%, 8, 0, 6, 137.39
1735122981, 99, 16, 42, 0, 0, 0.17%, 8, 0, 6, 136.96
1735122987, 99, 21, 42, 0, 0, 0.17%, 8, 0, 6, 142.02
1735122992, 100, 12, 42, 0, 0, 0.17%, 8, 0, 6, 134.00
1735122997, 100, 16, 42, 0, 0, 0.17%, 8, 0, 6, 135.09
1735123002, 100, 21, 42, 0, 0, 0.17%, 8, 0, 6, 133.92
1735123007, 101, 12, 42, 0, 0, 0.17%, 8, 0, 6, 130.06
1735123012, 101, 16, 42, 0, 0, 0.17%, 8, 0, 6, 133.07
1735123017, 101, 17, 42, 0, 0, 0.17%, 8, 0, 6, 134.04
1735123038, 101, 21, 42, 0, 0, 0.17%, 8, 0, 6, 144.25
1735123043, 101, 26, 42, 0, 0, 0.17%, 8, 0, 6, 167.26
1735123064, 101, 40, 42, 0, 0, 0.17%, 8, 0, 6, 153.64
1735123084, 102, 12, 42, 0, 0, 0.17%, 8, 0, 6, 131.15
1735123089, 102, 16, 42, 0, 0, 0.17%, 8, 0, 6, 143.46
1735123094, 102, 21, 42, 0, 0, 0.17%, 8, 0, 6, 137.50
1735123099, 102, 34, 42, 0, 0, 0.17%, 8, 0, 6, 141.05
1735123104, 102, 35, 42, 0, 0, 0.17%, 8, 0, 6, 151.21
1735123120, 103, 1, 42, 0, 0, 0.17%, 8, 0, 6, 139.34
1735123125, 103, 16, 42, 0, 0, 0.17%, 8, 0, 6, 137.90
1735123130, 103, 21, 42, 0, 0, 0.17%, 8, 0, 6, 143.22
1735123135, 104, 12, 42, 0, 0, 0.17%, 8, 0, 6, 140.76
1735123140, 104, 16, 42, 0, 0, 0.17%, 8, 0, 6, 137.01
1735123146, 104, 20, 42, 0, 0, 0.17%, 8, 0, 6, 146.83
1735123151, 104, 21, 42, 0, 0, 0.17%, 8, 0, 6, 143.31
1735123156, 104, 25, 42, 0, 0, 0.17%, 8, 0, 6, 145.48
1735123161, 104, 27, 42, 0, 0, 0.17%, 8, 0, 6, 148.13
1735123166, 104, 33, 42, 0, 0, 0.17%, 8, 0, 6, 148.48
1735123186, 105, 16, 42, 0, 0, 0.17%, 8, 0, 6, 143.41
1735123192, 105, 21, 42, 0, 0, 0.17%, 8, 0, 6, 144.13
1735123197, 105, 23, 42, 0, 0, 0.17%, 8, 0, 6, 142.74
1735123217, 105, 31, 42, 0, 0, 0.17%, 8, 0, 6, 152.69
1735123237, 105, 40, 42, 0, 0, 0.17%, 8, 0, 6, 162.20
1735123258, 106, 14, 42, 0, 0, 0.17%, 8, 0, 6, 141.57
1735123263, 106, 16, 42, 0, 0, 0.17%, 8, 0, 6, 141.43
1735123268, 106, 18, 42, 0, 0, 0.17%, 8, 0, 6, 139.20
1735123273, 106, 21, 42, 0, 0, 0.17%, 8, 0, 6, 139.60
1735123278, 107, 8, 42, 0, 0, 0.17%, 8, 0, 6, 140.94
1735123284, 107, 16, 42, 0, 0, 0.17%, 8, 0, 6, 138.29
1735123289, 107, 21, 42, 0, 0, 0.17%, 8, 0, 6, 140.20
1735123294, 107, 36, 42, 0, 0, 0.17%, 8, 0, 6, 137.33
1735123315, 107, 40, 42, 0, 0, 0.17%, 8, 0, 6, 162.86
1735123325, 108, 12, 42, 0, 0, 0.17%, 8, 0, 6, 138.70
1735123330, 108, 16, 42, 0, 0, 0.17%, 8, 0, 6, 138.87
1735123335, 108, 21, 42, 0, 0, 0.17%, 8, 0, 6, 139.29
1735123340, 108, 38, 42, 0, 0, 0.17%, 8, 0, 6, 143.89
1735123345, 108, 41, 42, 0, 0, 0.17%, 8, 0, 6, 184.30
1735123360, 109, 12, 42, 0, 0, 0.17%, 8, 0, 6, 138.50
1735123365, 109, 16, 42, 0, 0, 0.17%, 8, 0, 6, 139.25
1735123371, 109, 21, 42, 0, 0, 0.17%, 8, 0, 6, 144.46
1735123376, 109, 32, 42, 0, 0, 0.17%, 8, 0, 6, 140.43
1735123381, 109, 36, 42, 0, 0, 0.17%, 8, 0, 6, 143.02
1735123386, 110, 16, 42, 0, 0, 0.17%, 8, 0, 6, 140.90
1735123391, 110, 21, 42, 0, 0, 0.17%, 8, 0, 6, 135.08
1735123396, 110, 31, 42, 0, 0, 0.17%, 8, 0, 6, 138.74
1735123401, 110, 34, 42, 0, 0, 0.17%, 8, 0, 6, 150.43
1735123406, 110, 36, 42, 0, 0, 0.17%, 8, 0, 6, 139.72
1735123412, 111, 12, 42, 0, 0, 0.17%, 8, 0, 6, 134.33
1735123417, 111, 15, 42, 0, 0, 0.17%, 8, 0, 6, 139.94
1735123422, 111, 16, 42, 0, 0, 0.17%, 8, 0, 6, 145.27
1735123427, 111, 21, 42, 0, 0, 0.17%, 8, 0, 6, 145.32
1735123432, 111, 36, 42, 0, 0, 0.17%, 8, 0, 6, 153.07
1735123437, 112, 16, 42, 0, 0, 0.17%, 8, 0, 6, 142.31
1735123442, 112, 21, 42, 0, 0, 0.17%, 8, 0, 6, 142.44
1735123447, 113, 12, 42, 0, 0, 0.17%, 8, 0, 6, 150.53
1735123452, 113, 16, 42, 0, 0, 0.17%, 8, 0, 6, 133.92
1735123458, 113, 18, 42, 0, 0, 0.17%, 8, 0, 6, 146.07
1735123463, 113, 21, 42, 0, 0, 0.17%, 8, 0, 6, 141.99
1735123468, 114, 16, 42, 0, 0, 0.17%, 8, 0, 6, 143.53
1735123473, 114, 21, 42, 0, 0, 0.17%, 8, 0, 6, 141.88
1735123478, 114, 26, 42, 0, 0, 0.17%, 8, 0, 6, 151.81
1735123483, 114, 28, 42, 0, 0, 0.17%, 8, 0, 6, 153.50
1735123488, 115, 12, 42, 0, 0, 0.17%, 8, 0, 6, 143.47
1735123494, 115, 16, 42, 0, 0, 0.17%, 8, 0, 6, 138.99
1735123499, 115, 21, 42, 0, 0, 0.17%, 8, 0, 6, 138.76
1735123504, 116, 12, 42, 0, 0, 0.17%, 8, 0, 6, 130.80
1735123509, 116, 16, 42, 0, 0, 0.17%, 8, 0, 6, 141.98
1735123514, 116, 20, 42, 0, 0, 0.17%, 8, 0, 6, 148.58
1735123519, 116, 21, 42, 0, 0, 0.17%, 8, 0, 6, 143.60
1735123524, 116, 32, 42, 0, 0, 0.17%, 8, 0, 6, 146.70
1735123530, 116, 36, 42, 0, 0, 0.17%, 8, 0, 6, 140.79
1735123535, 117, 12, 42, 0, 0, 0.17%, 8, 0, 6, 143.14
1735123540, 117, 21, 42, 0, 0, 0.17%, 8, 0, 6, 137.47
1735123545, 118, 2, 42, 0, 0, 0.17%, 8, 0, 6, 134.57
1735123550, 118, 12, 42, 0, 0, 0.17%, 8, 0, 6, 139.20
1735123555, 118, 15, 42, 0, 0, 0.17%, 8, 0, 6, 145.89
1735123561, 118, 16, 42, 0, 0, 0.17%, 8, 0, 6, 141.20
1735123566, 118, 20, 42, 0, 0, 0.17%, 8, 0, 6, 143.93
1735123571, 118, 21, 42, 0, 0, 0.17%, 8, 0, 6, 141.73
1735123576, 118, 35, 42, 0, 0, 0.17%, 8, 0, 6, 149.81
1735123601, 119, 12, 42, 0, 0, 0.17%, 8, 0, 6, 133.77
1735123606, 119, 16, 42, 0, 0, 0.17%, 8, 0, 6, 139.11
1735123612, 119, 31, 42, 0, 0, 0.17%, 8, 0, 6, 148.32
1735123617, 119, 38, 42, 0, 0, 0.17%, 8, 0, 6, 149.10
1735123622, 120, 3, 42, 0, 0, 0.17%, 8, 0, 6, 144.76
1735123627, 120, 12, 42, 0, 0, 0.17%, 8, 0, 6, 141.15
1735123632, 120, 13, 42, 0, 0, 0.17%, 8, 0, 6, 136.36
1735123637, 120, 16, 42, 0, 0, 0.17%, 8, 0, 6, 138.37
1735123642, 120, 21, 42, 0, 0, 0.17%, 8, 0, 6, 145.30
1735123648, 121, 16, 42, 0, 0, 0.17%, 8, 0, 6, 137.18
1735123653, 121, 21, 42, 0, 0, 0.17%, 8, 0, 6, 131.98
1735123658, 121, 28, 42, 0, 0, 0.17%, 8, 0, 6, 143.17
1735123663, 121, 37, 42, 0, 0, 0.17%, 8, 0, 6, 155.57
1735123668, 122, 16, 42, 0, 0, 0.17%, 8, 0, 6, 141.57
1735123679, 122, 38, 42, 0, 0, 0.17%, 8, 0, 6, 144.12
1735123684, 123, 12, 42, 0, 0, 0.17%, 8, 0, 6, 137.56
1735123689, 123, 16, 42, 0, 0, 0.17%, 8, 0, 6, 143.85
1735123694, 123, 21, 42, 0, 0, 0.17%, 8, 0, 6, 147.40
1735123699, 123, 22, 42, 0, 0, 0.17%, 8, 0, 6, 145.24
1735123704, 123, 25, 42, 0, 0, 0.17%, 8, 0, 6, 149.72
1735123709, 123, 26, 42, 0, 0, 0.17%, 8, 0, 6, 150.28
1735123715, 124, 12, 42, 0, 0, 0.17%, 8, 0, 6, 142.52
1735123720, 124, 16, 42, 0, 0, 0.17%, 8, 0, 6, 131.75
1735123725, 124, 21, 42, 0, 0, 0.17%, 8, 0, 6, 141.81
1735123730, 124, 28, 42, 0, 0, 0.17%, 8, 0, 6, 148.86
1735123735, 125, 16, 42, 0, 0, 0.17%, 8, 0, 6, 144.53
1735123740, 125, 21, 42, 0, 0, 0.17%, 8, 0, 6, 141.45
1735123746, 125, 30, 42, 0, 0, 0.17%, 8, 0, 6, 145.06
1735123766, 126, 12, 42, 0, 0, 0.17%, 8, 0, 6, 137.84
1735123771, 126, 16, 42, 0, 0, 0.17%, 8, 0, 6, 138.11
1735123777, 126, 21, 42, 0, 0, 0.17%, 8, 0, 6, 137.64
1735123782, 126, 23, 42, 0, 0, 0.17%, 8, 0, 6, 161.96
1735123787, 126, 37, 42, 0, 0, 0.17%, 8, 0, 6, 150.03
1735123792, 126, 39, 42, 0, 0, 0.17%, 8, 0, 6, 150.05
1735123802, 127, 10, 42, 0, 0, 0.17%, 8, 0, 6, 134.43
1735123812, 127, 13, 42, 0, 0, 0.17%, 8, 0, 6, 133.89
1735123818, 127, 16, 42, 0, 0, 0.17%, 8, 0, 6, 142.54
1735123823, 127, 19, 42, 0, 0, 0.17%, 8, 0, 6, 143.57
1735123828, 127, 21, 42, 0, 0, 0.17%, 8, 0, 6, 140.04
1735123833, 128, 12, 42, 0, 0, 0.17%, 8, 0, 6, 139.02
1735123838, 128, 13, 42, 0, 0, 0.17%, 8, 0, 6, 141.20
1735123843, 128, 16, 42, 0, 0, 0.17%, 8, 0, 6, 140.42
1735123849, 128, 21, 42, 0, 0, 0.17%, 8, 0, 6, 142.42
1735123854, 128, 31, 42, 0, 0, 0.17%, 8, 0, 6, 139.14
1735123859, 129, 16, 42, 0, 0, 0.17%, 8, 0, 6, 141.44
1735123864, 129, 21, 42, 0, 0, 0.17%, 8, 0, 6, 144.87
1735123869, 130, 12, 42, 0, 0, 0.17%, 8, 0, 6, 141.03
1735123874, 130, 16, 42, 0, 0, 0.17%, 8, 0, 6, 144.45
1735123879, 130, 24, 42, 0, 0, 0.17%, 8, 0, 6, 147.21
1735123905, 130, 38, 42, 0, 0, 0.17%, 8, 0, 6, 147.50
1735123910, 131, 12, 42, 0, 0, 0.17%, 8, 0, 6, 141.41
1735123915, 131, 16, 42, 0, 0, 0.17%, 8, 0, 6, 138.88
1735123920, 131, 21, 42, 0, 0, 0.17%, 8, 0, 6, 139.06
1735123925, 132, 12, 42, 0, 0, 0.17%, 8, 0, 6, 139.88
1735123931, 132, 13, 42, 0, 0, 0.17%, 8, 0, 6, 140.78
1735123936, 132, 15, 42, 0, 0, 0.17%, 8, 0, 6, 144.39
1735123941, 132, 16, 42, 0, 0, 0.17%, 8, 0, 6, 143.30
1735123946, 132, 21, 42, 0, 0, 0.17%, 8, 0, 6, 141.50
1735123951, 133, 16, 42, 0, 0, 0.17%, 8, 0, 6, 134.79
1735123956, 133, 18, 42, 0, 0, 0.17%, 8, 0, 6, 137.50
1735123961, 133, 21, 42, 0, 0, 0.17%, 8, 0, 6, 144.38
1735123966, 133, 33, 42, 0, 0, 0.17%, 8, 0, 6, 141.49
1735123972, 133, 35, 42, 0, 0, 0.17%, 8, 0, 6, 145.35
1735123977, 133, 38, 42, 0, 0, 0.17%, 8, 0, 6, 152.60
1735123982, 134, 10, 42, 0, 0, 0.17%, 8, 0, 6, 143.96
1735123987, 134, 16, 42, 0, 0, 0.17%, 8, 0, 6, 145.03
1735123992, 134, 21, 42, 0, 0, 0.17%, 8, 0, 6, 144.53
1735123997, 134, 28, 42, 0, 0, 0.17%, 8, 0, 6, 146.14
1735124003, 134, 30, 42, 0, 0, 0.17%, 8, 0, 6, 148.63
1735124023, 135, 5, 42, 0, 0, 0.17%, 8, 0, 6, 135.78
1735124028, 135, 16, 42, 0, 0, 0.17%, 8, 0, 6, 137.33
1735124033, 135, 21, 42, 0, 0, 0.17%, 8, 0, 6, 139.77
1735124038, 135, 28, 42, 0, 0, 0.17%, 8, 0, 6, 153.09
1735124043, 136, 12, 42, 0, 0, 0.17%, 8, 0, 6, 136.71
1735124049, 136, 16, 42, 0, 0, 0.17%, 8, 0, 6, 140.84
1735124054, 136, 21, 42, 0, 0, 0.17%, 8, 0, 6, 132.34
1735124059, 137, 10, 42, 0, 0, 0.17%, 8, 0, 6, 142.67
1735124064, 137, 13, 42, 0, 0, 0.17%, 8, 0, 6, 136.05
1735124069, 137, 16, 42, 0, 0, 0.17%, 8, 0, 6, 136.35
1735124074, 137, 21, 42, 0, 0, 0.17%, 8, 0, 6, 143.94
1735124079, 137, 27, 42, 0, 0, 0.17%, 8, 0, 6, 146.30
1735124085, 138, 16, 42, 0, 0, 0.17%, 8, 0, 6, 138.95
1735124090, 138, 21, 42, 0, 0, 0.17%, 8, 0, 6, 140.11
1735124095, 138, 26, 42, 0, 0, 0.17%, 8, 0, 6, 146.53
1735124100, 139, 12, 42, 0, 0, 0.17%, 8, 0, 6, 140.14
1735124105, 139, 16, 42, 0, 0, 0.17%, 8, 0, 6, 144.20
1735124110, 139, 21, 42, 0, 0, 0.17%, 8, 0, 6, 137.38
1735124115, 140, 13, 42, 0, 0, 0.17%, 8, 0, 6, 143.10
1735124120, 140, 16, 42, 0, 0, 0.17%, 8, 0, 6, 140.84
1735124125, 140, 21, 42, 0, 0, 0.17%, 8, 0, 6, 143.67
1735124131, 140, 25, 42, 0, 0, 0.17%, 8, 0, 6, 153.27
1735124136, 141, 12, 42, 0, 0, 0.17%, 8, 0, 6, 152.67
1735124141, 141, 16, 42, 0, 0, 0.17%, 8, 0, 6, 140.33
1735124146, 141, 20, 42, 0, 0, 0.17%, 8, 0, 6, 144.06
1735124151, 141, 21, 42, 0, 0, 0.17%, 8, 0, 6, 139.81
1735124156, 141, 22, 42, 0, 0, 0.17%, 8, 0, 6, 151.70
1735124161, 142, 12, 42, 0, 0, 0.17%, 8, 0, 6, 144.73
1735124166, 142, 16, 42, 0, 0, 0.17%, 8, 0, 6, 139.92
1735124172, 142, 21, 42, 0, 0, 0.17%, 8, 0, 6, 140.41
1735124177, 143, 12, 42, 0, 0, 0.17%, 8, 0, 6, 143.79
1735124182, 143, 16, 42, 0, 0, 0.17%, 8, 0, 6, 141.57
1735124187, 143, 21, 42, 0, 0, 0.17%, 8, 0, 6, 139.65
1735124192, 144, 12, 42, 0, 0, 0.17%, 8, 0, 6, 135.38
1735124197, 144, 16, 42, 0, 0, 0.17%, 8, 0, 6, 139.68
1735124202, 144, 19, 42, 0, 0, 0.17%, 8, 0, 6, 142.57
1735124208, 144, 21, 42, 0, 0, 0.17%, 8, 0, 6, 141.85
1735124213, 144, 31, 42, 0, 0, 0.17%, 8, 0, 6, 141.63
1735124218, 145, 11, 42, 0, 0, 0.17%, 8, 0, 6, 134.21
1735124228, 145, 14, 42, 0, 0, 0.17%, 8, 0, 6, 138.97
1735124233, 145, 16, 42, 0, 0, 0.17%, 8, 0, 6, 136.65
1735124239, 145, 21, 42, 0, 0, 0.17%, 8, 0, 6, 138.28
1735124244, 145, 41, 42, 0, 0, 0.17%, 8, 0, 6, 171.99
1735124264, 146, 6, 42, 0, 0, 0.17%, 8, 0, 6, 143.05
1735124269, 146, 12, 42, 0, 0, 0.17%, 8, 0, 6, 148.96
1735124274, 146, 16, 42, 0, 0, 0.17%, 8, 0, 6, 145.20
1735124280, 146, 21, 42, 0, 0, 0.17%, 8, 0, 6, 145.72
1735124285, 147, 12, 42, 0, 0, 0.17%, 8, 0, 6, 141.27
1735124290, 147, 16, 42, 0, 0, 0.17%, 8, 0, 6, 136.81
1735124295, 147, 18, 42, 0, 0, 0.17%, 8, 0, 6, 139.52
1735124300, 147, 21, 42, 0, 0, 0.17%, 8, 0, 6, 143.10
1735124305, 147, 30, 42, 0, 0, 0.17%, 8, 0, 6, 146.06
1735124310, 148, 15, 42, 0, 0, 0.17%, 8, 0, 6, 141.13
1735124315, 148, 16, 42, 0, 0, 0.17%, 8, 0, 6, 142.37
1735124321, 148, 18, 42, 0, 0, 0.17%, 8, 0, 6, 142.86
1735124326, 148, 21, 42, 0, 0, 0.17%, 8, 0, 6, 144.68
1735124331, 148, 38, 42, 0, 0, 0.17%, 8, 0, 6, 140.21
1735124336, 149, 1, 42, 0, 0, 0.17%, 8, 0, 6, 149.45
1735124341, 149, 12, 42, 0, 0, 0.17%, 8, 0, 6, 141.77
1735124347, 149, 16, 42, 0, 0, 0.17%, 8, 0, 6, 143.91
1735124352, 149, 18, 42, 0, 0, 0.17%, 8, 0, 6, 138.56
1735124357, 149, 21, 42, 0, 0, 0.17%, 8, 0, 6, 137.45
1735124362, 150, 16, 42, 0, 0, 0.17%, 8, 0, 6, 138.28
1735124367, 150, 21, 42, 0, 0, 0.17%, 8, 0, 6, 145.91
1735124372, 150, 23, 42, 0, 0, 0.17%, 8, 0, 6, 151.85
1735124377, 150, 27, 42, 0, 0, 0.17%, 8, 0, 6, 150.13
1735124383, 151, 12, 42, 0, 0, 0.17%, 8, 0, 6, 139.28
1735124388, 151, 16, 42, 0, 0, 0.17%, 8, 0, 6, 140.89
1735124393, 151, 21, 42, 0, 0, 0.17%, 8, 0, 6, 143.87
1735124398, 152, 16, 42, 0, 0, 0.17%, 8, 0, 6, 139.76
1735124403, 152, 21, 42, 0, 0, 0.17%, 8, 0, 6, 138.74
1735124408, 152, 36, 42, 0, 0, 0.17%, 8, 0, 6, 145.53
1735124413, 153, 12, 42, 0, 0, 0.17%, 8, 0, 6, 144.76
1735124419, 153, 15, 42, 0, 0, 0.17%, 8, 0, 6, 134.08
1735124424, 153, 16, 42, 0, 0, 0.17%, 8, 0, 6, 135.07
1735124429, 153, 21, 42, 0, 0, 0.17%, 8, 0, 6, 149.24
1735124434, 153, 26, 42, 0, 0, 0.17%, 8, 0, 6, 166.10
1735124439, 153, 39, 42, 0, 0, 0.17%, 8, 0, 6, 150.54
1735124444, 154, 14, 42, 0, 0, 0.17%, 8, 0, 6, 138.67
1735124449, 154, 16, 42, 0, 0, 0.17%, 8, 0, 6, 138.28
1735124455, 154, 21, 42, 0, 0, 0.17%, 8, 0, 6, 139.44
1735124460, 155, 12, 42, 0, 0, 0.17%, 8, 0, 6, 136.56
1735124465, 155, 16, 42, 0, 0, 0.17%, 8, 0, 6, 127.54
1735124470, 155, 21, 42, 0, 0, 0.17%, 8, 0, 6, 133.82
1735124475, 156, 12, 42, 0, 0, 0.17%, 8, 0, 6, 138.10
1735124480, 156, 16, 42, 0, 0, 0.17%, 8, 0, 6, 133.76
1735124485, 156, 21, 42, 0, 0, 0.17%, 8, 0, 6, 145.10
1735124491, 156, 26, 42, 0, 0, 0.17%, 8, 0, 6, 156.46
1735124496, 156, 29, 42, 0, 0, 0.17%, 8, 0, 6, 152.27
1735124501, 157, 16, 42, 0, 0, 0.17%, 8, 0, 6, 142.08
1735124506, 157, 21, 42, 0, 0, 0.17%, 8, 0, 6, 137.22
1735124511, 158, 12, 42, 0, 0, 0.17%, 8, 0, 6, 144.08
1735124516, 158, 16, 42, 0, 0, 0.17%, 8, 0, 6, 146.46
1735124521, 158, 21, 42, 0, 0, 0.17%, 8, 0, 6, 143.56
1735124526, 158, 31, 42, 0, 0, 0.17%, 8, 0, 6, 145.89
1735124532, 159, 16, 42, 0, 0, 0.17%, 8, 0, 6, 143.30
1735124537, 159, 21, 42, 0, 0, 0.17%, 8, 0, 6, 143.82
1735124542, 159, 36, 42, 0, 0, 0.17%, 8, 0, 6, 142.05
1735124547, 160, 12, 42, 0, 0, 0.17%, 8, 0, 6, 141.61
1735124552, 160, 16, 42, 0, 0, 0.17%, 8, 0, 6, 139.40
1735124557, 160, 19, 42, 0, 0, 0.17%, 8, 0, 6, 148.52
1735124562, 160, 21, 42, 0, 0, 0.17%, 8, 0, 6, 144.75
1735124568, 161, 12, 42, 0, 0, 0.17%, 8, 0, 6, 143.33
1735124573, 161, 16, 42, 0, 0, 0.17%, 8, 0, 6, 134.73
1735124578, 161, 21, 42, 0, 0, 0.17%, 8, 0, 6, 131.03
1735124583, 162, 12, 42, 0, 0, 0.17%, 8, 0, 6, 137.26
1735124588, 162, 16, 42, 0, 0, 0.17%, 8, 0, 6, 134.37
1735124593, 162, 21, 42, 0, 0, 0.17%, 8, 0, 6, 132.69
1735124598, 163, 11, 42, 0, 0, 0.17%, 8, 0, 6, 134.31
1735124603, 163, 16, 42, 0, 0, 0.17%, 8, 0, 6, 143.27
1735124609, 163, 21, 42, 0, 0, 0.17%, 8, 0, 6, 136.09
1735124614, 164, 12, 42, 0, 0, 0.17%, 8, 0, 6, 142.02
1735124619, 164, 16, 42, 0, 0, 0.17%, 8, 0, 6, 135.82
1735124624, 164, 21, 42, 0, 0, 0.17%, 8, 0, 6, 137.96
1735124629, 165, 16, 42, 0, 0, 0.17%, 8, 0, 6, 146.14
1735124634, 165, 21, 42, 0, 0, 0.17%, 8, 0, 6, 141.74
1735124640, 166, 7, 42, 0, 0, 0.17%, 8, 0, 6, 146.66
1735124645, 166, 16, 42, 0, 0, 0.17%, 8, 0, 6, 141.39
1735124650, 166, 21, 42, 0, 0, 0.17%, 8, 0, 6, 133.03
1735124655, 166, 26, 42, 0, 0, 0.17%, 8, 0, 6, 154.24
1735124660, 166, 29, 42, 0, 0, 0.17%, 8, 0, 6, 160.24
1735124665, 167, 0, 42, 0, 0, 0.17%, 8, 0, 6, 144.61
1735124670, 167, 16, 42, 0, 0, 0.17%, 8, 0, 6, 139.51
1735124675, 167, 21, 42, 0, 0, 0.17%, 8, 0, 6, 136.24
1735124680, 167, 39, 42, 0, 0, 0.17%, 8, 0, 6, 142.64
1735124686, 168, 1, 42, 0, 0, 0.17%, 8, 0, 6, 141.43
1735124691, 168, 12, 42, 0, 0, 0.17%, 8, 0, 6, 139.99
1735124696, 168, 16, 42, 0, 0, 0.17%, 8, 0, 6, 139.41
1735124701, 168, 21, 42, 0, 0, 0.17%, 8, 0, 6, 146.71
1735124706, 169, 16, 42, 0, 0, 0.17%, 8, 0, 6, 135.49
1735124711, 169, 21, 42, 0, 0, 0.17%, 8, 0, 6, 139.76
1735124716, 169, 28, 42, 0, 0, 0.17%, 8, 0, 6, 147.40
1735124721, 169, 41, 42, 0, 0, 0.17%, 8, 0, 6, 167.11
1735124742, 170, 11, 42, 0, 0, 0.17%, 8, 0, 6, 141.23
1735124747, 170, 13, 42, 0, 0, 0.17%, 8, 0, 6, 149.14
1735124752, 170, 16, 42, 0, 0, 0.17%, 8, 0, 6, 133.01
1735124757, 170, 21, 42, 0, 0, 0.17%, 8, 0, 6, 137.66
1735124762, 170, 29, 42, 0, 0, 0.17%, 8, 0, 6, 147.31
1735124767, 170, 30, 42, 0, 0, 0.17%, 8, 0, 6, 146.50
1735124773, 171, 16, 42, 0, 0, 0.17%, 8, 0, 6, 140.84
1735124778, 171, 21, 42, 0, 0, 0.17%, 8, 0, 6, 143.21
1735124783, 172, 12, 42, 0, 0, 0.17%, 8, 0, 6, 140.95
1735124788, 172, 16, 42, 0, 0, 0.17%, 8, 0, 6, 134.80
1735124793, 172, 21, 42, 0, 0, 0.17%, 8, 0, 6, 138.88
1735124799, 172, 39, 42, 0, 0, 0.17%, 8, 0, 6, 144.46
1735124804, 173, 11, 42, 0, 0, 0.17%, 8, 0, 6, 143.30
1735124809, 173, 16, 42, 0, 0, 0.17%, 8, 0, 6, 136.88
1735124814, 173, 21, 42, 0, 0, 0.17%, 8, 0, 6, 139.29
1735124819, 174, 12, 42, 0, 0, 0.17%, 8, 0, 6, 135.50
1735124824, 174, 16, 42, 0, 0, 0.17%, 8, 0, 6, 139.97
1735124830, 174, 20, 42, 0, 0, 0.17%, 8, 0, 6, 144.35
1735124835, 174, 21, 42, 0, 0, 0.17%, 8, 0, 6, 139.20
1735124840, 174, 30, 42, 0, 0, 0.17%, 8, 0, 6, 142.08
1735124845, 175, 16, 42, 0, 0, 0.17%, 8, 0, 6, 136.54
1735124850, 175, 18, 42, 0, 0, 0.17%, 8, 0, 6, 135.07
1735124855, 175, 21, 42, 0, 0, 0.17%, 8, 0, 6, 143.89
1735124860, 175, 27, 42, 0, 0, 0.17%, 8, 0, 6, 156.74
1735124865, 175, 40, 42, 0, 0, 0.17%, 8, 0, 6, 156.50
1735124870, 176, 12, 42, 0, 0, 0.17%, 8, 0, 6, 150.70
1735124875, 176, 16, 42, 0, 0, 0.17%, 8, 0, 6, 141.09
1735124881, 176, 20, 42, 0, 0, 0.17%, 8, 0, 6, 142.87
1735124886, 176, 21, 42, 0, 0, 0.17%, 8, 0, 6, 145.19
1735124891, 176, 37, 42, 0, 0, 0.17%, 8, 0, 6, 155.65
1735124896, 176, 40, 42, 0, 0, 0.17%, 8, 0, 6, 152.76
1735124901, 176, 41, 42, 0, 0, 0.17%, 8, 0, 6, 161.75
1735124906, 177, 12, 42, 0, 0, 0.17%, 8, 0, 6, 154.77
1735124911, 177, 16, 42, 0, 0, 0.17%, 8, 0, 6, 138.48
1735124916, 177, 21, 42, 0, 0, 0.17%, 8, 0, 6, 138.42
1735124922, 177, 22, 42, 0, 0, 0.17%, 8, 0, 6, 141.08
1735124927, 178, 12, 42, 0, 0, 0.17%, 8, 0, 6, 140.16
1735124932, 178, 16, 42, 0, 0, 0.17%, 8, 0, 6, 136.69
1735124937, 178, 21, 42, 0, 0, 0.17%, 8, 0, 6, 151.49
1735124942, 179, 14, 42, 0, 0, 0.17%, 8, 0, 6, 140.95
1735124947, 179, 16, 42, 0, 0, 0.17%, 8, 0, 6, 135.22
1735124952, 179, 21, 42, 0, 0, 0.17%, 8, 0, 6, 138.44
1735124957, 179, 33, 42, 0, 0, 0.17%, 8, 0, 6, 140.44
1735124962, 179, 34, 42, 0, 0, 0.17%, 8, 0, 6, 143.37
1735124968, 180, 16, 42, 0, 0, 0.17%, 8, 0, 6, 139.38
1735124973, 180, 21, 42, 0, 0, 0.17%, 8, 0, 6, 141.63
1735124978, 181, 2, 42, 0, 0, 0.17%, 8, 0, 6, 140.96
1735124983, 181, 14, 42, 0, 0, 0.17%, 8, 0, 6, 138.53
1735124988, 181, 16, 42, 0, 0, 0.17%, 8, 0, 6, 141.26
1735124993, 181, 21, 42, 0, 0, 0.17%, 8, 0, 6, 141.15
1735124998, 181, 29, 42, 0, 0, 0.17%, 8, 0, 6, 151.98
1735125003, 182, 12, 42, 0, 0, 0.17%, 8, 0, 6, 145.22
1735125008, 182, 16, 42, 0, 0, 0.17%, 8, 0, 6, 143.33
1735125013, 182, 17, 42, 0, 0, 0.17%, 8, 0, 6, 135.43
1735125019, 182, 36, 42, 0, 0, 0.17%, 8, 0, 6, 143.03
1735125024, 183, 11, 42, 0, 0, 0.17%, 8, 0, 6, 141.63
1735125029, 183, 16, 42, 0, 0, 0.17%, 8, 0, 6, 143.99
1735125034, 183, 21, 42, 0, 0, 0.17%, 8, 0, 6, 133.38
1735125039, 183, 40, 42, 0, 0, 0.17%, 8, 0, 6, 150.35
1735125044, 184, 1, 42, 0, 0, 0.17%, 8, 0, 6, 143.34
1735125050, 184, 16, 42, 0, 0, 0.17%, 8, 0, 6, 139.05
1735125055, 184, 21, 42, 0, 0, 0.17%, 8, 0, 6, 146.80
1735125060, 184, 31, 42, 0, 0, 0.17%, 8, 0, 6, 141.75
1735125065, 184, 33, 42, 0, 0, 0.17%, 8, 0, 6, 148.25
1735125070, 185, 12, 42, 0, 0, 0.17%, 8, 0, 6, 142.23
1735125075, 185, 16, 42, 0, 0, 0.17%, 8, 0, 6, 133.86
1735125080, 185, 21, 42, 0, 0, 0.17%, 8, 0, 6, 136.49
1735125085, 185, 34, 42, 0, 0, 0.17%, 8, 0, 6, 147.37
1735125090, 186, 12, 42, 0, 0, 0.17%, 8, 0, 6, 136.86
1735125095, 186, 16, 42, 0, 0, 0.17%, 8, 0, 6, 149.80
1735125101, 186, 21, 42, 0, 0, 0.17%, 8, 0, 6, 138.72
1735125106, 187, 12, 42, 0, 0, 0.17%, 8, 0, 6, 134.88
1735125111, 187, 16, 42, 0, 0, 0.17%, 8, 0, 6, 142.07
1735125116, 187, 21, 42, 0, 0, 0.17%, 8, 0, 6, 143.96
1735125121, 188, 16, 42, 0, 0, 0.17%, 8, 0, 6, 140.43
1735125126, 188, 21, 42, 0, 0, 0.17%, 8, 0, 6, 140.88
1735125131, 189, 12, 42, 0, 0, 0.17%, 8, 0, 6, 139.33
1735125137, 189, 16, 42, 0, 0, 0.17%, 8, 0, 6, 141.96
1735125142, 189, 18, 42, 0, 0, 0.17%, 8, 0, 6, 152.63
1735125147, 189, 21, 42, 0, 0, 0.17%, 8, 0, 6, 147.28
1735125152, 189, 25, 42, 0, 0, 0.17%, 8, 0, 6, 154.16
1735125157, 190, 12, 42, 0, 0, 0.17%, 8, 0, 6, 139.15
1735125162, 190, 16, 42, 0, 0, 0.17%, 8, 0, 6, 135.92
1735125167, 190, 21, 42, 0, 0, 0.17%, 8, 0, 6, 136.11
1735125172, 190, 40, 42, 0, 0, 0.17%, 8, 0, 6, 150.67
1735125178, 191, 16, 42, 0, 0, 0.17%, 8, 0, 6, 138.94
1735125183, 191, 21, 42, 0, 0, 0.17%, 8, 0, 6, 137.88
1735125188, 191, 24, 42, 0, 0, 0.17%, 8, 0, 6, 134.64
1735125193, 191, 38, 42, 0, 0, 0.17%, 8, 0, 6, 149.38
1735125198, 192, 12, 42, 0, 0, 0.17%, 8, 0, 6, 139.26
1735125203, 192, 16, 42, 0, 0, 0.17%, 8, 0, 6, 134.53
1735125209, 192, 21, 42, 0, 0, 0.17%, 8, 0, 6, 140.05
1735125214, 192, 25, 42, 0, 0, 0.17%, 8, 0, 6, 153.87
1735125219, 193, 12, 42, 0, 0, 0.17%, 8, 0, 6, 146.26
1735125224, 193, 16, 42, 0, 0, 0.17%, 8, 0, 6, 139.52
1735125229, 193, 18, 42, 0, 0, 0.17%, 8, 0, 6, 144.40
1735125234, 193, 21, 42, 0, 0, 0.17%, 8, 0, 6, 150.09
1735125239, 193, 29, 42, 0, 0, 0.17%, 8, 0, 6, 149.54
1735125244, 193, 41, 42, 0, 0, 0.17%, 8, 0, 6, 161.39
1735125254, 194, 16, 42, 0, 0, 0.17%, 8, 0, 6, 141.63
1735125259, 194, 21, 42, 0, 0, 0.17%, 8, 0, 6, 139.31
1735125265, 194, 22, 42, 0, 0, 0.17%, 8, 0, 6, 139.19
1735125270, 194, 28, 42, 0, 0, 0.17%, 8, 0, 6, 146.68
1735125275, 195, 16, 42, 0, 0, 0.17%, 8, 0, 6, 143.14
1735125280, 195, 18, 42, 0, 0, 0.17%, 8, 0, 6, 138.96
1735125285, 195, 21, 42, 0, 0, 0.17%, 8, 0, 6, 141.86
1735125290, 195, 35, 42, 0, 0, 0.17%, 8, 0, 6, 146.28
1735125295, 196, 12, 42, 0, 0, 0.17%, 8, 0, 6, 143.17
1735125301, 196, 16, 42, 0, 0, 0.17%, 8, 0, 6, 143.07
1735125306, 196, 21, 42, 0, 0, 0.17%, 8, 0, 6, 141.80
1735125311, 196, 33, 42, 0, 0, 0.17%, 8, 0, 6, 139.71
1735125316, 197, 16, 42, 0, 0, 0.17%, 8, 0, 6, 137.73
1735125321, 197, 21, 42, 0, 0, 0.17%, 8, 0, 6, 142.62
1735125326, 197, 26, 42, 0, 0, 0.17%, 8, 0, 6, 159.03
1735125331, 198, 12, 42, 0, 0, 0.17%, 8, 0, 6, 137.10
1735125337, 198, 15, 42, 0, 0, 0.17%, 8, 0, 6, 147.46
1735125342, 198, 16, 42, 0, 0, 0.17%, 8, 0, 6, 140.38
1735125347, 198, 19, 42, 0, 0, 0.17%, 8, 0, 6, 145.12
1735125352, 199, 12, 42, 0, 0, 0.17%, 8, 0, 6, 144.90
1735125357, 199, 13, 42, 0, 0, 0.17%, 8, 0, 6, 138.45
1735125362, 199, 16, 42, 0, 0, 0.17%, 8, 0, 6, 141.04
1735125368, 199, 21, 42, 0, 0, 0.17%, 8, 0, 6, 137.32
1735125373, 199, 41, 42, 0, 0, 0.17%, 8, 0, 6, 168.06
1735125383, 200, 16, 42, 0, 0, 0.17%, 8, 0, 6, 136.90
1735125388, 200, 21, 42, 0, 0, 0.17%, 8, 0, 6, 137.15
1735125393, 200, 34, 42, 0, 0, 0.17%, 8, 0, 6, 143.12
1735125398, 200, 40, 42, 0, 0, 0.17%, 8, 0, 6, 148.48
1735125403, 201, 12, 42, 0, 0, 0.17%, 8, 0, 6, 148.01
1735125408, 201, 16, 42, 0, 0, 0.17%, 8, 0, 6, 140.26
1735125413, 201, 21, 42, 0, 0, 0.17%, 8, 0, 6, 145.78
1735125419, 201, 29, 42, 0, 0, 0.17%, 8, 0, 6, 148.85
1735125424, 202, 16, 42, 0, 0, 0.17%, 8, 0, 6, 144.21
1735125429, 202, 21, 42, 0, 0, 0.17%, 8, 0, 6, 142.76
1735125434, 202, 31, 42, 0, 0, 0.17%, 8, 0, 6, 152.99
1735125439, 203, 12, 42, 0, 0, 0.17%, 8, 0, 6, 139.96
1735125444, 203, 16, 42, 0, 0, 0.17%, 8, 0, 6, 134.14
1735125450, 203, 21, 42, 0, 0, 0.17%, 8, 0, 6, 139.17
1735125455, 203, 25, 42, 0, 0, 0.17%, 8, 0, 6, 142.03
1735125460, 203, 36, 42, 0, 0, 0.17%, 8, 0, 6, 146.28
1735125465, 204, 16, 42, 0, 0, 0.17%, 8, 0, 6, 135.97
1735125470, 204, 19, 42, 0, 0, 0.17%, 8, 0, 6, 145.64
1735125475, 204, 21, 42, 0, 0, 0.17%, 8, 0, 6, 141.73
1735125480, 204, 24, 42, 0, 0, 0.17%, 8, 0, 6, 143.77
1735125486, 204, 34, 42, 0, 0, 0.17%, 8, 0, 6, 146.60
1735125491, 205, 11, 42, 0, 0, 0.17%, 8, 0, 6, 146.33
1735125496, 205, 16, 42, 0, 0, 0.17%, 8, 0, 6, 139.72
1735125501, 205, 21, 42, 0, 0, 0.17%, 8, 0, 6, 138.10
1735125506, 205, 37, 42, 0, 0, 0.17%, 8, 0, 6, 157.55
1735125511, 206, 12, 42, 0, 0, 0.17%, 8, 0, 6, 141.06
1735125516, 206, 16, 42, 0, 0, 0.17%, 8, 0, 6, 137.55
1735125521, 206, 21, 42, 0, 0, 0.17%, 8, 0, 6, 148.44
1735125527, 207, 16, 42, 0, 0, 0.17%, 8, 0, 6, 140.56
1735125532, 207, 21, 42, 0, 0, 0.17%, 8, 0, 6, 141.42
1735125537, 207, 33, 42, 0, 0, 0.17%, 8, 0, 6, 139.87
1735125542, 208, 10, 42, 0, 0, 0.17%, 8, 0, 6, 139.13
1735125547, 208, 16, 42, 0, 0, 0.17%, 8, 0, 6, 141.07
1735125557, 208, 23, 42, 0, 0, 0.17%, 8, 0, 6, 142.56
1735125562, 208, 39, 42, 0, 0, 0.17%, 8, 0, 6, 157.02
1735125567, 209, 12, 42, 0, 0, 0.17%, 8, 0, 6, 150.82
1735125573, 209, 16, 42, 0, 0, 0.17%, 8, 0, 6, 144.89
1735125578, 209, 21, 42, 0, 0, 0.17%, 8, 0, 6, 143.50
1735125583, 210, 12, 42, 0, 0, 0.17%, 8, 0, 6, 139.64
1735125588, 210, 16, 42, 0, 0, 0.17%, 8, 0, 6, 135.94
1735125593, 210, 21, 42, 0, 0, 0.17%, 8, 0, 6, 136.31
1735125599, 211, 16, 42, 0, 0, 0.17%, 8, 0, 6, 147.93
1735125609, 211, 21, 42, 0, 0, 0.17%, 8, 0, 6, 141.01
1735125614, 211, 31, 42, 0, 0, 0.17%, 8, 0, 6, 143.06
1735125619, 212, 16, 42, 0, 0, 0.17%, 8, 0, 6, 134.85
1735125624, 212, 21, 42, 0, 0, 0.17%, 8, 0, 6, 145.82
1735125629, 213, 12, 42, 0, 0, 0.17%, 8, 0, 6, 144.43
1735125635, 213, 16, 42, 0, 0, 0.17%, 8, 0, 6, 139.85
1735125640, 213, 21, 42, 0, 0, 0.17%, 8, 0, 6, 149.81
1735125645, 213, 38, 42, 0, 0, 0.17%, 8, 0, 6, 145.83
1735125650, 214, 12, 42, 0, 0, 0.17%, 8, 0, 6, 139.18
1735125655, 214, 16, 42, 0, 0, 0.17%, 8, 0, 6, 138.61
1735125660, 214, 21, 42, 0, 0, 0.17%, 8, 0, 6, 137.13
1735125665, 215, 13, 42, 0, 0, 0.17%, 8, 0, 6, 136.99
1735125670, 215, 16, 42, 0, 0, 0.17%, 8, 0, 6, 140.43
1735125675, 215, 20, 42, 0, 0, 0.17%, 8, 0, 6, 154.37
1735125680, 215, 21, 42, 0, 0, 0.17%, 8, 0, 6, 147.81
1735125686, 215, 25, 42, 0, 0, 0.17%, 8, 0, 6, 158.16
1735125691, 216, 6, 42, 0, 0, 0.17%, 8, 0, 6, 140.42
1735125696, 216, 16, 42, 0, 0, 0.17%, 8, 0, 6, 140.40
1735125701, 216, 21, 42, 0, 0, 0.17%, 8, 0, 6, 145.02
1735125706, 216, 30, 42, 0, 0, 0.17%, 8, 0, 6, 148.87
1735125711, 217, 12, 42, 0, 0, 0.17%, 8, 0, 6, 141.75
1735125716, 217, 16, 42, 0, 0, 0.17%, 8, 0, 6, 144.00
1735125721, 217, 21, 42, 0, 0, 0.17%, 8, 0, 6, 140.21
1735125727, 217, 34, 42, 0, 0, 0.17%, 8, 0, 6, 151.21
1735125732, 218, 16, 42, 0, 0, 0.17%, 8, 0, 6, 145.34
1735125737, 218, 21, 42, 0, 0, 0.17%, 8, 0, 6, 143.08
1735125742, 219, 12, 42, 0, 0, 0.17%, 8, 0, 6, 139.30
1735125747, 219, 16, 42, 0, 0, 0.17%, 8, 0, 6, 142.08
1735125752, 219, 21, 42, 0, 0, 0.17%, 8, 0, 6, 138.57
1735125757, 220, 12, 42, 0, 0, 0.17%, 8, 0, 6, 135.64
1735125763, 220, 16, 42, 0, 0, 0.17%, 8, 0, 6, 135.75
1735125768, 220, 21, 42, 0, 0, 0.17%, 8, 0, 6, 137.42
1735125773, 220, 24, 42, 0, 0, 0.17%, 8, 0, 6, 143.15
1735125778, 220, 27, 42, 0, 0, 0.17%, 8, 0, 6, 150.32
1735125783, 221, 6, 42, 0, 0, 0.17%, 8, 0, 6, 137.36
1735125788, 221, 11, 42, 0, 0, 0.17%, 8, 0, 6, 137.89
1735125793, 221, 14, 42, 0, 0, 0.17%, 8, 0, 6, 130.84
1735125798, 221, 16, 42, 0, 0, 0.17%, 8, 0, 6, 133.53
1735125804, 221, 21, 42, 0, 0, 0.17%, 8, 0, 6, 140.10
1735125809, 222, 12, 42, 0, 0, 0.17%, 8, 0, 6, 140.72
1735125814, 222, 16, 42, 0, 0, 0.17%, 8, 0, 6, 138.91
1735125819, 222, 21, 42, 0, 0, 0.17%, 8, 0, 6, 142.00
1735125824, 222, 30, 42, 0, 0, 0.17%, 8, 0, 6, 143.01
1735125829, 222, 37, 42, 0, 0, 0.17%, 8, 0, 6, 147.47
1735125834, 222, 38, 42, 0, 0, 0.17%, 8, 0, 6, 145.91
1735125839, 223, 12, 42, 0, 0, 0.17%, 8, 0, 6, 140.31
1735125845, 223, 16, 42, 0, 0, 0.17%, 8, 0, 6, 141.29
1735125850, 224, 11, 42, 0, 0, 0.17%, 8, 0, 6, 136.53
1735125855, 224, 12, 42, 0, 0, 0.17%, 8, 0, 6, 139.60
1735125860, 224, 16, 42, 0, 0, 0.17%, 8, 0, 6, 133.25
1735125865, 224, 21, 42, 0, 0, 0.17%, 8, 0, 6, 137.08
1735125870, 225, 12, 42, 0, 0, 0.17%, 8, 0, 6, 134.41
1735125875, 225, 16, 42, 0, 0, 0.17%, 8, 0, 6, 143.11
1735125880, 225, 17, 42, 0, 0, 0.17%, 8, 0, 6, 153.37
1735125886, 225, 21, 42, 0, 0, 0.17%, 8, 0, 6, 143.78
1735125891, 225, 36, 42, 0, 0, 0.17%, 8, 0, 6, 143.17
1735125896, 226, 16, 42, 0, 0, 0.17%, 8, 0, 6, 138.83
1735125901, 226, 21, 42, 0, 0, 0.17%, 8, 0, 6, 142.56
1735125906, 227, 12, 42, 0, 0, 0.17%, 8, 0, 6, 138.94
1735125911, 227, 16, 42, 0, 0, 0.17%, 8, 0, 6, 143.51
1735125917, 227, 21, 42, 0, 0, 0.17%, 8, 0, 6, 147.70
1735125922, 227, 23, 42, 0, 0, 0.17%, 8, 0, 6, 154.18
1735125927, 227, 27, 42, 0, 0, 0.17%, 8, 0, 6, 152.51
1735125932, 228, 16, 42, 0, 0, 0.17%, 8, 0, 6, 138.60
1735125937, 228, 21, 42, 0, 0, 0.17%, 8, 0, 6, 138.89
1735125942, 228, 23, 42, 0, 0, 0.17%, 8, 0, 6, 151.52
1735125947, 228, 27, 42, 0, 0, 0.17%, 8, 0, 6, 157.08
1735125952, 229, 12, 42, 0, 0, 0.17%, 8, 0, 6, 142.06
1735125958, 229, 16, 42, 0, 0, 0.17%, 8, 0, 6, 144.00
1735125963, 229, 21, 42, 0, 0, 0.17%, 8, 0, 6, 132.48
1735125968, 230, 16, 42, 0, 0, 0.17%, 8, 0, 6, 133.61
1735125973, 230, 21, 42, 0, 0, 0.17%, 8, 0, 6, 139.54
1735125978, 231, 12, 42, 0, 0, 0.17%, 8, 0, 6, 140.00
1735125983, 231, 16, 42, 0, 0, 0.17%, 8, 0, 6, 134.19
1735125988, 231, 21, 42, 0, 0, 0.17%, 8, 0, 6, 137.19
1735125994, 232, 16, 42, 0, 0, 0.17%, 8, 0, 6, 137.72
1735125999, 232, 21, 42, 0, 0, 0.17%, 8, 0, 6, 145.55
1735126004, 232, 27, 42, 0, 0, 0.17%, 8, 0, 6, 153.18
1735126009, 233, 12, 42, 0, 0, 0.17%, 8, 0, 6, 143.85
1735126014, 233, 16, 42, 0, 0, 0.17%, 8, 0, 6, 141.21
1735126019, 233, 21, 42, 0, 0, 0.17%, 8, 0, 6, 146.91
1735126024, 233, 27, 42, 0, 0, 0.17%, 8, 0, 6, 139.79
1735126030, 233, 30, 42, 0, 0, 0.17%, 8, 0, 6, 150.80
1735126035, 234, 14, 42, 0, 0, 0.17%, 8, 0, 6, 140.02
1735126040, 234, 16, 42, 0, 0, 0.17%, 8, 0, 6, 136.59
1735126045, 234, 19, 42, 0, 0, 0.17%, 8, 0, 6, 150.14
1735126050, 234, 21, 42, 0, 0, 0.17%, 8, 0, 6, 142.73
1735126055, 234, 31, 42, 0, 0, 0.17%, 8, 0, 6, 144.05
1735126060, 235, 12, 42, 0, 0, 0.17%, 8, 0, 6, 137.11
1735126065, 235, 16, 42, 0, 0, 0.17%, 8, 0, 6, 136.79
1735126071, 235, 21, 42, 0, 0, 0.17%, 8, 0, 6, 142.20
1735126076, 236, 12, 42, 0, 0, 0.17%, 8, 0, 6, 146.66
1735126081, 236, 16, 42, 0, 0, 0.17%, 8, 0, 6, 136.10
1735126086, 236, 21, 42, 0, 0, 0.17%, 8, 0, 6, 142.76
1735126091, 237, 12, 42, 0, 0, 0.17%, 8, 0, 6, 138.75
1735126096, 237, 16, 42, 0, 0, 0.17%, 8, 0, 6, 139.73
1735126101, 237, 21, 42, 0, 0, 0.17%, 8, 0, 6, 143.88
1735126106, 237, 24, 42, 0, 0, 0.17%, 8, 0, 6, 139.91
1735126112, 237, 37, 42, 0, 0, 0.17%, 8, 0, 6, 148.24
1735126117, 238, 12, 42, 0, 0, 0.17%, 8, 0, 6, 148.29
1735126122, 238, 16, 42, 0, 0, 0.17%, 8, 0, 6, 142.61
1735126127, 238, 21, 42, 0, 0, 0.17%, 8, 0, 6, 143.46
1735126132, 239, 16, 42, 0, 0, 0.17%, 8, 0, 6, 138.29
1735126137, 239, 20, 42, 0, 0, 0.17%, 8, 0, 6, 136.76
1735126142, 239, 21, 42, 0, 0, 0.17%, 8, 0, 6, 144.86
1735126147, 239, 32, 42, 0, 0, 0.17%, 8, 0, 6, 144.85
1735126153, 240, 8, 42, 0, 0, 0.17%, 8, 0, 6, 143.11
1735126158, 240, 16, 42, 0, 0, 0.17%, 8, 0, 6, 143.33
1735126163, 240, 21, 42, 0, 0, 0.17%, 8, 0, 6, 136.09
1735126168, 240, 37, 42, 0, 0, 0.17%, 8, 0, 6, 153.90
1735126173, 241, 12, 42, 0, 0, 0.17%, 8, 0, 6, 141.70
1735126178, 241, 16, 42, 0, 0, 0.17%, 8, 0, 6, 138.73
1735126183, 241, 21, 42, 0, 0, 0.17%, 8, 0, 6, 136.75
1735126189, 241, 31, 42, 0, 0, 0.17%, 8, 0, 6, 144.59
1735126194, 241, 32, 42, 0, 0, 0.17%, 8, 0, 6, 139.06
1735126199, 241, 34, 42, 0, 0, 0.17%, 8, 0, 6, 140.72
1735126204, 242, 16, 42, 0, 0, 0.17%, 8, 0, 6, 141.78
1735126209, 242, 21, 42, 0, 0, 0.17%, 8, 0, 6, 145.39
1735126214, 243, 12, 42, 0, 0, 0.17%, 8, 0, 6, 144.89
1735126219, 243, 16, 42, 0, 0, 0.17%, 8, 0, 6, 147.36
1735126224, 243, 17, 42, 0, 0, 0.17%, 8, 0, 6, 144.49
1735126229, 243, 21, 42, 0, 0, 0.17%, 8, 0, 6, 141.96
1735126235, 243, 32, 42, 0, 0, 0.17%, 8, 0, 6, 139.50
1735126240, 244, 10, 42, 0, 0, 0.17%, 8, 0, 6, 139.78
1735126245, 244, 16, 42, 0, 0, 0.17%, 8, 0, 6, 132.04
1735126250, 244, 17, 42, 0, 0, 0.17%, 8, 0, 6, 138.81
1735126255, 244, 21, 42, 0, 0, 0.17%, 8, 0, 6, 142.48
1735126260, 245, 6, 42, 0, 0, 0.17%, 8, 0, 6, 137.08
1735126266, 245, 16, 42, 0, 0, 0.17%, 8, 0, 6, 137.25
1735126271, 245, 19, 42, 0, 0, 0.17%, 8, 0, 6, 151.15
1735126276, 245, 21, 42, 0, 0, 0.17%, 8, 0, 6, 143.47
1735126281, 246, 12, 42, 0, 0, 0.17%, 8, 0, 6, 137.72
1735126286, 246, 16, 42, 0, 0, 0.17%, 8, 0, 6, 139.29
1735126291, 246, 19, 42, 0, 0, 0.17%, 8, 0, 6, 148.94
1735126297, 246, 21, 42, 0, 0, 0.17%, 8, 0, 6, 146.06
1735126302, 246, 28, 42, 0, 0, 0.17%, 8, 0, 6, 144.40
1735126307, 246, 37, 42, 0, 0, 0.17%, 8, 0, 6, 150.10
1735126312, 247, 16, 42, 0, 0, 0.17%, 8, 0, 6, 134.65
1735126317, 247, 21, 42, 0, 0, 0.17%, 8, 0, 6, 136.83
1735126323, 247, 28, 42, 0, 0, 0.17%, 8, 0, 6, 144.96
1735126328, 248, 8, 42, 0, 0, 0.17%, 8, 0, 6, 141.67
1735126333, 248, 12, 42, 0, 0, 0.17%, 8, 0, 6, 134.67
1735126338, 248, 14, 42, 0, 0, 0.17%, 8, 0, 6, 139.87
1735126343, 248, 16, 42, 0, 0, 0.17%, 8, 0, 6, 141.45
1735126348, 248, 21, 42, 0, 0, 0.17%, 8, 0, 6, 139.21
1735126354, 248, 38, 42, 0, 0, 0.17%, 8, 0, 6, 139.70
1735126359, 249, 16, 42, 0, 0, 0.17%, 8, 0, 6, 135.69
1735126364, 249, 21, 42, 0, 0, 0.17%, 8, 0, 6, 136.48
1735126369, 250, 12, 42, 0, 0, 0.17%, 8, 0, 6, 141.42
1735126374, 250, 16, 42, 0, 0, 0.17%, 8, 0, 6, 135.43
1735126379, 250, 21, 42, 0, 0, 0.17%, 8, 0, 6, 143.29
1735126384, 251, 16, 42, 0, 0, 0.17%, 8, 0, 6, 142.56
1735126390, 251, 21, 42, 0, 0, 0.17%, 8, 0, 6, 143.52
1735126395, 251, 41, 42, 0, 0, 0.17%, 8, 0, 6, 148.47
1735126400, 252, 10, 42, 0, 0, 0.17%, 8, 0, 6, 139.10
1735126405, 252, 15, 42, 0, 0, 0.17%, 8, 0, 6, 142.11
1735126410, 252, 16, 42, 0, 0, 0.17%, 8, 0, 6, 144.29
1735126415, 252, 21, 42, 0, 0, 0.17%, 8, 0, 6, 143.31
1735126421, 252, 26, 42, 0, 0, 0.17%, 8, 0, 6, 150.83
1735126426, 252, 39, 42, 0, 0, 0.17%, 8, 0, 6, 144.91
1735126431, 253, 3, 42, 0, 0, 0.17%, 8, 0, 6, 145.34
1735126436, 253, 16, 42, 0, 0, 0.17%, 8, 0, 6, 140.52
1735126441, 253, 21, 42, 0, 0, 0.17%, 8, 0, 6, 136.91
1735126446, 254, 12, 42, 0, 0, 0.17%, 8, 0, 6, 139.13
1735126451, 254, 16, 42, 0, 0, 0.17%, 8, 0, 6, 151.00
1735126456, 254, 21, 42, 0, 0, 0.17%, 8, 0, 6, 147.47
1735126461, 255, 12, 42, 0, 0, 0.17%, 8, 0, 6, 137.57
1735126466, 255, 16, 42, 0, 0, 0.17%, 8, 0, 6, 142.84
1735126472, 255, 21, 42, 0, 0, 0.17%, 8, 0, 6, 139.83
1735126477, 255, 32, 42, 0, 0, 0.17%, 8, 0, 6, 137.21
