# unix_time, cycles_done, cur_path, paths_total, pending_total, pending_favs, map_size, unique_crashes, unique_hangs, max_depth, execs_per_sec
1735493456, 0, 0, 10, 10, 1, 0.01%, 0, 0, 1, 81.14
1735493461, 0, 3, 10, 10, 1, 0.01%, 0, 0, 1, 103.17
1735493466, 0, 4, 10, 9, 0, 0.01%, 0, 0, 1, 102.11
1735493476, 0, 5, 10, 8, 0, 0.01%, 0, 0, 1, 102.16
1735493487, 0, 6, 10, 7, 0, 0.01%, 0, 0, 1, 99.45
1735493497, 0, 7, 10, 6, 0, 0.01%, 0, 0, 1, 98.87
1735493507, 0, 8, 10, 5, 0, 0.01%, 0, 0, 1, 96.25
1735493517, 0, 9, 10, 4, 0, 0.01%, 0, 0, 1, 93.64
1735493527, 1, 0, 10, 3, 0, 0.01%, 0, 0, 1, 93.73
1735493538, 1, 1, 10, 2, 0, 0.01%, 0, 0, 1, 102.45
1735493553, 1, 2, 10, 1, 0, 0.01%, 0, 0, 1, 90.56
1735493563, 1, 3, 10, 0, 0, 0.01%, 0, 0, 1, 103.07
1735493569, 1, 4, 10, 0, 0, 0.01%, 0, 0, 1, 103.06
1735493574, 1, 6, 10, 0, 0, 0.01%, 0, 0, 1, 101.60
1735493579, 1, 7, 10, 0, 0, 0.01%, 0, 0, 1, 102.92
1735493584, 1, 9, 10, 0, 0, 0.01%, 0, 0, 1, 101.68
1735493589, 2, 0, 10, 0, 0, 0.01%, 0, 0, 1, 102.10
1735493594, 2, 2, 10, 0, 0, 0.01%, 0, 0, 1, 102.06
1735493600, 2, 3, 10, 0, 0, 0.01%, 0, 0, 1, 105.78
1735493605, 2, 5, 10, 0, 0, 0.01%, 0, 0, 1, 99.23
1735493610, 2, 6, 10, 0, 0, 0.01%, 0, 0, 1, 103.06
1735493615, 2, 7, 10, 0, 0, 0.01%, 0, 0, 1, 102.69
1735493620, 2, 9, 10, 0, 0, 0.01%, 0, 0, 1, 102.10
1735493625, 3, 0, 10, 0, 0, 0.01%, 0, 0, 1, 103.06
1735493630, 3, 2, 10, 0, 0, 0.01%, 0, 0, 1, 104.25
1735493635, 3, 3, 10, 0, 0, 0.01%, 0, 0, 1, 103.68
1735493641, 3, 5, 10, 0, 0, 0.01%, 0, 0, 1, 101.83
1735493646, 3, 6, 10, 0, 0, 0.01%, 0, 0, 1, 104.42
1735493651, 3, 7, 10, 0, 0, 0.01%, 0, 0, 1, 102.85
1735493656, 3, 9, 10, 0, 0, 0.01%, 0, 0, 1, 102.40
1735493661, 4, 0, 10, 0, 0, 0.01%, 0, 0, 1, 103.26
1735493666, 4, 2, 10, 0, 0, 0.01%, 0, 0, 1, 102.32
1735493671, 4, 3, 10, 0, 0, 0.01%, 0, 0, 1, 100.94
1735493676, 4, 4, 10, 0, 0, 0.01%, 0, 0, 1, 102.27
1735493681, 4, 6, 10, 0, 0, 0.01%, 0, 0, 1, 102.81
1735493686, 4, 7, 10, 0, 0, 0.01%, 0, 0, 1, 102.85
1735493691, 4, 9, 10, 0, 0, 0.01%, 0, 0, 1, 101.57
1735493696, 5, 0, 10, 0, 0, 0.01%, 0, 0, 1, 101.48
1735493701, 5, 1, 10, 0, 0, 0.01%, 0, 0, 1, 101.97
1735493707, 5, 3, 10, 0, 0, 0.01%, 0, 0, 1, 102.10
1735493712, 5, 4, 10, 0, 0, 0.01%, 0, 0, 1, 100.73
1735493717, 5, 6, 10, 0, 0, 0.01%, 0, 0, 1, 101.57
1735493722, 5, 7, 10, 0, 0, 0.01%, 0, 0, 1, 103.66
1735493727, 5, 9, 10, 0, 0, 0.01%, 0, 0, 1, 103.76
1735493732, 6, 0, 10, 0, 0, 0.01%, 0, 0, 1, 102.05
1735493737, 6, 1, 10, 0, 0, 0.01%, 0, 0, 1, 105.65
1735493742, 6, 3, 10, 0, 0, 0.01%, 0, 0, 1, 103.89
1735493747, 6, 4, 10, 0, 0, 0.01%, 0, 0, 1, 104.10
1735493752, 6, 6, 10, 0, 0, 0.01%, 0, 0, 1, 102.11
1735493757, 6, 7, 10, 0, 0, 0.01%, 0, 0, 1, 102.97
1735493762, 6, 8, 10, 0, 0, 0.01%, 0, 0, 1, 102.93
1735493767, 7, 0, 10, 0, 0, 0.01%, 0, 0, 1, 102.47
1735493772, 7, 1, 10, 0, 0, 0.01%, 0, 0, 1, 104.15
1735493778, 7, 3, 10, 0, 0, 0.01%, 0, 0, 1, 104.85
1735493783, 7, 4, 10, 0, 0, 0.01%, 0, 0, 1, 104.75
1735493788, 7, 6, 10, 0, 0, 0.01%, 0, 0, 1, 105.56
1735493793, 7, 7, 10, 0, 0, 0.01%, 0, 0, 1, 102.25
1735493798, 7, 8, 10, 0, 0, 0.01%, 0, 0, 1, 104.08
1735493803, 8, 0, 10, 0, 0, 0.01%, 0, 0, 1, 102.01
1735493808, 8, 1, 10, 0, 0, 0.01%, 0, 0, 1, 101.45
1735493813, 8, 3, 10, 0, 0, 0.01%, 0, 0, 1, 103.53
1735493818, 8, 4, 10, 0, 0, 0.01%, 0, 0, 1, 102.84
1735493823, 8, 5, 10, 0, 0, 0.01%, 0, 0, 1, 102.53
1735493828, 8, 7, 10, 0, 0, 0.01%, 0, 0, 1, 102.74
1735493833, 8, 8, 10, 0, 0, 0.01%, 0, 0, 1, 100.90
1735493838, 9, 0, 10, 0, 0, 0.01%, 0, 0, 1, 101.78
1735493843, 9, 1, 10, 0, 0, 0.01%, 0, 0, 1, 102.11
1735493848, 9, 2, 10, 0, 0, 0.01%, 0, 0, 1, 103.09
1735493853, 9, 4, 10, 0, 0, 0.01%, 0, 0, 1, 101.91
1735493858, 9, 5, 10, 0, 0, 0.01%, 0, 0, 1, 100.84
1735493863, 9, 7, 10, 0, 0, 0.01%, 0, 0, 1, 102.67
1735493868, 9, 8, 10, 0, 0, 0.01%, 0, 0, 1, 102.78
1735493873, 9, 9, 10, 0, 0, 0.01%, 0, 0, 1, 102.25
1735493878, 10, 1, 10, 0, 0, 0.01%, 0, 0, 1, 104.54
1735493884, 10, 2, 10, 0, 0, 0.01%, 0, 0, 1, 104.92
1735493889, 10, 4, 10, 0, 0, 0.01%, 0, 0, 1, 104.74
1735493894, 10, 5, 10, 0, 0, 0.01%, 0, 0, 1, 105.40
1735493899, 10, 7, 10, 0, 0, 0.01%, 0, 0, 1, 103.53
1735493904, 10, 8, 10, 0, 0, 0.01%, 0, 0, 1, 99.40
1735493909, 10, 9, 10, 0, 0, 0.01%, 0, 0, 1, 102.42
1735493914, 11, 1, 10, 0, 0, 0.01%, 0, 0, 1, 102.83
1735493919, 11, 2, 10, 0, 0, 0.01%, 0, 0, 1, 103.08
1735493924, 11, 4, 10, 0, 0, 0.01%, 0, 0, 1, 103.81
1735493929, 11, 5, 10, 0, 0, 0.01%, 0, 0, 1, 102.21
1735493934, 11, 6, 10, 0, 0, 0.01%, 0, 0, 1, 101.36
1735493939, 11, 8, 10, 0, 0, 0.01%, 0, 0, 1, 101.97
1735493944, 11, 9, 10, 0, 0, 0.01%, 0, 0, 1, 102.78
1735493949, 12, 1, 10, 0, 0, 0.01%, 0, 0, 1, 105.79
1735493954, 12, 2, 10, 0, 0, 0.01%, 0, 0, 1, 103.73
1735493959, 12, 4, 10, 0, 0, 0.01%, 0, 0, 1, 104.15
1735493964, 12, 5, 10, 0, 0, 0.01%, 0, 0, 1, 101.67
1735493970, 12, 6, 10, 0, 0, 0.01%, 0, 0, 1, 101.82
1735493975, 12, 8, 10, 0, 0, 0.01%, 0, 0, 1, 102.34
1735493980, 12, 9, 10, 0, 0, 0.01%, 0, 0, 1, 100.79
1735493985, 13, 1, 10, 0, 0, 0.01%, 0, 0, 1, 102.16
1735493990, 13, 2, 10, 0, 0, 0.01%, 0, 0, 1, 103.55
1735493995, 13, 4, 10, 0, 0, 0.01%, 0, 0, 1, 102.05
1735494000, 13, 5, 10, 0, 0, 0.01%, 0, 0, 1, 103.51
1735494005, 13, 6, 10, 0, 0, 0.01%, 0, 0, 1, 101.05
1735494010, 13, 8, 10, 0, 0, 0.01%, 0, 0, 1, 102.65
1735494015, 13, 9, 10, 0, 0, 0.01%, 0, 0, 1, 102.39
1735494021, 14, 1, 10, 0, 0, 0.01%, 0, 0, 1, 103.59
1735494026, 14, 2, 10, 0, 0, 0.01%, 0, 0, 1, 103.55
1735494031, 14, 4, 10, 0, 0, 0.01%, 0, 0, 1, 104.67
1735494036, 14, 5, 10, 0, 0, 0.01%, 0, 0, 1, 101.18
1735494041, 14, 6, 10, 0, 0, 0.01%, 0, 0, 1, 101.87
1735494046, 14, 8, 10, 0, 0, 0.01%, 0, 0, 1, 103.20
1735494051, 14, 9, 10, 0, 0, 0.01%, 0, 0, 1, 101.31
1735494056, 15, 1, 10, 0, 0, 0.01%, 0, 0, 1, 102.36
1735494061, 15, 2, 10, 0, 0, 0.01%, 0, 0, 1, 106.66
1735494066, 15, 4, 10, 0, 0, 0.01%, 0, 0, 1, 106.94
1735494071, 15, 5, 10, 0, 0, 0.01%, 0, 0, 1, 104.73
1735494077, 15, 6, 10, 0, 0, 0.01%, 0, 0, 1, 107.08
1735494082, 15, 8, 10, 0, 0, 0.01%, 0, 0, 1, 105.09
1735494087, 15, 9, 10, 0, 0, 0.01%, 0, 0, 1, 104.99
1735494092, 16, 1, 10, 0, 0, 0.01%, 0, 0, 1, 107.63
1735494097, 16, 2, 10, 0, 0, 0.01%, 0, 0, 1, 109.30
1735494102, 16, 4, 10, 0, 0, 0.01%, 0, 0, 1, 106.25
1735494107, 16, 5, 10, 0, 0, 0.01%, 0, 0, 1, 107.62
1735494112, 16, 7, 10, 0, 0, 0.01%, 0, 0, 1, 105.80
1735494117, 16, 8, 10, 0, 0, 0.01%, 0, 0, 1, 108.22
1735494122, 17, 0, 10, 0, 0, 0.01%, 0, 0, 1, 106.01
1735494127, 17, 1, 10, 0, 0, 0.01%, 0, 0, 1, 105.49
1735494133, 17, 3, 10, 0, 0, 0.01%, 0, 0, 1, 106.31
1735494138, 17, 4, 10, 0, 0, 0.01%, 0, 0, 1, 107.52
1735494143, 17, 6, 10, 0, 0, 0.01%, 0, 0, 1, 106.84
1735494148, 17, 7, 10, 0, 0, 0.01%, 0, 0, 1, 107.94
1735494153, 17, 9, 10, 0, 0, 0.01%, 0, 0, 1, 107.40
1735494158, 18, 0, 10, 0, 0, 0.01%, 0, 0, 1, 107.99
1735494163, 18, 2, 10, 0, 0, 0.01%, 0, 0, 1, 109.46
1735494169, 18, 3, 10, 0, 0, 0.01%, 0, 0, 1, 107.33
1735494174, 18, 5, 10, 0, 0, 0.01%, 0, 0, 1, 107.40
1735494179, 18, 6, 10, 0, 0, 0.01%, 0, 0, 1, 104.02
1735494184, 18, 8, 10, 0, 0, 0.01%, 0, 0, 1, 107.37
1735494189, 18, 9, 10, 0, 0, 0.01%, 0, 0, 1, 108.09
1735494194, 19, 1, 10, 0, 0, 0.01%, 0, 0, 1, 107.27
1735494199, 19, 2, 10, 0, 0, 0.01%, 0, 0, 1, 109.44
1735494205, 19, 4, 10, 0, 0, 0.01%, 0, 0, 1, 108.06
1735494210, 19, 5, 10, 0, 0, 0.01%, 0, 0, 1, 106.70
1735494215, 19, 7, 10, 0, 0, 0.01%, 0, 0, 1, 107.11
1735494220, 19, 8, 10, 0, 0, 0.01%, 0, 0, 1, 105.79
1735494225, 20, 0, 10, 0, 0, 0.01%, 0, 0, 1, 106.54
1735494230, 20, 10, 11, 1, 1, 0.16%, 1, 0, 2, 121.51
1735494235, 20, 10, 12, 2, 1, 0.16%, 2, 0, 3, 120.92
1735494291, 20, 10, 13, 3, 1, 0.16%, 2, 0, 3, 108.74
1735494317, 20, 11, 13, 2, 1, 0.16%, 2, 0, 3, 129.82
1735494322, 20, 11, 14, 3, 1, 0.16%, 3, 0, 4, 124.93
1735494342, 20, 11, 15, 4, 1, 0.17%, 4, 0, 4, 119.69
1735494358, 20, 11, 16, 5, 1, 0.17%, 4, 0, 4, 113.66
1735494394, 20, 11, 17, 6, 1, 0.17%, 4, 0, 4, 116.20
1735494450, 20, 13, 17, 5, 2, 0.17%, 4, 0, 4, 133.42
1735494460, 20, 13, 18, 6, 2, 0.17%, 4, 0, 5, 113.83
1735494491, 20, 13, 19, 7, 2, 0.17%, 4, 0, 5, 117.44
1735494609, 20, 13, 20, 8, 2, 0.17%, 4, 0, 5, 118.12
1735494614, 20, 13, 21, 9, 2, 0.17%, 4, 0, 5, 127.49
1735494619, 20, 13, 22, 10, 2, 0.17%, 4, 0, 5, 117.10
1735494630, 20, 14, 23, 10, 1, 0.17%, 5, 0, 5, 136.75
1735494645, 20, 14, 24, 11, 1, 0.17%, 5, 0, 5, 118.38
1735494660, 20, 14, 25, 12, 1, 0.17%, 5, 0, 5, 119.53
1735494666, 20, 14, 26, 13, 1, 0.17%, 5, 0, 5, 118.03
1735494742, 20, 14, 27, 14, 1, 0.17%, 5, 0, 5, 127.11
1735494763, 20, 22, 27, 13, 1, 0.17%, 5, 0, 5, 152.75
1735494768, 20, 22, 28, 14, 1, 0.17%, 5, 0, 6, 128.04
1735494809, 20, 22, 29, 15, 1, 0.17%, 5, 0, 6, 113.81
1735494829, 20, 22, 30, 16, 1, 0.17%, 5, 0, 6, 118.43
1735494891, 20, 27, 30, 15, 0, 0.17%, 5, 0, 6, 196.36
1735494896, 20, 27, 31, 16, 0, 0.17%, 5, 0, 7, 173.35
1735494968, 20, 28, 31, 15, 0, 0.17%, 5, 0, 7, 142.80
1735494978, 20, 28, 32, 16, 0, 0.17%, 5, 0, 7, 128.52
1735495102, 21, 2, 32, 15, 0, 0.17%, 5, 0, 7, 129.15
1735495107, 21, 10, 32, 15, 0, 0.17%, 5, 0, 7, 117.05
1735495122, 21, 11, 32, 15, 0, 0.17%, 5, 0, 7, 123.74
1735495137, 21, 13, 32, 15, 0, 0.17%, 5, 0, 7, 119.32
1735495168, 21, 14, 32, 15, 0, 0.17%, 5, 0, 7, 123.25
1735495199, 21, 17, 32, 15, 0, 0.17%, 5, 0, 7, 114.38
1735495224, 21, 17, 33, 16, 0, 0.17%, 5, 0, 7, 118.24
1735495260, 21, 17, 34, 17, 0, 0.17%, 5, 0, 7, 117.31
1735495342, 21, 18, 34, 16, 0, 0.17%, 5, 0, 7, 203.10
1735495435, 21, 21, 34, 15, 0, 0.17%, 5, 0, 7, 183.50
1735495476, 21, 21, 35, 16, 0, 0.17%, 5, 0, 7, 135.11
1735495481, 21, 21, 36, 17, 0, 0.17%, 5, 0, 7, 134.27
1735495512, 21, 21, 37, 18, 0, 0.17%, 6, 0, 7, 136.22
1735495553, 21, 22, 37, 17, 0, 0.17%, 6, 0, 7, 121.91
1735495583, 21, 25, 37, 17, 0, 0.17%, 6, 0, 7, 172.02
1735495634, 21, 36, 37, 16, 0, 0.17%, 6, 0, 7, 98.17
1735495640, 21, 36, 38, 17, 0, 0.17%, 6, 0, 7, 181.18
1735496275, 21, 36, 39, 18, 0, 0.17%, 6, 0, 7, 128.90
1735496286, 22, 11, 39, 17, 0, 0.17%, 6, 0, 7, 137.81
1735496296, 22, 13, 39, 17, 0, 0.17%, 6, 0, 7, 122.13
1735496316, 22, 14, 39, 17, 0, 0.17%, 6, 0, 7, 121.49
1735496337, 22, 16, 39, 17, 0, 0.17%, 6, 0, 7, 148.71
1735496389, 22, 22, 39, 16, 0, 0.17%, 6, 0, 7, 129.04
1735496409, 22, 31, 39, 16, 0, 0.17%, 6, 0, 7, 139.41
1735496465, 23, 11, 39, 15, 0, 0.17%, 6, 0, 7, 119.04
1735496475, 23, 13, 39, 15, 0, 0.17%, 6, 0, 7, 124.75
1735496491, 23, 14, 39, 15, 0, 0.17%, 6, 0, 7, 133.76
1735496516, 23, 22, 39, 15, 0, 0.17%, 6, 0, 7, 127.39
1735496537, 23, 30, 39, 15, 0, 0.17%, 6, 0, 7, 203.62
1735496609, 23, 32, 39, 14, 0, 0.17%, 6, 0, 7, 111.75
1735496813, 23, 33, 39, 13, 0, 0.17%, 6, 0, 7, 129.08
1735497225, 23, 37, 39, 12, 0, 0.17%, 6, 0, 7, 134.85
1735497407, 24, 11, 39, 11, 0, 0.17%, 6, 0, 7, 130.59
1735497418, 24, 13, 39, 11, 0, 0.17%, 6, 0, 7, 140.11
1735497438, 24, 14, 39, 11, 0, 0.17%, 6, 0, 7, 129.76
1735497464, 24, 22, 39, 11, 0, 0.17%, 6, 0, 7, 123.94
1735497485, 25, 11, 39, 11, 0, 0.17%, 6, 0, 7, 127.17
1735497490, 25, 13, 39, 11, 0, 0.17%, 6, 0, 7, 133.10
1735497495, 25, 14, 39, 11, 0, 0.17%, 6, 0, 7, 128.26
1735497500, 25, 22, 39, 11, 0, 0.17%, 6, 0, 7, 128.01
1735497505, 25, 31, 39, 11, 0, 0.17%, 6, 0, 7, 129.68
1735497525, 26, 13, 39, 11, 0, 0.17%, 6, 0, 7, 126.05
1735497536, 26, 14, 39, 11, 0, 0.17%, 6, 0, 7, 136.24
1735497541, 26, 22, 39, 11, 0, 0.17%, 6, 0, 7, 126.68
1735497546, 26, 24, 39, 11, 0, 0.17%, 6, 0, 7, 132.67
1735497623, 27, 13, 39, 10, 0, 0.17%, 6, 0, 7, 135.28
1735497628, 27, 14, 39, 10, 0, 0.17%, 6, 0, 7, 137.35
1735497633, 27, 16, 39, 10, 0, 0.17%, 6, 0, 7, 130.58
1735497659, 27, 17, 39, 10, 0, 0.17%, 6, 0, 7, 128.14
1735497679, 27, 22, 39, 10, 0, 0.17%, 6, 0, 7, 127.79
1735497684, 27, 25, 39, 10, 0, 0.17%, 6, 0, 7, 131.08
1735497705, 27, 26, 39, 10, 0, 0.17%, 6, 0, 7, 166.22
1735497756, 27, 35, 39, 9, 0, 0.17%, 6, 0, 7, 163.24
1735497838, 28, 13, 39, 8, 0, 0.17%, 6, 0, 7, 122.31
1735497843, 28, 14, 39, 8, 0, 0.17%, 6, 0, 7, 131.10
1735497848, 28, 20, 39, 8, 0, 0.17%, 6, 0, 7, 121.76
1735498221, 28, 22, 39, 7, 0, 0.17%, 6, 0, 7, 128.78
1735498226, 29, 11, 39, 7, 0, 0.17%, 6, 0, 7, 131.57
1735498231, 29, 12, 39, 7, 0, 0.17%, 6, 0, 7, 162.85
1735498262, 29, 13, 39, 6, 0, 0.17%, 6, 0, 7, 132.67
1735498267, 29, 14, 39, 6, 0, 0.17%, 6, 0, 7, 132.36
1735498272, 29, 22, 39, 6, 0, 0.17%, 6, 0, 7, 139.88
1735498277, 29, 29, 39, 6, 0, 0.17%, 6, 0, 7, 194.63
1735498333, 29, 34, 39, 5, 0, 0.17%, 6, 0, 7, 111.82
1735498599, 30, 11, 39, 4, 0, 0.17%, 6, 0, 7, 133.32
1735498605, 30, 13, 39, 4, 0, 0.17%, 6, 0, 7, 125.75
1735498610, 30, 14, 39, 4, 0, 0.17%, 6, 0, 7, 139.93
1735498615, 30, 15, 39, 4, 0, 0.17%, 6, 0, 7, 133.81
1735499032, 30, 22, 39, 3, 0, 0.17%, 6, 0, 7, 139.66
1735499042, 30, 23, 39, 3, 0, 0.17%, 6, 0, 7, 213.85
1735499093, 30, 24, 39, 2, 0, 0.17%, 6, 0, 7, 136.41
1735499129, 31, 13, 39, 2, 0, 0.17%, 6, 0, 7, 129.22
1735499134, 31, 14, 39, 2, 0, 0.17%, 6, 0, 7, 131.09
1735499144, 31, 22, 39, 2, 0, 0.17%, 6, 0, 7, 127.11
1735499150, 32, 11, 39, 2, 0, 0.17%, 6, 0, 7, 125.61
1735499155, 32, 13, 39, 2, 0, 0.17%, 6, 0, 7, 134.64
1735499160, 32, 14, 39, 2, 0, 0.17%, 6, 0, 7, 141.57
1735499165, 32, 22, 39, 2, 0, 0.17%, 6, 0, 7, 142.81
1735499170, 32, 31, 39, 2, 0, 0.17%, 6, 0, 7, 138.81
1735499191, 33, 9, 39, 2, 0, 0.17%, 6, 0, 7, 125.65
1735499196, 33, 13, 39, 2, 0, 0.17%, 6, 0, 7, 129.19
1735499201, 33, 14, 39, 2, 0, 0.17%, 6, 0, 7, 125.41
1735499206, 33, 15, 39, 2, 0, 0.17%, 6, 0, 7, 143.57
1735499231, 33, 22, 39, 2, 0, 0.17%, 6, 0, 7, 128.72
1735499237, 34, 13, 39, 2, 0, 0.17%, 6, 0, 7, 128.34
1735499242, 34, 14, 39, 2, 0, 0.17%, 6, 0, 7, 128.27
1735499247, 34, 22, 39, 2, 0, 0.17%, 6, 0, 7, 129.98
1735499252, 34, 36, 39, 2, 0, 0.17%, 6, 0, 7, 151.10
1735499273, 35, 4, 39, 2, 0, 0.17%, 6, 0, 7, 123.96
1735499278, 35, 13, 39, 2, 0, 0.17%, 6, 0, 7, 127.61
1735499283, 35, 14, 39, 2, 0, 0.17%, 6, 0, 7, 129.88
1735499288, 35, 19, 39, 2, 0, 0.17%, 6, 0, 7, 160.24
1735499350, 35, 22, 39, 1, 0, 0.17%, 6, 0, 7, 137.62
1735499355, 35, 38, 39, 1, 0, 0.17%, 6, 0, 7, 129.71
1735499411, 36, 13, 39, 0, 0, 0.17%, 6, 0, 7, 132.03
1735499416, 36, 14, 39, 0, 0, 0.17%, 6, 0, 7, 127.57
1735499421, 36, 15, 39, 0, 0, 0.17%, 6, 0, 7, 130.74
1735499442, 36, 20, 39, 0, 0, 0.17%, 6, 0, 7, 160.60
1735499457, 36, 22, 39, 0, 0, 0.17%, 6, 0, 7, 132.49
1735499462, 37, 0, 39, 0, 0, 0.17%, 6, 0, 7, 137.05
1735499468, 37, 13, 39, 0, 0, 0.17%, 6, 0, 7, 131.33
1735499473, 37, 14, 39, 0, 0, 0.17%, 6, 0, 7, 125.46
1735499483, 37, 19, 39, 0, 0, 0.17%, 6, 0, 7, 137.41
1735499504, 37, 22, 39, 0, 0, 0.17%, 6, 0, 7, 134.39
1735499509, 37, 34, 39, 0, 0, 0.17%, 6, 0, 7, 174.01
1735499539, 38, 13, 39, 0, 0, 0.17%, 6, 0, 7, 124.04
1735499545, 38, 14, 39, 0, 0, 0.17%, 6, 0, 7, 124.95
1735499550, 38, 15, 39, 0, 0, 0.17%, 6, 0, 7, 128.20
1735499570, 38, 22, 39, 0, 0, 0.17%, 6, 0, 7, 132.29
1735499575, 38, 24, 39, 0, 0, 0.17%, 6, 0, 7, 131.32
1735499611, 38, 30, 39, 0, 0, 0.17%, 6, 0, 7, 136.88
1735499642, 39, 11, 39, 0, 0, 0.17%, 6, 0, 7, 134.12
1735499648, 39, 13, 39, 0, 0, 0.17%, 6, 0, 7, 132.92
1735499653, 39, 14, 39, 0, 0, 0.17%, 6, 0, 7, 128.95
1735499658, 39, 22, 39, 0, 0, 0.17%, 6, 0, 7, 126.68
1735499663, 39, 31, 39, 0, 0, 0.17%, 6, 0, 7, 131.46
1735499684, 39, 32, 39, 0, 0, 0.17%, 6, 0, 7, 164.29
1735499714, 39, 38, 39, 0, 0, 0.17%, 6, 0, 7, 148.08
1735499735, 40, 11, 39, 0, 0, 0.17%, 6, 0, 7, 128.68
1735499740, 40, 13, 39, 0, 0, 0.17%, 6, 0, 7, 134.91
1735499745, 40, 14, 39, 0, 0, 0.17%, 6, 0, 7, 141.11
1735499750, 40, 22, 39, 0, 0, 0.17%, 6, 0, 7, 130.70
1735499755, 41, 11, 39, 0, 0, 0.17%, 6, 0, 7, 125.05
1735499761, 41, 12, 39, 0, 0, 0.17%, 6, 0, 7, 130.23
1735499771, 41, 13, 39, 0, 0, 0.17%, 6, 0, 7, 133.30
1735499776, 41, 14, 39, 0, 0, 0.17%, 6, 0, 7, 129.67
1735499781, 41, 17, 39, 0, 0, 0.17%, 6, 0, 7, 125.39
1735499802, 41, 22, 39, 0, 0, 0.17%, 6, 0, 7, 125.54
1735499807, 41, 24, 39, 0, 0, 0.17%, 6, 0, 7, 133.46
1735499843, 41, 30, 39, 0, 0, 0.17%, 6, 0, 7, 128.71
1735499874, 41, 34, 39, 0, 0, 0.17%, 6, 0, 7, 141.97
1735499905, 42, 11, 39, 0, 0, 0.17%, 6, 0, 7, 137.54
1735499910, 42, 13, 39, 0, 0, 0.17%, 6, 0, 7, 140.65
1735499915, 42, 14, 39, 0, 0, 0.17%, 6, 0, 7, 132.33
1735499920, 42, 20, 39, 0, 0, 0.17%, 6, 0, 7, 172.51
1735499936, 42, 21, 39, 0, 0, 0.17%, 6, 0, 7, 136.19
1735499966, 42, 22, 39, 0, 0, 0.17%, 6, 0, 7, 122.09
1735499972, 43, 11, 39, 0, 0, 0.17%, 6, 0, 7, 125.19
1735499977, 43, 13, 39, 0, 0, 0.17%, 6, 0, 7, 125.83
1735499982, 43, 14, 39, 0, 0, 0.17%, 6, 0, 7, 129.71
1735499987, 43, 16, 39, 0, 0, 0.17%, 6, 0, 7, 128.03
1735500008, 43, 22, 39, 0, 0, 0.17%, 6, 0, 7, 131.36
1735500013, 44, 11, 39, 0, 0, 0.17%, 6, 0, 7, 130.22
1735500018, 44, 13, 39, 0, 0, 0.17%, 6, 0, 7, 123.16
1735500023, 44, 14, 39, 0, 0, 0.17%, 6, 0, 7, 131.43
1735500028, 44, 22, 39, 0, 0, 0.17%, 6, 0, 7, 126.90
1735500033, 44, 25, 39, 0, 0, 0.17%, 6, 0, 7, 134.40
1735500054, 45, 11, 39, 0, 0, 0.17%, 6, 0, 7, 139.78
1735500059, 45, 13, 39, 0, 0, 0.17%, 6, 0, 7, 128.14
1735500064, 45, 14, 39, 0, 0, 0.17%, 6, 0, 7, 124.75
1735500069, 45, 22, 39, 0, 0, 0.17%, 6, 0, 7, 126.80
1735500074, 46, 1, 39, 0, 0, 0.17%, 6, 0, 7, 130.56
1735500080, 46, 13, 39, 0, 0, 0.17%, 6, 0, 7, 123.72
1735500085, 46, 14, 39, 0, 0, 0.17%, 6, 0, 7, 128.18
1735500090, 46, 22, 39, 0, 0, 0.17%, 6, 0, 7, 127.30
1735500095, 46, 23, 39, 0, 0, 0.17%, 6, 0, 7, 140.73
1735500115, 47, 11, 39, 0, 0, 0.17%, 6, 0, 7, 128.33
1735500120, 47, 13, 39, 0, 0, 0.17%, 6, 0, 7, 127.41
1735500126, 47, 14, 39, 0, 0, 0.17%, 6, 0, 7, 133.43
1735500131, 47, 18, 39, 0, 0, 0.17%, 6, 0, 7, 144.58
1735500151, 47, 22, 39, 0, 0, 0.17%, 6, 0, 7, 123.36
1735500157, 47, 24, 39, 0, 0, 0.17%, 6, 0, 7, 129.95
1735500192, 48, 13, 39, 0, 0, 0.17%, 6, 0, 7, 123.74
1735500197, 48, 14, 39, 0, 0, 0.17%, 6, 0, 7, 129.56
1735500208, 48, 15, 39, 0, 0, 0.17%, 6, 0, 7, 170.13
1735500228, 48, 22, 39, 0, 0, 0.17%, 6, 0, 7, 123.38
1735500233, 48, 23, 39, 0, 0, 0.17%, 6, 0, 7, 142.29
1735500254, 48, 29, 39, 0, 0, 0.17%, 6, 0, 7, 152.21
1735500275, 49, 6, 39, 0, 0, 0.17%, 6, 0, 7, 132.83
1735500280, 49, 12, 39, 0, 0, 0.17%, 6, 0, 7, 130.47
1735500290, 49, 13, 39, 0, 0, 0.17%, 6, 0, 7, 122.89
1735500295, 49, 14, 39, 0, 0, 0.17%, 6, 0, 7, 127.95
1735500300, 49, 20, 39, 0, 0, 0.17%, 6, 0, 7, 128.41
1735500320, 49, 22, 39, 0, 0, 0.17%, 6, 0, 7, 135.14
1735500326, 49, 27, 39, 0, 0, 0.17%, 6, 0, 7, 140.74
1735500357, 50, 11, 39, 0, 0, 0.17%, 6, 0, 7, 125.12
1735500362, 50, 13, 39, 0, 0, 0.17%, 6, 0, 7, 120.93
1735500367, 50, 14, 39, 0, 0, 0.17%, 6, 0, 7, 121.53
1735500372, 50, 22, 39, 0, 0, 0.17%, 6, 0, 7, 126.18
1735500377, 51, 11, 39, 0, 0, 0.17%, 6, 0, 7, 132.53
1735500382, 51, 14, 39, 0, 0, 0.17%, 6, 0, 7, 135.69
1735500393, 51, 19, 39, 0, 0, 0.17%, 6, 0, 7, 135.30
1735500408, 51, 22, 39, 0, 0, 0.17%, 6, 0, 7, 123.08
1735500418, 52, 13, 39, 0, 0, 0.17%, 6, 0, 7, 125.09
1735500423, 52, 14, 39, 0, 0, 0.17%, 6, 0, 7, 126.85
1735500429, 52, 17, 39, 0, 0, 0.17%, 6, 0, 7, 128.20
1735500454, 52, 22, 39, 0, 0, 0.17%, 6, 0, 7, 139.10
1735500459, 53, 10, 39, 0, 0, 0.17%, 6, 0, 7, 126.49
1735500469, 53, 11, 39, 0, 0, 0.17%, 6, 0, 7, 123.19
1735500475, 53, 13, 39, 0, 0, 0.17%, 6, 0, 7, 132.56
1735500480, 53, 14, 39, 0, 0, 0.17%, 6, 0, 7, 129.80
1735500485, 53, 19, 39, 0, 0, 0.17%, 6, 0, 7, 133.20
1735500506, 53, 22, 39, 0, 0, 0.17%, 6, 0, 7, 128.77
1735500511, 53, 25, 39, 0, 0, 0.17%, 6, 0, 7, 133.57
1735500531, 54, 11, 39, 0, 0, 0.17%, 6, 0, 7, 123.51
1735500536, 54, 13, 39, 0, 0, 0.17%, 6, 0, 7, 126.78
1735500541, 54, 14, 39, 0, 0, 0.17%, 6, 0, 7, 136.55
1735500547, 54, 22, 39, 0, 0, 0.17%, 6, 0, 7, 128.82
1735500552, 54, 33, 39, 0, 0, 0.17%, 6, 0, 7, 166.13
1735500572, 55, 13, 39, 0, 0, 0.17%, 6, 0, 7, 129.06
1735500578, 55, 14, 39, 0, 0, 0.17%, 6, 0, 7, 134.35
1735500583, 55, 21, 39, 0, 0, 0.17%, 6, 0, 7, 134.92
1735500614, 55, 22, 39, 0, 0, 0.17%, 6, 0, 7, 130.86
1735500619, 55, 32, 39, 0, 0, 0.17%, 6, 0, 7, 156.68
1735500650, 56, 13, 39, 0, 0, 0.17%, 6, 0, 7, 129.74
1735500655, 56, 14, 39, 0, 0, 0.17%, 6, 0, 7, 127.21
1735500660, 56, 21, 39, 0, 0, 0.17%, 6, 0, 7, 132.75
1735500691, 56, 22, 39, 0, 0, 0.17%, 6, 0, 7, 119.17
1735500696, 56, 24, 39, 0, 0, 0.17%, 6, 0, 7, 135.20
1735500706, 57, 10, 39, 0, 0, 0.17%, 6, 0, 7, 126.93
1735500716, 57, 11, 39, 0, 0, 0.17%, 6, 0, 7, 116.72
1735500722, 57, 13, 39, 0, 0, 0.17%, 6, 0, 7, 125.76
1735500727, 57, 14, 39, 0, 0, 0.17%, 6, 0, 7, 123.57
1735500732, 57, 22, 39, 0, 0, 0.17%, 6, 0, 7, 123.04
1735500737, 57, 30, 39, 0, 0, 0.17%, 6, 0, 7, 136.11
1735500768, 58, 11, 39, 0, 0, 0.17%, 6, 0, 7, 130.09
1735500773, 58, 13, 39, 0, 0, 0.17%, 6, 0, 7, 132.44
1735500778, 58, 14, 39, 0, 0, 0.17%, 6, 0, 7, 130.73
1735500783, 58, 22, 39, 0, 0, 0.17%, 6, 0, 7, 126.07
1735500789, 58, 26, 39, 0, 0, 0.17%, 6, 0, 7, 135.63
1735500809, 59, 11, 39, 0, 0, 0.17%, 6, 0, 7, 130.25
1735500814, 59, 13, 39, 0, 0, 0.17%, 6, 0, 7, 125.83
1735500819, 59, 14, 39, 0, 0, 0.17%, 6, 0, 7, 131.73
1735500824, 59, 22, 39, 0, 0, 0.17%, 6, 0, 7, 132.88
1735500830, 59, 38, 39, 0, 0, 0.17%, 6, 0, 7, 134.38
1735500850, 60, 7, 39, 0, 0, 0.17%, 6, 0, 7, 132.37
1735500855, 60, 11, 39, 0, 0, 0.17%, 6, 0, 7, 133.60
1735500860, 60, 13, 39, 0, 0, 0.17%, 6, 0, 7, 125.13
1735500866, 60, 14, 39, 0, 0, 0.17%, 6, 0, 7, 129.73
1735500871, 60, 15, 39, 0, 0, 0.17%, 6, 0, 7, 147.82
1735500876, 60, 21, 39, 0, 0, 0.17%, 6, 0, 7, 140.54
1735500906, 60, 22, 39, 0, 0, 0.17%, 6, 0, 7, 136.03
1735500911, 60, 34, 39, 0, 0, 0.17%, 6, 0, 7, 166.10
1735500937, 61, 1, 39, 0, 0, 0.17%, 6, 0, 7, 145.66
1735500942, 61, 13, 39, 0, 0, 0.17%, 6, 0, 7, 127.53
1735500952, 61, 14, 39, 0, 0, 0.17%, 6, 0, 7, 134.48
1735500957, 61, 16, 39, 0, 0, 0.17%, 6, 0, 7, 131.71
1735500973, 61, 22, 39, 0, 0, 0.17%, 6, 0, 7, 131.40
1735500978, 62, 11, 39, 0, 0, 0.17%, 6, 0, 7, 132.10
1735500983, 62, 12, 39, 0, 0, 0.17%, 6, 0, 7, 134.39
1735500993, 62, 13, 39, 0, 0, 0.17%, 6, 0, 7, 132.69
1735500999, 62, 14, 39, 0, 0, 0.17%, 6, 0, 7, 130.44
1735501004, 62, 22, 39, 0, 0, 0.17%, 6, 0, 7, 129.35
1735501009, 62, 27, 39, 0, 0, 0.17%, 6, 0, 7, 138.36
1735501040, 63, 13, 39, 0, 0, 0.17%, 6, 0, 7, 119.82
1735501045, 63, 14, 39, 0, 0, 0.17%, 6, 0, 7, 129.55
1735501050, 63, 16, 39, 0, 0, 0.17%, 6, 0, 7, 130.72
1735501071, 63, 22, 39, 0, 0, 0.17%, 6, 0, 7, 135.01
1735501076, 63, 26, 39, 0, 0, 0.17%, 6, 0, 7, 139.60
1735501096, 64, 13, 39, 0, 0, 0.17%, 6, 0, 7, 135.73
1735501107, 64, 14, 39, 0, 0, 0.17%, 6, 0, 7, 130.92
1735501112, 64, 22, 39, 0, 0, 0.17%, 6, 0, 7, 131.85
1735501117, 65, 11, 39, 0, 0, 0.17%, 6, 0, 7, 125.36
1735501122, 65, 13, 39, 0, 0, 0.17%, 6, 0, 7, 124.07
1735501127, 65, 14, 39, 0, 0, 0.17%, 6, 0, 7, 133.91
1735501132, 65, 22, 39, 0, 0, 0.17%, 6, 0, 7, 133.66
1735501137, 65, 28, 39, 0, 0, 0.17%, 6, 0, 7, 128.14
1735501158, 66, 11, 39, 0, 0, 0.17%, 6, 0, 7, 126.34
1735501163, 66, 13, 39, 0, 0, 0.17%, 6, 0, 7, 127.96
1735501168, 66, 14, 39, 0, 0, 0.17%, 6, 0, 7, 127.10
1735501173, 66, 17, 39, 0, 0, 0.17%, 6, 0, 7, 129.55
1735501199, 66, 22, 39, 0, 0, 0.17%, 6, 0, 7, 125.10
1735501204, 67, 13, 39, 0, 0, 0.17%, 6, 0, 7, 127.71
1735501209, 67, 14, 39, 0, 0, 0.17%, 6, 0, 7, 127.45
1735501215, 67, 22, 39, 0, 0, 0.17%, 6, 0, 7, 126.72
1735501220, 67, 23, 39, 0, 0, 0.17%, 6, 0, 7, 134.33
1735501245, 67, 35, 39, 0, 0, 0.17%, 6, 0, 7, 151.14
1735501276, 67, 36, 39, 0, 0, 0.17%, 6, 0, 7, 176.97
1735501291, 68, 13, 39, 0, 0, 0.17%, 6, 0, 7, 135.55
1735501297, 68, 14, 39, 0, 0, 0.17%, 6, 0, 7, 120.40
1735501302, 68, 22, 39, 0, 0, 0.17%, 6, 0, 7, 127.94
1735501312, 68, 31, 39, 0, 0, 0.17%, 6, 0, 7, 130.05
1735501333, 69, 11, 39, 0, 0, 0.17%, 6, 0, 7, 131.31
1735501338, 69, 13, 39, 0, 0, 0.17%, 6, 0, 7, 127.56
1735501343, 69, 14, 39, 0, 0, 0.17%, 6, 0, 7, 134.14
1735501348, 69, 19, 39, 0, 0, 0.17%, 6, 0, 7, 137.40
1735501369, 69, 22, 39, 0, 0, 0.17%, 6, 0, 7, 135.69
1735501374, 70, 11, 39, 0, 0, 0.17%, 6, 0, 7, 124.65
1735501379, 70, 13, 39, 0, 0, 0.17%, 6, 0, 7, 130.02
1735501384, 70, 14, 39, 0, 0, 0.17%, 6, 0, 7, 136.14
1735501389, 70, 22, 39, 0, 0, 0.17%, 6, 0, 7, 132.15
1735501394, 70, 36, 39, 0, 0, 0.17%, 6, 0, 7, 169.69
1735501415, 71, 13, 39, 0, 0, 0.17%, 6, 0, 7, 127.93
1735501420, 71, 14, 39, 0, 0, 0.17%, 6, 0, 7, 133.72
1735501425, 71, 22, 39, 0, 0, 0.17%, 6, 0, 7, 137.87
1735501430, 71, 35, 39, 0, 0, 0.17%, 6, 0, 7, 140.29
1735501461, 72, 3, 39, 0, 0, 0.17%, 6, 0, 7, 142.87
1735501466, 72, 13, 39, 0, 0, 0.17%, 6, 0, 7, 128.62
1735501471, 72, 14, 39, 0, 0, 0.17%, 6, 0, 7, 129.97
1735501477, 72, 22, 39, 0, 0, 0.17%, 6, 0, 7, 133.54
1735501482, 73, 11, 39, 0, 0, 0.17%, 6, 0, 7, 132.21
1735501487, 73, 13, 39, 0, 0, 0.17%, 6, 0, 7, 124.24
1735501492, 73, 14, 39, 0, 0, 0.17%, 6, 0, 7, 128.27
1735501497, 73, 22, 39, 0, 0, 0.17%, 6, 0, 7, 126.46
1735501502, 74, 11, 39, 0, 0, 0.17%, 6, 0, 7, 128.34
1735501507, 74, 13, 39, 0, 0, 0.17%, 6, 0, 7, 136.38
1735501512, 74, 14, 39, 0, 0, 0.17%, 6, 0, 7, 132.78
1735501517, 74, 22, 39, 0, 0, 0.17%, 6, 0, 7, 122.16
1735501522, 75, 11, 39, 0, 0, 0.17%, 6, 0, 7, 131.18
1735501527, 75, 13, 39, 0, 0, 0.17%, 6, 0, 7, 133.81
1735501533, 75, 14, 39, 0, 0, 0.17%, 6, 0, 7, 132.98
1735501538, 75, 22, 39, 0, 0, 0.17%, 6, 0, 7, 130.06
1735501543, 76, 13, 39, 0, 0, 0.17%, 6, 0, 7, 137.08
1735501548, 76, 14, 39, 0, 0, 0.17%, 6, 0, 7, 126.47
1735501553, 76, 17, 39, 0, 0, 0.17%, 6, 0, 7, 122.75
1735501558, 76, 18, 39, 0, 0, 0.17%, 6, 0, 7, 133.39
1735501579, 76, 22, 39, 0, 0, 0.17%, 6, 0, 7, 135.74
1735501584, 76, 29, 39, 0, 0, 0.17%, 6, 0, 7, 138.89
1735501605, 77, 0, 39, 0, 0, 0.17%, 6, 0, 7, 134.84
1735501610, 77, 12, 39, 0, 0, 0.17%, 6, 0, 7, 130.40
1735501620, 77, 13, 39, 0, 0, 0.17%, 6, 0, 7, 123.04
1735501625, 77, 14, 39, 0, 0, 0.17%, 6, 0, 7, 129.61
1735501631, 77, 22, 39, 0, 0, 0.17%, 6, 0, 7, 121.01
1735501636, 77, 24, 39, 0, 0, 0.17%, 6, 0, 7, 128.53
1735501646, 77, 35, 39, 0, 0, 0.17%, 6, 0, 7, 146.89
1735501677, 78, 10, 39, 0, 0, 0.17%, 6, 0, 7, 128.49
1735501687, 78, 11, 39, 0, 0, 0.17%, 6, 0, 7, 135.40
1735501692, 78, 13, 39, 0, 0, 0.17%, 6, 0, 7, 136.69
1735501697, 78, 14, 39, 0, 0, 0.17%, 6, 0, 7, 136.11
1735501703, 78, 22, 39, 0, 0, 0.17%, 6, 0, 7, 123.95
1735501708, 78, 32, 39, 0, 0, 0.17%, 6, 0, 7, 162.88
1735501738, 79, 13, 39, 0, 0, 0.17%, 6, 0, 7, 127.05
1735501748, 79, 14, 39, 0, 0, 0.17%, 6, 0, 7, 131.17
1735501754, 79, 22, 39, 0, 0, 0.17%, 6, 0, 7, 143.29
1735501759, 80, 13, 39, 0, 0, 0.17%, 6, 0, 7, 130.68
1735501764, 80, 14, 39, 0, 0, 0.17%, 6, 0, 7, 132.20
1735501769, 80, 19, 39, 0, 0, 0.17%, 6, 0, 7, 135.10
1735501774, 80, 22, 39, 0, 0, 0.17%, 6, 0, 7, 133.04
1735501779, 80, 24, 39, 0, 0, 0.17%, 6, 0, 7, 130.59
1735501790, 81, 11, 39, 0, 0, 0.17%, 6, 0, 7, 129.34
1735501795, 81, 13, 39, 0, 0, 0.17%, 6, 0, 7, 122.63
1735501800, 81, 14, 39, 0, 0, 0.17%, 6, 0, 7, 128.27
1735501805, 81, 22, 39, 0, 0, 0.17%, 6, 0, 7, 132.19
1735501810, 82, 11, 39, 0, 0, 0.17%, 6, 0, 7, 136.31
1735501816, 82, 13, 39, 0, 0, 0.17%, 6, 0, 7, 127.58
1735501821, 82, 14, 39, 0, 0, 0.17%, 6, 0, 7, 126.13
1735501826, 82, 22, 39, 0, 0, 0.17%, 6, 0, 7, 126.68
1735501831, 82, 35, 39, 0, 0, 0.17%, 6, 0, 7, 137.80
1735501867, 83, 11, 39, 0, 0, 0.17%, 6, 0, 7, 126.42
1735501872, 83, 13, 39, 0, 0, 0.17%, 6, 0, 7, 127.51
1735501877, 83, 14, 39, 0, 0, 0.17%, 6, 0, 7, 132.29
1735501883, 83, 20, 39, 0, 0, 0.17%, 6, 0, 7, 175.40
1735501903, 83, 22, 39, 0, 0, 0.17%, 6, 0, 7, 135.88
1735501908, 83, 32, 39, 0, 0, 0.17%, 6, 0, 7, 182.26
1735501934, 84, 11, 39, 0, 0, 0.17%, 6, 0, 7, 127.02
1735501939, 84, 13, 39, 0, 0, 0.17%, 6, 0, 7, 135.86
1735501944, 84, 14, 39, 0, 0, 0.17%, 6, 0, 7, 130.50
1735501949, 84, 20, 39, 0, 0, 0.17%, 6, 0, 7, 142.71
1735501954, 84, 22, 39, 0, 0, 0.17%, 6, 0, 7, 133.61
1735501960, 85, 11, 39, 0, 0, 0.17%, 6, 0, 7, 129.78
1735501965, 85, 13, 39, 0, 0, 0.17%, 6, 0, 7, 127.52
1735501970, 85, 14, 39, 0, 0, 0.17%, 6, 0, 7, 136.63
1735501975, 85, 22, 39, 0, 0, 0.17%, 6, 0, 7, 130.18
1735501980, 86, 13, 39, 0, 0, 0.17%, 6, 0, 7, 131.01
1735501985, 86, 14, 39, 0, 0, 0.17%, 6, 0, 7, 125.21
1735501991, 86, 22, 39, 0, 0, 0.17%, 6, 0, 7, 129.02
1735501996, 87, 11, 39, 0, 0, 0.17%, 6, 0, 7, 126.49
1735502001, 87, 13, 39, 0, 0, 0.17%, 6, 0, 7, 127.55
1735502006, 87, 14, 39, 0, 0, 0.17%, 6, 0, 7, 124.77
1735502016, 87, 22, 39, 0, 0, 0.17%, 6, 0, 7, 140.30
1735502021, 87, 35, 39, 0, 0, 0.17%, 6, 0, 7, 153.52
1735502037, 88, 11, 39, 0, 0, 0.17%, 6, 0, 7, 133.27
1735502042, 88, 13, 39, 0, 0, 0.17%, 6, 0, 7, 124.81
1735502047, 88, 14, 39, 0, 0, 0.17%, 6, 0, 7, 120.23
1735502052, 88, 18, 39, 0, 0, 0.17%, 6, 0, 7, 141.01
1735502073, 88, 22, 39, 0, 0, 0.17%, 6, 0, 7, 142.25
1735502078, 88, 35, 39, 0, 0, 0.17%, 6, 0, 7, 149.98
1735502083, 89, 2, 39, 0, 0, 0.17%, 6, 0, 7, 135.18
1735502088, 89, 13, 39, 0, 0, 0.17%, 6, 0, 7, 129.24
1735502099, 89, 14, 39, 0, 0, 0.17%, 6, 0, 7, 133.80
1735502104, 89, 22, 39, 0, 0, 0.17%, 6, 0, 7, 132.80
1735502109, 90, 11, 39, 0, 0, 0.17%, 6, 0, 7, 131.41
1735502114, 90, 13, 39, 0, 0, 0.17%, 6, 0, 7, 127.33
1735502119, 90, 14, 39, 0, 0, 0.17%, 6, 0, 7, 131.33
1735502124, 90, 22, 39, 0, 0, 0.17%, 6, 0, 7, 127.74
1735502129, 90, 25, 39, 0, 0, 0.17%, 6, 0, 7, 134.49
1735502150, 91, 11, 39, 0, 0, 0.17%, 6, 0, 7, 136.45
1735502155, 91, 13, 39, 0, 0, 0.17%, 6, 0, 7, 126.25
1735502160, 91, 14, 39, 0, 0, 0.17%, 6, 0, 7, 126.28
1735502170, 91, 22, 39, 0, 0, 0.17%, 6, 0, 7, 134.53
1735502176, 92, 11, 39, 0, 0, 0.17%, 6, 0, 7, 130.50
1735502181, 92, 13, 39, 0, 0, 0.17%, 6, 0, 7, 123.98
1735502186, 92, 14, 39, 0, 0, 0.17%, 6, 0, 7, 130.33
1735502191, 92, 22, 39, 0, 0, 0.17%, 6, 0, 7, 130.35
1735502196, 92, 27, 39, 0, 0, 0.17%, 6, 0, 7, 143.79
1735502227, 93, 13, 39, 0, 0, 0.17%, 6, 0, 7, 136.01
1735502232, 93, 14, 39, 0, 0, 0.17%, 6, 0, 7, 124.22
1735502237, 93, 22, 39, 0, 0, 0.17%, 6, 0, 7, 127.74
1735502243, 93, 35, 39, 0, 0, 0.17%, 6, 0, 7, 141.36
1735502253, 94, 13, 39, 0, 0, 0.17%, 6, 0, 7, 127.56
1735502258, 94, 14, 39, 0, 0, 0.17%, 6, 0, 7, 127.18
1735502263, 94, 18, 39, 0, 0, 0.17%, 6, 0, 7, 137.05
1735502284, 94, 22, 39, 0, 0, 0.17%, 6, 0, 7, 138.12
1735502294, 95, 13, 39, 0, 0, 0.17%, 6, 0, 7, 131.24
1735502299, 95, 14, 39, 0, 0, 0.17%, 6, 0, 7, 125.46
1735502304, 95, 22, 39, 0, 0, 0.17%, 6, 0, 7, 124.91
1735502309, 95, 23, 39, 0, 0, 0.17%, 6, 0, 7, 134.45
1735502330, 96, 11, 39, 0, 0, 0.17%, 6, 0, 7, 134.10
1735502335, 96, 13, 39, 0, 0, 0.17%, 6, 0, 7, 122.54
1735502340, 96, 14, 39, 0, 0, 0.17%, 6, 0, 7, 135.66
1735502345, 96, 15, 39, 0, 0, 0.17%, 6, 0, 7, 151.67
1735502350, 96, 22, 39, 0, 0, 0.17%, 6, 0, 7, 132.44
1735502355, 96, 28, 39, 0, 0, 0.17%, 6, 0, 7, 126.86
1735502376, 97, 11, 39, 0, 0, 0.17%, 6, 0, 7, 124.86
1735502381, 97, 13, 39, 0, 0, 0.17%, 6, 0, 7, 126.18
1735502386, 97, 14, 39, 0, 0, 0.17%, 6, 0, 7, 126.22
1735502391, 97, 19, 39, 0, 0, 0.17%, 6, 0, 7, 130.95
1735502396, 97, 22, 39, 0, 0, 0.17%, 6, 0, 7, 125.54
1735502402, 98, 8, 39, 0, 0, 0.17%, 6, 0, 7, 130.29
1735502407, 98, 13, 39, 0, 0, 0.17%, 6, 0, 7, 129.10
1735502412, 98, 14, 39, 0, 0, 0.17%, 6, 0, 7, 126.75
1735502417, 98, 22, 39, 0, 0, 0.17%, 6, 0, 7, 127.96
1735502427, 98, 28, 39, 0, 0, 0.17%, 6, 0, 7, 124.36
1735502448, 99, 10, 39, 0, 0, 0.17%, 6, 0, 7, 141.22
1735502453, 99, 12, 39, 0, 0, 0.17%, 6, 0, 7, 137.56
1735502458, 99, 13, 39, 0, 0, 0.17%, 6, 0, 7, 130.74
1735502464, 99, 14, 39, 0, 0, 0.17%, 6, 0, 7, 128.12
1735502469, 99, 22, 39, 0, 0, 0.17%, 6, 0, 7, 125.69
1735502474, 99, 27, 39, 0, 0, 0.17%, 6, 0, 7, 141.77
1735502505, 99, 33, 39, 0, 0, 0.17%, 6, 0, 7, 162.48
1735502525, 100, 13, 39, 0, 0, 0.17%, 6, 0, 7, 134.40
1735502530, 100, 14, 39, 0, 0, 0.17%, 6, 0, 7, 132.54
1735502535, 100, 22, 39, 0, 0, 0.17%, 6, 0, 7, 131.89
1735502540, 100, 38, 39, 0, 0, 0.17%, 6, 0, 7, 134.46
1735502561, 101, 2, 39, 0, 0, 0.17%, 6, 0, 7, 132.50
1735502566, 101, 13, 39, 0, 0, 0.17%, 6, 0, 7, 127.77
1735502576, 101, 14, 39, 0, 0, 0.17%, 6, 0, 7, 129.31
1735502582, 101, 22, 39, 0, 0, 0.17%, 6, 0, 7, 130.42
1735502587, 101, 31, 39, 0, 0, 0.17%, 6, 0, 7, 140.40
1735502592, 102, 13, 39, 0, 0, 0.17%, 6, 0, 7, 129.27
1735502597, 102, 14, 39, 0, 0, 0.17%, 6, 0, 7, 127.70
1735502602, 102, 22, 39, 0, 0, 0.17%, 6, 0, 7, 129.46
1735502607, 102, 23, 39, 0, 0, 0.17%, 6, 0, 7, 147.14
1735502613, 102, 29, 39, 0, 0, 0.17%, 6, 0, 7, 146.21
1735502633, 103, 0, 39, 0, 0, 0.17%, 6, 0, 7, 130.91
1735502638, 103, 13, 39, 0, 0, 0.17%, 6, 0, 7, 125.12
1735502643, 103, 14, 39, 0, 0, 0.17%, 6, 0, 7, 126.90
1735502649, 103, 22, 39, 0, 0, 0.17%, 6, 0, 7, 130.98
1735502654, 104, 0, 39, 0, 0, 0.17%, 6, 0, 7, 125.20
1735502659, 104, 11, 39, 0, 0, 0.17%, 6, 0, 7, 125.41
1735502664, 104, 13, 39, 0, 0, 0.17%, 6, 0, 7, 127.83
1735502669, 104, 14, 39, 0, 0, 0.17%, 6, 0, 7, 126.04
1735502674, 104, 22, 39, 0, 0, 0.17%, 6, 0, 7, 130.11
1735502679, 105, 11, 39, 0, 0, 0.17%, 6, 0, 7, 133.82
1735502685, 105, 13, 39, 0, 0, 0.17%, 6, 0, 7, 129.72
1735502690, 105, 14, 39, 0, 0, 0.17%, 6, 0, 7, 120.69
1735502695, 105, 22, 39, 0, 0, 0.17%, 6, 0, 7, 134.44
1735502700, 105, 33, 39, 0, 0, 0.17%, 6, 0, 7, 151.68
1735502720, 106, 8, 39, 0, 0, 0.17%, 6, 0, 7, 139.12
1735502725, 106, 13, 39, 0, 0, 0.17%, 6, 0, 7, 124.55
1735502730, 106, 14, 39, 0, 0, 0.17%, 6, 0, 7, 125.65
1735502741, 106, 22, 39, 0, 0, 0.17%, 6, 0, 7, 136.31
1735502746, 107, 13, 39, 0, 0, 0.17%, 6, 0, 7, 137.69
1735502751, 107, 14, 39, 0, 0, 0.17%, 6, 0, 7, 136.27
1735502756, 107, 22, 39, 0, 0, 0.17%, 6, 0, 7, 129.43
1735502761, 107, 31, 39, 0, 0, 0.17%, 6, 0, 7, 134.41
1735502766, 108, 9, 39, 0, 0, 0.17%, 6, 0, 7, 134.88
1735502772, 108, 13, 39, 0, 0, 0.17%, 6, 0, 7, 129.09
1735502777, 108, 14, 39, 0, 0, 0.17%, 6, 0, 7, 127.16
1735502782, 108, 22, 39, 0, 0, 0.17%, 6, 0, 7, 131.34
1735502787, 109, 11, 39, 0, 0, 0.17%, 6, 0, 7, 137.49
1735502792, 109, 13, 39, 0, 0, 0.17%, 6, 0, 7, 131.51
1735502797, 109, 14, 39, 0, 0, 0.17%, 6, 0, 7, 124.80
1735502802, 109, 22, 39, 0, 0, 0.17%, 6, 0, 7, 126.97
1735502807, 109, 32, 39, 0, 0, 0.17%, 6, 0, 7, 160.08
1735502823, 110, 13, 39, 0, 0, 0.17%, 6, 0, 7, 139.79
1735502828, 110, 14, 39, 0, 0, 0.17%, 6, 0, 7, 132.00
1735502833, 110, 22, 39, 0, 0, 0.17%, 6, 0, 7, 134.87
1735502838, 110, 32, 39, 0, 0, 0.17%, 6, 0, 7, 135.70
1735502849, 111, 13, 39, 0, 0, 0.17%, 6, 0, 7, 134.03
1735502854, 111, 14, 39, 0, 0, 0.17%, 6, 0, 7, 134.69
1735502859, 111, 22, 39, 0, 0, 0.17%, 6, 0, 7, 134.56
1735502864, 111, 24, 39, 0, 0, 0.17%, 6, 0, 7, 138.89
1735502874, 111, 32, 39, 0, 0, 0.17%, 6, 0, 7, 159.78
1735502879, 112, 11, 39, 0, 0, 0.17%, 6, 0, 7, 145.08
1735502885, 112, 13, 39, 0, 0, 0.17%, 6, 0, 7, 126.04
1735502890, 112, 14, 39, 0, 0, 0.17%, 6, 0, 7, 124.27
1735502895, 112, 16, 39, 0, 0, 0.17%, 6, 0, 7, 130.57
1735502900, 112, 22, 39, 0, 0, 0.17%, 6, 0, 7, 126.58
1735502905, 112, 27, 39, 0, 0, 0.17%, 6, 0, 7, 137.52
1735502915, 112, 37, 39, 0, 0, 0.17%, 6, 0, 7, 150.80
1735502946, 113, 5, 39, 0, 0, 0.17%, 6, 0, 7, 125.70
1735502951, 113, 13, 39, 0, 0, 0.17%, 6, 0, 7, 126.76
1735502957, 113, 14, 39, 0, 0, 0.17%, 6, 0, 7, 127.59
1735502962, 113, 22, 39, 0, 0, 0.17%, 6, 0, 7, 132.83
1735502967, 114, 7, 39, 0, 0, 0.17%, 6, 0, 7, 133.40
1735502972, 114, 11, 39, 0, 0, 0.17%, 6, 0, 7, 128.75
1735502977, 114, 13, 39, 0, 0, 0.17%, 6, 0, 7, 124.59
1735502982, 114, 14, 39, 0, 0, 0.17%, 6, 0, 7, 126.67
1735502988, 114, 20, 39, 0, 0, 0.17%, 6, 0, 7, 141.96
1735502993, 114, 22, 39, 0, 0, 0.17%, 6, 0, 7, 130.58
1735502998, 115, 5, 39, 0, 0, 0.17%, 6, 0, 7, 131.50
1735503003, 115, 11, 39, 0, 0, 0.17%, 6, 0, 7, 133.95
1735503008, 115, 13, 39, 0, 0, 0.17%, 6, 0, 7, 128.29
1735503013, 115, 14, 39, 0, 0, 0.17%, 6, 0, 7, 123.94
1735503018, 115, 16, 39, 0, 0, 0.17%, 6, 0, 7, 123.23
1735503023, 115, 22, 39, 0, 0, 0.17%, 6, 0, 7, 128.36
1735503029, 116, 11, 39, 0, 0, 0.17%, 6, 0, 7, 129.60
1735503034, 116, 13, 39, 0, 0, 0.17%, 6, 0, 7, 124.42
1735503039, 116, 14, 39, 0, 0, 0.17%, 6, 0, 7, 128.39
1735503044, 116, 17, 39, 0, 0, 0.17%, 6, 0, 7, 125.57
1735503049, 116, 22, 39, 0, 0, 0.17%, 6, 0, 7, 123.90
1735503054, 117, 11, 39, 0, 0, 0.17%, 6, 0, 7, 129.20
1735503060, 117, 13, 39, 0, 0, 0.17%, 6, 0, 7, 123.97
1735503065, 117, 14, 39, 0, 0, 0.17%, 6, 0, 7, 125.57
1735503070, 117, 22, 39, 0, 0, 0.17%, 6, 0, 7, 125.14
1735503075, 117, 25, 39, 0, 0, 0.17%, 6, 0, 7, 132.29
1735503080, 117, 26, 39, 0, 0, 0.17%, 6, 0, 7, 142.46
1735503101, 118, 7, 39, 0, 0, 0.17%, 6, 0, 7, 140.23
1735503106, 118, 13, 39, 0, 0, 0.17%, 6, 0, 7, 130.69
1735503111, 118, 14, 39, 0, 0, 0.17%, 6, 0, 7, 131.26
1735503116, 118, 16, 39, 0, 0, 0.17%, 6, 0, 7, 131.63
1735503122, 118, 22, 39, 0, 0, 0.17%, 6, 0, 7, 131.79
1735503127, 119, 11, 39, 0, 0, 0.17%, 6, 0, 7, 139.13
1735503132, 119, 13, 39, 0, 0, 0.17%, 6, 0, 7, 134.26
1735503137, 119, 14, 39, 0, 0, 0.17%, 6, 0, 7, 133.09
1735503142, 119, 17, 39, 0, 0, 0.17%, 6, 0, 7, 132.61
1735503147, 119, 22, 39, 0, 0, 0.17%, 6, 0, 7, 132.01
1735503153, 119, 35, 39, 0, 0, 0.17%, 6, 0, 7, 145.50
1735503158, 119, 38, 39, 0, 0, 0.17%, 6, 0, 7, 148.30
1735503178, 120, 11, 39, 0, 0, 0.17%, 6, 0, 7, 130.70
1735503184, 120, 13, 39, 0, 0, 0.17%, 6, 0, 7, 130.54
1735503189, 120, 14, 39, 0, 0, 0.17%, 6, 0, 7, 133.29
1735503194, 120, 19, 39, 0, 0, 0.17%, 6, 0, 7, 137.09
1735503199, 120, 22, 39, 0, 0, 0.17%, 6, 0, 7, 136.61
1735503204, 121, 12, 39, 0, 0, 0.17%, 6, 0, 7, 131.25
1735503209, 121, 13, 39, 0, 0, 0.17%, 6, 0, 7, 129.16
1735503214, 121, 14, 39, 0, 0, 0.17%, 6, 0, 7, 123.12
1735503220, 121, 16, 39, 0, 0, 0.17%, 6, 0, 7, 127.10
1735503225, 121, 22, 39, 0, 0, 0.17%, 6, 0, 7, 130.17
1735503230, 121, 30, 39, 0, 0, 0.17%, 6, 0, 7, 140.38
1735503256, 121, 33, 39, 0, 0, 0.17%, 6, 0, 7, 148.67
1735503276, 122, 7, 39, 0, 0, 0.17%, 6, 0, 7, 125.66
1735503281, 122, 11, 39, 0, 0, 0.17%, 6, 0, 7, 130.63
1735503287, 122, 13, 39, 0, 0, 0.17%, 6, 0, 7, 128.86
1735503292, 122, 14, 39, 0, 0, 0.17%, 6, 0, 7, 132.26
1735503297, 122, 16, 39, 0, 0, 0.17%, 6, 0, 7, 138.01
1735503302, 122, 22, 39, 0, 0, 0.17%, 6, 0, 7, 132.98
1735503307, 123, 13, 39, 0, 0, 0.17%, 6, 0, 7, 135.02
1735503317, 123, 14, 39, 0, 0, 0.17%, 6, 0, 7, 123.33
1735503323, 123, 22, 39, 0, 0, 0.17%, 6, 0, 7, 131.00
1735503328, 123, 25, 39, 0, 0, 0.17%, 6, 0, 7, 128.97
1735503333, 123, 27, 39, 0, 0, 0.17%, 6, 0, 7, 134.62
1735503338, 124, 11, 39, 0, 0, 0.17%, 6, 0, 7, 135.12
1735503343, 124, 13, 39, 0, 0, 0.17%, 6, 0, 7, 130.15
1735503348, 124, 14, 39, 0, 0, 0.17%, 6, 0, 7, 135.12
1735503353, 124, 22, 39, 0, 0, 0.17%, 6, 0, 7, 127.42
1735503358, 124, 29, 39, 0, 0, 0.17%, 6, 0, 7, 144.61
1735503379, 125, 11, 39, 0, 0, 0.17%, 6, 0, 7, 123.68
1735503384, 125, 13, 39, 0, 0, 0.17%, 6, 0, 7, 127.36
1735503389, 125, 14, 39, 0, 0, 0.17%, 6, 0, 7, 131.51
1735503395, 125, 22, 39, 0, 0, 0.17%, 6, 0, 7, 141.88
1735503400, 125, 36, 39, 0, 0, 0.17%, 6, 0, 7, 166.27
1735503420, 126, 13, 39, 0, 0, 0.17%, 6, 0, 7, 132.32
1735503425, 126, 14, 39, 0, 0, 0.17%, 6, 0, 7, 128.04
1735503436, 126, 22, 39, 0, 0, 0.17%, 6, 0, 7, 129.34
1735503441, 126, 29, 39, 0, 0, 0.17%, 6, 0, 7, 136.27
1735503446, 127, 13, 39, 0, 0, 0.17%, 6, 0, 7, 129.64
1735503451, 127, 14, 39, 0, 0, 0.17%, 6, 0, 7, 132.61
1735503456, 127, 22, 39, 0, 0, 0.17%, 6, 0, 7, 126.53
1735503462, 127, 25, 39, 0, 0, 0.17%, 6, 0, 7, 139.47
1735503467, 127, 26, 39, 0, 0, 0.17%, 6, 0, 7, 131.16
1735503487, 128, 11, 39, 0, 0, 0.17%, 6, 0, 7, 138.58
1735503493, 128, 13, 39, 0, 0, 0.17%, 6, 0, 7, 130.03
1735503498, 128, 14, 39, 0, 0, 0.17%, 6, 0, 7, 133.35
1735503503, 128, 16, 39, 0, 0, 0.17%, 6, 0, 7, 127.23
1735503508, 128, 22, 39, 0, 0, 0.17%, 6, 0, 7, 136.17
1735503513, 129, 11, 39, 0, 0, 0.17%, 6, 0, 7, 130.72
1735503519, 129, 13, 39, 0, 0, 0.17%, 6, 0, 7, 127.45
1735503524, 129, 14, 39, 0, 0, 0.17%, 6, 0, 7, 126.59
1735503529, 129, 22, 39, 0, 0, 0.17%, 6, 0, 7, 126.33
1735503534, 129, 30, 39, 0, 0, 0.17%, 6, 0, 7, 135.42
1735503544, 130, 13, 39, 0, 0, 0.17%, 6, 0, 7, 127.80
1735503550, 130, 14, 39, 0, 0, 0.17%, 6, 0, 7, 139.41
1735503555, 130, 20, 39, 0, 0, 0.17%, 6, 0, 7, 151.68
1735503560, 130, 22, 39, 0, 0, 0.17%, 6, 0, 7, 139.79
1735503565, 131, 13, 39, 0, 0, 0.17%, 6, 0, 7, 135.00
1735503575, 131, 14, 39, 0, 0, 0.17%, 6, 0, 7, 125.47
1735503580, 131, 22, 39, 0, 0, 0.17%, 6, 0, 7, 133.87
1735503586, 131, 28, 39, 0, 0, 0.17%, 6, 0, 7, 126.68
1735503606, 132, 11, 39, 0, 0, 0.17%, 6, 0, 7, 132.83
1735503611, 132, 13, 39, 0, 0, 0.17%, 6, 0, 7, 128.28
1735503617, 132, 14, 39, 0, 0, 0.17%, 6, 0, 7, 124.36
1735503622, 132, 17, 39, 0, 0, 0.17%, 6, 0, 7, 118.53
1735503627, 132, 22, 39, 0, 0, 0.17%, 6, 0, 7, 133.87
1735503632, 133, 11, 39, 0, 0, 0.17%, 6, 0, 7, 129.40
1735503637, 133, 13, 39, 0, 0, 0.17%, 6, 0, 7, 133.41
1735503643, 133, 14, 39, 0, 0, 0.17%, 6, 0, 7, 135.00
1735503648, 133, 22, 39, 0, 0, 0.17%, 6, 0, 7, 132.13
1735503653, 133, 25, 39, 0, 0, 0.17%, 6, 0, 7, 136.64
1735503658, 133, 29, 39, 0, 0, 0.17%, 6, 0, 7, 152.04
1735503663, 134, 13, 39, 0, 0, 0.17%, 6, 0, 7, 132.05
1735503668, 134, 14, 39, 0, 0, 0.17%, 6, 0, 7, 127.61
1735503673, 134, 22, 39, 0, 0, 0.17%, 6, 0, 7, 129.31
1735503679, 135, 9, 39, 0, 0, 0.17%, 6, 0, 7, 125.32
1735503684, 135, 11, 39, 0, 0, 0.17%, 6, 0, 7, 128.89
1735503689, 135, 13, 39, 0, 0, 0.17%, 6, 0, 7, 127.98
1735503694, 135, 14, 39, 0, 0, 0.17%, 6, 0, 7, 125.13
1735503699, 135, 22, 39, 0, 0, 0.17%, 6, 0, 7, 128.58
1735503704, 135, 26, 39, 0, 0, 0.17%, 6, 0, 7, 135.04
1735503709, 136, 11, 39, 0, 0, 0.17%, 6, 0, 7, 138.09
1735503714, 136, 13, 39, 0, 0, 0.17%, 6, 0, 7, 125.54
1735503720, 136, 14, 39, 0, 0, 0.17%, 6, 0, 7, 126.38
1735503725, 136, 22, 39, 0, 0, 0.17%, 6, 0, 7, 134.21
1735503730, 136, 24, 39, 0, 0, 0.17%, 6, 0, 7, 135.71
1735503740, 136, 30, 39, 0, 0, 0.17%, 6, 0, 7, 136.00
1735503745, 136, 35, 39, 0, 0, 0.17%, 6, 0, 7, 138.13
1735503756, 137, 11, 39, 0, 0, 0.17%, 6, 0, 7, 132.52
1735503761, 137, 14, 39, 0, 0, 0.17%, 6, 0, 7, 133.25
1735503766, 137, 22, 39, 0, 0, 0.17%, 6, 0, 7, 132.42
1735503776, 138, 7, 39, 0, 0, 0.17%, 6, 0, 7, 129.50
1735503781, 138, 13, 39, 0, 0, 0.17%, 6, 0, 7, 126.76
1735503786, 138, 14, 39, 0, 0, 0.17%, 6, 0, 7, 133.69
1735503792, 138, 17, 39, 0, 0, 0.17%, 6, 0, 7, 131.68
1735503802, 138, 22, 39, 0, 0, 0.17%, 6, 0, 7, 135.05
1735503807, 139, 11, 39, 0, 0, 0.17%, 6, 0, 7, 129.43
1735503812, 139, 13, 39, 0, 0, 0.17%, 6, 0, 7, 132.05
1735503817, 139, 14, 39, 0, 0, 0.17%, 6, 0, 7, 133.57
1735503822, 139, 22, 39, 0, 0, 0.17%, 6, 0, 7, 130.83
1735503827, 139, 37, 39, 0, 0, 0.17%, 6, 0, 7, 155.52
1735503858, 140, 11, 39, 0, 0, 0.17%, 6, 0, 7, 122.90
1735503864, 140, 13, 39, 0, 0, 0.17%, 6, 0, 7, 119.55
1735503869, 140, 14, 39, 0, 0, 0.17%, 6, 0, 7, 125.41
1735503874, 140, 16, 39, 0, 0, 0.17%, 6, 0, 7, 131.11
1735503879, 140, 19, 39, 0, 0, 0.17%, 6, 0, 7, 134.97
1735503884, 140, 22, 39, 0, 0, 0.17%, 6, 0, 7, 131.81
1735503889, 141, 11, 39, 0, 0, 0.17%, 6, 0, 7, 136.32
1735503895, 141, 13, 39, 0, 0, 0.17%, 6, 0, 7, 132.27
1735503900, 141, 14, 39, 0, 0, 0.17%, 6, 0, 7, 128.57
1735503905, 141, 22, 39, 0, 0, 0.17%, 6, 0, 7, 123.80
1735503910, 142, 11, 39, 0, 0, 0.17%, 6, 0, 7, 130.46
1735503915, 142, 13, 39, 0, 0, 0.17%, 6, 0, 7, 131.41
1735503920, 142, 14, 39, 0, 0, 0.17%, 6, 0, 7, 132.14
1735503925, 142, 17, 39, 0, 0, 0.17%, 6, 0, 7, 120.76
1735503931, 142, 22, 39, 0, 0, 0.17%, 6, 0, 7, 128.69
1735503936, 143, 13, 39, 0, 0, 0.17%, 6, 0, 7, 131.30
1735503941, 143, 14, 39, 0, 0, 0.17%, 6, 0, 7, 134.66
1735503946, 143, 18, 39, 0, 0, 0.17%, 6, 0, 7, 139.17
1735503951, 143, 22, 39, 0, 0, 0.17%, 6, 0, 7, 131.48
1735503961, 143, 29, 39, 0, 0, 0.17%, 6, 0, 7, 134.32
1735503966, 143, 32, 39, 0, 0, 0.17%, 6, 0, 7, 148.24
1735503972, 144, 11, 39, 0, 0, 0.17%, 6, 0, 7, 138.78
1735503977, 144, 13, 39, 0, 0, 0.17%, 6, 0, 7, 128.43
1735503982, 144, 14, 39, 0, 0, 0.17%, 6, 0, 7, 124.86
1735503987, 144, 22, 39, 0, 0, 0.17%, 6, 0, 7, 129.93
1735503992, 145, 2, 39, 0, 0, 0.17%, 6, 0, 7, 129.19
1735503997, 145, 13, 39, 0, 0, 0.17%, 6, 0, 7, 128.28
1735504008, 145, 14, 39, 0, 0, 0.17%, 6, 0, 7, 123.84
1735504013, 145, 22, 39, 0, 0, 0.17%, 6, 0, 7, 145.80
1735504023, 146, 13, 39, 0, 0, 0.17%, 6, 0, 7, 131.46
1735504028, 146, 14, 39, 0, 0, 0.17%, 6, 0, 7, 132.29
1735504038, 146, 22, 39, 0, 0, 0.17%, 6, 0, 7, 128.25
1735504044, 146, 31, 39, 0, 0, 0.17%, 6, 0, 7, 129.04
1735504049, 147, 11, 39, 0, 0, 0.17%, 6, 0, 7, 130.20
1735504054, 147, 13, 39, 0, 0, 0.17%, 6, 0, 7, 129.54
1735504059, 147, 14, 39, 0, 0, 0.17%, 6, 0, 7, 133.39
1735504064, 147, 22, 39, 0, 0, 0.17%, 6, 0, 7, 135.14
1735504069, 147, 28, 39, 0, 0, 0.17%, 6, 0, 7, 123.22
1735504074, 147, 32, 39, 0, 0, 0.17%, 6, 0, 7, 151.10
1735504080, 148, 11, 39, 0, 0, 0.17%, 6, 0, 7, 133.76
1735504085, 148, 13, 39, 0, 0, 0.17%, 6, 0, 7, 128.65
1735504090, 148, 14, 39, 0, 0, 0.17%, 6, 0, 7, 123.66
1735504095, 148, 22, 39, 0, 0, 0.17%, 6, 0, 7, 125.14
1735504100, 148, 29, 39, 0, 0, 0.17%, 6, 0, 7, 141.07
1735504105, 148, 33, 39, 0, 0, 0.17%, 6, 0, 7, 149.26
1735504115, 149, 11, 39, 0, 0, 0.17%, 6, 0, 7, 131.84
1735504120, 149, 13, 39, 0, 0, 0.17%, 6, 0, 7, 124.50
1735504126, 149, 14, 39, 0, 0, 0.17%, 6, 0, 7, 121.97
1735504131, 149, 22, 39, 0, 0, 0.17%, 6, 0, 7, 126.85
1735504136, 149, 30, 39, 0, 0, 0.17%, 6, 0, 7, 136.31
1735504146, 150, 13, 39, 0, 0, 0.17%, 6, 0, 7, 134.27
1735504151, 150, 14, 39, 0, 0, 0.17%, 6, 0, 7, 130.25
1735504157, 150, 22, 39, 0, 0, 0.17%, 6, 0, 7, 136.53
1735504162, 151, 5, 39, 0, 0, 0.17%, 6, 0, 7, 125.92
1735504167, 151, 11, 39, 0, 0, 0.17%, 6, 0, 7, 136.78
1735504172, 151, 13, 39, 0, 0, 0.17%, 6, 0, 7, 138.00
1735504177, 151, 14, 39, 0, 0, 0.17%, 6, 0, 7, 132.27
1735504182, 151, 21, 39, 0, 0, 0.17%, 6, 0, 7, 141.44
1735504188, 151, 22, 39, 0, 0, 0.17%, 6, 0, 7, 128.15
1735504193, 151, 33, 39, 0, 0, 0.17%, 6, 0, 7, 144.22
1735504198, 152, 11, 39, 0, 0, 0.17%, 6, 0, 7, 133.14
1735504203, 152, 13, 39, 0, 0, 0.17%, 6, 0, 7, 125.36
1735504208, 152, 14, 39, 0, 0, 0.17%, 6, 0, 7, 129.83
1735504213, 152, 22, 39, 0, 0, 0.17%, 6, 0, 7, 130.41
1735504219, 153, 13, 39, 0, 0, 0.17%, 6, 0, 7, 131.64
1735504224, 153, 14, 39, 0, 0, 0.17%, 6, 0, 7, 132.34
1735504229, 153, 22, 39, 0, 0, 0.17%, 6, 0, 7, 124.83
1735504234, 153, 28, 39, 0, 0, 0.17%, 6, 0, 7, 125.86
1735504239, 154, 11, 39, 0, 0, 0.17%, 6, 0, 7, 122.41
1735504244, 154, 13, 39, 0, 0, 0.17%, 6, 0, 7, 123.67
1735504249, 154, 14, 39, 0, 0, 0.17%, 6, 0, 7, 123.56
