# unix_time, cycles_done, cur_path, paths_total, pending_total, pending_favs, map_size, unique_crashes, unique_hangs, max_depth, execs_per_sec
1735234487, 0, 0, 10, 10, 1, 0.01%, 0, 0, 1, 81.47
1735234492, 0, 2, 10, 10, 1, 0.01%, 0, 0, 1, 102.47
1735234497, 0, 3, 10, 9, 0, 0.01%, 0, 0, 1, 105.63
1735234507, 0, 4, 10, 8, 0, 0.01%, 0, 0, 1, 102.19
1735234517, 0, 5, 10, 7, 0, 0.01%, 0, 0, 1, 102.68
1735234527, 0, 6, 10, 6, 0, 0.01%, 0, 0, 1, 101.93
1735234537, 0, 7, 10, 5, 0, 0.01%, 0, 0, 1, 97.23
1735234547, 0, 8, 10, 4, 0, 0.01%, 0, 0, 1, 99.02
1735234558, 0, 9, 10, 3, 0, 0.01%, 0, 0, 1, 95.19
1735234568, 1, 0, 10, 2, 0, 0.01%, 0, 0, 1, 94.45
1735234578, 1, 1, 10, 1, 0, 0.01%, 0, 0, 1, 101.55
1735234594, 1, 2, 10, 0, 0, 0.01%, 0, 0, 1, 103.19
1735234599, 1, 4, 10, 0, 0, 0.01%, 0, 0, 1, 101.05
1735234604, 1, 5, 10, 0, 0, 0.01%, 0, 0, 1, 101.65
1735234609, 1, 7, 10, 0, 0, 0.01%, 0, 0, 1, 103.47
1735234614, 1, 8, 10, 0, 0, 0.01%, 0, 0, 1, 102.90
1735234619, 1, 9, 10, 0, 0, 0.01%, 0, 0, 1, 102.56
1735234624, 2, 1, 10, 0, 0, 0.01%, 0, 0, 1, 101.17
1735234629, 2, 2, 10, 0, 0, 0.01%, 0, 0, 1, 99.01
1735234634, 2, 4, 10, 0, 0, 0.01%, 0, 0, 1, 101.13
1735234639, 2, 5, 10, 0, 0, 0.01%, 0, 0, 1, 103.83
1735234644, 2, 6, 10, 0, 0, 0.01%, 0, 0, 1, 109.35
1735234649, 2, 8, 10, 0, 0, 0.01%, 0, 0, 1, 104.12
1735234654, 2, 9, 10, 0, 0, 0.01%, 0, 0, 1, 103.11
1735234659, 3, 1, 10, 0, 0, 0.01%, 0, 0, 1, 102.61
1735234664, 3, 2, 10, 0, 0, 0.01%, 0, 0, 1, 100.74
1735234670, 3, 4, 10, 0, 0, 0.01%, 0, 0, 1, 103.49
1735234675, 3, 5, 10, 0, 0, 0.01%, 0, 0, 1, 102.01
1735234680, 3, 6, 10, 0, 0, 0.01%, 0, 0, 1, 101.65
1735234685, 3, 8, 10, 0, 0, 0.01%, 0, 0, 1, 99.83
1735234690, 3, 9, 10, 0, 0, 0.01%, 0, 0, 1, 100.20
1735234695, 4, 1, 10, 0, 0, 0.01%, 0, 0, 1, 99.15
1735234700, 4, 2, 10, 0, 0, 0.01%, 0, 0, 1, 100.87
1735234705, 4, 3, 10, 0, 0, 0.01%, 0, 0, 1, 101.98
1735234710, 4, 5, 10, 0, 0, 0.01%, 0, 0, 1, 102.99
1735234715, 4, 6, 10, 0, 0, 0.01%, 0, 0, 1, 102.74
1735234720, 4, 8, 10, 0, 0, 0.01%, 0, 0, 1, 101.98
1735234725, 4, 9, 10, 0, 0, 0.01%, 0, 0, 1, 101.12
1735234730, 5, 0, 10, 0, 0, 0.01%, 0, 0, 1, 103.22
1735234735, 5, 2, 10, 0, 0, 0.01%, 0, 0, 1, 102.40
1735234740, 5, 3, 10, 0, 0, 0.01%, 0, 0, 1, 100.24
1735234745, 5, 5, 10, 0, 0, 0.01%, 0, 0, 1, 99.73
1735234750, 5, 6, 10, 0, 0, 0.01%, 0, 0, 1, 100.72
1735234755, 5, 7, 10, 0, 0, 0.01%, 0, 0, 1, 101.32
1735234761, 5, 9, 10, 0, 0, 0.01%, 0, 0, 1, 100.63
1735234766, 6, 0, 10, 0, 0, 0.01%, 0, 0, 1, 102.80
1735234771, 6, 1, 10, 0, 0, 0.01%, 0, 0, 1, 101.60
1735234776, 6, 3, 10, 0, 0, 0.01%, 0, 0, 1, 105.94
1735234781, 6, 4, 10, 0, 0, 0.01%, 0, 0, 1, 103.34
1735234786, 6, 6, 10, 0, 0, 0.01%, 0, 0, 1, 103.66
1735234791, 6, 7, 10, 0, 0, 0.01%, 0, 0, 1, 101.44
1735234796, 6, 9, 10, 0, 0, 0.01%, 0, 0, 1, 100.59
1735234801, 7, 0, 10, 0, 0, 0.01%, 0, 0, 1, 105.08
1735234806, 7, 1, 10, 0, 0, 0.01%, 0, 0, 1, 104.51
1735234811, 7, 3, 10, 0, 0, 0.01%, 0, 0, 1, 105.11
1735234817, 7, 4, 10, 0, 0, 0.01%, 0, 0, 1, 104.45
1735234822, 7, 6, 10, 0, 0, 0.01%, 0, 0, 1, 104.24
1735234827, 7, 7, 10, 0, 0, 0.01%, 0, 0, 1, 101.94
1735234832, 7, 9, 10, 0, 0, 0.01%, 0, 0, 1, 104.24
1735234837, 8, 0, 10, 0, 0, 0.01%, 0, 0, 1, 102.94
1735234842, 8, 1, 10, 0, 0, 0.01%, 0, 0, 1, 102.82
1735234847, 8, 3, 10, 0, 0, 0.01%, 0, 0, 1, 103.72
1735234852, 8, 4, 10, 0, 0, 0.01%, 0, 0, 1, 104.71
1735234857, 8, 6, 10, 0, 0, 0.01%, 0, 0, 1, 103.80
1735234862, 8, 7, 10, 0, 0, 0.01%, 0, 0, 1, 102.82
1735234867, 8, 9, 10, 0, 0, 0.01%, 0, 0, 1, 104.41
1735234872, 9, 0, 10, 0, 0, 0.01%, 0, 0, 1, 103.96
1735234878, 9, 2, 10, 0, 0, 0.01%, 0, 0, 1, 100.62
1735234883, 9, 3, 10, 0, 0, 0.01%, 0, 0, 1, 102.03
1735234888, 9, 4, 10, 0, 0, 0.01%, 0, 0, 1, 102.22
1735234893, 9, 6, 10, 0, 0, 0.01%, 0, 0, 1, 103.07
1735234898, 9, 7, 10, 0, 0, 0.01%, 0, 0, 1, 104.92
1735234903, 9, 9, 10, 0, 0, 0.01%, 0, 0, 1, 101.89
1735234908, 10, 0, 10, 0, 0, 0.01%, 0, 0, 1, 102.13
1735234913, 10, 1, 10, 0, 0, 0.01%, 0, 0, 1, 100.39
1735234918, 10, 3, 10, 0, 0, 0.01%, 0, 0, 1, 105.63
1735234923, 10, 4, 10, 0, 0, 0.01%, 0, 0, 1, 103.81
1735234928, 10, 6, 10, 0, 0, 0.01%, 0, 0, 1, 103.40
1735234933, 10, 7, 10, 0, 0, 0.01%, 0, 0, 1, 100.37
1735234938, 10, 8, 10, 0, 0, 0.01%, 0, 0, 1, 102.26
1735234944, 11, 0, 10, 0, 0, 0.01%, 0, 0, 1, 103.76
1735234949, 11, 1, 10, 0, 0, 0.01%, 0, 0, 1, 100.79
1735234954, 11, 3, 10, 0, 0, 0.01%, 0, 0, 1, 104.40
1735234959, 11, 4, 10, 0, 0, 0.01%, 0, 0, 1, 103.06
1735234964, 11, 6, 10, 0, 0, 0.01%, 0, 0, 1, 102.32
1735234969, 11, 7, 10, 0, 0, 0.01%, 0, 0, 1, 102.18
1735234974, 11, 8, 10, 0, 0, 0.01%, 0, 0, 1, 102.86
1735234979, 12, 0, 10, 0, 0, 0.01%, 0, 0, 1, 101.34
1735234984, 12, 1, 10, 0, 0, 0.01%, 0, 0, 1, 100.59
1735234989, 12, 3, 10, 0, 0, 0.01%, 0, 0, 1, 102.35
1735234994, 12, 4, 10, 0, 0, 0.01%, 0, 0, 1, 100.48
1735234999, 12, 5, 10, 0, 0, 0.01%, 0, 0, 1, 99.70
1735235004, 12, 7, 10, 0, 0, 0.01%, 0, 0, 1, 100.30
1735235010, 12, 8, 10, 0, 0, 0.01%, 0, 0, 1, 101.15
1735235015, 13, 0, 10, 0, 0, 0.01%, 0, 0, 1, 103.63
1735235020, 13, 1, 10, 0, 0, 0.01%, 0, 0, 1, 103.23
1735235025, 13, 2, 10, 0, 0, 0.01%, 0, 0, 1, 101.37
1735235030, 13, 4, 10, 0, 0, 0.01%, 0, 0, 1, 102.63
1735235035, 13, 5, 10, 0, 0, 0.01%, 0, 0, 1, 102.25
1735235040, 13, 7, 10, 0, 0, 0.01%, 0, 0, 1, 102.35
1735235045, 13, 8, 10, 0, 0, 0.01%, 0, 0, 1, 103.92
1735235050, 14, 0, 10, 0, 0, 0.01%, 0, 0, 1, 103.34
1735235055, 14, 1, 10, 0, 0, 0.01%, 0, 0, 1, 102.72
1735235060, 14, 2, 10, 0, 0, 0.01%, 0, 0, 1, 99.71
1735235065, 14, 4, 10, 0, 0, 0.01%, 0, 0, 1, 102.13
1735235070, 14, 5, 10, 0, 0, 0.01%, 0, 0, 1, 103.24
1735235075, 14, 6, 10, 0, 0, 0.01%, 0, 0, 1, 103.72
1735235081, 14, 8, 10, 0, 0, 0.01%, 0, 0, 1, 103.44
1735235086, 14, 9, 10, 0, 0, 0.01%, 0, 0, 1, 103.10
1735235091, 15, 1, 10, 0, 0, 0.01%, 0, 0, 1, 105.50
1735235096, 15, 2, 10, 0, 0, 0.01%, 0, 0, 1, 106.58
1735235101, 15, 4, 10, 0, 0, 0.01%, 0, 0, 1, 108.43
1735235106, 15, 5, 10, 0, 0, 0.01%, 0, 0, 1, 106.25
1735235111, 15, 7, 10, 0, 0, 0.01%, 0, 0, 1, 106.58
1735235116, 15, 8, 10, 0, 0, 0.01%, 0, 0, 1, 109.13
1735235121, 16, 0, 10, 0, 0, 0.01%, 0, 0, 1, 106.13
1735235126, 16, 1, 10, 0, 0, 0.01%, 0, 0, 1, 107.76
1735235131, 16, 3, 10, 0, 0, 0.01%, 0, 0, 1, 104.96
1735235136, 16, 4, 10, 0, 0, 0.01%, 0, 0, 1, 105.43
1735235141, 16, 6, 10, 0, 0, 0.01%, 0, 0, 1, 103.82
1735235146, 16, 7, 10, 0, 0, 0.01%, 0, 0, 1, 104.68
1735235151, 16, 8, 10, 0, 0, 0.01%, 0, 0, 1, 106.60
1735235157, 17, 0, 10, 0, 0, 0.01%, 0, 0, 1, 110.22
1735235162, 17, 1, 10, 0, 0, 0.01%, 0, 0, 1, 108.61
1735235167, 17, 10, 12, 2, 1, 0.16%, 2, 0, 3, 129.00
1735235172, 17, 10, 13, 3, 1, 0.16%, 3, 0, 3, 125.36
1735235249, 17, 11, 13, 2, 2, 0.16%, 3, 0, 3, 129.73
1735235254, 17, 11, 15, 4, 2, 0.16%, 3, 0, 4, 118.82
1735235279, 17, 11, 16, 5, 2, 0.16%, 3, 0, 4, 117.87
1735235371, 17, 12, 16, 4, 1, 0.16%, 3, 0, 4, 133.97
1735235386, 17, 12, 17, 5, 1, 0.17%, 4, 0, 4, 116.47
1735235396, 17, 12, 18, 6, 1, 0.17%, 5, 0, 4, 115.08
1735235427, 17, 12, 19, 7, 1, 0.17%, 5, 0, 4, 117.22
1735235488, 17, 12, 20, 8, 1, 0.17%, 5, 0, 4, 112.69
1735235518, 17, 12, 23, 11, 1, 0.17%, 5, 0, 4, 119.17
1735235533, 17, 17, 23, 10, 2, 0.17%, 5, 0, 4, 160.13
1735235569, 17, 17, 24, 11, 2, 0.17%, 5, 0, 5, 123.74
1735235661, 17, 18, 24, 10, 1, 0.17%, 5, 0, 5, 149.76
1735235666, 17, 18, 25, 11, 1, 0.17%, 5, 0, 5, 125.44
1735235681, 17, 18, 26, 12, 1, 0.17%, 5, 0, 5, 119.28
1735235788, 17, 21, 26, 11, 0, 0.17%, 5, 0, 5, 170.11
1735235860, 17, 21, 27, 12, 0, 0.17%, 5, 0, 5, 112.31
1735235865, 18, 11, 29, 13, 0, 0.17%, 5, 0, 5, 126.80
1735235885, 18, 13, 29, 13, 0, 0.17%, 5, 0, 5, 197.22
1735235972, 18, 16, 29, 12, 0, 0.17%, 5, 0, 5, 171.09
1735235993, 18, 16, 31, 14, 0, 0.17%, 5, 0, 5, 160.63
1735236096, 18, 17, 31, 13, 0, 0.17%, 5, 0, 5, 127.64
1735236132, 18, 18, 31, 13, 0, 0.17%, 5, 0, 5, 121.49
1735236167, 18, 24, 31, 13, 0, 0.17%, 5, 0, 5, 186.07
1735236239, 18, 24, 33, 15, 0, 0.17%, 6, 0, 6, 271.49
1735236645, 18, 24, 34, 16, 0, 0.17%, 6, 0, 6, 174.84
1735236721, 18, 24, 35, 17, 0, 0.19%, 7, 0, 6, 110.49
1735236731, 18, 34, 36, 17, 1, 0.19%, 7, 0, 7, 121.90
1735236772, 18, 34, 39, 20, 1, 0.19%, 7, 0, 7, 128.22
1735236787, 19, 11, 39, 19, 0, 0.19%, 7, 0, 7, 124.43
1735236802, 19, 14, 39, 19, 0, 0.19%, 7, 0, 7, 129.66
1735236883, 19, 17, 39, 18, 0, 0.19%, 7, 0, 7, 122.44
1735236919, 19, 18, 39, 18, 0, 0.19%, 7, 0, 7, 118.58
1735236950, 19, 22, 39, 18, 0, 0.19%, 7, 0, 7, 140.17
1735237032, 19, 26, 39, 17, 0, 0.19%, 7, 0, 7, 186.01
1735237083, 19, 26, 40, 18, 0, 0.19%, 7, 0, 7, 125.55
1735237150, 19, 33, 40, 17, 0, 0.19%, 7, 0, 7, 142.40
1735237349, 19, 34, 40, 16, 0, 0.19%, 7, 0, 7, 117.77
1735237359, 19, 34, 41, 17, 0, 0.19%, 7, 0, 7, 119.76
1735237374, 19, 40, 41, 17, 0, 0.19%, 7, 0, 7, 147.26
1735237431, 20, 11, 41, 16, 0, 0.19%, 7, 0, 7, 117.57
1735237446, 20, 17, 41, 16, 0, 0.19%, 7, 0, 7, 126.05
1735237482, 20, 18, 41, 16, 0, 0.19%, 7, 0, 7, 122.59
1735237512, 20, 19, 41, 16, 0, 0.19%, 7, 0, 7, 149.67
1735237599, 20, 20, 41, 15, 0, 0.19%, 7, 0, 7, 156.19
1735237685, 20, 32, 41, 14, 0, 0.19%, 7, 0, 7, 130.38
1735237895, 20, 34, 41, 13, 0, 0.19%, 7, 0, 7, 125.16
1735237921, 20, 38, 41, 13, 0, 0.19%, 7, 0, 7, 140.97
1735237972, 21, 11, 41, 12, 0, 0.19%, 7, 0, 7, 121.64
1735237982, 21, 17, 41, 12, 0, 0.19%, 7, 0, 7, 126.32
1735237998, 21, 18, 41, 12, 0, 0.19%, 7, 0, 7, 119.25
1735238018, 21, 23, 41, 12, 0, 0.19%, 7, 0, 7, 170.54
1735238095, 21, 27, 41, 11, 0, 0.19%, 7, 0, 7, 171.90
1735238171, 21, 28, 41, 10, 0, 0.19%, 7, 0, 7, 132.77
1735238253, 21, 30, 41, 9, 0, 0.19%, 7, 0, 7, 199.71
1735238324, 21, 31, 41, 8, 0, 0.19%, 7, 0, 7, 217.09
1735238533, 21, 35, 41, 7, 0, 0.19%, 7, 0, 7, 153.52
1735238579, 21, 36, 41, 6, 0, 0.19%, 7, 0, 7, 143.41
1735238636, 21, 38, 41, 5, 0, 0.19%, 7, 0, 7, 137.08
1735238656, 22, 17, 41, 5, 0, 0.19%, 7, 0, 7, 144.14
1735238666, 22, 18, 41, 5, 0, 0.19%, 7, 0, 7, 142.48
1735238672, 22, 37, 41, 5, 0, 0.19%, 7, 0, 7, 141.81
1735238728, 22, 38, 41, 4, 0, 0.19%, 7, 0, 7, 138.05
1735238748, 23, 17, 41, 4, 0, 0.19%, 7, 0, 7, 146.10
1735238759, 23, 18, 41, 4, 0, 0.19%, 7, 0, 7, 136.50
1735238764, 23, 25, 41, 4, 0, 0.19%, 7, 0, 7, 149.04
1735238830, 23, 29, 41, 3, 0, 0.19%, 7, 0, 7, 148.31
1735238901, 23, 30, 41, 2, 0, 0.19%, 7, 0, 7, 155.46
1735238932, 23, 38, 41, 2, 0, 0.19%, 7, 0, 7, 140.01
1735238948, 24, 11, 41, 2, 0, 0.19%, 7, 0, 7, 134.67
1735238953, 24, 15, 41, 2, 0, 0.19%, 7, 0, 7, 134.37
1735239326, 24, 17, 41, 1, 0, 0.19%, 7, 0, 7, 136.70
1735239331, 24, 17, 42, 2, 0, 0.19%, 7, 0, 7, 145.54
1735239336, 24, 18, 42, 2, 0, 0.19%, 7, 0, 7, 145.94
1735239341, 24, 32, 42, 2, 0, 0.19%, 7, 0, 7, 150.36
1735239372, 24, 38, 42, 2, 0, 0.19%, 7, 0, 7, 136.83
1735239382, 25, 11, 42, 2, 0, 0.19%, 7, 0, 7, 141.67
1735239387, 25, 17, 42, 2, 0, 0.19%, 7, 0, 7, 146.26
1735239393, 25, 18, 42, 2, 0, 0.19%, 7, 0, 7, 141.14
1735239403, 25, 22, 42, 2, 0, 0.19%, 7, 0, 7, 145.83
1735239423, 25, 38, 42, 2, 0, 0.19%, 7, 0, 7, 141.89
1735239434, 26, 6, 42, 2, 0, 0.19%, 7, 0, 7, 149.17
1735239439, 26, 17, 42, 2, 0, 0.19%, 7, 0, 7, 138.64
1735239449, 26, 18, 42, 2, 0, 0.19%, 7, 0, 7, 142.79
1735239454, 26, 38, 42, 2, 0, 0.19%, 7, 0, 7, 136.28
1735239459, 26, 39, 42, 2, 0, 0.19%, 7, 0, 7, 154.38
1735239485, 26, 39, 43, 3, 0, 0.19%, 7, 0, 7, 161.09
1735239577, 26, 42, 43, 2, 0, 0.19%, 7, 0, 7, 144.55
1735239694, 27, 11, 43, 1, 0, 0.19%, 7, 0, 7, 128.03
1735239699, 27, 17, 43, 1, 0, 0.19%, 7, 0, 7, 134.23
1735239704, 27, 18, 43, 1, 0, 0.19%, 7, 0, 7, 140.01
1735239715, 27, 22, 43, 1, 0, 0.19%, 7, 0, 7, 144.62
1735239741, 27, 25, 43, 1, 0, 0.19%, 7, 0, 7, 134.30
1735239771, 27, 38, 43, 1, 0, 0.19%, 7, 0, 7, 133.94
1735239777, 27, 41, 43, 1, 0, 0.19%, 7, 0, 7, 153.20
1735239858, 28, 3, 43, 0, 0, 0.19%, 7, 0, 7, 145.67
1735239864, 28, 17, 43, 0, 0, 0.19%, 7, 0, 7, 139.98
1735239874, 28, 18, 43, 0, 0, 0.19%, 7, 0, 7, 139.82
1735239879, 28, 21, 43, 0, 0, 0.19%, 7, 0, 7, 141.76
1735239910, 28, 28, 43, 0, 0, 0.19%, 7, 0, 7, 140.36
1735239941, 28, 29, 43, 0, 0, 0.19%, 7, 0, 7, 136.17
1735239972, 28, 38, 43, 0, 0, 0.19%, 7, 0, 7, 138.99
1735239977, 29, 11, 43, 0, 0, 0.19%, 7, 0, 7, 139.11
1735239982, 29, 15, 43, 0, 0, 0.19%, 7, 0, 7, 156.22
1735240007, 29, 17, 43, 0, 0, 0.19%, 7, 0, 7, 139.18
1735240018, 29, 18, 43, 0, 0, 0.19%, 7, 0, 7, 140.76
1735240023, 29, 38, 43, 0, 0, 0.19%, 7, 0, 7, 141.95
1735240028, 30, 3, 43, 0, 0, 0.19%, 7, 0, 7, 139.20
1735240033, 30, 11, 43, 0, 0, 0.19%, 7, 0, 7, 140.83
1735240038, 30, 17, 43, 0, 0, 0.19%, 7, 0, 7, 136.66
1735240043, 30, 18, 43, 0, 0, 0.19%, 7, 0, 7, 134.82
1735240053, 30, 35, 43, 0, 0, 0.19%, 7, 0, 7, 134.06
1735240074, 31, 11, 43, 0, 0, 0.19%, 7, 0, 7, 143.48
1735240079, 31, 17, 43, 0, 0, 0.19%, 7, 0, 7, 140.23
1735240090, 31, 18, 43, 0, 0, 0.19%, 7, 0, 7, 136.63
1735240095, 31, 30, 43, 0, 0, 0.19%, 7, 0, 7, 147.09
1735240125, 31, 37, 43, 0, 0, 0.19%, 7, 0, 7, 146.64
1735240146, 31, 38, 43, 0, 0, 0.19%, 7, 0, 7, 135.23
1735240151, 32, 11, 43, 0, 0, 0.19%, 7, 0, 7, 137.36
1735240156, 32, 17, 43, 0, 0, 0.19%, 7, 0, 7, 141.59
1735240161, 32, 18, 43, 0, 0, 0.19%, 7, 0, 7, 137.31
1735240172, 32, 28, 43, 0, 0, 0.19%, 7, 0, 7, 138.64
1735240202, 32, 29, 43, 0, 0, 0.19%, 7, 0, 7, 151.12
1735240233, 32, 38, 43, 0, 0, 0.19%, 7, 0, 7, 138.66
1735240238, 32, 41, 43, 0, 0, 0.19%, 7, 0, 7, 145.58
1735240269, 33, 11, 43, 0, 0, 0.19%, 7, 0, 7, 139.11
1735240274, 33, 14, 43, 0, 0, 0.19%, 7, 0, 7, 138.11
1735240305, 33, 17, 43, 0, 0, 0.19%, 7, 0, 7, 149.09
1735240310, 33, 18, 43, 0, 0, 0.19%, 7, 0, 7, 144.75
1735240320, 33, 37, 43, 0, 0, 0.19%, 7, 0, 7, 138.83
1735240341, 33, 38, 43, 0, 0, 0.19%, 7, 0, 7, 139.46
1735240346, 34, 17, 43, 0, 0, 0.19%, 7, 0, 7, 134.94
1735240356, 34, 18, 43, 0, 0, 0.19%, 7, 0, 7, 137.87
1735240361, 34, 24, 43, 0, 0, 0.19%, 7, 0, 7, 142.95
1735240392, 34, 38, 43, 0, 0, 0.19%, 7, 0, 7, 143.09
1735240397, 35, 11, 43, 0, 0, 0.19%, 7, 0, 7, 139.53
1735240402, 35, 17, 43, 0, 0, 0.19%, 7, 0, 7, 143.44
1735240407, 35, 18, 43, 0, 0, 0.19%, 7, 0, 7, 139.70
1735240417, 35, 25, 43, 0, 0, 0.19%, 7, 0, 7, 140.80
1735240448, 35, 38, 43, 0, 0, 0.19%, 7, 0, 7, 140.69
1735240454, 36, 17, 43, 0, 0, 0.19%, 7, 0, 7, 140.65
1735240464, 36, 18, 43, 0, 0, 0.19%, 7, 0, 7, 146.11
1735240469, 36, 30, 43, 0, 0, 0.19%, 7, 0, 7, 155.22
1735240500, 36, 38, 43, 0, 0, 0.19%, 7, 0, 7, 139.14
1735240505, 37, 8, 43, 0, 0, 0.19%, 7, 0, 7, 138.53
1735240510, 37, 17, 43, 0, 0, 0.19%, 7, 0, 7, 139.96
1735240521, 37, 18, 43, 0, 0, 0.19%, 7, 0, 7, 134.93
1735240531, 37, 22, 43, 0, 0, 0.19%, 7, 0, 7, 148.21
1735240557, 37, 36, 43, 0, 0, 0.19%, 7, 0, 7, 134.33
1735240577, 37, 38, 43, 0, 0, 0.19%, 7, 0, 7, 132.09
1735240582, 38, 11, 43, 0, 0, 0.19%, 7, 0, 7, 139.74
1735240588, 38, 16, 43, 0, 0, 0.19%, 7, 0, 7, 152.12
1735240618, 38, 17, 43, 0, 0, 0.19%, 7, 0, 7, 144.84
1735240623, 38, 18, 43, 0, 0, 0.19%, 7, 0, 7, 137.98
1735240633, 38, 38, 43, 0, 0, 0.19%, 7, 0, 7, 138.20
1735240638, 39, 15, 43, 0, 0, 0.19%, 7, 0, 7, 144.39
1735240669, 39, 17, 43, 0, 0, 0.19%, 7, 0, 7, 146.29
1735240679, 39, 18, 43, 0, 0, 0.19%, 7, 0, 7, 138.89
1735240685, 39, 35, 43, 0, 0, 0.19%, 7, 0, 7, 141.37
1735240705, 39, 38, 43, 0, 0, 0.19%, 7, 0, 7, 135.29
1735240710, 40, 11, 43, 0, 0, 0.19%, 7, 0, 7, 134.67
1735240715, 40, 13, 43, 0, 0, 0.19%, 7, 0, 7, 143.71
1735240746, 40, 17, 43, 0, 0, 0.19%, 7, 0, 7, 144.71
1735240751, 40, 18, 43, 0, 0, 0.19%, 7, 0, 7, 135.63
1735240762, 40, 19, 43, 0, 0, 0.19%, 7, 0, 7, 145.50
1735240787, 40, 21, 43, 0, 0, 0.19%, 7, 0, 7, 148.48
1735240818, 40, 38, 43, 0, 0, 0.19%, 7, 0, 7, 139.18
1735240823, 41, 11, 43, 0, 0, 0.19%, 7, 0, 7, 137.71
1735240828, 41, 17, 43, 0, 0, 0.19%, 7, 0, 7, 139.85
1735240839, 41, 18, 43, 0, 0, 0.19%, 7, 0, 7, 134.37
1735240844, 41, 38, 43, 0, 0, 0.19%, 7, 0, 7, 137.49
1735240849, 42, 11, 43, 0, 0, 0.19%, 7, 0, 7, 141.67
1735240854, 42, 13, 43, 0, 0, 0.19%, 7, 0, 7, 146.78
1735240885, 42, 17, 43, 0, 0, 0.19%, 7, 0, 7, 137.51
1735240890, 42, 18, 43, 0, 0, 0.19%, 7, 0, 7, 132.63
1735240895, 42, 38, 43, 0, 0, 0.19%, 7, 0, 7, 133.98
1735240906, 43, 16, 43, 0, 0, 0.19%, 7, 0, 7, 149.10
1735240936, 43, 17, 43, 0, 0, 0.19%, 7, 0, 7, 142.97
1735240947, 43, 18, 43, 0, 0, 0.19%, 7, 0, 7, 140.90
1735240952, 43, 34, 43, 0, 0, 0.19%, 7, 0, 7, 135.54
1735240973, 43, 38, 43, 0, 0, 0.19%, 7, 0, 7, 136.77
1735240978, 44, 11, 43, 0, 0, 0.19%, 7, 0, 7, 134.40
1735240983, 44, 17, 43, 0, 0, 0.19%, 7, 0, 7, 132.81
1735240988, 44, 18, 43, 0, 0, 0.19%, 7, 0, 7, 141.44
1735240998, 44, 38, 43, 0, 0, 0.19%, 7, 0, 7, 144.51
1735241003, 45, 17, 43, 0, 0, 0.19%, 7, 0, 7, 143.50
1735241014, 45, 18, 43, 0, 0, 0.19%, 7, 0, 7, 138.10
1735241019, 45, 27, 43, 0, 0, 0.19%, 7, 0, 7, 143.18
1735241050, 45, 37, 43, 0, 0, 0.19%, 7, 0, 7, 148.85
1735241070, 45, 38, 43, 0, 0, 0.19%, 7, 0, 7, 142.57
1735241076, 46, 11, 43, 0, 0, 0.19%, 7, 0, 7, 137.03
1735241081, 46, 17, 43, 0, 0, 0.19%, 7, 0, 7, 139.98
1735241086, 46, 18, 43, 0, 0, 0.19%, 7, 0, 7, 130.92
1735241096, 46, 38, 43, 0, 0, 0.19%, 7, 0, 7, 142.59
1735241101, 47, 11, 43, 0, 0, 0.19%, 7, 0, 7, 137.61
1735241107, 47, 12, 43, 0, 0, 0.19%, 7, 0, 7, 135.22
1735241122, 47, 15, 43, 0, 0, 0.19%, 7, 0, 7, 158.55
1735241148, 47, 17, 43, 0, 0, 0.19%, 7, 0, 7, 136.09
1735241153, 47, 18, 43, 0, 0, 0.19%, 7, 0, 7, 141.98
1735241163, 47, 36, 43, 0, 0, 0.19%, 7, 0, 7, 136.14
1735241183, 47, 38, 43, 0, 0, 0.19%, 7, 0, 7, 139.84
1735241189, 48, 11, 43, 0, 0, 0.19%, 7, 0, 7, 139.11
1735241194, 48, 17, 43, 0, 0, 0.19%, 7, 0, 7, 135.69
1735241199, 48, 18, 43, 0, 0, 0.19%, 7, 0, 7, 136.51
1735241209, 48, 27, 43, 0, 0, 0.19%, 7, 0, 7, 142.16
1735241240, 48, 28, 43, 0, 0, 0.19%, 7, 0, 7, 148.45
1735241271, 48, 38, 43, 0, 0, 0.19%, 7, 0, 7, 146.97
1735241276, 49, 17, 43, 0, 0, 0.19%, 7, 0, 7, 139.75
1735241286, 49, 18, 43, 0, 0, 0.19%, 7, 0, 7, 133.83
1735241291, 49, 36, 43, 0, 0, 0.19%, 7, 0, 7, 138.66
1735241317, 49, 38, 43, 0, 0, 0.19%, 7, 0, 7, 131.64
1735241322, 50, 10, 43, 0, 0, 0.19%, 7, 0, 7, 135.68
1735241332, 50, 11, 43, 0, 0, 0.19%, 7, 0, 7, 140.98
1735241337, 50, 17, 43, 0, 0, 0.19%, 7, 0, 7, 139.96
1735241342, 50, 18, 43, 0, 0, 0.19%, 7, 0, 7, 141.58
1735241353, 50, 23, 43, 0, 0, 0.19%, 7, 0, 7, 144.38
1735241384, 50, 33, 43, 0, 0, 0.19%, 7, 0, 7, 169.85
1735241409, 50, 38, 44, 1, 0, 0.21%, 8, 0, 8, 138.16
1735241420, 50, 43, 46, 3, 1, 0.21%, 9, 0, 9, 176.17
1735241440, 50, 43, 47, 4, 1, 0.21%, 9, 0, 9, 153.34
1735241455, 50, 43, 48, 5, 1, 0.25%, 10, 0, 9, 155.60
1735241490, 50, 43, 49, 6, 1, 0.25%, 10, 0, 9, 157.26
1735241526, 50, 47, 51, 7, 1, 0.27%, 12, 0, 10, 176.19
1735241613, 50, 49, 51, 6, 2, 0.27%, 12, 0, 10, 151.60
1735241618, 50, 49, 52, 7, 2, 0.27%, 13, 0, 11, 185.49
1735241633, 50, 49, 53, 8, 2, 0.27%, 13, 0, 11, 152.97
1735241669, 50, 49, 54, 9, 2, 0.27%, 13, 0, 11, 151.23
1735241756, 50, 50, 54, 8, 2, 0.27%, 13, 0, 11, 189.04
1735241842, 50, 51, 54, 7, 1, 0.27%, 13, 0, 11, 170.93
1735241872, 50, 51, 55, 8, 1, 0.27%, 13, 0, 12, 156.00
1735241938, 50, 51, 56, 9, 1, 0.27%, 13, 0, 12, 156.73
1735241984, 51, 11, 56, 8, 0, 0.27%, 13, 0, 12, 137.83
1735241989, 51, 17, 56, 8, 0, 0.27%, 13, 0, 12, 145.50
1735241994, 51, 28, 56, 8, 0, 0.27%, 13, 0, 12, 142.47
1735242004, 51, 42, 56, 8, 0, 0.27%, 13, 0, 12, 165.95
1735242020, 51, 47, 56, 8, 0, 0.27%, 13, 0, 12, 140.61
1735242025, 51, 47, 57, 9, 0, 0.27%, 13, 0, 12, 155.03
1735242076, 51, 49, 57, 9, 0, 0.27%, 13, 0, 12, 156.67
1735242111, 51, 50, 57, 9, 0, 0.27%, 13, 0, 12, 143.65
1735242147, 51, 50, 58, 10, 0, 0.27%, 13, 0, 12, 140.03
1735242152, 51, 51, 58, 10, 0, 0.27%, 13, 0, 12, 146.53
1735242193, 52, 17, 58, 10, 0, 0.27%, 13, 0, 12, 142.59
1735242199, 52, 29, 58, 10, 0, 0.27%, 13, 0, 12, 147.55
1735242219, 52, 47, 58, 10, 0, 0.27%, 13, 0, 12, 147.63
1735242260, 52, 49, 59, 11, 0, 0.28%, 13, 0, 12, 152.89
1735242265, 52, 49, 59, 11, 0, 0.28%, 14, 0, 12, 160.50
1735242306, 52, 58, 59, 11, 1, 0.28%, 14, 0, 12, 155.42
1735242332, 52, 58, 61, 13, 1, 0.28%, 14, 0, 12, 177.03
1735242337, 52, 58, 63, 15, 1, 0.28%, 14, 0, 12, 163.24
1735242342, 52, 58, 65, 17, 1, 0.28%, 14, 0, 12, 161.95
1735242352, 52, 58, 66, 18, 1, 0.28%, 14, 0, 12, 162.47
1735242428, 52, 59, 66, 17, 1, 0.28%, 14, 0, 12, 154.85
1735242448, 52, 59, 67, 18, 1, 0.28%, 14, 0, 13, 192.88
1735242509, 52, 60, 67, 17, 0, 0.28%, 14, 0, 13, 172.11
1735242585, 52, 65, 67, 16, 0, 0.28%, 14, 0, 13, 126.93
1735242707, 52, 65, 68, 17, 0, 0.29%, 15, 0, 13, 167.34
1735242717, 52, 65, 69, 18, 0, 0.29%, 15, 0, 13, 159.21
1735242723, 52, 65, 71, 20, 0, 0.29%, 15, 0, 13, 153.87
1735242809, 52, 67, 71, 19, 1, 0.29%, 15, 0, 13, 103.32
1735242870, 52, 67, 72, 20, 1, 0.29%, 15, 0, 14, 74.69
1735242880, 52, 67, 73, 21, 1, 0.29%, 16, 0, 14, 70.70
1735242951, 52, 67, 74, 22, 1, 0.29%, 16, 0, 14, 157.44
1735242962, 52, 67, 75, 23, 1, 0.29%, 16, 0, 14, 151.06
1735243002, 52, 67, 76, 24, 1, 0.29%, 16, 0, 14, 154.89
1735243022, 52, 67, 77, 25, 1, 0.29%, 16, 0, 14, 153.60
1735243043, 52, 72, 77, 24, 1, 0.29%, 16, 0, 14, 122.66
1735243058, 52, 72, 78, 25, 1, 0.30%, 17, 0, 15, 70.91
1735243089, 52, 72, 79, 26, 1, 0.30%, 18, 0, 15, 70.71
1735243150, 52, 72, 81, 28, 1, 0.31%, 20, 0, 15, 120.89
1735243180, 52, 72, 82, 29, 1, 0.31%, 20, 0, 15, 167.22
1735243190, 52, 72, 83, 30, 1, 0.31%, 20, 0, 15, 154.45
1735243206, 52, 72, 84, 31, 1, 0.31%, 20, 0, 15, 153.22
1735243216, 52, 72, 85, 32, 1, 0.31%, 20, 0, 15, 158.09
1735243312, 52, 77, 85, 31, 5, 0.31%, 20, 0, 15, 108.89
1735243450, 52, 77, 87, 33, 5, 0.31%, 20, 0, 16, 160.65
1735243470, 52, 77, 88, 34, 5, 0.31%, 20, 0, 16, 158.38
1735243576, 52, 78, 88, 33, 4, 0.31%, 20, 0, 16, 127.58
1735243713, 52, 78, 89, 34, 4, 0.31%, 20, 0, 16, 163.88
1735243729, 52, 78, 90, 35, 4, 0.31%, 20, 0, 16, 154.24
1735243734, 52, 78, 91, 36, 4, 0.31%, 20, 0, 16, 158.48
1735243845, 52, 79, 91, 35, 4, 0.31%, 20, 0, 16, 96.53
1735243982, 52, 79, 92, 36, 4, 0.31%, 20, 0, 16, 155.24
1735243988, 52, 79, 94, 38, 4, 0.31%, 20, 0, 16, 151.87
1735244063, 52, 79, 95, 39, 4, 0.34%, 21, 0, 16, 153.38
1735244114, 52, 80, 95, 38, 4, 0.34%, 21, 0, 16, 98.21
1735244251, 52, 80, 97, 40, 4, 0.34%, 21, 0, 16, 162.29
1735244292, 52, 80, 98, 41, 4, 0.34%, 21, 0, 16, 155.76
1735244302, 52, 80, 99, 42, 4, 0.34%, 21, 0, 16, 149.38
1735244363, 52, 80, 100, 43, 4, 0.34%, 21, 0, 16, 152.85
1735244383, 52, 81, 100, 42, 3, 0.34%, 21, 0, 16, 106.47
1735244541, 52, 81, 101, 43, 3, 0.34%, 21, 0, 16, 154.99
1735244648, 52, 81, 102, 44, 3, 0.34%, 21, 0, 16, 157.36
1735244669, 52, 89, 102, 43, 2, 0.34%, 21, 0, 16, 114.74
1735244843, 52, 89, 103, 44, 2, 0.34%, 21, 0, 17, 155.41
1735244873, 52, 94, 103, 43, 1, 0.34%, 21, 0, 17, 213.65
1735244959, 52, 96, 103, 42, 0, 0.34%, 21, 0, 17, 138.34
1735245174, 52, 96, 104, 43, 0, 0.34%, 21, 0, 17, 153.14
