# unix_time, cycles_done, cur_path, paths_total, pending_total, pending_favs, map_size, unique_crashes, unique_hangs, max_depth, execs_per_sec
1735784423, 0, 0, 10, 10, 1, 0.01%, 0, 0, 1, 84.30
1735784428, 0, 2, 10, 10, 1, 0.01%, 0, 0, 1, 103.75
1735784433, 0, 3, 10, 9, 0, 0.01%, 0, 0, 1, 100.76
1735784443, 0, 4, 10, 8, 0, 0.01%, 0, 0, 1, 104.30
1735784453, 0, 5, 10, 7, 0, 0.01%, 0, 0, 1, 100.31
1735784463, 0, 6, 10, 6, 0, 0.01%, 0, 0, 1, 100.11
1735784474, 0, 7, 10, 5, 0, 0.01%, 0, 0, 1, 98.11
1735784484, 0, 8, 10, 4, 0, 0.01%, 0, 0, 1, 97.16
1735784494, 0, 9, 10, 3, 0, 0.01%, 0, 0, 1, 95.93
1735784504, 1, 0, 10, 2, 0, 0.01%, 0, 0, 1, 94.43
1735784515, 1, 1, 10, 1, 0, 0.01%, 0, 0, 1, 98.91
1735784530, 1, 2, 10, 0, 0, 0.01%, 0, 0, 1, 103.09
1735784535, 1, 4, 10, 0, 0, 0.01%, 0, 0, 1, 102.55
1735784540, 1, 5, 10, 0, 0, 0.01%, 0, 0, 1, 104.14
1735784545, 1, 7, 10, 0, 0, 0.01%, 0, 0, 1, 103.34
1735784550, 1, 8, 10, 0, 0, 0.01%, 0, 0, 1, 102.98
1735784555, 2, 0, 10, 0, 0, 0.01%, 0, 0, 1, 102.68
1735784560, 2, 1, 10, 0, 0, 0.01%, 0, 0, 1, 103.43
1735784566, 2, 3, 10, 0, 0, 0.01%, 0, 0, 1, 101.83
1735784571, 2, 4, 10, 0, 0, 0.01%, 0, 0, 1, 102.03
1735784576, 2, 5, 10, 0, 0, 0.01%, 0, 0, 1, 100.97
1735784581, 2, 7, 10, 0, 0, 0.01%, 0, 0, 1, 100.78
1735784586, 2, 8, 10, 0, 0, 0.01%, 0, 0, 1, 102.32
1735784591, 2, 9, 10, 0, 0, 0.01%, 0, 0, 1, 102.71
1735784596, 3, 1, 10, 0, 0, 0.01%, 0, 0, 1, 101.65
1735784601, 3, 2, 10, 0, 0, 0.01%, 0, 0, 1, 100.20
1735784606, 3, 4, 10, 0, 0, 0.01%, 0, 0, 1, 101.37
1735784611, 3, 5, 10, 0, 0, 0.01%, 0, 0, 1, 103.40
1735784616, 3, 7, 10, 0, 0, 0.01%, 0, 0, 1, 105.42
1735784621, 3, 8, 10, 0, 0, 0.01%, 0, 0, 1, 102.30
1735784626, 3, 9, 10, 0, 0, 0.01%, 0, 0, 1, 105.03
1735784631, 4, 1, 10, 0, 0, 0.01%, 0, 0, 1, 103.99
1735784636, 4, 2, 10, 0, 0, 0.01%, 0, 0, 1, 105.89
1735784641, 4, 4, 10, 0, 0, 0.01%, 0, 0, 1, 104.85
1735784647, 4, 5, 10, 0, 0, 0.01%, 0, 0, 1, 100.58
1735784652, 4, 7, 10, 0, 0, 0.01%, 0, 0, 1, 103.06
1735784657, 4, 8, 10, 0, 0, 0.01%, 0, 0, 1, 102.22
1735784662, 4, 9, 10, 0, 0, 0.01%, 0, 0, 1, 101.76
1735784667, 5, 1, 10, 0, 0, 0.01%, 0, 0, 1, 103.46
1735784672, 5, 2, 10, 0, 0, 0.01%, 0, 0, 1, 104.98
1735784677, 5, 4, 10, 0, 0, 0.01%, 0, 0, 1, 102.71
1735784682, 5, 5, 10, 0, 0, 0.01%, 0, 0, 1, 102.83
1735784688, 5, 7, 10, 0, 0, 0.01%, 0, 0, 1, 104.90
1735784693, 5, 8, 10, 0, 0, 0.01%, 0, 0, 1, 103.92
1735784698, 5, 9, 10, 0, 0, 0.01%, 0, 0, 1, 103.20
1735784703, 6, 1, 10, 0, 0, 0.01%, 0, 0, 1, 102.63
1735784708, 6, 2, 10, 0, 0, 0.01%, 0, 0, 1, 104.80
1735784713, 6, 4, 10, 0, 0, 0.01%, 0, 0, 1, 104.49
1735784719, 6, 5, 10, 0, 0, 0.01%, 0, 0, 1, 104.35
1735784724, 6, 7, 10, 0, 0, 0.01%, 0, 0, 1, 102.22
1735784729, 6, 8, 10, 0, 0, 0.01%, 0, 0, 1, 102.85
1735784734, 7, 0, 10, 0, 0, 0.01%, 0, 0, 1, 104.26
1735784739, 7, 1, 10, 0, 0, 0.01%, 0, 0, 1, 104.08
1735784744, 7, 2, 10, 0, 0, 0.01%, 0, 0, 1, 104.55
1735784749, 7, 4, 10, 0, 0, 0.01%, 0, 0, 1, 103.96
1735784754, 7, 5, 10, 0, 0, 0.01%, 0, 0, 1, 103.86
1735784759, 7, 7, 10, 0, 0, 0.01%, 0, 0, 1, 102.06
1735784764, 7, 8, 10, 0, 0, 0.01%, 0, 0, 1, 104.69
1735784769, 8, 0, 10, 0, 0, 0.01%, 0, 0, 1, 103.17
1735784774, 8, 1, 10, 0, 0, 0.01%, 0, 0, 1, 104.27
1735784779, 8, 2, 10, 0, 0, 0.01%, 0, 0, 1, 103.01
1735784785, 8, 4, 10, 0, 0, 0.01%, 0, 0, 1, 102.80
1735784790, 8, 5, 10, 0, 0, 0.01%, 0, 0, 1, 101.78
1735784795, 8, 7, 10, 0, 0, 0.01%, 0, 0, 1, 102.16
1735784800, 8, 8, 10, 0, 0, 0.01%, 0, 0, 1, 101.65
1735784805, 8, 9, 10, 0, 0, 0.01%, 0, 0, 1, 103.63
1735784810, 9, 1, 10, 0, 0, 0.01%, 0, 0, 1, 101.73
1735784815, 9, 2, 10, 0, 0, 0.01%, 0, 0, 1, 101.45
1735784820, 9, 4, 10, 0, 0, 0.01%, 0, 0, 1, 102.61
1735784825, 9, 5, 10, 0, 0, 0.01%, 0, 0, 1, 104.35
1735784831, 9, 7, 10, 0, 0, 0.01%, 0, 0, 1, 102.64
1735784836, 9, 8, 10, 0, 0, 0.01%, 0, 0, 1, 104.27
1735784841, 10, 0, 10, 0, 0, 0.01%, 0, 0, 1, 103.83
1735784846, 10, 1, 10, 0, 0, 0.01%, 0, 0, 1, 101.72
1735784851, 10, 2, 10, 0, 0, 0.01%, 0, 0, 1, 100.03
1735784856, 10, 4, 10, 0, 0, 0.01%, 0, 0, 1, 102.28
1735784861, 10, 5, 10, 0, 0, 0.01%, 0, 0, 1, 101.09
1735784866, 10, 7, 10, 0, 0, 0.01%, 0, 0, 1, 103.83
1735784871, 10, 8, 10, 0, 0, 0.01%, 0, 0, 1, 101.53
1735784876, 10, 9, 10, 0, 0, 0.01%, 0, 0, 1, 101.38
1735784881, 11, 1, 10, 0, 0, 0.01%, 0, 0, 1, 102.35
1735784886, 11, 2, 10, 0, 0, 0.01%, 0, 0, 1, 101.55
1735784891, 11, 4, 10, 0, 0, 0.01%, 0, 0, 1, 101.74
1735784897, 11, 5, 10, 0, 0, 0.01%, 0, 0, 1, 101.95
1735784902, 11, 6, 10, 0, 0, 0.01%, 0, 0, 1, 101.90
1735784907, 11, 8, 10, 0, 0, 0.01%, 0, 0, 1, 102.97
1735784912, 11, 9, 10, 0, 0, 0.01%, 0, 0, 1, 104.76
1735784917, 12, 1, 10, 0, 0, 0.01%, 0, 0, 1, 104.16
1735784922, 12, 2, 10, 0, 0, 0.01%, 0, 0, 1, 105.72
1735784927, 12, 4, 10, 0, 0, 0.01%, 0, 0, 1, 103.48
1735784932, 12, 5, 10, 0, 0, 0.01%, 0, 0, 1, 103.50
1735784937, 12, 6, 10, 0, 0, 0.01%, 0, 0, 1, 103.11
1735784942, 12, 8, 10, 0, 0, 0.01%, 0, 0, 1, 102.64
1735784947, 12, 9, 10, 0, 0, 0.01%, 0, 0, 1, 101.27
1735784952, 13, 1, 10, 0, 0, 0.01%, 0, 0, 1, 105.50
1735784958, 13, 2, 10, 0, 0, 0.01%, 0, 0, 1, 104.56
1735784963, 13, 3, 10, 0, 0, 0.01%, 0, 0, 1, 102.72
1735784968, 13, 5, 10, 0, 0, 0.01%, 0, 0, 1, 103.43
1735784973, 13, 6, 10, 0, 0, 0.01%, 0, 0, 1, 103.66
1735784978, 13, 7, 11, 1, 0, 0.16%, 1, 0, 2, 104.69
1735784983, 13, 10, 13, 3, 1, 0.16%, 3, 0, 3, 126.02
1735784993, 13, 10, 14, 4, 1, 0.17%, 4, 0, 3, 112.95
1735785111, 13, 11, 14, 3, 3, 0.17%, 4, 0, 3, 129.61
1735785116, 13, 11, 15, 4, 3, 0.17%, 4, 0, 4, 123.27
1735785163, 13, 11, 16, 5, 3, 0.17%, 4, 0, 4, 113.89
1735785178, 13, 11, 17, 6, 3, 0.17%, 4, 0, 4, 115.49
1735785271, 13, 12, 17, 5, 2, 0.17%, 4, 0, 4, 129.88
1735785276, 13, 12, 18, 6, 2, 0.17%, 4, 0, 4, 123.22
1735785281, 13, 12, 20, 8, 2, 0.17%, 5, 0, 4, 116.91
1735785363, 13, 12, 21, 9, 2, 0.17%, 5, 0, 4, 117.47
1735785415, 13, 12, 22, 10, 2, 0.17%, 5, 0, 4, 123.13
1735785420, 13, 12, 24, 12, 2, 0.17%, 5, 0, 4, 127.25
1735785430, 13, 20, 26, 13, 1, 0.17%, 5, 0, 5, 176.37
1735785436, 13, 20, 27, 14, 1, 0.17%, 5, 0, 5, 158.38
1735785441, 13, 20, 29, 16, 1, 0.17%, 5, 0, 5, 135.35
1735785482, 13, 20, 30, 17, 1, 0.17%, 5, 0, 5, 128.57
1735785544, 13, 20, 31, 18, 1, 0.17%, 5, 0, 5, 138.37
1735785549, 13, 20, 32, 19, 1, 0.17%, 5, 0, 5, 126.82
1735785554, 13, 21, 32, 18, 0, 0.17%, 5, 0, 5, 154.49
1735785626, 13, 21, 34, 20, 0, 0.17%, 5, 0, 5, 130.45
1735785636, 13, 22, 34, 19, 0, 0.17%, 5, 0, 5, 209.17
1735785713, 13, 23, 34, 18, 0, 0.17%, 5, 0, 5, 162.46
1735785785, 13, 23, 35, 19, 0, 0.17%, 5, 0, 5, 126.83
1735785790, 13, 32, 35, 18, 0, 0.17%, 5, 0, 5, 132.73
1735785795, 13, 32, 36, 19, 0, 0.17%, 5, 0, 6, 219.37
1735785810, 13, 32, 37, 20, 0, 0.17%, 5, 0, 6, 201.50
1735785820, 13, 32, 39, 22, 0, 0.17%, 5, 0, 6, 153.93
1735785907, 13, 33, 39, 21, 0, 0.17%, 5, 0, 6, 194.22
1735785948, 13, 33, 40, 22, 0, 0.17%, 6, 0, 6, 148.42
1735785959, 13, 39, 40, 21, 0, 0.17%, 6, 0, 6, 118.36
1735785969, 13, 39, 41, 22, 0, 0.17%, 7, 0, 7, 196.62
1735786258, 14, 10, 41, 21, 0, 0.17%, 7, 0, 7, 131.78
1735786268, 14, 11, 41, 21, 0, 0.17%, 7, 0, 7, 130.12
1735786278, 14, 14, 41, 21, 0, 0.17%, 7, 0, 7, 139.48
1735786380, 14, 20, 41, 20, 0, 0.17%, 7, 0, 7, 137.16
1735786401, 14, 20, 42, 21, 0, 0.17%, 7, 0, 7, 162.72
1735786411, 14, 24, 42, 21, 0, 0.17%, 7, 0, 7, 196.62
1735786483, 14, 25, 42, 20, 0, 0.17%, 7, 0, 7, 171.41
1735786519, 14, 25, 43, 21, 0, 0.17%, 7, 0, 7, 137.13
1735786529, 14, 27, 43, 20, 0, 0.17%, 7, 0, 7, 142.39
1735786581, 14, 33, 43, 19, 0, 0.17%, 7, 0, 7, 143.55
1735786601, 14, 34, 43, 19, 0, 0.17%, 7, 0, 7, 143.80
1735786667, 14, 36, 43, 18, 0, 0.17%, 7, 0, 7, 196.49
1735786728, 15, 10, 43, 17, 0, 0.17%, 7, 0, 7, 132.26
1735786739, 15, 11, 43, 17, 0, 0.17%, 7, 0, 7, 134.05
1735786744, 15, 13, 43, 17, 0, 0.17%, 7, 0, 7, 128.57
1735786770, 15, 17, 43, 16, 0, 0.17%, 7, 0, 7, 142.96
1735786826, 15, 27, 43, 15, 0, 0.17%, 7, 0, 7, 131.53
1735786847, 15, 33, 43, 15, 0, 0.17%, 7, 0, 7, 149.97
1735786867, 15, 35, 43, 15, 0, 0.17%, 7, 0, 7, 188.57
1735786923, 16, 10, 43, 14, 0, 0.17%, 7, 0, 7, 139.27
1735786929, 16, 11, 43, 14, 0, 0.17%, 7, 0, 7, 139.34
1735786934, 16, 13, 43, 14, 0, 0.17%, 7, 0, 7, 133.56
1735786944, 16, 19, 43, 14, 0, 0.17%, 7, 0, 7, 138.87
1735787001, 16, 27, 43, 13, 0, 0.17%, 7, 0, 7, 132.05
1735787021, 16, 39, 43, 13, 0, 0.17%, 7, 0, 7, 141.17
1735787042, 16, 41, 43, 13, 0, 0.17%, 7, 0, 7, 173.31
1735787282, 16, 41, 44, 14, 0, 0.17%, 8, 0, 7, 188.24
1735787333, 17, 11, 44, 13, 0, 0.17%, 8, 0, 7, 143.52
1735787338, 17, 13, 44, 13, 0, 0.17%, 8, 0, 7, 134.91
1735787348, 17, 22, 44, 13, 0, 0.17%, 8, 0, 7, 146.55
1735787369, 17, 27, 44, 13, 0, 0.17%, 8, 0, 7, 133.00
1735787379, 17, 31, 44, 13, 0, 0.17%, 8, 0, 7, 188.80
1735787430, 17, 33, 44, 12, 0, 0.17%, 8, 0, 7, 140.61
1735787441, 17, 35, 44, 12, 0, 0.17%, 8, 0, 7, 143.88
1735787461, 17, 43, 44, 12, 0, 0.17%, 8, 0, 7, 187.46
1735787676, 18, 11, 44, 11, 0, 0.17%, 8, 0, 7, 129.49
1735787681, 18, 13, 44, 11, 0, 0.17%, 8, 0, 7, 138.30
1735787687, 18, 15, 44, 11, 0, 0.17%, 8, 0, 7, 177.11
1735787860, 18, 27, 44, 10, 0, 0.17%, 8, 0, 7, 133.41
1735787865, 18, 28, 44, 10, 0, 0.17%, 8, 0, 7, 203.47
1735787916, 18, 38, 44, 9, 0, 0.17%, 8, 0, 7, 163.48
1735788207, 18, 42, 44, 8, 0, 0.17%, 8, 0, 7, 210.67
1735788309, 19, 10, 44, 7, 0, 0.17%, 8, 0, 7, 147.03
1735788314, 19, 13, 44, 7, 0, 0.17%, 8, 0, 7, 134.13
1735788319, 19, 16, 44, 7, 0, 0.17%, 8, 0, 7, 148.89
1735788370, 19, 18, 44, 6, 0, 0.17%, 8, 0, 7, 201.28
1735788487, 19, 27, 44, 5, 0, 0.17%, 8, 0, 7, 125.69
1735788492, 19, 34, 44, 5, 0, 0.17%, 8, 0, 7, 137.10
1735788518, 19, 38, 44, 5, 0, 0.17%, 8, 0, 7, 185.29
1735788533, 20, 10, 44, 5, 0, 0.17%, 8, 0, 7, 133.68
1735788538, 20, 13, 44, 5, 0, 0.17%, 8, 0, 7, 137.09
1735788543, 20, 21, 44, 5, 0, 0.17%, 8, 0, 7, 133.33
1735788564, 20, 27, 44, 5, 0, 0.17%, 8, 0, 7, 142.21
1735788569, 21, 10, 44, 5, 0, 0.17%, 8, 0, 7, 138.10
1735788574, 21, 13, 44, 5, 0, 0.17%, 8, 0, 7, 132.03
1735788580, 21, 15, 44, 5, 0, 0.17%, 8, 0, 7, 157.76
1735788600, 21, 22, 44, 5, 0, 0.17%, 8, 0, 7, 148.08
1735788615, 21, 27, 44, 5, 0, 0.17%, 8, 0, 7, 144.90
1735788620, 21, 29, 44, 5, 0, 0.17%, 8, 0, 7, 163.93
1735788692, 21, 39, 44, 4, 0, 0.17%, 8, 0, 7, 163.21
1735788713, 21, 40, 44, 4, 0, 0.17%, 8, 0, 7, 188.27
1735788885, 22, 10, 44, 3, 0, 0.17%, 8, 0, 7, 130.86
1735788891, 22, 13, 44, 3, 0, 0.17%, 8, 0, 7, 142.84
1735788896, 22, 25, 44, 3, 0, 0.17%, 8, 0, 7, 136.95
1735788916, 22, 26, 44, 3, 0, 0.17%, 8, 0, 7, 190.35
1735788967, 22, 27, 44, 2, 0, 0.17%, 8, 0, 7, 135.89
1735788972, 22, 32, 44, 2, 0, 0.17%, 8, 0, 7, 155.40
1735788993, 22, 33, 44, 2, 0, 0.17%, 8, 0, 7, 142.23
1735788998, 23, 11, 44, 2, 0, 0.17%, 8, 0, 7, 137.38
1735789003, 23, 27, 44, 2, 0, 0.17%, 8, 0, 7, 139.12
1735789008, 23, 38, 44, 2, 0, 0.17%, 8, 0, 7, 164.53
1735789029, 24, 10, 44, 2, 0, 0.17%, 8, 0, 7, 130.71
1735789034, 24, 13, 44, 2, 0, 0.17%, 8, 0, 7, 133.80
1735789039, 24, 20, 44, 2, 0, 0.17%, 8, 0, 7, 141.41
1735789060, 24, 27, 44, 2, 0, 0.17%, 8, 0, 7, 143.09
1735789065, 24, 37, 44, 2, 0, 0.17%, 8, 0, 7, 210.71
1735789157, 25, 4, 44, 1, 0, 0.17%, 8, 0, 7, 131.05
1735789162, 25, 11, 44, 1, 0, 0.17%, 8, 0, 7, 135.55
1735789167, 25, 27, 44, 1, 0, 0.17%, 8, 0, 7, 134.69
1735789172, 25, 28, 44, 1, 0, 0.17%, 8, 0, 7, 143.29
1735789193, 25, 39, 44, 1, 0, 0.17%, 8, 0, 7, 163.76
1735789203, 26, 11, 44, 1, 0, 0.17%, 8, 0, 7, 142.09
1735789208, 26, 22, 44, 1, 0, 0.17%, 8, 0, 7, 141.82
1735789218, 26, 27, 44, 1, 0, 0.17%, 8, 0, 7, 136.67
1735789223, 27, 0, 44, 1, 0, 0.17%, 8, 0, 7, 138.57
1735789228, 27, 13, 44, 1, 0, 0.17%, 8, 0, 7, 135.04
1735789234, 27, 27, 44, 1, 0, 0.17%, 8, 0, 7, 134.80
1735789239, 27, 37, 44, 1, 0, 0.17%, 8, 0, 7, 155.48
1735789259, 27, 38, 44, 1, 0, 0.17%, 8, 0, 7, 177.20
1735789269, 27, 41, 44, 1, 0, 0.17%, 8, 0, 7, 181.94
1735789285, 28, 10, 44, 1, 0, 0.17%, 8, 0, 7, 144.00
1735789290, 28, 13, 44, 1, 0, 0.17%, 8, 0, 7, 133.59
1735789295, 28, 23, 44, 1, 0, 0.17%, 8, 0, 7, 132.37
1735789316, 28, 27, 44, 1, 0, 0.17%, 8, 0, 7, 144.98
1735789321, 28, 32, 44, 1, 0, 0.17%, 8, 0, 7, 151.33
1735789341, 29, 11, 44, 1, 0, 0.17%, 8, 0, 7, 133.75
1735789346, 29, 12, 44, 1, 0, 0.17%, 8, 0, 7, 127.96
1735789357, 29, 27, 44, 1, 0, 0.17%, 8, 0, 7, 135.39
1735789362, 30, 3, 44, 1, 0, 0.17%, 8, 0, 7, 133.45
1735789367, 30, 10, 44, 1, 0, 0.17%, 8, 0, 7, 140.23
1735789372, 30, 13, 44, 1, 0, 0.17%, 8, 0, 7, 135.18
1735789377, 30, 16, 44, 1, 0, 0.17%, 8, 0, 7, 143.63
1735789398, 30, 27, 44, 1, 0, 0.17%, 8, 0, 7, 140.47
1735789403, 30, 30, 44, 1, 0, 0.17%, 8, 0, 7, 216.04
1735789459, 31, 10, 44, 0, 0, 0.17%, 8, 0, 7, 147.33
1735789464, 31, 13, 44, 0, 0, 0.17%, 8, 0, 7, 139.41
1735789469, 31, 15, 44, 0, 0, 0.17%, 8, 0, 7, 158.90
1735789490, 31, 41, 44, 0, 0, 0.17%, 8, 0, 7, 148.88
1735789510, 32, 10, 44, 0, 0, 0.17%, 8, 0, 7, 139.68
1735789515, 32, 13, 44, 0, 0, 0.17%, 8, 0, 7, 142.07
1735789520, 32, 19, 44, 0, 0, 0.17%, 8, 0, 7, 139.39
1735789541, 32, 27, 44, 0, 0, 0.17%, 8, 0, 7, 138.26
1735789546, 32, 32, 44, 0, 0, 0.17%, 8, 0, 7, 146.42
1735789557, 32, 39, 44, 0, 0, 0.17%, 8, 0, 7, 147.62
1735789562, 33, 11, 44, 0, 0, 0.17%, 8, 0, 7, 141.48
1735789567, 33, 18, 44, 0, 0, 0.17%, 8, 0, 7, 142.48
1735789587, 33, 27, 44, 0, 0, 0.17%, 8, 0, 7, 132.82
1735789593, 33, 38, 44, 0, 0, 0.17%, 8, 0, 7, 156.15
1735789598, 34, 10, 44, 0, 0, 0.17%, 8, 0, 7, 143.77
1735789603, 34, 13, 44, 0, 0, 0.17%, 8, 0, 7, 141.67
1735789608, 34, 27, 44, 0, 0, 0.17%, 8, 0, 7, 143.39
1735789613, 34, 34, 44, 0, 0, 0.17%, 8, 0, 7, 137.34
1735789633, 35, 10, 44, 0, 0, 0.17%, 8, 0, 7, 129.99
1735789638, 35, 13, 44, 0, 0, 0.17%, 8, 0, 7, 135.24
1735789644, 35, 27, 44, 0, 0, 0.17%, 8, 0, 7, 140.52
1735789649, 36, 10, 44, 0, 0, 0.17%, 8, 0, 7, 140.97
1735789654, 36, 13, 44, 0, 0, 0.17%, 8, 0, 7, 133.36
1735789659, 36, 17, 44, 0, 0, 0.17%, 8, 0, 7, 133.10
1735789679, 36, 27, 44, 0, 0, 0.17%, 8, 0, 7, 138.49
1735789684, 36, 28, 44, 0, 0, 0.17%, 8, 0, 7, 151.50
1735789705, 36, 34, 44, 0, 0, 0.17%, 8, 0, 7, 141.81
1735789715, 37, 11, 44, 0, 0, 0.17%, 8, 0, 7, 134.26
1735789720, 37, 16, 44, 0, 0, 0.17%, 8, 0, 7, 139.98
1735789740, 37, 17, 44, 0, 0, 0.17%, 8, 0, 7, 131.20
1735789766, 37, 27, 44, 0, 0, 0.17%, 8, 0, 7, 137.76
1735789771, 37, 29, 44, 0, 0, 0.17%, 8, 0, 7, 146.89
1735789792, 37, 31, 44, 0, 0, 0.17%, 8, 0, 7, 145.89
1735789812, 38, 10, 44, 0, 0, 0.17%, 8, 0, 7, 140.42
1735789817, 38, 13, 44, 0, 0, 0.17%, 8, 0, 7, 137.94
1735789822, 38, 27, 44, 0, 0, 0.17%, 8, 0, 7, 144.64
1735789827, 38, 41, 44, 0, 0, 0.17%, 8, 0, 7, 151.60
1735789832, 39, 10, 44, 0, 0, 0.17%, 8, 0, 7, 149.17
1735789837, 39, 13, 44, 0, 0, 0.17%, 8, 0, 7, 138.07
1735789842, 39, 27, 44, 0, 0, 0.17%, 8, 0, 7, 139.68
1735789847, 40, 10, 44, 0, 0, 0.17%, 8, 0, 7, 136.94
1735789853, 40, 13, 44, 0, 0, 0.17%, 8, 0, 7, 134.07
1735789858, 40, 16, 44, 0, 0, 0.17%, 8, 0, 7, 132.18
1735789868, 40, 27, 44, 0, 0, 0.17%, 8, 0, 7, 135.78
1735789873, 41, 11, 44, 0, 0, 0.17%, 8, 0, 7, 139.58
1735789878, 41, 22, 44, 0, 0, 0.17%, 8, 0, 7, 151.37
1735789884, 41, 27, 44, 0, 0, 0.17%, 8, 0, 7, 149.90
1735789889, 42, 10, 44, 0, 0, 0.17%, 8, 0, 7, 139.61
1735789894, 42, 13, 44, 0, 0, 0.17%, 8, 0, 7, 140.23
1735789899, 42, 25, 44, 0, 0, 0.17%, 8, 0, 7, 140.67
1735789920, 42, 27, 44, 0, 0, 0.17%, 8, 0, 7, 136.69
1735789925, 43, 11, 44, 0, 0, 0.17%, 8, 0, 7, 138.62
1735789930, 43, 24, 44, 0, 0, 0.17%, 8, 0, 7, 144.83
1735789950, 43, 27, 44, 0, 0, 0.17%, 8, 0, 7, 135.46
1735789956, 43, 31, 44, 0, 0, 0.17%, 8, 0, 7, 142.51
1735789976, 43, 35, 44, 0, 0, 0.17%, 8, 0, 7, 155.22
1735789997, 44, 6, 44, 0, 0, 0.17%, 8, 0, 7, 134.98
1735790002, 44, 11, 44, 0, 0, 0.17%, 8, 0, 7, 138.79
1735790007, 44, 27, 44, 0, 0, 0.17%, 8, 0, 7, 137.32
1735790012, 45, 10, 44, 0, 0, 0.17%, 8, 0, 7, 132.21
1735790017, 45, 12, 44, 0, 0, 0.17%, 8, 0, 7, 132.35
1735790028, 45, 13, 44, 0, 0, 0.17%, 8, 0, 7, 138.53
1735790033, 45, 27, 44, 0, 0, 0.17%, 8, 0, 7, 138.47
1735790038, 46, 13, 44, 0, 0, 0.17%, 8, 0, 7, 140.11
1735790043, 46, 15, 44, 0, 0, 0.17%, 8, 0, 7, 157.82
1735790053, 46, 21, 44, 0, 0, 0.17%, 8, 0, 7, 136.46
1735790074, 46, 27, 44, 0, 0, 0.17%, 8, 0, 7, 137.12
1735790079, 47, 11, 44, 0, 0, 0.17%, 8, 0, 7, 133.78
1735790084, 47, 27, 44, 0, 0, 0.17%, 8, 0, 7, 132.67
1735790089, 48, 10, 44, 0, 0, 0.17%, 8, 0, 7, 138.90
1735790094, 48, 13, 44, 0, 0, 0.17%, 8, 0, 7, 134.30
1735790099, 48, 27, 44, 0, 0, 0.17%, 8, 0, 7, 143.08
1735790104, 49, 11, 44, 0, 0, 0.17%, 8, 0, 7, 136.80
1735790110, 49, 27, 44, 0, 0, 0.17%, 8, 0, 7, 137.27
1735790115, 49, 34, 44, 0, 0, 0.17%, 8, 0, 7, 135.94
1735790120, 50, 0, 44, 0, 0, 0.17%, 8, 0, 7, 137.25
1735790125, 50, 11, 44, 0, 0, 0.17%, 8, 0, 7, 138.02
1735790130, 50, 20, 44, 0, 0, 0.17%, 8, 0, 7, 138.65
1735790140, 50, 27, 44, 0, 0, 0.17%, 8, 0, 7, 139.58
1735790146, 51, 10, 44, 0, 0, 0.17%, 8, 0, 7, 133.61
1735790151, 51, 13, 44, 0, 0, 0.17%, 8, 0, 7, 134.81
1735790156, 51, 27, 44, 0, 0, 0.17%, 8, 0, 7, 134.45
1735790161, 51, 29, 44, 0, 0, 0.17%, 8, 0, 7, 152.31
1735790181, 51, 42, 44, 0, 0, 0.17%, 8, 0, 7, 161.89
1735790201, 52, 11, 44, 0, 0, 0.17%, 8, 0, 7, 134.62
1735790206, 52, 27, 44, 0, 0, 0.17%, 8, 0, 7, 135.31
1735790212, 53, 1, 44, 0, 0, 0.17%, 8, 0, 7, 139.90
1735790217, 53, 11, 44, 0, 0, 0.17%, 8, 0, 7, 129.89
1735790222, 53, 16, 44, 0, 0, 0.17%, 8, 0, 7, 138.82
1735790227, 53, 27, 44, 0, 0, 0.17%, 8, 0, 7, 139.46
1735790232, 54, 10, 44, 0, 0, 0.17%, 8, 0, 7, 140.09
1735790237, 54, 13, 44, 0, 0, 0.17%, 8, 0, 7, 139.85
1735790243, 54, 27, 44, 0, 0, 0.17%, 8, 0, 7, 137.78
1735790248, 55, 11, 44, 0, 0, 0.17%, 8, 0, 7, 137.58
1735790253, 55, 14, 44, 0, 0, 0.17%, 8, 0, 7, 148.20
1735790273, 55, 27, 44, 0, 0, 0.17%, 8, 0, 7, 127.23
1735790279, 56, 10, 44, 0, 0, 0.17%, 8, 0, 7, 140.80
1735790284, 56, 13, 44, 0, 0, 0.17%, 8, 0, 7, 137.60
1735790289, 56, 18, 44, 0, 0, 0.17%, 8, 0, 7, 157.32
1735790310, 56, 27, 44, 0, 0, 0.17%, 8, 0, 7, 134.75
1735790315, 56, 37, 44, 0, 0, 0.17%, 8, 0, 7, 161.96
1735790335, 57, 10, 44, 0, 0, 0.17%, 8, 0, 7, 141.53
1735790340, 57, 13, 44, 0, 0, 0.17%, 8, 0, 7, 136.26
1735790346, 57, 15, 44, 0, 0, 0.17%, 8, 0, 7, 151.67
1735790351, 57, 27, 44, 0, 0, 0.17%, 8, 0, 7, 143.41
1735790356, 57, 28, 44, 0, 0, 0.17%, 8, 0, 7, 148.98
1735790366, 57, 43, 44, 0, 0, 0.17%, 8, 0, 7, 182.09
1735790387, 58, 11, 44, 0, 0, 0.17%, 8, 0, 7, 133.13
1735790392, 58, 27, 44, 0, 0, 0.17%, 8, 0, 7, 139.04
1735790397, 58, 38, 44, 0, 0, 0.17%, 8, 0, 7, 158.64
1735790402, 59, 10, 44, 0, 0, 0.17%, 8, 0, 7, 151.57
1735790407, 59, 13, 44, 0, 0, 0.17%, 8, 0, 7, 140.09
1735790412, 59, 27, 44, 0, 0, 0.17%, 8, 0, 7, 140.10
1735790418, 59, 35, 44, 0, 0, 0.17%, 8, 0, 7, 149.21
1735790428, 60, 11, 44, 0, 0, 0.17%, 8, 0, 7, 140.15
1735790433, 60, 23, 44, 0, 0, 0.17%, 8, 0, 7, 135.56
1735790453, 60, 27, 44, 0, 0, 0.17%, 8, 0, 7, 133.26
1735790458, 60, 33, 44, 0, 0, 0.17%, 8, 0, 7, 139.77
1735790464, 61, 9, 44, 0, 0, 0.17%, 8, 0, 7, 143.40
1735790469, 61, 11, 44, 0, 0, 0.17%, 8, 0, 7, 137.11
1735790474, 61, 18, 44, 0, 0, 0.17%, 8, 0, 7, 147.09
1735790484, 61, 27, 44, 0, 0, 0.17%, 8, 0, 7, 147.21
1735790489, 62, 10, 44, 0, 0, 0.17%, 8, 0, 7, 143.90
1735790494, 62, 13, 44, 0, 0, 0.17%, 8, 0, 7, 141.42
1735790499, 62, 27, 44, 0, 0, 0.17%, 8, 0, 7, 151.22
1735790504, 63, 10, 44, 0, 0, 0.17%, 8, 0, 7, 142.76
1735790510, 63, 13, 44, 0, 0, 0.17%, 8, 0, 7, 135.97
1735790515, 63, 16, 44, 0, 0, 0.17%, 8, 0, 7, 132.30
1735790520, 63, 27, 44, 0, 0, 0.17%, 8, 0, 7, 133.23
1735790525, 63, 29, 44, 0, 0, 0.17%, 8, 0, 7, 146.27
1735790530, 63, 33, 44, 0, 0, 0.17%, 8, 0, 7, 148.49
1735790535, 64, 10, 44, 0, 0, 0.17%, 8, 0, 7, 141.38
1735790541, 64, 13, 44, 0, 0, 0.17%, 8, 0, 7, 134.44
1735790546, 64, 14, 44, 0, 0, 0.17%, 8, 0, 7, 152.20
1735790566, 64, 27, 44, 0, 0, 0.17%, 8, 0, 7, 135.93
1735790571, 64, 43, 44, 0, 0, 0.17%, 8, 0, 7, 168.04
1735790592, 65, 11, 44, 0, 0, 0.17%, 8, 0, 7, 135.45
1735790597, 65, 27, 44, 0, 0, 0.17%, 8, 0, 7, 134.36
1735790602, 66, 3, 44, 0, 0, 0.17%, 8, 0, 7, 132.78
1735790608, 66, 11, 44, 0, 0, 0.17%, 8, 0, 7, 137.29
1735790613, 66, 27, 44, 0, 0, 0.17%, 8, 0, 7, 134.92
1735790618, 66, 40, 44, 0, 0, 0.17%, 8, 0, 7, 144.11
1735790638, 67, 10, 44, 0, 0, 0.17%, 8, 0, 7, 141.79
1735790644, 67, 12, 44, 0, 0, 0.17%, 8, 0, 7, 131.28
1735790649, 67, 13, 44, 0, 0, 0.17%, 8, 0, 7, 135.50
1735790654, 67, 17, 44, 0, 0, 0.17%, 8, 0, 7, 124.83
1735790664, 67, 27, 44, 0, 0, 0.17%, 8, 0, 7, 142.76
1735790669, 67, 31, 44, 0, 0, 0.17%, 8, 0, 7, 136.63
1735790680, 68, 10, 44, 0, 0, 0.17%, 8, 0, 7, 135.34
1735790685, 68, 13, 44, 0, 0, 0.17%, 8, 0, 7, 135.99
1735790690, 68, 27, 44, 0, 0, 0.17%, 8, 0, 7, 135.35
1735790695, 68, 34, 44, 0, 0, 0.17%, 8, 0, 7, 135.70
1735790700, 69, 11, 44, 0, 0, 0.17%, 8, 0, 7, 138.32
1735790706, 69, 27, 44, 0, 0, 0.17%, 8, 0, 7, 139.87
1735790711, 69, 31, 44, 0, 0, 0.17%, 8, 0, 7, 139.21
1735790716, 70, 10, 44, 0, 0, 0.17%, 8, 0, 7, 140.88
1735790721, 70, 13, 44, 0, 0, 0.17%, 8, 0, 7, 135.56
1735790726, 70, 27, 44, 0, 0, 0.17%, 8, 0, 7, 131.80
1735790731, 71, 11, 44, 0, 0, 0.17%, 8, 0, 7, 128.84
1735790736, 71, 27, 44, 0, 0, 0.17%, 8, 0, 7, 138.96
1735790742, 71, 43, 44, 0, 0, 0.17%, 8, 0, 7, 161.05
1735790762, 72, 9, 44, 0, 0, 0.17%, 8, 0, 7, 141.15
1735790767, 72, 11, 44, 0, 0, 0.17%, 8, 0, 7, 139.23
1735790772, 72, 19, 44, 0, 0, 0.17%, 8, 0, 7, 144.35
1735790793, 72, 22, 44, 0, 0, 0.17%, 8, 0, 7, 133.84
1735790798, 72, 27, 44, 0, 0, 0.17%, 8, 0, 7, 139.00
1735790803, 73, 5, 44, 0, 0, 0.17%, 8, 0, 7, 133.31
1735790808, 73, 11, 44, 0, 0, 0.17%, 8, 0, 7, 132.74
1735790814, 73, 13, 44, 0, 0, 0.17%, 8, 0, 7, 145.76
1735790819, 73, 27, 44, 0, 0, 0.17%, 8, 0, 7, 153.76
1735790824, 74, 11, 44, 0, 0, 0.17%, 8, 0, 7, 144.30
1735790829, 74, 24, 44, 0, 0, 0.17%, 8, 0, 7, 141.58
1735790849, 74, 27, 44, 0, 0, 0.17%, 8, 0, 7, 139.98
1735790855, 74, 42, 44, 0, 0, 0.17%, 8, 0, 7, 166.38
1735790875, 75, 10, 44, 0, 0, 0.17%, 8, 0, 7, 137.01
1735790880, 75, 13, 44, 0, 0, 0.17%, 8, 0, 7, 134.17
1735790885, 75, 24, 44, 0, 0, 0.17%, 8, 0, 7, 133.32
1735790895, 75, 27, 44, 0, 0, 0.17%, 8, 0, 7, 143.43
1735790901, 75, 34, 44, 0, 0, 0.17%, 8, 0, 7, 134.36
1735790906, 76, 4, 44, 0, 0, 0.17%, 8, 0, 7, 134.64
1735790911, 76, 11, 44, 0, 0, 0.17%, 8, 0, 7, 133.74
1735790916, 76, 27, 44, 0, 0, 0.17%, 8, 0, 7, 135.22
1735790921, 77, 10, 44, 0, 0, 0.17%, 8, 0, 7, 139.26
1735790927, 77, 13, 44, 0, 0, 0.17%, 8, 0, 7, 136.22
1735790932, 77, 27, 44, 0, 0, 0.17%, 8, 0, 7, 141.06
1735790937, 77, 29, 44, 0, 0, 0.17%, 8, 0, 7, 144.47
1735790942, 78, 10, 44, 0, 0, 0.17%, 8, 0, 7, 143.21
1735790947, 78, 13, 44, 0, 0, 0.17%, 8, 0, 7, 137.03
1735790952, 78, 27, 44, 0, 0, 0.17%, 8, 0, 7, 136.62
1735790957, 78, 35, 44, 0, 0, 0.17%, 8, 0, 7, 136.67
1735790962, 79, 10, 44, 0, 0, 0.17%, 8, 0, 7, 139.32
1735790967, 79, 13, 44, 0, 0, 0.17%, 8, 0, 7, 135.65
1735790973, 79, 17, 44, 0, 0, 0.17%, 8, 0, 7, 140.87
1735790978, 79, 20, 44, 0, 0, 0.17%, 8, 0, 7, 143.45
1735790983, 79, 27, 44, 0, 0, 0.17%, 8, 0, 7, 139.69
1735790988, 79, 34, 44, 0, 0, 0.17%, 8, 0, 7, 131.38
1735790993, 80, 10, 44, 0, 0, 0.17%, 8, 0, 7, 141.25
1735790998, 80, 13, 44, 0, 0, 0.17%, 8, 0, 7, 141.21
1735791003, 80, 27, 44, 0, 0, 0.17%, 8, 0, 7, 133.81
1735791009, 81, 11, 44, 0, 0, 0.17%, 8, 0, 7, 131.95
1735791014, 81, 27, 44, 0, 0, 0.17%, 8, 0, 7, 136.04
1735791019, 81, 39, 44, 0, 0, 0.17%, 8, 0, 7, 143.35
1735791024, 82, 10, 44, 0, 0, 0.17%, 8, 0, 7, 132.49
1735791029, 82, 13, 44, 0, 0, 0.17%, 8, 0, 7, 136.86
1735791034, 82, 27, 44, 0, 0, 0.17%, 8, 0, 7, 141.30
1735791040, 83, 11, 44, 0, 0, 0.17%, 8, 0, 7, 140.26
1735791045, 83, 27, 44, 0, 0, 0.17%, 8, 0, 7, 136.48
1735791050, 83, 31, 44, 0, 0, 0.17%, 8, 0, 7, 141.37
1735791055, 83, 34, 44, 0, 0, 0.17%, 8, 0, 7, 137.44
1735791060, 83, 37, 44, 0, 0, 0.17%, 8, 0, 7, 148.11
1735791070, 83, 43, 44, 0, 0, 0.17%, 8, 0, 7, 158.77
1735791076, 84, 10, 44, 0, 0, 0.17%, 8, 0, 7, 136.88
1735791081, 84, 13, 44, 0, 0, 0.17%, 8, 0, 7, 134.64
1735791086, 84, 20, 44, 0, 0, 0.17%, 8, 0, 7, 133.53
1735791091, 84, 27, 44, 0, 0, 0.17%, 8, 0, 7, 138.64
1735791096, 85, 11, 44, 0, 0, 0.17%, 8, 0, 7, 139.26
1735791101, 85, 27, 44, 0, 0, 0.17%, 8, 0, 7, 138.64
1735791107, 85, 35, 44, 0, 0, 0.17%, 8, 0, 7, 147.12
1735791112, 86, 10, 44, 0, 0, 0.17%, 8, 0, 7, 147.50
1735791117, 86, 13, 44, 0, 0, 0.17%, 8, 0, 7, 138.78
1735791122, 86, 27, 44, 0, 0, 0.17%, 8, 0, 7, 139.58
1735791127, 86, 36, 44, 0, 0, 0.17%, 8, 0, 7, 152.10
1735791148, 86, 37, 44, 0, 0, 0.17%, 8, 0, 7, 136.25
1735791153, 87, 11, 44, 0, 0, 0.17%, 8, 0, 7, 141.64
1735791158, 87, 16, 44, 0, 0, 0.17%, 8, 0, 7, 145.69
1735791164, 87, 27, 44, 0, 0, 0.17%, 8, 0, 7, 140.09
1735791169, 87, 29, 44, 0, 0, 0.17%, 8, 0, 7, 142.36
1735791174, 88, 7, 44, 0, 0, 0.17%, 8, 0, 7, 148.23
1735791179, 88, 11, 44, 0, 0, 0.17%, 8, 0, 7, 135.67
1735791184, 88, 27, 44, 0, 0, 0.17%, 8, 0, 7, 139.97
1735791189, 89, 10, 44, 0, 0, 0.17%, 8, 0, 7, 142.35
1735791194, 89, 13, 44, 0, 0, 0.17%, 8, 0, 7, 135.42
1735791200, 89, 27, 44, 0, 0, 0.17%, 8, 0, 7, 151.73
1735791205, 89, 35, 44, 0, 0, 0.17%, 8, 0, 7, 146.21
1735791210, 90, 11, 44, 0, 0, 0.17%, 8, 0, 7, 135.33
1735791215, 90, 22, 44, 0, 0, 0.17%, 8, 0, 7, 140.08
1735791220, 90, 27, 44, 0, 0, 0.17%, 8, 0, 7, 138.49
1735791225, 90, 32, 44, 0, 0, 0.17%, 8, 0, 7, 147.02
1735791230, 90, 33, 44, 0, 0, 0.17%, 8, 0, 7, 152.27
1735791236, 90, 35, 44, 0, 0, 0.17%, 8, 0, 7, 151.99
1735791241, 90, 36, 44, 0, 0, 0.17%, 8, 0, 7, 153.15
1735791261, 90, 41, 44, 0, 0, 0.17%, 8, 0, 7, 165.78
1735791271, 91, 10, 44, 0, 0, 0.17%, 8, 0, 7, 145.16
1735791276, 91, 13, 44, 0, 0, 0.17%, 8, 0, 7, 136.29
1735791281, 91, 27, 44, 0, 0, 0.17%, 8, 0, 7, 135.71
1735791287, 92, 11, 44, 0, 0, 0.17%, 8, 0, 7, 142.58
1735791292, 92, 26, 44, 0, 0, 0.17%, 8, 0, 7, 143.53
1735791312, 92, 27, 44, 0, 0, 0.17%, 8, 0, 7, 139.06
1735791317, 92, 37, 44, 0, 0, 0.17%, 8, 0, 7, 153.18
1735791322, 93, 10, 44, 0, 0, 0.17%, 8, 0, 7, 141.32
1735791327, 93, 13, 44, 0, 0, 0.17%, 8, 0, 7, 141.36
1735791333, 93, 27, 44, 0, 0, 0.17%, 8, 0, 7, 142.20
1735791338, 93, 33, 44, 0, 0, 0.17%, 8, 0, 7, 141.67
1735791343, 94, 11, 44, 0, 0, 0.17%, 8, 0, 7, 135.87
1735791348, 94, 18, 44, 0, 0, 0.17%, 8, 0, 7, 149.52
1735791353, 94, 27, 44, 0, 0, 0.17%, 8, 0, 7, 141.85
1735791358, 94, 32, 44, 0, 0, 0.17%, 8, 0, 7, 140.25
1735791364, 95, 10, 44, 0, 0, 0.17%, 8, 0, 7, 142.05
1735791369, 95, 27, 44, 0, 0, 0.17%, 8, 0, 7, 146.30
1735791374, 96, 10, 44, 0, 0, 0.17%, 8, 0, 7, 147.92
1735791379, 96, 13, 44, 0, 0, 0.17%, 8, 0, 7, 137.94
1735791384, 96, 23, 44, 0, 0, 0.17%, 8, 0, 7, 134.86
1735791394, 96, 27, 44, 0, 0, 0.17%, 8, 0, 7, 140.51
1735791400, 96, 31, 44, 0, 0, 0.17%, 8, 0, 7, 145.16
1735791405, 96, 37, 44, 0, 0, 0.17%, 8, 0, 7, 148.53
1735791410, 97, 11, 44, 0, 0, 0.17%, 8, 0, 7, 135.27
1735791415, 97, 27, 44, 0, 0, 0.17%, 8, 0, 7, 134.20
1735791425, 98, 10, 44, 0, 0, 0.17%, 8, 0, 7, 142.11
1735791430, 98, 11, 44, 0, 0, 0.17%, 8, 0, 7, 133.68
1735791435, 98, 27, 44, 0, 0, 0.17%, 8, 0, 7, 135.10
1735791440, 98, 35, 44, 0, 0, 0.17%, 8, 0, 7, 150.58
1735791445, 99, 10, 44, 0, 0, 0.17%, 8, 0, 7, 138.15
1735791451, 99, 12, 44, 0, 0, 0.17%, 8, 0, 7, 135.98
1735791456, 99, 15, 44, 0, 0, 0.17%, 8, 0, 7, 147.53
1735791461, 99, 27, 44, 0, 0, 0.17%, 8, 0, 7, 140.13
1735791466, 99, 36, 44, 0, 0, 0.17%, 8, 0, 7, 151.22
1735791477, 100, 11, 44, 0, 0, 0.17%, 8, 0, 7, 143.14
1735791482, 100, 27, 44, 0, 0, 0.17%, 8, 0, 7, 144.30
1735791487, 100, 39, 44, 0, 0, 0.17%, 8, 0, 7, 149.93
1735791492, 100, 43, 44, 0, 0, 0.17%, 8, 0, 7, 157.47
1735791497, 101, 10, 44, 0, 0, 0.17%, 8, 0, 7, 152.13
1735791502, 101, 13, 44, 0, 0, 0.17%, 8, 0, 7, 140.26
1735791508, 101, 27, 44, 0, 0, 0.17%, 8, 0, 7, 137.93
1735791513, 101, 28, 44, 0, 0, 0.17%, 8, 0, 7, 146.66
1735791518, 102, 10, 44, 0, 0, 0.17%, 8, 0, 7, 134.83
1735791523, 102, 13, 44, 0, 0, 0.17%, 8, 0, 7, 138.17
1735791528, 102, 27, 44, 0, 0, 0.17%, 8, 0, 7, 140.64
1735791533, 102, 41, 44, 0, 0, 0.17%, 8, 0, 7, 145.73
1735791538, 103, 11, 44, 0, 0, 0.17%, 8, 0, 7, 140.25
1735791544, 103, 26, 44, 0, 0, 0.17%, 8, 0, 7, 137.17
1735791564, 103, 27, 44, 0, 0, 0.17%, 8, 0, 7, 148.64
1735791569, 103, 43, 44, 0, 0, 0.17%, 8, 0, 7, 159.73
1735791574, 104, 0, 44, 0, 0, 0.17%, 8, 0, 7, 146.91
1735791579, 104, 11, 44, 0, 0, 0.17%, 8, 0, 7, 143.16
1735791585, 104, 27, 44, 0, 0, 0.17%, 8, 0, 7, 138.45
1735791590, 104, 32, 44, 0, 0, 0.17%, 8, 0, 7, 147.32
1735791595, 104, 40, 44, 0, 0, 0.17%, 8, 0, 7, 148.50
1735791615, 105, 10, 44, 0, 0, 0.17%, 8, 0, 7, 136.84
1735791621, 105, 13, 44, 0, 0, 0.17%, 8, 0, 7, 132.10
1735791626, 105, 27, 44, 0, 0, 0.17%, 8, 0, 7, 137.34
1735791631, 106, 11, 44, 0, 0, 0.17%, 8, 0, 7, 142.16
1735791636, 106, 17, 44, 0, 0, 0.17%, 8, 0, 7, 141.50
1735791646, 106, 27, 44, 0, 0, 0.17%, 8, 0, 7, 135.53
1735791651, 106, 28, 44, 0, 0, 0.17%, 8, 0, 7, 141.85
1735791657, 107, 11, 44, 0, 0, 0.17%, 8, 0, 7, 142.60
1735791662, 107, 27, 44, 0, 0, 0.17%, 8, 0, 7, 140.97
1735791667, 107, 38, 44, 0, 0, 0.17%, 8, 0, 7, 155.89
1735791672, 107, 40, 44, 0, 0, 0.17%, 8, 0, 7, 155.04
1735791682, 108, 11, 44, 0, 0, 0.17%, 8, 0, 7, 142.25
1735791687, 108, 27, 44, 0, 0, 0.17%, 8, 0, 7, 138.63
1735791692, 109, 10, 44, 0, 0, 0.17%, 8, 0, 7, 133.87
1735791698, 109, 13, 44, 0, 0, 0.17%, 8, 0, 7, 136.54
1735791703, 109, 27, 44, 0, 0, 0.17%, 8, 0, 7, 149.53
1735791708, 110, 11, 44, 0, 0, 0.17%, 8, 0, 7, 141.70
1735791713, 110, 14, 44, 0, 0, 0.17%, 8, 0, 7, 153.96
1735791723, 110, 17, 44, 0, 0, 0.17%, 8, 0, 7, 131.42
1735791729, 110, 27, 44, 0, 0, 0.17%, 8, 0, 7, 133.32
1735791734, 111, 9, 44, 0, 0, 0.17%, 8, 0, 7, 139.84
1735791739, 111, 11, 44, 0, 0, 0.17%, 8, 0, 7, 136.63
1735791744, 111, 16, 44, 0, 0, 0.17%, 8, 0, 7, 140.68
1735791749, 111, 22, 44, 0, 0, 0.17%, 8, 0, 7, 141.38
1735791755, 111, 27, 44, 0, 0, 0.17%, 8, 0, 7, 139.62
1735791760, 112, 10, 44, 0, 0, 0.17%, 8, 0, 7, 139.34
1735791765, 112, 13, 44, 0, 0, 0.17%, 8, 0, 7, 138.17
1735791770, 112, 23, 44, 0, 0, 0.17%, 8, 0, 7, 135.38
1735791775, 112, 27, 44, 0, 0, 0.17%, 8, 0, 7, 137.95
1735791780, 113, 10, 44, 0, 0, 0.17%, 8, 0, 7, 137.13
1735791786, 113, 13, 44, 0, 0, 0.17%, 8, 0, 7, 133.67
1735791791, 113, 27, 44, 0, 0, 0.17%, 8, 0, 7, 140.41
1735791796, 113, 35, 44, 0, 0, 0.17%, 8, 0, 7, 148.78
1735791801, 114, 10, 44, 0, 0, 0.17%, 8, 0, 7, 136.48
1735791806, 114, 13, 44, 0, 0, 0.17%, 8, 0, 7, 136.51
1735791811, 114, 27, 44, 0, 0, 0.17%, 8, 0, 7, 139.29
1735791816, 115, 10, 44, 0, 0, 0.17%, 8, 0, 7, 135.74
1735791821, 115, 13, 44, 0, 0, 0.17%, 8, 0, 7, 138.64
1735791826, 115, 27, 44, 0, 0, 0.17%, 8, 0, 7, 143.61
1735791832, 115, 28, 44, 0, 0, 0.17%, 8, 0, 7, 146.53
1735791837, 115, 40, 44, 0, 0, 0.17%, 8, 0, 7, 142.09
1735791842, 116, 11, 44, 0, 0, 0.17%, 8, 0, 7, 137.06
1735791847, 116, 16, 44, 0, 0, 0.17%, 8, 0, 7, 133.98
1735791852, 116, 27, 44, 0, 0, 0.17%, 8, 0, 7, 134.42
1735791857, 117, 6, 44, 0, 0, 0.17%, 8, 0, 7, 141.34
1735791863, 117, 11, 44, 0, 0, 0.17%, 8, 0, 7, 130.03
1735791868, 117, 20, 44, 0, 0, 0.17%, 8, 0, 7, 133.04
1735791873, 117, 27, 44, 0, 0, 0.17%, 8, 0, 7, 141.52
1735791878, 117, 42, 44, 0, 0, 0.17%, 8, 0, 7, 146.85
1735791888, 118, 10, 44, 0, 0, 0.17%, 8, 0, 7, 147.41
1735791893, 118, 12, 44, 0, 0, 0.17%, 8, 0, 7, 135.56
1735791898, 118, 27, 44, 0, 0, 0.17%, 8, 0, 7, 144.85
1735791904, 118, 31, 44, 0, 0, 0.17%, 8, 0, 7, 146.61
1735791909, 118, 38, 44, 0, 0, 0.17%, 8, 0, 7, 157.82
1735791914, 119, 11, 44, 0, 0, 0.17%, 8, 0, 7, 144.13
1735791919, 119, 23, 44, 0, 0, 0.17%, 8, 0, 7, 140.97
1735791924, 119, 27, 44, 0, 0, 0.17%, 8, 0, 7, 141.18
1735791929, 119, 29, 44, 0, 0, 0.17%, 8, 0, 7, 141.97
1735791934, 120, 1, 44, 0, 0, 0.17%, 8, 0, 7, 133.05
1735791939, 120, 11, 44, 0, 0, 0.17%, 8, 0, 7, 135.23
1735791945, 120, 16, 44, 0, 0, 0.17%, 8, 0, 7, 134.04
1735791950, 120, 27, 44, 0, 0, 0.17%, 8, 0, 7, 142.98
1735791955, 120, 35, 44, 0, 0, 0.17%, 8, 0, 7, 135.41
1735791965, 121, 13, 44, 0, 0, 0.17%, 8, 0, 7, 141.27
1735791970, 121, 19, 44, 0, 0, 0.17%, 8, 0, 7, 138.63
1735791981, 121, 27, 44, 0, 0, 0.17%, 8, 0, 7, 137.89
1735791986, 121, 40, 44, 0, 0, 0.17%, 8, 0, 7, 142.16
1735791991, 122, 5, 44, 0, 0, 0.17%, 8, 0, 7, 135.01
1735791996, 122, 11, 44, 0, 0, 0.17%, 8, 0, 7, 133.33
1735792001, 122, 27, 44, 0, 0, 0.17%, 8, 0, 7, 138.85
1735792006, 122, 32, 44, 0, 0, 0.17%, 8, 0, 7, 152.24
1735792012, 123, 10, 44, 0, 0, 0.17%, 8, 0, 7, 133.92
1735792017, 123, 13, 44, 0, 0, 0.17%, 8, 0, 7, 136.23
1735792022, 123, 27, 44, 0, 0, 0.17%, 8, 0, 7, 136.57
1735792027, 123, 40, 44, 0, 0, 0.17%, 8, 0, 7, 142.56
1735792032, 124, 11, 44, 0, 0, 0.17%, 8, 0, 7, 134.97
1735792037, 124, 27, 44, 0, 0, 0.17%, 8, 0, 7, 132.89
1735792048, 125, 11, 44, 0, 0, 0.17%, 8, 0, 7, 133.55
1735792053, 125, 15, 44, 0, 0, 0.17%, 8, 0, 7, 136.79
1735792058, 125, 27, 44, 0, 0, 0.17%, 8, 0, 7, 136.48
1735792063, 126, 4, 44, 0, 0, 0.17%, 8, 0, 7, 134.71
1735792068, 126, 10, 44, 0, 0, 0.17%, 8, 0, 7, 137.99
1735792073, 126, 13, 44, 0, 0, 0.17%, 8, 0, 7, 135.27
1735792078, 126, 24, 44, 0, 0, 0.17%, 8, 0, 7, 141.04
1735792083, 126, 27, 44, 0, 0, 0.17%, 8, 0, 7, 142.95
1735792088, 126, 36, 44, 0, 0, 0.17%, 8, 0, 7, 145.17
1735792094, 126, 40, 44, 0, 0, 0.17%, 8, 0, 7, 139.13
1735792099, 127, 10, 44, 0, 0, 0.17%, 8, 0, 7, 139.40
1735792104, 127, 13, 44, 0, 0, 0.17%, 8, 0, 7, 138.42
1735792109, 127, 27, 44, 0, 0, 0.17%, 8, 0, 7, 134.64
1735792114, 128, 10, 44, 0, 0, 0.17%, 8, 0, 7, 139.69
1735792119, 128, 13, 44, 0, 0, 0.17%, 8, 0, 7, 139.88
1735792124, 128, 17, 44, 0, 0, 0.17%, 8, 0, 7, 139.11
1735792129, 128, 27, 44, 0, 0, 0.17%, 8, 0, 7, 140.97
1735792135, 129, 11, 44, 0, 0, 0.17%, 8, 0, 7, 140.44
1735792140, 129, 27, 44, 0, 0, 0.17%, 8, 0, 7, 138.92
1735792145, 130, 10, 44, 0, 0, 0.17%, 8, 0, 7, 133.43
1735792150, 130, 12, 44, 0, 0, 0.17%, 8, 0, 7, 137.91
1735792155, 130, 27, 44, 0, 0, 0.17%, 8, 0, 7, 131.02
1735792160, 131, 1, 44, 0, 0, 0.17%, 8, 0, 7, 145.11
1735792166, 131, 13, 44, 0, 0, 0.17%, 8, 0, 7, 138.62
1735792171, 131, 24, 44, 0, 0, 0.17%, 8, 0, 7, 145.15
1735792176, 131, 27, 44, 0, 0, 0.17%, 8, 0, 7, 143.27
1735792181, 132, 11, 44, 0, 0, 0.17%, 8, 0, 7, 133.18
1735792186, 132, 18, 44, 0, 0, 0.17%, 8, 0, 7, 141.65
1735792191, 132, 26, 44, 0, 0, 0.17%, 8, 0, 7, 145.64
1735792202, 132, 27, 44, 0, 0, 0.17%, 8, 0, 7, 147.87
1735792207, 132, 37, 44, 0, 0, 0.17%, 8, 0, 7, 147.10
1735792212, 133, 1, 44, 0, 0, 0.17%, 8, 0, 7, 138.49
1735792217, 133, 10, 44, 0, 0, 0.17%, 8, 0, 7, 138.47
1735792222, 133, 13, 44, 0, 0, 0.17%, 8, 0, 7, 139.05
1735792227, 133, 27, 44, 0, 0, 0.17%, 8, 0, 7, 150.97
1735792233, 134, 13, 44, 0, 0, 0.17%, 8, 0, 7, 136.24
1735792238, 134, 27, 44, 0, 0, 0.17%, 8, 0, 7, 142.69
1735792243, 135, 10, 44, 0, 0, 0.17%, 8, 0, 7, 141.68
1735792248, 135, 13, 44, 0, 0, 0.17%, 8, 0, 7, 139.56
1735792253, 135, 27, 44, 0, 0, 0.17%, 8, 0, 7, 138.32
1735792258, 135, 35, 44, 0, 0, 0.17%, 8, 0, 7, 149.26
1735792263, 135, 42, 44, 0, 0, 0.17%, 8, 0, 7, 160.03
1735792274, 136, 10, 44, 0, 0, 0.17%, 8, 0, 7, 132.53
1735792279, 136, 13, 44, 0, 0, 0.17%, 8, 0, 7, 139.03
1735792284, 136, 16, 44, 0, 0, 0.17%, 8, 0, 7, 130.79
1735792289, 136, 21, 44, 0, 0, 0.17%, 8, 0, 7, 137.78
1735792299, 136, 27, 44, 0, 0, 0.17%, 8, 0, 7, 134.48
1735792304, 136, 39, 44, 0, 0, 0.17%, 8, 0, 7, 142.57
1735792310, 137, 10, 44, 0, 0, 0.17%, 8, 0, 7, 135.87
1735792315, 137, 13, 44, 0, 0, 0.17%, 8, 0, 7, 138.35
1735792320, 137, 27, 44, 0, 0, 0.17%, 8, 0, 7, 135.26
1735792325, 137, 36, 44, 0, 0, 0.17%, 8, 0, 7, 140.88
1735792330, 138, 11, 44, 0, 0, 0.17%, 8, 0, 7, 132.49
1735792335, 138, 27, 44, 0, 0, 0.17%, 8, 0, 7, 144.15
1735792341, 139, 10, 44, 0, 0, 0.17%, 8, 0, 7, 139.06
1735792346, 139, 13, 44, 0, 0, 0.17%, 8, 0, 7, 136.25
1735792351, 139, 27, 44, 0, 0, 0.17%, 8, 0, 7, 134.76
1735792356, 140, 10, 44, 0, 0, 0.17%, 8, 0, 7, 131.84
1735792361, 140, 13, 44, 0, 0, 0.17%, 8, 0, 7, 135.62
1735792366, 140, 27, 44, 0, 0, 0.17%, 8, 0, 7, 137.89
1735792371, 141, 11, 44, 0, 0, 0.17%, 8, 0, 7, 137.95
1735792376, 141, 27, 44, 0, 0, 0.17%, 8, 0, 7, 136.80
1735792381, 142, 2, 44, 0, 0, 0.17%, 8, 0, 7, 144.29
1735792387, 142, 11, 44, 0, 0, 0.17%, 8, 0, 7, 140.71
1735792392, 142, 16, 44, 0, 0, 0.17%, 8, 0, 7, 134.99
1735792397, 142, 27, 44, 0, 0, 0.17%, 8, 0, 7, 132.25
1735792402, 143, 6, 44, 0, 0, 0.17%, 8, 0, 7, 141.97
1735792407, 143, 11, 44, 0, 0, 0.17%, 8, 0, 7, 139.29
1735792412, 143, 25, 44, 0, 0, 0.17%, 8, 0, 7, 134.50
1735792422, 143, 27, 44, 0, 0, 0.17%, 8, 0, 7, 137.09
1735792427, 143, 36, 44, 0, 0, 0.17%, 8, 0, 7, 159.54
1735792433, 144, 9, 44, 0, 0, 0.17%, 8, 0, 7, 144.98
1735792438, 144, 11, 44, 0, 0, 0.17%, 8, 0, 7, 139.36
1735792443, 144, 14, 44, 0, 0, 0.17%, 8, 0, 7, 146.54
1735792448, 144, 27, 44, 0, 0, 0.17%, 8, 0, 7, 142.12
1735792453, 145, 10, 44, 0, 0, 0.17%, 8, 0, 7, 143.95
1735792458, 145, 13, 44, 0, 0, 0.17%, 8, 0, 7, 138.20
1735792463, 145, 27, 44, 0, 0, 0.17%, 8, 0, 7, 137.08
1735792469, 146, 11, 44, 0, 0, 0.17%, 8, 0, 7, 135.41
1735792474, 146, 27, 44, 0, 0, 0.17%, 8, 0, 7, 140.14
1735792479, 147, 10, 44, 0, 0, 0.17%, 8, 0, 7, 137.76
1735792484, 147, 13, 44, 0, 0, 0.17%, 8, 0, 7, 131.98
1735792489, 147, 27, 44, 0, 0, 0.17%, 8, 0, 7, 138.39
1735792494, 148, 11, 44, 0, 0, 0.17%, 8, 0, 7, 134.59
1735792499, 148, 19, 44, 0, 0, 0.17%, 8, 0, 7, 135.37
1735792504, 148, 23, 44, 0, 0, 0.17%, 8, 0, 7, 131.20
1735792509, 148, 27, 44, 0, 0, 0.17%, 8, 0, 7, 134.22
1735792515, 149, 10, 44, 0, 0, 0.17%, 8, 0, 7, 140.60
1735792520, 149, 13, 44, 0, 0, 0.17%, 8, 0, 7, 135.05
1735792525, 149, 27, 44, 0, 0, 0.17%, 8, 0, 7, 140.50
1735792530, 149, 42, 44, 0, 0, 0.17%, 8, 0, 7, 146.06
1735792535, 150, 10, 44, 0, 0, 0.17%, 8, 0, 7, 138.99
1735792540, 150, 27, 44, 0, 0, 0.17%, 8, 0, 7, 140.81
1735792546, 150, 33, 44, 0, 0, 0.17%, 8, 0, 7, 146.95
1735792551, 151, 10, 44, 0, 0, 0.17%, 8, 0, 7, 146.71
1735792556, 151, 13, 44, 0, 0, 0.17%, 8, 0, 7, 135.79
1735792561, 151, 27, 44, 0, 0, 0.17%, 8, 0, 7, 142.25
1735792566, 152, 10, 44, 0, 0, 0.17%, 8, 0, 7, 137.99
1735792571, 152, 13, 44, 0, 0, 0.17%, 8, 0, 7, 137.26
1735792577, 152, 19, 44, 0, 0, 0.17%, 8, 0, 7, 138.01
1735792582, 152, 27, 44, 0, 0, 0.17%, 8, 0, 7, 136.30
1735792587, 152, 34, 44, 0, 0, 0.17%, 8, 0, 7, 141.43
1735792592, 153, 10, 44, 0, 0, 0.17%, 8, 0, 7, 138.50
1735792597, 153, 13, 44, 0, 0, 0.17%, 8, 0, 7, 133.79
1735792602, 153, 23, 44, 0, 0, 0.17%, 8, 0, 7, 132.38
1735792607, 153, 25, 44, 0, 0, 0.17%, 8, 0, 7, 136.64
1735792612, 153, 27, 44, 0, 0, 0.17%, 8, 0, 7, 138.70
1735792618, 154, 10, 44, 0, 0, 0.17%, 8, 0, 7, 136.90
1735792623, 154, 13, 44, 0, 0, 0.17%, 8, 0, 7, 140.21
1735792628, 154, 14, 44, 0, 0, 0.17%, 8, 0, 7, 149.02
1735792633, 154, 27, 44, 0, 0, 0.17%, 8, 0, 7, 149.50
1735792638, 155, 10, 44, 0, 0, 0.17%, 8, 0, 7, 152.23
1735792643, 155, 13, 44, 0, 0, 0.17%, 8, 0, 7, 146.18
1735792648, 155, 25, 44, 0, 0, 0.17%, 8, 0, 7, 147.53
1735792653, 155, 27, 44, 0, 0, 0.17%, 8, 0, 7, 134.46
1735792658, 155, 31, 44, 0, 0, 0.17%, 8, 0, 7, 142.35
1735792663, 156, 10, 44, 0, 0, 0.17%, 8, 0, 7, 139.97
1735792669, 156, 24, 44, 0, 0, 0.17%, 8, 0, 7, 140.06
1735792674, 156, 27, 44, 0, 0, 0.17%, 8, 0, 7, 140.29
1735792679, 156, 28, 44, 0, 0, 0.17%, 8, 0, 7, 138.65
1735792684, 156, 33, 44, 0, 0, 0.17%, 8, 0, 7, 138.10
1735792689, 157, 10, 44, 0, 0, 0.17%, 8, 0, 7, 138.04
1735792695, 157, 13, 44, 0, 0, 0.17%, 8, 0, 7, 138.39
1735792700, 157, 19, 44, 0, 0, 0.17%, 8, 0, 7, 139.83
1735792705, 157, 27, 44, 0, 0, 0.17%, 8, 0, 7, 136.92
1735792710, 157, 39, 44, 0, 0, 0.17%, 8, 0, 7, 149.42
1735792715, 158, 10, 44, 0, 0, 0.17%, 8, 0, 7, 139.71
1735792720, 158, 13, 44, 0, 0, 0.17%, 8, 0, 7, 136.78
1735792725, 158, 26, 44, 0, 0, 0.17%, 8, 0, 7, 150.44
1735792730, 158, 27, 44, 0, 0, 0.17%, 8, 0, 7, 143.12
1735792735, 158, 28, 44, 0, 0, 0.17%, 8, 0, 7, 133.97
1735792741, 158, 40, 44, 0, 0, 0.17%, 8, 0, 7, 142.85
1735792746, 159, 10, 44, 0, 0, 0.17%, 8, 0, 7, 131.79
1735792751, 159, 12, 44, 0, 0, 0.17%, 8, 0, 7, 134.42
1735792756, 159, 27, 44, 0, 0, 0.17%, 8, 0, 7, 132.54
1735792761, 160, 10, 44, 0, 0, 0.17%, 8, 0, 7, 141.69
1735792766, 160, 13, 44, 0, 0, 0.17%, 8, 0, 7, 140.63
1735792771, 160, 17, 44, 0, 0, 0.17%, 8, 0, 7, 141.79
1735792777, 161, 10, 44, 0, 0, 0.17%, 8, 0, 7, 147.44
1735792782, 161, 13, 44, 0, 0, 0.17%, 8, 0, 7, 136.91
1735792787, 161, 16, 44, 0, 0, 0.17%, 8, 0, 7, 133.64
1735792792, 161, 27, 44, 0, 0, 0.17%, 8, 0, 7, 133.55
1735792797, 161, 33, 44, 0, 0, 0.17%, 8, 0, 7, 147.27
1735792802, 162, 10, 44, 0, 0, 0.17%, 8, 0, 7, 135.08
1735792808, 162, 13, 44, 0, 0, 0.17%, 8, 0, 7, 130.89
1735792813, 162, 27, 44, 0, 0, 0.17%, 8, 0, 7, 143.51
1735792818, 163, 1, 44, 0, 0, 0.17%, 8, 0, 7, 161.06
1735792823, 163, 10, 44, 0, 0, 0.17%, 8, 0, 7, 140.59
1735792828, 163, 13, 44, 0, 0, 0.17%, 8, 0, 7, 132.45
1735792833, 163, 24, 44, 0, 0, 0.17%, 8, 0, 7, 141.36
1735792838, 163, 27, 44, 0, 0, 0.17%, 8, 0, 7, 132.03
1735792843, 164, 11, 44, 0, 0, 0.17%, 8, 0, 7, 133.03
1735792848, 164, 19, 44, 0, 0, 0.17%, 8, 0, 7, 140.26
1735792853, 164, 26, 44, 0, 0, 0.17%, 8, 0, 7, 137.76
1735792859, 164, 27, 44, 0, 0, 0.17%, 8, 0, 7, 137.75
1735792864, 164, 33, 44, 0, 0, 0.17%, 8, 0, 7, 143.92
1735792869, 165, 3, 44, 0, 0, 0.17%, 8, 0, 7, 142.64
1735792874, 165, 10, 44, 0, 0, 0.17%, 8, 0, 7, 138.35
1735792879, 165, 13, 44, 0, 0, 0.17%, 8, 0, 7, 139.53
1735792884, 165, 27, 44, 0, 0, 0.17%, 8, 0, 7, 140.73
1735792889, 165, 39, 44, 0, 0, 0.17%, 8, 0, 7, 151.48
1735792895, 166, 10, 44, 0, 0, 0.17%, 8, 0, 7, 141.74
1735792900, 166, 12, 44, 0, 0, 0.17%, 8, 0, 7, 128.62
1735792905, 166, 18, 44, 0, 0, 0.17%, 8, 0, 7, 144.64
1735792910, 166, 27, 44, 0, 0, 0.17%, 8, 0, 7, 137.93
1735792915, 166, 38, 44, 0, 0, 0.17%, 8, 0, 7, 163.22
1735792920, 167, 1, 44, 0, 0, 0.17%, 8, 0, 7, 148.12
1735792925, 167, 11, 44, 0, 0, 0.17%, 8, 0, 7, 137.50
1735792930, 167, 25, 44, 0, 0, 0.17%, 8, 0, 7, 139.23
1735792935, 167, 27, 44, 0, 0, 0.17%, 8, 0, 7, 144.79
1735792941, 168, 10, 44, 0, 0, 0.17%, 8, 0, 7, 140.24
1735792946, 168, 13, 44, 0, 0, 0.17%, 8, 0, 7, 135.05
1735792951, 168, 24, 44, 0, 0, 0.17%, 8, 0, 7, 144.40
1735792956, 168, 27, 44, 0, 0, 0.17%, 8, 0, 7, 137.45
1735792961, 169, 11, 44, 0, 0, 0.17%, 8, 0, 7, 141.99
1735792967, 169, 27, 44, 0, 0, 0.17%, 8, 0, 7, 135.60
1735792972, 169, 30, 44, 0, 0, 0.17%, 8, 0, 7, 139.43
1735792992, 170, 4, 44, 0, 0, 0.17%, 8, 0, 7, 148.33
1735792997, 170, 11, 44, 0, 0, 0.17%, 8, 0, 7, 137.95
1735793002, 170, 27, 44, 0, 0, 0.17%, 8, 0, 7, 142.34
1735793007, 170, 34, 44, 0, 0, 0.17%, 8, 0, 7, 138.32
1735793013, 170, 39, 44, 0, 0, 0.17%, 8, 0, 7, 144.05
1735793018, 171, 10, 44, 0, 0, 0.17%, 8, 0, 7, 137.40
1735793023, 171, 21, 44, 0, 0, 0.17%, 8, 0, 7, 139.81
1735793028, 171, 26, 44, 0, 0, 0.17%, 8, 0, 7, 142.07
1735793033, 171, 27, 44, 0, 0, 0.17%, 8, 0, 7, 140.18
1735793038, 172, 2, 44, 0, 0, 0.17%, 8, 0, 7, 142.13
1735793043, 172, 11, 44, 0, 0, 0.17%, 8, 0, 7, 137.69
1735793049, 172, 27, 44, 0, 0, 0.17%, 8, 0, 7, 137.48
1735793054, 172, 28, 44, 0, 0, 0.17%, 8, 0, 7, 142.97
1735793059, 172, 38, 44, 0, 0, 0.17%, 8, 0, 7, 163.44
1735793064, 173, 8, 44, 0, 0, 0.17%, 8, 0, 7, 146.98
1735793069, 173, 11, 44, 0, 0, 0.17%, 8, 0, 7, 144.41
1735793074, 173, 16, 44, 0, 0, 0.17%, 8, 0, 7, 143.55
1735793079, 173, 27, 44, 0, 0, 0.17%, 8, 0, 7, 136.74
1735793084, 173, 32, 44, 0, 0, 0.17%, 8, 0, 7, 147.72
1735793089, 174, 10, 44, 0, 0, 0.17%, 8, 0, 7, 140.20
1735793095, 174, 13, 44, 0, 0, 0.17%, 8, 0, 7, 138.06
1735793100, 174, 21, 44, 0, 0, 0.17%, 8, 0, 7, 137.49
1735793105, 174, 26, 44, 0, 0, 0.17%, 8, 0, 7, 138.95
1735793110, 174, 27, 44, 0, 0, 0.17%, 8, 0, 7, 140.74
1735793115, 174, 37, 44, 0, 0, 0.17%, 8, 0, 7, 136.74
1735793120, 175, 10, 44, 0, 0, 0.17%, 8, 0, 7, 137.13
1735793125, 175, 12, 44, 0, 0, 0.17%, 8, 0, 7, 134.53
1735793130, 175, 27, 44, 0, 0, 0.17%, 8, 0, 7, 135.24
1735793136, 175, 29, 44, 0, 0, 0.17%, 8, 0, 7, 144.50
1735793141, 175, 30, 44, 0, 0, 0.17%, 8, 0, 7, 149.81
1735793161, 176, 11, 44, 0, 0, 0.17%, 8, 0, 7, 142.93
1735793166, 176, 16, 44, 0, 0, 0.17%, 8, 0, 7, 136.43
1735793171, 176, 27, 44, 0, 0, 0.17%, 8, 0, 7, 136.25
1735793176, 176, 29, 44, 0, 0, 0.17%, 8, 0, 7, 140.86
1735793181, 177, 10, 44, 0, 0, 0.17%, 8, 0, 7, 143.43
1735793187, 177, 13, 44, 0, 0, 0.17%, 8, 0, 7, 134.18
1735793192, 177, 21, 44, 0, 0, 0.17%, 8, 0, 7, 134.45
1735793197, 177, 27, 44, 0, 0, 0.17%, 8, 0, 7, 137.57
1735793202, 177, 32, 44, 0, 0, 0.17%, 8, 0, 7, 146.96
1735793207, 177, 37, 44, 0, 0, 0.17%, 8, 0, 7, 149.98
1735793212, 177, 43, 44, 0, 0, 0.17%, 8, 0, 7, 155.50
1735793217, 178, 10, 44, 0, 0, 0.17%, 8, 0, 7, 147.08
1735793222, 178, 13, 44, 0, 0, 0.17%, 8, 0, 7, 138.99
1735793227, 178, 27, 44, 0, 0, 0.17%, 8, 0, 7, 142.38
1735793232, 179, 5, 44, 0, 0, 0.17%, 8, 0, 7, 134.64
1735793238, 179, 8, 44, 0, 0, 0.17%, 8, 0, 7, 140.28
1735793243, 179, 11, 44, 0, 0, 0.17%, 8, 0, 7, 138.13
1735793248, 179, 27, 44, 0, 0, 0.17%, 8, 0, 7, 139.51
1735793253, 180, 10, 44, 0, 0, 0.17%, 8, 0, 7, 135.95
1735793258, 180, 12, 44, 0, 0, 0.17%, 8, 0, 7, 131.83
1735793263, 180, 23, 44, 0, 0, 0.17%, 8, 0, 7, 133.78
1735793269, 180, 27, 44, 0, 0, 0.17%, 8, 0, 7, 137.27
1735793274, 181, 3, 44, 0, 0, 0.17%, 8, 0, 7, 131.84
1735793279, 181, 10, 44, 0, 0, 0.17%, 8, 0, 7, 132.68
1735793284, 181, 13, 44, 0, 0, 0.17%, 8, 0, 7, 137.36
1735793289, 181, 27, 44, 0, 0, 0.17%, 8, 0, 7, 142.17
1735793294, 181, 33, 44, 0, 0, 0.17%, 8, 0, 7, 145.30
1735793299, 182, 10, 44, 0, 0, 0.17%, 8, 0, 7, 142.59
1735793305, 182, 13, 44, 0, 0, 0.17%, 8, 0, 7, 132.09
1735793310, 182, 14, 44, 0, 0, 0.17%, 8, 0, 7, 135.94
1735793315, 182, 24, 44, 0, 0, 0.17%, 8, 0, 7, 129.60
1735793320, 182, 27, 44, 0, 0, 0.17%, 8, 0, 7, 140.38
1735793325, 183, 11, 44, 0, 0, 0.17%, 8, 0, 7, 139.95
1735793330, 183, 15, 44, 0, 0, 0.17%, 8, 0, 7, 143.48
1735793336, 183, 27, 44, 0, 0, 0.17%, 8, 0, 7, 134.90
1735793341, 184, 7, 44, 0, 0, 0.17%, 8, 0, 7, 141.10
1735793346, 184, 11, 44, 0, 0, 0.17%, 8, 0, 7, 137.15
1735793351, 184, 18, 44, 0, 0, 0.17%, 8, 0, 7, 133.45
1735793356, 184, 27, 44, 0, 0, 0.17%, 8, 0, 7, 142.61
1735793361, 185, 10, 44, 0, 0, 0.17%, 8, 0, 7, 142.05
1735793366, 185, 13, 44, 0, 0, 0.17%, 8, 0, 7, 139.52
1735793371, 185, 22, 44, 0, 0, 0.17%, 8, 0, 7, 141.46
1735793377, 185, 27, 44, 0, 0, 0.17%, 8, 0, 7, 140.78
1735793382, 185, 28, 44, 0, 0, 0.17%, 8, 0, 7, 145.42
1735793387, 185, 30, 44, 0, 0, 0.17%, 8, 0, 7, 153.82
1735793397, 186, 10, 44, 0, 0, 0.17%, 8, 0, 7, 141.70
1735793402, 186, 13, 44, 0, 0, 0.17%, 8, 0, 7, 135.13
1735793407, 186, 27, 44, 0, 0, 0.17%, 8, 0, 7, 138.07
1735793413, 186, 28, 44, 0, 0, 0.17%, 8, 0, 7, 140.96
1735793418, 187, 11, 44, 0, 0, 0.17%, 8, 0, 7, 134.61
1735793423, 187, 15, 44, 0, 0, 0.17%, 8, 0, 7, 143.49
1735793428, 187, 16, 44, 0, 0, 0.17%, 8, 0, 7, 142.84
1735793433, 187, 27, 44, 0, 0, 0.17%, 8, 0, 7, 134.43
1735793438, 187, 29, 44, 0, 0, 0.17%, 8, 0, 7, 137.77
1735793443, 188, 7, 44, 0, 0, 0.17%, 8, 0, 7, 130.49
1735793448, 188, 11, 44, 0, 0, 0.17%, 8, 0, 7, 130.68
1735793453, 188, 27, 44, 0, 0, 0.17%, 8, 0, 7, 138.69
1735793458, 189, 7, 44, 0, 0, 0.17%, 8, 0, 7, 141.34
1735793464, 189, 11, 44, 0, 0, 0.17%, 8, 0, 7, 142.86
1735793469, 189, 27, 44, 0, 0, 0.17%, 8, 0, 7, 137.44
1735793474, 189, 35, 44, 0, 0, 0.17%, 8, 0, 7, 137.36
1735793479, 190, 4, 44, 0, 0, 0.17%, 8, 0, 7, 136.06
1735793484, 190, 10, 44, 0, 0, 0.17%, 8, 0, 7, 136.08
1735793489, 190, 13, 44, 0, 0, 0.17%, 8, 0, 7, 131.12
1735793494, 190, 24, 44, 0, 0, 0.17%, 8, 0, 7, 151.80
1735793499, 190, 27, 44, 0, 0, 0.17%, 8, 0, 7, 144.57
1735793505, 191, 11, 44, 0, 0, 0.17%, 8, 0, 7, 132.11
1735793510, 191, 19, 44, 0, 0, 0.17%, 8, 0, 7, 138.21
1735793515, 191, 27, 44, 0, 0, 0.17%, 8, 0, 7, 136.24
1735793520, 192, 10, 44, 0, 0, 0.17%, 8, 0, 7, 132.20
1735793525, 192, 13, 44, 0, 0, 0.17%, 8, 0, 7, 132.20
1735793530, 192, 15, 44, 0, 0, 0.17%, 8, 0, 7, 140.65
1735793535, 192, 20, 44, 0, 0, 0.17%, 8, 0, 7, 146.16
1735793541, 192, 27, 44, 0, 0, 0.17%, 8, 0, 7, 141.22
1735793546, 192, 32, 44, 0, 0, 0.17%, 8, 0, 7, 150.80
1735793551, 193, 11, 44, 0, 0, 0.17%, 8, 0, 7, 144.92
1735793556, 193, 27, 44, 0, 0, 0.17%, 8, 0, 7, 139.88
1735793561, 194, 10, 44, 0, 0, 0.17%, 8, 0, 7, 148.41
1735793567, 194, 13, 44, 0, 0, 0.17%, 8, 0, 7, 134.75
1735793572, 195, 10, 44, 0, 0, 0.17%, 8, 0, 7, 151.19
1735793577, 195, 13, 44, 0, 0, 0.17%, 8, 0, 7, 142.01
1735793582, 195, 26, 44, 0, 0, 0.17%, 8, 0, 7, 138.74
1735793587, 195, 27, 44, 0, 0, 0.17%, 8, 0, 7, 138.33
1735793592, 196, 10, 44, 0, 0, 0.17%, 8, 0, 7, 138.11
1735793597, 196, 13, 44, 0, 0, 0.17%, 8, 0, 7, 139.51
1735793602, 196, 27, 44, 0, 0, 0.17%, 8, 0, 7, 140.68
1735793613, 197, 11, 44, 0, 0, 0.17%, 8, 0, 7, 129.61
1735793618, 197, 13, 44, 0, 0, 0.17%, 8, 0, 7, 137.55
1735793623, 197, 17, 44, 0, 0, 0.17%, 8, 0, 7, 142.73
1735793628, 197, 27, 44, 0, 0, 0.17%, 8, 0, 7, 144.69
1735793633, 197, 36, 44, 0, 0, 0.17%, 8, 0, 7, 142.73
1735793638, 198, 10, 44, 0, 0, 0.17%, 8, 0, 7, 136.24
1735793643, 198, 13, 44, 0, 0, 0.17%, 8, 0, 7, 132.52
1735793648, 198, 24, 44, 0, 0, 0.17%, 8, 0, 7, 142.48
1735793654, 198, 27, 44, 0, 0, 0.17%, 8, 0, 7, 128.54
1735793659, 199, 11, 44, 0, 0, 0.17%, 8, 0, 7, 140.20
1735793664, 199, 14, 44, 0, 0, 0.17%, 8, 0, 7, 153.69
1735793669, 199, 23, 44, 0, 0, 0.17%, 8, 0, 7, 136.72
1735793674, 199, 27, 44, 0, 0, 0.17%, 8, 0, 7, 133.86
1735793679, 200, 4, 44, 0, 0, 0.17%, 8, 0, 7, 136.99
1735793684, 200, 10, 44, 0, 0, 0.17%, 8, 0, 7, 141.23
1735793689, 200, 13, 44, 0, 0, 0.17%, 8, 0, 7, 134.94
1735793695, 200, 25, 44, 0, 0, 0.17%, 8, 0, 7, 136.75
1735793700, 200, 27, 44, 0, 0, 0.17%, 8, 0, 7, 141.47
1735793705, 201, 10, 44, 0, 0, 0.17%, 8, 0, 7, 137.02
1735793710, 201, 13, 44, 0, 0, 0.17%, 8, 0, 7, 132.62
1735793715, 201, 18, 44, 0, 0, 0.17%, 8, 0, 7, 146.99
1735793720, 201, 27, 44, 0, 0, 0.17%, 8, 0, 7, 142.89
1735793725, 201, 28, 44, 0, 0, 0.17%, 8, 0, 7, 135.92
1735793731, 202, 11, 44, 0, 0, 0.17%, 8, 0, 7, 135.03
1735793736, 202, 27, 44, 0, 0, 0.17%, 8, 0, 7, 136.57
1735793741, 202, 41, 44, 0, 0, 0.17%, 8, 0, 7, 141.64
1735793746, 203, 10, 44, 0, 0, 0.17%, 8, 0, 7, 144.42
1735793751, 203, 13, 44, 0, 0, 0.17%, 8, 0, 7, 136.40
1735793756, 203, 27, 44, 0, 0, 0.17%, 8, 0, 7, 138.88
1735793761, 204, 10, 44, 0, 0, 0.17%, 8, 0, 7, 134.11
1735793767, 204, 13, 44, 0, 0, 0.17%, 8, 0, 7, 133.93
1735793772, 204, 17, 44, 0, 0, 0.17%, 8, 0, 7, 132.20
1735793777, 204, 18, 44, 0, 0, 0.17%, 8, 0, 7, 145.92
1735793782, 204, 22, 44, 0, 0, 0.17%, 8, 0, 7, 148.63
1735793787, 204, 24, 44, 0, 0, 0.17%, 8, 0, 7, 136.09
1735793792, 204, 27, 44, 0, 0, 0.17%, 8, 0, 7, 137.90
1735793797, 204, 32, 44, 0, 0, 0.17%, 8, 0, 7, 144.09
1735793803, 205, 11, 44, 0, 0, 0.17%, 8, 0, 7, 138.42
1735793808, 205, 27, 44, 0, 0, 0.17%, 8, 0, 7, 136.81
1735793813, 206, 10, 44, 0, 0, 0.17%, 8, 0, 7, 140.71
1735793818, 206, 13, 44, 0, 0, 0.17%, 8, 0, 7, 134.81
1735793823, 206, 27, 44, 0, 0, 0.17%, 8, 0, 7, 136.65
1735793828, 206, 36, 44, 0, 0, 0.17%, 8, 0, 7, 146.20
1735793833, 207, 10, 44, 0, 0, 0.17%, 8, 0, 7, 134.67
1735793839, 207, 13, 44, 0, 0, 0.17%, 8, 0, 7, 137.02
1735793844, 207, 27, 44, 0, 0, 0.17%, 8, 0, 7, 140.70
1735793854, 208, 13, 44, 0, 0, 0.17%, 8, 0, 7, 138.51
1735793859, 208, 15, 44, 0, 0, 0.17%, 8, 0, 7, 142.52
1735793864, 208, 18, 44, 0, 0, 0.17%, 8, 0, 7, 149.70
1735793869, 208, 27, 44, 0, 0, 0.17%, 8, 0, 7, 133.90
1735793875, 208, 38, 44, 0, 0, 0.17%, 8, 0, 7, 151.06
1735793880, 209, 11, 44, 0, 0, 0.17%, 8, 0, 7, 136.46
1735793885, 209, 27, 44, 0, 0, 0.17%, 8, 0, 7, 140.54
1735793890, 210, 10, 44, 0, 0, 0.17%, 8, 0, 7, 135.15
1735793895, 210, 13, 44, 0, 0, 0.17%, 8, 0, 7, 132.32
1735793900, 210, 27, 44, 0, 0, 0.17%, 8, 0, 7, 139.01
1735793905, 211, 7, 44, 0, 0, 0.17%, 8, 0, 7, 136.70
1735793911, 211, 11, 44, 0, 0, 0.17%, 8, 0, 7, 134.86
1735793916, 211, 27, 44, 0, 0, 0.17%, 8, 0, 7, 140.83
1735793921, 212, 10, 44, 0, 0, 0.17%, 8, 0, 7, 135.79
1735793926, 212, 13, 44, 0, 0, 0.17%, 8, 0, 7, 137.48
1735793931, 212, 18, 44, 0, 0, 0.17%, 8, 0, 7, 139.11
1735793936, 212, 23, 44, 0, 0, 0.17%, 8, 0, 7, 138.59
1735793941, 212, 27, 44, 0, 0, 0.17%, 8, 0, 7, 133.19
1735793947, 213, 10, 44, 0, 0, 0.17%, 8, 0, 7, 137.68
1735793952, 213, 13, 44, 0, 0, 0.17%, 8, 0, 7, 141.79
1735793957, 213, 27, 44, 0, 0, 0.17%, 8, 0, 7, 143.59
1735793962, 213, 28, 44, 0, 0, 0.17%, 8, 0, 7, 142.06
1735793967, 214, 10, 44, 0, 0, 0.17%, 8, 0, 7, 141.38
1735793972, 214, 22, 44, 0, 0, 0.17%, 8, 0, 7, 144.21
1735793977, 214, 27, 44, 0, 0, 0.17%, 8, 0, 7, 141.38
1735793983, 215, 2, 44, 0, 0, 0.17%, 8, 0, 7, 139.26
1735793988, 215, 11, 44, 0, 0, 0.17%, 8, 0, 7, 131.47
1735793993, 215, 27, 44, 0, 0, 0.17%, 8, 0, 7, 140.28
1735793998, 216, 10, 44, 0, 0, 0.17%, 8, 0, 7, 143.77
1735794003, 216, 13, 44, 0, 0, 0.17%, 8, 0, 7, 138.81
1735794008, 216, 16, 44, 0, 0, 0.17%, 8, 0, 7, 143.86
1735794014, 216, 27, 44, 0, 0, 0.17%, 8, 0, 7, 146.52
1735794019, 216, 30, 44, 0, 0, 0.17%, 8, 0, 7, 144.34
1735794024, 217, 11, 44, 0, 0, 0.17%, 8, 0, 7, 140.16
1735794029, 217, 14, 44, 0, 0, 0.17%, 8, 0, 7, 143.82
1735794034, 217, 27, 44, 0, 0, 0.17%, 8, 0, 7, 136.06
1735794039, 218, 6, 44, 0, 0, 0.17%, 8, 0, 7, 138.66
1735794045, 218, 11, 44, 0, 0, 0.17%, 8, 0, 7, 136.16
1735794050, 218, 21, 44, 0, 0, 0.17%, 8, 0, 7, 134.42
1735794055, 218, 27, 44, 0, 0, 0.17%, 8, 0, 7, 135.74
1735794060, 218, 28, 44, 0, 0, 0.17%, 8, 0, 7, 142.48
1735794065, 218, 35, 44, 0, 0, 0.17%, 8, 0, 7, 153.75
1735794070, 219, 10, 44, 0, 0, 0.17%, 8, 0, 7, 145.17
1735794075, 219, 13, 44, 0, 0, 0.17%, 8, 0, 7, 137.65
1735794080, 219, 27, 44, 0, 0, 0.17%, 8, 0, 7, 139.98
1735794085, 220, 11, 44, 0, 0, 0.17%, 8, 0, 7, 133.49
1735794090, 220, 27, 44, 0, 0, 0.17%, 8, 0, 7, 135.97
1735794096, 220, 30, 44, 0, 0, 0.17%, 8, 0, 7, 146.85
1735794101, 220, 36, 44, 0, 0, 0.17%, 8, 0, 7, 144.13
1735794106, 221, 10, 44, 0, 0, 0.17%, 8, 0, 7, 145.29
1735794111, 221, 13, 44, 0, 0, 0.17%, 8, 0, 7, 140.06
1735794116, 221, 27, 44, 0, 0, 0.17%, 8, 0, 7, 134.02
1735794122, 222, 11, 44, 0, 0, 0.17%, 8, 0, 7, 136.82
1735794127, 222, 27, 44, 0, 0, 0.17%, 8, 0, 7, 139.74
1735794132, 222, 33, 44, 0, 0, 0.17%, 8, 0, 7, 145.86
1735794137, 222, 40, 44, 0, 0, 0.17%, 8, 0, 7, 142.26
1735794142, 222, 42, 44, 0, 0, 0.17%, 8, 0, 7, 154.07
1735794147, 223, 10, 44, 0, 0, 0.17%, 8, 0, 7, 142.20
1735794152, 223, 13, 44, 0, 0, 0.17%, 8, 0, 7, 133.40
1735794158, 223, 17, 44, 0, 0, 0.17%, 8, 0, 7, 134.88
1735794163, 223, 27, 44, 0, 0, 0.17%, 8, 0, 7, 133.40
1735794168, 224, 10, 44, 0, 0, 0.17%, 8, 0, 7, 135.76
1735794173, 224, 13, 44, 0, 0, 0.17%, 8, 0, 7, 132.00
1735794178, 224, 27, 44, 0, 0, 0.17%, 8, 0, 7, 129.38
1735794183, 224, 30, 44, 0, 0, 0.17%, 8, 0, 7, 148.09
1735794188, 225, 11, 44, 0, 0, 0.17%, 8, 0, 7, 142.63
1735794193, 225, 14, 44, 0, 0, 0.17%, 8, 0, 7, 148.59
1735794198, 225, 20, 44, 0, 0, 0.17%, 8, 0, 7, 142.88
1735794204, 225, 27, 44, 0, 0, 0.17%, 8, 0, 7, 139.10
1735794209, 226, 5, 44, 0, 0, 0.17%, 8, 0, 7, 135.74
1735794214, 226, 13, 44, 0, 0, 0.17%, 8, 0, 7, 140.66
1735794219, 226, 27, 44, 0, 0, 0.17%, 8, 0, 7, 136.08
1735794224, 226, 28, 44, 0, 0, 0.17%, 8, 0, 7, 138.19
1735794229, 226, 34, 44, 0, 0, 0.17%, 8, 0, 7, 141.10
1735794234, 226, 42, 44, 0, 0, 0.17%, 8, 0, 7, 150.02
1735794239, 227, 10, 44, 0, 0, 0.17%, 8, 0, 7, 137.15
1735794245, 227, 13, 44, 0, 0, 0.17%, 8, 0, 7, 130.33
1735794250, 227, 20, 44, 0, 0, 0.17%, 8, 0, 7, 135.53
1735794255, 227, 27, 44, 0, 0, 0.17%, 8, 0, 7, 144.08
1735794260, 228, 8, 44, 0, 0, 0.17%, 8, 0, 7, 153.47
1735794265, 228, 11, 44, 0, 0, 0.17%, 8, 0, 7, 141.49
1735794270, 228, 27, 44, 0, 0, 0.17%, 8, 0, 7, 138.89
1735794275, 229, 10, 44, 0, 0, 0.17%, 8, 0, 7, 138.07
1735794280, 229, 13, 44, 0, 0, 0.17%, 8, 0, 7, 139.24
1735794286, 229, 27, 44, 0, 0, 0.17%, 8, 0, 7, 137.63
1735794291, 230, 11, 44, 0, 0, 0.17%, 8, 0, 7, 133.57
1735794296, 230, 27, 44, 0, 0, 0.17%, 8, 0, 7, 137.90
1735794301, 230, 38, 44, 0, 0, 0.17%, 8, 0, 7, 157.10
1735794306, 230, 43, 44, 0, 0, 0.17%, 8, 0, 7, 151.57
1735794311, 231, 10, 44, 0, 0, 0.17%, 8, 0, 7, 141.28
1735794316, 231, 13, 44, 0, 0, 0.17%, 8, 0, 7, 130.55
1735794321, 231, 27, 44, 0, 0, 0.17%, 8, 0, 7, 141.45
1735794326, 231, 33, 44, 0, 0, 0.17%, 8, 0, 7, 142.79
1735794332, 232, 6, 44, 0, 0, 0.17%, 8, 0, 7, 138.40
1735794337, 232, 11, 44, 0, 0, 0.17%, 8, 0, 7, 136.96
1735794342, 232, 20, 44, 0, 0, 0.17%, 8, 0, 7, 142.28
1735794347, 232, 27, 44, 0, 0, 0.17%, 8, 0, 7, 145.53
1735794352, 233, 10, 44, 0, 0, 0.17%, 8, 0, 7, 138.67
1735794357, 233, 13, 44, 0, 0, 0.17%, 8, 0, 7, 133.62
1735794363, 233, 27, 44, 0, 0, 0.17%, 8, 0, 7, 139.43
1735794368, 234, 10, 44, 0, 0, 0.17%, 8, 0, 7, 141.59
1735794373, 234, 13, 44, 0, 0, 0.17%, 8, 0, 7, 136.61
1735794378, 234, 27, 44, 0, 0, 0.17%, 8, 0, 7, 136.39
1735794383, 235, 10, 44, 0, 0, 0.17%, 8, 0, 7, 138.24
1735794389, 235, 13, 44, 0, 0, 0.17%, 8, 0, 7, 134.77
1735794394, 235, 24, 44, 0, 0, 0.17%, 8, 0, 7, 143.05
1735794399, 235, 27, 44, 0, 0, 0.17%, 8, 0, 7, 145.57
1735794404, 235, 28, 44, 0, 0, 0.17%, 8, 0, 7, 141.94
1735794409, 236, 11, 44, 0, 0, 0.17%, 8, 0, 7, 136.02
1735794414, 236, 15, 44, 0, 0, 0.17%, 8, 0, 7, 147.26
1735794419, 236, 22, 44, 0, 0, 0.17%, 8, 0, 7, 143.75
1735794424, 236, 27, 44, 0, 0, 0.17%, 8, 0, 7, 138.22
1735794429, 236, 43, 44, 0, 0, 0.17%, 8, 0, 7, 147.32
1735794434, 237, 11, 44, 0, 0, 0.17%, 8, 0, 7, 136.30
1735794440, 237, 27, 44, 0, 0, 0.17%, 8, 0, 7, 139.70
1735794445, 237, 30, 44, 0, 0, 0.17%, 8, 0, 7, 146.20
1735794450, 237, 33, 44, 0, 0, 0.17%, 8, 0, 7, 137.52
1735794455, 238, 1, 44, 0, 0, 0.17%, 8, 0, 7, 133.49
1735794460, 238, 11, 44, 0, 0, 0.17%, 8, 0, 7, 135.33
1735794466, 238, 20, 44, 0, 0, 0.17%, 8, 0, 7, 145.82
1735794471, 238, 27, 44, 0, 0, 0.17%, 8, 0, 7, 140.02
1735794476, 238, 28, 44, 0, 0, 0.17%, 8, 0, 7, 144.49
1735794481, 238, 38, 44, 0, 0, 0.17%, 8, 0, 7, 168.31
1735794486, 239, 10, 44, 0, 0, 0.17%, 8, 0, 7, 139.92
1735794491, 239, 13, 44, 0, 0, 0.17%, 8, 0, 7, 133.27
1735794496, 239, 27, 44, 0, 0, 0.17%, 8, 0, 7, 132.03
1735794501, 239, 34, 44, 0, 0, 0.17%, 8, 0, 7, 132.85
1735794507, 240, 11, 44, 0, 0, 0.17%, 8, 0, 7, 136.49
1735794512, 240, 16, 44, 0, 0, 0.17%, 8, 0, 7, 134.56
1735794517, 240, 17, 44, 0, 0, 0.17%, 8, 0, 7, 133.72
1735794522, 240, 18, 44, 0, 0, 0.17%, 8, 0, 7, 149.57
1735794527, 240, 27, 44, 0, 0, 0.17%, 8, 0, 7, 144.79
1735794532, 240, 38, 44, 0, 0, 0.17%, 8, 0, 7, 165.21
1735794537, 240, 43, 44, 0, 0, 0.17%, 8, 0, 7, 152.09
1735794542, 241, 10, 44, 0, 0, 0.17%, 8, 0, 7, 140.31
1735794547, 241, 13, 44, 0, 0, 0.17%, 8, 0, 7, 137.34
1735794553, 241, 27, 44, 0, 0, 0.17%, 8, 0, 7, 144.31
1735794558, 241, 35, 44, 0, 0, 0.17%, 8, 0, 7, 143.28
1735794563, 242, 11, 44, 0, 0, 0.17%, 8, 0, 7, 139.67
1735794568, 242, 27, 44, 0, 0, 0.17%, 8, 0, 7, 136.54
1735794573, 242, 34, 44, 0, 0, 0.17%, 8, 0, 7, 144.50
1735794578, 242, 37, 44, 0, 0, 0.17%, 8, 0, 7, 151.38
1735794583, 243, 10, 44, 0, 0, 0.17%, 8, 0, 7, 134.09
1735794588, 243, 12, 44, 0, 0, 0.17%, 8, 0, 7, 141.08
1735794593, 243, 27, 44, 0, 0, 0.17%, 8, 0, 7, 142.64
1735794598, 243, 37, 44, 0, 0, 0.17%, 8, 0, 7, 152.98
1735794603, 244, 4, 44, 0, 0, 0.17%, 8, 0, 7, 146.99
1735794609, 244, 11, 44, 0, 0, 0.17%, 8, 0, 7, 139.88
1735794614, 244, 17, 44, 0, 0, 0.17%, 8, 0, 7, 135.26
1735794619, 244, 19, 44, 0, 0, 0.17%, 8, 0, 7, 146.81
1735794624, 244, 27, 44, 0, 0, 0.17%, 8, 0, 7, 135.53
1735794629, 245, 10, 44, 0, 0, 0.17%, 8, 0, 7, 139.84
1735794634, 245, 13, 44, 0, 0, 0.17%, 8, 0, 7, 130.42
1735794639, 245, 27, 44, 0, 0, 0.17%, 8, 0, 7, 139.77
1735794644, 245, 34, 44, 0, 0, 0.17%, 8, 0, 7, 136.98
1735794649, 245, 39, 44, 0, 0, 0.17%, 8, 0, 7, 153.80
1735794655, 246, 11, 44, 0, 0, 0.17%, 8, 0, 7, 138.91
1735794660, 246, 21, 44, 0, 0, 0.17%, 8, 0, 7, 136.80
1735794665, 246, 27, 44, 0, 0, 0.17%, 8, 0, 7, 131.85
1735794670, 246, 39, 44, 0, 0, 0.17%, 8, 0, 7, 147.96
1735794675, 247, 10, 44, 0, 0, 0.17%, 8, 0, 7, 140.98
1735794680, 247, 13, 44, 0, 0, 0.17%, 8, 0, 7, 138.72
1735794685, 248, 2, 44, 0, 0, 0.17%, 8, 0, 7, 147.24
1735794691, 248, 11, 44, 0, 0, 0.17%, 8, 0, 7, 141.06
1735794696, 248, 25, 44, 0, 0, 0.17%, 8, 0, 7, 140.20
1735794701, 248, 27, 44, 0, 0, 0.17%, 8, 0, 7, 144.33
1735794706, 248, 31, 44, 0, 0, 0.17%, 8, 0, 7, 143.85
1735794711, 249, 10, 44, 0, 0, 0.17%, 8, 0, 7, 141.24
1735794716, 249, 13, 44, 0, 0, 0.17%, 8, 0, 7, 138.87
1735794721, 249, 25, 44, 0, 0, 0.17%, 8, 0, 7, 153.49
1735794726, 249, 27, 44, 0, 0, 0.17%, 8, 0, 7, 134.65
1735794731, 250, 10, 44, 0, 0, 0.17%, 8, 0, 7, 133.59
1735794737, 250, 13, 44, 0, 0, 0.17%, 8, 0, 7, 138.63
1735794742, 250, 27, 44, 0, 0, 0.17%, 8, 0, 7, 138.56
1735794747, 251, 10, 44, 0, 0, 0.17%, 8, 0, 7, 138.37
1735794752, 251, 11, 44, 0, 0, 0.17%, 8, 0, 7, 131.58
1735794757, 251, 27, 44, 0, 0, 0.17%, 8, 0, 7, 128.81
1735794762, 252, 1, 44, 0, 0, 0.17%, 8, 0, 7, 138.13
1735794767, 252, 11, 44, 0, 0, 0.17%, 8, 0, 7, 131.11
1735794773, 252, 24, 44, 0, 0, 0.17%, 8, 0, 7, 134.20
1735794778, 252, 27, 44, 0, 0, 0.17%, 8, 0, 7, 137.10
1735794783, 252, 37, 44, 0, 0, 0.17%, 8, 0, 7, 152.72
1735794788, 253, 10, 44, 0, 0, 0.17%, 8, 0, 7, 138.78
1735794793, 253, 13, 44, 0, 0, 0.17%, 8, 0, 7, 133.11
1735794798, 253, 26, 44, 0, 0, 0.17%, 8, 0, 7, 143.26
1735794803, 253, 27, 44, 0, 0, 0.17%, 8, 0, 7, 146.07
1735794809, 253, 38, 44, 0, 0, 0.17%, 8, 0, 7, 154.11
1735794814, 254, 10, 44, 0, 0, 0.17%, 8, 0, 7, 141.67
1735794819, 254, 13, 44, 0, 0, 0.17%, 8, 0, 7, 128.29
1735794824, 254, 27, 44, 0, 0, 0.17%, 8, 0, 7, 136.81
1735794829, 255, 11, 44, 0, 0, 0.17%, 8, 0, 7, 145.96
1735794834, 255, 21, 44, 0, 0, 0.17%, 8, 0, 7, 138.85
1735794839, 255, 27, 44, 0, 0, 0.17%, 8, 0, 7, 135.70
1735794844, 255, 36, 44, 0, 0, 0.17%, 8, 0, 7, 147.76
1735794850, 255, 40, 44, 0, 0, 0.17%, 8, 0, 7, 140.21
1735794855, 256, 11, 44, 0, 0, 0.17%, 8, 0, 7, 146.36
1735794860, 256, 27, 44, 0, 0, 0.17%, 8, 0, 7, 138.14
1735794865, 257, 10, 44, 0, 0, 0.17%, 8, 0, 7, 140.29
1735794870, 257, 12, 44, 0, 0, 0.17%, 8, 0, 7, 143.72
1735794876, 257, 14, 44, 0, 0, 0.17%, 8, 0, 7, 148.04
1735794881, 257, 22, 44, 0, 0, 0.17%, 8, 0, 7, 136.25
1735794886, 257, 27, 44, 0, 0, 0.17%, 8, 0, 7, 138.20
1735794891, 258, 10, 44, 0, 0, 0.17%, 8, 0, 7, 141.21
1735794896, 258, 13, 44, 0, 0, 0.17%, 8, 0, 7, 133.93
1735794901, 258, 27, 44, 0, 0, 0.17%, 8, 0, 7, 138.08
1735794907, 259, 11, 44, 0, 0, 0.17%, 8, 0, 7, 135.03
1735794912, 259, 27, 44, 0, 0, 0.17%, 8, 0, 7, 142.12
1735794917, 260, 10, 44, 0, 0, 0.17%, 8, 0, 7, 144.63
1735794922, 260, 13, 44, 0, 0, 0.17%, 8, 0, 7, 140.55
1735794927, 260, 15, 44, 0, 0, 0.17%, 8, 0, 7, 145.29
1735794932, 260, 27, 44, 0, 0, 0.17%, 8, 0, 7, 146.53
1735794937, 261, 10, 44, 0, 0, 0.17%, 8, 0, 7, 141.11
1735794942, 261, 13, 44, 0, 0, 0.17%, 8, 0, 7, 134.87
1735794948, 261, 22, 44, 0, 0, 0.17%, 8, 0, 7, 144.07
1735794953, 261, 27, 44, 0, 0, 0.17%, 8, 0, 7, 142.22
1735794958, 262, 11, 44, 0, 0, 0.17%, 8, 0, 7, 139.49
1735794963, 262, 14, 44, 0, 0, 0.17%, 8, 0, 7, 144.84
1735794968, 262, 22, 44, 0, 0, 0.17%, 8, 0, 7, 143.30
1735794973, 262, 27, 44, 0, 0, 0.17%, 8, 0, 7, 142.55
1735794979, 262, 34, 44, 0, 0, 0.17%, 8, 0, 7, 140.51
1735794984, 263, 10, 44, 0, 0, 0.17%, 8, 0, 7, 136.93
1735794989, 263, 13, 44, 0, 0, 0.17%, 8, 0, 7, 130.99
1735794994, 263, 27, 44, 0, 0, 0.17%, 8, 0, 7, 139.02
1735794999, 263, 43, 44, 0, 0, 0.17%, 8, 0, 7, 151.23
1735795004, 264, 11, 44, 0, 0, 0.17%, 8, 0, 7, 137.93
1735795009, 264, 14, 44, 0, 0, 0.17%, 8, 0, 7, 145.64
1735795015, 264, 17, 44, 0, 0, 0.17%, 8, 0, 7, 135.74
1735795020, 264, 27, 44, 0, 0, 0.17%, 8, 0, 7, 147.03
1735795025, 264, 39, 44, 0, 0, 0.17%, 8, 0, 7, 148.70
1735795030, 265, 6, 44, 0, 0, 0.17%, 8, 0, 7, 135.95
1735795035, 265, 11, 44, 0, 0, 0.17%, 8, 0, 7, 135.09
1735795040, 265, 27, 44, 0, 0, 0.17%, 8, 0, 7, 140.08
1735795045, 265, 34, 44, 0, 0, 0.17%, 8, 0, 7, 142.45
1735795051, 266, 10, 44, 0, 0, 0.17%, 8, 0, 7, 146.93
1735795056, 266, 13, 44, 0, 0, 0.17%, 8, 0, 7, 143.02
1735795061, 266, 14, 44, 0, 0, 0.17%, 8, 0, 7, 146.70
1735795066, 266, 27, 44, 0, 0, 0.17%, 8, 0, 7, 143.51
1735795071, 266, 28, 44, 0, 0, 0.17%, 8, 0, 7, 141.88
1735795076, 266, 38, 44, 0, 0, 0.17%, 8, 0, 7, 151.61
1735795081, 267, 11, 44, 0, 0, 0.17%, 8, 0, 7, 141.71
1735795087, 267, 27, 44, 0, 0, 0.17%, 8, 0, 7, 138.59
1735795092, 267, 41, 44, 0, 0, 0.17%, 8, 0, 7, 151.87
1735795097, 268, 0, 44, 0, 0, 0.17%, 8, 0, 7, 149.18
1735795102, 268, 10, 44, 0, 0, 0.17%, 8, 0, 7, 143.86
1735795107, 268, 13, 44, 0, 0, 0.17%, 8, 0, 7, 139.63
1735795112, 268, 27, 44, 0, 0, 0.17%, 8, 0, 7, 135.79
1735795117, 269, 9, 44, 0, 0, 0.17%, 8, 0, 7, 139.31
1735795122, 269, 13, 44, 0, 0, 0.17%, 8, 0, 7, 139.34
1735795128, 269, 17, 44, 0, 0, 0.17%, 8, 0, 7, 137.46
1735795133, 269, 27, 44, 0, 0, 0.17%, 8, 0, 7, 140.24
1735795138, 269, 41, 44, 0, 0, 0.17%, 8, 0, 7, 149.65
1735795143, 270, 5, 44, 0, 0, 0.17%, 8, 0, 7, 140.23
1735795148, 270, 11, 44, 0, 0, 0.17%, 8, 0, 7, 133.65
1735795153, 270, 23, 44, 0, 0, 0.17%, 8, 0, 7, 133.68
1735795158, 270, 27, 44, 0, 0, 0.17%, 8, 0, 7, 139.89
1735795163, 271, 0, 44, 0, 0, 0.17%, 8, 0, 7, 137.42
1735795169, 271, 11, 44, 0, 0, 0.17%, 8, 0, 7, 139.47
1735795174, 271, 27, 44, 0, 0, 0.17%, 8, 0, 7, 141.05
1735795179, 272, 10, 44, 0, 0, 0.17%, 8, 0, 7, 140.10
1735795184, 272, 13, 44, 0, 0, 0.17%, 8, 0, 7, 136.38
1735795189, 272, 27, 44, 0, 0, 0.17%, 8, 0, 7, 143.92
1735795194, 272, 28, 44, 0, 0, 0.17%, 8, 0, 7, 147.32
1735795199, 272, 29, 44, 0, 0, 0.17%, 8, 0, 7, 134.27
1735795204, 272, 30, 44, 0, 0, 0.17%, 8, 0, 7, 141.03
1735795210, 272, 36, 44, 0, 0, 0.17%, 8, 0, 7, 146.58
1735795215, 273, 11, 44, 0, 0, 0.17%, 8, 0, 7, 142.83
