# unix_time, cycles_done, cur_path, paths_total, pending_total, pending_favs, map_size, unique_crashes, unique_hangs, max_depth, execs_per_sec
1735536656, 0, 0, 10, 10, 1, 0.01%, 0, 0, 1, 84.30
1735536661, 0, 4, 10, 10, 1, 0.01%, 0, 0, 1, 104.12
1735536666, 0, 5, 10, 9, 0, 0.01%, 0, 0, 1, 100.99
1735536676, 0, 6, 10, 8, 0, 0.01%, 0, 0, 1, 100.53
1735536686, 0, 7, 10, 7, 0, 0.01%, 0, 0, 1, 99.05
1735536697, 0, 8, 10, 6, 0, 0.01%, 0, 0, 1, 97.76
1735536707, 0, 9, 10, 5, 0, 0.01%, 0, 0, 1, 94.84
1735536717, 1, 0, 10, 4, 0, 0.01%, 0, 0, 1, 94.29
1735536727, 1, 1, 10, 3, 0, 0.01%, 0, 0, 1, 102.82
1735536742, 1, 2, 10, 2, 0, 0.01%, 0, 0, 1, 91.89
1735536753, 1, 3, 10, 1, 0, 0.01%, 0, 0, 1, 96.35
1735536768, 1, 5, 10, 0, 0, 0.01%, 0, 0, 1, 105.79
1735536773, 1, 6, 10, 0, 0, 0.01%, 0, 0, 1, 105.65
1735536779, 1, 8, 10, 0, 0, 0.01%, 0, 0, 1, 102.06
1735536784, 1, 9, 10, 0, 0, 0.01%, 0, 0, 1, 104.16
1735536789, 2, 1, 10, 0, 0, 0.01%, 0, 0, 1, 104.53
1735536794, 2, 2, 10, 0, 0, 0.01%, 0, 0, 1, 102.32
1735536799, 2, 4, 10, 0, 0, 0.01%, 0, 0, 1, 104.15
1735536804, 2, 5, 10, 0, 0, 0.01%, 0, 0, 1, 102.31
1735536809, 2, 6, 10, 0, 0, 0.01%, 0, 0, 1, 101.93
1735536814, 2, 8, 10, 0, 0, 0.01%, 0, 0, 1, 102.32
1735536820, 2, 9, 10, 0, 0, 0.01%, 0, 0, 1, 100.52
1735536825, 3, 1, 10, 0, 0, 0.01%, 0, 0, 1, 101.53
1735536830, 3, 2, 10, 0, 0, 0.01%, 0, 0, 1, 102.39
1735536835, 3, 4, 10, 0, 0, 0.01%, 0, 0, 1, 102.61
1735536840, 3, 5, 10, 0, 0, 0.01%, 0, 0, 1, 104.64
1735536845, 3, 7, 10, 0, 0, 0.01%, 0, 0, 1, 103.50
1735536850, 3, 8, 10, 0, 0, 0.01%, 0, 0, 1, 103.47
1735536856, 3, 9, 10, 0, 0, 0.01%, 0, 0, 1, 103.60
1735536861, 4, 1, 10, 0, 0, 0.01%, 0, 0, 1, 102.56
1735536866, 4, 2, 10, 0, 0, 0.01%, 0, 0, 1, 104.40
1735536871, 4, 4, 10, 0, 0, 0.01%, 0, 0, 1, 102.28
1735536876, 4, 5, 10, 0, 0, 0.01%, 0, 0, 1, 106.42
1735536881, 4, 7, 10, 0, 0, 0.01%, 0, 0, 1, 102.45
1735536886, 4, 8, 10, 0, 0, 0.01%, 0, 0, 1, 102.70
1735536892, 5, 0, 10, 0, 0, 0.01%, 0, 0, 1, 106.85
1735536897, 5, 1, 10, 0, 0, 0.01%, 0, 0, 1, 104.35
1735536902, 5, 2, 10, 0, 0, 0.01%, 0, 0, 1, 101.67
1735536907, 5, 4, 10, 0, 0, 0.01%, 0, 0, 1, 104.37
1735536912, 5, 5, 10, 0, 0, 0.01%, 0, 0, 1, 104.09
1735536917, 5, 7, 10, 0, 0, 0.01%, 0, 0, 1, 103.03
1735536922, 5, 8, 10, 0, 0, 0.01%, 0, 0, 1, 103.25
1735536927, 5, 9, 10, 0, 0, 0.01%, 0, 0, 1, 102.58
1735536932, 6, 1, 10, 0, 0, 0.01%, 0, 0, 1, 103.28
1735536937, 6, 2, 10, 0, 0, 0.01%, 0, 0, 1, 103.48
1735536942, 6, 4, 10, 0, 0, 0.01%, 0, 0, 1, 104.08
1735536947, 6, 5, 10, 0, 0, 0.01%, 0, 0, 1, 101.61
1735536953, 6, 7, 10, 0, 0, 0.01%, 0, 0, 1, 100.13
1735536958, 6, 8, 10, 0, 0, 0.01%, 0, 0, 1, 101.69
1735536963, 6, 9, 10, 0, 0, 0.01%, 0, 0, 1, 100.73
1735536968, 7, 1, 10, 0, 0, 0.01%, 0, 0, 1, 104.37
1735536973, 7, 2, 10, 0, 0, 0.01%, 0, 0, 1, 103.86
1735536978, 7, 4, 10, 0, 0, 0.01%, 0, 0, 1, 104.98
1735536984, 7, 5, 10, 0, 0, 0.01%, 0, 0, 1, 101.37
1735536989, 7, 7, 10, 0, 0, 0.01%, 0, 0, 1, 102.78
1735536994, 7, 8, 10, 0, 0, 0.01%, 0, 0, 1, 102.86
1735536999, 7, 9, 10, 0, 0, 0.01%, 0, 0, 1, 100.93
1735537004, 8, 1, 10, 0, 0, 0.01%, 0, 0, 1, 103.88
1735537009, 8, 2, 10, 0, 0, 0.01%, 0, 0, 1, 101.26
1735537014, 8, 4, 10, 0, 0, 0.01%, 0, 0, 1, 102.29
1735537019, 8, 5, 10, 0, 0, 0.01%, 0, 0, 1, 106.30
1735537025, 8, 7, 10, 0, 0, 0.01%, 0, 0, 1, 105.19
1735537030, 8, 8, 10, 0, 0, 0.01%, 0, 0, 1, 102.75
1735537035, 9, 0, 10, 0, 0, 0.01%, 0, 0, 1, 104.19
1735537040, 9, 1, 10, 0, 0, 0.01%, 0, 0, 1, 101.72
1735537045, 9, 3, 10, 0, 0, 0.01%, 0, 0, 1, 102.57
1735537050, 9, 4, 10, 0, 0, 0.01%, 0, 0, 1, 101.89
1735537055, 9, 5, 10, 0, 0, 0.01%, 0, 0, 1, 102.13
1735537061, 9, 7, 10, 0, 0, 0.01%, 0, 0, 1, 103.01
1735537066, 9, 8, 10, 0, 0, 0.01%, 0, 0, 1, 103.00
1735537071, 10, 0, 10, 0, 0, 0.01%, 0, 0, 1, 105.39
1735537076, 10, 1, 10, 0, 0, 0.01%, 0, 0, 1, 100.99
1735537081, 10, 3, 10, 0, 0, 0.01%, 0, 0, 1, 102.63
1735537086, 10, 4, 10, 0, 0, 0.01%, 0, 0, 1, 102.94
1735537091, 10, 5, 10, 0, 0, 0.01%, 0, 0, 1, 100.61
1735537096, 10, 7, 10, 0, 0, 0.01%, 0, 0, 1, 103.78
1735537101, 10, 8, 10, 0, 0, 0.01%, 0, 0, 1, 101.90
1735537106, 11, 0, 10, 0, 0, 0.01%, 0, 0, 1, 102.47
1735537112, 11, 1, 10, 0, 0, 0.01%, 0, 0, 1, 104.19
1735537117, 11, 2, 10, 0, 0, 0.01%, 0, 0, 1, 103.77
1735537122, 11, 4, 10, 0, 0, 0.01%, 0, 0, 1, 102.47
1735537127, 11, 5, 10, 0, 0, 0.01%, 0, 0, 1, 102.81
1735537132, 11, 7, 10, 0, 0, 0.01%, 0, 0, 1, 103.66
1735537137, 11, 8, 10, 0, 0, 0.01%, 0, 0, 1, 102.49
1735537142, 12, 0, 10, 0, 0, 0.01%, 0, 0, 1, 102.74
1735537147, 12, 1, 10, 0, 0, 0.01%, 0, 0, 1, 103.67
1735537152, 12, 2, 10, 0, 0, 0.01%, 0, 0, 1, 101.77
1735537158, 12, 4, 10, 0, 0, 0.01%, 0, 0, 1, 103.63
1735537163, 12, 5, 10, 0, 0, 0.01%, 0, 0, 1, 101.64
1735537168, 12, 7, 10, 0, 0, 0.01%, 0, 0, 1, 104.15
1735537173, 12, 8, 10, 0, 0, 0.01%, 0, 0, 1, 102.81
1735537178, 13, 0, 10, 0, 0, 0.01%, 0, 0, 1, 103.94
1735537183, 13, 1, 10, 0, 0, 0.01%, 0, 0, 1, 103.32
1735537188, 13, 3, 10, 0, 0, 0.01%, 0, 0, 1, 103.34
1735537193, 13, 4, 10, 0, 0, 0.01%, 0, 0, 1, 103.07
1735537199, 13, 5, 10, 0, 0, 0.01%, 0, 0, 1, 105.64
1735537204, 13, 7, 10, 0, 0, 0.01%, 0, 0, 1, 103.13
1735537209, 13, 8, 10, 0, 0, 0.01%, 0, 0, 1, 102.70
1735537214, 14, 0, 10, 0, 0, 0.01%, 0, 0, 1, 100.10
1735537219, 14, 1, 10, 0, 0, 0.01%, 0, 0, 1, 102.75
1735537224, 14, 3, 10, 0, 0, 0.01%, 0, 0, 1, 103.23
1735537229, 14, 4, 10, 0, 0, 0.01%, 0, 0, 1, 103.69
1735537234, 14, 5, 10, 0, 0, 0.01%, 0, 0, 1, 104.02
1735537239, 14, 7, 10, 0, 0, 0.01%, 0, 0, 1, 103.80
1735537245, 14, 8, 10, 0, 0, 0.01%, 0, 0, 1, 106.43
1735537250, 15, 0, 10, 0, 0, 0.01%, 0, 0, 1, 102.01
1735537255, 15, 1, 10, 0, 0, 0.01%, 0, 0, 1, 99.53
1735537260, 15, 3, 10, 0, 0, 0.01%, 0, 0, 1, 106.36
1735537265, 15, 4, 10, 0, 0, 0.01%, 0, 0, 1, 109.84
1735537270, 15, 6, 10, 0, 0, 0.01%, 0, 0, 1, 107.67
1735537275, 15, 7, 10, 0, 0, 0.01%, 0, 0, 1, 110.51
1735537280, 15, 9, 10, 0, 0, 0.01%, 0, 0, 1, 111.04
1735537285, 16, 0, 10, 0, 0, 0.01%, 0, 0, 1, 109.74
1735537290, 16, 2, 10, 0, 0, 0.01%, 0, 0, 1, 107.16
1735537296, 16, 3, 10, 0, 0, 0.01%, 0, 0, 1, 104.08
1735537301, 16, 5, 10, 0, 0, 0.01%, 0, 0, 1, 104.20
1735537306, 16, 6, 10, 0, 0, 0.01%, 0, 0, 1, 107.53
1735537311, 16, 8, 10, 0, 0, 0.01%, 0, 0, 1, 106.87
1735537316, 16, 9, 10, 0, 0, 0.01%, 0, 0, 1, 104.43
1735537321, 17, 1, 10, 0, 0, 0.01%, 0, 0, 1, 107.91
1735537326, 17, 2, 10, 0, 0, 0.01%, 0, 0, 1, 109.59
1735537331, 17, 4, 10, 0, 0, 0.01%, 0, 0, 1, 108.22
1735537337, 17, 5, 10, 0, 0, 0.01%, 0, 0, 1, 109.52
1735537342, 17, 7, 10, 0, 0, 0.01%, 0, 0, 1, 108.11
1735537347, 17, 8, 10, 0, 0, 0.01%, 0, 0, 1, 108.29
1735537352, 18, 0, 10, 0, 0, 0.01%, 0, 0, 1, 106.93
1735537357, 18, 1, 10, 0, 0, 0.01%, 0, 0, 1, 105.63
1735537362, 18, 3, 10, 0, 0, 0.01%, 0, 0, 1, 105.53
1735537367, 18, 4, 10, 0, 0, 0.01%, 0, 0, 1, 106.40
1735537372, 18, 6, 10, 0, 0, 0.01%, 0, 0, 1, 109.48
1735537377, 18, 7, 10, 0, 0, 0.01%, 0, 0, 1, 108.24
1735537383, 18, 9, 10, 0, 0, 0.01%, 0, 0, 1, 107.84
1735537388, 19, 0, 10, 0, 0, 0.01%, 0, 0, 1, 108.82
1735537393, 19, 2, 10, 0, 0, 0.01%, 0, 0, 1, 106.56
1735537398, 19, 3, 10, 0, 0, 0.01%, 0, 0, 1, 107.17
1735537403, 19, 5, 10, 0, 0, 0.01%, 0, 0, 1, 107.37
1735537408, 19, 6, 10, 0, 0, 0.01%, 0, 0, 1, 106.97
1735537413, 19, 8, 10, 0, 0, 0.01%, 0, 0, 1, 104.56
1735537419, 19, 9, 10, 0, 0, 0.01%, 0, 0, 1, 109.21
1735537424, 20, 1, 10, 0, 0, 0.01%, 0, 0, 1, 109.58
1735537429, 20, 2, 10, 0, 0, 0.01%, 0, 0, 1, 110.34
1735537434, 20, 4, 10, 0, 0, 0.01%, 0, 0, 1, 107.21
1735537439, 20, 5, 10, 0, 0, 0.01%, 0, 0, 1, 107.55
1735537444, 20, 7, 10, 0, 0, 0.01%, 0, 0, 1, 109.55
1735537449, 20, 8, 10, 0, 0, 0.01%, 0, 0, 1, 108.40
1735537454, 21, 0, 10, 0, 0, 0.01%, 0, 0, 1, 108.41
1735537460, 21, 1, 10, 0, 0, 0.01%, 0, 0, 1, 107.60
1735537465, 21, 3, 10, 0, 0, 0.01%, 0, 0, 1, 108.66
1735537470, 21, 4, 10, 0, 0, 0.01%, 0, 0, 1, 108.28
1735537475, 21, 6, 10, 0, 0, 0.01%, 0, 0, 1, 108.60
1735537480, 21, 7, 10, 0, 0, 0.01%, 0, 0, 1, 106.27
1735537485, 21, 9, 10, 0, 0, 0.01%, 0, 0, 1, 107.35
1735537490, 22, 0, 10, 0, 0, 0.01%, 0, 0, 1, 110.13
1735537495, 22, 2, 10, 0, 0, 0.01%, 0, 0, 1, 108.84
1735537500, 22, 3, 10, 0, 0, 0.01%, 0, 0, 1, 106.67
1735537505, 22, 5, 10, 0, 0, 0.01%, 0, 0, 1, 106.04
1735537511, 22, 6, 10, 0, 0, 0.01%, 0, 0, 1, 108.17
1735537516, 22, 8, 10, 0, 0, 0.01%, 0, 0, 1, 106.14
1735537521, 22, 9, 10, 0, 0, 0.01%, 0, 0, 1, 107.54
1735537526, 23, 1, 10, 0, 0, 0.01%, 0, 0, 1, 107.38
1735537531, 23, 2, 10, 0, 0, 0.01%, 0, 0, 1, 108.98
1735537536, 23, 4, 10, 0, 0, 0.01%, 0, 0, 1, 110.43
1735537541, 23, 5, 10, 0, 0, 0.01%, 0, 0, 1, 106.50
1735537547, 23, 7, 10, 0, 0, 0.01%, 0, 0, 1, 109.39
1735537552, 23, 8, 10, 0, 0, 0.01%, 0, 0, 1, 107.64
1735537557, 24, 0, 10, 0, 0, 0.01%, 0, 0, 1, 105.99
1735537562, 24, 1, 10, 0, 0, 0.01%, 0, 0, 1, 110.33
1735537567, 24, 3, 10, 0, 0, 0.01%, 0, 0, 1, 107.77
1735537572, 24, 4, 10, 0, 0, 0.01%, 0, 0, 1, 106.61
1735537577, 24, 6, 10, 0, 0, 0.01%, 0, 0, 1, 108.71
1735537583, 24, 7, 10, 0, 0, 0.01%, 0, 0, 1, 107.50
1735537588, 24, 9, 10, 0, 0, 0.01%, 0, 0, 1, 110.42
1735537593, 25, 0, 10, 0, 0, 0.01%, 0, 0, 1, 110.34
1735537598, 25, 2, 10, 0, 0, 0.01%, 0, 0, 1, 109.13
1735537603, 25, 3, 10, 0, 0, 0.01%, 0, 0, 1, 106.14
1735537608, 25, 5, 10, 0, 0, 0.01%, 0, 0, 1, 108.71
1735537613, 25, 6, 10, 0, 0, 0.01%, 0, 0, 1, 107.78
1735537619, 25, 8, 10, 0, 0, 0.01%, 0, 0, 1, 107.06
1735537624, 25, 9, 10, 0, 0, 0.01%, 0, 0, 1, 107.50
1735537629, 26, 1, 10, 0, 0, 0.01%, 0, 0, 1, 109.90
1735537634, 26, 2, 10, 0, 0, 0.01%, 0, 0, 1, 106.76
1735537639, 26, 4, 10, 0, 0, 0.01%, 0, 0, 1, 107.76
1735537644, 26, 5, 10, 0, 0, 0.01%, 0, 0, 1, 109.23
1735537649, 26, 7, 10, 0, 0, 0.01%, 0, 0, 1, 107.70
1735537655, 26, 8, 10, 0, 0, 0.01%, 0, 0, 1, 110.07
1735537660, 27, 0, 10, 0, 0, 0.01%, 0, 0, 1, 111.90
1735537665, 27, 1, 10, 0, 0, 0.01%, 0, 0, 1, 107.53
1735537670, 27, 3, 10, 0, 0, 0.01%, 0, 0, 1, 108.40
1735537675, 27, 5, 10, 0, 0, 0.01%, 0, 0, 1, 110.21
1735537680, 27, 6, 10, 0, 0, 0.01%, 0, 0, 1, 110.27
1735537685, 27, 7, 10, 0, 0, 0.01%, 0, 0, 1, 109.39
1735537690, 27, 9, 10, 0, 0, 0.01%, 0, 0, 1, 111.59
1735537696, 28, 1, 10, 0, 0, 0.01%, 0, 0, 1, 109.84
1735537701, 28, 2, 10, 0, 0, 0.01%, 0, 0, 1, 108.48
1735537706, 28, 4, 10, 0, 0, 0.01%, 0, 0, 1, 108.46
1735537711, 28, 5, 10, 0, 0, 0.01%, 0, 0, 1, 106.28
1735537716, 28, 7, 10, 0, 0, 0.01%, 0, 0, 1, 106.38
1735537721, 28, 8, 10, 0, 0, 0.01%, 0, 0, 1, 108.20
1735537726, 29, 0, 10, 0, 0, 0.01%, 0, 0, 1, 107.49
1735537732, 29, 1, 10, 0, 0, 0.01%, 0, 0, 1, 106.34
1735537737, 29, 3, 10, 0, 0, 0.01%, 0, 0, 1, 109.39
1735537742, 29, 4, 10, 0, 0, 0.01%, 0, 0, 1, 107.47
1735537747, 29, 6, 10, 0, 0, 0.01%, 0, 0, 1, 107.86
1735537752, 29, 7, 10, 0, 0, 0.01%, 0, 0, 1, 108.55
1735537757, 29, 9, 10, 0, 0, 0.01%, 0, 0, 1, 111.74
1735537762, 30, 0, 10, 0, 0, 0.01%, 0, 0, 1, 108.17
1735537768, 30, 2, 10, 0, 0, 0.01%, 0, 0, 1, 109.74
1735537773, 30, 3, 10, 0, 0, 0.01%, 0, 0, 1, 105.60
1735537778, 30, 5, 10, 0, 0, 0.01%, 0, 0, 1, 107.06
1735537783, 30, 6, 10, 0, 0, 0.01%, 0, 0, 1, 107.32
1735537788, 30, 8, 10, 0, 0, 0.01%, 0, 0, 1, 106.32
1735537793, 30, 9, 10, 0, 0, 0.01%, 0, 0, 1, 106.25
1735537798, 31, 1, 10, 0, 0, 0.01%, 0, 0, 1, 106.22
1735537803, 31, 2, 10, 0, 0, 0.01%, 0, 0, 1, 109.48
1735537809, 31, 4, 10, 0, 0, 0.01%, 0, 0, 1, 108.02
1735537814, 31, 5, 10, 0, 0, 0.01%, 0, 0, 1, 109.41
1735537819, 31, 7, 10, 0, 0, 0.01%, 0, 0, 1, 110.13
1735537824, 31, 8, 10, 0, 0, 0.01%, 0, 0, 1, 111.05
1735537829, 32, 0, 10, 0, 0, 0.01%, 0, 0, 1, 108.38
1735537834, 32, 1, 10, 0, 0, 0.01%, 0, 0, 1, 109.71
1735537839, 32, 3, 10, 0, 0, 0.01%, 0, 0, 1, 107.99
1735537845, 32, 4, 10, 0, 0, 0.01%, 0, 0, 1, 105.01
1735537850, 32, 6, 10, 0, 0, 0.01%, 0, 0, 1, 106.90
1735537855, 32, 7, 10, 0, 0, 0.01%, 0, 0, 1, 110.71
1735537860, 32, 9, 10, 0, 0, 0.01%, 0, 0, 1, 108.27
1735537865, 33, 0, 10, 0, 0, 0.01%, 0, 0, 1, 106.66
1735537870, 33, 2, 10, 0, 0, 0.01%, 0, 0, 1, 107.76
1735537876, 33, 3, 10, 0, 0, 0.01%, 0, 0, 1, 109.01
1735537881, 33, 5, 10, 0, 0, 0.01%, 0, 0, 1, 107.50
1735537886, 33, 6, 10, 0, 0, 0.01%, 0, 0, 1, 109.60
1735537891, 33, 8, 10, 0, 0, 0.01%, 0, 0, 1, 106.81
1735537896, 33, 9, 10, 0, 0, 0.01%, 0, 0, 1, 106.73
1735537901, 34, 1, 10, 0, 0, 0.01%, 0, 0, 1, 104.14
1735537906, 34, 2, 10, 0, 0, 0.01%, 0, 0, 1, 107.36
1735537912, 34, 4, 10, 0, 0, 0.01%, 0, 0, 1, 107.72
1735537917, 34, 5, 10, 0, 0, 0.01%, 0, 0, 1, 108.48
1735537922, 34, 7, 10, 0, 0, 0.01%, 0, 0, 1, 108.32
1735537927, 34, 8, 10, 0, 0, 0.01%, 0, 0, 1, 109.23
1735537932, 35, 0, 10, 0, 0, 0.01%, 0, 0, 1, 109.56
1735537937, 35, 1, 10, 0, 0, 0.01%, 0, 0, 1, 108.57
1735537942, 35, 3, 10, 0, 0, 0.01%, 0, 0, 1, 109.32
1735537948, 35, 4, 10, 0, 0, 0.01%, 0, 0, 1, 107.16
1735537953, 35, 6, 10, 0, 0, 0.01%, 0, 0, 1, 107.62
1735537958, 35, 8, 10, 0, 0, 0.01%, 0, 0, 1, 109.53
1735537963, 35, 9, 10, 0, 0, 0.01%, 0, 0, 1, 109.60
1735537968, 36, 1, 10, 0, 0, 0.01%, 0, 0, 1, 107.58
1735537973, 36, 2, 10, 0, 0, 0.01%, 0, 0, 1, 107.80
1735537978, 36, 9, 11, 1, 1, 0.16%, 1, 0, 2, 111.72
1735537983, 36, 10, 13, 3, 1, 0.16%, 3, 0, 3, 135.23
1735538066, 36, 11, 13, 2, 2, 0.16%, 3, 0, 3, 137.15
1735538117, 36, 11, 15, 4, 2, 0.17%, 4, 0, 4, 116.14
1735538127, 36, 11, 16, 5, 2, 0.17%, 4, 0, 4, 118.20
1735538143, 36, 11, 17, 6, 2, 0.17%, 4, 0, 4, 117.75
1735538189, 36, 12, 17, 5, 2, 0.17%, 4, 0, 4, 136.66
1735538245, 36, 14, 18, 5, 1, 0.17%, 5, 0, 5, 139.84
1735538255, 36, 14, 19, 6, 1, 0.17%, 5, 0, 5, 128.16
1735538266, 36, 14, 20, 7, 1, 0.17%, 5, 0, 5, 127.17
1735538291, 36, 14, 21, 8, 1, 0.17%, 5, 0, 5, 129.71
1735538338, 36, 14, 22, 9, 1, 0.17%, 5, 0, 5, 129.38
1735538374, 36, 14, 23, 10, 1, 0.17%, 5, 0, 5, 135.92
1735538389, 36, 14, 24, 11, 1, 0.17%, 5, 0, 5, 132.92
1735538405, 36, 14, 25, 12, 1, 0.17%, 5, 0, 5, 139.20
1735538410, 36, 17, 25, 11, 1, 0.17%, 5, 0, 5, 140.21
1735538430, 36, 17, 26, 12, 1, 0.17%, 5, 0, 6, 127.62
1735538534, 36, 21, 26, 11, 0, 0.17%, 5, 0, 6, 188.39
1735538605, 36, 23, 26, 10, 0, 0.17%, 5, 0, 6, 196.63
1735538779, 37, 11, 26, 9, 0, 0.17%, 5, 0, 6, 127.51
1735538789, 37, 12, 26, 9, 0, 0.17%, 5, 0, 6, 123.49
1735538810, 37, 14, 26, 9, 0, 0.17%, 5, 0, 6, 130.55
1735538840, 37, 17, 26, 9, 0, 0.17%, 5, 0, 6, 123.64
1735538876, 37, 18, 26, 9, 0, 0.17%, 5, 0, 6, 208.28
1735538958, 37, 24, 26, 8, 0, 0.17%, 5, 0, 6, 164.12
1735539030, 37, 25, 26, 7, 0, 0.17%, 5, 0, 6, 125.15
1735539051, 37, 25, 27, 8, 0, 0.17%, 5, 0, 7, 129.64
1735539087, 37, 25, 28, 9, 0, 0.17%, 6, 0, 7, 131.38
1735539123, 37, 25, 29, 10, 0, 0.17%, 6, 0, 7, 128.80
1735539138, 37, 25, 31, 12, 0, 0.17%, 6, 0, 7, 127.36
1735539143, 37, 25, 33, 14, 0, 0.17%, 6, 0, 7, 137.94
1735539159, 37, 31, 33, 13, 0, 0.17%, 6, 0, 7, 152.36
1735539190, 37, 31, 34, 14, 0, 0.17%, 6, 0, 8, 138.75
1735539287, 38, 11, 34, 13, 0, 0.17%, 6, 0, 8, 137.08
1735539303, 38, 12, 34, 13, 0, 0.17%, 6, 0, 8, 129.68
1735539318, 38, 12, 35, 14, 0, 0.17%, 6, 0, 8, 134.97
1735539323, 38, 14, 35, 14, 0, 0.17%, 6, 0, 8, 133.28
1735539354, 38, 15, 35, 14, 0, 0.17%, 6, 0, 8, 176.23
1735539426, 38, 17, 35, 13, 0, 0.17%, 6, 0, 8, 135.54
1735539457, 38, 28, 35, 13, 0, 0.17%, 6, 0, 8, 150.30
1735539569, 38, 32, 35, 12, 0, 0.17%, 6, 0, 8, 140.42
1735539615, 38, 32, 36, 13, 0, 0.17%, 6, 0, 8, 213.41
1735539777, 38, 33, 36, 12, 0, 0.17%, 6, 0, 8, 151.36
1735539873, 39, 2, 36, 11, 0, 0.17%, 6, 0, 8, 138.11
1735539878, 39, 11, 36, 11, 0, 0.17%, 6, 0, 8, 133.50
1735539888, 39, 12, 36, 11, 0, 0.17%, 6, 0, 8, 131.17
1735539904, 39, 14, 36, 11, 0, 0.17%, 6, 0, 8, 142.79
1735539934, 39, 16, 36, 11, 0, 0.17%, 6, 0, 8, 147.60
1735539985, 39, 17, 36, 10, 0, 0.17%, 6, 0, 8, 145.15
1735540021, 39, 20, 36, 10, 0, 0.17%, 6, 0, 8, 240.81
1735540118, 39, 27, 36, 9, 0, 0.17%, 6, 0, 8, 205.42
1735540321, 39, 34, 36, 8, 0, 0.17%, 6, 0, 8, 204.96
1735540442, 39, 35, 36, 7, 0, 0.17%, 6, 0, 8, 162.13
1735540666, 40, 5, 36, 6, 0, 0.17%, 6, 0, 8, 128.33
1735540671, 40, 11, 36, 6, 0, 0.17%, 6, 0, 8, 123.25
1735540682, 40, 12, 36, 6, 0, 0.17%, 6, 0, 8, 132.36
1735540697, 40, 13, 36, 6, 0, 0.17%, 6, 0, 8, 156.77
1735541120, 40, 14, 36, 5, 0, 0.17%, 6, 0, 8, 145.40
1735541151, 40, 16, 36, 5, 0, 0.17%, 6, 0, 8, 139.12
1735541171, 40, 17, 36, 5, 0, 0.17%, 6, 0, 8, 134.42
1735541202, 40, 21, 36, 5, 0, 0.17%, 6, 0, 8, 140.10
1735541222, 41, 11, 36, 5, 0, 0.17%, 6, 0, 8, 139.76
1735541233, 41, 12, 36, 5, 0, 0.17%, 6, 0, 8, 133.53
1735541248, 41, 13, 36, 5, 0, 0.17%, 6, 0, 8, 141.05
1735541268, 41, 14, 36, 5, 0, 0.17%, 6, 0, 8, 145.53
1735541303, 41, 17, 36, 5, 0, 0.17%, 6, 0, 8, 140.54
1735541334, 41, 19, 36, 5, 0, 0.17%, 6, 0, 8, 169.88
1735541400, 42, 11, 36, 4, 0, 0.17%, 6, 0, 8, 137.08
1735541410, 42, 12, 36, 4, 0, 0.17%, 6, 0, 8, 135.67
1735541425, 42, 14, 36, 4, 0, 0.17%, 6, 0, 8, 147.53
1735541456, 42, 14, 37, 5, 0, 0.17%, 7, 0, 8, 147.59
1735541461, 42, 17, 37, 5, 0, 0.17%, 7, 0, 8, 145.38
1735541492, 42, 29, 37, 5, 0, 0.17%, 7, 0, 8, 181.39
1735541578, 43, 11, 37, 4, 0, 0.17%, 7, 0, 8, 129.29
1735541589, 43, 12, 37, 4, 0, 0.17%, 7, 0, 8, 136.25
1735541604, 43, 14, 37, 4, 0, 0.17%, 7, 0, 8, 146.70
1735541634, 43, 17, 37, 4, 0, 0.17%, 7, 0, 8, 136.41
1735541665, 43, 32, 37, 4, 0, 0.17%, 7, 0, 8, 147.79
1735541696, 44, 11, 37, 4, 0, 0.17%, 7, 0, 8, 130.83
1735541706, 44, 12, 37, 4, 0, 0.17%, 7, 0, 8, 133.60
1735541721, 44, 14, 37, 4, 0, 0.17%, 7, 0, 8, 139.99
1735541752, 44, 17, 37, 4, 0, 0.17%, 7, 0, 8, 146.96
1735541783, 44, 18, 37, 4, 0, 0.17%, 7, 0, 8, 149.59
1735541813, 44, 26, 37, 4, 0, 0.17%, 7, 0, 8, 168.87
1735541864, 44, 29, 37, 3, 0, 0.17%, 7, 0, 8, 144.34
1735541889, 44, 30, 37, 3, 0, 0.17%, 7, 0, 8, 140.85
1735541976, 45, 12, 37, 2, 0, 0.17%, 7, 0, 8, 139.64
1735541981, 45, 14, 37, 2, 0, 0.17%, 7, 0, 8, 137.15
1735541991, 45, 17, 37, 2, 0, 0.17%, 7, 0, 8, 151.93
1735541996, 45, 36, 37, 2, 0, 0.17%, 7, 0, 8, 196.85
1735542153, 46, 11, 37, 1, 0, 0.17%, 7, 0, 8, 142.22
1735542159, 46, 14, 37, 1, 0, 0.17%, 7, 0, 8, 141.72
1735542169, 46, 17, 37, 1, 0, 0.17%, 7, 0, 8, 138.99
1735542174, 46, 20, 37, 1, 0, 0.17%, 7, 0, 8, 158.19
1735542205, 46, 29, 37, 1, 0, 0.17%, 7, 0, 8, 141.81
1735542235, 47, 12, 37, 1, 0, 0.17%, 7, 0, 8, 138.79
1735542241, 47, 14, 37, 1, 0, 0.17%, 7, 0, 8, 141.05
1735542251, 47, 17, 37, 1, 0, 0.17%, 7, 0, 8, 136.34
1735542256, 47, 32, 37, 1, 0, 0.17%, 7, 0, 8, 149.84
1735542287, 47, 33, 37, 1, 0, 0.17%, 7, 0, 8, 133.67
1735542327, 48, 11, 37, 1, 0, 0.17%, 7, 0, 8, 129.82
1735542332, 48, 12, 37, 1, 0, 0.17%, 7, 0, 8, 139.94
1735542337, 48, 13, 37, 1, 0, 0.17%, 7, 0, 8, 178.95
1735542352, 48, 14, 37, 1, 0, 0.17%, 7, 0, 8, 133.66
1735542362, 48, 17, 37, 1, 0, 0.17%, 7, 0, 8, 137.35
1735542368, 48, 22, 37, 1, 0, 0.17%, 7, 0, 8, 144.86
1735542449, 49, 12, 37, 0, 0, 0.17%, 7, 0, 8, 147.16
1735542454, 49, 14, 37, 0, 0, 0.17%, 7, 0, 8, 141.49
1735542464, 49, 17, 37, 0, 0, 0.17%, 7, 0, 8, 138.55
1735542469, 50, 7, 37, 0, 0, 0.17%, 7, 0, 8, 144.71
1735542474, 50, 12, 37, 0, 0, 0.17%, 7, 0, 8, 142.49
1735542479, 50, 14, 37, 0, 0, 0.17%, 7, 0, 8, 136.34
1735542485, 50, 17, 37, 0, 0, 0.17%, 7, 0, 8, 133.55
1735542495, 50, 25, 37, 0, 0, 0.17%, 7, 0, 8, 148.36
1735542525, 51, 11, 37, 0, 0, 0.17%, 7, 0, 8, 130.48
1735542530, 51, 12, 37, 0, 0, 0.17%, 7, 0, 8, 135.24
1735542535, 51, 14, 37, 0, 0, 0.17%, 7, 0, 8, 137.13
1735542540, 51, 17, 37, 0, 0, 0.17%, 7, 0, 8, 145.02
1735542550, 51, 18, 37, 0, 0, 0.17%, 7, 0, 8, 152.04
1735542576, 51, 34, 37, 0, 0, 0.17%, 7, 0, 8, 144.16
1735542606, 52, 4, 37, 0, 0, 0.17%, 7, 0, 8, 149.70
1735542612, 52, 11, 37, 0, 0, 0.17%, 7, 0, 8, 145.47
1735542617, 52, 13, 37, 0, 0, 0.17%, 7, 0, 8, 154.59
1735542637, 52, 14, 37, 0, 0, 0.17%, 7, 0, 8, 131.50
1735542647, 52, 17, 37, 0, 0, 0.17%, 7, 0, 8, 141.81
1735542652, 53, 1, 37, 0, 0, 0.17%, 7, 0, 8, 140.64
1735542657, 53, 12, 37, 0, 0, 0.17%, 7, 0, 8, 139.31
1735542662, 53, 14, 37, 0, 0, 0.17%, 7, 0, 8, 137.55
1735542673, 53, 17, 37, 0, 0, 0.17%, 7, 0, 8, 137.68
1735542678, 53, 27, 37, 0, 0, 0.17%, 7, 0, 8, 152.18
1735542708, 54, 11, 37, 0, 0, 0.17%, 7, 0, 8, 135.85
1735542713, 54, 12, 37, 0, 0, 0.17%, 7, 0, 8, 138.96
1735542719, 54, 14, 37, 0, 0, 0.17%, 7, 0, 8, 147.09
1735542724, 54, 17, 37, 0, 0, 0.17%, 7, 0, 8, 147.35
1735542729, 54, 24, 37, 0, 0, 0.17%, 7, 0, 8, 141.48
1735542749, 54, 25, 37, 0, 0, 0.17%, 7, 0, 8, 145.06
1735542785, 55, 12, 37, 0, 0, 0.17%, 7, 0, 8, 134.46
1735542790, 55, 14, 37, 0, 0, 0.17%, 7, 0, 8, 141.87
1735542795, 55, 17, 37, 0, 0, 0.17%, 7, 0, 8, 151.63
1735542805, 55, 23, 37, 0, 0, 0.17%, 7, 0, 8, 164.10
1735542836, 55, 35, 37, 0, 0, 0.17%, 7, 0, 8, 161.02
1735542871, 56, 11, 37, 0, 0, 0.17%, 7, 0, 8, 144.22
1735542877, 56, 12, 37, 0, 0, 0.17%, 7, 0, 8, 140.74
1735542882, 56, 13, 37, 0, 0, 0.17%, 7, 0, 8, 174.80
1735542897, 56, 14, 37, 0, 0, 0.17%, 7, 0, 8, 145.93
1735542907, 56, 17, 37, 0, 0, 0.17%, 7, 0, 8, 141.08
1735542912, 56, 33, 37, 0, 0, 0.17%, 7, 0, 8, 140.99
1735542953, 57, 11, 37, 0, 0, 0.17%, 7, 0, 8, 142.65
1735542958, 57, 12, 37, 0, 0, 0.17%, 7, 0, 8, 140.40
1735542963, 57, 14, 37, 0, 0, 0.17%, 7, 0, 8, 146.77
1735542968, 57, 17, 37, 0, 0, 0.17%, 7, 0, 8, 142.78
1735542978, 58, 12, 37, 0, 0, 0.17%, 7, 0, 8, 134.12
1735542983, 58, 14, 37, 0, 0, 0.17%, 7, 0, 8, 138.74
1735542989, 58, 17, 37, 0, 0, 0.17%, 7, 0, 8, 146.40
1735542999, 59, 12, 37, 0, 0, 0.17%, 7, 0, 8, 136.42
1735543004, 59, 14, 37, 0, 0, 0.17%, 7, 0, 8, 139.63
1735543014, 59, 17, 37, 0, 0, 0.17%, 7, 0, 8, 137.14
1735543019, 59, 20, 37, 0, 0, 0.17%, 7, 0, 8, 140.52
1735543050, 59, 23, 37, 0, 0, 0.17%, 7, 0, 8, 175.76
1735543075, 60, 5, 37, 0, 0, 0.17%, 7, 0, 8, 146.47
1735543080, 60, 12, 37, 0, 0, 0.17%, 7, 0, 8, 140.80
1735543086, 60, 14, 37, 0, 0, 0.17%, 7, 0, 8, 143.80
1735543091, 60, 17, 37, 0, 0, 0.17%, 7, 0, 8, 151.15
1735543101, 60, 23, 37, 0, 0, 0.17%, 7, 0, 8, 170.81
1735543131, 60, 24, 37, 0, 0, 0.17%, 7, 0, 8, 137.41
1735543152, 61, 11, 37, 0, 0, 0.17%, 7, 0, 8, 135.40
1735543157, 61, 14, 37, 0, 0, 0.17%, 7, 0, 8, 142.50
1735543167, 61, 17, 37, 0, 0, 0.17%, 7, 0, 8, 136.15
1735543172, 61, 31, 37, 0, 0, 0.17%, 7, 0, 8, 150.66
1735543208, 62, 11, 37, 0, 0, 0.17%, 7, 0, 8, 139.18
1735543213, 62, 12, 37, 0, 0, 0.17%, 7, 0, 8, 141.54
1735543218, 62, 14, 37, 0, 0, 0.17%, 7, 0, 8, 139.38
1735543223, 62, 17, 37, 0, 0, 0.17%, 7, 0, 8, 144.78
1735543233, 63, 12, 37, 0, 0, 0.17%, 7, 0, 8, 136.88
1735543238, 63, 14, 37, 0, 0, 0.17%, 7, 0, 8, 143.26
1735543248, 63, 17, 37, 0, 0, 0.17%, 7, 0, 8, 134.50
1735543254, 63, 29, 37, 0, 0, 0.17%, 7, 0, 8, 135.75
1735543284, 64, 11, 37, 0, 0, 0.17%, 7, 0, 8, 141.25
1735543289, 64, 12, 37, 0, 0, 0.17%, 7, 0, 8, 137.52
1735543294, 64, 13, 37, 0, 0, 0.17%, 7, 0, 8, 171.48
1735543310, 64, 14, 37, 0, 0, 0.17%, 7, 0, 8, 129.97
1735543320, 64, 17, 37, 0, 0, 0.17%, 7, 0, 8, 139.23
1735543330, 64, 29, 37, 0, 0, 0.17%, 7, 0, 8, 143.82
1735543360, 64, 30, 37, 0, 0, 0.17%, 7, 0, 8, 131.36
1735543391, 64, 32, 37, 0, 0, 0.17%, 7, 0, 8, 160.54
1735543421, 65, 12, 37, 0, 0, 0.17%, 7, 0, 8, 134.48
1735543426, 65, 14, 37, 0, 0, 0.17%, 7, 0, 8, 142.00
1735543431, 65, 17, 37, 0, 0, 0.17%, 7, 0, 8, 138.24
1735543441, 66, 11, 37, 0, 0, 0.17%, 7, 0, 8, 137.62
1735543447, 66, 12, 37, 0, 0, 0.17%, 7, 0, 8, 141.73
1735543452, 66, 14, 37, 0, 0, 0.17%, 7, 0, 8, 137.58
1735543457, 66, 17, 37, 0, 0, 0.17%, 7, 0, 8, 141.28
1735543467, 66, 26, 37, 0, 0, 0.17%, 7, 0, 8, 145.02
1735543488, 67, 12, 37, 0, 0, 0.17%, 7, 0, 8, 138.01
1735543493, 67, 14, 37, 0, 0, 0.17%, 7, 0, 8, 141.44
1735543498, 67, 17, 37, 0, 0, 0.17%, 7, 0, 8, 146.03
1735543508, 67, 32, 37, 0, 0, 0.17%, 7, 0, 8, 148.79
1735543539, 68, 11, 37, 0, 0, 0.17%, 7, 0, 8, 141.36
1735543544, 68, 12, 37, 0, 0, 0.17%, 7, 0, 8, 138.36
1735543549, 68, 14, 37, 0, 0, 0.17%, 7, 0, 8, 146.72
1735543554, 68, 17, 37, 0, 0, 0.17%, 7, 0, 8, 142.02
1735543564, 69, 12, 37, 0, 0, 0.17%, 7, 0, 8, 136.09
1735543569, 69, 14, 37, 0, 0, 0.17%, 7, 0, 8, 137.26
1735543574, 69, 17, 37, 0, 0, 0.17%, 7, 0, 8, 139.01
1735543584, 69, 30, 37, 0, 0, 0.17%, 7, 0, 8, 141.01
1735543615, 70, 11, 37, 0, 0, 0.17%, 7, 0, 8, 146.99
1735543620, 70, 12, 37, 0, 0, 0.17%, 7, 0, 8, 149.04
1735543625, 70, 14, 37, 0, 0, 0.17%, 7, 0, 8, 139.49
1735543630, 70, 17, 37, 0, 0, 0.17%, 7, 0, 8, 139.02
1735543640, 70, 20, 37, 0, 0, 0.17%, 7, 0, 8, 168.33
1735543666, 70, 26, 37, 0, 0, 0.17%, 7, 0, 8, 139.05
1735543686, 71, 11, 37, 0, 0, 0.17%, 7, 0, 8, 133.24
1735543691, 71, 12, 37, 0, 0, 0.17%, 7, 0, 8, 132.60
1735543696, 71, 14, 37, 0, 0, 0.17%, 7, 0, 8, 139.65
1735543701, 71, 17, 37, 0, 0, 0.17%, 7, 0, 8, 141.92
1735543712, 71, 21, 37, 0, 0, 0.17%, 7, 0, 8, 154.76
1735543732, 72, 12, 37, 0, 0, 0.17%, 7, 0, 8, 129.64
1735543737, 72, 14, 37, 0, 0, 0.17%, 7, 0, 8, 140.16
1735543747, 72, 17, 37, 0, 0, 0.17%, 7, 0, 8, 140.32
1735543752, 72, 21, 37, 0, 0, 0.17%, 7, 0, 8, 144.81
1735543772, 72, 36, 37, 0, 0, 0.17%, 7, 0, 8, 165.09
1735543802, 73, 12, 37, 0, 0, 0.17%, 7, 0, 8, 143.24
1735543808, 73, 14, 37, 0, 0, 0.17%, 7, 0, 8, 142.12
1735543813, 73, 17, 37, 0, 0, 0.17%, 7, 0, 8, 142.87
1735543823, 73, 29, 37, 0, 0, 0.17%, 7, 0, 8, 144.57
1735543854, 73, 33, 37, 0, 0, 0.17%, 7, 0, 8, 154.12
1735543894, 74, 7, 37, 0, 0, 0.17%, 7, 0, 8, 130.73
1735543899, 74, 12, 37, 0, 0, 0.17%, 7, 0, 8, 137.79
1735543904, 74, 14, 37, 0, 0, 0.17%, 7, 0, 8, 139.95
1735543910, 74, 15, 37, 0, 0, 0.17%, 7, 0, 8, 142.49
1735543930, 74, 17, 37, 0, 0, 0.17%, 7, 0, 8, 138.97
1735543940, 74, 24, 37, 0, 0, 0.17%, 7, 0, 8, 142.02
1735543960, 75, 11, 37, 0, 0, 0.17%, 7, 0, 8, 143.70
1735543965, 75, 12, 37, 0, 0, 0.17%, 7, 0, 8, 134.52
1735543970, 75, 14, 37, 0, 0, 0.17%, 7, 0, 8, 144.23
1735543975, 75, 17, 37, 0, 0, 0.17%, 7, 0, 8, 138.47
1735543985, 76, 11, 37, 0, 0, 0.17%, 7, 0, 8, 144.05
1735543990, 76, 12, 37, 0, 0, 0.17%, 7, 0, 8, 138.01
1735543995, 76, 14, 37, 0, 0, 0.17%, 7, 0, 8, 145.41
1735544001, 76, 17, 37, 0, 0, 0.17%, 7, 0, 8, 140.32
1735544011, 76, 27, 37, 0, 0, 0.17%, 7, 0, 8, 153.62
1735544041, 77, 12, 37, 0, 0, 0.17%, 7, 0, 8, 137.32
1735544046, 77, 14, 37, 0, 0, 0.17%, 7, 0, 8, 146.34
1735544051, 77, 17, 37, 0, 0, 0.17%, 7, 0, 8, 144.47
1735544062, 78, 12, 37, 0, 0, 0.17%, 7, 0, 8, 132.44
1735544067, 78, 14, 37, 0, 0, 0.17%, 7, 0, 8, 141.05
1735544077, 78, 16, 37, 0, 0, 0.17%, 7, 0, 8, 133.57
1735544097, 78, 17, 37, 0, 0, 0.17%, 7, 0, 8, 155.93
1735544102, 78, 23, 37, 0, 0, 0.17%, 7, 0, 8, 163.40
1735544132, 78, 26, 37, 0, 0, 0.17%, 7, 0, 8, 145.70
1735544153, 79, 12, 37, 0, 0, 0.17%, 7, 0, 8, 138.61
1735544158, 79, 14, 37, 0, 0, 0.17%, 7, 0, 8, 139.93
1735544168, 79, 17, 37, 0, 0, 0.17%, 7, 0, 8, 140.57
1735544173, 79, 35, 37, 0, 0, 0.17%, 7, 0, 8, 152.97
1735544214, 80, 1, 37, 0, 0, 0.17%, 7, 0, 8, 134.60
1735544219, 80, 11, 37, 0, 0, 0.17%, 7, 0, 8, 137.65
1735544224, 80, 14, 37, 0, 0, 0.17%, 7, 0, 8, 139.03
1735544234, 80, 17, 37, 0, 0, 0.17%, 7, 0, 8, 141.91
1735544239, 81, 11, 37, 0, 0, 0.17%, 7, 0, 8, 150.30
1735544244, 81, 12, 37, 0, 0, 0.17%, 7, 0, 8, 142.30
1735544249, 81, 14, 37, 0, 0, 0.17%, 7, 0, 8, 137.22
1735544254, 81, 17, 37, 0, 0, 0.17%, 7, 0, 8, 134.73
1735544264, 81, 27, 37, 0, 0, 0.17%, 7, 0, 8, 153.64
1735544295, 82, 12, 37, 0, 0, 0.17%, 7, 0, 8, 135.50
1735544300, 82, 14, 37, 0, 0, 0.17%, 7, 0, 8, 136.68
1735544310, 82, 17, 37, 0, 0, 0.17%, 7, 0, 8, 142.45
1735544315, 82, 31, 37, 0, 0, 0.17%, 7, 0, 8, 146.36
1735544346, 83, 0, 37, 0, 0, 0.17%, 7, 0, 8, 144.96
1735544351, 83, 12, 37, 0, 0, 0.17%, 7, 0, 8, 138.22
1735544356, 83, 14, 37, 0, 0, 0.17%, 7, 0, 8, 148.31
1735544361, 83, 17, 37, 0, 0, 0.17%, 7, 0, 8, 142.41
1735544371, 83, 22, 37, 0, 0, 0.17%, 7, 0, 8, 142.94
1735544401, 83, 26, 37, 0, 0, 0.17%, 7, 0, 8, 144.17
1735544422, 84, 2, 37, 0, 0, 0.17%, 7, 0, 8, 147.62
1735544427, 84, 12, 37, 0, 0, 0.17%, 7, 0, 8, 136.45
1735544432, 84, 14, 37, 0, 0, 0.17%, 7, 0, 8, 142.37
1735544437, 84, 17, 37, 0, 0, 0.17%, 7, 0, 8, 152.85
1735544447, 84, 25, 37, 0, 0, 0.17%, 7, 0, 8, 131.69
1735544477, 84, 35, 37, 0, 0, 0.17%, 7, 0, 8, 139.12
1735544518, 85, 7, 37, 0, 0, 0.17%, 7, 0, 8, 133.47
1735544523, 85, 12, 37, 0, 0, 0.17%, 7, 0, 8, 133.36
1735544528, 85, 14, 37, 0, 0, 0.17%, 7, 0, 8, 138.53
1735544539, 85, 17, 37, 0, 0, 0.17%, 7, 0, 8, 136.20
1735544544, 86, 11, 37, 0, 0, 0.17%, 7, 0, 8, 133.87
1735544549, 86, 12, 37, 0, 0, 0.17%, 7, 0, 8, 137.22
1735544554, 86, 14, 37, 0, 0, 0.17%, 7, 0, 8, 142.77
1735544559, 86, 17, 37, 0, 0, 0.17%, 7, 0, 8, 144.18
1735544569, 86, 23, 37, 0, 0, 0.17%, 7, 0, 8, 182.11
1735544595, 86, 29, 37, 0, 0, 0.17%, 7, 0, 8, 134.03
1735544631, 86, 34, 37, 0, 0, 0.17%, 7, 0, 8, 167.35
1735544656, 87, 9, 37, 0, 0, 0.17%, 7, 0, 8, 159.31
1735544661, 87, 12, 37, 0, 0, 0.17%, 7, 0, 8, 134.80
1735544666, 87, 14, 37, 0, 0, 0.17%, 7, 0, 8, 145.45
1735544671, 87, 17, 37, 0, 0, 0.17%, 7, 0, 8, 145.25
1735544681, 88, 10, 37, 0, 0, 0.17%, 7, 0, 8, 133.73
1735544692, 88, 11, 37, 0, 0, 0.17%, 7, 0, 8, 137.11
1735544697, 88, 12, 37, 0, 0, 0.17%, 7, 0, 8, 137.62
1735544702, 88, 14, 37, 0, 0, 0.17%, 7, 0, 8, 135.80
1735544707, 88, 16, 37, 0, 0, 0.17%, 7, 0, 8, 137.41
1735544728, 88, 17, 37, 0, 0, 0.17%, 7, 0, 8, 142.46
1735544738, 88, 22, 37, 0, 0, 0.17%, 7, 0, 8, 144.18
1735544769, 88, 28, 37, 0, 0, 0.17%, 7, 0, 8, 161.50
1735544794, 88, 29, 37, 0, 0, 0.17%, 7, 0, 8, 153.96
1735544825, 88, 32, 37, 0, 0, 0.17%, 7, 0, 8, 156.79
1735544856, 89, 12, 37, 0, 0, 0.17%, 7, 0, 8, 140.13
1735544861, 89, 14, 37, 0, 0, 0.17%, 7, 0, 8, 146.28
1735544871, 89, 17, 37, 0, 0, 0.17%, 7, 0, 8, 151.33
1735544876, 89, 35, 37, 0, 0, 0.17%, 7, 0, 8, 159.61
1735544917, 90, 11, 37, 0, 0, 0.17%, 7, 0, 8, 137.71
1735544922, 90, 14, 37, 0, 0, 0.17%, 7, 0, 8, 140.17
1735544932, 90, 17, 37, 0, 0, 0.17%, 7, 0, 8, 138.67
1735544937, 90, 31, 37, 0, 0, 0.17%, 7, 0, 8, 145.31
1735544973, 91, 12, 37, 0, 0, 0.17%, 7, 0, 8, 138.25
1735544978, 91, 14, 37, 0, 0, 0.17%, 7, 0, 8, 141.65
1735544983, 91, 17, 37, 0, 0, 0.17%, 7, 0, 8, 140.06
1735544993, 91, 18, 37, 0, 0, 0.17%, 7, 0, 8, 151.23
1735545023, 91, 21, 37, 0, 0, 0.17%, 7, 0, 8, 153.60
1735545044, 91, 27, 37, 0, 0, 0.17%, 7, 0, 8, 153.31
1735545074, 91, 31, 37, 0, 0, 0.17%, 7, 0, 8, 144.88
1735545105, 91, 33, 37, 0, 0, 0.17%, 7, 0, 8, 151.31
1735545145, 91, 35, 37, 0, 0, 0.17%, 7, 0, 8, 130.29
1735545186, 92, 0, 37, 0, 0, 0.17%, 7, 0, 8, 131.18
1735545191, 92, 12, 37, 0, 0, 0.17%, 7, 0, 8, 133.07
1735545196, 92, 14, 37, 0, 0, 0.17%, 7, 0, 8, 133.59
1735545206, 92, 17, 37, 0, 0, 0.17%, 7, 0, 8, 144.73
1735545211, 92, 35, 37, 0, 0, 0.17%, 7, 0, 8, 143.20
1735545252, 93, 10, 37, 0, 0, 0.17%, 7, 0, 8, 138.63
1735545262, 93, 11, 37, 0, 0, 0.17%, 7, 0, 8, 144.06
1735545267, 93, 14, 37, 0, 0, 0.17%, 7, 0, 8, 141.26
1735545277, 93, 17, 37, 0, 0, 0.17%, 7, 0, 8, 149.68
1735545282, 93, 25, 37, 0, 0, 0.17%, 7, 0, 8, 138.79
1735545313, 94, 11, 37, 0, 0, 0.17%, 7, 0, 8, 130.18
1735545318, 94, 12, 37, 0, 0, 0.17%, 7, 0, 8, 141.04
1735545323, 94, 14, 37, 0, 0, 0.17%, 7, 0, 8, 149.68
1735545329, 94, 17, 37, 0, 0, 0.17%, 7, 0, 8, 140.60
1735545334, 95, 11, 37, 0, 0, 0.17%, 7, 0, 8, 137.01
1735545339, 95, 12, 37, 0, 0, 0.17%, 7, 0, 8, 137.46
1735545344, 95, 14, 37, 0, 0, 0.17%, 7, 0, 8, 140.46
1735545349, 95, 17, 37, 0, 0, 0.17%, 7, 0, 8, 139.00
1735545359, 95, 25, 37, 0, 0, 0.17%, 7, 0, 8, 134.31
1735545390, 96, 5, 37, 0, 0, 0.17%, 7, 0, 8, 141.75
1735545395, 96, 11, 37, 0, 0, 0.17%, 7, 0, 8, 133.18
1735545400, 96, 14, 37, 0, 0, 0.17%, 7, 0, 8, 140.86
1735545410, 96, 17, 37, 0, 0, 0.17%, 7, 0, 8, 137.76
1735545415, 96, 35, 37, 0, 0, 0.17%, 7, 0, 8, 136.96
1735545461, 97, 12, 37, 0, 0, 0.17%, 7, 0, 8, 138.66
1735545466, 97, 14, 37, 0, 0, 0.17%, 7, 0, 8, 142.76
1735545476, 97, 17, 37, 0, 0, 0.17%, 7, 0, 8, 141.37
1735545481, 97, 20, 37, 0, 0, 0.17%, 7, 0, 8, 150.70
1735545512, 98, 12, 37, 0, 0, 0.17%, 7, 0, 8, 143.94
1735545517, 98, 14, 37, 0, 0, 0.17%, 7, 0, 8, 139.02
1735545527, 98, 17, 37, 0, 0, 0.17%, 7, 0, 8, 145.56
1735545532, 98, 25, 37, 0, 0, 0.17%, 7, 0, 8, 144.26
1735545568, 99, 12, 37, 0, 0, 0.17%, 7, 0, 8, 136.57
1735545573, 99, 14, 37, 0, 0, 0.17%, 7, 0, 8, 142.88
1735545578, 99, 17, 37, 0, 0, 0.17%, 7, 0, 8, 145.44
1735545588, 100, 11, 37, 0, 0, 0.17%, 7, 0, 8, 133.43
1735545593, 100, 14, 37, 0, 0, 0.17%, 7, 0, 8, 135.15
1735545604, 100, 17, 37, 0, 0, 0.17%, 7, 0, 8, 147.20
1735545609, 100, 36, 37, 0, 0, 0.17%, 7, 0, 8, 156.11
1735545639, 101, 5, 37, 0, 0, 0.17%, 7, 0, 8, 150.57
1735545644, 101, 12, 37, 0, 0, 0.17%, 7, 0, 8, 135.80
1735545649, 101, 14, 37, 0, 0, 0.17%, 7, 0, 8, 140.90
1735545655, 101, 17, 37, 0, 0, 0.17%, 7, 0, 8, 140.97
1735545665, 101, 21, 37, 0, 0, 0.17%, 7, 0, 8, 154.30
1735545685, 101, 32, 37, 0, 0, 0.17%, 7, 0, 8, 170.31
1735545710, 102, 11, 37, 0, 0, 0.17%, 7, 0, 8, 150.35
1735545715, 102, 12, 37, 0, 0, 0.17%, 7, 0, 8, 139.77
1735545721, 102, 14, 37, 0, 0, 0.17%, 7, 0, 8, 141.64
1735545726, 102, 17, 37, 0, 0, 0.17%, 7, 0, 8, 139.93
1735545736, 103, 12, 37, 0, 0, 0.17%, 7, 0, 8, 132.39
1735545741, 103, 14, 37, 0, 0, 0.17%, 7, 0, 8, 139.24
1735545751, 103, 17, 37, 0, 0, 0.17%, 7, 0, 8, 139.19
1735545756, 103, 35, 37, 0, 0, 0.17%, 7, 0, 8, 153.55
1735545797, 104, 11, 37, 0, 0, 0.17%, 7, 0, 8, 138.81
1735545802, 104, 14, 37, 0, 0, 0.17%, 7, 0, 8, 143.80
1735545812, 104, 17, 37, 0, 0, 0.17%, 7, 0, 8, 135.45
1735545817, 104, 35, 37, 0, 0, 0.17%, 7, 0, 8, 140.14
1735545838, 105, 11, 37, 0, 0, 0.17%, 7, 0, 8, 144.93
1735545843, 105, 12, 37, 0, 0, 0.17%, 7, 0, 8, 133.64
1735545848, 105, 14, 37, 0, 0, 0.17%, 7, 0, 8, 138.53
1735545853, 105, 17, 37, 0, 0, 0.17%, 7, 0, 8, 142.64
1735545863, 105, 20, 37, 0, 0, 0.17%, 7, 0, 8, 165.91
1735545888, 106, 11, 37, 0, 0, 0.17%, 7, 0, 8, 135.00
1735545893, 106, 12, 37, 0, 0, 0.17%, 7, 0, 8, 135.24
1735545898, 106, 14, 37, 0, 0, 0.17%, 7, 0, 8, 136.31
1735545904, 106, 17, 37, 0, 0, 0.17%, 7, 0, 8, 142.53
1735545914, 107, 12, 37, 0, 0, 0.17%, 7, 0, 8, 141.16
1735545919, 107, 13, 37, 0, 0, 0.17%, 7, 0, 8, 154.48
1735545940, 107, 14, 37, 0, 0, 0.17%, 7, 0, 8, 144.09
1735545945, 107, 17, 37, 0, 0, 0.17%, 7, 0, 8, 143.68
1735545955, 107, 27, 37, 0, 0, 0.17%, 7, 0, 8, 153.25
1735545985, 108, 11, 37, 0, 0, 0.17%, 7, 0, 8, 139.29
1735545991, 108, 14, 37, 0, 0, 0.17%, 7, 0, 8, 140.32
1735546001, 108, 17, 37, 0, 0, 0.17%, 7, 0, 8, 137.28
1735546006, 109, 11, 37, 0, 0, 0.17%, 7, 0, 8, 137.39
1735546011, 109, 12, 37, 0, 0, 0.17%, 7, 0, 8, 138.79
1735546016, 109, 14, 37, 0, 0, 0.17%, 7, 0, 8, 132.05
1735546021, 109, 17, 37, 0, 0, 0.17%, 7, 0, 8, 141.75
1735546032, 109, 19, 37, 0, 0, 0.17%, 7, 0, 8, 144.90
1735546062, 110, 11, 37, 0, 0, 0.17%, 7, 0, 8, 136.08
1735546067, 110, 12, 37, 0, 0, 0.17%, 7, 0, 8, 137.14
1735546072, 110, 14, 37, 0, 0, 0.17%, 7, 0, 8, 140.88
1735546077, 110, 17, 37, 0, 0, 0.17%, 7, 0, 8, 142.15
1735546087, 111, 11, 37, 0, 0, 0.17%, 7, 0, 8, 139.97
1735546092, 111, 14, 37, 0, 0, 0.17%, 7, 0, 8, 139.53
1735546102, 111, 17, 37, 0, 0, 0.17%, 7, 0, 8, 136.12
1735546107, 112, 11, 37, 0, 0, 0.17%, 7, 0, 8, 143.21
1735546113, 112, 12, 37, 0, 0, 0.17%, 7, 0, 8, 140.23
1735546118, 112, 14, 37, 0, 0, 0.17%, 7, 0, 8, 137.77
1735546123, 112, 17, 37, 0, 0, 0.17%, 7, 0, 8, 143.71
1735546133, 113, 10, 37, 0, 0, 0.17%, 7, 0, 8, 142.46
1735546143, 113, 12, 37, 0, 0, 0.17%, 7, 0, 8, 140.26
1735546148, 113, 14, 37, 0, 0, 0.17%, 7, 0, 8, 140.54
1735546153, 113, 17, 37, 0, 0, 0.17%, 7, 0, 8, 142.99
1735546164, 113, 24, 37, 0, 0, 0.17%, 7, 0, 8, 142.30
1735546184, 114, 11, 37, 0, 0, 0.17%, 7, 0, 8, 142.75
1735546189, 114, 14, 37, 0, 0, 0.17%, 7, 0, 8, 137.02
1735546199, 114, 17, 37, 0, 0, 0.17%, 7, 0, 8, 145.30
1735546205, 114, 32, 37, 0, 0, 0.17%, 7, 0, 8, 133.88
1735546235, 115, 9, 37, 0, 0, 0.17%, 7, 0, 8, 138.40
1735546240, 115, 12, 37, 0, 0, 0.17%, 7, 0, 8, 138.58
1735546245, 115, 14, 37, 0, 0, 0.17%, 7, 0, 8, 142.38
1735546251, 115, 17, 37, 0, 0, 0.17%, 7, 0, 8, 142.89
1735546261, 115, 34, 37, 0, 0, 0.17%, 7, 0, 8, 158.47
1735546291, 116, 12, 37, 0, 0, 0.17%, 7, 0, 8, 145.61
1735546296, 116, 14, 37, 0, 0, 0.17%, 7, 0, 8, 143.49
1735546301, 116, 17, 37, 0, 0, 0.17%, 7, 0, 8, 136.85
1735546312, 116, 30, 37, 0, 0, 0.17%, 7, 0, 8, 139.19
1735546342, 116, 33, 37, 0, 0, 0.17%, 7, 0, 8, 156.29
1735546383, 117, 10, 37, 0, 0, 0.17%, 7, 0, 8, 144.41
1735546393, 117, 11, 37, 0, 0, 0.17%, 7, 0, 8, 134.09
1735546398, 117, 14, 37, 0, 0, 0.17%, 7, 0, 8, 140.53
1735546408, 117, 17, 37, 0, 0, 0.17%, 7, 0, 8, 145.95
1735546413, 117, 27, 37, 0, 0, 0.17%, 7, 0, 8, 147.44
1735546444, 117, 32, 37, 0, 0, 0.17%, 7, 0, 8, 135.14
1735546474, 118, 12, 37, 0, 0, 0.17%, 7, 0, 8, 132.39
1735546479, 118, 14, 37, 0, 0, 0.17%, 7, 0, 8, 135.00
1735546490, 118, 17, 37, 0, 0, 0.17%, 7, 0, 8, 133.13
1735546495, 118, 21, 37, 0, 0, 0.17%, 7, 0, 8, 141.91
1735546515, 119, 11, 37, 0, 0, 0.17%, 7, 0, 8, 147.12
1735546520, 119, 14, 37, 0, 0, 0.17%, 7, 0, 8, 138.14
1735546530, 119, 17, 37, 0, 0, 0.17%, 7, 0, 8, 147.99
1735546535, 120, 2, 37, 0, 0, 0.17%, 7, 0, 8, 138.62
1735546540, 120, 12, 37, 0, 0, 0.17%, 7, 0, 8, 133.80
1735546545, 120, 14, 37, 0, 0, 0.17%, 7, 0, 8, 136.29
1735546551, 120, 17, 37, 0, 0, 0.17%, 7, 0, 8, 135.16
1735546561, 120, 23, 37, 0, 0, 0.17%, 7, 0, 8, 179.59
1735546591, 121, 11, 37, 0, 0, 0.17%, 7, 0, 8, 137.09
1735546596, 121, 13, 37, 0, 0, 0.17%, 7, 0, 8, 147.40
1735546617, 121, 14, 37, 0, 0, 0.17%, 7, 0, 8, 146.16
1735546627, 121, 17, 37, 0, 0, 0.17%, 7, 0, 8, 149.60
1735546632, 122, 11, 37, 0, 0, 0.17%, 7, 0, 8, 137.96
1735546637, 122, 14, 37, 0, 0, 0.17%, 7, 0, 8, 141.71
1735546648, 122, 17, 37, 0, 0, 0.17%, 7, 0, 8, 137.10
1735546653, 123, 11, 37, 0, 0, 0.17%, 7, 0, 8, 137.39
1735546658, 123, 12, 37, 0, 0, 0.17%, 7, 0, 8, 140.20
1735546663, 123, 14, 37, 0, 0, 0.17%, 7, 0, 8, 138.74
1735546668, 123, 17, 37, 0, 0, 0.17%, 7, 0, 8, 141.31
1735546673, 123, 20, 37, 0, 0, 0.17%, 7, 0, 8, 162.33
1735546704, 124, 11, 37, 0, 0, 0.17%, 7, 0, 8, 127.80
1735546709, 124, 12, 37, 0, 0, 0.17%, 7, 0, 8, 134.92
1735546714, 124, 14, 37, 0, 0, 0.17%, 7, 0, 8, 137.98
1735546719, 124, 17, 37, 0, 0, 0.17%, 7, 0, 8, 139.35
1735546729, 124, 22, 37, 0, 0, 0.17%, 7, 0, 8, 142.89
1735546759, 125, 11, 37, 0, 0, 0.17%, 7, 0, 8, 131.67
1735546764, 125, 12, 37, 0, 0, 0.17%, 7, 0, 8, 133.73
1735546770, 125, 14, 37, 0, 0, 0.17%, 7, 0, 8, 146.48
1735546775, 125, 17, 37, 0, 0, 0.17%, 7, 0, 8, 142.35
1735546785, 125, 31, 37, 0, 0, 0.17%, 7, 0, 8, 147.71
1735546810, 126, 11, 37, 0, 0, 0.17%, 7, 0, 8, 127.92
1735546815, 126, 12, 37, 0, 0, 0.17%, 7, 0, 8, 135.77
1735546820, 126, 14, 37, 0, 0, 0.17%, 7, 0, 8, 142.26
1735546825, 126, 17, 37, 0, 0, 0.17%, 7, 0, 8, 141.52
1735546836, 126, 24, 37, 0, 0, 0.17%, 7, 0, 8, 140.67
1735546856, 127, 12, 37, 0, 0, 0.17%, 7, 0, 8, 130.07
1735546861, 127, 14, 37, 0, 0, 0.17%, 7, 0, 8, 142.40
1735546871, 127, 17, 37, 0, 0, 0.17%, 7, 0, 8, 140.78
1735546876, 127, 19, 37, 0, 0, 0.17%, 7, 0, 8, 142.23
1735546907, 127, 27, 37, 0, 0, 0.17%, 7, 0, 8, 144.36
1735546938, 127, 32, 37, 0, 0, 0.17%, 7, 0, 8, 145.94
1735546953, 128, 11, 37, 0, 0, 0.17%, 7, 0, 8, 131.01
1735546958, 128, 12, 37, 0, 0, 0.17%, 7, 0, 8, 136.51
1735546964, 128, 14, 37, 0, 0, 0.17%, 7, 0, 8, 138.68
1735546969, 128, 17, 37, 0, 0, 0.17%, 7, 0, 8, 140.96
1735546979, 128, 36, 37, 0, 0, 0.17%, 7, 0, 8, 162.27
1735547004, 129, 11, 37, 0, 0, 0.17%, 7, 0, 8, 139.76
1735547009, 129, 14, 37, 0, 0, 0.17%, 7, 0, 8, 142.21
1735547020, 129, 17, 37, 0, 0, 0.17%, 7, 0, 8, 138.70
1735547025, 129, 29, 37, 0, 0, 0.17%, 7, 0, 8, 141.90
1735547060, 130, 12, 37, 0, 0, 0.17%, 7, 0, 8, 134.97
1735547066, 130, 14, 37, 0, 0, 0.17%, 7, 0, 8, 139.73
1735547076, 130, 17, 37, 0, 0, 0.17%, 7, 0, 8, 136.25
1735547081, 131, 11, 37, 0, 0, 0.17%, 7, 0, 8, 137.35
1735547086, 131, 14, 37, 0, 0, 0.17%, 7, 0, 8, 141.28
1735547096, 131, 17, 37, 0, 0, 0.17%, 7, 0, 8, 140.13
1735547101, 131, 24, 37, 0, 0, 0.17%, 7, 0, 8, 135.84
1735547122, 132, 11, 37, 0, 0, 0.17%, 7, 0, 8, 146.11
1735547127, 132, 12, 37, 0, 0, 0.17%, 7, 0, 8, 135.24
1735547132, 132, 14, 37, 0, 0, 0.17%, 7, 0, 8, 144.32
1735547137, 132, 17, 37, 0, 0, 0.17%, 7, 0, 8, 147.63
1735547148, 133, 12, 37, 0, 0, 0.17%, 7, 0, 8, 135.15
1735547153, 133, 14, 37, 0, 0, 0.17%, 7, 0, 8, 138.87
1735547158, 133, 17, 37, 0, 0, 0.17%, 7, 0, 8, 137.87
1735547168, 133, 19, 37, 0, 0, 0.17%, 7, 0, 8, 146.64
1735547199, 134, 11, 37, 0, 0, 0.17%, 7, 0, 8, 132.38
1735547204, 134, 12, 37, 0, 0, 0.17%, 7, 0, 8, 137.77
1735547209, 134, 14, 37, 0, 0, 0.17%, 7, 0, 8, 136.74
1735547214, 134, 17, 37, 0, 0, 0.17%, 7, 0, 8, 145.48
1735547225, 134, 31, 37, 0, 0, 0.17%, 7, 0, 8, 148.18
1735547250, 135, 11, 37, 0, 0, 0.17%, 7, 0, 8, 139.55
1735547255, 135, 12, 37, 0, 0, 0.17%, 7, 0, 8, 134.76
1735547260, 135, 13, 37, 0, 0, 0.17%, 7, 0, 8, 171.49
1735547275, 135, 14, 37, 0, 0, 0.17%, 7, 0, 8, 134.54
1735547286, 135, 17, 37, 0, 0, 0.17%, 7, 0, 8, 151.37
1735547291, 135, 19, 37, 0, 0, 0.17%, 7, 0, 8, 148.44
1735547327, 135, 30, 37, 0, 0, 0.17%, 7, 0, 8, 136.42
1735547357, 136, 12, 37, 0, 0, 0.17%, 7, 0, 8, 137.81
1735547362, 136, 14, 37, 0, 0, 0.17%, 7, 0, 8, 133.85
1735547367, 136, 17, 37, 0, 0, 0.17%, 7, 0, 8, 143.05
1735547378, 136, 21, 37, 0, 0, 0.17%, 7, 0, 8, 148.89
1735547398, 137, 12, 37, 0, 0, 0.17%, 7, 0, 8, 136.45
1735547403, 137, 14, 37, 0, 0, 0.17%, 7, 0, 8, 133.95
1735547413, 137, 17, 37, 0, 0, 0.17%, 7, 0, 8, 135.47
1735547419, 137, 35, 37, 0, 0, 0.17%, 7, 0, 8, 141.18
1735547444, 138, 12, 37, 0, 0, 0.17%, 7, 0, 8, 135.62
1735547449, 138, 14, 37, 0, 0, 0.17%, 7, 0, 8, 133.47
