# unix_time, cycles_done, cur_path, paths_total, pending_total, pending_favs, map_size, unique_crashes, unique_hangs, max_depth, execs_per_sec
1735752022, 0, 0, 10, 10, 1, 0.01%, 0, 0, 1, 84.03
1735752028, 0, 2, 10, 10, 1, 0.01%, 0, 0, 1, 104.31
1735752033, 0, 3, 10, 9, 0, 0.01%, 0, 0, 1, 102.92
1735752043, 0, 4, 10, 8, 0, 0.01%, 0, 0, 1, 101.26
1735752048, 0, 4, 11, 9, 0, 0.16%, 0, 0, 2, 108.17
1735752053, 0, 4, 11, 9, 0, 0.16%, 1, 0, 2, 102.60
1735752058, 0, 10, 11, 8, 1, 0.16%, 1, 0, 2, 106.29
1735752063, 0, 10, 12, 9, 1, 0.16%, 2, 0, 3, 114.16
1735752078, 0, 11, 13, 9, 1, 0.16%, 3, 0, 4, 136.19
1735752094, 0, 12, 13, 8, 1, 0.16%, 3, 0, 4, 145.08
1735752124, 1, 11, 13, 7, 0, 0.16%, 3, 0, 4, 111.53
1735752129, 1, 12, 13, 7, 0, 0.16%, 3, 0, 4, 112.77
1735752134, 2, 9, 13, 7, 0, 0.16%, 3, 0, 4, 108.03
1735752145, 2, 11, 13, 6, 0, 0.16%, 3, 0, 4, 108.88
1735752155, 2, 12, 13, 6, 0, 0.16%, 3, 0, 4, 108.15
1735752176, 3, 0, 13, 6, 0, 0.16%, 3, 0, 4, 91.38
1735752181, 3, 6, 13, 5, 0, 0.16%, 3, 0, 4, 99.93
1735752191, 3, 11, 13, 4, 0, 0.16%, 3, 0, 4, 109.73
1735752201, 3, 12, 13, 4, 0, 0.16%, 3, 0, 4, 106.82
1735752222, 4, 11, 13, 4, 0, 0.16%, 3, 0, 4, 109.82
1735752232, 4, 12, 13, 4, 0, 0.16%, 3, 0, 4, 108.13
1735752252, 5, 11, 13, 4, 0, 0.16%, 3, 0, 4, 108.89
1735752262, 5, 12, 13, 4, 0, 0.16%, 3, 0, 4, 109.34
1735752283, 6, 11, 13, 4, 0, 0.16%, 3, 0, 4, 109.57
1735752293, 6, 12, 13, 4, 0, 0.16%, 3, 0, 4, 111.89
1735752313, 7, 0, 13, 4, 0, 0.16%, 3, 0, 4, 103.35
1735752318, 7, 1, 13, 4, 0, 0.16%, 3, 0, 4, 91.56
1735752323, 7, 5, 13, 3, 0, 0.16%, 3, 0, 4, 101.94
1735752333, 7, 11, 13, 2, 0, 0.16%, 3, 0, 4, 109.64
1735752343, 7, 12, 13, 2, 0, 0.16%, 3, 0, 4, 110.24
1735752348, 7, 12, 14, 3, 0, 0.16%, 3, 0, 5, 108.30
1735752353, 7, 12, 15, 4, 0, 0.16%, 3, 0, 5, 108.49
1735752379, 7, 12, 16, 5, 0, 0.16%, 3, 0, 5, 103.99
1735752384, 7, 13, 18, 7, 0, 0.16%, 3, 0, 6, 173.87
1735752410, 7, 13, 19, 8, 0, 0.16%, 3, 0, 6, 125.64
1735752415, 7, 13, 20, 9, 0, 0.16%, 3, 0, 6, 124.81
1735752435, 7, 13, 21, 10, 0, 0.16%, 3, 0, 6, 126.50
1735752446, 7, 13, 22, 11, 0, 0.17%, 4, 0, 6, 127.91
1735752456, 7, 13, 23, 12, 0, 0.17%, 4, 0, 6, 128.18
1735752554, 7, 21, 24, 12, 1, 0.17%, 5, 0, 7, 183.13
1735752569, 7, 21, 25, 13, 1, 0.17%, 5, 0, 7, 123.81
1735752590, 7, 21, 26, 14, 1, 0.17%, 5, 0, 7, 125.02
1735752595, 7, 21, 27, 15, 1, 0.17%, 5, 0, 7, 123.85
1735752625, 7, 21, 28, 16, 1, 0.17%, 5, 0, 7, 127.96
1735752682, 7, 23, 28, 15, 2, 0.17%, 5, 0, 7, 175.96
1735752692, 7, 23, 30, 17, 2, 0.17%, 5, 0, 8, 135.16
1735752785, 7, 23, 31, 18, 2, 0.17%, 6, 0, 8, 133.41
1735752801, 7, 23, 32, 19, 2, 0.17%, 6, 0, 8, 133.94
1735752806, 7, 26, 32, 18, 1, 0.17%, 6, 0, 8, 155.25
1735752883, 8, 12, 32, 17, 0, 0.17%, 6, 0, 8, 122.88
1735752893, 8, 16, 32, 17, 0, 0.17%, 6, 0, 8, 134.90
1735752934, 8, 16, 33, 18, 0, 0.17%, 6, 0, 8, 120.18
1735753016, 8, 17, 33, 17, 0, 0.17%, 6, 0, 8, 128.52
1735753031, 8, 17, 34, 18, 0, 0.17%, 6, 0, 8, 126.61
1735753149, 8, 23, 34, 17, 0, 0.17%, 6, 0, 8, 131.59
1735753165, 8, 25, 34, 17, 0, 0.17%, 6, 0, 8, 161.56
1735753226, 8, 25, 36, 19, 0, 0.17%, 7, 0, 8, 128.81
1735753247, 8, 26, 37, 19, 0, 0.17%, 7, 0, 8, 135.98
1735753257, 8, 26, 38, 20, 0, 0.17%, 7, 0, 8, 131.51
1735753278, 8, 29, 38, 20, 0, 0.17%, 7, 0, 8, 117.74
1735753551, 8, 29, 39, 21, 0, 0.17%, 8, 0, 9, 193.26
1735753576, 8, 29, 40, 22, 0, 0.17%, 8, 0, 9, 179.37
1735753668, 8, 31, 40, 21, 0, 0.17%, 8, 0, 9, 135.73
1735753786, 8, 32, 40, 20, 0, 0.17%, 8, 0, 9, 151.50
1735753898, 8, 33, 40, 19, 0, 0.17%, 8, 0, 9, 182.18
1735753954, 8, 36, 40, 18, 0, 0.17%, 8, 0, 9, 205.62
1735754030, 9, 12, 40, 17, 0, 0.17%, 8, 0, 9, 149.79
1735754035, 9, 23, 40, 17, 0, 0.17%, 8, 0, 9, 144.75
1735754050, 9, 26, 40, 17, 0, 0.17%, 8, 0, 9, 146.88
1735754061, 10, 12, 40, 17, 0, 0.17%, 8, 0, 9, 142.60
1735754066, 10, 19, 40, 17, 0, 0.17%, 8, 0, 9, 207.84
1735754127, 10, 23, 40, 16, 0, 0.17%, 8, 0, 9, 145.05
1735754142, 10, 24, 40, 16, 0, 0.17%, 8, 0, 9, 197.46
1735754198, 10, 26, 40, 15, 0, 0.17%, 8, 0, 9, 150.66
1735754208, 10, 35, 40, 15, 0, 0.17%, 8, 0, 9, 139.73
1735754367, 11, 12, 40, 14, 0, 0.17%, 8, 0, 9, 136.89
1735754372, 11, 14, 40, 14, 0, 0.17%, 8, 0, 9, 158.74
1735754423, 11, 23, 40, 13, 0, 0.17%, 8, 0, 9, 136.04
1735754434, 11, 26, 40, 13, 0, 0.17%, 8, 0, 9, 141.39
1735754439, 12, 12, 40, 13, 0, 0.17%, 8, 0, 9, 138.18
1735754444, 12, 23, 40, 13, 0, 0.17%, 8, 0, 9, 146.59
1735754449, 12, 26, 40, 13, 0, 0.17%, 8, 0, 9, 150.30
1735754454, 12, 35, 40, 13, 0, 0.17%, 8, 0, 9, 163.09
1735754484, 12, 36, 40, 13, 0, 0.17%, 8, 0, 9, 153.08
1735754510, 12, 39, 40, 13, 0, 0.17%, 8, 0, 9, 133.62
1735754684, 13, 2, 40, 12, 0, 0.17%, 8, 0, 9, 131.30
1735754689, 13, 7, 40, 12, 0, 0.17%, 8, 0, 9, 106.90
1735754694, 13, 12, 40, 11, 0, 0.17%, 8, 0, 9, 130.21
1735754699, 13, 15, 40, 11, 0, 0.17%, 8, 0, 9, 168.36
1735754766, 13, 23, 40, 10, 0, 0.17%, 8, 0, 9, 149.52
1735754771, 13, 26, 40, 10, 0, 0.17%, 8, 0, 9, 139.96
1735754776, 13, 27, 40, 10, 0, 0.17%, 8, 0, 9, 128.97
1735755000, 13, 29, 40, 9, 0, 0.17%, 8, 0, 9, 162.62
1735755020, 14, 2, 40, 9, 0, 0.17%, 8, 0, 9, 145.93
1735755025, 14, 12, 40, 9, 0, 0.17%, 8, 0, 9, 136.74
1735755031, 14, 14, 40, 9, 0, 0.17%, 8, 0, 9, 125.82
1735755041, 14, 15, 40, 9, 0, 0.17%, 8, 0, 9, 138.23
1735755046, 14, 23, 40, 9, 0, 0.17%, 8, 0, 9, 153.53
1735755056, 14, 26, 40, 9, 0, 0.17%, 8, 0, 9, 143.80
1735755061, 14, 30, 40, 9, 0, 0.17%, 8, 0, 9, 221.28
1735755219, 14, 38, 40, 8, 0, 0.17%, 8, 0, 9, 204.16
1735755394, 15, 18, 40, 7, 0, 0.17%, 8, 0, 9, 164.61
1735755450, 15, 23, 40, 6, 0, 0.17%, 8, 0, 9, 149.14
1735755455, 15, 26, 40, 6, 0, 0.17%, 8, 0, 9, 146.78
1735755460, 15, 29, 40, 6, 0, 0.17%, 8, 0, 9, 177.56
1735755480, 15, 34, 40, 6, 0, 0.17%, 8, 0, 9, 203.93
1735755613, 16, 12, 40, 5, 0, 0.17%, 8, 0, 9, 142.26
1735755618, 16, 23, 40, 5, 0, 0.17%, 8, 0, 9, 142.20
1735755623, 16, 26, 40, 5, 0, 0.17%, 8, 0, 9, 149.21
1735755628, 16, 36, 40, 5, 0, 0.17%, 8, 0, 9, 155.78
1735755638, 17, 23, 40, 5, 0, 0.17%, 8, 0, 9, 146.95
1735755648, 17, 26, 40, 5, 0, 0.17%, 8, 0, 9, 150.00
1735755654, 17, 28, 40, 5, 0, 0.17%, 8, 0, 9, 144.42
1735755725, 18, 8, 40, 4, 0, 0.17%, 8, 0, 9, 123.03
1735755735, 18, 12, 40, 3, 0, 0.17%, 8, 0, 9, 131.32
1735755740, 18, 20, 40, 3, 0, 0.17%, 8, 0, 9, 198.24
1735755796, 18, 26, 40, 2, 0, 0.17%, 8, 0, 9, 144.20
1735755801, 18, 28, 40, 2, 0, 0.17%, 8, 0, 9, 137.36
1735755817, 18, 29, 40, 2, 0, 0.17%, 8, 0, 9, 181.73
1735755837, 19, 12, 40, 2, 0, 0.17%, 8, 0, 9, 143.20
1735755842, 19, 26, 40, 2, 0, 0.17%, 8, 0, 9, 144.90
1735755847, 19, 28, 40, 2, 0, 0.17%, 8, 0, 9, 146.00
1735755862, 20, 10, 40, 2, 0, 0.17%, 8, 0, 9, 154.74
1735755867, 20, 26, 40, 2, 0, 0.17%, 8, 0, 9, 150.07
1735755872, 20, 28, 40, 2, 0, 0.17%, 8, 0, 9, 143.91
1735755888, 21, 12, 40, 2, 0, 0.17%, 8, 0, 9, 142.57
1735755893, 21, 16, 40, 2, 0, 0.17%, 8, 0, 9, 141.79
1735755903, 21, 18, 40, 2, 0, 0.17%, 8, 0, 9, 145.91
1735755913, 21, 26, 40, 2, 0, 0.17%, 8, 0, 9, 146.17
1735755918, 21, 27, 40, 2, 0, 0.17%, 8, 0, 9, 163.31
1735755928, 21, 28, 40, 2, 0, 0.17%, 8, 0, 9, 141.23
1735755934, 22, 4, 40, 2, 0, 0.17%, 8, 0, 9, 140.05
1735755939, 22, 12, 40, 2, 0, 0.17%, 8, 0, 9, 137.38
1735755944, 22, 13, 40, 2, 0, 0.17%, 8, 0, 9, 152.56
1735755954, 22, 21, 40, 2, 0, 0.17%, 8, 0, 9, 149.13
1735755964, 22, 26, 40, 2, 0, 0.17%, 8, 0, 9, 150.60
1735755969, 22, 28, 40, 2, 0, 0.17%, 8, 0, 9, 143.71
1735755975, 22, 36, 40, 2, 0, 0.17%, 8, 0, 9, 149.06
1735755985, 23, 20, 40, 2, 0, 0.17%, 8, 0, 9, 156.91
1735755995, 23, 26, 40, 2, 0, 0.17%, 8, 0, 9, 145.71
1735756000, 23, 28, 40, 2, 0, 0.17%, 8, 0, 9, 144.21
1735756010, 23, 37, 40, 2, 0, 0.17%, 8, 0, 9, 201.47
1735756096, 24, 12, 40, 1, 0, 0.17%, 8, 0, 9, 146.42
1735756102, 24, 26, 40, 1, 0, 0.17%, 8, 0, 9, 147.80
1735756107, 24, 28, 40, 1, 0, 0.17%, 8, 0, 9, 145.44
1735756112, 25, 12, 40, 1, 0, 0.17%, 8, 0, 9, 146.39
1735756117, 25, 24, 40, 1, 0, 0.17%, 8, 0, 9, 145.22
1735756127, 25, 26, 40, 1, 0, 0.17%, 8, 0, 9, 156.09
1735756132, 25, 28, 40, 1, 0, 0.17%, 8, 0, 9, 144.00
1735756143, 26, 12, 40, 1, 0, 0.17%, 8, 0, 9, 143.77
1735756148, 26, 15, 40, 1, 0, 0.17%, 8, 0, 9, 146.45
1735756158, 26, 22, 40, 1, 0, 0.17%, 8, 0, 9, 214.82
1735756219, 26, 26, 40, 0, 0, 0.17%, 8, 0, 9, 133.05
1735756224, 26, 28, 40, 0, 0, 0.17%, 8, 0, 9, 142.99
1735756229, 26, 30, 40, 0, 0, 0.17%, 8, 0, 9, 146.17
1735756244, 27, 7, 40, 0, 0, 0.17%, 8, 0, 9, 149.37
1735756250, 27, 26, 40, 0, 0, 0.17%, 8, 0, 9, 148.84
1735756255, 27, 28, 40, 0, 0, 0.17%, 8, 0, 9, 147.72
1735756265, 28, 12, 40, 0, 0, 0.17%, 8, 0, 9, 138.48
1735756270, 28, 23, 40, 0, 0, 0.17%, 8, 0, 9, 146.97
1735756280, 28, 26, 40, 0, 0, 0.17%, 8, 0, 9, 145.77
1735756285, 28, 28, 40, 0, 0, 0.17%, 8, 0, 9, 154.30
1735756290, 29, 12, 40, 0, 0, 0.17%, 8, 0, 9, 142.53
1735756295, 29, 25, 40, 0, 0, 0.17%, 8, 0, 9, 151.01
1735756311, 29, 26, 40, 0, 0, 0.17%, 8, 0, 9, 146.51
1735756316, 29, 28, 40, 0, 0, 0.17%, 8, 0, 9, 136.29
1735756321, 29, 38, 40, 0, 0, 0.17%, 8, 0, 9, 141.91
1735756357, 30, 3, 40, 0, 0, 0.17%, 8, 0, 9, 174.18
1735756362, 30, 12, 40, 0, 0, 0.17%, 8, 0, 9, 150.08
1735756367, 30, 15, 40, 0, 0, 0.17%, 8, 0, 9, 150.53
1735756377, 30, 17, 40, 0, 0, 0.17%, 8, 0, 9, 142.55
1735756387, 30, 26, 40, 0, 0, 0.17%, 8, 0, 9, 142.97
1735756392, 30, 27, 40, 0, 0, 0.17%, 8, 0, 9, 167.53
1735756397, 30, 28, 40, 0, 0, 0.17%, 8, 0, 9, 149.61
1735756407, 31, 12, 40, 0, 0, 0.17%, 8, 0, 9, 136.77
1735756412, 31, 26, 40, 0, 0, 0.17%, 8, 0, 9, 150.05
1735756417, 31, 28, 40, 0, 0, 0.17%, 8, 0, 9, 142.86
1735756422, 31, 29, 40, 0, 0, 0.17%, 8, 0, 9, 160.34
1735756432, 31, 35, 40, 0, 0, 0.17%, 8, 0, 9, 161.63
1735756443, 32, 26, 40, 0, 0, 0.17%, 8, 0, 9, 147.42
1735756448, 32, 28, 40, 0, 0, 0.17%, 8, 0, 9, 143.40
1735756458, 32, 37, 40, 0, 0, 0.17%, 8, 0, 9, 151.12
1735756498, 33, 12, 40, 0, 0, 0.17%, 8, 0, 9, 147.87
1735756504, 33, 26, 40, 0, 0, 0.17%, 8, 0, 9, 147.01
1735756509, 33, 28, 40, 0, 0, 0.17%, 8, 0, 9, 142.88
1735756514, 33, 32, 40, 0, 0, 0.17%, 8, 0, 9, 145.01
1735756534, 34, 12, 40, 0, 0, 0.17%, 8, 0, 9, 145.10
1735756540, 34, 26, 40, 0, 0, 0.17%, 8, 0, 9, 153.05
1735756545, 34, 28, 40, 0, 0, 0.17%, 8, 0, 9, 148.44
1735756555, 34, 33, 40, 0, 0, 0.17%, 8, 0, 9, 153.53
1735756575, 35, 26, 40, 0, 0, 0.17%, 8, 0, 9, 147.82
1735756580, 35, 27, 40, 0, 0, 0.17%, 8, 0, 9, 144.58
1735756591, 35, 28, 40, 0, 0, 0.17%, 8, 0, 9, 141.88
1735756601, 36, 26, 40, 0, 0, 0.17%, 8, 0, 9, 149.07
1735756606, 36, 28, 40, 0, 0, 0.17%, 8, 0, 9, 146.02
1735756616, 36, 39, 40, 0, 0, 0.17%, 8, 0, 9, 161.10
1735756652, 37, 12, 40, 0, 0, 0.17%, 8, 0, 9, 152.04
1735756657, 37, 26, 40, 0, 0, 0.17%, 8, 0, 9, 147.14
1735756662, 37, 28, 40, 0, 0, 0.17%, 8, 0, 9, 151.03
1735756667, 37, 29, 40, 0, 0, 0.17%, 8, 0, 9, 177.15
1735756677, 37, 31, 40, 0, 0, 0.17%, 8, 0, 9, 154.27
1735756693, 38, 12, 40, 0, 0, 0.17%, 8, 0, 9, 140.96
1735756698, 38, 20, 40, 0, 0, 0.17%, 8, 0, 9, 143.28
1735756708, 38, 26, 40, 0, 0, 0.17%, 8, 0, 9, 138.25
1735756713, 38, 28, 40, 0, 0, 0.17%, 8, 0, 9, 141.57
1735756723, 38, 31, 40, 0, 0, 0.17%, 8, 0, 9, 162.75
1735756738, 39, 12, 40, 0, 0, 0.17%, 8, 0, 9, 146.76
1735756743, 39, 15, 40, 0, 0, 0.17%, 8, 0, 9, 146.97
1735756748, 39, 26, 40, 0, 0, 0.17%, 8, 0, 9, 149.30
1735756754, 39, 28, 40, 0, 0, 0.17%, 8, 0, 9, 138.33
1735756759, 40, 12, 40, 0, 0, 0.17%, 8, 0, 9, 144.02
1735756764, 40, 16, 40, 0, 0, 0.17%, 8, 0, 9, 140.29
1735756774, 40, 26, 40, 0, 0, 0.17%, 8, 0, 9, 144.39
1735756780, 40, 28, 40, 0, 0, 0.17%, 8, 0, 9, 149.02
1735756790, 40, 37, 40, 0, 0, 0.17%, 8, 0, 9, 152.18
1735756800, 41, 12, 40, 0, 0, 0.17%, 8, 0, 9, 138.67
1735756805, 41, 26, 40, 0, 0, 0.17%, 8, 0, 9, 144.26
1735756810, 41, 28, 40, 0, 0, 0.17%, 8, 0, 9, 140.43
1735756821, 42, 11, 40, 0, 0, 0.17%, 8, 0, 9, 137.69
1735756826, 42, 12, 40, 0, 0, 0.17%, 8, 0, 9, 141.85
1735756831, 42, 13, 40, 0, 0, 0.17%, 8, 0, 9, 140.17
1735756836, 42, 14, 40, 0, 0, 0.17%, 8, 0, 9, 140.80
1735756846, 42, 18, 40, 0, 0, 0.17%, 8, 0, 9, 131.89
1735756856, 42, 26, 40, 0, 0, 0.17%, 8, 0, 9, 150.91
1735756862, 42, 28, 40, 0, 0, 0.17%, 8, 0, 9, 147.65
1735756872, 43, 12, 40, 0, 0, 0.17%, 8, 0, 9, 137.58
1735756877, 43, 17, 40, 0, 0, 0.17%, 8, 0, 9, 137.52
1735756887, 43, 26, 40, 0, 0, 0.17%, 8, 0, 9, 144.91
1735756892, 43, 28, 40, 0, 0, 0.17%, 8, 0, 9, 144.01
1735756897, 43, 32, 40, 0, 0, 0.17%, 8, 0, 9, 145.21
1735756902, 44, 12, 40, 0, 0, 0.17%, 8, 0, 9, 146.44
1735756907, 44, 16, 40, 0, 0, 0.17%, 8, 0, 9, 142.85
1735756917, 44, 26, 40, 0, 0, 0.17%, 8, 0, 9, 146.07
1735756923, 44, 28, 40, 0, 0, 0.17%, 8, 0, 9, 146.04
1735756928, 45, 12, 40, 0, 0, 0.17%, 8, 0, 9, 144.51
1735756933, 45, 26, 40, 0, 0, 0.17%, 8, 0, 9, 147.87
1735756938, 45, 28, 40, 0, 0, 0.17%, 8, 0, 9, 143.05
1735756948, 46, 11, 40, 0, 0, 0.17%, 8, 0, 9, 142.89
1735756954, 46, 12, 40, 0, 0, 0.17%, 8, 0, 9, 136.15
1735756959, 46, 26, 40, 0, 0, 0.17%, 8, 0, 9, 142.29
1735756964, 46, 28, 40, 0, 0, 0.17%, 8, 0, 9, 138.67
1735756969, 46, 32, 40, 0, 0, 0.17%, 8, 0, 9, 144.67
1735756974, 46, 35, 40, 0, 0, 0.17%, 8, 0, 9, 157.20
1735756984, 47, 12, 40, 0, 0, 0.17%, 8, 0, 9, 142.70
1735756989, 47, 26, 40, 0, 0, 0.17%, 8, 0, 9, 145.09
1735756994, 47, 28, 40, 0, 0, 0.17%, 8, 0, 9, 136.81
1735757000, 48, 12, 40, 0, 0, 0.17%, 8, 0, 9, 143.31
1735757005, 48, 26, 40, 0, 0, 0.17%, 8, 0, 9, 143.43
1735757010, 48, 28, 40, 0, 0, 0.17%, 8, 0, 9, 144.77
1735757020, 49, 8, 40, 0, 0, 0.17%, 8, 0, 9, 145.14
1735757025, 49, 17, 40, 0, 0, 0.17%, 8, 0, 9, 142.06
1735757035, 49, 26, 40, 0, 0, 0.17%, 8, 0, 9, 140.18
1735757041, 49, 28, 40, 0, 0, 0.17%, 8, 0, 9, 145.53
1735757051, 49, 36, 40, 0, 0, 0.17%, 8, 0, 9, 149.51
1735757056, 50, 12, 40, 0, 0, 0.17%, 8, 0, 9, 147.43
1735757061, 50, 26, 40, 0, 0, 0.17%, 8, 0, 9, 147.10
1735757066, 50, 27, 40, 0, 0, 0.17%, 8, 0, 9, 150.00
1735757071, 50, 28, 40, 0, 0, 0.17%, 8, 0, 9, 142.02
1735757076, 51, 2, 40, 0, 0, 0.17%, 8, 0, 9, 152.62
1735757081, 51, 12, 40, 0, 0, 0.17%, 8, 0, 9, 139.00
1735757086, 51, 13, 40, 0, 0, 0.17%, 8, 0, 9, 149.14
1735757092, 51, 14, 40, 0, 0, 0.17%, 8, 0, 9, 148.33
1735757107, 51, 26, 40, 0, 0, 0.17%, 8, 0, 9, 140.86
1735757112, 51, 28, 40, 0, 0, 0.17%, 8, 0, 9, 143.74
1735757117, 52, 12, 40, 0, 0, 0.17%, 8, 0, 9, 144.32
1735757122, 52, 13, 40, 0, 0, 0.17%, 8, 0, 9, 140.81
1735757127, 52, 26, 40, 0, 0, 0.17%, 8, 0, 9, 150.00
1735757132, 52, 28, 40, 0, 0, 0.17%, 8, 0, 9, 143.76
1735757143, 53, 12, 40, 0, 0, 0.17%, 8, 0, 9, 143.95
1735757148, 53, 16, 40, 0, 0, 0.17%, 8, 0, 9, 140.51
1735757153, 53, 26, 40, 0, 0, 0.17%, 8, 0, 9, 140.14
1735757158, 53, 28, 40, 0, 0, 0.17%, 8, 0, 9, 143.17
1735757163, 53, 30, 40, 0, 0, 0.17%, 8, 0, 9, 154.46
1735757178, 53, 31, 40, 0, 0, 0.17%, 8, 0, 9, 161.71
1735757193, 53, 36, 40, 0, 0, 0.17%, 8, 0, 9, 154.08
1735757199, 54, 9, 40, 0, 0, 0.17%, 8, 0, 9, 143.64
1735757204, 54, 12, 40, 0, 0, 0.17%, 8, 0, 9, 141.00
1735757209, 54, 26, 40, 0, 0, 0.17%, 8, 0, 9, 140.86
1735757214, 54, 28, 40, 0, 0, 0.17%, 8, 0, 9, 137.57
1735757224, 54, 34, 40, 0, 0, 0.17%, 8, 0, 9, 162.89
1735757259, 54, 39, 40, 0, 0, 0.17%, 8, 0, 9, 171.56
1735757270, 55, 3, 40, 0, 0, 0.17%, 8, 0, 9, 146.68
1735757275, 55, 12, 40, 0, 0, 0.17%, 8, 0, 9, 143.14
1735757280, 55, 16, 40, 0, 0, 0.17%, 8, 0, 9, 135.11
1735757285, 55, 20, 40, 0, 0, 0.17%, 8, 0, 9, 144.22
1735757295, 55, 26, 40, 0, 0, 0.17%, 8, 0, 9, 143.47
1735757300, 55, 28, 40, 0, 0, 0.17%, 8, 0, 9, 140.18
1735757310, 56, 14, 40, 0, 0, 0.17%, 8, 0, 9, 137.84
1735757316, 56, 23, 40, 0, 0, 0.17%, 8, 0, 9, 139.44
1735757326, 56, 26, 40, 0, 0, 0.17%, 8, 0, 9, 146.97
1735757331, 56, 28, 40, 0, 0, 0.17%, 8, 0, 9, 140.80
1735757336, 57, 12, 40, 0, 0, 0.17%, 8, 0, 9, 143.04
1735757341, 57, 26, 40, 0, 0, 0.17%, 8, 0, 9, 145.69
1735757347, 57, 28, 40, 0, 0, 0.17%, 8, 0, 9, 144.59
1735757357, 58, 12, 40, 0, 0, 0.17%, 8, 0, 9, 142.35
1735757362, 58, 26, 40, 0, 0, 0.17%, 8, 0, 9, 146.14
1735757367, 58, 28, 40, 0, 0, 0.17%, 8, 0, 9, 142.40
1735757377, 59, 12, 40, 0, 0, 0.17%, 8, 0, 9, 141.76
1735757382, 59, 26, 40, 0, 0, 0.17%, 8, 0, 9, 155.71
1735757387, 59, 28, 40, 0, 0, 0.17%, 8, 0, 9, 142.13
1735757392, 59, 29, 40, 0, 0, 0.17%, 8, 0, 9, 161.85
1735757403, 60, 8, 40, 0, 0, 0.17%, 8, 0, 9, 148.67
1735757408, 60, 26, 40, 0, 0, 0.17%, 8, 0, 9, 156.95
1735757418, 60, 28, 40, 0, 0, 0.17%, 8, 0, 9, 137.82
1735757423, 60, 39, 40, 0, 0, 0.17%, 8, 0, 9, 166.32
1735757433, 61, 12, 40, 0, 0, 0.17%, 8, 0, 9, 146.58
1735757438, 61, 26, 40, 0, 0, 0.17%, 8, 0, 9, 152.73
1735757443, 61, 28, 40, 0, 0, 0.17%, 8, 0, 9, 144.10
1735757449, 62, 5, 40, 0, 0, 0.17%, 8, 0, 9, 140.69
1735757454, 62, 9, 40, 0, 0, 0.17%, 8, 0, 9, 138.38
1735757459, 62, 12, 40, 0, 0, 0.17%, 8, 0, 9, 137.85
1735757464, 62, 26, 40, 0, 0, 0.17%, 8, 0, 9, 148.90
1735757469, 62, 28, 40, 0, 0, 0.17%, 8, 0, 9, 140.75
1735757474, 62, 32, 40, 0, 0, 0.17%, 8, 0, 9, 156.34
1735757479, 63, 12, 40, 0, 0, 0.17%, 8, 0, 9, 142.93
1735757485, 63, 14, 40, 0, 0, 0.17%, 8, 0, 9, 136.63
1735757490, 63, 26, 40, 0, 0, 0.17%, 8, 0, 9, 143.15
1735757495, 63, 28, 40, 0, 0, 0.17%, 8, 0, 9, 140.14
1735757500, 64, 4, 40, 0, 0, 0.17%, 8, 0, 9, 142.90
1735757505, 64, 16, 40, 0, 0, 0.17%, 8, 0, 9, 138.02
1735757510, 64, 26, 40, 0, 0, 0.17%, 8, 0, 9, 139.03
1735757515, 64, 28, 40, 0, 0, 0.17%, 8, 0, 9, 141.42
1735757525, 65, 12, 40, 0, 0, 0.17%, 8, 0, 9, 141.93
1735757531, 65, 17, 40, 0, 0, 0.17%, 8, 0, 9, 154.55
1735757536, 65, 19, 40, 0, 0, 0.17%, 8, 0, 9, 148.69
1735757541, 65, 26, 40, 0, 0, 0.17%, 8, 0, 9, 145.29
1735757546, 65, 28, 40, 0, 0, 0.17%, 8, 0, 9, 146.51
1735757556, 65, 30, 40, 0, 0, 0.17%, 8, 0, 9, 166.11
1735757572, 66, 12, 40, 0, 0, 0.17%, 8, 0, 9, 135.96
1735757577, 66, 26, 40, 0, 0, 0.17%, 8, 0, 9, 139.55
1735757582, 66, 28, 40, 0, 0, 0.17%, 8, 0, 9, 144.64
1735757587, 67, 12, 40, 0, 0, 0.17%, 8, 0, 9, 138.28
1735757592, 67, 26, 40, 0, 0, 0.17%, 8, 0, 9, 149.00
1735757597, 67, 28, 40, 0, 0, 0.17%, 8, 0, 9, 143.48
1735757607, 68, 12, 40, 0, 0, 0.17%, 8, 0, 9, 140.82
1735757613, 68, 26, 40, 0, 0, 0.17%, 8, 0, 9, 145.59
1735757618, 68, 28, 40, 0, 0, 0.17%, 8, 0, 9, 137.20
1735757623, 68, 39, 40, 0, 0, 0.17%, 8, 0, 9, 139.36
1735757633, 69, 12, 40, 0, 0, 0.17%, 8, 0, 9, 148.18
1735757638, 69, 26, 40, 0, 0, 0.17%, 8, 0, 9, 147.54
1735757643, 69, 28, 40, 0, 0, 0.17%, 8, 0, 9, 137.73
1735757653, 69, 30, 40, 0, 0, 0.17%, 8, 0, 9, 161.29
1735757659, 70, 3, 40, 0, 0, 0.17%, 8, 0, 9, 147.50
1735757664, 70, 12, 40, 0, 0, 0.17%, 8, 0, 9, 143.14
1735757669, 70, 21, 40, 0, 0, 0.17%, 8, 0, 9, 146.43
1735757679, 70, 24, 40, 0, 0, 0.17%, 8, 0, 9, 155.35
1735757689, 70, 26, 40, 0, 0, 0.17%, 8, 0, 9, 147.69
1735757694, 70, 28, 40, 0, 0, 0.17%, 8, 0, 9, 140.30
1735757699, 71, 12, 40, 0, 0, 0.17%, 8, 0, 9, 140.33
1735757705, 71, 19, 40, 0, 0, 0.17%, 8, 0, 9, 153.94
1735757715, 71, 25, 40, 0, 0, 0.17%, 8, 0, 9, 155.76
1735757730, 71, 26, 40, 0, 0, 0.17%, 8, 0, 9, 146.58
1735757735, 71, 28, 40, 0, 0, 0.17%, 8, 0, 9, 141.22
1735757740, 72, 12, 40, 0, 0, 0.17%, 8, 0, 9, 145.98
1735757745, 72, 13, 40, 0, 0, 0.17%, 8, 0, 9, 146.88
1735757750, 72, 26, 40, 0, 0, 0.17%, 8, 0, 9, 145.18
1735757756, 72, 28, 40, 0, 0, 0.17%, 8, 0, 9, 136.36
1735757766, 73, 26, 40, 0, 0, 0.17%, 8, 0, 9, 147.69
1735757771, 73, 28, 40, 0, 0, 0.17%, 8, 0, 9, 149.10
1735757781, 73, 30, 40, 0, 0, 0.17%, 8, 0, 9, 164.50
1735757786, 74, 12, 40, 0, 0, 0.17%, 8, 0, 9, 144.22
1735757791, 74, 23, 40, 0, 0, 0.17%, 8, 0, 9, 146.55
1735757796, 74, 26, 40, 0, 0, 0.17%, 8, 0, 9, 151.25
1735757802, 74, 28, 40, 0, 0, 0.17%, 8, 0, 9, 142.70
1735757812, 74, 33, 40, 0, 0, 0.17%, 8, 0, 9, 139.31
1735757817, 75, 12, 40, 0, 0, 0.17%, 8, 0, 9, 136.84
1735757822, 75, 18, 40, 0, 0, 0.17%, 8, 0, 9, 153.03
1735757833, 75, 23, 40, 0, 0, 0.17%, 8, 0, 9, 142.10
1735757838, 75, 26, 40, 0, 0, 0.17%, 8, 0, 9, 137.02
1735757843, 75, 28, 40, 0, 0, 0.17%, 8, 0, 9, 145.84
1735757853, 76, 12, 40, 0, 0, 0.17%, 8, 0, 9, 143.11
1735757858, 76, 26, 40, 0, 0, 0.17%, 8, 0, 9, 142.85
1735757863, 76, 28, 40, 0, 0, 0.17%, 8, 0, 9, 141.61
1735757868, 77, 12, 40, 0, 0, 0.17%, 8, 0, 9, 150.63
1735757874, 77, 26, 40, 0, 0, 0.17%, 8, 0, 9, 135.92
1735757879, 77, 28, 40, 0, 0, 0.17%, 8, 0, 9, 143.86
1735757889, 78, 12, 40, 0, 0, 0.17%, 8, 0, 9, 140.46
1735757894, 78, 26, 40, 0, 0, 0.17%, 8, 0, 9, 145.03
1735757899, 78, 28, 40, 0, 0, 0.17%, 8, 0, 9, 137.07
1735757905, 78, 37, 40, 0, 0, 0.17%, 8, 0, 9, 152.02
1735757915, 79, 6, 40, 0, 0, 0.17%, 8, 0, 9, 138.57
1735757920, 79, 11, 40, 0, 0, 0.17%, 8, 0, 9, 139.87
1735757925, 79, 22, 40, 0, 0, 0.17%, 8, 0, 9, 144.63
1735757935, 79, 26, 40, 0, 0, 0.17%, 8, 0, 9, 140.69
1735757940, 79, 28, 40, 0, 0, 0.17%, 8, 0, 9, 138.41
1735757951, 80, 12, 40, 0, 0, 0.17%, 8, 0, 9, 144.94
1735757956, 80, 23, 40, 0, 0, 0.17%, 8, 0, 9, 142.52
1735757961, 80, 24, 40, 0, 0, 0.17%, 8, 0, 9, 152.55
1735757971, 80, 26, 40, 0, 0, 0.17%, 8, 0, 9, 146.11
1735757976, 80, 28, 40, 0, 0, 0.17%, 8, 0, 9, 140.47
1735757987, 81, 10, 40, 0, 0, 0.17%, 8, 0, 9, 138.89
1735757992, 81, 12, 40, 0, 0, 0.17%, 8, 0, 9, 145.55
1735757997, 81, 20, 40, 0, 0, 0.17%, 8, 0, 9, 147.51
1735758002, 81, 26, 40, 0, 0, 0.17%, 8, 0, 9, 147.39
1735758007, 81, 28, 40, 0, 0, 0.17%, 8, 0, 9, 150.14
1735758018, 81, 37, 40, 0, 0, 0.17%, 8, 0, 9, 153.97
1735758028, 82, 12, 40, 0, 0, 0.17%, 8, 0, 9, 152.87
1735758033, 82, 26, 40, 0, 0, 0.17%, 8, 0, 9, 138.42
1735758038, 82, 28, 40, 0, 0, 0.17%, 8, 0, 9, 143.69
1735758043, 82, 37, 40, 0, 0, 0.17%, 8, 0, 9, 145.20
1735758054, 83, 9, 40, 0, 0, 0.17%, 8, 0, 9, 142.20
1735758059, 83, 12, 40, 0, 0, 0.17%, 8, 0, 9, 146.67
1735758064, 83, 26, 40, 0, 0, 0.17%, 8, 0, 9, 149.38
1735758069, 83, 28, 40, 0, 0, 0.17%, 8, 0, 9, 148.05
1735758074, 84, 4, 40, 0, 0, 0.17%, 8, 0, 9, 141.99
1735758079, 84, 26, 40, 0, 0, 0.17%, 8, 0, 9, 141.11
1735758084, 84, 28, 40, 0, 0, 0.17%, 8, 0, 9, 148.68
1735758094, 84, 33, 40, 0, 0, 0.17%, 8, 0, 9, 149.47
1735758100, 85, 12, 40, 0, 0, 0.17%, 8, 0, 9, 137.90
1735758105, 85, 26, 40, 0, 0, 0.17%, 8, 0, 9, 137.52
1735758110, 85, 28, 40, 0, 0, 0.17%, 8, 0, 9, 132.08
1735758115, 85, 38, 40, 0, 0, 0.17%, 8, 0, 9, 155.22
1735758125, 86, 12, 40, 0, 0, 0.17%, 8, 0, 9, 146.80
1735758130, 86, 15, 40, 0, 0, 0.17%, 8, 0, 9, 142.39
1735758135, 86, 18, 40, 0, 0, 0.17%, 8, 0, 9, 144.57
1735758140, 86, 26, 40, 0, 0, 0.17%, 8, 0, 9, 151.89
1735758145, 86, 28, 40, 0, 0, 0.17%, 8, 0, 9, 144.63
1735758156, 87, 12, 40, 0, 0, 0.17%, 8, 0, 9, 154.25
1735758161, 87, 28, 40, 0, 0, 0.17%, 8, 0, 9, 147.57
1735758171, 88, 12, 40, 0, 0, 0.17%, 8, 0, 9, 136.65
1735758176, 88, 26, 40, 0, 0, 0.17%, 8, 0, 9, 148.63
1735758181, 88, 28, 40, 0, 0, 0.17%, 8, 0, 9, 137.54
1735758186, 88, 31, 40, 0, 0, 0.17%, 8, 0, 9, 148.06
1735758196, 88, 32, 40, 0, 0, 0.17%, 8, 0, 9, 147.30
1735758201, 89, 12, 40, 0, 0, 0.17%, 8, 0, 9, 139.26
1735758207, 89, 20, 40, 0, 0, 0.17%, 8, 0, 9, 148.77
1735758212, 89, 25, 40, 0, 0, 0.17%, 8, 0, 9, 154.68
1735758227, 89, 26, 40, 0, 0, 0.17%, 8, 0, 9, 155.35
1735758232, 89, 28, 40, 0, 0, 0.17%, 8, 0, 9, 137.32
1735758237, 89, 32, 40, 0, 0, 0.17%, 8, 0, 9, 156.22
1735758242, 89, 38, 40, 0, 0, 0.17%, 8, 0, 9, 163.32
1735758252, 90, 12, 40, 0, 0, 0.17%, 8, 0, 9, 142.37
1735758257, 90, 26, 40, 0, 0, 0.17%, 8, 0, 9, 144.58
1735758262, 90, 28, 40, 0, 0, 0.17%, 8, 0, 9, 137.56
1735758272, 91, 12, 40, 0, 0, 0.17%, 8, 0, 9, 138.90
1735758278, 91, 26, 40, 0, 0, 0.17%, 8, 0, 9, 142.44
1735758283, 91, 28, 40, 0, 0, 0.17%, 8, 0, 9, 138.69
1735758288, 91, 31, 40, 0, 0, 0.17%, 8, 0, 9, 140.79
1735758298, 91, 33, 40, 0, 0, 0.17%, 8, 0, 9, 144.63
1735758303, 91, 37, 40, 0, 0, 0.17%, 8, 0, 9, 154.81
1735758313, 91, 38, 40, 0, 0, 0.17%, 8, 0, 9, 164.03
1735758324, 92, 12, 40, 0, 0, 0.17%, 8, 0, 9, 144.86
1735758329, 92, 26, 40, 0, 0, 0.17%, 8, 0, 9, 146.07
1735758334, 92, 27, 40, 0, 0, 0.17%, 8, 0, 9, 161.71
1735758339, 92, 28, 40, 0, 0, 0.17%, 8, 0, 9, 141.84
1735758349, 93, 12, 40, 0, 0, 0.17%, 8, 0, 9, 141.89
1735758354, 93, 26, 40, 0, 0, 0.17%, 8, 0, 9, 137.32
1735758359, 93, 28, 40, 0, 0, 0.17%, 8, 0, 9, 140.98
1735758365, 93, 34, 40, 0, 0, 0.17%, 8, 0, 9, 153.79
1735758375, 94, 12, 40, 0, 0, 0.17%, 8, 0, 9, 142.55
1735758380, 94, 26, 40, 0, 0, 0.17%, 8, 0, 9, 141.75
1735758385, 94, 28, 40, 0, 0, 0.17%, 8, 0, 9, 141.73
1735758395, 95, 12, 40, 0, 0, 0.17%, 8, 0, 9, 139.49
1735758401, 95, 26, 40, 0, 0, 0.17%, 8, 0, 9, 140.53
1735758406, 95, 28, 40, 0, 0, 0.17%, 8, 0, 9, 146.94
1735758411, 96, 12, 40, 0, 0, 0.17%, 8, 0, 9, 138.02
1735758416, 96, 21, 40, 0, 0, 0.17%, 8, 0, 9, 138.54
1735758426, 96, 26, 40, 0, 0, 0.17%, 8, 0, 9, 142.41
1735758431, 96, 28, 40, 0, 0, 0.17%, 8, 0, 9, 139.04
1735758441, 96, 29, 40, 0, 0, 0.17%, 8, 0, 9, 174.47
1735758452, 97, 12, 40, 0, 0, 0.17%, 8, 0, 9, 152.33
1735758457, 97, 20, 40, 0, 0, 0.17%, 8, 0, 9, 146.16
1735758462, 97, 26, 40, 0, 0, 0.17%, 8, 0, 9, 149.72
1735758467, 97, 28, 40, 0, 0, 0.17%, 8, 0, 9, 148.37
1735758472, 98, 12, 40, 0, 0, 0.17%, 8, 0, 9, 139.79
1735758477, 98, 15, 40, 0, 0, 0.17%, 8, 0, 9, 141.13
1735758483, 98, 26, 40, 0, 0, 0.17%, 8, 0, 9, 139.67
1735758488, 98, 27, 40, 0, 0, 0.17%, 8, 0, 9, 155.70
1735758493, 98, 28, 40, 0, 0, 0.17%, 8, 0, 9, 150.64
1735758498, 99, 5, 40, 0, 0, 0.17%, 8, 0, 9, 147.60
1735758503, 99, 26, 40, 0, 0, 0.17%, 8, 0, 9, 144.44
1735758508, 99, 28, 40, 0, 0, 0.17%, 8, 0, 9, 150.50
1735758518, 99, 35, 40, 0, 0, 0.17%, 8, 0, 9, 156.42
1735758524, 100, 0, 40, 0, 0, 0.17%, 8, 0, 9, 148.76
1735758529, 100, 20, 40, 0, 0, 0.17%, 8, 0, 9, 143.97
1735758534, 100, 26, 40, 0, 0, 0.17%, 8, 0, 9, 136.56
1735758539, 100, 28, 40, 0, 0, 0.17%, 8, 0, 9, 136.75
1735758549, 100, 37, 40, 0, 0, 0.17%, 8, 0, 9, 149.21
1735758559, 101, 12, 40, 0, 0, 0.17%, 8, 0, 9, 145.65
1735758564, 101, 26, 40, 0, 0, 0.17%, 8, 0, 9, 148.23
1735758569, 101, 28, 40, 0, 0, 0.17%, 8, 0, 9, 141.11
1735758580, 101, 30, 40, 0, 0, 0.17%, 8, 0, 9, 157.45
1735758585, 102, 12, 40, 0, 0, 0.17%, 8, 0, 9, 144.14
1735758590, 102, 19, 40, 0, 0, 0.17%, 8, 0, 9, 147.31
1735758600, 102, 26, 40, 0, 0, 0.17%, 8, 0, 9, 144.20
1735758605, 102, 28, 40, 0, 0, 0.17%, 8, 0, 9, 131.80
1735758615, 103, 26, 40, 0, 0, 0.17%, 8, 0, 9, 146.26
1735758620, 103, 28, 40, 0, 0, 0.17%, 8, 0, 9, 144.21
1735758630, 103, 34, 40, 0, 0, 0.17%, 8, 0, 9, 160.60
1735758641, 104, 12, 40, 0, 0, 0.17%, 8, 0, 9, 150.28
1735758646, 104, 21, 40, 0, 0, 0.17%, 8, 0, 9, 145.81
1735758651, 104, 24, 40, 0, 0, 0.17%, 8, 0, 9, 142.60
1735758656, 104, 26, 40, 0, 0, 0.17%, 8, 0, 9, 148.47
1735758661, 104, 28, 40, 0, 0, 0.17%, 8, 0, 9, 136.38
1735758666, 104, 35, 40, 0, 0, 0.17%, 8, 0, 9, 155.03
1735758676, 104, 36, 40, 0, 0, 0.17%, 8, 0, 9, 153.78
1735758681, 105, 6, 40, 0, 0, 0.17%, 8, 0, 9, 140.23
1735758687, 105, 12, 40, 0, 0, 0.17%, 8, 0, 9, 146.63
1735758692, 105, 20, 40, 0, 0, 0.17%, 8, 0, 9, 145.63
1735758697, 105, 26, 40, 0, 0, 0.17%, 8, 0, 9, 146.63
1735758702, 105, 28, 40, 0, 0, 0.17%, 8, 0, 9, 142.64
1735758707, 105, 31, 40, 0, 0, 0.17%, 8, 0, 9, 150.22
1735758718, 106, 11, 40, 0, 0, 0.17%, 8, 0, 9, 145.94
1735758723, 106, 26, 40, 0, 0, 0.17%, 8, 0, 9, 152.09
1735758728, 106, 28, 40, 0, 0, 0.17%, 8, 0, 9, 148.21
1735758738, 106, 33, 40, 0, 0, 0.17%, 8, 0, 9, 143.39
1735758743, 107, 12, 40, 0, 0, 0.17%, 8, 0, 9, 141.47
1735758748, 107, 26, 40, 0, 0, 0.17%, 8, 0, 9, 136.34
1735758753, 107, 28, 40, 0, 0, 0.17%, 8, 0, 9, 142.71
1735758759, 108, 12, 40, 0, 0, 0.17%, 8, 0, 9, 146.61
1735758764, 108, 20, 40, 0, 0, 0.17%, 8, 0, 9, 143.62
1735758769, 108, 26, 40, 0, 0, 0.17%, 8, 0, 9, 148.99
1735758774, 108, 28, 40, 0, 0, 0.17%, 8, 0, 9, 145.13
1735758784, 109, 12, 40, 0, 0, 0.17%, 8, 0, 9, 145.18
1735758789, 109, 13, 40, 0, 0, 0.17%, 8, 0, 9, 140.76
1735758795, 109, 20, 40, 0, 0, 0.17%, 8, 0, 9, 145.76
1735758800, 109, 26, 40, 0, 0, 0.17%, 8, 0, 9, 153.74
1735758805, 109, 28, 40, 0, 0, 0.17%, 8, 0, 9, 141.69
1735758810, 110, 12, 40, 0, 0, 0.17%, 8, 0, 9, 148.37
1735758815, 110, 15, 40, 0, 0, 0.17%, 8, 0, 9, 142.69
1735758820, 110, 24, 40, 0, 0, 0.17%, 8, 0, 9, 152.70
1735758825, 110, 26, 40, 0, 0, 0.17%, 8, 0, 9, 142.86
1735758830, 110, 28, 40, 0, 0, 0.17%, 8, 0, 9, 143.55
1735758841, 111, 12, 40, 0, 0, 0.17%, 8, 0, 9, 148.19
1735758846, 111, 24, 40, 0, 0, 0.17%, 8, 0, 9, 149.13
1735758851, 111, 26, 40, 0, 0, 0.17%, 8, 0, 9, 142.98
1735758856, 111, 28, 40, 0, 0, 0.17%, 8, 0, 9, 143.29
1735758861, 112, 12, 40, 0, 0, 0.17%, 8, 0, 9, 136.97
1735758866, 112, 22, 40, 0, 0, 0.17%, 8, 0, 9, 149.94
1735758876, 112, 26, 40, 0, 0, 0.17%, 8, 0, 9, 142.98
1735758882, 112, 28, 40, 0, 0, 0.17%, 8, 0, 9, 144.12
1735758892, 112, 31, 40, 0, 0, 0.17%, 8, 0, 9, 147.44
1735758897, 112, 32, 40, 0, 0, 0.17%, 8, 0, 9, 154.27
1735758902, 113, 12, 40, 0, 0, 0.17%, 8, 0, 9, 146.48
1735758907, 113, 13, 40, 0, 0, 0.17%, 8, 0, 9, 148.14
1735758912, 113, 14, 40, 0, 0, 0.17%, 8, 0, 9, 138.99
1735758917, 113, 26, 40, 0, 0, 0.17%, 8, 0, 9, 145.08
1735758922, 113, 28, 40, 0, 0, 0.17%, 8, 0, 9, 138.45
1735758933, 114, 12, 40, 0, 0, 0.17%, 8, 0, 9, 132.28
1735758938, 114, 13, 40, 0, 0, 0.17%, 8, 0, 9, 138.95
1735758943, 114, 14, 40, 0, 0, 0.17%, 8, 0, 9, 136.36
1735758948, 114, 22, 40, 0, 0, 0.17%, 8, 0, 9, 148.81
1735758958, 114, 26, 40, 0, 0, 0.17%, 8, 0, 9, 141.24
1735758963, 114, 28, 40, 0, 0, 0.17%, 8, 0, 9, 142.79
1735758974, 114, 39, 40, 0, 0, 0.17%, 8, 0, 9, 150.06
1735758984, 115, 26, 40, 0, 0, 0.17%, 8, 0, 9, 143.33
1735758989, 115, 28, 40, 0, 0, 0.17%, 8, 0, 9, 147.17
1735758999, 115, 33, 40, 0, 0, 0.17%, 8, 0, 9, 153.01
1735759004, 116, 9, 40, 0, 0, 0.17%, 8, 0, 9, 144.83
1735759010, 116, 12, 40, 0, 0, 0.17%, 8, 0, 9, 146.72
1735759015, 116, 26, 40, 0, 0, 0.17%, 8, 0, 9, 148.55
1735759020, 116, 28, 40, 0, 0, 0.17%, 8, 0, 9, 146.53
1735759030, 117, 10, 40, 0, 0, 0.17%, 8, 0, 9, 136.94
1735759035, 117, 26, 40, 0, 0, 0.17%, 8, 0, 9, 140.12
1735759040, 117, 28, 40, 0, 0, 0.17%, 8, 0, 9, 143.17
1735759050, 117, 31, 40, 0, 0, 0.17%, 8, 0, 9, 161.75
1735759055, 118, 5, 40, 0, 0, 0.17%, 8, 0, 9, 150.37
1735759061, 118, 12, 40, 0, 0, 0.17%, 8, 0, 9, 146.20
1735759066, 118, 26, 40, 0, 0, 0.17%, 8, 0, 9, 139.36
1735759071, 118, 28, 40, 0, 0, 0.17%, 8, 0, 9, 139.63
1735759076, 119, 12, 40, 0, 0, 0.17%, 8, 0, 9, 139.56
1735759081, 119, 26, 40, 0, 0, 0.17%, 8, 0, 9, 146.58
1735759086, 119, 28, 40, 0, 0, 0.17%, 8, 0, 9, 143.70
1735759091, 120, 12, 40, 0, 0, 0.17%, 8, 0, 9, 143.14
1735759097, 120, 17, 40, 0, 0, 0.17%, 8, 0, 9, 142.08
1735759102, 120, 24, 40, 0, 0, 0.17%, 8, 0, 9, 142.19
1735759107, 120, 26, 40, 0, 0, 0.17%, 8, 0, 9, 144.82
1735759112, 120, 28, 40, 0, 0, 0.17%, 8, 0, 9, 141.38
1735759122, 121, 12, 40, 0, 0, 0.17%, 8, 0, 9, 137.13
1735759128, 121, 24, 40, 0, 0, 0.17%, 8, 0, 9, 148.70
1735759133, 121, 26, 40, 0, 0, 0.17%, 8, 0, 9, 153.24
1735759138, 121, 28, 40, 0, 0, 0.17%, 8, 0, 9, 146.59
1735759148, 121, 34, 40, 0, 0, 0.17%, 8, 0, 9, 156.02
1735759158, 122, 12, 40, 0, 0, 0.17%, 8, 0, 9, 149.94
1735759163, 122, 21, 40, 0, 0, 0.17%, 8, 0, 9, 140.74
1735759168, 122, 28, 40, 0, 0, 0.17%, 8, 0, 9, 146.54
1735759178, 123, 11, 40, 0, 0, 0.17%, 8, 0, 9, 145.06
1735759183, 123, 12, 40, 0, 0, 0.17%, 8, 0, 9, 142.78
1735759188, 123, 26, 40, 0, 0, 0.17%, 8, 0, 9, 147.34
1735759193, 123, 28, 40, 0, 0, 0.17%, 8, 0, 9, 140.76
1735759198, 124, 8, 40, 0, 0, 0.17%, 8, 0, 9, 141.73
1735759204, 124, 12, 40, 0, 0, 0.17%, 8, 0, 9, 144.59
1735759209, 124, 26, 40, 0, 0, 0.17%, 8, 0, 9, 144.78
1735759214, 124, 28, 40, 0, 0, 0.17%, 8, 0, 9, 141.05
1735759219, 124, 38, 40, 0, 0, 0.17%, 8, 0, 9, 153.37
1735759230, 125, 12, 40, 0, 0, 0.17%, 8, 0, 9, 150.09
1735759235, 125, 16, 40, 0, 0, 0.17%, 8, 0, 9, 140.44
1735759240, 125, 26, 40, 0, 0, 0.17%, 8, 0, 9, 141.98
1735759245, 125, 28, 40, 0, 0, 0.17%, 8, 0, 9, 141.16
1735759250, 126, 0, 40, 0, 0, 0.17%, 8, 0, 9, 143.30
1735759255, 126, 12, 40, 0, 0, 0.17%, 8, 0, 9, 140.53
1735759260, 126, 15, 40, 0, 0, 0.17%, 8, 0, 9, 149.42
1735759265, 126, 26, 40, 0, 0, 0.17%, 8, 0, 9, 147.24
1735759271, 126, 28, 40, 0, 0, 0.17%, 8, 0, 9, 145.95
1735759276, 126, 34, 40, 0, 0, 0.17%, 8, 0, 9, 160.65
1735759286, 126, 39, 40, 0, 0, 0.17%, 8, 0, 9, 154.61
1735759296, 127, 10, 40, 0, 0, 0.17%, 8, 0, 9, 148.15
1735759301, 127, 12, 40, 0, 0, 0.17%, 8, 0, 9, 136.99
1735759307, 127, 19, 40, 0, 0, 0.17%, 8, 0, 9, 149.25
1735759312, 127, 26, 40, 0, 0, 0.17%, 8, 0, 9, 142.74
1735759317, 127, 28, 40, 0, 0, 0.17%, 8, 0, 9, 143.60
1735759322, 127, 33, 40, 0, 0, 0.17%, 8, 0, 9, 152.48
1735759327, 128, 8, 40, 0, 0, 0.17%, 8, 0, 9, 150.45
1735759332, 128, 12, 40, 0, 0, 0.17%, 8, 0, 9, 145.49
1735759337, 128, 26, 40, 0, 0, 0.17%, 8, 0, 9, 152.25
1735759343, 128, 28, 40, 0, 0, 0.17%, 8, 0, 9, 146.98
1735759348, 129, 12, 40, 0, 0, 0.17%, 8, 0, 9, 138.92
1735759353, 129, 26, 40, 0, 0, 0.17%, 8, 0, 9, 152.65
1735759358, 129, 28, 40, 0, 0, 0.17%, 8, 0, 9, 143.57
1735759363, 130, 12, 40, 0, 0, 0.17%, 8, 0, 9, 135.73
1735759368, 130, 15, 40, 0, 0, 0.17%, 8, 0, 9, 141.44
1735759373, 130, 26, 40, 0, 0, 0.17%, 8, 0, 9, 145.67
1735759378, 130, 28, 40, 0, 0, 0.17%, 8, 0, 9, 147.01
1735759389, 131, 12, 40, 0, 0, 0.17%, 8, 0, 9, 148.27
1735759394, 131, 26, 40, 0, 0, 0.17%, 8, 0, 9, 145.45
1735759399, 131, 28, 40, 0, 0, 0.17%, 8, 0, 9, 149.00
1735759409, 132, 10, 40, 0, 0, 0.17%, 8, 0, 9, 143.40
1735759414, 132, 12, 40, 0, 0, 0.17%, 8, 0, 9, 138.72
1735759419, 132, 17, 40, 0, 0, 0.17%, 8, 0, 9, 138.12
1735759424, 132, 26, 40, 0, 0, 0.17%, 8, 0, 9, 145.18
1735759430, 132, 28, 40, 0, 0, 0.17%, 8, 0, 9, 138.32
1735759435, 133, 12, 40, 0, 0, 0.17%, 8, 0, 9, 132.77
1735759440, 133, 26, 40, 0, 0, 0.17%, 8, 0, 9, 143.89
1735759445, 133, 28, 40, 0, 0, 0.17%, 8, 0, 9, 137.13
1735759455, 134, 15, 40, 0, 0, 0.17%, 8, 0, 9, 138.53
1735759460, 134, 26, 40, 0, 0, 0.17%, 8, 0, 9, 138.88
1735759466, 134, 28, 40, 0, 0, 0.17%, 8, 0, 9, 144.95
1735759476, 134, 32, 40, 0, 0, 0.17%, 8, 0, 9, 153.68
1735759481, 135, 12, 40, 0, 0, 0.17%, 8, 0, 9, 146.36
1735759486, 135, 18, 40, 0, 0, 0.17%, 8, 0, 9, 144.04
1735759491, 135, 26, 40, 0, 0, 0.17%, 8, 0, 9, 144.19
1735759497, 135, 28, 40, 0, 0, 0.17%, 8, 0, 9, 142.63
1735759507, 135, 31, 40, 0, 0, 0.17%, 8, 0, 9, 157.89
1735759512, 135, 37, 40, 0, 0, 0.17%, 8, 0, 9, 151.38
1735759522, 136, 12, 40, 0, 0, 0.17%, 8, 0, 9, 155.64
1735759527, 136, 26, 40, 0, 0, 0.17%, 8, 0, 9, 146.69
1735759532, 136, 28, 40, 0, 0, 0.17%, 8, 0, 9, 142.31
1735759543, 137, 12, 40, 0, 0, 0.17%, 8, 0, 9, 143.98
1735759548, 137, 26, 40, 0, 0, 0.17%, 8, 0, 9, 150.98
1735759553, 137, 28, 40, 0, 0, 0.17%, 8, 0, 9, 142.05
1735759558, 137, 35, 40, 0, 0, 0.17%, 8, 0, 9, 148.52
1735759568, 138, 12, 40, 0, 0, 0.17%, 8, 0, 9, 145.67
1735759573, 138, 17, 40, 0, 0, 0.17%, 8, 0, 9, 142.90
1735759579, 138, 26, 40, 0, 0, 0.17%, 8, 0, 9, 142.34
1735759584, 138, 28, 40, 0, 0, 0.17%, 8, 0, 9, 136.18
1735759589, 138, 32, 40, 0, 0, 0.17%, 8, 0, 9, 148.07
1735759594, 139, 12, 40, 0, 0, 0.17%, 8, 0, 9, 135.80
1735759599, 139, 26, 40, 0, 0, 0.17%, 8, 0, 9, 148.24
1735759604, 139, 27, 40, 0, 0, 0.17%, 8, 0, 9, 156.03
1735759610, 139, 28, 40, 0, 0, 0.17%, 8, 0, 9, 148.92
1735759615, 139, 32, 40, 0, 0, 0.17%, 8, 0, 9, 149.63
1735759620, 139, 38, 40, 0, 0, 0.17%, 8, 0, 9, 162.65
1735759630, 140, 0, 40, 0, 0, 0.17%, 8, 0, 9, 148.93
1735759635, 140, 26, 40, 0, 0, 0.17%, 8, 0, 9, 150.55
1735759640, 140, 27, 40, 0, 0, 0.17%, 8, 0, 9, 155.61
1735759645, 140, 28, 40, 0, 0, 0.17%, 8, 0, 9, 145.19
1735759655, 141, 12, 40, 0, 0, 0.17%, 8, 0, 9, 144.30
1735759661, 141, 16, 40, 0, 0, 0.17%, 8, 0, 9, 140.54
1735759666, 141, 28, 40, 0, 0, 0.17%, 8, 0, 9, 146.25
1735759676, 141, 36, 40, 0, 0, 0.17%, 8, 0, 9, 152.87
1735759681, 142, 10, 40, 0, 0, 0.17%, 8, 0, 9, 145.04
1735759686, 142, 12, 40, 0, 0, 0.17%, 8, 0, 9, 135.24
1735759692, 142, 24, 40, 0, 0, 0.17%, 8, 0, 9, 147.24
1735759697, 142, 26, 40, 0, 0, 0.17%, 8, 0, 9, 144.05
1735759702, 142, 28, 40, 0, 0, 0.17%, 8, 0, 9, 144.01
1735759707, 142, 35, 40, 0, 0, 0.17%, 8, 0, 9, 156.83
1735759717, 143, 12, 40, 0, 0, 0.17%, 8, 0, 9, 148.12
1735759722, 143, 23, 40, 0, 0, 0.17%, 8, 0, 9, 146.47
1735759732, 143, 26, 40, 0, 0, 0.17%, 8, 0, 9, 144.38
1735759737, 143, 28, 40, 0, 0, 0.17%, 8, 0, 9, 137.99
1735759742, 144, 0, 40, 0, 0, 0.17%, 8, 0, 9, 142.61
1735759748, 144, 12, 40, 0, 0, 0.17%, 8, 0, 9, 126.90
1735759753, 144, 18, 40, 0, 0, 0.17%, 8, 0, 9, 143.94
1735759758, 144, 21, 40, 0, 0, 0.17%, 8, 0, 9, 150.22
1735759763, 144, 26, 40, 0, 0, 0.17%, 8, 0, 9, 148.96
1735759768, 144, 28, 40, 0, 0, 0.17%, 8, 0, 9, 139.47
1735759773, 145, 12, 40, 0, 0, 0.17%, 8, 0, 9, 138.87
1735759778, 145, 22, 40, 0, 0, 0.17%, 8, 0, 9, 148.42
1735759783, 145, 26, 40, 0, 0, 0.17%, 8, 0, 9, 138.63
1735759789, 145, 28, 40, 0, 0, 0.17%, 8, 0, 9, 136.37
1735759794, 146, 12, 40, 0, 0, 0.17%, 8, 0, 9, 141.35
1735759799, 146, 14, 40, 0, 0, 0.17%, 8, 0, 9, 141.92
1735759804, 146, 25, 40, 0, 0, 0.17%, 8, 0, 9, 143.47
1735759814, 146, 26, 40, 0, 0, 0.17%, 8, 0, 9, 144.80
1735759819, 146, 28, 40, 0, 0, 0.17%, 8, 0, 9, 137.30
1735759824, 147, 9, 40, 0, 0, 0.17%, 8, 0, 9, 154.00
1735759829, 147, 12, 40, 0, 0, 0.17%, 8, 0, 9, 149.24
1735759834, 147, 15, 40, 0, 0, 0.17%, 8, 0, 9, 142.41
1735759840, 147, 23, 40, 0, 0, 0.17%, 8, 0, 9, 143.69
1735759845, 147, 26, 40, 0, 0, 0.17%, 8, 0, 9, 151.00
1735759850, 147, 27, 40, 0, 0, 0.17%, 8, 0, 9, 155.23
1735759855, 147, 28, 40, 0, 0, 0.17%, 8, 0, 9, 141.10
1735759865, 148, 17, 40, 0, 0, 0.17%, 8, 0, 9, 138.27
1735759870, 148, 26, 40, 0, 0, 0.17%, 8, 0, 9, 145.69
1735759875, 148, 28, 40, 0, 0, 0.17%, 8, 0, 9, 142.11
1735759885, 149, 26, 40, 0, 0, 0.17%, 8, 0, 9, 148.78
1735759890, 149, 28, 40, 0, 0, 0.17%, 8, 0, 9, 142.21
1735759901, 150, 12, 40, 0, 0, 0.17%, 8, 0, 9, 140.41
1735759906, 150, 26, 40, 0, 0, 0.17%, 8, 0, 9, 144.94
1735759911, 150, 28, 40, 0, 0, 0.17%, 8, 0, 9, 148.85
1735759921, 150, 34, 40, 0, 0, 0.17%, 8, 0, 9, 157.29
1735759931, 151, 12, 40, 0, 0, 0.17%, 8, 0, 9, 145.23
1735759936, 151, 19, 40, 0, 0, 0.17%, 8, 0, 9, 145.36
1735759941, 151, 28, 40, 0, 0, 0.17%, 8, 0, 9, 150.59
1735759952, 151, 32, 40, 0, 0, 0.17%, 8, 0, 9, 149.86
1735759957, 151, 37, 40, 0, 0, 0.17%, 8, 0, 9, 162.60
1735759967, 152, 12, 40, 0, 0, 0.17%, 8, 0, 9, 147.79
1735759972, 152, 26, 40, 0, 0, 0.17%, 8, 0, 9, 146.67
1735759977, 152, 28, 40, 0, 0, 0.17%, 8, 0, 9, 143.23
1735759982, 153, 8, 40, 0, 0, 0.17%, 8, 0, 9, 146.30
1735759987, 153, 12, 40, 0, 0, 0.17%, 8, 0, 9, 146.27
1735759993, 153, 26, 40, 0, 0, 0.17%, 8, 0, 9, 145.91
1735759998, 153, 28, 40, 0, 0, 0.17%, 8, 0, 9, 143.54
1735760003, 153, 33, 40, 0, 0, 0.17%, 8, 0, 9, 142.31
1735760008, 154, 4, 40, 0, 0, 0.17%, 8, 0, 9, 138.17
1735760013, 154, 26, 40, 0, 0, 0.17%, 8, 0, 9, 140.95
1735760018, 154, 28, 40, 0, 0, 0.17%, 8, 0, 9, 140.07
1735760028, 155, 12, 40, 0, 0, 0.17%, 8, 0, 9, 135.40
1735760033, 155, 26, 40, 0, 0, 0.17%, 8, 0, 9, 141.20
1735760038, 155, 28, 40, 0, 0, 0.17%, 8, 0, 9, 145.58
1735760048, 156, 12, 40, 0, 0, 0.17%, 8, 0, 9, 135.59
1735760054, 156, 26, 40, 0, 0, 0.17%, 8, 0, 9, 141.56
1735760059, 156, 28, 40, 0, 0, 0.17%, 8, 0, 9, 142.53
1735760064, 157, 12, 40, 0, 0, 0.17%, 8, 0, 9, 145.70
1735760069, 157, 26, 40, 0, 0, 0.17%, 8, 0, 9, 145.84
1735760074, 157, 28, 40, 0, 0, 0.17%, 8, 0, 9, 138.78
1735760079, 158, 9, 40, 0, 0, 0.17%, 8, 0, 9, 140.22
1735760085, 158, 26, 40, 0, 0, 0.17%, 8, 0, 9, 149.40
1735760090, 158, 28, 40, 0, 0, 0.17%, 8, 0, 9, 145.76
1735760100, 159, 12, 40, 0, 0, 0.17%, 8, 0, 9, 141.93
1735760105, 159, 26, 40, 0, 0, 0.17%, 8, 0, 9, 148.07
1735760110, 159, 28, 40, 0, 0, 0.17%, 8, 0, 9, 144.77
1735760115, 160, 12, 40, 0, 0, 0.17%, 8, 0, 9, 142.57
1735760120, 160, 26, 40, 0, 0, 0.17%, 8, 0, 9, 152.53
1735760125, 160, 28, 40, 0, 0, 0.17%, 8, 0, 9, 139.77
1735760131, 161, 10, 40, 0, 0, 0.17%, 8, 0, 9, 144.60
1735760136, 161, 12, 40, 0, 0, 0.17%, 8, 0, 9, 140.90
1735760141, 161, 26, 40, 0, 0, 0.17%, 8, 0, 9, 146.26
1735760146, 161, 28, 40, 0, 0, 0.17%, 8, 0, 9, 147.05
1735760151, 162, 12, 40, 0, 0, 0.17%, 8, 0, 9, 142.81
1735760156, 162, 15, 40, 0, 0, 0.17%, 8, 0, 9, 140.17
1735760161, 162, 26, 40, 0, 0, 0.17%, 8, 0, 9, 138.96
1735760166, 162, 28, 40, 0, 0, 0.17%, 8, 0, 9, 140.89
1735760177, 162, 37, 40, 0, 0, 0.17%, 8, 0, 9, 148.85
1735760187, 162, 38, 40, 0, 0, 0.17%, 8, 0, 9, 163.74
1735760197, 163, 12, 40, 0, 0, 0.17%, 8, 0, 9, 145.24
1735760202, 163, 26, 40, 0, 0, 0.17%, 8, 0, 9, 142.29
1735760207, 163, 28, 40, 0, 0, 0.17%, 8, 0, 9, 144.75
1735760217, 163, 39, 40, 0, 0, 0.17%, 8, 0, 9, 167.08
1735760227, 164, 12, 40, 0, 0, 0.17%, 8, 0, 9, 138.97
1735760233, 164, 26, 40, 0, 0, 0.17%, 8, 0, 9, 144.37
1735760238, 164, 28, 40, 0, 0, 0.17%, 8, 0, 9, 137.28
1735760243, 165, 12, 40, 0, 0, 0.17%, 8, 0, 9, 136.47
1735760248, 165, 26, 40, 0, 0, 0.17%, 8, 0, 9, 144.30
1735760253, 165, 28, 40, 0, 0, 0.17%, 8, 0, 9, 141.91
1735760263, 166, 12, 40, 0, 0, 0.17%, 8, 0, 9, 137.27
1735760268, 166, 13, 40, 0, 0, 0.17%, 8, 0, 9, 148.24
1735760273, 166, 24, 40, 0, 0, 0.17%, 8, 0, 9, 149.92
1735760278, 166, 26, 40, 0, 0, 0.17%, 8, 0, 9, 141.07
1735760284, 166, 28, 40, 0, 0, 0.17%, 8, 0, 9, 142.27
1735760289, 166, 32, 40, 0, 0, 0.17%, 8, 0, 9, 154.73
1735760294, 167, 12, 40, 0, 0, 0.17%, 8, 0, 9, 147.26
1735760299, 167, 26, 40, 0, 0, 0.17%, 8, 0, 9, 140.88
1735760304, 167, 28, 40, 0, 0, 0.17%, 8, 0, 9, 151.72
1735760314, 167, 29, 40, 0, 0, 0.17%, 8, 0, 9, 159.89
1735760324, 167, 34, 40, 0, 0, 0.17%, 8, 0, 9, 160.27
1735760334, 168, 12, 40, 0, 0, 0.17%, 8, 0, 9, 145.50
1735760340, 168, 19, 40, 0, 0, 0.17%, 8, 0, 9, 139.67
1735760345, 168, 26, 40, 0, 0, 0.17%, 8, 0, 9, 150.45
1735760350, 168, 28, 40, 0, 0, 0.17%, 8, 0, 9, 146.05
1735760355, 168, 30, 40, 0, 0, 0.17%, 8, 0, 9, 164.80
1735760365, 169, 12, 40, 0, 0, 0.17%, 8, 0, 9, 146.61
1735760370, 169, 24, 40, 0, 0, 0.17%, 8, 0, 9, 140.60
1735760375, 169, 26, 40, 0, 0, 0.17%, 8, 0, 9, 152.36
1735760381, 169, 28, 40, 0, 0, 0.17%, 8, 0, 9, 143.24
1735760386, 169, 31, 40, 0, 0, 0.17%, 8, 0, 9, 154.53
1735760396, 170, 4, 40, 0, 0, 0.17%, 8, 0, 9, 144.87
1735760401, 170, 12, 40, 0, 0, 0.17%, 8, 0, 9, 140.47
1735760406, 170, 26, 40, 0, 0, 0.17%, 8, 0, 9, 144.12
1735760411, 170, 28, 40, 0, 0, 0.17%, 8, 0, 9, 149.53
1735760416, 171, 12, 40, 0, 0, 0.17%, 8, 0, 9, 142.72
1735760421, 171, 15, 40, 0, 0, 0.17%, 8, 0, 9, 141.40
1735760426, 171, 26, 40, 0, 0, 0.17%, 8, 0, 9, 143.54
1735760432, 171, 28, 40, 0, 0, 0.17%, 8, 0, 9, 145.84
1735760437, 172, 12, 40, 0, 0, 0.17%, 8, 0, 9, 140.10
1735760442, 172, 19, 40, 0, 0, 0.17%, 8, 0, 9, 140.41
1735760447, 172, 26, 40, 0, 0, 0.17%, 8, 0, 9, 140.59
1735760452, 172, 28, 40, 0, 0, 0.17%, 8, 0, 9, 143.91
1735760462, 173, 12, 40, 0, 0, 0.17%, 8, 0, 9, 138.24
1735760467, 173, 17, 40, 0, 0, 0.17%, 8, 0, 9, 132.03
1735760472, 173, 26, 40, 0, 0, 0.17%, 8, 0, 9, 142.56
1735760477, 173, 28, 40, 0, 0, 0.17%, 8, 0, 9, 140.59
1735760488, 173, 29, 40, 0, 0, 0.17%, 8, 0, 9, 165.55
1735760498, 174, 12, 40, 0, 0, 0.17%, 8, 0, 9, 145.58
1735760503, 174, 26, 40, 0, 0, 0.17%, 8, 0, 9, 144.41
1735760508, 174, 27, 40, 0, 0, 0.17%, 8, 0, 9, 146.30
1735760513, 174, 28, 40, 0, 0, 0.17%, 8, 0, 9, 134.40
1735760518, 175, 4, 40, 0, 0, 0.17%, 8, 0, 9, 137.42
1735760523, 175, 12, 40, 0, 0, 0.17%, 8, 0, 9, 143.56
1735760529, 175, 27, 40, 0, 0, 0.17%, 8, 0, 9, 153.10
1735760534, 175, 28, 40, 0, 0, 0.17%, 8, 0, 9, 149.79
1735760544, 176, 12, 40, 0, 0, 0.17%, 8, 0, 9, 145.34
1735760549, 176, 20, 40, 0, 0, 0.17%, 8, 0, 9, 142.80
1735760554, 176, 26, 40, 0, 0, 0.17%, 8, 0, 9, 145.90
1735760559, 176, 28, 40, 0, 0, 0.17%, 8, 0, 9, 137.12
1735760564, 177, 4, 40, 0, 0, 0.17%, 8, 0, 9, 140.63
1735760570, 177, 12, 40, 0, 0, 0.17%, 8, 0, 9, 139.09
1735760575, 177, 26, 40, 0, 0, 0.17%, 8, 0, 9, 141.70
1735760580, 177, 28, 40, 0, 0, 0.17%, 8, 0, 9, 136.19
1735760585, 177, 36, 40, 0, 0, 0.17%, 8, 0, 9, 150.58
1735760595, 178, 12, 40, 0, 0, 0.17%, 8, 0, 9, 155.43
1735760600, 178, 26, 40, 0, 0, 0.17%, 8, 0, 9, 147.23
1735760606, 178, 28, 40, 0, 0, 0.17%, 8, 0, 9, 143.79
1735760611, 178, 29, 40, 0, 0, 0.17%, 8, 0, 9, 169.37
1735760621, 179, 12, 40, 0, 0, 0.17%, 8, 0, 9, 144.56
1735760626, 179, 26, 40, 0, 0, 0.17%, 8, 0, 9, 140.72
1735760631, 179, 27, 40, 0, 0, 0.17%, 8, 0, 9, 148.65
1735760636, 179, 28, 40, 0, 0, 0.17%, 8, 0, 9, 141.58
1735760646, 180, 12, 40, 0, 0, 0.17%, 8, 0, 9, 139.99
1735760651, 180, 24, 40, 0, 0, 0.17%, 8, 0, 9, 143.30
1735760657, 180, 26, 40, 0, 0, 0.17%, 8, 0, 9, 147.60
1735760662, 180, 28, 40, 0, 0, 0.17%, 8, 0, 9, 134.49
1735760667, 181, 12, 40, 0, 0, 0.17%, 8, 0, 9, 143.55
1735760672, 181, 26, 40, 0, 0, 0.17%, 8, 0, 9, 144.39
1735760677, 181, 28, 40, 0, 0, 0.17%, 8, 0, 9, 141.64
1735760682, 181, 38, 40, 0, 0, 0.17%, 8, 0, 9, 146.74
1735760697, 182, 12, 40, 0, 0, 0.17%, 8, 0, 9, 132.39
1735760702, 182, 26, 40, 0, 0, 0.17%, 8, 0, 9, 153.56
1735760707, 182, 28, 40, 0, 0, 0.17%, 8, 0, 9, 140.14
1735760713, 182, 33, 40, 0, 0, 0.17%, 8, 0, 9, 149.53
1735760718, 183, 12, 40, 0, 0, 0.17%, 8, 0, 9, 143.22
1735760723, 183, 15, 40, 0, 0, 0.17%, 8, 0, 9, 150.89
1735760728, 183, 26, 40, 0, 0, 0.17%, 8, 0, 9, 152.53
1735760733, 183, 28, 40, 0, 0, 0.17%, 8, 0, 9, 143.21
1735760738, 184, 2, 40, 0, 0, 0.17%, 8, 0, 9, 144.61
1735760743, 184, 12, 40, 0, 0, 0.17%, 8, 0, 9, 149.37
1735760748, 184, 26, 40, 0, 0, 0.17%, 8, 0, 9, 141.50
1735760753, 184, 28, 40, 0, 0, 0.17%, 8, 0, 9, 143.32
1735760759, 185, 11, 40, 0, 0, 0.17%, 8, 0, 9, 140.49
1735760764, 185, 26, 40, 0, 0, 0.17%, 8, 0, 9, 147.22
1735760769, 185, 27, 40, 0, 0, 0.17%, 8, 0, 9, 146.20
1735760774, 185, 28, 40, 0, 0, 0.17%, 8, 0, 9, 142.11
1735760784, 185, 33, 40, 0, 0, 0.17%, 8, 0, 9, 141.96
1735760789, 185, 39, 40, 0, 0, 0.17%, 8, 0, 9, 168.64
1735760799, 186, 12, 40, 0, 0, 0.17%, 8, 0, 9, 143.53
1735760805, 186, 15, 40, 0, 0, 0.17%, 8, 0, 9, 145.23
1735760810, 186, 23, 40, 0, 0, 0.17%, 8, 0, 9, 146.90
1735760820, 186, 28, 40, 0, 0, 0.17%, 8, 0, 9, 154.49
1735760830, 186, 33, 40, 0, 0, 0.17%, 8, 0, 9, 150.15
1735760835, 187, 12, 40, 0, 0, 0.17%, 8, 0, 9, 143.12
1735760840, 187, 26, 40, 0, 0, 0.17%, 8, 0, 9, 140.80
1735760845, 187, 28, 40, 0, 0, 0.17%, 8, 0, 9, 140.74
1735760856, 188, 12, 40, 0, 0, 0.17%, 8, 0, 9, 148.99
1735760861, 188, 26, 40, 0, 0, 0.17%, 8, 0, 9, 150.68
1735760866, 188, 28, 40, 0, 0, 0.17%, 8, 0, 9, 139.52
1735760871, 188, 29, 40, 0, 0, 0.17%, 8, 0, 9, 169.49
1735760881, 189, 12, 40, 0, 0, 0.17%, 8, 0, 9, 152.24
1735760886, 189, 18, 40, 0, 0, 0.17%, 8, 0, 9, 143.89
1735760891, 189, 26, 40, 0, 0, 0.17%, 8, 0, 9, 146.63
1735760896, 189, 28, 40, 0, 0, 0.17%, 8, 0, 9, 147.96
1735760906, 190, 12, 40, 0, 0, 0.17%, 8, 0, 9, 146.21
1735760912, 190, 25, 40, 0, 0, 0.17%, 8, 0, 9, 150.79
1735760917, 190, 26, 40, 0, 0, 0.17%, 8, 0, 9, 156.73
1735760922, 190, 28, 40, 0, 0, 0.17%, 8, 0, 9, 143.78
1735760932, 191, 12, 40, 0, 0, 0.17%, 8, 0, 9, 137.94
1735760937, 191, 24, 40, 0, 0, 0.17%, 8, 0, 9, 146.43
1735760942, 191, 26, 40, 0, 0, 0.17%, 8, 0, 9, 146.84
1735760947, 191, 28, 40, 0, 0, 0.17%, 8, 0, 9, 146.11
1735760952, 191, 38, 40, 0, 0, 0.17%, 8, 0, 9, 159.73
1735760962, 192, 12, 40, 0, 0, 0.17%, 8, 0, 9, 138.89
1735760968, 192, 26, 40, 0, 0, 0.17%, 8, 0, 9, 148.28
1735760973, 192, 28, 40, 0, 0, 0.17%, 8, 0, 9, 143.82
1735760983, 193, 12, 40, 0, 0, 0.17%, 8, 0, 9, 139.57
1735760988, 193, 21, 40, 0, 0, 0.17%, 8, 0, 9, 135.77
1735760993, 193, 23, 40, 0, 0, 0.17%, 8, 0, 9, 148.89
1735760998, 193, 26, 40, 0, 0, 0.17%, 8, 0, 9, 149.42
1735761004, 193, 28, 40, 0, 0, 0.17%, 8, 0, 9, 141.17
1735761014, 194, 5, 40, 0, 0, 0.17%, 8, 0, 9, 138.29
1735761019, 194, 26, 40, 0, 0, 0.17%, 8, 0, 9, 142.15
1735761024, 194, 28, 40, 0, 0, 0.17%, 8, 0, 9, 153.72
1735761034, 195, 9, 40, 0, 0, 0.17%, 8, 0, 9, 144.78
1735761040, 195, 15, 40, 0, 0, 0.17%, 8, 0, 9, 144.47
1735761045, 195, 16, 40, 0, 0, 0.17%, 8, 0, 9, 141.16
1735761050, 195, 21, 40, 0, 0, 0.17%, 8, 0, 9, 135.39
1735761055, 195, 26, 40, 0, 0, 0.17%, 8, 0, 9, 140.07
1735761060, 195, 28, 40, 0, 0, 0.17%, 8, 0, 9, 134.97
1735761070, 196, 6, 40, 0, 0, 0.17%, 8, 0, 9, 144.06
1735761075, 196, 12, 40, 0, 0, 0.17%, 8, 0, 9, 142.14
1735761081, 196, 26, 40, 0, 0, 0.17%, 8, 0, 9, 143.13
1735761086, 196, 28, 40, 0, 0, 0.17%, 8, 0, 9, 147.45
1735761096, 197, 12, 40, 0, 0, 0.17%, 8, 0, 9, 146.12
1735761101, 197, 23, 40, 0, 0, 0.17%, 8, 0, 9, 146.06
1735761106, 197, 26, 40, 0, 0, 0.17%, 8, 0, 9, 153.88
1735761112, 197, 27, 40, 0, 0, 0.17%, 8, 0, 9, 156.48
1735761117, 197, 28, 40, 0, 0, 0.17%, 8, 0, 9, 144.47
1735761127, 197, 29, 40, 0, 0, 0.17%, 8, 0, 9, 169.84
1735761137, 198, 12, 40, 0, 0, 0.17%, 8, 0, 9, 143.18
1735761142, 198, 18, 40, 0, 0, 0.17%, 8, 0, 9, 146.78
1735761148, 198, 23, 40, 0, 0, 0.17%, 8, 0, 9, 151.36
1735761153, 198, 26, 40, 0, 0, 0.17%, 8, 0, 9, 142.07
1735761158, 198, 28, 40, 0, 0, 0.17%, 8, 0, 9, 147.12
1735761168, 199, 12, 40, 0, 0, 0.17%, 8, 0, 9, 137.83
1735761173, 199, 26, 40, 0, 0, 0.17%, 8, 0, 9, 147.68
1735761178, 199, 28, 40, 0, 0, 0.17%, 8, 0, 9, 140.88
1735761184, 200, 12, 40, 0, 0, 0.17%, 8, 0, 9, 144.99
1735761189, 200, 14, 40, 0, 0, 0.17%, 8, 0, 9, 136.04
1735761194, 200, 26, 40, 0, 0, 0.17%, 8, 0, 9, 137.83
1735761199, 200, 28, 40, 0, 0, 0.17%, 8, 0, 9, 135.67
1735761209, 201, 12, 40, 0, 0, 0.17%, 8, 0, 9, 143.78
1735761214, 201, 20, 40, 0, 0, 0.17%, 8, 0, 9, 139.00
1735761219, 201, 22, 40, 0, 0, 0.17%, 8, 0, 9, 145.50
1735761224, 201, 26, 40, 0, 0, 0.17%, 8, 0, 9, 144.40
1735761230, 201, 28, 40, 0, 0, 0.17%, 8, 0, 9, 147.72
1735761235, 202, 8, 40, 0, 0, 0.17%, 8, 0, 9, 146.68
1735761240, 202, 12, 40, 0, 0, 0.17%, 8, 0, 9, 140.41
1735761245, 202, 26, 40, 0, 0, 0.17%, 8, 0, 9, 154.39
1735761250, 202, 28, 40, 0, 0, 0.17%, 8, 0, 9, 150.17
1735761255, 203, 10, 40, 0, 0, 0.17%, 8, 0, 9, 146.05
1735761260, 203, 26, 40, 0, 0, 0.17%, 8, 0, 9, 146.97
1735761266, 203, 27, 40, 0, 0, 0.17%, 8, 0, 9, 148.12
1735761271, 203, 28, 40, 0, 0, 0.17%, 8, 0, 9, 142.23
1735761281, 203, 36, 40, 0, 0, 0.17%, 8, 0, 9, 160.02
1735761286, 204, 12, 40, 0, 0, 0.17%, 8, 0, 9, 147.25
1735761291, 204, 19, 40, 0, 0, 0.17%, 8, 0, 9, 149.12
1735761296, 204, 26, 40, 0, 0, 0.17%, 8, 0, 9, 148.46
1735761301, 204, 28, 40, 0, 0, 0.17%, 8, 0, 9, 145.11
1735761311, 205, 15, 40, 0, 0, 0.17%, 8, 0, 9, 144.66
1735761317, 205, 17, 40, 0, 0, 0.17%, 8, 0, 9, 143.45
1735761322, 205, 19, 40, 0, 0, 0.17%, 8, 0, 9, 148.91
1735761327, 205, 26, 40, 0, 0, 0.17%, 8, 0, 9, 151.07
1735761332, 205, 28, 40, 0, 0, 0.17%, 8, 0, 9, 143.37
1735761342, 206, 12, 40, 0, 0, 0.17%, 8, 0, 9, 139.46
1735761347, 206, 20, 40, 0, 0, 0.17%, 8, 0, 9, 147.26
1735761352, 206, 26, 40, 0, 0, 0.17%, 8, 0, 9, 147.55
1735761358, 206, 28, 40, 0, 0, 0.17%, 8, 0, 9, 146.03
1735761363, 206, 29, 40, 0, 0, 0.17%, 8, 0, 9, 166.37
1735761373, 206, 36, 40, 0, 0, 0.17%, 8, 0, 9, 159.46
1735761383, 207, 12, 40, 0, 0, 0.17%, 8, 0, 9, 141.87
1735761388, 207, 14, 40, 0, 0, 0.17%, 8, 0, 9, 130.46
1735761393, 207, 26, 40, 0, 0, 0.17%, 8, 0, 9, 140.11
1735761399, 207, 28, 40, 0, 0, 0.17%, 8, 0, 9, 136.98
1735761404, 207, 39, 40, 0, 0, 0.17%, 8, 0, 9, 158.68
1735761414, 208, 7, 40, 0, 0, 0.17%, 8, 0, 9, 161.78
1735761419, 208, 26, 40, 0, 0, 0.17%, 8, 0, 9, 145.89
1735761424, 208, 28, 40, 0, 0, 0.17%, 8, 0, 9, 147.55
1735761434, 209, 12, 40, 0, 0, 0.17%, 8, 0, 9, 141.54
1735761439, 209, 20, 40, 0, 0, 0.17%, 8, 0, 9, 139.98
1735761445, 209, 26, 40, 0, 0, 0.17%, 8, 0, 9, 149.86
1735761450, 209, 28, 40, 0, 0, 0.17%, 8, 0, 9, 138.64
1735761460, 209, 29, 40, 0, 0, 0.17%, 8, 0, 9, 168.64
1735761470, 209, 35, 40, 0, 0, 0.17%, 8, 0, 9, 164.32
1735761475, 210, 12, 40, 0, 0, 0.17%, 8, 0, 9, 150.41
1735761481, 210, 26, 40, 0, 0, 0.17%, 8, 0, 9, 151.91
1735761486, 210, 28, 40, 0, 0, 0.17%, 8, 0, 9, 148.97
1735761496, 211, 12, 40, 0, 0, 0.17%, 8, 0, 9, 142.90
1735761501, 211, 26, 40, 0, 0, 0.17%, 8, 0, 9, 143.92
1735761506, 211, 28, 40, 0, 0, 0.17%, 8, 0, 9, 141.57
1735761517, 212, 12, 40, 0, 0, 0.17%, 8, 0, 9, 140.34
1735761522, 212, 26, 40, 0, 0, 0.17%, 8, 0, 9, 150.47
1735761527, 212, 28, 40, 0, 0, 0.17%, 8, 0, 9, 140.22
1735761532, 213, 4, 40, 0, 0, 0.17%, 8, 0, 9, 144.07
1735761537, 213, 12, 40, 0, 0, 0.17%, 8, 0, 9, 148.08
1735761542, 213, 26, 40, 0, 0, 0.17%, 8, 0, 9, 138.39
1735761547, 213, 28, 40, 0, 0, 0.17%, 8, 0, 9, 143.18
1735761553, 213, 32, 40, 0, 0, 0.17%, 8, 0, 9, 148.43
1735761558, 214, 12, 40, 0, 0, 0.17%, 8, 0, 9, 148.79
1735761563, 214, 17, 40, 0, 0, 0.17%, 8, 0, 9, 137.15
1735761568, 214, 26, 40, 0, 0, 0.17%, 8, 0, 9, 146.24
1735761573, 214, 28, 40, 0, 0, 0.17%, 8, 0, 9, 140.75
1735761583, 215, 26, 40, 0, 0, 0.17%, 8, 0, 9, 144.29
1735761588, 215, 28, 40, 0, 0, 0.17%, 8, 0, 9, 145.59
1735761599, 216, 9, 40, 0, 0, 0.17%, 8, 0, 9, 136.39
1735761604, 216, 12, 40, 0, 0, 0.17%, 8, 0, 9, 132.73
1735761609, 216, 17, 40, 0, 0, 0.17%, 8, 0, 9, 140.63
1735761614, 216, 26, 40, 0, 0, 0.17%, 8, 0, 9, 149.94
1735761619, 216, 28, 40, 0, 0, 0.17%, 8, 0, 9, 146.71
1735761625, 217, 12, 40, 0, 0, 0.17%, 8, 0, 9, 145.11
1735761630, 217, 26, 40, 0, 0, 0.17%, 8, 0, 9, 141.17
1735761635, 217, 28, 40, 0, 0, 0.17%, 8, 0, 9, 144.11
1735761645, 217, 39, 40, 0, 0, 0.17%, 8, 0, 9, 159.48
1735761655, 218, 25, 40, 0, 0, 0.17%, 8, 0, 9, 142.73
1735761665, 218, 26, 40, 0, 0, 0.17%, 8, 0, 9, 147.61
1735761671, 218, 28, 40, 0, 0, 0.17%, 8, 0, 9, 141.92
1735761676, 218, 33, 40, 0, 0, 0.17%, 8, 0, 9, 142.79
1735761681, 219, 12, 40, 0, 0, 0.17%, 8, 0, 9, 142.75
1735761686, 219, 26, 40, 0, 0, 0.17%, 8, 0, 9, 137.08
1735761691, 219, 28, 40, 0, 0, 0.17%, 8, 0, 9, 142.74
1735761701, 220, 12, 40, 0, 0, 0.17%, 8, 0, 9, 139.84
1735761707, 220, 24, 40, 0, 0, 0.17%, 8, 0, 9, 151.92
1735761712, 220, 26, 40, 0, 0, 0.17%, 8, 0, 9, 147.19
1735761717, 220, 28, 40, 0, 0, 0.17%, 8, 0, 9, 142.18
1735761722, 220, 29, 40, 0, 0, 0.17%, 8, 0, 9, 172.73
1735761732, 220, 34, 40, 0, 0, 0.17%, 8, 0, 9, 158.43
1735761742, 221, 9, 40, 0, 0, 0.17%, 8, 0, 9, 154.80
1735761747, 221, 13, 40, 0, 0, 0.17%, 8, 0, 9, 153.49
1735761752, 221, 26, 40, 0, 0, 0.17%, 8, 0, 9, 145.13
1735761757, 221, 28, 40, 0, 0, 0.17%, 8, 0, 9, 144.73
1735761767, 221, 35, 40, 0, 0, 0.17%, 8, 0, 9, 157.84
1735761772, 222, 9, 40, 0, 0, 0.17%, 8, 0, 9, 142.79
1735761778, 222, 26, 40, 0, 0, 0.17%, 8, 0, 9, 146.13
1735761783, 222, 28, 40, 0, 0, 0.17%, 8, 0, 9, 145.66
1735761793, 222, 36, 40, 0, 0, 0.17%, 8, 0, 9, 153.31
1735761798, 223, 1, 40, 0, 0, 0.17%, 8, 0, 9, 143.42
1735761803, 223, 12, 40, 0, 0, 0.17%, 8, 0, 9, 137.77
1735761808, 223, 21, 40, 0, 0, 0.17%, 8, 0, 9, 142.49
1735761813, 223, 26, 40, 0, 0, 0.17%, 8, 0, 9, 142.58
1735761818, 223, 28, 40, 0, 0, 0.17%, 8, 0, 9, 137.55
1735761824, 224, 12, 40, 0, 0, 0.17%, 8, 0, 9, 149.41
1735761829, 224, 26, 40, 0, 0, 0.17%, 8, 0, 9, 151.00
1735761834, 224, 28, 40, 0, 0, 0.17%, 8, 0, 9, 142.27
1735761844, 225, 12, 40, 0, 0, 0.17%, 8, 0, 9, 143.60
1735761849, 225, 23, 40, 0, 0, 0.17%, 8, 0, 9, 149.65
1735761854, 225, 26, 40, 0, 0, 0.17%, 8, 0, 9, 142.60
1735761860, 225, 28, 40, 0, 0, 0.17%, 8, 0, 9, 145.53
1735761870, 226, 12, 40, 0, 0, 0.17%, 8, 0, 9, 147.25
1735761875, 226, 19, 40, 0, 0, 0.17%, 8, 0, 9, 146.40
1735761880, 226, 26, 40, 0, 0, 0.17%, 8, 0, 9, 141.43
1735761885, 226, 28, 40, 0, 0, 0.17%, 8, 0, 9, 139.36
1735761890, 226, 29, 40, 0, 0, 0.17%, 8, 0, 9, 155.81
1735761901, 226, 36, 40, 0, 0, 0.17%, 8, 0, 9, 160.92
1735761911, 227, 26, 40, 0, 0, 0.17%, 8, 0, 9, 147.21
1735761916, 227, 28, 40, 0, 0, 0.17%, 8, 0, 9, 140.13
1735761926, 228, 12, 40, 0, 0, 0.17%, 8, 0, 9, 143.86
1735761932, 228, 26, 40, 0, 0, 0.17%, 8, 0, 9, 141.01
1735761937, 228, 28, 40, 0, 0, 0.17%, 8, 0, 9, 145.15
1735761947, 229, 26, 40, 0, 0, 0.17%, 8, 0, 9, 149.77
1735761952, 229, 28, 40, 0, 0, 0.17%, 8, 0, 9, 142.10
1735761962, 229, 30, 40, 0, 0, 0.17%, 8, 0, 9, 157.19
1735761967, 230, 0, 40, 0, 0, 0.17%, 8, 0, 9, 149.04
1735761972, 230, 12, 40, 0, 0, 0.17%, 8, 0, 9, 144.44
1735761978, 230, 26, 40, 0, 0, 0.17%, 8, 0, 9, 149.49
1735761983, 230, 28, 40, 0, 0, 0.17%, 8, 0, 9, 139.90
1735761993, 231, 26, 40, 0, 0, 0.17%, 8, 0, 9, 145.83
1735761998, 231, 28, 40, 0, 0, 0.17%, 8, 0, 9, 141.98
1735762008, 232, 12, 40, 0, 0, 0.17%, 8, 0, 9, 136.79
1735762014, 232, 20, 40, 0, 0, 0.17%, 8, 0, 9, 144.53
1735762019, 232, 26, 40, 0, 0, 0.17%, 8, 0, 9, 149.69
1735762024, 232, 28, 40, 0, 0, 0.17%, 8, 0, 9, 143.86
1735762029, 232, 32, 40, 0, 0, 0.17%, 8, 0, 9, 145.08
1735762034, 233, 12, 40, 0, 0, 0.17%, 8, 0, 9, 137.69
1735762039, 233, 16, 40, 0, 0, 0.17%, 8, 0, 9, 135.03
1735762044, 233, 20, 40, 0, 0, 0.17%, 8, 0, 9, 138.42
1735762050, 233, 26, 40, 0, 0, 0.17%, 8, 0, 9, 144.61
1735762055, 233, 28, 40, 0, 0, 0.17%, 8, 0, 9, 139.15
1735762065, 233, 34, 40, 0, 0, 0.17%, 8, 0, 9, 153.97
1735762075, 233, 37, 40, 0, 0, 0.17%, 8, 0, 9, 156.69
1735762086, 234, 12, 40, 0, 0, 0.17%, 8, 0, 9, 147.30
1735762091, 234, 26, 40, 0, 0, 0.17%, 8, 0, 9, 136.37
1735762096, 234, 28, 40, 0, 0, 0.17%, 8, 0, 9, 144.41
1735762101, 235, 12, 40, 0, 0, 0.17%, 8, 0, 9, 142.51
1735762106, 235, 18, 40, 0, 0, 0.17%, 8, 0, 9, 142.54
1735762111, 235, 26, 40, 0, 0, 0.17%, 8, 0, 9, 140.56
1735762117, 235, 28, 40, 0, 0, 0.17%, 8, 0, 9, 141.98
1735762122, 236, 5, 40, 0, 0, 0.17%, 8, 0, 9, 139.71
1735762127, 236, 12, 40, 0, 0, 0.17%, 8, 0, 9, 143.46
1735762132, 236, 26, 40, 0, 0, 0.17%, 8, 0, 9, 141.26
1735762137, 236, 28, 40, 0, 0, 0.17%, 8, 0, 9, 133.79
1735762142, 236, 31, 40, 0, 0, 0.17%, 8, 0, 9, 157.15
1735762152, 236, 35, 40, 0, 0, 0.17%, 8, 0, 9, 162.52
1735762157, 237, 12, 40, 0, 0, 0.17%, 8, 0, 9, 141.11
1735762162, 237, 26, 40, 0, 0, 0.17%, 8, 0, 9, 151.40
1735762168, 237, 28, 40, 0, 0, 0.17%, 8, 0, 9, 142.85
1735762178, 237, 37, 40, 0, 0, 0.17%, 8, 0, 9, 149.43
1735762188, 238, 12, 40, 0, 0, 0.17%, 8, 0, 9, 137.31
1735762193, 238, 26, 40, 0, 0, 0.17%, 8, 0, 9, 141.69
1735762198, 238, 28, 40, 0, 0, 0.17%, 8, 0, 9, 140.10
1735762203, 239, 6, 40, 0, 0, 0.17%, 8, 0, 9, 145.21
1735762208, 239, 12, 40, 0, 0, 0.17%, 8, 0, 9, 146.13
1735762214, 239, 26, 40, 0, 0, 0.17%, 8, 0, 9, 145.80
1735762219, 239, 28, 40, 0, 0, 0.17%, 8, 0, 9, 147.04
1735762224, 239, 38, 40, 0, 0, 0.17%, 8, 0, 9, 149.59
1735762239, 240, 12, 40, 0, 0, 0.17%, 8, 0, 9, 136.79
1735762244, 240, 24, 40, 0, 0, 0.17%, 8, 0, 9, 147.23
1735762249, 240, 26, 40, 0, 0, 0.17%, 8, 0, 9, 153.60
1735762254, 240, 28, 40, 0, 0, 0.17%, 8, 0, 9, 152.22
1735762260, 241, 6, 40, 0, 0, 0.17%, 8, 0, 9, 144.46
1735762265, 241, 12, 40, 0, 0, 0.17%, 8, 0, 9, 142.64
1735762270, 241, 26, 40, 0, 0, 0.17%, 8, 0, 9, 148.44
1735762275, 241, 28, 40, 0, 0, 0.17%, 8, 0, 9, 152.23
1735762280, 242, 12, 40, 0, 0, 0.17%, 8, 0, 9, 138.87
1735762285, 242, 26, 40, 0, 0, 0.17%, 8, 0, 9, 139.41
1735762290, 242, 28, 40, 0, 0, 0.17%, 8, 0, 9, 140.28
1735762296, 242, 35, 40, 0, 0, 0.17%, 8, 0, 9, 149.49
1735762306, 243, 12, 40, 0, 0, 0.17%, 8, 0, 9, 142.12
1735762311, 243, 16, 40, 0, 0, 0.17%, 8, 0, 9, 145.24
1735762316, 243, 26, 40, 0, 0, 0.17%, 8, 0, 9, 143.24
1735762321, 243, 28, 40, 0, 0, 0.17%, 8, 0, 9, 141.89
1735762331, 243, 34, 40, 0, 0, 0.17%, 8, 0, 9, 163.77
1735762341, 244, 7, 40, 0, 0, 0.17%, 8, 0, 9, 147.87
1735762347, 244, 23, 40, 0, 0, 0.17%, 8, 0, 9, 142.78
1735762357, 244, 26, 40, 0, 0, 0.17%, 8, 0, 9, 143.35
1735762362, 244, 28, 40, 0, 0, 0.17%, 8, 0, 9, 149.51
1735762367, 244, 34, 40, 0, 0, 0.17%, 8, 0, 9, 147.42
1735762378, 245, 12, 40, 0, 0, 0.17%, 8, 0, 9, 159.12
1735762383, 245, 25, 40, 0, 0, 0.17%, 8, 0, 9, 151.29
1735762393, 245, 26, 40, 0, 0, 0.17%, 8, 0, 9, 149.59
1735762398, 245, 28, 40, 0, 0, 0.17%, 8, 0, 9, 145.10
1735762403, 246, 0, 40, 0, 0, 0.17%, 8, 0, 9, 140.39
1735762408, 246, 23, 40, 0, 0, 0.17%, 8, 0, 9, 142.57
1735762419, 246, 26, 40, 0, 0, 0.17%, 8, 0, 9, 147.75
1735762424, 246, 28, 40, 0, 0, 0.17%, 8, 0, 9, 137.90
1735762429, 247, 12, 40, 0, 0, 0.17%, 8, 0, 9, 139.47
1735762434, 247, 14, 40, 0, 0, 0.17%, 8, 0, 9, 137.66
1735762439, 247, 23, 40, 0, 0, 0.17%, 8, 0, 9, 137.29
1735762450, 247, 24, 40, 0, 0, 0.17%, 8, 0, 9, 145.09
1735762455, 247, 26, 40, 0, 0, 0.17%, 8, 0, 9, 143.14
1735762460, 247, 28, 40, 0, 0, 0.17%, 8, 0, 9, 153.73
1735762465, 248, 9, 40, 0, 0, 0.17%, 8, 0, 9, 146.69
1735762470, 248, 23, 40, 0, 0, 0.17%, 8, 0, 9, 131.85
1735762480, 248, 26, 40, 0, 0, 0.17%, 8, 0, 9, 141.39
1735762485, 248, 28, 40, 0, 0, 0.17%, 8, 0, 9, 141.33
1735762491, 248, 32, 40, 0, 0, 0.17%, 8, 0, 9, 137.09
1735762496, 249, 12, 40, 0, 0, 0.17%, 8, 0, 9, 145.76
1735762501, 249, 26, 40, 0, 0, 0.17%, 8, 0, 9, 150.37
1735762506, 249, 28, 40, 0, 0, 0.17%, 8, 0, 9, 140.85
1735762516, 249, 36, 40, 0, 0, 0.17%, 8, 0, 9, 157.26
1735762521, 250, 6, 40, 0, 0, 0.17%, 8, 0, 9, 153.11
1735762526, 250, 26, 40, 0, 0, 0.17%, 8, 0, 9, 137.06
1735762531, 250, 27, 40, 0, 0, 0.17%, 8, 0, 9, 148.88
1735762536, 250, 28, 40, 0, 0, 0.17%, 8, 0, 9, 150.38
1735762547, 251, 12, 40, 0, 0, 0.17%, 8, 0, 9, 142.91
1735762552, 251, 26, 40, 0, 0, 0.17%, 8, 0, 9, 149.86
1735762557, 251, 28, 40, 0, 0, 0.17%, 8, 0, 9, 149.27
1735762562, 251, 30, 40, 0, 0, 0.17%, 8, 0, 9, 161.73
1735762567, 252, 12, 40, 0, 0, 0.17%, 8, 0, 9, 146.82
1735762572, 252, 25, 40, 0, 0, 0.17%, 8, 0, 9, 139.82
1735762583, 252, 26, 40, 0, 0, 0.17%, 8, 0, 9, 152.18
1735762588, 252, 28, 40, 0, 0, 0.17%, 8, 0, 9, 144.87
1735762593, 252, 38, 40, 0, 0, 0.17%, 8, 0, 9, 161.32
1735762603, 253, 3, 40, 0, 0, 0.17%, 8, 0, 9, 141.28
1735762608, 253, 12, 40, 0, 0, 0.17%, 8, 0, 9, 141.90
1735762613, 253, 20, 40, 0, 0, 0.17%, 8, 0, 9, 144.56
1735762618, 253, 21, 40, 0, 0, 0.17%, 8, 0, 9, 144.96
1735762624, 253, 24, 40, 0, 0, 0.17%, 8, 0, 9, 142.12
1735762629, 253, 26, 40, 0, 0, 0.17%, 8, 0, 9, 143.53
1735762634, 253, 28, 40, 0, 0, 0.17%, 8, 0, 9, 143.34
1735762639, 253, 29, 40, 0, 0, 0.17%, 8, 0, 9, 153.80
1735762649, 254, 2, 40, 0, 0, 0.17%, 8, 0, 9, 147.17
1735762655, 254, 12, 40, 0, 0, 0.17%, 8, 0, 9, 145.94
1735762660, 254, 26, 40, 0, 0, 0.17%, 8, 0, 9, 149.94
1735762665, 254, 28, 40, 0, 0, 0.17%, 8, 0, 9, 139.41
1735762675, 255, 12, 40, 0, 0, 0.17%, 8, 0, 9, 131.88
1735762680, 255, 17, 40, 0, 0, 0.17%, 8, 0, 9, 142.00
1735762685, 255, 18, 40, 0, 0, 0.17%, 8, 0, 9, 141.26
1735762690, 255, 26, 40, 0, 0, 0.17%, 8, 0, 9, 138.26
1735762696, 255, 27, 40, 0, 0, 0.17%, 8, 0, 9, 152.77
1735762701, 255, 28, 40, 0, 0, 0.17%, 8, 0, 9, 139.89
1735762706, 256, 9, 40, 0, 0, 0.17%, 8, 0, 9, 145.64
1735762711, 256, 12, 40, 0, 0, 0.17%, 8, 0, 9, 142.60
1735762716, 256, 26, 40, 0, 0, 0.17%, 8, 0, 9, 135.67
1735762721, 256, 28, 40, 0, 0, 0.17%, 8, 0, 9, 136.15
1735762726, 257, 4, 40, 0, 0, 0.17%, 8, 0, 9, 144.60
1735762732, 257, 12, 40, 0, 0, 0.17%, 8, 0, 9, 142.17
1735762737, 257, 26, 40, 0, 0, 0.17%, 8, 0, 9, 140.51
1735762742, 257, 28, 40, 0, 0, 0.17%, 8, 0, 9, 141.90
1735762747, 258, 12, 40, 0, 0, 0.17%, 8, 0, 9, 131.64
1735762752, 258, 14, 40, 0, 0, 0.17%, 8, 0, 9, 130.91
1735762757, 258, 26, 40, 0, 0, 0.17%, 8, 0, 9, 134.90
1735762763, 258, 28, 40, 0, 0, 0.17%, 8, 0, 9, 131.85
1735762773, 258, 30, 40, 0, 0, 0.17%, 8, 0, 9, 151.10
1735762778, 258, 31, 40, 0, 0, 0.17%, 8, 0, 9, 155.91
1735762783, 258, 39, 40, 0, 0, 0.17%, 8, 0, 9, 159.26
1735762798, 259, 26, 40, 0, 0, 0.17%, 8, 0, 9, 149.10
1735762803, 259, 28, 40, 0, 0, 0.17%, 8, 0, 9, 150.23
1735762814, 259, 31, 40, 0, 0, 0.17%, 8, 0, 9, 167.77
