# unix_time, cycles_done, cur_path, paths_total, pending_total, pending_favs, map_size, unique_crashes, unique_hangs, max_depth, execs_per_sec
1735558256, 0, 0, 10, 10, 1, 0.01%, 0, 0, 1, 83.95
1735558261, 0, 3, 10, 10, 1, 0.01%, 0, 0, 1, 103.88
1735558266, 0, 4, 10, 9, 0, 0.01%, 0, 0, 1, 102.27
1735558276, 0, 5, 10, 8, 0, 0.01%, 0, 0, 1, 101.52
1735558286, 0, 6, 10, 7, 0, 0.01%, 0, 0, 1, 100.93
1735558296, 0, 7, 10, 6, 0, 0.01%, 0, 0, 1, 98.67
1735558302, 0, 7, 11, 7, 0, 0.16%, 1, 0, 2, 106.39
1735558312, 0, 10, 13, 8, 1, 0.16%, 3, 0, 3, 131.88
1735558332, 0, 11, 13, 7, 2, 0.16%, 3, 0, 3, 129.27
1735558348, 0, 12, 13, 6, 1, 0.16%, 3, 0, 3, 137.28
1735558353, 0, 12, 14, 7, 1, 0.16%, 3, 0, 4, 117.93
1735558373, 0, 12, 15, 8, 1, 0.16%, 3, 0, 4, 112.93
1735558394, 0, 12, 16, 9, 1, 0.16%, 3, 0, 4, 111.35
1735558460, 1, 1, 16, 8, 0, 0.16%, 3, 0, 4, 98.34
1735558465, 1, 2, 16, 7, 0, 0.16%, 3, 0, 4, 100.71
1735558470, 1, 11, 16, 6, 0, 0.16%, 3, 0, 4, 107.21
1735558475, 2, 2, 16, 6, 0, 0.16%, 3, 0, 4, 109.07
1735558480, 2, 8, 16, 6, 0, 0.16%, 3, 0, 4, 93.53
1735558485, 2, 8, 17, 7, 0, 0.16%, 3, 0, 4, 110.04
1735558490, 2, 11, 18, 7, 0, 0.16%, 3, 0, 4, 113.78
1735558495, 2, 12, 18, 7, 0, 0.16%, 3, 0, 4, 110.19
1735558500, 2, 16, 18, 7, 0, 0.16%, 3, 0, 4, 109.06
1735558505, 2, 16, 20, 9, 0, 0.16%, 3, 0, 4, 162.22
1735558542, 2, 20, 21, 9, 0, 0.16%, 3, 0, 4, 192.00
1735558624, 2, 20, 24, 12, 0, 0.17%, 4, 0, 4, 172.83
1735558654, 2, 20, 25, 13, 0, 0.17%, 4, 0, 4, 187.26
1735558690, 2, 21, 26, 13, 1, 0.17%, 4, 0, 5, 183.88
1735558726, 2, 21, 27, 14, 1, 0.17%, 4, 0, 5, 165.42
1735558731, 2, 21, 29, 16, 1, 0.17%, 4, 0, 5, 163.62
1735558751, 2, 21, 30, 17, 1, 0.17%, 4, 0, 5, 163.11
1735558761, 2, 21, 31, 18, 1, 0.17%, 4, 0, 5, 171.50
1735558787, 2, 21, 32, 19, 1, 0.17%, 4, 0, 5, 163.07
1735558802, 2, 28, 32, 18, 2, 0.17%, 4, 0, 5, 142.69
1735558858, 2, 31, 32, 17, 1, 0.17%, 4, 0, 5, 143.20
1735558879, 2, 31, 33, 18, 1, 0.17%, 4, 0, 6, 129.57
1735558910, 2, 31, 34, 19, 1, 0.17%, 4, 0, 6, 135.20
1735558971, 3, 11, 34, 18, 0, 0.17%, 4, 0, 6, 129.69
1735558977, 3, 12, 34, 18, 0, 0.17%, 4, 0, 6, 135.28
1735558982, 3, 15, 34, 18, 0, 0.17%, 4, 0, 6, 207.71
1735559023, 3, 28, 34, 17, 0, 0.17%, 4, 0, 6, 148.36
1735559038, 3, 31, 34, 17, 0, 0.17%, 4, 0, 6, 133.77
1735559054, 3, 32, 34, 17, 0, 0.17%, 4, 0, 6, 197.41
1735559155, 3, 32, 35, 18, 0, 0.17%, 4, 0, 7, 143.69
1735559160, 3, 34, 35, 17, 0, 0.17%, 4, 0, 7, 176.34
1735559226, 3, 34, 36, 18, 0, 0.17%, 4, 0, 8, 117.86
1735559246, 3, 34, 37, 19, 0, 0.17%, 4, 0, 8, 169.08
1735559276, 4, 0, 37, 18, 0, 0.17%, 4, 0, 8, 109.35
1735559282, 4, 11, 37, 17, 0, 0.17%, 4, 0, 8, 133.57
1735559287, 4, 13, 37, 17, 0, 0.17%, 4, 0, 8, 177.22
1735559302, 4, 20, 37, 16, 0, 0.17%, 4, 0, 8, 136.32
1735559307, 4, 20, 38, 17, 0, 0.17%, 5, 0, 8, 153.39
1735559312, 4, 22, 38, 17, 0, 0.17%, 5, 0, 8, 126.66
1735559404, 4, 22, 39, 18, 0, 0.17%, 6, 0, 8, 149.10
1735559430, 4, 27, 39, 17, 0, 0.17%, 6, 0, 8, 162.35
1735559491, 4, 31, 39, 16, 0, 0.17%, 6, 0, 8, 133.38
1735559496, 4, 35, 39, 16, 0, 0.17%, 6, 0, 8, 215.51
1735559573, 4, 35, 40, 17, 0, 0.17%, 6, 0, 9, 166.56
1735559633, 5, 11, 40, 16, 0, 0.17%, 6, 0, 9, 142.71
1735559638, 5, 22, 40, 16, 0, 0.17%, 6, 0, 9, 148.71
1735559649, 5, 23, 40, 16, 0, 0.17%, 6, 0, 9, 196.20
1735559715, 5, 25, 40, 15, 0, 0.17%, 6, 0, 9, 188.90
1735559776, 5, 27, 40, 14, 0, 0.17%, 6, 0, 9, 154.24
1735559787, 5, 31, 40, 14, 0, 0.17%, 6, 0, 9, 141.28
1735559792, 5, 37, 40, 14, 0, 0.17%, 6, 0, 9, 141.78
1735559985, 5, 39, 40, 13, 0, 0.17%, 6, 0, 9, 215.66
1735560067, 5, 39, 41, 14, 0, 0.17%, 6, 0, 10, 146.73
1735560184, 6, 11, 41, 13, 0, 0.17%, 6, 0, 10, 133.18
1735560189, 6, 17, 41, 13, 0, 0.17%, 6, 0, 10, 152.09
1735560220, 6, 19, 41, 12, 0, 0.17%, 6, 0, 10, 184.57
1735560240, 6, 27, 41, 11, 0, 0.17%, 6, 0, 10, 155.82
1735560250, 6, 31, 41, 11, 0, 0.17%, 6, 0, 10, 138.81
1735560255, 6, 33, 41, 11, 0, 0.17%, 6, 0, 10, 169.25
1735560301, 6, 39, 41, 10, 0, 0.17%, 6, 0, 10, 167.04
1735560311, 7, 11, 41, 10, 0, 0.17%, 6, 0, 10, 138.03
1735560316, 7, 18, 41, 10, 0, 0.17%, 6, 0, 10, 162.19
1735560341, 7, 27, 41, 9, 0, 0.17%, 6, 0, 10, 143.81
1735560347, 7, 30, 41, 9, 0, 0.17%, 6, 0, 10, 151.30
1735560413, 7, 31, 41, 8, 0, 0.17%, 6, 0, 10, 144.41
1735560423, 8, 27, 41, 8, 0, 0.17%, 6, 0, 10, 141.88
1735560434, 8, 31, 41, 8, 0, 0.17%, 6, 0, 10, 138.91
1735560439, 9, 9, 41, 8, 0, 0.17%, 6, 0, 10, 108.67
1735560444, 9, 11, 41, 7, 0, 0.17%, 6, 0, 10, 133.72
1735560449, 9, 26, 41, 7, 0, 0.17%, 6, 0, 10, 140.64
1735560510, 9, 27, 41, 6, 0, 0.17%, 6, 0, 10, 159.35
1735560521, 9, 31, 41, 6, 0, 0.17%, 6, 0, 10, 141.27
1735560526, 9, 38, 41, 6, 0, 0.17%, 6, 0, 10, 215.17
1735560719, 10, 11, 41, 5, 0, 0.17%, 6, 0, 10, 139.18
1735560724, 10, 19, 41, 5, 0, 0.17%, 6, 0, 10, 136.86
1735560729, 10, 27, 41, 5, 0, 0.17%, 6, 0, 10, 147.93
1735560739, 10, 28, 41, 5, 0, 0.17%, 6, 0, 10, 145.99
1735560745, 10, 31, 41, 5, 0, 0.17%, 6, 0, 10, 137.30
1735560750, 11, 11, 41, 5, 0, 0.17%, 6, 0, 10, 143.49
1735560755, 11, 14, 41, 5, 0, 0.17%, 6, 0, 10, 164.84
1735560775, 11, 24, 41, 4, 0, 0.17%, 6, 0, 10, 173.43
1735560826, 11, 27, 41, 3, 0, 0.17%, 6, 0, 10, 147.62
1735560831, 11, 31, 41, 3, 0, 0.17%, 6, 0, 10, 143.96
1735560837, 12, 10, 41, 3, 0, 0.17%, 6, 0, 10, 143.01
1735560842, 12, 12, 41, 3, 0, 0.17%, 6, 0, 10, 134.86
1735560847, 12, 27, 41, 3, 0, 0.17%, 6, 0, 10, 140.86
1735560852, 12, 31, 41, 3, 0, 0.17%, 6, 0, 10, 137.60
1735560857, 12, 40, 41, 3, 0, 0.17%, 6, 0, 10, 180.17
1735561025, 13, 11, 41, 2, 0, 0.17%, 6, 0, 10, 140.61
1735561030, 13, 27, 41, 2, 0, 0.17%, 6, 0, 10, 145.21
1735561041, 13, 29, 41, 2, 0, 0.17%, 6, 0, 10, 206.87
1735561097, 13, 31, 41, 1, 0, 0.17%, 6, 0, 10, 139.18
1735561102, 13, 32, 41, 1, 0, 0.17%, 6, 0, 10, 148.59
1735561112, 13, 34, 41, 1, 0, 0.17%, 6, 0, 10, 159.01
1735561117, 13, 36, 41, 1, 0, 0.17%, 6, 0, 10, 140.34
1735561301, 14, 12, 41, 0, 0, 0.17%, 6, 0, 10, 131.01
1735561306, 14, 29, 41, 0, 0, 0.17%, 6, 0, 10, 143.59
1735561321, 14, 31, 41, 0, 0, 0.17%, 6, 0, 10, 135.93
1735561326, 14, 35, 41, 0, 0, 0.17%, 6, 0, 10, 162.69
1735561347, 15, 11, 41, 0, 0, 0.17%, 6, 0, 10, 135.66
1735561352, 15, 29, 41, 0, 0, 0.17%, 6, 0, 10, 143.78
1735561362, 15, 31, 41, 0, 0, 0.17%, 6, 0, 10, 143.28
1735561367, 16, 12, 41, 0, 0, 0.17%, 6, 0, 10, 135.51
1735561373, 16, 13, 41, 0, 0, 0.17%, 6, 0, 10, 137.25
1735561378, 16, 29, 41, 0, 0, 0.17%, 6, 0, 10, 139.98
1735561383, 16, 31, 41, 0, 0, 0.17%, 6, 0, 10, 142.07
1735561388, 17, 11, 41, 0, 0, 0.17%, 6, 0, 10, 134.42
1735561393, 17, 29, 41, 0, 0, 0.17%, 6, 0, 10, 145.42
1735561403, 17, 31, 41, 0, 0, 0.17%, 6, 0, 10, 132.83
1735561409, 17, 32, 41, 0, 0, 0.17%, 6, 0, 10, 141.71
1735561414, 18, 11, 41, 0, 0, 0.17%, 6, 0, 10, 140.79
1735561419, 18, 14, 41, 0, 0, 0.17%, 6, 0, 10, 136.40
1735561424, 18, 15, 41, 0, 0, 0.17%, 6, 0, 10, 138.90
1735561429, 18, 24, 41, 0, 0, 0.17%, 6, 0, 10, 136.27
1735561440, 18, 29, 41, 0, 0, 0.17%, 6, 0, 10, 143.93
1735561450, 18, 31, 41, 0, 0, 0.17%, 6, 0, 10, 148.03
1735561455, 19, 12, 41, 0, 0, 0.17%, 6, 0, 10, 137.19
1735561460, 19, 14, 41, 0, 0, 0.17%, 6, 0, 10, 136.69
1735561465, 19, 26, 41, 0, 0, 0.17%, 6, 0, 10, 159.57
1735561480, 19, 27, 41, 0, 0, 0.17%, 6, 0, 10, 143.75
1735561485, 19, 29, 41, 0, 0, 0.17%, 6, 0, 10, 144.88
1735561496, 19, 31, 41, 0, 0, 0.17%, 6, 0, 10, 142.16
1735561501, 20, 11, 41, 0, 0, 0.17%, 6, 0, 10, 136.13
1735561506, 20, 29, 41, 0, 0, 0.17%, 6, 0, 10, 149.87
1735561516, 20, 31, 41, 0, 0, 0.17%, 6, 0, 10, 145.68
1735561521, 21, 12, 41, 0, 0, 0.17%, 6, 0, 10, 138.29
1735561526, 21, 25, 41, 0, 0, 0.17%, 6, 0, 10, 154.08
1735561536, 21, 29, 41, 0, 0, 0.17%, 6, 0, 10, 150.36
1735561547, 21, 31, 41, 0, 0, 0.17%, 6, 0, 10, 146.50
1735561552, 22, 11, 41, 0, 0, 0.17%, 6, 0, 10, 141.69
1735561557, 22, 28, 41, 0, 0, 0.17%, 6, 0, 10, 152.29
1735561567, 22, 29, 41, 0, 0, 0.17%, 6, 0, 10, 147.03
1735561572, 22, 31, 41, 0, 0, 0.17%, 6, 0, 10, 138.86
1735561577, 23, 11, 41, 0, 0, 0.17%, 6, 0, 10, 128.98
1735561582, 23, 18, 41, 0, 0, 0.17%, 6, 0, 10, 135.61
1735561587, 23, 27, 41, 0, 0, 0.17%, 6, 0, 10, 149.78
1735561598, 23, 29, 41, 0, 0, 0.17%, 6, 0, 10, 148.40
1735561603, 23, 31, 41, 0, 0, 0.17%, 6, 0, 10, 147.31
1735561608, 23, 33, 41, 0, 0, 0.17%, 6, 0, 10, 148.56
1735561618, 24, 11, 41, 0, 0, 0.17%, 6, 0, 10, 139.70
1735561623, 24, 24, 41, 0, 0, 0.17%, 6, 0, 10, 140.14
1735561628, 24, 29, 41, 0, 0, 0.17%, 6, 0, 10, 143.84
1735561639, 24, 31, 41, 0, 0, 0.17%, 6, 0, 10, 150.76
1735561644, 24, 36, 41, 0, 0, 0.17%, 6, 0, 10, 178.73
1735561664, 24, 38, 41, 0, 0, 0.17%, 6, 0, 10, 150.25
1735561669, 25, 29, 41, 0, 0, 0.17%, 6, 0, 10, 144.45
1735561679, 25, 31, 41, 0, 0, 0.17%, 6, 0, 10, 134.16
1735561684, 25, 40, 41, 0, 0, 0.17%, 6, 0, 10, 150.63
1735561705, 26, 11, 41, 0, 0, 0.17%, 6, 0, 10, 138.49
1735561710, 26, 29, 41, 0, 0, 0.17%, 6, 0, 10, 144.80
1735561720, 26, 31, 41, 0, 0, 0.17%, 6, 0, 10, 149.55
1735561725, 27, 12, 41, 0, 0, 0.17%, 6, 0, 10, 145.26
1735561731, 27, 22, 41, 0, 0, 0.17%, 6, 0, 10, 145.68
1735561736, 27, 29, 41, 0, 0, 0.17%, 6, 0, 10, 151.18
1735561741, 27, 31, 41, 0, 0, 0.17%, 6, 0, 10, 142.34
1735561746, 28, 12, 41, 0, 0, 0.17%, 6, 0, 10, 145.03
1735561751, 28, 29, 41, 0, 0, 0.17%, 6, 0, 10, 152.83
1735561756, 28, 31, 41, 0, 0, 0.17%, 6, 0, 10, 148.91
1735561761, 29, 1, 41, 0, 0, 0.17%, 6, 0, 10, 133.08
1735561766, 29, 12, 41, 0, 0, 0.17%, 6, 0, 10, 137.20
1735561771, 29, 13, 41, 0, 0, 0.17%, 6, 0, 10, 144.40
1735561777, 29, 29, 41, 0, 0, 0.17%, 6, 0, 10, 151.68
1735561787, 29, 31, 41, 0, 0, 0.17%, 6, 0, 10, 144.88
1735561792, 30, 2, 41, 0, 0, 0.17%, 6, 0, 10, 152.86
1735561797, 30, 12, 41, 0, 0, 0.17%, 6, 0, 10, 145.86
1735561802, 30, 29, 41, 0, 0, 0.17%, 6, 0, 10, 142.56
1735561808, 30, 31, 41, 0, 0, 0.17%, 6, 0, 10, 139.85
1735561813, 31, 11, 41, 0, 0, 0.17%, 6, 0, 10, 139.64
1735561818, 31, 23, 41, 0, 0, 0.17%, 6, 0, 10, 149.74
1735561833, 31, 29, 41, 0, 0, 0.17%, 6, 0, 10, 148.21
1735561839, 31, 31, 41, 0, 0, 0.17%, 6, 0, 10, 136.75
1735561844, 32, 11, 41, 0, 0, 0.17%, 6, 0, 10, 141.79
1735561849, 32, 13, 41, 0, 0, 0.17%, 6, 0, 10, 142.73
1735561854, 32, 28, 41, 0, 0, 0.17%, 6, 0, 10, 141.83
1735561864, 32, 29, 41, 0, 0, 0.17%, 6, 0, 10, 156.24
1735561869, 32, 31, 41, 0, 0, 0.17%, 6, 0, 10, 146.96
1735561874, 33, 11, 41, 0, 0, 0.17%, 6, 0, 10, 139.09
1735561880, 33, 14, 41, 0, 0, 0.17%, 6, 0, 10, 140.94
1735561885, 33, 29, 41, 0, 0, 0.17%, 6, 0, 10, 152.88
1735561895, 33, 31, 41, 0, 0, 0.17%, 6, 0, 10, 146.66
1735561900, 33, 35, 41, 0, 0, 0.17%, 6, 0, 10, 169.56
1735561921, 34, 12, 41, 0, 0, 0.17%, 6, 0, 10, 147.10
1735561926, 34, 29, 41, 0, 0, 0.17%, 6, 0, 10, 146.56
1735561931, 34, 31, 41, 0, 0, 0.17%, 6, 0, 10, 134.18
1735561936, 35, 11, 41, 0, 0, 0.17%, 6, 0, 10, 140.63
1735561941, 35, 13, 41, 0, 0, 0.17%, 6, 0, 10, 139.39
1735561946, 35, 18, 41, 0, 0, 0.17%, 6, 0, 10, 149.25
1735561952, 35, 29, 41, 0, 0, 0.17%, 6, 0, 10, 147.69
1735561957, 35, 31, 41, 0, 0, 0.17%, 6, 0, 10, 145.93
1735561967, 36, 12, 41, 0, 0, 0.17%, 6, 0, 10, 141.56
1735561972, 36, 23, 41, 0, 0, 0.17%, 6, 0, 10, 150.70
1735561977, 36, 29, 41, 0, 0, 0.17%, 6, 0, 10, 155.88
1735561988, 36, 37, 41, 0, 0, 0.17%, 6, 0, 10, 149.69
1735561993, 37, 11, 41, 0, 0, 0.17%, 6, 0, 10, 147.17
1735561998, 37, 28, 41, 0, 0, 0.17%, 6, 0, 10, 142.09
1735562008, 37, 29, 41, 0, 0, 0.17%, 6, 0, 10, 143.88
1735562013, 37, 31, 41, 0, 0, 0.17%, 6, 0, 10, 134.72
1735562019, 38, 6, 41, 0, 0, 0.17%, 6, 0, 10, 136.09
1735562024, 38, 12, 41, 0, 0, 0.17%, 6, 0, 10, 140.19
1735562029, 38, 29, 41, 0, 0, 0.17%, 6, 0, 10, 142.83
1735562034, 38, 31, 41, 0, 0, 0.17%, 6, 0, 10, 139.42
1735562039, 39, 10, 41, 0, 0, 0.17%, 6, 0, 10, 139.55
1735562044, 39, 12, 41, 0, 0, 0.17%, 6, 0, 10, 137.67
1735562049, 39, 23, 41, 0, 0, 0.17%, 6, 0, 10, 150.00
1735562054, 39, 24, 41, 0, 0, 0.17%, 6, 0, 10, 142.94
1735562059, 39, 29, 41, 0, 0, 0.17%, 6, 0, 10, 146.23
1735562070, 39, 31, 41, 0, 0, 0.17%, 6, 0, 10, 138.45
1735562075, 40, 12, 41, 0, 0, 0.17%, 6, 0, 10, 132.81
1735562080, 40, 29, 41, 0, 0, 0.17%, 6, 0, 10, 146.73
1735562085, 40, 31, 41, 0, 0, 0.17%, 6, 0, 10, 140.91
1735562090, 41, 11, 41, 0, 0, 0.17%, 6, 0, 10, 140.79
1735562095, 41, 28, 41, 0, 0, 0.17%, 6, 0, 10, 147.41
1735562101, 41, 29, 41, 0, 0, 0.17%, 6, 0, 10, 144.32
1735562111, 41, 31, 41, 0, 0, 0.17%, 6, 0, 10, 135.58
1735562116, 42, 11, 41, 0, 0, 0.17%, 6, 0, 10, 137.38
1735562121, 42, 29, 41, 0, 0, 0.17%, 6, 0, 10, 143.06
1735562131, 42, 31, 41, 0, 0, 0.17%, 6, 0, 10, 138.92
1735562136, 43, 5, 41, 0, 0, 0.17%, 6, 0, 10, 148.57
1735562142, 43, 12, 41, 0, 0, 0.17%, 6, 0, 10, 144.27
1735562147, 43, 16, 41, 0, 0, 0.17%, 6, 0, 10, 138.87
1735562152, 43, 25, 41, 0, 0, 0.17%, 6, 0, 10, 140.13
1735562162, 43, 29, 41, 0, 0, 0.17%, 6, 0, 10, 145.46
1735562167, 43, 31, 41, 0, 0, 0.17%, 6, 0, 10, 141.07
1735562173, 44, 11, 41, 0, 0, 0.17%, 6, 0, 10, 137.26
1735562178, 44, 14, 41, 0, 0, 0.17%, 6, 0, 10, 131.05
1735562183, 44, 29, 41, 0, 0, 0.17%, 6, 0, 10, 148.18
1735562193, 44, 31, 41, 0, 0, 0.17%, 6, 0, 10, 143.65
1735562198, 45, 11, 41, 0, 0, 0.17%, 6, 0, 10, 143.70
1735562203, 45, 29, 41, 0, 0, 0.17%, 6, 0, 10, 150.64
1735562214, 45, 31, 41, 0, 0, 0.17%, 6, 0, 10, 143.14
1735562219, 45, 40, 41, 0, 0, 0.17%, 6, 0, 10, 159.10
1735562229, 46, 11, 41, 0, 0, 0.17%, 6, 0, 10, 143.21
1735562234, 46, 29, 41, 0, 0, 0.17%, 6, 0, 10, 141.32
1735562244, 46, 31, 41, 0, 0, 0.17%, 6, 0, 10, 141.44
1735562249, 46, 34, 41, 0, 0, 0.17%, 6, 0, 10, 161.11
1735562259, 47, 11, 41, 0, 0, 0.17%, 6, 0, 10, 145.43
1735562264, 47, 17, 41, 0, 0, 0.17%, 6, 0, 10, 133.95
1735562275, 47, 29, 41, 0, 0, 0.17%, 6, 0, 10, 152.50
1735562285, 47, 31, 41, 0, 0, 0.17%, 6, 0, 10, 141.50
1735562290, 47, 38, 41, 0, 0, 0.17%, 6, 0, 10, 138.52
1735562295, 48, 12, 41, 0, 0, 0.17%, 6, 0, 10, 135.67
1735562300, 48, 27, 41, 0, 0, 0.17%, 6, 0, 10, 134.91
1735562306, 48, 29, 41, 0, 0, 0.17%, 6, 0, 10, 149.17
1735562316, 48, 31, 41, 0, 0, 0.17%, 6, 0, 10, 145.06
1735562321, 49, 12, 41, 0, 0, 0.17%, 6, 0, 10, 139.86
1735562326, 49, 29, 41, 0, 0, 0.17%, 6, 0, 10, 145.19
1735562336, 49, 31, 41, 0, 0, 0.17%, 6, 0, 10, 138.75
1735562341, 50, 12, 41, 0, 0, 0.17%, 6, 0, 10, 149.97
1735562347, 50, 13, 41, 0, 0, 0.17%, 6, 0, 10, 140.95
1735562352, 50, 29, 41, 0, 0, 0.17%, 6, 0, 10, 147.07
1735562357, 50, 31, 41, 0, 0, 0.17%, 6, 0, 10, 143.34
1735562362, 51, 11, 41, 0, 0, 0.17%, 6, 0, 10, 138.44
1735562367, 51, 22, 41, 0, 0, 0.17%, 6, 0, 10, 142.66
1735562372, 51, 29, 41, 0, 0, 0.17%, 6, 0, 10, 140.81
1735562383, 51, 31, 41, 0, 0, 0.17%, 6, 0, 10, 142.19
1735562388, 52, 12, 41, 0, 0, 0.17%, 6, 0, 10, 140.36
1735562393, 52, 29, 41, 0, 0, 0.17%, 6, 0, 10, 146.75
1735562398, 52, 31, 41, 0, 0, 0.17%, 6, 0, 10, 140.42
1735562403, 52, 33, 41, 0, 0, 0.17%, 6, 0, 10, 141.38
1735562408, 53, 11, 41, 0, 0, 0.17%, 6, 0, 10, 138.35
1735562413, 53, 29, 41, 0, 0, 0.17%, 6, 0, 10, 148.96
1735562424, 53, 31, 41, 0, 0, 0.17%, 6, 0, 10, 142.03
1735562429, 54, 12, 41, 0, 0, 0.17%, 6, 0, 10, 142.51
1735562434, 54, 28, 41, 0, 0, 0.17%, 6, 0, 10, 147.08
1735562444, 54, 29, 41, 0, 0, 0.17%, 6, 0, 10, 143.82
1735562449, 54, 31, 41, 0, 0, 0.17%, 6, 0, 10, 145.20
1735562454, 55, 12, 41, 0, 0, 0.17%, 6, 0, 10, 142.86
1735562459, 55, 29, 41, 0, 0, 0.17%, 6, 0, 10, 142.36
1735562470, 55, 31, 41, 0, 0, 0.17%, 6, 0, 10, 134.97
1735562475, 56, 11, 41, 0, 0, 0.17%, 6, 0, 10, 137.57
1735562480, 56, 15, 41, 0, 0, 0.17%, 6, 0, 10, 146.56
1735562485, 56, 29, 41, 0, 0, 0.17%, 6, 0, 10, 150.77
1735562496, 56, 31, 41, 0, 0, 0.17%, 6, 0, 10, 140.99
1735562501, 57, 29, 41, 0, 0, 0.17%, 6, 0, 10, 138.59
1735562511, 57, 31, 41, 0, 0, 0.17%, 6, 0, 10, 133.49
1735562516, 58, 3, 41, 0, 0, 0.17%, 6, 0, 10, 143.29
1735562521, 58, 12, 41, 0, 0, 0.17%, 6, 0, 10, 137.10
1735562527, 58, 29, 41, 0, 0, 0.17%, 6, 0, 10, 151.14
1735562532, 58, 31, 41, 0, 0, 0.17%, 6, 0, 10, 143.63
1735562537, 59, 11, 41, 0, 0, 0.17%, 6, 0, 10, 145.55
1735562542, 59, 17, 41, 0, 0, 0.17%, 6, 0, 10, 152.07
1735562547, 59, 29, 41, 0, 0, 0.17%, 6, 0, 10, 141.29
1735562557, 59, 31, 41, 0, 0, 0.17%, 6, 0, 10, 137.37
1735562563, 60, 12, 41, 0, 0, 0.17%, 6, 0, 10, 142.51
1735562568, 60, 29, 41, 0, 0, 0.17%, 6, 0, 10, 147.83
1735562573, 60, 31, 41, 0, 0, 0.17%, 6, 0, 10, 137.68
1735562578, 60, 37, 41, 0, 0, 0.17%, 6, 0, 10, 147.89
1735562583, 61, 11, 41, 0, 0, 0.17%, 6, 0, 10, 134.80
1735562588, 61, 25, 41, 0, 0, 0.17%, 6, 0, 10, 146.69
1735562598, 61, 29, 41, 0, 0, 0.17%, 6, 0, 10, 147.94
1735562603, 61, 31, 41, 0, 0, 0.17%, 6, 0, 10, 143.02
1735562609, 62, 7, 41, 0, 0, 0.17%, 6, 0, 10, 142.13
1735562614, 62, 29, 41, 0, 0, 0.17%, 6, 0, 10, 148.04
1735562624, 62, 31, 41, 0, 0, 0.17%, 6, 0, 10, 143.96
1735562629, 63, 11, 41, 0, 0, 0.17%, 6, 0, 10, 140.32
1735562634, 63, 21, 41, 0, 0, 0.17%, 6, 0, 10, 148.95
1735562649, 63, 29, 41, 0, 0, 0.17%, 6, 0, 10, 157.32
1735562654, 63, 31, 41, 0, 0, 0.17%, 6, 0, 10, 145.45
1735562660, 64, 11, 41, 0, 0, 0.17%, 6, 0, 10, 137.43
1735562665, 64, 29, 41, 0, 0, 0.17%, 6, 0, 10, 151.56
1735562675, 64, 31, 41, 0, 0, 0.17%, 6, 0, 10, 145.03
1735562680, 65, 29, 41, 0, 0, 0.17%, 6, 0, 10, 144.06
1735562690, 65, 31, 41, 0, 0, 0.17%, 6, 0, 10, 145.73
1735562695, 66, 12, 41, 0, 0, 0.17%, 6, 0, 10, 142.80
1735562700, 66, 29, 41, 0, 0, 0.17%, 6, 0, 10, 159.06
1735562706, 66, 31, 41, 0, 0, 0.17%, 6, 0, 10, 139.75
1735562711, 67, 11, 41, 0, 0, 0.17%, 6, 0, 10, 143.23
1735562716, 67, 29, 41, 0, 0, 0.17%, 6, 0, 10, 142.98
1735562726, 67, 31, 41, 0, 0, 0.17%, 6, 0, 10, 138.29
1735562731, 67, 35, 41, 0, 0, 0.17%, 6, 0, 10, 165.73
1735562742, 68, 11, 41, 0, 0, 0.17%, 6, 0, 10, 139.46
1735562747, 68, 15, 41, 0, 0, 0.17%, 6, 0, 10, 145.94
1735562752, 68, 28, 41, 0, 0, 0.17%, 6, 0, 10, 146.59
1735562762, 68, 29, 41, 0, 0, 0.17%, 6, 0, 10, 146.75
1735562767, 68, 31, 41, 0, 0, 0.17%, 6, 0, 10, 144.65
1735562772, 69, 11, 41, 0, 0, 0.17%, 6, 0, 10, 138.40
1735562778, 69, 13, 41, 0, 0, 0.17%, 6, 0, 10, 143.54
1735562783, 69, 23, 41, 0, 0, 0.17%, 6, 0, 10, 145.75
1735562793, 69, 29, 41, 0, 0, 0.17%, 6, 0, 10, 137.90
1735562798, 69, 31, 41, 0, 0, 0.17%, 6, 0, 10, 142.92
1735562803, 69, 34, 41, 0, 0, 0.17%, 6, 0, 10, 154.37
1735562808, 69, 40, 41, 0, 0, 0.17%, 6, 0, 10, 156.23
1735562819, 70, 11, 41, 0, 0, 0.17%, 6, 0, 10, 146.20
1735562824, 70, 29, 41, 0, 0, 0.17%, 6, 0, 10, 152.56
1735562834, 70, 31, 41, 0, 0, 0.17%, 6, 0, 10, 142.18
1735562839, 71, 13, 41, 0, 0, 0.17%, 6, 0, 10, 145.49
1735562844, 71, 25, 41, 0, 0, 0.17%, 6, 0, 10, 148.26
1735562854, 71, 29, 41, 0, 0, 0.17%, 6, 0, 10, 147.52
1735562860, 71, 31, 41, 0, 0, 0.17%, 6, 0, 10, 143.39
1735562865, 72, 3, 41, 0, 0, 0.17%, 6, 0, 10, 148.55
1735562870, 72, 12, 41, 0, 0, 0.17%, 6, 0, 10, 145.02
1735562875, 72, 23, 41, 0, 0, 0.17%, 6, 0, 10, 156.60
1735562880, 72, 29, 41, 0, 0, 0.17%, 6, 0, 10, 148.91
1735562890, 72, 30, 41, 0, 0, 0.17%, 6, 0, 10, 165.20
1735562906, 72, 31, 41, 0, 0, 0.17%, 6, 0, 10, 153.44
1735562911, 73, 12, 41, 0, 0, 0.17%, 6, 0, 10, 141.33
1735562916, 73, 29, 41, 0, 0, 0.17%, 6, 0, 10, 144.34
1735562921, 73, 31, 41, 0, 0, 0.17%, 6, 0, 10, 138.63
1735562926, 73, 40, 41, 0, 0, 0.17%, 6, 0, 10, 153.57
1735562936, 74, 5, 41, 0, 0, 0.17%, 6, 0, 10, 140.62
1735562941, 74, 12, 41, 0, 0, 0.17%, 6, 0, 10, 138.43
1735562947, 74, 29, 41, 0, 0, 0.17%, 6, 0, 10, 141.79
1735562952, 74, 31, 41, 0, 0, 0.17%, 6, 0, 10, 135.14
1735562957, 74, 32, 41, 0, 0, 0.17%, 6, 0, 10, 153.12
1735562962, 74, 33, 41, 0, 0, 0.17%, 6, 0, 10, 137.14
1735562967, 75, 8, 41, 0, 0, 0.17%, 6, 0, 10, 137.89
1735562972, 75, 12, 41, 0, 0, 0.17%, 6, 0, 10, 143.82
1735562978, 75, 29, 41, 0, 0, 0.17%, 6, 0, 10, 152.91
1735562983, 75, 31, 41, 0, 0, 0.17%, 6, 0, 10, 138.61
1735562988, 76, 10, 41, 0, 0, 0.17%, 6, 0, 10, 139.95
1735562993, 76, 12, 41, 0, 0, 0.17%, 6, 0, 10, 136.73
1735562998, 76, 17, 41, 0, 0, 0.17%, 6, 0, 10, 148.01
1735563003, 76, 29, 41, 0, 0, 0.17%, 6, 0, 10, 156.27
1735563008, 76, 31, 41, 0, 0, 0.17%, 6, 0, 10, 132.69
1735563014, 77, 11, 41, 0, 0, 0.17%, 6, 0, 10, 137.48
1735563019, 77, 20, 41, 0, 0, 0.17%, 6, 0, 10, 139.36
1735563024, 77, 29, 41, 0, 0, 0.17%, 6, 0, 10, 148.66
1735563029, 77, 31, 41, 0, 0, 0.17%, 6, 0, 10, 137.24
1735563034, 78, 7, 41, 0, 0, 0.17%, 6, 0, 10, 143.19
1735563039, 78, 12, 41, 0, 0, 0.17%, 6, 0, 10, 136.83
1735563045, 78, 29, 41, 0, 0, 0.17%, 6, 0, 10, 140.67
1735563050, 78, 31, 41, 0, 0, 0.17%, 6, 0, 10, 135.83
1735563055, 79, 11, 41, 0, 0, 0.17%, 6, 0, 10, 132.04
1735563060, 79, 29, 41, 0, 0, 0.17%, 6, 0, 10, 149.53
1735563065, 79, 31, 41, 0, 0, 0.17%, 6, 0, 10, 146.76
1735563076, 80, 29, 41, 0, 0, 0.17%, 6, 0, 10, 147.91
1735563086, 80, 31, 41, 0, 0, 0.17%, 6, 0, 10, 146.00
1735563091, 81, 11, 41, 0, 0, 0.17%, 6, 0, 10, 143.44
1735563096, 81, 27, 41, 0, 0, 0.17%, 6, 0, 10, 148.41
1735563106, 81, 29, 41, 0, 0, 0.17%, 6, 0, 10, 142.76
1735563111, 81, 31, 41, 0, 0, 0.17%, 6, 0, 10, 134.79
1735563116, 82, 9, 41, 0, 0, 0.17%, 6, 0, 10, 140.62
1735563122, 82, 11, 41, 0, 0, 0.17%, 6, 0, 10, 136.99
1735563127, 82, 22, 41, 0, 0, 0.17%, 6, 0, 10, 146.96
1735563132, 82, 29, 41, 0, 0, 0.17%, 6, 0, 10, 148.52
1735563142, 82, 31, 41, 0, 0, 0.17%, 6, 0, 10, 142.91
1735563147, 83, 12, 41, 0, 0, 0.17%, 6, 0, 10, 140.55
1735563152, 83, 27, 41, 0, 0, 0.17%, 6, 0, 10, 136.52
1735563162, 83, 29, 41, 0, 0, 0.17%, 6, 0, 10, 146.11
1735563167, 83, 31, 41, 0, 0, 0.17%, 6, 0, 10, 143.78
1735563173, 83, 38, 41, 0, 0, 0.17%, 6, 0, 10, 145.12
1735563178, 84, 10, 41, 0, 0, 0.17%, 6, 0, 10, 142.70
1735563183, 84, 12, 41, 0, 0, 0.17%, 6, 0, 10, 137.40
1735563188, 84, 19, 41, 0, 0, 0.17%, 6, 0, 10, 140.09
1735563193, 84, 29, 41, 0, 0, 0.17%, 6, 0, 10, 149.96
1735563198, 84, 31, 41, 0, 0, 0.17%, 6, 0, 10, 146.95
1735563203, 85, 11, 41, 0, 0, 0.17%, 6, 0, 10, 141.56
1735563209, 85, 29, 41, 0, 0, 0.17%, 6, 0, 10, 150.45
1735563219, 85, 31, 41, 0, 0, 0.17%, 6, 0, 10, 150.22
1735563224, 86, 7, 41, 0, 0, 0.17%, 6, 0, 10, 148.03
1735563229, 86, 12, 41, 0, 0, 0.17%, 6, 0, 10, 145.65
1735563234, 86, 29, 41, 0, 0, 0.17%, 6, 0, 10, 146.73
1735563239, 86, 31, 41, 0, 0, 0.17%, 6, 0, 10, 138.18
1735563244, 87, 11, 41, 0, 0, 0.17%, 6, 0, 10, 143.76
1735563249, 87, 29, 41, 0, 0, 0.17%, 6, 0, 10, 155.33
1735563254, 87, 31, 41, 0, 0, 0.17%, 6, 0, 10, 144.18
1735563260, 87, 36, 41, 0, 0, 0.17%, 6, 0, 10, 156.93
1735563285, 88, 10, 41, 0, 0, 0.17%, 6, 0, 10, 138.95
1735563290, 88, 12, 41, 0, 0, 0.17%, 6, 0, 10, 136.45
1735563295, 88, 29, 41, 0, 0, 0.17%, 6, 0, 10, 145.77
1735563305, 88, 31, 41, 0, 0, 0.17%, 6, 0, 10, 142.04
1735563310, 88, 40, 41, 0, 0, 0.17%, 6, 0, 10, 159.46
1735563320, 89, 11, 41, 0, 0, 0.17%, 6, 0, 10, 150.52
1735563326, 89, 27, 41, 0, 0, 0.17%, 6, 0, 10, 145.36
1735563336, 89, 29, 41, 0, 0, 0.17%, 6, 0, 10, 152.14
1735563341, 89, 31, 41, 0, 0, 0.17%, 6, 0, 10, 139.71
1735563346, 89, 36, 41, 0, 0, 0.17%, 6, 0, 10, 149.32
1735563357, 90, 11, 41, 0, 0, 0.17%, 6, 0, 10, 147.21
1735563362, 90, 27, 41, 0, 0, 0.17%, 6, 0, 10, 147.81
1735563372, 90, 29, 41, 0, 0, 0.17%, 6, 0, 10, 154.29
1735563377, 90, 31, 41, 0, 0, 0.17%, 6, 0, 10, 136.99
1735563383, 90, 39, 41, 0, 0, 0.17%, 6, 0, 10, 151.08
1735563393, 91, 9, 41, 0, 0, 0.17%, 6, 0, 10, 149.50
1735563398, 91, 12, 41, 0, 0, 0.17%, 6, 0, 10, 141.88
1735563403, 91, 29, 41, 0, 0, 0.17%, 6, 0, 10, 143.89
1735563408, 91, 31, 41, 0, 0, 0.17%, 6, 0, 10, 141.71
1735563413, 91, 35, 41, 0, 0, 0.17%, 6, 0, 10, 161.06
1735563423, 92, 11, 41, 0, 0, 0.17%, 6, 0, 10, 137.48
1735563429, 92, 29, 41, 0, 0, 0.17%, 6, 0, 10, 154.86
1735563434, 92, 31, 41, 0, 0, 0.17%, 6, 0, 10, 150.99
1735563439, 92, 34, 41, 0, 0, 0.17%, 6, 0, 10, 148.64
1735563444, 93, 5, 41, 0, 0, 0.17%, 6, 0, 10, 154.68
1735563449, 93, 12, 41, 0, 0, 0.17%, 6, 0, 10, 145.98
1735563454, 93, 29, 41, 0, 0, 0.17%, 6, 0, 10, 159.62
1735563459, 93, 31, 41, 0, 0, 0.17%, 6, 0, 10, 147.03
1735563464, 94, 11, 41, 0, 0, 0.17%, 6, 0, 10, 142.48
1735563469, 94, 26, 41, 0, 0, 0.17%, 6, 0, 10, 147.35
1735563479, 94, 29, 41, 0, 0, 0.17%, 6, 0, 10, 150.72
1735563484, 94, 31, 41, 0, 0, 0.17%, 6, 0, 10, 140.71
1735563489, 95, 4, 41, 0, 0, 0.17%, 6, 0, 10, 133.18
1735563495, 95, 11, 41, 0, 0, 0.17%, 6, 0, 10, 138.27
1735563500, 95, 29, 41, 0, 0, 0.17%, 6, 0, 10, 140.67
1735563510, 95, 31, 41, 0, 0, 0.17%, 6, 0, 10, 132.52
1735563515, 96, 11, 41, 0, 0, 0.17%, 6, 0, 10, 133.53
1735563520, 96, 20, 41, 0, 0, 0.17%, 6, 0, 10, 140.03
1735563525, 96, 29, 41, 0, 0, 0.17%, 6, 0, 10, 148.62
1735563530, 96, 31, 41, 0, 0, 0.17%, 6, 0, 10, 135.51
1735563535, 97, 11, 41, 0, 0, 0.17%, 6, 0, 10, 136.01
1735563540, 97, 27, 41, 0, 0, 0.17%, 6, 0, 10, 144.40
1735563551, 97, 29, 41, 0, 0, 0.17%, 6, 0, 10, 150.18
1735563561, 97, 31, 41, 0, 0, 0.17%, 6, 0, 10, 136.66
1735563566, 97, 33, 41, 0, 0, 0.17%, 6, 0, 10, 141.84
1735563571, 98, 29, 41, 0, 0, 0.17%, 6, 0, 10, 145.24
1735563582, 98, 31, 41, 0, 0, 0.17%, 6, 0, 10, 145.63
1735563587, 99, 12, 41, 0, 0, 0.17%, 6, 0, 10, 138.99
1735563592, 99, 29, 41, 0, 0, 0.17%, 6, 0, 10, 147.62
1735563602, 99, 31, 41, 0, 0, 0.17%, 6, 0, 10, 147.74
1735563607, 100, 11, 41, 0, 0, 0.17%, 6, 0, 10, 136.17
1735563612, 100, 29, 41, 0, 0, 0.17%, 6, 0, 10, 143.53
1735563623, 100, 31, 41, 0, 0, 0.17%, 6, 0, 10, 143.76
1735563628, 101, 29, 41, 0, 0, 0.17%, 6, 0, 10, 142.42
1735563638, 101, 31, 41, 0, 0, 0.17%, 6, 0, 10, 140.02
1735563643, 101, 35, 41, 0, 0, 0.17%, 6, 0, 10, 157.74
1735563653, 102, 11, 41, 0, 0, 0.17%, 6, 0, 10, 146.82
1735563659, 102, 13, 41, 0, 0, 0.17%, 6, 0, 10, 137.47
1735563664, 102, 19, 41, 0, 0, 0.17%, 6, 0, 10, 140.91
1735563669, 102, 29, 41, 0, 0, 0.17%, 6, 0, 10, 152.27
1735563674, 102, 30, 41, 0, 0, 0.17%, 6, 0, 10, 156.98
1735563684, 102, 31, 41, 0, 0, 0.17%, 6, 0, 10, 147.19
1735563689, 102, 32, 41, 0, 0, 0.17%, 6, 0, 10, 150.63
1735563695, 103, 12, 41, 0, 0, 0.17%, 6, 0, 10, 143.08
1735563700, 103, 29, 41, 0, 0, 0.17%, 6, 0, 10, 138.58
1735563705, 103, 31, 41, 0, 0, 0.17%, 6, 0, 10, 139.93
1735563710, 104, 11, 41, 0, 0, 0.17%, 6, 0, 10, 141.82
1735563715, 104, 29, 41, 0, 0, 0.17%, 6, 0, 10, 143.20
1735563725, 104, 31, 41, 0, 0, 0.17%, 6, 0, 10, 141.47
1735563731, 105, 12, 41, 0, 0, 0.17%, 6, 0, 10, 141.36
1735563736, 105, 29, 41, 0, 0, 0.17%, 6, 0, 10, 150.25
1735563741, 105, 31, 41, 0, 0, 0.17%, 6, 0, 10, 146.60
1735563746, 106, 11, 41, 0, 0, 0.17%, 6, 0, 10, 137.08
1735563751, 106, 29, 41, 0, 0, 0.17%, 6, 0, 10, 138.54
1735563762, 106, 30, 41, 0, 0, 0.17%, 6, 0, 10, 150.91
1735563767, 106, 31, 41, 0, 0, 0.17%, 6, 0, 10, 141.20
1735563772, 107, 11, 41, 0, 0, 0.17%, 6, 0, 10, 146.28
1735563777, 107, 29, 41, 0, 0, 0.17%, 6, 0, 10, 150.63
1735563787, 107, 31, 41, 0, 0, 0.17%, 6, 0, 10, 142.84
1735563792, 108, 11, 41, 0, 0, 0.17%, 6, 0, 10, 141.08
1735563797, 108, 15, 41, 0, 0, 0.17%, 6, 0, 10, 135.52
1735563803, 108, 29, 41, 0, 0, 0.17%, 6, 0, 10, 144.42
1735563813, 108, 31, 41, 0, 0, 0.17%, 6, 0, 10, 130.50
1735563818, 108, 33, 41, 0, 0, 0.17%, 6, 0, 10, 146.95
1735563823, 108, 38, 41, 0, 0, 0.17%, 6, 0, 10, 143.33
1735563828, 109, 12, 41, 0, 0, 0.17%, 6, 0, 10, 146.06
1735563834, 109, 29, 41, 0, 0, 0.17%, 6, 0, 10, 138.88
1735563844, 109, 31, 41, 0, 0, 0.17%, 6, 0, 10, 137.53
1735563849, 110, 11, 41, 0, 0, 0.17%, 6, 0, 10, 132.58
1735563854, 110, 29, 41, 0, 0, 0.17%, 6, 0, 10, 152.64
1735563864, 110, 31, 41, 0, 0, 0.17%, 6, 0, 10, 139.03
1735563869, 111, 12, 41, 0, 0, 0.17%, 6, 0, 10, 137.54
1735563875, 111, 29, 41, 0, 0, 0.17%, 6, 0, 10, 140.00
1735563880, 111, 31, 41, 0, 0, 0.17%, 6, 0, 10, 139.12
1735563885, 112, 11, 41, 0, 0, 0.17%, 6, 0, 10, 130.61
1735563890, 112, 29, 41, 0, 0, 0.17%, 6, 0, 10, 142.52
1735563900, 112, 31, 41, 0, 0, 0.17%, 6, 0, 10, 147.54
1735563905, 113, 12, 41, 0, 0, 0.17%, 6, 0, 10, 137.25
1735563911, 113, 29, 41, 0, 0, 0.17%, 6, 0, 10, 149.72
1735563921, 113, 31, 41, 0, 0, 0.17%, 6, 0, 10, 146.05
1735563926, 114, 11, 41, 0, 0, 0.17%, 6, 0, 10, 150.02
1735563931, 114, 22, 41, 0, 0, 0.17%, 6, 0, 10, 145.48
1735563936, 114, 29, 41, 0, 0, 0.17%, 6, 0, 10, 144.21
1735563947, 114, 31, 41, 0, 0, 0.17%, 6, 0, 10, 144.88
1735563952, 115, 11, 41, 0, 0, 0.17%, 6, 0, 10, 138.01
1735563957, 115, 15, 41, 0, 0, 0.17%, 6, 0, 10, 147.38
1735563962, 115, 26, 41, 0, 0, 0.17%, 6, 0, 10, 147.29
1735563972, 115, 29, 41, 0, 0, 0.17%, 6, 0, 10, 147.25
1735563977, 115, 31, 41, 0, 0, 0.17%, 6, 0, 10, 135.85
1735563983, 116, 11, 41, 0, 0, 0.17%, 6, 0, 10, 141.40
1735563988, 116, 29, 41, 0, 0, 0.17%, 6, 0, 10, 145.63
1735563998, 116, 31, 41, 0, 0, 0.17%, 6, 0, 10, 141.78
1735564003, 116, 38, 41, 0, 0, 0.17%, 6, 0, 10, 138.36
1735564008, 117, 12, 41, 0, 0, 0.17%, 6, 0, 10, 140.19
1735564014, 117, 29, 41, 0, 0, 0.17%, 6, 0, 10, 146.37
1735564019, 117, 31, 41, 0, 0, 0.17%, 6, 0, 10, 144.06
1735564024, 117, 40, 41, 0, 0, 0.17%, 6, 0, 10, 162.14
1735564034, 118, 11, 41, 0, 0, 0.17%, 6, 0, 10, 152.76
1735564039, 118, 14, 41, 0, 0, 0.17%, 6, 0, 10, 141.14
1735564044, 118, 23, 41, 0, 0, 0.17%, 6, 0, 10, 152.23
1735564054, 118, 25, 41, 0, 0, 0.17%, 6, 0, 10, 157.42
1735564059, 118, 29, 41, 0, 0, 0.17%, 6, 0, 10, 152.46
1735564070, 118, 31, 41, 0, 0, 0.17%, 6, 0, 10, 141.36
1735564075, 119, 12, 41, 0, 0, 0.17%, 6, 0, 10, 136.73
1735564080, 119, 29, 41, 0, 0, 0.17%, 6, 0, 10, 148.49
1735564090, 119, 34, 41, 0, 0, 0.17%, 6, 0, 10, 146.53
1735564095, 119, 38, 41, 0, 0, 0.17%, 6, 0, 10, 145.93
1735564100, 120, 11, 41, 0, 0, 0.17%, 6, 0, 10, 141.45
1735564105, 120, 26, 41, 0, 0, 0.17%, 6, 0, 10, 139.63
1735564115, 120, 29, 41, 0, 0, 0.17%, 6, 0, 10, 152.38
1735564121, 120, 31, 41, 0, 0, 0.17%, 6, 0, 10, 143.57
1735564126, 121, 11, 41, 0, 0, 0.17%, 6, 0, 10, 135.45
1735564131, 121, 29, 41, 0, 0, 0.17%, 6, 0, 10, 140.09
1735564141, 121, 31, 41, 0, 0, 0.17%, 6, 0, 10, 137.10
1735564146, 122, 11, 41, 0, 0, 0.17%, 6, 0, 10, 141.24
1735564151, 122, 17, 41, 0, 0, 0.17%, 6, 0, 10, 140.97
1735564157, 122, 29, 41, 0, 0, 0.17%, 6, 0, 10, 148.75
1735564167, 122, 31, 41, 0, 0, 0.17%, 6, 0, 10, 138.40
1735564172, 123, 11, 41, 0, 0, 0.17%, 6, 0, 10, 144.84
1735564177, 123, 29, 41, 0, 0, 0.17%, 6, 0, 10, 143.56
1735564187, 123, 31, 41, 0, 0, 0.17%, 6, 0, 10, 149.03
1735564192, 124, 12, 41, 0, 0, 0.17%, 6, 0, 10, 139.96
1735564198, 124, 24, 41, 0, 0, 0.17%, 6, 0, 10, 134.56
1735564203, 124, 29, 41, 0, 0, 0.17%, 6, 0, 10, 150.94
1735564208, 124, 31, 41, 0, 0, 0.17%, 6, 0, 10, 142.19
1735564213, 124, 35, 41, 0, 0, 0.17%, 6, 0, 10, 155.92
1735564223, 124, 37, 41, 0, 0, 0.17%, 6, 0, 10, 151.12
1735564228, 124, 38, 41, 0, 0, 0.17%, 6, 0, 10, 148.08
1735564233, 125, 11, 41, 0, 0, 0.17%, 6, 0, 10, 141.69
1735564238, 125, 29, 41, 0, 0, 0.17%, 6, 0, 10, 154.34
1735564248, 125, 31, 41, 0, 0, 0.17%, 6, 0, 10, 140.23
1735564253, 125, 32, 41, 0, 0, 0.17%, 6, 0, 10, 146.46
1735564259, 126, 12, 41, 0, 0, 0.17%, 6, 0, 10, 144.00
1735564264, 126, 23, 41, 0, 0, 0.17%, 6, 0, 10, 150.89
1735564269, 126, 29, 41, 0, 0, 0.17%, 6, 0, 10, 159.59
1735564274, 126, 31, 41, 0, 0, 0.17%, 6, 0, 10, 146.93
1735564279, 127, 11, 41, 0, 0, 0.17%, 6, 0, 10, 148.51
1735564284, 127, 16, 41, 0, 0, 0.17%, 6, 0, 10, 143.25
1735564289, 127, 17, 41, 0, 0, 0.17%, 6, 0, 10, 134.03
1735564294, 127, 29, 41, 0, 0, 0.17%, 6, 0, 10, 153.57
1735564300, 127, 31, 41, 0, 0, 0.17%, 6, 0, 10, 147.13
1735564305, 128, 11, 41, 0, 0, 0.17%, 6, 0, 10, 143.36
1735564310, 128, 29, 41, 0, 0, 0.17%, 6, 0, 10, 144.84
1735564320, 128, 31, 41, 0, 0, 0.17%, 6, 0, 10, 137.64
1735564325, 129, 11, 41, 0, 0, 0.17%, 6, 0, 10, 144.81
1735564331, 129, 14, 41, 0, 0, 0.17%, 6, 0, 10, 133.73
1735564336, 129, 29, 41, 0, 0, 0.17%, 6, 0, 10, 144.19
1735564346, 129, 31, 41, 0, 0, 0.17%, 6, 0, 10, 144.36
1735564351, 129, 34, 41, 0, 0, 0.17%, 6, 0, 10, 157.14
1735564356, 129, 37, 41, 0, 0, 0.17%, 6, 0, 10, 157.45
1735564361, 130, 19, 41, 0, 0, 0.17%, 6, 0, 10, 147.29
1735564366, 130, 29, 41, 0, 0, 0.17%, 6, 0, 10, 148.86
1735564371, 130, 31, 41, 0, 0, 0.17%, 6, 0, 10, 136.24
1735564376, 130, 40, 41, 0, 0, 0.17%, 6, 0, 10, 151.22
1735564392, 131, 12, 41, 0, 0, 0.17%, 6, 0, 10, 141.73
1735564397, 131, 29, 41, 0, 0, 0.17%, 6, 0, 10, 146.44
1735564402, 131, 31, 41, 0, 0, 0.17%, 6, 0, 10, 139.07
1735564407, 131, 34, 41, 0, 0, 0.17%, 6, 0, 10, 153.73
1735564412, 132, 11, 41, 0, 0, 0.17%, 6, 0, 10, 145.24
1735564417, 132, 29, 41, 0, 0, 0.17%, 6, 0, 10, 153.30
1735564427, 133, 2, 41, 0, 0, 0.17%, 6, 0, 10, 156.43
1735564433, 133, 12, 41, 0, 0, 0.17%, 6, 0, 10, 141.27
1735564438, 133, 28, 41, 0, 0, 0.17%, 6, 0, 10, 147.89
1735564443, 133, 29, 41, 0, 0, 0.17%, 6, 0, 10, 157.94
1735564453, 133, 31, 41, 0, 0, 0.17%, 6, 0, 10, 146.46
1735564458, 134, 11, 41, 0, 0, 0.17%, 6, 0, 10, 143.66
1735564463, 134, 14, 41, 0, 0, 0.17%, 6, 0, 10, 146.94
1735564468, 134, 29, 41, 0, 0, 0.17%, 6, 0, 10, 149.44
1735564473, 134, 30, 41, 0, 0, 0.17%, 6, 0, 10, 155.64
1735564484, 134, 31, 41, 0, 0, 0.17%, 6, 0, 10, 143.59
1735564489, 134, 39, 41, 0, 0, 0.17%, 6, 0, 10, 161.51
1735564499, 135, 12, 41, 0, 0, 0.17%, 6, 0, 10, 139.77
1735564504, 135, 15, 41, 0, 0, 0.17%, 6, 0, 10, 145.55
1735564509, 135, 29, 41, 0, 0, 0.17%, 6, 0, 10, 149.48
1735564515, 135, 31, 41, 0, 0, 0.17%, 6, 0, 10, 140.49
1735564520, 135, 35, 41, 0, 0, 0.17%, 6, 0, 10, 152.15
1735564530, 136, 11, 41, 0, 0, 0.17%, 6, 0, 10, 143.80
1735564535, 136, 20, 41, 0, 0, 0.17%, 6, 0, 10, 144.51
1735564540, 136, 29, 41, 0, 0, 0.17%, 6, 0, 10, 150.68
1735564545, 136, 31, 41, 0, 0, 0.17%, 6, 0, 10, 136.44
1735564550, 136, 38, 41, 0, 0, 0.17%, 6, 0, 10, 142.85
1735564556, 137, 11, 41, 0, 0, 0.17%, 6, 0, 10, 138.87
1735564561, 137, 28, 41, 0, 0, 0.17%, 6, 0, 10, 143.33
1735564571, 137, 29, 41, 0, 0, 0.17%, 6, 0, 10, 147.21
1735564576, 137, 31, 41, 0, 0, 0.17%, 6, 0, 10, 141.97
1735564581, 138, 11, 41, 0, 0, 0.17%, 6, 0, 10, 138.30
1735564587, 138, 29, 41, 0, 0, 0.17%, 6, 0, 10, 140.92
1735564597, 138, 31, 41, 0, 0, 0.17%, 6, 0, 10, 132.79
1735564602, 138, 34, 41, 0, 0, 0.17%, 6, 0, 10, 154.06
1735564607, 139, 12, 41, 0, 0, 0.17%, 6, 0, 10, 150.20
1735564612, 139, 15, 41, 0, 0, 0.17%, 6, 0, 10, 143.17
1735564617, 139, 23, 41, 0, 0, 0.17%, 6, 0, 10, 149.31
1735564623, 139, 29, 41, 0, 0, 0.17%, 6, 0, 10, 141.68
1735564633, 139, 31, 41, 0, 0, 0.17%, 6, 0, 10, 139.16
1735564638, 139, 32, 41, 0, 0, 0.17%, 6, 0, 10, 144.35
1735564643, 140, 10, 41, 0, 0, 0.17%, 6, 0, 10, 135.45
1735564648, 140, 12, 41, 0, 0, 0.17%, 6, 0, 10, 140.37
1735564653, 140, 29, 41, 0, 0, 0.17%, 6, 0, 10, 146.42
1735564658, 140, 31, 41, 0, 0, 0.17%, 6, 0, 10, 141.88
1735564669, 141, 17, 41, 0, 0, 0.17%, 6, 0, 10, 134.72
1735564679, 141, 29, 41, 0, 0, 0.17%, 6, 0, 10, 148.15
1735564689, 141, 30, 41, 0, 0, 0.17%, 6, 0, 10, 148.19
1735564694, 141, 31, 41, 0, 0, 0.17%, 6, 0, 10, 148.44
1735564700, 142, 11, 41, 0, 0, 0.17%, 6, 0, 10, 138.29
1735564705, 142, 15, 41, 0, 0, 0.17%, 6, 0, 10, 140.61
1735564710, 142, 29, 41, 0, 0, 0.17%, 6, 0, 10, 136.31
1735564720, 142, 31, 41, 0, 0, 0.17%, 6, 0, 10, 139.12
1735564725, 142, 32, 41, 0, 0, 0.17%, 6, 0, 10, 153.05
1735564730, 143, 11, 41, 0, 0, 0.17%, 6, 0, 10, 141.01
1735564735, 143, 21, 41, 0, 0, 0.17%, 6, 0, 10, 150.90
1735564745, 143, 29, 41, 0, 0, 0.17%, 6, 0, 10, 142.02
1735564750, 143, 31, 41, 0, 0, 0.17%, 6, 0, 10, 140.27
1735564756, 143, 40, 41, 0, 0, 0.17%, 6, 0, 10, 158.66
1735564766, 144, 8, 41, 0, 0, 0.17%, 6, 0, 10, 143.40
1735564771, 144, 12, 41, 0, 0, 0.17%, 6, 0, 10, 142.88
1735564776, 144, 23, 41, 0, 0, 0.17%, 6, 0, 10, 143.59
1735564781, 144, 29, 41, 0, 0, 0.17%, 6, 0, 10, 156.02
1735564786, 144, 31, 41, 0, 0, 0.17%, 6, 0, 10, 141.49
1735564792, 145, 11, 41, 0, 0, 0.17%, 6, 0, 10, 136.93
1735564797, 145, 25, 41, 0, 0, 0.17%, 6, 0, 10, 140.87
1735564807, 145, 27, 41, 0, 0, 0.17%, 6, 0, 10, 152.47
1735564812, 145, 29, 41, 0, 0, 0.17%, 6, 0, 10, 149.09
1735564822, 145, 31, 41, 0, 0, 0.17%, 6, 0, 10, 144.49
1735564827, 146, 11, 41, 0, 0, 0.17%, 6, 0, 10, 141.61
1735564833, 146, 21, 41, 0, 0, 0.17%, 6, 0, 10, 151.22
1735564843, 146, 29, 41, 0, 0, 0.17%, 6, 0, 10, 148.06
1735564848, 146, 31, 41, 0, 0, 0.17%, 6, 0, 10, 147.25
1735564853, 147, 12, 41, 0, 0, 0.17%, 6, 0, 10, 145.72
1735564858, 147, 21, 41, 0, 0, 0.17%, 6, 0, 10, 153.75
1735564864, 147, 29, 41, 0, 0, 0.17%, 6, 0, 10, 141.17
1735564874, 147, 31, 41, 0, 0, 0.17%, 6, 0, 10, 144.72
1735564879, 147, 36, 41, 0, 0, 0.17%, 6, 0, 10, 166.94
1735564889, 147, 40, 41, 0, 0, 0.17%, 6, 0, 10, 166.21
1735564899, 148, 12, 41, 0, 0, 0.17%, 6, 0, 10, 143.48
1735564904, 148, 21, 41, 0, 0, 0.17%, 6, 0, 10, 149.84
1735564914, 148, 29, 41, 0, 0, 0.17%, 6, 0, 10, 152.16
1735564919, 148, 31, 41, 0, 0, 0.17%, 6, 0, 10, 140.73
1735564925, 149, 11, 41, 0, 0, 0.17%, 6, 0, 10, 144.02
1735564930, 149, 15, 41, 0, 0, 0.17%, 6, 0, 10, 144.47
1735564935, 149, 29, 41, 0, 0, 0.17%, 6, 0, 10, 151.10
1735564940, 149, 31, 41, 0, 0, 0.17%, 6, 0, 10, 145.99
1735564945, 150, 11, 41, 0, 0, 0.17%, 6, 0, 10, 140.82
1735564951, 150, 29, 41, 0, 0, 0.17%, 6, 0, 10, 144.37
1735564961, 150, 31, 41, 0, 0, 0.17%, 6, 0, 10, 131.99
1735564966, 151, 4, 41, 0, 0, 0.17%, 6, 0, 10, 147.35
1735564971, 151, 7, 41, 0, 0, 0.17%, 6, 0, 10, 139.51
1735564976, 151, 12, 41, 0, 0, 0.17%, 6, 0, 10, 141.57
1735564981, 151, 21, 41, 0, 0, 0.17%, 6, 0, 10, 152.73
1735564986, 151, 28, 41, 0, 0, 0.17%, 6, 0, 10, 153.30
1735564996, 151, 29, 41, 0, 0, 0.17%, 6, 0, 10, 144.86
1735565002, 151, 31, 41, 0, 0, 0.17%, 6, 0, 10, 134.93
1735565007, 152, 11, 41, 0, 0, 0.17%, 6, 0, 10, 144.29
1735565012, 152, 15, 41, 0, 0, 0.17%, 6, 0, 10, 143.37
1735565017, 152, 21, 41, 0, 0, 0.17%, 6, 0, 10, 146.08
1735565027, 152, 29, 41, 0, 0, 0.17%, 6, 0, 10, 146.67
1735565032, 152, 31, 41, 0, 0, 0.17%, 6, 0, 10, 139.97
1735565037, 153, 11, 41, 0, 0, 0.17%, 6, 0, 10, 133.92
1735565042, 153, 29, 41, 0, 0, 0.17%, 6, 0, 10, 138.06
1735565053, 153, 31, 41, 0, 0, 0.17%, 6, 0, 10, 141.96
1735565058, 154, 4, 41, 0, 0, 0.17%, 6, 0, 10, 139.62
1735565063, 154, 11, 41, 0, 0, 0.17%, 6, 0, 10, 138.77
1735565068, 154, 29, 41, 0, 0, 0.17%, 6, 0, 10, 151.10
1735565078, 154, 31, 41, 0, 0, 0.17%, 6, 0, 10, 134.57
1735565083, 155, 12, 41, 0, 0, 0.17%, 6, 0, 10, 136.91
1735565088, 155, 15, 41, 0, 0, 0.17%, 6, 0, 10, 141.12
1735565094, 155, 29, 41, 0, 0, 0.17%, 6, 0, 10, 148.79
1735565104, 155, 31, 41, 0, 0, 0.17%, 6, 0, 10, 140.56
1735565109, 155, 34, 41, 0, 0, 0.17%, 6, 0, 10, 156.02
1735565114, 156, 11, 41, 0, 0, 0.17%, 6, 0, 10, 141.22
1735565119, 156, 22, 41, 0, 0, 0.17%, 6, 0, 10, 149.11
1735565124, 156, 27, 41, 0, 0, 0.17%, 6, 0, 10, 150.54
1735565135, 156, 29, 41, 0, 0, 0.17%, 6, 0, 10, 142.63
1735565140, 156, 31, 41, 0, 0, 0.17%, 6, 0, 10, 136.42
1735565145, 157, 12, 41, 0, 0, 0.17%, 6, 0, 10, 146.94
1735565150, 157, 16, 41, 0, 0, 0.17%, 6, 0, 10, 141.16
1735565155, 157, 29, 41, 0, 0, 0.17%, 6, 0, 10, 144.80
1735565160, 157, 31, 41, 0, 0, 0.17%, 6, 0, 10, 135.84
1735565165, 157, 38, 41, 0, 0, 0.17%, 6, 0, 10, 146.60
1735565171, 158, 11, 41, 0, 0, 0.17%, 6, 0, 10, 137.22
1735565176, 158, 19, 41, 0, 0, 0.17%, 6, 0, 10, 145.44
1735565181, 158, 29, 41, 0, 0, 0.17%, 6, 0, 10, 152.73
1735565186, 158, 31, 41, 0, 0, 0.17%, 6, 0, 10, 147.98
1735565191, 159, 12, 41, 0, 0, 0.17%, 6, 0, 10, 138.34
1735565196, 159, 29, 41, 0, 0, 0.17%, 6, 0, 10, 140.14
1735565201, 159, 31, 41, 0, 0, 0.17%, 6, 0, 10, 142.50
1735565206, 160, 2, 41, 0, 0, 0.17%, 6, 0, 10, 141.86
1735565212, 160, 12, 41, 0, 0, 0.17%, 6, 0, 10, 149.50
1735565217, 160, 29, 41, 0, 0, 0.17%, 6, 0, 10, 150.94
1735565222, 160, 31, 41, 0, 0, 0.17%, 6, 0, 10, 138.37
1735565227, 161, 11, 41, 0, 0, 0.17%, 6, 0, 10, 138.91
1735565232, 161, 21, 41, 0, 0, 0.17%, 6, 0, 10, 142.72
1735565242, 161, 27, 41, 0, 0, 0.17%, 6, 0, 10, 142.42
1735565247, 161, 29, 41, 0, 0, 0.17%, 6, 0, 10, 138.95
1735565257, 161, 31, 41, 0, 0, 0.17%, 6, 0, 10, 137.99
1735565262, 161, 35, 41, 0, 0, 0.17%, 6, 0, 10, 158.60
1735565273, 162, 11, 41, 0, 0, 0.17%, 6, 0, 10, 146.88
1735565278, 162, 29, 41, 0, 0, 0.17%, 6, 0, 10, 149.02
1735565288, 162, 31, 41, 0, 0, 0.17%, 6, 0, 10, 146.12
1735565293, 162, 36, 41, 0, 0, 0.17%, 6, 0, 10, 163.37
1735565303, 163, 12, 41, 0, 0, 0.17%, 6, 0, 10, 139.61
1735565308, 163, 29, 41, 0, 0, 0.17%, 6, 0, 10, 148.78
1735565313, 163, 31, 41, 0, 0, 0.17%, 6, 0, 10, 146.59
1735565319, 163, 34, 41, 0, 0, 0.17%, 6, 0, 10, 156.45
1735565324, 164, 7, 41, 0, 0, 0.17%, 6, 0, 10, 146.45
1735565329, 164, 12, 41, 0, 0, 0.17%, 6, 0, 10, 137.42
1735565334, 164, 29, 41, 0, 0, 0.17%, 6, 0, 10, 144.49
1735565339, 164, 31, 41, 0, 0, 0.17%, 6, 0, 10, 139.17
1735565349, 165, 29, 41, 0, 0, 0.17%, 6, 0, 10, 140.77
1735565359, 165, 31, 41, 0, 0, 0.17%, 6, 0, 10, 145.29
1735565365, 166, 12, 41, 0, 0, 0.17%, 6, 0, 10, 132.91
1735565370, 166, 29, 41, 0, 0, 0.17%, 6, 0, 10, 148.58
1735565375, 166, 31, 41, 0, 0, 0.17%, 6, 0, 10, 142.36
1735565385, 167, 26, 41, 0, 0, 0.17%, 6, 0, 10, 140.75
1735565395, 167, 29, 41, 0, 0, 0.17%, 6, 0, 10, 150.68
1735565400, 167, 31, 41, 0, 0, 0.17%, 6, 0, 10, 150.87
1735565406, 167, 33, 41, 0, 0, 0.17%, 6, 0, 10, 142.77
1735565411, 168, 11, 41, 0, 0, 0.17%, 6, 0, 10, 140.55
1735565416, 168, 29, 41, 0, 0, 0.17%, 6, 0, 10, 143.38
1735565426, 168, 30, 41, 0, 0, 0.17%, 6, 0, 10, 151.80
1735565431, 168, 31, 41, 0, 0, 0.17%, 6, 0, 10, 142.82
1735565436, 169, 11, 41, 0, 0, 0.17%, 6, 0, 10, 143.06
1735565441, 169, 27, 41, 0, 0, 0.17%, 6, 0, 10, 149.75
1735565451, 169, 29, 41, 0, 0, 0.17%, 6, 0, 10, 147.26
1735565457, 169, 30, 41, 0, 0, 0.17%, 6, 0, 10, 156.65
1735565462, 169, 31, 41, 0, 0, 0.17%, 6, 0, 10, 146.39
1735565472, 170, 13, 41, 0, 0, 0.17%, 6, 0, 10, 140.21
1735565477, 170, 20, 41, 0, 0, 0.17%, 6, 0, 10, 148.64
1735565482, 170, 29, 41, 0, 0, 0.17%, 6, 0, 10, 154.77
1735565487, 170, 31, 41, 0, 0, 0.17%, 6, 0, 10, 142.13
1735565492, 171, 4, 41, 0, 0, 0.17%, 6, 0, 10, 143.01
1735565497, 171, 12, 41, 0, 0, 0.17%, 6, 0, 10, 137.47
1735565502, 171, 29, 41, 0, 0, 0.17%, 6, 0, 10, 146.35
1735565508, 171, 31, 41, 0, 0, 0.17%, 6, 0, 10, 143.33
1735565513, 172, 9, 41, 0, 0, 0.17%, 6, 0, 10, 143.14
1735565518, 172, 12, 41, 0, 0, 0.17%, 6, 0, 10, 139.37
1735565523, 172, 22, 41, 0, 0, 0.17%, 6, 0, 10, 149.22
1735565528, 172, 26, 41, 0, 0, 0.17%, 6, 0, 10, 149.33
1735565538, 172, 29, 41, 0, 0, 0.17%, 6, 0, 10, 146.53
1735565543, 172, 31, 41, 0, 0, 0.17%, 6, 0, 10, 146.26
1735565548, 173, 7, 41, 0, 0, 0.17%, 6, 0, 10, 147.21
1735565553, 173, 12, 41, 0, 0, 0.17%, 6, 0, 10, 141.42
1735565558, 173, 14, 41, 0, 0, 0.17%, 6, 0, 10, 132.17
1735565564, 173, 29, 41, 0, 0, 0.17%, 6, 0, 10, 146.35
1735565569, 173, 31, 41, 0, 0, 0.17%, 6, 0, 10, 142.82
1735565574, 174, 11, 41, 0, 0, 0.17%, 6, 0, 10, 144.89
1735565579, 174, 29, 41, 0, 0, 0.17%, 6, 0, 10, 145.20
1735565589, 174, 31, 41, 0, 0, 0.17%, 6, 0, 10, 144.72
1735565594, 174, 39, 41, 0, 0, 0.17%, 6, 0, 10, 161.23
1735565605, 175, 12, 41, 0, 0, 0.17%, 6, 0, 10, 140.31
1735565610, 175, 29, 41, 0, 0, 0.17%, 6, 0, 10, 147.79
1735565620, 175, 31, 41, 0, 0, 0.17%, 6, 0, 10, 142.46
1735565625, 175, 32, 41, 0, 0, 0.17%, 6, 0, 10, 148.79
1735565630, 176, 12, 41, 0, 0, 0.17%, 6, 0, 10, 140.82
1735565635, 176, 13, 41, 0, 0, 0.17%, 6, 0, 10, 154.62
1735565640, 176, 25, 41, 0, 0, 0.17%, 6, 0, 10, 155.50
1735565646, 176, 26, 41, 0, 0, 0.17%, 6, 0, 10, 158.17
1735565656, 176, 29, 41, 0, 0, 0.17%, 6, 0, 10, 146.82
1735565661, 176, 30, 41, 0, 0, 0.17%, 6, 0, 10, 163.44
1735565666, 176, 31, 41, 0, 0, 0.17%, 6, 0, 10, 149.06
1735565671, 177, 11, 41, 0, 0, 0.17%, 6, 0, 10, 140.01
1735565676, 177, 18, 41, 0, 0, 0.17%, 6, 0, 10, 140.45
1735565681, 177, 25, 41, 0, 0, 0.17%, 6, 0, 10, 148.51
1735565692, 177, 26, 41, 0, 0, 0.17%, 6, 0, 10, 141.72
1735565697, 177, 29, 41, 0, 0, 0.17%, 6, 0, 10, 146.30
1735565707, 177, 31, 41, 0, 0, 0.17%, 6, 0, 10, 142.48
1735565712, 178, 11, 41, 0, 0, 0.17%, 6, 0, 10, 139.69
1735565717, 178, 27, 41, 0, 0, 0.17%, 6, 0, 10, 154.06
1735565727, 178, 29, 41, 0, 0, 0.17%, 6, 0, 10, 146.16
1735565733, 178, 31, 41, 0, 0, 0.17%, 6, 0, 10, 143.28
1735565738, 179, 12, 41, 0, 0, 0.17%, 6, 0, 10, 136.05
1735565743, 179, 29, 41, 0, 0, 0.17%, 6, 0, 10, 143.82
1735565748, 179, 31, 41, 0, 0, 0.17%, 6, 0, 10, 141.73
1735565753, 179, 36, 41, 0, 0, 0.17%, 6, 0, 10, 159.57
1735565763, 180, 9, 41, 0, 0, 0.17%, 6, 0, 10, 145.31
1735565768, 180, 12, 41, 0, 0, 0.17%, 6, 0, 10, 138.36
1735565773, 180, 29, 41, 0, 0, 0.17%, 6, 0, 10, 154.59
1735565778, 180, 31, 41, 0, 0, 0.17%, 6, 0, 10, 139.72
1735565783, 180, 35, 41, 0, 0, 0.17%, 6, 0, 10, 158.42
1735565793, 181, 11, 41, 0, 0, 0.17%, 6, 0, 10, 142.19
1735565799, 181, 14, 41, 0, 0, 0.17%, 6, 0, 10, 143.91
1735565804, 181, 24, 41, 0, 0, 0.17%, 6, 0, 10, 140.21
1735565809, 181, 29, 41, 0, 0, 0.17%, 6, 0, 10, 141.97
1735565819, 181, 31, 41, 0, 0, 0.17%, 6, 0, 10, 147.20
1735565824, 181, 35, 41, 0, 0, 0.17%, 6, 0, 10, 161.79
1735565834, 182, 12, 41, 0, 0, 0.17%, 6, 0, 10, 151.31
1735565839, 182, 27, 41, 0, 0, 0.17%, 6, 0, 10, 147.90
1735565844, 182, 29, 41, 0, 0, 0.17%, 6, 0, 10, 143.99
1735565854, 182, 31, 41, 0, 0, 0.17%, 6, 0, 10, 136.01
1735565860, 183, 11, 41, 0, 0, 0.17%, 6, 0, 10, 140.52
1735565865, 183, 27, 41, 0, 0, 0.17%, 6, 0, 10, 148.83
1735565870, 183, 29, 41, 0, 0, 0.17%, 6, 0, 10, 143.87
1735565880, 183, 31, 41, 0, 0, 0.17%, 6, 0, 10, 134.95
1735565885, 184, 12, 41, 0, 0, 0.17%, 6, 0, 10, 136.92
1735565890, 184, 29, 41, 0, 0, 0.17%, 6, 0, 10, 143.37
1735565896, 184, 31, 41, 0, 0, 0.17%, 6, 0, 10, 137.75
1735565901, 184, 38, 41, 0, 0, 0.17%, 6, 0, 10, 143.71
1735565906, 185, 11, 41, 0, 0, 0.17%, 6, 0, 10, 136.28
1735565911, 185, 29, 41, 0, 0, 0.17%, 6, 0, 10, 150.95
1735565921, 185, 31, 41, 0, 0, 0.17%, 6, 0, 10, 132.42
1735565926, 185, 36, 41, 0, 0, 0.17%, 6, 0, 10, 160.18
1735565937, 186, 11, 41, 0, 0, 0.17%, 6, 0, 10, 138.85
1735565942, 186, 13, 41, 0, 0, 0.17%, 6, 0, 10, 145.70
1735565947, 186, 29, 41, 0, 0, 0.17%, 6, 0, 10, 142.72
1735565952, 186, 31, 41, 0, 0, 0.17%, 6, 0, 10, 143.29
1735565957, 187, 3, 41, 0, 0, 0.17%, 6, 0, 10, 134.91
1735565962, 187, 12, 41, 0, 0, 0.17%, 6, 0, 10, 139.51
1735565968, 187, 23, 41, 0, 0, 0.17%, 6, 0, 10, 147.49
1735565973, 187, 29, 41, 0, 0, 0.17%, 6, 0, 10, 146.85
1735565983, 187, 31, 41, 0, 0, 0.17%, 6, 0, 10, 136.52
1735565988, 187, 35, 41, 0, 0, 0.17%, 6, 0, 10, 148.60
1735566003, 188, 12, 41, 0, 0, 0.17%, 6, 0, 10, 139.78
1735566009, 188, 29, 41, 0, 0, 0.17%, 6, 0, 10, 148.44
1735566014, 188, 31, 41, 0, 0, 0.17%, 6, 0, 10, 141.18
1735566019, 189, 11, 41, 0, 0, 0.17%, 6, 0, 10, 137.39
1735566024, 189, 25, 41, 0, 0, 0.17%, 6, 0, 10, 144.77
1735566034, 189, 29, 41, 0, 0, 0.17%, 6, 0, 10, 143.78
1735566039, 189, 31, 41, 0, 0, 0.17%, 6, 0, 10, 137.90
1735566044, 190, 11, 41, 0, 0, 0.17%, 6, 0, 10, 137.89
1735566049, 190, 15, 41, 0, 0, 0.17%, 6, 0, 10, 145.60
1735566054, 190, 29, 41, 0, 0, 0.17%, 6, 0, 10, 145.40
1735566064, 190, 31, 41, 0, 0, 0.17%, 6, 0, 10, 139.11
1735566070, 190, 38, 41, 0, 0, 0.17%, 6, 0, 10, 141.10
1735566075, 191, 11, 41, 0, 0, 0.17%, 6, 0, 10, 139.85
1735566080, 191, 29, 41, 0, 0, 0.17%, 6, 0, 10, 150.04
1735566090, 191, 30, 41, 0, 0, 0.17%, 6, 0, 10, 149.11
1735566096, 191, 31, 41, 0, 0, 0.17%, 6, 0, 10, 143.36
1735566101, 191, 34, 41, 0, 0, 0.17%, 6, 0, 10, 158.55
1735566106, 191, 36, 41, 0, 0, 0.17%, 6, 0, 10, 176.29
1735566116, 192, 11, 41, 0, 0, 0.17%, 6, 0, 10, 142.19
1735566121, 192, 14, 41, 0, 0, 0.17%, 6, 0, 10, 142.06
1735566126, 192, 29, 41, 0, 0, 0.17%, 6, 0, 10, 150.90
1735566136, 192, 31, 41, 0, 0, 0.17%, 6, 0, 10, 142.20
1735566141, 193, 12, 41, 0, 0, 0.17%, 6, 0, 10, 136.30
1735566146, 193, 29, 41, 0, 0, 0.17%, 6, 0, 10, 141.74
1735566151, 193, 31, 41, 0, 0, 0.17%, 6, 0, 10, 140.84
1735566157, 194, 11, 41, 0, 0, 0.17%, 6, 0, 10, 134.60
1735566162, 194, 29, 41, 0, 0, 0.17%, 6, 0, 10, 148.66
1735566172, 194, 31, 41, 0, 0, 0.17%, 6, 0, 10, 149.92
1735566177, 195, 12, 41, 0, 0, 0.17%, 6, 0, 10, 137.33
1735566182, 195, 27, 41, 0, 0, 0.17%, 6, 0, 10, 148.29
1735566187, 195, 29, 41, 0, 0, 0.17%, 6, 0, 10, 149.95
1735566198, 195, 31, 41, 0, 0, 0.17%, 6, 0, 10, 136.92
1735566203, 196, 12, 41, 0, 0, 0.17%, 6, 0, 10, 144.33
1735566208, 196, 29, 41, 0, 0, 0.17%, 6, 0, 10, 144.47
1735566218, 196, 31, 41, 0, 0, 0.17%, 6, 0, 10, 143.08
1735566223, 196, 36, 41, 0, 0, 0.17%, 6, 0, 10, 165.83
1735566234, 197, 6, 41, 0, 0, 0.17%, 6, 0, 10, 143.76
1735566239, 197, 12, 41, 0, 0, 0.17%, 6, 0, 10, 148.39
1735566244, 197, 29, 41, 0, 0, 0.17%, 6, 0, 10, 143.58
1735566249, 197, 31, 41, 0, 0, 0.17%, 6, 0, 10, 145.36
1735566254, 198, 10, 41, 0, 0, 0.17%, 6, 0, 10, 142.20
1735566259, 198, 12, 41, 0, 0, 0.17%, 6, 0, 10, 137.05
1735566264, 198, 29, 41, 0, 0, 0.17%, 6, 0, 10, 143.64
1735566269, 198, 31, 41, 0, 0, 0.17%, 6, 0, 10, 136.00
1735566274, 198, 36, 41, 0, 0, 0.17%, 6, 0, 10, 169.23
1735566285, 199, 4, 41, 0, 0, 0.17%, 6, 0, 10, 140.61
1735566290, 199, 15, 41, 0, 0, 0.17%, 6, 0, 10, 136.23
1735566295, 199, 29, 41, 0, 0, 0.17%, 6, 0, 10, 133.86
1735566305, 199, 31, 41, 0, 0, 0.17%, 6, 0, 10, 136.74
1735566310, 200, 11, 41, 0, 0, 0.17%, 6, 0, 10, 138.45
1735566316, 200, 15, 41, 0, 0, 0.17%, 6, 0, 10, 143.00
1735566321, 200, 29, 41, 0, 0, 0.17%, 6, 0, 10, 149.95
1735566331, 200, 31, 41, 0, 0, 0.17%, 6, 0, 10, 139.47
1735566336, 201, 12, 41, 0, 0, 0.17%, 6, 0, 10, 139.93
1735566341, 201, 17, 41, 0, 0, 0.17%, 6, 0, 10, 133.67
1735566346, 201, 25, 41, 0, 0, 0.17%, 6, 0, 10, 158.44
1735566351, 201, 28, 41, 0, 0, 0.17%, 6, 0, 10, 150.88
1735566362, 201, 29, 41, 0, 0, 0.17%, 6, 0, 10, 149.94
1735566367, 201, 31, 41, 0, 0, 0.17%, 6, 0, 10, 139.16
1735566372, 202, 9, 41, 0, 0, 0.17%, 6, 0, 10, 137.68
1735566377, 202, 12, 41, 0, 0, 0.17%, 6, 0, 10, 140.29
1735566382, 202, 21, 41, 0, 0, 0.17%, 6, 0, 10, 159.12
1735566387, 202, 29, 41, 0, 0, 0.17%, 6, 0, 10, 159.46
1735566392, 202, 31, 41, 0, 0, 0.17%, 6, 0, 10, 141.49
1735566397, 202, 36, 41, 0, 0, 0.17%, 6, 0, 10, 148.31
1735566407, 203, 4, 41, 0, 0, 0.17%, 6, 0, 10, 143.25
1735566413, 203, 11, 41, 0, 0, 0.17%, 6, 0, 10, 142.31
1735566418, 203, 15, 41, 0, 0, 0.17%, 6, 0, 10, 143.21
1735566423, 203, 19, 41, 0, 0, 0.17%, 6, 0, 10, 137.87
1735566428, 203, 25, 41, 0, 0, 0.17%, 6, 0, 10, 148.23
1735566433, 203, 28, 41, 0, 0, 0.17%, 6, 0, 10, 152.23
1735566438, 203, 29, 41, 0, 0, 0.17%, 6, 0, 10, 142.44
1735566448, 203, 31, 41, 0, 0, 0.17%, 6, 0, 10, 146.38
1735566453, 203, 40, 41, 0, 0, 0.17%, 6, 0, 10, 156.98
1735566463, 204, 11, 41, 0, 0, 0.17%, 6, 0, 10, 142.69
1735566469, 204, 27, 41, 0, 0, 0.17%, 6, 0, 10, 145.61
1735566479, 204, 29, 41, 0, 0, 0.17%, 6, 0, 10, 161.37
1735566484, 204, 31, 41, 0, 0, 0.17%, 6, 0, 10, 145.81
1735566489, 205, 11, 41, 0, 0, 0.17%, 6, 0, 10, 146.50
1735566494, 205, 14, 41, 0, 0, 0.17%, 6, 0, 10, 140.29
1735566499, 205, 25, 41, 0, 0, 0.17%, 6, 0, 10, 157.49
1735566510, 205, 29, 41, 0, 0, 0.17%, 6, 0, 10, 147.13
1735566515, 205, 31, 41, 0, 0, 0.17%, 6, 0, 10, 143.61
1735566520, 205, 34, 41, 0, 0, 0.17%, 6, 0, 10, 159.27
1735566525, 206, 12, 41, 0, 0, 0.17%, 6, 0, 10, 146.40
1735566530, 206, 29, 41, 0, 0, 0.17%, 6, 0, 10, 146.37
1735566535, 206, 31, 41, 0, 0, 0.17%, 6, 0, 10, 140.93
1735566540, 206, 39, 41, 0, 0, 0.17%, 6, 0, 10, 157.30
1735566550, 207, 6, 41, 0, 0, 0.17%, 6, 0, 10, 147.67
1735566555, 207, 12, 41, 0, 0, 0.17%, 6, 0, 10, 144.52
1735566560, 207, 25, 41, 0, 0, 0.17%, 6, 0, 10, 156.96
1735566566, 207, 29, 41, 0, 0, 0.17%, 6, 0, 10, 154.21
1735566576, 207, 31, 41, 0, 0, 0.17%, 6, 0, 10, 139.66
1735566581, 208, 6, 41, 0, 0, 0.17%, 6, 0, 10, 135.38
1735566586, 208, 11, 41, 0, 0, 0.17%, 6, 0, 10, 149.91
1735566591, 208, 28, 41, 0, 0, 0.17%, 6, 0, 10, 149.57
1735566601, 208, 29, 41, 0, 0, 0.17%, 6, 0, 10, 146.44
1735566606, 208, 31, 41, 0, 0, 0.17%, 6, 0, 10, 141.93
1735566611, 209, 12, 41, 0, 0, 0.17%, 6, 0, 10, 143.59
1735566617, 209, 22, 41, 0, 0, 0.17%, 6, 0, 10, 146.34
1735566622, 209, 27, 41, 0, 0, 0.17%, 6, 0, 10, 154.40
1735566627, 209, 29, 41, 0, 0, 0.17%, 6, 0, 10, 154.55
1735566637, 209, 31, 41, 0, 0, 0.17%, 6, 0, 10, 143.09
1735566642, 210, 12, 41, 0, 0, 0.17%, 6, 0, 10, 134.73
1735566647, 210, 28, 41, 0, 0, 0.17%, 6, 0, 10, 151.00
1735566652, 210, 29, 41, 0, 0, 0.17%, 6, 0, 10, 149.79
1735566663, 210, 31, 41, 0, 0, 0.17%, 6, 0, 10, 143.68
1735566668, 210, 33, 41, 0, 0, 0.17%, 6, 0, 10, 151.81
1735566673, 210, 36, 41, 0, 0, 0.17%, 6, 0, 10, 162.16
1735566683, 211, 11, 41, 0, 0, 0.17%, 6, 0, 10, 141.69
1735566688, 211, 29, 41, 0, 0, 0.17%, 6, 0, 10, 149.75
1735566693, 211, 31, 41, 0, 0, 0.17%, 6, 0, 10, 145.30
1735566698, 212, 11, 41, 0, 0, 0.17%, 6, 0, 10, 145.19
1735566704, 212, 19, 41, 0, 0, 0.17%, 6, 0, 10, 141.09
1735566709, 212, 27, 41, 0, 0, 0.17%, 6, 0, 10, 148.08
1735566714, 212, 29, 41, 0, 0, 0.17%, 6, 0, 10, 146.58
1735566724, 212, 31, 41, 0, 0, 0.17%, 6, 0, 10, 137.03
1735566729, 213, 11, 41, 0, 0, 0.17%, 6, 0, 10, 137.22
1735566734, 213, 29, 41, 0, 0, 0.17%, 6, 0, 10, 145.10
1735566745, 213, 31, 41, 0, 0, 0.17%, 6, 0, 10, 149.48
1735566750, 214, 12, 41, 0, 0, 0.17%, 6, 0, 10, 143.50
1735566755, 214, 29, 41, 0, 0, 0.17%, 6, 0, 10, 148.12
1735566760, 214, 31, 41, 0, 0, 0.17%, 6, 0, 10, 137.23
1735566765, 215, 11, 41, 0, 0, 0.17%, 6, 0, 10, 141.85
1735566770, 215, 29, 41, 0, 0, 0.17%, 6, 0, 10, 146.25
1735566781, 215, 31, 41, 0, 0, 0.17%, 6, 0, 10, 139.29
1735566786, 216, 12, 41, 0, 0, 0.17%, 6, 0, 10, 143.52
1735566791, 216, 29, 41, 0, 0, 0.17%, 6, 0, 10, 146.45
1735566796, 216, 31, 41, 0, 0, 0.17%, 6, 0, 10, 138.41
1735566801, 217, 11, 41, 0, 0, 0.17%, 6, 0, 10, 140.21
1735566807, 217, 29, 41, 0, 0, 0.17%, 6, 0, 10, 147.40
1735566817, 217, 31, 41, 0, 0, 0.17%, 6, 0, 10, 130.98
1735566822, 218, 12, 41, 0, 0, 0.17%, 6, 0, 10, 131.65
1735566827, 218, 14, 41, 0, 0, 0.17%, 6, 0, 10, 132.30
1735566832, 218, 29, 41, 0, 0, 0.17%, 6, 0, 10, 144.37
1735566837, 218, 31, 41, 0, 0, 0.17%, 6, 0, 10, 141.63
1735566842, 219, 4, 41, 0, 0, 0.17%, 6, 0, 10, 145.62
1735566848, 219, 11, 41, 0, 0, 0.17%, 6, 0, 10, 139.37
1735566853, 219, 29, 41, 0, 0, 0.17%, 6, 0, 10, 142.17
1735566863, 219, 31, 41, 0, 0, 0.17%, 6, 0, 10, 143.73
1735566868, 219, 35, 41, 0, 0, 0.17%, 6, 0, 10, 151.15
1735566879, 219, 40, 41, 0, 0, 0.17%, 6, 0, 10, 167.12
1735566889, 220, 12, 41, 0, 0, 0.17%, 6, 0, 10, 138.75
1735566894, 220, 29, 41, 0, 0, 0.17%, 6, 0, 10, 140.22
1735566899, 220, 31, 41, 0, 0, 0.17%, 6, 0, 10, 134.64
1735566904, 221, 11, 41, 0, 0, 0.17%, 6, 0, 10, 132.57
1735566909, 221, 29, 41, 0, 0, 0.17%, 6, 0, 10, 148.20
1735566920, 221, 31, 41, 0, 0, 0.17%, 6, 0, 10, 141.76
1735566925, 222, 12, 41, 0, 0, 0.17%, 6, 0, 10, 143.64
1735566930, 222, 29, 41, 0, 0, 0.17%, 6, 0, 10, 146.20
1735566935, 222, 31, 41, 0, 0, 0.17%, 6, 0, 10, 139.71
1735566940, 222, 40, 41, 0, 0, 0.17%, 6, 0, 10, 153.87
1735566950, 223, 4, 41, 0, 0, 0.17%, 6, 0, 10, 134.74
1735566955, 223, 12, 41, 0, 0, 0.17%, 6, 0, 10, 140.60
1735566961, 223, 29, 41, 0, 0, 0.17%, 6, 0, 10, 145.39
1735566966, 223, 31, 41, 0, 0, 0.17%, 6, 0, 10, 142.17
1735566971, 224, 11, 41, 0, 0, 0.17%, 6, 0, 10, 139.09
1735566976, 224, 29, 41, 0, 0, 0.17%, 6, 0, 10, 147.46
1735566986, 224, 30, 41, 0, 0, 0.17%, 6, 0, 10, 151.98
1735566991, 224, 31, 41, 0, 0, 0.17%, 6, 0, 10, 145.82
1735566996, 225, 1, 41, 0, 0, 0.17%, 6, 0, 10, 147.47
1735567001, 225, 17, 41, 0, 0, 0.17%, 6, 0, 10, 137.04
1735567006, 225, 29, 41, 0, 0, 0.17%, 6, 0, 10, 144.15
1735567016, 225, 31, 41, 0, 0, 0.17%, 6, 0, 10, 142.08
1735567022, 225, 40, 41, 0, 0, 0.17%, 6, 0, 10, 159.79
1735567032, 226, 11, 41, 0, 0, 0.17%, 6, 0, 10, 138.63
1735567037, 226, 29, 41, 0, 0, 0.17%, 6, 0, 10, 145.97
1735567047, 226, 31, 41, 0, 0, 0.17%, 6, 0, 10, 141.42
1735567053, 227, 12, 41, 0, 0, 0.17%, 6, 0, 10, 141.59
1735567058, 227, 15, 41, 0, 0, 0.17%, 6, 0, 10, 142.33
1735567063, 227, 29, 41, 0, 0, 0.17%, 6, 0, 10, 145.32
1735567073, 227, 31, 41, 0, 0, 0.17%, 6, 0, 10, 133.74
1735567078, 227, 35, 41, 0, 0, 0.17%, 6, 0, 10, 163.77
1735567089, 228, 12, 41, 0, 0, 0.17%, 6, 0, 10, 138.93
1735567094, 228, 29, 41, 0, 0, 0.17%, 6, 0, 10, 146.82
1735567099, 228, 31, 41, 0, 0, 0.17%, 6, 0, 10, 137.72
1735567104, 228, 32, 41, 0, 0, 0.17%, 6, 0, 10, 146.97
1735567109, 228, 36, 41, 0, 0, 0.17%, 6, 0, 10, 154.72
1735567120, 229, 11, 41, 0, 0, 0.17%, 6, 0, 10, 149.56
1735567125, 229, 20, 41, 0, 0, 0.17%, 6, 0, 10, 154.07
1735567130, 229, 29, 41, 0, 0, 0.17%, 6, 0, 10, 149.44
1735567135, 229, 31, 41, 0, 0, 0.17%, 6, 0, 10, 138.87
1735567140, 229, 35, 41, 0, 0, 0.17%, 6, 0, 10, 156.08
1735567150, 230, 2, 41, 0, 0, 0.17%, 6, 0, 10, 138.28
1735567156, 230, 11, 41, 0, 0, 0.17%, 6, 0, 10, 142.35
1735567161, 230, 29, 41, 0, 0, 0.17%, 6, 0, 10, 145.15
1735567166, 230, 31, 41, 0, 0, 0.17%, 6, 0, 10, 156.56
1735567171, 231, 8, 41, 0, 0, 0.17%, 6, 0, 10, 150.88
1735567176, 231, 12, 41, 0, 0, 0.17%, 6, 0, 10, 145.76
1735567181, 231, 29, 41, 0, 0, 0.17%, 6, 0, 10, 148.53
1735567186, 231, 31, 41, 0, 0, 0.17%, 6, 0, 10, 140.71
1735567191, 232, 5, 41, 0, 0, 0.17%, 6, 0, 10, 135.09
1735567197, 232, 12, 41, 0, 0, 0.17%, 6, 0, 10, 137.85
1735567202, 232, 27, 41, 0, 0, 0.17%, 6, 0, 10, 142.65
1735567207, 232, 29, 41, 0, 0, 0.17%, 6, 0, 10, 142.43
1735567217, 232, 31, 41, 0, 0, 0.17%, 6, 0, 10, 144.25
1735567222, 232, 38, 41, 0, 0, 0.17%, 6, 0, 10, 145.26
1735567228, 233, 12, 41, 0, 0, 0.17%, 6, 0, 10, 142.40
1735567233, 233, 13, 41, 0, 0, 0.17%, 6, 0, 10, 142.68
1735567238, 233, 27, 41, 0, 0, 0.17%, 6, 0, 10, 148.70
1735567248, 233, 28, 41, 0, 0, 0.17%, 6, 0, 10, 155.26
1735567253, 233, 29, 41, 0, 0, 0.17%, 6, 0, 10, 157.50
1735567258, 233, 31, 41, 0, 0, 0.17%, 6, 0, 10, 141.73
1735567263, 234, 11, 41, 0, 0, 0.17%, 6, 0, 10, 147.70
1735567269, 234, 14, 41, 0, 0, 0.17%, 6, 0, 10, 138.46
1735567274, 234, 21, 41, 0, 0, 0.17%, 6, 0, 10, 143.13
1735567284, 234, 29, 41, 0, 0, 0.17%, 6, 0, 10, 145.18
1735567289, 234, 31, 41, 0, 0, 0.17%, 6, 0, 10, 139.73
1735567294, 234, 39, 41, 0, 0, 0.17%, 6, 0, 10, 157.31
1735567304, 235, 10, 41, 0, 0, 0.17%, 6, 0, 10, 149.81
1735567309, 235, 12, 41, 0, 0, 0.17%, 6, 0, 10, 145.17
1735567314, 235, 29, 41, 0, 0, 0.17%, 6, 0, 10, 152.98
1735567325, 235, 31, 41, 0, 0, 0.17%, 6, 0, 10, 142.74
1735567330, 235, 38, 41, 0, 0, 0.17%, 6, 0, 10, 143.38
1735567335, 236, 12, 41, 0, 0, 0.17%, 6, 0, 10, 146.75
1735567340, 236, 24, 41, 0, 0, 0.17%, 6, 0, 10, 138.11
1735567345, 236, 29, 41, 0, 0, 0.17%, 6, 0, 10, 146.25
1735567350, 236, 31, 41, 0, 0, 0.17%, 6, 0, 10, 139.12
1735567356, 237, 11, 41, 0, 0, 0.17%, 6, 0, 10, 143.48
1735567361, 237, 24, 41, 0, 0, 0.17%, 6, 0, 10, 146.67
1735567366, 237, 29, 41, 0, 0, 0.17%, 6, 0, 10, 149.89
1735567376, 237, 31, 41, 0, 0, 0.17%, 6, 0, 10, 142.20
1735567381, 237, 35, 41, 0, 0, 0.17%, 6, 0, 10, 156.05
1735567392, 238, 11, 41, 0, 0, 0.17%, 6, 0, 10, 145.20
1735567397, 238, 21, 41, 0, 0, 0.17%, 6, 0, 10, 156.75
1735567402, 238, 25, 41, 0, 0, 0.17%, 6, 0, 10, 150.16
1735567412, 238, 29, 41, 0, 0, 0.17%, 6, 0, 10, 148.21
1735567417, 238, 31, 41, 0, 0, 0.17%, 6, 0, 10, 137.70
1735567422, 239, 11, 41, 0, 0, 0.17%, 6, 0, 10, 140.74
1735567427, 239, 29, 41, 0, 0, 0.17%, 6, 0, 10, 147.85
1735567438, 239, 31, 41, 0, 0, 0.17%, 6, 0, 10, 139.71
1735567443, 240, 11, 41, 0, 0, 0.17%, 6, 0, 10, 135.18
1735567448, 240, 29, 41, 0, 0, 0.17%, 6, 0, 10, 140.94
1735567458, 240, 31, 41, 0, 0, 0.17%, 6, 0, 10, 138.48
1735567463, 241, 12, 41, 0, 0, 0.17%, 6, 0, 10, 137.83
1735567468, 241, 22, 41, 0, 0, 0.17%, 6, 0, 10, 144.29
1735567473, 241, 29, 41, 0, 0, 0.17%, 6, 0, 10, 141.93
1735567479, 241, 31, 41, 0, 0, 0.17%, 6, 0, 10, 145.23
1735567489, 241, 37, 41, 0, 0, 0.17%, 6, 0, 10, 142.16
1735567494, 242, 22, 41, 0, 0, 0.17%, 6, 0, 10, 145.19
1735567499, 242, 27, 41, 0, 0, 0.17%, 6, 0, 10, 145.58
1735567509, 242, 29, 41, 0, 0, 0.17%, 6, 0, 10, 144.41
1735567514, 242, 31, 41, 0, 0, 0.17%, 6, 0, 10, 139.81
1735567520, 242, 34, 41, 0, 0, 0.17%, 6, 0, 10, 143.07
1735567525, 243, 5, 41, 0, 0, 0.17%, 6, 0, 10, 140.49
1735567530, 243, 12, 41, 0, 0, 0.17%, 6, 0, 10, 139.72
1735567535, 243, 17, 41, 0, 0, 0.17%, 6, 0, 10, 139.11
1735567540, 243, 29, 41, 0, 0, 0.17%, 6, 0, 10, 151.20
1735567545, 243, 31, 41, 0, 0, 0.17%, 6, 0, 10, 140.90
1735567551, 243, 36, 41, 0, 0, 0.17%, 6, 0, 10, 159.95
1735567561, 243, 37, 41, 0, 0, 0.17%, 6, 0, 10, 153.92
1735567566, 244, 11, 41, 0, 0, 0.17%, 6, 0, 10, 140.42
1735567571, 244, 15, 41, 0, 0, 0.17%, 6, 0, 10, 140.88
1735567576, 244, 22, 41, 0, 0, 0.17%, 6, 0, 10, 152.38
1735567581, 244, 29, 41, 0, 0, 0.17%, 6, 0, 10, 146.81
1735567591, 244, 31, 41, 0, 0, 0.17%, 6, 0, 10, 140.99
1735567596, 245, 11, 41, 0, 0, 0.17%, 6, 0, 10, 146.36
1735567602, 245, 25, 41, 0, 0, 0.17%, 6, 0, 10, 152.72
1735567607, 245, 29, 41, 0, 0, 0.17%, 6, 0, 10, 143.63
1735567617, 245, 31, 41, 0, 0, 0.17%, 6, 0, 10, 148.38
1735567622, 245, 35, 41, 0, 0, 0.17%, 6, 0, 10, 156.60
1735567632, 246, 12, 41, 0, 0, 0.17%, 6, 0, 10, 141.98
1735567637, 246, 13, 41, 0, 0, 0.17%, 6, 0, 10, 141.34
1735567643, 246, 29, 41, 0, 0, 0.17%, 6, 0, 10, 153.28
1735567648, 246, 31, 41, 0, 0, 0.17%, 6, 0, 10, 142.80
1735567653, 247, 11, 41, 0, 0, 0.17%, 6, 0, 10, 136.61
1735567658, 247, 29, 41, 0, 0, 0.17%, 6, 0, 10, 142.64
1735567668, 247, 30, 41, 0, 0, 0.17%, 6, 0, 10, 150.34
1735567673, 247, 31, 41, 0, 0, 0.17%, 6, 0, 10, 149.07
1735567678, 248, 11, 41, 0, 0, 0.17%, 6, 0, 10, 137.56
1735567684, 248, 29, 41, 0, 0, 0.17%, 6, 0, 10, 149.80
1735567694, 248, 31, 41, 0, 0, 0.17%, 6, 0, 10, 148.87
1735567699, 249, 12, 41, 0, 0, 0.17%, 6, 0, 10, 136.63
1735567704, 249, 23, 41, 0, 0, 0.17%, 6, 0, 10, 152.06
1735567709, 249, 29, 41, 0, 0, 0.17%, 6, 0, 10, 147.02
1735567719, 249, 31, 41, 0, 0, 0.17%, 6, 0, 10, 145.60
1735567725, 249, 36, 41, 0, 0, 0.17%, 6, 0, 10, 166.80
1735567735, 250, 12, 41, 0, 0, 0.17%, 6, 0, 10, 143.32
1735567740, 250, 15, 41, 0, 0, 0.17%, 6, 0, 10, 145.50
1735567745, 250, 21, 41, 0, 0, 0.17%, 6, 0, 10, 152.34
1735567750, 250, 28, 41, 0, 0, 0.17%, 6, 0, 10, 158.09
1735567760, 250, 29, 41, 0, 0, 0.17%, 6, 0, 10, 138.95
1735567765, 250, 31, 41, 0, 0, 0.17%, 6, 0, 10, 136.62
1735567770, 250, 37, 41, 0, 0, 0.17%, 6, 0, 10, 145.76
1735567775, 251, 5, 41, 0, 0, 0.17%, 6, 0, 10, 146.01
1735567781, 251, 11, 41, 0, 0, 0.17%, 6, 0, 10, 143.19
1735567786, 251, 29, 41, 0, 0, 0.17%, 6, 0, 10, 150.80
1735567796, 252, 11, 41, 0, 0, 0.17%, 6, 0, 10, 150.47
1735567801, 252, 23, 41, 0, 0, 0.17%, 6, 0, 10, 146.05
1735567811, 252, 29, 41, 0, 0, 0.17%, 6, 0, 10, 148.99
1735567816, 252, 31, 41, 0, 0, 0.17%, 6, 0, 10, 140.34
1735567821, 253, 8, 41, 0, 0, 0.17%, 6, 0, 10, 142.91
1735567826, 253, 12, 41, 0, 0, 0.17%, 6, 0, 10, 137.76
1735567831, 253, 29, 41, 0, 0, 0.17%, 6, 0, 10, 153.38
1735567836, 253, 31, 41, 0, 0, 0.17%, 6, 0, 10, 145.13
1735567842, 253, 39, 41, 0, 0, 0.17%, 6, 0, 10, 165.87
1735567852, 254, 11, 41, 0, 0, 0.17%, 6, 0, 10, 142.29
1735567857, 254, 20, 41, 0, 0, 0.17%, 6, 0, 10, 146.31
1735567862, 254, 29, 41, 0, 0, 0.17%, 6, 0, 10, 153.89
1735567867, 254, 31, 41, 0, 0, 0.17%, 6, 0, 10, 142.12
1735567872, 255, 11, 41, 0, 0, 0.17%, 6, 0, 10, 139.82
1735567877, 255, 22, 41, 0, 0, 0.17%, 6, 0, 10, 142.63
1735567882, 255, 24, 41, 0, 0, 0.17%, 6, 0, 10, 145.28
1735567887, 255, 29, 41, 0, 0, 0.17%, 6, 0, 10, 151.01
1735567898, 255, 31, 41, 0, 0, 0.17%, 6, 0, 10, 146.04
1735567903, 256, 26, 41, 0, 0, 0.17%, 6, 0, 10, 140.83
1735567913, 256, 29, 41, 0, 0, 0.17%, 6, 0, 10, 145.05
1735567918, 256, 41, 42, 1, 1, 0.19%, 7, 0, 10, 147.99
1735567923, 256, 41, 43, 2, 1, 0.19%, 7, 0, 10, 126.36
1735567933, 256, 41, 44, 3, 1, 0.19%, 7, 0, 10, 126.86
1735567949, 256, 41, 45, 4, 1, 0.19%, 7, 0, 10, 122.20
1735567980, 256, 41, 46, 5, 1, 0.19%, 7, 0, 10, 125.88
1735568031, 256, 41, 47, 6, 1, 0.19%, 7, 0, 10, 122.25
1735568072, 256, 42, 47, 5, 1, 0.19%, 7, 0, 10, 140.56
1735568118, 256, 43, 48, 5, 0, 0.19%, 7, 0, 10, 159.21
1735568174, 256, 47, 48, 4, 0, 0.19%, 7, 0, 10, 128.59
1735568251, 257, 11, 48, 3, 0, 0.19%, 7, 0, 10, 136.30
1735568257, 257, 13, 48, 3, 0, 0.19%, 7, 0, 10, 141.15
1735568262, 257, 29, 48, 3, 0, 0.19%, 7, 0, 10, 150.65
1735568267, 257, 31, 48, 3, 0, 0.19%, 7, 0, 10, 141.17
1735568277, 257, 42, 48, 3, 0, 0.19%, 7, 0, 10, 140.09
1735568298, 257, 44, 48, 3, 0, 0.19%, 7, 0, 10, 178.65
1735568379, 258, 11, 48, 2, 0, 0.19%, 7, 0, 10, 135.33
1735568384, 258, 29, 48, 2, 0, 0.19%, 7, 0, 10, 141.94
1735568395, 258, 31, 48, 2, 0, 0.19%, 7, 0, 10, 141.53
1735568400, 258, 42, 48, 2, 0, 0.19%, 7, 0, 10, 131.96
1735568420, 258, 45, 48, 2, 0, 0.19%, 7, 0, 10, 143.27
1735568471, 259, 11, 48, 1, 0, 0.19%, 7, 0, 10, 134.64
1735568476, 259, 29, 48, 1, 0, 0.19%, 7, 0, 10, 138.05
1735568486, 259, 31, 48, 1, 0, 0.19%, 7, 0, 10, 143.73
1735568492, 259, 42, 48, 1, 0, 0.19%, 7, 0, 10, 148.16
1735568512, 260, 11, 48, 1, 0, 0.19%, 7, 0, 10, 138.51
1735568517, 260, 29, 48, 1, 0, 0.19%, 7, 0, 10, 146.38
1735568528, 260, 30, 48, 1, 0, 0.19%, 7, 0, 10, 146.05
1735568533, 260, 31, 48, 1, 0, 0.19%, 7, 0, 10, 142.15
1735568543, 260, 42, 48, 1, 0, 0.19%, 7, 0, 10, 131.23
1735568564, 261, 12, 48, 1, 0, 0.19%, 7, 0, 10, 141.40
1735568569, 261, 29, 48, 1, 0, 0.19%, 7, 0, 10, 147.63
1735568574, 261, 31, 48, 1, 0, 0.19%, 7, 0, 10, 138.79
1735568584, 261, 42, 48, 1, 0, 0.19%, 7, 0, 10, 129.48
1735568604, 262, 12, 48, 1, 0, 0.19%, 7, 0, 10, 140.86
1735568609, 262, 29, 48, 1, 0, 0.19%, 7, 0, 10, 139.96
1735568615, 262, 31, 48, 1, 0, 0.19%, 7, 0, 10, 132.33
1735568625, 262, 39, 48, 1, 0, 0.19%, 7, 0, 10, 167.91
1735568635, 262, 42, 48, 1, 0, 0.19%, 7, 0, 10, 140.83
1735568656, 262, 46, 48, 1, 0, 0.19%, 7, 0, 10, 128.63
1735568697, 262, 46, 49, 2, 0, 0.21%, 8, 0, 10, 127.26
1735568748, 262, 48, 51, 3, 1, 0.21%, 9, 0, 10, 167.32
1735568758, 262, 48, 52, 4, 1, 0.21%, 9, 0, 10, 147.25
1735568860, 262, 49, 52, 3, 2, 0.21%, 9, 0, 10, 169.02
1735568886, 262, 49, 54, 5, 2, 0.21%, 9, 0, 10, 139.50
1735568917, 262, 49, 55, 6, 2, 0.21%, 9, 0, 10, 145.79
1735568968, 262, 50, 55, 5, 1, 0.21%, 9, 0, 10, 149.61
1735569040, 262, 52, 55, 4, 0, 0.21%, 9, 0, 10, 182.28
