# unix_time, cycles_done, cur_path, paths_total, pending_total, pending_favs, map_size, unique_crashes, unique_hangs, max_depth, execs_per_sec
1735363897, 0, 0, 10, 10, 1, 0.01%, 0, 0, 1, 82.90
1735363902, 0, 3, 10, 10, 1, 0.01%, 0, 0, 1, 104.49
1735363907, 0, 4, 10, 9, 0, 0.01%, 0, 0, 1, 100.83
1735363918, 0, 5, 10, 8, 0, 0.01%, 0, 0, 1, 102.06
1735363928, 0, 6, 10, 7, 0, 0.01%, 0, 0, 1, 99.72
1735363938, 0, 7, 10, 6, 0, 0.01%, 0, 0, 1, 99.18
1735363948, 0, 8, 10, 5, 0, 0.01%, 0, 0, 1, 95.89
1735363958, 0, 9, 10, 4, 0, 0.01%, 0, 0, 1, 95.97
1735363968, 1, 0, 10, 3, 0, 0.01%, 0, 0, 1, 94.89
1735363979, 1, 1, 10, 2, 0, 0.01%, 0, 0, 1, 102.58
1735363994, 1, 2, 10, 1, 0, 0.01%, 0, 0, 1, 91.94
1735364004, 1, 3, 10, 0, 0, 0.01%, 0, 0, 1, 105.23
1735364009, 1, 4, 10, 0, 0, 0.01%, 0, 0, 1, 101.49
1735364014, 1, 6, 10, 0, 0, 0.01%, 0, 0, 1, 100.99
1735364019, 1, 7, 10, 0, 0, 0.01%, 0, 0, 1, 103.47
1735364024, 1, 8, 10, 0, 0, 0.01%, 0, 0, 1, 102.83
1735364029, 2, 0, 10, 0, 0, 0.01%, 0, 0, 1, 101.09
1735364034, 2, 1, 10, 0, 0, 0.01%, 0, 0, 1, 102.56
1735364039, 2, 3, 10, 0, 0, 0.01%, 0, 0, 1, 103.18
1735364044, 2, 4, 10, 0, 0, 0.01%, 0, 0, 1, 102.94
1735364049, 2, 5, 10, 0, 0, 0.01%, 0, 0, 1, 103.33
1735364054, 2, 7, 10, 0, 0, 0.01%, 0, 0, 1, 102.56
1735364060, 2, 8, 10, 0, 0, 0.01%, 0, 0, 1, 100.37
1735364065, 3, 0, 10, 0, 0, 0.01%, 0, 0, 1, 105.15
1735364070, 3, 1, 10, 0, 0, 0.01%, 0, 0, 1, 105.26
1735364075, 3, 3, 10, 0, 0, 0.01%, 0, 0, 1, 103.89
1735364080, 3, 4, 10, 0, 0, 0.01%, 0, 0, 1, 104.95
1735364085, 3, 6, 10, 0, 0, 0.01%, 0, 0, 1, 102.32
1735364090, 3, 7, 10, 0, 0, 0.01%, 0, 0, 1, 103.18
1735364095, 3, 8, 10, 0, 0, 0.01%, 0, 0, 1, 103.32
1735364101, 4, 0, 10, 0, 0, 0.01%, 0, 0, 1, 101.60
1735364106, 4, 1, 10, 0, 0, 0.01%, 0, 0, 1, 99.76
1735364111, 4, 3, 10, 0, 0, 0.01%, 0, 0, 1, 101.51
1735364116, 4, 4, 10, 0, 0, 0.01%, 0, 0, 1, 104.49
1735364121, 4, 6, 10, 0, 0, 0.01%, 0, 0, 1, 103.88
1735364126, 4, 7, 10, 0, 0, 0.01%, 0, 0, 1, 102.36
1735364131, 4, 8, 10, 0, 0, 0.01%, 0, 0, 1, 104.25
1735364136, 5, 0, 10, 0, 0, 0.01%, 0, 0, 1, 102.15
1735364141, 5, 1, 10, 0, 0, 0.01%, 0, 0, 1, 102.30
1735364146, 5, 3, 10, 0, 0, 0.01%, 0, 0, 1, 101.84
1735364151, 5, 4, 10, 0, 0, 0.01%, 0, 0, 1, 103.96
1735364156, 5, 5, 10, 0, 0, 0.01%, 0, 0, 1, 103.51
1735364161, 5, 7, 10, 0, 0, 0.01%, 0, 0, 1, 102.75
1735364166, 5, 8, 10, 0, 0, 0.01%, 0, 0, 1, 102.17
1735364171, 6, 0, 10, 0, 0, 0.01%, 0, 0, 1, 102.58
1735364176, 6, 1, 10, 0, 0, 0.01%, 0, 0, 1, 102.92
1735364182, 6, 2, 10, 0, 0, 0.01%, 0, 0, 1, 104.17
1735364187, 6, 4, 10, 0, 0, 0.01%, 0, 0, 1, 104.70
1735364192, 6, 5, 10, 0, 0, 0.01%, 0, 0, 1, 102.85
1735364197, 6, 7, 10, 0, 0, 0.01%, 0, 0, 1, 101.24
1735364202, 6, 8, 10, 0, 0, 0.01%, 0, 0, 1, 102.37
1735364207, 7, 0, 10, 0, 0, 0.01%, 0, 0, 1, 104.28
1735364212, 7, 1, 10, 0, 0, 0.01%, 0, 0, 1, 103.56
1735364217, 7, 2, 10, 0, 0, 0.01%, 0, 0, 1, 103.86
1735364222, 7, 4, 10, 0, 0, 0.01%, 0, 0, 1, 103.44
1735364227, 7, 5, 10, 0, 0, 0.01%, 0, 0, 1, 103.78
1735364232, 7, 7, 10, 0, 0, 0.01%, 0, 0, 1, 101.26
1735364237, 7, 8, 10, 0, 0, 0.01%, 0, 0, 1, 102.43
1735364243, 8, 0, 10, 0, 0, 0.01%, 0, 0, 1, 104.08
1735364248, 8, 1, 10, 0, 0, 0.01%, 0, 0, 1, 101.58
1735364253, 8, 2, 10, 0, 0, 0.01%, 0, 0, 1, 104.98
1735364258, 8, 4, 10, 0, 0, 0.01%, 0, 0, 1, 104.86
1735364263, 8, 5, 10, 0, 0, 0.01%, 0, 0, 1, 104.78
1735364268, 8, 7, 10, 0, 0, 0.01%, 0, 0, 1, 101.30
1735364273, 8, 8, 10, 0, 0, 0.01%, 0, 0, 1, 103.46
1735364278, 9, 0, 10, 0, 0, 0.01%, 0, 0, 1, 102.89
1735364283, 9, 1, 10, 0, 0, 0.01%, 0, 0, 1, 102.20
1735364288, 9, 2, 10, 0, 0, 0.01%, 0, 0, 1, 102.72
1735364293, 9, 4, 10, 0, 0, 0.01%, 0, 0, 1, 101.67
1735364299, 9, 5, 10, 0, 0, 0.01%, 0, 0, 1, 101.49
1735364304, 9, 7, 10, 0, 0, 0.01%, 0, 0, 1, 103.49
1735364309, 9, 8, 10, 0, 0, 0.01%, 0, 0, 1, 103.98
1735364314, 9, 9, 10, 0, 0, 0.01%, 0, 0, 1, 102.59
1735364319, 10, 1, 10, 0, 0, 0.01%, 0, 0, 1, 103.79
1735364324, 10, 2, 10, 0, 0, 0.01%, 0, 0, 1, 101.81
1735364329, 10, 4, 10, 0, 0, 0.01%, 0, 0, 1, 101.58
1735364334, 10, 5, 10, 0, 0, 0.01%, 0, 0, 1, 103.01
1735364339, 10, 6, 10, 0, 0, 0.01%, 0, 0, 1, 103.57
1735364344, 10, 8, 10, 0, 0, 0.01%, 0, 0, 1, 102.17
1735364349, 10, 9, 10, 0, 0, 0.01%, 0, 0, 1, 104.58
1735364354, 11, 1, 10, 0, 0, 0.01%, 0, 0, 1, 102.63
1735364360, 11, 2, 10, 0, 0, 0.01%, 0, 0, 1, 102.38
1735364365, 11, 4, 10, 0, 0, 0.01%, 0, 0, 1, 103.60
1735364370, 11, 5, 10, 0, 0, 0.01%, 0, 0, 1, 102.93
1735364375, 11, 6, 10, 0, 0, 0.01%, 0, 0, 1, 102.79
1735364380, 11, 8, 10, 0, 0, 0.01%, 0, 0, 1, 101.80
1735364385, 11, 9, 10, 0, 0, 0.01%, 0, 0, 1, 104.18
1735364390, 12, 1, 10, 0, 0, 0.01%, 0, 0, 1, 102.30
1735364395, 12, 2, 10, 0, 0, 0.01%, 0, 0, 1, 103.37
1735364400, 12, 3, 10, 0, 0, 0.01%, 0, 0, 1, 100.73
1735364405, 12, 5, 10, 0, 0, 0.01%, 0, 0, 1, 102.33
1735364410, 12, 6, 10, 0, 0, 0.01%, 0, 0, 1, 101.89
1735364415, 12, 8, 10, 0, 0, 0.01%, 0, 0, 1, 101.55
1735364420, 12, 9, 10, 0, 0, 0.01%, 0, 0, 1, 102.08
1735364426, 13, 0, 10, 0, 0, 0.01%, 0, 0, 1, 100.14
1735364431, 13, 2, 10, 0, 0, 0.01%, 0, 0, 1, 102.16
1735364436, 13, 3, 10, 0, 0, 0.01%, 0, 0, 1, 101.36
1735364441, 13, 5, 10, 0, 0, 0.01%, 0, 0, 1, 102.68
1735364446, 13, 6, 10, 0, 0, 0.01%, 0, 0, 1, 100.26
1735364451, 13, 8, 10, 0, 0, 0.01%, 0, 0, 1, 101.53
1735364457, 13, 9, 10, 0, 0, 0.01%, 0, 0, 1, 104.94
1735364462, 14, 1, 10, 0, 0, 0.01%, 0, 0, 1, 103.22
1735364467, 14, 2, 10, 0, 0, 0.01%, 0, 0, 1, 102.61
1735364472, 14, 3, 10, 0, 0, 0.01%, 0, 0, 1, 102.12
1735364477, 14, 5, 10, 0, 0, 0.01%, 0, 0, 1, 102.34
1735364482, 14, 6, 10, 0, 0, 0.01%, 0, 0, 1, 103.12
1735364487, 14, 8, 10, 0, 0, 0.01%, 0, 0, 1, 99.20
1735364492, 14, 9, 10, 0, 0, 0.01%, 0, 0, 1, 103.62
1735364497, 15, 0, 10, 0, 0, 0.01%, 0, 0, 1, 103.93
1735364502, 15, 2, 10, 0, 0, 0.01%, 0, 0, 1, 107.46
1735364508, 15, 3, 10, 0, 0, 0.01%, 0, 0, 1, 105.08
1735364513, 15, 5, 10, 0, 0, 0.01%, 0, 0, 1, 109.06
1735364518, 15, 6, 10, 0, 0, 0.01%, 0, 0, 1, 105.29
1735364523, 15, 8, 10, 0, 0, 0.01%, 0, 0, 1, 104.67
1735364528, 15, 9, 10, 0, 0, 0.01%, 0, 0, 1, 109.78
1735364533, 16, 1, 10, 0, 0, 0.01%, 0, 0, 1, 105.00
1735364538, 16, 2, 10, 0, 0, 0.01%, 0, 0, 1, 104.65
1735364543, 16, 4, 10, 0, 0, 0.01%, 0, 0, 1, 105.72
1735364549, 16, 5, 10, 0, 0, 0.01%, 0, 0, 1, 104.54
1735364554, 16, 7, 10, 0, 0, 0.01%, 0, 0, 1, 107.40
1735364559, 16, 8, 10, 0, 0, 0.01%, 0, 0, 1, 107.29
1735364564, 17, 0, 10, 0, 0, 0.01%, 0, 0, 1, 108.81
1735364569, 17, 1, 10, 0, 0, 0.01%, 0, 0, 1, 106.93
1735364574, 17, 3, 10, 0, 0, 0.01%, 0, 0, 1, 109.53
1735364579, 17, 4, 10, 0, 0, 0.01%, 0, 0, 1, 105.71
1735364584, 17, 6, 10, 0, 0, 0.01%, 0, 0, 1, 109.82
1735364590, 17, 7, 10, 0, 0, 0.01%, 0, 0, 1, 109.13
1735364595, 17, 9, 10, 0, 0, 0.01%, 0, 0, 1, 107.23
1735364600, 18, 0, 10, 0, 0, 0.01%, 0, 0, 1, 108.46
1735364605, 18, 2, 10, 0, 0, 0.01%, 0, 0, 1, 108.67
1735364610, 18, 3, 10, 0, 0, 0.01%, 0, 0, 1, 106.07
1735364615, 18, 5, 10, 0, 0, 0.01%, 0, 0, 1, 109.36
1735364620, 18, 6, 10, 0, 0, 0.01%, 0, 0, 1, 108.86
1735364625, 18, 8, 10, 0, 0, 0.01%, 0, 0, 1, 106.71
1735364631, 18, 9, 10, 0, 0, 0.01%, 0, 0, 1, 105.23
1735364636, 19, 1, 10, 0, 0, 0.01%, 0, 0, 1, 107.52
1735364641, 19, 3, 10, 0, 0, 0.01%, 0, 0, 1, 109.66
1735364646, 19, 4, 10, 0, 0, 0.01%, 0, 0, 1, 104.92
1735364651, 19, 5, 10, 0, 0, 0.01%, 0, 0, 1, 108.01
1735364656, 19, 7, 10, 0, 0, 0.01%, 0, 0, 1, 110.12
1735364662, 19, 9, 10, 0, 0, 0.01%, 0, 0, 1, 106.82
1735364667, 20, 0, 10, 0, 0, 0.01%, 0, 0, 1, 107.02
1735364672, 20, 1, 11, 1, 0, 0.16%, 1, 0, 2, 104.98
1735364677, 20, 10, 11, 1, 1, 0.16%, 1, 0, 2, 118.70
1735364697, 20, 10, 12, 2, 1, 0.16%, 2, 0, 3, 116.20
1735364759, 20, 10, 13, 3, 1, 0.16%, 3, 0, 3, 113.15
1735364770, 20, 10, 14, 4, 1, 0.16%, 3, 0, 3, 117.20
1735364811, 20, 11, 15, 4, 2, 0.17%, 4, 0, 4, 130.85
1735364826, 20, 11, 16, 5, 2, 0.17%, 4, 0, 4, 114.59
1735364831, 20, 11, 16, 5, 2, 0.17%, 5, 0, 4, 114.50
1735364836, 20, 11, 17, 6, 2, 0.17%, 5, 0, 4, 113.49
1735364970, 20, 12, 17, 5, 3, 0.17%, 5, 0, 4, 136.76
1735364980, 20, 12, 18, 6, 3, 0.17%, 5, 0, 4, 119.23
1735365057, 20, 12, 20, 8, 3, 0.17%, 5, 0, 4, 132.26
1735365062, 20, 14, 20, 7, 2, 0.17%, 5, 0, 4, 138.87
1735365082, 20, 14, 21, 8, 2, 0.17%, 5, 0, 5, 118.14
1735365093, 20, 14, 22, 9, 2, 0.17%, 5, 0, 5, 115.83
1735365165, 20, 14, 23, 10, 2, 0.17%, 5, 0, 5, 116.85
1735365170, 20, 14, 26, 13, 2, 0.17%, 5, 0, 5, 128.70
1735365190, 20, 22, 26, 12, 1, 0.17%, 5, 0, 5, 113.17
1735365201, 20, 22, 27, 13, 1, 0.17%, 5, 0, 6, 141.46
1735365226, 20, 22, 28, 14, 1, 0.17%, 5, 0, 6, 125.38
1735365232, 20, 22, 29, 15, 1, 0.17%, 5, 0, 6, 125.80
1735365257, 20, 22, 30, 16, 1, 0.17%, 5, 0, 6, 129.03
1735365268, 20, 22, 31, 17, 1, 0.17%, 5, 0, 6, 125.88
1735365273, 20, 22, 32, 18, 1, 0.17%, 5, 0, 6, 126.72
1735365278, 20, 22, 33, 19, 1, 0.17%, 5, 0, 6, 126.81
1735365319, 20, 24, 33, 18, 0, 0.17%, 5, 0, 6, 189.37
1735365441, 20, 26, 34, 18, 0, 0.17%, 5, 0, 6, 146.00
1735365477, 20, 26, 35, 19, 0, 0.17%, 5, 0, 7, 127.15
1735365575, 20, 28, 35, 18, 0, 0.17%, 5, 0, 7, 152.59
1735365621, 20, 28, 36, 19, 0, 0.17%, 5, 0, 7, 203.32
1735365717, 20, 32, 36, 18, 0, 0.17%, 5, 0, 7, 141.42
1735365805, 21, 10, 36, 17, 0, 0.17%, 5, 0, 7, 116.97
1735365815, 21, 11, 36, 17, 0, 0.17%, 5, 0, 7, 116.80
1735365825, 21, 12, 36, 17, 0, 0.17%, 5, 0, 7, 120.23
1735365835, 21, 15, 37, 18, 0, 0.17%, 5, 0, 7, 136.62
1735365917, 21, 16, 37, 17, 0, 0.17%, 5, 0, 7, 190.46
1735365995, 21, 22, 37, 16, 0, 0.17%, 5, 0, 7, 116.32
1735366030, 21, 25, 37, 16, 0, 0.17%, 5, 0, 7, 151.94
1735366076, 21, 25, 38, 17, 0, 0.17%, 6, 0, 7, 119.85
1735366087, 21, 30, 38, 16, 0, 0.17%, 6, 0, 7, 139.86
1735366189, 21, 35, 38, 15, 0, 0.17%, 6, 0, 7, 162.91
1735366266, 21, 37, 38, 14, 0, 0.17%, 6, 0, 7, 180.62
1735366271, 21, 37, 39, 15, 0, 0.17%, 7, 0, 7, 217.45
1735366450, 22, 7, 39, 14, 0, 0.17%, 7, 0, 7, 136.15
1735366455, 22, 10, 39, 14, 0, 0.17%, 7, 0, 7, 119.40
1735366465, 22, 11, 39, 14, 0, 0.17%, 7, 0, 7, 116.36
1735366476, 22, 12, 39, 14, 0, 0.17%, 7, 0, 7, 119.02
1735366486, 22, 17, 39, 14, 0, 0.17%, 7, 0, 7, 159.49
1735366537, 22, 20, 39, 13, 0, 0.17%, 7, 0, 7, 107.60
1735366798, 22, 22, 39, 12, 0, 0.17%, 7, 0, 7, 123.41
1735366834, 22, 36, 39, 12, 0, 0.17%, 7, 0, 7, 164.31
1735367007, 22, 36, 40, 13, 0, 0.17%, 8, 0, 7, 159.11
1735367078, 22, 39, 40, 12, 0, 0.17%, 8, 0, 7, 198.98
1735367236, 23, 10, 40, 11, 0, 0.17%, 8, 0, 7, 130.12
1735367246, 23, 11, 40, 11, 0, 0.17%, 8, 0, 7, 120.94
1735367257, 23, 12, 40, 11, 0, 0.17%, 8, 0, 7, 122.90
1735367267, 23, 17, 40, 11, 0, 0.17%, 8, 0, 7, 132.63
1735367292, 23, 21, 40, 11, 0, 0.17%, 8, 0, 7, 150.88
1735367349, 23, 22, 40, 10, 0, 0.17%, 8, 0, 7, 122.16
1735367380, 23, 38, 40, 10, 0, 0.17%, 8, 0, 7, 173.37
1735367564, 24, 10, 40, 9, 0, 0.17%, 8, 0, 7, 131.49
1735367574, 24, 11, 40, 9, 0, 0.17%, 8, 0, 7, 122.48
1735367585, 24, 12, 40, 9, 0, 0.17%, 8, 0, 7, 124.07
1735367595, 24, 22, 40, 9, 0, 0.17%, 8, 0, 7, 136.72
1735367631, 24, 27, 40, 9, 0, 0.17%, 8, 0, 7, 143.67
1735367687, 24, 34, 40, 8, 0, 0.17%, 8, 0, 7, 204.69
1735367765, 25, 10, 40, 7, 0, 0.17%, 8, 0, 7, 130.07
1735367770, 25, 12, 40, 7, 0, 0.17%, 8, 0, 7, 123.36
1735367775, 25, 22, 40, 7, 0, 0.17%, 8, 0, 7, 130.25
1735367780, 26, 1, 40, 7, 0, 0.17%, 8, 0, 7, 127.35
1735367785, 26, 7, 40, 7, 0, 0.17%, 8, 0, 7, 126.18
1735367790, 26, 11, 40, 7, 0, 0.17%, 8, 0, 7, 123.91
1735367795, 26, 13, 40, 7, 0, 0.17%, 8, 0, 7, 170.16
1735367836, 26, 17, 40, 6, 0, 0.17%, 8, 0, 7, 126.39
1735367857, 26, 19, 40, 6, 0, 0.17%, 8, 0, 7, 137.37
1735367908, 26, 22, 40, 5, 0, 0.17%, 8, 0, 7, 139.60
1735367919, 26, 26, 40, 5, 0, 0.17%, 8, 0, 7, 128.92
1735367955, 26, 29, 40, 5, 0, 0.17%, 8, 0, 7, 196.80
1735368026, 26, 31, 40, 4, 0, 0.17%, 8, 0, 7, 159.55
1735368195, 27, 5, 40, 3, 0, 0.17%, 8, 0, 7, 142.57
1735368200, 27, 10, 40, 3, 0, 0.17%, 8, 0, 7, 137.27
1735368205, 27, 12, 40, 3, 0, 0.17%, 8, 0, 7, 133.52
1735368210, 27, 15, 40, 3, 0, 0.17%, 8, 0, 7, 142.57
1735368230, 27, 18, 40, 3, 0, 0.17%, 8, 0, 7, 174.42
1735368276, 27, 19, 40, 2, 0, 0.17%, 8, 0, 7, 138.43
1735368297, 27, 22, 40, 2, 0, 0.17%, 8, 0, 7, 136.65
1735368307, 27, 23, 40, 2, 0, 0.17%, 8, 0, 7, 189.77
1735368363, 27, 33, 40, 1, 0, 0.17%, 8, 0, 7, 199.70
1735368414, 28, 11, 40, 0, 0, 0.17%, 8, 0, 7, 141.38
1735368420, 28, 22, 40, 0, 0, 0.17%, 8, 0, 7, 134.67
1735368430, 28, 28, 40, 0, 0, 0.17%, 8, 0, 7, 168.09
1735368455, 28, 35, 40, 0, 0, 0.17%, 8, 0, 7, 147.95
1735368486, 29, 10, 40, 0, 0, 0.17%, 8, 0, 7, 139.60
1735368491, 29, 12, 40, 0, 0, 0.17%, 8, 0, 7, 133.84
1735368496, 29, 22, 40, 0, 0, 0.17%, 8, 0, 7, 139.43
1735368502, 29, 31, 40, 0, 0, 0.17%, 8, 0, 7, 147.60
1735368532, 30, 11, 40, 0, 0, 0.17%, 8, 0, 7, 136.91
1735368537, 30, 22, 40, 0, 0, 0.17%, 8, 0, 7, 140.75
1735368548, 30, 37, 40, 0, 0, 0.17%, 8, 0, 7, 162.71
1735368563, 31, 10, 40, 0, 0, 0.17%, 8, 0, 7, 143.25
1735368568, 31, 12, 40, 0, 0, 0.17%, 8, 0, 7, 131.46
1735368573, 31, 17, 40, 0, 0, 0.17%, 8, 0, 7, 131.92
1735368593, 31, 22, 40, 0, 0, 0.17%, 8, 0, 7, 149.29
1735368603, 32, 11, 40, 0, 0, 0.17%, 8, 0, 7, 137.55
1735368608, 32, 16, 40, 0, 0, 0.17%, 8, 0, 7, 147.57
1735368629, 32, 22, 40, 0, 0, 0.17%, 8, 0, 7, 139.04
1735368639, 32, 26, 40, 0, 0, 0.17%, 8, 0, 7, 135.88
1735368670, 32, 35, 40, 0, 0, 0.17%, 8, 0, 7, 139.13
1735368701, 33, 10, 40, 0, 0, 0.17%, 8, 0, 7, 141.53
1735368706, 33, 12, 40, 0, 0, 0.17%, 8, 0, 7, 136.42
1735368711, 33, 22, 40, 0, 0, 0.17%, 8, 0, 7, 140.62
1735368717, 33, 36, 40, 0, 0, 0.17%, 8, 0, 7, 159.01
1735368747, 34, 11, 40, 0, 0, 0.17%, 8, 0, 7, 134.80
1735368752, 34, 22, 40, 0, 0, 0.17%, 8, 0, 7, 136.15
1735368762, 34, 27, 40, 0, 0, 0.17%, 8, 0, 7, 141.24
1735368783, 35, 11, 40, 0, 0, 0.17%, 8, 0, 7, 130.88
1735368788, 35, 20, 40, 0, 0, 0.17%, 8, 0, 7, 156.39
1735368809, 35, 22, 40, 0, 0, 0.17%, 8, 0, 7, 143.26
1735368814, 35, 30, 40, 0, 0, 0.17%, 8, 0, 7, 139.51
1735368850, 36, 12, 40, 0, 0, 0.17%, 8, 0, 7, 136.38
1735368855, 36, 14, 40, 0, 0, 0.17%, 8, 0, 7, 137.18
1735368875, 36, 22, 40, 0, 0, 0.17%, 8, 0, 7, 136.60
1735368880, 36, 33, 40, 0, 0, 0.17%, 8, 0, 7, 137.91
1735368906, 37, 11, 40, 0, 0, 0.17%, 8, 0, 7, 137.78
1735368911, 37, 16, 40, 0, 0, 0.17%, 8, 0, 7, 142.96
1735368932, 37, 20, 40, 0, 0, 0.17%, 8, 0, 7, 138.35
1735368952, 37, 22, 40, 0, 0, 0.17%, 8, 0, 7, 127.75
1735368962, 37, 25, 40, 0, 0, 0.17%, 8, 0, 7, 135.34
1735368983, 37, 33, 40, 0, 0, 0.17%, 8, 0, 7, 144.71
1735369004, 37, 36, 40, 0, 0, 0.17%, 8, 0, 7, 176.58
1735369029, 38, 10, 40, 0, 0, 0.17%, 8, 0, 7, 129.25
1735369034, 38, 12, 40, 0, 0, 0.17%, 8, 0, 7, 133.09
1735369039, 38, 22, 40, 0, 0, 0.17%, 8, 0, 7, 143.08
1735369045, 38, 37, 40, 0, 0, 0.17%, 8, 0, 7, 151.75
1735369065, 38, 38, 40, 0, 0, 0.17%, 8, 0, 7, 153.54
1735369085, 39, 11, 40, 0, 0, 0.17%, 8, 0, 7, 133.48
1735369090, 39, 12, 40, 0, 0, 0.17%, 8, 0, 7, 130.36
1735369096, 39, 22, 40, 0, 0, 0.17%, 8, 0, 7, 131.81
1735369101, 39, 23, 40, 0, 0, 0.17%, 8, 0, 7, 134.48
1735369121, 40, 10, 40, 0, 0, 0.17%, 8, 0, 7, 132.09
1735369126, 40, 12, 40, 0, 0, 0.17%, 8, 0, 7, 135.49
1735369132, 40, 19, 40, 0, 0, 0.17%, 8, 0, 7, 138.16
1735369152, 40, 22, 40, 0, 0, 0.17%, 8, 0, 7, 137.98
1735369157, 40, 32, 40, 0, 0, 0.17%, 8, 0, 7, 143.94
1735369188, 41, 7, 40, 0, 0, 0.17%, 8, 0, 7, 143.57
1735369193, 41, 12, 40, 0, 0, 0.17%, 8, 0, 7, 138.04
1735369198, 41, 21, 40, 0, 0, 0.17%, 8, 0, 7, 138.48
1735369218, 41, 22, 40, 0, 0, 0.17%, 8, 0, 7, 142.83
1735369224, 41, 33, 40, 0, 0, 0.17%, 8, 0, 7, 142.04
1735369249, 42, 11, 40, 0, 0, 0.17%, 8, 0, 7, 131.63
1735369255, 42, 18, 40, 0, 0, 0.17%, 8, 0, 7, 139.23
1735369275, 42, 22, 40, 0, 0, 0.17%, 8, 0, 7, 140.61
1735369285, 42, 25, 40, 0, 0, 0.17%, 8, 0, 7, 144.13
1735369305, 42, 28, 40, 0, 0, 0.17%, 8, 0, 7, 165.17
1735369331, 42, 30, 40, 0, 0, 0.17%, 8, 0, 7, 161.78
1735369362, 43, 0, 40, 0, 0, 0.17%, 8, 0, 7, 145.31
1735369367, 43, 12, 40, 0, 0, 0.17%, 8, 0, 7, 135.21
1735369372, 43, 18, 40, 0, 0, 0.17%, 8, 0, 7, 136.29
1735369392, 43, 22, 40, 0, 0, 0.17%, 8, 0, 7, 135.07
1735369402, 43, 36, 40, 0, 0, 0.17%, 8, 0, 7, 175.42
1735369428, 43, 38, 40, 0, 0, 0.17%, 8, 0, 7, 140.87
1735369448, 44, 11, 40, 0, 0, 0.17%, 8, 0, 7, 131.49
1735369454, 44, 18, 40, 0, 0, 0.17%, 8, 0, 7, 140.26
1735369474, 44, 22, 40, 0, 0, 0.17%, 8, 0, 7, 144.60
1735369484, 44, 29, 40, 0, 0, 0.17%, 8, 0, 7, 148.21
1735369515, 45, 11, 40, 0, 0, 0.17%, 8, 0, 7, 135.55
1735369520, 45, 12, 40, 0, 0, 0.17%, 8, 0, 7, 132.57
1735369525, 45, 22, 40, 0, 0, 0.17%, 8, 0, 7, 142.67
1735369530, 46, 11, 40, 0, 0, 0.17%, 8, 0, 7, 131.90
1735369535, 46, 18, 40, 0, 0, 0.17%, 8, 0, 7, 136.20
1735369561, 46, 22, 40, 0, 0, 0.17%, 8, 0, 7, 132.50
1735369566, 46, 31, 40, 0, 0, 0.17%, 8, 0, 7, 158.84
1735369597, 46, 36, 40, 0, 0, 0.17%, 8, 0, 7, 178.29
1735369622, 47, 10, 40, 0, 0, 0.17%, 8, 0, 7, 138.14
1735369627, 47, 12, 40, 0, 0, 0.17%, 8, 0, 7, 133.73
1735369632, 47, 22, 40, 0, 0, 0.17%, 8, 0, 7, 141.55
1735369638, 47, 39, 40, 0, 0, 0.17%, 8, 0, 7, 162.83
1735369668, 48, 11, 40, 0, 0, 0.17%, 8, 0, 7, 131.34
1735369673, 48, 22, 40, 0, 0, 0.17%, 8, 0, 7, 137.47
1735369684, 48, 29, 40, 0, 0, 0.17%, 8, 0, 7, 151.14
1735369714, 49, 11, 40, 0, 0, 0.17%, 8, 0, 7, 137.39
1735369719, 49, 17, 40, 0, 0, 0.17%, 8, 0, 7, 132.35
1735369740, 49, 22, 40, 0, 0, 0.17%, 8, 0, 7, 146.11
1735369750, 50, 10, 40, 0, 0, 0.17%, 8, 0, 7, 131.13
1735369755, 50, 12, 40, 0, 0, 0.17%, 8, 0, 7, 135.45
1735369760, 50, 14, 40, 0, 0, 0.17%, 8, 0, 7, 128.22
1735369781, 50, 19, 40, 0, 0, 0.17%, 8, 0, 7, 140.69
1735369801, 50, 22, 40, 0, 0, 0.17%, 8, 0, 7, 139.75
1735369806, 50, 28, 40, 0, 0, 0.17%, 8, 0, 7, 140.53
1735369837, 50, 35, 40, 0, 0, 0.17%, 8, 0, 7, 136.75
1735369868, 51, 7, 40, 0, 0, 0.17%, 8, 0, 7, 146.74
1735369873, 51, 12, 40, 0, 0, 0.17%, 8, 0, 7, 134.67
1735369878, 51, 21, 40, 0, 0, 0.17%, 8, 0, 7, 142.82
1735369898, 51, 22, 40, 0, 0, 0.17%, 8, 0, 7, 133.36
1735369909, 51, 37, 40, 0, 0, 0.17%, 8, 0, 7, 151.10
1735369929, 52, 12, 40, 0, 0, 0.17%, 8, 0, 7, 134.25
1735369934, 52, 22, 40, 0, 0, 0.17%, 8, 0, 7, 142.65
1735369939, 52, 24, 40, 0, 0, 0.17%, 8, 0, 7, 147.99
1735369959, 52, 26, 40, 0, 0, 0.17%, 8, 0, 7, 140.76
1735369991, 52, 28, 40, 0, 0, 0.17%, 8, 0, 7, 137.14
1735370021, 53, 0, 40, 0, 0, 0.17%, 8, 0, 7, 146.20
1735370026, 53, 10, 40, 0, 0, 0.17%, 8, 0, 7, 144.09
1735370031, 53, 12, 40, 0, 0, 0.17%, 8, 0, 7, 137.51
1735370037, 53, 22, 40, 0, 0, 0.17%, 8, 0, 7, 141.46
1735370042, 54, 10, 40, 0, 0, 0.17%, 8, 0, 7, 142.02
1735370047, 54, 12, 40, 0, 0, 0.17%, 8, 0, 7, 130.27
1735370052, 54, 21, 40, 0, 0, 0.17%, 8, 0, 7, 136.31
1735370073, 54, 22, 40, 0, 0, 0.17%, 8, 0, 7, 136.36
1735370078, 55, 1, 40, 0, 0, 0.17%, 8, 0, 7, 138.19
1735370083, 55, 10, 40, 0, 0, 0.17%, 8, 0, 7, 134.64
1735370088, 55, 12, 40, 0, 0, 0.17%, 8, 0, 7, 137.83
1735370093, 55, 22, 40, 0, 0, 0.17%, 8, 0, 7, 144.08
1735370098, 56, 11, 40, 0, 0, 0.17%, 8, 0, 7, 138.65
1735370103, 56, 12, 40, 0, 0, 0.17%, 8, 0, 7, 140.40
1735370108, 56, 17, 40, 0, 0, 0.17%, 8, 0, 7, 139.38
1735370113, 56, 22, 40, 0, 0, 0.17%, 8, 0, 7, 150.30
1735370119, 56, 31, 40, 0, 0, 0.17%, 8, 0, 7, 166.34
1735370149, 57, 10, 40, 0, 0, 0.17%, 8, 0, 7, 132.94
1735370154, 57, 12, 40, 0, 0, 0.17%, 8, 0, 7, 136.29
1735370160, 57, 22, 40, 0, 0, 0.17%, 8, 0, 7, 138.46
1735370165, 58, 11, 40, 0, 0, 0.17%, 8, 0, 7, 135.30
1735370170, 58, 22, 40, 0, 0, 0.17%, 8, 0, 7, 138.28
1735370180, 58, 27, 40, 0, 0, 0.17%, 8, 0, 7, 145.22
1735370201, 59, 10, 40, 0, 0, 0.17%, 8, 0, 7, 136.00
1735370206, 59, 12, 40, 0, 0, 0.17%, 8, 0, 7, 143.34
1735370211, 59, 21, 40, 0, 0, 0.17%, 8, 0, 7, 145.61
1735370232, 59, 22, 40, 0, 0, 0.17%, 8, 0, 7, 135.65
1735370237, 59, 38, 40, 0, 0, 0.17%, 8, 0, 7, 151.80
1735370258, 60, 11, 40, 0, 0, 0.17%, 8, 0, 7, 140.01
1735370263, 60, 22, 40, 0, 0, 0.17%, 8, 0, 7, 138.42
1735370273, 60, 39, 40, 0, 0, 0.17%, 8, 0, 7, 170.22
1735370303, 61, 8, 40, 0, 0, 0.17%, 8, 0, 7, 125.75
1735370308, 61, 11, 40, 0, 0, 0.17%, 8, 0, 7, 129.93
1735370314, 61, 22, 40, 0, 0, 0.17%, 8, 0, 7, 136.03
1735370324, 61, 32, 40, 0, 0, 0.17%, 8, 0, 7, 143.97
1735370354, 61, 39, 40, 0, 0, 0.17%, 8, 0, 7, 164.98
1735370380, 62, 10, 40, 0, 0, 0.17%, 8, 0, 7, 133.90
1735370385, 62, 12, 40, 0, 0, 0.17%, 8, 0, 7, 128.41
1735370390, 62, 22, 40, 0, 0, 0.17%, 8, 0, 7, 136.15
1735370395, 62, 23, 40, 0, 0, 0.17%, 8, 0, 7, 132.10
1735370416, 63, 10, 40, 0, 0, 0.17%, 8, 0, 7, 135.38
1735370421, 63, 12, 40, 0, 0, 0.17%, 8, 0, 7, 138.32
1735370426, 63, 22, 40, 0, 0, 0.17%, 8, 0, 7, 142.70
1735370432, 63, 25, 40, 0, 0, 0.17%, 8, 0, 7, 142.03
1735370452, 63, 26, 40, 0, 0, 0.17%, 8, 0, 7, 134.22
1735370488, 63, 35, 40, 0, 0, 0.17%, 8, 0, 7, 138.07
1735370518, 64, 8, 40, 0, 0, 0.17%, 8, 0, 7, 135.66
1735370523, 64, 12, 40, 0, 0, 0.17%, 8, 0, 7, 129.47
1735370529, 64, 22, 40, 0, 0, 0.17%, 8, 0, 7, 134.91
1735370534, 64, 25, 40, 0, 0, 0.17%, 8, 0, 7, 139.83
1735370560, 65, 11, 40, 0, 0, 0.17%, 8, 0, 7, 129.28
1735370565, 65, 22, 40, 0, 0, 0.17%, 8, 0, 7, 137.07
1735370575, 65, 37, 40, 0, 0, 0.17%, 8, 0, 7, 151.43
1735370596, 65, 38, 40, 0, 0, 0.17%, 8, 0, 7, 158.82
1735370611, 66, 10, 40, 0, 0, 0.17%, 8, 0, 7, 123.03
1735370616, 66, 12, 40, 0, 0, 0.17%, 8, 0, 7, 129.37
1735370621, 66, 22, 40, 0, 0, 0.17%, 8, 0, 7, 136.34
1735370626, 66, 31, 40, 0, 0, 0.17%, 8, 0, 7, 142.47
1735370657, 66, 37, 40, 0, 0, 0.17%, 8, 0, 7, 155.94
1735370667, 66, 38, 40, 0, 0, 0.17%, 8, 0, 7, 149.74
1735370677, 66, 39, 40, 0, 0, 0.17%, 8, 0, 7, 168.73
1735370708, 67, 11, 40, 0, 0, 0.17%, 8, 0, 7, 130.31
1735370713, 67, 16, 40, 0, 0, 0.17%, 8, 0, 7, 143.72
1735370734, 67, 17, 40, 0, 0, 0.17%, 8, 0, 7, 136.19
1735370739, 67, 22, 40, 0, 0, 0.17%, 8, 0, 7, 143.48
1735370749, 67, 36, 40, 0, 0, 0.17%, 8, 0, 7, 171.16
1735370759, 68, 2, 40, 0, 0, 0.17%, 8, 0, 7, 132.38
1735370764, 68, 11, 40, 0, 0, 0.17%, 8, 0, 7, 136.67
1735370769, 68, 22, 40, 0, 0, 0.17%, 8, 0, 7, 135.81
1735370780, 69, 10, 40, 0, 0, 0.17%, 8, 0, 7, 134.19
1735370785, 69, 12, 40, 0, 0, 0.17%, 8, 0, 7, 135.37
1735370790, 69, 22, 40, 0, 0, 0.17%, 8, 0, 7, 139.63
1735370795, 70, 10, 40, 0, 0, 0.17%, 8, 0, 7, 139.19
1735370800, 70, 12, 40, 0, 0, 0.17%, 8, 0, 7, 134.43
1735370805, 70, 22, 40, 0, 0, 0.17%, 8, 0, 7, 143.82
1735370810, 71, 11, 40, 0, 0, 0.17%, 8, 0, 7, 136.45
1735370816, 71, 13, 40, 0, 0, 0.17%, 8, 0, 7, 139.17
1735370826, 71, 22, 40, 0, 0, 0.17%, 8, 0, 7, 144.38
1735370836, 71, 28, 40, 0, 0, 0.17%, 8, 0, 7, 151.43
1735370841, 72, 2, 40, 0, 0, 0.17%, 8, 0, 7, 142.94
1735370846, 72, 11, 40, 0, 0, 0.17%, 8, 0, 7, 136.69
1735370852, 72, 22, 40, 0, 0, 0.17%, 8, 0, 7, 138.44
1735370857, 72, 27, 40, 0, 0, 0.17%, 8, 0, 7, 146.44
1735370877, 73, 11, 40, 0, 0, 0.17%, 8, 0, 7, 143.70
1735370882, 73, 22, 40, 0, 0, 0.17%, 8, 0, 7, 133.31
1735370893, 73, 28, 40, 0, 0, 0.17%, 8, 0, 7, 153.80
1735370898, 74, 7, 40, 0, 0, 0.17%, 8, 0, 7, 147.34
1735370903, 74, 11, 40, 0, 0, 0.17%, 8, 0, 7, 131.44
1735370908, 74, 13, 40, 0, 0, 0.17%, 8, 0, 7, 148.90
1735370919, 74, 22, 40, 0, 0, 0.17%, 8, 0, 7, 141.77
1735370929, 74, 32, 40, 0, 0, 0.17%, 8, 0, 7, 151.19
1735370954, 75, 10, 40, 0, 0, 0.17%, 8, 0, 7, 127.45
1735370960, 75, 12, 40, 0, 0, 0.17%, 8, 0, 7, 129.19
1735370965, 75, 22, 40, 0, 0, 0.17%, 8, 0, 7, 135.81
1735370970, 75, 24, 40, 0, 0, 0.17%, 8, 0, 7, 147.28
1735370990, 75, 26, 40, 0, 0, 0.17%, 8, 0, 7, 136.55
1735371000, 76, 11, 40, 0, 0, 0.17%, 8, 0, 7, 135.68
1735371005, 76, 22, 40, 0, 0, 0.17%, 8, 0, 7, 137.55
1735371016, 76, 25, 40, 0, 0, 0.17%, 8, 0, 7, 134.74
1735371021, 76, 38, 40, 0, 0, 0.17%, 8, 0, 7, 143.18
1735371026, 77, 11, 40, 0, 0, 0.17%, 8, 0, 7, 136.50
1735371031, 77, 22, 40, 0, 0, 0.17%, 8, 0, 7, 139.98
1735371042, 77, 23, 40, 0, 0, 0.17%, 8, 0, 7, 140.39
1735371057, 78, 10, 40, 0, 0, 0.17%, 8, 0, 7, 138.08
1735371062, 78, 12, 40, 0, 0, 0.17%, 8, 0, 7, 139.21
1735371067, 78, 22, 40, 0, 0, 0.17%, 8, 0, 7, 144.19
1735371072, 78, 24, 40, 0, 0, 0.17%, 8, 0, 7, 146.37
1735371093, 79, 10, 40, 0, 0, 0.17%, 8, 0, 7, 134.10
1735371098, 79, 12, 40, 0, 0, 0.17%, 8, 0, 7, 133.16
1735371103, 79, 15, 40, 0, 0, 0.17%, 8, 0, 7, 140.34
1735371124, 79, 22, 40, 0, 0, 0.17%, 8, 0, 7, 136.99
1735371129, 80, 10, 40, 0, 0, 0.17%, 8, 0, 7, 132.43
1735371134, 80, 12, 40, 0, 0, 0.17%, 8, 0, 7, 131.04
1735371139, 80, 13, 40, 0, 0, 0.17%, 8, 0, 7, 138.06
1735371144, 80, 15, 40, 0, 0, 0.17%, 8, 0, 7, 136.21
1735371169, 80, 22, 40, 0, 0, 0.17%, 8, 0, 7, 132.03
1735371175, 80, 27, 40, 0, 0, 0.17%, 8, 0, 7, 142.36
1735371200, 81, 12, 40, 0, 0, 0.17%, 8, 0, 7, 128.04
1735371205, 81, 22, 40, 0, 0, 0.17%, 8, 0, 7, 138.07
1735371216, 81, 35, 40, 0, 0, 0.17%, 8, 0, 7, 145.27
1735371221, 82, 7, 40, 0, 0, 0.17%, 8, 0, 7, 138.06
1735371226, 82, 11, 40, 0, 0, 0.17%, 8, 0, 7, 133.98
1735371231, 82, 16, 40, 0, 0, 0.17%, 8, 0, 7, 143.98
1735371252, 82, 22, 40, 0, 0, 0.17%, 8, 0, 7, 135.41
1735371262, 82, 30, 40, 0, 0, 0.17%, 8, 0, 7, 143.00
1735371293, 83, 11, 40, 0, 0, 0.17%, 8, 0, 7, 137.04
1735371298, 83, 22, 40, 0, 0, 0.17%, 8, 0, 7, 134.55
1735371308, 84, 11, 40, 0, 0, 0.17%, 8, 0, 7, 135.44
1735371313, 84, 22, 40, 0, 0, 0.17%, 8, 0, 7, 142.04
1735371323, 84, 34, 40, 0, 0, 0.17%, 8, 0, 7, 147.21
1735371354, 84, 39, 40, 0, 0, 0.17%, 8, 0, 7, 160.45
1735371369, 85, 10, 40, 0, 0, 0.17%, 8, 0, 7, 136.87
1735371375, 85, 12, 40, 0, 0, 0.17%, 8, 0, 7, 136.24
1735371380, 85, 22, 40, 0, 0, 0.17%, 8, 0, 7, 146.67
1735371385, 86, 10, 40, 0, 0, 0.17%, 8, 0, 7, 129.89
1735371390, 86, 12, 40, 0, 0, 0.17%, 8, 0, 7, 129.50
1735371395, 86, 22, 40, 0, 0, 0.17%, 8, 0, 7, 142.41
1735371400, 86, 35, 40, 0, 0, 0.17%, 8, 0, 7, 142.68
1735371411, 87, 11, 40, 0, 0, 0.17%, 8, 0, 7, 133.33
1735371416, 87, 18, 40, 0, 0, 0.17%, 8, 0, 7, 136.09
1735371421, 87, 22, 40, 0, 0, 0.17%, 8, 0, 7, 144.12
1735371431, 87, 30, 40, 0, 0, 0.17%, 8, 0, 7, 142.71
1735371462, 87, 36, 40, 0, 0, 0.17%, 8, 0, 7, 152.57
1735371467, 88, 0, 40, 0, 0, 0.17%, 8, 0, 7, 145.60
1735371472, 88, 10, 40, 0, 0, 0.17%, 8, 0, 7, 133.93
1735371477, 88, 12, 40, 0, 0, 0.17%, 8, 0, 7, 138.01
1735371482, 88, 22, 40, 0, 0, 0.17%, 8, 0, 7, 137.07
1735371488, 89, 10, 40, 0, 0, 0.17%, 8, 0, 7, 130.11
1735371493, 89, 12, 40, 0, 0, 0.17%, 8, 0, 7, 129.06
1735371498, 89, 15, 40, 0, 0, 0.17%, 8, 0, 7, 139.21
1735371519, 89, 22, 40, 0, 0, 0.17%, 8, 0, 7, 138.24
1735371529, 89, 32, 40, 0, 0, 0.17%, 8, 0, 7, 144.36
1735371560, 90, 10, 40, 0, 0, 0.17%, 8, 0, 7, 139.44
1735371565, 90, 12, 40, 0, 0, 0.17%, 8, 0, 7, 134.40
1735371570, 90, 22, 40, 0, 0, 0.17%, 8, 0, 7, 138.47
1735371575, 90, 28, 40, 0, 0, 0.17%, 8, 0, 7, 153.19
1735371585, 91, 12, 40, 0, 0, 0.17%, 8, 0, 7, 136.17
1735371591, 91, 22, 40, 0, 0, 0.17%, 8, 0, 7, 134.53
1735371601, 92, 12, 40, 0, 0, 0.17%, 8, 0, 7, 132.66
1735371606, 92, 18, 40, 0, 0, 0.17%, 8, 0, 7, 136.07
1735371611, 92, 22, 40, 0, 0, 0.17%, 8, 0, 7, 136.38
1735371622, 92, 31, 40, 0, 0, 0.17%, 8, 0, 7, 144.07
1735371627, 93, 10, 40, 0, 0, 0.17%, 8, 0, 7, 137.77
1735371632, 93, 12, 40, 0, 0, 0.17%, 8, 0, 7, 132.91
1735371637, 93, 22, 40, 0, 0, 0.17%, 8, 0, 7, 136.29
1735371642, 93, 24, 40, 0, 0, 0.17%, 8, 0, 7, 133.14
1735371663, 94, 0, 40, 0, 0, 0.17%, 8, 0, 7, 125.35
1735371668, 94, 11, 40, 0, 0, 0.17%, 8, 0, 7, 131.84
1735371673, 94, 22, 40, 0, 0, 0.17%, 8, 0, 7, 142.24
1735371683, 95, 11, 40, 0, 0, 0.17%, 8, 0, 7, 135.96
1735371688, 95, 15, 40, 0, 0, 0.17%, 8, 0, 7, 137.83
1735371694, 95, 20, 40, 0, 0, 0.17%, 8, 0, 7, 146.14
1735371714, 95, 22, 40, 0, 0, 0.17%, 8, 0, 7, 146.07
1735371719, 95, 39, 40, 0, 0, 0.17%, 8, 0, 7, 146.84
1735371734, 96, 10, 40, 0, 0, 0.17%, 8, 0, 7, 147.36
1735371739, 96, 12, 40, 0, 0, 0.17%, 8, 0, 7, 138.86
1735371745, 96, 22, 40, 0, 0, 0.17%, 8, 0, 7, 140.27
1735371750, 97, 10, 40, 0, 0, 0.17%, 8, 0, 7, 131.71
1735371755, 97, 12, 40, 0, 0, 0.17%, 8, 0, 7, 134.33
1735371760, 97, 22, 40, 0, 0, 0.17%, 8, 0, 7, 143.63
1735371765, 97, 27, 40, 0, 0, 0.17%, 8, 0, 7, 135.50
1735371770, 98, 1, 40, 0, 0, 0.17%, 8, 0, 7, 133.19
1735371775, 98, 11, 40, 0, 0, 0.17%, 8, 0, 7, 132.61
1735371780, 98, 22, 40, 0, 0, 0.17%, 8, 0, 7, 140.07
1735371791, 99, 11, 40, 0, 0, 0.17%, 8, 0, 7, 139.62
1735371796, 99, 19, 40, 0, 0, 0.17%, 8, 0, 7, 146.82
1735371817, 99, 22, 40, 0, 0, 0.17%, 8, 0, 7, 138.52
1735371827, 99, 27, 40, 0, 0, 0.17%, 8, 0, 7, 150.07
1735371832, 99, 34, 40, 0, 0, 0.17%, 8, 0, 7, 144.63
1735371862, 100, 11, 40, 0, 0, 0.17%, 8, 0, 7, 132.40
1735371868, 100, 22, 40, 0, 0, 0.17%, 8, 0, 7, 138.72
1735371878, 100, 31, 40, 0, 0, 0.17%, 8, 0, 7, 161.07
1735371883, 100, 39, 40, 0, 0, 0.17%, 8, 0, 7, 154.29
1735371888, 101, 2, 40, 0, 0, 0.17%, 8, 0, 7, 146.97
1735371893, 101, 11, 40, 0, 0, 0.17%, 8, 0, 7, 139.19
1735371898, 101, 22, 40, 0, 0, 0.17%, 8, 0, 7, 143.15
1735371908, 101, 29, 40, 0, 0, 0.17%, 8, 0, 7, 156.21
1735371939, 102, 11, 40, 0, 0, 0.17%, 8, 0, 7, 133.26
1735371944, 102, 14, 40, 0, 0, 0.17%, 8, 0, 7, 134.28
1735371964, 102, 22, 40, 0, 0, 0.17%, 8, 0, 7, 144.02
1735371974, 103, 11, 40, 0, 0, 0.17%, 8, 0, 7, 136.12
1735371980, 103, 16, 40, 0, 0, 0.17%, 8, 0, 7, 142.23
1735371985, 103, 22, 40, 0, 0, 0.17%, 8, 0, 7, 138.40
1735371995, 104, 10, 40, 0, 0, 0.17%, 8, 0, 7, 135.08
1735372000, 104, 22, 40, 0, 0, 0.17%, 8, 0, 7, 138.87
1735372011, 104, 30, 40, 0, 0, 0.17%, 8, 0, 7, 138.13
1735372016, 105, 1, 40, 0, 0, 0.17%, 8, 0, 7, 137.08
1735372021, 105, 11, 40, 0, 0, 0.17%, 8, 0, 7, 132.19
1735372026, 105, 22, 40, 0, 0, 0.17%, 8, 0, 7, 136.12
1735372036, 105, 28, 40, 0, 0, 0.17%, 8, 0, 7, 155.57
1735372041, 106, 6, 40, 0, 0, 0.17%, 8, 0, 7, 138.64
1735372046, 106, 10, 40, 0, 0, 0.17%, 8, 0, 7, 137.70
1735372052, 106, 12, 40, 0, 0, 0.17%, 8, 0, 7, 136.29
1735372057, 106, 21, 40, 0, 0, 0.17%, 8, 0, 7, 140.86
1735372062, 106, 22, 40, 0, 0, 0.17%, 8, 0, 7, 133.26
1735372067, 107, 5, 40, 0, 0, 0.17%, 8, 0, 7, 132.69
1735372072, 107, 11, 40, 0, 0, 0.17%, 8, 0, 7, 133.81
1735372077, 107, 22, 40, 0, 0, 0.17%, 8, 0, 7, 137.87
1735372088, 108, 11, 40, 0, 0, 0.17%, 8, 0, 7, 133.96
1735372093, 108, 22, 40, 0, 0, 0.17%, 8, 0, 7, 141.95
1735372103, 108, 26, 40, 0, 0, 0.17%, 8, 0, 7, 133.18
1735372108, 109, 10, 40, 0, 0, 0.17%, 8, 0, 7, 133.46
1735372113, 109, 12, 40, 0, 0, 0.17%, 8, 0, 7, 137.28
1735372118, 109, 18, 40, 0, 0, 0.17%, 8, 0, 7, 139.03
1735372123, 109, 19, 40, 0, 0, 0.17%, 8, 0, 7, 144.40
1735372128, 109, 22, 40, 0, 0, 0.17%, 8, 0, 7, 136.75
1735372134, 109, 37, 40, 0, 0, 0.17%, 8, 0, 7, 150.14
1735372139, 110, 10, 40, 0, 0, 0.17%, 8, 0, 7, 130.60
1735372144, 110, 12, 40, 0, 0, 0.17%, 8, 0, 7, 130.06
1735372149, 110, 22, 40, 0, 0, 0.17%, 8, 0, 7, 140.09
1735372154, 111, 10, 40, 0, 0, 0.17%, 8, 0, 7, 132.46
1735372159, 111, 12, 40, 0, 0, 0.17%, 8, 0, 7, 137.23
1735372164, 111, 22, 40, 0, 0, 0.17%, 8, 0, 7, 141.88
1735372169, 111, 35, 40, 0, 0, 0.17%, 8, 0, 7, 145.24
1735372180, 112, 10, 40, 0, 0, 0.17%, 8, 0, 7, 135.77
1735372185, 112, 12, 40, 0, 0, 0.17%, 8, 0, 7, 133.38
1735372190, 112, 22, 40, 0, 0, 0.17%, 8, 0, 7, 142.25
1735372195, 112, 29, 40, 0, 0, 0.17%, 8, 0, 7, 152.48
1735372226, 112, 33, 40, 0, 0, 0.17%, 8, 0, 7, 143.95
1735372246, 113, 10, 40, 0, 0, 0.17%, 8, 0, 7, 127.27
1735372251, 113, 12, 40, 0, 0, 0.17%, 8, 0, 7, 129.63
1735372257, 113, 22, 40, 0, 0, 0.17%, 8, 0, 7, 138.99
1735372262, 113, 26, 40, 0, 0, 0.17%, 8, 0, 7, 145.05
1735372272, 114, 11, 40, 0, 0, 0.17%, 8, 0, 7, 135.16
1735372277, 114, 18, 40, 0, 0, 0.17%, 8, 0, 7, 139.45
1735372282, 114, 22, 40, 0, 0, 0.17%, 8, 0, 7, 138.79
1735372287, 114, 27, 40, 0, 0, 0.17%, 8, 0, 7, 145.81
1735372293, 114, 30, 40, 0, 0, 0.17%, 8, 0, 7, 145.34
1735372303, 114, 35, 40, 0, 0, 0.17%, 8, 0, 7, 149.61
1735372308, 115, 10, 40, 0, 0, 0.17%, 8, 0, 7, 142.08
1735372313, 115, 12, 40, 0, 0, 0.17%, 8, 0, 7, 133.53
1735372318, 115, 22, 40, 0, 0, 0.17%, 8, 0, 7, 142.87
1735372323, 116, 7, 40, 0, 0, 0.17%, 8, 0, 7, 137.35
1735372328, 116, 11, 40, 0, 0, 0.17%, 8, 0, 7, 135.33
1735372333, 116, 22, 40, 0, 0, 0.17%, 8, 0, 7, 147.27
1735372344, 116, 28, 40, 0, 0, 0.17%, 8, 0, 7, 143.30
1735372349, 117, 1, 40, 0, 0, 0.17%, 8, 0, 7, 134.83
1735372354, 117, 11, 40, 0, 0, 0.17%, 8, 0, 7, 137.43
1735372359, 117, 22, 40, 0, 0, 0.17%, 8, 0, 7, 135.97
1735372364, 118, 5, 40, 0, 0, 0.17%, 8, 0, 7, 150.30
1735372369, 118, 11, 40, 0, 0, 0.17%, 8, 0, 7, 133.27
1735372375, 118, 22, 40, 0, 0, 0.17%, 8, 0, 7, 135.34
1735372385, 118, 24, 40, 0, 0, 0.17%, 8, 0, 7, 140.69
1735372390, 118, 26, 40, 0, 0, 0.17%, 8, 0, 7, 135.23
1735372395, 119, 10, 40, 0, 0, 0.17%, 8, 0, 7, 144.94
1735372400, 119, 12, 40, 0, 0, 0.17%, 8, 0, 7, 133.38
1735372405, 119, 22, 40, 0, 0, 0.17%, 8, 0, 7, 135.15
1735372411, 120, 10, 40, 0, 0, 0.17%, 8, 0, 7, 131.07
1735372416, 120, 12, 40, 0, 0, 0.17%, 8, 0, 7, 134.40
1735372421, 120, 22, 40, 0, 0, 0.17%, 8, 0, 7, 137.25
1735372426, 120, 32, 40, 0, 0, 0.17%, 8, 0, 7, 135.33
1735372436, 120, 37, 40, 0, 0, 0.17%, 8, 0, 7, 142.92
1735372441, 121, 11, 40, 0, 0, 0.17%, 8, 0, 7, 135.83
1735372446, 121, 13, 40, 0, 0, 0.17%, 8, 0, 7, 141.58
1735372457, 121, 22, 40, 0, 0, 0.17%, 8, 0, 7, 146.59
1735372462, 121, 35, 40, 0, 0, 0.17%, 8, 0, 7, 143.06
1735372472, 122, 10, 40, 0, 0, 0.17%, 8, 0, 7, 132.36
1735372477, 122, 12, 40, 0, 0, 0.17%, 8, 0, 7, 138.48
1735372482, 122, 20, 40, 0, 0, 0.17%, 8, 0, 7, 161.79
1735372497, 122, 22, 40, 0, 0, 0.17%, 8, 0, 7, 136.72
1735372508, 122, 33, 40, 0, 0, 0.17%, 8, 0, 7, 141.56
1735372513, 123, 11, 40, 0, 0, 0.17%, 8, 0, 7, 132.12
1735372518, 123, 22, 40, 0, 0, 0.17%, 8, 0, 7, 138.13
1735372528, 123, 31, 40, 0, 0, 0.17%, 8, 0, 7, 147.53
1735372533, 124, 10, 40, 0, 0, 0.17%, 8, 0, 7, 136.23
1735372539, 124, 12, 40, 0, 0, 0.17%, 8, 0, 7, 139.45
1735372544, 124, 22, 40, 0, 0, 0.17%, 8, 0, 7, 132.74
1735372549, 124, 23, 40, 0, 0, 0.17%, 8, 0, 7, 141.39
1735372569, 124, 29, 40, 0, 0, 0.17%, 8, 0, 7, 148.98
1735372574, 125, 10, 40, 0, 0, 0.17%, 8, 0, 7, 137.66
1735372579, 125, 12, 40, 0, 0, 0.17%, 8, 0, 7, 135.17
1735372585, 125, 22, 40, 0, 0, 0.17%, 8, 0, 7, 138.63
1735372590, 126, 1, 40, 0, 0, 0.17%, 8, 0, 7, 138.89
1735372595, 126, 11, 40, 0, 0, 0.17%, 8, 0, 7, 132.11
1735372600, 126, 18, 40, 0, 0, 0.17%, 8, 0, 7, 136.08
1735372605, 126, 22, 40, 0, 0, 0.17%, 8, 0, 7, 142.50
1735372616, 126, 32, 40, 0, 0, 0.17%, 8, 0, 7, 152.44
1735372621, 127, 10, 40, 0, 0, 0.17%, 8, 0, 7, 144.24
1735372626, 127, 12, 40, 0, 0, 0.17%, 8, 0, 7, 139.15
1735372631, 127, 22, 40, 0, 0, 0.17%, 8, 0, 7, 148.33
1735372636, 128, 10, 40, 0, 0, 0.17%, 8, 0, 7, 133.70
1735372641, 128, 12, 40, 0, 0, 0.17%, 8, 0, 7, 136.34
1735372646, 128, 22, 40, 0, 0, 0.17%, 8, 0, 7, 153.04
1735372652, 129, 11, 40, 0, 0, 0.17%, 8, 0, 7, 139.47
1735372657, 129, 21, 40, 0, 0, 0.17%, 8, 0, 7, 141.16
1735372662, 129, 22, 40, 0, 0, 0.17%, 8, 0, 7, 138.55
1735372672, 130, 12, 40, 0, 0, 0.17%, 8, 0, 7, 138.14
1735372677, 130, 22, 40, 0, 0, 0.17%, 8, 0, 7, 139.92
1735372683, 130, 35, 40, 0, 0, 0.17%, 8, 0, 7, 135.34
1735372693, 131, 11, 40, 0, 0, 0.17%, 8, 0, 7, 135.37
1735372698, 131, 18, 40, 0, 0, 0.17%, 8, 0, 7, 138.99
1735372703, 131, 22, 40, 0, 0, 0.17%, 8, 0, 7, 142.68
1735372714, 131, 27, 40, 0, 0, 0.17%, 8, 0, 7, 139.62
1735372719, 131, 29, 40, 0, 0, 0.17%, 8, 0, 7, 146.11
1735372724, 132, 5, 40, 0, 0, 0.17%, 8, 0, 7, 153.06
1735372729, 132, 11, 40, 0, 0, 0.17%, 8, 0, 7, 144.83
1735372734, 132, 21, 40, 0, 0, 0.17%, 8, 0, 7, 135.79
1735372739, 132, 22, 40, 0, 0, 0.17%, 8, 0, 7, 138.89
1735372750, 132, 31, 40, 0, 0, 0.17%, 8, 0, 7, 158.00
1735372755, 133, 5, 40, 0, 0, 0.17%, 8, 0, 7, 150.00
1735372760, 133, 11, 40, 0, 0, 0.17%, 8, 0, 7, 137.08
1735372765, 133, 22, 40, 0, 0, 0.17%, 8, 0, 7, 142.50
1735372775, 134, 11, 40, 0, 0, 0.17%, 8, 0, 7, 130.41
1735372780, 134, 22, 40, 0, 0, 0.17%, 8, 0, 7, 137.25
1735372790, 134, 27, 40, 0, 0, 0.17%, 8, 0, 7, 144.19
1735372795, 134, 35, 40, 0, 0, 0.17%, 8, 0, 7, 142.06
1735372800, 134, 36, 40, 0, 0, 0.17%, 8, 0, 7, 159.94
1735372810, 134, 37, 40, 0, 0, 0.17%, 8, 0, 7, 152.10
1735372816, 135, 10, 40, 0, 0, 0.17%, 8, 0, 7, 149.15
1735372821, 135, 12, 40, 0, 0, 0.17%, 8, 0, 7, 141.31
1735372826, 135, 22, 40, 0, 0, 0.17%, 8, 0, 7, 140.88
1735372831, 135, 32, 40, 0, 0, 0.17%, 8, 0, 7, 131.79
1735372841, 136, 11, 40, 0, 0, 0.17%, 8, 0, 7, 128.13
1735372847, 136, 16, 40, 0, 0, 0.17%, 8, 0, 7, 136.72
1735372852, 136, 20, 40, 0, 0, 0.17%, 8, 0, 7, 156.16
1735372857, 136, 22, 40, 0, 0, 0.17%, 8, 0, 7, 139.08
1735372867, 136, 30, 40, 0, 0, 0.17%, 8, 0, 7, 136.43
1735372872, 137, 10, 40, 0, 0, 0.17%, 8, 0, 7, 133.01
1735372878, 137, 12, 40, 0, 0, 0.17%, 8, 0, 7, 138.75
1735372883, 137, 22, 40, 0, 0, 0.17%, 8, 0, 7, 132.80
1735372888, 137, 26, 40, 0, 0, 0.17%, 8, 0, 7, 136.55
1735372898, 137, 30, 40, 0, 0, 0.17%, 8, 0, 7, 143.88
1735372903, 138, 10, 40, 0, 0, 0.17%, 8, 0, 7, 134.96
1735372908, 138, 12, 40, 0, 0, 0.17%, 8, 0, 7, 136.34
1735372914, 138, 22, 40, 0, 0, 0.17%, 8, 0, 7, 140.13
1735372919, 139, 11, 40, 0, 0, 0.17%, 8, 0, 7, 135.85
1735372924, 139, 22, 40, 0, 0, 0.17%, 8, 0, 7, 136.92
1735372934, 140, 10, 40, 0, 0, 0.17%, 8, 0, 7, 134.36
1735372939, 140, 12, 40, 0, 0, 0.17%, 8, 0, 7, 131.55
1735372945, 140, 22, 40, 0, 0, 0.17%, 8, 0, 7, 137.10
1735372950, 141, 10, 40, 0, 0, 0.17%, 8, 0, 7, 139.90
1735372955, 141, 12, 40, 0, 0, 0.17%, 8, 0, 7, 147.57
1735372960, 141, 22, 40, 0, 0, 0.17%, 8, 0, 7, 140.79
1735372965, 141, 36, 40, 0, 0, 0.17%, 8, 0, 7, 162.15
1735372970, 142, 10, 40, 0, 0, 0.17%, 8, 0, 7, 145.18
1735372975, 142, 12, 40, 0, 0, 0.17%, 8, 0, 7, 139.01
1735372980, 142, 22, 40, 0, 0, 0.17%, 8, 0, 7, 138.34
1735372986, 142, 28, 40, 0, 0, 0.17%, 8, 0, 7, 146.79
1735372996, 143, 10, 40, 0, 0, 0.17%, 8, 0, 7, 141.85
1735373001, 143, 12, 40, 0, 0, 0.17%, 8, 0, 7, 137.57
1735373006, 143, 17, 40, 0, 0, 0.17%, 8, 0, 7, 138.59
1735373011, 143, 18, 40, 0, 0, 0.17%, 8, 0, 7, 139.18
1735373016, 143, 22, 40, 0, 0, 0.17%, 8, 0, 7, 143.62
1735373021, 143, 29, 40, 0, 0, 0.17%, 8, 0, 7, 150.92
1735373032, 144, 12, 40, 0, 0, 0.17%, 8, 0, 7, 137.69
1735373037, 144, 22, 40, 0, 0, 0.17%, 8, 0, 7, 139.58
1735373042, 145, 10, 40, 0, 0, 0.17%, 8, 0, 7, 138.83
1735373047, 145, 12, 40, 0, 0, 0.17%, 8, 0, 7, 138.96
1735373052, 145, 17, 40, 0, 0, 0.17%, 8, 0, 7, 135.43
1735373058, 145, 22, 40, 0, 0, 0.17%, 8, 0, 7, 147.69
1735373063, 145, 26, 40, 0, 0, 0.17%, 8, 0, 7, 144.94
1735373073, 145, 30, 40, 0, 0, 0.17%, 8, 0, 7, 136.51
1735373078, 145, 36, 40, 0, 0, 0.17%, 8, 0, 7, 152.33
1735373088, 146, 11, 40, 0, 0, 0.17%, 8, 0, 7, 140.16
1735373093, 146, 22, 40, 0, 0, 0.17%, 8, 0, 7, 137.84
1735373104, 147, 12, 40, 0, 0, 0.17%, 8, 0, 7, 139.10
1735373109, 147, 22, 40, 0, 0, 0.17%, 8, 0, 7, 140.70
1735373114, 147, 34, 40, 0, 0, 0.17%, 8, 0, 7, 140.04
1735373145, 148, 7, 40, 0, 0, 0.17%, 8, 0, 7, 149.53
1735373150, 148, 11, 40, 0, 0, 0.17%, 8, 0, 7, 132.71
1735373155, 148, 22, 40, 0, 0, 0.17%, 8, 0, 7, 138.39
1735373165, 148, 32, 40, 0, 0, 0.17%, 8, 0, 7, 141.69
1735373170, 149, 10, 40, 0, 0, 0.17%, 8, 0, 7, 134.29
1735373175, 149, 12, 40, 0, 0, 0.17%, 8, 0, 7, 132.34
1735373180, 149, 22, 40, 0, 0, 0.17%, 8, 0, 7, 135.66
1735373185, 150, 7, 40, 0, 0, 0.17%, 8, 0, 7, 132.67
1735373190, 150, 11, 40, 0, 0, 0.17%, 8, 0, 7, 132.82
1735373195, 150, 22, 40, 0, 0, 0.17%, 8, 0, 7, 136.05
1735373206, 150, 24, 40, 0, 0, 0.17%, 8, 0, 7, 140.78
1735373211, 150, 30, 40, 0, 0, 0.17%, 8, 0, 7, 139.36
1735373216, 151, 10, 40, 0, 0, 0.17%, 8, 0, 7, 141.20
1735373221, 151, 12, 40, 0, 0, 0.17%, 8, 0, 7, 127.82
1735373226, 151, 19, 40, 0, 0, 0.17%, 8, 0, 7, 145.07
1735373231, 151, 22, 40, 0, 0, 0.17%, 8, 0, 7, 140.73
1735373236, 152, 10, 40, 0, 0, 0.17%, 8, 0, 7, 139.13
1735373242, 152, 12, 40, 0, 0, 0.17%, 8, 0, 7, 137.38
1735373247, 152, 22, 40, 0, 0, 0.17%, 8, 0, 7, 142.00
1735373252, 153, 10, 40, 0, 0, 0.17%, 8, 0, 7, 136.64
1735373257, 153, 16, 40, 0, 0, 0.17%, 8, 0, 7, 136.82
1735373262, 153, 22, 40, 0, 0, 0.17%, 8, 0, 7, 142.00
1735373272, 153, 23, 40, 0, 0, 0.17%, 8, 0, 7, 140.68
1735373277, 153, 29, 40, 0, 0, 0.17%, 8, 0, 7, 144.59
1735373283, 154, 10, 40, 0, 0, 0.17%, 8, 0, 7, 148.48
1735373288, 154, 12, 40, 0, 0, 0.17%, 8, 0, 7, 137.66
1735373293, 154, 22, 40, 0, 0, 0.17%, 8, 0, 7, 152.71
1735373298, 154, 37, 40, 0, 0, 0.17%, 8, 0, 7, 152.79
1735373303, 155, 4, 40, 0, 0, 0.17%, 8, 0, 7, 140.31
1735373308, 155, 11, 40, 0, 0, 0.17%, 8, 0, 7, 137.97
1735373313, 155, 16, 40, 0, 0, 0.17%, 8, 0, 7, 137.93
1735373318, 155, 22, 40, 0, 0, 0.17%, 8, 0, 7, 147.51
1735373329, 156, 12, 40, 0, 0, 0.17%, 8, 0, 7, 139.20
1735373334, 156, 22, 40, 0, 0, 0.17%, 8, 0, 7, 138.27
1735373344, 156, 37, 40, 0, 0, 0.17%, 8, 0, 7, 142.58
1735373349, 156, 39, 40, 0, 0, 0.17%, 8, 0, 7, 146.41
1735373354, 157, 11, 40, 0, 0, 0.17%, 8, 0, 7, 132.58
1735373359, 157, 22, 40, 0, 0, 0.17%, 8, 0, 7, 134.06
1735373370, 158, 11, 40, 0, 0, 0.17%, 8, 0, 7, 132.67
1735373375, 158, 22, 40, 0, 0, 0.17%, 8, 0, 7, 137.67
1735373385, 158, 36, 40, 0, 0, 0.17%, 8, 0, 7, 152.74
1735373390, 159, 11, 40, 0, 0, 0.17%, 8, 0, 7, 141.31
1735373396, 159, 17, 40, 0, 0, 0.17%, 8, 0, 7, 140.50
1735373406, 159, 22, 40, 0, 0, 0.17%, 8, 0, 7, 141.78
1735373411, 159, 38, 40, 0, 0, 0.17%, 8, 0, 7, 155.29
1735373416, 160, 11, 40, 0, 0, 0.17%, 8, 0, 7, 135.39
1735373421, 160, 14, 40, 0, 0, 0.17%, 8, 0, 7, 139.48
1735373442, 160, 22, 40, 0, 0, 0.17%, 8, 0, 7, 141.16
1735373452, 160, 29, 40, 0, 0, 0.17%, 8, 0, 7, 142.92
1735373458, 161, 10, 40, 0, 0, 0.17%, 8, 0, 7, 139.54
1735373463, 161, 12, 40, 0, 0, 0.17%, 8, 0, 7, 131.09
1735373468, 161, 22, 40, 0, 0, 0.17%, 8, 0, 7, 136.78
1735373473, 161, 30, 40, 0, 0, 0.17%, 8, 0, 7, 144.03
1735373483, 161, 31, 40, 0, 0, 0.17%, 8, 0, 7, 149.12
1735373488, 162, 10, 40, 0, 0, 0.17%, 8, 0, 7, 133.44
1735373493, 162, 12, 40, 0, 0, 0.17%, 8, 0, 7, 132.94
1735373499, 162, 22, 40, 0, 0, 0.17%, 8, 0, 7, 132.12
1735373504, 162, 27, 40, 0, 0, 0.17%, 8, 0, 7, 133.40
1735373509, 162, 38, 40, 0, 0, 0.17%, 8, 0, 7, 145.13
1735373514, 163, 10, 40, 0, 0, 0.17%, 8, 0, 7, 140.10
1735373519, 163, 12, 40, 0, 0, 0.17%, 8, 0, 7, 136.42
1735373524, 163, 18, 40, 0, 0, 0.17%, 8, 0, 7, 148.95
1735373530, 163, 22, 40, 0, 0, 0.17%, 8, 0, 7, 136.77
1735373535, 164, 11, 40, 0, 0, 0.17%, 8, 0, 7, 136.04
1735373540, 164, 22, 40, 0, 0, 0.17%, 8, 0, 7, 134.61
1735373550, 164, 24, 40, 0, 0, 0.17%, 8, 0, 7, 143.61
1735373555, 165, 11, 40, 0, 0, 0.17%, 8, 0, 7, 141.80
1735373560, 165, 22, 40, 0, 0, 0.17%, 8, 0, 7, 136.90
1735373571, 165, 38, 40, 0, 0, 0.17%, 8, 0, 7, 148.10
1735373576, 166, 10, 40, 0, 0, 0.17%, 8, 0, 7, 141.65
1735373581, 166, 12, 40, 0, 0, 0.17%, 8, 0, 7, 138.13
1735373586, 166, 15, 40, 0, 0, 0.17%, 8, 0, 7, 141.26
1735373591, 166, 22, 40, 0, 0, 0.17%, 8, 0, 7, 142.33
1735373596, 166, 37, 40, 0, 0, 0.17%, 8, 0, 7, 158.38
1735373601, 167, 9, 40, 0, 0, 0.17%, 8, 0, 7, 145.58
1735373607, 167, 11, 40, 0, 0, 0.17%, 8, 0, 7, 138.39
1735373612, 167, 22, 40, 0, 0, 0.17%, 8, 0, 7, 141.32
1735373622, 168, 12, 40, 0, 0, 0.17%, 8, 0, 7, 136.76
1735373627, 168, 22, 40, 0, 0, 0.17%, 8, 0, 7, 141.37
1735373632, 169, 10, 40, 0, 0, 0.17%, 8, 0, 7, 142.92
1735373637, 169, 12, 40, 0, 0, 0.17%, 8, 0, 7, 131.31
1735373643, 169, 22, 40, 0, 0, 0.17%, 8, 0, 7, 146.10
1735373648, 169, 24, 40, 0, 0, 0.17%, 8, 0, 7, 145.62
1735373653, 169, 30, 40, 0, 0, 0.17%, 8, 0, 7, 138.83
1735373663, 170, 11, 40, 0, 0, 0.17%, 8, 0, 7, 134.31
1735373669, 170, 17, 40, 0, 0, 0.17%, 8, 0, 7, 133.98
1735373674, 170, 18, 40, 0, 0, 0.17%, 8, 0, 7, 137.85
1735373679, 170, 22, 40, 0, 0, 0.17%, 8, 0, 7, 134.04
1735373689, 170, 30, 40, 0, 0, 0.17%, 8, 0, 7, 141.62
1735373694, 170, 37, 40, 0, 0, 0.17%, 8, 0, 7, 148.96
1735373700, 171, 11, 40, 0, 0, 0.17%, 8, 0, 7, 137.35
1735373705, 171, 22, 40, 0, 0, 0.17%, 8, 0, 7, 141.65
1735373715, 171, 28, 40, 0, 0, 0.17%, 8, 0, 7, 152.84
1735373720, 171, 32, 40, 0, 0, 0.17%, 8, 0, 7, 142.21
1735373730, 171, 36, 40, 0, 0, 0.17%, 8, 0, 7, 152.08
1735373735, 172, 10, 40, 0, 0, 0.17%, 8, 0, 7, 136.58
1735373741, 172, 12, 40, 0, 0, 0.17%, 8, 0, 7, 133.63
1735373746, 172, 20, 40, 0, 0, 0.17%, 8, 0, 7, 141.56
1735373751, 172, 22, 40, 0, 0, 0.17%, 8, 0, 7, 146.31
1735373756, 172, 24, 40, 0, 0, 0.17%, 8, 0, 7, 148.49
1735373761, 173, 2, 40, 0, 0, 0.17%, 8, 0, 7, 141.98
1735373766, 173, 12, 40, 0, 0, 0.17%, 8, 0, 7, 135.15
1735373771, 173, 16, 40, 0, 0, 0.17%, 8, 0, 7, 137.16
1735373777, 173, 22, 40, 0, 0, 0.17%, 8, 0, 7, 139.90
1735373787, 173, 24, 40, 0, 0, 0.17%, 8, 0, 7, 139.71
1735373792, 173, 39, 40, 0, 0, 0.17%, 8, 0, 7, 147.32
1735373797, 174, 10, 40, 0, 0, 0.17%, 8, 0, 7, 139.58
1735373802, 174, 22, 40, 0, 0, 0.17%, 8, 0, 7, 142.98
1735373812, 175, 11, 40, 0, 0, 0.17%, 8, 0, 7, 134.84
1735373818, 175, 18, 40, 0, 0, 0.17%, 8, 0, 7, 138.57
1735373823, 175, 19, 40, 0, 0, 0.17%, 8, 0, 7, 140.38
1735373828, 175, 22, 40, 0, 0, 0.17%, 8, 0, 7, 137.34
1735373838, 175, 26, 40, 0, 0, 0.17%, 8, 0, 7, 134.50
1735373843, 175, 30, 40, 0, 0, 0.17%, 8, 0, 7, 138.71
1735373854, 176, 10, 40, 0, 0, 0.17%, 8, 0, 7, 135.09
1735373859, 176, 12, 40, 0, 0, 0.17%, 8, 0, 7, 131.42
1735373864, 176, 16, 40, 0, 0, 0.17%, 8, 0, 7, 140.66
1735373869, 176, 22, 40, 0, 0, 0.17%, 8, 0, 7, 149.68
1735373874, 176, 28, 40, 0, 0, 0.17%, 8, 0, 7, 164.76
1735373884, 177, 10, 40, 0, 0, 0.17%, 8, 0, 7, 131.14
1735373890, 177, 12, 40, 0, 0, 0.17%, 8, 0, 7, 135.56
1735373895, 177, 22, 40, 0, 0, 0.17%, 8, 0, 7, 141.59
1735373900, 177, 34, 40, 0, 0, 0.17%, 8, 0, 7, 142.50
1735373931, 178, 10, 40, 0, 0, 0.17%, 8, 0, 7, 132.91
1735373936, 178, 12, 40, 0, 0, 0.17%, 8, 0, 7, 133.02
1735373941, 178, 22, 40, 0, 0, 0.17%, 8, 0, 7, 134.01
1735373946, 178, 31, 40, 0, 0, 0.17%, 8, 0, 7, 156.96
1735373956, 179, 6, 40, 0, 0, 0.17%, 8, 0, 7, 143.36
1735373962, 179, 12, 40, 0, 0, 0.17%, 8, 0, 7, 136.46
1735373967, 179, 22, 40, 0, 0, 0.17%, 8, 0, 7, 143.66
1735373972, 180, 2, 40, 0, 0, 0.17%, 8, 0, 7, 139.36
1735373977, 180, 11, 40, 0, 0, 0.17%, 8, 0, 7, 132.73
1735373982, 180, 22, 40, 0, 0, 0.17%, 8, 0, 7, 141.43
1735373993, 180, 24, 40, 0, 0, 0.17%, 8, 0, 7, 142.62
1735373998, 181, 11, 40, 0, 0, 0.17%, 8, 0, 7, 137.70
1735374003, 181, 22, 40, 0, 0, 0.17%, 8, 0, 7, 137.36
1735374013, 182, 12, 40, 0, 0, 0.17%, 8, 0, 7, 133.00
1735374018, 182, 22, 40, 0, 0, 0.17%, 8, 0, 7, 136.16
1735374024, 183, 3, 40, 0, 0, 0.17%, 8, 0, 7, 145.16
1735374029, 183, 11, 40, 0, 0, 0.17%, 8, 0, 7, 130.22
1735374034, 183, 22, 40, 0, 0, 0.17%, 8, 0, 7, 140.45
1735374044, 183, 24, 40, 0, 0, 0.17%, 8, 0, 7, 145.22
1735374049, 183, 33, 40, 0, 0, 0.17%, 8, 0, 7, 139.56
1735374054, 184, 10, 40, 0, 0, 0.17%, 8, 0, 7, 133.98
1735374060, 184, 22, 40, 0, 0, 0.17%, 8, 0, 7, 137.43
1735374070, 184, 27, 40, 0, 0, 0.17%, 8, 0, 7, 138.11
1735374075, 184, 33, 40, 0, 0, 0.17%, 8, 0, 7, 144.99
1735374080, 185, 11, 40, 0, 0, 0.17%, 8, 0, 7, 135.50
1735374085, 185, 22, 40, 0, 0, 0.17%, 8, 0, 7, 137.07
1735374095, 186, 11, 40, 0, 0, 0.17%, 8, 0, 7, 128.23
1735374101, 186, 16, 40, 0, 0, 0.17%, 8, 0, 7, 141.29
1735374106, 186, 22, 40, 0, 0, 0.17%, 8, 0, 7, 137.27
1735374116, 187, 11, 40, 0, 0, 0.17%, 8, 0, 7, 132.25
1735374121, 187, 16, 40, 0, 0, 0.17%, 8, 0, 7, 138.87
1735374126, 187, 19, 40, 0, 0, 0.17%, 8, 0, 7, 137.68
1735374131, 187, 22, 40, 0, 0, 0.17%, 8, 0, 7, 143.58
1735374141, 187, 23, 40, 0, 0, 0.17%, 8, 0, 7, 139.14
1735374146, 187, 27, 40, 0, 0, 0.17%, 8, 0, 7, 137.15
1735374152, 188, 12, 40, 0, 0, 0.17%, 8, 0, 7, 136.60
1735374157, 188, 22, 40, 0, 0, 0.17%, 8, 0, 7, 134.87
1735374167, 188, 29, 40, 0, 0, 0.17%, 8, 0, 7, 143.29
1735374172, 189, 10, 40, 0, 0, 0.17%, 8, 0, 7, 137.08
1735374177, 189, 12, 40, 0, 0, 0.17%, 8, 0, 7, 134.98
1735374182, 189, 22, 40, 0, 0, 0.17%, 8, 0, 7, 136.89
1735374187, 189, 32, 40, 0, 0, 0.17%, 8, 0, 7, 142.97
1735374198, 190, 11, 40, 0, 0, 0.17%, 8, 0, 7, 134.77
1735374203, 190, 15, 40, 0, 0, 0.17%, 8, 0, 7, 133.04
1735374213, 190, 22, 40, 0, 0, 0.17%, 8, 0, 7, 139.26
1735374218, 190, 26, 40, 0, 0, 0.17%, 8, 0, 7, 135.66
1735374228, 190, 35, 40, 0, 0, 0.17%, 8, 0, 7, 145.27
1735374234, 191, 10, 40, 0, 0, 0.17%, 8, 0, 7, 138.17
1735374239, 191, 22, 40, 0, 0, 0.17%, 8, 0, 7, 137.83
1735374249, 192, 10, 40, 0, 0, 0.17%, 8, 0, 7, 132.91
1735374254, 192, 12, 40, 0, 0, 0.17%, 8, 0, 7, 131.79
1735374259, 192, 22, 40, 0, 0, 0.17%, 8, 0, 7, 146.43
1735374264, 192, 31, 40, 0, 0, 0.17%, 8, 0, 7, 161.59
1735374275, 193, 11, 40, 0, 0, 0.17%, 8, 0, 7, 127.88
1735374280, 193, 22, 40, 0, 0, 0.17%, 8, 0, 7, 135.88
1735374290, 194, 12, 40, 0, 0, 0.17%, 8, 0, 7, 135.65
1735374295, 194, 22, 40, 0, 0, 0.17%, 8, 0, 7, 138.47
1735374306, 194, 34, 40, 0, 0, 0.17%, 8, 0, 7, 138.93
1735374311, 195, 10, 40, 0, 0, 0.17%, 8, 0, 7, 137.26
1735374316, 195, 12, 40, 0, 0, 0.17%, 8, 0, 7, 134.07
1735374321, 195, 22, 40, 0, 0, 0.17%, 8, 0, 7, 142.32
1735374326, 195, 30, 40, 0, 0, 0.17%, 8, 0, 7, 143.09
1735374337, 195, 33, 40, 0, 0, 0.17%, 8, 0, 7, 142.01
1735374342, 196, 7, 40, 0, 0, 0.17%, 8, 0, 7, 136.52
1735374347, 196, 11, 40, 0, 0, 0.17%, 8, 0, 7, 137.40
1735374352, 196, 15, 40, 0, 0, 0.17%, 8, 0, 7, 139.12
1735374357, 196, 22, 40, 0, 0, 0.17%, 8, 0, 7, 134.61
1735374367, 196, 31, 40, 0, 0, 0.17%, 8, 0, 7, 149.04
1735374372, 197, 8, 40, 0, 0, 0.17%, 8, 0, 7, 136.75
1735374378, 197, 10, 40, 0, 0, 0.17%, 8, 0, 7, 133.11
1735374383, 197, 12, 40, 0, 0, 0.17%, 8, 0, 7, 131.60
1735374388, 197, 22, 40, 0, 0, 0.17%, 8, 0, 7, 142.65
1735374393, 198, 5, 40, 0, 0, 0.17%, 8, 0, 7, 140.87
1735374398, 198, 12, 40, 0, 0, 0.17%, 8, 0, 7, 131.61
1735374403, 198, 22, 40, 0, 0, 0.17%, 8, 0, 7, 141.42
1735374408, 198, 23, 40, 0, 0, 0.17%, 8, 0, 7, 146.87
1735374414, 198, 39, 40, 0, 0, 0.17%, 8, 0, 7, 156.64
1735374424, 199, 11, 40, 0, 0, 0.17%, 8, 0, 7, 134.61
1735374429, 199, 22, 40, 0, 0, 0.17%, 8, 0, 7, 140.02
1735374434, 199, 37, 40, 0, 0, 0.17%, 8, 0, 7, 146.36
1735374439, 200, 10, 40, 0, 0, 0.17%, 8, 0, 7, 144.59
1735374444, 200, 12, 40, 0, 0, 0.17%, 8, 0, 7, 136.13
1735374449, 200, 21, 40, 0, 0, 0.17%, 8, 0, 7, 138.10
1735374454, 200, 22, 40, 0, 0, 0.17%, 8, 0, 7, 142.37
1735374460, 200, 24, 40, 0, 0, 0.17%, 8, 0, 7, 147.55
1735374465, 201, 4, 40, 0, 0, 0.17%, 8, 0, 7, 134.95
1735374470, 201, 10, 40, 0, 0, 0.17%, 8, 0, 7, 133.42
1735374475, 201, 12, 40, 0, 0, 0.17%, 8, 0, 7, 133.23
1735374480, 201, 18, 40, 0, 0, 0.17%, 8, 0, 7, 146.55
1735374486, 201, 22, 40, 0, 0, 0.17%, 8, 0, 7, 151.37
1735374491, 202, 11, 40, 0, 0, 0.17%, 8, 0, 7, 142.80
1735374496, 202, 22, 40, 0, 0, 0.17%, 8, 0, 7, 137.66
1735374506, 202, 27, 40, 0, 0, 0.17%, 8, 0, 7, 140.30
1735374511, 203, 10, 40, 0, 0, 0.17%, 8, 0, 7, 135.67
1735374517, 203, 12, 40, 0, 0, 0.17%, 8, 0, 7, 135.18
1735374522, 203, 15, 40, 0, 0, 0.17%, 8, 0, 7, 134.61
1735374527, 203, 16, 40, 0, 0, 0.17%, 8, 0, 7, 135.74
1735374532, 203, 22, 40, 0, 0, 0.17%, 8, 0, 7, 143.17
1735374537, 204, 10, 40, 0, 0, 0.17%, 8, 0, 7, 142.40
1735374542, 204, 12, 40, 0, 0, 0.17%, 8, 0, 7, 139.35
1735374547, 204, 18, 40, 0, 0, 0.17%, 8, 0, 7, 140.98
1735374553, 204, 22, 40, 0, 0, 0.17%, 8, 0, 7, 151.38
1735374558, 204, 31, 40, 0, 0, 0.17%, 8, 0, 7, 155.05
1735374568, 205, 11, 40, 0, 0, 0.17%, 8, 0, 7, 137.14
1735374573, 205, 16, 40, 0, 0, 0.17%, 8, 0, 7, 142.08
1735374578, 205, 22, 40, 0, 0, 0.17%, 8, 0, 7, 136.74
1735374589, 205, 30, 40, 0, 0, 0.17%, 8, 0, 7, 146.53
1735374599, 206, 11, 40, 0, 0, 0.17%, 8, 0, 7, 134.78
1735374604, 206, 22, 40, 0, 0, 0.17%, 8, 0, 7, 139.44
1735374614, 206, 29, 40, 0, 0, 0.17%, 8, 0, 7, 141.94
1735374620, 206, 37, 40, 0, 0, 0.17%, 8, 0, 7, 145.39
1735374625, 207, 10, 40, 0, 0, 0.17%, 8, 0, 7, 130.65
1735374630, 207, 12, 40, 0, 0, 0.17%, 8, 0, 7, 129.83
1735374635, 207, 22, 40, 0, 0, 0.17%, 8, 0, 7, 148.28
1735374640, 208, 10, 40, 0, 0, 0.17%, 8, 0, 7, 139.26
1735374645, 208, 12, 40, 0, 0, 0.17%, 8, 0, 7, 133.44
1735374651, 208, 22, 40, 0, 0, 0.17%, 8, 0, 7, 140.30
1735374656, 209, 10, 40, 0, 0, 0.17%, 8, 0, 7, 143.04
1735374661, 209, 12, 40, 0, 0, 0.17%, 8, 0, 7, 136.02
1735374666, 209, 22, 40, 0, 0, 0.17%, 8, 0, 7, 140.64
1735374671, 210, 10, 40, 0, 0, 0.17%, 8, 0, 7, 135.08
1735374676, 210, 19, 40, 0, 0, 0.17%, 8, 0, 7, 138.47
1735374681, 210, 22, 40, 0, 0, 0.17%, 8, 0, 7, 146.66
1735374691, 211, 11, 40, 0, 0, 0.17%, 8, 0, 7, 133.13
