# unix_time, cycles_done, cur_path, paths_total, pending_total, pending_favs, map_size, unique_crashes, unique_hangs, max_depth, execs_per_sec
1735697966, 0, 0, 10, 10, 1, 0.01%, 0, 0, 1, 83.77
1735697971, 0, 4, 10, 10, 1, 0.01%, 0, 0, 1, 103.99
1735697981, 0, 5, 10, 9, 0, 0.01%, 0, 0, 1, 106.82
1735697986, 0, 6, 10, 8, 0, 0.01%, 0, 0, 1, 102.06
1735697997, 0, 7, 10, 7, 0, 0.01%, 0, 0, 1, 99.46
1735698007, 0, 8, 10, 6, 0, 0.01%, 0, 0, 1, 100.13
1735698017, 0, 9, 10, 5, 0, 0.01%, 0, 0, 1, 98.94
1735698027, 1, 0, 10, 4, 0, 0.01%, 0, 0, 1, 97.20
1735698042, 1, 1, 10, 3, 0, 0.01%, 0, 0, 1, 90.06
1735698052, 1, 2, 10, 2, 0, 0.01%, 0, 0, 1, 94.80
1735698068, 1, 3, 10, 1, 0, 0.01%, 0, 0, 1, 98.25
1735698078, 1, 4, 10, 0, 0, 0.01%, 0, 0, 1, 100.96
1735698083, 1, 6, 10, 0, 0, 0.01%, 0, 0, 1, 99.89
1735698088, 1, 7, 10, 0, 0, 0.01%, 0, 0, 1, 101.34
1735698093, 1, 8, 10, 0, 0, 0.01%, 0, 0, 1, 100.38
1735698098, 2, 0, 10, 0, 0, 0.01%, 0, 0, 1, 101.92
1735698103, 2, 1, 10, 0, 0, 0.01%, 0, 0, 1, 101.95
1735698108, 2, 3, 10, 0, 0, 0.01%, 0, 0, 1, 101.61
1735698113, 2, 4, 10, 0, 0, 0.01%, 0, 0, 1, 102.92
1735698118, 2, 5, 10, 0, 0, 0.01%, 0, 0, 1, 104.86
1735698124, 2, 7, 11, 1, 0, 0.16%, 1, 0, 2, 99.83
1735698129, 2, 10, 13, 3, 1, 0.16%, 2, 0, 3, 130.95
1735698134, 2, 10, 13, 3, 1, 0.16%, 3, 0, 3, 120.77
1735698170, 2, 11, 13, 2, 2, 0.16%, 3, 0, 3, 112.62
1735698216, 2, 12, 13, 1, 1, 0.16%, 3, 0, 3, 125.72
1735698221, 2, 12, 14, 2, 1, 0.17%, 4, 0, 4, 113.59
1735698282, 2, 13, 15, 2, 1, 0.17%, 4, 0, 5, 134.38
1735698293, 2, 13, 17, 4, 1, 0.17%, 4, 0, 5, 130.04
1735698298, 2, 13, 18, 5, 1, 0.17%, 4, 0, 5, 120.41
1735698318, 2, 13, 20, 7, 1, 0.17%, 4, 0, 5, 120.74
1735698323, 2, 13, 21, 8, 1, 0.17%, 4, 0, 5, 121.04
1735698349, 2, 13, 22, 9, 1, 0.17%, 4, 0, 5, 119.61
1735698385, 2, 13, 24, 11, 1, 0.17%, 4, 0, 5, 117.96
1735698421, 2, 13, 25, 12, 1, 0.17%, 4, 0, 5, 120.41
1735698426, 2, 13, 29, 16, 1, 0.17%, 4, 0, 5, 122.90
1735698441, 2, 14, 29, 15, 2, 0.17%, 4, 0, 5, 113.96
1735698477, 2, 14, 30, 16, 2, 0.17%, 4, 0, 6, 123.29
1735698488, 2, 15, 30, 15, 1, 0.17%, 4, 0, 6, 154.74
1735698529, 2, 22, 31, 15, 0, 0.17%, 4, 0, 6, 186.87
1735698575, 2, 28, 31, 14, 0, 0.17%, 4, 0, 6, 164.60
1735698616, 2, 29, 31, 13, 0, 0.17%, 4, 0, 6, 195.10
1735698708, 3, 11, 31, 12, 0, 0.17%, 4, 0, 6, 126.98
1735698718, 3, 12, 31, 12, 0, 0.17%, 4, 0, 6, 123.99
1735698729, 3, 14, 31, 12, 0, 0.17%, 4, 0, 6, 124.50
1735698744, 3, 15, 31, 12, 0, 0.17%, 4, 0, 6, 124.26
1735698759, 3, 17, 31, 12, 0, 0.17%, 4, 0, 6, 141.68
1735698770, 3, 17, 32, 13, 0, 0.17%, 4, 0, 6, 146.20
1735698821, 3, 17, 33, 14, 0, 0.17%, 4, 0, 6, 126.73
1735698831, 3, 21, 33, 13, 0, 0.17%, 4, 0, 6, 186.17
1735698851, 3, 21, 34, 14, 0, 0.17%, 4, 0, 6, 133.95
1735698862, 3, 21, 35, 15, 0, 0.17%, 4, 0, 6, 137.73
1735698924, 3, 21, 36, 16, 0, 0.17%, 4, 0, 6, 137.57
1735698934, 3, 21, 38, 18, 0, 0.17%, 4, 0, 6, 134.35
1735698939, 3, 23, 38, 17, 0, 0.17%, 4, 0, 6, 179.27
1735698990, 3, 24, 38, 16, 0, 0.17%, 4, 0, 6, 180.52
1735699046, 3, 26, 38, 15, 0, 0.17%, 4, 0, 6, 160.07
1735699096, 3, 26, 39, 16, 0, 0.17%, 5, 0, 6, 134.21
1735699107, 3, 34, 39, 15, 0, 0.17%, 5, 0, 6, 192.93
1735699158, 3, 36, 39, 14, 0, 0.17%, 5, 0, 6, 136.70
1735699362, 3, 37, 39, 13, 0, 0.17%, 5, 0, 6, 120.65
1735699535, 3, 38, 39, 12, 0, 0.17%, 5, 0, 6, 209.78
1735699698, 4, 11, 39, 11, 0, 0.17%, 5, 0, 6, 151.46
1735699703, 4, 14, 39, 11, 0, 0.17%, 5, 0, 6, 144.46
1735699714, 4, 15, 39, 11, 0, 0.17%, 5, 0, 6, 146.93
1735699719, 4, 16, 39, 11, 0, 0.17%, 5, 0, 6, 159.20
1735699745, 4, 20, 39, 10, 0, 0.17%, 5, 0, 6, 200.25
1735699780, 4, 24, 39, 9, 0, 0.17%, 5, 0, 6, 159.59
1735699795, 4, 27, 39, 9, 0, 0.17%, 5, 0, 6, 195.29
1735699826, 4, 31, 39, 8, 0, 0.17%, 5, 0, 6, 232.24
1735700076, 4, 32, 39, 7, 0, 0.17%, 5, 0, 6, 202.93
1735700147, 5, 11, 39, 6, 0, 0.17%, 5, 0, 6, 145.57
1735700152, 5, 14, 39, 6, 0, 0.17%, 5, 0, 6, 139.41
1735700162, 5, 16, 39, 6, 0, 0.17%, 5, 0, 6, 141.79
1735700173, 5, 35, 39, 6, 0, 0.17%, 5, 0, 6, 236.96
1735700244, 5, 38, 39, 5, 0, 0.17%, 5, 0, 6, 145.13
1735700254, 6, 7, 39, 5, 0, 0.17%, 5, 0, 6, 143.56
1735700259, 6, 12, 39, 5, 0, 0.17%, 5, 0, 6, 133.79
1735700264, 6, 14, 39, 5, 0, 0.17%, 5, 0, 6, 149.56
1735700269, 6, 16, 39, 5, 0, 0.17%, 5, 0, 6, 142.66
1735700274, 6, 21, 39, 5, 0, 0.17%, 5, 0, 6, 149.52
1735700290, 6, 33, 39, 5, 0, 0.17%, 5, 0, 6, 191.90
1735700341, 7, 14, 39, 4, 0, 0.17%, 5, 0, 6, 150.59
1735700351, 7, 16, 39, 4, 0, 0.17%, 5, 0, 6, 139.50
1735700356, 7, 19, 39, 4, 0, 0.17%, 5, 0, 6, 180.53
1735700397, 7, 30, 39, 3, 0, 0.17%, 5, 0, 6, 196.00
1735700428, 7, 36, 39, 2, 0, 0.17%, 5, 0, 6, 166.35
1735700443, 8, 12, 39, 2, 0, 0.17%, 5, 0, 6, 148.01
1735700448, 8, 13, 39, 2, 0, 0.17%, 5, 0, 6, 148.12
1735700464, 8, 14, 39, 2, 0, 0.17%, 5, 0, 6, 153.92
1735700469, 8, 16, 39, 2, 0, 0.17%, 5, 0, 6, 139.89
1735700474, 8, 28, 39, 2, 0, 0.17%, 5, 0, 6, 144.59
1735700484, 8, 32, 39, 2, 0, 0.17%, 5, 0, 6, 165.08
1735700494, 9, 11, 39, 2, 0, 0.17%, 5, 0, 6, 143.15
1735700499, 9, 13, 39, 2, 0, 0.17%, 5, 0, 6, 135.35
1735700510, 9, 14, 39, 2, 0, 0.17%, 5, 0, 6, 142.41
1735700515, 9, 16, 39, 2, 0, 0.17%, 5, 0, 6, 138.60
1735700520, 10, 10, 39, 2, 0, 0.17%, 5, 0, 6, 136.16
1735700525, 10, 12, 39, 2, 0, 0.17%, 5, 0, 6, 141.53
1735700530, 10, 14, 39, 2, 0, 0.17%, 5, 0, 6, 141.01
1735700535, 10, 16, 39, 2, 0, 0.17%, 5, 0, 6, 138.65
1735700540, 10, 21, 39, 2, 0, 0.17%, 5, 0, 6, 144.88
1735700551, 11, 12, 39, 2, 0, 0.17%, 5, 0, 6, 141.90
1735700556, 11, 14, 39, 2, 0, 0.17%, 5, 0, 6, 138.92
1735700561, 11, 16, 39, 2, 0, 0.17%, 5, 0, 6, 142.81
1735700566, 12, 11, 39, 2, 0, 0.17%, 5, 0, 6, 139.61
1735700571, 12, 14, 39, 2, 0, 0.17%, 5, 0, 6, 144.20
1735700582, 12, 16, 39, 2, 0, 0.17%, 5, 0, 6, 136.89
1735700587, 12, 30, 39, 2, 0, 0.17%, 5, 0, 6, 147.27
1735700597, 13, 12, 39, 2, 0, 0.17%, 5, 0, 6, 144.64
1735700602, 13, 14, 39, 2, 0, 0.17%, 5, 0, 6, 141.39
1735700607, 13, 16, 39, 2, 0, 0.17%, 5, 0, 6, 147.14
1735700613, 13, 18, 39, 2, 0, 0.17%, 5, 0, 6, 160.38
1735700643, 13, 37, 39, 1, 0, 0.17%, 5, 0, 6, 165.31
1735700654, 14, 4, 39, 1, 0, 0.17%, 5, 0, 6, 144.46
1735700659, 14, 11, 39, 1, 0, 0.17%, 5, 0, 6, 139.54
1735700664, 14, 14, 39, 1, 0, 0.17%, 5, 0, 6, 142.63
1735700674, 14, 16, 39, 1, 0, 0.17%, 5, 0, 6, 139.57
1735700679, 14, 25, 39, 1, 0, 0.17%, 5, 0, 6, 206.00
1735700710, 14, 27, 39, 0, 0, 0.17%, 5, 0, 6, 147.47
1735700720, 15, 11, 39, 0, 0, 0.17%, 5, 0, 6, 148.15
1735700725, 15, 14, 39, 0, 0, 0.17%, 5, 0, 6, 143.56
1735700736, 15, 16, 39, 0, 0, 0.17%, 5, 0, 6, 133.91
1735700741, 15, 29, 39, 0, 0, 0.17%, 5, 0, 6, 159.65
1735700751, 16, 11, 39, 0, 0, 0.17%, 5, 0, 6, 138.53
1735700756, 16, 14, 39, 0, 0, 0.17%, 5, 0, 6, 143.13
1735700767, 16, 16, 39, 0, 0, 0.17%, 5, 0, 6, 137.18
1735700772, 16, 31, 39, 0, 0, 0.17%, 5, 0, 6, 170.78
1735700787, 17, 12, 39, 0, 0, 0.17%, 5, 0, 6, 135.83
1735700792, 17, 14, 39, 0, 0, 0.17%, 5, 0, 6, 137.93
1735700798, 17, 16, 39, 0, 0, 0.17%, 5, 0, 6, 138.70
1735700808, 17, 23, 39, 0, 0, 0.17%, 5, 0, 6, 156.14
1735700818, 18, 3, 39, 0, 0, 0.17%, 5, 0, 6, 144.06
1735700823, 18, 12, 39, 0, 0, 0.17%, 5, 0, 6, 137.29
1735700828, 18, 14, 39, 0, 0, 0.17%, 5, 0, 6, 143.81
1735700833, 18, 16, 39, 0, 0, 0.17%, 5, 0, 6, 144.64
1735700838, 18, 17, 39, 0, 0, 0.17%, 5, 0, 6, 137.06
1735700854, 18, 32, 39, 0, 0, 0.17%, 5, 0, 6, 145.15
1735700864, 19, 9, 39, 0, 0, 0.17%, 5, 0, 6, 134.93
1735700869, 19, 12, 39, 0, 0, 0.17%, 5, 0, 6, 137.38
1735700874, 19, 14, 39, 0, 0, 0.17%, 5, 0, 6, 145.25
1735700879, 19, 16, 39, 0, 0, 0.17%, 5, 0, 6, 138.38
1735700885, 19, 26, 39, 0, 0, 0.17%, 5, 0, 6, 142.65
1735700895, 20, 11, 39, 0, 0, 0.17%, 5, 0, 6, 138.08
1735700900, 20, 14, 39, 0, 0, 0.17%, 5, 0, 6, 136.88
1735700910, 20, 16, 39, 0, 0, 0.17%, 5, 0, 6, 141.06
1735700916, 20, 17, 39, 0, 0, 0.17%, 5, 0, 6, 137.73
1735700921, 21, 11, 39, 0, 0, 0.17%, 5, 0, 6, 135.35
1735700926, 21, 14, 39, 0, 0, 0.17%, 5, 0, 6, 145.44
1735700936, 21, 16, 39, 0, 0, 0.17%, 5, 0, 6, 134.67
1735700941, 21, 18, 39, 0, 0, 0.17%, 5, 0, 6, 141.82
1735700952, 22, 12, 39, 0, 0, 0.17%, 5, 0, 6, 137.65
1735700957, 22, 14, 39, 0, 0, 0.17%, 5, 0, 6, 136.48
1735700962, 22, 16, 39, 0, 0, 0.17%, 5, 0, 6, 136.78
1735700967, 22, 20, 39, 0, 0, 0.17%, 5, 0, 6, 139.17
1735700982, 22, 34, 39, 0, 0, 0.17%, 5, 0, 6, 139.55
1735700998, 23, 8, 39, 0, 0, 0.17%, 5, 0, 6, 138.39
1735701003, 23, 12, 39, 0, 0, 0.17%, 5, 0, 6, 135.68
1735701008, 23, 14, 39, 0, 0, 0.17%, 5, 0, 6, 142.35
1735701013, 23, 16, 39, 0, 0, 0.17%, 5, 0, 6, 134.39
1735701018, 24, 11, 39, 0, 0, 0.17%, 5, 0, 6, 142.59
1735701024, 24, 14, 39, 0, 0, 0.17%, 5, 0, 6, 138.32
1735701034, 24, 16, 39, 0, 0, 0.17%, 5, 0, 6, 147.54
1735701039, 24, 29, 39, 0, 0, 0.17%, 5, 0, 6, 146.50
1735701044, 24, 35, 39, 0, 0, 0.17%, 5, 0, 6, 167.82
1735701059, 25, 12, 39, 0, 0, 0.17%, 5, 0, 6, 141.19
1735701065, 25, 14, 39, 0, 0, 0.17%, 5, 0, 6, 143.52
1735701070, 25, 16, 39, 0, 0, 0.17%, 5, 0, 6, 142.15
1735701075, 25, 17, 39, 0, 0, 0.17%, 5, 0, 6, 145.45
1735701080, 25, 29, 39, 0, 0, 0.17%, 5, 0, 6, 148.24
1735701085, 25, 33, 39, 0, 0, 0.17%, 5, 0, 6, 139.63
1735701101, 25, 38, 39, 0, 0, 0.17%, 5, 0, 6, 148.51
1735701111, 26, 1, 39, 0, 0, 0.17%, 5, 0, 6, 138.04
1735701116, 26, 9, 39, 0, 0, 0.17%, 5, 0, 6, 136.93
1735701121, 26, 12, 39, 0, 0, 0.17%, 5, 0, 6, 143.60
1735701127, 26, 14, 39, 0, 0, 0.17%, 5, 0, 6, 139.35
1735701132, 26, 16, 39, 0, 0, 0.17%, 5, 0, 6, 137.83
1735701137, 27, 6, 39, 0, 0, 0.17%, 5, 0, 6, 135.16
1735701142, 27, 12, 39, 0, 0, 0.17%, 5, 0, 6, 135.57
1735701147, 27, 14, 39, 0, 0, 0.17%, 5, 0, 6, 136.04
1735701152, 27, 16, 39, 0, 0, 0.17%, 5, 0, 6, 141.55
1735701157, 28, 11, 39, 0, 0, 0.17%, 5, 0, 6, 131.07
1735701163, 28, 14, 39, 0, 0, 0.17%, 5, 0, 6, 144.09
1735701173, 28, 16, 39, 0, 0, 0.17%, 5, 0, 6, 142.97
1735701178, 29, 12, 39, 0, 0, 0.17%, 5, 0, 6, 139.73
1735701183, 29, 14, 39, 0, 0, 0.17%, 5, 0, 6, 135.17
1735701188, 29, 16, 39, 0, 0, 0.17%, 5, 0, 6, 132.16
1735701194, 29, 32, 39, 0, 0, 0.17%, 5, 0, 6, 149.77
1735701199, 29, 38, 39, 0, 0, 0.17%, 5, 0, 6, 155.72
1735701204, 30, 11, 39, 0, 0, 0.17%, 5, 0, 6, 141.66
1735701209, 30, 14, 39, 0, 0, 0.17%, 5, 0, 6, 137.22
1735701219, 30, 16, 39, 0, 0, 0.17%, 5, 0, 6, 136.83
1735701224, 31, 11, 39, 0, 0, 0.17%, 5, 0, 6, 135.44
1735701229, 31, 14, 39, 0, 0, 0.17%, 5, 0, 6, 136.93
1735701240, 31, 16, 39, 0, 0, 0.17%, 5, 0, 6, 139.79
1735701245, 32, 12, 39, 0, 0, 0.17%, 5, 0, 6, 140.14
1735701250, 32, 14, 39, 0, 0, 0.17%, 5, 0, 6, 140.01
1735701255, 32, 16, 39, 0, 0, 0.17%, 5, 0, 6, 138.90
1735701260, 33, 3, 39, 0, 0, 0.17%, 5, 0, 6, 139.17
1735701265, 33, 12, 39, 0, 0, 0.17%, 5, 0, 6, 137.82
1735701271, 33, 14, 39, 0, 0, 0.17%, 5, 0, 6, 138.78
1735701276, 33, 16, 39, 0, 0, 0.17%, 5, 0, 6, 132.08
1735701281, 34, 11, 39, 0, 0, 0.17%, 5, 0, 6, 135.44
1735701286, 34, 14, 39, 0, 0, 0.17%, 5, 0, 6, 140.87
1735701296, 34, 16, 39, 0, 0, 0.17%, 5, 0, 6, 146.95
1735701301, 34, 38, 39, 0, 0, 0.17%, 5, 0, 6, 147.37
1735701306, 35, 12, 39, 0, 0, 0.17%, 5, 0, 6, 135.76
1735701312, 35, 14, 39, 0, 0, 0.17%, 5, 0, 6, 143.15
1735701317, 35, 16, 39, 0, 0, 0.17%, 5, 0, 6, 143.85
1735701322, 36, 0, 39, 0, 0, 0.17%, 5, 0, 6, 141.12
1735701327, 36, 12, 39, 0, 0, 0.17%, 5, 0, 6, 143.62
1735701332, 36, 14, 39, 0, 0, 0.17%, 5, 0, 6, 148.22
1735701337, 36, 16, 39, 0, 0, 0.17%, 5, 0, 6, 148.09
1735701342, 36, 20, 39, 0, 0, 0.17%, 5, 0, 6, 145.16
1735701353, 37, 12, 39, 0, 0, 0.17%, 5, 0, 6, 136.36
1735701358, 37, 14, 39, 0, 0, 0.17%, 5, 0, 6, 135.76
1735701363, 37, 16, 39, 0, 0, 0.17%, 5, 0, 6, 132.68
1735701368, 37, 22, 39, 0, 0, 0.17%, 5, 0, 6, 139.13
1735701379, 37, 27, 39, 0, 0, 0.17%, 5, 0, 6, 152.23
1735701384, 38, 11, 39, 0, 0, 0.17%, 5, 0, 6, 147.63
1735701389, 38, 12, 39, 0, 0, 0.17%, 5, 0, 6, 137.16
1735701394, 38, 14, 39, 0, 0, 0.17%, 5, 0, 6, 134.41
1735701399, 38, 16, 39, 0, 0, 0.17%, 5, 0, 6, 131.52
1735701404, 38, 26, 39, 0, 0, 0.17%, 5, 0, 6, 140.68
1735701409, 39, 11, 39, 0, 0, 0.17%, 5, 0, 6, 135.88
1735701415, 39, 14, 39, 0, 0, 0.17%, 5, 0, 6, 137.54
1735701425, 39, 16, 39, 0, 0, 0.17%, 5, 0, 6, 138.97
1735701430, 40, 12, 39, 0, 0, 0.17%, 5, 0, 6, 134.74
1735701435, 40, 14, 39, 0, 0, 0.17%, 5, 0, 6, 144.14
1735701440, 40, 16, 39, 0, 0, 0.17%, 5, 0, 6, 138.92
1735701446, 41, 11, 39, 0, 0, 0.17%, 5, 0, 6, 137.77
1735701451, 41, 14, 39, 0, 0, 0.17%, 5, 0, 6, 141.98
1735701461, 41, 16, 39, 0, 0, 0.17%, 5, 0, 6, 142.88
1735701466, 42, 12, 39, 0, 0, 0.17%, 5, 0, 6, 139.61
1735701471, 42, 14, 39, 0, 0, 0.17%, 5, 0, 6, 144.01
1735701477, 42, 16, 39, 0, 0, 0.17%, 5, 0, 6, 134.99
1735701482, 43, 4, 39, 0, 0, 0.17%, 5, 0, 6, 134.78
1735701487, 43, 11, 39, 0, 0, 0.17%, 5, 0, 6, 144.19
1735701492, 43, 14, 39, 0, 0, 0.17%, 5, 0, 6, 138.64
1735701502, 43, 16, 39, 0, 0, 0.17%, 5, 0, 6, 143.55
1735701507, 44, 12, 39, 0, 0, 0.17%, 5, 0, 6, 135.98
1735701512, 44, 13, 39, 0, 0, 0.17%, 5, 0, 6, 145.40
1735701517, 44, 14, 39, 0, 0, 0.17%, 5, 0, 6, 137.01
1735701528, 44, 16, 39, 0, 0, 0.17%, 5, 0, 6, 136.24
1735701533, 44, 31, 39, 0, 0, 0.17%, 5, 0, 6, 162.80
1735701543, 45, 8, 39, 0, 0, 0.17%, 5, 0, 6, 133.50
1735701548, 45, 11, 39, 0, 0, 0.17%, 5, 0, 6, 133.41
1735701553, 45, 14, 39, 0, 0, 0.17%, 5, 0, 6, 138.93
1735701564, 45, 16, 39, 0, 0, 0.17%, 5, 0, 6, 140.58
1735701569, 45, 17, 39, 0, 0, 0.17%, 5, 0, 6, 140.63
1735701574, 46, 11, 39, 0, 0, 0.17%, 5, 0, 6, 140.31
1735701579, 46, 14, 39, 0, 0, 0.17%, 5, 0, 6, 138.75
1735701590, 46, 16, 39, 0, 0, 0.17%, 5, 0, 6, 140.13
1735701595, 46, 38, 39, 0, 0, 0.17%, 5, 0, 6, 141.48
1735701600, 47, 12, 39, 0, 0, 0.17%, 5, 0, 6, 141.21
1735701605, 47, 14, 39, 0, 0, 0.17%, 5, 0, 6, 140.09
1735701610, 47, 16, 39, 0, 0, 0.17%, 5, 0, 6, 140.45
1735701615, 48, 11, 39, 0, 0, 0.17%, 5, 0, 6, 138.38
1735701621, 48, 14, 39, 0, 0, 0.17%, 5, 0, 6, 143.72
1735701631, 48, 16, 39, 0, 0, 0.17%, 5, 0, 6, 139.34
1735701636, 48, 18, 39, 0, 0, 0.17%, 5, 0, 6, 137.16
1735701641, 48, 31, 39, 0, 0, 0.17%, 5, 0, 6, 143.38
1735701646, 48, 37, 39, 0, 0, 0.17%, 5, 0, 6, 165.38
1735701662, 49, 12, 39, 0, 0, 0.17%, 5, 0, 6, 140.51
1735701667, 49, 14, 39, 0, 0, 0.17%, 5, 0, 6, 141.21
1735701672, 49, 16, 39, 0, 0, 0.17%, 5, 0, 6, 140.39
1735701677, 49, 24, 39, 0, 0, 0.17%, 5, 0, 6, 149.63
1735701687, 50, 12, 39, 0, 0, 0.17%, 5, 0, 6, 135.97
1735701692, 50, 14, 39, 0, 0, 0.17%, 5, 0, 6, 143.31
1735701697, 50, 15, 39, 0, 0, 0.17%, 5, 0, 6, 147.65
1735701703, 50, 16, 39, 0, 0, 0.17%, 5, 0, 6, 139.12
1735701708, 51, 0, 39, 0, 0, 0.17%, 5, 0, 6, 136.85
1735701713, 51, 12, 39, 0, 0, 0.17%, 5, 0, 6, 141.79
1735701718, 51, 14, 39, 0, 0, 0.17%, 5, 0, 6, 137.94
1735701723, 51, 16, 39, 0, 0, 0.17%, 5, 0, 6, 140.84
1735701728, 51, 18, 39, 0, 0, 0.17%, 5, 0, 6, 144.17
1735701734, 51, 28, 39, 0, 0, 0.17%, 5, 0, 6, 143.95
1735701739, 52, 12, 39, 0, 0, 0.17%, 5, 0, 6, 133.14
1735701744, 52, 14, 39, 0, 0, 0.17%, 5, 0, 6, 141.24
1735701749, 52, 16, 39, 0, 0, 0.17%, 5, 0, 6, 132.34
1735701754, 52, 26, 39, 0, 0, 0.17%, 5, 0, 6, 135.35
1735701765, 52, 35, 39, 0, 0, 0.17%, 5, 0, 6, 163.09
1735701775, 53, 11, 39, 0, 0, 0.17%, 5, 0, 6, 141.67
1735701780, 53, 13, 39, 0, 0, 0.17%, 5, 0, 6, 139.54
1735701790, 53, 14, 39, 0, 0, 0.17%, 5, 0, 6, 145.49
1735701795, 53, 16, 39, 0, 0, 0.17%, 5, 0, 6, 136.04
1735701801, 53, 20, 39, 0, 0, 0.17%, 5, 0, 6, 147.61
1735701811, 53, 22, 39, 0, 0, 0.17%, 5, 0, 6, 143.08
1735701816, 53, 33, 39, 0, 0, 0.17%, 5, 0, 6, 156.85
1735701826, 54, 3, 39, 0, 0, 0.17%, 5, 0, 6, 137.23
1735701832, 54, 12, 39, 0, 0, 0.17%, 5, 0, 6, 135.50
1735701837, 54, 14, 39, 0, 0, 0.17%, 5, 0, 6, 134.72
1735701842, 54, 16, 39, 0, 0, 0.17%, 5, 0, 6, 136.23
1735701847, 54, 20, 39, 0, 0, 0.17%, 5, 0, 6, 147.26
1735701857, 54, 27, 39, 0, 0, 0.17%, 5, 0, 6, 141.84
1735701862, 55, 11, 39, 0, 0, 0.17%, 5, 0, 6, 137.64
1735701868, 55, 13, 39, 0, 0, 0.17%, 5, 0, 6, 138.24
1735701878, 55, 14, 39, 0, 0, 0.17%, 5, 0, 6, 143.82
1735701883, 55, 16, 39, 0, 0, 0.17%, 5, 0, 6, 136.01
1735701888, 55, 22, 39, 0, 0, 0.17%, 5, 0, 6, 149.57
1735701893, 55, 38, 39, 0, 0, 0.17%, 5, 0, 6, 154.41
1735701899, 56, 12, 39, 0, 0, 0.17%, 5, 0, 6, 146.08
1735701904, 56, 14, 39, 0, 0, 0.17%, 5, 0, 6, 139.65
1735701914, 56, 34, 39, 0, 0, 0.17%, 5, 0, 6, 141.68
1735701929, 57, 11, 39, 0, 0, 0.17%, 5, 0, 6, 146.15
1735701935, 57, 14, 39, 0, 0, 0.17%, 5, 0, 6, 143.78
1735701945, 57, 16, 39, 0, 0, 0.17%, 5, 0, 6, 141.26
1735701950, 57, 26, 39, 0, 0, 0.17%, 5, 0, 6, 140.11
1735701955, 58, 6, 39, 0, 0, 0.17%, 5, 0, 6, 139.20
1735701960, 58, 13, 39, 0, 0, 0.17%, 5, 0, 6, 141.51
1735701971, 58, 14, 39, 0, 0, 0.17%, 5, 0, 6, 143.54
1735701976, 58, 16, 39, 0, 0, 0.17%, 5, 0, 6, 146.31
1735701981, 59, 11, 39, 0, 0, 0.17%, 5, 0, 6, 141.40
1735701986, 59, 14, 39, 0, 0, 0.17%, 5, 0, 6, 142.55
1735701996, 59, 16, 39, 0, 0, 0.17%, 5, 0, 6, 133.27
1735702001, 59, 38, 39, 0, 0, 0.17%, 5, 0, 6, 145.56
1735702007, 60, 12, 39, 0, 0, 0.17%, 5, 0, 6, 140.30
1735702012, 60, 14, 39, 0, 0, 0.17%, 5, 0, 6, 145.22
1735702017, 60, 16, 39, 0, 0, 0.17%, 5, 0, 6, 133.00
1735702022, 61, 1, 39, 0, 0, 0.17%, 5, 0, 6, 137.44
1735702027, 61, 12, 39, 0, 0, 0.17%, 5, 0, 6, 137.56
1735702032, 61, 14, 39, 0, 0, 0.17%, 5, 0, 6, 142.72
1735702038, 61, 16, 39, 0, 0, 0.17%, 5, 0, 6, 138.02
1735702043, 62, 11, 39, 0, 0, 0.17%, 5, 0, 6, 137.59
1735702048, 62, 14, 39, 0, 0, 0.17%, 5, 0, 6, 139.31
1735702058, 62, 16, 39, 0, 0, 0.17%, 5, 0, 6, 137.64
1735702063, 63, 11, 39, 0, 0, 0.17%, 5, 0, 6, 145.67
1735702068, 63, 14, 39, 0, 0, 0.17%, 5, 0, 6, 138.48
1735702079, 63, 15, 39, 0, 0, 0.17%, 5, 0, 6, 144.54
1735702084, 63, 16, 39, 0, 0, 0.17%, 5, 0, 6, 138.18
1735702089, 64, 12, 39, 0, 0, 0.17%, 5, 0, 6, 138.41
1735702094, 64, 14, 39, 0, 0, 0.17%, 5, 0, 6, 144.94
1735702100, 64, 16, 39, 0, 0, 0.17%, 5, 0, 6, 140.59
1735702105, 64, 34, 39, 0, 0, 0.17%, 5, 0, 6, 137.26
1735702115, 65, 11, 39, 0, 0, 0.17%, 5, 0, 6, 143.92
1735702120, 65, 13, 39, 0, 0, 0.17%, 5, 0, 6, 136.62
1735702131, 65, 14, 39, 0, 0, 0.17%, 5, 0, 6, 140.17
1735702136, 65, 16, 39, 0, 0, 0.17%, 5, 0, 6, 138.03
1735702141, 65, 32, 39, 0, 0, 0.17%, 5, 0, 6, 161.20
1735702146, 66, 11, 39, 0, 0, 0.17%, 5, 0, 6, 143.12
1735702151, 66, 14, 39, 0, 0, 0.17%, 5, 0, 6, 141.90
1735702161, 66, 16, 39, 0, 0, 0.17%, 5, 0, 6, 142.40
1735702166, 67, 12, 39, 0, 0, 0.17%, 5, 0, 6, 130.64
1735702172, 67, 14, 39, 0, 0, 0.17%, 5, 0, 6, 137.10
1735702177, 67, 15, 39, 0, 0, 0.17%, 5, 0, 6, 140.04
1735702182, 67, 16, 39, 0, 0, 0.17%, 5, 0, 6, 134.49
1735702187, 68, 11, 39, 0, 0, 0.17%, 5, 0, 6, 135.34
1735702192, 68, 14, 39, 0, 0, 0.17%, 5, 0, 6, 136.75
1735702203, 68, 16, 39, 0, 0, 0.17%, 5, 0, 6, 133.82
1735702208, 69, 12, 39, 0, 0, 0.17%, 5, 0, 6, 139.05
1735702213, 69, 14, 39, 0, 0, 0.17%, 5, 0, 6, 136.91
1735702223, 69, 16, 39, 0, 0, 0.17%, 5, 0, 6, 137.41
1735702228, 70, 12, 39, 0, 0, 0.17%, 5, 0, 6, 136.46
1735702234, 70, 14, 39, 0, 0, 0.17%, 5, 0, 6, 147.27
1735702239, 70, 16, 39, 0, 0, 0.17%, 5, 0, 6, 142.90
1735702244, 70, 30, 39, 0, 0, 0.17%, 5, 0, 6, 144.49
1735702249, 71, 12, 39, 0, 0, 0.17%, 5, 0, 6, 139.84
1735702254, 71, 14, 39, 0, 0, 0.17%, 5, 0, 6, 140.28
1735702259, 71, 16, 39, 0, 0, 0.17%, 5, 0, 6, 137.51
1735702264, 71, 36, 39, 0, 0, 0.17%, 5, 0, 6, 142.54
1735702280, 71, 37, 39, 0, 0, 0.17%, 5, 0, 6, 158.47
1735702290, 72, 12, 39, 0, 0, 0.17%, 5, 0, 6, 137.61
1735702295, 72, 14, 39, 0, 0, 0.17%, 5, 0, 6, 137.16
1735702300, 72, 16, 39, 0, 0, 0.17%, 5, 0, 6, 149.41
1735702305, 73, 1, 39, 0, 0, 0.17%, 5, 0, 6, 140.37
1735702310, 73, 11, 39, 0, 0, 0.17%, 5, 0, 6, 137.46
1735702316, 73, 14, 39, 0, 0, 0.17%, 5, 0, 6, 147.32
1735702326, 73, 16, 39, 0, 0, 0.17%, 5, 0, 6, 142.53
1735702331, 73, 25, 39, 0, 0, 0.17%, 5, 0, 6, 149.63
1735702341, 73, 30, 39, 0, 0, 0.17%, 5, 0, 6, 148.20
1735702347, 74, 12, 39, 0, 0, 0.17%, 5, 0, 6, 137.94
1735702352, 74, 14, 39, 0, 0, 0.17%, 5, 0, 6, 140.34
1735702357, 74, 16, 39, 0, 0, 0.17%, 5, 0, 6, 136.92
1735702362, 74, 36, 39, 0, 0, 0.17%, 5, 0, 6, 150.12
1735702372, 75, 11, 39, 0, 0, 0.17%, 5, 0, 6, 137.23
1735702377, 75, 14, 39, 0, 0, 0.17%, 5, 0, 6, 142.18
1735702388, 75, 16, 39, 0, 0, 0.17%, 5, 0, 6, 135.41
1735702393, 75, 30, 39, 0, 0, 0.17%, 5, 0, 6, 147.02
1735702398, 76, 12, 39, 0, 0, 0.17%, 5, 0, 6, 141.07
1735702403, 76, 14, 39, 0, 0, 0.17%, 5, 0, 6, 141.13
1735702413, 76, 16, 39, 0, 0, 0.17%, 5, 0, 6, 142.72
1735702419, 77, 14, 39, 0, 0, 0.17%, 5, 0, 6, 148.53
1735702429, 77, 16, 39, 0, 0, 0.17%, 5, 0, 6, 143.13
1735702434, 77, 25, 39, 0, 0, 0.17%, 5, 0, 6, 142.49
1735702439, 78, 4, 39, 0, 0, 0.17%, 5, 0, 6, 140.29
1735702444, 78, 12, 39, 0, 0, 0.17%, 5, 0, 6, 135.40
1735702449, 78, 14, 39, 0, 0, 0.17%, 5, 0, 6, 141.05
1735702455, 78, 16, 39, 0, 0, 0.17%, 5, 0, 6, 134.70
1735702460, 78, 23, 39, 0, 0, 0.17%, 5, 0, 6, 153.57
1735702470, 79, 12, 39, 0, 0, 0.17%, 5, 0, 6, 138.05
1735702475, 79, 14, 39, 0, 0, 0.17%, 5, 0, 6, 138.58
1735702480, 79, 16, 39, 0, 0, 0.17%, 5, 0, 6, 133.87
1735702486, 80, 8, 39, 0, 0, 0.17%, 5, 0, 6, 137.14
1735702491, 80, 12, 39, 0, 0, 0.17%, 5, 0, 6, 134.65
1735702496, 80, 14, 39, 0, 0, 0.17%, 5, 0, 6, 137.60
1735702501, 80, 16, 39, 0, 0, 0.17%, 5, 0, 6, 136.31
1735702511, 80, 23, 39, 0, 0, 0.17%, 5, 0, 6, 148.88
1735702516, 80, 31, 39, 0, 0, 0.17%, 5, 0, 6, 157.12
1735702521, 81, 11, 39, 0, 0, 0.17%, 5, 0, 6, 138.48
1735702526, 81, 14, 39, 0, 0, 0.17%, 5, 0, 6, 141.87
1735702537, 81, 16, 39, 0, 0, 0.17%, 5, 0, 6, 131.52
1735702542, 81, 36, 39, 0, 0, 0.17%, 5, 0, 6, 156.39
1735702547, 82, 11, 39, 0, 0, 0.17%, 5, 0, 6, 146.46
1735702552, 82, 14, 39, 0, 0, 0.17%, 5, 0, 6, 139.53
1735702557, 82, 16, 39, 0, 0, 0.17%, 5, 0, 6, 146.91
1735702562, 82, 19, 39, 0, 0, 0.17%, 5, 0, 6, 143.12
1735702578, 83, 3, 39, 0, 0, 0.17%, 5, 0, 6, 137.26
1735702583, 83, 12, 39, 0, 0, 0.17%, 5, 0, 6, 133.05
1735702588, 83, 14, 39, 0, 0, 0.17%, 5, 0, 6, 142.74
1735702593, 83, 16, 39, 0, 0, 0.17%, 5, 0, 6, 137.58
1735702598, 84, 11, 39, 0, 0, 0.17%, 5, 0, 6, 144.96
1735702603, 84, 14, 39, 0, 0, 0.17%, 5, 0, 6, 141.22
1735702614, 84, 16, 39, 0, 0, 0.17%, 5, 0, 6, 142.99
1735702619, 85, 6, 39, 0, 0, 0.17%, 5, 0, 6, 135.58
1735702624, 85, 12, 39, 0, 0, 0.17%, 5, 0, 6, 142.67
1735702629, 85, 14, 39, 0, 0, 0.17%, 5, 0, 6, 146.64
1735702634, 85, 15, 39, 0, 0, 0.17%, 5, 0, 6, 143.47
1735702639, 85, 16, 39, 0, 0, 0.17%, 5, 0, 6, 133.84
1735702645, 85, 27, 39, 0, 0, 0.17%, 5, 0, 6, 137.93
1735702650, 86, 11, 39, 0, 0, 0.17%, 5, 0, 6, 133.51
1735702655, 86, 14, 39, 0, 0, 0.17%, 5, 0, 6, 137.19
1735702665, 86, 16, 39, 0, 0, 0.17%, 5, 0, 6, 134.24
1735702671, 87, 12, 39, 0, 0, 0.17%, 5, 0, 6, 138.66
1735702676, 87, 14, 39, 0, 0, 0.17%, 5, 0, 6, 143.03
1735702681, 87, 16, 39, 0, 0, 0.17%, 5, 0, 6, 136.68
1735702686, 88, 3, 39, 0, 0, 0.17%, 5, 0, 6, 137.18
1735702691, 88, 11, 39, 0, 0, 0.17%, 5, 0, 6, 138.47
1735702696, 88, 14, 39, 0, 0, 0.17%, 5, 0, 6, 141.52
1735702706, 88, 16, 39, 0, 0, 0.17%, 5, 0, 6, 144.63
1735702712, 89, 12, 39, 0, 0, 0.17%, 5, 0, 6, 137.72
1735702717, 89, 14, 39, 0, 0, 0.17%, 5, 0, 6, 145.08
1735702722, 89, 16, 39, 0, 0, 0.17%, 5, 0, 6, 149.05
1735702727, 89, 37, 39, 0, 0, 0.17%, 5, 0, 6, 165.09
1735702737, 90, 12, 39, 0, 0, 0.17%, 5, 0, 6, 140.77
1735702742, 90, 14, 39, 0, 0, 0.17%, 5, 0, 6, 141.91
1735702747, 90, 16, 39, 0, 0, 0.17%, 5, 0, 6, 143.46
1735702753, 91, 11, 39, 0, 0, 0.17%, 5, 0, 6, 138.01
1735702758, 91, 14, 39, 0, 0, 0.17%, 5, 0, 6, 136.54
1735702768, 91, 16, 39, 0, 0, 0.17%, 5, 0, 6, 140.21
1735702773, 91, 37, 39, 0, 0, 0.17%, 5, 0, 6, 157.21
1735702778, 92, 5, 39, 0, 0, 0.17%, 5, 0, 6, 146.70
1735702783, 92, 12, 39, 0, 0, 0.17%, 5, 0, 6, 139.31
1735702788, 92, 14, 39, 0, 0, 0.17%, 5, 0, 6, 135.73
1735702794, 92, 16, 39, 0, 0, 0.17%, 5, 0, 6, 137.13
1735702799, 92, 37, 39, 0, 0, 0.17%, 5, 0, 6, 150.75
1735702809, 93, 12, 39, 0, 0, 0.17%, 5, 0, 6, 140.17
1735702814, 93, 14, 39, 0, 0, 0.17%, 5, 0, 6, 141.63
1735702819, 93, 15, 39, 0, 0, 0.17%, 5, 0, 6, 140.87
1735702825, 93, 16, 39, 0, 0, 0.17%, 5, 0, 6, 133.55
1735702830, 94, 11, 39, 0, 0, 0.17%, 5, 0, 6, 134.61
1735702835, 94, 14, 39, 0, 0, 0.17%, 5, 0, 6, 140.26
1735702845, 94, 16, 39, 0, 0, 0.17%, 5, 0, 6, 139.75
1735702850, 94, 21, 39, 0, 0, 0.17%, 5, 0, 6, 142.62
1735702855, 95, 9, 39, 0, 0, 0.17%, 5, 0, 6, 151.10
1735702860, 95, 12, 39, 0, 0, 0.17%, 5, 0, 6, 144.43
1735702866, 95, 14, 39, 0, 0, 0.17%, 5, 0, 6, 146.79
1735702871, 95, 16, 39, 0, 0, 0.17%, 5, 0, 6, 134.17
1735702876, 95, 25, 39, 0, 0, 0.17%, 5, 0, 6, 145.44
1735702881, 96, 12, 39, 0, 0, 0.17%, 5, 0, 6, 142.00
1735702886, 96, 14, 39, 0, 0, 0.17%, 5, 0, 6, 140.64
1735702891, 96, 16, 39, 0, 0, 0.17%, 5, 0, 6, 140.75
1735702896, 96, 18, 39, 0, 0, 0.17%, 5, 0, 6, 148.76
1735702901, 97, 6, 39, 0, 0, 0.17%, 5, 0, 6, 148.05
1735702907, 97, 12, 39, 0, 0, 0.17%, 5, 0, 6, 139.17
1735702912, 97, 14, 39, 0, 0, 0.17%, 5, 0, 6, 143.55
1735702917, 97, 16, 39, 0, 0, 0.17%, 5, 0, 6, 138.22
1735702922, 97, 19, 39, 0, 0, 0.17%, 5, 0, 6, 138.51
1735702933, 97, 35, 39, 0, 0, 0.17%, 5, 0, 6, 154.14
1735702938, 98, 4, 39, 0, 0, 0.17%, 5, 0, 6, 144.88
1735702943, 98, 12, 39, 0, 0, 0.17%, 5, 0, 6, 136.39
1735702948, 98, 14, 39, 0, 0, 0.17%, 5, 0, 6, 135.92
1735702953, 98, 16, 39, 0, 0, 0.17%, 5, 0, 6, 132.70
1735702958, 98, 17, 39, 0, 0, 0.17%, 5, 0, 6, 143.50
1735702968, 99, 12, 39, 0, 0, 0.17%, 5, 0, 6, 139.95
1735702973, 99, 14, 39, 0, 0, 0.17%, 5, 0, 6, 144.32
1735702979, 99, 16, 39, 0, 0, 0.17%, 5, 0, 6, 145.51
1735702984, 100, 9, 39, 0, 0, 0.17%, 5, 0, 6, 141.17
1735702989, 100, 11, 39, 0, 0, 0.17%, 5, 0, 6, 139.44
1735702994, 100, 14, 39, 0, 0, 0.17%, 5, 0, 6, 139.51
1735702999, 100, 16, 39, 0, 0, 0.17%, 5, 0, 6, 142.25
1735703009, 100, 30, 39, 0, 0, 0.17%, 5, 0, 6, 146.15
1735703015, 101, 14, 39, 0, 0, 0.17%, 5, 0, 6, 139.80
1735703025, 101, 15, 39, 0, 0, 0.17%, 5, 0, 6, 140.59
1735703030, 101, 16, 39, 0, 0, 0.17%, 5, 0, 6, 143.38
1735703035, 102, 7, 39, 0, 0, 0.17%, 5, 0, 6, 140.16
1735703040, 102, 12, 39, 0, 0, 0.17%, 5, 0, 6, 143.70
1735703045, 102, 14, 39, 0, 0, 0.17%, 5, 0, 6, 145.36
1735703051, 102, 16, 39, 0, 0, 0.17%, 5, 0, 6, 133.41
1735703056, 102, 24, 39, 0, 0, 0.17%, 5, 0, 6, 151.19
1735703066, 103, 12, 39, 0, 0, 0.17%, 5, 0, 6, 145.10
1735703071, 103, 14, 39, 0, 0, 0.17%, 5, 0, 6, 139.02
1735703076, 103, 16, 39, 0, 0, 0.17%, 5, 0, 6, 145.82
1735703082, 103, 22, 39, 0, 0, 0.17%, 5, 0, 6, 148.03
1735703087, 103, 29, 39, 0, 0, 0.17%, 5, 0, 6, 154.05
1735703092, 104, 11, 39, 0, 0, 0.17%, 5, 0, 6, 144.17
1735703097, 104, 14, 39, 0, 0, 0.17%, 5, 0, 6, 140.79
1735703107, 104, 16, 39, 0, 0, 0.17%, 5, 0, 6, 139.11
1735703112, 104, 19, 39, 0, 0, 0.17%, 5, 0, 6, 141.63
1735703117, 104, 28, 39, 0, 0, 0.17%, 5, 0, 6, 145.39
1735703123, 105, 11, 39, 0, 0, 0.17%, 5, 0, 6, 140.10
1735703128, 105, 14, 39, 0, 0, 0.17%, 5, 0, 6, 145.20
1735703138, 105, 31, 39, 0, 0, 0.17%, 5, 0, 6, 142.86
1735703148, 105, 37, 39, 0, 0, 0.17%, 5, 0, 6, 164.72
1735703154, 106, 12, 39, 0, 0, 0.17%, 5, 0, 6, 148.41
1735703159, 106, 14, 39, 0, 0, 0.17%, 5, 0, 6, 142.59
1735703169, 106, 16, 39, 0, 0, 0.17%, 5, 0, 6, 139.10
1735703174, 106, 23, 39, 0, 0, 0.17%, 5, 0, 6, 142.95
1735703179, 106, 29, 39, 0, 0, 0.17%, 5, 0, 6, 145.34
1735703184, 106, 38, 39, 0, 0, 0.17%, 5, 0, 6, 142.47
1735703190, 107, 11, 39, 0, 0, 0.17%, 5, 0, 6, 134.43
1735703195, 107, 14, 39, 0, 0, 0.17%, 5, 0, 6, 145.94
1735703205, 107, 16, 39, 0, 0, 0.17%, 5, 0, 6, 139.94
1735703210, 107, 26, 39, 0, 0, 0.17%, 5, 0, 6, 143.94
1735703216, 107, 28, 39, 0, 0, 0.17%, 5, 0, 6, 141.92
1735703221, 107, 33, 39, 0, 0, 0.17%, 5, 0, 6, 147.61
1735703226, 108, 12, 39, 0, 0, 0.17%, 5, 0, 6, 139.38
1735703231, 108, 14, 39, 0, 0, 0.17%, 5, 0, 6, 141.50
1735703236, 108, 16, 39, 0, 0, 0.17%, 5, 0, 6, 139.96
1735703241, 108, 26, 39, 0, 0, 0.17%, 5, 0, 6, 140.48
1735703247, 108, 36, 39, 0, 0, 0.17%, 5, 0, 6, 146.01
1735703257, 108, 37, 39, 0, 0, 0.17%, 5, 0, 6, 152.23
1735703262, 109, 8, 39, 0, 0, 0.17%, 5, 0, 6, 136.81
1735703267, 109, 12, 39, 0, 0, 0.17%, 5, 0, 6, 140.08
1735703272, 109, 14, 39, 0, 0, 0.17%, 5, 0, 6, 144.95
1735703278, 109, 15, 39, 0, 0, 0.17%, 5, 0, 6, 145.82
1735703283, 109, 16, 39, 0, 0, 0.17%, 5, 0, 6, 137.78
1735703288, 109, 17, 39, 0, 0, 0.17%, 5, 0, 6, 141.77
1735703298, 109, 27, 39, 0, 0, 0.17%, 5, 0, 6, 140.64
1735703303, 109, 36, 39, 0, 0, 0.17%, 5, 0, 6, 147.82
1735703308, 110, 2, 39, 0, 0, 0.17%, 5, 0, 6, 137.95
1735703313, 110, 12, 39, 0, 0, 0.17%, 5, 0, 6, 138.30
1735703319, 110, 14, 39, 0, 0, 0.17%, 5, 0, 6, 140.70
1735703324, 110, 16, 39, 0, 0, 0.17%, 5, 0, 6, 142.55
1735703329, 110, 24, 39, 0, 0, 0.17%, 5, 0, 6, 153.19
1735703334, 111, 1, 39, 0, 0, 0.17%, 5, 0, 6, 149.16
1735703339, 111, 12, 39, 0, 0, 0.17%, 5, 0, 6, 137.80
1735703344, 111, 14, 39, 0, 0, 0.17%, 5, 0, 6, 143.70
1735703350, 111, 16, 39, 0, 0, 0.17%, 5, 0, 6, 142.92
1735703355, 111, 24, 39, 0, 0, 0.17%, 5, 0, 6, 154.92
1735703365, 111, 35, 39, 0, 0, 0.17%, 5, 0, 6, 150.19
1735703370, 112, 11, 39, 0, 0, 0.17%, 5, 0, 6, 137.91
1735703375, 112, 14, 39, 0, 0, 0.17%, 5, 0, 6, 140.70
1735703380, 112, 16, 39, 0, 0, 0.17%, 5, 0, 6, 144.17
1735703386, 112, 21, 39, 0, 0, 0.17%, 5, 0, 6, 143.00
1735703396, 113, 12, 39, 0, 0, 0.17%, 5, 0, 6, 139.36
1735703401, 113, 14, 39, 0, 0, 0.17%, 5, 0, 6, 139.77
1735703406, 113, 16, 39, 0, 0, 0.17%, 5, 0, 6, 132.64
1735703411, 113, 35, 39, 0, 0, 0.17%, 5, 0, 6, 144.89
1735703422, 114, 12, 39, 0, 0, 0.17%, 5, 0, 6, 141.66
1735703427, 114, 14, 39, 0, 0, 0.17%, 5, 0, 6, 144.22
1735703432, 114, 16, 39, 0, 0, 0.17%, 5, 0, 6, 135.55
1735703437, 114, 27, 39, 0, 0, 0.17%, 5, 0, 6, 146.97
1735703442, 115, 3, 39, 0, 0, 0.17%, 5, 0, 6, 135.61
1735703448, 115, 12, 39, 0, 0, 0.17%, 5, 0, 6, 137.70
1735703453, 115, 14, 39, 0, 0, 0.17%, 5, 0, 6, 139.06
1735703458, 115, 16, 39, 0, 0, 0.17%, 5, 0, 6, 138.59
1735703463, 115, 36, 39, 0, 0, 0.17%, 5, 0, 6, 157.11
1735703473, 116, 12, 39, 0, 0, 0.17%, 5, 0, 6, 137.85
1735703479, 116, 14, 39, 0, 0, 0.17%, 5, 0, 6, 144.71
1735703484, 116, 15, 39, 0, 0, 0.17%, 5, 0, 6, 143.62
1735703489, 116, 16, 39, 0, 0, 0.17%, 5, 0, 6, 139.58
1735703494, 116, 32, 39, 0, 0, 0.17%, 5, 0, 6, 147.70
1735703499, 116, 36, 39, 0, 0, 0.17%, 5, 0, 6, 158.10
1735703504, 117, 1, 39, 0, 0, 0.17%, 5, 0, 6, 136.27
1735703510, 117, 12, 39, 0, 0, 0.17%, 5, 0, 6, 140.04
1735703515, 117, 14, 39, 0, 0, 0.17%, 5, 0, 6, 146.59
1735703520, 117, 16, 39, 0, 0, 0.17%, 5, 0, 6, 139.46
1735703525, 117, 26, 39, 0, 0, 0.17%, 5, 0, 6, 145.41
1735703530, 117, 27, 39, 0, 0, 0.17%, 5, 0, 6, 142.09
1735703535, 118, 12, 39, 0, 0, 0.17%, 5, 0, 6, 148.43
1735703540, 118, 14, 39, 0, 0, 0.17%, 5, 0, 6, 141.08
1735703550, 118, 16, 39, 0, 0, 0.17%, 5, 0, 6, 142.02
1735703556, 118, 29, 39, 0, 0, 0.17%, 5, 0, 6, 148.04
1735703561, 118, 34, 39, 0, 0, 0.17%, 5, 0, 6, 142.20
1735703571, 119, 11, 39, 0, 0, 0.17%, 5, 0, 6, 137.05
1735703576, 119, 14, 39, 0, 0, 0.17%, 5, 0, 6, 135.69
1735703587, 119, 16, 39, 0, 0, 0.17%, 5, 0, 6, 136.54
1735703592, 119, 22, 39, 0, 0, 0.17%, 5, 0, 6, 146.38
1735703597, 120, 12, 39, 0, 0, 0.17%, 5, 0, 6, 138.26
1735703602, 120, 14, 39, 0, 0, 0.17%, 5, 0, 6, 145.90
1735703607, 120, 16, 39, 0, 0, 0.17%, 5, 0, 6, 135.24
1735703612, 121, 11, 39, 0, 0, 0.17%, 5, 0, 6, 139.20
1735703618, 121, 14, 39, 0, 0, 0.17%, 5, 0, 6, 140.59
1735703628, 121, 16, 39, 0, 0, 0.17%, 5, 0, 6, 138.50
1735703633, 121, 29, 39, 0, 0, 0.17%, 5, 0, 6, 143.65
1735703638, 122, 11, 39, 0, 0, 0.17%, 5, 0, 6, 139.12
1735703643, 122, 14, 39, 0, 0, 0.17%, 5, 0, 6, 136.10
1735703653, 122, 16, 39, 0, 0, 0.17%, 5, 0, 6, 137.79
1735703658, 123, 12, 39, 0, 0, 0.17%, 5, 0, 6, 132.89
1735703663, 123, 14, 39, 0, 0, 0.17%, 5, 0, 6, 135.46
1735703669, 123, 16, 39, 0, 0, 0.17%, 5, 0, 6, 135.92
1735703674, 123, 19, 39, 0, 0, 0.17%, 5, 0, 6, 141.22
1735703684, 124, 12, 39, 0, 0, 0.17%, 5, 0, 6, 133.54
1735703689, 124, 14, 39, 0, 0, 0.17%, 5, 0, 6, 144.70
1735703694, 124, 16, 39, 0, 0, 0.17%, 5, 0, 6, 138.84
1735703700, 124, 33, 39, 0, 0, 0.17%, 5, 0, 6, 140.47
1735703710, 125, 12, 39, 0, 0, 0.17%, 5, 0, 6, 142.21
1735703715, 125, 14, 39, 0, 0, 0.17%, 5, 0, 6, 137.85
1735703720, 125, 15, 39, 0, 0, 0.17%, 5, 0, 6, 135.18
1735703725, 125, 16, 39, 0, 0, 0.17%, 5, 0, 6, 140.35
1735703731, 125, 33, 39, 0, 0, 0.17%, 5, 0, 6, 152.86
1735703741, 126, 12, 39, 0, 0, 0.17%, 5, 0, 6, 141.94
1735703746, 126, 14, 39, 0, 0, 0.17%, 5, 0, 6, 136.11
1735703751, 126, 16, 39, 0, 0, 0.17%, 5, 0, 6, 134.86
1735703756, 127, 11, 39, 0, 0, 0.17%, 5, 0, 6, 133.67
1735703761, 127, 14, 39, 0, 0, 0.17%, 5, 0, 6, 140.11
1735703772, 127, 15, 39, 0, 0, 0.17%, 5, 0, 6, 139.16
1735703777, 127, 16, 39, 0, 0, 0.17%, 5, 0, 6, 138.08
1735703782, 128, 12, 39, 0, 0, 0.17%, 5, 0, 6, 138.01
1735703787, 128, 14, 39, 0, 0, 0.17%, 5, 0, 6, 142.02
1735703792, 128, 16, 39, 0, 0, 0.17%, 5, 0, 6, 139.31
1735703797, 128, 22, 39, 0, 0, 0.17%, 5, 0, 6, 147.46
1735703803, 129, 11, 39, 0, 0, 0.17%, 5, 0, 6, 143.33
1735703808, 129, 13, 39, 0, 0, 0.17%, 5, 0, 6, 146.61
1735703818, 129, 14, 39, 0, 0, 0.17%, 5, 0, 6, 150.70
1735703823, 129, 16, 39, 0, 0, 0.17%, 5, 0, 6, 135.46
1735703828, 130, 6, 39, 0, 0, 0.17%, 5, 0, 6, 147.03
1735703834, 130, 12, 39, 0, 0, 0.17%, 5, 0, 6, 138.74
1735703839, 130, 14, 39, 0, 0, 0.17%, 5, 0, 6, 144.12
1735703844, 130, 16, 39, 0, 0, 0.17%, 5, 0, 6, 143.59
1735703849, 131, 12, 39, 0, 0, 0.17%, 5, 0, 6, 137.32
1735703854, 131, 14, 39, 0, 0, 0.17%, 5, 0, 6, 148.93
1735703859, 131, 16, 39, 0, 0, 0.17%, 5, 0, 6, 147.37
1735703865, 131, 17, 39, 0, 0, 0.17%, 5, 0, 6, 143.06
1735703875, 131, 21, 39, 0, 0, 0.17%, 5, 0, 6, 142.59
1735703880, 131, 24, 39, 0, 0, 0.17%, 5, 0, 6, 159.11
1735703890, 131, 33, 39, 0, 0, 0.17%, 5, 0, 6, 148.37
1735703895, 131, 35, 39, 0, 0, 0.17%, 5, 0, 6, 152.87
1735703900, 132, 11, 39, 0, 0, 0.17%, 5, 0, 6, 147.93
1735703905, 132, 14, 39, 0, 0, 0.17%, 5, 0, 6, 147.79
1735703916, 132, 16, 39, 0, 0, 0.17%, 5, 0, 6, 140.17
1735703921, 132, 37, 39, 0, 0, 0.17%, 5, 0, 6, 155.14
1735703926, 133, 8, 39, 0, 0, 0.17%, 5, 0, 6, 153.73
1735703931, 133, 12, 39, 0, 0, 0.17%, 5, 0, 6, 144.44
1735703936, 133, 14, 39, 0, 0, 0.17%, 5, 0, 6, 143.40
1735703941, 133, 16, 39, 0, 0, 0.17%, 5, 0, 6, 144.11
1735703946, 133, 30, 39, 0, 0, 0.17%, 5, 0, 6, 141.45
1735703952, 133, 33, 39, 0, 0, 0.17%, 5, 0, 6, 148.17
1735703962, 134, 11, 39, 0, 0, 0.17%, 5, 0, 6, 141.83
1735703967, 134, 14, 39, 0, 0, 0.17%, 5, 0, 6, 140.64
1735703977, 134, 16, 39, 0, 0, 0.17%, 5, 0, 6, 135.70
1735703982, 134, 34, 39, 0, 0, 0.17%, 5, 0, 6, 133.69
1735703992, 135, 12, 39, 0, 0, 0.17%, 5, 0, 6, 144.70
1735703998, 135, 14, 39, 0, 0, 0.17%, 5, 0, 6, 140.16
1735704003, 135, 16, 39, 0, 0, 0.17%, 5, 0, 6, 140.96
1735704008, 135, 22, 39, 0, 0, 0.17%, 5, 0, 6, 140.16
1735704013, 135, 33, 39, 0, 0, 0.17%, 5, 0, 6, 152.52
1735704018, 136, 5, 39, 0, 0, 0.17%, 5, 0, 6, 148.65
1735704023, 136, 12, 39, 0, 0, 0.17%, 5, 0, 6, 137.95
1735704028, 136, 13, 39, 0, 0, 0.17%, 5, 0, 6, 142.80
1735704033, 136, 14, 39, 0, 0, 0.17%, 5, 0, 6, 158.94
1735704043, 136, 16, 39, 0, 0, 0.17%, 5, 0, 6, 137.86
1735704049, 136, 20, 39, 0, 0, 0.17%, 5, 0, 6, 149.19
1735704054, 136, 21, 39, 0, 0, 0.17%, 5, 0, 6, 152.14
1735704064, 137, 12, 39, 0, 0, 0.17%, 5, 0, 6, 140.12
1735704069, 137, 14, 39, 0, 0, 0.17%, 5, 0, 6, 139.35
1735704074, 137, 16, 39, 0, 0, 0.17%, 5, 0, 6, 141.15
1735704079, 138, 11, 39, 0, 0, 0.17%, 5, 0, 6, 140.94
1735704084, 138, 14, 39, 0, 0, 0.17%, 5, 0, 6, 139.83
1735704095, 138, 16, 39, 0, 0, 0.17%, 5, 0, 6, 140.93
1735704100, 139, 8, 39, 0, 0, 0.17%, 5, 0, 6, 139.76
1735704105, 139, 12, 39, 0, 0, 0.17%, 5, 0, 6, 131.32
1735704110, 139, 14, 39, 0, 0, 0.17%, 5, 0, 6, 148.65
1735704116, 139, 16, 39, 0, 0, 0.17%, 5, 0, 6, 140.43
1735704121, 139, 24, 39, 0, 0, 0.17%, 5, 0, 6, 158.26
1735704126, 139, 28, 39, 0, 0, 0.17%, 5, 0, 6, 146.13
1735704131, 139, 30, 39, 0, 0, 0.17%, 5, 0, 6, 149.22
1735704136, 139, 37, 39, 0, 0, 0.17%, 5, 0, 6, 155.05
1735704146, 140, 12, 39, 0, 0, 0.17%, 5, 0, 6, 138.38
1735704151, 140, 14, 39, 0, 0, 0.17%, 5, 0, 6, 148.20
1735704157, 140, 16, 39, 0, 0, 0.17%, 5, 0, 6, 138.44
1735704162, 140, 31, 39, 0, 0, 0.17%, 5, 0, 6, 139.69
1735704172, 141, 12, 39, 0, 0, 0.17%, 5, 0, 6, 137.07
1735704177, 141, 14, 39, 0, 0, 0.17%, 5, 0, 6, 137.02
1735704182, 141, 16, 39, 0, 0, 0.17%, 5, 0, 6, 134.08
1735704188, 142, 11, 39, 0, 0, 0.17%, 5, 0, 6, 144.40
1735704193, 142, 14, 39, 0, 0, 0.17%, 5, 0, 6, 137.81
1735704203, 142, 16, 39, 0, 0, 0.17%, 5, 0, 6, 139.00
1735704208, 143, 12, 39, 0, 0, 0.17%, 5, 0, 6, 133.76
1735704213, 143, 14, 39, 0, 0, 0.17%, 5, 0, 6, 138.49
1735704219, 143, 16, 39, 0, 0, 0.17%, 5, 0, 6, 138.43
1735704224, 144, 11, 39, 0, 0, 0.17%, 5, 0, 6, 139.29
1735704229, 144, 14, 39, 0, 0, 0.17%, 5, 0, 6, 139.45
1735704239, 144, 16, 39, 0, 0, 0.17%, 5, 0, 6, 137.76
1735704244, 144, 24, 39, 0, 0, 0.17%, 5, 0, 6, 150.42
1735704249, 144, 32, 39, 0, 0, 0.17%, 5, 0, 6, 150.37
1735704254, 145, 11, 39, 0, 0, 0.17%, 5, 0, 6, 138.96
1735704260, 145, 14, 39, 0, 0, 0.17%, 5, 0, 6, 134.52
1735704270, 145, 16, 39, 0, 0, 0.17%, 5, 0, 6, 145.19
1735704275, 145, 35, 39, 0, 0, 0.17%, 5, 0, 6, 161.07
1735704280, 145, 36, 39, 0, 0, 0.17%, 5, 0, 6, 160.42
1735704290, 146, 12, 39, 0, 0, 0.17%, 5, 0, 6, 143.65
1735704295, 146, 14, 39, 0, 0, 0.17%, 5, 0, 6, 147.78
1735704301, 146, 16, 39, 0, 0, 0.17%, 5, 0, 6, 135.45
1735704306, 147, 11, 39, 0, 0, 0.17%, 5, 0, 6, 143.61
1735704311, 147, 14, 39, 0, 0, 0.17%, 5, 0, 6, 141.91
1735704321, 147, 16, 39, 0, 0, 0.17%, 5, 0, 6, 145.34
1735704326, 147, 23, 39, 0, 0, 0.17%, 5, 0, 6, 148.41
1735704331, 148, 11, 39, 0, 0, 0.17%, 5, 0, 6, 138.85
1735704336, 148, 14, 39, 0, 0, 0.17%, 5, 0, 6, 139.57
1735704347, 148, 16, 39, 0, 0, 0.17%, 5, 0, 6, 133.29
1735704352, 148, 37, 39, 0, 0, 0.17%, 5, 0, 6, 151.55
1735704357, 149, 11, 39, 0, 0, 0.17%, 5, 0, 6, 143.59
1735704362, 149, 14, 39, 0, 0, 0.17%, 5, 0, 6, 144.19
1735704372, 149, 16, 39, 0, 0, 0.17%, 5, 0, 6, 137.41
1735704378, 149, 25, 39, 0, 0, 0.17%, 5, 0, 6, 140.74
1735704383, 149, 34, 39, 0, 0, 0.17%, 5, 0, 6, 140.61
1735704388, 150, 7, 39, 0, 0, 0.17%, 5, 0, 6, 138.42
1735704393, 150, 12, 39, 0, 0, 0.17%, 5, 0, 6, 138.61
1735704398, 150, 14, 39, 0, 0, 0.17%, 5, 0, 6, 131.97
1735704403, 150, 16, 39, 0, 0, 0.17%, 5, 0, 6, 138.93
1735704408, 150, 29, 39, 0, 0, 0.17%, 5, 0, 6, 147.13
1735704413, 150, 31, 39, 0, 0, 0.17%, 5, 0, 6, 157.97
1735704423, 150, 36, 39, 0, 0, 0.17%, 5, 0, 6, 152.14
1735704429, 151, 11, 39, 0, 0, 0.17%, 5, 0, 6, 143.81
1735704434, 151, 14, 39, 0, 0, 0.17%, 5, 0, 6, 145.90
1735704444, 151, 16, 39, 0, 0, 0.17%, 5, 0, 6, 145.16
1735704449, 151, 34, 39, 0, 0, 0.17%, 5, 0, 6, 146.49
1735704454, 152, 11, 39, 0, 0, 0.17%, 5, 0, 6, 138.51
1735704459, 152, 14, 39, 0, 0, 0.17%, 5, 0, 6, 138.50
1735704470, 152, 16, 39, 0, 0, 0.17%, 5, 0, 6, 150.35
1735704475, 153, 12, 39, 0, 0, 0.17%, 5, 0, 6, 146.26
1735704480, 153, 14, 39, 0, 0, 0.17%, 5, 0, 6, 139.84
1735704485, 153, 16, 39, 0, 0, 0.17%, 5, 0, 6, 140.80
1735704490, 153, 36, 39, 0, 0, 0.17%, 5, 0, 6, 149.40
1735704501, 154, 12, 39, 0, 0, 0.17%, 5, 0, 6, 137.06
1735704506, 154, 14, 39, 0, 0, 0.17%, 5, 0, 6, 138.59
1735704511, 154, 16, 39, 0, 0, 0.17%, 5, 0, 6, 137.07
1735704516, 154, 24, 39, 0, 0, 0.17%, 5, 0, 6, 152.27
1735704526, 155, 12, 39, 0, 0, 0.17%, 5, 0, 6, 146.34
1735704531, 155, 14, 39, 0, 0, 0.17%, 5, 0, 6, 148.65
1735704536, 155, 16, 39, 0, 0, 0.17%, 5, 0, 6, 134.02
1735704542, 155, 21, 39, 0, 0, 0.17%, 5, 0, 6, 143.13
1735704552, 156, 11, 39, 0, 0, 0.17%, 5, 0, 6, 140.48
1735704557, 156, 14, 39, 0, 0, 0.17%, 5, 0, 6, 142.57
1735704567, 156, 16, 39, 0, 0, 0.17%, 5, 0, 6, 138.10
1735704572, 156, 21, 39, 0, 0, 0.17%, 5, 0, 6, 139.50
1735704578, 157, 11, 39, 0, 0, 0.17%, 5, 0, 6, 145.60
1735704583, 157, 14, 39, 0, 0, 0.17%, 5, 0, 6, 142.28
1735704593, 157, 16, 39, 0, 0, 0.17%, 5, 0, 6, 138.01
1735704598, 158, 11, 39, 0, 0, 0.17%, 5, 0, 6, 137.62
1735704603, 158, 14, 39, 0, 0, 0.17%, 5, 0, 6, 140.99
1735704614, 158, 16, 39, 0, 0, 0.17%, 5, 0, 6, 135.17
1735704619, 159, 12, 39, 0, 0, 0.17%, 5, 0, 6, 135.25
1735704624, 159, 14, 39, 0, 0, 0.17%, 5, 0, 6, 138.13
1735704629, 159, 16, 39, 0, 0, 0.17%, 5, 0, 6, 142.32
1735704639, 159, 19, 39, 0, 0, 0.17%, 5, 0, 6, 137.26
1735704645, 159, 20, 39, 0, 0, 0.17%, 5, 0, 6, 144.92
1735704650, 159, 34, 39, 0, 0, 0.17%, 5, 0, 6, 145.08
1735704660, 160, 11, 39, 0, 0, 0.17%, 5, 0, 6, 135.67
1735704665, 160, 14, 39, 0, 0, 0.17%, 5, 0, 6, 142.83
1735704670, 160, 16, 39, 0, 0, 0.17%, 5, 0, 6, 145.36
1735704675, 161, 11, 39, 0, 0, 0.17%, 5, 0, 6, 135.67
1735704680, 161, 14, 39, 0, 0, 0.17%, 5, 0, 6, 145.07
1735704691, 161, 16, 39, 0, 0, 0.17%, 5, 0, 6, 142.34
1735704696, 161, 17, 39, 0, 0, 0.17%, 5, 0, 6, 143.98
1735704701, 161, 26, 39, 0, 0, 0.17%, 5, 0, 6, 140.85
1735704706, 162, 11, 39, 0, 0, 0.17%, 5, 0, 6, 142.39
1735704711, 162, 14, 39, 0, 0, 0.17%, 5, 0, 6, 140.76
1735704721, 162, 16, 39, 0, 0, 0.17%, 5, 0, 6, 137.20
1735704727, 162, 31, 39, 0, 0, 0.17%, 5, 0, 6, 155.02
1735704732, 162, 33, 39, 0, 0, 0.17%, 5, 0, 6, 152.09
1735704742, 163, 12, 39, 0, 0, 0.17%, 5, 0, 6, 139.45
1735704747, 163, 14, 39, 0, 0, 0.17%, 5, 0, 6, 143.01
1735704752, 163, 16, 39, 0, 0, 0.17%, 5, 0, 6, 138.67
1735704757, 164, 11, 39, 0, 0, 0.17%, 5, 0, 6, 141.36
1735704762, 164, 14, 39, 0, 0, 0.17%, 5, 0, 6, 139.33
1735704773, 164, 16, 39, 0, 0, 0.17%, 5, 0, 6, 140.54
1735704778, 164, 20, 39, 0, 0, 0.17%, 5, 0, 6, 143.21
1735704783, 164, 28, 39, 0, 0, 0.17%, 5, 0, 6, 142.87
1735704788, 165, 11, 39, 0, 0, 0.17%, 5, 0, 6, 142.36
1735704793, 165, 14, 39, 0, 0, 0.17%, 5, 0, 6, 147.07
1735704804, 165, 22, 39, 0, 0, 0.17%, 5, 0, 6, 148.47
1735704809, 165, 23, 39, 0, 0, 0.17%, 5, 0, 6, 145.52
1735704819, 166, 12, 39, 0, 0, 0.17%, 5, 0, 6, 142.43
1735704824, 166, 14, 39, 0, 0, 0.17%, 5, 0, 6, 151.17
1735704829, 166, 16, 39, 0, 0, 0.17%, 5, 0, 6, 138.21
1735704834, 167, 11, 39, 0, 0, 0.17%, 5, 0, 6, 141.38
1735704839, 167, 14, 39, 0, 0, 0.17%, 5, 0, 6, 143.70
1735704850, 167, 16, 39, 0, 0, 0.17%, 5, 0, 6, 141.68
1735704855, 167, 28, 39, 0, 0, 0.17%, 5, 0, 6, 141.38
1735704860, 168, 11, 39, 0, 0, 0.17%, 5, 0, 6, 138.71
1735704865, 168, 14, 39, 0, 0, 0.17%, 5, 0, 6, 139.16
1735704876, 168, 16, 39, 0, 0, 0.17%, 5, 0, 6, 137.52
1735704881, 168, 35, 40, 1, 0, 0.17%, 6, 0, 7, 172.39
1735704891, 169, 12, 40, 1, 0, 0.17%, 6, 0, 7, 138.77
1735704896, 169, 14, 40, 1, 0, 0.17%, 6, 0, 7, 135.62
1735704902, 169, 16, 40, 1, 0, 0.17%, 6, 0, 7, 135.58
1735704907, 169, 39, 40, 1, 0, 0.17%, 6, 0, 7, 147.59
1735705030, 170, 12, 40, 0, 0, 0.17%, 6, 0, 7, 143.30
1735705035, 170, 14, 40, 0, 0, 0.17%, 6, 0, 7, 142.31
1735705040, 170, 16, 40, 0, 0, 0.17%, 6, 0, 7, 140.68
1735705045, 170, 30, 40, 0, 0, 0.17%, 6, 0, 7, 148.40
1735705051, 171, 11, 40, 0, 0, 0.17%, 6, 0, 7, 145.39
1735705056, 171, 14, 40, 0, 0, 0.17%, 6, 0, 7, 147.09
1735705061, 171, 16, 40, 0, 0, 0.17%, 6, 0, 7, 148.41
1735705066, 171, 17, 40, 0, 0, 0.17%, 6, 0, 7, 144.75
1735705071, 171, 23, 40, 0, 0, 0.17%, 6, 0, 7, 141.40
1735705076, 171, 30, 40, 0, 0, 0.17%, 6, 0, 7, 153.15
1735705081, 171, 37, 40, 0, 0, 0.17%, 6, 0, 7, 150.13
1735705092, 172, 12, 40, 0, 0, 0.17%, 6, 0, 7, 141.02
1735705097, 172, 14, 40, 0, 0, 0.17%, 6, 0, 7, 142.92
1735705102, 172, 16, 40, 0, 0, 0.17%, 6, 0, 7, 138.91
1735705107, 172, 25, 40, 0, 0, 0.17%, 6, 0, 7, 153.07
1735705112, 173, 11, 40, 0, 0, 0.17%, 6, 0, 7, 157.36
1735705117, 173, 14, 40, 0, 0, 0.17%, 6, 0, 7, 144.80
1735705122, 173, 16, 40, 0, 0, 0.17%, 6, 0, 7, 139.36
1735705127, 173, 30, 40, 0, 0, 0.17%, 6, 0, 7, 151.05
1735705132, 174, 6, 40, 0, 0, 0.17%, 6, 0, 7, 151.81
1735705138, 174, 12, 40, 0, 0, 0.17%, 6, 0, 7, 139.84
1735705143, 174, 14, 40, 0, 0, 0.17%, 6, 0, 7, 138.25
1735705148, 174, 16, 40, 0, 0, 0.17%, 6, 0, 7, 143.99
1735705153, 174, 38, 40, 0, 0, 0.17%, 6, 0, 7, 146.15
1735705158, 175, 1, 40, 0, 0, 0.17%, 6, 0, 7, 150.04
1735705163, 175, 12, 40, 0, 0, 0.17%, 6, 0, 7, 138.87
1735705168, 175, 14, 40, 0, 0, 0.17%, 6, 0, 7, 151.70
1735705173, 175, 16, 40, 0, 0, 0.17%, 6, 0, 7, 150.21
1735705178, 175, 32, 40, 0, 0, 0.17%, 6, 0, 7, 150.55
1735705184, 176, 11, 40, 0, 0, 0.17%, 6, 0, 7, 139.36
1735705189, 176, 14, 40, 0, 0, 0.17%, 6, 0, 7, 144.10
1735705194, 176, 16, 40, 0, 0, 0.17%, 6, 0, 7, 138.13
1735705199, 177, 11, 40, 0, 0, 0.17%, 6, 0, 7, 141.06
1735705204, 177, 14, 40, 0, 0, 0.17%, 6, 0, 7, 145.14
1735705209, 177, 16, 40, 0, 0, 0.17%, 6, 0, 7, 139.10
1735705215, 178, 11, 40, 0, 0, 0.17%, 6, 0, 7, 140.18
1735705220, 178, 14, 40, 0, 0, 0.17%, 6, 0, 7, 142.34
1735705225, 178, 16, 40, 0, 0, 0.17%, 6, 0, 7, 141.73
1735705230, 178, 21, 40, 0, 0, 0.17%, 6, 0, 7, 150.62
1735705235, 178, 26, 40, 0, 0, 0.17%, 6, 0, 7, 151.41
1735705240, 178, 27, 40, 0, 0, 0.17%, 6, 0, 7, 141.47
1735705245, 178, 28, 40, 0, 0, 0.17%, 6, 0, 7, 139.42
1735705250, 178, 35, 40, 0, 0, 0.17%, 6, 0, 7, 152.77
1735705256, 179, 12, 40, 0, 0, 0.17%, 6, 0, 7, 148.25
1735705261, 179, 14, 40, 0, 0, 0.17%, 6, 0, 7, 143.48
1735705266, 179, 16, 40, 0, 0, 0.17%, 6, 0, 7, 141.90
1735705271, 179, 18, 40, 0, 0, 0.17%, 6, 0, 7, 145.45
1735705276, 179, 39, 40, 0, 0, 0.17%, 6, 0, 7, 170.07
1735705291, 180, 6, 40, 0, 0, 0.17%, 6, 0, 7, 164.02
1735705296, 180, 12, 40, 0, 0, 0.17%, 6, 0, 7, 139.74
1735705302, 180, 14, 40, 0, 0, 0.17%, 6, 0, 7, 139.41
1735705307, 180, 16, 40, 0, 0, 0.17%, 6, 0, 7, 143.55
1735705312, 180, 24, 40, 0, 0, 0.17%, 6, 0, 7, 157.72
1735705317, 180, 27, 40, 0, 0, 0.17%, 6, 0, 7, 153.69
1735705322, 181, 12, 40, 0, 0, 0.17%, 6, 0, 7, 142.15
1735705327, 181, 14, 40, 0, 0, 0.17%, 6, 0, 7, 144.33
1735705332, 181, 16, 40, 0, 0, 0.17%, 6, 0, 7, 148.33
1735705338, 181, 20, 40, 0, 0, 0.17%, 6, 0, 7, 143.63
1735705343, 182, 12, 40, 0, 0, 0.17%, 6, 0, 7, 134.61
1735705348, 182, 14, 40, 0, 0, 0.17%, 6, 0, 7, 152.20
1735705353, 182, 16, 40, 0, 0, 0.17%, 6, 0, 7, 149.64
1735705358, 182, 17, 40, 0, 0, 0.17%, 6, 0, 7, 147.39
1735705363, 183, 12, 40, 0, 0, 0.17%, 6, 0, 7, 142.88
1735705368, 183, 14, 40, 0, 0, 0.17%, 6, 0, 7, 137.68
1735705374, 183, 16, 40, 0, 0, 0.17%, 6, 0, 7, 140.39
1735705379, 184, 11, 40, 0, 0, 0.17%, 6, 0, 7, 138.76
1735705384, 184, 14, 40, 0, 0, 0.17%, 6, 0, 7, 136.08
1735705389, 184, 16, 40, 0, 0, 0.17%, 6, 0, 7, 133.06
1735705394, 184, 29, 40, 0, 0, 0.17%, 6, 0, 7, 150.61
1735705399, 184, 37, 40, 0, 0, 0.17%, 6, 0, 7, 158.55
1735705409, 185, 12, 40, 0, 0, 0.17%, 6, 0, 7, 141.50
1735705415, 185, 14, 40, 0, 0, 0.17%, 6, 0, 7, 143.41
1735705420, 185, 16, 40, 0, 0, 0.17%, 6, 0, 7, 136.87
1735705425, 186, 3, 40, 0, 0, 0.17%, 6, 0, 7, 148.06
1735705430, 186, 12, 40, 0, 0, 0.17%, 6, 0, 7, 145.63
1735705435, 186, 14, 40, 0, 0, 0.17%, 6, 0, 7, 144.90
1735705440, 186, 16, 40, 0, 0, 0.17%, 6, 0, 7, 145.33
1735705445, 186, 21, 40, 0, 0, 0.17%, 6, 0, 7, 147.81
1735705450, 186, 31, 40, 0, 0, 0.17%, 6, 0, 7, 153.23
1735705456, 186, 36, 40, 0, 0, 0.17%, 6, 0, 7, 142.52
1735705461, 187, 12, 40, 0, 0, 0.17%, 6, 0, 7, 138.52
1735705466, 187, 14, 40, 0, 0, 0.17%, 6, 0, 7, 147.04
1735705471, 188, 11, 40, 0, 0, 0.17%, 6, 0, 7, 144.28
1735705476, 188, 12, 40, 0, 0, 0.17%, 6, 0, 7, 138.16
1735705481, 188, 14, 40, 0, 0, 0.17%, 6, 0, 7, 150.44
1735705487, 188, 16, 40, 0, 0, 0.17%, 6, 0, 7, 144.46
1735705492, 189, 11, 40, 0, 0, 0.17%, 6, 0, 7, 152.43
1735705497, 189, 14, 40, 0, 0, 0.17%, 6, 0, 7, 141.28
1735705502, 189, 16, 40, 0, 0, 0.17%, 6, 0, 7, 140.63
1735705507, 189, 19, 40, 0, 0, 0.17%, 6, 0, 7, 139.23
1735705512, 189, 30, 40, 0, 0, 0.17%, 6, 0, 7, 145.41
1735705517, 189, 32, 40, 0, 0, 0.17%, 6, 0, 7, 154.02
1735705522, 190, 5, 40, 0, 0, 0.17%, 6, 0, 7, 143.97
1735705528, 190, 12, 40, 0, 0, 0.17%, 6, 0, 7, 135.29
1735705533, 190, 14, 40, 0, 0, 0.17%, 6, 0, 7, 145.62
1735705538, 190, 16, 40, 0, 0, 0.17%, 6, 0, 7, 143.67
1735705543, 190, 27, 40, 0, 0, 0.17%, 6, 0, 7, 137.64
1735705548, 190, 28, 40, 0, 0, 0.17%, 6, 0, 7, 138.69
1735705553, 191, 12, 40, 0, 0, 0.17%, 6, 0, 7, 137.51
1735705559, 191, 14, 40, 0, 0, 0.17%, 6, 0, 7, 140.24
1735705564, 191, 16, 40, 0, 0, 0.17%, 6, 0, 7, 145.23
1735705569, 192, 3, 40, 0, 0, 0.17%, 6, 0, 7, 143.32
1735705574, 192, 12, 40, 0, 0, 0.17%, 6, 0, 7, 142.18
1735705579, 192, 14, 40, 0, 0, 0.17%, 6, 0, 7, 144.60
1735705584, 192, 16, 40, 0, 0, 0.17%, 6, 0, 7, 138.90
1735705590, 193, 11, 40, 0, 0, 0.17%, 6, 0, 7, 139.06
1735705595, 193, 14, 40, 0, 0, 0.17%, 6, 0, 7, 149.22
1735705600, 193, 15, 40, 0, 0, 0.17%, 6, 0, 7, 138.01
1735705605, 193, 16, 40, 0, 0, 0.17%, 6, 0, 7, 147.75
1735705610, 193, 25, 40, 0, 0, 0.17%, 6, 0, 7, 153.28
1735705615, 193, 30, 40, 0, 0, 0.17%, 6, 0, 7, 139.65
1735705620, 193, 32, 40, 0, 0, 0.17%, 6, 0, 7, 148.44
1735705625, 194, 11, 40, 0, 0, 0.17%, 6, 0, 7, 137.31
1735705631, 194, 14, 40, 0, 0, 0.17%, 6, 0, 7, 143.25
1735705636, 194, 16, 40, 0, 0, 0.17%, 6, 0, 7, 138.02
1735705641, 194, 20, 40, 0, 0, 0.17%, 6, 0, 7, 145.76
1735705646, 194, 38, 40, 0, 0, 0.17%, 6, 0, 7, 143.16
1735705651, 195, 11, 40, 0, 0, 0.17%, 6, 0, 7, 140.08
1735705656, 195, 14, 40, 0, 0, 0.17%, 6, 0, 7, 147.34
1735705662, 195, 16, 40, 0, 0, 0.17%, 6, 0, 7, 139.58
1735705667, 195, 35, 40, 0, 0, 0.17%, 6, 0, 7, 162.74
1735705672, 196, 11, 40, 0, 0, 0.17%, 6, 0, 7, 148.91
1735705677, 196, 14, 40, 0, 0, 0.17%, 6, 0, 7, 147.33
1735705682, 196, 16, 40, 0, 0, 0.17%, 6, 0, 7, 139.76
1735705687, 196, 20, 40, 0, 0, 0.17%, 6, 0, 7, 151.82
1735705692, 196, 24, 40, 0, 0, 0.17%, 6, 0, 7, 158.75
1735705697, 197, 11, 40, 0, 0, 0.17%, 6, 0, 7, 150.71
1735705703, 197, 14, 40, 0, 0, 0.17%, 6, 0, 7, 148.88
1735705708, 197, 16, 40, 0, 0, 0.17%, 6, 0, 7, 146.12
1735705713, 197, 20, 40, 0, 0, 0.17%, 6, 0, 7, 147.06
1735705718, 197, 34, 40, 0, 0, 0.17%, 6, 0, 7, 144.61
1735705723, 198, 11, 40, 0, 0, 0.17%, 6, 0, 7, 144.61
1735705729, 198, 14, 40, 0, 0, 0.17%, 6, 0, 7, 141.83
1735705734, 198, 16, 40, 0, 0, 0.17%, 6, 0, 7, 132.77
1735705739, 198, 38, 40, 0, 0, 0.17%, 6, 0, 7, 148.71
1735705744, 199, 11, 40, 0, 0, 0.17%, 6, 0, 7, 148.98
1735705749, 199, 14, 40, 0, 0, 0.17%, 6, 0, 7, 145.27
1735705754, 199, 16, 40, 0, 0, 0.17%, 6, 0, 7, 138.85
1735705759, 200, 11, 40, 0, 0, 0.17%, 6, 0, 7, 141.18
1735705764, 200, 14, 40, 0, 0, 0.17%, 6, 0, 7, 147.51
1735705769, 200, 16, 40, 0, 0, 0.17%, 6, 0, 7, 144.28
1735705774, 200, 18, 40, 0, 0, 0.17%, 6, 0, 7, 147.17
1735705780, 201, 11, 40, 0, 0, 0.17%, 6, 0, 7, 147.97
1735705785, 201, 14, 40, 0, 0, 0.17%, 6, 0, 7, 144.02
1735705790, 201, 16, 40, 0, 0, 0.17%, 6, 0, 7, 141.10
1735705795, 202, 11, 40, 0, 0, 0.17%, 6, 0, 7, 138.46
1735705800, 202, 14, 40, 0, 0, 0.17%, 6, 0, 7, 142.55
1735705806, 202, 16, 40, 0, 0, 0.17%, 6, 0, 7, 147.39
1735705811, 203, 11, 40, 0, 0, 0.17%, 6, 0, 7, 143.58
1735705816, 203, 14, 40, 0, 0, 0.17%, 6, 0, 7, 146.30
1735705821, 203, 16, 40, 0, 0, 0.17%, 6, 0, 7, 137.54
1735705831, 204, 12, 40, 0, 0, 0.17%, 6, 0, 7, 139.67
1735705836, 204, 14, 40, 0, 0, 0.17%, 6, 0, 7, 142.83
1735705842, 204, 16, 40, 0, 0, 0.17%, 6, 0, 7, 137.05
1735705847, 204, 19, 40, 0, 0, 0.17%, 6, 0, 7, 144.49
1735705852, 205, 12, 40, 0, 0, 0.17%, 6, 0, 7, 140.89
1735705857, 205, 16, 40, 0, 0, 0.17%, 6, 0, 7, 152.66
1735705867, 205, 22, 40, 0, 0, 0.17%, 6, 0, 7, 147.02
1735705873, 206, 1, 40, 0, 0, 0.17%, 6, 0, 7, 143.58
1735705878, 206, 11, 40, 0, 0, 0.17%, 6, 0, 7, 145.93
1735705883, 206, 14, 40, 0, 0, 0.17%, 6, 0, 7, 143.22
1735705888, 206, 16, 40, 0, 0, 0.17%, 6, 0, 7, 139.54
1735705893, 206, 30, 40, 0, 0, 0.17%, 6, 0, 7, 159.06
1735705898, 206, 39, 40, 0, 0, 0.17%, 6, 0, 7, 171.55
1735705919, 207, 12, 40, 0, 0, 0.17%, 6, 0, 7, 139.19
1735705924, 207, 14, 40, 0, 0, 0.17%, 6, 0, 7, 143.66
1735705929, 207, 16, 40, 0, 0, 0.17%, 6, 0, 7, 142.32
1735705934, 207, 22, 40, 0, 0, 0.17%, 6, 0, 7, 155.91
1735705939, 208, 11, 40, 0, 0, 0.17%, 6, 0, 7, 139.85
1735705944, 208, 14, 40, 0, 0, 0.17%, 6, 0, 7, 142.93
1735705949, 208, 16, 40, 0, 0, 0.17%, 6, 0, 7, 145.61
1735705955, 208, 32, 40, 0, 0, 0.17%, 6, 0, 7, 149.94
1735705960, 208, 34, 40, 0, 0, 0.17%, 6, 0, 7, 149.22
1735705965, 209, 11, 40, 0, 0, 0.17%, 6, 0, 7, 136.82
1735705970, 209, 14, 40, 0, 0, 0.17%, 6, 0, 7, 145.57
1735705975, 209, 16, 40, 0, 0, 0.17%, 6, 0, 7, 139.65
1735705980, 209, 26, 40, 0, 0, 0.17%, 6, 0, 7, 140.31
1735705985, 210, 1, 40, 0, 0, 0.17%, 6, 0, 7, 142.44
1735705990, 210, 12, 40, 0, 0, 0.17%, 6, 0, 7, 136.26
1735705996, 210, 14, 40, 0, 0, 0.17%, 6, 0, 7, 145.64
1735706001, 210, 16, 40, 0, 0, 0.17%, 6, 0, 7, 139.82
1735706006, 210, 27, 40, 0, 0, 0.17%, 6, 0, 7, 150.35
1735706011, 211, 12, 40, 0, 0, 0.17%, 6, 0, 7, 142.62
1735706016, 211, 14, 40, 0, 0, 0.17%, 6, 0, 7, 134.60
1735706022, 211, 16, 40, 0, 0, 0.17%, 6, 0, 7, 131.36
1735706027, 212, 11, 40, 0, 0, 0.17%, 6, 0, 7, 138.17
1735706032, 212, 14, 40, 0, 0, 0.17%, 6, 0, 7, 138.63
1735706037, 212, 16, 40, 0, 0, 0.17%, 6, 0, 7, 136.22
1735706042, 213, 11, 40, 0, 0, 0.17%, 6, 0, 7, 144.13
1735706047, 213, 14, 40, 0, 0, 0.17%, 6, 0, 7, 141.83
1735706053, 213, 16, 40, 0, 0, 0.17%, 6, 0, 7, 139.61
1735706058, 213, 35, 40, 0, 0, 0.17%, 6, 0, 7, 145.10
1735706063, 214, 11, 40, 0, 0, 0.17%, 6, 0, 7, 142.88
1735706068, 214, 14, 40, 0, 0, 0.17%, 6, 0, 7, 138.68
1735706073, 214, 16, 40, 0, 0, 0.17%, 6, 0, 7, 140.70
1735706078, 215, 4, 40, 0, 0, 0.17%, 6, 0, 7, 138.25
1735706083, 215, 11, 40, 0, 0, 0.17%, 6, 0, 7, 141.47
1735706088, 215, 14, 40, 0, 0, 0.17%, 6, 0, 7, 144.38
1735706093, 215, 16, 40, 0, 0, 0.17%, 6, 0, 7, 139.56
1735706099, 215, 34, 40, 0, 0, 0.17%, 6, 0, 7, 142.10
1735706104, 216, 11, 40, 0, 0, 0.17%, 6, 0, 7, 141.74
1735706109, 216, 14, 40, 0, 0, 0.17%, 6, 0, 7, 139.04
1735706114, 216, 16, 40, 0, 0, 0.17%, 6, 0, 7, 141.08
1735706119, 216, 19, 40, 0, 0, 0.17%, 6, 0, 7, 140.72
1735706125, 216, 27, 40, 0, 0, 0.17%, 6, 0, 7, 146.35
1735706130, 217, 11, 40, 0, 0, 0.17%, 6, 0, 7, 140.71
1735706135, 217, 14, 40, 0, 0, 0.17%, 6, 0, 7, 140.07
1735706140, 217, 16, 40, 0, 0, 0.17%, 6, 0, 7, 141.01
1735706145, 218, 11, 40, 0, 0, 0.17%, 6, 0, 7, 142.49
1735706150, 218, 14, 40, 0, 0, 0.17%, 6, 0, 7, 145.30
1735706155, 218, 16, 40, 0, 0, 0.17%, 6, 0, 7, 146.12
1735706161, 219, 2, 40, 0, 0, 0.17%, 6, 0, 7, 136.14
1735706166, 219, 12, 40, 0, 0, 0.17%, 6, 0, 7, 140.78
1735706171, 219, 14, 40, 0, 0, 0.17%, 6, 0, 7, 138.42
1735706176, 219, 16, 40, 0, 0, 0.17%, 6, 0, 7, 145.72
1735706181, 220, 12, 40, 0, 0, 0.17%, 6, 0, 7, 141.25
1735706186, 220, 14, 40, 0, 0, 0.17%, 6, 0, 7, 143.51
1735706192, 220, 16, 40, 0, 0, 0.17%, 6, 0, 7, 142.18
1735706197, 221, 12, 40, 0, 0, 0.17%, 6, 0, 7, 137.66
1735706202, 221, 14, 40, 0, 0, 0.17%, 6, 0, 7, 136.87
1735706207, 221, 16, 40, 0, 0, 0.17%, 6, 0, 7, 145.16
1735706212, 221, 39, 40, 0, 0, 0.17%, 6, 0, 7, 174.28
1735706228, 222, 9, 40, 0, 0, 0.17%, 6, 0, 7, 136.40
1735706233, 222, 12, 40, 0, 0, 0.17%, 6, 0, 7, 137.15
1735706238, 222, 14, 40, 0, 0, 0.17%, 6, 0, 7, 148.92
1735706243, 222, 16, 40, 0, 0, 0.17%, 6, 0, 7, 143.04
1735706248, 223, 11, 40, 0, 0, 0.17%, 6, 0, 7, 142.26
1735706253, 223, 14, 40, 0, 0, 0.17%, 6, 0, 7, 137.25
1735706259, 223, 15, 40, 0, 0, 0.17%, 6, 0, 7, 142.49
1735706264, 223, 16, 40, 0, 0, 0.17%, 6, 0, 7, 139.78
1735706269, 223, 18, 40, 0, 0, 0.17%, 6, 0, 7, 143.96
1735706274, 224, 5, 40, 0, 0, 0.17%, 6, 0, 7, 145.26
1735706279, 224, 12, 40, 0, 0, 0.17%, 6, 0, 7, 143.42
1735706284, 224, 15, 40, 0, 0, 0.17%, 6, 0, 7, 150.52
1735706289, 224, 16, 40, 0, 0, 0.17%, 6, 0, 7, 149.05
1735706300, 224, 32, 40, 0, 0, 0.17%, 6, 0, 7, 148.09
1735706305, 224, 38, 40, 0, 0, 0.17%, 6, 0, 7, 149.75
1735706310, 225, 11, 40, 0, 0, 0.17%, 6, 0, 7, 143.98
1735706315, 225, 14, 40, 0, 0, 0.17%, 6, 0, 7, 142.88
1735706320, 225, 16, 40, 0, 0, 0.17%, 6, 0, 7, 139.86
1735706325, 225, 25, 40, 0, 0, 0.17%, 6, 0, 7, 136.20
1735706330, 225, 28, 40, 0, 0, 0.17%, 6, 0, 7, 140.08
1735706336, 226, 11, 40, 0, 0, 0.17%, 6, 0, 7, 145.22
1735706341, 226, 14, 40, 0, 0, 0.17%, 6, 0, 7, 146.00
1735706346, 226, 16, 40, 0, 0, 0.17%, 6, 0, 7, 138.69
1735706351, 227, 11, 40, 0, 0, 0.17%, 6, 0, 7, 138.97
1735706356, 227, 14, 40, 0, 0, 0.17%, 6, 0, 7, 146.06
1735706361, 227, 16, 40, 0, 0, 0.17%, 6, 0, 7, 142.26
1735706366, 228, 11, 40, 0, 0, 0.17%, 6, 0, 7, 142.08
1735706372, 228, 14, 40, 0, 0, 0.17%, 6, 0, 7, 138.27
1735706377, 228, 16, 40, 0, 0, 0.17%, 6, 0, 7, 136.82
1735706382, 228, 23, 40, 0, 0, 0.17%, 6, 0, 7, 146.15
1735706387, 229, 11, 40, 0, 0, 0.17%, 6, 0, 7, 139.61
1735706392, 229, 13, 40, 0, 0, 0.17%, 6, 0, 7, 137.90
1735706397, 229, 14, 40, 0, 0, 0.17%, 6, 0, 7, 145.86
1735706403, 229, 16, 40, 0, 0, 0.17%, 6, 0, 7, 143.92
1735706408, 229, 37, 40, 0, 0, 0.17%, 6, 0, 7, 155.16
1735706418, 230, 12, 40, 0, 0, 0.17%, 6, 0, 7, 139.72
1735706423, 230, 14, 40, 0, 0, 0.17%, 6, 0, 7, 139.54
1735706428, 230, 16, 40, 0, 0, 0.17%, 6, 0, 7, 146.91
1735706433, 230, 20, 40, 0, 0, 0.17%, 6, 0, 7, 155.68
1735706439, 231, 12, 40, 0, 0, 0.17%, 6, 0, 7, 140.13
1735706444, 231, 14, 40, 0, 0, 0.17%, 6, 0, 7, 135.61
1735706449, 231, 16, 40, 0, 0, 0.17%, 6, 0, 7, 141.08
1735706454, 231, 29, 40, 0, 0, 0.17%, 6, 0, 7, 142.93
1735706459, 232, 12, 40, 0, 0, 0.17%, 6, 0, 7, 142.22
1735706464, 232, 14, 40, 0, 0, 0.17%, 6, 0, 7, 140.15
1735706470, 232, 16, 40, 0, 0, 0.17%, 6, 0, 7, 140.33
1735706475, 232, 36, 40, 0, 0, 0.17%, 6, 0, 7, 145.59
1735706480, 233, 12, 40, 0, 0, 0.17%, 6, 0, 7, 137.12
1735706485, 233, 14, 40, 0, 0, 0.17%, 6, 0, 7, 142.94
1735706490, 233, 16, 40, 0, 0, 0.17%, 6, 0, 7, 143.44
1735706495, 233, 39, 40, 0, 0, 0.17%, 6, 0, 7, 165.01
1735706515, 234, 12, 40, 0, 0, 0.17%, 6, 0, 7, 143.86
1735706520, 234, 14, 40, 0, 0, 0.17%, 6, 0, 7, 143.11
1735706526, 234, 16, 40, 0, 0, 0.17%, 6, 0, 7, 146.10
1735706531, 234, 36, 40, 0, 0, 0.17%, 6, 0, 7, 139.22
1735706536, 235, 11, 40, 0, 0, 0.17%, 6, 0, 7, 145.97
1735706541, 235, 14, 40, 0, 0, 0.17%, 6, 0, 7, 138.39
1735706546, 235, 16, 40, 0, 0, 0.17%, 6, 0, 7, 145.01
1735706551, 235, 27, 40, 0, 0, 0.17%, 6, 0, 7, 147.10
1735706556, 235, 28, 40, 0, 0, 0.17%, 6, 0, 7, 136.09
1735706561, 236, 11, 40, 0, 0, 0.17%, 6, 0, 7, 137.20
1735706567, 236, 14, 40, 0, 0, 0.17%, 6, 0, 7, 138.13
1735706572, 236, 16, 40, 0, 0, 0.17%, 6, 0, 7, 139.94
1735706577, 236, 26, 40, 0, 0, 0.17%, 6, 0, 7, 139.01
1735706582, 236, 33, 40, 0, 0, 0.17%, 6, 0, 7, 149.16
1735706587, 236, 34, 40, 0, 0, 0.17%, 6, 0, 7, 148.76
1735706593, 237, 11, 40, 0, 0, 0.17%, 6, 0, 7, 147.36
1735706598, 237, 14, 40, 0, 0, 0.17%, 6, 0, 7, 148.37
1735706603, 237, 16, 40, 0, 0, 0.17%, 6, 0, 7, 143.15
1735706608, 237, 30, 40, 0, 0, 0.17%, 6, 0, 7, 143.08
1735706613, 237, 31, 40, 0, 0, 0.17%, 6, 0, 7, 145.68
1735706618, 238, 12, 40, 0, 0, 0.17%, 6, 0, 7, 139.19
1735706623, 238, 14, 40, 0, 0, 0.17%, 6, 0, 7, 136.14
1735706628, 238, 16, 40, 0, 0, 0.17%, 6, 0, 7, 134.20
1735706634, 238, 34, 40, 0, 0, 0.17%, 6, 0, 7, 144.63
1735706639, 238, 36, 40, 0, 0, 0.17%, 6, 0, 7, 147.25
1735706644, 239, 12, 40, 0, 0, 0.17%, 6, 0, 7, 141.19
1735706649, 239, 13, 40, 0, 0, 0.17%, 6, 0, 7, 149.46
1735706654, 239, 14, 40, 0, 0, 0.17%, 6, 0, 7, 141.78
1735706659, 239, 16, 40, 0, 0, 0.17%, 6, 0, 7, 132.92
1735706664, 240, 12, 40, 0, 0, 0.17%, 6, 0, 7, 139.57
1735706669, 240, 14, 40, 0, 0, 0.17%, 6, 0, 7, 137.74
1735706674, 240, 16, 40, 0, 0, 0.17%, 6, 0, 7, 130.83
1735706680, 240, 31, 40, 0, 0, 0.17%, 6, 0, 7, 153.39
1735706685, 241, 12, 40, 0, 0, 0.17%, 6, 0, 7, 143.81
1735706690, 241, 14, 40, 0, 0, 0.17%, 6, 0, 7, 139.63
1735706695, 242, 11, 40, 0, 0, 0.17%, 6, 0, 7, 142.70
1735706700, 242, 14, 40, 0, 0, 0.17%, 6, 0, 7, 145.38
1735706706, 242, 16, 40, 0, 0, 0.17%, 6, 0, 7, 147.23
1735706711, 242, 26, 40, 0, 0, 0.17%, 6, 0, 7, 150.13
1735706716, 242, 28, 40, 0, 0, 0.17%, 6, 0, 7, 140.72
1735706721, 243, 11, 40, 0, 0, 0.17%, 6, 0, 7, 146.16
1735706726, 243, 14, 40, 0, 0, 0.17%, 6, 0, 7, 139.47
1735706731, 243, 16, 40, 0, 0, 0.17%, 6, 0, 7, 138.09
1735706736, 243, 18, 40, 0, 0, 0.17%, 6, 0, 7, 152.58
1735706742, 243, 22, 40, 0, 0, 0.17%, 6, 0, 7, 147.14
1735706747, 243, 23, 40, 0, 0, 0.17%, 6, 0, 7, 151.11
1735706752, 243, 31, 40, 0, 0, 0.17%, 6, 0, 7, 151.48
1735706757, 244, 12, 40, 0, 0, 0.17%, 6, 0, 7, 150.54
1735706762, 244, 14, 40, 0, 0, 0.17%, 6, 0, 7, 143.45
1735706768, 244, 16, 40, 0, 0, 0.17%, 6, 0, 7, 137.30
1735706773, 244, 25, 40, 0, 0, 0.17%, 6, 0, 7, 148.68
1735706778, 244, 28, 40, 0, 0, 0.17%, 6, 0, 7, 139.38
1735706783, 245, 12, 40, 0, 0, 0.17%, 6, 0, 7, 139.37
1735706788, 245, 13, 40, 0, 0, 0.17%, 6, 0, 7, 146.37
1735706793, 245, 14, 40, 0, 0, 0.17%, 6, 0, 7, 144.02
1735706798, 245, 16, 40, 0, 0, 0.17%, 6, 0, 7, 154.22
1735706803, 245, 23, 40, 0, 0, 0.17%, 6, 0, 7, 144.78
1735706809, 246, 12, 40, 0, 0, 0.17%, 6, 0, 7, 141.96
1735706814, 246, 16, 40, 0, 0, 0.17%, 6, 0, 7, 149.21
1735706819, 247, 9, 40, 0, 0, 0.17%, 6, 0, 7, 147.64
1735706824, 247, 12, 40, 0, 0, 0.17%, 6, 0, 7, 142.10
1735706829, 247, 14, 40, 0, 0, 0.17%, 6, 0, 7, 140.61
1735706834, 247, 16, 40, 0, 0, 0.17%, 6, 0, 7, 139.81
1735706840, 248, 12, 40, 0, 0, 0.17%, 6, 0, 7, 131.86
1735706845, 248, 14, 40, 0, 0, 0.17%, 6, 0, 7, 138.76
1735706850, 248, 16, 40, 0, 0, 0.17%, 6, 0, 7, 131.92
1735706855, 249, 11, 40, 0, 0, 0.17%, 6, 0, 7, 141.80
1735706860, 249, 13, 40, 0, 0, 0.17%, 6, 0, 7, 136.97
1735706865, 249, 14, 40, 0, 0, 0.17%, 6, 0, 7, 141.03
1735706870, 249, 16, 40, 0, 0, 0.17%, 6, 0, 7, 139.23
1735706876, 249, 38, 40, 0, 0, 0.17%, 6, 0, 7, 147.14
1735706881, 250, 6, 40, 0, 0, 0.17%, 6, 0, 7, 147.76
1735706886, 250, 12, 40, 0, 0, 0.17%, 6, 0, 7, 137.31
1735706891, 250, 14, 40, 0, 0, 0.17%, 6, 0, 7, 147.18
1735706896, 250, 16, 40, 0, 0, 0.17%, 6, 0, 7, 143.70
1735706901, 250, 17, 40, 0, 0, 0.17%, 6, 0, 7, 146.93
1735706907, 250, 19, 40, 0, 0, 0.17%, 6, 0, 7, 136.72
1735706912, 250, 22, 40, 0, 0, 0.17%, 6, 0, 7, 145.22
1735706917, 251, 12, 40, 0, 0, 0.17%, 6, 0, 7, 142.65
1735706922, 251, 14, 40, 0, 0, 0.17%, 6, 0, 7, 139.84
1735706927, 251, 16, 40, 0, 0, 0.17%, 6, 0, 7, 133.03
1735706932, 251, 31, 40, 0, 0, 0.17%, 6, 0, 7, 142.29
1735706938, 251, 32, 40, 0, 0, 0.17%, 6, 0, 7, 147.35
1735706943, 251, 34, 40, 0, 0, 0.17%, 6, 0, 7, 141.03
1735706948, 252, 12, 40, 0, 0, 0.17%, 6, 0, 7, 143.32
1735706953, 252, 14, 40, 0, 0, 0.17%, 6, 0, 7, 147.94
1735706958, 252, 16, 40, 0, 0, 0.17%, 6, 0, 7, 138.65
1735706963, 252, 28, 40, 0, 0, 0.17%, 6, 0, 7, 147.05
1735706969, 252, 33, 40, 0, 0, 0.17%, 6, 0, 7, 148.51
1735706974, 253, 12, 40, 0, 0, 0.17%, 6, 0, 7, 141.33
1735706979, 253, 14, 40, 0, 0, 0.17%, 6, 0, 7, 145.41
1735706984, 253, 16, 40, 0, 0, 0.17%, 6, 0, 7, 143.49
1735706989, 254, 12, 40, 0, 0, 0.17%, 6, 0, 7, 134.48
1735706994, 254, 14, 40, 0, 0, 0.17%, 6, 0, 7, 141.68
1735706999, 254, 16, 40, 0, 0, 0.17%, 6, 0, 7, 141.14
1735707004, 255, 12, 40, 0, 0, 0.17%, 6, 0, 7, 147.12
1735707010, 255, 16, 40, 0, 0, 0.17%, 6, 0, 7, 139.58
1735707015, 255, 18, 40, 0, 0, 0.17%, 6, 0, 7, 138.20
1735707020, 255, 22, 40, 0, 0, 0.17%, 6, 0, 7, 151.67
1735707025, 256, 11, 40, 0, 0, 0.17%, 6, 0, 7, 146.32
1735707030, 256, 14, 40, 0, 0, 0.17%, 6, 0, 7, 141.81
1735707035, 256, 16, 40, 0, 0, 0.17%, 6, 0, 7, 145.33
1735707040, 256, 27, 40, 0, 0, 0.17%, 6, 0, 7, 143.37
1735707045, 256, 29, 40, 0, 0, 0.17%, 6, 0, 7, 157.50
1735707050, 257, 11, 40, 0, 0, 0.17%, 6, 0, 7, 141.06
1735707055, 257, 14, 40, 0, 0, 0.17%, 6, 0, 7, 140.73
1735707061, 257, 16, 40, 0, 0, 0.17%, 6, 0, 7, 146.30
1735707066, 257, 34, 40, 0, 0, 0.17%, 6, 0, 7, 147.02
1735707071, 258, 11, 40, 0, 0, 0.17%, 6, 0, 7, 150.60
1735707076, 258, 14, 40, 0, 0, 0.17%, 6, 0, 7, 143.27
1735707081, 258, 16, 40, 0, 0, 0.17%, 6, 0, 7, 142.45
1735707086, 258, 22, 40, 0, 0, 0.17%, 6, 0, 7, 144.86
1735707091, 258, 29, 40, 0, 0, 0.17%, 6, 0, 7, 157.54
1735707096, 259, 11, 40, 0, 0, 0.17%, 6, 0, 7, 147.68
1735707101, 259, 14, 40, 0, 0, 0.17%, 6, 0, 7, 143.01
1735707106, 259, 16, 40, 0, 0, 0.17%, 6, 0, 7, 138.21
1735707111, 259, 30, 40, 0, 0, 0.17%, 6, 0, 7, 142.50
1735707117, 260, 11, 40, 0, 0, 0.17%, 6, 0, 7, 144.02
1735707122, 260, 14, 40, 0, 0, 0.17%, 6, 0, 7, 146.14
1735707127, 260, 16, 40, 0, 0, 0.17%, 6, 0, 7, 141.44
1735707132, 261, 11, 40, 0, 0, 0.17%, 6, 0, 7, 140.60
1735707137, 261, 14, 40, 0, 0, 0.17%, 6, 0, 7, 141.94
1735707142, 261, 16, 40, 0, 0, 0.17%, 6, 0, 7, 135.77
1735707148, 261, 28, 40, 0, 0, 0.17%, 6, 0, 7, 144.72
1735707153, 261, 35, 40, 0, 0, 0.17%, 6, 0, 7, 155.02
1735707158, 262, 11, 40, 0, 0, 0.17%, 6, 0, 7, 148.28
1735707163, 262, 14, 40, 0, 0, 0.17%, 6, 0, 7, 144.40
1735707168, 262, 16, 40, 0, 0, 0.17%, 6, 0, 7, 136.86
1735707173, 262, 31, 40, 0, 0, 0.17%, 6, 0, 7, 150.53
1735707178, 263, 11, 40, 0, 0, 0.17%, 6, 0, 7, 143.35
1735707183, 263, 14, 40, 0, 0, 0.17%, 6, 0, 7, 142.27
1735707189, 263, 16, 40, 0, 0, 0.17%, 6, 0, 7, 145.19
1735707194, 264, 11, 40, 0, 0, 0.17%, 6, 0, 7, 144.55
1735707199, 264, 14, 40, 0, 0, 0.17%, 6, 0, 7, 139.37
1735707204, 264, 16, 40, 0, 0, 0.17%, 6, 0, 7, 140.13
1735707209, 264, 31, 40, 0, 0, 0.17%, 6, 0, 7, 149.54
1735707214, 265, 2, 40, 0, 0, 0.17%, 6, 0, 7, 147.28
1735707220, 265, 12, 40, 0, 0, 0.17%, 6, 0, 7, 143.26
1735707225, 265, 14, 40, 0, 0, 0.17%, 6, 0, 7, 145.59
1735707230, 265, 16, 40, 0, 0, 0.17%, 6, 0, 7, 142.07
1735707235, 265, 35, 40, 0, 0, 0.17%, 6, 0, 7, 154.46
1735707240, 265, 37, 40, 0, 0, 0.17%, 6, 0, 7, 155.53
1735707245, 266, 3, 40, 0, 0, 0.17%, 6, 0, 7, 141.33
1735707250, 266, 12, 40, 0, 0, 0.17%, 6, 0, 7, 138.57
1735707255, 266, 16, 40, 0, 0, 0.17%, 6, 0, 7, 149.09
1735707261, 266, 19, 40, 0, 0, 0.17%, 6, 0, 7, 140.77
1735707266, 266, 25, 40, 0, 0, 0.17%, 6, 0, 7, 148.12
1735707271, 266, 31, 40, 0, 0, 0.17%, 6, 0, 7, 144.64
1735707276, 267, 11, 40, 0, 0, 0.17%, 6, 0, 7, 139.28
1735707281, 267, 14, 40, 0, 0, 0.17%, 6, 0, 7, 140.12
1735707286, 267, 16, 40, 0, 0, 0.17%, 6, 0, 7, 140.15
1735707291, 267, 28, 40, 0, 0, 0.17%, 6, 0, 7, 139.39
1735707297, 268, 5, 40, 0, 0, 0.17%, 6, 0, 7, 145.40
1735707302, 268, 12, 40, 0, 0, 0.17%, 6, 0, 7, 143.75
1735707307, 268, 14, 40, 0, 0, 0.17%, 6, 0, 7, 138.85
1735707312, 268, 16, 40, 0, 0, 0.17%, 6, 0, 7, 144.60
1735707317, 269, 0, 40, 0, 0, 0.17%, 6, 0, 7, 152.71
1735707322, 269, 11, 40, 0, 0, 0.17%, 6, 0, 7, 140.98
1735707327, 269, 14, 40, 0, 0, 0.17%, 6, 0, 7, 144.16
1735707333, 269, 16, 40, 0, 0, 0.17%, 6, 0, 7, 140.83
1735707338, 269, 27, 40, 0, 0, 0.17%, 6, 0, 7, 151.66
1735707343, 270, 12, 40, 0, 0, 0.17%, 6, 0, 7, 141.82
1735707348, 270, 14, 40, 0, 0, 0.17%, 6, 0, 7, 142.89
1735707353, 270, 15, 40, 0, 0, 0.17%, 6, 0, 7, 143.39
1735707358, 270, 16, 40, 0, 0, 0.17%, 6, 0, 7, 131.63
1735707363, 270, 30, 40, 0, 0, 0.17%, 6, 0, 7, 149.31
1735707368, 271, 12, 40, 0, 0, 0.17%, 6, 0, 7, 142.96
1735707373, 271, 14, 40, 0, 0, 0.17%, 6, 0, 7, 136.11
1735707379, 271, 15, 40, 0, 0, 0.17%, 6, 0, 7, 137.33
1735707384, 271, 16, 40, 0, 0, 0.17%, 6, 0, 7, 138.84
1735707389, 271, 19, 40, 0, 0, 0.17%, 6, 0, 7, 143.44
1735707394, 271, 21, 40, 0, 0, 0.17%, 6, 0, 7, 138.90
1735707399, 271, 22, 40, 0, 0, 0.17%, 6, 0, 7, 148.23
1735707404, 271, 29, 40, 0, 0, 0.17%, 6, 0, 7, 151.18
1735707409, 271, 34, 40, 0, 0, 0.17%, 6, 0, 7, 141.26
1735707414, 272, 12, 40, 0, 0, 0.17%, 6, 0, 7, 141.82
1735707420, 272, 13, 40, 0, 0, 0.17%, 6, 0, 7, 142.73
1735707425, 272, 14, 40, 0, 0, 0.17%, 6, 0, 7, 145.10
1735707430, 272, 16, 40, 0, 0, 0.17%, 6, 0, 7, 137.86
1735707435, 273, 12, 40, 0, 0, 0.17%, 6, 0, 7, 138.33
1735707440, 273, 14, 40, 0, 0, 0.17%, 6, 0, 7, 141.61
1735707446, 273, 16, 40, 0, 0, 0.17%, 6, 0, 7, 141.53
1735707451, 274, 10, 40, 0, 0, 0.17%, 6, 0, 7, 142.48
1735707456, 274, 12, 40, 0, 0, 0.17%, 6, 0, 7, 135.79
1735707461, 274, 13, 40, 0, 0, 0.17%, 6, 0, 7, 144.91
1735707466, 274, 14, 40, 0, 0, 0.17%, 6, 0, 7, 141.36
1735707471, 274, 16, 40, 0, 0, 0.17%, 6, 0, 7, 131.31
1735707476, 274, 39, 40, 0, 0, 0.17%, 6, 0, 7, 163.68
1735707492, 275, 1, 40, 0, 0, 0.17%, 6, 0, 7, 140.40
1735707497, 275, 11, 40, 0, 0, 0.17%, 6, 0, 7, 141.55
1735707502, 275, 14, 40, 0, 0, 0.17%, 6, 0, 7, 145.71
1735707507, 275, 16, 40, 0, 0, 0.17%, 6, 0, 7, 139.40
1735707512, 275, 19, 40, 0, 0, 0.17%, 6, 0, 7, 141.72
1735707518, 275, 24, 40, 0, 0, 0.17%, 6, 0, 7, 160.55
1735707528, 276, 10, 40, 0, 0, 0.17%, 6, 0, 7, 144.08
1735707533, 276, 12, 40, 0, 0, 0.17%, 6, 0, 7, 138.22
1735707538, 276, 14, 40, 0, 0, 0.17%, 6, 0, 7, 143.82
1735707543, 276, 16, 40, 0, 0, 0.17%, 6, 0, 7, 142.03
1735707548, 277, 12, 40, 0, 0, 0.17%, 6, 0, 7, 136.17
1735707553, 277, 14, 40, 0, 0, 0.17%, 6, 0, 7, 144.95
1735707559, 277, 16, 40, 0, 0, 0.17%, 6, 0, 7, 137.14
1735707564, 277, 18, 40, 0, 0, 0.17%, 6, 0, 7, 143.53
1735707569, 277, 19, 40, 0, 0, 0.17%, 6, 0, 7, 144.51
1735707574, 278, 12, 40, 0, 0, 0.17%, 6, 0, 7, 136.99
1735707579, 278, 14, 40, 0, 0, 0.17%, 6, 0, 7, 144.26
1735707584, 278, 16, 40, 0, 0, 0.17%, 6, 0, 7, 141.48
1735707589, 278, 29, 40, 0, 0, 0.17%, 6, 0, 7, 142.84
1735707595, 278, 31, 40, 0, 0, 0.17%, 6, 0, 7, 140.23
1735707600, 278, 38, 40, 0, 0, 0.17%, 6, 0, 7, 142.41
1735707605, 279, 12, 40, 0, 0, 0.17%, 6, 0, 7, 140.55
1735707610, 279, 16, 40, 0, 0, 0.17%, 6, 0, 7, 145.98
1735707615, 279, 18, 40, 0, 0, 0.17%, 6, 0, 7, 147.35
1735707621, 279, 33, 40, 0, 0, 0.17%, 6, 0, 7, 146.60
1735707626, 280, 11, 40, 0, 0, 0.17%, 6, 0, 7, 141.08
1735707631, 280, 14, 40, 0, 0, 0.17%, 6, 0, 7, 140.32
1735707636, 280, 16, 40, 0, 0, 0.17%, 6, 0, 7, 144.79
1735707641, 280, 17, 40, 0, 0, 0.17%, 6, 0, 7, 149.28
1735707646, 280, 20, 40, 0, 0, 0.17%, 6, 0, 7, 140.76
1735707651, 280, 32, 40, 0, 0, 0.17%, 6, 0, 7, 157.05
1735707656, 281, 11, 40, 0, 0, 0.17%, 6, 0, 7, 143.79
1735707662, 281, 14, 40, 0, 0, 0.17%, 6, 0, 7, 141.55
1735707667, 281, 16, 40, 0, 0, 0.17%, 6, 0, 7, 138.81
1735707672, 281, 37, 40, 0, 0, 0.17%, 6, 0, 7, 151.17
1735707682, 282, 12, 40, 0, 0, 0.17%, 6, 0, 7, 142.03
1735707687, 282, 14, 40, 0, 0, 0.17%, 6, 0, 7, 145.21
1735707692, 282, 16, 40, 0, 0, 0.17%, 6, 0, 7, 130.72
1735707697, 282, 28, 40, 0, 0, 0.17%, 6, 0, 7, 143.41
1735707702, 283, 12, 40, 0, 0, 0.17%, 6, 0, 7, 147.35
1735707707, 283, 16, 40, 0, 0, 0.17%, 6, 0, 7, 147.66
1735707718, 284, 9, 40, 0, 0, 0.17%, 6, 0, 7, 146.34
1735707723, 284, 12, 40, 0, 0, 0.17%, 6, 0, 7, 137.75
1735707728, 284, 14, 40, 0, 0, 0.17%, 6, 0, 7, 140.03
1735707733, 284, 16, 40, 0, 0, 0.17%, 6, 0, 7, 142.72
1735707738, 285, 12, 40, 0, 0, 0.17%, 6, 0, 7, 140.49
1735707743, 285, 14, 40, 0, 0, 0.17%, 6, 0, 7, 139.29
1735707749, 285, 16, 40, 0, 0, 0.17%, 6, 0, 7, 133.36
1735707754, 286, 11, 40, 0, 0, 0.17%, 6, 0, 7, 145.34
1735707759, 286, 14, 40, 0, 0, 0.17%, 6, 0, 7, 138.34
1735707764, 286, 16, 40, 0, 0, 0.17%, 6, 0, 7, 139.27
1735707769, 286, 38, 40, 0, 0, 0.17%, 6, 0, 7, 152.93
1735707774, 287, 11, 40, 0, 0, 0.17%, 6, 0, 7, 136.36
1735707780, 287, 14, 40, 0, 0, 0.17%, 6, 0, 7, 142.90
1735707785, 287, 16, 40, 0, 0, 0.17%, 6, 0, 7, 138.44
1735707790, 287, 17, 40, 0, 0, 0.17%, 6, 0, 7, 147.68
1735707795, 287, 21, 40, 0, 0, 0.17%, 6, 0, 7, 144.62
1735707800, 287, 37, 40, 0, 0, 0.17%, 6, 0, 7, 158.46
1735707805, 288, 11, 40, 0, 0, 0.17%, 6, 0, 7, 146.15
1735707810, 288, 14, 40, 0, 0, 0.17%, 6, 0, 7, 141.78
1735707816, 288, 16, 40, 0, 0, 0.17%, 6, 0, 7, 140.91
1735707821, 289, 8, 40, 0, 0, 0.17%, 6, 0, 7, 136.45
1735707826, 289, 12, 40, 0, 0, 0.17%, 6, 0, 7, 141.21
1735707831, 289, 14, 40, 0, 0, 0.17%, 6, 0, 7, 144.92
1735707836, 289, 16, 40, 0, 0, 0.17%, 6, 0, 7, 140.85
1735707841, 289, 27, 40, 0, 0, 0.17%, 6, 0, 7, 137.21
1735707846, 290, 11, 40, 0, 0, 0.17%, 6, 0, 7, 141.69
1735707852, 290, 14, 40, 0, 0, 0.17%, 6, 0, 7, 136.47
1735707857, 290, 16, 40, 0, 0, 0.17%, 6, 0, 7, 140.12
1735707862, 290, 35, 40, 0, 0, 0.17%, 6, 0, 7, 145.55
1735707867, 291, 0, 40, 0, 0, 0.17%, 6, 0, 7, 153.24
1735707872, 291, 11, 40, 0, 0, 0.17%, 6, 0, 7, 140.85
1735707877, 291, 14, 40, 0, 0, 0.17%, 6, 0, 7, 145.50
1735707883, 291, 16, 40, 0, 0, 0.17%, 6, 0, 7, 139.62
1735707888, 291, 21, 40, 0, 0, 0.17%, 6, 0, 7, 141.54
1735707893, 291, 26, 40, 0, 0, 0.17%, 6, 0, 7, 148.91
1735707898, 292, 12, 40, 0, 0, 0.17%, 6, 0, 7, 141.99
1735707903, 292, 14, 40, 0, 0, 0.17%, 6, 0, 7, 137.87
1735707908, 292, 16, 40, 0, 0, 0.17%, 6, 0, 7, 139.15
1735707914, 292, 27, 40, 0, 0, 0.17%, 6, 0, 7, 145.16
1735707919, 292, 38, 40, 0, 0, 0.17%, 6, 0, 7, 150.01
1735707924, 293, 11, 40, 0, 0, 0.17%, 6, 0, 7, 137.64
1735707929, 293, 13, 40, 0, 0, 0.17%, 6, 0, 7, 144.11
1735707934, 293, 14, 40, 0, 0, 0.17%, 6, 0, 7, 144.42
1735707939, 293, 16, 40, 0, 0, 0.17%, 6, 0, 7, 138.82
1735707945, 293, 22, 40, 0, 0, 0.17%, 6, 0, 7, 146.87
1735707950, 294, 11, 40, 0, 0, 0.17%, 6, 0, 7, 140.19
1735707955, 294, 14, 40, 0, 0, 0.17%, 6, 0, 7, 141.42
1735707960, 294, 15, 40, 0, 0, 0.17%, 6, 0, 7, 139.24
1735707965, 294, 16, 40, 0, 0, 0.17%, 6, 0, 7, 144.11
1735707970, 295, 11, 40, 0, 0, 0.17%, 6, 0, 7, 144.74
1735707975, 295, 14, 40, 0, 0, 0.17%, 6, 0, 7, 141.69
1735707981, 295, 16, 40, 0, 0, 0.17%, 6, 0, 7, 134.22
1735707986, 295, 25, 40, 0, 0, 0.17%, 6, 0, 7, 146.02
1735707991, 296, 11, 40, 0, 0, 0.17%, 6, 0, 7, 142.29
1735707996, 296, 14, 40, 0, 0, 0.17%, 6, 0, 7, 144.49
1735708001, 296, 16, 40, 0, 0, 0.17%, 6, 0, 7, 140.36
1735708007, 296, 36, 40, 0, 0, 0.17%, 6, 0, 7, 153.76
1735708012, 296, 39, 40, 0, 0, 0.17%, 6, 0, 7, 162.62
1735708032, 297, 5, 40, 0, 0, 0.17%, 6, 0, 7, 142.02
1735708037, 297, 12, 40, 0, 0, 0.17%, 6, 0, 7, 142.01
1735708042, 297, 14, 40, 0, 0, 0.17%, 6, 0, 7, 142.97
1735708047, 297, 16, 40, 0, 0, 0.17%, 6, 0, 7, 149.21
1735708052, 297, 18, 40, 0, 0, 0.17%, 6, 0, 7, 147.63
1735708058, 297, 34, 40, 0, 0, 0.17%, 6, 0, 7, 146.95
1735708063, 298, 12, 40, 0, 0, 0.17%, 6, 0, 7, 142.48
1735708068, 298, 14, 40, 0, 0, 0.17%, 6, 0, 7, 143.15
1735708073, 298, 16, 40, 0, 0, 0.17%, 6, 0, 7, 146.26
1735708078, 298, 26, 40, 0, 0, 0.17%, 6, 0, 7, 145.08
1735708083, 298, 32, 40, 0, 0, 0.17%, 6, 0, 7, 159.30
1735708088, 299, 12, 40, 0, 0, 0.17%, 6, 0, 7, 146.18
1735708093, 299, 14, 40, 0, 0, 0.17%, 6, 0, 7, 138.93
1735708099, 299, 16, 40, 0, 0, 0.17%, 6, 0, 7, 140.27
1735708104, 299, 34, 40, 0, 0, 0.17%, 6, 0, 7, 144.97
1735708109, 299, 36, 40, 0, 0, 0.17%, 6, 0, 7, 151.82
1735708114, 300, 14, 40, 0, 0, 0.17%, 6, 0, 7, 148.39
1735708119, 300, 16, 40, 0, 0, 0.17%, 6, 0, 7, 145.08
1735708129, 300, 20, 40, 0, 0, 0.17%, 6, 0, 7, 143.00
1735708134, 300, 32, 40, 0, 0, 0.17%, 6, 0, 7, 157.53
1735708139, 300, 36, 40, 0, 0, 0.17%, 6, 0, 7, 160.84
1735708144, 301, 11, 40, 0, 0, 0.17%, 6, 0, 7, 149.90
1735708149, 301, 14, 40, 0, 0, 0.17%, 6, 0, 7, 147.15
1735708155, 301, 16, 40, 0, 0, 0.17%, 6, 0, 7, 139.45
1735708160, 301, 18, 40, 0, 0, 0.17%, 6, 0, 7, 141.35
1735708165, 301, 39, 40, 0, 0, 0.17%, 6, 0, 7, 157.53
1735708185, 302, 7, 40, 0, 0, 0.17%, 6, 0, 7, 131.59
1735708190, 302, 12, 40, 0, 0, 0.17%, 6, 0, 7, 139.41
1735708195, 302, 14, 40, 0, 0, 0.17%, 6, 0, 7, 136.21
1735708200, 302, 15, 40, 0, 0, 0.17%, 6, 0, 7, 140.70
1735708205, 302, 16, 40, 0, 0, 0.17%, 6, 0, 7, 132.50
1735708210, 303, 11, 40, 0, 0, 0.17%, 6, 0, 7, 134.92
1735708216, 303, 13, 40, 0, 0, 0.17%, 6, 0, 7, 142.33
1735708221, 303, 14, 40, 0, 0, 0.17%, 6, 0, 7, 138.46
1735708226, 303, 16, 40, 0, 0, 0.17%, 6, 0, 7, 140.27
1735708231, 303, 17, 40, 0, 0, 0.17%, 6, 0, 7, 147.88
1735708236, 303, 26, 40, 0, 0, 0.17%, 6, 0, 7, 144.97
1735708241, 303, 29, 40, 0, 0, 0.17%, 6, 0, 7, 156.70
1735708246, 303, 37, 40, 0, 0, 0.17%, 6, 0, 7, 163.70
1735708251, 304, 3, 40, 0, 0, 0.17%, 6, 0, 7, 143.99
1735708256, 304, 12, 40, 0, 0, 0.17%, 6, 0, 7, 141.91
1735708261, 304, 14, 40, 0, 0, 0.17%, 6, 0, 7, 152.52
1735708267, 304, 16, 40, 0, 0, 0.17%, 6, 0, 7, 146.62
1735708272, 305, 4, 40, 0, 0, 0.17%, 6, 0, 7, 146.67
1735708277, 305, 12, 40, 0, 0, 0.17%, 6, 0, 7, 152.66
1735708282, 305, 14, 40, 0, 0, 0.17%, 6, 0, 7, 147.68
1735708287, 305, 16, 40, 0, 0, 0.17%, 6, 0, 7, 145.21
1735708292, 305, 25, 40, 0, 0, 0.17%, 6, 0, 7, 151.55
1735708297, 306, 12, 40, 0, 0, 0.17%, 6, 0, 7, 142.44
1735708302, 306, 14, 40, 0, 0, 0.17%, 6, 0, 7, 136.56
1735708308, 306, 16, 40, 0, 0, 0.17%, 6, 0, 7, 139.91
1735708313, 307, 12, 40, 0, 0, 0.17%, 6, 0, 7, 146.14
1735708318, 307, 14, 40, 0, 0, 0.17%, 6, 0, 7, 148.00
1735708323, 307, 16, 40, 0, 0, 0.17%, 6, 0, 7, 141.68
1735708328, 307, 26, 40, 0, 0, 0.17%, 6, 0, 7, 143.60
1735708333, 308, 12, 40, 0, 0, 0.17%, 6, 0, 7, 138.78
1735708338, 308, 14, 40, 0, 0, 0.17%, 6, 0, 7, 145.61
1735708343, 308, 16, 40, 0, 0, 0.17%, 6, 0, 7, 142.92
1735708348, 308, 31, 40, 0, 0, 0.17%, 6, 0, 7, 148.47
1735708353, 309, 11, 40, 0, 0, 0.17%, 6, 0, 7, 144.88
1735708359, 309, 14, 40, 0, 0, 0.17%, 6, 0, 7, 140.07
1735708364, 309, 16, 40, 0, 0, 0.17%, 6, 0, 7, 135.89
1735708369, 309, 25, 40, 0, 0, 0.17%, 6, 0, 7, 154.43
1735708374, 310, 11, 40, 0, 0, 0.17%, 6, 0, 7, 152.86
1735708379, 310, 14, 40, 0, 0, 0.17%, 6, 0, 7, 148.15
1735708384, 310, 15, 40, 0, 0, 0.17%, 6, 0, 7, 143.97
1735708389, 310, 16, 40, 0, 0, 0.17%, 6, 0, 7, 133.95
1735708394, 310, 22, 40, 0, 0, 0.17%, 6, 0, 7, 148.47
1735708399, 311, 11, 40, 0, 0, 0.17%, 6, 0, 7, 142.85
1735708405, 311, 14, 40, 0, 0, 0.17%, 6, 0, 7, 142.99
1735708410, 311, 16, 40, 0, 0, 0.17%, 6, 0, 7, 146.56
1735708415, 311, 27, 40, 0, 0, 0.17%, 6, 0, 7, 152.90
1735708420, 312, 12, 40, 0, 0, 0.17%, 6, 0, 7, 145.36
1735708425, 312, 14, 40, 0, 0, 0.17%, 6, 0, 7, 136.26
1735708430, 312, 16, 40, 0, 0, 0.17%, 6, 0, 7, 139.33
1735708435, 312, 18, 40, 0, 0, 0.17%, 6, 0, 7, 148.28
1735708440, 313, 11, 40, 0, 0, 0.17%, 6, 0, 7, 139.96
1735708445, 313, 14, 40, 0, 0, 0.17%, 6, 0, 7, 140.52
1735708450, 313, 16, 40, 0, 0, 0.17%, 6, 0, 7, 150.07
1735708455, 314, 0, 40, 0, 0, 0.17%, 6, 0, 7, 152.14
1735708461, 314, 12, 40, 0, 0, 0.17%, 6, 0, 7, 141.78
1735708466, 314, 14, 40, 0, 0, 0.17%, 6, 0, 7, 151.59
1735708471, 314, 15, 40, 0, 0, 0.17%, 6, 0, 7, 148.37
1735708476, 314, 16, 40, 0, 0, 0.17%, 6, 0, 7, 146.32
1735708481, 314, 19, 40, 0, 0, 0.17%, 6, 0, 7, 143.99
1735708486, 315, 12, 40, 0, 0, 0.17%, 6, 0, 7, 138.72
1735708491, 315, 14, 40, 0, 0, 0.17%, 6, 0, 7, 141.69
1735708496, 315, 16, 40, 0, 0, 0.17%, 6, 0, 7, 146.93
1735708501, 315, 22, 40, 0, 0, 0.17%, 6, 0, 7, 150.44
1735708506, 315, 31, 40, 0, 0, 0.17%, 6, 0, 7, 153.00
1735708512, 315, 37, 40, 0, 0, 0.17%, 6, 0, 7, 154.18
1735708517, 315, 39, 40, 0, 0, 0.17%, 6, 0, 7, 166.05
1735708537, 316, 11, 40, 0, 0, 0.17%, 6, 0, 7, 142.70
1735708542, 316, 14, 40, 0, 0, 0.17%, 6, 0, 7, 144.28
1735708547, 316, 16, 40, 0, 0, 0.17%, 6, 0, 7, 141.86
1735708553, 317, 11, 40, 0, 0, 0.17%, 6, 0, 7, 144.65
1735708558, 317, 14, 40, 0, 0, 0.17%, 6, 0, 7, 142.62
1735708563, 317, 16, 40, 0, 0, 0.17%, 6, 0, 7, 146.92
1735708568, 317, 33, 40, 0, 0, 0.17%, 6, 0, 7, 146.14
1735708573, 318, 11, 40, 0, 0, 0.17%, 6, 0, 7, 147.24
1735708578, 318, 14, 40, 0, 0, 0.17%, 6, 0, 7, 142.40
1735708583, 318, 15, 40, 0, 0, 0.17%, 6, 0, 7, 140.85
1735708588, 318, 16, 40, 0, 0, 0.17%, 6, 0, 7, 138.22
1735708594, 318, 23, 40, 0, 0, 0.17%, 6, 0, 7, 150.94
1735708599, 319, 12, 40, 0, 0, 0.17%, 6, 0, 7, 150.30
1735708604, 319, 14, 40, 0, 0, 0.17%, 6, 0, 7, 152.09
1735708609, 319, 16, 40, 0, 0, 0.17%, 6, 0, 7, 143.73
1735708614, 320, 11, 40, 0, 0, 0.17%, 6, 0, 7, 142.92
1735708619, 320, 14, 40, 0, 0, 0.17%, 6, 0, 7, 142.86
1735708624, 320, 16, 40, 0, 0, 0.17%, 6, 0, 7, 134.92
1735708629, 320, 21, 40, 0, 0, 0.17%, 6, 0, 7, 137.49
1735708634, 321, 6, 40, 0, 0, 0.17%, 6, 0, 7, 140.04
1735708640, 321, 12, 40, 0, 0, 0.17%, 6, 0, 7, 132.56
1735708645, 321, 14, 40, 0, 0, 0.17%, 6, 0, 7, 139.68
1735708650, 321, 16, 40, 0, 0, 0.17%, 6, 0, 7, 144.75
1735708655, 321, 18, 40, 0, 0, 0.17%, 6, 0, 7, 147.83
1735708660, 321, 33, 40, 0, 0, 0.17%, 6, 0, 7, 151.05
1735708665, 322, 12, 40, 0, 0, 0.17%, 6, 0, 7, 144.44
1735708670, 322, 14, 40, 0, 0, 0.17%, 6, 0, 7, 142.70
1735708675, 322, 16, 40, 0, 0, 0.17%, 6, 0, 7, 141.77
1735708680, 322, 38, 40, 0, 0, 0.17%, 6, 0, 7, 159.66
1735708685, 323, 11, 40, 0, 0, 0.17%, 6, 0, 7, 142.95
1735708690, 323, 14, 40, 0, 0, 0.17%, 6, 0, 7, 144.62
1735708695, 323, 16, 40, 0, 0, 0.17%, 6, 0, 7, 147.33
1735708700, 323, 21, 40, 0, 0, 0.17%, 6, 0, 7, 149.88
1735708706, 323, 37, 40, 0, 0, 0.17%, 6, 0, 7, 150.52
1735708716, 324, 12, 40, 0, 0, 0.17%, 6, 0, 7, 142.66
1735708721, 324, 14, 40, 0, 0, 0.17%, 6, 0, 7, 143.07
1735708726, 324, 16, 40, 0, 0, 0.17%, 6, 0, 7, 140.43
1735708731, 324, 17, 40, 0, 0, 0.17%, 6, 0, 7, 142.77
1735708736, 325, 11, 40, 0, 0, 0.17%, 6, 0, 7, 143.07
1735708741, 325, 14, 40, 0, 0, 0.17%, 6, 0, 7, 137.87
1735708746, 325, 16, 40, 0, 0, 0.17%, 6, 0, 7, 134.81
1735708752, 325, 22, 40, 0, 0, 0.17%, 6, 0, 7, 147.66
1735708757, 325, 28, 40, 0, 0, 0.17%, 6, 0, 7, 147.24
