# unix_time, cycles_done, cur_path, paths_total, pending_total, pending_favs, map_size, unique_crashes, unique_hangs, max_depth, execs_per_sec
1734206294, 0, 0, 10, 10, 1, 0.01%, 0, 0, 1, 83.51
1734206304, 0, 3, 10, 9, 1, 0.01%, 0, 0, 1, 101.61
1734206314, 0, 4, 10, 8, 0, 0.01%, 0, 0, 1, 101.93
1734206324, 0, 5, 10, 7, 0, 0.01%, 0, 0, 1, 104.84
1734206334, 0, 6, 10, 6, 0, 0.01%, 0, 0, 1, 100.16
1734206344, 0, 7, 10, 5, 0, 0.01%, 0, 0, 1, 98.25
1734206354, 0, 8, 10, 4, 0, 0.01%, 0, 0, 1, 97.88
1734206365, 0, 9, 10, 3, 0, 0.01%, 0, 0, 1, 95.40
1734206375, 1, 0, 10, 2, 0, 0.01%, 0, 0, 1, 102.44
1734206380, 1, 1, 10, 2, 0, 0.01%, 0, 0, 1, 90.90
1734206390, 1, 2, 10, 1, 0, 0.01%, 0, 0, 1, 96.07
1734206406, 1, 4, 10, 0, 0, 0.01%, 0, 0, 1, 99.19
1734206411, 1, 5, 10, 0, 0, 0.01%, 0, 0, 1, 100.00
1734206416, 1, 7, 10, 0, 0, 0.01%, 0, 0, 1, 104.17
1734206421, 1, 8, 10, 0, 0, 0.01%, 0, 0, 1, 102.94
1734206426, 1, 9, 10, 0, 0, 0.01%, 0, 0, 1, 101.75
1734206431, 2, 1, 10, 0, 0, 0.01%, 0, 0, 1, 101.18
1734206436, 2, 2, 10, 0, 0, 0.01%, 0, 0, 1, 105.08
1734206441, 2, 4, 10, 0, 0, 0.01%, 0, 0, 1, 101.65
1734206446, 2, 5, 10, 0, 0, 0.01%, 0, 0, 1, 102.37
1734206451, 2, 6, 10, 0, 0, 0.01%, 0, 0, 1, 101.66
1734206457, 2, 8, 10, 0, 0, 0.01%, 0, 0, 1, 102.60
1734206462, 2, 9, 10, 0, 0, 0.01%, 0, 0, 1, 101.67
1734206467, 3, 1, 10, 0, 0, 0.01%, 0, 0, 1, 102.29
1734206472, 3, 2, 10, 0, 0, 0.01%, 0, 0, 1, 102.14
1734206477, 3, 4, 10, 0, 0, 0.01%, 0, 0, 1, 102.50
1734206482, 3, 5, 10, 0, 0, 0.01%, 0, 0, 1, 100.73
1734206487, 3, 6, 10, 0, 0, 0.01%, 0, 0, 1, 103.93
1734206492, 3, 8, 10, 0, 0, 0.01%, 0, 0, 1, 100.51
1734206497, 3, 9, 10, 0, 0, 0.01%, 0, 0, 1, 103.20
1734206502, 4, 1, 10, 0, 0, 0.01%, 0, 0, 1, 101.36
1734206507, 4, 2, 10, 0, 0, 0.01%, 0, 0, 1, 103.17
1734206512, 4, 3, 10, 0, 0, 0.01%, 0, 0, 1, 101.23
1734206517, 4, 5, 10, 0, 0, 0.01%, 0, 0, 1, 102.21
1734206523, 4, 6, 10, 0, 0, 0.01%, 0, 0, 1, 105.18
1734206528, 4, 8, 10, 0, 0, 0.01%, 0, 0, 1, 102.13
1734206533, 4, 9, 10, 0, 0, 0.01%, 0, 0, 1, 102.77
1734206538, 5, 1, 10, 0, 0, 0.01%, 0, 0, 1, 103.59
1734206543, 5, 2, 10, 0, 0, 0.01%, 0, 0, 1, 102.37
1734206548, 5, 3, 10, 0, 0, 0.01%, 0, 0, 1, 100.30
1734206553, 5, 5, 10, 0, 0, 0.01%, 0, 0, 1, 99.82
1734206558, 5, 6, 10, 0, 0, 0.01%, 0, 0, 1, 102.42
1734206563, 5, 7, 10, 0, 0, 0.01%, 0, 0, 1, 100.21
1734206568, 5, 9, 10, 0, 0, 0.01%, 0, 0, 1, 104.19
1734206573, 6, 0, 10, 0, 0, 0.01%, 0, 0, 1, 102.17
1734206578, 6, 2, 10, 0, 0, 0.01%, 0, 0, 1, 102.03
1734206583, 6, 3, 10, 0, 0, 0.01%, 0, 0, 1, 103.24
1734206588, 6, 4, 10, 0, 0, 0.01%, 0, 0, 1, 100.53
1734206594, 6, 6, 10, 0, 0, 0.01%, 0, 0, 1, 102.11
1734206599, 6, 7, 10, 0, 0, 0.01%, 0, 0, 1, 102.10
1734206604, 6, 9, 10, 0, 0, 0.01%, 0, 0, 1, 104.14
1734206609, 7, 0, 10, 0, 0, 0.01%, 0, 0, 1, 105.80
1734206614, 7, 2, 10, 0, 0, 0.01%, 0, 0, 1, 104.86
1734206619, 7, 3, 10, 0, 0, 0.01%, 0, 0, 1, 102.24
1734206624, 7, 5, 10, 0, 0, 0.01%, 0, 0, 1, 102.18
1734206629, 7, 6, 10, 0, 0, 0.01%, 0, 0, 1, 102.47
1734206634, 7, 7, 10, 0, 0, 0.01%, 0, 0, 1, 102.27
1734206639, 7, 9, 10, 0, 0, 0.01%, 0, 0, 1, 102.03
1734206644, 8, 0, 10, 0, 0, 0.01%, 0, 0, 1, 102.65
1734206650, 8, 2, 10, 0, 0, 0.01%, 0, 0, 1, 103.18
1734206655, 8, 3, 10, 0, 0, 0.01%, 0, 0, 1, 103.27
1734206660, 8, 4, 10, 0, 0, 0.01%, 0, 0, 1, 103.29
1734206665, 8, 6, 10, 0, 0, 0.01%, 0, 0, 1, 103.32
1734206670, 8, 7, 10, 0, 0, 0.01%, 0, 0, 1, 103.64
1734206675, 8, 9, 10, 0, 0, 0.01%, 0, 0, 1, 101.68
1734206680, 9, 0, 10, 0, 0, 0.01%, 0, 0, 1, 103.26
1734206685, 9, 2, 10, 0, 0, 0.01%, 0, 0, 1, 103.49
1734206690, 9, 3, 10, 0, 0, 0.01%, 0, 0, 1, 102.82
1734206695, 9, 4, 10, 0, 0, 0.01%, 0, 0, 1, 101.74
1734206700, 9, 6, 10, 0, 0, 0.01%, 0, 0, 1, 102.30
1734206706, 9, 7, 10, 0, 0, 0.01%, 0, 0, 1, 102.29
1734206711, 9, 9, 10, 0, 0, 0.01%, 0, 0, 1, 104.85
1734206716, 10, 0, 10, 0, 0, 0.01%, 0, 0, 1, 105.12
1734206721, 10, 2, 10, 0, 0, 0.01%, 0, 0, 1, 102.80
1734206726, 10, 3, 10, 0, 0, 0.01%, 0, 0, 1, 104.32
1734206731, 10, 4, 10, 0, 0, 0.01%, 0, 0, 1, 104.01
1734206736, 10, 6, 10, 0, 0, 0.01%, 0, 0, 1, 104.15
1734206741, 10, 7, 10, 0, 0, 0.01%, 0, 0, 1, 102.69
1734206746, 10, 9, 10, 0, 0, 0.01%, 0, 0, 1, 102.03
1734206751, 11, 0, 10, 0, 0, 0.01%, 0, 0, 1, 102.41
1734206756, 11, 1, 10, 0, 0, 0.01%, 0, 0, 1, 101.41
1734206761, 11, 3, 10, 0, 0, 0.01%, 0, 0, 1, 101.80
1734206766, 11, 4, 10, 0, 0, 0.01%, 0, 0, 1, 102.48
1734206771, 11, 6, 10, 0, 0, 0.01%, 0, 0, 1, 102.44
1734206776, 11, 7, 10, 0, 0, 0.01%, 0, 0, 1, 102.45
1734206782, 11, 9, 10, 0, 0, 0.01%, 0, 0, 1, 103.55
1734206787, 12, 0, 10, 0, 0, 0.01%, 0, 0, 1, 106.43
1734206792, 12, 1, 10, 0, 0, 0.01%, 0, 0, 1, 100.41
1734206797, 12, 3, 10, 0, 0, 0.01%, 0, 0, 1, 104.85
1734206802, 12, 4, 10, 0, 0, 0.01%, 0, 0, 1, 104.56
1734206807, 12, 6, 10, 0, 0, 0.01%, 0, 0, 1, 103.89
1734206812, 12, 7, 10, 0, 0, 0.01%, 0, 0, 1, 104.12
1734206817, 12, 8, 10, 0, 0, 0.01%, 0, 0, 1, 100.40
1734206822, 13, 0, 10, 0, 0, 0.01%, 0, 0, 1, 101.48
1734206827, 13, 1, 10, 0, 0, 0.01%, 0, 0, 1, 103.68
1734206832, 13, 3, 10, 0, 0, 0.01%, 0, 0, 1, 102.52
1734206837, 13, 4, 10, 0, 0, 0.01%, 0, 0, 1, 95.40
1734206843, 13, 5, 10, 0, 0, 0.01%, 0, 0, 1, 100.14
1734206848, 13, 6, 10, 0, 0, 0.01%, 0, 0, 1, 101.76
1734206853, 13, 8, 10, 0, 0, 0.01%, 0, 0, 1, 105.13
1734206858, 13, 9, 10, 0, 0, 0.01%, 0, 0, 1, 101.48
1734206863, 14, 1, 10, 0, 0, 0.01%, 0, 0, 1, 101.96
1734206868, 14, 2, 10, 0, 0, 0.01%, 0, 0, 1, 101.71
1734206873, 14, 4, 10, 0, 0, 0.01%, 0, 0, 1, 104.74
1734206878, 14, 5, 10, 0, 0, 0.01%, 0, 0, 1, 103.99
1734206883, 14, 6, 10, 0, 0, 0.01%, 0, 0, 1, 102.41
1734206889, 14, 8, 10, 0, 0, 0.01%, 0, 0, 1, 103.93
1734206894, 14, 9, 10, 0, 0, 0.01%, 0, 0, 1, 104.46
1734206899, 15, 1, 10, 0, 0, 0.01%, 0, 0, 1, 105.48
1734206904, 15, 2, 10, 0, 0, 0.01%, 0, 0, 1, 106.95
1734206909, 15, 4, 10, 0, 0, 0.01%, 0, 0, 1, 107.82
1734206914, 15, 5, 10, 0, 0, 0.01%, 0, 0, 1, 108.68
1734206919, 15, 7, 10, 0, 0, 0.01%, 0, 0, 1, 106.59
1734206925, 15, 8, 10, 0, 0, 0.01%, 0, 0, 1, 105.91
1734206930, 16, 0, 10, 0, 0, 0.01%, 0, 0, 1, 107.45
1734206935, 16, 1, 10, 0, 0, 0.01%, 0, 0, 1, 107.65
1734206940, 16, 3, 10, 0, 0, 0.01%, 0, 0, 1, 107.97
1734206945, 16, 4, 10, 0, 0, 0.01%, 0, 0, 1, 104.99
1734206950, 16, 6, 10, 0, 0, 0.01%, 0, 0, 1, 105.22
1734206955, 16, 7, 10, 0, 0, 0.01%, 0, 0, 1, 106.42
1734206960, 16, 9, 10, 0, 0, 0.01%, 0, 0, 1, 106.25
1734206965, 17, 0, 10, 0, 0, 0.01%, 0, 0, 1, 106.30
1734206970, 17, 2, 10, 0, 0, 0.01%, 0, 0, 1, 107.10
1734206976, 17, 3, 10, 0, 0, 0.01%, 0, 0, 1, 107.42
1734206981, 17, 5, 10, 0, 0, 0.01%, 0, 0, 1, 109.69
1734206986, 17, 6, 10, 0, 0, 0.01%, 0, 0, 1, 108.15
1734206991, 17, 8, 10, 0, 0, 0.01%, 0, 0, 1, 105.71
1734206996, 17, 9, 10, 0, 0, 0.01%, 0, 0, 1, 107.69
1734207001, 18, 1, 10, 0, 0, 0.01%, 0, 0, 1, 109.06
1734207006, 18, 2, 10, 0, 0, 0.01%, 0, 0, 1, 105.67
1734207011, 18, 3, 10, 0, 0, 0.01%, 0, 0, 1, 105.27
1734207016, 18, 5, 10, 0, 0, 0.01%, 0, 0, 1, 106.35
1734207021, 18, 6, 10, 0, 0, 0.01%, 0, 0, 1, 105.46
1734207026, 18, 8, 10, 0, 0, 0.01%, 0, 0, 1, 106.05
1734207031, 18, 9, 10, 0, 0, 0.01%, 0, 0, 1, 105.77
1734207036, 19, 1, 10, 0, 0, 0.01%, 0, 0, 1, 107.21
1734207042, 19, 2, 10, 0, 0, 0.01%, 0, 0, 1, 105.43
1734207047, 19, 4, 10, 0, 0, 0.01%, 0, 0, 1, 106.69
1734207052, 19, 5, 10, 0, 0, 0.01%, 0, 0, 1, 107.20
1734207057, 19, 7, 10, 0, 0, 0.01%, 0, 0, 1, 108.92
1734207062, 19, 8, 10, 0, 0, 0.01%, 0, 0, 1, 106.93
1734207067, 20, 0, 10, 0, 0, 0.01%, 0, 0, 1, 107.59
1734207072, 20, 1, 10, 0, 0, 0.01%, 0, 0, 1, 107.11
1734207078, 20, 3, 10, 0, 0, 0.01%, 0, 0, 1, 104.15
1734207083, 20, 4, 10, 0, 0, 0.01%, 0, 0, 1, 106.10
1734207088, 20, 6, 10, 0, 0, 0.01%, 0, 0, 1, 103.44
1734207093, 20, 7, 10, 0, 0, 0.01%, 0, 0, 1, 104.25
1734207098, 20, 9, 10, 0, 0, 0.01%, 0, 0, 1, 104.72
1734207103, 21, 0, 10, 0, 0, 0.01%, 0, 0, 1, 107.87
1734207108, 21, 2, 10, 0, 0, 0.01%, 0, 0, 1, 108.24
1734207113, 21, 3, 10, 0, 0, 0.01%, 0, 0, 1, 110.44
1734207118, 21, 5, 10, 0, 0, 0.01%, 0, 0, 1, 107.96
1734207123, 21, 6, 10, 0, 0, 0.01%, 0, 0, 1, 104.78
1734207128, 21, 7, 10, 0, 0, 0.01%, 0, 0, 1, 105.19
1734207134, 21, 9, 10, 0, 0, 0.01%, 0, 0, 1, 109.46
1734207139, 22, 0, 10, 0, 0, 0.01%, 0, 0, 1, 106.80
1734207144, 22, 2, 10, 0, 0, 0.01%, 0, 0, 1, 105.23
1734207149, 22, 3, 10, 0, 0, 0.01%, 0, 0, 1, 108.17
1734207154, 22, 5, 10, 0, 0, 0.01%, 0, 0, 1, 110.35
1734207159, 22, 6, 10, 0, 0, 0.01%, 0, 0, 1, 106.08
1734207164, 22, 8, 10, 0, 0, 0.01%, 0, 0, 1, 104.44
1734207169, 22, 9, 10, 0, 0, 0.01%, 0, 0, 1, 107.63
1734207174, 23, 1, 10, 0, 0, 0.01%, 0, 0, 1, 106.18
1734207179, 23, 2, 10, 0, 0, 0.01%, 0, 0, 1, 108.27
1734207184, 23, 4, 10, 0, 0, 0.01%, 0, 0, 1, 108.31
1734207190, 23, 5, 10, 0, 0, 0.01%, 0, 0, 1, 107.90
1734207195, 23, 7, 10, 0, 0, 0.01%, 0, 0, 1, 106.82
1734207200, 23, 8, 10, 0, 0, 0.01%, 0, 0, 1, 104.28
1734207205, 24, 0, 10, 0, 0, 0.01%, 0, 0, 1, 105.80
1734207210, 24, 1, 10, 0, 0, 0.01%, 0, 0, 1, 109.37
1734207215, 24, 3, 10, 0, 0, 0.01%, 0, 0, 1, 108.35
1734207220, 24, 4, 10, 0, 0, 0.01%, 0, 0, 1, 106.37
1734207225, 24, 6, 10, 0, 0, 0.01%, 0, 0, 1, 106.63
1734207230, 24, 7, 10, 0, 0, 0.01%, 0, 0, 1, 107.88
1734207235, 24, 9, 10, 0, 0, 0.01%, 0, 0, 1, 107.45
1734207240, 25, 0, 10, 0, 0, 0.01%, 0, 0, 1, 108.86
1734207245, 25, 1, 10, 0, 0, 0.01%, 0, 0, 1, 105.59
1734207250, 25, 3, 10, 0, 0, 0.01%, 0, 0, 1, 105.97
1734207255, 25, 4, 10, 0, 0, 0.01%, 0, 0, 1, 108.18
1734207260, 25, 6, 10, 0, 0, 0.01%, 0, 0, 1, 107.28
1734207266, 25, 7, 10, 0, 0, 0.01%, 0, 0, 1, 107.97
1734207271, 25, 9, 10, 0, 0, 0.01%, 0, 0, 1, 107.74
1734207276, 26, 0, 10, 0, 0, 0.01%, 0, 0, 1, 106.51
1734207281, 26, 2, 10, 0, 0, 0.01%, 0, 0, 1, 108.51
1734207286, 26, 3, 10, 0, 0, 0.01%, 0, 0, 1, 107.54
1734207291, 26, 5, 10, 0, 0, 0.01%, 0, 0, 1, 108.99
1734207296, 26, 6, 10, 0, 0, 0.01%, 0, 0, 1, 108.04
1734207301, 26, 8, 10, 0, 0, 0.01%, 0, 0, 1, 106.58
1734207306, 26, 9, 10, 0, 0, 0.01%, 0, 0, 1, 106.32
1734207311, 27, 1, 10, 0, 0, 0.01%, 0, 0, 1, 106.30
1734207316, 27, 2, 10, 0, 0, 0.01%, 0, 0, 1, 106.74
1734207321, 27, 4, 10, 0, 0, 0.01%, 0, 0, 1, 106.78
1734207327, 27, 5, 10, 0, 0, 0.01%, 0, 0, 1, 108.26
1734207332, 27, 7, 10, 0, 0, 0.01%, 0, 0, 1, 104.13
1734207337, 27, 8, 10, 0, 0, 0.01%, 0, 0, 1, 104.99
1734207342, 28, 0, 10, 0, 0, 0.01%, 0, 0, 1, 105.43
1734207347, 28, 1, 10, 0, 0, 0.01%, 0, 0, 1, 105.05
1734207352, 28, 2, 10, 0, 0, 0.01%, 0, 0, 1, 106.90
1734207357, 28, 4, 10, 0, 0, 0.01%, 0, 0, 1, 105.91
1734207362, 28, 5, 10, 0, 0, 0.01%, 0, 0, 1, 106.66
1734207367, 28, 7, 10, 0, 0, 0.01%, 0, 0, 1, 109.18
1734207372, 28, 8, 10, 0, 0, 0.01%, 0, 0, 1, 105.62
1734207377, 29, 0, 10, 0, 0, 0.01%, 0, 0, 1, 103.74
1734207382, 29, 1, 10, 0, 0, 0.01%, 0, 0, 1, 104.85
1734207387, 29, 3, 10, 0, 0, 0.01%, 0, 0, 1, 104.41
1734207393, 29, 4, 10, 0, 0, 0.01%, 0, 0, 1, 106.41
1734207398, 29, 6, 10, 0, 0, 0.01%, 0, 0, 1, 107.06
1734207403, 29, 7, 10, 0, 0, 0.01%, 0, 0, 1, 106.94
1734207408, 29, 9, 10, 0, 0, 0.01%, 0, 0, 1, 104.31
1734207413, 30, 0, 10, 0, 0, 0.01%, 0, 0, 1, 107.05
1734207418, 30, 2, 10, 0, 0, 0.01%, 0, 0, 1, 106.77
1734207423, 30, 3, 10, 0, 0, 0.01%, 0, 0, 1, 106.04
1734207428, 30, 5, 10, 0, 0, 0.01%, 0, 0, 1, 103.78
1734207433, 30, 6, 10, 0, 0, 0.01%, 0, 0, 1, 107.66
1734207439, 30, 8, 10, 0, 0, 0.01%, 0, 0, 1, 110.39
1734207444, 30, 9, 10, 0, 0, 0.01%, 0, 0, 1, 107.10
1734207449, 31, 0, 10, 0, 0, 0.01%, 0, 0, 1, 105.41
1734207454, 31, 2, 10, 0, 0, 0.01%, 0, 0, 1, 104.28
1734207459, 31, 3, 10, 0, 0, 0.01%, 0, 0, 1, 106.63
1734207464, 31, 5, 10, 0, 0, 0.01%, 0, 0, 1, 104.43
1734207469, 31, 6, 10, 0, 0, 0.01%, 0, 0, 1, 109.23
1734207474, 31, 8, 10, 0, 0, 0.01%, 0, 0, 1, 106.13
1734207479, 31, 9, 10, 0, 0, 0.01%, 0, 0, 1, 108.00
1734207484, 32, 1, 10, 0, 0, 0.01%, 0, 0, 1, 109.11
1734207489, 32, 2, 10, 0, 0, 0.01%, 0, 0, 1, 104.84
1734207494, 32, 4, 10, 0, 0, 0.01%, 0, 0, 1, 105.69
1734207499, 32, 5, 10, 0, 0, 0.01%, 0, 0, 1, 107.00
1734207504, 32, 7, 10, 0, 0, 0.01%, 0, 0, 1, 104.58
1734207509, 32, 8, 10, 0, 0, 0.01%, 0, 0, 1, 107.93
1734207515, 33, 0, 10, 0, 0, 0.01%, 0, 0, 1, 107.98
1734207520, 33, 1, 10, 0, 0, 0.01%, 0, 0, 1, 106.53
1734207525, 33, 3, 10, 0, 0, 0.01%, 0, 0, 1, 110.04
1734207530, 33, 4, 10, 0, 0, 0.01%, 0, 0, 1, 107.89
1734207535, 33, 6, 10, 0, 0, 0.01%, 0, 0, 1, 106.18
1734207540, 33, 7, 10, 0, 0, 0.01%, 0, 0, 1, 108.85
1734207545, 33, 8, 10, 0, 0, 0.01%, 0, 0, 1, 108.69
1734207550, 34, 0, 10, 0, 0, 0.01%, 0, 0, 1, 106.92
1734207555, 34, 1, 10, 0, 0, 0.01%, 0, 0, 1, 106.89
1734207560, 34, 3, 10, 0, 0, 0.01%, 0, 0, 1, 109.22
1734207565, 34, 4, 10, 0, 0, 0.01%, 0, 0, 1, 103.88
1734207570, 34, 6, 10, 0, 0, 0.01%, 0, 0, 1, 106.10
1734207575, 34, 7, 10, 0, 0, 0.01%, 0, 0, 1, 104.67
1734207581, 34, 9, 10, 0, 0, 0.01%, 0, 0, 1, 104.99
1734207586, 35, 0, 10, 0, 0, 0.01%, 0, 0, 1, 107.29
1734207591, 35, 2, 10, 0, 0, 0.01%, 0, 0, 1, 102.22
1734207596, 35, 3, 10, 0, 0, 0.01%, 0, 0, 1, 106.73
1734207601, 35, 5, 10, 0, 0, 0.01%, 0, 0, 1, 106.66
1734207606, 35, 6, 10, 0, 0, 0.01%, 0, 0, 1, 106.86
1734207611, 35, 8, 10, 0, 0, 0.01%, 0, 0, 1, 105.61
1734207616, 35, 9, 10, 0, 0, 0.01%, 0, 0, 1, 106.77
1734207621, 36, 1, 10, 0, 0, 0.01%, 0, 0, 1, 109.71
1734207626, 36, 2, 10, 0, 0, 0.01%, 0, 0, 1, 107.79
1734207631, 36, 4, 10, 0, 0, 0.01%, 0, 0, 1, 105.60
1734207636, 36, 5, 10, 0, 0, 0.01%, 0, 0, 1, 108.04
1734207641, 36, 6, 10, 0, 0, 0.01%, 0, 0, 1, 106.19
1734207647, 36, 8, 10, 0, 0, 0.01%, 0, 0, 1, 108.95
1734207652, 36, 9, 10, 0, 0, 0.01%, 0, 0, 1, 109.56
1734207657, 37, 1, 10, 0, 0, 0.01%, 0, 0, 1, 105.75
1734207662, 37, 2, 10, 0, 0, 0.01%, 0, 0, 1, 104.99
1734207667, 37, 4, 10, 0, 0, 0.01%, 0, 0, 1, 104.47
1734207672, 37, 5, 10, 0, 0, 0.01%, 0, 0, 1, 103.74
1734207677, 37, 7, 10, 0, 0, 0.01%, 0, 0, 1, 102.69
1734207682, 37, 8, 10, 0, 0, 0.01%, 0, 0, 1, 104.86
1734207687, 38, 0, 10, 0, 0, 0.01%, 0, 0, 1, 107.13
1734207693, 38, 1, 10, 0, 0, 0.01%, 0, 0, 1, 107.75
1734207698, 38, 3, 10, 0, 0, 0.01%, 0, 0, 1, 110.56
1734207703, 38, 4, 10, 0, 0, 0.01%, 0, 0, 1, 110.62
1734207708, 38, 6, 10, 0, 0, 0.01%, 0, 0, 1, 109.86
1734207713, 38, 7, 10, 0, 0, 0.01%, 0, 0, 1, 109.18
1734207718, 38, 9, 10, 0, 0, 0.01%, 0, 0, 1, 106.07
1734207723, 39, 0, 10, 0, 0, 0.01%, 0, 0, 1, 107.11
1734207729, 39, 2, 10, 0, 0, 0.01%, 0, 0, 1, 109.12
1734207734, 39, 3, 10, 0, 0, 0.01%, 0, 0, 1, 108.66
1734207739, 39, 5, 10, 0, 0, 0.01%, 0, 0, 1, 105.39
1734207744, 39, 6, 10, 0, 0, 0.01%, 0, 0, 1, 107.75
1734207749, 39, 8, 10, 0, 0, 0.01%, 0, 0, 1, 109.07
1734207754, 39, 9, 10, 0, 0, 0.01%, 0, 0, 1, 107.90
1734207760, 40, 1, 10, 0, 0, 0.01%, 0, 0, 1, 105.82
1734207765, 40, 2, 10, 0, 0, 0.01%, 0, 0, 1, 109.45
1734207770, 40, 4, 10, 0, 0, 0.01%, 0, 0, 1, 107.50
1734207775, 40, 5, 10, 0, 0, 0.01%, 0, 0, 1, 106.93
1734207780, 40, 7, 10, 0, 0, 0.01%, 0, 0, 1, 106.52
1734207785, 40, 8, 10, 0, 0, 0.01%, 0, 0, 1, 104.88
1734207790, 41, 0, 10, 0, 0, 0.01%, 0, 0, 1, 106.71
1734207795, 41, 1, 10, 0, 0, 0.01%, 0, 0, 1, 106.78
1734207800, 41, 3, 10, 0, 0, 0.01%, 0, 0, 1, 109.23
1734207805, 41, 4, 10, 0, 0, 0.01%, 0, 0, 1, 105.10
1734207811, 41, 6, 10, 0, 0, 0.01%, 0, 0, 1, 105.31
1734207816, 41, 7, 10, 0, 0, 0.01%, 0, 0, 1, 107.97
1734207821, 41, 9, 10, 0, 0, 0.01%, 0, 0, 1, 107.97
1734207826, 42, 0, 10, 0, 0, 0.01%, 0, 0, 1, 109.18
1734207831, 42, 2, 10, 0, 0, 0.01%, 0, 0, 1, 107.79
1734207836, 42, 3, 10, 0, 0, 0.01%, 0, 0, 1, 107.41
1734207841, 42, 5, 10, 0, 0, 0.01%, 0, 0, 1, 106.34
1734207846, 42, 6, 10, 0, 0, 0.01%, 0, 0, 1, 108.85
1734207851, 42, 8, 10, 0, 0, 0.01%, 0, 0, 1, 107.43
1734207856, 42, 9, 10, 0, 0, 0.01%, 0, 0, 1, 105.04
1734207862, 43, 1, 10, 0, 0, 0.01%, 0, 0, 1, 107.85
1734207867, 43, 2, 10, 0, 0, 0.01%, 0, 0, 1, 106.11
1734207872, 43, 3, 10, 0, 0, 0.01%, 0, 0, 1, 105.96
1734207877, 43, 5, 10, 0, 0, 0.01%, 0, 0, 1, 110.33
1734207882, 43, 7, 10, 0, 0, 0.01%, 0, 0, 1, 104.40
1734207887, 43, 8, 10, 0, 0, 0.01%, 0, 0, 1, 104.94
1734207892, 43, 9, 10, 0, 0, 0.01%, 0, 0, 1, 104.96
1734207897, 44, 1, 10, 0, 0, 0.01%, 0, 0, 1, 107.15
1734207902, 44, 2, 10, 0, 0, 0.01%, 0, 0, 1, 108.85
1734207907, 44, 4, 10, 0, 0, 0.01%, 0, 0, 1, 107.85
1734207913, 44, 5, 10, 0, 0, 0.01%, 0, 0, 1, 104.98
1734207918, 44, 7, 10, 0, 0, 0.01%, 0, 0, 1, 108.05
1734207923, 44, 8, 10, 0, 0, 0.01%, 0, 0, 1, 107.52
1734207928, 45, 0, 10, 0, 0, 0.01%, 0, 0, 1, 107.00
1734207933, 45, 1, 10, 0, 0, 0.01%, 0, 0, 1, 105.58
1734207938, 45, 3, 10, 0, 0, 0.01%, 0, 0, 1, 107.75
1734207943, 45, 4, 10, 0, 0, 0.01%, 0, 0, 1, 106.91
1734207948, 45, 6, 10, 0, 0, 0.01%, 0, 0, 1, 105.15
1734207953, 45, 7, 10, 0, 0, 0.01%, 0, 0, 1, 108.54
1734207959, 45, 9, 10, 0, 0, 0.01%, 0, 0, 1, 109.47
1734207964, 46, 0, 10, 0, 0, 0.01%, 0, 0, 1, 109.22
1734207969, 46, 2, 10, 0, 0, 0.01%, 0, 0, 1, 108.37
1734207974, 46, 3, 10, 0, 0, 0.01%, 0, 0, 1, 106.40
1734207979, 46, 5, 10, 0, 0, 0.01%, 0, 0, 1, 105.79
1734207984, 46, 6, 10, 0, 0, 0.01%, 0, 0, 1, 106.96
1734207990, 46, 8, 10, 0, 0, 0.01%, 0, 0, 1, 109.88
1734207995, 46, 9, 10, 0, 0, 0.01%, 0, 0, 1, 106.86
1734208000, 47, 1, 10, 0, 0, 0.01%, 0, 0, 1, 106.88
1734208005, 47, 2, 10, 0, 0, 0.01%, 0, 0, 1, 107.60
1734208010, 47, 4, 10, 0, 0, 0.01%, 0, 0, 1, 106.01
1734208015, 47, 5, 10, 0, 0, 0.01%, 0, 0, 1, 108.42
1734208020, 47, 7, 10, 0, 0, 0.01%, 0, 0, 1, 109.03
1734208025, 47, 8, 10, 0, 0, 0.01%, 0, 0, 1, 107.35
1734208030, 48, 0, 10, 0, 0, 0.01%, 0, 0, 1, 108.13
1734208035, 48, 1, 10, 0, 0, 0.01%, 0, 0, 1, 107.52
1734208040, 48, 3, 10, 0, 0, 0.01%, 0, 0, 1, 107.62
1734208045, 48, 4, 10, 0, 0, 0.01%, 0, 0, 1, 107.39
1734208051, 48, 5, 10, 0, 0, 0.01%, 0, 0, 1, 106.85
1734208056, 48, 7, 10, 0, 0, 0.01%, 0, 0, 1, 105.72
1734208061, 48, 8, 10, 0, 0, 0.01%, 0, 0, 1, 107.03
1734208066, 49, 0, 10, 0, 0, 0.01%, 0, 0, 1, 107.27
1734208071, 49, 1, 10, 0, 0, 0.01%, 0, 0, 1, 105.98
1734208076, 49, 3, 10, 0, 0, 0.01%, 0, 0, 1, 108.60
1734208081, 49, 4, 10, 0, 0, 0.01%, 0, 0, 1, 106.31
1734208086, 49, 6, 10, 0, 0, 0.01%, 0, 0, 1, 108.26
1734208091, 49, 7, 10, 0, 0, 0.01%, 0, 0, 1, 108.05
1734208096, 49, 9, 10, 0, 0, 0.01%, 0, 0, 1, 107.84
1734208101, 50, 0, 10, 0, 0, 0.01%, 0, 0, 1, 108.11
1734208106, 50, 2, 10, 0, 0, 0.01%, 0, 0, 1, 108.48
1734208111, 50, 3, 10, 0, 0, 0.01%, 0, 0, 1, 107.15
1734208116, 50, 5, 10, 0, 0, 0.01%, 0, 0, 1, 107.61
1734208121, 50, 6, 10, 0, 0, 0.01%, 0, 0, 1, 108.39
1734208126, 50, 8, 10, 0, 0, 0.01%, 0, 0, 1, 109.74
1734208131, 50, 9, 10, 0, 0, 0.01%, 0, 0, 1, 105.62
1734208137, 51, 1, 10, 0, 0, 0.01%, 0, 0, 1, 108.13
1734208142, 51, 2, 10, 0, 0, 0.01%, 0, 0, 1, 108.83
1734208147, 51, 4, 10, 0, 0, 0.01%, 0, 0, 1, 105.99
1734208152, 51, 5, 10, 0, 0, 0.01%, 0, 0, 1, 106.20
1734208157, 51, 7, 10, 0, 0, 0.01%, 0, 0, 1, 109.55
1734208162, 51, 8, 10, 0, 0, 0.01%, 0, 0, 1, 108.30
1734208167, 52, 0, 10, 0, 0, 0.01%, 0, 0, 1, 109.09
1734208172, 52, 1, 10, 0, 0, 0.01%, 0, 0, 1, 104.26
1734208177, 52, 3, 10, 0, 0, 0.01%, 0, 0, 1, 108.23
1734208182, 52, 4, 10, 0, 0, 0.01%, 0, 0, 1, 105.70
1734208187, 52, 5, 10, 0, 0, 0.01%, 0, 0, 1, 107.04
1734208192, 52, 7, 10, 0, 0, 0.01%, 0, 0, 1, 106.58
1734208197, 52, 8, 10, 0, 0, 0.01%, 0, 0, 1, 105.84
1734208202, 53, 0, 10, 0, 0, 0.01%, 0, 0, 1, 105.51
1734208208, 53, 1, 10, 0, 0, 0.01%, 0, 0, 1, 105.24
1734208213, 53, 3, 10, 0, 0, 0.01%, 0, 0, 1, 105.27
1734208218, 53, 4, 10, 0, 0, 0.01%, 0, 0, 1, 108.17
1734208223, 53, 6, 10, 0, 0, 0.01%, 0, 0, 1, 106.00
1734208228, 53, 7, 10, 0, 0, 0.01%, 0, 0, 1, 108.05
1734208233, 53, 9, 10, 0, 0, 0.01%, 0, 0, 1, 109.13
1734208238, 54, 0, 10, 0, 0, 0.01%, 0, 0, 1, 108.32
1734208243, 54, 2, 10, 0, 0, 0.01%, 0, 0, 1, 106.39
1734208248, 54, 3, 10, 0, 0, 0.01%, 0, 0, 1, 107.91
1734208253, 54, 5, 10, 0, 0, 0.01%, 0, 0, 1, 105.35
1734208258, 54, 6, 10, 0, 0, 0.01%, 0, 0, 1, 106.03
1734208263, 54, 8, 10, 0, 0, 0.01%, 0, 0, 1, 105.46
1734208268, 54, 9, 10, 0, 0, 0.01%, 0, 0, 1, 105.10
1734208273, 55, 0, 10, 0, 0, 0.01%, 0, 0, 1, 107.40
1734208278, 55, 2, 10, 0, 0, 0.01%, 0, 0, 1, 108.25
1734208284, 55, 3, 10, 0, 0, 0.01%, 0, 0, 1, 108.86
1734208289, 55, 5, 10, 0, 0, 0.01%, 0, 0, 1, 106.80
1734208294, 55, 6, 10, 0, 0, 0.01%, 0, 0, 1, 105.47
1734208299, 55, 8, 10, 0, 0, 0.01%, 0, 0, 1, 105.65
1734208304, 55, 9, 10, 0, 0, 0.01%, 0, 0, 1, 105.60
1734208309, 56, 1, 10, 0, 0, 0.01%, 0, 0, 1, 104.53
1734208314, 56, 2, 10, 0, 0, 0.01%, 0, 0, 1, 108.93
1734208319, 56, 4, 10, 0, 0, 0.01%, 0, 0, 1, 105.92
1734208324, 56, 5, 10, 0, 0, 0.01%, 0, 0, 1, 106.40
1734208329, 56, 7, 10, 0, 0, 0.01%, 0, 0, 1, 110.29
1734208334, 56, 8, 10, 0, 0, 0.01%, 0, 0, 1, 109.09
1734208339, 56, 9, 10, 0, 0, 0.01%, 0, 0, 1, 107.21
1734208344, 57, 1, 10, 0, 0, 0.01%, 0, 0, 1, 105.86
1734208349, 57, 2, 10, 0, 0, 0.01%, 0, 0, 1, 105.57
1734208354, 57, 4, 10, 0, 0, 0.01%, 0, 0, 1, 107.00
1734208359, 57, 5, 10, 0, 0, 0.01%, 0, 0, 1, 105.41
1734208364, 57, 7, 10, 0, 0, 0.01%, 0, 0, 1, 107.03
1734208369, 57, 8, 10, 0, 0, 0.01%, 0, 0, 1, 108.38
1734208374, 58, 0, 10, 0, 0, 0.01%, 0, 0, 1, 104.27
1734208379, 58, 1, 10, 0, 0, 0.01%, 0, 0, 1, 106.90
1734208385, 58, 3, 10, 0, 0, 0.01%, 0, 0, 1, 109.58
1734208390, 58, 4, 10, 0, 0, 0.01%, 0, 0, 1, 107.53
1734208395, 58, 6, 10, 0, 0, 0.01%, 0, 0, 1, 106.42
1734208400, 58, 7, 10, 0, 0, 0.01%, 0, 0, 1, 108.39
1734208405, 58, 9, 10, 0, 0, 0.01%, 0, 0, 1, 105.66
1734208410, 59, 0, 10, 0, 0, 0.01%, 0, 0, 1, 106.05
1734208415, 59, 2, 10, 0, 0, 0.01%, 0, 0, 1, 105.41
1734208421, 59, 3, 11, 1, 0, 0.16%, 1, 0, 2, 107.11
1734208426, 59, 10, 11, 1, 1, 0.16%, 1, 0, 2, 107.92
1734208431, 59, 10, 12, 2, 1, 0.16%, 2, 0, 3, 116.39
1734208507, 59, 11, 12, 1, 1, 0.16%, 2, 0, 3, 128.33
1734208512, 59, 11, 13, 2, 1, 0.16%, 3, 0, 4, 125.03
1734208527, 59, 11, 14, 3, 1, 0.17%, 4, 0, 4, 117.51
1734208573, 59, 11, 15, 4, 1, 0.17%, 4, 0, 4, 119.92
1734208614, 59, 11, 16, 5, 1, 0.17%, 4, 0, 4, 116.09
1734208630, 59, 11, 17, 6, 1, 0.17%, 4, 0, 4, 114.04
1734208640, 59, 11, 18, 7, 1, 0.17%, 4, 0, 4, 116.47
1734208645, 59, 12, 18, 6, 2, 0.17%, 4, 0, 4, 139.42
1734208650, 59, 12, 19, 7, 2, 0.17%, 4, 0, 5, 121.63
1734208661, 59, 12, 20, 8, 2, 0.17%, 4, 0, 5, 116.32
1734208696, 59, 12, 21, 9, 2, 0.17%, 4, 0, 5, 113.20
1734208727, 59, 12, 22, 10, 2, 0.17%, 4, 0, 5, 114.13
1734208794, 59, 12, 23, 11, 2, 0.17%, 4, 0, 5, 129.36
1734208799, 59, 12, 24, 12, 2, 0.17%, 4, 0, 5, 123.13
1734208819, 59, 13, 25, 12, 1, 0.17%, 5, 0, 5, 140.55
1734208896, 59, 24, 25, 11, 1, 0.17%, 5, 0, 5, 118.29
1734208907, 59, 24, 26, 12, 1, 0.17%, 5, 0, 6, 118.33
1734208917, 59, 24, 27, 13, 1, 0.17%, 5, 0, 6, 116.73
1734208927, 59, 24, 28, 14, 1, 0.17%, 5, 0, 6, 116.75
1734208999, 59, 24, 29, 15, 1, 0.17%, 5, 0, 6, 117.98
1734209029, 59, 25, 29, 14, 0, 0.17%, 5, 0, 6, 125.98
1734209050, 59, 25, 30, 15, 0, 0.17%, 5, 0, 7, 257.42
1734209060, 59, 25, 31, 16, 0, 0.17%, 5, 0, 7, 248.34
1734209075, 59, 25, 33, 18, 0, 0.17%, 6, 0, 7, 247.20
1734209238, 59, 25, 34, 19, 0, 0.17%, 6, 0, 7, 145.06
1734209249, 59, 27, 34, 18, 0, 0.17%, 6, 0, 7, 183.45
1734209264, 59, 27, 35, 19, 0, 0.17%, 6, 0, 7, 126.98
1734209295, 59, 27, 36, 20, 0, 0.17%, 6, 0, 7, 126.68
1734209377, 59, 28, 36, 19, 0, 0.17%, 6, 0, 7, 137.88
1734209952, 59, 28, 37, 20, 0, 0.17%, 6, 0, 7, 245.94
1734209977, 59, 28, 38, 21, 0, 0.17%, 6, 0, 7, 192.14
1734210003, 59, 28, 39, 22, 0, 0.17%, 6, 0, 7, 197.68
1734210039, 59, 30, 39, 21, 0, 0.17%, 6, 0, 7, 194.88
1734210172, 59, 34, 39, 20, 0, 0.17%, 6, 0, 7, 175.48
1734210259, 59, 37, 39, 19, 0, 0.17%, 6, 0, 7, 107.50
1734210906, 59, 37, 41, 21, 0, 0.17%, 7, 0, 8, 136.81
1734210998, 59, 39, 41, 20, 0, 0.17%, 7, 0, 8, 200.85
1734211079, 60, 7, 41, 19, 0, 0.17%, 7, 0, 8, 151.51
1734211084, 60, 10, 41, 19, 0, 0.17%, 7, 0, 8, 127.18
1734211094, 60, 11, 41, 19, 0, 0.17%, 7, 0, 8, 127.23
1734211105, 60, 12, 41, 19, 0, 0.17%, 7, 0, 8, 129.09
1734211125, 60, 13, 41, 19, 0, 0.17%, 7, 0, 8, 138.00
1734211146, 60, 18, 41, 19, 0, 0.17%, 7, 0, 8, 158.16
1734211197, 60, 24, 41, 18, 0, 0.17%, 7, 0, 8, 131.71
1734211218, 60, 26, 41, 18, 0, 0.17%, 7, 0, 8, 156.34
1734211269, 60, 30, 41, 17, 0, 0.17%, 7, 0, 8, 160.52
1734211285, 60, 32, 41, 17, 0, 0.17%, 7, 0, 8, 127.51
1734211469, 60, 35, 41, 16, 0, 0.17%, 7, 0, 8, 159.54
1734211551, 60, 36, 41, 15, 0, 0.17%, 7, 0, 8, 94.49
1734212232, 61, 10, 41, 14, 0, 0.17%, 7, 0, 8, 141.58
1734212242, 61, 11, 41, 14, 0, 0.17%, 7, 0, 8, 132.00
1734212252, 61, 12, 41, 14, 0, 0.17%, 7, 0, 8, 136.82
1734212273, 61, 13, 41, 14, 0, 0.17%, 7, 0, 8, 129.26
1734212294, 61, 15, 41, 14, 0, 0.17%, 7, 0, 8, 157.96
1734212340, 61, 17, 41, 13, 0, 0.17%, 7, 0, 8, 157.02
1734212396, 61, 22, 41, 12, 0, 0.17%, 7, 0, 8, 199.93
1734212447, 61, 24, 41, 11, 0, 0.17%, 7, 0, 8, 133.12
1734212463, 61, 38, 41, 11, 0, 0.17%, 7, 0, 8, 126.31
1734213212, 62, 9, 41, 10, 0, 0.17%, 7, 0, 8, 143.60
1734213217, 62, 10, 41, 10, 0, 0.17%, 7, 0, 8, 131.35
1734213227, 62, 11, 41, 10, 0, 0.17%, 7, 0, 8, 131.42
1734213237, 62, 12, 41, 10, 0, 0.17%, 7, 0, 8, 135.04
1734213258, 62, 13, 41, 10, 0, 0.17%, 7, 0, 8, 131.77
1734213279, 62, 19, 41, 10, 0, 0.17%, 7, 0, 8, 173.81
1734213340, 62, 24, 41, 9, 0, 0.17%, 7, 0, 8, 137.39
1734213355, 62, 28, 41, 9, 0, 0.17%, 7, 0, 8, 152.58
1734213376, 62, 31, 41, 9, 0, 0.17%, 7, 0, 8, 167.15
1734213564, 62, 36, 41, 8, 0, 0.17%, 7, 0, 8, 188.36
1734213579, 63, 10, 41, 8, 0, 0.17%, 7, 0, 8, 132.76
1734213595, 63, 11, 41, 8, 0, 0.17%, 7, 0, 8, 130.09
1734213605, 63, 12, 41, 8, 0, 0.17%, 7, 0, 8, 128.61
1734213626, 63, 13, 41, 8, 0, 0.17%, 7, 0, 8, 134.05
1734213646, 63, 23, 41, 8, 0, 0.17%, 7, 0, 8, 134.49
1734213697, 63, 24, 41, 7, 0, 0.17%, 7, 0, 8, 131.25
1734213713, 64, 10, 41, 7, 0, 0.17%, 7, 0, 8, 126.52
1734213723, 64, 11, 41, 7, 0, 0.17%, 7, 0, 8, 146.43
1734213733, 64, 12, 41, 7, 0, 0.17%, 7, 0, 8, 137.70
1734213754, 64, 13, 41, 7, 0, 0.17%, 7, 0, 8, 144.64
1734213774, 64, 24, 41, 7, 0, 0.17%, 7, 0, 8, 128.21
1734213795, 65, 10, 41, 7, 0, 0.17%, 7, 0, 8, 137.90
1734213800, 65, 10, 41, 7, 0, 0.17%, 8, 0, 8, 134.35
1734213805, 65, 11, 41, 7, 0, 0.17%, 8, 0, 8, 132.09
1734213815, 65, 12, 41, 7, 0, 0.17%, 8, 0, 8, 140.53
1734213836, 65, 13, 41, 7, 0, 0.17%, 8, 0, 8, 135.11
1734213861, 65, 21, 41, 7, 0, 0.17%, 8, 0, 8, 208.79
1734213978, 65, 24, 41, 6, 0, 0.17%, 8, 0, 8, 133.85
1734213999, 65, 31, 41, 6, 0, 0.17%, 8, 0, 8, 147.91
1734214014, 66, 10, 41, 6, 0, 0.17%, 8, 0, 8, 146.36
1734214024, 66, 11, 41, 6, 0, 0.17%, 8, 0, 8, 127.67
1734214035, 66, 12, 41, 6, 0, 0.17%, 8, 0, 8, 135.42
1734214055, 66, 13, 41, 6, 0, 0.17%, 8, 0, 8, 136.29
1734214076, 66, 20, 41, 6, 0, 0.17%, 8, 0, 8, 169.51
1734214132, 66, 24, 41, 5, 0, 0.17%, 8, 0, 8, 133.25
1734214153, 66, 28, 41, 5, 0, 0.17%, 8, 0, 8, 192.98
1734214168, 66, 29, 41, 5, 0, 0.17%, 8, 0, 8, 155.60
1734214220, 66, 33, 41, 4, 0, 0.17%, 8, 0, 8, 209.41
1734214358, 67, 10, 41, 3, 0, 0.17%, 8, 0, 8, 149.12
1734214368, 67, 11, 41, 3, 0, 0.17%, 8, 0, 8, 143.06
1734214378, 67, 12, 41, 3, 0, 0.17%, 8, 0, 8, 147.20
1734214399, 67, 13, 41, 3, 0, 0.17%, 8, 0, 8, 140.39
1734214419, 67, 16, 41, 3, 0, 0.17%, 8, 0, 8, 138.40
1734214471, 67, 19, 41, 2, 0, 0.17%, 8, 0, 8, 153.12
1734214491, 67, 24, 41, 2, 0, 0.17%, 8, 0, 8, 137.12
1734214506, 67, 40, 41, 2, 0, 0.17%, 8, 0, 8, 124.72
1734215227, 68, 10, 41, 1, 0, 0.17%, 8, 0, 8, 149.97
1734215237, 68, 11, 41, 1, 0, 0.17%, 8, 0, 8, 144.19
1734215247, 68, 12, 41, 1, 0, 0.17%, 8, 0, 8, 136.59
1734215262, 68, 13, 41, 1, 0, 0.17%, 8, 0, 8, 150.94
1734215288, 68, 14, 41, 1, 0, 0.17%, 8, 0, 8, 174.87
1734215334, 68, 24, 41, 0, 0, 0.17%, 8, 0, 8, 131.56
1734215355, 69, 10, 41, 0, 0, 0.17%, 8, 0, 8, 128.12
1734215365, 69, 11, 41, 0, 0, 0.17%, 8, 0, 8, 132.24
1734215376, 69, 12, 41, 0, 0, 0.17%, 8, 0, 8, 132.56
1734215396, 69, 13, 41, 0, 0, 0.17%, 8, 0, 8, 141.99
1734215417, 69, 15, 41, 0, 0, 0.17%, 8, 0, 8, 136.55
1734215432, 69, 24, 41, 0, 0, 0.17%, 8, 0, 8, 147.04
1734215453, 70, 10, 41, 0, 0, 0.17%, 8, 0, 8, 128.39
1734215463, 70, 11, 41, 0, 0, 0.17%, 8, 0, 8, 133.80
1734215473, 70, 12, 41, 0, 0, 0.17%, 8, 0, 8, 141.02
1734215489, 70, 13, 41, 0, 0, 0.17%, 8, 0, 8, 143.73
1734215509, 70, 20, 41, 0, 0, 0.17%, 8, 0, 8, 147.33
1734215530, 70, 21, 41, 0, 0, 0.17%, 8, 0, 8, 141.59
1734215550, 70, 24, 41, 0, 0, 0.17%, 8, 0, 8, 134.05
1734215570, 70, 34, 41, 0, 0, 0.17%, 8, 0, 8, 149.12
1734215601, 71, 6, 41, 0, 0, 0.17%, 8, 0, 8, 136.96
1734215606, 71, 10, 41, 0, 0, 0.17%, 8, 0, 8, 135.17
1734215616, 71, 11, 41, 0, 0, 0.17%, 8, 0, 8, 130.53
1734215626, 71, 12, 41, 0, 0, 0.17%, 8, 0, 8, 140.63
1734215647, 71, 13, 41, 0, 0, 0.17%, 8, 0, 8, 132.79
1734215667, 71, 22, 41, 0, 0, 0.17%, 8, 0, 8, 142.89
1734215688, 71, 24, 41, 0, 0, 0.17%, 8, 0, 8, 129.08
1734215708, 71, 35, 41, 0, 0, 0.17%, 8, 0, 8, 141.45
1734215739, 72, 10, 41, 0, 0, 0.17%, 8, 0, 8, 133.17
1734215750, 72, 11, 41, 0, 0, 0.17%, 8, 0, 8, 135.06
1734215760, 72, 12, 41, 0, 0, 0.17%, 8, 0, 8, 129.58
1734215775, 72, 13, 41, 0, 0, 0.17%, 8, 0, 8, 136.85
1734215796, 72, 14, 41, 0, 0, 0.17%, 8, 0, 8, 144.60
1734215816, 72, 24, 41, 0, 0, 0.17%, 8, 0, 8, 136.65
1734215837, 73, 10, 41, 0, 0, 0.17%, 8, 0, 8, 135.59
1734215842, 73, 11, 41, 0, 0, 0.17%, 8, 0, 8, 132.63
1734215847, 73, 12, 41, 0, 0, 0.17%, 8, 0, 8, 137.49
1734215857, 73, 13, 41, 0, 0, 0.17%, 8, 0, 8, 138.78
1734215867, 73, 24, 41, 0, 0, 0.17%, 8, 0, 8, 135.50
1734215877, 73, 33, 41, 0, 0, 0.17%, 8, 0, 8, 147.67
1734215908, 74, 10, 41, 0, 0, 0.17%, 8, 0, 8, 137.77
1734215913, 74, 11, 41, 0, 0, 0.17%, 8, 0, 8, 135.88
1734215918, 74, 12, 41, 0, 0, 0.17%, 8, 0, 8, 138.71
1734215928, 74, 13, 41, 0, 0, 0.17%, 8, 0, 8, 132.24
1734215939, 74, 23, 41, 0, 0, 0.17%, 8, 0, 8, 141.49
1734215959, 74, 24, 41, 0, 0, 0.17%, 8, 0, 8, 126.15
1734215970, 74, 25, 41, 0, 0, 0.17%, 8, 0, 8, 153.53
1734215990, 74, 39, 41, 0, 0, 0.17%, 8, 0, 8, 154.29
1734216021, 75, 10, 41, 0, 0, 0.17%, 8, 0, 8, 136.30
1734216026, 75, 11, 41, 0, 0, 0.17%, 8, 0, 8, 137.99
1734216031, 75, 12, 41, 0, 0, 0.17%, 8, 0, 8, 134.73
1734216041, 75, 13, 41, 0, 0, 0.17%, 8, 0, 8, 129.00
1734216051, 75, 24, 41, 0, 0, 0.17%, 8, 0, 8, 136.79
1734216062, 76, 10, 41, 0, 0, 0.17%, 8, 0, 8, 142.64
1734216067, 76, 12, 41, 0, 0, 0.17%, 8, 0, 8, 136.73
1734216072, 76, 13, 41, 0, 0, 0.17%, 8, 0, 8, 130.84
1734216077, 76, 23, 41, 0, 0, 0.17%, 8, 0, 8, 141.93
1734216098, 76, 24, 41, 0, 0, 0.17%, 8, 0, 8, 134.06
1734216103, 76, 28, 41, 0, 0, 0.17%, 8, 0, 8, 145.82
1734216123, 76, 32, 41, 0, 0, 0.17%, 8, 0, 8, 154.76
1734216144, 76, 35, 41, 0, 0, 0.17%, 8, 0, 8, 135.96
1734216175, 77, 10, 41, 0, 0, 0.17%, 8, 0, 8, 135.94
1734216180, 77, 12, 41, 0, 0, 0.17%, 8, 0, 8, 133.41
1734216185, 77, 13, 41, 0, 0, 0.17%, 8, 0, 8, 134.53
1734216190, 77, 24, 41, 0, 0, 0.17%, 8, 0, 8, 139.57
1734216195, 77, 37, 41, 0, 0, 0.17%, 8, 0, 8, 161.88
1734216216, 78, 10, 41, 0, 0, 0.17%, 8, 0, 8, 139.06
1734216221, 78, 12, 41, 0, 0, 0.17%, 8, 0, 8, 134.68
1734216226, 78, 13, 41, 0, 0, 0.17%, 8, 0, 8, 139.79
1734216231, 78, 24, 41, 0, 0, 0.17%, 8, 0, 8, 135.10
1734216236, 79, 10, 41, 0, 0, 0.17%, 8, 0, 8, 137.55
1734216242, 79, 12, 41, 0, 0, 0.17%, 8, 0, 8, 140.23
1734216247, 79, 13, 41, 0, 0, 0.17%, 8, 0, 8, 135.33
1734216252, 79, 19, 41, 0, 0, 0.17%, 8, 0, 8, 143.18
1734216272, 79, 24, 41, 0, 0, 0.17%, 8, 0, 8, 127.45
1734216277, 79, 36, 41, 0, 0, 0.17%, 8, 0, 8, 177.46
1734216298, 80, 11, 41, 0, 0, 0.17%, 8, 0, 8, 136.06
1734216303, 80, 12, 41, 0, 0, 0.17%, 8, 0, 8, 148.22
1734216308, 80, 13, 41, 0, 0, 0.17%, 8, 0, 8, 137.09
1734216313, 80, 24, 41, 0, 0, 0.17%, 8, 0, 8, 146.29
1734216318, 80, 30, 41, 0, 0, 0.17%, 8, 0, 8, 164.12
1734216333, 80, 38, 41, 0, 0, 0.17%, 8, 0, 8, 134.05
1734216354, 81, 7, 41, 0, 0, 0.17%, 8, 0, 8, 137.70
1734216359, 81, 11, 41, 0, 0, 0.17%, 8, 0, 8, 140.80
1734216364, 81, 13, 41, 0, 0, 0.17%, 8, 0, 8, 138.28
1734216369, 81, 24, 41, 0, 0, 0.17%, 8, 0, 8, 140.82
1734216374, 81, 33, 41, 0, 0, 0.17%, 8, 0, 8, 135.38
1734216405, 82, 10, 41, 0, 0, 0.17%, 8, 0, 8, 129.59
1734216410, 82, 12, 41, 0, 0, 0.17%, 8, 0, 8, 134.83
1734216415, 82, 13, 41, 0, 0, 0.17%, 8, 0, 8, 142.13
1734216420, 82, 24, 41, 0, 0, 0.17%, 8, 0, 8, 136.12
1734216425, 82, 32, 41, 0, 0, 0.17%, 8, 0, 8, 142.81
1734216446, 83, 10, 41, 0, 0, 0.17%, 8, 0, 8, 138.72
1734216451, 83, 12, 41, 0, 0, 0.17%, 8, 0, 8, 142.02
1734216456, 83, 13, 41, 0, 0, 0.17%, 8, 0, 8, 140.11
1734216466, 84, 8, 41, 0, 0, 0.17%, 8, 0, 8, 131.50
1734216471, 84, 11, 41, 0, 0, 0.17%, 8, 0, 8, 140.01
1734216476, 84, 12, 41, 0, 0, 0.17%, 8, 0, 8, 136.46
1734216481, 84, 13, 41, 0, 0, 0.17%, 8, 0, 8, 134.53
1734216486, 84, 19, 41, 0, 0, 0.17%, 8, 0, 8, 139.18
1734216507, 84, 24, 41, 0, 0, 0.17%, 8, 0, 8, 137.61
1734216512, 85, 11, 41, 0, 0, 0.17%, 8, 0, 8, 135.49
1734216517, 85, 12, 41, 0, 0, 0.17%, 8, 0, 8, 134.69
1734216522, 85, 24, 41, 0, 0, 0.17%, 8, 0, 8, 140.61
1734216527, 85, 30, 41, 0, 0, 0.17%, 8, 0, 8, 136.76
1734216548, 86, 5, 41, 0, 0, 0.17%, 8, 0, 8, 133.88
1734216553, 86, 11, 41, 0, 0, 0.17%, 8, 0, 8, 138.42
1734216558, 86, 12, 41, 0, 0, 0.17%, 8, 0, 8, 139.87
1734216563, 86, 24, 41, 0, 0, 0.17%, 8, 0, 8, 139.52
1734216568, 87, 10, 41, 0, 0, 0.17%, 8, 0, 8, 133.82
1734216574, 87, 12, 41, 0, 0, 0.17%, 8, 0, 8, 140.75
1734216579, 87, 13, 41, 0, 0, 0.17%, 8, 0, 8, 138.18
1734216584, 87, 19, 41, 0, 0, 0.17%, 8, 0, 8, 150.52
1734216604, 87, 24, 41, 0, 0, 0.17%, 8, 0, 8, 133.57
1734216609, 87, 26, 41, 0, 0, 0.17%, 8, 0, 8, 143.47
1734216630, 88, 7, 41, 0, 0, 0.17%, 8, 0, 8, 136.06
1734216635, 88, 11, 41, 0, 0, 0.17%, 8, 0, 8, 135.86
1734216640, 88, 12, 41, 0, 0, 0.17%, 8, 0, 8, 130.53
1734216645, 88, 13, 41, 0, 0, 0.17%, 8, 0, 8, 127.04
1734216651, 88, 24, 41, 0, 0, 0.17%, 8, 0, 8, 136.16
1734216656, 88, 35, 41, 0, 0, 0.17%, 8, 0, 8, 142.68
1734216687, 89, 11, 41, 0, 0, 0.17%, 8, 0, 8, 145.45
1734216692, 89, 12, 41, 0, 0, 0.17%, 8, 0, 8, 143.14
1734216697, 89, 13, 41, 0, 0, 0.17%, 8, 0, 8, 143.32
1734216702, 89, 24, 41, 0, 0, 0.17%, 8, 0, 8, 141.78
1734216707, 89, 29, 41, 0, 0, 0.17%, 8, 0, 8, 138.33
1734216728, 89, 31, 41, 0, 0, 0.17%, 8, 0, 8, 145.90
1734216743, 90, 10, 41, 0, 0, 0.17%, 8, 0, 8, 141.43
1734216748, 90, 12, 41, 0, 0, 0.17%, 8, 0, 8, 136.64
1734216758, 90, 13, 41, 0, 0, 0.17%, 8, 0, 8, 132.83
1734216764, 91, 9, 41, 0, 0, 0.17%, 8, 0, 8, 139.36
1734216769, 91, 11, 41, 0, 0, 0.17%, 8, 0, 8, 138.84
1734216774, 91, 12, 41, 0, 0, 0.17%, 8, 0, 8, 139.12
1734216779, 91, 13, 41, 0, 0, 0.17%, 8, 0, 8, 137.58
1734216784, 91, 24, 41, 0, 0, 0.17%, 8, 0, 8, 135.69
1734216789, 92, 11, 41, 0, 0, 0.17%, 8, 0, 8, 141.56
1734216794, 92, 12, 41, 0, 0, 0.17%, 8, 0, 8, 139.69
1734216800, 92, 13, 41, 0, 0, 0.17%, 8, 0, 8, 138.34
1734216805, 92, 24, 41, 0, 0, 0.17%, 8, 0, 8, 139.94
1734216810, 93, 11, 41, 0, 0, 0.17%, 8, 0, 8, 138.80
1734216815, 93, 12, 41, 0, 0, 0.17%, 8, 0, 8, 145.27
1734216820, 93, 13, 41, 0, 0, 0.17%, 8, 0, 8, 135.54
1734216825, 93, 24, 41, 0, 0, 0.17%, 8, 0, 8, 132.71
1734216830, 93, 25, 41, 0, 0, 0.17%, 8, 0, 8, 167.11
1734216846, 94, 5, 41, 0, 0, 0.17%, 8, 0, 8, 124.56
1734216851, 94, 10, 41, 0, 0, 0.17%, 8, 0, 8, 144.12
1734216856, 94, 12, 41, 0, 0, 0.17%, 8, 0, 8, 134.24
1734216861, 94, 13, 41, 0, 0, 0.17%, 8, 0, 8, 135.67
1734216866, 94, 24, 41, 0, 0, 0.17%, 8, 0, 8, 139.04
1734216871, 94, 32, 41, 0, 0, 0.17%, 8, 0, 8, 145.61
1734216892, 95, 10, 41, 0, 0, 0.17%, 8, 0, 8, 138.03
1734216897, 95, 12, 41, 0, 0, 0.17%, 8, 0, 8, 134.44
1734216902, 95, 13, 41, 0, 0, 0.17%, 8, 0, 8, 130.63
1734216907, 95, 17, 41, 0, 0, 0.17%, 8, 0, 8, 134.63
1734216928, 95, 24, 41, 0, 0, 0.17%, 8, 0, 8, 129.12
1734216933, 96, 7, 41, 0, 0, 0.17%, 8, 0, 8, 135.16
1734216938, 96, 11, 41, 0, 0, 0.17%, 8, 0, 8, 134.53
1734216943, 96, 12, 41, 0, 0, 0.17%, 8, 0, 8, 132.79
1734216948, 96, 13, 41, 0, 0, 0.17%, 8, 0, 8, 135.78
1734216953, 96, 24, 41, 0, 0, 0.17%, 8, 0, 8, 128.96
1734216958, 97, 11, 41, 0, 0, 0.17%, 8, 0, 8, 140.86
1734216964, 97, 12, 41, 0, 0, 0.17%, 8, 0, 8, 140.11
1734216969, 97, 13, 41, 0, 0, 0.17%, 8, 0, 8, 143.70
1734216974, 97, 23, 41, 0, 0, 0.17%, 8, 0, 8, 137.22
1734216995, 97, 24, 41, 0, 0, 0.17%, 8, 0, 8, 146.70
1734217000, 98, 11, 41, 0, 0, 0.17%, 8, 0, 8, 137.08
1734217005, 98, 12, 41, 0, 0, 0.17%, 8, 0, 8, 132.92
1734217010, 98, 13, 41, 0, 0, 0.17%, 8, 0, 8, 135.84
1734217015, 98, 24, 41, 0, 0, 0.17%, 8, 0, 8, 132.13
1734217020, 98, 32, 41, 0, 0, 0.17%, 8, 0, 8, 144.57
1734217041, 99, 11, 41, 0, 0, 0.17%, 8, 0, 8, 142.00
1734217046, 99, 12, 41, 0, 0, 0.17%, 8, 0, 8, 129.01
1734217051, 99, 13, 41, 0, 0, 0.17%, 8, 0, 8, 132.26
1734217056, 99, 19, 41, 0, 0, 0.17%, 8, 0, 8, 145.16
1734217077, 99, 24, 41, 0, 0, 0.17%, 8, 0, 8, 135.53
1734217082, 99, 36, 41, 0, 0, 0.17%, 8, 0, 8, 200.04
1734217097, 100, 11, 41, 0, 0, 0.17%, 8, 0, 8, 142.78
1734217102, 100, 12, 41, 0, 0, 0.17%, 8, 0, 8, 132.66
1734217107, 100, 13, 41, 0, 0, 0.17%, 8, 0, 8, 142.22
1734217113, 100, 17, 41, 0, 0, 0.17%, 8, 0, 8, 136.81
1734217133, 100, 24, 41, 0, 0, 0.17%, 8, 0, 8, 132.38
1734217138, 100, 33, 41, 0, 0, 0.17%, 8, 0, 8, 143.60
1734217168, 101, 10, 41, 0, 0, 0.17%, 8, 0, 8, 141.48
1734217174, 101, 12, 41, 0, 0, 0.17%, 8, 0, 8, 135.05
1734217179, 101, 13, 41, 0, 0, 0.17%, 8, 0, 8, 135.37
1734217184, 101, 18, 41, 0, 0, 0.17%, 8, 0, 8, 136.45
1734217204, 101, 24, 41, 0, 0, 0.17%, 8, 0, 8, 131.15
1734217210, 101, 37, 41, 0, 0, 0.17%, 8, 0, 8, 145.37
1734217230, 102, 11, 41, 0, 0, 0.17%, 8, 0, 8, 138.79
1734217235, 102, 12, 41, 0, 0, 0.17%, 8, 0, 8, 132.49
1734217240, 102, 13, 41, 0, 0, 0.17%, 8, 0, 8, 133.69
1734217245, 102, 15, 41, 0, 0, 0.17%, 8, 0, 8, 139.44
1734217266, 102, 24, 41, 0, 0, 0.17%, 8, 0, 8, 130.53
1734217271, 102, 32, 41, 0, 0, 0.17%, 8, 0, 8, 148.88
1734217286, 102, 40, 41, 0, 0, 0.17%, 8, 0, 8, 146.61
1734217317, 103, 10, 41, 0, 0, 0.17%, 8, 0, 8, 142.68
1734217322, 103, 12, 41, 0, 0, 0.17%, 8, 0, 8, 139.16
1734217327, 103, 13, 41, 0, 0, 0.17%, 8, 0, 8, 135.42
1734217332, 103, 24, 41, 0, 0, 0.17%, 8, 0, 8, 148.29
1734217337, 103, 28, 41, 0, 0, 0.17%, 8, 0, 8, 157.04
1734217357, 104, 11, 41, 0, 0, 0.17%, 8, 0, 8, 137.98
1734217362, 104, 12, 41, 0, 0, 0.17%, 8, 0, 8, 141.92
1734217367, 104, 13, 41, 0, 0, 0.17%, 8, 0, 8, 148.39
1734217372, 104, 14, 41, 0, 0, 0.17%, 8, 0, 8, 142.75
1734217393, 104, 17, 41, 0, 0, 0.17%, 8, 0, 8, 138.52
1734217414, 104, 24, 41, 0, 0, 0.17%, 8, 0, 8, 140.00
1734217419, 104, 35, 41, 0, 0, 0.17%, 8, 0, 8, 142.38
1734217449, 104, 37, 41, 0, 0, 0.17%, 8, 0, 8, 191.67
1734217464, 105, 2, 41, 0, 0, 0.17%, 8, 0, 8, 157.52
1734217469, 105, 11, 41, 0, 0, 0.17%, 8, 0, 8, 146.15
1734217475, 105, 12, 41, 0, 0, 0.17%, 8, 0, 8, 135.68
1734217480, 105, 13, 41, 0, 0, 0.17%, 8, 0, 8, 144.01
1734217485, 105, 21, 41, 0, 0, 0.17%, 8, 0, 8, 157.26
1734217505, 106, 2, 41, 0, 0, 0.17%, 8, 0, 8, 137.30
1734217510, 106, 10, 41, 0, 0, 0.17%, 8, 0, 8, 138.32
1734217515, 106, 12, 41, 0, 0, 0.17%, 8, 0, 8, 134.97
1734217520, 106, 13, 41, 0, 0, 0.17%, 8, 0, 8, 131.01
1734217525, 106, 24, 41, 0, 0, 0.17%, 8, 0, 8, 137.38
1734217530, 106, 34, 41, 0, 0, 0.17%, 8, 0, 8, 139.15
1734217561, 106, 36, 41, 0, 0, 0.17%, 8, 0, 8, 171.39
1734217582, 107, 6, 41, 0, 0, 0.17%, 8, 0, 8, 138.04
1734217587, 107, 11, 41, 0, 0, 0.17%, 8, 0, 8, 136.23
1734217592, 107, 12, 41, 0, 0, 0.17%, 8, 0, 8, 136.61
1734217597, 107, 13, 41, 0, 0, 0.17%, 8, 0, 8, 134.37
1734217602, 107, 23, 41, 0, 0, 0.17%, 8, 0, 8, 135.31
1734217623, 107, 24, 41, 0, 0, 0.17%, 8, 0, 8, 133.70
1734217628, 108, 11, 41, 0, 0, 0.17%, 8, 0, 8, 138.56
1734217633, 108, 12, 41, 0, 0, 0.17%, 8, 0, 8, 136.70
1734217638, 108, 13, 41, 0, 0, 0.17%, 8, 0, 8, 142.02
1734217643, 108, 24, 41, 0, 0, 0.17%, 8, 0, 8, 140.13
1734217648, 109, 11, 41, 0, 0, 0.17%, 8, 0, 8, 135.18
1734217654, 109, 12, 41, 0, 0, 0.17%, 8, 0, 8, 141.49
1734217659, 109, 13, 41, 0, 0, 0.17%, 8, 0, 8, 137.02
1734217664, 109, 24, 41, 0, 0, 0.17%, 8, 0, 8, 137.16
1734217669, 110, 11, 41, 0, 0, 0.17%, 8, 0, 8, 135.72
1734217674, 110, 12, 41, 0, 0, 0.17%, 8, 0, 8, 141.47
1734217679, 110, 13, 41, 0, 0, 0.17%, 8, 0, 8, 135.82
1734217684, 110, 21, 41, 0, 0, 0.17%, 8, 0, 8, 155.84
1734217705, 110, 24, 41, 0, 0, 0.17%, 8, 0, 8, 131.18
1734217710, 111, 11, 41, 0, 0, 0.17%, 8, 0, 8, 132.84
1734217715, 111, 12, 41, 0, 0, 0.17%, 8, 0, 8, 137.65
1734217720, 111, 13, 41, 0, 0, 0.17%, 8, 0, 8, 127.74
1734217725, 111, 24, 41, 0, 0, 0.17%, 8, 0, 8, 136.08
1734217731, 112, 11, 41, 0, 0, 0.17%, 8, 0, 8, 139.74
1734217736, 112, 12, 41, 0, 0, 0.17%, 8, 0, 8, 151.30
1734217741, 112, 13, 41, 0, 0, 0.17%, 8, 0, 8, 140.63
1734217746, 112, 26, 41, 0, 0, 0.17%, 8, 0, 8, 142.55
1734217772, 112, 31, 41, 0, 0, 0.17%, 8, 0, 8, 149.50
1734217787, 113, 10, 41, 0, 0, 0.17%, 8, 0, 8, 131.47
1734217792, 113, 12, 41, 0, 0, 0.17%, 8, 0, 8, 134.34
1734217797, 113, 13, 41, 0, 0, 0.17%, 8, 0, 8, 135.13
1734217803, 113, 24, 41, 0, 0, 0.17%, 8, 0, 8, 134.54
1734217808, 114, 10, 41, 0, 0, 0.17%, 8, 0, 8, 134.02
1734217813, 114, 12, 41, 0, 0, 0.17%, 8, 0, 8, 140.91
1734217818, 114, 13, 41, 0, 0, 0.17%, 8, 0, 8, 138.34
1734217828, 114, 23, 41, 0, 0, 0.17%, 8, 0, 8, 135.15
1734217843, 114, 24, 41, 0, 0, 0.17%, 8, 0, 8, 139.90
1734217849, 115, 2, 41, 0, 0, 0.17%, 8, 0, 8, 140.65
1734217854, 115, 11, 41, 0, 0, 0.17%, 8, 0, 8, 139.86
1734217859, 115, 13, 41, 0, 0, 0.17%, 8, 0, 8, 138.59
1734217864, 115, 24, 41, 0, 0, 0.17%, 8, 0, 8, 131.03
1734217869, 115, 29, 41, 0, 0, 0.17%, 8, 0, 8, 135.39
1734217890, 116, 10, 41, 0, 0, 0.17%, 8, 0, 8, 141.50
1734217895, 116, 12, 41, 0, 0, 0.17%, 8, 0, 8, 131.35
1734217900, 116, 13, 41, 0, 0, 0.17%, 8, 0, 8, 134.50
1734217905, 116, 23, 41, 0, 0, 0.17%, 8, 0, 8, 139.83
1734217925, 116, 24, 41, 0, 0, 0.17%, 8, 0, 8, 135.65
1734217931, 116, 27, 41, 0, 0, 0.17%, 8, 0, 8, 138.26
1734217961, 116, 28, 41, 0, 0, 0.17%, 8, 0, 8, 185.95
1734217977, 116, 38, 41, 0, 0, 0.17%, 8, 0, 8, 144.68
1734217997, 117, 11, 41, 0, 0, 0.17%, 8, 0, 8, 137.88
1734218002, 117, 12, 41, 0, 0, 0.17%, 8, 0, 8, 130.13
1734218007, 117, 13, 41, 0, 0, 0.17%, 8, 0, 8, 131.72
1734218012, 117, 24, 41, 0, 0, 0.17%, 8, 0, 8, 138.56
1734218017, 118, 10, 41, 0, 0, 0.17%, 8, 0, 8, 134.16
1734218022, 118, 12, 41, 0, 0, 0.17%, 8, 0, 8, 138.83
1734218027, 118, 13, 41, 0, 0, 0.17%, 8, 0, 8, 140.03
1734218032, 118, 19, 41, 0, 0, 0.17%, 8, 0, 8, 145.08
1734218053, 118, 24, 41, 0, 0, 0.17%, 8, 0, 8, 133.91
1734218058, 118, 25, 41, 0, 0, 0.17%, 8, 0, 8, 158.04
1734218078, 119, 10, 41, 0, 0, 0.17%, 8, 0, 8, 133.57
1734218084, 119, 12, 41, 0, 0, 0.17%, 8, 0, 8, 131.12
1734218089, 119, 13, 41, 0, 0, 0.17%, 8, 0, 8, 136.38
1734218094, 119, 21, 41, 0, 0, 0.17%, 8, 0, 8, 143.19
1734218115, 119, 23, 41, 0, 0, 0.17%, 8, 0, 8, 133.25
1734218135, 119, 24, 41, 0, 0, 0.17%, 8, 0, 8, 145.89
1734218140, 119, 26, 41, 0, 0, 0.17%, 8, 0, 8, 143.26
1734218160, 119, 33, 41, 0, 0, 0.17%, 8, 0, 8, 143.03
1734218191, 119, 34, 41, 0, 0, 0.17%, 8, 0, 8, 139.94
1734218222, 120, 11, 41, 0, 0, 0.17%, 8, 0, 8, 131.73
1734218227, 120, 12, 41, 0, 0, 0.17%, 8, 0, 8, 135.44
1734218232, 120, 13, 41, 0, 0, 0.17%, 8, 0, 8, 132.33
1734218237, 120, 15, 41, 0, 0, 0.17%, 8, 0, 8, 132.79
1734218258, 120, 24, 41, 0, 0, 0.17%, 8, 0, 8, 135.75
1734218263, 120, 33, 41, 0, 0, 0.17%, 8, 0, 8, 141.73
1734218294, 121, 10, 41, 0, 0, 0.17%, 8, 0, 8, 139.60
1734218299, 121, 12, 41, 0, 0, 0.17%, 8, 0, 8, 129.29
1734218304, 121, 13, 41, 0, 0, 0.17%, 8, 0, 8, 134.55
1734218309, 121, 24, 41, 0, 0, 0.17%, 8, 0, 8, 130.45
1734218314, 121, 33, 41, 0, 0, 0.17%, 8, 0, 8, 152.20
1734218345, 121, 38, 41, 0, 0, 0.17%, 8, 0, 8, 193.01
1734218360, 122, 10, 41, 0, 0, 0.17%, 8, 0, 8, 137.63
1734218366, 122, 12, 41, 0, 0, 0.17%, 8, 0, 8, 140.47
1734218371, 122, 13, 41, 0, 0, 0.17%, 8, 0, 8, 137.21
1734218376, 122, 24, 41, 0, 0, 0.17%, 8, 0, 8, 141.14
1734218381, 123, 9, 41, 0, 0, 0.17%, 8, 0, 8, 138.32
1734218386, 123, 11, 41, 0, 0, 0.17%, 8, 0, 8, 139.72
1734218391, 123, 12, 41, 0, 0, 0.17%, 8, 0, 8, 128.79
1734218396, 123, 13, 41, 0, 0, 0.17%, 8, 0, 8, 135.32
1734218402, 123, 24, 41, 0, 0, 0.17%, 8, 0, 8, 134.72
1734218407, 123, 31, 41, 0, 0, 0.17%, 8, 0, 8, 152.27
1734218427, 123, 32, 41, 0, 0, 0.17%, 8, 0, 8, 147.84
1734218442, 124, 10, 41, 0, 0, 0.17%, 8, 0, 8, 132.83
1734218448, 124, 12, 41, 0, 0, 0.17%, 8, 0, 8, 144.79
1734218453, 124, 13, 41, 0, 0, 0.17%, 8, 0, 8, 137.28
1734218458, 124, 24, 41, 0, 0, 0.17%, 8, 0, 8, 137.33
1734218463, 124, 38, 41, 0, 0, 0.17%, 8, 0, 8, 178.26
1734218478, 125, 10, 41, 0, 0, 0.17%, 8, 0, 8, 149.74
1734218483, 125, 12, 41, 0, 0, 0.17%, 8, 0, 8, 142.39
1734218488, 125, 13, 41, 0, 0, 0.17%, 8, 0, 8, 128.21
1734218494, 125, 17, 41, 0, 0, 0.17%, 8, 0, 8, 140.83
1734218514, 125, 19, 41, 0, 0, 0.17%, 8, 0, 8, 142.26
1734218535, 125, 24, 41, 0, 0, 0.17%, 8, 0, 8, 134.98
1734218540, 126, 10, 41, 0, 0, 0.17%, 8, 0, 8, 136.48
1734218545, 126, 12, 41, 0, 0, 0.17%, 8, 0, 8, 137.59
1734218550, 126, 13, 41, 0, 0, 0.17%, 8, 0, 8, 139.24
1734218556, 126, 16, 41, 0, 0, 0.17%, 8, 0, 8, 141.46
1734218576, 126, 24, 41, 0, 0, 0.17%, 8, 0, 8, 144.04
1734218581, 127, 10, 41, 0, 0, 0.17%, 8, 0, 8, 149.38
1734218586, 127, 12, 41, 0, 0, 0.17%, 8, 0, 8, 136.46
1734218592, 127, 13, 41, 0, 0, 0.17%, 8, 0, 8, 136.03
1734218597, 127, 24, 41, 0, 0, 0.17%, 8, 0, 8, 138.00
1734218602, 127, 27, 41, 0, 0, 0.17%, 8, 0, 8, 141.19
1734218632, 128, 10, 41, 0, 0, 0.17%, 8, 0, 8, 151.91
1734218637, 128, 12, 41, 0, 0, 0.17%, 8, 0, 8, 139.81
1734218642, 128, 13, 41, 0, 0, 0.17%, 8, 0, 8, 137.22
1734218648, 128, 24, 41, 0, 0, 0.17%, 8, 0, 8, 138.02
1734218653, 129, 10, 41, 0, 0, 0.17%, 8, 0, 8, 133.21
1734218658, 129, 12, 41, 0, 0, 0.17%, 8, 0, 8, 139.17
1734218663, 129, 13, 41, 0, 0, 0.17%, 8, 0, 8, 140.95
1734218668, 129, 24, 41, 0, 0, 0.17%, 8, 0, 8, 142.45
1734218674, 130, 7, 41, 0, 0, 0.17%, 8, 0, 8, 145.37
1734218679, 130, 11, 41, 0, 0, 0.17%, 8, 0, 8, 133.88
1734218684, 130, 13, 41, 0, 0, 0.17%, 8, 0, 8, 138.97
1734218689, 130, 24, 41, 0, 0, 0.17%, 8, 0, 8, 140.74
1734218694, 130, 33, 41, 0, 0, 0.17%, 8, 0, 8, 144.64
1734218724, 131, 8, 41, 0, 0, 0.17%, 8, 0, 8, 125.22
1734218730, 131, 11, 41, 0, 0, 0.17%, 8, 0, 8, 139.45
1734218735, 131, 12, 41, 0, 0, 0.17%, 8, 0, 8, 142.56
1734218740, 131, 13, 41, 0, 0, 0.17%, 8, 0, 8, 140.76
1734218745, 131, 24, 41, 0, 0, 0.17%, 8, 0, 8, 139.79
1734218750, 132, 11, 41, 0, 0, 0.17%, 8, 0, 8, 131.06
1734218755, 132, 12, 41, 0, 0, 0.17%, 8, 0, 8, 136.80
1734218760, 132, 13, 41, 0, 0, 0.17%, 8, 0, 8, 139.70
1734218766, 132, 22, 41, 0, 0, 0.17%, 8, 0, 8, 150.43
1734218786, 132, 24, 41, 0, 0, 0.17%, 8, 0, 8, 136.27
1734218791, 133, 10, 41, 0, 0, 0.17%, 8, 0, 8, 131.86
1734218797, 133, 12, 41, 0, 0, 0.17%, 8, 0, 8, 134.42
1734218802, 133, 13, 41, 0, 0, 0.17%, 8, 0, 8, 135.07
1734218807, 133, 15, 41, 0, 0, 0.17%, 8, 0, 8, 146.29
1734218827, 133, 24, 41, 0, 0, 0.17%, 8, 0, 8, 144.54
1734218833, 133, 30, 41, 0, 0, 0.17%, 8, 0, 8, 164.26
1734218853, 134, 9, 41, 0, 0, 0.17%, 8, 0, 8, 137.47
1734218858, 134, 11, 41, 0, 0, 0.17%, 8, 0, 8, 140.08
1734218863, 134, 12, 41, 0, 0, 0.17%, 8, 0, 8, 141.03
1734218868, 134, 13, 41, 0, 0, 0.17%, 8, 0, 8, 138.21
1734218873, 134, 24, 41, 0, 0, 0.17%, 8, 0, 8, 139.07
1734218878, 134, 28, 41, 0, 0, 0.17%, 8, 0, 8, 190.80
1734218894, 135, 10, 41, 0, 0, 0.17%, 8, 0, 8, 157.28
1734218899, 135, 12, 41, 0, 0, 0.17%, 8, 0, 8, 145.98
1734218904, 135, 13, 41, 0, 0, 0.17%, 8, 0, 8, 142.17
1734218909, 135, 24, 41, 0, 0, 0.17%, 8, 0, 8, 140.69
1734218914, 136, 10, 41, 0, 0, 0.17%, 8, 0, 8, 130.33
1734218919, 136, 11, 41, 0, 0, 0.17%, 8, 0, 8, 129.60
1734218924, 136, 13, 41, 0, 0, 0.17%, 8, 0, 8, 141.33
1734218930, 136, 24, 41, 0, 0, 0.17%, 8, 0, 8, 139.46
1734218935, 136, 37, 41, 0, 0, 0.17%, 8, 0, 8, 148.63
1734218955, 137, 10, 41, 0, 0, 0.17%, 8, 0, 8, 147.73
1734218960, 137, 12, 41, 0, 0, 0.17%, 8, 0, 8, 141.96
1734218965, 137, 13, 41, 0, 0, 0.17%, 8, 0, 8, 132.17
1734218971, 137, 24, 41, 0, 0, 0.17%, 8, 0, 8, 134.96
1734218976, 137, 34, 41, 0, 0, 0.17%, 8, 0, 8, 145.35
1734219006, 138, 11, 41, 0, 0, 0.17%, 8, 0, 8, 139.58
1734219012, 138, 12, 41, 0, 0, 0.17%, 8, 0, 8, 138.71
1734219017, 138, 13, 41, 0, 0, 0.17%, 8, 0, 8, 138.56
1734219022, 138, 24, 41, 0, 0, 0.17%, 8, 0, 8, 133.41
1734219027, 139, 11, 41, 0, 0, 0.17%, 8, 0, 8, 136.71
1734219032, 139, 12, 41, 0, 0, 0.17%, 8, 0, 8, 129.20
1734219037, 139, 13, 41, 0, 0, 0.17%, 8, 0, 8, 131.22
1734219042, 139, 18, 41, 0, 0, 0.17%, 8, 0, 8, 131.96
1734219063, 139, 24, 41, 0, 0, 0.17%, 8, 0, 8, 143.63
1734219068, 139, 34, 41, 0, 0, 0.17%, 8, 0, 8, 146.01
1734219098, 140, 0, 41, 0, 0, 0.17%, 8, 0, 8, 129.73
1734219104, 140, 12, 41, 0, 0, 0.17%, 8, 0, 8, 141.62
1734219109, 140, 13, 41, 0, 0, 0.17%, 8, 0, 8, 138.89
1734219114, 140, 24, 41, 0, 0, 0.17%, 8, 0, 8, 141.48
1734219119, 140, 25, 41, 0, 0, 0.17%, 8, 0, 8, 149.13
1734219140, 140, 30, 41, 0, 0, 0.17%, 8, 0, 8, 159.33
1734219155, 141, 0, 41, 0, 0, 0.17%, 8, 0, 8, 153.86
1734219160, 141, 10, 41, 0, 0, 0.17%, 8, 0, 8, 137.25
1734219165, 141, 12, 41, 0, 0, 0.17%, 8, 0, 8, 136.50
1734219171, 141, 13, 41, 0, 0, 0.17%, 8, 0, 8, 142.30
1734219176, 141, 24, 41, 0, 0, 0.17%, 8, 0, 8, 154.22
1734219181, 141, 31, 41, 0, 0, 0.17%, 8, 0, 8, 150.61
1734219196, 142, 2, 41, 0, 0, 0.17%, 8, 0, 8, 132.91
1734219201, 142, 11, 41, 0, 0, 0.17%, 8, 0, 8, 134.06
1734219206, 142, 12, 41, 0, 0, 0.17%, 8, 0, 8, 136.25
1734219212, 142, 13, 41, 0, 0, 0.17%, 8, 0, 8, 142.76
1734219217, 142, 15, 41, 0, 0, 0.17%, 8, 0, 8, 138.71
1734219237, 142, 16, 41, 0, 0, 0.17%, 8, 0, 8, 135.52
1734219258, 142, 17, 41, 0, 0, 0.17%, 8, 0, 8, 139.88
1734219278, 142, 24, 41, 0, 0, 0.17%, 8, 0, 8, 128.31
1734219283, 142, 40, 41, 0, 0, 0.17%, 8, 0, 8, 166.36
1734219314, 143, 11, 41, 0, 0, 0.17%, 8, 0, 8, 134.70
1734219319, 143, 12, 41, 0, 0, 0.17%, 8, 0, 8, 130.45
1734219324, 143, 13, 41, 0, 0, 0.17%, 8, 0, 8, 133.99
1734219329, 143, 16, 41, 0, 0, 0.17%, 8, 0, 8, 139.21
1734219350, 143, 24, 41, 0, 0, 0.17%, 8, 0, 8, 146.33
1734219355, 144, 11, 41, 0, 0, 0.17%, 8, 0, 8, 138.57
1734219360, 144, 12, 41, 0, 0, 0.17%, 8, 0, 8, 135.88
1734219365, 144, 13, 41, 0, 0, 0.17%, 8, 0, 8, 139.65
1734219370, 144, 25, 41, 0, 0, 0.17%, 8, 0, 8, 145.55
1734219391, 145, 10, 41, 0, 0, 0.17%, 8, 0, 8, 137.96
1734219396, 145, 12, 41, 0, 0, 0.17%, 8, 0, 8, 137.35
1734219401, 145, 13, 41, 0, 0, 0.17%, 8, 0, 8, 131.91
1734219406, 145, 24, 41, 0, 0, 0.17%, 8, 0, 8, 144.90
1734219411, 146, 11, 41, 0, 0, 0.17%, 8, 0, 8, 143.98
1734219417, 146, 12, 41, 0, 0, 0.17%, 8, 0, 8, 137.04
1734219422, 146, 13, 41, 0, 0, 0.17%, 8, 0, 8, 141.57
1734219427, 146, 20, 41, 0, 0, 0.17%, 8, 0, 8, 145.56
1734219447, 146, 24, 41, 0, 0, 0.17%, 8, 0, 8, 136.12
1734219453, 147, 11, 41, 0, 0, 0.17%, 8, 0, 8, 136.87
1734219458, 147, 12, 41, 0, 0, 0.17%, 8, 0, 8, 132.91
1734219463, 147, 13, 41, 0, 0, 0.17%, 8, 0, 8, 137.81
1734219468, 147, 24, 41, 0, 0, 0.17%, 8, 0, 8, 138.00
1734219473, 147, 39, 41, 0, 0, 0.17%, 8, 0, 8, 146.71
1734219499, 148, 10, 41, 0, 0, 0.17%, 8, 0, 8, 153.51
1734219504, 148, 12, 41, 0, 0, 0.17%, 8, 0, 8, 142.26
1734219509, 148, 13, 41, 0, 0, 0.17%, 8, 0, 8, 138.66
1734219514, 148, 24, 41, 0, 0, 0.17%, 8, 0, 8, 132.61
1734219519, 149, 10, 41, 0, 0, 0.17%, 8, 0, 8, 142.32
1734219524, 149, 12, 41, 0, 0, 0.17%, 8, 0, 8, 140.22
1734219529, 149, 13, 41, 0, 0, 0.17%, 8, 0, 8, 144.92
1734219534, 149, 17, 41, 0, 0, 0.17%, 8, 0, 8, 141.87
1734219555, 149, 18, 41, 0, 0, 0.17%, 8, 0, 8, 140.94
1734219575, 149, 24, 41, 0, 0, 0.17%, 8, 0, 8, 155.08
1734219580, 149, 35, 41, 0, 0, 0.17%, 8, 0, 8, 146.07
1734219611, 150, 5, 41, 0, 0, 0.17%, 8, 0, 8, 152.54
1734219616, 150, 11, 41, 0, 0, 0.17%, 8, 0, 8, 141.72
1734219621, 150, 12, 41, 0, 0, 0.17%, 8, 0, 8, 130.89
1734219626, 150, 13, 41, 0, 0, 0.17%, 8, 0, 8, 139.59
1734219632, 150, 24, 41, 0, 0, 0.17%, 8, 0, 8, 133.31
1734219637, 151, 11, 41, 0, 0, 0.17%, 8, 0, 8, 134.05
1734219642, 151, 12, 41, 0, 0, 0.17%, 8, 0, 8, 141.49
1734219647, 151, 13, 41, 0, 0, 0.17%, 8, 0, 8, 136.02
1734219652, 151, 21, 41, 0, 0, 0.17%, 8, 0, 8, 155.77
1734219667, 151, 24, 41, 0, 0, 0.17%, 8, 0, 8, 142.49
1734219673, 152, 10, 41, 0, 0, 0.17%, 8, 0, 8, 147.50
1734219678, 152, 12, 41, 0, 0, 0.17%, 8, 0, 8, 134.27
1734219683, 152, 13, 41, 0, 0, 0.17%, 8, 0, 8, 134.07
1734219688, 152, 14, 41, 0, 0, 0.17%, 8, 0, 8, 146.92
1734219709, 152, 19, 41, 0, 0, 0.17%, 8, 0, 8, 148.36
1734219729, 152, 23, 41, 0, 0, 0.17%, 8, 0, 8, 131.98
1734219750, 152, 24, 41, 0, 0, 0.17%, 8, 0, 8, 138.52
1734219755, 152, 26, 41, 0, 0, 0.17%, 8, 0, 8, 143.66
1734219775, 153, 10, 41, 0, 0, 0.17%, 8, 0, 8, 126.29
1734219780, 153, 12, 41, 0, 0, 0.17%, 8, 0, 8, 134.65
1734219786, 153, 13, 41, 0, 0, 0.17%, 8, 0, 8, 135.63
1734219791, 153, 23, 41, 0, 0, 0.17%, 8, 0, 8, 136.05
1734219811, 153, 24, 41, 0, 0, 0.17%, 8, 0, 8, 135.78
1734219816, 153, 35, 41, 0, 0, 0.17%, 8, 0, 8, 142.03
1734219847, 154, 11, 41, 0, 0, 0.17%, 8, 0, 8, 144.22
1734219852, 154, 12, 41, 0, 0, 0.17%, 8, 0, 8, 138.41
1734219857, 154, 13, 41, 0, 0, 0.17%, 8, 0, 8, 133.93
1734219862, 154, 16, 41, 0, 0, 0.17%, 8, 0, 8, 136.21
1734219882, 154, 24, 41, 0, 0, 0.17%, 8, 0, 8, 136.67
1734219888, 154, 31, 41, 0, 0, 0.17%, 8, 0, 8, 141.74
1734219908, 155, 12, 41, 0, 0, 0.17%, 8, 0, 8, 145.75
1734219913, 155, 13, 41, 0, 0, 0.17%, 8, 0, 8, 137.60
1734219918, 155, 24, 41, 0, 0, 0.17%, 8, 0, 8, 140.10
1734219924, 155, 32, 41, 0, 0, 0.17%, 8, 0, 8, 142.33
1734219944, 155, 33, 41, 0, 0, 0.17%, 8, 0, 8, 143.65
1734219974, 156, 10, 41, 0, 0, 0.17%, 8, 0, 8, 142.99
1734219979, 156, 12, 41, 0, 0, 0.17%, 8, 0, 8, 136.63
1734219985, 156, 13, 41, 0, 0, 0.17%, 8, 0, 8, 132.53
1734219990, 156, 24, 41, 0, 0, 0.17%, 8, 0, 8, 136.83
1734219995, 156, 25, 41, 0, 0, 0.17%, 8, 0, 8, 152.19
1734220015, 157, 10, 41, 0, 0, 0.17%, 8, 0, 8, 130.67
1734220021, 157, 12, 41, 0, 0, 0.17%, 8, 0, 8, 133.53
1734220026, 157, 13, 41, 0, 0, 0.17%, 8, 0, 8, 134.99
1734220031, 157, 15, 41, 0, 0, 0.17%, 8, 0, 8, 135.17
1734220051, 157, 24, 41, 0, 0, 0.17%, 8, 0, 8, 142.74
1734220056, 157, 31, 41, 0, 0, 0.17%, 8, 0, 8, 148.17
1734220076, 158, 10, 41, 0, 0, 0.17%, 8, 0, 8, 139.30
1734220082, 158, 12, 41, 0, 0, 0.17%, 8, 0, 8, 143.04
1734220087, 158, 13, 41, 0, 0, 0.17%, 8, 0, 8, 140.97
1734220092, 158, 24, 41, 0, 0, 0.17%, 8, 0, 8, 137.15
1734220097, 158, 30, 41, 0, 0, 0.17%, 8, 0, 8, 159.75
1734220112, 159, 2, 41, 0, 0, 0.17%, 8, 0, 8, 129.83
1734220117, 159, 11, 41, 0, 0, 0.17%, 8, 0, 8, 138.95
1734220123, 159, 12, 41, 0, 0, 0.17%, 8, 0, 8, 136.42
1734220128, 159, 13, 41, 0, 0, 0.17%, 8, 0, 8, 137.84
1734220133, 159, 15, 41, 0, 0, 0.17%, 8, 0, 8, 136.22
1734220153, 159, 24, 41, 0, 0, 0.17%, 8, 0, 8, 133.18
1734220159, 159, 35, 41, 0, 0, 0.17%, 8, 0, 8, 140.30
1734220189, 160, 3, 41, 0, 0, 0.17%, 8, 0, 8, 142.44
1734220194, 160, 12, 41, 0, 0, 0.17%, 8, 0, 8, 145.56
1734220199, 160, 13, 41, 0, 0, 0.17%, 8, 0, 8, 141.01
1734220204, 160, 24, 41, 0, 0, 0.17%, 8, 0, 8, 135.13
1734220209, 161, 9, 41, 0, 0, 0.17%, 8, 0, 8, 139.14
1734220215, 161, 11, 41, 0, 0, 0.17%, 8, 0, 8, 139.25
1734220220, 161, 12, 41, 0, 0, 0.17%, 8, 0, 8, 137.94
1734220225, 161, 13, 41, 0, 0, 0.17%, 8, 0, 8, 136.34
1734220230, 161, 16, 41, 0, 0, 0.17%, 8, 0, 8, 132.61
1734220251, 161, 17, 41, 0, 0, 0.17%, 8, 0, 8, 139.16
1734220271, 161, 24, 41, 0, 0, 0.17%, 8, 0, 8, 148.35
1734220276, 161, 30, 41, 0, 0, 0.17%, 8, 0, 8, 164.19
1734220292, 161, 35, 41, 0, 0, 0.17%, 8, 0, 8, 138.40
1734220323, 162, 0, 41, 0, 0, 0.17%, 8, 0, 8, 135.47
1734220328, 162, 10, 41, 0, 0, 0.17%, 8, 0, 8, 137.12
1734220333, 162, 12, 41, 0, 0, 0.17%, 8, 0, 8, 140.20
1734220338, 162, 13, 41, 0, 0, 0.17%, 8, 0, 8, 131.96
1734220343, 162, 24, 41, 0, 0, 0.17%, 8, 0, 8, 131.85
1734220348, 163, 7, 41, 0, 0, 0.17%, 8, 0, 8, 136.54
1734220354, 163, 11, 41, 0, 0, 0.17%, 8, 0, 8, 128.48
1734220359, 163, 12, 41, 0, 0, 0.17%, 8, 0, 8, 133.15
1734220364, 163, 13, 41, 0, 0, 0.17%, 8, 0, 8, 141.21
1734220369, 163, 24, 41, 0, 0, 0.17%, 8, 0, 8, 132.81
1734220374, 164, 11, 41, 0, 0, 0.17%, 8, 0, 8, 133.82
1734220379, 164, 12, 41, 0, 0, 0.17%, 8, 0, 8, 139.12
1734220384, 164, 13, 41, 0, 0, 0.17%, 8, 0, 8, 137.50
1734220389, 164, 21, 41, 0, 0, 0.17%, 8, 0, 8, 156.63
1734220405, 164, 22, 41, 0, 0, 0.17%, 8, 0, 8, 139.72
1734220431, 165, 10, 41, 0, 0, 0.17%, 8, 0, 8, 147.97
1734220436, 165, 12, 41, 0, 0, 0.17%, 8, 0, 8, 141.04
1734220441, 165, 13, 41, 0, 0, 0.17%, 8, 0, 8, 139.28
1734220446, 165, 15, 41, 0, 0, 0.17%, 8, 0, 8, 139.68
1734220466, 165, 16, 41, 0, 0, 0.17%, 8, 0, 8, 128.11
1734220492, 166, 10, 41, 0, 0, 0.17%, 8, 0, 8, 137.68
1734220497, 166, 12, 41, 0, 0, 0.17%, 8, 0, 8, 134.24
1734220502, 166, 13, 41, 0, 0, 0.17%, 8, 0, 8, 142.41
1734220512, 166, 21, 41, 0, 0, 0.17%, 8, 0, 8, 152.12
1734220527, 166, 24, 41, 0, 0, 0.17%, 8, 0, 8, 137.10
1734220532, 166, 26, 41, 0, 0, 0.17%, 8, 0, 8, 138.64
1734220553, 166, 37, 41, 0, 0, 0.17%, 8, 0, 8, 139.13
1734220574, 167, 10, 41, 0, 0, 0.17%, 8, 0, 8, 148.34
1734220579, 167, 11, 41, 0, 0, 0.17%, 8, 0, 8, 136.81
1734220584, 167, 12, 41, 0, 0, 0.17%, 8, 0, 8, 136.45
1734220589, 167, 13, 41, 0, 0, 0.17%, 8, 0, 8, 134.22
1734220594, 168, 10, 41, 0, 0, 0.17%, 8, 0, 8, 137.76
1734220599, 168, 12, 41, 0, 0, 0.17%, 8, 0, 8, 141.03
1734220605, 168, 13, 41, 0, 0, 0.17%, 8, 0, 8, 135.42
1734220610, 168, 19, 41, 0, 0, 0.17%, 8, 0, 8, 144.56
1734220630, 168, 24, 41, 0, 0, 0.17%, 8, 0, 8, 126.05
1734220635, 168, 30, 41, 0, 0, 0.17%, 8, 0, 8, 140.27
1734220656, 169, 11, 41, 0, 0, 0.17%, 8, 0, 8, 143.33
1734220661, 169, 12, 41, 0, 0, 0.17%, 8, 0, 8, 129.98
1734220666, 169, 13, 41, 0, 0, 0.17%, 8, 0, 8, 130.64
1734220671, 169, 23, 41, 0, 0, 0.17%, 8, 0, 8, 130.22
1734220692, 169, 24, 41, 0, 0, 0.17%, 8, 0, 8, 143.93
1734220697, 169, 29, 41, 0, 0, 0.17%, 8, 0, 8, 142.64
1734220712, 169, 36, 41, 0, 0, 0.17%, 8, 0, 8, 174.27
1734220733, 170, 11, 41, 0, 0, 0.17%, 8, 0, 8, 139.78
1734220738, 170, 12, 41, 0, 0, 0.17%, 8, 0, 8, 141.56
1734220743, 170, 13, 41, 0, 0, 0.17%, 8, 0, 8, 145.35
1734220748, 170, 23, 41, 0, 0, 0.17%, 8, 0, 8, 136.27
1734220763, 170, 24, 41, 0, 0, 0.17%, 8, 0, 8, 142.54
1734220768, 171, 10, 41, 0, 0, 0.17%, 8, 0, 8, 133.65
1734220773, 171, 12, 41, 0, 0, 0.17%, 8, 0, 8, 132.00
1734220778, 171, 13, 41, 0, 0, 0.17%, 8, 0, 8, 131.48
1734220784, 171, 15, 41, 0, 0, 0.17%, 8, 0, 8, 139.81
1734220804, 171, 24, 41, 0, 0, 0.17%, 8, 0, 8, 136.75
1734220809, 172, 10, 41, 0, 0, 0.17%, 8, 0, 8, 134.24
1734220814, 172, 12, 41, 0, 0, 0.17%, 8, 0, 8, 133.00
1734220819, 172, 13, 41, 0, 0, 0.17%, 8, 0, 8, 130.77
1734220824, 172, 24, 41, 0, 0, 0.17%, 8, 0, 8, 135.77
1734220830, 173, 6, 41, 0, 0, 0.17%, 8, 0, 8, 130.66
1734220835, 173, 11, 41, 0, 0, 0.17%, 8, 0, 8, 141.09
1734220840, 173, 12, 41, 0, 0, 0.17%, 8, 0, 8, 130.19
1734220845, 173, 13, 41, 0, 0, 0.17%, 8, 0, 8, 130.57
1734220850, 173, 24, 41, 0, 0, 0.17%, 8, 0, 8, 137.82
1734220855, 174, 10, 41, 0, 0, 0.17%, 8, 0, 8, 141.21
1734220860, 174, 12, 41, 0, 0, 0.17%, 8, 0, 8, 142.40
1734220865, 174, 13, 41, 0, 0, 0.17%, 8, 0, 8, 130.65
1734220870, 174, 24, 41, 0, 0, 0.17%, 8, 0, 8, 133.50
1734220881, 174, 26, 41, 0, 0, 0.17%, 8, 0, 8, 140.74
1734220901, 174, 33, 41, 0, 0, 0.17%, 8, 0, 8, 151.58
1734220932, 174, 37, 41, 0, 0, 0.17%, 8, 0, 8, 186.67
1734220947, 175, 10, 41, 0, 0, 0.17%, 8, 0, 8, 144.80
1734220953, 175, 12, 41, 0, 0, 0.17%, 8, 0, 8, 129.56
1734220958, 175, 13, 41, 0, 0, 0.17%, 8, 0, 8, 138.68
1734220963, 175, 18, 41, 0, 0, 0.17%, 8, 0, 8, 136.90
1734220983, 175, 24, 41, 0, 0, 0.17%, 8, 0, 8, 149.82
1734220989, 175, 32, 41, 0, 0, 0.17%, 8, 0, 8, 156.65
1734221009, 175, 37, 41, 0, 0, 0.17%, 8, 0, 8, 192.69
1734221025, 176, 10, 41, 0, 0, 0.17%, 8, 0, 8, 124.02
1734221030, 176, 12, 41, 0, 0, 0.17%, 8, 0, 8, 132.55
1734221040, 176, 13, 41, 0, 0, 0.17%, 8, 0, 8, 143.76
1734221045, 176, 14, 41, 0, 0, 0.17%, 8, 0, 8, 146.68
1734221060, 176, 24, 41, 0, 0, 0.17%, 8, 0, 8, 150.04
1734221065, 176, 27, 41, 0, 0, 0.17%, 8, 0, 8, 142.39
1734221096, 177, 9, 41, 0, 0, 0.17%, 8, 0, 8, 144.96
1734221101, 177, 11, 41, 0, 0, 0.17%, 8, 0, 8, 140.86
1734221106, 177, 12, 41, 0, 0, 0.17%, 8, 0, 8, 140.91
1734221111, 177, 13, 41, 0, 0, 0.17%, 8, 0, 8, 130.32
1734221116, 177, 24, 41, 0, 0, 0.17%, 8, 0, 8, 132.57
1734221122, 177, 26, 41, 0, 0, 0.17%, 8, 0, 8, 133.68
1734221142, 177, 30, 41, 0, 0, 0.17%, 8, 0, 8, 154.84
1734221163, 177, 34, 41, 0, 0, 0.17%, 8, 0, 8, 146.13
1734221188, 178, 10, 41, 0, 0, 0.17%, 8, 0, 8, 135.23
1734221193, 178, 12, 41, 0, 0, 0.17%, 8, 0, 8, 132.27
1734221198, 178, 13, 41, 0, 0, 0.17%, 8, 0, 8, 138.19
1734221209, 178, 15, 41, 0, 0, 0.17%, 8, 0, 8, 135.38
1734221229, 178, 16, 41, 0, 0, 0.17%, 8, 0, 8, 136.24
1734221250, 178, 18, 41, 0, 0, 0.17%, 8, 0, 8, 134.57
1734221265, 178, 24, 41, 0, 0, 0.17%, 8, 0, 8, 132.09
1734221271, 179, 10, 41, 0, 0, 0.17%, 8, 0, 8, 133.04
1734221276, 179, 12, 41, 0, 0, 0.17%, 8, 0, 8, 133.85
1734221281, 179, 13, 41, 0, 0, 0.17%, 8, 0, 8, 136.60
1734221286, 179, 15, 41, 0, 0, 0.17%, 8, 0, 8, 142.76
1734221312, 179, 24, 41, 0, 0, 0.17%, 8, 0, 8, 132.18
1734221317, 179, 28, 41, 0, 0, 0.17%, 8, 0, 8, 194.23
1734221332, 180, 10, 41, 0, 0, 0.17%, 8, 0, 8, 131.60
1734221337, 180, 12, 41, 0, 0, 0.17%, 8, 0, 8, 135.25
1734221343, 180, 13, 41, 0, 0, 0.17%, 8, 0, 8, 139.69
1734221348, 180, 24, 41, 0, 0, 0.17%, 8, 0, 8, 136.86
1734221353, 180, 38, 41, 0, 0, 0.17%, 8, 0, 8, 161.13
1734221373, 181, 10, 41, 0, 0, 0.17%, 8, 0, 8, 141.09
1734221379, 181, 12, 41, 0, 0, 0.17%, 8, 0, 8, 137.10
1734221384, 181, 13, 41, 0, 0, 0.17%, 8, 0, 8, 143.82
1734221389, 181, 24, 41, 0, 0, 0.17%, 8, 0, 8, 142.94
1734221394, 181, 33, 41, 0, 0, 0.17%, 8, 0, 8, 152.58
1734221420, 181, 36, 41, 0, 0, 0.17%, 8, 0, 8, 164.41
1734221440, 182, 11, 41, 0, 0, 0.17%, 8, 0, 8, 143.90
1734221445, 182, 12, 41, 0, 0, 0.17%, 8, 0, 8, 147.27
1734221450, 182, 13, 41, 0, 0, 0.17%, 8, 0, 8, 137.76
1734221455, 182, 14, 41, 0, 0, 0.17%, 8, 0, 8, 141.75
1734221476, 182, 24, 41, 0, 0, 0.17%, 8, 0, 8, 146.24
1734221481, 183, 11, 41, 0, 0, 0.17%, 8, 0, 8, 141.37
1734221486, 183, 13, 41, 0, 0, 0.17%, 8, 0, 8, 141.90
1734221491, 183, 18, 41, 0, 0, 0.17%, 8, 0, 8, 135.73
1734221512, 183, 24, 41, 0, 0, 0.17%, 8, 0, 8, 130.39
1734221517, 184, 6, 41, 0, 0, 0.17%, 8, 0, 8, 142.71
1734221522, 184, 11, 41, 0, 0, 0.17%, 8, 0, 8, 135.69
1734221527, 184, 13, 41, 0, 0, 0.17%, 8, 0, 8, 143.12
1734221533, 184, 18, 41, 0, 0, 0.17%, 8, 0, 8, 145.31
1734221553, 184, 22, 41, 0, 0, 0.17%, 8, 0, 8, 143.21
1734221574, 184, 24, 41, 0, 0, 0.17%, 8, 0, 8, 127.12
1734221579, 184, 34, 41, 0, 0, 0.17%, 8, 0, 8, 142.53
1734221610, 184, 36, 41, 0, 0, 0.17%, 8, 0, 8, 192.48
1734221625, 185, 10, 41, 0, 0, 0.17%, 8, 0, 8, 144.83
1734221630, 185, 11, 41, 0, 0, 0.17%, 8, 0, 8, 134.35
1734221635, 185, 13, 41, 0, 0, 0.17%, 8, 0, 8, 134.06
1734221645, 185, 21, 41, 0, 0, 0.17%, 8, 0, 8, 157.70
1734221661, 185, 24, 41, 0, 0, 0.17%, 8, 0, 8, 133.85
1734221666, 185, 33, 41, 0, 0, 0.17%, 8, 0, 8, 147.42
1734221692, 185, 40, 41, 0, 0, 0.17%, 8, 0, 8, 139.23
1734221722, 186, 11, 41, 0, 0, 0.17%, 8, 0, 8, 138.88
1734221728, 186, 12, 41, 0, 0, 0.17%, 8, 0, 8, 138.14
1734221733, 186, 13, 41, 0, 0, 0.17%, 8, 0, 8, 136.66
1734221738, 186, 14, 41, 0, 0, 0.17%, 8, 0, 8, 139.14
1734221759, 186, 20, 41, 0, 0, 0.17%, 8, 0, 8, 146.10
1734221779, 186, 24, 41, 0, 0, 0.17%, 8, 0, 8, 142.53
1734221784, 186, 26, 41, 0, 0, 0.17%, 8, 0, 8, 145.43
1734221805, 186, 27, 41, 0, 0, 0.17%, 8, 0, 8, 132.12
1734221835, 187, 10, 41, 0, 0, 0.17%, 8, 0, 8, 135.26
1734221840, 187, 12, 41, 0, 0, 0.17%, 8, 0, 8, 130.41
1734221846, 187, 13, 41, 0, 0, 0.17%, 8, 0, 8, 134.46
1734221851, 187, 24, 41, 0, 0, 0.17%, 8, 0, 8, 134.27
1734221856, 188, 7, 41, 0, 0, 0.17%, 8, 0, 8, 136.80
1734221861, 188, 10, 41, 0, 0, 0.17%, 8, 0, 8, 135.81
1734221866, 188, 12, 41, 0, 0, 0.17%, 8, 0, 8, 133.10
1734221871, 188, 13, 41, 0, 0, 0.17%, 8, 0, 8, 130.08
1734221876, 188, 24, 41, 0, 0, 0.17%, 8, 0, 8, 138.95
1734221882, 189, 10, 41, 0, 0, 0.17%, 8, 0, 8, 133.03
1734221887, 189, 12, 41, 0, 0, 0.17%, 8, 0, 8, 133.49
1734221892, 189, 13, 41, 0, 0, 0.17%, 8, 0, 8, 137.77
1734221897, 189, 24, 41, 0, 0, 0.17%, 8, 0, 8, 138.80
1734221902, 190, 3, 41, 0, 0, 0.17%, 8, 0, 8, 142.20
1734221907, 190, 10, 41, 0, 0, 0.17%, 8, 0, 8, 138.82
1734221913, 190, 12, 41, 0, 0, 0.17%, 8, 0, 8, 133.66
1734221918, 190, 13, 41, 0, 0, 0.17%, 8, 0, 8, 132.77
1734221923, 190, 23, 41, 0, 0, 0.17%, 8, 0, 8, 141.50
1734221943, 190, 24, 41, 0, 0, 0.17%, 8, 0, 8, 128.68
1734221948, 190, 39, 41, 0, 0, 0.17%, 8, 0, 8, 145.63
1734221979, 191, 11, 41, 0, 0, 0.17%, 8, 0, 8, 139.78
1734221984, 191, 12, 41, 0, 0, 0.17%, 8, 0, 8, 138.94
1734221989, 191, 13, 41, 0, 0, 0.17%, 8, 0, 8, 143.00
1734221994, 191, 23, 41, 0, 0, 0.17%, 8, 0, 8, 138.19
1734222015, 191, 24, 41, 0, 0, 0.17%, 8, 0, 8, 135.81
1734222020, 191, 36, 41, 0, 0, 0.17%, 8, 0, 8, 191.76
1734222035, 192, 10, 41, 0, 0, 0.17%, 8, 0, 8, 122.13
1734222040, 192, 12, 41, 0, 0, 0.17%, 8, 0, 8, 136.31
1734222046, 192, 13, 41, 0, 0, 0.17%, 8, 0, 8, 127.03
1734222056, 192, 19, 41, 0, 0, 0.17%, 8, 0, 8, 142.75
1734222072, 192, 24, 41, 0, 0, 0.17%, 8, 0, 8, 131.41
1734222077, 193, 10, 41, 0, 0, 0.17%, 8, 0, 8, 139.59
1734222082, 193, 12, 41, 0, 0, 0.17%, 8, 0, 8, 136.75
1734222087, 193, 13, 41, 0, 0, 0.17%, 8, 0, 8, 135.07
1734222092, 193, 24, 41, 0, 0, 0.17%, 8, 0, 8, 137.67
1734222097, 194, 10, 41, 0, 0, 0.17%, 8, 0, 8, 131.59
1734222102, 194, 12, 41, 0, 0, 0.17%, 8, 0, 8, 139.22
1734222108, 194, 13, 41, 0, 0, 0.17%, 8, 0, 8, 134.65
1734222113, 194, 16, 41, 0, 0, 0.17%, 8, 0, 8, 135.73
1734222133, 194, 24, 41, 0, 0, 0.17%, 8, 0, 8, 139.07
1734222139, 194, 28, 41, 0, 0, 0.17%, 8, 0, 8, 171.15
1734222159, 194, 34, 41, 0, 0, 0.17%, 8, 0, 8, 142.69
1734222190, 195, 11, 41, 0, 0, 0.17%, 8, 0, 8, 135.65
1734222195, 195, 12, 41, 0, 0, 0.17%, 8, 0, 8, 135.60
1734222200, 195, 13, 41, 0, 0, 0.17%, 8, 0, 8, 136.21
1734222205, 195, 24, 41, 0, 0, 0.17%, 8, 0, 8, 128.62
1734222210, 195, 36, 41, 0, 0, 0.17%, 8, 0, 8, 196.89
1734222226, 195, 38, 41, 0, 0, 0.17%, 8, 0, 8, 148.28
1734222246, 196, 11, 41, 0, 0, 0.17%, 8, 0, 8, 135.24
1734222251, 196, 12, 41, 0, 0, 0.17%, 8, 0, 8, 135.87
1734222257, 196, 13, 41, 0, 0, 0.17%, 8, 0, 8, 134.12
1734222262, 196, 14, 41, 0, 0, 0.17%, 8, 0, 8, 146.20
1734222282, 196, 24, 41, 0, 0, 0.17%, 8, 0, 8, 137.85
1734222287, 197, 10, 41, 0, 0, 0.17%, 8, 0, 8, 141.77
1734222293, 197, 12, 41, 0, 0, 0.17%, 8, 0, 8, 135.31
1734222298, 197, 13, 41, 0, 0, 0.17%, 8, 0, 8, 139.99
1734222303, 197, 18, 41, 0, 0, 0.17%, 8, 0, 8, 136.74
1734222318, 197, 24, 41, 0, 0, 0.17%, 8, 0, 8, 149.55
1734222323, 197, 29, 41, 0, 0, 0.17%, 8, 0, 8, 149.13
1734222343, 198, 10, 41, 0, 0, 0.17%, 8, 0, 8, 136.01
1734222349, 198, 12, 41, 0, 0, 0.17%, 8, 0, 8, 134.69
1734222354, 198, 13, 41, 0, 0, 0.17%, 8, 0, 8, 134.76
1734222359, 198, 21, 41, 0, 0, 0.17%, 8, 0, 8, 151.57
1734222379, 198, 24, 41, 0, 0, 0.17%, 8, 0, 8, 137.06
1734222384, 199, 11, 41, 0, 0, 0.17%, 8, 0, 8, 134.19
1734222390, 199, 12, 41, 0, 0, 0.17%, 8, 0, 8, 131.05
1734222395, 199, 13, 41, 0, 0, 0.17%, 8, 0, 8, 139.27
1734222400, 199, 16, 41, 0, 0, 0.17%, 8, 0, 8, 140.00
1734222421, 199, 24, 41, 0, 0, 0.17%, 8, 0, 8, 132.18
1734222426, 199, 37, 41, 0, 0, 0.17%, 8, 0, 8, 171.88
1734222446, 200, 10, 41, 0, 0, 0.17%, 8, 0, 8, 131.28
1734222451, 200, 12, 41, 0, 0, 0.17%, 8, 0, 8, 137.51
1734222456, 200, 13, 41, 0, 0, 0.17%, 8, 0, 8, 133.37
1734222462, 200, 24, 41, 0, 0, 0.17%, 8, 0, 8, 130.20
1734222467, 201, 7, 41, 0, 0, 0.17%, 8, 0, 8, 141.46
1734222472, 201, 11, 41, 0, 0, 0.17%, 8, 0, 8, 135.87
1734222477, 201, 12, 41, 0, 0, 0.17%, 8, 0, 8, 124.49
1734222482, 201, 13, 41, 0, 0, 0.17%, 8, 0, 8, 134.95
1734222487, 201, 23, 41, 0, 0, 0.17%, 8, 0, 8, 129.40
1734222498, 201, 24, 41, 0, 0, 0.17%, 8, 0, 8, 133.92
1734222503, 201, 34, 41, 0, 0, 0.17%, 8, 0, 8, 142.55
1734222533, 202, 11, 41, 0, 0, 0.17%, 8, 0, 8, 141.00
1734222539, 202, 12, 41, 0, 0, 0.17%, 8, 0, 8, 137.49
1734222544, 202, 13, 41, 0, 0, 0.17%, 8, 0, 8, 132.90
1734222549, 202, 24, 41, 0, 0, 0.17%, 8, 0, 8, 137.52
1734222554, 202, 36, 41, 0, 0, 0.17%, 8, 0, 8, 183.28
1734222569, 203, 10, 41, 0, 0, 0.17%, 8, 0, 8, 153.12
1734222575, 203, 12, 41, 0, 0, 0.17%, 8, 0, 8, 135.83
1734222580, 203, 13, 41, 0, 0, 0.17%, 8, 0, 8, 134.00
1734222585, 203, 24, 41, 0, 0, 0.17%, 8, 0, 8, 138.06
1734222590, 203, 27, 41, 0, 0, 0.17%, 8, 0, 8, 137.41
1734222621, 204, 4, 41, 0, 0, 0.17%, 8, 0, 8, 152.48
1734222626, 204, 11, 41, 0, 0, 0.17%, 8, 0, 8, 135.92
1734222631, 204, 12, 41, 0, 0, 0.17%, 8, 0, 8, 136.10
1734222636, 204, 13, 41, 0, 0, 0.17%, 8, 0, 8, 139.79
1734222641, 204, 24, 41, 0, 0, 0.17%, 8, 0, 8, 141.00
1734222647, 204, 31, 41, 0, 0, 0.17%, 8, 0, 8, 152.06
1734222667, 205, 11, 41, 0, 0, 0.17%, 8, 0, 8, 134.21
1734222672, 205, 12, 41, 0, 0, 0.17%, 8, 0, 8, 143.16
1734222677, 205, 13, 41, 0, 0, 0.17%, 8, 0, 8, 139.63
1734222682, 205, 33, 41, 0, 0, 0.17%, 8, 0, 8, 141.08
1734222713, 205, 35, 41, 0, 0, 0.17%, 8, 0, 8, 131.03
1734222744, 205, 39, 41, 0, 0, 0.17%, 8, 0, 8, 146.80
1734222775, 206, 10, 41, 0, 0, 0.17%, 8, 0, 8, 148.23
1734222780, 206, 12, 41, 0, 0, 0.17%, 8, 0, 8, 137.75
1734222785, 206, 13, 41, 0, 0, 0.17%, 8, 0, 8, 141.32
1734222790, 206, 19, 41, 0, 0, 0.17%, 8, 0, 8, 143.20
1734222811, 206, 23, 41, 0, 0, 0.17%, 8, 0, 8, 134.26
1734222821, 206, 24, 41, 0, 0, 0.17%, 8, 0, 8, 135.61
1734222826, 206, 28, 41, 0, 0, 0.17%, 8, 0, 8, 138.20
1734222847, 207, 2, 41, 0, 0, 0.17%, 8, 0, 8, 135.33
1734222852, 207, 11, 41, 0, 0, 0.17%, 8, 0, 8, 139.82
1734222857, 207, 12, 41, 0, 0, 0.17%, 8, 0, 8, 135.18
1734222862, 207, 13, 41, 0, 0, 0.17%, 8, 0, 8, 131.74
1734222868, 207, 19, 41, 0, 0, 0.17%, 8, 0, 8, 140.80
1734222888, 207, 24, 41, 0, 0, 0.17%, 8, 0, 8, 129.49
1734222893, 208, 11, 41, 0, 0, 0.17%, 8, 0, 8, 130.79
1734222899, 208, 12, 41, 0, 0, 0.17%, 8, 0, 8, 146.08
1734222904, 208, 13, 41, 0, 0, 0.17%, 8, 0, 8, 136.37
1734222909, 208, 18, 41, 0, 0, 0.17%, 8, 0, 8, 133.09
1734222924, 208, 24, 41, 0, 0, 0.17%, 8, 0, 8, 148.35
1734222930, 208, 40, 41, 0, 0, 0.17%, 8, 0, 8, 160.20
1734222960, 209, 10, 41, 0, 0, 0.17%, 8, 0, 8, 139.44
1734222965, 209, 11, 41, 0, 0, 0.17%, 8, 0, 8, 137.54
1734222970, 209, 12, 41, 0, 0, 0.17%, 8, 0, 8, 138.09
1734222976, 209, 13, 41, 0, 0, 0.17%, 8, 0, 8, 137.73
1734222981, 209, 18, 41, 0, 0, 0.17%, 8, 0, 8, 131.60
1734222996, 209, 23, 41, 0, 0, 0.17%, 8, 0, 8, 132.83
1734223006, 209, 24, 41, 0, 0, 0.17%, 8, 0, 8, 129.96
1734223012, 209, 33, 41, 0, 0, 0.17%, 8, 0, 8, 138.37
1734223042, 210, 10, 41, 0, 0, 0.17%, 8, 0, 8, 138.93
1734223047, 210, 12, 41, 0, 0, 0.17%, 8, 0, 8, 138.31
1734223053, 210, 13, 41, 0, 0, 0.17%, 8, 0, 8, 142.44
1734223058, 210, 19, 41, 0, 0, 0.17%, 8, 0, 8, 143.21
1734223078, 210, 24, 41, 0, 0, 0.17%, 8, 0, 8, 135.28
1734223083, 211, 10, 41, 0, 0, 0.17%, 8, 0, 8, 136.63
1734223088, 211, 12, 41, 0, 0, 0.17%, 8, 0, 8, 140.80
1734223094, 211, 13, 41, 0, 0, 0.17%, 8, 0, 8, 135.00
1734223099, 211, 14, 41, 0, 0, 0.17%, 8, 0, 8, 143.19
1734223125, 212, 10, 41, 0, 0, 0.17%, 8, 0, 8, 138.75
1734223130, 212, 12, 41, 0, 0, 0.17%, 8, 0, 8, 139.38
1734223135, 212, 13, 41, 0, 0, 0.17%, 8, 0, 8, 132.16
1734223140, 212, 24, 41, 0, 0, 0.17%, 8, 0, 8, 137.51
1734223145, 212, 38, 41, 0, 0, 0.17%, 8, 0, 8, 136.31
1734223165, 213, 9, 41, 0, 0, 0.17%, 8, 0, 8, 136.57
1734223170, 213, 11, 41, 0, 0, 0.17%, 8, 0, 8, 141.07
1734223175, 213, 12, 41, 0, 0, 0.17%, 8, 0, 8, 130.34
1734223181, 213, 13, 41, 0, 0, 0.17%, 8, 0, 8, 145.00
1734223186, 213, 24, 41, 0, 0, 0.17%, 8, 0, 8, 128.69
1734223191, 213, 39, 41, 0, 0, 0.17%, 8, 0, 8, 152.28
1734223216, 214, 7, 41, 0, 0, 0.17%, 8, 0, 8, 146.26
1734223222, 214, 11, 41, 0, 0, 0.17%, 8, 0, 8, 138.54
1734223227, 214, 12, 41, 0, 0, 0.17%, 8, 0, 8, 145.61
1734223232, 214, 13, 41, 0, 0, 0.17%, 8, 0, 8, 136.78
1734223237, 214, 17, 41, 0, 0, 0.17%, 8, 0, 8, 132.32
1734223258, 214, 24, 41, 0, 0, 0.17%, 8, 0, 8, 135.83
1734223263, 214, 29, 41, 0, 0, 0.17%, 8, 0, 8, 142.00
1734223284, 214, 40, 41, 0, 0, 0.17%, 8, 0, 8, 189.34
1734223309, 215, 11, 41, 0, 0, 0.17%, 8, 0, 8, 133.81
1734223314, 215, 12, 41, 0, 0, 0.17%, 8, 0, 8, 132.54
1734223319, 215, 13, 41, 0, 0, 0.17%, 8, 0, 8, 131.85
1734223324, 215, 24, 41, 0, 0, 0.17%, 8, 0, 8, 128.72
1734223329, 215, 39, 41, 0, 0, 0.17%, 8, 0, 8, 149.77
1734223360, 216, 11, 41, 0, 0, 0.17%, 8, 0, 8, 132.86
1734223365, 216, 12, 41, 0, 0, 0.17%, 8, 0, 8, 136.97
1734223370, 216, 13, 41, 0, 0, 0.17%, 8, 0, 8, 135.25
1734223376, 216, 24, 41, 0, 0, 0.17%, 8, 0, 8, 132.94
1734223381, 217, 11, 41, 0, 0, 0.17%, 8, 0, 8, 132.76
1734223386, 217, 12, 41, 0, 0, 0.17%, 8, 0, 8, 141.04
1734223391, 217, 13, 41, 0, 0, 0.17%, 8, 0, 8, 144.92
1734223396, 217, 24, 41, 0, 0, 0.17%, 8, 0, 8, 134.07
1734223401, 217, 29, 41, 0, 0, 0.17%, 8, 0, 8, 139.62
1734223422, 217, 31, 41, 0, 0, 0.17%, 8, 0, 8, 147.73
1734223443, 217, 32, 41, 0, 0, 0.17%, 8, 0, 8, 148.54
1734223463, 218, 11, 41, 0, 0, 0.17%, 8, 0, 8, 130.37
1734223468, 218, 12, 41, 0, 0, 0.17%, 8, 0, 8, 142.25
1734223473, 218, 24, 41, 0, 0, 0.17%, 8, 0, 8, 149.32
1734223478, 219, 10, 41, 0, 0, 0.17%, 8, 0, 8, 134.46
1734223483, 219, 11, 41, 0, 0, 0.17%, 8, 0, 8, 135.86
1734223489, 219, 13, 41, 0, 0, 0.17%, 8, 0, 8, 134.11
1734223494, 219, 24, 41, 0, 0, 0.17%, 8, 0, 8, 139.36
1734223499, 219, 37, 41, 0, 0, 0.17%, 8, 0, 8, 155.54
1734223519, 220, 10, 41, 0, 0, 0.17%, 8, 0, 8, 129.16
1734223524, 220, 12, 41, 0, 0, 0.17%, 8, 0, 8, 130.66
1734223529, 220, 13, 41, 0, 0, 0.17%, 8, 0, 8, 137.19
1734223535, 220, 14, 41, 0, 0, 0.17%, 8, 0, 8, 143.98
1734223555, 220, 24, 41, 0, 0, 0.17%, 8, 0, 8, 130.94
1734223560, 221, 4, 41, 0, 0, 0.17%, 8, 0, 8, 135.13
1734223565, 221, 11, 41, 0, 0, 0.17%, 8, 0, 8, 141.79
1734223571, 221, 13, 41, 0, 0, 0.17%, 8, 0, 8, 137.60
1734223581, 221, 22, 41, 0, 0, 0.17%, 8, 0, 8, 142.59
1734223596, 221, 24, 41, 0, 0, 0.17%, 8, 0, 8, 139.05
1734223601, 221, 40, 41, 0, 0, 0.17%, 8, 0, 8, 152.23
1734223632, 222, 11, 41, 0, 0, 0.17%, 8, 0, 8, 131.53
1734223637, 222, 12, 41, 0, 0, 0.17%, 8, 0, 8, 139.02
1734223642, 222, 13, 41, 0, 0, 0.17%, 8, 0, 8, 135.88
1734223647, 222, 24, 41, 0, 0, 0.17%, 8, 0, 8, 139.74
1734223652, 223, 11, 41, 0, 0, 0.17%, 8, 0, 8, 133.37
1734223658, 223, 12, 41, 0, 0, 0.17%, 8, 0, 8, 135.43
1734223663, 223, 13, 41, 0, 0, 0.17%, 8, 0, 8, 141.52
1734223668, 223, 18, 41, 0, 0, 0.17%, 8, 0, 8, 133.13
1734223689, 223, 21, 41, 0, 0, 0.17%, 8, 0, 8, 159.05
1734223704, 223, 24, 41, 0, 0, 0.17%, 8, 0, 8, 133.38
1734223709, 224, 11, 41, 0, 0, 0.17%, 8, 0, 8, 135.29
1734223714, 224, 12, 41, 0, 0, 0.17%, 8, 0, 8, 143.57
1734223720, 224, 13, 41, 0, 0, 0.17%, 8, 0, 8, 138.90
1734223725, 224, 24, 41, 0, 0, 0.17%, 8, 0, 8, 138.82
1734223730, 224, 36, 41, 0, 0, 0.17%, 8, 0, 8, 188.68
1734223745, 225, 7, 41, 0, 0, 0.17%, 8, 0, 8, 137.73
1734223750, 225, 11, 41, 0, 0, 0.17%, 8, 0, 8, 133.76
1734223755, 225, 12, 41, 0, 0, 0.17%, 8, 0, 8, 134.86
1734223760, 225, 13, 41, 0, 0, 0.17%, 8, 0, 8, 132.08
1734223766, 225, 14, 41, 0, 0, 0.17%, 8, 0, 8, 142.11
1734223786, 226, 10, 41, 0, 0, 0.17%, 8, 0, 8, 144.27
1734223791, 226, 12, 41, 0, 0, 0.17%, 8, 0, 8, 131.89
1734223796, 226, 13, 41, 0, 0, 0.17%, 8, 0, 8, 133.23
1734223802, 226, 24, 41, 0, 0, 0.17%, 8, 0, 8, 144.28
1734223812, 227, 11, 41, 0, 0, 0.17%, 8, 0, 8, 138.45
1734223817, 227, 13, 41, 0, 0, 0.17%, 8, 0, 8, 142.68
1734223822, 227, 17, 41, 0, 0, 0.17%, 8, 0, 8, 141.36
1734223848, 227, 24, 41, 0, 0, 0.17%, 8, 0, 8, 135.72
1734223853, 227, 26, 41, 0, 0, 0.17%, 8, 0, 8, 141.41
1734223873, 227, 27, 41, 0, 0, 0.17%, 8, 0, 8, 134.50
1734223904, 227, 29, 41, 0, 0, 0.17%, 8, 0, 8, 145.66
1734223920, 228, 10, 41, 0, 0, 0.17%, 8, 0, 8, 136.65
1734223925, 228, 12, 41, 0, 0, 0.17%, 8, 0, 8, 134.19
1734223930, 228, 13, 41, 0, 0, 0.17%, 8, 0, 8, 135.35
1734223935, 228, 24, 41, 0, 0, 0.17%, 8, 0, 8, 138.02
1734223941, 229, 10, 41, 0, 0, 0.17%, 8, 0, 8, 144.83
1734223946, 229, 12, 41, 0, 0, 0.17%, 8, 0, 8, 141.16
1734223951, 229, 13, 41, 0, 0, 0.17%, 8, 0, 8, 135.00
1734223956, 229, 21, 41, 0, 0, 0.17%, 8, 0, 8, 144.18
1734223976, 229, 24, 41, 0, 0, 0.17%, 8, 0, 8, 144.03
1734223981, 229, 35, 41, 0, 0, 0.17%, 8, 0, 8, 143.87
1734224018, 230, 11, 41, 0, 0, 0.17%, 8, 0, 8, 130.97
1734224023, 230, 12, 41, 0, 0, 0.17%, 8, 0, 8, 137.41
1734224028, 230, 13, 41, 0, 0, 0.17%, 8, 0, 8, 138.14
1734224033, 230, 24, 41, 0, 0, 0.17%, 8, 0, 8, 139.31
1734224038, 230, 25, 41, 0, 0, 0.17%, 8, 0, 8, 156.88
1734224058, 231, 11, 41, 0, 0, 0.17%, 8, 0, 8, 137.08
1734224064, 231, 12, 41, 0, 0, 0.17%, 8, 0, 8, 140.51
1734224069, 231, 13, 41, 0, 0, 0.17%, 8, 0, 8, 137.29
1734224074, 231, 24, 41, 0, 0, 0.17%, 8, 0, 8, 135.41
1734224079, 231, 33, 41, 0, 0, 0.17%, 8, 0, 8, 152.02
1734224094, 232, 10, 41, 0, 0, 0.17%, 8, 0, 8, 133.85
1734224099, 232, 12, 41, 0, 0, 0.17%, 8, 0, 8, 137.44
1734224104, 232, 13, 41, 0, 0, 0.17%, 8, 0, 8, 135.65
1734224110, 232, 14, 41, 0, 0, 0.17%, 8, 0, 8, 138.53
1734224130, 232, 24, 41, 0, 0, 0.17%, 8, 0, 8, 144.45
1734224135, 233, 11, 41, 0, 0, 0.17%, 8, 0, 8, 141.06
1734224140, 233, 12, 41, 0, 0, 0.17%, 8, 0, 8, 140.15
1734224145, 233, 13, 41, 0, 0, 0.17%, 8, 0, 8, 131.79
1734224151, 233, 24, 41, 0, 0, 0.17%, 8, 0, 8, 131.89
1734224156, 234, 10, 41, 0, 0, 0.17%, 8, 0, 8, 135.15
1734224161, 234, 12, 41, 0, 0, 0.17%, 8, 0, 8, 130.98
1734224166, 234, 13, 41, 0, 0, 0.17%, 8, 0, 8, 132.55
1734224171, 234, 24, 41, 0, 0, 0.17%, 8, 0, 8, 139.32
1734224176, 234, 27, 41, 0, 0, 0.17%, 8, 0, 8, 136.70
1734224212, 235, 10, 41, 0, 0, 0.17%, 8, 0, 8, 132.73
1734224218, 235, 12, 41, 0, 0, 0.17%, 8, 0, 8, 137.11
1734224223, 235, 13, 41, 0, 0, 0.17%, 8, 0, 8, 129.75
1734224228, 235, 24, 41, 0, 0, 0.17%, 8, 0, 8, 140.75
1734224233, 235, 26, 41, 0, 0, 0.17%, 8, 0, 8, 142.10
1734224254, 235, 37, 41, 0, 0, 0.17%, 8, 0, 8, 151.11
1734224274, 236, 10, 41, 0, 0, 0.17%, 8, 0, 8, 134.24
1734224279, 236, 12, 41, 0, 0, 0.17%, 8, 0, 8, 139.66
1734224284, 236, 13, 41, 0, 0, 0.17%, 8, 0, 8, 140.43
