# unix_time, cycles_done, cur_path, paths_total, pending_total, pending_favs, map_size, unique_crashes, unique_hangs, max_depth, execs_per_sec
1735795223, 0, 0, 10, 10, 1, 0.01%, 0, 0, 1, 84.39
1735795228, 0, 3, 10, 10, 1, 0.01%, 0, 0, 1, 104.66
1735795233, 0, 4, 10, 9, 0, 0.01%, 0, 0, 1, 103.03
1735795243, 0, 5, 10, 8, 0, 0.01%, 0, 0, 1, 103.51
1735795253, 0, 6, 10, 7, 0, 0.01%, 0, 0, 1, 99.27
1735795263, 0, 7, 10, 6, 0, 0.01%, 0, 0, 1, 97.47
1735795273, 0, 8, 10, 5, 0, 0.01%, 0, 0, 1, 97.85
1735795284, 0, 9, 10, 4, 0, 0.01%, 0, 0, 1, 94.70
1735795294, 1, 0, 10, 3, 0, 0.01%, 0, 0, 1, 94.36
1735795304, 1, 1, 10, 2, 0, 0.01%, 0, 0, 1, 103.51
1735795319, 1, 2, 10, 1, 0, 0.01%, 0, 0, 1, 91.47
1735795329, 1, 3, 10, 0, 0, 0.01%, 0, 0, 1, 105.31
1735795335, 1, 4, 10, 0, 0, 0.01%, 0, 0, 1, 105.38
1735795340, 1, 6, 10, 0, 0, 0.01%, 0, 0, 1, 105.88
1735795345, 1, 7, 10, 0, 0, 0.01%, 0, 0, 1, 102.70
1735795350, 1, 9, 10, 0, 0, 0.01%, 0, 0, 1, 102.85
1735795355, 2, 0, 10, 0, 0, 0.01%, 0, 0, 1, 105.32
1735795360, 2, 1, 10, 0, 0, 0.01%, 0, 0, 1, 103.45
1735795365, 2, 3, 10, 0, 0, 0.01%, 0, 0, 1, 104.24
1735795370, 2, 4, 10, 0, 0, 0.01%, 0, 0, 1, 103.70
1735795375, 2, 6, 10, 0, 0, 0.01%, 0, 0, 1, 101.41
1735795381, 2, 7, 10, 0, 0, 0.01%, 0, 0, 1, 102.28
1735795386, 2, 9, 10, 0, 0, 0.01%, 0, 0, 1, 102.07
1735795391, 3, 0, 10, 0, 0, 0.01%, 0, 0, 1, 104.73
1735795396, 3, 1, 10, 0, 0, 0.01%, 0, 0, 1, 101.59
1735795401, 3, 3, 10, 0, 0, 0.01%, 0, 0, 1, 103.85
1735795406, 3, 4, 10, 0, 0, 0.01%, 0, 0, 1, 102.33
1735795411, 3, 6, 10, 0, 0, 0.01%, 0, 0, 1, 103.07
1735795416, 3, 7, 10, 0, 0, 0.01%, 0, 0, 1, 101.94
1735795421, 3, 9, 10, 0, 0, 0.01%, 0, 0, 1, 105.38
1735795426, 4, 0, 10, 0, 0, 0.01%, 0, 0, 1, 102.53
1735795431, 4, 1, 10, 0, 0, 0.01%, 0, 0, 1, 101.92
1735795436, 4, 3, 10, 0, 0, 0.01%, 0, 0, 1, 100.99
1735795442, 4, 4, 10, 0, 0, 0.01%, 0, 0, 1, 103.02
1735795447, 4, 6, 10, 0, 0, 0.01%, 0, 0, 1, 103.34
1735795452, 4, 7, 10, 0, 0, 0.01%, 0, 0, 1, 103.44
1735795457, 4, 9, 10, 0, 0, 0.01%, 0, 0, 1, 100.37
1735795462, 5, 0, 10, 0, 0, 0.01%, 0, 0, 1, 100.79
1735795467, 5, 1, 10, 0, 0, 0.01%, 0, 0, 1, 102.50
1735795472, 5, 3, 10, 0, 0, 0.01%, 0, 0, 1, 103.62
1735795477, 5, 4, 10, 0, 0, 0.01%, 0, 0, 1, 102.22
1735795482, 5, 6, 10, 0, 0, 0.01%, 0, 0, 1, 104.53
1735795488, 5, 7, 10, 0, 0, 0.01%, 0, 0, 1, 105.64
1735795493, 5, 9, 10, 0, 0, 0.01%, 0, 0, 1, 103.69
1735795498, 6, 0, 10, 0, 0, 0.01%, 0, 0, 1, 105.13
1735795503, 6, 1, 10, 0, 0, 0.01%, 0, 0, 1, 102.84
1735795508, 6, 3, 10, 0, 0, 0.01%, 0, 0, 1, 103.21
1735795513, 6, 4, 10, 0, 0, 0.01%, 0, 0, 1, 100.79
1735795518, 6, 6, 10, 0, 0, 0.01%, 0, 0, 1, 103.24
1735795523, 6, 7, 10, 0, 0, 0.01%, 0, 0, 1, 105.29
1735795528, 6, 9, 10, 0, 0, 0.01%, 0, 0, 1, 104.60
1735795533, 7, 0, 10, 0, 0, 0.01%, 0, 0, 1, 102.13
1735795539, 7, 1, 10, 0, 0, 0.01%, 0, 0, 1, 102.47
1735795544, 7, 3, 10, 0, 0, 0.01%, 0, 0, 1, 101.98
1735795549, 7, 4, 10, 0, 0, 0.01%, 0, 0, 1, 100.82
1735795554, 7, 6, 10, 0, 0, 0.01%, 0, 0, 1, 105.58
1735795559, 7, 7, 10, 0, 0, 0.01%, 0, 0, 1, 102.19
1735795564, 7, 8, 10, 0, 0, 0.01%, 0, 0, 1, 102.75
1735795569, 8, 0, 10, 0, 0, 0.01%, 0, 0, 1, 104.38
1735795574, 8, 1, 10, 0, 0, 0.01%, 0, 0, 1, 105.09
1735795580, 8, 3, 10, 0, 0, 0.01%, 0, 0, 1, 102.54
1735795585, 8, 4, 10, 0, 0, 0.01%, 0, 0, 1, 106.43
1735795590, 8, 6, 10, 0, 0, 0.01%, 0, 0, 1, 104.09
1735795595, 8, 7, 10, 0, 0, 0.01%, 0, 0, 1, 101.26
1735795600, 8, 9, 10, 0, 0, 0.01%, 0, 0, 1, 101.16
1735795605, 9, 0, 10, 0, 0, 0.01%, 0, 0, 1, 102.52
1735795610, 9, 1, 10, 0, 0, 0.01%, 0, 0, 1, 105.29
1735795615, 9, 3, 10, 0, 0, 0.01%, 0, 0, 1, 103.19
1735795620, 9, 4, 10, 0, 0, 0.01%, 0, 0, 1, 102.14
1735795625, 9, 6, 10, 0, 0, 0.01%, 0, 0, 1, 101.05
1735795630, 9, 7, 10, 0, 0, 0.01%, 0, 0, 1, 104.31
1735795635, 9, 8, 10, 0, 0, 0.01%, 0, 0, 1, 104.09
1735795640, 10, 0, 10, 0, 0, 0.01%, 0, 0, 1, 104.43
1735795646, 10, 1, 10, 0, 0, 0.01%, 0, 0, 1, 103.88
1735795651, 10, 3, 10, 0, 0, 0.01%, 0, 0, 1, 103.35
1735795656, 10, 4, 10, 0, 0, 0.01%, 0, 0, 1, 100.56
1735795661, 10, 6, 10, 0, 0, 0.01%, 0, 0, 1, 101.94
1735795666, 10, 7, 10, 0, 0, 0.01%, 0, 0, 1, 101.85
1735795671, 10, 8, 11, 1, 0, 0.16%, 1, 0, 2, 101.24
1735795676, 10, 10, 11, 1, 1, 0.16%, 1, 0, 2, 105.49
1735795681, 10, 10, 12, 2, 1, 0.16%, 2, 0, 3, 110.38
1735795763, 10, 11, 13, 2, 1, 0.16%, 3, 0, 4, 129.01
1735795773, 10, 11, 14, 3, 1, 0.17%, 4, 0, 4, 110.08
1735795809, 10, 11, 15, 4, 1, 0.17%, 5, 0, 4, 104.78
1735795819, 10, 11, 16, 5, 1, 0.17%, 5, 0, 4, 112.90
1735795855, 10, 11, 17, 6, 1, 0.17%, 5, 0, 4, 118.27
1735795896, 10, 12, 17, 5, 3, 0.17%, 5, 0, 4, 137.27
1735795901, 10, 12, 18, 6, 3, 0.17%, 5, 0, 5, 121.42
1735795958, 10, 12, 19, 7, 3, 0.17%, 5, 0, 5, 119.30
1735795979, 10, 12, 21, 9, 3, 0.17%, 5, 0, 5, 115.22
1735796046, 10, 12, 25, 13, 3, 0.17%, 5, 0, 5, 129.87
1735796066, 10, 13, 25, 12, 2, 0.17%, 5, 0, 5, 138.98
1735796107, 10, 13, 26, 13, 2, 0.17%, 5, 0, 5, 117.04
1735796133, 10, 13, 27, 14, 2, 0.17%, 5, 0, 5, 118.03
1735796184, 10, 13, 28, 15, 2, 0.17%, 5, 0, 5, 138.35
1735796190, 10, 13, 29, 16, 2, 0.17%, 5, 0, 5, 114.50
1735796195, 10, 13, 32, 19, 2, 0.17%, 6, 0, 5, 131.44
1735796200, 10, 14, 32, 18, 1, 0.17%, 6, 0, 5, 157.97
1735796210, 10, 14, 33, 19, 1, 0.17%, 6, 0, 5, 117.89
1735796297, 10, 14, 34, 20, 1, 0.17%, 6, 0, 5, 115.04
1735796318, 10, 14, 36, 22, 1, 0.17%, 6, 0, 5, 126.31
1735796333, 10, 21, 36, 21, 0, 0.17%, 6, 0, 5, 164.13
1735796410, 10, 25, 36, 20, 0, 0.17%, 6, 0, 5, 140.70
1735796431, 10, 25, 37, 21, 0, 0.17%, 6, 0, 6, 133.76
1735796534, 10, 28, 37, 20, 0, 0.17%, 6, 0, 6, 166.26
1735796610, 10, 30, 37, 19, 0, 0.17%, 6, 0, 6, 207.99
1735796708, 10, 30, 38, 20, 0, 0.17%, 7, 0, 6, 132.33
1735796799, 10, 31, 38, 19, 0, 0.17%, 7, 0, 6, 170.80
1735796865, 10, 36, 38, 18, 0, 0.17%, 7, 0, 6, 155.68
1735796911, 10, 37, 38, 17, 0, 0.17%, 7, 0, 6, 191.12
1735797115, 11, 11, 38, 16, 0, 0.17%, 7, 0, 6, 145.71
1735797126, 11, 12, 38, 16, 0, 0.17%, 7, 0, 6, 153.02
1735797151, 11, 13, 38, 16, 0, 0.17%, 7, 0, 6, 146.65
1735797166, 11, 14, 38, 16, 0, 0.17%, 7, 0, 6, 149.26
1735797187, 11, 17, 38, 16, 0, 0.17%, 7, 0, 6, 156.06
1735797462, 11, 19, 38, 15, 0, 0.17%, 7, 0, 6, 172.62
1735797533, 11, 19, 40, 17, 0, 0.17%, 7, 0, 6, 162.72
1735797549, 11, 26, 40, 16, 0, 0.17%, 7, 0, 6, 159.37
1735797839, 11, 35, 40, 15, 0, 0.17%, 7, 0, 6, 172.05
1735797890, 12, 3, 40, 14, 0, 0.17%, 7, 0, 6, 144.56
1735797895, 12, 11, 40, 14, 0, 0.17%, 7, 0, 6, 142.87
1735797901, 12, 12, 40, 14, 0, 0.17%, 7, 0, 6, 137.16
1735797911, 12, 13, 40, 14, 0, 0.17%, 7, 0, 6, 141.17
1735797921, 12, 14, 40, 14, 0, 0.17%, 7, 0, 6, 136.43
1735797931, 12, 18, 40, 14, 0, 0.17%, 7, 0, 6, 201.78
1735797998, 12, 24, 40, 13, 0, 0.17%, 7, 0, 6, 185.23
1735798116, 12, 38, 40, 12, 0, 0.17%, 7, 0, 6, 127.10
1735798573, 12, 38, 41, 13, 0, 0.17%, 8, 0, 7, 207.53
1735798613, 13, 11, 41, 12, 0, 0.17%, 8, 0, 7, 151.63
1735798618, 13, 12, 41, 12, 0, 0.17%, 8, 0, 7, 141.65
1735798629, 13, 13, 41, 12, 0, 0.17%, 8, 0, 7, 133.04
1735798639, 13, 14, 41, 12, 0, 0.17%, 8, 0, 7, 146.13
1735798649, 13, 23, 41, 12, 0, 0.17%, 8, 0, 7, 165.65
1735798710, 13, 33, 41, 11, 0, 0.17%, 8, 0, 7, 160.47
1735799199, 14, 11, 41, 10, 0, 0.17%, 8, 0, 7, 149.52
1735799204, 14, 13, 41, 10, 0, 0.17%, 8, 0, 7, 140.84
1735799209, 14, 14, 41, 10, 0, 0.17%, 8, 0, 7, 144.78
1735799214, 14, 32, 41, 10, 0, 0.17%, 8, 0, 7, 151.11
1735799265, 14, 34, 41, 9, 0, 0.17%, 8, 0, 7, 165.57
1735799310, 15, 11, 41, 8, 0, 0.17%, 8, 0, 7, 141.21
1735799315, 15, 12, 41, 8, 0, 0.17%, 8, 0, 7, 150.06
1735799321, 15, 13, 41, 8, 0, 0.17%, 8, 0, 7, 149.86
1735799326, 15, 27, 41, 8, 0, 0.17%, 8, 0, 7, 148.81
1735799387, 16, 11, 41, 7, 0, 0.17%, 8, 0, 7, 137.55
1735799392, 16, 12, 41, 7, 0, 0.17%, 8, 0, 7, 130.59
1735799397, 16, 13, 41, 7, 0, 0.17%, 8, 0, 7, 142.22
1735799402, 16, 14, 41, 7, 0, 0.17%, 8, 0, 7, 133.76
1735799407, 16, 16, 41, 7, 0, 0.17%, 8, 0, 7, 174.26
1735799468, 16, 20, 41, 6, 0, 0.17%, 8, 0, 7, 165.09
1735799514, 16, 39, 41, 5, 0, 0.17%, 8, 0, 7, 118.20
1735799842, 17, 12, 41, 4, 0, 0.17%, 8, 0, 7, 159.86
1735799847, 17, 13, 41, 4, 0, 0.17%, 8, 0, 7, 142.11
1735799852, 17, 14, 41, 4, 0, 0.17%, 8, 0, 7, 136.21
1735799857, 17, 17, 41, 4, 0, 0.17%, 8, 0, 7, 148.35
1735799878, 17, 21, 41, 4, 0, 0.17%, 8, 0, 7, 126.10
1735799898, 18, 11, 41, 4, 0, 0.17%, 8, 0, 7, 147.07
1735799903, 18, 12, 41, 4, 0, 0.17%, 8, 0, 7, 132.90
1735799909, 18, 13, 41, 4, 0, 0.17%, 8, 0, 7, 134.19
1735799914, 18, 14, 41, 4, 0, 0.17%, 8, 0, 7, 132.30
1735799919, 18, 29, 41, 4, 0, 0.17%, 8, 0, 7, 197.71
1735800118, 18, 34, 41, 3, 0, 0.17%, 8, 0, 7, 150.42
1735800139, 19, 11, 41, 3, 0, 0.17%, 8, 0, 7, 146.39
1735800144, 19, 13, 41, 3, 0, 0.17%, 8, 0, 7, 141.98
1735800149, 19, 14, 41, 3, 0, 0.17%, 8, 0, 7, 144.12
1735800154, 19, 15, 41, 3, 0, 0.17%, 8, 0, 7, 146.97
1735800200, 19, 27, 41, 2, 0, 0.17%, 8, 0, 7, 141.94
1735800221, 19, 30, 41, 2, 0, 0.17%, 8, 0, 7, 139.03
1735800241, 19, 40, 41, 2, 0, 0.17%, 8, 0, 7, 123.93
1735800728, 20, 12, 41, 1, 0, 0.17%, 8, 0, 7, 138.40
1735800733, 20, 13, 41, 1, 0, 0.17%, 8, 0, 7, 133.25
1735800739, 20, 14, 41, 1, 0, 0.17%, 8, 0, 7, 145.55
1735800744, 20, 17, 41, 1, 0, 0.17%, 8, 0, 7, 158.49
1735800754, 20, 22, 41, 1, 0, 0.17%, 8, 0, 7, 175.75
1735800810, 21, 12, 41, 0, 0, 0.17%, 8, 0, 7, 134.13
1735800815, 21, 13, 41, 0, 0, 0.17%, 8, 0, 7, 138.24
1735800820, 21, 14, 41, 0, 0, 0.17%, 8, 0, 7, 135.74
1735800825, 22, 11, 41, 0, 0, 0.17%, 8, 0, 7, 148.08
1735800831, 22, 12, 41, 0, 0, 0.17%, 8, 0, 7, 133.77
1735800836, 22, 14, 41, 0, 0, 0.17%, 8, 0, 7, 147.83
1735800846, 23, 12, 41, 0, 0, 0.17%, 8, 0, 7, 133.70
1735800851, 23, 13, 41, 0, 0, 0.17%, 8, 0, 7, 133.73
1735800856, 23, 14, 41, 0, 0, 0.17%, 8, 0, 7, 147.20
1735800861, 23, 20, 41, 0, 0, 0.17%, 8, 0, 7, 142.86
1735800877, 24, 11, 41, 0, 0, 0.17%, 8, 0, 7, 142.71
1735800882, 24, 12, 41, 0, 0, 0.17%, 8, 0, 7, 131.26
1735800887, 24, 13, 41, 0, 0, 0.17%, 8, 0, 7, 144.94
1735800892, 24, 14, 41, 0, 0, 0.17%, 8, 0, 7, 140.35
1735800897, 24, 25, 41, 0, 0, 0.17%, 8, 0, 7, 145.39
1735800918, 24, 35, 41, 0, 0, 0.17%, 8, 0, 7, 154.13
1735800938, 25, 12, 41, 0, 0, 0.17%, 8, 0, 7, 135.61
1735800943, 25, 13, 41, 0, 0, 0.17%, 8, 0, 7, 145.23
1735800948, 25, 14, 41, 0, 0, 0.17%, 8, 0, 7, 139.53
1735800953, 26, 12, 41, 0, 0, 0.17%, 8, 0, 7, 142.20
1735800959, 26, 13, 41, 0, 0, 0.17%, 8, 0, 7, 137.42
1735800964, 26, 14, 41, 0, 0, 0.17%, 8, 0, 7, 137.75
1735800969, 26, 24, 41, 0, 0, 0.17%, 8, 0, 7, 154.52
1735800989, 26, 40, 41, 0, 0, 0.17%, 8, 0, 7, 170.41
1735801010, 27, 11, 41, 0, 0, 0.17%, 8, 0, 7, 138.40
1735801015, 27, 13, 41, 0, 0, 0.17%, 8, 0, 7, 140.66
1735801020, 27, 14, 41, 0, 0, 0.17%, 8, 0, 7, 145.75
1735801025, 28, 7, 41, 0, 0, 0.17%, 8, 0, 7, 144.62
1735801030, 28, 12, 41, 0, 0, 0.17%, 8, 0, 7, 132.82
1735801036, 28, 13, 41, 0, 0, 0.17%, 8, 0, 7, 139.51
1735801041, 28, 14, 41, 0, 0, 0.17%, 8, 0, 7, 133.89
1735801046, 29, 5, 41, 0, 0, 0.17%, 8, 0, 7, 141.17
1735801051, 29, 12, 41, 0, 0, 0.17%, 8, 0, 7, 142.85
1735801056, 29, 13, 41, 0, 0, 0.17%, 8, 0, 7, 135.20
1735801061, 29, 14, 41, 0, 0, 0.17%, 8, 0, 7, 144.20
1735801066, 30, 11, 41, 0, 0, 0.17%, 8, 0, 7, 144.51
1735801072, 30, 12, 41, 0, 0, 0.17%, 8, 0, 7, 133.93
1735801077, 30, 13, 41, 0, 0, 0.17%, 8, 0, 7, 149.95
1735801082, 30, 14, 41, 0, 0, 0.17%, 8, 0, 7, 133.98
1735801087, 30, 16, 41, 0, 0, 0.17%, 8, 0, 7, 141.11
1735801108, 30, 35, 41, 0, 0, 0.17%, 8, 0, 7, 152.21
1735801118, 31, 12, 41, 0, 0, 0.17%, 8, 0, 7, 138.27
1735801123, 31, 13, 41, 0, 0, 0.17%, 8, 0, 7, 139.43
1735801128, 31, 14, 41, 0, 0, 0.17%, 8, 0, 7, 136.93
1735801133, 31, 20, 41, 0, 0, 0.17%, 8, 0, 7, 136.87
1735801143, 32, 12, 41, 0, 0, 0.17%, 8, 0, 7, 140.33
1735801148, 32, 13, 41, 0, 0, 0.17%, 8, 0, 7, 135.40
1735801153, 32, 14, 41, 0, 0, 0.17%, 8, 0, 7, 138.40
1735801159, 33, 11, 41, 0, 0, 0.17%, 8, 0, 7, 147.77
1735801164, 33, 12, 41, 0, 0, 0.17%, 8, 0, 7, 144.90
1735801169, 33, 13, 41, 0, 0, 0.17%, 8, 0, 7, 143.54
1735801174, 33, 14, 41, 0, 0, 0.17%, 8, 0, 7, 140.83
1735801179, 33, 17, 41, 0, 0, 0.17%, 8, 0, 7, 160.53
1735801189, 33, 29, 41, 0, 0, 0.17%, 8, 0, 7, 165.76
1735801215, 33, 40, 41, 0, 0, 0.17%, 8, 0, 7, 144.32
1735801235, 34, 12, 41, 0, 0, 0.17%, 8, 0, 7, 144.57
1735801240, 34, 13, 41, 0, 0, 0.17%, 8, 0, 7, 135.73
1735801245, 34, 14, 41, 0, 0, 0.17%, 8, 0, 7, 138.01
1735801250, 34, 19, 41, 0, 0, 0.17%, 8, 0, 7, 146.79
1735801271, 34, 22, 41, 0, 0, 0.17%, 8, 0, 7, 146.24
1735801291, 34, 32, 41, 0, 0, 0.17%, 8, 0, 7, 137.98
1735801312, 35, 7, 41, 0, 0, 0.17%, 8, 0, 7, 143.29
1735801317, 35, 10, 41, 0, 0, 0.17%, 8, 0, 7, 130.73
1735801327, 35, 12, 41, 0, 0, 0.17%, 8, 0, 7, 137.61
1735801332, 35, 13, 41, 0, 0, 0.17%, 8, 0, 7, 138.84
1735801337, 35, 14, 41, 0, 0, 0.17%, 8, 0, 7, 139.67
1735801343, 35, 24, 41, 0, 0, 0.17%, 8, 0, 7, 157.93
1735801353, 35, 33, 41, 0, 0, 0.17%, 8, 0, 7, 164.74
1735801373, 36, 12, 41, 0, 0, 0.17%, 8, 0, 7, 138.47
1735801379, 36, 13, 41, 0, 0, 0.17%, 8, 0, 7, 134.91
1735801384, 36, 14, 41, 0, 0, 0.17%, 8, 0, 7, 138.08
1735801389, 36, 31, 41, 0, 0, 0.17%, 8, 0, 7, 146.91
1735801409, 37, 12, 41, 0, 0, 0.17%, 8, 0, 7, 136.72
1735801414, 37, 13, 41, 0, 0, 0.17%, 8, 0, 7, 139.72
1735801420, 37, 14, 41, 0, 0, 0.17%, 8, 0, 7, 141.41
1735801425, 37, 15, 41, 0, 0, 0.17%, 8, 0, 7, 135.73
1735801446, 37, 17, 41, 0, 0, 0.17%, 8, 0, 7, 146.37
1735801451, 38, 12, 41, 0, 0, 0.17%, 8, 0, 7, 131.20
1735801456, 38, 13, 41, 0, 0, 0.17%, 8, 0, 7, 141.24
1735801461, 38, 14, 41, 0, 0, 0.17%, 8, 0, 7, 136.85
1735801466, 39, 11, 41, 0, 0, 0.17%, 8, 0, 7, 144.30
1735801471, 39, 12, 41, 0, 0, 0.17%, 8, 0, 7, 140.50
1735801477, 39, 13, 41, 0, 0, 0.17%, 8, 0, 7, 142.23
1735801482, 39, 14, 41, 0, 0, 0.17%, 8, 0, 7, 137.69
1735801487, 39, 27, 41, 0, 0, 0.17%, 8, 0, 7, 156.56
1735801497, 40, 12, 41, 0, 0, 0.17%, 8, 0, 7, 138.78
1735801502, 40, 13, 41, 0, 0, 0.17%, 8, 0, 7, 149.18
1735801507, 40, 14, 41, 0, 0, 0.17%, 8, 0, 7, 146.53
1735801512, 40, 18, 41, 0, 0, 0.17%, 8, 0, 7, 156.64
1735801533, 40, 26, 41, 0, 0, 0.17%, 8, 0, 7, 187.13
1735801548, 41, 12, 41, 0, 0, 0.17%, 8, 0, 7, 144.12
1735801553, 41, 13, 41, 0, 0, 0.17%, 8, 0, 7, 142.67
1735801558, 41, 14, 41, 0, 0, 0.17%, 8, 0, 7, 140.24
1735801563, 42, 1, 41, 0, 0, 0.17%, 8, 0, 7, 141.61
1735801568, 42, 12, 41, 0, 0, 0.17%, 8, 0, 7, 132.93
1735801573, 42, 13, 41, 0, 0, 0.17%, 8, 0, 7, 130.58
1735801579, 42, 14, 41, 0, 0, 0.17%, 8, 0, 7, 143.84
1735801584, 42, 20, 41, 0, 0, 0.17%, 8, 0, 7, 149.40
1735801594, 43, 9, 41, 0, 0, 0.17%, 8, 0, 7, 145.14
1735801599, 43, 12, 41, 0, 0, 0.17%, 8, 0, 7, 135.99
1735801604, 43, 13, 41, 0, 0, 0.17%, 8, 0, 7, 139.25
1735801609, 43, 14, 41, 0, 0, 0.17%, 8, 0, 7, 141.33
1735801614, 44, 11, 41, 0, 0, 0.17%, 8, 0, 7, 137.49
1735801620, 44, 13, 41, 0, 0, 0.17%, 8, 0, 7, 143.98
1735801625, 44, 14, 41, 0, 0, 0.17%, 8, 0, 7, 141.09
1735801630, 44, 32, 41, 0, 0, 0.17%, 8, 0, 7, 141.05
1735801640, 45, 11, 41, 0, 0, 0.17%, 8, 0, 7, 134.97
1735801646, 45, 12, 41, 0, 0, 0.17%, 8, 0, 7, 131.28
1735801651, 45, 13, 41, 0, 0, 0.17%, 8, 0, 7, 146.50
1735801656, 45, 14, 41, 0, 0, 0.17%, 8, 0, 7, 151.76
1735801661, 46, 12, 41, 0, 0, 0.17%, 8, 0, 7, 137.48
1735801666, 46, 13, 41, 0, 0, 0.17%, 8, 0, 7, 142.23
1735801671, 46, 14, 41, 0, 0, 0.17%, 8, 0, 7, 139.08
1735801677, 46, 25, 41, 0, 0, 0.17%, 8, 0, 7, 151.46
1735801687, 47, 6, 41, 0, 0, 0.17%, 8, 0, 7, 148.14
1735801692, 47, 12, 41, 0, 0, 0.17%, 8, 0, 7, 137.41
1735801697, 47, 13, 41, 0, 0, 0.17%, 8, 0, 7, 135.33
1735801702, 47, 14, 41, 0, 0, 0.17%, 8, 0, 7, 145.09
1735801707, 47, 15, 41, 0, 0, 0.17%, 8, 0, 7, 140.45
1735801717, 47, 19, 41, 0, 0, 0.17%, 8, 0, 7, 150.08
1735801728, 48, 12, 41, 0, 0, 0.17%, 8, 0, 7, 141.60
1735801733, 48, 13, 41, 0, 0, 0.17%, 8, 0, 7, 142.31
1735801738, 48, 14, 41, 0, 0, 0.17%, 8, 0, 7, 140.93
1735801743, 48, 37, 41, 0, 0, 0.17%, 8, 0, 7, 143.98
1735801764, 49, 11, 41, 0, 0, 0.17%, 8, 0, 7, 142.06
1735801769, 49, 13, 41, 0, 0, 0.17%, 8, 0, 7, 151.29
1735801774, 49, 14, 41, 0, 0, 0.17%, 8, 0, 7, 147.56
1735801779, 49, 36, 41, 0, 0, 0.17%, 8, 0, 7, 142.35
1735801804, 50, 12, 41, 0, 0, 0.17%, 8, 0, 7, 144.42
1735801810, 50, 13, 41, 0, 0, 0.17%, 8, 0, 7, 136.54
1735801815, 50, 14, 41, 0, 0, 0.17%, 8, 0, 7, 142.09
1735801820, 51, 4, 41, 0, 0, 0.17%, 8, 0, 7, 146.72
1735801825, 51, 12, 41, 0, 0, 0.17%, 8, 0, 7, 139.13
1735801830, 51, 13, 41, 0, 0, 0.17%, 8, 0, 7, 133.07
1735801835, 51, 14, 41, 0, 0, 0.17%, 8, 0, 7, 134.24
1735801841, 52, 11, 41, 0, 0, 0.17%, 8, 0, 7, 139.78
1735801846, 52, 12, 41, 0, 0, 0.17%, 8, 0, 7, 136.63
1735801851, 52, 13, 41, 0, 0, 0.17%, 8, 0, 7, 143.07
1735801856, 52, 14, 41, 0, 0, 0.17%, 8, 0, 7, 138.55
1735801861, 52, 21, 41, 0, 0, 0.17%, 8, 0, 7, 137.40
1735801871, 52, 31, 41, 0, 0, 0.17%, 8, 0, 7, 150.43
1735801882, 53, 12, 41, 0, 0, 0.17%, 8, 0, 7, 136.76
1735801887, 53, 13, 41, 0, 0, 0.17%, 8, 0, 7, 137.67
1735801892, 53, 14, 41, 0, 0, 0.17%, 8, 0, 7, 138.35
1735801897, 53, 22, 41, 0, 0, 0.17%, 8, 0, 7, 146.44
1735801907, 54, 11, 41, 0, 0, 0.17%, 8, 0, 7, 138.54
1735801912, 54, 12, 41, 0, 0, 0.17%, 8, 0, 7, 137.98
1735801917, 54, 13, 41, 0, 0, 0.17%, 8, 0, 7, 138.86
1735801923, 54, 14, 41, 0, 0, 0.17%, 8, 0, 7, 139.77
1735801928, 55, 12, 41, 0, 0, 0.17%, 8, 0, 7, 132.73
1735801933, 55, 13, 41, 0, 0, 0.17%, 8, 0, 7, 134.37
1735801938, 55, 14, 41, 0, 0, 0.17%, 8, 0, 7, 135.22
1735801943, 56, 11, 41, 0, 0, 0.17%, 8, 0, 7, 138.05
1735801948, 56, 12, 41, 0, 0, 0.17%, 8, 0, 7, 140.20
1735801954, 56, 13, 41, 0, 0, 0.17%, 8, 0, 7, 138.16
1735801959, 56, 14, 41, 0, 0, 0.17%, 8, 0, 7, 145.29
1735801964, 57, 11, 41, 0, 0, 0.17%, 8, 0, 7, 147.90
1735801969, 57, 12, 41, 0, 0, 0.17%, 8, 0, 7, 133.06
1735801974, 57, 13, 41, 0, 0, 0.17%, 8, 0, 7, 145.51
1735801979, 57, 14, 41, 0, 0, 0.17%, 8, 0, 7, 145.97
1735801984, 57, 15, 41, 0, 0, 0.17%, 8, 0, 7, 140.10
1735801995, 57, 30, 41, 0, 0, 0.17%, 8, 0, 7, 145.24
1735802005, 58, 11, 41, 0, 0, 0.17%, 8, 0, 7, 144.88
1735802010, 58, 12, 41, 0, 0, 0.17%, 8, 0, 7, 137.51
1735802015, 58, 13, 41, 0, 0, 0.17%, 8, 0, 7, 140.15
1735802020, 58, 14, 41, 0, 0, 0.17%, 8, 0, 7, 139.62
1735802025, 58, 27, 41, 0, 0, 0.17%, 8, 0, 7, 151.37
1735802036, 59, 12, 41, 0, 0, 0.17%, 8, 0, 7, 143.88
1735802041, 59, 13, 41, 0, 0, 0.17%, 8, 0, 7, 135.88
1735802046, 59, 14, 41, 0, 0, 0.17%, 8, 0, 7, 142.45
1735802051, 59, 31, 41, 0, 0, 0.17%, 8, 0, 7, 149.11
1735802061, 59, 32, 41, 0, 0, 0.17%, 8, 0, 7, 145.99
1735802072, 60, 11, 41, 0, 0, 0.17%, 8, 0, 7, 140.69
1735802077, 60, 12, 41, 0, 0, 0.17%, 8, 0, 7, 135.61
1735802082, 60, 13, 41, 0, 0, 0.17%, 8, 0, 7, 147.81
1735802087, 60, 14, 41, 0, 0, 0.17%, 8, 0, 7, 143.33
1735802092, 60, 22, 41, 0, 0, 0.17%, 8, 0, 7, 143.29
1735802102, 60, 25, 41, 0, 0, 0.17%, 8, 0, 7, 141.95
1735802113, 61, 12, 41, 0, 0, 0.17%, 8, 0, 7, 134.17
1735802118, 61, 13, 41, 0, 0, 0.17%, 8, 0, 7, 134.28
1735802123, 61, 14, 41, 0, 0, 0.17%, 8, 0, 7, 141.12
1735802128, 61, 17, 41, 0, 0, 0.17%, 8, 0, 7, 155.34
1735802133, 62, 11, 41, 0, 0, 0.17%, 8, 0, 7, 140.03
1735802138, 62, 12, 41, 0, 0, 0.17%, 8, 0, 7, 140.85
1735802144, 62, 13, 41, 0, 0, 0.17%, 8, 0, 7, 145.58
1735802149, 62, 14, 41, 0, 0, 0.17%, 8, 0, 7, 134.42
1735802154, 63, 12, 41, 0, 0, 0.17%, 8, 0, 7, 140.81
1735802159, 63, 13, 41, 0, 0, 0.17%, 8, 0, 7, 130.93
1735802164, 63, 14, 41, 0, 0, 0.17%, 8, 0, 7, 139.65
1735802170, 63, 15, 41, 0, 0, 0.17%, 8, 0, 7, 133.16
1735802175, 63, 28, 41, 0, 0, 0.17%, 8, 0, 7, 143.58
1735802195, 64, 11, 41, 0, 0, 0.17%, 8, 0, 7, 133.35
1735802200, 64, 12, 41, 0, 0, 0.17%, 8, 0, 7, 132.61
1735802206, 64, 13, 41, 0, 0, 0.17%, 8, 0, 7, 131.13
1735802211, 64, 14, 41, 0, 0, 0.17%, 8, 0, 7, 150.42
1735802216, 64, 16, 41, 0, 0, 0.17%, 8, 0, 7, 149.92
1735802226, 64, 40, 41, 0, 0, 0.17%, 8, 0, 7, 153.53
1735802231, 65, 12, 41, 0, 0, 0.17%, 8, 0, 7, 134.21
1735802236, 65, 13, 41, 0, 0, 0.17%, 8, 0, 7, 133.46
1735802241, 65, 14, 41, 0, 0, 0.17%, 8, 0, 7, 139.38
1735802247, 66, 11, 41, 0, 0, 0.17%, 8, 0, 7, 145.06
1735802252, 66, 12, 41, 0, 0, 0.17%, 8, 0, 7, 143.37
1735802257, 66, 13, 41, 0, 0, 0.17%, 8, 0, 7, 147.90
1735802262, 66, 14, 41, 0, 0, 0.17%, 8, 0, 7, 143.57
1735802267, 66, 17, 41, 0, 0, 0.17%, 8, 0, 7, 149.79
1735802272, 66, 38, 41, 0, 0, 0.17%, 8, 0, 7, 192.05
1735802287, 67, 11, 41, 0, 0, 0.17%, 8, 0, 7, 145.97
1735802292, 67, 12, 41, 0, 0, 0.17%, 8, 0, 7, 146.20
1735802298, 67, 13, 41, 0, 0, 0.17%, 8, 0, 7, 142.17
1735802303, 67, 14, 41, 0, 0, 0.17%, 8, 0, 7, 142.38
1735802308, 67, 19, 41, 0, 0, 0.17%, 8, 0, 7, 143.10
1735802318, 68, 11, 41, 0, 0, 0.17%, 8, 0, 7, 137.68
1735802323, 68, 13, 41, 0, 0, 0.17%, 8, 0, 7, 140.74
1735802328, 68, 14, 41, 0, 0, 0.17%, 8, 0, 7, 139.06
1735802333, 68, 34, 41, 0, 0, 0.17%, 8, 0, 7, 146.15
1735802343, 69, 11, 41, 0, 0, 0.17%, 8, 0, 7, 144.07
1735802348, 69, 12, 41, 0, 0, 0.17%, 8, 0, 7, 138.60
1735802353, 69, 13, 41, 0, 0, 0.17%, 8, 0, 7, 144.77
1735802358, 69, 14, 41, 0, 0, 0.17%, 8, 0, 7, 145.11
1735802364, 70, 12, 41, 0, 0, 0.17%, 8, 0, 7, 136.31
1735802369, 70, 13, 41, 0, 0, 0.17%, 8, 0, 7, 142.52
1735802374, 70, 14, 41, 0, 0, 0.17%, 8, 0, 7, 145.34
1735802379, 71, 11, 41, 0, 0, 0.17%, 8, 0, 7, 140.50
1735802384, 71, 13, 41, 0, 0, 0.17%, 8, 0, 7, 136.06
1735802389, 71, 14, 41, 0, 0, 0.17%, 8, 0, 7, 138.84
1735802394, 71, 32, 41, 0, 0, 0.17%, 8, 0, 7, 138.73
1735802399, 72, 5, 41, 0, 0, 0.17%, 8, 0, 7, 135.51
1735802404, 72, 11, 41, 0, 0, 0.17%, 8, 0, 7, 141.54
1735802409, 72, 12, 41, 0, 0, 0.17%, 8, 0, 7, 138.42
1735802414, 72, 13, 41, 0, 0, 0.17%, 8, 0, 7, 132.01
1735802419, 72, 14, 41, 0, 0, 0.17%, 8, 0, 7, 143.64
1735802425, 72, 21, 41, 0, 0, 0.17%, 8, 0, 7, 144.44
1735802435, 72, 25, 41, 0, 0, 0.17%, 8, 0, 7, 147.42
1735802440, 72, 28, 41, 0, 0, 0.17%, 8, 0, 7, 148.52
1735802450, 73, 12, 41, 0, 0, 0.17%, 8, 0, 7, 138.63
1735802455, 73, 13, 41, 0, 0, 0.17%, 8, 0, 7, 133.93
1735802460, 73, 14, 41, 0, 0, 0.17%, 8, 0, 7, 138.74
1735802466, 73, 16, 41, 0, 0, 0.17%, 8, 0, 7, 149.12
1735802476, 73, 18, 41, 0, 0, 0.17%, 8, 0, 7, 144.21
1735802486, 73, 23, 41, 0, 0, 0.17%, 8, 0, 7, 142.34
1735802507, 73, 32, 41, 0, 0, 0.17%, 8, 0, 7, 148.33
1735802512, 73, 34, 41, 0, 0, 0.17%, 8, 0, 7, 143.32
1735802522, 74, 11, 41, 0, 0, 0.17%, 8, 0, 7, 150.99
1735802527, 74, 12, 41, 0, 0, 0.17%, 8, 0, 7, 138.02
1735802532, 74, 13, 41, 0, 0, 0.17%, 8, 0, 7, 141.43
1735802537, 74, 14, 41, 0, 0, 0.17%, 8, 0, 7, 136.13
1735802543, 74, 38, 41, 0, 0, 0.17%, 8, 0, 7, 164.29
1735802548, 74, 39, 41, 0, 0, 0.17%, 8, 0, 7, 163.69
1735802568, 75, 11, 41, 0, 0, 0.17%, 8, 0, 7, 147.40
1735802573, 75, 13, 41, 0, 0, 0.17%, 8, 0, 7, 135.83
1735802583, 75, 14, 41, 0, 0, 0.17%, 8, 0, 7, 138.98
1735802589, 76, 12, 41, 0, 0, 0.17%, 8, 0, 7, 139.28
1735802594, 76, 13, 41, 0, 0, 0.17%, 8, 0, 7, 133.51
1735802599, 76, 14, 41, 0, 0, 0.17%, 8, 0, 7, 143.88
1735802604, 76, 17, 41, 0, 0, 0.17%, 8, 0, 7, 146.62
1735802609, 76, 18, 41, 0, 0, 0.17%, 8, 0, 7, 150.10
1735802620, 76, 25, 41, 0, 0, 0.17%, 8, 0, 7, 134.89
1735802625, 76, 28, 41, 0, 0, 0.17%, 8, 0, 7, 139.12
1735802635, 77, 11, 41, 0, 0, 0.17%, 8, 0, 7, 152.45
1735802640, 77, 12, 41, 0, 0, 0.17%, 8, 0, 7, 137.24
1735802646, 77, 13, 41, 0, 0, 0.17%, 8, 0, 7, 134.43
1735802651, 77, 14, 41, 0, 0, 0.17%, 8, 0, 7, 143.09
1735802656, 77, 15, 41, 0, 0, 0.17%, 8, 0, 7, 138.43
1735802661, 77, 26, 41, 0, 0, 0.17%, 8, 0, 7, 169.22
1735802671, 77, 27, 41, 0, 0, 0.17%, 8, 0, 7, 155.08
1735802676, 77, 37, 41, 0, 0, 0.17%, 8, 0, 7, 149.08
1735802687, 78, 12, 41, 0, 0, 0.17%, 8, 0, 7, 134.66
1735802692, 78, 13, 41, 0, 0, 0.17%, 8, 0, 7, 138.51
1735802697, 78, 14, 41, 0, 0, 0.17%, 8, 0, 7, 140.55
1735802702, 78, 19, 41, 0, 0, 0.17%, 8, 0, 7, 151.28
1735802707, 78, 25, 41, 0, 0, 0.17%, 8, 0, 7, 147.91
1735802712, 78, 37, 41, 0, 0, 0.17%, 8, 0, 7, 153.77
1735802723, 79, 11, 41, 0, 0, 0.17%, 8, 0, 7, 144.33
1735802728, 79, 13, 41, 0, 0, 0.17%, 8, 0, 7, 137.51
1735802733, 79, 14, 41, 0, 0, 0.17%, 8, 0, 7, 135.81
1735802738, 79, 21, 41, 0, 0, 0.17%, 8, 0, 7, 129.05
1735802748, 79, 32, 41, 0, 0, 0.17%, 8, 0, 7, 140.72
1735802753, 80, 12, 41, 0, 0, 0.17%, 8, 0, 7, 131.22
1735802758, 80, 13, 41, 0, 0, 0.17%, 8, 0, 7, 138.18
1735802763, 80, 14, 41, 0, 0, 0.17%, 8, 0, 7, 146.26
1735802768, 81, 12, 41, 0, 0, 0.17%, 8, 0, 7, 140.86
1735802774, 81, 13, 41, 0, 0, 0.17%, 8, 0, 7, 140.88
1735802779, 81, 14, 41, 0, 0, 0.17%, 8, 0, 7, 136.59
1735802784, 82, 11, 41, 0, 0, 0.17%, 8, 0, 7, 144.39
1735802789, 82, 12, 41, 0, 0, 0.17%, 8, 0, 7, 135.49
1735802794, 82, 13, 41, 0, 0, 0.17%, 8, 0, 7, 137.37
1735802799, 82, 14, 41, 0, 0, 0.17%, 8, 0, 7, 138.94
1735802805, 82, 24, 41, 0, 0, 0.17%, 8, 0, 7, 159.44
1735802815, 83, 12, 41, 0, 0, 0.17%, 8, 0, 7, 141.42
1735802820, 83, 13, 41, 0, 0, 0.17%, 8, 0, 7, 135.66
1735802825, 83, 14, 41, 0, 0, 0.17%, 8, 0, 7, 146.32
1735802830, 83, 19, 41, 0, 0, 0.17%, 8, 0, 7, 145.95
1735802835, 84, 12, 41, 0, 0, 0.17%, 8, 0, 7, 140.87
1735802845, 84, 13, 41, 0, 0, 0.17%, 8, 0, 7, 132.52
1735802850, 84, 14, 41, 0, 0, 0.17%, 8, 0, 7, 144.45
1735802856, 84, 36, 41, 0, 0, 0.17%, 8, 0, 7, 148.52
1735802866, 85, 11, 41, 0, 0, 0.17%, 8, 0, 7, 148.23
1735802871, 85, 12, 41, 0, 0, 0.17%, 8, 0, 7, 140.62
1735802876, 85, 13, 41, 0, 0, 0.17%, 8, 0, 7, 132.07
1735802881, 85, 14, 41, 0, 0, 0.17%, 8, 0, 7, 145.38
1735802886, 85, 21, 41, 0, 0, 0.17%, 8, 0, 7, 135.46
1735802892, 85, 25, 41, 0, 0, 0.17%, 8, 0, 7, 142.37
1735802897, 86, 12, 41, 0, 0, 0.17%, 8, 0, 7, 136.63
1735802902, 86, 13, 41, 0, 0, 0.17%, 8, 0, 7, 137.88
1735802907, 86, 14, 41, 0, 0, 0.17%, 8, 0, 7, 138.70
1735802912, 86, 20, 41, 0, 0, 0.17%, 8, 0, 7, 144.51
1735802917, 86, 34, 41, 0, 0, 0.17%, 8, 0, 7, 139.64
1735802922, 87, 3, 41, 0, 0, 0.17%, 8, 0, 7, 146.46
1735802927, 87, 12, 41, 0, 0, 0.17%, 8, 0, 7, 139.84
1735802933, 87, 13, 41, 0, 0, 0.17%, 8, 0, 7, 135.97
1735802938, 87, 14, 41, 0, 0, 0.17%, 8, 0, 7, 142.44
1735802943, 87, 25, 41, 0, 0, 0.17%, 8, 0, 7, 145.73
1735802948, 87, 32, 41, 0, 0, 0.17%, 8, 0, 7, 138.32
1735802953, 88, 12, 41, 0, 0, 0.17%, 8, 0, 7, 140.28
1735802958, 88, 13, 41, 0, 0, 0.17%, 8, 0, 7, 136.35
1735802963, 88, 14, 41, 0, 0, 0.17%, 8, 0, 7, 138.88
1735802969, 88, 19, 41, 0, 0, 0.17%, 8, 0, 7, 150.92
1735802974, 88, 29, 41, 0, 0, 0.17%, 8, 0, 7, 153.79
1735802989, 89, 12, 41, 0, 0, 0.17%, 8, 0, 7, 148.51
1735802994, 89, 13, 41, 0, 0, 0.17%, 8, 0, 7, 142.71
1735802999, 89, 14, 41, 0, 0, 0.17%, 8, 0, 7, 143.84
1735803005, 89, 34, 41, 0, 0, 0.17%, 8, 0, 7, 148.20
1735803010, 90, 11, 41, 0, 0, 0.17%, 8, 0, 7, 147.89
1735803015, 90, 12, 41, 0, 0, 0.17%, 8, 0, 7, 135.52
1735803020, 90, 13, 41, 0, 0, 0.17%, 8, 0, 7, 134.88
1735803025, 90, 14, 41, 0, 0, 0.17%, 8, 0, 7, 138.63
1735803030, 90, 37, 41, 0, 0, 0.17%, 8, 0, 7, 140.03
1735803036, 90, 40, 41, 0, 0, 0.17%, 8, 0, 7, 147.04
1735803041, 91, 10, 41, 0, 0, 0.17%, 8, 0, 7, 135.07
1735803046, 91, 12, 41, 0, 0, 0.17%, 8, 0, 7, 137.59
1735803051, 91, 13, 41, 0, 0, 0.17%, 8, 0, 7, 130.34
1735803056, 91, 14, 41, 0, 0, 0.17%, 8, 0, 7, 140.40
1735803061, 91, 20, 41, 0, 0, 0.17%, 8, 0, 7, 137.13
1735803067, 91, 23, 41, 0, 0, 0.17%, 8, 0, 7, 142.26
1735803077, 91, 27, 41, 0, 0, 0.17%, 8, 0, 7, 152.15
1735803082, 92, 11, 41, 0, 0, 0.17%, 8, 0, 7, 136.96
1735803087, 92, 12, 41, 0, 0, 0.17%, 8, 0, 7, 147.99
1735803092, 92, 14, 41, 0, 0, 0.17%, 8, 0, 7, 150.85
1735803097, 92, 17, 41, 0, 0, 0.17%, 8, 0, 7, 157.88
1735803102, 92, 33, 41, 0, 0, 0.17%, 8, 0, 7, 151.16
1735803113, 93, 3, 41, 0, 0, 0.17%, 8, 0, 7, 153.40
1735803118, 93, 12, 41, 0, 0, 0.17%, 8, 0, 7, 134.53
1735803123, 93, 13, 41, 0, 0, 0.17%, 8, 0, 7, 137.96
1735803128, 93, 14, 41, 0, 0, 0.17%, 8, 0, 7, 134.61
1735803133, 93, 18, 41, 0, 0, 0.17%, 8, 0, 7, 141.54
1735803138, 94, 11, 41, 0, 0, 0.17%, 8, 0, 7, 138.87
1735803143, 94, 13, 41, 0, 0, 0.17%, 8, 0, 7, 133.43
1735803148, 94, 14, 41, 0, 0, 0.17%, 8, 0, 7, 141.66
1735803154, 94, 37, 41, 0, 0, 0.17%, 8, 0, 7, 142.68
1735803159, 95, 3, 41, 0, 0, 0.17%, 8, 0, 7, 141.63
1735803164, 95, 12, 41, 0, 0, 0.17%, 8, 0, 7, 132.94
1735803169, 95, 13, 41, 0, 0, 0.17%, 8, 0, 7, 132.56
1735803174, 95, 14, 41, 0, 0, 0.17%, 8, 0, 7, 142.23
1735803179, 95, 24, 41, 0, 0, 0.17%, 8, 0, 7, 146.81
1735803184, 95, 34, 41, 0, 0, 0.17%, 8, 0, 7, 145.75
1735803189, 96, 5, 41, 0, 0, 0.17%, 8, 0, 7, 138.14
1735803194, 96, 12, 41, 0, 0, 0.17%, 8, 0, 7, 138.25
1735803199, 96, 13, 41, 0, 0, 0.17%, 8, 0, 7, 137.65
1735803205, 96, 14, 41, 0, 0, 0.17%, 8, 0, 7, 142.08
1735803210, 96, 27, 41, 0, 0, 0.17%, 8, 0, 7, 144.98
1735803215, 97, 6, 41, 0, 0, 0.17%, 8, 0, 7, 134.77
1735803220, 97, 12, 41, 0, 0, 0.17%, 8, 0, 7, 135.85
1735803225, 97, 13, 41, 0, 0, 0.17%, 8, 0, 7, 134.00
1735803231, 97, 14, 41, 0, 0, 0.17%, 8, 0, 7, 136.71
1735803236, 97, 21, 41, 0, 0, 0.17%, 8, 0, 7, 142.82
1735803241, 97, 26, 41, 0, 0, 0.17%, 8, 0, 7, 156.09
1735803251, 98, 10, 41, 0, 0, 0.17%, 8, 0, 7, 148.67
1735803256, 98, 11, 41, 0, 0, 0.17%, 8, 0, 7, 146.44
1735803261, 98, 13, 41, 0, 0, 0.17%, 8, 0, 7, 139.03
1735803266, 98, 14, 41, 0, 0, 0.17%, 8, 0, 7, 145.40
1735803271, 98, 37, 41, 0, 0, 0.17%, 8, 0, 7, 140.91
1735803277, 99, 9, 41, 0, 0, 0.17%, 8, 0, 7, 135.19
1735803282, 99, 12, 41, 0, 0, 0.17%, 8, 0, 7, 142.36
1735803287, 99, 13, 41, 0, 0, 0.17%, 8, 0, 7, 142.03
1735803292, 99, 14, 41, 0, 0, 0.17%, 8, 0, 7, 146.03
1735803297, 99, 26, 41, 0, 0, 0.17%, 8, 0, 7, 159.60
1735803302, 99, 32, 41, 0, 0, 0.17%, 8, 0, 7, 151.24
1735803307, 99, 33, 41, 0, 0, 0.17%, 8, 0, 7, 169.03
1735803317, 99, 37, 41, 0, 0, 0.17%, 8, 0, 7, 150.48
1735803322, 99, 40, 41, 0, 0, 0.17%, 8, 0, 7, 161.50
1735803327, 100, 6, 41, 0, 0, 0.17%, 8, 0, 7, 142.84
1735803333, 100, 11, 41, 0, 0, 0.17%, 8, 0, 7, 149.69
1735803338, 100, 13, 41, 0, 0, 0.17%, 8, 0, 7, 150.06
1735803343, 100, 14, 41, 0, 0, 0.17%, 8, 0, 7, 140.69
1735803348, 101, 11, 41, 0, 0, 0.17%, 8, 0, 7, 145.82
1735803353, 101, 12, 41, 0, 0, 0.17%, 8, 0, 7, 137.41
1735803358, 101, 13, 41, 0, 0, 0.17%, 8, 0, 7, 139.30
1735803363, 101, 14, 41, 0, 0, 0.17%, 8, 0, 7, 138.64
1735803368, 102, 12, 41, 0, 0, 0.17%, 8, 0, 7, 139.52
1735803374, 102, 13, 41, 0, 0, 0.17%, 8, 0, 7, 133.88
1735803379, 102, 14, 41, 0, 0, 0.17%, 8, 0, 7, 141.41
1735803384, 102, 16, 41, 0, 0, 0.17%, 8, 0, 7, 143.52
1735803389, 102, 17, 41, 0, 0, 0.17%, 8, 0, 7, 154.65
1735803394, 102, 27, 41, 0, 0, 0.17%, 8, 0, 7, 155.48
1735803399, 102, 28, 41, 0, 0, 0.17%, 8, 0, 7, 148.39
1735803404, 103, 11, 41, 0, 0, 0.17%, 8, 0, 7, 145.75
1735803409, 103, 12, 41, 0, 0, 0.17%, 8, 0, 7, 139.08
1735803415, 103, 13, 41, 0, 0, 0.17%, 8, 0, 7, 134.29
1735803420, 103, 14, 41, 0, 0, 0.17%, 8, 0, 7, 141.65
1735803425, 103, 25, 41, 0, 0, 0.17%, 8, 0, 7, 154.96
1735803430, 103, 29, 41, 0, 0, 0.17%, 8, 0, 7, 180.31
1735803440, 103, 34, 41, 0, 0, 0.17%, 8, 0, 7, 137.40
1735803445, 104, 8, 41, 0, 0, 0.17%, 8, 0, 7, 139.27
1735803450, 104, 12, 41, 0, 0, 0.17%, 8, 0, 7, 138.04
1735803455, 104, 13, 41, 0, 0, 0.17%, 8, 0, 7, 139.02
1735803461, 104, 14, 41, 0, 0, 0.17%, 8, 0, 7, 140.92
1735803466, 104, 22, 41, 0, 0, 0.17%, 8, 0, 7, 148.07
1735803471, 104, 32, 41, 0, 0, 0.17%, 8, 0, 7, 141.70
1735803476, 105, 11, 41, 0, 0, 0.17%, 8, 0, 7, 137.82
1735803481, 105, 12, 41, 0, 0, 0.17%, 8, 0, 7, 139.73
1735803486, 105, 13, 41, 0, 0, 0.17%, 8, 0, 7, 146.77
1735803491, 105, 14, 41, 0, 0, 0.17%, 8, 0, 7, 140.97
1735803497, 105, 18, 41, 0, 0, 0.17%, 8, 0, 7, 148.85
1735803502, 105, 21, 41, 0, 0, 0.17%, 8, 0, 7, 148.20
1735803507, 105, 40, 41, 0, 0, 0.17%, 8, 0, 7, 148.27
1735803512, 106, 12, 41, 0, 0, 0.17%, 8, 0, 7, 137.86
1735803517, 106, 13, 41, 0, 0, 0.17%, 8, 0, 7, 135.34
1735803522, 106, 14, 41, 0, 0, 0.17%, 8, 0, 7, 136.61
1735803528, 106, 29, 41, 0, 0, 0.17%, 8, 0, 7, 154.42
1735803538, 107, 12, 41, 0, 0, 0.17%, 8, 0, 7, 146.27
1735803543, 107, 13, 41, 0, 0, 0.17%, 8, 0, 7, 133.99
1735803553, 108, 11, 41, 0, 0, 0.17%, 8, 0, 7, 138.66
1735803558, 108, 12, 41, 0, 0, 0.17%, 8, 0, 7, 135.30
1735803563, 108, 13, 41, 0, 0, 0.17%, 8, 0, 7, 140.22
1735803569, 108, 14, 41, 0, 0, 0.17%, 8, 0, 7, 144.68
1735803574, 108, 38, 41, 0, 0, 0.17%, 8, 0, 7, 164.87
1735803584, 109, 12, 41, 0, 0, 0.17%, 8, 0, 7, 136.97
1735803589, 109, 13, 41, 0, 0, 0.17%, 8, 0, 7, 144.66
1735803594, 109, 14, 41, 0, 0, 0.17%, 8, 0, 7, 136.62
1735803600, 110, 12, 41, 0, 0, 0.17%, 8, 0, 7, 141.66
1735803605, 110, 13, 41, 0, 0, 0.17%, 8, 0, 7, 140.20
1735803610, 110, 14, 41, 0, 0, 0.17%, 8, 0, 7, 144.71
1735803615, 111, 11, 41, 0, 0, 0.17%, 8, 0, 7, 133.23
1735803620, 111, 12, 41, 0, 0, 0.17%, 8, 0, 7, 140.81
1735803625, 111, 13, 41, 0, 0, 0.17%, 8, 0, 7, 142.43
1735803630, 111, 14, 41, 0, 0, 0.17%, 8, 0, 7, 130.49
1735803635, 111, 15, 41, 0, 0, 0.17%, 8, 0, 7, 143.73
1735803640, 112, 12, 41, 0, 0, 0.17%, 8, 0, 7, 145.77
1735803645, 112, 13, 41, 0, 0, 0.17%, 8, 0, 7, 133.65
1735803650, 112, 14, 41, 0, 0, 0.17%, 8, 0, 7, 146.81
1735803656, 112, 29, 41, 0, 0, 0.17%, 8, 0, 7, 158.49
1735803666, 112, 31, 41, 0, 0, 0.17%, 8, 0, 7, 147.27
1735803671, 112, 34, 41, 0, 0, 0.17%, 8, 0, 7, 137.63
1735803676, 113, 12, 41, 0, 0, 0.17%, 8, 0, 7, 133.94
1735803681, 113, 13, 41, 0, 0, 0.17%, 8, 0, 7, 134.82
1735803686, 113, 14, 41, 0, 0, 0.17%, 8, 0, 7, 139.65
1735803691, 113, 15, 41, 0, 0, 0.17%, 8, 0, 7, 142.91
1735803696, 113, 28, 41, 0, 0, 0.17%, 8, 0, 7, 142.99
1735803701, 113, 35, 41, 0, 0, 0.17%, 8, 0, 7, 137.71
1735803711, 114, 11, 41, 0, 0, 0.17%, 8, 0, 7, 147.87
1735803717, 114, 13, 41, 0, 0, 0.17%, 8, 0, 7, 138.96
1735803727, 114, 14, 41, 0, 0, 0.17%, 8, 0, 7, 141.58
1735803732, 114, 16, 41, 0, 0, 0.17%, 8, 0, 7, 138.14
1735803737, 114, 30, 41, 0, 0, 0.17%, 8, 0, 7, 151.52
1735803742, 114, 36, 41, 0, 0, 0.17%, 8, 0, 7, 141.12
1735803752, 114, 39, 41, 0, 0, 0.17%, 8, 0, 7, 148.01
1735803763, 115, 11, 41, 0, 0, 0.17%, 8, 0, 7, 140.49
1735803768, 115, 12, 41, 0, 0, 0.17%, 8, 0, 7, 135.22
1735803773, 115, 13, 41, 0, 0, 0.17%, 8, 0, 7, 148.33
1735803778, 115, 14, 41, 0, 0, 0.17%, 8, 0, 7, 142.76
1735803783, 115, 21, 41, 0, 0, 0.17%, 8, 0, 7, 134.12
1735803788, 116, 12, 41, 0, 0, 0.17%, 8, 0, 7, 147.46
1735803794, 116, 13, 41, 0, 0, 0.17%, 8, 0, 7, 142.26
1735803799, 116, 14, 41, 0, 0, 0.17%, 8, 0, 7, 141.71
1735803809, 116, 21, 41, 0, 0, 0.17%, 8, 0, 7, 145.67
1735803814, 117, 11, 41, 0, 0, 0.17%, 8, 0, 7, 147.79
1735803819, 117, 12, 41, 0, 0, 0.17%, 8, 0, 7, 139.43
1735803824, 117, 13, 41, 0, 0, 0.17%, 8, 0, 7, 140.20
1735803829, 117, 14, 41, 0, 0, 0.17%, 8, 0, 7, 141.77
1735803835, 118, 12, 41, 0, 0, 0.17%, 8, 0, 7, 141.07
1735803840, 118, 13, 41, 0, 0, 0.17%, 8, 0, 7, 139.70
1735803845, 118, 14, 41, 0, 0, 0.17%, 8, 0, 7, 139.75
1735803850, 118, 15, 41, 0, 0, 0.17%, 8, 0, 7, 141.43
1735803855, 118, 24, 41, 0, 0, 0.17%, 8, 0, 7, 150.97
1735803860, 118, 26, 41, 0, 0, 0.17%, 8, 0, 7, 153.91
1735803865, 118, 28, 41, 0, 0, 0.17%, 8, 0, 7, 142.13
1735803870, 119, 11, 41, 0, 0, 0.17%, 8, 0, 7, 147.10
1735803876, 119, 13, 41, 0, 0, 0.17%, 8, 0, 7, 146.69
1735803881, 119, 14, 41, 0, 0, 0.17%, 8, 0, 7, 145.41
1735803886, 119, 28, 41, 0, 0, 0.17%, 8, 0, 7, 137.77
1735803891, 120, 11, 41, 0, 0, 0.17%, 8, 0, 7, 136.78
1735803896, 120, 12, 41, 0, 0, 0.17%, 8, 0, 7, 139.71
1735803901, 120, 13, 41, 0, 0, 0.17%, 8, 0, 7, 146.01
1735803906, 120, 14, 41, 0, 0, 0.17%, 8, 0, 7, 134.89
1735803912, 121, 12, 41, 0, 0, 0.17%, 8, 0, 7, 131.94
1735803917, 121, 13, 41, 0, 0, 0.17%, 8, 0, 7, 133.81
1735803922, 121, 14, 41, 0, 0, 0.17%, 8, 0, 7, 133.99
1735803927, 121, 19, 41, 0, 0, 0.17%, 8, 0, 7, 152.86
1735803932, 121, 20, 41, 0, 0, 0.17%, 8, 0, 7, 136.53
1735803938, 122, 3, 41, 0, 0, 0.17%, 8, 0, 7, 138.67
1735803943, 122, 12, 41, 0, 0, 0.17%, 8, 0, 7, 140.21
1735803948, 122, 13, 41, 0, 0, 0.17%, 8, 0, 7, 135.50
1735803953, 122, 14, 41, 0, 0, 0.17%, 8, 0, 7, 132.35
1735803958, 123, 10, 41, 0, 0, 0.17%, 8, 0, 7, 142.41
1735803963, 123, 12, 41, 0, 0, 0.17%, 8, 0, 7, 144.18
1735803969, 123, 13, 41, 0, 0, 0.17%, 8, 0, 7, 139.29
1735803974, 123, 14, 41, 0, 0, 0.17%, 8, 0, 7, 133.36
1735803979, 123, 20, 41, 0, 0, 0.17%, 8, 0, 7, 137.29
1735803984, 123, 33, 41, 0, 0, 0.17%, 8, 0, 7, 168.18
1735803989, 124, 11, 41, 0, 0, 0.17%, 8, 0, 7, 151.22
1735803994, 124, 12, 41, 0, 0, 0.17%, 8, 0, 7, 134.35
1735803999, 124, 14, 41, 0, 0, 0.17%, 8, 0, 7, 142.19
1735804005, 124, 20, 41, 0, 0, 0.17%, 8, 0, 7, 148.96
1735804010, 124, 29, 41, 0, 0, 0.17%, 8, 0, 7, 148.63
1735804020, 124, 35, 41, 0, 0, 0.17%, 8, 0, 7, 150.77
1735804025, 125, 11, 41, 0, 0, 0.17%, 8, 0, 7, 146.63
1735804030, 125, 13, 41, 0, 0, 0.17%, 8, 0, 7, 139.55
1735804035, 125, 14, 41, 0, 0, 0.17%, 8, 0, 7, 138.56
1735804040, 125, 20, 41, 0, 0, 0.17%, 8, 0, 7, 143.24
1735804046, 125, 40, 41, 0, 0, 0.17%, 8, 0, 7, 160.80
1735804051, 126, 11, 41, 0, 0, 0.17%, 8, 0, 7, 146.50
1735804056, 126, 12, 41, 0, 0, 0.17%, 8, 0, 7, 141.60
1735804061, 126, 13, 41, 0, 0, 0.17%, 8, 0, 7, 141.86
1735804066, 126, 14, 41, 0, 0, 0.17%, 8, 0, 7, 147.32
1735804071, 127, 12, 41, 0, 0, 0.17%, 8, 0, 7, 136.11
1735804076, 127, 13, 41, 0, 0, 0.17%, 8, 0, 7, 137.82
1735804081, 127, 14, 41, 0, 0, 0.17%, 8, 0, 7, 146.51
1735804087, 127, 15, 41, 0, 0, 0.17%, 8, 0, 7, 146.64
1735804092, 127, 20, 41, 0, 0, 0.17%, 8, 0, 7, 147.06
1735804097, 127, 27, 41, 0, 0, 0.17%, 8, 0, 7, 148.15
1735804102, 128, 12, 41, 0, 0, 0.17%, 8, 0, 7, 142.37
1735804107, 128, 13, 41, 0, 0, 0.17%, 8, 0, 7, 137.64
1735804112, 128, 14, 41, 0, 0, 0.17%, 8, 0, 7, 139.92
1735804117, 128, 38, 41, 0, 0, 0.17%, 8, 0, 7, 170.84
1735804127, 129, 11, 41, 0, 0, 0.17%, 8, 0, 7, 144.83
1735804132, 129, 13, 41, 0, 0, 0.17%, 8, 0, 7, 146.43
1735804137, 129, 14, 41, 0, 0, 0.17%, 8, 0, 7, 141.34
1735804143, 129, 28, 41, 0, 0, 0.17%, 8, 0, 7, 143.25
1735804148, 130, 4, 41, 0, 0, 0.17%, 8, 0, 7, 144.79
1735804153, 130, 12, 41, 0, 0, 0.17%, 8, 0, 7, 146.48
1735804158, 130, 13, 41, 0, 0, 0.17%, 8, 0, 7, 144.75
1735804163, 130, 14, 41, 0, 0, 0.17%, 8, 0, 7, 144.46
1735804168, 130, 23, 41, 0, 0, 0.17%, 8, 0, 7, 138.07
1735804178, 131, 11, 41, 0, 0, 0.17%, 8, 0, 7, 135.26
1735804184, 131, 12, 41, 0, 0, 0.17%, 8, 0, 7, 141.53
1735804189, 131, 13, 41, 0, 0, 0.17%, 8, 0, 7, 135.81
1735804194, 131, 14, 41, 0, 0, 0.17%, 8, 0, 7, 137.78
1735804199, 132, 11, 41, 0, 0, 0.17%, 8, 0, 7, 132.40
1735804204, 132, 12, 41, 0, 0, 0.17%, 8, 0, 7, 138.60
1735804210, 132, 13, 41, 0, 0, 0.17%, 8, 0, 7, 135.25
1735804215, 132, 14, 41, 0, 0, 0.17%, 8, 0, 7, 143.57
1735804220, 132, 28, 41, 0, 0, 0.17%, 8, 0, 7, 146.67
1735804225, 133, 12, 41, 0, 0, 0.17%, 8, 0, 7, 141.75
1735804230, 133, 13, 41, 0, 0, 0.17%, 8, 0, 7, 138.42
1735804235, 133, 14, 41, 0, 0, 0.17%, 8, 0, 7, 136.47
1735804240, 133, 34, 41, 0, 0, 0.17%, 8, 0, 7, 138.94
1735804245, 134, 12, 41, 0, 0, 0.17%, 8, 0, 7, 144.33
1735804250, 134, 13, 41, 0, 0, 0.17%, 8, 0, 7, 136.85
1735804256, 134, 14, 41, 0, 0, 0.17%, 8, 0, 7, 133.62
1735804261, 134, 37, 41, 0, 0, 0.17%, 8, 0, 7, 152.43
1735804266, 135, 5, 41, 0, 0, 0.17%, 8, 0, 7, 142.00
1735804271, 135, 12, 41, 0, 0, 0.17%, 8, 0, 7, 138.70
1735804276, 135, 13, 41, 0, 0, 0.17%, 8, 0, 7, 140.55
1735804281, 135, 14, 41, 0, 0, 0.17%, 8, 0, 7, 140.25
1735804286, 135, 21, 41, 0, 0, 0.17%, 8, 0, 7, 139.24
1735804291, 135, 30, 41, 0, 0, 0.17%, 8, 0, 7, 141.97
1735804296, 135, 36, 41, 0, 0, 0.17%, 8, 0, 7, 144.60
1735804302, 136, 12, 41, 0, 0, 0.17%, 8, 0, 7, 144.12
1735804307, 136, 13, 41, 0, 0, 0.17%, 8, 0, 7, 134.96
1735804312, 136, 14, 41, 0, 0, 0.17%, 8, 0, 7, 144.97
1735804317, 136, 17, 41, 0, 0, 0.17%, 8, 0, 7, 150.63
1735804322, 137, 5, 41, 0, 0, 0.17%, 8, 0, 7, 145.14
1735804327, 137, 12, 41, 0, 0, 0.17%, 8, 0, 7, 138.16
1735804332, 137, 13, 41, 0, 0, 0.17%, 8, 0, 7, 139.67
1735804337, 137, 14, 41, 0, 0, 0.17%, 8, 0, 7, 140.78
1735804342, 137, 16, 41, 0, 0, 0.17%, 8, 0, 7, 139.50
1735804347, 137, 36, 41, 0, 0, 0.17%, 8, 0, 7, 143.68
1735804352, 138, 12, 41, 0, 0, 0.17%, 8, 0, 7, 146.47
1735804357, 138, 13, 41, 0, 0, 0.17%, 8, 0, 7, 139.99
1735804363, 138, 14, 41, 0, 0, 0.17%, 8, 0, 7, 142.10
1735804368, 138, 36, 41, 0, 0, 0.17%, 8, 0, 7, 140.99
1735804373, 139, 5, 41, 0, 0, 0.17%, 8, 0, 7, 146.11
1735804378, 139, 12, 41, 0, 0, 0.17%, 8, 0, 7, 132.36
1735804383, 139, 13, 41, 0, 0, 0.17%, 8, 0, 7, 134.33
1735804388, 139, 14, 41, 0, 0, 0.17%, 8, 0, 7, 144.01
1735804394, 140, 12, 41, 0, 0, 0.17%, 8, 0, 7, 140.16
1735804399, 140, 13, 41, 0, 0, 0.17%, 8, 0, 7, 137.11
1735804404, 140, 14, 41, 0, 0, 0.17%, 8, 0, 7, 142.66
1735804409, 140, 15, 41, 0, 0, 0.17%, 8, 0, 7, 149.56
1735804414, 141, 11, 41, 0, 0, 0.17%, 8, 0, 7, 142.62
1735804419, 141, 12, 41, 0, 0, 0.17%, 8, 0, 7, 147.30
1735804425, 141, 13, 41, 0, 0, 0.17%, 8, 0, 7, 143.05
1735804430, 141, 14, 41, 0, 0, 0.17%, 8, 0, 7, 146.65
1735804435, 141, 30, 41, 0, 0, 0.17%, 8, 0, 7, 136.65
1735804440, 142, 12, 41, 0, 0, 0.17%, 8, 0, 7, 146.07
1735804445, 142, 13, 41, 0, 0, 0.17%, 8, 0, 7, 147.15
1735804450, 142, 14, 41, 0, 0, 0.17%, 8, 0, 7, 142.89
1735804455, 142, 25, 41, 0, 0, 0.17%, 8, 0, 7, 146.41
1735804460, 142, 29, 41, 0, 0, 0.17%, 8, 0, 7, 153.88
1735804465, 142, 40, 41, 0, 0, 0.17%, 8, 0, 7, 160.80
1735804470, 143, 11, 41, 0, 0, 0.17%, 8, 0, 7, 148.78
1735804476, 143, 12, 41, 0, 0, 0.17%, 8, 0, 7, 142.76
1735804481, 143, 13, 41, 0, 0, 0.17%, 8, 0, 7, 149.01
1735804486, 143, 32, 41, 0, 0, 0.17%, 8, 0, 7, 150.14
1735804491, 144, 11, 41, 0, 0, 0.17%, 8, 0, 7, 139.69
1735804496, 144, 12, 41, 0, 0, 0.17%, 8, 0, 7, 140.59
1735804502, 144, 13, 41, 0, 0, 0.17%, 8, 0, 7, 142.16
1735804507, 144, 14, 41, 0, 0, 0.17%, 8, 0, 7, 140.62
1735804512, 144, 17, 41, 0, 0, 0.17%, 8, 0, 7, 144.54
1735804517, 144, 19, 41, 0, 0, 0.17%, 8, 0, 7, 138.44
1735804522, 144, 20, 41, 0, 0, 0.17%, 8, 0, 7, 136.76
1735804527, 144, 23, 41, 0, 0, 0.17%, 8, 0, 7, 136.99
1735804532, 144, 31, 41, 0, 0, 0.17%, 8, 0, 7, 138.91
1735804537, 145, 11, 41, 0, 0, 0.17%, 8, 0, 7, 139.42
1735804542, 145, 12, 41, 0, 0, 0.17%, 8, 0, 7, 136.24
1735804547, 145, 13, 41, 0, 0, 0.17%, 8, 0, 7, 137.76
1735804552, 145, 14, 41, 0, 0, 0.17%, 8, 0, 7, 146.18
1735804557, 145, 18, 41, 0, 0, 0.17%, 8, 0, 7, 145.43
1735804563, 145, 21, 41, 0, 0, 0.17%, 8, 0, 7, 139.36
1735804568, 145, 29, 41, 0, 0, 0.17%, 8, 0, 7, 154.01
1735804573, 146, 7, 41, 0, 0, 0.17%, 8, 0, 7, 147.64
1735804578, 146, 12, 41, 0, 0, 0.17%, 8, 0, 7, 136.15
1735804583, 146, 13, 41, 0, 0, 0.17%, 8, 0, 7, 147.47
1735804588, 146, 14, 41, 0, 0, 0.17%, 8, 0, 7, 147.97
1735804593, 146, 18, 41, 0, 0, 0.17%, 8, 0, 7, 145.80
1735804598, 147, 12, 41, 0, 0, 0.17%, 8, 0, 7, 136.52
1735804604, 147, 13, 41, 0, 0, 0.17%, 8, 0, 7, 136.17
1735804609, 147, 14, 41, 0, 0, 0.17%, 8, 0, 7, 131.72
1735804614, 148, 11, 41, 0, 0, 0.17%, 8, 0, 7, 140.32
1735804619, 148, 13, 41, 0, 0, 0.17%, 8, 0, 7, 138.85
1735804624, 148, 14, 41, 0, 0, 0.17%, 8, 0, 7, 134.12
1735804629, 149, 11, 41, 0, 0, 0.17%, 8, 0, 7, 132.99
1735804635, 149, 12, 41, 0, 0, 0.17%, 8, 0, 7, 132.83
1735804640, 149, 13, 41, 0, 0, 0.17%, 8, 0, 7, 138.55
1735804645, 149, 14, 41, 0, 0, 0.17%, 8, 0, 7, 137.92
1735804650, 149, 32, 41, 0, 0, 0.17%, 8, 0, 7, 150.45
1735804655, 150, 12, 41, 0, 0, 0.17%, 8, 0, 7, 140.43
1735804660, 150, 13, 41, 0, 0, 0.17%, 8, 0, 7, 136.36
1735804665, 150, 14, 41, 0, 0, 0.17%, 8, 0, 7, 133.23
1735804671, 150, 22, 41, 0, 0, 0.17%, 8, 0, 7, 147.55
1735804676, 151, 11, 41, 0, 0, 0.17%, 8, 0, 7, 141.07
1735804681, 151, 12, 41, 0, 0, 0.17%, 8, 0, 7, 145.32
1735804686, 151, 14, 41, 0, 0, 0.17%, 8, 0, 7, 146.70
1735804691, 152, 11, 41, 0, 0, 0.17%, 8, 0, 7, 142.60
1735804696, 152, 12, 41, 0, 0, 0.17%, 8, 0, 7, 141.65
1735804702, 152, 13, 41, 0, 0, 0.17%, 8, 0, 7, 132.28
1735804707, 152, 14, 41, 0, 0, 0.17%, 8, 0, 7, 133.84
1735804712, 152, 23, 41, 0, 0, 0.17%, 8, 0, 7, 134.49
1735804717, 152, 38, 41, 0, 0, 0.17%, 8, 0, 7, 159.59
1735804722, 153, 12, 41, 0, 0, 0.17%, 8, 0, 7, 142.63
1735804727, 153, 13, 41, 0, 0, 0.17%, 8, 0, 7, 137.27
1735804732, 153, 14, 41, 0, 0, 0.17%, 8, 0, 7, 136.55
1735804737, 153, 40, 41, 0, 0, 0.17%, 8, 0, 7, 153.29
1735804742, 154, 11, 41, 0, 0, 0.17%, 8, 0, 7, 154.21
1735804748, 154, 13, 41, 0, 0, 0.17%, 8, 0, 7, 145.75
1735804753, 154, 14, 41, 0, 0, 0.17%, 8, 0, 7, 145.72
1735804758, 154, 28, 41, 0, 0, 0.17%, 8, 0, 7, 141.64
1735804763, 154, 35, 41, 0, 0, 0.17%, 8, 0, 7, 144.40
1735804768, 154, 39, 41, 0, 0, 0.17%, 8, 0, 7, 160.32
1735804778, 155, 11, 41, 0, 0, 0.17%, 8, 0, 7, 155.01
1735804784, 155, 12, 41, 0, 0, 0.17%, 8, 0, 7, 138.59
1735804789, 155, 13, 41, 0, 0, 0.17%, 8, 0, 7, 143.51
1735804794, 155, 14, 41, 0, 0, 0.17%, 8, 0, 7, 141.76
1735804799, 155, 40, 41, 0, 0, 0.17%, 8, 0, 7, 150.69
1735804804, 156, 11, 41, 0, 0, 0.17%, 8, 0, 7, 135.33
1735804809, 156, 12, 41, 0, 0, 0.17%, 8, 0, 7, 134.71
1735804814, 156, 13, 41, 0, 0, 0.17%, 8, 0, 7, 133.63
1735804819, 156, 14, 41, 0, 0, 0.17%, 8, 0, 7, 145.77
1735804824, 156, 32, 41, 0, 0, 0.17%, 8, 0, 7, 156.61
1735804834, 157, 9, 41, 0, 0, 0.17%, 8, 0, 7, 156.10
1735804840, 157, 12, 41, 0, 0, 0.17%, 8, 0, 7, 139.56
1735804845, 157, 13, 41, 0, 0, 0.17%, 8, 0, 7, 140.71
1735804850, 157, 14, 41, 0, 0, 0.17%, 8, 0, 7, 136.18
1735804855, 157, 21, 41, 0, 0, 0.17%, 8, 0, 7, 138.86
1735804860, 158, 11, 41, 0, 0, 0.17%, 8, 0, 7, 140.15
1735804865, 158, 13, 41, 0, 0, 0.17%, 8, 0, 7, 135.41
1735804871, 158, 14, 41, 0, 0, 0.17%, 8, 0, 7, 137.57
1735804876, 158, 19, 41, 0, 0, 0.17%, 8, 0, 7, 140.70
1735804881, 159, 0, 41, 0, 0, 0.17%, 8, 0, 7, 138.51
1735804886, 159, 12, 41, 0, 0, 0.17%, 8, 0, 7, 143.13
1735804891, 159, 13, 41, 0, 0, 0.17%, 8, 0, 7, 137.21
1735804896, 159, 14, 41, 0, 0, 0.17%, 8, 0, 7, 140.89
1735804901, 159, 19, 41, 0, 0, 0.17%, 8, 0, 7, 151.60
1735804906, 159, 23, 41, 0, 0, 0.17%, 8, 0, 7, 141.03
1735804912, 159, 31, 41, 0, 0, 0.17%, 8, 0, 7, 139.00
1735804917, 159, 40, 41, 0, 0, 0.17%, 8, 0, 7, 157.04
1735804922, 160, 11, 41, 0, 0, 0.17%, 8, 0, 7, 144.33
1735804927, 160, 12, 41, 0, 0, 0.17%, 8, 0, 7, 144.28
1735804932, 160, 13, 41, 0, 0, 0.17%, 8, 0, 7, 143.72
1735804937, 160, 14, 41, 0, 0, 0.17%, 8, 0, 7, 137.99
1735804942, 160, 29, 41, 0, 0, 0.17%, 8, 0, 7, 146.92
1735804948, 161, 11, 41, 0, 0, 0.17%, 8, 0, 7, 142.47
1735804953, 161, 12, 41, 0, 0, 0.17%, 8, 0, 7, 124.91
1735804958, 161, 13, 41, 0, 0, 0.17%, 8, 0, 7, 137.25
1735804963, 161, 14, 41, 0, 0, 0.17%, 8, 0, 7, 137.35
1735804968, 162, 11, 41, 0, 0, 0.17%, 8, 0, 7, 134.95
1735804973, 162, 12, 41, 0, 0, 0.17%, 8, 0, 7, 135.96
1735804978, 162, 13, 41, 0, 0, 0.17%, 8, 0, 7, 137.74
1735804983, 162, 14, 41, 0, 0, 0.17%, 8, 0, 7, 141.17
1735804988, 162, 18, 41, 0, 0, 0.17%, 8, 0, 7, 140.38
1735804994, 162, 22, 41, 0, 0, 0.17%, 8, 0, 7, 133.87
1735804999, 162, 23, 41, 0, 0, 0.17%, 8, 0, 7, 132.89
1735805004, 162, 40, 41, 0, 0, 0.17%, 8, 0, 7, 147.32
1735805009, 163, 12, 41, 0, 0, 0.17%, 8, 0, 7, 138.30
1735805014, 163, 13, 41, 0, 0, 0.17%, 8, 0, 7, 146.60
1735805019, 163, 14, 41, 0, 0, 0.17%, 8, 0, 7, 138.42
1735805024, 163, 31, 41, 0, 0, 0.17%, 8, 0, 7, 147.45
1735805030, 164, 2, 41, 0, 0, 0.17%, 8, 0, 7, 138.10
1735805035, 164, 12, 41, 0, 0, 0.17%, 8, 0, 7, 139.92
1735805040, 164, 13, 41, 0, 0, 0.17%, 8, 0, 7, 135.16
1735805045, 164, 14, 41, 0, 0, 0.17%, 8, 0, 7, 147.33
1735805050, 164, 17, 41, 0, 0, 0.17%, 8, 0, 7, 148.66
1735805055, 164, 23, 41, 0, 0, 0.17%, 8, 0, 7, 144.52
1735805061, 164, 26, 41, 0, 0, 0.17%, 8, 0, 7, 151.31
1735805066, 164, 29, 41, 0, 0, 0.17%, 8, 0, 7, 162.28
1735805071, 164, 35, 41, 0, 0, 0.17%, 8, 0, 7, 158.50
1735805076, 164, 39, 41, 0, 0, 0.17%, 8, 0, 7, 166.38
1735805086, 164, 40, 41, 0, 0, 0.17%, 8, 0, 7, 159.39
1735805091, 165, 12, 41, 0, 0, 0.17%, 8, 0, 7, 139.67
1735805096, 165, 13, 41, 0, 0, 0.17%, 8, 0, 7, 136.96
1735805101, 165, 14, 41, 0, 0, 0.17%, 8, 0, 7, 143.94
1735805106, 165, 25, 41, 0, 0, 0.17%, 8, 0, 7, 138.53
1735805111, 166, 5, 41, 0, 0, 0.17%, 8, 0, 7, 142.36
1735805117, 166, 12, 41, 0, 0, 0.17%, 8, 0, 7, 137.79
1735805122, 166, 13, 41, 0, 0, 0.17%, 8, 0, 7, 149.36
1735805127, 166, 14, 41, 0, 0, 0.17%, 8, 0, 7, 140.47
1735805132, 166, 26, 41, 0, 0, 0.17%, 8, 0, 7, 148.33
1735805137, 166, 30, 41, 0, 0, 0.17%, 8, 0, 7, 145.41
1735805142, 166, 40, 41, 0, 0, 0.17%, 8, 0, 7, 150.93
1735805147, 167, 11, 41, 0, 0, 0.17%, 8, 0, 7, 143.30
1735805153, 167, 12, 41, 0, 0, 0.17%, 8, 0, 7, 142.58
1735805158, 167, 13, 41, 0, 0, 0.17%, 8, 0, 7, 137.00
1735805163, 167, 14, 41, 0, 0, 0.17%, 8, 0, 7, 135.06
1735805168, 167, 20, 41, 0, 0, 0.17%, 8, 0, 7, 137.23
1735805173, 167, 36, 41, 0, 0, 0.17%, 8, 0, 7, 143.89
1735805178, 168, 12, 41, 0, 0, 0.17%, 8, 0, 7, 141.73
1735805183, 168, 13, 41, 0, 0, 0.17%, 8, 0, 7, 135.63
1735805188, 168, 14, 41, 0, 0, 0.17%, 8, 0, 7, 141.68
1735805193, 169, 11, 41, 0, 0, 0.17%, 8, 0, 7, 134.83
1735805199, 169, 13, 41, 0, 0, 0.17%, 8, 0, 7, 129.39
1735805209, 169, 29, 41, 0, 0, 0.17%, 8, 0, 7, 149.07
1735805219, 170, 11, 41, 0, 0, 0.17%, 8, 0, 7, 142.50
1735805224, 170, 12, 41, 0, 0, 0.17%, 8, 0, 7, 139.15
1735805229, 170, 13, 41, 0, 0, 0.17%, 8, 0, 7, 137.51
1735805234, 170, 14, 41, 0, 0, 0.17%, 8, 0, 7, 135.47
1735805239, 171, 12, 41, 0, 0, 0.17%, 8, 0, 7, 132.40
1735805244, 171, 13, 41, 0, 0, 0.17%, 8, 0, 7, 135.99
1735805249, 171, 14, 41, 0, 0, 0.17%, 8, 0, 7, 135.50
1735805255, 171, 34, 41, 0, 0, 0.17%, 8, 0, 7, 140.24
1735805260, 172, 11, 41, 0, 0, 0.17%, 8, 0, 7, 139.96
1735805265, 172, 12, 41, 0, 0, 0.17%, 8, 0, 7, 136.89
1735805270, 172, 13, 41, 0, 0, 0.17%, 8, 0, 7, 142.51
1735805275, 172, 14, 41, 0, 0, 0.17%, 8, 0, 7, 143.30
1735805280, 172, 19, 41, 0, 0, 0.17%, 8, 0, 7, 145.02
1735805286, 172, 30, 41, 0, 0, 0.17%, 8, 0, 7, 139.60
1735805291, 173, 12, 41, 0, 0, 0.17%, 8, 0, 7, 141.21
1735805296, 173, 13, 41, 0, 0, 0.17%, 8, 0, 7, 142.54
1735805301, 173, 14, 41, 0, 0, 0.17%, 8, 0, 7, 137.81
1735805306, 173, 25, 41, 0, 0, 0.17%, 8, 0, 7, 141.31
1735805311, 174, 11, 41, 0, 0, 0.17%, 8, 0, 7, 143.60
1735805316, 174, 12, 41, 0, 0, 0.17%, 8, 0, 7, 137.46
1735805322, 174, 13, 41, 0, 0, 0.17%, 8, 0, 7, 144.37
1735805327, 174, 14, 41, 0, 0, 0.17%, 8, 0, 7, 141.98
1735805332, 174, 15, 41, 0, 0, 0.17%, 8, 0, 7, 132.01
1735805337, 175, 11, 41, 0, 0, 0.17%, 8, 0, 7, 149.29
1735805342, 175, 12, 41, 0, 0, 0.17%, 8, 0, 7, 139.22
1735805347, 175, 13, 41, 0, 0, 0.17%, 8, 0, 7, 140.83
1735805352, 175, 14, 41, 0, 0, 0.17%, 8, 0, 7, 143.91
1735805358, 175, 18, 41, 0, 0, 0.17%, 8, 0, 7, 145.94
1735805363, 175, 24, 41, 0, 0, 0.17%, 8, 0, 7, 139.55
1735805368, 176, 12, 41, 0, 0, 0.17%, 8, 0, 7, 139.96
1735805373, 176, 13, 41, 0, 0, 0.17%, 8, 0, 7, 138.62
1735805378, 176, 14, 41, 0, 0, 0.17%, 8, 0, 7, 144.27
1735805383, 177, 12, 41, 0, 0, 0.17%, 8, 0, 7, 132.24
1735805388, 177, 13, 41, 0, 0, 0.17%, 8, 0, 7, 133.98
1735805394, 177, 14, 41, 0, 0, 0.17%, 8, 0, 7, 144.05
1735805399, 177, 30, 41, 0, 0, 0.17%, 8, 0, 7, 144.54
1735805404, 178, 8, 41, 0, 0, 0.17%, 8, 0, 7, 140.28
1735805409, 178, 11, 41, 0, 0, 0.17%, 8, 0, 7, 136.82
1735805414, 178, 12, 41, 0, 0, 0.17%, 8, 0, 7, 132.19
1735805419, 178, 13, 41, 0, 0, 0.17%, 8, 0, 7, 141.92
1735805425, 178, 14, 41, 0, 0, 0.17%, 8, 0, 7, 139.76
1735805430, 179, 11, 41, 0, 0, 0.17%, 8, 0, 7, 146.92
1735805435, 179, 12, 41, 0, 0, 0.17%, 8, 0, 7, 134.37
1735805440, 179, 13, 41, 0, 0, 0.17%, 8, 0, 7, 131.96
1735805445, 179, 14, 41, 0, 0, 0.17%, 8, 0, 7, 143.05
1735805450, 179, 31, 41, 0, 0, 0.17%, 8, 0, 7, 145.07
1735805455, 180, 11, 41, 0, 0, 0.17%, 8, 0, 7, 138.67
1735805461, 180, 12, 41, 0, 0, 0.17%, 8, 0, 7, 145.05
1735805466, 180, 13, 41, 0, 0, 0.17%, 8, 0, 7, 145.55
1735805471, 180, 14, 41, 0, 0, 0.17%, 8, 0, 7, 143.53
1735805476, 180, 29, 41, 0, 0, 0.17%, 8, 0, 7, 162.64
1735805481, 181, 11, 41, 0, 0, 0.17%, 8, 0, 7, 141.83
1735805486, 181, 13, 41, 0, 0, 0.17%, 8, 0, 7, 144.24
1735805491, 181, 14, 41, 0, 0, 0.17%, 8, 0, 7, 151.62
1735805496, 181, 20, 41, 0, 0, 0.17%, 8, 0, 7, 149.21
1735805501, 181, 31, 41, 0, 0, 0.17%, 8, 0, 7, 143.24
1735805507, 181, 33, 41, 0, 0, 0.17%, 8, 0, 7, 157.95
1735805512, 182, 4, 41, 0, 0, 0.17%, 8, 0, 7, 146.94
1735805517, 182, 12, 41, 0, 0, 0.17%, 8, 0, 7, 142.43
1735805522, 182, 13, 41, 0, 0, 0.17%, 8, 0, 7, 139.38
1735805527, 182, 14, 41, 0, 0, 0.17%, 8, 0, 7, 141.26
1735805532, 182, 18, 41, 0, 0, 0.17%, 8, 0, 7, 149.62
1735805537, 182, 22, 41, 0, 0, 0.17%, 8, 0, 7, 142.27
1735805542, 183, 12, 41, 0, 0, 0.17%, 8, 0, 7, 140.54
1735805548, 183, 13, 41, 0, 0, 0.17%, 8, 0, 7, 137.41
1735805553, 183, 14, 41, 0, 0, 0.17%, 8, 0, 7, 136.43
1735805558, 184, 11, 41, 0, 0, 0.17%, 8, 0, 7, 143.34
1735805563, 184, 12, 41, 0, 0, 0.17%, 8, 0, 7, 137.55
1735805568, 184, 13, 41, 0, 0, 0.17%, 8, 0, 7, 135.71
1735805573, 184, 14, 41, 0, 0, 0.17%, 8, 0, 7, 136.10
1735805578, 184, 20, 41, 0, 0, 0.17%, 8, 0, 7, 148.43
1735805583, 184, 21, 41, 0, 0, 0.17%, 8, 0, 7, 141.16
1735805589, 185, 12, 41, 0, 0, 0.17%, 8, 0, 7, 132.21
1735805594, 185, 13, 41, 0, 0, 0.17%, 8, 0, 7, 143.87
1735805599, 185, 14, 41, 0, 0, 0.17%, 8, 0, 7, 138.34
1735805604, 185, 32, 41, 0, 0, 0.17%, 8, 0, 7, 135.60
1735805609, 186, 11, 41, 0, 0, 0.17%, 8, 0, 7, 133.69
1735805614, 186, 13, 41, 0, 0, 0.17%, 8, 0, 7, 130.30
1735805619, 186, 14, 41, 0, 0, 0.17%, 8, 0, 7, 137.78
1735805625, 186, 31, 41, 0, 0, 0.17%, 8, 0, 7, 136.50
1735805630, 186, 33, 41, 0, 0, 0.17%, 8, 0, 7, 157.64
1735805635, 187, 11, 41, 0, 0, 0.17%, 8, 0, 7, 147.04
1735805640, 187, 12, 41, 0, 0, 0.17%, 8, 0, 7, 137.13
1735805645, 187, 13, 41, 0, 0, 0.17%, 8, 0, 7, 136.12
1735805650, 187, 14, 41, 0, 0, 0.17%, 8, 0, 7, 146.67
1735805655, 188, 10, 41, 0, 0, 0.17%, 8, 0, 7, 144.39
1735805660, 188, 12, 41, 0, 0, 0.17%, 8, 0, 7, 145.85
1735805665, 188, 13, 41, 0, 0, 0.17%, 8, 0, 7, 139.47
1735805671, 188, 14, 41, 0, 0, 0.17%, 8, 0, 7, 135.41
1735805676, 188, 22, 41, 0, 0, 0.17%, 8, 0, 7, 142.70
1735805681, 188, 25, 41, 0, 0, 0.17%, 8, 0, 7, 145.38
1735805686, 188, 38, 41, 0, 0, 0.17%, 8, 0, 7, 154.30
1735805691, 189, 12, 41, 0, 0, 0.17%, 8, 0, 7, 143.46
1735805696, 189, 13, 41, 0, 0, 0.17%, 8, 0, 7, 137.04
1735805701, 189, 14, 41, 0, 0, 0.17%, 8, 0, 7, 150.93
1735805707, 189, 26, 41, 0, 0, 0.17%, 8, 0, 7, 161.92
1735805712, 189, 38, 41, 0, 0, 0.17%, 8, 0, 7, 165.16
1735805717, 190, 10, 41, 0, 0, 0.17%, 8, 0, 7, 148.55
1735805722, 190, 12, 41, 0, 0, 0.17%, 8, 0, 7, 148.40
1735805727, 190, 13, 41, 0, 0, 0.17%, 8, 0, 7, 136.34
1735805732, 190, 14, 41, 0, 0, 0.17%, 8, 0, 7, 133.68
1735805737, 190, 24, 41, 0, 0, 0.17%, 8, 0, 7, 154.32
1735805742, 191, 9, 41, 0, 0, 0.17%, 8, 0, 7, 139.04
1735805748, 191, 12, 41, 0, 0, 0.17%, 8, 0, 7, 135.36
1735805753, 191, 13, 41, 0, 0, 0.17%, 8, 0, 7, 140.00
1735805758, 191, 14, 41, 0, 0, 0.17%, 8, 0, 7, 137.45
1735805763, 191, 36, 41, 0, 0, 0.17%, 8, 0, 7, 141.95
1735805768, 192, 11, 41, 0, 0, 0.17%, 8, 0, 7, 136.81
1735805773, 192, 12, 41, 0, 0, 0.17%, 8, 0, 7, 138.75
1735805778, 192, 13, 41, 0, 0, 0.17%, 8, 0, 7, 135.05
1735805783, 192, 14, 41, 0, 0, 0.17%, 8, 0, 7, 142.91
1735805789, 192, 25, 41, 0, 0, 0.17%, 8, 0, 7, 144.87
1735805794, 192, 28, 41, 0, 0, 0.17%, 8, 0, 7, 139.35
1735805804, 193, 12, 41, 0, 0, 0.17%, 8, 0, 7, 139.15
1735805809, 193, 13, 41, 0, 0, 0.17%, 8, 0, 7, 147.01
1735805814, 193, 14, 41, 0, 0, 0.17%, 8, 0, 7, 145.37
1735805819, 193, 34, 41, 0, 0, 0.17%, 8, 0, 7, 147.67
1735805824, 194, 12, 41, 0, 0, 0.17%, 8, 0, 7, 139.12
1735805829, 194, 13, 41, 0, 0, 0.17%, 8, 0, 7, 142.35
1735805834, 194, 14, 41, 0, 0, 0.17%, 8, 0, 7, 137.87
1735805839, 195, 5, 41, 0, 0, 0.17%, 8, 0, 7, 135.64
1735805844, 195, 12, 41, 0, 0, 0.17%, 8, 0, 7, 134.45
1735805850, 195, 13, 41, 0, 0, 0.17%, 8, 0, 7, 136.30
1735805855, 195, 14, 41, 0, 0, 0.17%, 8, 0, 7, 138.92
1735805860, 195, 20, 41, 0, 0, 0.17%, 8, 0, 7, 138.84
1735805865, 196, 12, 41, 0, 0, 0.17%, 8, 0, 7, 139.30
1735805870, 196, 13, 41, 0, 0, 0.17%, 8, 0, 7, 138.65
1735805875, 196, 14, 41, 0, 0, 0.17%, 8, 0, 7, 140.89
1735805881, 196, 23, 41, 0, 0, 0.17%, 8, 0, 7, 146.54
1735805886, 197, 11, 41, 0, 0, 0.17%, 8, 0, 7, 148.36
1735805891, 197, 12, 41, 0, 0, 0.17%, 8, 0, 7, 141.71
1735805896, 197, 13, 41, 0, 0, 0.17%, 8, 0, 7, 137.46
1735805901, 197, 14, 41, 0, 0, 0.17%, 8, 0, 7, 135.04
1735805906, 197, 27, 41, 0, 0, 0.17%, 8, 0, 7, 146.61
1735805911, 198, 11, 41, 0, 0, 0.17%, 8, 0, 7, 142.20
1735805916, 198, 12, 41, 0, 0, 0.17%, 8, 0, 7, 141.12
1735805921, 198, 13, 41, 0, 0, 0.17%, 8, 0, 7, 142.16
1735805927, 198, 14, 41, 0, 0, 0.17%, 8, 0, 7, 150.75
1735805932, 198, 25, 41, 0, 0, 0.17%, 8, 0, 7, 150.11
1735805937, 199, 11, 41, 0, 0, 0.17%, 8, 0, 7, 143.65
1735805942, 199, 12, 41, 0, 0, 0.17%, 8, 0, 7, 133.25
1735805947, 199, 13, 41, 0, 0, 0.17%, 8, 0, 7, 141.17
1735805952, 199, 14, 41, 0, 0, 0.17%, 8, 0, 7, 138.84
1735805957, 199, 38, 41, 0, 0, 0.17%, 8, 0, 7, 147.56
1735805963, 200, 12, 41, 0, 0, 0.17%, 8, 0, 7, 135.57
1735805968, 200, 13, 41, 0, 0, 0.17%, 8, 0, 7, 140.89
1735805973, 200, 14, 41, 0, 0, 0.17%, 8, 0, 7, 142.88
1735805978, 200, 34, 41, 0, 0, 0.17%, 8, 0, 7, 140.87
1735805983, 201, 11, 41, 0, 0, 0.17%, 8, 0, 7, 143.34
1735805988, 201, 12, 41, 0, 0, 0.17%, 8, 0, 7, 133.75
1735805994, 201, 13, 41, 0, 0, 0.17%, 8, 0, 7, 140.62
1735805999, 201, 14, 41, 0, 0, 0.17%, 8, 0, 7, 136.09
1735806004, 201, 18, 41, 0, 0, 0.17%, 8, 0, 7, 145.06
1735806009, 202, 12, 41, 0, 0, 0.17%, 8, 0, 7, 145.03
1735806014, 202, 13, 41, 0, 0, 0.17%, 8, 0, 7, 143.48
